2mm.clang:10.757261:10.721463:10.721735:10.722620:10.717491
2mm.polymer:11.183281:11.184640:11.184798:11.186606:11.188084
3mm.clang:12.842035:12.718440:12.719389:12.712215:12.712485
3mm.polymer:14.294545:14.378766:14.302747:14.300375:14.299439
adi.clang:::::
adi.polymer:120.346284:119.014577:118.401392:118.496496:118.413859
atax.clang:0.012742:0.009608:0.010858:0.014095:0.011438
atax.polymer:0.011978:0.011714:0.011410:0.013514:0.012124
bicg.clang:0.012152:0.010113:0.010419:0.010137:0.010136
bicg.polymer:0.005593:0.005553:0.005547:0.005544:0.005565
cholesky.clang:10.487635:10.564165:10.469400:10.477259:10.542888
cholesky.polymer:10.610625:11.161612:10.273932:10.267292:10.265987
correlation.clang:5.319348:5.266501:5.306082:5.273376:5.267348
correlation.polymer:8.584510:8.582819:8.586057:8.586341:8.588455
covariance.clang:5.199444:5.141720:5.188615:5.182907:5.172299
covariance.polymer:8.652441:8.652384:8.650948:8.729511:8.707449
