suite,input_id,path,sha256,mode,repetition,status,returncode,process_wall_ms,cpu,command,stderr_tail,candidate_matches,candidates,egraph_classes_max,egraph_classes_sum,egraph_nodes_max,egraph_nodes_sum,input,input_bytes,iteration_limit,linalg_bodies,matched_linalg_bodies,matcher_elapsed_ms,no_matches,peak_rss_kib,proof_elapsed_ms,proofs_attempted,proofs_matched,proofs_over_10s,rule_matches,selected,selected_matches,syntactic_comparisons,syntactic_unifications,telemetry_elapsed_ms,template_attempts
polybench,2mm,/tmp/polybench_new/2mm_debuf.mlir,f4bde9c30112c993312f8b8cd2f0a6f425986828f77170f013715f0656b7ed56,egglog,1,ok,0,1145.4516351222992,0,"[""/usr/bin/python3"", ""/home/arjaiswal/Polygeist/scripts/correctness/kernel_match_rewrite.py"", ""/tmp/polybench_new/2mm_debuf.mlir"", ""--dry-run"", ""--matcher-mode"", ""egglog"", ""--telemetry-json"", ""/home/arjaiswal/Polygeist/issues/equality_saturation_eval/campaign_20260908/polybench-2mm-egglog-bhjn4hiu.json"", ""--disable-semantic-fallback""]","== match report for /tmp/polybench_new/2mm_debuf.mlir ==
  match          body#[0]  memset_zero_2D
  match          body#[1]  cublasDgemm_alpha_only
  match          body#[2, 3]  cublasDgemm
  total: 3 matched / 3 bodies
",0,[],0,0,0,0,/tmp/polybench_new/2mm_debuf.mlir,3502,8,4,4,595.1988883316517,0,69908,173.40246215462685,16,16,0,150,"[{""body_indices"": [0], ""symbol"": ""memset_zero_2D""}, {""body_indices"": [1], ""symbol"": ""cublasDgemm_alpha_only""}, {""body_indices"": [2, 3], ""symbol"": ""cublasDgemm""}]",3,0,0,0.0,38
polybench,2mm,/tmp/polybench_new/2mm_debuf.mlir,f4bde9c30112c993312f8b8cd2f0a6f425986828f77170f013715f0656b7ed56,syntactic,1,ok,0,927.5528714060783,0,"[""/usr/bin/python3"", ""/home/arjaiswal/Polygeist/scripts/correctness/kernel_match_rewrite.py"", ""/tmp/polybench_new/2mm_debuf.mlir"", ""--dry-run"", ""--matcher-mode"", ""syntactic"", ""--telemetry-json"", ""/home/arjaiswal/Polygeist/issues/equality_saturation_eval/campaign_20260908/polybench-2mm-syntactic-3si8nfvy.json"", ""--disable-semantic-fallback""]","== match report for /tmp/polybench_new/2mm_debuf.mlir ==
  match          body#[0]  memset_zero_2D
  no_match       body#1  ?
  match          body#[2, 3]  cublasDgemm
  total: 2 matched / 3 bodies
",0,[],0,0,0,0,/tmp/polybench_new/2mm_debuf.mlir,3502,0,4,3,419.40977051854134,1,65896,0.245802104473114,0,14,0,0,"[{""body_indices"": [0], ""symbol"": ""memset_zero_2D""}, {""body_indices"": [2, 3], ""symbol"": ""cublasDgemm""}]",2,0,38,0.0,38
polybench,2mm,/tmp/polybench_new/2mm_debuf.mlir,f4bde9c30112c993312f8b8cd2f0a6f425986828f77170f013715f0656b7ed56,syntactic,2,ok,0,962.9642441868782,0,"[""/usr/bin/python3"", ""/home/arjaiswal/Polygeist/scripts/correctness/kernel_match_rewrite.py"", ""/tmp/polybench_new/2mm_debuf.mlir"", ""--dry-run"", ""--matcher-mode"", ""syntactic"", ""--telemetry-json"", ""/home/arjaiswal/Polygeist/issues/equality_saturation_eval/campaign_20260908/polybench-2mm-syntactic-ni27lzyl.json"", ""--disable-semantic-fallback""]","== match report for /tmp/polybench_new/2mm_debuf.mlir ==
  match          body#[0]  memset_zero_2D
  no_match       body#1  ?
  match          body#[2, 3]  cublasDgemm
  total: 2 matched / 3 bodies
",0,[],0,0,0,0,/tmp/polybench_new/2mm_debuf.mlir,3502,0,4,3,440.36858156323433,1,65872,0.2593584358692169,0,14,0,0,"[{""body_indices"": [0], ""symbol"": ""memset_zero_2D""}, {""body_indices"": [2, 3], ""symbol"": ""cublasDgemm""}]",2,0,38,0.0,38
polybench,2mm,/tmp/polybench_new/2mm_debuf.mlir,f4bde9c30112c993312f8b8cd2f0a6f425986828f77170f013715f0656b7ed56,egglog,2,ok,0,1146.8455269932747,0,"[""/usr/bin/python3"", ""/home/arjaiswal/Polygeist/scripts/correctness/kernel_match_rewrite.py"", ""/tmp/polybench_new/2mm_debuf.mlir"", ""--dry-run"", ""--matcher-mode"", ""egglog"", ""--telemetry-json"", ""/home/arjaiswal/Polygeist/issues/equality_saturation_eval/campaign_20260908/polybench-2mm-egglog-ml99lwby.json"", ""--disable-semantic-fallback""]","== match report for /tmp/polybench_new/2mm_debuf.mlir ==
  match          body#[0]  memset_zero_2D
  match          body#[1]  cublasDgemm_alpha_only
  match          body#[2, 3]  cublasDgemm
  total: 3 matched / 3 bodies
",0,[],0,0,0,0,/tmp/polybench_new/2mm_debuf.mlir,3502,8,4,4,634.232971817255,0,70004,183.30952897667885,16,16,0,150,"[{""body_indices"": [0], ""symbol"": ""memset_zero_2D""}, {""body_indices"": [1], ""symbol"": ""cublasDgemm_alpha_only""}, {""body_indices"": [2, 3], ""symbol"": ""cublasDgemm""}]",3,0,0,0.0,38
polybench,2mm,/tmp/polybench_new/2mm_debuf.mlir,f4bde9c30112c993312f8b8cd2f0a6f425986828f77170f013715f0656b7ed56,egglog,3,ok,0,1190.2468465268612,0,"[""/usr/bin/python3"", ""/home/arjaiswal/Polygeist/scripts/correctness/kernel_match_rewrite.py"", ""/tmp/polybench_new/2mm_debuf.mlir"", ""--dry-run"", ""--matcher-mode"", ""egglog"", ""--telemetry-json"", ""/home/arjaiswal/Polygeist/issues/equality_saturation_eval/campaign_20260908/polybench-2mm-egglog-cp695cde.json"", ""--disable-semantic-fallback""]","== match report for /tmp/polybench_new/2mm_debuf.mlir ==
  match          body#[0]  memset_zero_2D
  match          body#[1]  cublasDgemm_alpha_only
  match          body#[2, 3]  cublasDgemm
  total: 3 matched / 3 bodies
",0,[],0,0,0,0,/tmp/polybench_new/2mm_debuf.mlir,3502,8,4,4,709.853045642376,0,69948,204.40015941858292,16,16,0,150,"[{""body_indices"": [0], ""symbol"": ""memset_zero_2D""}, {""body_indices"": [1], ""symbol"": ""cublasDgemm_alpha_only""}, {""body_indices"": [2, 3], ""symbol"": ""cublasDgemm""}]",3,0,0,0.0,38
polybench,2mm,/tmp/polybench_new/2mm_debuf.mlir,f4bde9c30112c993312f8b8cd2f0a6f425986828f77170f013715f0656b7ed56,syntactic,3,ok,0,915.7519116997719,0,"[""/usr/bin/python3"", ""/home/arjaiswal/Polygeist/scripts/correctness/kernel_match_rewrite.py"", ""/tmp/polybench_new/2mm_debuf.mlir"", ""--dry-run"", ""--matcher-mode"", ""syntactic"", ""--telemetry-json"", ""/home/arjaiswal/Polygeist/issues/equality_saturation_eval/campaign_20260908/polybench-2mm-syntactic-30ueln1q.json"", ""--disable-semantic-fallback""]","== match report for /tmp/polybench_new/2mm_debuf.mlir ==
  match          body#[0]  memset_zero_2D
  no_match       body#1  ?
  match          body#[2, 3]  cublasDgemm
  total: 2 matched / 3 bodies
",0,[],0,0,0,0,/tmp/polybench_new/2mm_debuf.mlir,3502,0,4,3,430.9307336807251,1,66016,0.2718046307563782,0,14,0,0,"[{""body_indices"": [0], ""symbol"": ""memset_zero_2D""}, {""body_indices"": [2, 3], ""symbol"": ""cublasDgemm""}]",2,0,38,0.0,38
polybench,2mm,/tmp/polybench_new/2mm_debuf.mlir,f4bde9c30112c993312f8b8cd2f0a6f425986828f77170f013715f0656b7ed56,syntactic,4,ok,0,1043.1786924600601,0,"[""/usr/bin/python3"", ""/home/arjaiswal/Polygeist/scripts/correctness/kernel_match_rewrite.py"", ""/tmp/polybench_new/2mm_debuf.mlir"", ""--dry-run"", ""--matcher-mode"", ""syntactic"", ""--telemetry-json"", ""/home/arjaiswal/Polygeist/issues/equality_saturation_eval/campaign_20260908/polybench-2mm-syntactic-iojxxzr5.json"", ""--disable-semantic-fallback""]","== match report for /tmp/polybench_new/2mm_debuf.mlir ==
  match          body#[0]  memset_zero_2D
  no_match       body#1  ?
  match          body#[2, 3]  cublasDgemm
  total: 2 matched / 3 bodies
",0,[],0,0,0,0,/tmp/polybench_new/2mm_debuf.mlir,3502,0,4,3,528.6030359566212,1,65916,0.30041858553886414,0,14,0,0,"[{""body_indices"": [0], ""symbol"": ""memset_zero_2D""}, {""body_indices"": [2, 3], ""symbol"": ""cublasDgemm""}]",2,0,38,0.0,38
polybench,2mm,/tmp/polybench_new/2mm_debuf.mlir,f4bde9c30112c993312f8b8cd2f0a6f425986828f77170f013715f0656b7ed56,egglog,4,ok,0,1102.0224504172802,0,"[""/usr/bin/python3"", ""/home/arjaiswal/Polygeist/scripts/correctness/kernel_match_rewrite.py"", ""/tmp/polybench_new/2mm_debuf.mlir"", ""--dry-run"", ""--matcher-mode"", ""egglog"", ""--telemetry-json"", ""/home/arjaiswal/Polygeist/issues/equality_saturation_eval/campaign_20260908/polybench-2mm-egglog-xb80lyt4.json"", ""--disable-semantic-fallback""]","== match report for /tmp/polybench_new/2mm_debuf.mlir ==
  match          body#[0]  memset_zero_2D
  match          body#[1]  cublasDgemm_alpha_only
  match          body#[2, 3]  cublasDgemm
  total: 3 matched / 3 bodies
",0,[],0,0,0,0,/tmp/polybench_new/2mm_debuf.mlir,3502,8,4,4,631.2894895672798,0,70004,177.41946503520012,16,16,0,150,"[{""body_indices"": [0], ""symbol"": ""memset_zero_2D""}, {""body_indices"": [1], ""symbol"": ""cublasDgemm_alpha_only""}, {""body_indices"": [2, 3], ""symbol"": ""cublasDgemm""}]",3,0,0,0.0,38
polybench,2mm,/tmp/polybench_new/2mm_debuf.mlir,f4bde9c30112c993312f8b8cd2f0a6f425986828f77170f013715f0656b7ed56,egglog,5,ok,0,1156.9950245320797,0,"[""/usr/bin/python3"", ""/home/arjaiswal/Polygeist/scripts/correctness/kernel_match_rewrite.py"", ""/tmp/polybench_new/2mm_debuf.mlir"", ""--dry-run"", ""--matcher-mode"", ""egglog"", ""--telemetry-json"", ""/home/arjaiswal/Polygeist/issues/equality_saturation_eval/campaign_20260908/polybench-2mm-egglog-ukfte6ln.json"", ""--disable-semantic-fallback""]","== match report for /tmp/polybench_new/2mm_debuf.mlir ==
  match          body#[0]  memset_zero_2D
  match          body#[1]  cublasDgemm_alpha_only
  match          body#[2, 3]  cublasDgemm
  total: 3 matched / 3 bodies
",0,[],0,0,0,0,/tmp/polybench_new/2mm_debuf.mlir,3502,8,4,4,676.8651641905308,0,69908,204.270388931036,16,16,0,150,"[{""body_indices"": [0], ""symbol"": ""memset_zero_2D""}, {""body_indices"": [1], ""symbol"": ""cublasDgemm_alpha_only""}, {""body_indices"": [2, 3], ""symbol"": ""cublasDgemm""}]",3,0,0,0.0,38
polybench,2mm,/tmp/polybench_new/2mm_debuf.mlir,f4bde9c30112c993312f8b8cd2f0a6f425986828f77170f013715f0656b7ed56,syntactic,5,ok,0,893.7092870473862,0,"[""/usr/bin/python3"", ""/home/arjaiswal/Polygeist/scripts/correctness/kernel_match_rewrite.py"", ""/tmp/polybench_new/2mm_debuf.mlir"", ""--dry-run"", ""--matcher-mode"", ""syntactic"", ""--telemetry-json"", ""/home/arjaiswal/Polygeist/issues/equality_saturation_eval/campaign_20260908/polybench-2mm-syntactic-c91erip3.json"", ""--disable-semantic-fallback""]","== match report for /tmp/polybench_new/2mm_debuf.mlir ==
  match          body#[0]  memset_zero_2D
  no_match       body#1  ?
  match          body#[2, 3]  cublasDgemm
  total: 2 matched / 3 bodies
",0,[],0,0,0,0,/tmp/polybench_new/2mm_debuf.mlir,3502,0,4,3,421.4114733040333,1,65988,0.24851039052009583,0,14,0,0,"[{""body_indices"": [0], ""symbol"": ""memset_zero_2D""}, {""body_indices"": [2, 3], ""symbol"": ""cublasDgemm""}]",2,0,38,0.0,38
polybench,3mm,/tmp/polybench_new/3mm_debuf.mlir,f5737043d731e584286b167ed13fb8449f99a2eda413fc39ab743af3a26f6570,syntactic,1,ok,0,880.6003592908382,0,"[""/usr/bin/python3"", ""/home/arjaiswal/Polygeist/scripts/correctness/kernel_match_rewrite.py"", ""/tmp/polybench_new/3mm_debuf.mlir"", ""--dry-run"", ""--matcher-mode"", ""syntactic"", ""--telemetry-json"", ""/home/arjaiswal/Polygeist/issues/equality_saturation_eval/campaign_20260908/polybench-3mm-syntactic-632q4vye.json"", ""--disable-semantic-fallback""]","== match report for /tmp/polybench_new/3mm_debuf.mlir ==
  contraction_abi_reject body#0  cutensornetContraction2_f64
  contraction_abi_reject body#2  cutensornetContraction2_f64
  contraction_abi_reject body#4  cutensornetContraction2_f64
  total: 0 matched / 3 bodies
",0,[],0,0,0,0,/tmp/polybench_new/3mm_debuf.mlir,4347,0,6,0,427.28326842188835,0,65760,0.2826899290084839,0,34,0,0,[],0,0,40,0.0,40
polybench,3mm,/tmp/polybench_new/3mm_debuf.mlir,f5737043d731e584286b167ed13fb8449f99a2eda413fc39ab743af3a26f6570,egglog,1,ok,0,1298.3002737164497,0,"[""/usr/bin/python3"", ""/home/arjaiswal/Polygeist/scripts/correctness/kernel_match_rewrite.py"", ""/tmp/polybench_new/3mm_debuf.mlir"", ""--dry-run"", ""--matcher-mode"", ""egglog"", ""--telemetry-json"", ""/home/arjaiswal/Polygeist/issues/equality_saturation_eval/campaign_20260908/polybench-3mm-egglog-_zvpdbbv.json"", ""--disable-semantic-fallback""]","== match report for /tmp/polybench_new/3mm_debuf.mlir ==
  contraction_abi_reject body#0  cutensornetContraction2_f64
  contraction_abi_reject body#2  cutensornetContraction2_f64
  contraction_abi_reject body#4  cutensornetContraction2_f64
  total: 0 matched / 3 bodies
",0,[],0,0,0,0,/tmp/polybench_new/3mm_debuf.mlir,4347,8,6,0,818.2702511548996,0,70032,372.9139715433121,34,34,0,56,[],0,0,0,0.0,40
polybench,3mm,/tmp/polybench_new/3mm_debuf.mlir,f5737043d731e584286b167ed13fb8449f99a2eda413fc39ab743af3a26f6570,egglog,2,ok,0,1312.8061853349209,0,"[""/usr/bin/python3"", ""/home/arjaiswal/Polygeist/scripts/correctness/kernel_match_rewrite.py"", ""/tmp/polybench_new/3mm_debuf.mlir"", ""--dry-run"", ""--matcher-mode"", ""egglog"", ""--telemetry-json"", ""/home/arjaiswal/Polygeist/issues/equality_saturation_eval/campaign_20260908/polybench-3mm-egglog-ov9w4foi.json"", ""--disable-semantic-fallback""]","== match report for /tmp/polybench_new/3mm_debuf.mlir ==
  contraction_abi_reject body#0  cutensornetContraction2_f64
  contraction_abi_reject body#2  cutensornetContraction2_f64
  contraction_abi_reject body#4  cutensornetContraction2_f64
  total: 0 matched / 3 bodies
",0,[],0,0,0,0,/tmp/polybench_new/3mm_debuf.mlir,4347,8,6,0,825.1164108514786,0,69948,386.2461932003498,34,34,0,56,[],0,0,0,0.0,40
polybench,3mm,/tmp/polybench_new/3mm_debuf.mlir,f5737043d731e584286b167ed13fb8449f99a2eda413fc39ab743af3a26f6570,syntactic,2,ok,0,855.6359075009823,0,"[""/usr/bin/python3"", ""/home/arjaiswal/Polygeist/scripts/correctness/kernel_match_rewrite.py"", ""/tmp/polybench_new/3mm_debuf.mlir"", ""--dry-run"", ""--matcher-mode"", ""syntactic"", ""--telemetry-json"", ""/home/arjaiswal/Polygeist/issues/equality_saturation_eval/campaign_20260908/polybench-3mm-syntactic-hpm9m_ck.json"", ""--disable-semantic-fallback""]","== match report for /tmp/polybench_new/3mm_debuf.mlir ==
  contraction_abi_reject body#0  cutensornetContraction2_f64
  contraction_abi_reject body#2  cutensornetContraction2_f64
  contraction_abi_reject body#4  cutensornetContraction2_f64
  total: 0 matched / 3 bodies
",0,[],0,0,0,0,/tmp/polybench_new/3mm_debuf.mlir,4347,0,6,0,362.6808449625969,0,65636,0.2142190933227539,0,34,0,0,[],0,0,40,0.0,40
polybench,3mm,/tmp/polybench_new/3mm_debuf.mlir,f5737043d731e584286b167ed13fb8449f99a2eda413fc39ab743af3a26f6570,syntactic,3,ok,0,941.0210363566875,0,"[""/usr/bin/python3"", ""/home/arjaiswal/Polygeist/scripts/correctness/kernel_match_rewrite.py"", ""/tmp/polybench_new/3mm_debuf.mlir"", ""--dry-run"", ""--matcher-mode"", ""syntactic"", ""--telemetry-json"", ""/home/arjaiswal/Polygeist/issues/equality_saturation_eval/campaign_20260908/polybench-3mm-syntactic-3j3k2pnj.json"", ""--disable-semantic-fallback""]","== match report for /tmp/polybench_new/3mm_debuf.mlir ==
  contraction_abi_reject body#0  cutensornetContraction2_f64
  contraction_abi_reject body#2  cutensornetContraction2_f64
  contraction_abi_reject body#4  cutensornetContraction2_f64
  total: 0 matched / 3 bodies
",0,[],0,0,0,0,/tmp/polybench_new/3mm_debuf.mlir,4347,0,6,0,389.69554379582405,0,65648,0.2338029444217682,0,34,0,0,[],0,0,40,0.0,40
polybench,3mm,/tmp/polybench_new/3mm_debuf.mlir,f5737043d731e584286b167ed13fb8449f99a2eda413fc39ab743af3a26f6570,egglog,3,ok,0,1316.182367503643,0,"[""/usr/bin/python3"", ""/home/arjaiswal/Polygeist/scripts/correctness/kernel_match_rewrite.py"", ""/tmp/polybench_new/3mm_debuf.mlir"", ""--dry-run"", ""--matcher-mode"", ""egglog"", ""--telemetry-json"", ""/home/arjaiswal/Polygeist/issues/equality_saturation_eval/campaign_20260908/polybench-3mm-egglog-ouutnoyu.json"", ""--disable-semantic-fallback""]","== match report for /tmp/polybench_new/3mm_debuf.mlir ==
  contraction_abi_reject body#0  cutensornetContraction2_f64
  contraction_abi_reject body#2  cutensornetContraction2_f64
  contraction_abi_reject body#4  cutensornetContraction2_f64
  total: 0 matched / 3 bodies
",0,[],0,0,0,0,/tmp/polybench_new/3mm_debuf.mlir,4347,8,6,0,815.7571032643318,0,70200,377.1527223289013,34,34,0,56,[],0,0,0,0.0,40
polybench,3mm,/tmp/polybench_new/3mm_debuf.mlir,f5737043d731e584286b167ed13fb8449f99a2eda413fc39ab743af3a26f6570,egglog,4,ok,0,1447.180598974228,0,"[""/usr/bin/python3"", ""/home/arjaiswal/Polygeist/scripts/correctness/kernel_match_rewrite.py"", ""/tmp/polybench_new/3mm_debuf.mlir"", ""--dry-run"", ""--matcher-mode"", ""egglog"", ""--telemetry-json"", ""/home/arjaiswal/Polygeist/issues/equality_saturation_eval/campaign_20260908/polybench-3mm-egglog-0tw3df5a.json"", ""--disable-semantic-fallback""]","== match report for /tmp/polybench_new/3mm_debuf.mlir ==
  contraction_abi_reject body#0  cutensornetContraction2_f64
  contraction_abi_reject body#2  cutensornetContraction2_f64
  contraction_abi_reject body#4  cutensornetContraction2_f64
  total: 0 matched / 3 bodies
",0,[],0,0,0,0,/tmp/polybench_new/3mm_debuf.mlir,4347,8,6,0,839.9642445147038,0,70020,368.4341832995415,34,34,0,56,[],0,0,0,0.0,40
polybench,3mm,/tmp/polybench_new/3mm_debuf.mlir,f5737043d731e584286b167ed13fb8449f99a2eda413fc39ab743af3a26f6570,syntactic,4,ok,0,895.1627127826214,0,"[""/usr/bin/python3"", ""/home/arjaiswal/Polygeist/scripts/correctness/kernel_match_rewrite.py"", ""/tmp/polybench_new/3mm_debuf.mlir"", ""--dry-run"", ""--matcher-mode"", ""syntactic"", ""--telemetry-json"", ""/home/arjaiswal/Polygeist/issues/equality_saturation_eval/campaign_20260908/polybench-3mm-syntactic-4f6_2319.json"", ""--disable-semantic-fallback""]","== match report for /tmp/polybench_new/3mm_debuf.mlir ==
  contraction_abi_reject body#0  cutensornetContraction2_f64
  contraction_abi_reject body#2  cutensornetContraction2_f64
  contraction_abi_reject body#4  cutensornetContraction2_f64
  total: 0 matched / 3 bodies
",0,[],0,0,0,0,/tmp/polybench_new/3mm_debuf.mlir,4347,0,6,0,424.24457147717476,0,65540,0.2656392753124237,0,34,0,0,[],0,0,40,0.0,40
polybench,3mm,/tmp/polybench_new/3mm_debuf.mlir,f5737043d731e584286b167ed13fb8449f99a2eda413fc39ab743af3a26f6570,syntactic,5,ok,0,881.135854870081,0,"[""/usr/bin/python3"", ""/home/arjaiswal/Polygeist/scripts/correctness/kernel_match_rewrite.py"", ""/tmp/polybench_new/3mm_debuf.mlir"", ""--dry-run"", ""--matcher-mode"", ""syntactic"", ""--telemetry-json"", ""/home/arjaiswal/Polygeist/issues/equality_saturation_eval/campaign_20260908/polybench-3mm-syntactic-nwaz7rxs.json"", ""--disable-semantic-fallback""]","== match report for /tmp/polybench_new/3mm_debuf.mlir ==
  contraction_abi_reject body#0  cutensornetContraction2_f64
  contraction_abi_reject body#2  cutensornetContraction2_f64
  contraction_abi_reject body#4  cutensornetContraction2_f64
  total: 0 matched / 3 bodies
",0,[],0,0,0,0,/tmp/polybench_new/3mm_debuf.mlir,4347,0,6,0,409.75162759423256,0,65696,0.26561692357063293,0,34,0,0,[],0,0,40,0.0,40
polybench,3mm,/tmp/polybench_new/3mm_debuf.mlir,f5737043d731e584286b167ed13fb8449f99a2eda413fc39ab743af3a26f6570,egglog,5,ok,0,1313.5968409478664,0,"[""/usr/bin/python3"", ""/home/arjaiswal/Polygeist/scripts/correctness/kernel_match_rewrite.py"", ""/tmp/polybench_new/3mm_debuf.mlir"", ""--dry-run"", ""--matcher-mode"", ""egglog"", ""--telemetry-json"", ""/home/arjaiswal/Polygeist/issues/equality_saturation_eval/campaign_20260908/polybench-3mm-egglog-u8cuekqf.json"", ""--disable-semantic-fallback""]","== match report for /tmp/polybench_new/3mm_debuf.mlir ==
  contraction_abi_reject body#0  cutensornetContraction2_f64
  contraction_abi_reject body#2  cutensornetContraction2_f64
  contraction_abi_reject body#4  cutensornetContraction2_f64
  total: 0 matched / 3 bodies
",0,[],0,0,0,0,/tmp/polybench_new/3mm_debuf.mlir,4347,8,6,0,846.3009856641293,0,69888,403.5683237016201,34,34,0,56,[],0,0,0,0.0,40
polybench,adi,/tmp/polybench_new/adi_debuf.mlir,ae1fc372879391f749f68af05c0b991e7b5a5c8c68e6cb6bbcc0da05e0997e46,egglog,1,ok,0,1994.572576135397,0,"[""/usr/bin/python3"", ""/home/arjaiswal/Polygeist/scripts/correctness/kernel_match_rewrite.py"", ""/tmp/polybench_new/adi_debuf.mlir"", ""--dry-run"", ""--matcher-mode"", ""egglog"", ""--telemetry-json"", ""/home/arjaiswal/Polygeist/issues/equality_saturation_eval/campaign_20260908/polybench-adi-egglog-q9841old.json"", ""--disable-semantic-fallback""]","== match report for /tmp/polybench_new/adi_debuf.mlir ==
  no_match       body#0  ?
  match          body#[1]  memset_zero_1D
  copy_layout_reject body#2  cublasDcopy_tensor
  no_match       body#3  ?
  no_match       body#4  ?
  no_match       body#5  ?
  match          body#[6]  memset_zero_1D
  copy_layout_reject body#7  cublasDcopy_tensor
  no_match       body#8  ?
  no_match       body#9  ?
  total: 2 matched / 10 bodies
",0,[],0,0,0,0,/tmp/polybench_new/adi_debuf.mlir,15058,8,10,2,1380.7305954396725,6,71332,555.2297569811344,52,52,0,0,"[{""body_indices"": [1], ""symbol"": ""memset_zero_1D""}, {""body_indices"": [6], ""symbol"": ""memset_zero_1D""}]",2,0,0,0.0,138
polybench,adi,/tmp/polybench_new/adi_debuf.mlir,ae1fc372879391f749f68af05c0b991e7b5a5c8c68e6cb6bbcc0da05e0997e46,syntactic,1,ok,0,1407.8302718698978,0,"[""/usr/bin/python3"", ""/home/arjaiswal/Polygeist/scripts/correctness/kernel_match_rewrite.py"", ""/tmp/polybench_new/adi_debuf.mlir"", ""--dry-run"", ""--matcher-mode"", ""syntactic"", ""--telemetry-json"", ""/home/arjaiswal/Polygeist/issues/equality_saturation_eval/campaign_20260908/polybench-adi-syntactic-eo_fs20c.json"", ""--disable-semantic-fallback""]","== match report for /tmp/polybench_new/adi_debuf.mlir ==
  no_match       body#0  ?
  match          body#[1]  memset_zero_1D
  copy_layout_reject body#2  cublasDcopy_tensor
  no_match       body#3  ?
  no_match       body#4  ?
  no_match       body#5  ?
  match          body#[6]  memset_zero_1D
  copy_layout_reject body#7  cublasDcopy_tensor
  no_match       body#8  ?
  no_match       body#9  ?
  total: 2 matched / 10 bodies
",0,[],0,0,0,0,/tmp/polybench_new/adi_debuf.mlir,15058,0,10,2,729.2243875563145,6,66944,0.45315176248550415,0,52,0,0,"[{""body_indices"": [1], ""symbol"": ""memset_zero_1D""}, {""body_indices"": [6], ""symbol"": ""memset_zero_1D""}]",2,0,138,0.0,138
polybench,adi,/tmp/polybench_new/adi_debuf.mlir,ae1fc372879391f749f68af05c0b991e7b5a5c8c68e6cb6bbcc0da05e0997e46,syntactic,2,ok,0,1433.3317540585995,0,"[""/usr/bin/python3"", ""/home/arjaiswal/Polygeist/scripts/correctness/kernel_match_rewrite.py"", ""/tmp/polybench_new/adi_debuf.mlir"", ""--dry-run"", ""--matcher-mode"", ""syntactic"", ""--telemetry-json"", ""/home/arjaiswal/Polygeist/issues/equality_saturation_eval/campaign_20260908/polybench-adi-syntactic-9bxh0z0u.json"", ""--disable-semantic-fallback""]","== match report for /tmp/polybench_new/adi_debuf.mlir ==
  no_match       body#0  ?
  match          body#[1]  memset_zero_1D
  copy_layout_reject body#2  cublasDcopy_tensor
  no_match       body#3  ?
  no_match       body#4  ?
  no_match       body#5  ?
  match          body#[6]  memset_zero_1D
  copy_layout_reject body#7  cublasDcopy_tensor
  no_match       body#8  ?
  no_match       body#9  ?
  total: 2 matched / 10 bodies
",0,[],0,0,0,0,/tmp/polybench_new/adi_debuf.mlir,15058,0,10,2,728.8382239639759,6,67136,0.451602041721344,0,52,0,0,"[{""body_indices"": [1], ""symbol"": ""memset_zero_1D""}, {""body_indices"": [6], ""symbol"": ""memset_zero_1D""}]",2,0,138,0.0,138
polybench,adi,/tmp/polybench_new/adi_debuf.mlir,ae1fc372879391f749f68af05c0b991e7b5a5c8c68e6cb6bbcc0da05e0997e46,egglog,2,ok,0,2057.6699040830135,0,"[""/usr/bin/python3"", ""/home/arjaiswal/Polygeist/scripts/correctness/kernel_match_rewrite.py"", ""/tmp/polybench_new/adi_debuf.mlir"", ""--dry-run"", ""--matcher-mode"", ""egglog"", ""--telemetry-json"", ""/home/arjaiswal/Polygeist/issues/equality_saturation_eval/campaign_20260908/polybench-adi-egglog-sd_x__2y.json"", ""--disable-semantic-fallback""]","== match report for /tmp/polybench_new/adi_debuf.mlir ==
  no_match       body#0  ?
  match          body#[1]  memset_zero_1D
  copy_layout_reject body#2  cublasDcopy_tensor
  no_match       body#3  ?
  no_match       body#4  ?
  no_match       body#5  ?
  match          body#[6]  memset_zero_1D
  copy_layout_reject body#7  cublasDcopy_tensor
  no_match       body#8  ?
  no_match       body#9  ?
  total: 2 matched / 10 bodies
",0,[],0,0,0,0,/tmp/polybench_new/adi_debuf.mlir,15058,8,10,2,1440.9967102110386,6,71476,579.0124610066414,52,52,0,0,"[{""body_indices"": [1], ""symbol"": ""memset_zero_1D""}, {""body_indices"": [6], ""symbol"": ""memset_zero_1D""}]",2,0,0,0.0,138
polybench,adi,/tmp/polybench_new/adi_debuf.mlir,ae1fc372879391f749f68af05c0b991e7b5a5c8c68e6cb6bbcc0da05e0997e46,egglog,3,ok,0,2012.012343853712,0,"[""/usr/bin/python3"", ""/home/arjaiswal/Polygeist/scripts/correctness/kernel_match_rewrite.py"", ""/tmp/polybench_new/adi_debuf.mlir"", ""--dry-run"", ""--matcher-mode"", ""egglog"", ""--telemetry-json"", ""/home/arjaiswal/Polygeist/issues/equality_saturation_eval/campaign_20260908/polybench-adi-egglog-mphohg2b.json"", ""--disable-semantic-fallback""]","== match report for /tmp/polybench_new/adi_debuf.mlir ==
  no_match       body#0  ?
  match          body#[1]  memset_zero_1D
  copy_layout_reject body#2  cublasDcopy_tensor
  no_match       body#3  ?
  no_match       body#4  ?
  no_match       body#5  ?
  match          body#[6]  memset_zero_1D
  copy_layout_reject body#7  cublasDcopy_tensor
  no_match       body#8  ?
  no_match       body#9  ?
  total: 2 matched / 10 bodies
",0,[],0,0,0,0,/tmp/polybench_new/adi_debuf.mlir,15058,8,10,2,1407.655045390129,6,71376,559.4794563949108,52,52,0,0,"[{""body_indices"": [1], ""symbol"": ""memset_zero_1D""}, {""body_indices"": [6], ""symbol"": ""memset_zero_1D""}]",2,0,0,0.0,138
polybench,adi,/tmp/polybench_new/adi_debuf.mlir,ae1fc372879391f749f68af05c0b991e7b5a5c8c68e6cb6bbcc0da05e0997e46,syntactic,3,ok,0,1354.4147349894047,0,"[""/usr/bin/python3"", ""/home/arjaiswal/Polygeist/scripts/correctness/kernel_match_rewrite.py"", ""/tmp/polybench_new/adi_debuf.mlir"", ""--dry-run"", ""--matcher-mode"", ""syntactic"", ""--telemetry-json"", ""/home/arjaiswal/Polygeist/issues/equality_saturation_eval/campaign_20260908/polybench-adi-syntactic-v9l3krgc.json"", ""--disable-semantic-fallback""]","== match report for /tmp/polybench_new/adi_debuf.mlir ==
  no_match       body#0  ?
  match          body#[1]  memset_zero_1D
  copy_layout_reject body#2  cublasDcopy_tensor
  no_match       body#3  ?
  no_match       body#4  ?
  no_match       body#5  ?
  match          body#[6]  memset_zero_1D
  copy_layout_reject body#7  cublasDcopy_tensor
  no_match       body#8  ?
  no_match       body#9  ?
  total: 2 matched / 10 bodies
",0,[],0,0,0,0,/tmp/polybench_new/adi_debuf.mlir,15058,0,10,2,751.7542913556099,6,67040,0.4441849887371063,0,52,0,0,"[{""body_indices"": [1], ""symbol"": ""memset_zero_1D""}, {""body_indices"": [6], ""symbol"": ""memset_zero_1D""}]",2,0,138,0.0,138
polybench,adi,/tmp/polybench_new/adi_debuf.mlir,ae1fc372879391f749f68af05c0b991e7b5a5c8c68e6cb6bbcc0da05e0997e46,syntactic,4,ok,0,1423.0622351169586,0,"[""/usr/bin/python3"", ""/home/arjaiswal/Polygeist/scripts/correctness/kernel_match_rewrite.py"", ""/tmp/polybench_new/adi_debuf.mlir"", ""--dry-run"", ""--matcher-mode"", ""syntactic"", ""--telemetry-json"", ""/home/arjaiswal/Polygeist/issues/equality_saturation_eval/campaign_20260908/polybench-adi-syntactic-e0jn99wg.json"", ""--disable-semantic-fallback""]","== match report for /tmp/polybench_new/adi_debuf.mlir ==
  no_match       body#0  ?
  match          body#[1]  memset_zero_1D
  copy_layout_reject body#2  cublasDcopy_tensor
  no_match       body#3  ?
  no_match       body#4  ?
  no_match       body#5  ?
  match          body#[6]  memset_zero_1D
  copy_layout_reject body#7  cublasDcopy_tensor
  no_match       body#8  ?
  no_match       body#9  ?
  total: 2 matched / 10 bodies
",0,[],0,0,0,0,/tmp/polybench_new/adi_debuf.mlir,15058,0,10,2,789.5340882241726,6,66992,0.45603513717651367,0,52,0,0,"[{""body_indices"": [1], ""symbol"": ""memset_zero_1D""}, {""body_indices"": [6], ""symbol"": ""memset_zero_1D""}]",2,0,138,0.0,138
polybench,adi,/tmp/polybench_new/adi_debuf.mlir,ae1fc372879391f749f68af05c0b991e7b5a5c8c68e6cb6bbcc0da05e0997e46,egglog,4,ok,0,1954.156905412674,0,"[""/usr/bin/python3"", ""/home/arjaiswal/Polygeist/scripts/correctness/kernel_match_rewrite.py"", ""/tmp/polybench_new/adi_debuf.mlir"", ""--dry-run"", ""--matcher-mode"", ""egglog"", ""--telemetry-json"", ""/home/arjaiswal/Polygeist/issues/equality_saturation_eval/campaign_20260908/polybench-adi-egglog-zkj1ovvc.json"", ""--disable-semantic-fallback""]","== match report for /tmp/polybench_new/adi_debuf.mlir ==
  no_match       body#0  ?
  match          body#[1]  memset_zero_1D
  copy_layout_reject body#2  cublasDcopy_tensor
  no_match       body#3  ?
  no_match       body#4  ?
  no_match       body#5  ?
  match          body#[6]  memset_zero_1D
  copy_layout_reject body#7  cublasDcopy_tensor
  no_match       body#8  ?
  no_match       body#9  ?
  total: 2 matched / 10 bodies
",0,[],0,0,0,0,/tmp/polybench_new/adi_debuf.mlir,15058,8,10,2,1347.5938849151134,6,71272,534.2178456485271,52,52,0,0,"[{""body_indices"": [1], ""symbol"": ""memset_zero_1D""}, {""body_indices"": [6], ""symbol"": ""memset_zero_1D""}]",2,0,0,0.0,138
polybench,adi,/tmp/polybench_new/adi_debuf.mlir,ae1fc372879391f749f68af05c0b991e7b5a5c8c68e6cb6bbcc0da05e0997e46,egglog,5,ok,0,1953.5423666238785,0,"[""/usr/bin/python3"", ""/home/arjaiswal/Polygeist/scripts/correctness/kernel_match_rewrite.py"", ""/tmp/polybench_new/adi_debuf.mlir"", ""--dry-run"", ""--matcher-mode"", ""egglog"", ""--telemetry-json"", ""/home/arjaiswal/Polygeist/issues/equality_saturation_eval/campaign_20260908/polybench-adi-egglog-nteux5uf.json"", ""--disable-semantic-fallback""]","== match report for /tmp/polybench_new/adi_debuf.mlir ==
  no_match       body#0  ?
  match          body#[1]  memset_zero_1D
  copy_layout_reject body#2  cublasDcopy_tensor
  no_match       body#3  ?
  no_match       body#4  ?
  no_match       body#5  ?
  match          body#[6]  memset_zero_1D
  copy_layout_reject body#7  cublasDcopy_tensor
  no_match       body#8  ?
  no_match       body#9  ?
  total: 2 matched / 10 bodies
",0,[],0,0,0,0,/tmp/polybench_new/adi_debuf.mlir,15058,8,10,2,1369.3983890116215,6,71268,564.1174018383026,52,52,0,0,"[{""body_indices"": [1], ""symbol"": ""memset_zero_1D""}, {""body_indices"": [6], ""symbol"": ""memset_zero_1D""}]",2,0,0,0.0,138
polybench,adi,/tmp/polybench_new/adi_debuf.mlir,ae1fc372879391f749f68af05c0b991e7b5a5c8c68e6cb6bbcc0da05e0997e46,syntactic,5,ok,0,1715.4121324419975,0,"[""/usr/bin/python3"", ""/home/arjaiswal/Polygeist/scripts/correctness/kernel_match_rewrite.py"", ""/tmp/polybench_new/adi_debuf.mlir"", ""--dry-run"", ""--matcher-mode"", ""syntactic"", ""--telemetry-json"", ""/home/arjaiswal/Polygeist/issues/equality_saturation_eval/campaign_20260908/polybench-adi-syntactic-h429hiyk.json"", ""--disable-semantic-fallback""]","== match report for /tmp/polybench_new/adi_debuf.mlir ==
  no_match       body#0  ?
  match          body#[1]  memset_zero_1D
  copy_layout_reject body#2  cublasDcopy_tensor
  no_match       body#3  ?
  no_match       body#4  ?
  no_match       body#5  ?
  match          body#[6]  memset_zero_1D
  copy_layout_reject body#7  cublasDcopy_tensor
  no_match       body#8  ?
  no_match       body#9  ?
  total: 2 matched / 10 bodies
",0,[],0,0,0,0,/tmp/polybench_new/adi_debuf.mlir,15058,0,10,2,974.8817123472691,6,66968,0.5446784198284149,0,52,0,0,"[{""body_indices"": [1], ""symbol"": ""memset_zero_1D""}, {""body_indices"": [6], ""symbol"": ""memset_zero_1D""}]",2,0,138,0.0,138
polybench,atax,/tmp/polybench_new/atax_debuf.mlir,02d42e5c9c52f0bcb1d801d8f04a8b221745877ed18d016b40d337515d483967,syntactic,1,ok,0,831.6328153014183,0,"[""/usr/bin/python3"", ""/home/arjaiswal/Polygeist/scripts/correctness/kernel_match_rewrite.py"", ""/tmp/polybench_new/atax_debuf.mlir"", ""--dry-run"", ""--matcher-mode"", ""syntactic"", ""--telemetry-json"", ""/home/arjaiswal/Polygeist/issues/equality_saturation_eval/campaign_20260908/polybench-atax-syntactic-me0f0x3h.json"", ""--disable-semantic-fallback""]","== match report for /tmp/polybench_new/atax_debuf.mlir ==
  match          body#[0]  memset_zero_1D
  match          body#[1, 2]  cublasDgemv
  match          body#[3]  cublasDgemv_T
  total: 3 matched / 3 bodies
",0,[],0,0,0,0,/tmp/polybench_new/atax_debuf.mlir,3160,0,4,4,359.9710315465927,0,65616,0.1538097858428955,0,30,0,0,"[{""body_indices"": [0], ""symbol"": ""memset_zero_1D""}, {""body_indices"": [1, 2], ""symbol"": ""cublasDgemv""}, {""body_indices"": [3], ""symbol"": ""cublasDgemv_T""}]",3,0,36,0.0,36
polybench,atax,/tmp/polybench_new/atax_debuf.mlir,02d42e5c9c52f0bcb1d801d8f04a8b221745877ed18d016b40d337515d483967,egglog,1,ok,0,1163.4605675935745,0,"[""/usr/bin/python3"", ""/home/arjaiswal/Polygeist/scripts/correctness/kernel_match_rewrite.py"", ""/tmp/polybench_new/atax_debuf.mlir"", ""--dry-run"", ""--matcher-mode"", ""egglog"", ""--telemetry-json"", ""/home/arjaiswal/Polygeist/issues/equality_saturation_eval/campaign_20260908/polybench-atax-egglog-anf2682r.json"", ""--disable-semantic-fallback""]","== match report for /tmp/polybench_new/atax_debuf.mlir ==
  match          body#[0]  memset_zero_1D
  match          body#[1, 2]  cublasDgemv
  match          body#[3]  cublasDgemv_T
  total: 3 matched / 3 bodies
",0,[],0,0,0,0,/tmp/polybench_new/atax_debuf.mlir,3160,8,4,4,699.3054784834385,0,69988,316.270187497139,30,30,0,24,"[{""body_indices"": [0], ""symbol"": ""memset_zero_1D""}, {""body_indices"": [1, 2], ""symbol"": ""cublasDgemv""}, {""body_indices"": [3], ""symbol"": ""cublasDgemv_T""}]",3,0,0,0.0,36
polybench,atax,/tmp/polybench_new/atax_debuf.mlir,02d42e5c9c52f0bcb1d801d8f04a8b221745877ed18d016b40d337515d483967,egglog,2,ok,0,1203.721608966589,0,"[""/usr/bin/python3"", ""/home/arjaiswal/Polygeist/scripts/correctness/kernel_match_rewrite.py"", ""/tmp/polybench_new/atax_debuf.mlir"", ""--dry-run"", ""--matcher-mode"", ""egglog"", ""--telemetry-json"", ""/home/arjaiswal/Polygeist/issues/equality_saturation_eval/campaign_20260908/polybench-atax-egglog-4i6l7ts2.json"", ""--disable-semantic-fallback""]","== match report for /tmp/polybench_new/atax_debuf.mlir ==
  match          body#[0]  memset_zero_1D
  match          body#[1, 2]  cublasDgemv
  match          body#[3]  cublasDgemv_T
  total: 3 matched / 3 bodies
",0,[],0,0,0,0,/tmp/polybench_new/atax_debuf.mlir,3160,8,4,4,720.0849764049053,0,69944,325.1677080988884,30,30,0,24,"[{""body_indices"": [0], ""symbol"": ""memset_zero_1D""}, {""body_indices"": [1, 2], ""symbol"": ""cublasDgemv""}, {""body_indices"": [3], ""symbol"": ""cublasDgemv_T""}]",3,0,0,0.0,36
polybench,atax,/tmp/polybench_new/atax_debuf.mlir,02d42e5c9c52f0bcb1d801d8f04a8b221745877ed18d016b40d337515d483967,syntactic,2,ok,0,1047.1598468720913,0,"[""/usr/bin/python3"", ""/home/arjaiswal/Polygeist/scripts/correctness/kernel_match_rewrite.py"", ""/tmp/polybench_new/atax_debuf.mlir"", ""--dry-run"", ""--matcher-mode"", ""syntactic"", ""--telemetry-json"", ""/home/arjaiswal/Polygeist/issues/equality_saturation_eval/campaign_20260908/polybench-atax-syntactic-dkel30hq.json"", ""--disable-semantic-fallback""]","== match report for /tmp/polybench_new/atax_debuf.mlir ==
  match          body#[0]  memset_zero_1D
  match          body#[1, 2]  cublasDgemv
  match          body#[3]  cublasDgemv_T
  total: 3 matched / 3 bodies
",0,[],0,0,0,0,/tmp/polybench_new/atax_debuf.mlir,3160,0,4,4,430.3044453263283,0,65588,0.15631318092346191,0,30,0,0,"[{""body_indices"": [0], ""symbol"": ""memset_zero_1D""}, {""body_indices"": [1, 2], ""symbol"": ""cublasDgemv""}, {""body_indices"": [3], ""symbol"": ""cublasDgemv_T""}]",3,0,36,0.0,36
polybench,atax,/tmp/polybench_new/atax_debuf.mlir,02d42e5c9c52f0bcb1d801d8f04a8b221745877ed18d016b40d337515d483967,syntactic,3,ok,0,976.2286320328712,0,"[""/usr/bin/python3"", ""/home/arjaiswal/Polygeist/scripts/correctness/kernel_match_rewrite.py"", ""/tmp/polybench_new/atax_debuf.mlir"", ""--dry-run"", ""--matcher-mode"", ""syntactic"", ""--telemetry-json"", ""/home/arjaiswal/Polygeist/issues/equality_saturation_eval/campaign_20260908/polybench-atax-syntactic-9rv_57k5.json"", ""--disable-semantic-fallback""]","== match report for /tmp/polybench_new/atax_debuf.mlir ==
  match          body#[0]  memset_zero_1D
  match          body#[1, 2]  cublasDgemv
  match          body#[3]  cublasDgemv_T
  total: 3 matched / 3 bodies
",0,[],0,0,0,0,/tmp/polybench_new/atax_debuf.mlir,3160,0,4,4,348.4068848192692,0,65624,0.14881044626235962,0,30,0,0,"[{""body_indices"": [0], ""symbol"": ""memset_zero_1D""}, {""body_indices"": [1, 2], ""symbol"": ""cublasDgemv""}, {""body_indices"": [3], ""symbol"": ""cublasDgemv_T""}]",3,0,36,0.0,36
polybench,atax,/tmp/polybench_new/atax_debuf.mlir,02d42e5c9c52f0bcb1d801d8f04a8b221745877ed18d016b40d337515d483967,egglog,3,ok,0,1139.6869458258152,0,"[""/usr/bin/python3"", ""/home/arjaiswal/Polygeist/scripts/correctness/kernel_match_rewrite.py"", ""/tmp/polybench_new/atax_debuf.mlir"", ""--dry-run"", ""--matcher-mode"", ""egglog"", ""--telemetry-json"", ""/home/arjaiswal/Polygeist/issues/equality_saturation_eval/campaign_20260908/polybench-atax-egglog-0wga2m1v.json"", ""--disable-semantic-fallback""]","== match report for /tmp/polybench_new/atax_debuf.mlir ==
  match          body#[0]  memset_zero_1D
  match          body#[1, 2]  cublasDgemv
  match          body#[3]  cublasDgemv_T
  total: 3 matched / 3 bodies
",0,[],0,0,0,0,/tmp/polybench_new/atax_debuf.mlir,3160,8,4,4,678.0233569443226,0,69880,308.056827634573,30,30,0,24,"[{""body_indices"": [0], ""symbol"": ""memset_zero_1D""}, {""body_indices"": [1, 2], ""symbol"": ""cublasDgemv""}, {""body_indices"": [3], ""symbol"": ""cublasDgemv_T""}]",3,0,0,0.0,36
polybench,atax,/tmp/polybench_new/atax_debuf.mlir,02d42e5c9c52f0bcb1d801d8f04a8b221745877ed18d016b40d337515d483967,egglog,4,ok,0,1159.4050154089928,0,"[""/usr/bin/python3"", ""/home/arjaiswal/Polygeist/scripts/correctness/kernel_match_rewrite.py"", ""/tmp/polybench_new/atax_debuf.mlir"", ""--dry-run"", ""--matcher-mode"", ""egglog"", ""--telemetry-json"", ""/home/arjaiswal/Polygeist/issues/equality_saturation_eval/campaign_20260908/polybench-atax-egglog-0ewnud2i.json"", ""--disable-semantic-fallback""]","== match report for /tmp/polybench_new/atax_debuf.mlir ==
  match          body#[0]  memset_zero_1D
  match          body#[1, 2]  cublasDgemv
  match          body#[3]  cublasDgemv_T
  total: 3 matched / 3 bodies
",0,[],0,0,0,0,/tmp/polybench_new/atax_debuf.mlir,3160,8,4,4,675.7905557751656,0,70104,303.91309410333633,30,30,0,24,"[{""body_indices"": [0], ""symbol"": ""memset_zero_1D""}, {""body_indices"": [1, 2], ""symbol"": ""cublasDgemv""}, {""body_indices"": [3], ""symbol"": ""cublasDgemv_T""}]",3,0,0,0.0,36
polybench,atax,/tmp/polybench_new/atax_debuf.mlir,02d42e5c9c52f0bcb1d801d8f04a8b221745877ed18d016b40d337515d483967,syntactic,4,ok,0,879.6024546027184,0,"[""/usr/bin/python3"", ""/home/arjaiswal/Polygeist/scripts/correctness/kernel_match_rewrite.py"", ""/tmp/polybench_new/atax_debuf.mlir"", ""--dry-run"", ""--matcher-mode"", ""syntactic"", ""--telemetry-json"", ""/home/arjaiswal/Polygeist/issues/equality_saturation_eval/campaign_20260908/polybench-atax-syntactic-cycch58i.json"", ""--disable-semantic-fallback""]","== match report for /tmp/polybench_new/atax_debuf.mlir ==
  match          body#[0]  memset_zero_1D
  match          body#[1, 2]  cublasDgemv
  match          body#[3]  cublasDgemv_T
  total: 3 matched / 3 bodies
",0,[],0,0,0,0,/tmp/polybench_new/atax_debuf.mlir,3160,0,4,4,373.30423668026924,0,65516,0.15649199485778809,0,30,0,0,"[{""body_indices"": [0], ""symbol"": ""memset_zero_1D""}, {""body_indices"": [1, 2], ""symbol"": ""cublasDgemv""}, {""body_indices"": [3], ""symbol"": ""cublasDgemv_T""}]",3,0,36,0.0,36
polybench,atax,/tmp/polybench_new/atax_debuf.mlir,02d42e5c9c52f0bcb1d801d8f04a8b221745877ed18d016b40d337515d483967,syntactic,5,ok,0,874.0689381957054,0,"[""/usr/bin/python3"", ""/home/arjaiswal/Polygeist/scripts/correctness/kernel_match_rewrite.py"", ""/tmp/polybench_new/atax_debuf.mlir"", ""--dry-run"", ""--matcher-mode"", ""syntactic"", ""--telemetry-json"", ""/home/arjaiswal/Polygeist/issues/equality_saturation_eval/campaign_20260908/polybench-atax-syntactic-ihaksj01.json"", ""--disable-semantic-fallback""]","== match report for /tmp/polybench_new/atax_debuf.mlir ==
  match          body#[0]  memset_zero_1D
  match          body#[1, 2]  cublasDgemv
  match          body#[3]  cublasDgemv_T
  total: 3 matched / 3 bodies
",0,[],0,0,0,0,/tmp/polybench_new/atax_debuf.mlir,3160,0,4,4,377.1602287888527,0,65580,0.1612156629562378,0,30,0,0,"[{""body_indices"": [0], ""symbol"": ""memset_zero_1D""}, {""body_indices"": [1, 2], ""symbol"": ""cublasDgemv""}, {""body_indices"": [3], ""symbol"": ""cublasDgemv_T""}]",3,0,36,0.0,36
polybench,atax,/tmp/polybench_new/atax_debuf.mlir,02d42e5c9c52f0bcb1d801d8f04a8b221745877ed18d016b40d337515d483967,egglog,5,ok,0,1175.8686751127243,0,"[""/usr/bin/python3"", ""/home/arjaiswal/Polygeist/scripts/correctness/kernel_match_rewrite.py"", ""/tmp/polybench_new/atax_debuf.mlir"", ""--dry-run"", ""--matcher-mode"", ""egglog"", ""--telemetry-json"", ""/home/arjaiswal/Polygeist/issues/equality_saturation_eval/campaign_20260908/polybench-atax-egglog-72yazmqi.json"", ""--disable-semantic-fallback""]","== match report for /tmp/polybench_new/atax_debuf.mlir ==
  match          body#[0]  memset_zero_1D
  match          body#[1, 2]  cublasDgemv
  match          body#[3]  cublasDgemv_T
  total: 3 matched / 3 bodies
",0,[],0,0,0,0,/tmp/polybench_new/atax_debuf.mlir,3160,8,4,4,690.7143369317055,0,69900,314.6778419613838,30,30,0,24,"[{""body_indices"": [0], ""symbol"": ""memset_zero_1D""}, {""body_indices"": [1, 2], ""symbol"": ""cublasDgemv""}, {""body_indices"": [3], ""symbol"": ""cublasDgemv_T""}]",3,0,0,0.0,36
polybench,bicg,/tmp/polybench_new/bicg_debuf.mlir,cde693b58f0967435381c4b82f5dac118a9ef5af5dd7b34f38f841597ead36a0,egglog,1,ok,0,1185.2259151637554,0,"[""/usr/bin/python3"", ""/home/arjaiswal/Polygeist/scripts/correctness/kernel_match_rewrite.py"", ""/tmp/polybench_new/bicg_debuf.mlir"", ""--dry-run"", ""--matcher-mode"", ""egglog"", ""--telemetry-json"", ""/home/arjaiswal/Polygeist/issues/equality_saturation_eval/campaign_20260908/polybench-bicg-egglog-8aucrr_j.json"", ""--disable-semantic-fallback""]","== match report for /tmp/polybench_new/bicg_debuf.mlir ==
  match          body#[0]  memset_zero_1D
  contraction_init_provenance_reject body#1  cutensornetContraction2_f64
  match          body#[3]  cublasDgemv
  total: 2 matched / 3 bodies
",0,[],0,0,0,0,/tmp/polybench_new/bicg_debuf.mlir,3248,8,4,2,707.3490954935551,0,70220,316.4403401315212,30,30,0,24,"[{""body_indices"": [0], ""symbol"": ""memset_zero_1D""}, {""body_indices"": [3], ""symbol"": ""cublasDgemv""}]",2,0,0,0.0,36
polybench,bicg,/tmp/polybench_new/bicg_debuf.mlir,cde693b58f0967435381c4b82f5dac118a9ef5af5dd7b34f38f841597ead36a0,syntactic,1,ok,0,838.1851799786091,0,"[""/usr/bin/python3"", ""/home/arjaiswal/Polygeist/scripts/correctness/kernel_match_rewrite.py"", ""/tmp/polybench_new/bicg_debuf.mlir"", ""--dry-run"", ""--matcher-mode"", ""syntactic"", ""--telemetry-json"", ""/home/arjaiswal/Polygeist/issues/equality_saturation_eval/campaign_20260908/polybench-bicg-syntactic-yzatmip4.json"", ""--disable-semantic-fallback""]","== match report for /tmp/polybench_new/bicg_debuf.mlir ==
  match          body#[0]  memset_zero_1D
  contraction_init_provenance_reject body#1  cutensornetContraction2_f64
  match          body#[3]  cublasDgemv
  total: 2 matched / 3 bodies
",0,[],0,0,0,0,/tmp/polybench_new/bicg_debuf.mlir,3248,0,4,2,358.9928150177002,0,65600,0.15451014041900635,0,30,0,0,"[{""body_indices"": [0], ""symbol"": ""memset_zero_1D""}, {""body_indices"": [3], ""symbol"": ""cublasDgemv""}]",2,0,36,0.0,36
polybench,bicg,/tmp/polybench_new/bicg_debuf.mlir,cde693b58f0967435381c4b82f5dac118a9ef5af5dd7b34f38f841597ead36a0,syntactic,2,ok,0,845.1525419950485,0,"[""/usr/bin/python3"", ""/home/arjaiswal/Polygeist/scripts/correctness/kernel_match_rewrite.py"", ""/tmp/polybench_new/bicg_debuf.mlir"", ""--dry-run"", ""--matcher-mode"", ""syntactic"", ""--telemetry-json"", ""/home/arjaiswal/Polygeist/issues/equality_saturation_eval/campaign_20260908/polybench-bicg-syntactic-vnk5m093.json"", ""--disable-semantic-fallback""]","== match report for /tmp/polybench_new/bicg_debuf.mlir ==
  match          body#[0]  memset_zero_1D
  contraction_init_provenance_reject body#1  cutensornetContraction2_f64
  match          body#[3]  cublasDgemv
  total: 2 matched / 3 bodies
",0,[],0,0,0,0,/tmp/polybench_new/bicg_debuf.mlir,3248,0,4,2,381.9385804235935,0,65816,0.1741275191307068,0,30,0,0,"[{""body_indices"": [0], ""symbol"": ""memset_zero_1D""}, {""body_indices"": [3], ""symbol"": ""cublasDgemv""}]",2,0,36,0.0,36
polybench,bicg,/tmp/polybench_new/bicg_debuf.mlir,cde693b58f0967435381c4b82f5dac118a9ef5af5dd7b34f38f841597ead36a0,egglog,2,ok,0,1271.779391914606,0,"[""/usr/bin/python3"", ""/home/arjaiswal/Polygeist/scripts/correctness/kernel_match_rewrite.py"", ""/tmp/polybench_new/bicg_debuf.mlir"", ""--dry-run"", ""--matcher-mode"", ""egglog"", ""--telemetry-json"", ""/home/arjaiswal/Polygeist/issues/equality_saturation_eval/campaign_20260908/polybench-bicg-egglog-9qmruymh.json"", ""--disable-semantic-fallback""]","== match report for /tmp/polybench_new/bicg_debuf.mlir ==
  match          body#[0]  memset_zero_1D
  contraction_init_provenance_reject body#1  cutensornetContraction2_f64
  match          body#[3]  cublasDgemv
  total: 2 matched / 3 bodies
",0,[],0,0,0,0,/tmp/polybench_new/bicg_debuf.mlir,3248,8,4,2,764.484815299511,0,69968,336.0922932624817,30,30,0,24,"[{""body_indices"": [0], ""symbol"": ""memset_zero_1D""}, {""body_indices"": [3], ""symbol"": ""cublasDgemv""}]",2,0,0,0.0,36
polybench,bicg,/tmp/polybench_new/bicg_debuf.mlir,cde693b58f0967435381c4b82f5dac118a9ef5af5dd7b34f38f841597ead36a0,egglog,3,ok,0,1281.184859573841,0,"[""/usr/bin/python3"", ""/home/arjaiswal/Polygeist/scripts/correctness/kernel_match_rewrite.py"", ""/tmp/polybench_new/bicg_debuf.mlir"", ""--dry-run"", ""--matcher-mode"", ""egglog"", ""--telemetry-json"", ""/home/arjaiswal/Polygeist/issues/equality_saturation_eval/campaign_20260908/polybench-bicg-egglog-vnbdhk54.json"", ""--disable-semantic-fallback""]","== match report for /tmp/polybench_new/bicg_debuf.mlir ==
  match          body#[0]  memset_zero_1D
  contraction_init_provenance_reject body#1  cutensornetContraction2_f64
  match          body#[3]  cublasDgemv
  total: 2 matched / 3 bodies
",0,[],0,0,0,0,/tmp/polybench_new/bicg_debuf.mlir,3248,8,4,2,750.0252611935139,0,70064,321.3264010846615,30,30,0,24,"[{""body_indices"": [0], ""symbol"": ""memset_zero_1D""}, {""body_indices"": [3], ""symbol"": ""cublasDgemv""}]",2,0,0,0.0,36
polybench,bicg,/tmp/polybench_new/bicg_debuf.mlir,cde693b58f0967435381c4b82f5dac118a9ef5af5dd7b34f38f841597ead36a0,syntactic,3,ok,0,854.2714454233646,0,"[""/usr/bin/python3"", ""/home/arjaiswal/Polygeist/scripts/correctness/kernel_match_rewrite.py"", ""/tmp/polybench_new/bicg_debuf.mlir"", ""--dry-run"", ""--matcher-mode"", ""syntactic"", ""--telemetry-json"", ""/home/arjaiswal/Polygeist/issues/equality_saturation_eval/campaign_20260908/polybench-bicg-syntactic-ikiyswno.json"", ""--disable-semantic-fallback""]","== match report for /tmp/polybench_new/bicg_debuf.mlir ==
  match          body#[0]  memset_zero_1D
  contraction_init_provenance_reject body#1  cutensornetContraction2_f64
  match          body#[3]  cublasDgemv
  total: 2 matched / 3 bodies
",0,[],0,0,0,0,/tmp/polybench_new/bicg_debuf.mlir,3248,0,4,2,365.3249628841877,0,65724,0.15205517411231995,0,30,0,0,"[{""body_indices"": [0], ""symbol"": ""memset_zero_1D""}, {""body_indices"": [3], ""symbol"": ""cublasDgemv""}]",2,0,36,0.0,36
polybench,bicg,/tmp/polybench_new/bicg_debuf.mlir,cde693b58f0967435381c4b82f5dac118a9ef5af5dd7b34f38f841597ead36a0,syntactic,4,ok,0,844.9441306293011,0,"[""/usr/bin/python3"", ""/home/arjaiswal/Polygeist/scripts/correctness/kernel_match_rewrite.py"", ""/tmp/polybench_new/bicg_debuf.mlir"", ""--dry-run"", ""--matcher-mode"", ""syntactic"", ""--telemetry-json"", ""/home/arjaiswal/Polygeist/issues/equality_saturation_eval/campaign_20260908/polybench-bicg-syntactic-t29yvbhv.json"", ""--disable-semantic-fallback""]","== match report for /tmp/polybench_new/bicg_debuf.mlir ==
  match          body#[0]  memset_zero_1D
  contraction_init_provenance_reject body#1  cutensornetContraction2_f64
  match          body#[3]  cublasDgemv
  total: 2 matched / 3 bodies
",0,[],0,0,0,0,/tmp/polybench_new/bicg_debuf.mlir,3248,0,4,2,377.3455284535885,0,65732,0.1634247601032257,0,30,0,0,"[{""body_indices"": [0], ""symbol"": ""memset_zero_1D""}, {""body_indices"": [3], ""symbol"": ""cublasDgemv""}]",2,0,36,0.0,36
polybench,bicg,/tmp/polybench_new/bicg_debuf.mlir,cde693b58f0967435381c4b82f5dac118a9ef5af5dd7b34f38f841597ead36a0,egglog,4,ok,0,1230.4410748183727,0,"[""/usr/bin/python3"", ""/home/arjaiswal/Polygeist/scripts/correctness/kernel_match_rewrite.py"", ""/tmp/polybench_new/bicg_debuf.mlir"", ""--dry-run"", ""--matcher-mode"", ""egglog"", ""--telemetry-json"", ""/home/arjaiswal/Polygeist/issues/equality_saturation_eval/campaign_20260908/polybench-bicg-egglog-s8_qnybm.json"", ""--disable-semantic-fallback""]","== match report for /tmp/polybench_new/bicg_debuf.mlir ==
  match          body#[0]  memset_zero_1D
  contraction_init_provenance_reject body#1  cutensornetContraction2_f64
  match          body#[3]  cublasDgemv
  total: 2 matched / 3 bodies
",0,[],0,0,0,0,/tmp/polybench_new/bicg_debuf.mlir,3248,8,4,2,760.8312964439392,0,70168,344.56830471754074,30,30,0,24,"[{""body_indices"": [0], ""symbol"": ""memset_zero_1D""}, {""body_indices"": [3], ""symbol"": ""cublasDgemv""}]",2,0,0,0.0,36
polybench,bicg,/tmp/polybench_new/bicg_debuf.mlir,cde693b58f0967435381c4b82f5dac118a9ef5af5dd7b34f38f841597ead36a0,egglog,5,ok,0,1316.5228515863419,0,"[""/usr/bin/python3"", ""/home/arjaiswal/Polygeist/scripts/correctness/kernel_match_rewrite.py"", ""/tmp/polybench_new/bicg_debuf.mlir"", ""--dry-run"", ""--matcher-mode"", ""egglog"", ""--telemetry-json"", ""/home/arjaiswal/Polygeist/issues/equality_saturation_eval/campaign_20260908/polybench-bicg-egglog-pbf50e6q.json"", ""--disable-semantic-fallback""]","== match report for /tmp/polybench_new/bicg_debuf.mlir ==
  match          body#[0]  memset_zero_1D
  contraction_init_provenance_reject body#1  cutensornetContraction2_f64
  match          body#[3]  cublasDgemv
  total: 2 matched / 3 bodies
",0,[],0,0,0,0,/tmp/polybench_new/bicg_debuf.mlir,3248,8,4,2,760.880384594202,0,69880,336.08467131853104,30,30,0,24,"[{""body_indices"": [0], ""symbol"": ""memset_zero_1D""}, {""body_indices"": [3], ""symbol"": ""cublasDgemv""}]",2,0,0,0.0,36
polybench,bicg,/tmp/polybench_new/bicg_debuf.mlir,cde693b58f0967435381c4b82f5dac118a9ef5af5dd7b34f38f841597ead36a0,syntactic,5,ok,0,862.7032525837421,0,"[""/usr/bin/python3"", ""/home/arjaiswal/Polygeist/scripts/correctness/kernel_match_rewrite.py"", ""/tmp/polybench_new/bicg_debuf.mlir"", ""--dry-run"", ""--matcher-mode"", ""syntactic"", ""--telemetry-json"", ""/home/arjaiswal/Polygeist/issues/equality_saturation_eval/campaign_20260908/polybench-bicg-syntactic-4q6ocf_9.json"", ""--disable-semantic-fallback""]","== match report for /tmp/polybench_new/bicg_debuf.mlir ==
  match          body#[0]  memset_zero_1D
  contraction_init_provenance_reject body#1  cutensornetContraction2_f64
  match          body#[3]  cublasDgemv
  total: 2 matched / 3 bodies
",0,[],0,0,0,0,/tmp/polybench_new/bicg_debuf.mlir,3248,0,4,2,374.224454164505,0,65664,0.1565590500831604,0,30,0,0,"[{""body_indices"": [0], ""symbol"": ""memset_zero_1D""}, {""body_indices"": [3], ""symbol"": ""cublasDgemv""}]",2,0,36,0.0,36
polybench,cholesky,/tmp/polybench_new/cholesky_debuf.mlir,f11f3515eda84e336a046f2effe13e3ae04b5b0bdc6c148eb437f6fcfeac5cbb,syntactic,1,ok,0,826.2963071465492,0,"[""/usr/bin/python3"", ""/home/arjaiswal/Polygeist/scripts/correctness/kernel_match_rewrite.py"", ""/tmp/polybench_new/cholesky_debuf.mlir"", ""--dry-run"", ""--matcher-mode"", ""syntactic"", ""--telemetry-json"", ""/home/arjaiswal/Polygeist/issues/equality_saturation_eval/campaign_20260908/polybench-cholesky-syntactic-p9pv0vub.json"", ""--disable-semantic-fallback""]","== match report for /tmp/polybench_new/cholesky_debuf.mlir ==
  no_match       body#0  ?
  no_match       body#1  ?
  total: 0 matched / 2 bodies
",0,[],0,0,0,0,/tmp/polybench_new/cholesky_debuf.mlir,3598,0,2,0,347.59801998734474,2,66200,0.05142390727996826,0,0,0,0,[],0,0,10,0.0,10
polybench,cholesky,/tmp/polybench_new/cholesky_debuf.mlir,f11f3515eda84e336a046f2effe13e3ae04b5b0bdc6c148eb437f6fcfeac5cbb,egglog,1,ok,0,834.6810899674892,0,"[""/usr/bin/python3"", ""/home/arjaiswal/Polygeist/scripts/correctness/kernel_match_rewrite.py"", ""/tmp/polybench_new/cholesky_debuf.mlir"", ""--dry-run"", ""--matcher-mode"", ""egglog"", ""--telemetry-json"", ""/home/arjaiswal/Polygeist/issues/equality_saturation_eval/campaign_20260908/polybench-cholesky-egglog-ushzb_dk.json"", ""--disable-semantic-fallback""]","== match report for /tmp/polybench_new/cholesky_debuf.mlir ==
  no_match       body#0  ?
  no_match       body#1  ?
  total: 0 matched / 2 bodies
",0,[],0,0,0,0,/tmp/polybench_new/cholesky_debuf.mlir,3598,8,2,0,341.4748087525368,2,66188,0.0,0,0,0,0,[],0,0,0,0.0,10
polybench,cholesky,/tmp/polybench_new/cholesky_debuf.mlir,f11f3515eda84e336a046f2effe13e3ae04b5b0bdc6c148eb437f6fcfeac5cbb,egglog,2,ok,0,839.5144864916801,0,"[""/usr/bin/python3"", ""/home/arjaiswal/Polygeist/scripts/correctness/kernel_match_rewrite.py"", ""/tmp/polybench_new/cholesky_debuf.mlir"", ""--dry-run"", ""--matcher-mode"", ""egglog"", ""--telemetry-json"", ""/home/arjaiswal/Polygeist/issues/equality_saturation_eval/campaign_20260908/polybench-cholesky-egglog-9q2tg7st.json"", ""--disable-semantic-fallback""]","== match report for /tmp/polybench_new/cholesky_debuf.mlir ==
  no_match       body#0  ?
  no_match       body#1  ?
  total: 0 matched / 2 bodies
",0,[],0,0,0,0,/tmp/polybench_new/cholesky_debuf.mlir,3598,8,2,0,359.07507315278053,2,66256,0.0,0,0,0,0,[],0,0,0,0.0,10
polybench,cholesky,/tmp/polybench_new/cholesky_debuf.mlir,f11f3515eda84e336a046f2effe13e3ae04b5b0bdc6c148eb437f6fcfeac5cbb,syntactic,2,ok,0,980.5700555443764,0,"[""/usr/bin/python3"", ""/home/arjaiswal/Polygeist/scripts/correctness/kernel_match_rewrite.py"", ""/tmp/polybench_new/cholesky_debuf.mlir"", ""--dry-run"", ""--matcher-mode"", ""syntactic"", ""--telemetry-json"", ""/home/arjaiswal/Polygeist/issues/equality_saturation_eval/campaign_20260908/polybench-cholesky-syntactic-3rs9pqac.json"", ""--disable-semantic-fallback""]","== match report for /tmp/polybench_new/cholesky_debuf.mlir ==
  no_match       body#0  ?
  no_match       body#1  ?
  total: 0 matched / 2 bodies
",0,[],0,0,0,0,/tmp/polybench_new/cholesky_debuf.mlir,3598,0,2,0,353.01031917333603,2,65988,0.06673857569694519,0,0,0,0,[],0,0,10,0.0,10
polybench,cholesky,/tmp/polybench_new/cholesky_debuf.mlir,f11f3515eda84e336a046f2effe13e3ae04b5b0bdc6c148eb437f6fcfeac5cbb,syntactic,3,ok,0,892.8825184702873,0,"[""/usr/bin/python3"", ""/home/arjaiswal/Polygeist/scripts/correctness/kernel_match_rewrite.py"", ""/tmp/polybench_new/cholesky_debuf.mlir"", ""--dry-run"", ""--matcher-mode"", ""syntactic"", ""--telemetry-json"", ""/home/arjaiswal/Polygeist/issues/equality_saturation_eval/campaign_20260908/polybench-cholesky-syntactic-cc3739tk.json"", ""--disable-semantic-fallback""]","== match report for /tmp/polybench_new/cholesky_debuf.mlir ==
  no_match       body#0  ?
  no_match       body#1  ?
  total: 0 matched / 2 bodies
",0,[],0,0,0,0,/tmp/polybench_new/cholesky_debuf.mlir,3598,0,2,0,381.15763664245605,2,65780,0.07578730583190918,0,0,0,0,[],0,0,10,0.0,10
polybench,cholesky,/tmp/polybench_new/cholesky_debuf.mlir,f11f3515eda84e336a046f2effe13e3ae04b5b0bdc6c148eb437f6fcfeac5cbb,egglog,3,ok,0,954.5430950820446,0,"[""/usr/bin/python3"", ""/home/arjaiswal/Polygeist/scripts/correctness/kernel_match_rewrite.py"", ""/tmp/polybench_new/cholesky_debuf.mlir"", ""--dry-run"", ""--matcher-mode"", ""egglog"", ""--telemetry-json"", ""/home/arjaiswal/Polygeist/issues/equality_saturation_eval/campaign_20260908/polybench-cholesky-egglog-t79mmdbw.json"", ""--disable-semantic-fallback""]","== match report for /tmp/polybench_new/cholesky_debuf.mlir ==
  no_match       body#0  ?
  no_match       body#1  ?
  total: 0 matched / 2 bodies
",0,[],0,0,0,0,/tmp/polybench_new/cholesky_debuf.mlir,3598,8,2,0,395.72230353951454,2,66092,0.0,0,0,0,0,[],0,0,0,0.0,10
polybench,cholesky,/tmp/polybench_new/cholesky_debuf.mlir,f11f3515eda84e336a046f2effe13e3ae04b5b0bdc6c148eb437f6fcfeac5cbb,egglog,4,ok,0,905.624520033598,0,"[""/usr/bin/python3"", ""/home/arjaiswal/Polygeist/scripts/correctness/kernel_match_rewrite.py"", ""/tmp/polybench_new/cholesky_debuf.mlir"", ""--dry-run"", ""--matcher-mode"", ""egglog"", ""--telemetry-json"", ""/home/arjaiswal/Polygeist/issues/equality_saturation_eval/campaign_20260908/polybench-cholesky-egglog-7sxcc3pv.json"", ""--disable-semantic-fallback""]","== match report for /tmp/polybench_new/cholesky_debuf.mlir ==
  no_match       body#0  ?
  no_match       body#1  ?
  total: 0 matched / 2 bodies
",0,[],0,0,0,0,/tmp/polybench_new/cholesky_debuf.mlir,3598,8,2,0,359.41943898797035,2,66224,0.0,0,0,0,0,[],0,0,0,0.0,10
polybench,cholesky,/tmp/polybench_new/cholesky_debuf.mlir,f11f3515eda84e336a046f2effe13e3ae04b5b0bdc6c148eb437f6fcfeac5cbb,syntactic,4,ok,0,951.0444328188896,0,"[""/usr/bin/python3"", ""/home/arjaiswal/Polygeist/scripts/correctness/kernel_match_rewrite.py"", ""/tmp/polybench_new/cholesky_debuf.mlir"", ""--dry-run"", ""--matcher-mode"", ""syntactic"", ""--telemetry-json"", ""/home/arjaiswal/Polygeist/issues/equality_saturation_eval/campaign_20260908/polybench-cholesky-syntactic-g4idbej8.json"", ""--disable-semantic-fallback""]","== match report for /tmp/polybench_new/cholesky_debuf.mlir ==
  no_match       body#0  ?
  no_match       body#1  ?
  total: 0 matched / 2 bodies
",0,[],0,0,0,0,/tmp/polybench_new/cholesky_debuf.mlir,3598,0,2,0,400.01656487584114,2,66080,0.07918477058410645,0,0,0,0,[],0,0,10,0.0,10
polybench,cholesky,/tmp/polybench_new/cholesky_debuf.mlir,f11f3515eda84e336a046f2effe13e3ae04b5b0bdc6c148eb437f6fcfeac5cbb,syntactic,5,ok,0,984.1861873865128,0,"[""/usr/bin/python3"", ""/home/arjaiswal/Polygeist/scripts/correctness/kernel_match_rewrite.py"", ""/tmp/polybench_new/cholesky_debuf.mlir"", ""--dry-run"", ""--matcher-mode"", ""syntactic"", ""--telemetry-json"", ""/home/arjaiswal/Polygeist/issues/equality_saturation_eval/campaign_20260908/polybench-cholesky-syntactic-60yq_gz_.json"", ""--disable-semantic-fallback""]","== match report for /tmp/polybench_new/cholesky_debuf.mlir ==
  no_match       body#0  ?
  no_match       body#1  ?
  total: 0 matched / 2 bodies
",0,[],0,0,0,0,/tmp/polybench_new/cholesky_debuf.mlir,3598,0,2,0,442.74212419986725,2,65948,0.06854534149169922,0,0,0,0,[],0,0,10,0.0,10
polybench,cholesky,/tmp/polybench_new/cholesky_debuf.mlir,f11f3515eda84e336a046f2effe13e3ae04b5b0bdc6c148eb437f6fcfeac5cbb,egglog,5,ok,0,892.8091004490852,0,"[""/usr/bin/python3"", ""/home/arjaiswal/Polygeist/scripts/correctness/kernel_match_rewrite.py"", ""/tmp/polybench_new/cholesky_debuf.mlir"", ""--dry-run"", ""--matcher-mode"", ""egglog"", ""--telemetry-json"", ""/home/arjaiswal/Polygeist/issues/equality_saturation_eval/campaign_20260908/polybench-cholesky-egglog-r_o1_qu6.json"", ""--disable-semantic-fallback""]","== match report for /tmp/polybench_new/cholesky_debuf.mlir ==
  no_match       body#0  ?
  no_match       body#1  ?
  total: 0 matched / 2 bodies
",0,[],0,0,0,0,/tmp/polybench_new/cholesky_debuf.mlir,3598,8,2,0,386.5574151277542,2,66100,0.0,0,0,0,0,[],0,0,0,0.0,10
polybench,correlation,/tmp/polybench_new/correlation_debuf.mlir,d8a229e67216a440898dfae2e5b503040551351d2102bbc92ec6ce5657d22aaf,egglog,1,ok,0,1771.0742205381393,0,"[""/usr/bin/python3"", ""/home/arjaiswal/Polygeist/scripts/correctness/kernel_match_rewrite.py"", ""/tmp/polybench_new/correlation_debuf.mlir"", ""--dry-run"", ""--matcher-mode"", ""egglog"", ""--telemetry-json"", ""/home/arjaiswal/Polygeist/issues/equality_saturation_eval/campaign_20260908/polybench-correlation-egglog-0sbqrwpf.json"", ""--disable-semantic-fallback""]","== match report for /tmp/polybench_new/correlation_debuf.mlir ==
  aten_segmented_sum_region_reject body#[0, 1]  atenSegmentedSum
  no_match       body#2  ?
  match          body#[3]  memset_zero_1D
  no_match       body#4  ?
  no_match       body#5  ?
  no_match       body#6  ?
  no_match       body#7  ?
  match          body#[8]  cublasDsyrk_alias
  no_match       body#9  ?
  total: 2 matched / 9 bodies
",0,[],0,0,0,0,/tmp/polybench_new/correlation_debuf.mlir,6955,8,10,2,1209.820806980133,6,70420,317.15187802910805,28,28,0,12,"[{""body_indices"": [3], ""symbol"": ""memset_zero_1D""}, {""body_indices"": [8], ""symbol"": ""cublasDsyrk_alias""}]",2,0,0,0.0,130
polybench,correlation,/tmp/polybench_new/correlation_debuf.mlir,d8a229e67216a440898dfae2e5b503040551351d2102bbc92ec6ce5657d22aaf,syntactic,1,ok,0,1518.7292657792568,0,"[""/usr/bin/python3"", ""/home/arjaiswal/Polygeist/scripts/correctness/kernel_match_rewrite.py"", ""/tmp/polybench_new/correlation_debuf.mlir"", ""--dry-run"", ""--matcher-mode"", ""syntactic"", ""--telemetry-json"", ""/home/arjaiswal/Polygeist/issues/equality_saturation_eval/campaign_20260908/polybench-correlation-syntactic-9gp38kcn.json"", ""--disable-semantic-fallback""]","== match report for /tmp/polybench_new/correlation_debuf.mlir ==
  aten_segmented_sum_region_reject body#[0, 1]  atenSegmentedSum
  no_match       body#2  ?
  match          body#[3]  memset_zero_1D
  no_match       body#4  ?
  no_match       body#5  ?
  no_match       body#6  ?
  no_match       body#7  ?
  match          body#[8]  cublasDsyrk_alias
  no_match       body#9  ?
  total: 2 matched / 9 bodies
",0,[],0,0,0,0,/tmp/polybench_new/correlation_debuf.mlir,6955,0,10,2,965.1695601642132,6,66432,0.6421208381652832,0,28,0,0,"[{""body_indices"": [3], ""symbol"": ""memset_zero_1D""}, {""body_indices"": [8], ""symbol"": ""cublasDsyrk_alias""}]",2,0,130,0.0,130
polybench,correlation,/tmp/polybench_new/correlation_debuf.mlir,d8a229e67216a440898dfae2e5b503040551351d2102bbc92ec6ce5657d22aaf,syntactic,2,ok,0,1271.613821387291,0,"[""/usr/bin/python3"", ""/home/arjaiswal/Polygeist/scripts/correctness/kernel_match_rewrite.py"", ""/tmp/polybench_new/correlation_debuf.mlir"", ""--dry-run"", ""--matcher-mode"", ""syntactic"", ""--telemetry-json"", ""/home/arjaiswal/Polygeist/issues/equality_saturation_eval/campaign_20260908/polybench-correlation-syntactic-ls2dnxp0.json"", ""--disable-semantic-fallback""]","== match report for /tmp/polybench_new/correlation_debuf.mlir ==
  aten_segmented_sum_region_reject body#[0, 1]  atenSegmentedSum
  no_match       body#2  ?
  match          body#[3]  memset_zero_1D
  no_match       body#4  ?
  no_match       body#5  ?
  no_match       body#6  ?
  no_match       body#7  ?
  match          body#[8]  cublasDsyrk_alias
  no_match       body#9  ?
  total: 2 matched / 9 bodies
",0,[],0,0,0,0,/tmp/polybench_new/correlation_debuf.mlir,6955,0,10,2,775.1421444118023,6,66424,0.5002617835998535,0,28,0,0,"[{""body_indices"": [3], ""symbol"": ""memset_zero_1D""}, {""body_indices"": [8], ""symbol"": ""cublasDsyrk_alias""}]",2,0,130,0.0,130
polybench,correlation,/tmp/polybench_new/correlation_debuf.mlir,d8a229e67216a440898dfae2e5b503040551351d2102bbc92ec6ce5657d22aaf,egglog,2,ok,0,1636.5980617702007,0,"[""/usr/bin/python3"", ""/home/arjaiswal/Polygeist/scripts/correctness/kernel_match_rewrite.py"", ""/tmp/polybench_new/correlation_debuf.mlir"", ""--dry-run"", ""--matcher-mode"", ""egglog"", ""--telemetry-json"", ""/home/arjaiswal/Polygeist/issues/equality_saturation_eval/campaign_20260908/polybench-correlation-egglog-rser7ymg.json"", ""--disable-semantic-fallback""]","== match report for /tmp/polybench_new/correlation_debuf.mlir ==
  aten_segmented_sum_region_reject body#[0, 1]  atenSegmentedSum
  no_match       body#2  ?
  match          body#[3]  memset_zero_1D
  no_match       body#4  ?
  no_match       body#5  ?
  no_match       body#6  ?
  no_match       body#7  ?
  match          body#[8]  cublasDsyrk_alias
  no_match       body#9  ?
  total: 2 matched / 9 bodies
",0,[],0,0,0,0,/tmp/polybench_new/correlation_debuf.mlir,6955,8,10,2,1130.5402107536793,6,70520,288.23122382164,28,28,0,12,"[{""body_indices"": [3], ""symbol"": ""memset_zero_1D""}, {""body_indices"": [8], ""symbol"": ""cublasDsyrk_alias""}]",2,0,0,0.0,130
polybench,correlation,/tmp/polybench_new/correlation_debuf.mlir,d8a229e67216a440898dfae2e5b503040551351d2102bbc92ec6ce5657d22aaf,egglog,3,ok,0,1648.8878019154072,0,"[""/usr/bin/python3"", ""/home/arjaiswal/Polygeist/scripts/correctness/kernel_match_rewrite.py"", ""/tmp/polybench_new/correlation_debuf.mlir"", ""--dry-run"", ""--matcher-mode"", ""egglog"", ""--telemetry-json"", ""/home/arjaiswal/Polygeist/issues/equality_saturation_eval/campaign_20260908/polybench-correlation-egglog-3f8bbf0e.json"", ""--disable-semantic-fallback""]","== match report for /tmp/polybench_new/correlation_debuf.mlir ==
  aten_segmented_sum_region_reject body#[0, 1]  atenSegmentedSum
  no_match       body#2  ?
  match          body#[3]  memset_zero_1D
  no_match       body#4  ?
  no_match       body#5  ?
  no_match       body#6  ?
  no_match       body#7  ?
  match          body#[8]  cublasDsyrk_alias
  no_match       body#9  ?
  total: 2 matched / 9 bodies
",0,[],0,0,0,0,/tmp/polybench_new/correlation_debuf.mlir,6955,8,10,2,1149.927318096161,6,70340,309.9335916340351,28,28,0,12,"[{""body_indices"": [3], ""symbol"": ""memset_zero_1D""}, {""body_indices"": [8], ""symbol"": ""cublasDsyrk_alias""}]",2,0,0,0.0,130
polybench,correlation,/tmp/polybench_new/correlation_debuf.mlir,d8a229e67216a440898dfae2e5b503040551351d2102bbc92ec6ce5657d22aaf,syntactic,3,ok,0,1242.41953343153,0,"[""/usr/bin/python3"", ""/home/arjaiswal/Polygeist/scripts/correctness/kernel_match_rewrite.py"", ""/tmp/polybench_new/correlation_debuf.mlir"", ""--dry-run"", ""--matcher-mode"", ""syntactic"", ""--telemetry-json"", ""/home/arjaiswal/Polygeist/issues/equality_saturation_eval/campaign_20260908/polybench-correlation-syntactic-3wrgzjh4.json"", ""--disable-semantic-fallback""]","== match report for /tmp/polybench_new/correlation_debuf.mlir ==
  aten_segmented_sum_region_reject body#[0, 1]  atenSegmentedSum
  no_match       body#2  ?
  match          body#[3]  memset_zero_1D
  no_match       body#4  ?
  no_match       body#5  ?
  no_match       body#6  ?
  no_match       body#7  ?
  match          body#[8]  cublasDsyrk_alias
  no_match       body#9  ?
  total: 2 matched / 9 bodies
",0,[],0,0,0,0,/tmp/polybench_new/correlation_debuf.mlir,6955,0,10,2,750.2308078110218,6,66388,0.5287826061248779,0,28,0,0,"[{""body_indices"": [3], ""symbol"": ""memset_zero_1D""}, {""body_indices"": [8], ""symbol"": ""cublasDsyrk_alias""}]",2,0,130,0.0,130
polybench,correlation,/tmp/polybench_new/correlation_debuf.mlir,d8a229e67216a440898dfae2e5b503040551351d2102bbc92ec6ce5657d22aaf,syntactic,4,ok,0,1301.9315972924232,0,"[""/usr/bin/python3"", ""/home/arjaiswal/Polygeist/scripts/correctness/kernel_match_rewrite.py"", ""/tmp/polybench_new/correlation_debuf.mlir"", ""--dry-run"", ""--matcher-mode"", ""syntactic"", ""--telemetry-json"", ""/home/arjaiswal/Polygeist/issues/equality_saturation_eval/campaign_20260908/polybench-correlation-syntactic-o3gncce_.json"", ""--disable-semantic-fallback""]","== match report for /tmp/polybench_new/correlation_debuf.mlir ==
  aten_segmented_sum_region_reject body#[0, 1]  atenSegmentedSum
  no_match       body#2  ?
  match          body#[3]  memset_zero_1D
  no_match       body#4  ?
  no_match       body#5  ?
  no_match       body#6  ?
  no_match       body#7  ?
  match          body#[8]  cublasDsyrk_alias
  no_match       body#9  ?
  total: 2 matched / 9 bodies
",0,[],0,0,0,0,/tmp/polybench_new/correlation_debuf.mlir,6955,0,10,2,779.0928445756435,6,66524,0.5361177027225494,0,28,0,0,"[{""body_indices"": [3], ""symbol"": ""memset_zero_1D""}, {""body_indices"": [8], ""symbol"": ""cublasDsyrk_alias""}]",2,0,130,0.0,130
polybench,correlation,/tmp/polybench_new/correlation_debuf.mlir,d8a229e67216a440898dfae2e5b503040551351d2102bbc92ec6ce5657d22aaf,egglog,4,ok,0,1731.5368726849556,0,"[""/usr/bin/python3"", ""/home/arjaiswal/Polygeist/scripts/correctness/kernel_match_rewrite.py"", ""/tmp/polybench_new/correlation_debuf.mlir"", ""--dry-run"", ""--matcher-mode"", ""egglog"", ""--telemetry-json"", ""/home/arjaiswal/Polygeist/issues/equality_saturation_eval/campaign_20260908/polybench-correlation-egglog-n2nicv8b.json"", ""--disable-semantic-fallback""]","== match report for /tmp/polybench_new/correlation_debuf.mlir ==
  aten_segmented_sum_region_reject body#[0, 1]  atenSegmentedSum
  no_match       body#2  ?
  match          body#[3]  memset_zero_1D
  no_match       body#4  ?
  no_match       body#5  ?
  no_match       body#6  ?
  no_match       body#7  ?
  match          body#[8]  cublasDsyrk_alias
  no_match       body#9  ?
  total: 2 matched / 9 bodies
",0,[],0,0,0,0,/tmp/polybench_new/correlation_debuf.mlir,6955,8,10,2,1208.128783851862,6,70484,323.39146733283997,28,28,0,12,"[{""body_indices"": [3], ""symbol"": ""memset_zero_1D""}, {""body_indices"": [8], ""symbol"": ""cublasDsyrk_alias""}]",2,0,0,0.0,130
polybench,correlation,/tmp/polybench_new/correlation_debuf.mlir,d8a229e67216a440898dfae2e5b503040551351d2102bbc92ec6ce5657d22aaf,egglog,5,ok,0,1671.5222150087357,0,"[""/usr/bin/python3"", ""/home/arjaiswal/Polygeist/scripts/correctness/kernel_match_rewrite.py"", ""/tmp/polybench_new/correlation_debuf.mlir"", ""--dry-run"", ""--matcher-mode"", ""egglog"", ""--telemetry-json"", ""/home/arjaiswal/Polygeist/issues/equality_saturation_eval/campaign_20260908/polybench-correlation-egglog-gg0oz36m.json"", ""--disable-semantic-fallback""]","== match report for /tmp/polybench_new/correlation_debuf.mlir ==
  aten_segmented_sum_region_reject body#[0, 1]  atenSegmentedSum
  no_match       body#2  ?
  match          body#[3]  memset_zero_1D
  no_match       body#4  ?
  no_match       body#5  ?
  no_match       body#6  ?
  no_match       body#7  ?
  match          body#[8]  cublasDsyrk_alias
  no_match       body#9  ?
  total: 2 matched / 9 bodies
",0,[],0,0,0,0,/tmp/polybench_new/correlation_debuf.mlir,6955,8,10,2,1159.9004492163658,6,70692,309.4896376132965,28,28,0,12,"[{""body_indices"": [3], ""symbol"": ""memset_zero_1D""}, {""body_indices"": [8], ""symbol"": ""cublasDsyrk_alias""}]",2,0,0,0.0,130
polybench,correlation,/tmp/polybench_new/correlation_debuf.mlir,d8a229e67216a440898dfae2e5b503040551351d2102bbc92ec6ce5657d22aaf,syntactic,5,ok,0,1348.5228195786476,0,"[""/usr/bin/python3"", ""/home/arjaiswal/Polygeist/scripts/correctness/kernel_match_rewrite.py"", ""/tmp/polybench_new/correlation_debuf.mlir"", ""--dry-run"", ""--matcher-mode"", ""syntactic"", ""--telemetry-json"", ""/home/arjaiswal/Polygeist/issues/equality_saturation_eval/campaign_20260908/polybench-correlation-syntactic-mkdhz4l9.json"", ""--disable-semantic-fallback""]","== match report for /tmp/polybench_new/correlation_debuf.mlir ==
  aten_segmented_sum_region_reject body#[0, 1]  atenSegmentedSum
  no_match       body#2  ?
  match          body#[3]  memset_zero_1D
  no_match       body#4  ?
  no_match       body#5  ?
  no_match       body#6  ?
  no_match       body#7  ?
  match          body#[8]  cublasDsyrk_alias
  no_match       body#9  ?
  total: 2 matched / 9 bodies
",0,[],0,0,0,0,/tmp/polybench_new/correlation_debuf.mlir,6955,0,10,2,845.5261178314686,6,66312,0.5255043506622314,0,28,0,0,"[{""body_indices"": [3], ""symbol"": ""memset_zero_1D""}, {""body_indices"": [8], ""symbol"": ""cublasDsyrk_alias""}]",2,0,130,0.0,130
polybench,covariance,/tmp/polybench_new/covariance_debuf.mlir,83ff5feae6a93e48f62308bbb38efa9973826e495db307a69e6ed5f3515197ec,syntactic,1,ok,0,890.1311717927456,0,"[""/usr/bin/python3"", ""/home/arjaiswal/Polygeist/scripts/correctness/kernel_match_rewrite.py"", ""/tmp/polybench_new/covariance_debuf.mlir"", ""--dry-run"", ""--matcher-mode"", ""syntactic"", ""--telemetry-json"", ""/home/arjaiswal/Polygeist/issues/equality_saturation_eval/campaign_20260908/polybench-covariance-syntactic-ac2vfifl.json"", ""--disable-semantic-fallback""]","== match report for /tmp/polybench_new/covariance_debuf.mlir ==
  aten_segmented_sum_region_reject body#[0, 1]  atenSegmentedSum
  no_match       body#2  ?
  no_match       body#3  ?
  rank_or_dtype_reject body#4  cublasDdot
  total: 0 matched / 4 bodies
",0,[],0,0,0,0,/tmp/polybench_new/covariance_debuf.mlir,6074,0,5,0,409.56098586320877,2,65656,0.12896955013275146,0,8,0,0,[],0,0,36,0.0,36
polybench,covariance,/tmp/polybench_new/covariance_debuf.mlir,83ff5feae6a93e48f62308bbb38efa9973826e495db307a69e6ed5f3515197ec,egglog,1,ok,0,999.4464553892612,0,"[""/usr/bin/python3"", ""/home/arjaiswal/Polygeist/scripts/correctness/kernel_match_rewrite.py"", ""/tmp/polybench_new/covariance_debuf.mlir"", ""--dry-run"", ""--matcher-mode"", ""egglog"", ""--telemetry-json"", ""/home/arjaiswal/Polygeist/issues/equality_saturation_eval/campaign_20260908/polybench-covariance-egglog-18ayzan0.json"", ""--disable-semantic-fallback""]","== match report for /tmp/polybench_new/covariance_debuf.mlir ==
  aten_segmented_sum_region_reject body#[0, 1]  atenSegmentedSum
  no_match       body#2  ?
  no_match       body#3  ?
  rank_or_dtype_reject body#4  cublasDdot
  total: 0 matched / 4 bodies
",0,[],0,0,0,0,/tmp/polybench_new/covariance_debuf.mlir,6074,8,5,0,525.981567800045,2,69712,103.43436524271965,8,8,0,12,[],0,0,0,0.0,36
polybench,covariance,/tmp/polybench_new/covariance_debuf.mlir,83ff5feae6a93e48f62308bbb38efa9973826e495db307a69e6ed5f3515197ec,egglog,2,ok,0,1004.9500688910484,0,"[""/usr/bin/python3"", ""/home/arjaiswal/Polygeist/scripts/correctness/kernel_match_rewrite.py"", ""/tmp/polybench_new/covariance_debuf.mlir"", ""--dry-run"", ""--matcher-mode"", ""egglog"", ""--telemetry-json"", ""/home/arjaiswal/Polygeist/issues/equality_saturation_eval/campaign_20260908/polybench-covariance-egglog-evehtr90.json"", ""--disable-semantic-fallback""]","== match report for /tmp/polybench_new/covariance_debuf.mlir ==
  aten_segmented_sum_region_reject body#[0, 1]  atenSegmentedSum
  no_match       body#2  ?
  no_match       body#3  ?
  rank_or_dtype_reject body#4  cublasDdot
  total: 0 matched / 4 bodies
",0,[],0,0,0,0,/tmp/polybench_new/covariance_debuf.mlir,6074,8,5,0,519.430261105299,2,69872,91.04416519403458,8,8,0,12,[],0,0,0,0.0,36
polybench,covariance,/tmp/polybench_new/covariance_debuf.mlir,83ff5feae6a93e48f62308bbb38efa9973826e495db307a69e6ed5f3515197ec,syntactic,2,ok,0,879.8343576490879,0,"[""/usr/bin/python3"", ""/home/arjaiswal/Polygeist/scripts/correctness/kernel_match_rewrite.py"", ""/tmp/polybench_new/covariance_debuf.mlir"", ""--dry-run"", ""--matcher-mode"", ""syntactic"", ""--telemetry-json"", ""/home/arjaiswal/Polygeist/issues/equality_saturation_eval/campaign_20260908/polybench-covariance-syntactic-moay7dd9.json"", ""--disable-semantic-fallback""]","== match report for /tmp/polybench_new/covariance_debuf.mlir ==
  aten_segmented_sum_region_reject body#[0, 1]  atenSegmentedSum
  no_match       body#2  ?
  no_match       body#3  ?
  rank_or_dtype_reject body#4  cublasDdot
  total: 0 matched / 4 bodies
",0,[],0,0,0,0,/tmp/polybench_new/covariance_debuf.mlir,6074,0,5,0,399.11889284849167,2,65580,0.13816356658935547,0,8,0,0,[],0,0,36,0.0,36
polybench,covariance,/tmp/polybench_new/covariance_debuf.mlir,83ff5feae6a93e48f62308bbb38efa9973826e495db307a69e6ed5f3515197ec,syntactic,3,ok,0,925.7503189146519,0,"[""/usr/bin/python3"", ""/home/arjaiswal/Polygeist/scripts/correctness/kernel_match_rewrite.py"", ""/tmp/polybench_new/covariance_debuf.mlir"", ""--dry-run"", ""--matcher-mode"", ""syntactic"", ""--telemetry-json"", ""/home/arjaiswal/Polygeist/issues/equality_saturation_eval/campaign_20260908/polybench-covariance-syntactic-yive3sa_.json"", ""--disable-semantic-fallback""]","== match report for /tmp/polybench_new/covariance_debuf.mlir ==
  aten_segmented_sum_region_reject body#[0, 1]  atenSegmentedSum
  no_match       body#2  ?
  no_match       body#3  ?
  rank_or_dtype_reject body#4  cublasDdot
  total: 0 matched / 4 bodies
",0,[],0,0,0,0,/tmp/polybench_new/covariance_debuf.mlir,6074,0,5,0,399.552296847105,2,65620,0.13547763228416443,0,8,0,0,[],0,0,36,0.0,36
polybench,covariance,/tmp/polybench_new/covariance_debuf.mlir,83ff5feae6a93e48f62308bbb38efa9973826e495db307a69e6ed5f3515197ec,egglog,3,ok,0,1065.63226506114,0,"[""/usr/bin/python3"", ""/home/arjaiswal/Polygeist/scripts/correctness/kernel_match_rewrite.py"", ""/tmp/polybench_new/covariance_debuf.mlir"", ""--dry-run"", ""--matcher-mode"", ""egglog"", ""--telemetry-json"", ""/home/arjaiswal/Polygeist/issues/equality_saturation_eval/campaign_20260908/polybench-covariance-egglog-1lx27ys0.json"", ""--disable-semantic-fallback""]","== match report for /tmp/polybench_new/covariance_debuf.mlir ==
  aten_segmented_sum_region_reject body#[0, 1]  atenSegmentedSum
  no_match       body#2  ?
  no_match       body#3  ?
  rank_or_dtype_reject body#4  cublasDdot
  total: 0 matched / 4 bodies
",0,[],0,0,0,0,/tmp/polybench_new/covariance_debuf.mlir,6074,8,5,0,559.7284846007824,2,69752,106.98240250349045,8,8,0,12,[],0,0,0,0.0,36
polybench,covariance,/tmp/polybench_new/covariance_debuf.mlir,83ff5feae6a93e48f62308bbb38efa9973826e495db307a69e6ed5f3515197ec,egglog,4,ok,0,984.9814251065254,0,"[""/usr/bin/python3"", ""/home/arjaiswal/Polygeist/scripts/correctness/kernel_match_rewrite.py"", ""/tmp/polybench_new/covariance_debuf.mlir"", ""--dry-run"", ""--matcher-mode"", ""egglog"", ""--telemetry-json"", ""/home/arjaiswal/Polygeist/issues/equality_saturation_eval/campaign_20260908/polybench-covariance-egglog-f55cgoh2.json"", ""--disable-semantic-fallback""]","== match report for /tmp/polybench_new/covariance_debuf.mlir ==
  aten_segmented_sum_region_reject body#[0, 1]  atenSegmentedSum
  no_match       body#2  ?
  no_match       body#3  ?
  rank_or_dtype_reject body#4  cublasDdot
  total: 0 matched / 4 bodies
",0,[],0,0,0,0,/tmp/polybench_new/covariance_debuf.mlir,6074,8,5,0,505.9882812201977,2,69700,91.4059467613697,8,8,0,12,[],0,0,0,0.0,36
polybench,covariance,/tmp/polybench_new/covariance_debuf.mlir,83ff5feae6a93e48f62308bbb38efa9973826e495db307a69e6ed5f3515197ec,syntactic,4,ok,0,895.8137780427933,0,"[""/usr/bin/python3"", ""/home/arjaiswal/Polygeist/scripts/correctness/kernel_match_rewrite.py"", ""/tmp/polybench_new/covariance_debuf.mlir"", ""--dry-run"", ""--matcher-mode"", ""syntactic"", ""--telemetry-json"", ""/home/arjaiswal/Polygeist/issues/equality_saturation_eval/campaign_20260908/polybench-covariance-syntactic-a249bdhr.json"", ""--disable-semantic-fallback""]","== match report for /tmp/polybench_new/covariance_debuf.mlir ==
  aten_segmented_sum_region_reject body#[0, 1]  atenSegmentedSum
  no_match       body#2  ?
  no_match       body#3  ?
  rank_or_dtype_reject body#4  cublasDdot
  total: 0 matched / 4 bodies
",0,[],0,0,0,0,/tmp/polybench_new/covariance_debuf.mlir,6074,0,5,0,393.921434879303,2,65432,0.13610348105430603,0,8,0,0,[],0,0,36,0.0,36
polybench,covariance,/tmp/polybench_new/covariance_debuf.mlir,83ff5feae6a93e48f62308bbb38efa9973826e495db307a69e6ed5f3515197ec,syntactic,5,ok,0,976.7224416136742,0,"[""/usr/bin/python3"", ""/home/arjaiswal/Polygeist/scripts/correctness/kernel_match_rewrite.py"", ""/tmp/polybench_new/covariance_debuf.mlir"", ""--dry-run"", ""--matcher-mode"", ""syntactic"", ""--telemetry-json"", ""/home/arjaiswal/Polygeist/issues/equality_saturation_eval/campaign_20260908/polybench-covariance-syntactic-qc9fn9qy.json"", ""--disable-semantic-fallback""]","== match report for /tmp/polybench_new/covariance_debuf.mlir ==
  aten_segmented_sum_region_reject body#[0, 1]  atenSegmentedSum
  no_match       body#2  ?
  no_match       body#3  ?
  rank_or_dtype_reject body#4  cublasDdot
  total: 0 matched / 4 bodies
",0,[],0,0,0,0,/tmp/polybench_new/covariance_debuf.mlir,6074,0,5,0,452.59661227464676,2,65512,0.1227743923664093,0,8,0,0,[],0,0,36,0.0,36
polybench,covariance,/tmp/polybench_new/covariance_debuf.mlir,83ff5feae6a93e48f62308bbb38efa9973826e495db307a69e6ed5f3515197ec,egglog,5,ok,0,982.9675666987896,0,"[""/usr/bin/python3"", ""/home/arjaiswal/Polygeist/scripts/correctness/kernel_match_rewrite.py"", ""/tmp/polybench_new/covariance_debuf.mlir"", ""--dry-run"", ""--matcher-mode"", ""egglog"", ""--telemetry-json"", ""/home/arjaiswal/Polygeist/issues/equality_saturation_eval/campaign_20260908/polybench-covariance-egglog-1qjabdvi.json"", ""--disable-semantic-fallback""]","== match report for /tmp/polybench_new/covariance_debuf.mlir ==
  aten_segmented_sum_region_reject body#[0, 1]  atenSegmentedSum
  no_match       body#2  ?
  no_match       body#3  ?
  rank_or_dtype_reject body#4  cublasDdot
  total: 0 matched / 4 bodies
",0,[],0,0,0,0,/tmp/polybench_new/covariance_debuf.mlir,6074,8,5,0,497.4002167582512,2,69680,84.81156826019287,8,8,0,12,[],0,0,0,0.0,36
polybench,deriche,/tmp/polybench_new/deriche_debuf.mlir,418f71687dee9208a37b07a22ca8eedd90c9045c0c1db3af1e4b1e79435df325,egglog,1,ok,0,1601.7274633049965,0,"[""/usr/bin/python3"", ""/home/arjaiswal/Polygeist/scripts/correctness/kernel_match_rewrite.py"", ""/tmp/polybench_new/deriche_debuf.mlir"", ""--dry-run"", ""--matcher-mode"", ""egglog"", ""--telemetry-json"", ""/home/arjaiswal/Polygeist/issues/equality_saturation_eval/campaign_20260908/polybench-deriche-egglog-07l2aq4i.json"", ""--disable-semantic-fallback""]","== match report for /tmp/polybench_new/deriche_debuf.mlir ==
  match          body#[0]  memset_zero_1D
  match          body#[1]  memset_zero_1D
  match          body#[2]  memset_zero_1D
  no_match       body#3  ?
  total: 3 matched / 4 bodies
",0,[],0,0,0,0,/tmp/polybench_new/deriche_debuf.mlir,4107,8,4,3,1041.7658053338528,1,70276,540.8233851194382,46,46,0,0,"[{""body_indices"": [0], ""symbol"": ""memset_zero_1D""}, {""body_indices"": [1], ""symbol"": ""memset_zero_1D""}, {""body_indices"": [2], ""symbol"": ""memset_zero_1D""}]",3,0,0,0.0,64
polybench,deriche,/tmp/polybench_new/deriche_debuf.mlir,418f71687dee9208a37b07a22ca8eedd90c9045c0c1db3af1e4b1e79435df325,syntactic,1,ok,0,996.8547448515892,0,"[""/usr/bin/python3"", ""/home/arjaiswal/Polygeist/scripts/correctness/kernel_match_rewrite.py"", ""/tmp/polybench_new/deriche_debuf.mlir"", ""--dry-run"", ""--matcher-mode"", ""syntactic"", ""--telemetry-json"", ""/home/arjaiswal/Polygeist/issues/equality_saturation_eval/campaign_20260908/polybench-deriche-syntactic-9_r8i7q8.json"", ""--disable-semantic-fallback""]","== match report for /tmp/polybench_new/deriche_debuf.mlir ==
  match          body#[0]  memset_zero_1D
  match          body#[1]  memset_zero_1D
  match          body#[2]  memset_zero_1D
  no_match       body#3  ?
  total: 3 matched / 4 bodies
",0,[],0,0,0,0,/tmp/polybench_new/deriche_debuf.mlir,4107,0,4,3,461.5439362823963,1,65828,0.22742152214050293,0,46,0,0,"[{""body_indices"": [0], ""symbol"": ""memset_zero_1D""}, {""body_indices"": [1], ""symbol"": ""memset_zero_1D""}, {""body_indices"": [2], ""symbol"": ""memset_zero_1D""}]",3,0,64,0.0,64
polybench,deriche,/tmp/polybench_new/deriche_debuf.mlir,418f71687dee9208a37b07a22ca8eedd90c9045c0c1db3af1e4b1e79435df325,syntactic,2,ok,0,954.1731402277946,0,"[""/usr/bin/python3"", ""/home/arjaiswal/Polygeist/scripts/correctness/kernel_match_rewrite.py"", ""/tmp/polybench_new/deriche_debuf.mlir"", ""--dry-run"", ""--matcher-mode"", ""syntactic"", ""--telemetry-json"", ""/home/arjaiswal/Polygeist/issues/equality_saturation_eval/campaign_20260908/polybench-deriche-syntactic-a6jydklp.json"", ""--disable-semantic-fallback""]","== match report for /tmp/polybench_new/deriche_debuf.mlir ==
  match          body#[0]  memset_zero_1D
  match          body#[1]  memset_zero_1D
  match          body#[2]  memset_zero_1D
  no_match       body#3  ?
  total: 3 matched / 4 bodies
",0,[],0,0,0,0,/tmp/polybench_new/deriche_debuf.mlir,4107,0,4,3,447.44789600372314,1,66020,0.21567195653915405,0,46,0,0,"[{""body_indices"": [0], ""symbol"": ""memset_zero_1D""}, {""body_indices"": [1], ""symbol"": ""memset_zero_1D""}, {""body_indices"": [2], ""symbol"": ""memset_zero_1D""}]",3,0,64,0.0,64
polybench,deriche,/tmp/polybench_new/deriche_debuf.mlir,418f71687dee9208a37b07a22ca8eedd90c9045c0c1db3af1e4b1e79435df325,egglog,2,ok,0,1751.716136932373,0,"[""/usr/bin/python3"", ""/home/arjaiswal/Polygeist/scripts/correctness/kernel_match_rewrite.py"", ""/tmp/polybench_new/deriche_debuf.mlir"", ""--dry-run"", ""--matcher-mode"", ""egglog"", ""--telemetry-json"", ""/home/arjaiswal/Polygeist/issues/equality_saturation_eval/campaign_20260908/polybench-deriche-egglog-68ba7zmi.json"", ""--disable-semantic-fallback""]","== match report for /tmp/polybench_new/deriche_debuf.mlir ==
  match          body#[0]  memset_zero_1D
  match          body#[1]  memset_zero_1D
  match          body#[2]  memset_zero_1D
  no_match       body#3  ?
  total: 3 matched / 4 bodies
",0,[],0,0,0,0,/tmp/polybench_new/deriche_debuf.mlir,4107,8,4,3,1154.3095782399178,1,70316,552.9534108936787,46,46,0,0,"[{""body_indices"": [0], ""symbol"": ""memset_zero_1D""}, {""body_indices"": [1], ""symbol"": ""memset_zero_1D""}, {""body_indices"": [2], ""symbol"": ""memset_zero_1D""}]",3,0,0,0.0,64
polybench,deriche,/tmp/polybench_new/deriche_debuf.mlir,418f71687dee9208a37b07a22ca8eedd90c9045c0c1db3af1e4b1e79435df325,egglog,3,ok,0,1617.4567751586437,0,"[""/usr/bin/python3"", ""/home/arjaiswal/Polygeist/scripts/correctness/kernel_match_rewrite.py"", ""/tmp/polybench_new/deriche_debuf.mlir"", ""--dry-run"", ""--matcher-mode"", ""egglog"", ""--telemetry-json"", ""/home/arjaiswal/Polygeist/issues/equality_saturation_eval/campaign_20260908/polybench-deriche-egglog-yi2ujgsh.json"", ""--disable-semantic-fallback""]","== match report for /tmp/polybench_new/deriche_debuf.mlir ==
  match          body#[0]  memset_zero_1D
  match          body#[1]  memset_zero_1D
  match          body#[2]  memset_zero_1D
  no_match       body#3  ?
  total: 3 matched / 4 bodies
",0,[],0,0,0,0,/tmp/polybench_new/deriche_debuf.mlir,4107,8,4,3,1119.8849193751812,1,70236,587.78066188097,46,46,0,0,"[{""body_indices"": [0], ""symbol"": ""memset_zero_1D""}, {""body_indices"": [1], ""symbol"": ""memset_zero_1D""}, {""body_indices"": [2], ""symbol"": ""memset_zero_1D""}]",3,0,0,0.0,64
polybench,deriche,/tmp/polybench_new/deriche_debuf.mlir,418f71687dee9208a37b07a22ca8eedd90c9045c0c1db3af1e4b1e79435df325,syntactic,3,ok,0,1129.437617957592,0,"[""/usr/bin/python3"", ""/home/arjaiswal/Polygeist/scripts/correctness/kernel_match_rewrite.py"", ""/tmp/polybench_new/deriche_debuf.mlir"", ""--dry-run"", ""--matcher-mode"", ""syntactic"", ""--telemetry-json"", ""/home/arjaiswal/Polygeist/issues/equality_saturation_eval/campaign_20260908/polybench-deriche-syntactic-cfuyhakk.json"", ""--disable-semantic-fallback""]","== match report for /tmp/polybench_new/deriche_debuf.mlir ==
  match          body#[0]  memset_zero_1D
  match          body#[1]  memset_zero_1D
  match          body#[2]  memset_zero_1D
  no_match       body#3  ?
  total: 3 matched / 4 bodies
",0,[],0,0,0,0,/tmp/polybench_new/deriche_debuf.mlir,4107,0,4,3,555.8089502155781,1,65824,0.19134953618049622,0,46,0,0,"[{""body_indices"": [0], ""symbol"": ""memset_zero_1D""}, {""body_indices"": [1], ""symbol"": ""memset_zero_1D""}, {""body_indices"": [2], ""symbol"": ""memset_zero_1D""}]",3,0,64,0.0,64
polybench,deriche,/tmp/polybench_new/deriche_debuf.mlir,418f71687dee9208a37b07a22ca8eedd90c9045c0c1db3af1e4b1e79435df325,syntactic,4,ok,0,933.5455410182476,0,"[""/usr/bin/python3"", ""/home/arjaiswal/Polygeist/scripts/correctness/kernel_match_rewrite.py"", ""/tmp/polybench_new/deriche_debuf.mlir"", ""--dry-run"", ""--matcher-mode"", ""syntactic"", ""--telemetry-json"", ""/home/arjaiswal/Polygeist/issues/equality_saturation_eval/campaign_20260908/polybench-deriche-syntactic-k5jjmwec.json"", ""--disable-semantic-fallback""]","== match report for /tmp/polybench_new/deriche_debuf.mlir ==
  match          body#[0]  memset_zero_1D
  match          body#[1]  memset_zero_1D
  match          body#[2]  memset_zero_1D
  no_match       body#3  ?
  total: 3 matched / 4 bodies
",0,[],0,0,0,0,/tmp/polybench_new/deriche_debuf.mlir,4107,0,4,3,410.7378460466862,1,65872,0.20252913236618042,0,46,0,0,"[{""body_indices"": [0], ""symbol"": ""memset_zero_1D""}, {""body_indices"": [1], ""symbol"": ""memset_zero_1D""}, {""body_indices"": [2], ""symbol"": ""memset_zero_1D""}]",3,0,64,0.0,64
polybench,deriche,/tmp/polybench_new/deriche_debuf.mlir,418f71687dee9208a37b07a22ca8eedd90c9045c0c1db3af1e4b1e79435df325,egglog,4,ok,0,1409.5525406301022,0,"[""/usr/bin/python3"", ""/home/arjaiswal/Polygeist/scripts/correctness/kernel_match_rewrite.py"", ""/tmp/polybench_new/deriche_debuf.mlir"", ""--dry-run"", ""--matcher-mode"", ""egglog"", ""--telemetry-json"", ""/home/arjaiswal/Polygeist/issues/equality_saturation_eval/campaign_20260908/polybench-deriche-egglog-d4j3k2dl.json"", ""--disable-semantic-fallback""]","== match report for /tmp/polybench_new/deriche_debuf.mlir ==
  match          body#[0]  memset_zero_1D
  match          body#[1]  memset_zero_1D
  match          body#[2]  memset_zero_1D
  no_match       body#3  ?
  total: 3 matched / 4 bodies
",0,[],0,0,0,0,/tmp/polybench_new/deriche_debuf.mlir,4107,8,4,3,932.0828579366207,1,70328,472.4964164197445,46,46,0,0,"[{""body_indices"": [0], ""symbol"": ""memset_zero_1D""}, {""body_indices"": [1], ""symbol"": ""memset_zero_1D""}, {""body_indices"": [2], ""symbol"": ""memset_zero_1D""}]",3,0,0,0.0,64
polybench,deriche,/tmp/polybench_new/deriche_debuf.mlir,418f71687dee9208a37b07a22ca8eedd90c9045c0c1db3af1e4b1e79435df325,egglog,5,ok,0,1476.9164808094501,0,"[""/usr/bin/python3"", ""/home/arjaiswal/Polygeist/scripts/correctness/kernel_match_rewrite.py"", ""/tmp/polybench_new/deriche_debuf.mlir"", ""--dry-run"", ""--matcher-mode"", ""egglog"", ""--telemetry-json"", ""/home/arjaiswal/Polygeist/issues/equality_saturation_eval/campaign_20260908/polybench-deriche-egglog-g6fokuci.json"", ""--disable-semantic-fallback""]","== match report for /tmp/polybench_new/deriche_debuf.mlir ==
  match          body#[0]  memset_zero_1D
  match          body#[1]  memset_zero_1D
  match          body#[2]  memset_zero_1D
  no_match       body#3  ?
  total: 3 matched / 4 bodies
",0,[],0,0,0,0,/tmp/polybench_new/deriche_debuf.mlir,4107,8,4,3,962.5536277890205,1,70348,490.2282953262329,46,46,0,0,"[{""body_indices"": [0], ""symbol"": ""memset_zero_1D""}, {""body_indices"": [1], ""symbol"": ""memset_zero_1D""}, {""body_indices"": [2], ""symbol"": ""memset_zero_1D""}]",3,0,0,0.0,64
polybench,deriche,/tmp/polybench_new/deriche_debuf.mlir,418f71687dee9208a37b07a22ca8eedd90c9045c0c1db3af1e4b1e79435df325,syntactic,5,ok,0,941.1278255283833,0,"[""/usr/bin/python3"", ""/home/arjaiswal/Polygeist/scripts/correctness/kernel_match_rewrite.py"", ""/tmp/polybench_new/deriche_debuf.mlir"", ""--dry-run"", ""--matcher-mode"", ""syntactic"", ""--telemetry-json"", ""/home/arjaiswal/Polygeist/issues/equality_saturation_eval/campaign_20260908/polybench-deriche-syntactic-hscw6y8p.json"", ""--disable-semantic-fallback""]","== match report for /tmp/polybench_new/deriche_debuf.mlir ==
  match          body#[0]  memset_zero_1D
  match          body#[1]  memset_zero_1D
  match          body#[2]  memset_zero_1D
  no_match       body#3  ?
  total: 3 matched / 4 bodies
",0,[],0,0,0,0,/tmp/polybench_new/deriche_debuf.mlir,4107,0,4,3,436.1261799931526,1,65828,0.21342188119888306,0,46,0,0,"[{""body_indices"": [0], ""symbol"": ""memset_zero_1D""}, {""body_indices"": [1], ""symbol"": ""memset_zero_1D""}, {""body_indices"": [2], ""symbol"": ""memset_zero_1D""}]",3,0,64,0.0,64
polybench,doitgen,/tmp/polybench_new/doitgen_debuf.mlir,ad5071ab7cf173bbf4ba8f7f8386e34218ac7c4f7fee84f1bc1ca7e916fb33ff,syntactic,1,ok,0,898.9616669714451,0,"[""/usr/bin/python3"", ""/home/arjaiswal/Polygeist/scripts/correctness/kernel_match_rewrite.py"", ""/tmp/polybench_new/doitgen_debuf.mlir"", ""--dry-run"", ""--matcher-mode"", ""syntactic"", ""--telemetry-json"", ""/home/arjaiswal/Polygeist/issues/equality_saturation_eval/campaign_20260908/polybench-doitgen-syntactic-qst3bd31.json"", ""--disable-semantic-fallback""]","== match report for /tmp/polybench_new/doitgen_debuf.mlir ==
  no_match       body#0  ?
  no_match       body#1  ?
  no_match       body#2  ?
  total: 0 matched / 3 bodies
",0,[],0,0,0,0,/tmp/polybench_new/doitgen_debuf.mlir,3215,0,3,0,384.1709569096565,3,64728,0.01819431781768799,0,2,0,0,[],0,0,4,0.0,4
polybench,doitgen,/tmp/polybench_new/doitgen_debuf.mlir,ad5071ab7cf173bbf4ba8f7f8386e34218ac7c4f7fee84f1bc1ca7e916fb33ff,egglog,1,ok,0,803.5835884511471,0,"[""/usr/bin/python3"", ""/home/arjaiswal/Polygeist/scripts/correctness/kernel_match_rewrite.py"", ""/tmp/polybench_new/doitgen_debuf.mlir"", ""--dry-run"", ""--matcher-mode"", ""egglog"", ""--telemetry-json"", ""/home/arjaiswal/Polygeist/issues/equality_saturation_eval/campaign_20260908/polybench-doitgen-egglog-bz9nnag1.json"", ""--disable-semantic-fallback""]","== match report for /tmp/polybench_new/doitgen_debuf.mlir ==
  no_match       body#0  ?
  no_match       body#1  ?
  no_match       body#2  ?
  total: 0 matched / 3 bodies
",0,[],0,0,0,0,/tmp/polybench_new/doitgen_debuf.mlir,3215,8,3,0,318.2222805917263,3,69436,21.44009992480278,2,2,0,0,[],0,0,0,0.0,4
polybench,doitgen,/tmp/polybench_new/doitgen_debuf.mlir,ad5071ab7cf173bbf4ba8f7f8386e34218ac7c4f7fee84f1bc1ca7e916fb33ff,egglog,2,ok,0,792.514368891716,0,"[""/usr/bin/python3"", ""/home/arjaiswal/Polygeist/scripts/correctness/kernel_match_rewrite.py"", ""/tmp/polybench_new/doitgen_debuf.mlir"", ""--dry-run"", ""--matcher-mode"", ""egglog"", ""--telemetry-json"", ""/home/arjaiswal/Polygeist/issues/equality_saturation_eval/campaign_20260908/polybench-doitgen-egglog-3uqytecn.json"", ""--disable-semantic-fallback""]","== match report for /tmp/polybench_new/doitgen_debuf.mlir ==
  no_match       body#0  ?
  no_match       body#1  ?
  no_match       body#2  ?
  total: 0 matched / 3 bodies
",0,[],0,0,0,0,/tmp/polybench_new/doitgen_debuf.mlir,3215,8,3,0,316.0637579858303,3,69368,22.461406886577606,2,2,0,0,[],0,0,0,0.0,4
polybench,doitgen,/tmp/polybench_new/doitgen_debuf.mlir,ad5071ab7cf173bbf4ba8f7f8386e34218ac7c4f7fee84f1bc1ca7e916fb33ff,syntactic,2,ok,0,826.7217837274075,0,"[""/usr/bin/python3"", ""/home/arjaiswal/Polygeist/scripts/correctness/kernel_match_rewrite.py"", ""/tmp/polybench_new/doitgen_debuf.mlir"", ""--dry-run"", ""--matcher-mode"", ""syntactic"", ""--telemetry-json"", ""/home/arjaiswal/Polygeist/issues/equality_saturation_eval/campaign_20260908/polybench-doitgen-syntactic-jf1n3513.json"", ""--disable-semantic-fallback""]","== match report for /tmp/polybench_new/doitgen_debuf.mlir ==
  no_match       body#0  ?
  no_match       body#1  ?
  no_match       body#2  ?
  total: 0 matched / 3 bodies
",0,[],0,0,0,0,/tmp/polybench_new/doitgen_debuf.mlir,3215,0,3,0,321.9214007258415,3,64688,0.01574680209159851,0,2,0,0,[],0,0,4,0.0,4
polybench,doitgen,/tmp/polybench_new/doitgen_debuf.mlir,ad5071ab7cf173bbf4ba8f7f8386e34218ac7c4f7fee84f1bc1ca7e916fb33ff,syntactic,3,ok,0,862.7518378198147,0,"[""/usr/bin/python3"", ""/home/arjaiswal/Polygeist/scripts/correctness/kernel_match_rewrite.py"", ""/tmp/polybench_new/doitgen_debuf.mlir"", ""--dry-run"", ""--matcher-mode"", ""syntactic"", ""--telemetry-json"", ""/home/arjaiswal/Polygeist/issues/equality_saturation_eval/campaign_20260908/polybench-doitgen-syntactic-k6fjypjc.json"", ""--disable-semantic-fallback""]","== match report for /tmp/polybench_new/doitgen_debuf.mlir ==
  no_match       body#0  ?
  no_match       body#1  ?
  no_match       body#2  ?
  total: 0 matched / 3 bodies
",0,[],0,0,0,0,/tmp/polybench_new/doitgen_debuf.mlir,3215,0,3,0,379.6744495630264,3,64708,0.01856684684753418,0,2,0,0,[],0,0,4,0.0,4
polybench,doitgen,/tmp/polybench_new/doitgen_debuf.mlir,ad5071ab7cf173bbf4ba8f7f8386e34218ac7c4f7fee84f1bc1ca7e916fb33ff,egglog,3,ok,0,975.0889576971531,0,"[""/usr/bin/python3"", ""/home/arjaiswal/Polygeist/scripts/correctness/kernel_match_rewrite.py"", ""/tmp/polybench_new/doitgen_debuf.mlir"", ""--dry-run"", ""--matcher-mode"", ""egglog"", ""--telemetry-json"", ""/home/arjaiswal/Polygeist/issues/equality_saturation_eval/campaign_20260908/polybench-doitgen-egglog-xvy6pwo3.json"", ""--disable-semantic-fallback""]","== match report for /tmp/polybench_new/doitgen_debuf.mlir ==
  no_match       body#0  ?
  no_match       body#1  ?
  no_match       body#2  ?
  total: 0 matched / 3 bodies
",0,[],0,0,0,0,/tmp/polybench_new/doitgen_debuf.mlir,3215,8,3,0,410.26489809155464,3,69400,21.66290208697319,2,2,0,0,[],0,0,0,0.0,4
polybench,doitgen,/tmp/polybench_new/doitgen_debuf.mlir,ad5071ab7cf173bbf4ba8f7f8386e34218ac7c4f7fee84f1bc1ca7e916fb33ff,egglog,4,ok,0,1182.3789589107037,0,"[""/usr/bin/python3"", ""/home/arjaiswal/Polygeist/scripts/correctness/kernel_match_rewrite.py"", ""/tmp/polybench_new/doitgen_debuf.mlir"", ""--dry-run"", ""--matcher-mode"", ""egglog"", ""--telemetry-json"", ""/home/arjaiswal/Polygeist/issues/equality_saturation_eval/campaign_20260908/polybench-doitgen-egglog-crfyxl4_.json"", ""--disable-semantic-fallback""]","== match report for /tmp/polybench_new/doitgen_debuf.mlir ==
  no_match       body#0  ?
  no_match       body#1  ?
  no_match       body#2  ?
  total: 0 matched / 3 bodies
",0,[],0,0,0,0,/tmp/polybench_new/doitgen_debuf.mlir,3215,8,3,0,505.01707941293716,3,69568,35.801637917757034,2,2,0,0,[],0,0,0,0.0,4
polybench,doitgen,/tmp/polybench_new/doitgen_debuf.mlir,ad5071ab7cf173bbf4ba8f7f8386e34218ac7c4f7fee84f1bc1ca7e916fb33ff,syntactic,4,ok,0,822.6562477648258,0,"[""/usr/bin/python3"", ""/home/arjaiswal/Polygeist/scripts/correctness/kernel_match_rewrite.py"", ""/tmp/polybench_new/doitgen_debuf.mlir"", ""--dry-run"", ""--matcher-mode"", ""syntactic"", ""--telemetry-json"", ""/home/arjaiswal/Polygeist/issues/equality_saturation_eval/campaign_20260908/polybench-doitgen-syntactic-rou0r3y2.json"", ""--disable-semantic-fallback""]","== match report for /tmp/polybench_new/doitgen_debuf.mlir ==
  no_match       body#0  ?
  no_match       body#1  ?
  no_match       body#2  ?
  total: 0 matched / 3 bodies
",0,[],0,0,0,0,/tmp/polybench_new/doitgen_debuf.mlir,3215,0,3,0,292.56362840533257,3,64976,0.01413002610206604,0,2,0,0,[],0,0,4,0.0,4
polybench,doitgen,/tmp/polybench_new/doitgen_debuf.mlir,ad5071ab7cf173bbf4ba8f7f8386e34218ac7c4f7fee84f1bc1ca7e916fb33ff,syntactic,5,ok,0,807.2815462946892,0,"[""/usr/bin/python3"", ""/home/arjaiswal/Polygeist/scripts/correctness/kernel_match_rewrite.py"", ""/tmp/polybench_new/doitgen_debuf.mlir"", ""--dry-run"", ""--matcher-mode"", ""syntactic"", ""--telemetry-json"", ""/home/arjaiswal/Polygeist/issues/equality_saturation_eval/campaign_20260908/polybench-doitgen-syntactic-qnxkqtu5.json"", ""--disable-semantic-fallback""]","== match report for /tmp/polybench_new/doitgen_debuf.mlir ==
  no_match       body#0  ?
  no_match       body#1  ?
  no_match       body#2  ?
  total: 0 matched / 3 bodies
",0,[],0,0,0,0,/tmp/polybench_new/doitgen_debuf.mlir,3215,0,3,0,283.9883863925934,3,64820,0.01539662480354309,0,2,0,0,[],0,0,4,0.0,4
polybench,doitgen,/tmp/polybench_new/doitgen_debuf.mlir,ad5071ab7cf173bbf4ba8f7f8386e34218ac7c4f7fee84f1bc1ca7e916fb33ff,egglog,5,ok,0,817.7592977881432,0,"[""/usr/bin/python3"", ""/home/arjaiswal/Polygeist/scripts/correctness/kernel_match_rewrite.py"", ""/tmp/polybench_new/doitgen_debuf.mlir"", ""--dry-run"", ""--matcher-mode"", ""egglog"", ""--telemetry-json"", ""/home/arjaiswal/Polygeist/issues/equality_saturation_eval/campaign_20260908/polybench-doitgen-egglog-zfe6vb03.json"", ""--disable-semantic-fallback""]","== match report for /tmp/polybench_new/doitgen_debuf.mlir ==
  no_match       body#0  ?
  no_match       body#1  ?
  no_match       body#2  ?
  total: 0 matched / 3 bodies
",0,[],0,0,0,0,/tmp/polybench_new/doitgen_debuf.mlir,3215,8,3,0,354.631882160902,3,69636,34.71117839217186,2,2,0,0,[],0,0,0,0.0,4
polybench,durbin,/tmp/polybench_new/durbin_debuf.mlir,4e2de5ad4421819b50b8507ddc9c68153510a921a2ed22813ed5ad6735568481,egglog,1,ok,0,913.1902307271957,0,"[""/usr/bin/python3"", ""/home/arjaiswal/Polygeist/scripts/correctness/kernel_match_rewrite.py"", ""/tmp/polybench_new/durbin_debuf.mlir"", ""--dry-run"", ""--matcher-mode"", ""egglog"", ""--telemetry-json"", ""/home/arjaiswal/Polygeist/issues/equality_saturation_eval/campaign_20260908/polybench-durbin-egglog-o7kspe95.json"", ""--disable-semantic-fallback""]","== match report for /tmp/polybench_new/durbin_debuf.mlir ==
  no_match       body#0  ?
  no_match       body#1  ?
  no_match       body#2  ?
  total: 0 matched / 3 bodies
",0,[],0,0,0,0,/tmp/polybench_new/durbin_debuf.mlir,6435,8,3,0,402.4890288710594,3,66108,0.0,0,0,0,0,[],0,0,0,0.0,14
polybench,durbin,/tmp/polybench_new/durbin_debuf.mlir,4e2de5ad4421819b50b8507ddc9c68153510a921a2ed22813ed5ad6735568481,syntactic,1,ok,0,965.1507623493671,0,"[""/usr/bin/python3"", ""/home/arjaiswal/Polygeist/scripts/correctness/kernel_match_rewrite.py"", ""/tmp/polybench_new/durbin_debuf.mlir"", ""--dry-run"", ""--matcher-mode"", ""syntactic"", ""--telemetry-json"", ""/home/arjaiswal/Polygeist/issues/equality_saturation_eval/campaign_20260908/polybench-durbin-syntactic-9eaywrxh.json"", ""--disable-semantic-fallback""]","== match report for /tmp/polybench_new/durbin_debuf.mlir ==
  no_match       body#0  ?
  no_match       body#1  ?
  no_match       body#2  ?
  total: 0 matched / 3 bodies
",0,[],0,0,0,0,/tmp/polybench_new/durbin_debuf.mlir,6435,0,3,0,430.1825426518917,3,66064,0.04355236887931824,0,0,0,0,[],0,0,14,0.0,14
polybench,durbin,/tmp/polybench_new/durbin_debuf.mlir,4e2de5ad4421819b50b8507ddc9c68153510a921a2ed22813ed5ad6735568481,syntactic,2,ok,0,940.4978901147842,0,"[""/usr/bin/python3"", ""/home/arjaiswal/Polygeist/scripts/correctness/kernel_match_rewrite.py"", ""/tmp/polybench_new/durbin_debuf.mlir"", ""--dry-run"", ""--matcher-mode"", ""syntactic"", ""--telemetry-json"", ""/home/arjaiswal/Polygeist/issues/equality_saturation_eval/campaign_20260908/polybench-durbin-syntactic-ec2xzgmt.json"", ""--disable-semantic-fallback""]","== match report for /tmp/polybench_new/durbin_debuf.mlir ==
  no_match       body#0  ?
  no_match       body#1  ?
  no_match       body#2  ?
  total: 0 matched / 3 bodies
",0,[],0,0,0,0,/tmp/polybench_new/durbin_debuf.mlir,6435,0,3,0,441.334530711174,3,65996,0.045027583837509155,0,0,0,0,[],0,0,14,0.0,14
polybench,durbin,/tmp/polybench_new/durbin_debuf.mlir,4e2de5ad4421819b50b8507ddc9c68153510a921a2ed22813ed5ad6735568481,egglog,2,ok,0,925.904031842947,0,"[""/usr/bin/python3"", ""/home/arjaiswal/Polygeist/scripts/correctness/kernel_match_rewrite.py"", ""/tmp/polybench_new/durbin_debuf.mlir"", ""--dry-run"", ""--matcher-mode"", ""egglog"", ""--telemetry-json"", ""/home/arjaiswal/Polygeist/issues/equality_saturation_eval/campaign_20260908/polybench-durbin-egglog-5pxn0hkq.json"", ""--disable-semantic-fallback""]","== match report for /tmp/polybench_new/durbin_debuf.mlir ==
  no_match       body#0  ?
  no_match       body#1  ?
  no_match       body#2  ?
  total: 0 matched / 3 bodies
",0,[],0,0,0,0,/tmp/polybench_new/durbin_debuf.mlir,6435,8,3,0,419.80504989624023,3,66256,0.0,0,0,0,0,[],0,0,0,0.0,14
polybench,durbin,/tmp/polybench_new/durbin_debuf.mlir,4e2de5ad4421819b50b8507ddc9c68153510a921a2ed22813ed5ad6735568481,egglog,3,ok,0,905.1930606365204,0,"[""/usr/bin/python3"", ""/home/arjaiswal/Polygeist/scripts/correctness/kernel_match_rewrite.py"", ""/tmp/polybench_new/durbin_debuf.mlir"", ""--dry-run"", ""--matcher-mode"", ""egglog"", ""--telemetry-json"", ""/home/arjaiswal/Polygeist/issues/equality_saturation_eval/campaign_20260908/polybench-durbin-egglog-jd2hjoom.json"", ""--disable-semantic-fallback""]","== match report for /tmp/polybench_new/durbin_debuf.mlir ==
  no_match       body#0  ?
  no_match       body#1  ?
  no_match       body#2  ?
  total: 0 matched / 3 bodies
",0,[],0,0,0,0,/tmp/polybench_new/durbin_debuf.mlir,6435,8,3,0,405.0983935594559,3,66332,0.0,0,0,0,0,[],0,0,0,0.0,14
polybench,durbin,/tmp/polybench_new/durbin_debuf.mlir,4e2de5ad4421819b50b8507ddc9c68153510a921a2ed22813ed5ad6735568481,syntactic,3,ok,0,942.9606795310974,0,"[""/usr/bin/python3"", ""/home/arjaiswal/Polygeist/scripts/correctness/kernel_match_rewrite.py"", ""/tmp/polybench_new/durbin_debuf.mlir"", ""--dry-run"", ""--matcher-mode"", ""syntactic"", ""--telemetry-json"", ""/home/arjaiswal/Polygeist/issues/equality_saturation_eval/campaign_20260908/polybench-durbin-syntactic-nw91x3f_.json"", ""--disable-semantic-fallback""]","== match report for /tmp/polybench_new/durbin_debuf.mlir ==
  no_match       body#0  ?
  no_match       body#1  ?
  no_match       body#2  ?
  total: 0 matched / 3 bodies
",0,[],0,0,0,0,/tmp/polybench_new/durbin_debuf.mlir,6435,0,3,0,429.8243783414364,3,66104,0.049266964197158813,0,0,0,0,[],0,0,14,0.0,14
polybench,durbin,/tmp/polybench_new/durbin_debuf.mlir,4e2de5ad4421819b50b8507ddc9c68153510a921a2ed22813ed5ad6735568481,syntactic,4,ok,0,976.746030151844,0,"[""/usr/bin/python3"", ""/home/arjaiswal/Polygeist/scripts/correctness/kernel_match_rewrite.py"", ""/tmp/polybench_new/durbin_debuf.mlir"", ""--dry-run"", ""--matcher-mode"", ""syntactic"", ""--telemetry-json"", ""/home/arjaiswal/Polygeist/issues/equality_saturation_eval/campaign_20260908/polybench-durbin-syntactic-kzpm4o7x.json"", ""--disable-semantic-fallback""]","== match report for /tmp/polybench_new/durbin_debuf.mlir ==
  no_match       body#0  ?
  no_match       body#1  ?
  no_match       body#2  ?
  total: 0 matched / 3 bodies
",0,[],0,0,0,0,/tmp/polybench_new/durbin_debuf.mlir,6435,0,3,0,454.92471382021904,3,66372,0.04801154136657715,0,0,0,0,[],0,0,14,0.0,14
polybench,durbin,/tmp/polybench_new/durbin_debuf.mlir,4e2de5ad4421819b50b8507ddc9c68153510a921a2ed22813ed5ad6735568481,egglog,4,ok,0,1017.1014964580536,0,"[""/usr/bin/python3"", ""/home/arjaiswal/Polygeist/scripts/correctness/kernel_match_rewrite.py"", ""/tmp/polybench_new/durbin_debuf.mlir"", ""--dry-run"", ""--matcher-mode"", ""egglog"", ""--telemetry-json"", ""/home/arjaiswal/Polygeist/issues/equality_saturation_eval/campaign_20260908/polybench-durbin-egglog-dizksdpa.json"", ""--disable-semantic-fallback""]","== match report for /tmp/polybench_new/durbin_debuf.mlir ==
  no_match       body#0  ?
  no_match       body#1  ?
  no_match       body#2  ?
  total: 0 matched / 3 bodies
",0,[],0,0,0,0,/tmp/polybench_new/durbin_debuf.mlir,6435,8,3,0,444.683201611042,3,66148,0.0,0,0,0,0,[],0,0,0,0.0,14
polybench,durbin,/tmp/polybench_new/durbin_debuf.mlir,4e2de5ad4421819b50b8507ddc9c68153510a921a2ed22813ed5ad6735568481,egglog,5,ok,0,1066.1070309579372,0,"[""/usr/bin/python3"", ""/home/arjaiswal/Polygeist/scripts/correctness/kernel_match_rewrite.py"", ""/tmp/polybench_new/durbin_debuf.mlir"", ""--dry-run"", ""--matcher-mode"", ""egglog"", ""--telemetry-json"", ""/home/arjaiswal/Polygeist/issues/equality_saturation_eval/campaign_20260908/polybench-durbin-egglog-upo8mdo1.json"", ""--disable-semantic-fallback""]","== match report for /tmp/polybench_new/durbin_debuf.mlir ==
  no_match       body#0  ?
  no_match       body#1  ?
  no_match       body#2  ?
  total: 0 matched / 3 bodies
",0,[],0,0,0,0,/tmp/polybench_new/durbin_debuf.mlir,6435,8,3,0,490.51086977124214,3,66284,0.0,0,0,0,0,[],0,0,0,0.0,14
polybench,durbin,/tmp/polybench_new/durbin_debuf.mlir,4e2de5ad4421819b50b8507ddc9c68153510a921a2ed22813ed5ad6735568481,syntactic,5,ok,0,1054.6097494661808,0,"[""/usr/bin/python3"", ""/home/arjaiswal/Polygeist/scripts/correctness/kernel_match_rewrite.py"", ""/tmp/polybench_new/durbin_debuf.mlir"", ""--dry-run"", ""--matcher-mode"", ""syntactic"", ""--telemetry-json"", ""/home/arjaiswal/Polygeist/issues/equality_saturation_eval/campaign_20260908/polybench-durbin-syntactic-r5ivdcxn.json"", ""--disable-semantic-fallback""]","== match report for /tmp/polybench_new/durbin_debuf.mlir ==
  no_match       body#0  ?
  no_match       body#1  ?
  no_match       body#2  ?
  total: 0 matched / 3 bodies
",0,[],0,0,0,0,/tmp/polybench_new/durbin_debuf.mlir,6435,0,3,0,487.6868240535259,3,66204,0.050708651542663574,0,0,0,0,[],0,0,14,0.0,14
polybench,fdtd-2d,/tmp/polybench_new/fdtd-2d_debuf.mlir,a58b734394eb311c5bfa4240f03fdd955d105039cd7845c3e28e3619eb4fb386,syntactic,1,ok,0,876.5637949109077,0,"[""/usr/bin/python3"", ""/home/arjaiswal/Polygeist/scripts/correctness/kernel_match_rewrite.py"", ""/tmp/polybench_new/fdtd-2d_debuf.mlir"", ""--dry-run"", ""--matcher-mode"", ""syntactic"", ""--telemetry-json"", ""/home/arjaiswal/Polygeist/issues/equality_saturation_eval/campaign_20260908/polybench-fdtd-2d-syntactic-vhrumuju.json"", ""--disable-semantic-fallback""]","== match report for /tmp/polybench_new/fdtd-2d_debuf.mlir ==
  no_match       body#0  ?
  no_match       body#1  ?
  no_match       body#2  ?
  no_match       body#3  ?
  total: 0 matched / 4 bodies
",0,[],0,0,0,0,/tmp/polybench_new/fdtd-2d_debuf.mlir,5788,0,4,0,331.03175833821297,4,65596,0.0,0,0,0,0,[],0,0,0,0.0,0
polybench,fdtd-2d,/tmp/polybench_new/fdtd-2d_debuf.mlir,a58b734394eb311c5bfa4240f03fdd955d105039cd7845c3e28e3619eb4fb386,egglog,1,ok,0,822.038222104311,0,"[""/usr/bin/python3"", ""/home/arjaiswal/Polygeist/scripts/correctness/kernel_match_rewrite.py"", ""/tmp/polybench_new/fdtd-2d_debuf.mlir"", ""--dry-run"", ""--matcher-mode"", ""egglog"", ""--telemetry-json"", ""/home/arjaiswal/Polygeist/issues/equality_saturation_eval/campaign_20260908/polybench-fdtd-2d-egglog-phtxhz35.json"", ""--disable-semantic-fallback""]","== match report for /tmp/polybench_new/fdtd-2d_debuf.mlir ==
  no_match       body#0  ?
  no_match       body#1  ?
  no_match       body#2  ?
  no_match       body#3  ?
  total: 0 matched / 4 bodies
",0,[],0,0,0,0,/tmp/polybench_new/fdtd-2d_debuf.mlir,5788,8,4,0,318.06422770023346,4,65780,0.0,0,0,0,0,[],0,0,0,0.0,0
polybench,fdtd-2d,/tmp/polybench_new/fdtd-2d_debuf.mlir,a58b734394eb311c5bfa4240f03fdd955d105039cd7845c3e28e3619eb4fb386,egglog,2,ok,0,817.4394704401493,0,"[""/usr/bin/python3"", ""/home/arjaiswal/Polygeist/scripts/correctness/kernel_match_rewrite.py"", ""/tmp/polybench_new/fdtd-2d_debuf.mlir"", ""--dry-run"", ""--matcher-mode"", ""egglog"", ""--telemetry-json"", ""/home/arjaiswal/Polygeist/issues/equality_saturation_eval/campaign_20260908/polybench-fdtd-2d-egglog-bskkqcyd.json"", ""--disable-semantic-fallback""]","== match report for /tmp/polybench_new/fdtd-2d_debuf.mlir ==
  no_match       body#0  ?
  no_match       body#1  ?
  no_match       body#2  ?
  no_match       body#3  ?
  total: 0 matched / 4 bodies
",0,[],0,0,0,0,/tmp/polybench_new/fdtd-2d_debuf.mlir,5788,8,4,0,329.7448605298996,4,65640,0.0,0,0,0,0,[],0,0,0,0.0,0
polybench,fdtd-2d,/tmp/polybench_new/fdtd-2d_debuf.mlir,a58b734394eb311c5bfa4240f03fdd955d105039cd7845c3e28e3619eb4fb386,syntactic,2,ok,0,828.8778029382229,0,"[""/usr/bin/python3"", ""/home/arjaiswal/Polygeist/scripts/correctness/kernel_match_rewrite.py"", ""/tmp/polybench_new/fdtd-2d_debuf.mlir"", ""--dry-run"", ""--matcher-mode"", ""syntactic"", ""--telemetry-json"", ""/home/arjaiswal/Polygeist/issues/equality_saturation_eval/campaign_20260908/polybench-fdtd-2d-syntactic-ekh0ocja.json"", ""--disable-semantic-fallback""]","== match report for /tmp/polybench_new/fdtd-2d_debuf.mlir ==
  no_match       body#0  ?
  no_match       body#1  ?
  no_match       body#2  ?
  no_match       body#3  ?
  total: 0 matched / 4 bodies
",0,[],0,0,0,0,/tmp/polybench_new/fdtd-2d_debuf.mlir,5788,0,4,0,324.8976804316044,4,65656,0.0,0,0,0,0,[],0,0,0,0.0,0
polybench,fdtd-2d,/tmp/polybench_new/fdtd-2d_debuf.mlir,a58b734394eb311c5bfa4240f03fdd955d105039cd7845c3e28e3619eb4fb386,syntactic,3,ok,0,799.4718290865421,0,"[""/usr/bin/python3"", ""/home/arjaiswal/Polygeist/scripts/correctness/kernel_match_rewrite.py"", ""/tmp/polybench_new/fdtd-2d_debuf.mlir"", ""--dry-run"", ""--matcher-mode"", ""syntactic"", ""--telemetry-json"", ""/home/arjaiswal/Polygeist/issues/equality_saturation_eval/campaign_20260908/polybench-fdtd-2d-syntactic-wubeza0e.json"", ""--disable-semantic-fallback""]","== match report for /tmp/polybench_new/fdtd-2d_debuf.mlir ==
  no_match       body#0  ?
  no_match       body#1  ?
  no_match       body#2  ?
  no_match       body#3  ?
  total: 0 matched / 4 bodies
",0,[],0,0,0,0,/tmp/polybench_new/fdtd-2d_debuf.mlir,5788,0,4,0,306.215088814497,4,65796,0.0,0,0,0,0,[],0,0,0,0.0,0
polybench,fdtd-2d,/tmp/polybench_new/fdtd-2d_debuf.mlir,a58b734394eb311c5bfa4240f03fdd955d105039cd7845c3e28e3619eb4fb386,egglog,3,ok,0,836.5562744438648,0,"[""/usr/bin/python3"", ""/home/arjaiswal/Polygeist/scripts/correctness/kernel_match_rewrite.py"", ""/tmp/polybench_new/fdtd-2d_debuf.mlir"", ""--dry-run"", ""--matcher-mode"", ""egglog"", ""--telemetry-json"", ""/home/arjaiswal/Polygeist/issues/equality_saturation_eval/campaign_20260908/polybench-fdtd-2d-egglog-ehfk7dbh.json"", ""--disable-semantic-fallback""]","== match report for /tmp/polybench_new/fdtd-2d_debuf.mlir ==
  no_match       body#0  ?
  no_match       body#1  ?
  no_match       body#2  ?
  no_match       body#3  ?
  total: 0 matched / 4 bodies
",0,[],0,0,0,0,/tmp/polybench_new/fdtd-2d_debuf.mlir,5788,8,4,0,319.6100667119026,4,65612,0.0,0,0,0,0,[],0,0,0,0.0,0
polybench,fdtd-2d,/tmp/polybench_new/fdtd-2d_debuf.mlir,a58b734394eb311c5bfa4240f03fdd955d105039cd7845c3e28e3619eb4fb386,egglog,4,ok,0,824.3833296000957,0,"[""/usr/bin/python3"", ""/home/arjaiswal/Polygeist/scripts/correctness/kernel_match_rewrite.py"", ""/tmp/polybench_new/fdtd-2d_debuf.mlir"", ""--dry-run"", ""--matcher-mode"", ""egglog"", ""--telemetry-json"", ""/home/arjaiswal/Polygeist/issues/equality_saturation_eval/campaign_20260908/polybench-fdtd-2d-egglog-emjpnaua.json"", ""--disable-semantic-fallback""]","== match report for /tmp/polybench_new/fdtd-2d_debuf.mlir ==
  no_match       body#0  ?
  no_match       body#1  ?
  no_match       body#2  ?
  no_match       body#3  ?
  total: 0 matched / 4 bodies
",0,[],0,0,0,0,/tmp/polybench_new/fdtd-2d_debuf.mlir,5788,8,4,0,322.3702944815159,4,65564,0.0,0,0,0,0,[],0,0,0,0.0,0
polybench,fdtd-2d,/tmp/polybench_new/fdtd-2d_debuf.mlir,a58b734394eb311c5bfa4240f03fdd955d105039cd7845c3e28e3619eb4fb386,syntactic,4,ok,0,883.9835338294506,0,"[""/usr/bin/python3"", ""/home/arjaiswal/Polygeist/scripts/correctness/kernel_match_rewrite.py"", ""/tmp/polybench_new/fdtd-2d_debuf.mlir"", ""--dry-run"", ""--matcher-mode"", ""syntactic"", ""--telemetry-json"", ""/home/arjaiswal/Polygeist/issues/equality_saturation_eval/campaign_20260908/polybench-fdtd-2d-syntactic-h0lg1i_l.json"", ""--disable-semantic-fallback""]","== match report for /tmp/polybench_new/fdtd-2d_debuf.mlir ==
  no_match       body#0  ?
  no_match       body#1  ?
  no_match       body#2  ?
  no_match       body#3  ?
  total: 0 matched / 4 bodies
",0,[],0,0,0,0,/tmp/polybench_new/fdtd-2d_debuf.mlir,5788,0,4,0,354.15999591350555,4,65720,0.0,0,0,0,0,[],0,0,0,0.0,0
polybench,fdtd-2d,/tmp/polybench_new/fdtd-2d_debuf.mlir,a58b734394eb311c5bfa4240f03fdd955d105039cd7845c3e28e3619eb4fb386,syntactic,5,ok,0,916.4437726140022,0,"[""/usr/bin/python3"", ""/home/arjaiswal/Polygeist/scripts/correctness/kernel_match_rewrite.py"", ""/tmp/polybench_new/fdtd-2d_debuf.mlir"", ""--dry-run"", ""--matcher-mode"", ""syntactic"", ""--telemetry-json"", ""/home/arjaiswal/Polygeist/issues/equality_saturation_eval/campaign_20260908/polybench-fdtd-2d-syntactic-z8_p3n5w.json"", ""--disable-semantic-fallback""]","== match report for /tmp/polybench_new/fdtd-2d_debuf.mlir ==
  no_match       body#0  ?
  no_match       body#1  ?
  no_match       body#2  ?
  no_match       body#3  ?
  total: 0 matched / 4 bodies
",0,[],0,0,0,0,/tmp/polybench_new/fdtd-2d_debuf.mlir,5788,0,4,0,309.5869570970535,4,65452,0.0,0,0,0,0,[],0,0,0,0.0,0
polybench,fdtd-2d,/tmp/polybench_new/fdtd-2d_debuf.mlir,a58b734394eb311c5bfa4240f03fdd955d105039cd7845c3e28e3619eb4fb386,egglog,5,ok,0,862.9681915044785,0,"[""/usr/bin/python3"", ""/home/arjaiswal/Polygeist/scripts/correctness/kernel_match_rewrite.py"", ""/tmp/polybench_new/fdtd-2d_debuf.mlir"", ""--dry-run"", ""--matcher-mode"", ""egglog"", ""--telemetry-json"", ""/home/arjaiswal/Polygeist/issues/equality_saturation_eval/campaign_20260908/polybench-fdtd-2d-egglog-yc4h19is.json"", ""--disable-semantic-fallback""]","== match report for /tmp/polybench_new/fdtd-2d_debuf.mlir ==
  no_match       body#0  ?
  no_match       body#1  ?
  no_match       body#2  ?
  no_match       body#3  ?
  total: 0 matched / 4 bodies
",0,[],0,0,0,0,/tmp/polybench_new/fdtd-2d_debuf.mlir,5788,8,4,0,334.0792655944824,4,65600,0.0,0,0,0,0,[],0,0,0,0.0,0
polybench,floyd-warshall,/tmp/polybench_new/floyd-warshall_debuf.mlir,c24faf3be91a1e5fbf866632426f1a4baba8fbbe68791710bfbb4cfac35114ec,egglog,1,ok,0,870.4562671482563,0,"[""/usr/bin/python3"", ""/home/arjaiswal/Polygeist/scripts/correctness/kernel_match_rewrite.py"", ""/tmp/polybench_new/floyd-warshall_debuf.mlir"", ""--dry-run"", ""--matcher-mode"", ""egglog"", ""--telemetry-json"", ""/home/arjaiswal/Polygeist/issues/equality_saturation_eval/campaign_20260908/polybench-floyd-warshall-egglog-v7i3bs9t.json"", ""--disable-semantic-fallback""]","== match report for /tmp/polybench_new/floyd-warshall_debuf.mlir ==
  no_match       body#0  ?
  total: 0 matched / 1 bodies
",0,[],0,0,0,0,/tmp/polybench_new/floyd-warshall_debuf.mlir,1995,8,1,0,350.40947422385216,1,65748,0.0,0,0,0,0,[],0,0,0,0.0,8
polybench,floyd-warshall,/tmp/polybench_new/floyd-warshall_debuf.mlir,c24faf3be91a1e5fbf866632426f1a4baba8fbbe68791710bfbb4cfac35114ec,syntactic,1,ok,0,815.3313584625721,0,"[""/usr/bin/python3"", ""/home/arjaiswal/Polygeist/scripts/correctness/kernel_match_rewrite.py"", ""/tmp/polybench_new/floyd-warshall_debuf.mlir"", ""--dry-run"", ""--matcher-mode"", ""syntactic"", ""--telemetry-json"", ""/home/arjaiswal/Polygeist/issues/equality_saturation_eval/campaign_20260908/polybench-floyd-warshall-syntactic-b2x3mhm7.json"", ""--disable-semantic-fallback""]","== match report for /tmp/polybench_new/floyd-warshall_debuf.mlir ==
  no_match       body#0  ?
  total: 0 matched / 1 bodies
",0,[],0,0,0,0,/tmp/polybench_new/floyd-warshall_debuf.mlir,1995,0,1,0,329.38091456890106,1,65932,0.023484230041503906,0,0,0,0,[],0,0,8,0.0,8
polybench,floyd-warshall,/tmp/polybench_new/floyd-warshall_debuf.mlir,c24faf3be91a1e5fbf866632426f1a4baba8fbbe68791710bfbb4cfac35114ec,syntactic,2,ok,0,822.464644908905,0,"[""/usr/bin/python3"", ""/home/arjaiswal/Polygeist/scripts/correctness/kernel_match_rewrite.py"", ""/tmp/polybench_new/floyd-warshall_debuf.mlir"", ""--dry-run"", ""--matcher-mode"", ""syntactic"", ""--telemetry-json"", ""/home/arjaiswal/Polygeist/issues/equality_saturation_eval/campaign_20260908/polybench-floyd-warshall-syntactic-4uy4oifa.json"", ""--disable-semantic-fallback""]","== match report for /tmp/polybench_new/floyd-warshall_debuf.mlir ==
  no_match       body#0  ?
  total: 0 matched / 1 bodies
",0,[],0,0,0,0,/tmp/polybench_new/floyd-warshall_debuf.mlir,1995,0,1,0,329.7959938645363,1,65984,0.024884939193725586,0,0,0,0,[],0,0,8,0.0,8
polybench,floyd-warshall,/tmp/polybench_new/floyd-warshall_debuf.mlir,c24faf3be91a1e5fbf866632426f1a4baba8fbbe68791710bfbb4cfac35114ec,egglog,2,ok,0,913.7312062084675,0,"[""/usr/bin/python3"", ""/home/arjaiswal/Polygeist/scripts/correctness/kernel_match_rewrite.py"", ""/tmp/polybench_new/floyd-warshall_debuf.mlir"", ""--dry-run"", ""--matcher-mode"", ""egglog"", ""--telemetry-json"", ""/home/arjaiswal/Polygeist/issues/equality_saturation_eval/campaign_20260908/polybench-floyd-warshall-egglog-3xioyyif.json"", ""--disable-semantic-fallback""]","== match report for /tmp/polybench_new/floyd-warshall_debuf.mlir ==
  no_match       body#0  ?
  total: 0 matched / 1 bodies
",0,[],0,0,0,0,/tmp/polybench_new/floyd-warshall_debuf.mlir,1995,8,1,0,348.6103154718876,1,65748,0.0,0,0,0,0,[],0,0,0,0.0,8
polybench,floyd-warshall,/tmp/polybench_new/floyd-warshall_debuf.mlir,c24faf3be91a1e5fbf866632426f1a4baba8fbbe68791710bfbb4cfac35114ec,egglog,3,ok,0,808.7758012115955,0,"[""/usr/bin/python3"", ""/home/arjaiswal/Polygeist/scripts/correctness/kernel_match_rewrite.py"", ""/tmp/polybench_new/floyd-warshall_debuf.mlir"", ""--dry-run"", ""--matcher-mode"", ""egglog"", ""--telemetry-json"", ""/home/arjaiswal/Polygeist/issues/equality_saturation_eval/campaign_20260908/polybench-floyd-warshall-egglog-oepidaqg.json"", ""--disable-semantic-fallback""]","== match report for /tmp/polybench_new/floyd-warshall_debuf.mlir ==
  no_match       body#0  ?
  total: 0 matched / 1 bodies
",0,[],0,0,0,0,/tmp/polybench_new/floyd-warshall_debuf.mlir,1995,8,1,0,322.19064980745316,1,66060,0.0,0,0,0,0,[],0,0,0,0.0,8
polybench,floyd-warshall,/tmp/polybench_new/floyd-warshall_debuf.mlir,c24faf3be91a1e5fbf866632426f1a4baba8fbbe68791710bfbb4cfac35114ec,syntactic,3,ok,0,935.3666938841343,0,"[""/usr/bin/python3"", ""/home/arjaiswal/Polygeist/scripts/correctness/kernel_match_rewrite.py"", ""/tmp/polybench_new/floyd-warshall_debuf.mlir"", ""--dry-run"", ""--matcher-mode"", ""syntactic"", ""--telemetry-json"", ""/home/arjaiswal/Polygeist/issues/equality_saturation_eval/campaign_20260908/polybench-floyd-warshall-syntactic-42h8_ngc.json"", ""--disable-semantic-fallback""]","== match report for /tmp/polybench_new/floyd-warshall_debuf.mlir ==
  no_match       body#0  ?
  total: 0 matched / 1 bodies
",0,[],0,0,0,0,/tmp/polybench_new/floyd-warshall_debuf.mlir,1995,0,1,0,350.94670578837395,1,65760,0.024545937776565552,0,0,0,0,[],0,0,8,0.0,8
polybench,floyd-warshall,/tmp/polybench_new/floyd-warshall_debuf.mlir,c24faf3be91a1e5fbf866632426f1a4baba8fbbe68791710bfbb4cfac35114ec,syntactic,4,ok,0,799.3517108261585,0,"[""/usr/bin/python3"", ""/home/arjaiswal/Polygeist/scripts/correctness/kernel_match_rewrite.py"", ""/tmp/polybench_new/floyd-warshall_debuf.mlir"", ""--dry-run"", ""--matcher-mode"", ""syntactic"", ""--telemetry-json"", ""/home/arjaiswal/Polygeist/issues/equality_saturation_eval/campaign_20260908/polybench-floyd-warshall-syntactic-k56oor2e.json"", ""--disable-semantic-fallback""]","== match report for /tmp/polybench_new/floyd-warshall_debuf.mlir ==
  no_match       body#0  ?
  total: 0 matched / 1 bodies
",0,[],0,0,0,0,/tmp/polybench_new/floyd-warshall_debuf.mlir,1995,0,1,0,321.03515788912773,1,66024,0.023014843463897705,0,0,0,0,[],0,0,8,0.0,8
polybench,floyd-warshall,/tmp/polybench_new/floyd-warshall_debuf.mlir,c24faf3be91a1e5fbf866632426f1a4baba8fbbe68791710bfbb4cfac35114ec,egglog,4,ok,0,782.0661552250385,0,"[""/usr/bin/python3"", ""/home/arjaiswal/Polygeist/scripts/correctness/kernel_match_rewrite.py"", ""/tmp/polybench_new/floyd-warshall_debuf.mlir"", ""--dry-run"", ""--matcher-mode"", ""egglog"", ""--telemetry-json"", ""/home/arjaiswal/Polygeist/issues/equality_saturation_eval/campaign_20260908/polybench-floyd-warshall-egglog-d5up9_pu.json"", ""--disable-semantic-fallback""]","== match report for /tmp/polybench_new/floyd-warshall_debuf.mlir ==
  no_match       body#0  ?
  total: 0 matched / 1 bodies
",0,[],0,0,0,0,/tmp/polybench_new/floyd-warshall_debuf.mlir,1995,8,1,0,322.02281802892685,1,65948,0.0,0,0,0,0,[],0,0,0,0.0,8
polybench,floyd-warshall,/tmp/polybench_new/floyd-warshall_debuf.mlir,c24faf3be91a1e5fbf866632426f1a4baba8fbbe68791710bfbb4cfac35114ec,egglog,5,ok,0,779.2214676737785,0,"[""/usr/bin/python3"", ""/home/arjaiswal/Polygeist/scripts/correctness/kernel_match_rewrite.py"", ""/tmp/polybench_new/floyd-warshall_debuf.mlir"", ""--dry-run"", ""--matcher-mode"", ""egglog"", ""--telemetry-json"", ""/home/arjaiswal/Polygeist/issues/equality_saturation_eval/campaign_20260908/polybench-floyd-warshall-egglog-64zd3cyx.json"", ""--disable-semantic-fallback""]","== match report for /tmp/polybench_new/floyd-warshall_debuf.mlir ==
  no_match       body#0  ?
  total: 0 matched / 1 bodies
",0,[],0,0,0,0,/tmp/polybench_new/floyd-warshall_debuf.mlir,1995,8,1,0,313.7279748916626,1,65876,0.0,0,0,0,0,[],0,0,0,0.0,8
polybench,floyd-warshall,/tmp/polybench_new/floyd-warshall_debuf.mlir,c24faf3be91a1e5fbf866632426f1a4baba8fbbe68791710bfbb4cfac35114ec,syntactic,5,ok,0,927.2781573235989,0,"[""/usr/bin/python3"", ""/home/arjaiswal/Polygeist/scripts/correctness/kernel_match_rewrite.py"", ""/tmp/polybench_new/floyd-warshall_debuf.mlir"", ""--dry-run"", ""--matcher-mode"", ""syntactic"", ""--telemetry-json"", ""/home/arjaiswal/Polygeist/issues/equality_saturation_eval/campaign_20260908/polybench-floyd-warshall-syntactic-o4tw65o2.json"", ""--disable-semantic-fallback""]","== match report for /tmp/polybench_new/floyd-warshall_debuf.mlir ==
  no_match       body#0  ?
  total: 0 matched / 1 bodies
",0,[],0,0,0,0,/tmp/polybench_new/floyd-warshall_debuf.mlir,1995,0,1,0,317.78915226459503,1,65804,0.02022087574005127,0,0,0,0,[],0,0,8,0.0,8
polybench,gemm,/tmp/polybench_new/gemm_debuf.mlir,ad63d36831dc1b8165d650d9c99ab0c5e08c2313aa91c03245b1fb1b21eff7b6,syntactic,1,ok,0,910.8679965138435,0,"[""/usr/bin/python3"", ""/home/arjaiswal/Polygeist/scripts/correctness/kernel_match_rewrite.py"", ""/tmp/polybench_new/gemm_debuf.mlir"", ""--dry-run"", ""--matcher-mode"", ""syntactic"", ""--telemetry-json"", ""/home/arjaiswal/Polygeist/issues/equality_saturation_eval/campaign_20260908/polybench-gemm-syntactic-sbybhrx4.json"", ""--disable-semantic-fallback""]","== match report for /tmp/polybench_new/gemm_debuf.mlir ==
  match          body#[0]  cublasDgeam_scale2D
  no_match       body#1  ?
  total: 1 matched / 2 bodies
",0,[],0,0,0,0,/tmp/polybench_new/gemm_debuf.mlir,2509,0,2,1,399.9975360929966,1,65736,0.14632567763328552,0,4,0,0,"[{""body_indices"": [0], ""symbol"": ""cublasDgeam_scale2D""}]",1,0,18,0.0,18
polybench,gemm,/tmp/polybench_new/gemm_debuf.mlir,ad63d36831dc1b8165d650d9c99ab0c5e08c2313aa91c03245b1fb1b21eff7b6,egglog,1,ok,0,874.7167102992535,0,"[""/usr/bin/python3"", ""/home/arjaiswal/Polygeist/scripts/correctness/kernel_match_rewrite.py"", ""/tmp/polybench_new/gemm_debuf.mlir"", ""--dry-run"", ""--matcher-mode"", ""egglog"", ""--telemetry-json"", ""/home/arjaiswal/Polygeist/issues/equality_saturation_eval/campaign_20260908/polybench-gemm-egglog-g4si4kvj.json"", ""--disable-semantic-fallback""]","== match report for /tmp/polybench_new/gemm_debuf.mlir ==
  match          body#[0, 1]  cublasDgemm
  total: 1 matched / 1 bodies
",0,[],0,0,0,0,/tmp/polybench_new/gemm_debuf.mlir,2509,8,2,2,372.2887523472309,0,69840,45.12439668178558,4,4,0,52,"[{""body_indices"": [0, 1], ""symbol"": ""cublasDgemm""}]",1,0,0,0.0,6
polybench,gemm,/tmp/polybench_new/gemm_debuf.mlir,ad63d36831dc1b8165d650d9c99ab0c5e08c2313aa91c03245b1fb1b21eff7b6,egglog,2,ok,0,860.5376332998276,0,"[""/usr/bin/python3"", ""/home/arjaiswal/Polygeist/scripts/correctness/kernel_match_rewrite.py"", ""/tmp/polybench_new/gemm_debuf.mlir"", ""--dry-run"", ""--matcher-mode"", ""egglog"", ""--telemetry-json"", ""/home/arjaiswal/Polygeist/issues/equality_saturation_eval/campaign_20260908/polybench-gemm-egglog-zk7hkay2.json"", ""--disable-semantic-fallback""]","== match report for /tmp/polybench_new/gemm_debuf.mlir ==
  match          body#[0, 1]  cublasDgemm
  total: 1 matched / 1 bodies
",0,[],0,0,0,0,/tmp/polybench_new/gemm_debuf.mlir,2509,8,2,2,366.6241578757763,0,69684,45.81319913268089,4,4,0,52,"[{""body_indices"": [0, 1], ""symbol"": ""cublasDgemm""}]",1,0,0,0.0,6
polybench,gemm,/tmp/polybench_new/gemm_debuf.mlir,ad63d36831dc1b8165d650d9c99ab0c5e08c2313aa91c03245b1fb1b21eff7b6,syntactic,2,ok,0,853.2028906047344,0,"[""/usr/bin/python3"", ""/home/arjaiswal/Polygeist/scripts/correctness/kernel_match_rewrite.py"", ""/tmp/polybench_new/gemm_debuf.mlir"", ""--dry-run"", ""--matcher-mode"", ""syntactic"", ""--telemetry-json"", ""/home/arjaiswal/Polygeist/issues/equality_saturation_eval/campaign_20260908/polybench-gemm-syntactic-ul4sx2pw.json"", ""--disable-semantic-fallback""]","== match report for /tmp/polybench_new/gemm_debuf.mlir ==
  match          body#[0]  cublasDgeam_scale2D
  no_match       body#1  ?
  total: 1 matched / 2 bodies
",0,[],0,0,0,0,/tmp/polybench_new/gemm_debuf.mlir,2509,0,2,1,364.10650983452797,1,65544,0.16248226165771484,0,4,0,0,"[{""body_indices"": [0], ""symbol"": ""cublasDgeam_scale2D""}]",1,0,18,0.0,18
polybench,gemm,/tmp/polybench_new/gemm_debuf.mlir,ad63d36831dc1b8165d650d9c99ab0c5e08c2313aa91c03245b1fb1b21eff7b6,syntactic,3,ok,0,836.4123329520226,0,"[""/usr/bin/python3"", ""/home/arjaiswal/Polygeist/scripts/correctness/kernel_match_rewrite.py"", ""/tmp/polybench_new/gemm_debuf.mlir"", ""--dry-run"", ""--matcher-mode"", ""syntactic"", ""--telemetry-json"", ""/home/arjaiswal/Polygeist/issues/equality_saturation_eval/campaign_20260908/polybench-gemm-syntactic-avahc4ds.json"", ""--disable-semantic-fallback""]","== match report for /tmp/polybench_new/gemm_debuf.mlir ==
  match          body#[0]  cublasDgeam_scale2D
  no_match       body#1  ?
  total: 1 matched / 2 bodies
",0,[],0,0,0,0,/tmp/polybench_new/gemm_debuf.mlir,2509,0,2,1,352.9435098171234,1,65796,0.15878677368164062,0,4,0,0,"[{""body_indices"": [0], ""symbol"": ""cublasDgeam_scale2D""}]",1,0,18,0.0,18
polybench,gemm,/tmp/polybench_new/gemm_debuf.mlir,ad63d36831dc1b8165d650d9c99ab0c5e08c2313aa91c03245b1fb1b21eff7b6,egglog,3,ok,0,829.3789625167847,0,"[""/usr/bin/python3"", ""/home/arjaiswal/Polygeist/scripts/correctness/kernel_match_rewrite.py"", ""/tmp/polybench_new/gemm_debuf.mlir"", ""--dry-run"", ""--matcher-mode"", ""egglog"", ""--telemetry-json"", ""/home/arjaiswal/Polygeist/issues/equality_saturation_eval/campaign_20260908/polybench-gemm-egglog-j5pxks0j.json"", ""--disable-semantic-fallback""]","== match report for /tmp/polybench_new/gemm_debuf.mlir ==
  match          body#[0, 1]  cublasDgemm
  total: 1 matched / 1 bodies
",0,[],0,0,0,0,/tmp/polybench_new/gemm_debuf.mlir,2509,8,2,2,345.8128497004509,0,69816,47.215785831213,4,4,0,52,"[{""body_indices"": [0, 1], ""symbol"": ""cublasDgemm""}]",1,0,0,0.0,6
polybench,gemm,/tmp/polybench_new/gemm_debuf.mlir,ad63d36831dc1b8165d650d9c99ab0c5e08c2313aa91c03245b1fb1b21eff7b6,egglog,4,ok,0,827.0978443324566,0,"[""/usr/bin/python3"", ""/home/arjaiswal/Polygeist/scripts/correctness/kernel_match_rewrite.py"", ""/tmp/polybench_new/gemm_debuf.mlir"", ""--dry-run"", ""--matcher-mode"", ""egglog"", ""--telemetry-json"", ""/home/arjaiswal/Polygeist/issues/equality_saturation_eval/campaign_20260908/polybench-gemm-egglog-fk698pc3.json"", ""--disable-semantic-fallback""]","== match report for /tmp/polybench_new/gemm_debuf.mlir ==
  match          body#[0, 1]  cublasDgemm
  total: 1 matched / 1 bodies
",0,[],0,0,0,0,/tmp/polybench_new/gemm_debuf.mlir,2509,8,2,2,340.70784598588943,0,69656,44.278137385845184,4,4,0,52,"[{""body_indices"": [0, 1], ""symbol"": ""cublasDgemm""}]",1,0,0,0.0,6
polybench,gemm,/tmp/polybench_new/gemm_debuf.mlir,ad63d36831dc1b8165d650d9c99ab0c5e08c2313aa91c03245b1fb1b21eff7b6,syntactic,4,ok,0,880.8833248913288,0,"[""/usr/bin/python3"", ""/home/arjaiswal/Polygeist/scripts/correctness/kernel_match_rewrite.py"", ""/tmp/polybench_new/gemm_debuf.mlir"", ""--dry-run"", ""--matcher-mode"", ""syntactic"", ""--telemetry-json"", ""/home/arjaiswal/Polygeist/issues/equality_saturation_eval/campaign_20260908/polybench-gemm-syntactic-0szv_k7i.json"", ""--disable-semantic-fallback""]","== match report for /tmp/polybench_new/gemm_debuf.mlir ==
  match          body#[0]  cublasDgeam_scale2D
  no_match       body#1  ?
  total: 1 matched / 2 bodies
",0,[],0,0,0,0,/tmp/polybench_new/gemm_debuf.mlir,2509,0,2,1,337.251391261816,1,65560,0.19250065088272095,0,4,0,0,"[{""body_indices"": [0], ""symbol"": ""cublasDgeam_scale2D""}]",1,0,18,0.0,18
polybench,gemm,/tmp/polybench_new/gemm_debuf.mlir,ad63d36831dc1b8165d650d9c99ab0c5e08c2313aa91c03245b1fb1b21eff7b6,syntactic,5,ok,0,826.2437768280506,0,"[""/usr/bin/python3"", ""/home/arjaiswal/Polygeist/scripts/correctness/kernel_match_rewrite.py"", ""/tmp/polybench_new/gemm_debuf.mlir"", ""--dry-run"", ""--matcher-mode"", ""syntactic"", ""--telemetry-json"", ""/home/arjaiswal/Polygeist/issues/equality_saturation_eval/campaign_20260908/polybench-gemm-syntactic-4gr33wn2.json"", ""--disable-semantic-fallback""]","== match report for /tmp/polybench_new/gemm_debuf.mlir ==
  match          body#[0]  cublasDgeam_scale2D
  no_match       body#1  ?
  total: 1 matched / 2 bodies
",0,[],0,0,0,0,/tmp/polybench_new/gemm_debuf.mlir,2509,0,2,1,337.78755739331245,1,65628,0.16286224126815796,0,4,0,0,"[{""body_indices"": [0], ""symbol"": ""cublasDgeam_scale2D""}]",1,0,18,0.0,18
polybench,gemm,/tmp/polybench_new/gemm_debuf.mlir,ad63d36831dc1b8165d650d9c99ab0c5e08c2313aa91c03245b1fb1b21eff7b6,egglog,5,ok,0,934.0543784201145,0,"[""/usr/bin/python3"", ""/home/arjaiswal/Polygeist/scripts/correctness/kernel_match_rewrite.py"", ""/tmp/polybench_new/gemm_debuf.mlir"", ""--dry-run"", ""--matcher-mode"", ""egglog"", ""--telemetry-json"", ""/home/arjaiswal/Polygeist/issues/equality_saturation_eval/campaign_20260908/polybench-gemm-egglog-_ivpyfpk.json"", ""--disable-semantic-fallback""]","== match report for /tmp/polybench_new/gemm_debuf.mlir ==
  match          body#[0, 1]  cublasDgemm
  total: 1 matched / 1 bodies
",0,[],0,0,0,0,/tmp/polybench_new/gemm_debuf.mlir,2509,8,2,2,465.80230817198753,0,69644,58.215439319610596,4,4,0,52,"[{""body_indices"": [0, 1], ""symbol"": ""cublasDgemm""}]",1,0,0,0.0,6
polybench,gemver,/tmp/polybench_new/gemver_debuf.mlir,122c852ea27b98b0b4478dd079430cffd240602da80a79ad0a57eda4f502cdb6,egglog,1,ok,0,1035.142756998539,0,"[""/usr/bin/python3"", ""/home/arjaiswal/Polygeist/scripts/correctness/kernel_match_rewrite.py"", ""/tmp/polybench_new/gemver_debuf.mlir"", ""--dry-run"", ""--matcher-mode"", ""egglog"", ""--telemetry-json"", ""/home/arjaiswal/Polygeist/issues/equality_saturation_eval/campaign_20260908/polybench-gemver-egglog-w3qiii16.json"", ""--disable-semantic-fallback""]","== match report for /tmp/polybench_new/gemver_debuf.mlir ==
  match          body#[0]  cublasDger_rank2
  match          body#[1]  cublasDgemv_alpha
  match          body#[2]  cublasDaxpby
  match          body#[3]  cublasDgemv_alpha
  total: 4 matched / 4 bodies
",0,[],0,0,0,0,/tmp/polybench_new/gemver_debuf.mlir,4220,8,4,4,525.9974822402,0,69836,101.28269344568253,8,8,0,210,"[{""body_indices"": [0], ""symbol"": ""cublasDger_rank2""}, {""body_indices"": [1], ""symbol"": ""cublasDgemv_alpha""}, {""body_indices"": [2], ""symbol"": ""cublasDaxpby""}, {""body_indices"": [3], ""symbol"": ""cublasDgemv_alpha""}]",4,0,0,0.0,16
polybench,gemver,/tmp/polybench_new/gemver_debuf.mlir,122c852ea27b98b0b4478dd079430cffd240602da80a79ad0a57eda4f502cdb6,syntactic,1,ok,0,869.7206676006317,0,"[""/usr/bin/python3"", ""/home/arjaiswal/Polygeist/scripts/correctness/kernel_match_rewrite.py"", ""/tmp/polybench_new/gemver_debuf.mlir"", ""--dry-run"", ""--matcher-mode"", ""syntactic"", ""--telemetry-json"", ""/home/arjaiswal/Polygeist/issues/equality_saturation_eval/campaign_20260908/polybench-gemver-syntactic-81koai_1.json"", ""--disable-semantic-fallback""]","== match report for /tmp/polybench_new/gemver_debuf.mlir ==
  match          body#[0]  cublasDger_rank2
  no_match       body#1  ?
  match          body#[2]  cublasDaxpby
  no_match       body#3  ?
  total: 2 matched / 4 bodies
",0,[],0,0,0,0,/tmp/polybench_new/gemver_debuf.mlir,4220,0,4,2,373.436588793993,2,65828,0.22331997752189636,0,4,0,0,"[{""body_indices"": [0], ""symbol"": ""cublasDger_rank2""}, {""body_indices"": [2], ""symbol"": ""cublasDaxpby""}]",2,0,16,0.0,16
polybench,gemver,/tmp/polybench_new/gemver_debuf.mlir,122c852ea27b98b0b4478dd079430cffd240602da80a79ad0a57eda4f502cdb6,syntactic,2,ok,0,862.1791079640388,0,"[""/usr/bin/python3"", ""/home/arjaiswal/Polygeist/scripts/correctness/kernel_match_rewrite.py"", ""/tmp/polybench_new/gemver_debuf.mlir"", ""--dry-run"", ""--matcher-mode"", ""syntactic"", ""--telemetry-json"", ""/home/arjaiswal/Polygeist/issues/equality_saturation_eval/campaign_20260908/polybench-gemver-syntactic-lc4o81x_.json"", ""--disable-semantic-fallback""]","== match report for /tmp/polybench_new/gemver_debuf.mlir ==
  match          body#[0]  cublasDger_rank2
  no_match       body#1  ?
  match          body#[2]  cublasDaxpby
  no_match       body#3  ?
  total: 2 matched / 4 bodies
",0,[],0,0,0,0,/tmp/polybench_new/gemver_debuf.mlir,4220,0,4,2,390.7496966421604,2,65792,0.18996000289916992,0,4,0,0,"[{""body_indices"": [0], ""symbol"": ""cublasDger_rank2""}, {""body_indices"": [2], ""symbol"": ""cublasDaxpby""}]",2,0,16,0.0,16
polybench,gemver,/tmp/polybench_new/gemver_debuf.mlir,122c852ea27b98b0b4478dd079430cffd240602da80a79ad0a57eda4f502cdb6,egglog,2,ok,0,969.9646048247814,0,"[""/usr/bin/python3"", ""/home/arjaiswal/Polygeist/scripts/correctness/kernel_match_rewrite.py"", ""/tmp/polybench_new/gemver_debuf.mlir"", ""--dry-run"", ""--matcher-mode"", ""egglog"", ""--telemetry-json"", ""/home/arjaiswal/Polygeist/issues/equality_saturation_eval/campaign_20260908/polybench-gemver-egglog-lr7pyk_5.json"", ""--disable-semantic-fallback""]","== match report for /tmp/polybench_new/gemver_debuf.mlir ==
  match          body#[0]  cublasDger_rank2
  match          body#[1]  cublasDgemv_alpha
  match          body#[2]  cublasDaxpby
  match          body#[3]  cublasDgemv_alpha
  total: 4 matched / 4 bodies
",0,[],0,0,0,0,/tmp/polybench_new/gemver_debuf.mlir,4220,8,4,4,493.95329132676125,0,70168,93.70492398738861,8,8,0,210,"[{""body_indices"": [0], ""symbol"": ""cublasDger_rank2""}, {""body_indices"": [1], ""symbol"": ""cublasDgemv_alpha""}, {""body_indices"": [2], ""symbol"": ""cublasDaxpby""}, {""body_indices"": [3], ""symbol"": ""cublasDgemv_alpha""}]",4,0,0,0.0,16
polybench,gemver,/tmp/polybench_new/gemver_debuf.mlir,122c852ea27b98b0b4478dd079430cffd240602da80a79ad0a57eda4f502cdb6,egglog,3,ok,0,1012.2602544724941,0,"[""/usr/bin/python3"", ""/home/arjaiswal/Polygeist/scripts/correctness/kernel_match_rewrite.py"", ""/tmp/polybench_new/gemver_debuf.mlir"", ""--dry-run"", ""--matcher-mode"", ""egglog"", ""--telemetry-json"", ""/home/arjaiswal/Polygeist/issues/equality_saturation_eval/campaign_20260908/polybench-gemver-egglog-o_xsiihc.json"", ""--disable-semantic-fallback""]","== match report for /tmp/polybench_new/gemver_debuf.mlir ==
  match          body#[0]  cublasDger_rank2
  match          body#[1]  cublasDgemv_alpha
  match          body#[2]  cublasDaxpby
  match          body#[3]  cublasDgemv_alpha
  total: 4 matched / 4 bodies
",0,[],0,0,0,0,/tmp/polybench_new/gemver_debuf.mlir,4220,8,4,4,469.0560847520828,0,70084,91.23504161834717,8,8,0,210,"[{""body_indices"": [0], ""symbol"": ""cublasDger_rank2""}, {""body_indices"": [1], ""symbol"": ""cublasDgemv_alpha""}, {""body_indices"": [2], ""symbol"": ""cublasDaxpby""}, {""body_indices"": [3], ""symbol"": ""cublasDgemv_alpha""}]",4,0,0,0.0,16
polybench,gemver,/tmp/polybench_new/gemver_debuf.mlir,122c852ea27b98b0b4478dd079430cffd240602da80a79ad0a57eda4f502cdb6,syntactic,3,ok,0,868.047758936882,0,"[""/usr/bin/python3"", ""/home/arjaiswal/Polygeist/scripts/correctness/kernel_match_rewrite.py"", ""/tmp/polybench_new/gemver_debuf.mlir"", ""--dry-run"", ""--matcher-mode"", ""syntactic"", ""--telemetry-json"", ""/home/arjaiswal/Polygeist/issues/equality_saturation_eval/campaign_20260908/polybench-gemver-syntactic-5wpvn8ef.json"", ""--disable-semantic-fallback""]","== match report for /tmp/polybench_new/gemver_debuf.mlir ==
  match          body#[0]  cublasDger_rank2
  no_match       body#1  ?
  match          body#[2]  cublasDaxpby
  no_match       body#3  ?
  total: 2 matched / 4 bodies
",0,[],0,0,0,0,/tmp/polybench_new/gemver_debuf.mlir,4220,0,4,2,384.19047743082047,2,66064,0.18764659762382507,0,4,0,0,"[{""body_indices"": [0], ""symbol"": ""cublasDger_rank2""}, {""body_indices"": [2], ""symbol"": ""cublasDaxpby""}]",2,0,16,0.0,16
polybench,gemver,/tmp/polybench_new/gemver_debuf.mlir,122c852ea27b98b0b4478dd079430cffd240602da80a79ad0a57eda4f502cdb6,syntactic,4,ok,0,873.3419366180897,0,"[""/usr/bin/python3"", ""/home/arjaiswal/Polygeist/scripts/correctness/kernel_match_rewrite.py"", ""/tmp/polybench_new/gemver_debuf.mlir"", ""--dry-run"", ""--matcher-mode"", ""syntactic"", ""--telemetry-json"", ""/home/arjaiswal/Polygeist/issues/equality_saturation_eval/campaign_20260908/polybench-gemver-syntactic-tu4oi1st.json"", ""--disable-semantic-fallback""]","== match report for /tmp/polybench_new/gemver_debuf.mlir ==
  match          body#[0]  cublasDger_rank2
  no_match       body#1  ?
  match          body#[2]  cublasDaxpby
  no_match       body#3  ?
  total: 2 matched / 4 bodies
",0,[],0,0,0,0,/tmp/polybench_new/gemver_debuf.mlir,4220,0,4,2,386.41661405563354,2,65760,0.1998022198677063,0,4,0,0,"[{""body_indices"": [0], ""symbol"": ""cublasDger_rank2""}, {""body_indices"": [2], ""symbol"": ""cublasDaxpby""}]",2,0,16,0.0,16
polybench,gemver,/tmp/polybench_new/gemver_debuf.mlir,122c852ea27b98b0b4478dd079430cffd240602da80a79ad0a57eda4f502cdb6,egglog,4,ok,0,1364.5204901695251,0,"[""/usr/bin/python3"", ""/home/arjaiswal/Polygeist/scripts/correctness/kernel_match_rewrite.py"", ""/tmp/polybench_new/gemver_debuf.mlir"", ""--dry-run"", ""--matcher-mode"", ""egglog"", ""--telemetry-json"", ""/home/arjaiswal/Polygeist/issues/equality_saturation_eval/campaign_20260908/polybench-gemver-egglog-wi_xbpnw.json"", ""--disable-semantic-fallback""]","== match report for /tmp/polybench_new/gemver_debuf.mlir ==
  match          body#[0]  cublasDger_rank2
  match          body#[1]  cublasDgemv_alpha
  match          body#[2]  cublasDaxpby
  match          body#[3]  cublasDgemv_alpha
  total: 4 matched / 4 bodies
",0,[],0,0,0,0,/tmp/polybench_new/gemver_debuf.mlir,4220,8,4,4,716.4827920496464,0,69932,139.99982178211212,8,8,0,210,"[{""body_indices"": [0], ""symbol"": ""cublasDger_rank2""}, {""body_indices"": [1], ""symbol"": ""cublasDgemv_alpha""}, {""body_indices"": [2], ""symbol"": ""cublasDaxpby""}, {""body_indices"": [3], ""symbol"": ""cublasDgemv_alpha""}]",4,0,0,0.0,16
polybench,gemver,/tmp/polybench_new/gemver_debuf.mlir,122c852ea27b98b0b4478dd079430cffd240602da80a79ad0a57eda4f502cdb6,egglog,5,ok,0,973.4573774039745,0,"[""/usr/bin/python3"", ""/home/arjaiswal/Polygeist/scripts/correctness/kernel_match_rewrite.py"", ""/tmp/polybench_new/gemver_debuf.mlir"", ""--dry-run"", ""--matcher-mode"", ""egglog"", ""--telemetry-json"", ""/home/arjaiswal/Polygeist/issues/equality_saturation_eval/campaign_20260908/polybench-gemver-egglog-ur_x39ca.json"", ""--disable-semantic-fallback""]","== match report for /tmp/polybench_new/gemver_debuf.mlir ==
  match          body#[0]  cublasDger_rank2
  match          body#[1]  cublasDgemv_alpha
  match          body#[2]  cublasDaxpby
  match          body#[3]  cublasDgemv_alpha
  total: 4 matched / 4 bodies
",0,[],0,0,0,0,/tmp/polybench_new/gemver_debuf.mlir,4220,8,4,4,503.7444271147251,0,69840,99.19479116797447,8,8,0,210,"[{""body_indices"": [0], ""symbol"": ""cublasDger_rank2""}, {""body_indices"": [1], ""symbol"": ""cublasDgemv_alpha""}, {""body_indices"": [2], ""symbol"": ""cublasDaxpby""}, {""body_indices"": [3], ""symbol"": ""cublasDgemv_alpha""}]",4,0,0,0.0,16
polybench,gemver,/tmp/polybench_new/gemver_debuf.mlir,122c852ea27b98b0b4478dd079430cffd240602da80a79ad0a57eda4f502cdb6,syntactic,5,ok,0,906.933955848217,0,"[""/usr/bin/python3"", ""/home/arjaiswal/Polygeist/scripts/correctness/kernel_match_rewrite.py"", ""/tmp/polybench_new/gemver_debuf.mlir"", ""--dry-run"", ""--matcher-mode"", ""syntactic"", ""--telemetry-json"", ""/home/arjaiswal/Polygeist/issues/equality_saturation_eval/campaign_20260908/polybench-gemver-syntactic-54yfy99t.json"", ""--disable-semantic-fallback""]","== match report for /tmp/polybench_new/gemver_debuf.mlir ==
  match          body#[0]  cublasDger_rank2
  no_match       body#1  ?
  match          body#[2]  cublasDaxpby
  no_match       body#3  ?
  total: 2 matched / 4 bodies
",0,[],0,0,0,0,/tmp/polybench_new/gemver_debuf.mlir,4220,0,4,2,394.9831388890743,2,65712,0.2360232174396515,0,4,0,0,"[{""body_indices"": [0], ""symbol"": ""cublasDger_rank2""}, {""body_indices"": [2], ""symbol"": ""cublasDaxpby""}]",2,0,16,0.0,16
polybench,gesummv,/tmp/polybench_new/gesummv_debuf.mlir,43add1362cdb7389767cc380fa8f56b7095faa4eaa1a1662c35c7e675cbc916c,syntactic,1,ok,0,883.1251598894596,0,"[""/usr/bin/python3"", ""/home/arjaiswal/Polygeist/scripts/correctness/kernel_match_rewrite.py"", ""/tmp/polybench_new/gesummv_debuf.mlir"", ""--dry-run"", ""--matcher-mode"", ""syntactic"", ""--telemetry-json"", ""/home/arjaiswal/Polygeist/issues/equality_saturation_eval/campaign_20260908/polybench-gesummv-syntactic-ah89wxxr.json"", ""--disable-semantic-fallback""]","== match report for /tmp/polybench_new/gesummv_debuf.mlir ==
  match          body#[0]  memset_zero_1D
  contraction_init_provenance_reject body#1  cutensornetContraction2_f64
  match          body#[3]  cublasDgemv
  match          body#[4]  cublasDaxpby
  total: 3 matched / 4 bodies
",0,[],0,0,0,0,/tmp/polybench_new/gesummv_debuf.mlir,3637,0,5,3,382.3991119861603,0,65676,0.1956932246685028,0,32,0,0,"[{""body_indices"": [0], ""symbol"": ""memset_zero_1D""}, {""body_indices"": [3], ""symbol"": ""cublasDgemv""}, {""body_indices"": [4], ""symbol"": ""cublasDaxpby""}]",3,0,38,0.0,38
polybench,gesummv,/tmp/polybench_new/gesummv_debuf.mlir,43add1362cdb7389767cc380fa8f56b7095faa4eaa1a1662c35c7e675cbc916c,egglog,1,ok,0,1368.711594492197,0,"[""/usr/bin/python3"", ""/home/arjaiswal/Polygeist/scripts/correctness/kernel_match_rewrite.py"", ""/tmp/polybench_new/gesummv_debuf.mlir"", ""--dry-run"", ""--matcher-mode"", ""egglog"", ""--telemetry-json"", ""/home/arjaiswal/Polygeist/issues/equality_saturation_eval/campaign_20260908/polybench-gesummv-egglog-_oyuqp77.json"", ""--disable-semantic-fallback""]","== match report for /tmp/polybench_new/gesummv_debuf.mlir ==
  match          body#[0]  memset_zero_1D
  contraction_init_provenance_reject body#1  cutensornetContraction2_f64
  match          body#[3]  cublasDgemv
  match          body#[4]  cublasDaxpby
  total: 3 matched / 4 bodies
",0,[],0,0,0,0,/tmp/polybench_new/gesummv_debuf.mlir,3637,8,5,3,857.0799678564072,0,70144,382.36794620752335,32,32,0,42,"[{""body_indices"": [0], ""symbol"": ""memset_zero_1D""}, {""body_indices"": [3], ""symbol"": ""cublasDgemv""}, {""body_indices"": [4], ""symbol"": ""cublasDaxpby""}]",3,0,0,0.0,38
polybench,gesummv,/tmp/polybench_new/gesummv_debuf.mlir,43add1362cdb7389767cc380fa8f56b7095faa4eaa1a1662c35c7e675cbc916c,egglog,2,ok,0,1298.5745631158352,0,"[""/usr/bin/python3"", ""/home/arjaiswal/Polygeist/scripts/correctness/kernel_match_rewrite.py"", ""/tmp/polybench_new/gesummv_debuf.mlir"", ""--dry-run"", ""--matcher-mode"", ""egglog"", ""--telemetry-json"", ""/home/arjaiswal/Polygeist/issues/equality_saturation_eval/campaign_20260908/polybench-gesummv-egglog-v7np7eev.json"", ""--disable-semantic-fallback""]","== match report for /tmp/polybench_new/gesummv_debuf.mlir ==
  match          body#[0]  memset_zero_1D
  contraction_init_provenance_reject body#1  cutensornetContraction2_f64
  match          body#[3]  cublasDgemv
  match          body#[4]  cublasDaxpby
  total: 3 matched / 4 bodies
",0,[],0,0,0,0,/tmp/polybench_new/gesummv_debuf.mlir,3637,8,5,3,810.6827437877655,0,69916,356.4905934035778,32,32,0,42,"[{""body_indices"": [0], ""symbol"": ""memset_zero_1D""}, {""body_indices"": [3], ""symbol"": ""cublasDgemv""}, {""body_indices"": [4], ""symbol"": ""cublasDaxpby""}]",3,0,0,0.0,38
polybench,gesummv,/tmp/polybench_new/gesummv_debuf.mlir,43add1362cdb7389767cc380fa8f56b7095faa4eaa1a1662c35c7e675cbc916c,syntactic,2,ok,0,906.5862074494362,0,"[""/usr/bin/python3"", ""/home/arjaiswal/Polygeist/scripts/correctness/kernel_match_rewrite.py"", ""/tmp/polybench_new/gesummv_debuf.mlir"", ""--dry-run"", ""--matcher-mode"", ""syntactic"", ""--telemetry-json"", ""/home/arjaiswal/Polygeist/issues/equality_saturation_eval/campaign_20260908/polybench-gesummv-syntactic-0ep1kr6d.json"", ""--disable-semantic-fallback""]","== match report for /tmp/polybench_new/gesummv_debuf.mlir ==
  match          body#[0]  memset_zero_1D
  contraction_init_provenance_reject body#1  cutensornetContraction2_f64
  match          body#[3]  cublasDgemv
  match          body#[4]  cublasDaxpby
  total: 3 matched / 4 bodies
",0,[],0,0,0,0,/tmp/polybench_new/gesummv_debuf.mlir,3637,0,5,3,404.1192717850208,0,65672,0.20725280046463013,0,32,0,0,"[{""body_indices"": [0], ""symbol"": ""memset_zero_1D""}, {""body_indices"": [3], ""symbol"": ""cublasDgemv""}, {""body_indices"": [4], ""symbol"": ""cublasDaxpby""}]",3,0,38,0.0,38
polybench,gesummv,/tmp/polybench_new/gesummv_debuf.mlir,43add1362cdb7389767cc380fa8f56b7095faa4eaa1a1662c35c7e675cbc916c,syntactic,3,ok,0,918.994452804327,0,"[""/usr/bin/python3"", ""/home/arjaiswal/Polygeist/scripts/correctness/kernel_match_rewrite.py"", ""/tmp/polybench_new/gesummv_debuf.mlir"", ""--dry-run"", ""--matcher-mode"", ""syntactic"", ""--telemetry-json"", ""/home/arjaiswal/Polygeist/issues/equality_saturation_eval/campaign_20260908/polybench-gesummv-syntactic-aohiyjzz.json"", ""--disable-semantic-fallback""]","== match report for /tmp/polybench_new/gesummv_debuf.mlir ==
  match          body#[0]  memset_zero_1D
  contraction_init_provenance_reject body#1  cutensornetContraction2_f64
  match          body#[3]  cublasDgemv
  match          body#[4]  cublasDaxpby
  total: 3 matched / 4 bodies
",0,[],0,0,0,0,/tmp/polybench_new/gesummv_debuf.mlir,3637,0,5,3,418.38157176971436,0,65876,0.18311664462089539,0,32,0,0,"[{""body_indices"": [0], ""symbol"": ""memset_zero_1D""}, {""body_indices"": [3], ""symbol"": ""cublasDgemv""}, {""body_indices"": [4], ""symbol"": ""cublasDaxpby""}]",3,0,38,0.0,38
polybench,gesummv,/tmp/polybench_new/gesummv_debuf.mlir,43add1362cdb7389767cc380fa8f56b7095faa4eaa1a1662c35c7e675cbc916c,egglog,3,ok,0,1441.474985331297,0,"[""/usr/bin/python3"", ""/home/arjaiswal/Polygeist/scripts/correctness/kernel_match_rewrite.py"", ""/tmp/polybench_new/gesummv_debuf.mlir"", ""--dry-run"", ""--matcher-mode"", ""egglog"", ""--telemetry-json"", ""/home/arjaiswal/Polygeist/issues/equality_saturation_eval/campaign_20260908/polybench-gesummv-egglog-1uapckbo.json"", ""--disable-semantic-fallback""]","== match report for /tmp/polybench_new/gesummv_debuf.mlir ==
  match          body#[0]  memset_zero_1D
  contraction_init_provenance_reject body#1  cutensornetContraction2_f64
  match          body#[3]  cublasDgemv
  match          body#[4]  cublasDaxpby
  total: 3 matched / 4 bodies
",0,[],0,0,0,0,/tmp/polybench_new/gesummv_debuf.mlir,3637,8,5,3,846.7890955507755,0,69984,397.46830612421036,32,32,0,42,"[{""body_indices"": [0], ""symbol"": ""memset_zero_1D""}, {""body_indices"": [3], ""symbol"": ""cublasDgemv""}, {""body_indices"": [4], ""symbol"": ""cublasDaxpby""}]",3,0,0,0.0,38
polybench,gesummv,/tmp/polybench_new/gesummv_debuf.mlir,43add1362cdb7389767cc380fa8f56b7095faa4eaa1a1662c35c7e675cbc916c,egglog,4,ok,0,1319.4974325597286,0,"[""/usr/bin/python3"", ""/home/arjaiswal/Polygeist/scripts/correctness/kernel_match_rewrite.py"", ""/tmp/polybench_new/gesummv_debuf.mlir"", ""--dry-run"", ""--matcher-mode"", ""egglog"", ""--telemetry-json"", ""/home/arjaiswal/Polygeist/issues/equality_saturation_eval/campaign_20260908/polybench-gesummv-egglog-psp3d60_.json"", ""--disable-semantic-fallback""]","== match report for /tmp/polybench_new/gesummv_debuf.mlir ==
  match          body#[0]  memset_zero_1D
  contraction_init_provenance_reject body#1  cutensornetContraction2_f64
  match          body#[3]  cublasDgemv
  match          body#[4]  cublasDaxpby
  total: 3 matched / 4 bodies
",0,[],0,0,0,0,/tmp/polybench_new/gesummv_debuf.mlir,3637,8,5,3,802.5903292000294,0,70008,365.5695989727974,32,32,0,42,"[{""body_indices"": [0], ""symbol"": ""memset_zero_1D""}, {""body_indices"": [3], ""symbol"": ""cublasDgemv""}, {""body_indices"": [4], ""symbol"": ""cublasDaxpby""}]",3,0,0,0.0,38
polybench,gesummv,/tmp/polybench_new/gesummv_debuf.mlir,43add1362cdb7389767cc380fa8f56b7095faa4eaa1a1662c35c7e675cbc916c,syntactic,4,ok,0,936.3371171057224,0,"[""/usr/bin/python3"", ""/home/arjaiswal/Polygeist/scripts/correctness/kernel_match_rewrite.py"", ""/tmp/polybench_new/gesummv_debuf.mlir"", ""--dry-run"", ""--matcher-mode"", ""syntactic"", ""--telemetry-json"", ""/home/arjaiswal/Polygeist/issues/equality_saturation_eval/campaign_20260908/polybench-gesummv-syntactic-jfo_6827.json"", ""--disable-semantic-fallback""]","== match report for /tmp/polybench_new/gesummv_debuf.mlir ==
  match          body#[0]  memset_zero_1D
  contraction_init_provenance_reject body#1  cutensornetContraction2_f64
  match          body#[3]  cublasDgemv
  match          body#[4]  cublasDaxpby
  total: 3 matched / 4 bodies
",0,[],0,0,0,0,/tmp/polybench_new/gesummv_debuf.mlir,3637,0,5,3,429.7068156301975,0,65692,0.18840283155441284,0,32,0,0,"[{""body_indices"": [0], ""symbol"": ""memset_zero_1D""}, {""body_indices"": [3], ""symbol"": ""cublasDgemv""}, {""body_indices"": [4], ""symbol"": ""cublasDaxpby""}]",3,0,38,0.0,38
polybench,gesummv,/tmp/polybench_new/gesummv_debuf.mlir,43add1362cdb7389767cc380fa8f56b7095faa4eaa1a1662c35c7e675cbc916c,syntactic,5,ok,0,842.2327488660812,0,"[""/usr/bin/python3"", ""/home/arjaiswal/Polygeist/scripts/correctness/kernel_match_rewrite.py"", ""/tmp/polybench_new/gesummv_debuf.mlir"", ""--dry-run"", ""--matcher-mode"", ""syntactic"", ""--telemetry-json"", ""/home/arjaiswal/Polygeist/issues/equality_saturation_eval/campaign_20260908/polybench-gesummv-syntactic-3o0rprsh.json"", ""--disable-semantic-fallback""]","== match report for /tmp/polybench_new/gesummv_debuf.mlir ==
  match          body#[0]  memset_zero_1D
  contraction_init_provenance_reject body#1  cutensornetContraction2_f64
  match          body#[3]  cublasDgemv
  match          body#[4]  cublasDaxpby
  total: 3 matched / 4 bodies
",0,[],0,0,0,0,/tmp/polybench_new/gesummv_debuf.mlir,3637,0,5,3,388.7286074459553,0,65548,0.19547715783119202,0,32,0,0,"[{""body_indices"": [0], ""symbol"": ""memset_zero_1D""}, {""body_indices"": [3], ""symbol"": ""cublasDgemv""}, {""body_indices"": [4], ""symbol"": ""cublasDaxpby""}]",3,0,38,0.0,38
polybench,gesummv,/tmp/polybench_new/gesummv_debuf.mlir,43add1362cdb7389767cc380fa8f56b7095faa4eaa1a1662c35c7e675cbc916c,egglog,5,ok,0,1309.9360764026642,0,"[""/usr/bin/python3"", ""/home/arjaiswal/Polygeist/scripts/correctness/kernel_match_rewrite.py"", ""/tmp/polybench_new/gesummv_debuf.mlir"", ""--dry-run"", ""--matcher-mode"", ""egglog"", ""--telemetry-json"", ""/home/arjaiswal/Polygeist/issues/equality_saturation_eval/campaign_20260908/polybench-gesummv-egglog-9kcjyn9q.json"", ""--disable-semantic-fallback""]","== match report for /tmp/polybench_new/gesummv_debuf.mlir ==
  match          body#[0]  memset_zero_1D
  contraction_init_provenance_reject body#1  cutensornetContraction2_f64
  match          body#[3]  cublasDgemv
  match          body#[4]  cublasDaxpby
  total: 3 matched / 4 bodies
",0,[],0,0,0,0,/tmp/polybench_new/gesummv_debuf.mlir,3637,8,5,3,811.0835365951061,0,69896,348.35147485136986,32,32,0,42,"[{""body_indices"": [0], ""symbol"": ""memset_zero_1D""}, {""body_indices"": [3], ""symbol"": ""cublasDgemv""}, {""body_indices"": [4], ""symbol"": ""cublasDaxpby""}]",3,0,0,0.0,38
polybench,gramschmidt,/tmp/polybench_new/gramschmidt_debuf.mlir,528a2aa39502113fbb5d1516cae3f6c377b4da85b61ab5c0a9c6c292e0b779ea,egglog,1,ok,0,922.9317009449005,0,"[""/usr/bin/python3"", ""/home/arjaiswal/Polygeist/scripts/correctness/kernel_match_rewrite.py"", ""/tmp/polybench_new/gramschmidt_debuf.mlir"", ""--dry-run"", ""--matcher-mode"", ""egglog"", ""--telemetry-json"", ""/home/arjaiswal/Polygeist/issues/equality_saturation_eval/campaign_20260908/polybench-gramschmidt-egglog-34_uilry.json"", ""--disable-semantic-fallback""]","== match report for /tmp/polybench_new/gramschmidt_debuf.mlir ==
  no_match       body#0  ?
  no_match       body#1  ?
  no_match       body#2  ?
  no_match       body#3  ?
  no_match       body#4  ?
  total: 0 matched / 5 bodies
",0,[],0,0,0,0,/tmp/polybench_new/gramschmidt_debuf.mlir,5356,8,5,0,409.7696915268898,5,70160,23.002028465270996,2,2,0,6,[],0,0,0,0.0,18
polybench,gramschmidt,/tmp/polybench_new/gramschmidt_debuf.mlir,528a2aa39502113fbb5d1516cae3f6c377b4da85b61ab5c0a9c6c292e0b779ea,syntactic,1,ok,0,836.6383016109467,0,"[""/usr/bin/python3"", ""/home/arjaiswal/Polygeist/scripts/correctness/kernel_match_rewrite.py"", ""/tmp/polybench_new/gramschmidt_debuf.mlir"", ""--dry-run"", ""--matcher-mode"", ""syntactic"", ""--telemetry-json"", ""/home/arjaiswal/Polygeist/issues/equality_saturation_eval/campaign_20260908/polybench-gramschmidt-syntactic-afc3qh_l.json"", ""--disable-semantic-fallback""]","== match report for /tmp/polybench_new/gramschmidt_debuf.mlir ==
  no_match       body#0  ?
  no_match       body#1  ?
  no_match       body#2  ?
  no_match       body#3  ?
  no_match       body#4  ?
  total: 0 matched / 5 bodies
",0,[],0,0,0,0,/tmp/polybench_new/gramschmidt_debuf.mlir,5356,0,5,0,367.3754073679447,5,65940,0.08497759699821472,0,2,0,0,[],0,0,18,0.0,18
polybench,gramschmidt,/tmp/polybench_new/gramschmidt_debuf.mlir,528a2aa39502113fbb5d1516cae3f6c377b4da85b61ab5c0a9c6c292e0b779ea,syntactic,2,ok,0,818.6061941087246,0,"[""/usr/bin/python3"", ""/home/arjaiswal/Polygeist/scripts/correctness/kernel_match_rewrite.py"", ""/tmp/polybench_new/gramschmidt_debuf.mlir"", ""--dry-run"", ""--matcher-mode"", ""syntactic"", ""--telemetry-json"", ""/home/arjaiswal/Polygeist/issues/equality_saturation_eval/campaign_20260908/polybench-gramschmidt-syntactic-7e_e3wgv.json"", ""--disable-semantic-fallback""]","== match report for /tmp/polybench_new/gramschmidt_debuf.mlir ==
  no_match       body#0  ?
  no_match       body#1  ?
  no_match       body#2  ?
  no_match       body#3  ?
  no_match       body#4  ?
  total: 0 matched / 5 bodies
",0,[],0,0,0,0,/tmp/polybench_new/gramschmidt_debuf.mlir,5356,0,5,0,356.56123608350754,5,66068,0.08036196231842041,0,2,0,0,[],0,0,18,0.0,18
polybench,gramschmidt,/tmp/polybench_new/gramschmidt_debuf.mlir,528a2aa39502113fbb5d1516cae3f6c377b4da85b61ab5c0a9c6c292e0b779ea,egglog,2,ok,0,825.2509608864784,0,"[""/usr/bin/python3"", ""/home/arjaiswal/Polygeist/scripts/correctness/kernel_match_rewrite.py"", ""/tmp/polybench_new/gramschmidt_debuf.mlir"", ""--dry-run"", ""--matcher-mode"", ""egglog"", ""--telemetry-json"", ""/home/arjaiswal/Polygeist/issues/equality_saturation_eval/campaign_20260908/polybench-gramschmidt-egglog-vietvlcm.json"", ""--disable-semantic-fallback""]","== match report for /tmp/polybench_new/gramschmidt_debuf.mlir ==
  no_match       body#0  ?
  no_match       body#1  ?
  no_match       body#2  ?
  no_match       body#3  ?
  no_match       body#4  ?
  total: 0 matched / 5 bodies
",0,[],0,0,0,0,/tmp/polybench_new/gramschmidt_debuf.mlir,5356,8,5,0,383.67224112153053,5,69676,21.102391183376312,2,2,0,6,[],0,0,0,0.0,18
polybench,gramschmidt,/tmp/polybench_new/gramschmidt_debuf.mlir,528a2aa39502113fbb5d1516cae3f6c377b4da85b61ab5c0a9c6c292e0b779ea,egglog,3,ok,0,876.3037845492363,0,"[""/usr/bin/python3"", ""/home/arjaiswal/Polygeist/scripts/correctness/kernel_match_rewrite.py"", ""/tmp/polybench_new/gramschmidt_debuf.mlir"", ""--dry-run"", ""--matcher-mode"", ""egglog"", ""--telemetry-json"", ""/home/arjaiswal/Polygeist/issues/equality_saturation_eval/campaign_20260908/polybench-gramschmidt-egglog-fq3vjjy1.json"", ""--disable-semantic-fallback""]","== match report for /tmp/polybench_new/gramschmidt_debuf.mlir ==
  no_match       body#0  ?
  no_match       body#1  ?
  no_match       body#2  ?
  no_match       body#3  ?
  no_match       body#4  ?
  total: 0 matched / 5 bodies
",0,[],0,0,0,0,/tmp/polybench_new/gramschmidt_debuf.mlir,5356,8,5,0,410.89608520269394,5,69908,27.957454323768616,2,2,0,6,[],0,0,0,0.0,18
polybench,gramschmidt,/tmp/polybench_new/gramschmidt_debuf.mlir,528a2aa39502113fbb5d1516cae3f6c377b4da85b61ab5c0a9c6c292e0b779ea,syntactic,3,ok,0,850.2796068787575,0,"[""/usr/bin/python3"", ""/home/arjaiswal/Polygeist/scripts/correctness/kernel_match_rewrite.py"", ""/tmp/polybench_new/gramschmidt_debuf.mlir"", ""--dry-run"", ""--matcher-mode"", ""syntactic"", ""--telemetry-json"", ""/home/arjaiswal/Polygeist/issues/equality_saturation_eval/campaign_20260908/polybench-gramschmidt-syntactic-huick2z_.json"", ""--disable-semantic-fallback""]","== match report for /tmp/polybench_new/gramschmidt_debuf.mlir ==
  no_match       body#0  ?
  no_match       body#1  ?
  no_match       body#2  ?
  no_match       body#3  ?
  no_match       body#4  ?
  total: 0 matched / 5 bodies
",0,[],0,0,0,0,/tmp/polybench_new/gramschmidt_debuf.mlir,5356,0,5,0,373.87510761618614,5,65864,0.07528811693191528,0,2,0,0,[],0,0,18,0.0,18
polybench,gramschmidt,/tmp/polybench_new/gramschmidt_debuf.mlir,528a2aa39502113fbb5d1516cae3f6c377b4da85b61ab5c0a9c6c292e0b779ea,syntactic,4,ok,0,864.0037663280964,0,"[""/usr/bin/python3"", ""/home/arjaiswal/Polygeist/scripts/correctness/kernel_match_rewrite.py"", ""/tmp/polybench_new/gramschmidt_debuf.mlir"", ""--dry-run"", ""--matcher-mode"", ""syntactic"", ""--telemetry-json"", ""/home/arjaiswal/Polygeist/issues/equality_saturation_eval/campaign_20260908/polybench-gramschmidt-syntactic-fm1ayy95.json"", ""--disable-semantic-fallback""]","== match report for /tmp/polybench_new/gramschmidt_debuf.mlir ==
  no_match       body#0  ?
  no_match       body#1  ?
  no_match       body#2  ?
  no_match       body#3  ?
  no_match       body#4  ?
  total: 0 matched / 5 bodies
",0,[],0,0,0,0,/tmp/polybench_new/gramschmidt_debuf.mlir,5356,0,5,0,402.9355123639107,5,65988,0.07167458534240723,0,2,0,0,[],0,0,18,0.0,18
polybench,gramschmidt,/tmp/polybench_new/gramschmidt_debuf.mlir,528a2aa39502113fbb5d1516cae3f6c377b4da85b61ab5c0a9c6c292e0b779ea,egglog,4,ok,0,879.6582743525505,0,"[""/usr/bin/python3"", ""/home/arjaiswal/Polygeist/scripts/correctness/kernel_match_rewrite.py"", ""/tmp/polybench_new/gramschmidt_debuf.mlir"", ""--dry-run"", ""--matcher-mode"", ""egglog"", ""--telemetry-json"", ""/home/arjaiswal/Polygeist/issues/equality_saturation_eval/campaign_20260908/polybench-gramschmidt-egglog-iofw18f1.json"", ""--disable-semantic-fallback""]","== match report for /tmp/polybench_new/gramschmidt_debuf.mlir ==
  no_match       body#0  ?
  no_match       body#1  ?
  no_match       body#2  ?
  no_match       body#3  ?
  no_match       body#4  ?
  total: 0 matched / 5 bodies
",0,[],0,0,0,0,/tmp/polybench_new/gramschmidt_debuf.mlir,5356,8,5,0,373.59798327088356,5,69952,21.570924669504166,2,2,0,6,[],0,0,0,0.0,18
polybench,gramschmidt,/tmp/polybench_new/gramschmidt_debuf.mlir,528a2aa39502113fbb5d1516cae3f6c377b4da85b61ab5c0a9c6c292e0b779ea,egglog,5,ok,0,842.3251993954182,0,"[""/usr/bin/python3"", ""/home/arjaiswal/Polygeist/scripts/correctness/kernel_match_rewrite.py"", ""/tmp/polybench_new/gramschmidt_debuf.mlir"", ""--dry-run"", ""--matcher-mode"", ""egglog"", ""--telemetry-json"", ""/home/arjaiswal/Polygeist/issues/equality_saturation_eval/campaign_20260908/polybench-gramschmidt-egglog-3f0t6axu.json"", ""--disable-semantic-fallback""]","== match report for /tmp/polybench_new/gramschmidt_debuf.mlir ==
  no_match       body#0  ?
  no_match       body#1  ?
  no_match       body#2  ?
  no_match       body#3  ?
  no_match       body#4  ?
  total: 0 matched / 5 bodies
",0,[],0,0,0,0,/tmp/polybench_new/gramschmidt_debuf.mlir,5356,8,5,0,390.2926445007324,5,69740,22.170402109622955,2,2,0,6,[],0,0,0,0.0,18
polybench,gramschmidt,/tmp/polybench_new/gramschmidt_debuf.mlir,528a2aa39502113fbb5d1516cae3f6c377b4da85b61ab5c0a9c6c292e0b779ea,syntactic,5,ok,0,830.9653177857399,0,"[""/usr/bin/python3"", ""/home/arjaiswal/Polygeist/scripts/correctness/kernel_match_rewrite.py"", ""/tmp/polybench_new/gramschmidt_debuf.mlir"", ""--dry-run"", ""--matcher-mode"", ""syntactic"", ""--telemetry-json"", ""/home/arjaiswal/Polygeist/issues/equality_saturation_eval/campaign_20260908/polybench-gramschmidt-syntactic-u3hvuk0f.json"", ""--disable-semantic-fallback""]","== match report for /tmp/polybench_new/gramschmidt_debuf.mlir ==
  no_match       body#0  ?
  no_match       body#1  ?
  no_match       body#2  ?
  no_match       body#3  ?
  no_match       body#4  ?
  total: 0 matched / 5 bodies
",0,[],0,0,0,0,/tmp/polybench_new/gramschmidt_debuf.mlir,5356,0,5,0,361.97736114263535,5,66044,0.07740408182144165,0,2,0,0,[],0,0,18,0.0,18
polybench,heat-3d,/tmp/polybench_new/heat-3d_debuf.mlir,7c8ddfcfd4563b5aad234b581b17b6abfc36b3aba35b61f53f55b89ed4b58ec7,syntactic,1,ok,0,872.4752962589264,0,"[""/usr/bin/python3"", ""/home/arjaiswal/Polygeist/scripts/correctness/kernel_match_rewrite.py"", ""/tmp/polybench_new/heat-3d_debuf.mlir"", ""--dry-run"", ""--matcher-mode"", ""syntactic"", ""--telemetry-json"", ""/home/arjaiswal/Polygeist/issues/equality_saturation_eval/campaign_20260908/polybench-heat-3d-syntactic-0ryxsac2.json"", ""--disable-semantic-fallback""]","== match report for /tmp/polybench_new/heat-3d_debuf.mlir ==
  no_match       body#0  ?
  no_match       body#1  ?
  total: 0 matched / 2 bodies
",0,[],0,0,0,0,/tmp/polybench_new/heat-3d_debuf.mlir,9200,0,2,0,385.35403460264206,2,66176,0.0,0,0,0,0,[],0,0,0,0.0,0
polybench,heat-3d,/tmp/polybench_new/heat-3d_debuf.mlir,7c8ddfcfd4563b5aad234b581b17b6abfc36b3aba35b61f53f55b89ed4b58ec7,egglog,1,ok,0,859.5465682446957,0,"[""/usr/bin/python3"", ""/home/arjaiswal/Polygeist/scripts/correctness/kernel_match_rewrite.py"", ""/tmp/polybench_new/heat-3d_debuf.mlir"", ""--dry-run"", ""--matcher-mode"", ""egglog"", ""--telemetry-json"", ""/home/arjaiswal/Polygeist/issues/equality_saturation_eval/campaign_20260908/polybench-heat-3d-egglog-ddduhd40.json"", ""--disable-semantic-fallback""]","== match report for /tmp/polybench_new/heat-3d_debuf.mlir ==
  no_match       body#0  ?
  no_match       body#1  ?
  total: 0 matched / 2 bodies
",0,[],0,0,0,0,/tmp/polybench_new/heat-3d_debuf.mlir,9200,8,2,0,365.1770055294037,2,66332,0.0,0,0,0,0,[],0,0,0,0.0,0
polybench,heat-3d,/tmp/polybench_new/heat-3d_debuf.mlir,7c8ddfcfd4563b5aad234b581b17b6abfc36b3aba35b61f53f55b89ed4b58ec7,egglog,2,ok,0,833.3799056708813,0,"[""/usr/bin/python3"", ""/home/arjaiswal/Polygeist/scripts/correctness/kernel_match_rewrite.py"", ""/tmp/polybench_new/heat-3d_debuf.mlir"", ""--dry-run"", ""--matcher-mode"", ""egglog"", ""--telemetry-json"", ""/home/arjaiswal/Polygeist/issues/equality_saturation_eval/campaign_20260908/polybench-heat-3d-egglog-sjberzvs.json"", ""--disable-semantic-fallback""]","== match report for /tmp/polybench_new/heat-3d_debuf.mlir ==
  no_match       body#0  ?
  no_match       body#1  ?
  total: 0 matched / 2 bodies
",0,[],0,0,0,0,/tmp/polybench_new/heat-3d_debuf.mlir,9200,8,2,0,328.47655192017555,2,66252,0.0,0,0,0,0,[],0,0,0,0.0,0
polybench,heat-3d,/tmp/polybench_new/heat-3d_debuf.mlir,7c8ddfcfd4563b5aad234b581b17b6abfc36b3aba35b61f53f55b89ed4b58ec7,syntactic,2,ok,0,820.4071633517742,0,"[""/usr/bin/python3"", ""/home/arjaiswal/Polygeist/scripts/correctness/kernel_match_rewrite.py"", ""/tmp/polybench_new/heat-3d_debuf.mlir"", ""--dry-run"", ""--matcher-mode"", ""syntactic"", ""--telemetry-json"", ""/home/arjaiswal/Polygeist/issues/equality_saturation_eval/campaign_20260908/polybench-heat-3d-syntactic-93a51q3k.json"", ""--disable-semantic-fallback""]","== match report for /tmp/polybench_new/heat-3d_debuf.mlir ==
  no_match       body#0  ?
  no_match       body#1  ?
  total: 0 matched / 2 bodies
",0,[],0,0,0,0,/tmp/polybench_new/heat-3d_debuf.mlir,9200,0,2,0,306.12313002347946,2,66356,0.0,0,0,0,0,[],0,0,0,0.0,0
polybench,heat-3d,/tmp/polybench_new/heat-3d_debuf.mlir,7c8ddfcfd4563b5aad234b581b17b6abfc36b3aba35b61f53f55b89ed4b58ec7,syntactic,3,ok,0,820.9527432918549,0,"[""/usr/bin/python3"", ""/home/arjaiswal/Polygeist/scripts/correctness/kernel_match_rewrite.py"", ""/tmp/polybench_new/heat-3d_debuf.mlir"", ""--dry-run"", ""--matcher-mode"", ""syntactic"", ""--telemetry-json"", ""/home/arjaiswal/Polygeist/issues/equality_saturation_eval/campaign_20260908/polybench-heat-3d-syntactic-x3x0umfh.json"", ""--disable-semantic-fallback""]","== match report for /tmp/polybench_new/heat-3d_debuf.mlir ==
  no_match       body#0  ?
  no_match       body#1  ?
  total: 0 matched / 2 bodies
",0,[],0,0,0,0,/tmp/polybench_new/heat-3d_debuf.mlir,9200,0,2,0,333.7417058646679,2,66212,0.0,0,0,0,0,[],0,0,0,0.0,0
polybench,heat-3d,/tmp/polybench_new/heat-3d_debuf.mlir,7c8ddfcfd4563b5aad234b581b17b6abfc36b3aba35b61f53f55b89ed4b58ec7,egglog,3,ok,0,850.1457422971725,0,"[""/usr/bin/python3"", ""/home/arjaiswal/Polygeist/scripts/correctness/kernel_match_rewrite.py"", ""/tmp/polybench_new/heat-3d_debuf.mlir"", ""--dry-run"", ""--matcher-mode"", ""egglog"", ""--telemetry-json"", ""/home/arjaiswal/Polygeist/issues/equality_saturation_eval/campaign_20260908/polybench-heat-3d-egglog-t8niamse.json"", ""--disable-semantic-fallback""]","== match report for /tmp/polybench_new/heat-3d_debuf.mlir ==
  no_match       body#0  ?
  no_match       body#1  ?
  total: 0 matched / 2 bodies
",0,[],0,0,0,0,/tmp/polybench_new/heat-3d_debuf.mlir,9200,8,2,0,365.8691793680191,2,66104,0.0,0,0,0,0,[],0,0,0,0.0,0
polybench,heat-3d,/tmp/polybench_new/heat-3d_debuf.mlir,7c8ddfcfd4563b5aad234b581b17b6abfc36b3aba35b61f53f55b89ed4b58ec7,egglog,4,ok,0,830.5279910564423,0,"[""/usr/bin/python3"", ""/home/arjaiswal/Polygeist/scripts/correctness/kernel_match_rewrite.py"", ""/tmp/polybench_new/heat-3d_debuf.mlir"", ""--dry-run"", ""--matcher-mode"", ""egglog"", ""--telemetry-json"", ""/home/arjaiswal/Polygeist/issues/equality_saturation_eval/campaign_20260908/polybench-heat-3d-egglog-93srw0av.json"", ""--disable-semantic-fallback""]","== match report for /tmp/polybench_new/heat-3d_debuf.mlir ==
  no_match       body#0  ?
  no_match       body#1  ?
  total: 0 matched / 2 bodies
",0,[],0,0,0,0,/tmp/polybench_new/heat-3d_debuf.mlir,9200,8,2,0,322.82570749521255,2,66364,0.0,0,0,0,0,[],0,0,0,0.0,0
polybench,heat-3d,/tmp/polybench_new/heat-3d_debuf.mlir,7c8ddfcfd4563b5aad234b581b17b6abfc36b3aba35b61f53f55b89ed4b58ec7,syntactic,4,ok,0,815.8014304935932,0,"[""/usr/bin/python3"", ""/home/arjaiswal/Polygeist/scripts/correctness/kernel_match_rewrite.py"", ""/tmp/polybench_new/heat-3d_debuf.mlir"", ""--dry-run"", ""--matcher-mode"", ""syntactic"", ""--telemetry-json"", ""/home/arjaiswal/Polygeist/issues/equality_saturation_eval/campaign_20260908/polybench-heat-3d-syntactic-hxuhg2uh.json"", ""--disable-semantic-fallback""]","== match report for /tmp/polybench_new/heat-3d_debuf.mlir ==
  no_match       body#0  ?
  no_match       body#1  ?
  total: 0 matched / 2 bodies
",0,[],0,0,0,0,/tmp/polybench_new/heat-3d_debuf.mlir,9200,0,2,0,326.8665224313736,2,66332,0.0,0,0,0,0,[],0,0,0,0.0,0
polybench,heat-3d,/tmp/polybench_new/heat-3d_debuf.mlir,7c8ddfcfd4563b5aad234b581b17b6abfc36b3aba35b61f53f55b89ed4b58ec7,syntactic,5,ok,0,829.9947418272495,0,"[""/usr/bin/python3"", ""/home/arjaiswal/Polygeist/scripts/correctness/kernel_match_rewrite.py"", ""/tmp/polybench_new/heat-3d_debuf.mlir"", ""--dry-run"", ""--matcher-mode"", ""syntactic"", ""--telemetry-json"", ""/home/arjaiswal/Polygeist/issues/equality_saturation_eval/campaign_20260908/polybench-heat-3d-syntactic-4znilvx2.json"", ""--disable-semantic-fallback""]","== match report for /tmp/polybench_new/heat-3d_debuf.mlir ==
  no_match       body#0  ?
  no_match       body#1  ?
  total: 0 matched / 2 bodies
",0,[],0,0,0,0,/tmp/polybench_new/heat-3d_debuf.mlir,9200,0,2,0,349.64435920119286,2,66188,0.0,0,0,0,0,[],0,0,0,0.0,0
polybench,heat-3d,/tmp/polybench_new/heat-3d_debuf.mlir,7c8ddfcfd4563b5aad234b581b17b6abfc36b3aba35b61f53f55b89ed4b58ec7,egglog,5,ok,0,787.8548800945282,0,"[""/usr/bin/python3"", ""/home/arjaiswal/Polygeist/scripts/correctness/kernel_match_rewrite.py"", ""/tmp/polybench_new/heat-3d_debuf.mlir"", ""--dry-run"", ""--matcher-mode"", ""egglog"", ""--telemetry-json"", ""/home/arjaiswal/Polygeist/issues/equality_saturation_eval/campaign_20260908/polybench-heat-3d-egglog-1nbbc3mr.json"", ""--disable-semantic-fallback""]","== match report for /tmp/polybench_new/heat-3d_debuf.mlir ==
  no_match       body#0  ?
  no_match       body#1  ?
  total: 0 matched / 2 bodies
",0,[],0,0,0,0,/tmp/polybench_new/heat-3d_debuf.mlir,9200,8,2,0,321.3105611503124,2,66264,0.0,0,0,0,0,[],0,0,0,0.0,0
polybench,jacobi-1d,/tmp/polybench_new/jacobi-1d_debuf.mlir,e27d3faae8be9509b17c1774b36df57a982c08c1526572cc4574f73591403a12,egglog,1,ok,0,721.5376123785973,0,"[""/usr/bin/python3"", ""/home/arjaiswal/Polygeist/scripts/correctness/kernel_match_rewrite.py"", ""/tmp/polybench_new/jacobi-1d_debuf.mlir"", ""--dry-run"", ""--matcher-mode"", ""egglog"", ""--telemetry-json"", ""/home/arjaiswal/Polygeist/issues/equality_saturation_eval/campaign_20260908/polybench-jacobi-1d-egglog-u1zybs4t.json"", ""--disable-semantic-fallback""]","== match report for /tmp/polybench_new/jacobi-1d_debuf.mlir ==
  no_match       body#0  ?
  no_match       body#1  ?
  total: 0 matched / 2 bodies
",0,[],0,0,0,0,/tmp/polybench_new/jacobi-1d_debuf.mlir,3593,8,2,0,275.2225771546364,2,64636,0.0,0,0,0,0,[],0,0,0,0.0,0
polybench,jacobi-1d,/tmp/polybench_new/jacobi-1d_debuf.mlir,e27d3faae8be9509b17c1774b36df57a982c08c1526572cc4574f73591403a12,syntactic,1,ok,0,779.8235081136227,0,"[""/usr/bin/python3"", ""/home/arjaiswal/Polygeist/scripts/correctness/kernel_match_rewrite.py"", ""/tmp/polybench_new/jacobi-1d_debuf.mlir"", ""--dry-run"", ""--matcher-mode"", ""syntactic"", ""--telemetry-json"", ""/home/arjaiswal/Polygeist/issues/equality_saturation_eval/campaign_20260908/polybench-jacobi-1d-syntactic-xm0s223p.json"", ""--disable-semantic-fallback""]","== match report for /tmp/polybench_new/jacobi-1d_debuf.mlir ==
  no_match       body#0  ?
  no_match       body#1  ?
  total: 0 matched / 2 bodies
",0,[],0,0,0,0,/tmp/polybench_new/jacobi-1d_debuf.mlir,3593,0,2,0,301.2314736843109,2,64528,0.0,0,0,0,0,[],0,0,0,0.0,0
polybench,jacobi-1d,/tmp/polybench_new/jacobi-1d_debuf.mlir,e27d3faae8be9509b17c1774b36df57a982c08c1526572cc4574f73591403a12,syntactic,2,ok,0,765.830259770155,0,"[""/usr/bin/python3"", ""/home/arjaiswal/Polygeist/scripts/correctness/kernel_match_rewrite.py"", ""/tmp/polybench_new/jacobi-1d_debuf.mlir"", ""--dry-run"", ""--matcher-mode"", ""syntactic"", ""--telemetry-json"", ""/home/arjaiswal/Polygeist/issues/equality_saturation_eval/campaign_20260908/polybench-jacobi-1d-syntactic-1_g8tkp1.json"", ""--disable-semantic-fallback""]","== match report for /tmp/polybench_new/jacobi-1d_debuf.mlir ==
  no_match       body#0  ?
  no_match       body#1  ?
  total: 0 matched / 2 bodies
",0,[],0,0,0,0,/tmp/polybench_new/jacobi-1d_debuf.mlir,3593,0,2,0,299.15544018149376,2,64600,0.0,0,0,0,0,[],0,0,0,0.0,0
polybench,jacobi-1d,/tmp/polybench_new/jacobi-1d_debuf.mlir,e27d3faae8be9509b17c1774b36df57a982c08c1526572cc4574f73591403a12,egglog,2,ok,0,764.2500884830952,0,"[""/usr/bin/python3"", ""/home/arjaiswal/Polygeist/scripts/correctness/kernel_match_rewrite.py"", ""/tmp/polybench_new/jacobi-1d_debuf.mlir"", ""--dry-run"", ""--matcher-mode"", ""egglog"", ""--telemetry-json"", ""/home/arjaiswal/Polygeist/issues/equality_saturation_eval/campaign_20260908/polybench-jacobi-1d-egglog-yl2gop_2.json"", ""--disable-semantic-fallback""]","== match report for /tmp/polybench_new/jacobi-1d_debuf.mlir ==
  no_match       body#0  ?
  no_match       body#1  ?
  total: 0 matched / 2 bodies
",0,[],0,0,0,0,/tmp/polybench_new/jacobi-1d_debuf.mlir,3593,8,2,0,300.83155632019043,2,64600,0.0,0,0,0,0,[],0,0,0,0.0,0
polybench,jacobi-1d,/tmp/polybench_new/jacobi-1d_debuf.mlir,e27d3faae8be9509b17c1774b36df57a982c08c1526572cc4574f73591403a12,egglog,3,ok,0,792.1691127121449,0,"[""/usr/bin/python3"", ""/home/arjaiswal/Polygeist/scripts/correctness/kernel_match_rewrite.py"", ""/tmp/polybench_new/jacobi-1d_debuf.mlir"", ""--dry-run"", ""--matcher-mode"", ""egglog"", ""--telemetry-json"", ""/home/arjaiswal/Polygeist/issues/equality_saturation_eval/campaign_20260908/polybench-jacobi-1d-egglog-0w_kfd0t.json"", ""--disable-semantic-fallback""]","== match report for /tmp/polybench_new/jacobi-1d_debuf.mlir ==
  no_match       body#0  ?
  no_match       body#1  ?
  total: 0 matched / 2 bodies
",0,[],0,0,0,0,/tmp/polybench_new/jacobi-1d_debuf.mlir,3593,8,2,0,293.34649816155434,2,64664,0.0,0,0,0,0,[],0,0,0,0.0,0
polybench,jacobi-1d,/tmp/polybench_new/jacobi-1d_debuf.mlir,e27d3faae8be9509b17c1774b36df57a982c08c1526572cc4574f73591403a12,syntactic,3,ok,0,791.1738865077496,0,"[""/usr/bin/python3"", ""/home/arjaiswal/Polygeist/scripts/correctness/kernel_match_rewrite.py"", ""/tmp/polybench_new/jacobi-1d_debuf.mlir"", ""--dry-run"", ""--matcher-mode"", ""syntactic"", ""--telemetry-json"", ""/home/arjaiswal/Polygeist/issues/equality_saturation_eval/campaign_20260908/polybench-jacobi-1d-syntactic-amskxx3b.json"", ""--disable-semantic-fallback""]","== match report for /tmp/polybench_new/jacobi-1d_debuf.mlir ==
  no_match       body#0  ?
  no_match       body#1  ?
  total: 0 matched / 2 bodies
",0,[],0,0,0,0,/tmp/polybench_new/jacobi-1d_debuf.mlir,3593,0,2,0,297.2245290875435,2,64812,0.0,0,0,0,0,[],0,0,0,0.0,0
polybench,jacobi-1d,/tmp/polybench_new/jacobi-1d_debuf.mlir,e27d3faae8be9509b17c1774b36df57a982c08c1526572cc4574f73591403a12,syntactic,4,ok,0,771.1162641644478,0,"[""/usr/bin/python3"", ""/home/arjaiswal/Polygeist/scripts/correctness/kernel_match_rewrite.py"", ""/tmp/polybench_new/jacobi-1d_debuf.mlir"", ""--dry-run"", ""--matcher-mode"", ""syntactic"", ""--telemetry-json"", ""/home/arjaiswal/Polygeist/issues/equality_saturation_eval/campaign_20260908/polybench-jacobi-1d-syntactic-9s5trp4o.json"", ""--disable-semantic-fallback""]","== match report for /tmp/polybench_new/jacobi-1d_debuf.mlir ==
  no_match       body#0  ?
  no_match       body#1  ?
  total: 0 matched / 2 bodies
",0,[],0,0,0,0,/tmp/polybench_new/jacobi-1d_debuf.mlir,3593,0,2,0,295.4245023429394,2,64700,0.0,0,0,0,0,[],0,0,0,0.0,0
polybench,jacobi-1d,/tmp/polybench_new/jacobi-1d_debuf.mlir,e27d3faae8be9509b17c1774b36df57a982c08c1526572cc4574f73591403a12,egglog,4,ok,0,777.3078680038452,0,"[""/usr/bin/python3"", ""/home/arjaiswal/Polygeist/scripts/correctness/kernel_match_rewrite.py"", ""/tmp/polybench_new/jacobi-1d_debuf.mlir"", ""--dry-run"", ""--matcher-mode"", ""egglog"", ""--telemetry-json"", ""/home/arjaiswal/Polygeist/issues/equality_saturation_eval/campaign_20260908/polybench-jacobi-1d-egglog-l6t6z_cr.json"", ""--disable-semantic-fallback""]","== match report for /tmp/polybench_new/jacobi-1d_debuf.mlir ==
  no_match       body#0  ?
  no_match       body#1  ?
  total: 0 matched / 2 bodies
",0,[],0,0,0,0,/tmp/polybench_new/jacobi-1d_debuf.mlir,3593,8,2,0,294.77495327591896,2,64896,0.0,0,0,0,0,[],0,0,0,0.0,0
polybench,jacobi-1d,/tmp/polybench_new/jacobi-1d_debuf.mlir,e27d3faae8be9509b17c1774b36df57a982c08c1526572cc4574f73591403a12,egglog,5,ok,0,761.4399529993534,0,"[""/usr/bin/python3"", ""/home/arjaiswal/Polygeist/scripts/correctness/kernel_match_rewrite.py"", ""/tmp/polybench_new/jacobi-1d_debuf.mlir"", ""--dry-run"", ""--matcher-mode"", ""egglog"", ""--telemetry-json"", ""/home/arjaiswal/Polygeist/issues/equality_saturation_eval/campaign_20260908/polybench-jacobi-1d-egglog-uz2uhka_.json"", ""--disable-semantic-fallback""]","== match report for /tmp/polybench_new/jacobi-1d_debuf.mlir ==
  no_match       body#0  ?
  no_match       body#1  ?
  total: 0 matched / 2 bodies
",0,[],0,0,0,0,/tmp/polybench_new/jacobi-1d_debuf.mlir,3593,8,2,0,275.66858008503914,2,64872,0.0,0,0,0,0,[],0,0,0,0.0,0
polybench,jacobi-1d,/tmp/polybench_new/jacobi-1d_debuf.mlir,e27d3faae8be9509b17c1774b36df57a982c08c1526572cc4574f73591403a12,syntactic,5,ok,0,794.6807779371738,0,"[""/usr/bin/python3"", ""/home/arjaiswal/Polygeist/scripts/correctness/kernel_match_rewrite.py"", ""/tmp/polybench_new/jacobi-1d_debuf.mlir"", ""--dry-run"", ""--matcher-mode"", ""syntactic"", ""--telemetry-json"", ""/home/arjaiswal/Polygeist/issues/equality_saturation_eval/campaign_20260908/polybench-jacobi-1d-syntactic-56t7efji.json"", ""--disable-semantic-fallback""]","== match report for /tmp/polybench_new/jacobi-1d_debuf.mlir ==
  no_match       body#0  ?
  no_match       body#1  ?
  total: 0 matched / 2 bodies
",0,[],0,0,0,0,/tmp/polybench_new/jacobi-1d_debuf.mlir,3593,0,2,0,300.70677027106285,2,64724,0.0,0,0,0,0,[],0,0,0,0.0,0
polybench,jacobi-2d,/tmp/polybench_new/jacobi-2d_debuf.mlir,677bf9307626a499e348b4bc247746269eef2b799ad6fb2b848f49d9944324f4,syntactic,1,ok,0,745.4058937728405,0,"[""/usr/bin/python3"", ""/home/arjaiswal/Polygeist/scripts/correctness/kernel_match_rewrite.py"", ""/tmp/polybench_new/jacobi-2d_debuf.mlir"", ""--dry-run"", ""--matcher-mode"", ""syntactic"", ""--telemetry-json"", ""/home/arjaiswal/Polygeist/issues/equality_saturation_eval/campaign_20260908/polybench-jacobi-2d-syntactic-q8c6axbn.json"", ""--disable-semantic-fallback""]","== match report for /tmp/polybench_new/jacobi-2d_debuf.mlir ==
  no_match       body#0  ?
  no_match       body#1  ?
  total: 0 matched / 2 bodies
",0,[],0,0,0,0,/tmp/polybench_new/jacobi-2d_debuf.mlir,5780,0,2,0,289.7576913237572,2,65352,0.0,0,0,0,0,[],0,0,0,0.0,0
polybench,jacobi-2d,/tmp/polybench_new/jacobi-2d_debuf.mlir,677bf9307626a499e348b4bc247746269eef2b799ad6fb2b848f49d9944324f4,egglog,1,ok,0,784.9042154848576,0,"[""/usr/bin/python3"", ""/home/arjaiswal/Polygeist/scripts/correctness/kernel_match_rewrite.py"", ""/tmp/polybench_new/jacobi-2d_debuf.mlir"", ""--dry-run"", ""--matcher-mode"", ""egglog"", ""--telemetry-json"", ""/home/arjaiswal/Polygeist/issues/equality_saturation_eval/campaign_20260908/polybench-jacobi-2d-egglog-59v6ijaj.json"", ""--disable-semantic-fallback""]","== match report for /tmp/polybench_new/jacobi-2d_debuf.mlir ==
  no_match       body#0  ?
  no_match       body#1  ?
  total: 0 matched / 2 bodies
",0,[],0,0,0,0,/tmp/polybench_new/jacobi-2d_debuf.mlir,5780,8,2,0,307.62138590216637,2,65004,0.0,0,0,0,0,[],0,0,0,0.0,0
polybench,jacobi-2d,/tmp/polybench_new/jacobi-2d_debuf.mlir,677bf9307626a499e348b4bc247746269eef2b799ad6fb2b848f49d9944324f4,egglog,2,ok,0,770.499762147665,0,"[""/usr/bin/python3"", ""/home/arjaiswal/Polygeist/scripts/correctness/kernel_match_rewrite.py"", ""/tmp/polybench_new/jacobi-2d_debuf.mlir"", ""--dry-run"", ""--matcher-mode"", ""egglog"", ""--telemetry-json"", ""/home/arjaiswal/Polygeist/issues/equality_saturation_eval/campaign_20260908/polybench-jacobi-2d-egglog-t2y0d55t.json"", ""--disable-semantic-fallback""]","== match report for /tmp/polybench_new/jacobi-2d_debuf.mlir ==
  no_match       body#0  ?
  no_match       body#1  ?
  total: 0 matched / 2 bodies
",0,[],0,0,0,0,/tmp/polybench_new/jacobi-2d_debuf.mlir,5780,8,2,0,276.92850679159164,2,65312,0.0,0,0,0,0,[],0,0,0,0.0,0
polybench,jacobi-2d,/tmp/polybench_new/jacobi-2d_debuf.mlir,677bf9307626a499e348b4bc247746269eef2b799ad6fb2b848f49d9944324f4,syntactic,2,ok,0,799.9126873910427,0,"[""/usr/bin/python3"", ""/home/arjaiswal/Polygeist/scripts/correctness/kernel_match_rewrite.py"", ""/tmp/polybench_new/jacobi-2d_debuf.mlir"", ""--dry-run"", ""--matcher-mode"", ""syntactic"", ""--telemetry-json"", ""/home/arjaiswal/Polygeist/issues/equality_saturation_eval/campaign_20260908/polybench-jacobi-2d-syntactic-xiuoyy3w.json"", ""--disable-semantic-fallback""]","== match report for /tmp/polybench_new/jacobi-2d_debuf.mlir ==
  no_match       body#0  ?
  no_match       body#1  ?
  total: 0 matched / 2 bodies
",0,[],0,0,0,0,/tmp/polybench_new/jacobi-2d_debuf.mlir,5780,0,2,0,306.6553324460983,2,64880,0.0,0,0,0,0,[],0,0,0,0.0,0
polybench,jacobi-2d,/tmp/polybench_new/jacobi-2d_debuf.mlir,677bf9307626a499e348b4bc247746269eef2b799ad6fb2b848f49d9944324f4,syntactic,3,ok,0,833.7150551378727,0,"[""/usr/bin/python3"", ""/home/arjaiswal/Polygeist/scripts/correctness/kernel_match_rewrite.py"", ""/tmp/polybench_new/jacobi-2d_debuf.mlir"", ""--dry-run"", ""--matcher-mode"", ""syntactic"", ""--telemetry-json"", ""/home/arjaiswal/Polygeist/issues/equality_saturation_eval/campaign_20260908/polybench-jacobi-2d-syntactic-bxo11sm5.json"", ""--disable-semantic-fallback""]","== match report for /tmp/polybench_new/jacobi-2d_debuf.mlir ==
  no_match       body#0  ?
  no_match       body#1  ?
  total: 0 matched / 2 bodies
",0,[],0,0,0,0,/tmp/polybench_new/jacobi-2d_debuf.mlir,5780,0,2,0,290.66716507077217,2,65136,0.0,0,0,0,0,[],0,0,0,0.0,0
polybench,jacobi-2d,/tmp/polybench_new/jacobi-2d_debuf.mlir,677bf9307626a499e348b4bc247746269eef2b799ad6fb2b848f49d9944324f4,egglog,3,ok,0,763.9967761933804,0,"[""/usr/bin/python3"", ""/home/arjaiswal/Polygeist/scripts/correctness/kernel_match_rewrite.py"", ""/tmp/polybench_new/jacobi-2d_debuf.mlir"", ""--dry-run"", ""--matcher-mode"", ""egglog"", ""--telemetry-json"", ""/home/arjaiswal/Polygeist/issues/equality_saturation_eval/campaign_20260908/polybench-jacobi-2d-egglog-xsj75ws3.json"", ""--disable-semantic-fallback""]","== match report for /tmp/polybench_new/jacobi-2d_debuf.mlir ==
  no_match       body#0  ?
  no_match       body#1  ?
  total: 0 matched / 2 bodies
",0,[],0,0,0,0,/tmp/polybench_new/jacobi-2d_debuf.mlir,5780,8,2,0,299.997191876173,2,65208,0.0,0,0,0,0,[],0,0,0,0.0,0
polybench,jacobi-2d,/tmp/polybench_new/jacobi-2d_debuf.mlir,677bf9307626a499e348b4bc247746269eef2b799ad6fb2b848f49d9944324f4,egglog,4,ok,0,775.7222056388855,0,"[""/usr/bin/python3"", ""/home/arjaiswal/Polygeist/scripts/correctness/kernel_match_rewrite.py"", ""/tmp/polybench_new/jacobi-2d_debuf.mlir"", ""--dry-run"", ""--matcher-mode"", ""egglog"", ""--telemetry-json"", ""/home/arjaiswal/Polygeist/issues/equality_saturation_eval/campaign_20260908/polybench-jacobi-2d-egglog-uxm7trjg.json"", ""--disable-semantic-fallback""]","== match report for /tmp/polybench_new/jacobi-2d_debuf.mlir ==
  no_match       body#0  ?
  no_match       body#1  ?
  total: 0 matched / 2 bodies
",0,[],0,0,0,0,/tmp/polybench_new/jacobi-2d_debuf.mlir,5780,8,2,0,311.454925686121,2,65436,0.0,0,0,0,0,[],0,0,0,0.0,0
polybench,jacobi-2d,/tmp/polybench_new/jacobi-2d_debuf.mlir,677bf9307626a499e348b4bc247746269eef2b799ad6fb2b848f49d9944324f4,syntactic,4,ok,0,775.2042412757874,0,"[""/usr/bin/python3"", ""/home/arjaiswal/Polygeist/scripts/correctness/kernel_match_rewrite.py"", ""/tmp/polybench_new/jacobi-2d_debuf.mlir"", ""--dry-run"", ""--matcher-mode"", ""syntactic"", ""--telemetry-json"", ""/home/arjaiswal/Polygeist/issues/equality_saturation_eval/campaign_20260908/polybench-jacobi-2d-syntactic-3xov_xwx.json"", ""--disable-semantic-fallback""]","== match report for /tmp/polybench_new/jacobi-2d_debuf.mlir ==
  no_match       body#0  ?
  no_match       body#1  ?
  total: 0 matched / 2 bodies
",0,[],0,0,0,0,/tmp/polybench_new/jacobi-2d_debuf.mlir,5780,0,2,0,282.08982199430466,2,65536,0.0,0,0,0,0,[],0,0,0,0.0,0
polybench,jacobi-2d,/tmp/polybench_new/jacobi-2d_debuf.mlir,677bf9307626a499e348b4bc247746269eef2b799ad6fb2b848f49d9944324f4,syntactic,5,ok,0,889.0474960207939,0,"[""/usr/bin/python3"", ""/home/arjaiswal/Polygeist/scripts/correctness/kernel_match_rewrite.py"", ""/tmp/polybench_new/jacobi-2d_debuf.mlir"", ""--dry-run"", ""--matcher-mode"", ""syntactic"", ""--telemetry-json"", ""/home/arjaiswal/Polygeist/issues/equality_saturation_eval/campaign_20260908/polybench-jacobi-2d-syntactic-flxcct_g.json"", ""--disable-semantic-fallback""]","== match report for /tmp/polybench_new/jacobi-2d_debuf.mlir ==
  no_match       body#0  ?
  no_match       body#1  ?
  total: 0 matched / 2 bodies
",0,[],0,0,0,0,/tmp/polybench_new/jacobi-2d_debuf.mlir,5780,0,2,0,293.6463765799999,2,65220,0.0,0,0,0,0,[],0,0,0,0.0,0
polybench,jacobi-2d,/tmp/polybench_new/jacobi-2d_debuf.mlir,677bf9307626a499e348b4bc247746269eef2b799ad6fb2b848f49d9944324f4,egglog,5,ok,0,718.5093052685261,0,"[""/usr/bin/python3"", ""/home/arjaiswal/Polygeist/scripts/correctness/kernel_match_rewrite.py"", ""/tmp/polybench_new/jacobi-2d_debuf.mlir"", ""--dry-run"", ""--matcher-mode"", ""egglog"", ""--telemetry-json"", ""/home/arjaiswal/Polygeist/issues/equality_saturation_eval/campaign_20260908/polybench-jacobi-2d-egglog-1l7_2c6c.json"", ""--disable-semantic-fallback""]","== match report for /tmp/polybench_new/jacobi-2d_debuf.mlir ==
  no_match       body#0  ?
  no_match       body#1  ?
  total: 0 matched / 2 bodies
",0,[],0,0,0,0,/tmp/polybench_new/jacobi-2d_debuf.mlir,5780,8,2,0,284.26527604460716,2,65300,0.0,0,0,0,0,[],0,0,0,0.0,0
polybench,lu,/tmp/polybench_new/lu_debuf.mlir,ece93a03365d3f03eeec0517b604124f97112054a65f7d01125e2517cc72eaa5,egglog,1,ok,0,794.1880449652672,0,"[""/usr/bin/python3"", ""/home/arjaiswal/Polygeist/scripts/correctness/kernel_match_rewrite.py"", ""/tmp/polybench_new/lu_debuf.mlir"", ""--dry-run"", ""--matcher-mode"", ""egglog"", ""--telemetry-json"", ""/home/arjaiswal/Polygeist/issues/equality_saturation_eval/campaign_20260908/polybench-lu-egglog-7u96l84n.json"", ""--disable-semantic-fallback""]","== match report for /tmp/polybench_new/lu_debuf.mlir ==
  no_match       body#0  ?
  no_match       body#1  ?
  total: 0 matched / 2 bodies
",0,[],0,0,0,0,/tmp/polybench_new/lu_debuf.mlir,3812,8,2,0,295.4866997897625,2,65648,0.0,0,0,0,0,[],0,0,0,0.0,2
polybench,lu,/tmp/polybench_new/lu_debuf.mlir,ece93a03365d3f03eeec0517b604124f97112054a65f7d01125e2517cc72eaa5,syntactic,1,ok,0,825.0897563993931,0,"[""/usr/bin/python3"", ""/home/arjaiswal/Polygeist/scripts/correctness/kernel_match_rewrite.py"", ""/tmp/polybench_new/lu_debuf.mlir"", ""--dry-run"", ""--matcher-mode"", ""syntactic"", ""--telemetry-json"", ""/home/arjaiswal/Polygeist/issues/equality_saturation_eval/campaign_20260908/polybench-lu-syntactic-5xp6b_sf.json"", ""--disable-semantic-fallback""]","== match report for /tmp/polybench_new/lu_debuf.mlir ==
  no_match       body#0  ?
  no_match       body#1  ?
  total: 0 matched / 2 bodies
",0,[],0,0,0,0,/tmp/polybench_new/lu_debuf.mlir,3812,0,2,0,350.0225879251957,2,65720,0.005882233381271362,0,0,0,0,[],0,0,2,0.0,2
polybench,lu,/tmp/polybench_new/lu_debuf.mlir,ece93a03365d3f03eeec0517b604124f97112054a65f7d01125e2517cc72eaa5,syntactic,2,ok,0,776.8444232642651,0,"[""/usr/bin/python3"", ""/home/arjaiswal/Polygeist/scripts/correctness/kernel_match_rewrite.py"", ""/tmp/polybench_new/lu_debuf.mlir"", ""--dry-run"", ""--matcher-mode"", ""syntactic"", ""--telemetry-json"", ""/home/arjaiswal/Polygeist/issues/equality_saturation_eval/campaign_20260908/polybench-lu-syntactic-nrmwugle.json"", ""--disable-semantic-fallback""]","== match report for /tmp/polybench_new/lu_debuf.mlir ==
  no_match       body#0  ?
  no_match       body#1  ?
  total: 0 matched / 2 bodies
",0,[],0,0,0,0,/tmp/polybench_new/lu_debuf.mlir,3812,0,2,0,293.4834361076355,2,65808,0.005472451448440552,0,0,0,0,[],0,0,2,0.0,2
polybench,lu,/tmp/polybench_new/lu_debuf.mlir,ece93a03365d3f03eeec0517b604124f97112054a65f7d01125e2517cc72eaa5,egglog,2,ok,0,751.6966797411442,0,"[""/usr/bin/python3"", ""/home/arjaiswal/Polygeist/scripts/correctness/kernel_match_rewrite.py"", ""/tmp/polybench_new/lu_debuf.mlir"", ""--dry-run"", ""--matcher-mode"", ""egglog"", ""--telemetry-json"", ""/home/arjaiswal/Polygeist/issues/equality_saturation_eval/campaign_20260908/polybench-lu-egglog-t_24n9yi.json"", ""--disable-semantic-fallback""]","== match report for /tmp/polybench_new/lu_debuf.mlir ==
  no_match       body#0  ?
  no_match       body#1  ?
  total: 0 matched / 2 bodies
",0,[],0,0,0,0,/tmp/polybench_new/lu_debuf.mlir,3812,8,2,0,304.21001464128494,2,65848,0.0,0,0,0,0,[],0,0,0,0.0,2
polybench,lu,/tmp/polybench_new/lu_debuf.mlir,ece93a03365d3f03eeec0517b604124f97112054a65f7d01125e2517cc72eaa5,egglog,3,ok,0,879.3542385101318,0,"[""/usr/bin/python3"", ""/home/arjaiswal/Polygeist/scripts/correctness/kernel_match_rewrite.py"", ""/tmp/polybench_new/lu_debuf.mlir"", ""--dry-run"", ""--matcher-mode"", ""egglog"", ""--telemetry-json"", ""/home/arjaiswal/Polygeist/issues/equality_saturation_eval/campaign_20260908/polybench-lu-egglog-asmwc2rb.json"", ""--disable-semantic-fallback""]","== match report for /tmp/polybench_new/lu_debuf.mlir ==
  no_match       body#0  ?
  no_match       body#1  ?
  total: 0 matched / 2 bodies
",0,[],0,0,0,0,/tmp/polybench_new/lu_debuf.mlir,3812,8,2,0,288.96136209368706,2,65764,0.0,0,0,0,0,[],0,0,0,0.0,2
polybench,lu,/tmp/polybench_new/lu_debuf.mlir,ece93a03365d3f03eeec0517b604124f97112054a65f7d01125e2517cc72eaa5,syntactic,3,ok,0,731.0802079737186,0,"[""/usr/bin/python3"", ""/home/arjaiswal/Polygeist/scripts/correctness/kernel_match_rewrite.py"", ""/tmp/polybench_new/lu_debuf.mlir"", ""--dry-run"", ""--matcher-mode"", ""syntactic"", ""--telemetry-json"", ""/home/arjaiswal/Polygeist/issues/equality_saturation_eval/campaign_20260908/polybench-lu-syntactic-kn01tb5c.json"", ""--disable-semantic-fallback""]","== match report for /tmp/polybench_new/lu_debuf.mlir ==
  no_match       body#0  ?
  no_match       body#1  ?
  total: 0 matched / 2 bodies
",0,[],0,0,0,0,/tmp/polybench_new/lu_debuf.mlir,3812,0,2,0,283.44571962952614,2,65680,0.006280839443206787,0,0,0,0,[],0,0,2,0.0,2
polybench,lu,/tmp/polybench_new/lu_debuf.mlir,ece93a03365d3f03eeec0517b604124f97112054a65f7d01125e2517cc72eaa5,syntactic,4,ok,0,722.4152497947216,0,"[""/usr/bin/python3"", ""/home/arjaiswal/Polygeist/scripts/correctness/kernel_match_rewrite.py"", ""/tmp/polybench_new/lu_debuf.mlir"", ""--dry-run"", ""--matcher-mode"", ""syntactic"", ""--telemetry-json"", ""/home/arjaiswal/Polygeist/issues/equality_saturation_eval/campaign_20260908/polybench-lu-syntactic-escm5qp2.json"", ""--disable-semantic-fallback""]","== match report for /tmp/polybench_new/lu_debuf.mlir ==
  no_match       body#0  ?
  no_match       body#1  ?
  total: 0 matched / 2 bodies
",0,[],0,0,0,0,/tmp/polybench_new/lu_debuf.mlir,3812,0,2,0,283.1103652715683,2,65596,0.006332993507385254,0,0,0,0,[],0,0,2,0.0,2
polybench,lu,/tmp/polybench_new/lu_debuf.mlir,ece93a03365d3f03eeec0517b604124f97112054a65f7d01125e2517cc72eaa5,egglog,4,ok,0,717.4352183938026,0,"[""/usr/bin/python3"", ""/home/arjaiswal/Polygeist/scripts/correctness/kernel_match_rewrite.py"", ""/tmp/polybench_new/lu_debuf.mlir"", ""--dry-run"", ""--matcher-mode"", ""egglog"", ""--telemetry-json"", ""/home/arjaiswal/Polygeist/issues/equality_saturation_eval/campaign_20260908/polybench-lu-egglog-4hbl7tzy.json"", ""--disable-semantic-fallback""]","== match report for /tmp/polybench_new/lu_debuf.mlir ==
  no_match       body#0  ?
  no_match       body#1  ?
  total: 0 matched / 2 bodies
",0,[],0,0,0,0,/tmp/polybench_new/lu_debuf.mlir,3812,8,2,0,282.7676348388195,2,65808,0.0,0,0,0,0,[],0,0,0,0.0,2
polybench,lu,/tmp/polybench_new/lu_debuf.mlir,ece93a03365d3f03eeec0517b604124f97112054a65f7d01125e2517cc72eaa5,egglog,5,ok,0,744.5046380162239,0,"[""/usr/bin/python3"", ""/home/arjaiswal/Polygeist/scripts/correctness/kernel_match_rewrite.py"", ""/tmp/polybench_new/lu_debuf.mlir"", ""--dry-run"", ""--matcher-mode"", ""egglog"", ""--telemetry-json"", ""/home/arjaiswal/Polygeist/issues/equality_saturation_eval/campaign_20260908/polybench-lu-egglog-bog9j4ls.json"", ""--disable-semantic-fallback""]","== match report for /tmp/polybench_new/lu_debuf.mlir ==
  no_match       body#0  ?
  no_match       body#1  ?
  total: 0 matched / 2 bodies
",0,[],0,0,0,0,/tmp/polybench_new/lu_debuf.mlir,3812,8,2,0,290.59552773833275,2,65448,0.0,0,0,0,0,[],0,0,0,0.0,2
polybench,lu,/tmp/polybench_new/lu_debuf.mlir,ece93a03365d3f03eeec0517b604124f97112054a65f7d01125e2517cc72eaa5,syntactic,5,ok,0,763.1802372634411,0,"[""/usr/bin/python3"", ""/home/arjaiswal/Polygeist/scripts/correctness/kernel_match_rewrite.py"", ""/tmp/polybench_new/lu_debuf.mlir"", ""--dry-run"", ""--matcher-mode"", ""syntactic"", ""--telemetry-json"", ""/home/arjaiswal/Polygeist/issues/equality_saturation_eval/campaign_20260908/polybench-lu-syntactic-brup3son.json"", ""--disable-semantic-fallback""]","== match report for /tmp/polybench_new/lu_debuf.mlir ==
  no_match       body#0  ?
  no_match       body#1  ?
  total: 0 matched / 2 bodies
",0,[],0,0,0,0,/tmp/polybench_new/lu_debuf.mlir,3812,0,2,0,291.7102463543415,2,65524,0.005986541509628296,0,0,0,0,[],0,0,2,0.0,2
polybench,ludcmp,/tmp/polybench_new/ludcmp_debuf.mlir,377afee04a0fc8cb2335aa8d8643d5fc9de6016a91bea86f15e6440e1a80fdaa,syntactic,1,ok,0,842.7728116512299,0,"[""/usr/bin/python3"", ""/home/arjaiswal/Polygeist/scripts/correctness/kernel_match_rewrite.py"", ""/tmp/polybench_new/ludcmp_debuf.mlir"", ""--dry-run"", ""--matcher-mode"", ""syntactic"", ""--telemetry-json"", ""/home/arjaiswal/Polygeist/issues/equality_saturation_eval/campaign_20260908/polybench-ludcmp-syntactic-84909kjs.json"", ""--disable-semantic-fallback""]","== match report for /tmp/polybench_new/ludcmp_debuf.mlir ==
  no_match       body#0  ?
  no_match       body#1  ?
  no_match       body#2  ?
  no_match       body#3  ?
  total: 0 matched / 4 bodies
",0,[],0,0,0,0,/tmp/polybench_new/ludcmp_debuf.mlir,9155,0,4,0,392.8087688982487,4,66324,0.026050955057144165,0,0,0,0,[],0,0,8,0.0,8
polybench,ludcmp,/tmp/polybench_new/ludcmp_debuf.mlir,377afee04a0fc8cb2335aa8d8643d5fc9de6016a91bea86f15e6440e1a80fdaa,egglog,1,ok,0,832.1923092007637,0,"[""/usr/bin/python3"", ""/home/arjaiswal/Polygeist/scripts/correctness/kernel_match_rewrite.py"", ""/tmp/polybench_new/ludcmp_debuf.mlir"", ""--dry-run"", ""--matcher-mode"", ""egglog"", ""--telemetry-json"", ""/home/arjaiswal/Polygeist/issues/equality_saturation_eval/campaign_20260908/polybench-ludcmp-egglog-wm2wf7e3.json"", ""--disable-semantic-fallback""]","== match report for /tmp/polybench_new/ludcmp_debuf.mlir ==
  no_match       body#0  ?
  no_match       body#1  ?
  no_match       body#2  ?
  no_match       body#3  ?
  total: 0 matched / 4 bodies
",0,[],0,0,0,0,/tmp/polybench_new/ludcmp_debuf.mlir,9155,8,4,0,377.8134062886238,4,66340,0.0,0,0,0,0,[],0,0,0,0.0,8
polybench,ludcmp,/tmp/polybench_new/ludcmp_debuf.mlir,377afee04a0fc8cb2335aa8d8643d5fc9de6016a91bea86f15e6440e1a80fdaa,egglog,2,ok,0,842.9698199033737,0,"[""/usr/bin/python3"", ""/home/arjaiswal/Polygeist/scripts/correctness/kernel_match_rewrite.py"", ""/tmp/polybench_new/ludcmp_debuf.mlir"", ""--dry-run"", ""--matcher-mode"", ""egglog"", ""--telemetry-json"", ""/home/arjaiswal/Polygeist/issues/equality_saturation_eval/campaign_20260908/polybench-ludcmp-egglog-w4k38og6.json"", ""--disable-semantic-fallback""]","== match report for /tmp/polybench_new/ludcmp_debuf.mlir ==
  no_match       body#0  ?
  no_match       body#1  ?
  no_match       body#2  ?
  no_match       body#3  ?
  total: 0 matched / 4 bodies
",0,[],0,0,0,0,/tmp/polybench_new/ludcmp_debuf.mlir,9155,8,4,0,382.2398632764816,4,66152,0.0,0,0,0,0,[],0,0,0,0.0,8
polybench,ludcmp,/tmp/polybench_new/ludcmp_debuf.mlir,377afee04a0fc8cb2335aa8d8643d5fc9de6016a91bea86f15e6440e1a80fdaa,syntactic,2,ok,0,845.5001004040241,0,"[""/usr/bin/python3"", ""/home/arjaiswal/Polygeist/scripts/correctness/kernel_match_rewrite.py"", ""/tmp/polybench_new/ludcmp_debuf.mlir"", ""--dry-run"", ""--matcher-mode"", ""syntactic"", ""--telemetry-json"", ""/home/arjaiswal/Polygeist/issues/equality_saturation_eval/campaign_20260908/polybench-ludcmp-syntactic-i8nnu0yr.json"", ""--disable-semantic-fallback""]","== match report for /tmp/polybench_new/ludcmp_debuf.mlir ==
  no_match       body#0  ?
  no_match       body#1  ?
  no_match       body#2  ?
  no_match       body#3  ?
  total: 0 matched / 4 bodies
",0,[],0,0,0,0,/tmp/polybench_new/ludcmp_debuf.mlir,9155,0,4,0,403.60934659838676,4,66248,0.02617761492729187,0,0,0,0,[],0,0,8,0.0,8
polybench,ludcmp,/tmp/polybench_new/ludcmp_debuf.mlir,377afee04a0fc8cb2335aa8d8643d5fc9de6016a91bea86f15e6440e1a80fdaa,syntactic,3,ok,0,852.7969568967819,0,"[""/usr/bin/python3"", ""/home/arjaiswal/Polygeist/scripts/correctness/kernel_match_rewrite.py"", ""/tmp/polybench_new/ludcmp_debuf.mlir"", ""--dry-run"", ""--matcher-mode"", ""syntactic"", ""--telemetry-json"", ""/home/arjaiswal/Polygeist/issues/equality_saturation_eval/campaign_20260908/polybench-ludcmp-syntactic-kcnxs59_.json"", ""--disable-semantic-fallback""]","== match report for /tmp/polybench_new/ludcmp_debuf.mlir ==
  no_match       body#0  ?
  no_match       body#1  ?
  no_match       body#2  ?
  no_match       body#3  ?
  total: 0 matched / 4 bodies
",0,[],0,0,0,0,/tmp/polybench_new/ludcmp_debuf.mlir,9155,0,4,0,387.5359445810318,4,66260,0.021804124116897583,0,0,0,0,[],0,0,8,0.0,8
polybench,ludcmp,/tmp/polybench_new/ludcmp_debuf.mlir,377afee04a0fc8cb2335aa8d8643d5fc9de6016a91bea86f15e6440e1a80fdaa,egglog,3,ok,0,950.361330062151,0,"[""/usr/bin/python3"", ""/home/arjaiswal/Polygeist/scripts/correctness/kernel_match_rewrite.py"", ""/tmp/polybench_new/ludcmp_debuf.mlir"", ""--dry-run"", ""--matcher-mode"", ""egglog"", ""--telemetry-json"", ""/home/arjaiswal/Polygeist/issues/equality_saturation_eval/campaign_20260908/polybench-ludcmp-egglog-gnpxeux8.json"", ""--disable-semantic-fallback""]","== match report for /tmp/polybench_new/ludcmp_debuf.mlir ==
  no_match       body#0  ?
  no_match       body#1  ?
  no_match       body#2  ?
  no_match       body#3  ?
  total: 0 matched / 4 bodies
",0,[],0,0,0,0,/tmp/polybench_new/ludcmp_debuf.mlir,9155,8,4,0,375.4390627145767,4,66140,0.0,0,0,0,0,[],0,0,0,0.0,8
polybench,ludcmp,/tmp/polybench_new/ludcmp_debuf.mlir,377afee04a0fc8cb2335aa8d8643d5fc9de6016a91bea86f15e6440e1a80fdaa,egglog,4,ok,0,852.7654260396957,0,"[""/usr/bin/python3"", ""/home/arjaiswal/Polygeist/scripts/correctness/kernel_match_rewrite.py"", ""/tmp/polybench_new/ludcmp_debuf.mlir"", ""--dry-run"", ""--matcher-mode"", ""egglog"", ""--telemetry-json"", ""/home/arjaiswal/Polygeist/issues/equality_saturation_eval/campaign_20260908/polybench-ludcmp-egglog-449u_8dl.json"", ""--disable-semantic-fallback""]","== match report for /tmp/polybench_new/ludcmp_debuf.mlir ==
  no_match       body#0  ?
  no_match       body#1  ?
  no_match       body#2  ?
  no_match       body#3  ?
  total: 0 matched / 4 bodies
",0,[],0,0,0,0,/tmp/polybench_new/ludcmp_debuf.mlir,9155,8,4,0,388.7028433382511,4,66308,0.0,0,0,0,0,[],0,0,0,0.0,8
polybench,ludcmp,/tmp/polybench_new/ludcmp_debuf.mlir,377afee04a0fc8cb2335aa8d8643d5fc9de6016a91bea86f15e6440e1a80fdaa,syntactic,4,ok,0,886.420700699091,0,"[""/usr/bin/python3"", ""/home/arjaiswal/Polygeist/scripts/correctness/kernel_match_rewrite.py"", ""/tmp/polybench_new/ludcmp_debuf.mlir"", ""--dry-run"", ""--matcher-mode"", ""syntactic"", ""--telemetry-json"", ""/home/arjaiswal/Polygeist/issues/equality_saturation_eval/campaign_20260908/polybench-ludcmp-syntactic-sejqsk3o.json"", ""--disable-semantic-fallback""]","== match report for /tmp/polybench_new/ludcmp_debuf.mlir ==
  no_match       body#0  ?
  no_match       body#1  ?
  no_match       body#2  ?
  no_match       body#3  ?
  total: 0 matched / 4 bodies
",0,[],0,0,0,0,/tmp/polybench_new/ludcmp_debuf.mlir,9155,0,4,0,399.80803802609444,4,66168,0.02008676528930664,0,0,0,0,[],0,0,8,0.0,8
polybench,ludcmp,/tmp/polybench_new/ludcmp_debuf.mlir,377afee04a0fc8cb2335aa8d8643d5fc9de6016a91bea86f15e6440e1a80fdaa,syntactic,5,ok,0,861.5554943680763,0,"[""/usr/bin/python3"", ""/home/arjaiswal/Polygeist/scripts/correctness/kernel_match_rewrite.py"", ""/tmp/polybench_new/ludcmp_debuf.mlir"", ""--dry-run"", ""--matcher-mode"", ""syntactic"", ""--telemetry-json"", ""/home/arjaiswal/Polygeist/issues/equality_saturation_eval/campaign_20260908/polybench-ludcmp-syntactic-ar8nkxho.json"", ""--disable-semantic-fallback""]","== match report for /tmp/polybench_new/ludcmp_debuf.mlir ==
  no_match       body#0  ?
  no_match       body#1  ?
  no_match       body#2  ?
  no_match       body#3  ?
  total: 0 matched / 4 bodies
",0,[],0,0,0,0,/tmp/polybench_new/ludcmp_debuf.mlir,9155,0,4,0,390.691339969635,4,66168,0.019166618585586548,0,0,0,0,[],0,0,8,0.0,8
polybench,ludcmp,/tmp/polybench_new/ludcmp_debuf.mlir,377afee04a0fc8cb2335aa8d8643d5fc9de6016a91bea86f15e6440e1a80fdaa,egglog,5,ok,0,811.6000182926655,0,"[""/usr/bin/python3"", ""/home/arjaiswal/Polygeist/scripts/correctness/kernel_match_rewrite.py"", ""/tmp/polybench_new/ludcmp_debuf.mlir"", ""--dry-run"", ""--matcher-mode"", ""egglog"", ""--telemetry-json"", ""/home/arjaiswal/Polygeist/issues/equality_saturation_eval/campaign_20260908/polybench-ludcmp-egglog-4ep1b4xu.json"", ""--disable-semantic-fallback""]","== match report for /tmp/polybench_new/ludcmp_debuf.mlir ==
  no_match       body#0  ?
  no_match       body#1  ?
  no_match       body#2  ?
  no_match       body#3  ?
  total: 0 matched / 4 bodies
",0,[],0,0,0,0,/tmp/polybench_new/ludcmp_debuf.mlir,9155,8,4,0,374.9241605401039,4,66296,0.0,0,0,0,0,[],0,0,0,0.0,8
polybench,mvt,/tmp/polybench_new/mvt_debuf.mlir,43dc2ed49a2518e95ac97c63a67732474079780fa50ed4ca4f293d334d8de850,egglog,1,ok,0,782.8400917351246,0,"[""/usr/bin/python3"", ""/home/arjaiswal/Polygeist/scripts/correctness/kernel_match_rewrite.py"", ""/tmp/polybench_new/mvt_debuf.mlir"", ""--dry-run"", ""--matcher-mode"", ""egglog"", ""--telemetry-json"", ""/home/arjaiswal/Polygeist/issues/equality_saturation_eval/campaign_20260908/polybench-mvt-egglog-srrygpha.json"", ""--disable-semantic-fallback""]","== match report for /tmp/polybench_new/mvt_debuf.mlir ==
  match          body#[0]  cublasDgemv
  match          body#[1]  cublasDgemv_T
  total: 2 matched / 2 bodies
",0,[],0,0,0,0,/tmp/polybench_new/mvt_debuf.mlir,2771,8,2,2,347.2038693726063,0,69816,44.50950026512146,4,4,0,16,"[{""body_indices"": [0], ""symbol"": ""cublasDgemv""}, {""body_indices"": [1], ""symbol"": ""cublasDgemv_T""}]",2,0,0,0.0,4
polybench,mvt,/tmp/polybench_new/mvt_debuf.mlir,43dc2ed49a2518e95ac97c63a67732474079780fa50ed4ca4f293d334d8de850,syntactic,1,ok,0,759.0580061078072,0,"[""/usr/bin/python3"", ""/home/arjaiswal/Polygeist/scripts/correctness/kernel_match_rewrite.py"", ""/tmp/polybench_new/mvt_debuf.mlir"", ""--dry-run"", ""--matcher-mode"", ""syntactic"", ""--telemetry-json"", ""/home/arjaiswal/Polygeist/issues/equality_saturation_eval/campaign_20260908/polybench-mvt-syntactic-uk0qbcjs.json"", ""--disable-semantic-fallback""]","== match report for /tmp/polybench_new/mvt_debuf.mlir ==
  match          body#[0]  cublasDgemv
  match          body#[1]  cublasDgemv_T
  total: 2 matched / 2 bodies
",0,[],0,0,0,0,/tmp/polybench_new/mvt_debuf.mlir,2771,0,2,2,300.3843277692795,0,65724,0.044990330934524536,0,4,0,0,"[{""body_indices"": [0], ""symbol"": ""cublasDgemv""}, {""body_indices"": [1], ""symbol"": ""cublasDgemv_T""}]",2,0,4,0.0,4
polybench,mvt,/tmp/polybench_new/mvt_debuf.mlir,43dc2ed49a2518e95ac97c63a67732474079780fa50ed4ca4f293d334d8de850,syntactic,2,ok,0,736.2249530851841,0,"[""/usr/bin/python3"", ""/home/arjaiswal/Polygeist/scripts/correctness/kernel_match_rewrite.py"", ""/tmp/polybench_new/mvt_debuf.mlir"", ""--dry-run"", ""--matcher-mode"", ""syntactic"", ""--telemetry-json"", ""/home/arjaiswal/Polygeist/issues/equality_saturation_eval/campaign_20260908/polybench-mvt-syntactic-y9tixspo.json"", ""--disable-semantic-fallback""]","== match report for /tmp/polybench_new/mvt_debuf.mlir ==
  match          body#[0]  cublasDgemv
  match          body#[1]  cublasDgemv_T
  total: 2 matched / 2 bodies
",0,[],0,0,0,0,/tmp/polybench_new/mvt_debuf.mlir,2771,0,2,2,303.1943216919899,0,65500,0.04250183701515198,0,4,0,0,"[{""body_indices"": [0], ""symbol"": ""cublasDgemv""}, {""body_indices"": [1], ""symbol"": ""cublasDgemv_T""}]",2,0,4,0.0,4
polybench,mvt,/tmp/polybench_new/mvt_debuf.mlir,43dc2ed49a2518e95ac97c63a67732474079780fa50ed4ca4f293d334d8de850,egglog,2,ok,0,815.4849484562874,0,"[""/usr/bin/python3"", ""/home/arjaiswal/Polygeist/scripts/correctness/kernel_match_rewrite.py"", ""/tmp/polybench_new/mvt_debuf.mlir"", ""--dry-run"", ""--matcher-mode"", ""egglog"", ""--telemetry-json"", ""/home/arjaiswal/Polygeist/issues/equality_saturation_eval/campaign_20260908/polybench-mvt-egglog-_330wmau.json"", ""--disable-semantic-fallback""]","== match report for /tmp/polybench_new/mvt_debuf.mlir ==
  match          body#[0]  cublasDgemv
  match          body#[1]  cublasDgemv_T
  total: 2 matched / 2 bodies
",0,[],0,0,0,0,/tmp/polybench_new/mvt_debuf.mlir,2771,8,2,2,351.080272346735,0,69776,45.93208432197571,4,4,0,16,"[{""body_indices"": [0], ""symbol"": ""cublasDgemv""}, {""body_indices"": [1], ""symbol"": ""cublasDgemv_T""}]",2,0,0,0.0,4
polybench,mvt,/tmp/polybench_new/mvt_debuf.mlir,43dc2ed49a2518e95ac97c63a67732474079780fa50ed4ca4f293d334d8de850,egglog,3,ok,0,774.1883620619774,0,"[""/usr/bin/python3"", ""/home/arjaiswal/Polygeist/scripts/correctness/kernel_match_rewrite.py"", ""/tmp/polybench_new/mvt_debuf.mlir"", ""--dry-run"", ""--matcher-mode"", ""egglog"", ""--telemetry-json"", ""/home/arjaiswal/Polygeist/issues/equality_saturation_eval/campaign_20260908/polybench-mvt-egglog-w0vzqq_e.json"", ""--disable-semantic-fallback""]","== match report for /tmp/polybench_new/mvt_debuf.mlir ==
  match          body#[0]  cublasDgemv
  match          body#[1]  cublasDgemv_T
  total: 2 matched / 2 bodies
",0,[],0,0,0,0,/tmp/polybench_new/mvt_debuf.mlir,2771,8,2,2,334.0526223182678,0,69520,41.48463532328606,4,4,0,16,"[{""body_indices"": [0], ""symbol"": ""cublasDgemv""}, {""body_indices"": [1], ""symbol"": ""cublasDgemv_T""}]",2,0,0,0.0,4
polybench,mvt,/tmp/polybench_new/mvt_debuf.mlir,43dc2ed49a2518e95ac97c63a67732474079780fa50ed4ca4f293d334d8de850,syntactic,3,ok,0,707.2407864034176,0,"[""/usr/bin/python3"", ""/home/arjaiswal/Polygeist/scripts/correctness/kernel_match_rewrite.py"", ""/tmp/polybench_new/mvt_debuf.mlir"", ""--dry-run"", ""--matcher-mode"", ""syntactic"", ""--telemetry-json"", ""/home/arjaiswal/Polygeist/issues/equality_saturation_eval/campaign_20260908/polybench-mvt-syntactic-mw_0b8ki.json"", ""--disable-semantic-fallback""]","== match report for /tmp/polybench_new/mvt_debuf.mlir ==
  match          body#[0]  cublasDgemv
  match          body#[1]  cublasDgemv_T
  total: 2 matched / 2 bodies
",0,[],0,0,0,0,/tmp/polybench_new/mvt_debuf.mlir,2771,0,2,2,278.553307056427,0,65448,0.038992613554000854,0,4,0,0,"[{""body_indices"": [0], ""symbol"": ""cublasDgemv""}, {""body_indices"": [1], ""symbol"": ""cublasDgemv_T""}]",2,0,4,0.0,4
polybench,mvt,/tmp/polybench_new/mvt_debuf.mlir,43dc2ed49a2518e95ac97c63a67732474079780fa50ed4ca4f293d334d8de850,syntactic,4,ok,0,740.6287528574467,0,"[""/usr/bin/python3"", ""/home/arjaiswal/Polygeist/scripts/correctness/kernel_match_rewrite.py"", ""/tmp/polybench_new/mvt_debuf.mlir"", ""--dry-run"", ""--matcher-mode"", ""syntactic"", ""--telemetry-json"", ""/home/arjaiswal/Polygeist/issues/equality_saturation_eval/campaign_20260908/polybench-mvt-syntactic-c0pca5y7.json"", ""--disable-semantic-fallback""]","== match report for /tmp/polybench_new/mvt_debuf.mlir ==
  match          body#[0]  cublasDgemv
  match          body#[1]  cublasDgemv_T
  total: 2 matched / 2 bodies
",0,[],0,0,0,0,/tmp/polybench_new/mvt_debuf.mlir,2771,0,2,2,282.7531509101391,0,65704,0.04513561725616455,0,4,0,0,"[{""body_indices"": [0], ""symbol"": ""cublasDgemv""}, {""body_indices"": [1], ""symbol"": ""cublasDgemv_T""}]",2,0,4,0.0,4
polybench,mvt,/tmp/polybench_new/mvt_debuf.mlir,43dc2ed49a2518e95ac97c63a67732474079780fa50ed4ca4f293d334d8de850,egglog,4,ok,0,952.533695846796,0,"[""/usr/bin/python3"", ""/home/arjaiswal/Polygeist/scripts/correctness/kernel_match_rewrite.py"", ""/tmp/polybench_new/mvt_debuf.mlir"", ""--dry-run"", ""--matcher-mode"", ""egglog"", ""--telemetry-json"", ""/home/arjaiswal/Polygeist/issues/equality_saturation_eval/campaign_20260908/polybench-mvt-egglog-qm1gkmia.json"", ""--disable-semantic-fallback""]","== match report for /tmp/polybench_new/mvt_debuf.mlir ==
  match          body#[0]  cublasDgemv
  match          body#[1]  cublasDgemv_T
  total: 2 matched / 2 bodies
",0,[],0,0,0,0,/tmp/polybench_new/mvt_debuf.mlir,2771,8,2,2,375.80111622810364,0,69536,42.30630025267601,4,4,0,16,"[{""body_indices"": [0], ""symbol"": ""cublasDgemv""}, {""body_indices"": [1], ""symbol"": ""cublasDgemv_T""}]",2,0,0,0.0,4
polybench,mvt,/tmp/polybench_new/mvt_debuf.mlir,43dc2ed49a2518e95ac97c63a67732474079780fa50ed4ca4f293d334d8de850,egglog,5,ok,0,804.9170896410942,0,"[""/usr/bin/python3"", ""/home/arjaiswal/Polygeist/scripts/correctness/kernel_match_rewrite.py"", ""/tmp/polybench_new/mvt_debuf.mlir"", ""--dry-run"", ""--matcher-mode"", ""egglog"", ""--telemetry-json"", ""/home/arjaiswal/Polygeist/issues/equality_saturation_eval/campaign_20260908/polybench-mvt-egglog-popstdhl.json"", ""--disable-semantic-fallback""]","== match report for /tmp/polybench_new/mvt_debuf.mlir ==
  match          body#[0]  cublasDgemv
  match          body#[1]  cublasDgemv_T
  total: 2 matched / 2 bodies
",0,[],0,0,0,0,/tmp/polybench_new/mvt_debuf.mlir,2771,8,2,2,346.70739993453026,0,69784,44.70450431108475,4,4,0,16,"[{""body_indices"": [0], ""symbol"": ""cublasDgemv""}, {""body_indices"": [1], ""symbol"": ""cublasDgemv_T""}]",2,0,0,0.0,4
polybench,mvt,/tmp/polybench_new/mvt_debuf.mlir,43dc2ed49a2518e95ac97c63a67732474079780fa50ed4ca4f293d334d8de850,syntactic,5,ok,0,725.4146672785282,0,"[""/usr/bin/python3"", ""/home/arjaiswal/Polygeist/scripts/correctness/kernel_match_rewrite.py"", ""/tmp/polybench_new/mvt_debuf.mlir"", ""--dry-run"", ""--matcher-mode"", ""syntactic"", ""--telemetry-json"", ""/home/arjaiswal/Polygeist/issues/equality_saturation_eval/campaign_20260908/polybench-mvt-syntactic-zmuz94s8.json"", ""--disable-semantic-fallback""]","== match report for /tmp/polybench_new/mvt_debuf.mlir ==
  match          body#[0]  cublasDgemv
  match          body#[1]  cublasDgemv_T
  total: 2 matched / 2 bodies
",0,[],0,0,0,0,/tmp/polybench_new/mvt_debuf.mlir,2771,0,2,2,286.1296758055687,0,65776,0.03896281123161316,0,4,0,0,"[{""body_indices"": [0], ""symbol"": ""cublasDgemv""}, {""body_indices"": [1], ""symbol"": ""cublasDgemv_T""}]",2,0,4,0.0,4
polybench,nussinov,/tmp/polybench_new/nussinov_debuf.mlir,1bbdc3fec8f84d40219602c881c5b6434b2de278071ce26b83baa5c86b326599,syntactic,1,ok,0,978.6401838064194,0,"[""/usr/bin/python3"", ""/home/arjaiswal/Polygeist/scripts/correctness/kernel_match_rewrite.py"", ""/tmp/polybench_new/nussinov_debuf.mlir"", ""--dry-run"", ""--matcher-mode"", ""syntactic"", ""--telemetry-json"", ""/home/arjaiswal/Polygeist/issues/equality_saturation_eval/campaign_20260908/polybench-nussinov-syntactic-n0crskri.json"", ""--disable-semantic-fallback""]","== match report for /tmp/polybench_new/nussinov_debuf.mlir ==
  total: 0 matched / 0 bodies
",0,[],0,0,0,0,/tmp/polybench_new/nussinov_debuf.mlir,5919,0,0,0,370.39680033922195,0,64928,0.0,0,0,0,0,[],0,0,0,0.0,0
polybench,nussinov,/tmp/polybench_new/nussinov_debuf.mlir,1bbdc3fec8f84d40219602c881c5b6434b2de278071ce26b83baa5c86b326599,egglog,1,ok,0,754.4364295899868,0,"[""/usr/bin/python3"", ""/home/arjaiswal/Polygeist/scripts/correctness/kernel_match_rewrite.py"", ""/tmp/polybench_new/nussinov_debuf.mlir"", ""--dry-run"", ""--matcher-mode"", ""egglog"", ""--telemetry-json"", ""/home/arjaiswal/Polygeist/issues/equality_saturation_eval/campaign_20260908/polybench-nussinov-egglog-z9qoxyat.json"", ""--disable-semantic-fallback""]","== match report for /tmp/polybench_new/nussinov_debuf.mlir ==
  total: 0 matched / 0 bodies
",0,[],0,0,0,0,/tmp/polybench_new/nussinov_debuf.mlir,5919,8,0,0,270.4623267054558,0,64480,0.0,0,0,0,0,[],0,0,0,0.0,0
polybench,nussinov,/tmp/polybench_new/nussinov_debuf.mlir,1bbdc3fec8f84d40219602c881c5b6434b2de278071ce26b83baa5c86b326599,egglog,2,ok,0,772.5759670138359,0,"[""/usr/bin/python3"", ""/home/arjaiswal/Polygeist/scripts/correctness/kernel_match_rewrite.py"", ""/tmp/polybench_new/nussinov_debuf.mlir"", ""--dry-run"", ""--matcher-mode"", ""egglog"", ""--telemetry-json"", ""/home/arjaiswal/Polygeist/issues/equality_saturation_eval/campaign_20260908/polybench-nussinov-egglog-gc_22u_f.json"", ""--disable-semantic-fallback""]","== match report for /tmp/polybench_new/nussinov_debuf.mlir ==
  total: 0 matched / 0 bodies
",0,[],0,0,0,0,/tmp/polybench_new/nussinov_debuf.mlir,5919,8,0,0,277.0534045994282,0,64944,0.0,0,0,0,0,[],0,0,0,0.0,0
polybench,nussinov,/tmp/polybench_new/nussinov_debuf.mlir,1bbdc3fec8f84d40219602c881c5b6434b2de278071ce26b83baa5c86b326599,syntactic,2,ok,0,734.4697751104832,0,"[""/usr/bin/python3"", ""/home/arjaiswal/Polygeist/scripts/correctness/kernel_match_rewrite.py"", ""/tmp/polybench_new/nussinov_debuf.mlir"", ""--dry-run"", ""--matcher-mode"", ""syntactic"", ""--telemetry-json"", ""/home/arjaiswal/Polygeist/issues/equality_saturation_eval/campaign_20260908/polybench-nussinov-syntactic-mfudo5_d.json"", ""--disable-semantic-fallback""]","== match report for /tmp/polybench_new/nussinov_debuf.mlir ==
  total: 0 matched / 0 bodies
",0,[],0,0,0,0,/tmp/polybench_new/nussinov_debuf.mlir,5919,0,0,0,268.1084871292114,0,64860,0.0,0,0,0,0,[],0,0,0,0.0,0
polybench,nussinov,/tmp/polybench_new/nussinov_debuf.mlir,1bbdc3fec8f84d40219602c881c5b6434b2de278071ce26b83baa5c86b326599,syntactic,3,ok,0,700.3399543464184,0,"[""/usr/bin/python3"", ""/home/arjaiswal/Polygeist/scripts/correctness/kernel_match_rewrite.py"", ""/tmp/polybench_new/nussinov_debuf.mlir"", ""--dry-run"", ""--matcher-mode"", ""syntactic"", ""--telemetry-json"", ""/home/arjaiswal/Polygeist/issues/equality_saturation_eval/campaign_20260908/polybench-nussinov-syntactic-g6xj9m1a.json"", ""--disable-semantic-fallback""]","== match report for /tmp/polybench_new/nussinov_debuf.mlir ==
  total: 0 matched / 0 bodies
",0,[],0,0,0,0,/tmp/polybench_new/nussinov_debuf.mlir,5919,0,0,0,256.95332512259483,0,64552,0.0,0,0,0,0,[],0,0,0,0.0,0
polybench,nussinov,/tmp/polybench_new/nussinov_debuf.mlir,1bbdc3fec8f84d40219602c881c5b6434b2de278071ce26b83baa5c86b326599,egglog,3,ok,0,692.0751892030239,0,"[""/usr/bin/python3"", ""/home/arjaiswal/Polygeist/scripts/correctness/kernel_match_rewrite.py"", ""/tmp/polybench_new/nussinov_debuf.mlir"", ""--dry-run"", ""--matcher-mode"", ""egglog"", ""--telemetry-json"", ""/home/arjaiswal/Polygeist/issues/equality_saturation_eval/campaign_20260908/polybench-nussinov-egglog-1bbkw9n5.json"", ""--disable-semantic-fallback""]","== match report for /tmp/polybench_new/nussinov_debuf.mlir ==
  total: 0 matched / 0 bodies
",0,[],0,0,0,0,/tmp/polybench_new/nussinov_debuf.mlir,5919,8,0,0,250.90613216161728,0,64892,0.0,0,0,0,0,[],0,0,0,0.0,0
polybench,nussinov,/tmp/polybench_new/nussinov_debuf.mlir,1bbdc3fec8f84d40219602c881c5b6434b2de278071ce26b83baa5c86b326599,egglog,4,ok,0,704.651728272438,0,"[""/usr/bin/python3"", ""/home/arjaiswal/Polygeist/scripts/correctness/kernel_match_rewrite.py"", ""/tmp/polybench_new/nussinov_debuf.mlir"", ""--dry-run"", ""--matcher-mode"", ""egglog"", ""--telemetry-json"", ""/home/arjaiswal/Polygeist/issues/equality_saturation_eval/campaign_20260908/polybench-nussinov-egglog-6m7cxg92.json"", ""--disable-semantic-fallback""]","== match report for /tmp/polybench_new/nussinov_debuf.mlir ==
  total: 0 matched / 0 bodies
",0,[],0,0,0,0,/tmp/polybench_new/nussinov_debuf.mlir,5919,8,0,0,265.081450343132,0,64612,0.0,0,0,0,0,[],0,0,0,0.0,0
polybench,nussinov,/tmp/polybench_new/nussinov_debuf.mlir,1bbdc3fec8f84d40219602c881c5b6434b2de278071ce26b83baa5c86b326599,syntactic,4,ok,0,707.8948430716991,0,"[""/usr/bin/python3"", ""/home/arjaiswal/Polygeist/scripts/correctness/kernel_match_rewrite.py"", ""/tmp/polybench_new/nussinov_debuf.mlir"", ""--dry-run"", ""--matcher-mode"", ""syntactic"", ""--telemetry-json"", ""/home/arjaiswal/Polygeist/issues/equality_saturation_eval/campaign_20260908/polybench-nussinov-syntactic-jga4z15z.json"", ""--disable-semantic-fallback""]","== match report for /tmp/polybench_new/nussinov_debuf.mlir ==
  total: 0 matched / 0 bodies
",0,[],0,0,0,0,/tmp/polybench_new/nussinov_debuf.mlir,5919,0,0,0,261.0510252416134,0,64564,0.0,0,0,0,0,[],0,0,0,0.0,0
polybench,nussinov,/tmp/polybench_new/nussinov_debuf.mlir,1bbdc3fec8f84d40219602c881c5b6434b2de278071ce26b83baa5c86b326599,syntactic,5,ok,0,748.002864420414,0,"[""/usr/bin/python3"", ""/home/arjaiswal/Polygeist/scripts/correctness/kernel_match_rewrite.py"", ""/tmp/polybench_new/nussinov_debuf.mlir"", ""--dry-run"", ""--matcher-mode"", ""syntactic"", ""--telemetry-json"", ""/home/arjaiswal/Polygeist/issues/equality_saturation_eval/campaign_20260908/polybench-nussinov-syntactic-lumxanf6.json"", ""--disable-semantic-fallback""]","== match report for /tmp/polybench_new/nussinov_debuf.mlir ==
  total: 0 matched / 0 bodies
",0,[],0,0,0,0,/tmp/polybench_new/nussinov_debuf.mlir,5919,0,0,0,257.5034685432911,0,64876,0.0,0,0,0,0,[],0,0,0,0.0,0
polybench,nussinov,/tmp/polybench_new/nussinov_debuf.mlir,1bbdc3fec8f84d40219602c881c5b6434b2de278071ce26b83baa5c86b326599,egglog,5,ok,0,721.3075533509254,0,"[""/usr/bin/python3"", ""/home/arjaiswal/Polygeist/scripts/correctness/kernel_match_rewrite.py"", ""/tmp/polybench_new/nussinov_debuf.mlir"", ""--dry-run"", ""--matcher-mode"", ""egglog"", ""--telemetry-json"", ""/home/arjaiswal/Polygeist/issues/equality_saturation_eval/campaign_20260908/polybench-nussinov-egglog-mps7kq2l.json"", ""--disable-semantic-fallback""]","== match report for /tmp/polybench_new/nussinov_debuf.mlir ==
  total: 0 matched / 0 bodies
",0,[],0,0,0,0,/tmp/polybench_new/nussinov_debuf.mlir,5919,8,0,0,283.21830928325653,0,64828,0.0,0,0,0,0,[],0,0,0,0.0,0
polybench,seidel-2d,/tmp/polybench_new/seidel-2d_debuf.mlir,7d386052ea5a0b212922458c059b06c3d1ffb9f240593cd0b4c78299f7d21bcf,egglog,1,ok,0,732.8954339027405,0,"[""/usr/bin/python3"", ""/home/arjaiswal/Polygeist/scripts/correctness/kernel_match_rewrite.py"", ""/tmp/polybench_new/seidel-2d_debuf.mlir"", ""--dry-run"", ""--matcher-mode"", ""egglog"", ""--telemetry-json"", ""/home/arjaiswal/Polygeist/issues/equality_saturation_eval/campaign_20260908/polybench-seidel-2d-egglog-9lvi1vih.json"", ""--disable-semantic-fallback""]","== match report for /tmp/polybench_new/seidel-2d_debuf.mlir ==
  no_match       body#0  ?
  total: 0 matched / 1 bodies
",0,[],0,0,0,0,/tmp/polybench_new/seidel-2d_debuf.mlir,5613,8,1,0,300.761453807354,1,65896,0.0,0,0,0,0,[],0,0,0,0.0,0
polybench,seidel-2d,/tmp/polybench_new/seidel-2d_debuf.mlir,7d386052ea5a0b212922458c059b06c3d1ffb9f240593cd0b4c78299f7d21bcf,syntactic,1,ok,0,774.4214683771133,0,"[""/usr/bin/python3"", ""/home/arjaiswal/Polygeist/scripts/correctness/kernel_match_rewrite.py"", ""/tmp/polybench_new/seidel-2d_debuf.mlir"", ""--dry-run"", ""--matcher-mode"", ""syntactic"", ""--telemetry-json"", ""/home/arjaiswal/Polygeist/issues/equality_saturation_eval/campaign_20260908/polybench-seidel-2d-syntactic-08zizg5h.json"", ""--disable-semantic-fallback""]","== match report for /tmp/polybench_new/seidel-2d_debuf.mlir ==
  no_match       body#0  ?
  total: 0 matched / 1 bodies
",0,[],0,0,0,0,/tmp/polybench_new/seidel-2d_debuf.mlir,5613,0,1,0,286.93724051117897,1,65724,0.0,0,0,0,0,[],0,0,0,0.0,0
polybench,seidel-2d,/tmp/polybench_new/seidel-2d_debuf.mlir,7d386052ea5a0b212922458c059b06c3d1ffb9f240593cd0b4c78299f7d21bcf,syntactic,2,ok,0,774.5260037481785,0,"[""/usr/bin/python3"", ""/home/arjaiswal/Polygeist/scripts/correctness/kernel_match_rewrite.py"", ""/tmp/polybench_new/seidel-2d_debuf.mlir"", ""--dry-run"", ""--matcher-mode"", ""syntactic"", ""--telemetry-json"", ""/home/arjaiswal/Polygeist/issues/equality_saturation_eval/campaign_20260908/polybench-seidel-2d-syntactic-unjabyae.json"", ""--disable-semantic-fallback""]","== match report for /tmp/polybench_new/seidel-2d_debuf.mlir ==
  no_match       body#0  ?
  total: 0 matched / 1 bodies
",0,[],0,0,0,0,/tmp/polybench_new/seidel-2d_debuf.mlir,5613,0,1,0,315.28419628739357,1,65832,0.0,0,0,0,0,[],0,0,0,0.0,0
polybench,seidel-2d,/tmp/polybench_new/seidel-2d_debuf.mlir,7d386052ea5a0b212922458c059b06c3d1ffb9f240593cd0b4c78299f7d21bcf,egglog,2,ok,0,706.0237526893616,0,"[""/usr/bin/python3"", ""/home/arjaiswal/Polygeist/scripts/correctness/kernel_match_rewrite.py"", ""/tmp/polybench_new/seidel-2d_debuf.mlir"", ""--dry-run"", ""--matcher-mode"", ""egglog"", ""--telemetry-json"", ""/home/arjaiswal/Polygeist/issues/equality_saturation_eval/campaign_20260908/polybench-seidel-2d-egglog-ek0ybj2s.json"", ""--disable-semantic-fallback""]","== match report for /tmp/polybench_new/seidel-2d_debuf.mlir ==
  no_match       body#0  ?
  total: 0 matched / 1 bodies
",0,[],0,0,0,0,/tmp/polybench_new/seidel-2d_debuf.mlir,5613,8,1,0,273.1144018471241,1,65748,0.0,0,0,0,0,[],0,0,0,0.0,0
polybench,seidel-2d,/tmp/polybench_new/seidel-2d_debuf.mlir,7d386052ea5a0b212922458c059b06c3d1ffb9f240593cd0b4c78299f7d21bcf,egglog,3,ok,0,746.5022765100002,0,"[""/usr/bin/python3"", ""/home/arjaiswal/Polygeist/scripts/correctness/kernel_match_rewrite.py"", ""/tmp/polybench_new/seidel-2d_debuf.mlir"", ""--dry-run"", ""--matcher-mode"", ""egglog"", ""--telemetry-json"", ""/home/arjaiswal/Polygeist/issues/equality_saturation_eval/campaign_20260908/polybench-seidel-2d-egglog-gs1i1h4m.json"", ""--disable-semantic-fallback""]","== match report for /tmp/polybench_new/seidel-2d_debuf.mlir ==
  no_match       body#0  ?
  total: 0 matched / 1 bodies
",0,[],0,0,0,0,/tmp/polybench_new/seidel-2d_debuf.mlir,5613,8,1,0,298.9620380103588,1,65920,0.0,0,0,0,0,[],0,0,0,0.0,0
polybench,seidel-2d,/tmp/polybench_new/seidel-2d_debuf.mlir,7d386052ea5a0b212922458c059b06c3d1ffb9f240593cd0b4c78299f7d21bcf,syntactic,3,ok,0,754.5325420796871,0,"[""/usr/bin/python3"", ""/home/arjaiswal/Polygeist/scripts/correctness/kernel_match_rewrite.py"", ""/tmp/polybench_new/seidel-2d_debuf.mlir"", ""--dry-run"", ""--matcher-mode"", ""syntactic"", ""--telemetry-json"", ""/home/arjaiswal/Polygeist/issues/equality_saturation_eval/campaign_20260908/polybench-seidel-2d-syntactic-le8ni62p.json"", ""--disable-semantic-fallback""]","== match report for /tmp/polybench_new/seidel-2d_debuf.mlir ==
  no_match       body#0  ?
  total: 0 matched / 1 bodies
",0,[],0,0,0,0,/tmp/polybench_new/seidel-2d_debuf.mlir,5613,0,1,0,296.098206192255,1,65964,0.0,0,0,0,0,[],0,0,0,0.0,0
polybench,seidel-2d,/tmp/polybench_new/seidel-2d_debuf.mlir,7d386052ea5a0b212922458c059b06c3d1ffb9f240593cd0b4c78299f7d21bcf,syntactic,4,ok,0,762.1471732854843,0,"[""/usr/bin/python3"", ""/home/arjaiswal/Polygeist/scripts/correctness/kernel_match_rewrite.py"", ""/tmp/polybench_new/seidel-2d_debuf.mlir"", ""--dry-run"", ""--matcher-mode"", ""syntactic"", ""--telemetry-json"", ""/home/arjaiswal/Polygeist/issues/equality_saturation_eval/campaign_20260908/polybench-seidel-2d-syntactic-cb2jq8hx.json"", ""--disable-semantic-fallback""]","== match report for /tmp/polybench_new/seidel-2d_debuf.mlir ==
  no_match       body#0  ?
  total: 0 matched / 1 bodies
",0,[],0,0,0,0,/tmp/polybench_new/seidel-2d_debuf.mlir,5613,0,1,0,302.05945298075676,1,65896,0.0,0,0,0,0,[],0,0,0,0.0,0
polybench,seidel-2d,/tmp/polybench_new/seidel-2d_debuf.mlir,7d386052ea5a0b212922458c059b06c3d1ffb9f240593cd0b4c78299f7d21bcf,egglog,4,ok,0,774.6663950383663,0,"[""/usr/bin/python3"", ""/home/arjaiswal/Polygeist/scripts/correctness/kernel_match_rewrite.py"", ""/tmp/polybench_new/seidel-2d_debuf.mlir"", ""--dry-run"", ""--matcher-mode"", ""egglog"", ""--telemetry-json"", ""/home/arjaiswal/Polygeist/issues/equality_saturation_eval/campaign_20260908/polybench-seidel-2d-egglog-anr_hngt.json"", ""--disable-semantic-fallback""]","== match report for /tmp/polybench_new/seidel-2d_debuf.mlir ==
  no_match       body#0  ?
  total: 0 matched / 1 bodies
",0,[],0,0,0,0,/tmp/polybench_new/seidel-2d_debuf.mlir,5613,8,1,0,284.3369022011757,1,65868,0.0,0,0,0,0,[],0,0,0,0.0,0
polybench,seidel-2d,/tmp/polybench_new/seidel-2d_debuf.mlir,7d386052ea5a0b212922458c059b06c3d1ffb9f240593cd0b4c78299f7d21bcf,egglog,5,ok,0,754.8061162233353,0,"[""/usr/bin/python3"", ""/home/arjaiswal/Polygeist/scripts/correctness/kernel_match_rewrite.py"", ""/tmp/polybench_new/seidel-2d_debuf.mlir"", ""--dry-run"", ""--matcher-mode"", ""egglog"", ""--telemetry-json"", ""/home/arjaiswal/Polygeist/issues/equality_saturation_eval/campaign_20260908/polybench-seidel-2d-egglog-bdpexrw4.json"", ""--disable-semantic-fallback""]","== match report for /tmp/polybench_new/seidel-2d_debuf.mlir ==
  no_match       body#0  ?
  total: 0 matched / 1 bodies
",0,[],0,0,0,0,/tmp/polybench_new/seidel-2d_debuf.mlir,5613,8,1,0,291.2866584956646,1,65968,0.0,0,0,0,0,[],0,0,0,0.0,0
polybench,seidel-2d,/tmp/polybench_new/seidel-2d_debuf.mlir,7d386052ea5a0b212922458c059b06c3d1ffb9f240593cd0b4c78299f7d21bcf,syntactic,5,ok,0,818.1506209075451,0,"[""/usr/bin/python3"", ""/home/arjaiswal/Polygeist/scripts/correctness/kernel_match_rewrite.py"", ""/tmp/polybench_new/seidel-2d_debuf.mlir"", ""--dry-run"", ""--matcher-mode"", ""syntactic"", ""--telemetry-json"", ""/home/arjaiswal/Polygeist/issues/equality_saturation_eval/campaign_20260908/polybench-seidel-2d-syntactic-hraonnmb.json"", ""--disable-semantic-fallback""]","== match report for /tmp/polybench_new/seidel-2d_debuf.mlir ==
  no_match       body#0  ?
  total: 0 matched / 1 bodies
",0,[],0,0,0,0,/tmp/polybench_new/seidel-2d_debuf.mlir,5613,0,1,0,331.89454302191734,1,65908,0.0,0,0,0,0,[],0,0,0,0.0,0
polybench,symm,/tmp/polybench_new/symm_debuf.mlir,f1647a7fb7eec5e9a3fc3aeff7e761b67f70034d2b01f911ef87887bf3d8ae98,syntactic,1,ok,0,877.8761774301529,0,"[""/usr/bin/python3"", ""/home/arjaiswal/Polygeist/scripts/correctness/kernel_match_rewrite.py"", ""/tmp/polybench_new/symm_debuf.mlir"", ""--dry-run"", ""--matcher-mode"", ""syntactic"", ""--telemetry-json"", ""/home/arjaiswal/Polygeist/issues/equality_saturation_eval/campaign_20260908/polybench-symm-syntactic-7uqkykkl.json"", ""--disable-semantic-fallback""]","== match report for /tmp/polybench_new/symm_debuf.mlir ==
  no_match       body#0  ?
  no_match       body#1  ?
  no_match       body#2  ?
  no_match       body#3  ?
  total: 0 matched / 4 bodies
",0,[],0,0,0,0,/tmp/polybench_new/symm_debuf.mlir,5091,0,4,0,306.76983296871185,4,65792,0.013250857591629028,0,2,0,0,[],0,0,4,0.0,4
polybench,symm,/tmp/polybench_new/symm_debuf.mlir,f1647a7fb7eec5e9a3fc3aeff7e761b67f70034d2b01f911ef87887bf3d8ae98,egglog,1,ok,0,845.6882201135159,0,"[""/usr/bin/python3"", ""/home/arjaiswal/Polygeist/scripts/correctness/kernel_match_rewrite.py"", ""/tmp/polybench_new/symm_debuf.mlir"", ""--dry-run"", ""--matcher-mode"", ""egglog"", ""--telemetry-json"", ""/home/arjaiswal/Polygeist/issues/equality_saturation_eval/campaign_20260908/polybench-symm-egglog-2_9g8g_6.json"", ""--disable-semantic-fallback""]","== match report for /tmp/polybench_new/symm_debuf.mlir ==
  no_match       body#0  ?
  no_match       body#1  ?
  no_match       body#2  ?
  no_match       body#3  ?
  total: 0 matched / 4 bodies
",0,[],0,0,0,0,/tmp/polybench_new/symm_debuf.mlir,5091,8,4,0,342.87790209054947,4,69752,20.09447291493416,2,2,0,0,[],0,0,0,0.0,4
polybench,symm,/tmp/polybench_new/symm_debuf.mlir,f1647a7fb7eec5e9a3fc3aeff7e761b67f70034d2b01f911ef87887bf3d8ae98,egglog,2,ok,0,781.0656540095806,0,"[""/usr/bin/python3"", ""/home/arjaiswal/Polygeist/scripts/correctness/kernel_match_rewrite.py"", ""/tmp/polybench_new/symm_debuf.mlir"", ""--dry-run"", ""--matcher-mode"", ""egglog"", ""--telemetry-json"", ""/home/arjaiswal/Polygeist/issues/equality_saturation_eval/campaign_20260908/polybench-symm-egglog-u0zubd2k.json"", ""--disable-semantic-fallback""]","== match report for /tmp/polybench_new/symm_debuf.mlir ==
  no_match       body#0  ?
  no_match       body#1  ?
  no_match       body#2  ?
  no_match       body#3  ?
  total: 0 matched / 4 bodies
",0,[],0,0,0,0,/tmp/polybench_new/symm_debuf.mlir,5091,8,4,0,330.12351021170616,4,69900,20.506564527750015,2,2,0,0,[],0,0,0,0.0,4
polybench,symm,/tmp/polybench_new/symm_debuf.mlir,f1647a7fb7eec5e9a3fc3aeff7e761b67f70034d2b01f911ef87887bf3d8ae98,syntactic,2,ok,0,786.5419834852219,0,"[""/usr/bin/python3"", ""/home/arjaiswal/Polygeist/scripts/correctness/kernel_match_rewrite.py"", ""/tmp/polybench_new/symm_debuf.mlir"", ""--dry-run"", ""--matcher-mode"", ""syntactic"", ""--telemetry-json"", ""/home/arjaiswal/Polygeist/issues/equality_saturation_eval/campaign_20260908/polybench-symm-syntactic-y9qrrpqi.json"", ""--disable-semantic-fallback""]","== match report for /tmp/polybench_new/symm_debuf.mlir ==
  no_match       body#0  ?
  no_match       body#1  ?
  no_match       body#2  ?
  no_match       body#3  ?
  total: 0 matched / 4 bodies
",0,[],0,0,0,0,/tmp/polybench_new/symm_debuf.mlir,5091,0,4,0,304.5317456126213,4,65776,0.013589859008789062,0,2,0,0,[],0,0,4,0.0,4
polybench,symm,/tmp/polybench_new/symm_debuf.mlir,f1647a7fb7eec5e9a3fc3aeff7e761b67f70034d2b01f911ef87887bf3d8ae98,syntactic,3,ok,0,783.3192758262157,0,"[""/usr/bin/python3"", ""/home/arjaiswal/Polygeist/scripts/correctness/kernel_match_rewrite.py"", ""/tmp/polybench_new/symm_debuf.mlir"", ""--dry-run"", ""--matcher-mode"", ""syntactic"", ""--telemetry-json"", ""/home/arjaiswal/Polygeist/issues/equality_saturation_eval/campaign_20260908/polybench-symm-syntactic-8mi96cde.json"", ""--disable-semantic-fallback""]","== match report for /tmp/polybench_new/symm_debuf.mlir ==
  no_match       body#0  ?
  no_match       body#1  ?
  no_match       body#2  ?
  no_match       body#3  ?
  total: 0 matched / 4 bodies
",0,[],0,0,0,0,/tmp/polybench_new/symm_debuf.mlir,5091,0,4,0,309.5155358314514,4,65900,0.013630837202072144,0,2,0,0,[],0,0,4,0.0,4
polybench,symm,/tmp/polybench_new/symm_debuf.mlir,f1647a7fb7eec5e9a3fc3aeff7e761b67f70034d2b01f911ef87887bf3d8ae98,egglog,3,ok,0,770.3179568052292,0,"[""/usr/bin/python3"", ""/home/arjaiswal/Polygeist/scripts/correctness/kernel_match_rewrite.py"", ""/tmp/polybench_new/symm_debuf.mlir"", ""--dry-run"", ""--matcher-mode"", ""egglog"", ""--telemetry-json"", ""/home/arjaiswal/Polygeist/issues/equality_saturation_eval/campaign_20260908/polybench-symm-egglog-1uan3bjr.json"", ""--disable-semantic-fallback""]","== match report for /tmp/polybench_new/symm_debuf.mlir ==
  no_match       body#0  ?
  no_match       body#1  ?
  no_match       body#2  ?
  no_match       body#3  ?
  total: 0 matched / 4 bodies
",0,[],0,0,0,0,/tmp/polybench_new/symm_debuf.mlir,5091,8,4,0,320.70670276880264,4,69672,19.951559603214264,2,2,0,0,[],0,0,0,0.0,4
polybench,symm,/tmp/polybench_new/symm_debuf.mlir,f1647a7fb7eec5e9a3fc3aeff7e761b67f70034d2b01f911ef87887bf3d8ae98,egglog,4,ok,0,785.165149718523,0,"[""/usr/bin/python3"", ""/home/arjaiswal/Polygeist/scripts/correctness/kernel_match_rewrite.py"", ""/tmp/polybench_new/symm_debuf.mlir"", ""--dry-run"", ""--matcher-mode"", ""egglog"", ""--telemetry-json"", ""/home/arjaiswal/Polygeist/issues/equality_saturation_eval/campaign_20260908/polybench-symm-egglog-f1axmvc6.json"", ""--disable-semantic-fallback""]","== match report for /tmp/polybench_new/symm_debuf.mlir ==
  no_match       body#0  ?
  no_match       body#1  ?
  no_match       body#2  ?
  no_match       body#3  ?
  total: 0 matched / 4 bodies
",0,[],0,0,0,0,/tmp/polybench_new/symm_debuf.mlir,5091,8,4,0,342.68882125616074,4,69696,20.888738334178925,2,2,0,0,[],0,0,0,0.0,4
polybench,symm,/tmp/polybench_new/symm_debuf.mlir,f1647a7fb7eec5e9a3fc3aeff7e761b67f70034d2b01f911ef87887bf3d8ae98,syntactic,4,ok,0,789.5582914352417,0,"[""/usr/bin/python3"", ""/home/arjaiswal/Polygeist/scripts/correctness/kernel_match_rewrite.py"", ""/tmp/polybench_new/symm_debuf.mlir"", ""--dry-run"", ""--matcher-mode"", ""syntactic"", ""--telemetry-json"", ""/home/arjaiswal/Polygeist/issues/equality_saturation_eval/campaign_20260908/polybench-symm-syntactic-5ztjfeag.json"", ""--disable-semantic-fallback""]","== match report for /tmp/polybench_new/symm_debuf.mlir ==
  no_match       body#0  ?
  no_match       body#1  ?
  no_match       body#2  ?
  no_match       body#3  ?
  total: 0 matched / 4 bodies
",0,[],0,0,0,0,/tmp/polybench_new/symm_debuf.mlir,5091,0,4,0,336.43997460603714,4,65896,0.015091150999069214,0,2,0,0,[],0,0,4,0.0,4
polybench,symm,/tmp/polybench_new/symm_debuf.mlir,f1647a7fb7eec5e9a3fc3aeff7e761b67f70034d2b01f911ef87887bf3d8ae98,syntactic,5,ok,0,876.9025467336178,0,"[""/usr/bin/python3"", ""/home/arjaiswal/Polygeist/scripts/correctness/kernel_match_rewrite.py"", ""/tmp/polybench_new/symm_debuf.mlir"", ""--dry-run"", ""--matcher-mode"", ""syntactic"", ""--telemetry-json"", ""/home/arjaiswal/Polygeist/issues/equality_saturation_eval/campaign_20260908/polybench-symm-syntactic-9__rcijf.json"", ""--disable-semantic-fallback""]","== match report for /tmp/polybench_new/symm_debuf.mlir ==
  no_match       body#0  ?
  no_match       body#1  ?
  no_match       body#2  ?
  no_match       body#3  ?
  total: 0 matched / 4 bodies
",0,[],0,0,0,0,/tmp/polybench_new/symm_debuf.mlir,5091,0,4,0,378.1566545367241,4,65776,0.020232051610946655,0,2,0,0,[],0,0,4,0.0,4
polybench,symm,/tmp/polybench_new/symm_debuf.mlir,f1647a7fb7eec5e9a3fc3aeff7e761b67f70034d2b01f911ef87887bf3d8ae98,egglog,5,ok,0,869.2547380924225,0,"[""/usr/bin/python3"", ""/home/arjaiswal/Polygeist/scripts/correctness/kernel_match_rewrite.py"", ""/tmp/polybench_new/symm_debuf.mlir"", ""--dry-run"", ""--matcher-mode"", ""egglog"", ""--telemetry-json"", ""/home/arjaiswal/Polygeist/issues/equality_saturation_eval/campaign_20260908/polybench-symm-egglog-oz68sws7.json"", ""--disable-semantic-fallback""]","== match report for /tmp/polybench_new/symm_debuf.mlir ==
  no_match       body#0  ?
  no_match       body#1  ?
  no_match       body#2  ?
  no_match       body#3  ?
  total: 0 matched / 4 bodies
",0,[],0,0,0,0,/tmp/polybench_new/symm_debuf.mlir,5091,8,4,0,392.90788024663925,4,69724,21.85991406440735,2,2,0,0,[],0,0,0,0.0,4
polybench,syr2k,/tmp/polybench_new/syr2k_debuf.mlir,f5d1a233836dea468c7a2a7a7e141a301fc59101c8969fc6793969a923950e6c,egglog,1,ok,0,876.9345432519913,0,"[""/usr/bin/python3"", ""/home/arjaiswal/Polygeist/scripts/correctness/kernel_match_rewrite.py"", ""/tmp/polybench_new/syr2k_debuf.mlir"", ""--dry-run"", ""--matcher-mode"", ""egglog"", ""--telemetry-json"", ""/home/arjaiswal/Polygeist/issues/equality_saturation_eval/campaign_20260908/polybench-syr2k-egglog-2ae_44yr.json"", ""--disable-semantic-fallback""]","== match report for /tmp/polybench_new/syr2k_debuf.mlir ==
  match          body#[0, 1]  cublasDsyr2k
  total: 1 matched / 1 bodies
",0,[],0,0,0,0,/tmp/polybench_new/syr2k_debuf.mlir,3121,8,2,2,401.75526961684227,0,70320,47.4327951669693,4,4,0,122,"[{""body_indices"": [0, 1], ""symbol"": ""cublasDsyr2k""}]",1,0,0,0.0,12
polybench,syr2k,/tmp/polybench_new/syr2k_debuf.mlir,f5d1a233836dea468c7a2a7a7e141a301fc59101c8969fc6793969a923950e6c,syntactic,1,ok,0,813.7774281203747,0,"[""/usr/bin/python3"", ""/home/arjaiswal/Polygeist/scripts/correctness/kernel_match_rewrite.py"", ""/tmp/polybench_new/syr2k_debuf.mlir"", ""--dry-run"", ""--matcher-mode"", ""syntactic"", ""--telemetry-json"", ""/home/arjaiswal/Polygeist/issues/equality_saturation_eval/campaign_20260908/polybench-syr2k-syntactic-5l36bzkv.json"", ""--disable-semantic-fallback""]","== match report for /tmp/polybench_new/syr2k_debuf.mlir ==
  match          body#[0, 1]  cublasDsyr2k
  total: 1 matched / 1 bodies
",0,[],0,0,0,0,/tmp/polybench_new/syr2k_debuf.mlir,3121,0,2,2,358.3308085799217,0,66072,0.1413896679878235,0,4,0,0,"[{""body_indices"": [0, 1], ""symbol"": ""cublasDsyr2k""}]",1,0,12,0.0,12
polybench,syr2k,/tmp/polybench_new/syr2k_debuf.mlir,f5d1a233836dea468c7a2a7a7e141a301fc59101c8969fc6793969a923950e6c,syntactic,2,ok,0,961.8475250899792,0,"[""/usr/bin/python3"", ""/home/arjaiswal/Polygeist/scripts/correctness/kernel_match_rewrite.py"", ""/tmp/polybench_new/syr2k_debuf.mlir"", ""--dry-run"", ""--matcher-mode"", ""syntactic"", ""--telemetry-json"", ""/home/arjaiswal/Polygeist/issues/equality_saturation_eval/campaign_20260908/polybench-syr2k-syntactic-r6wd4aix.json"", ""--disable-semantic-fallback""]","== match report for /tmp/polybench_new/syr2k_debuf.mlir ==
  match          body#[0, 1]  cublasDsyr2k
  total: 1 matched / 1 bodies
",0,[],0,0,0,0,/tmp/polybench_new/syr2k_debuf.mlir,3121,0,2,2,371.65722623467445,0,66284,0.12601539492607117,0,4,0,0,"[{""body_indices"": [0, 1], ""symbol"": ""cublasDsyr2k""}]",1,0,12,0.0,12
polybench,syr2k,/tmp/polybench_new/syr2k_debuf.mlir,f5d1a233836dea468c7a2a7a7e141a301fc59101c8969fc6793969a923950e6c,egglog,2,ok,0,841.3925394415855,0,"[""/usr/bin/python3"", ""/home/arjaiswal/Polygeist/scripts/correctness/kernel_match_rewrite.py"", ""/tmp/polybench_new/syr2k_debuf.mlir"", ""--dry-run"", ""--matcher-mode"", ""egglog"", ""--telemetry-json"", ""/home/arjaiswal/Polygeist/issues/equality_saturation_eval/campaign_20260908/polybench-syr2k-egglog-e86pj5s6.json"", ""--disable-semantic-fallback""]","== match report for /tmp/polybench_new/syr2k_debuf.mlir ==
  match          body#[0, 1]  cublasDsyr2k
  total: 1 matched / 1 bodies
",0,[],0,0,0,0,/tmp/polybench_new/syr2k_debuf.mlir,3121,8,2,2,393.3982513844967,0,70436,46.458400785923004,4,4,0,122,"[{""body_indices"": [0, 1], ""symbol"": ""cublasDsyr2k""}]",1,0,0,0.0,12
polybench,syr2k,/tmp/polybench_new/syr2k_debuf.mlir,f5d1a233836dea468c7a2a7a7e141a301fc59101c8969fc6793969a923950e6c,egglog,3,ok,0,832.2422839701176,0,"[""/usr/bin/python3"", ""/home/arjaiswal/Polygeist/scripts/correctness/kernel_match_rewrite.py"", ""/tmp/polybench_new/syr2k_debuf.mlir"", ""--dry-run"", ""--matcher-mode"", ""egglog"", ""--telemetry-json"", ""/home/arjaiswal/Polygeist/issues/equality_saturation_eval/campaign_20260908/polybench-syr2k-egglog-j17covyv.json"", ""--disable-semantic-fallback""]","== match report for /tmp/polybench_new/syr2k_debuf.mlir ==
  match          body#[0, 1]  cublasDsyr2k
  total: 1 matched / 1 bodies
",0,[],0,0,0,0,/tmp/polybench_new/syr2k_debuf.mlir,3121,8,2,2,393.1269310414791,0,70268,48.90358820557594,4,4,0,122,"[{""body_indices"": [0, 1], ""symbol"": ""cublasDsyr2k""}]",1,0,0,0.0,12
polybench,syr2k,/tmp/polybench_new/syr2k_debuf.mlir,f5d1a233836dea468c7a2a7a7e141a301fc59101c8969fc6793969a923950e6c,syntactic,3,ok,0,844.2956805229187,0,"[""/usr/bin/python3"", ""/home/arjaiswal/Polygeist/scripts/correctness/kernel_match_rewrite.py"", ""/tmp/polybench_new/syr2k_debuf.mlir"", ""--dry-run"", ""--matcher-mode"", ""syntactic"", ""--telemetry-json"", ""/home/arjaiswal/Polygeist/issues/equality_saturation_eval/campaign_20260908/polybench-syr2k-syntactic-grm78si2.json"", ""--disable-semantic-fallback""]","== match report for /tmp/polybench_new/syr2k_debuf.mlir ==
  match          body#[0, 1]  cublasDsyr2k
  total: 1 matched / 1 bodies
",0,[],0,0,0,0,/tmp/polybench_new/syr2k_debuf.mlir,3121,0,2,2,344.41353753209114,0,66264,0.11967495083808899,0,4,0,0,"[{""body_indices"": [0, 1], ""symbol"": ""cublasDsyr2k""}]",1,0,12,0.0,12
polybench,syr2k,/tmp/polybench_new/syr2k_debuf.mlir,f5d1a233836dea468c7a2a7a7e141a301fc59101c8969fc6793969a923950e6c,syntactic,4,ok,0,801.1423647403717,0,"[""/usr/bin/python3"", ""/home/arjaiswal/Polygeist/scripts/correctness/kernel_match_rewrite.py"", ""/tmp/polybench_new/syr2k_debuf.mlir"", ""--dry-run"", ""--matcher-mode"", ""syntactic"", ""--telemetry-json"", ""/home/arjaiswal/Polygeist/issues/equality_saturation_eval/campaign_20260908/polybench-syr2k-syntactic-agh_ovou.json"", ""--disable-semantic-fallback""]","== match report for /tmp/polybench_new/syr2k_debuf.mlir ==
  match          body#[0, 1]  cublasDsyr2k
  total: 1 matched / 1 bodies
",0,[],0,0,0,0,/tmp/polybench_new/syr2k_debuf.mlir,3121,0,2,2,341.0250060260296,0,66268,0.12283399701118469,0,4,0,0,"[{""body_indices"": [0, 1], ""symbol"": ""cublasDsyr2k""}]",1,0,12,0.0,12
polybench,syr2k,/tmp/polybench_new/syr2k_debuf.mlir,f5d1a233836dea468c7a2a7a7e141a301fc59101c8969fc6793969a923950e6c,egglog,4,ok,0,862.7136573195457,0,"[""/usr/bin/python3"", ""/home/arjaiswal/Polygeist/scripts/correctness/kernel_match_rewrite.py"", ""/tmp/polybench_new/syr2k_debuf.mlir"", ""--dry-run"", ""--matcher-mode"", ""egglog"", ""--telemetry-json"", ""/home/arjaiswal/Polygeist/issues/equality_saturation_eval/campaign_20260908/polybench-syr2k-egglog-848cxwjj.json"", ""--disable-semantic-fallback""]","== match report for /tmp/polybench_new/syr2k_debuf.mlir ==
  match          body#[0, 1]  cublasDsyr2k
  total: 1 matched / 1 bodies
",0,[],0,0,0,0,/tmp/polybench_new/syr2k_debuf.mlir,3121,8,2,2,412.27566078305244,0,70268,48.56020212173462,4,4,0,122,"[{""body_indices"": [0, 1], ""symbol"": ""cublasDsyr2k""}]",1,0,0,0.0,12
polybench,syr2k,/tmp/polybench_new/syr2k_debuf.mlir,f5d1a233836dea468c7a2a7a7e141a301fc59101c8969fc6793969a923950e6c,egglog,5,ok,0,885.0406669080257,0,"[""/usr/bin/python3"", ""/home/arjaiswal/Polygeist/scripts/correctness/kernel_match_rewrite.py"", ""/tmp/polybench_new/syr2k_debuf.mlir"", ""--dry-run"", ""--matcher-mode"", ""egglog"", ""--telemetry-json"", ""/home/arjaiswal/Polygeist/issues/equality_saturation_eval/campaign_20260908/polybench-syr2k-egglog-xtc4fdhf.json"", ""--disable-semantic-fallback""]","== match report for /tmp/polybench_new/syr2k_debuf.mlir ==
  match          body#[0, 1]  cublasDsyr2k
  total: 1 matched / 1 bodies
",0,[],0,0,0,0,/tmp/polybench_new/syr2k_debuf.mlir,3121,8,2,2,404.53942865133286,0,70124,48.75371232628822,4,4,0,122,"[{""body_indices"": [0, 1], ""symbol"": ""cublasDsyr2k""}]",1,0,0,0.0,12
polybench,syr2k,/tmp/polybench_new/syr2k_debuf.mlir,f5d1a233836dea468c7a2a7a7e141a301fc59101c8969fc6793969a923950e6c,syntactic,5,ok,0,830.0734348595142,0,"[""/usr/bin/python3"", ""/home/arjaiswal/Polygeist/scripts/correctness/kernel_match_rewrite.py"", ""/tmp/polybench_new/syr2k_debuf.mlir"", ""--dry-run"", ""--matcher-mode"", ""syntactic"", ""--telemetry-json"", ""/home/arjaiswal/Polygeist/issues/equality_saturation_eval/campaign_20260908/polybench-syr2k-syntactic-9fmde4p1.json"", ""--disable-semantic-fallback""]","== match report for /tmp/polybench_new/syr2k_debuf.mlir ==
  match          body#[0, 1]  cublasDsyr2k
  total: 1 matched / 1 bodies
",0,[],0,0,0,0,/tmp/polybench_new/syr2k_debuf.mlir,3121,0,2,2,368.0807761847973,0,66432,0.1470036804676056,0,4,0,0,"[{""body_indices"": [0, 1], ""symbol"": ""cublasDsyr2k""}]",1,0,12,0.0,12
polybench,syrk,/tmp/polybench_new/syrk_debuf.mlir,d2f8213564f5bdb81ea3397725f486722d47cc91b7b4fc27bf5b5571b6fd5262,syntactic,1,ok,0,868.6207793653011,0,"[""/usr/bin/python3"", ""/home/arjaiswal/Polygeist/scripts/correctness/kernel_match_rewrite.py"", ""/tmp/polybench_new/syrk_debuf.mlir"", ""--dry-run"", ""--matcher-mode"", ""syntactic"", ""--telemetry-json"", ""/home/arjaiswal/Polygeist/issues/equality_saturation_eval/campaign_20260908/polybench-syrk-syntactic-zxts8tl5.json"", ""--disable-semantic-fallback""]","== match report for /tmp/polybench_new/syrk_debuf.mlir ==
  match          body#[0, 1]  cublasDsyrk
  total: 1 matched / 1 bodies
",0,[],0,0,0,0,/tmp/polybench_new/syrk_debuf.mlir,2826,0,2,2,362.3383194208145,0,65900,0.15153735876083374,0,6,0,0,"[{""body_indices"": [0, 1], ""symbol"": ""cublasDsyrk""}]",1,0,14,0.0,14
polybench,syrk,/tmp/polybench_new/syrk_debuf.mlir,d2f8213564f5bdb81ea3397725f486722d47cc91b7b4fc27bf5b5571b6fd5262,egglog,1,ok,0,850.4491224884987,0,"[""/usr/bin/python3"", ""/home/arjaiswal/Polygeist/scripts/correctness/kernel_match_rewrite.py"", ""/tmp/polybench_new/syrk_debuf.mlir"", ""--dry-run"", ""--matcher-mode"", ""egglog"", ""--telemetry-json"", ""/home/arjaiswal/Polygeist/issues/equality_saturation_eval/campaign_20260908/polybench-syrk-egglog-9m43tdbd.json"", ""--disable-semantic-fallback""]","== match report for /tmp/polybench_new/syrk_debuf.mlir ==
  match          body#[0, 1]  cublasDsyrk
  total: 1 matched / 1 bodies
",0,[],0,0,0,0,/tmp/polybench_new/syrk_debuf.mlir,2826,8,2,2,415.03430530428886,0,70116,63.39934468269348,6,6,0,48,"[{""body_indices"": [0, 1], ""symbol"": ""cublasDsyrk""}]",1,0,0,0.0,14
polybench,syrk,/tmp/polybench_new/syrk_debuf.mlir,d2f8213564f5bdb81ea3397725f486722d47cc91b7b4fc27bf5b5571b6fd5262,egglog,2,ok,0,908.277153968811,0,"[""/usr/bin/python3"", ""/home/arjaiswal/Polygeist/scripts/correctness/kernel_match_rewrite.py"", ""/tmp/polybench_new/syrk_debuf.mlir"", ""--dry-run"", ""--matcher-mode"", ""egglog"", ""--telemetry-json"", ""/home/arjaiswal/Polygeist/issues/equality_saturation_eval/campaign_20260908/polybench-syrk-egglog-fvw9r3ww.json"", ""--disable-semantic-fallback""]","== match report for /tmp/polybench_new/syrk_debuf.mlir ==
  match          body#[0, 1]  cublasDsyrk
  total: 1 matched / 1 bodies
",0,[],0,0,0,0,/tmp/polybench_new/syrk_debuf.mlir,2826,8,2,2,461.78726106882095,0,69948,68.15395131707191,6,6,0,48,"[{""body_indices"": [0, 1], ""symbol"": ""cublasDsyrk""}]",1,0,0,0.0,14
polybench,syrk,/tmp/polybench_new/syrk_debuf.mlir,d2f8213564f5bdb81ea3397725f486722d47cc91b7b4fc27bf5b5571b6fd5262,syntactic,2,ok,0,794.0124161541462,0,"[""/usr/bin/python3"", ""/home/arjaiswal/Polygeist/scripts/correctness/kernel_match_rewrite.py"", ""/tmp/polybench_new/syrk_debuf.mlir"", ""--dry-run"", ""--matcher-mode"", ""syntactic"", ""--telemetry-json"", ""/home/arjaiswal/Polygeist/issues/equality_saturation_eval/campaign_20260908/polybench-syrk-syntactic-r0cry8t2.json"", ""--disable-semantic-fallback""]","== match report for /tmp/polybench_new/syrk_debuf.mlir ==
  match          body#[0, 1]  cublasDsyrk
  total: 1 matched / 1 bodies
",0,[],0,0,0,0,/tmp/polybench_new/syrk_debuf.mlir,2826,0,2,2,343.12181547284126,0,65792,0.13541430234909058,0,6,0,0,"[{""body_indices"": [0, 1], ""symbol"": ""cublasDsyrk""}]",1,0,14,0.0,14
polybench,syrk,/tmp/polybench_new/syrk_debuf.mlir,d2f8213564f5bdb81ea3397725f486722d47cc91b7b4fc27bf5b5571b6fd5262,syntactic,3,ok,0,790.4321290552616,0,"[""/usr/bin/python3"", ""/home/arjaiswal/Polygeist/scripts/correctness/kernel_match_rewrite.py"", ""/tmp/polybench_new/syrk_debuf.mlir"", ""--dry-run"", ""--matcher-mode"", ""syntactic"", ""--telemetry-json"", ""/home/arjaiswal/Polygeist/issues/equality_saturation_eval/campaign_20260908/polybench-syrk-syntactic-kfu107qs.json"", ""--disable-semantic-fallback""]","== match report for /tmp/polybench_new/syrk_debuf.mlir ==
  match          body#[0, 1]  cublasDsyrk
  total: 1 matched / 1 bodies
",0,[],0,0,0,0,/tmp/polybench_new/syrk_debuf.mlir,2826,0,2,2,351.17244720458984,0,66076,0.1493990421295166,0,6,0,0,"[{""body_indices"": [0, 1], ""symbol"": ""cublasDsyrk""}]",1,0,14,0.0,14
polybench,syrk,/tmp/polybench_new/syrk_debuf.mlir,d2f8213564f5bdb81ea3397725f486722d47cc91b7b4fc27bf5b5571b6fd5262,egglog,3,ok,0,894.5359513163567,0,"[""/usr/bin/python3"", ""/home/arjaiswal/Polygeist/scripts/correctness/kernel_match_rewrite.py"", ""/tmp/polybench_new/syrk_debuf.mlir"", ""--dry-run"", ""--matcher-mode"", ""egglog"", ""--telemetry-json"", ""/home/arjaiswal/Polygeist/issues/equality_saturation_eval/campaign_20260908/polybench-syrk-egglog-wu71a5ha.json"", ""--disable-semantic-fallback""]","== match report for /tmp/polybench_new/syrk_debuf.mlir ==
  match          body#[0, 1]  cublasDsyrk
  total: 1 matched / 1 bodies
",0,[],0,0,0,0,/tmp/polybench_new/syrk_debuf.mlir,2826,8,2,2,445.8351582288742,0,69996,75.6893903017044,6,6,0,48,"[{""body_indices"": [0, 1], ""symbol"": ""cublasDsyrk""}]",1,0,0,0.0,14
polybench,syrk,/tmp/polybench_new/syrk_debuf.mlir,d2f8213564f5bdb81ea3397725f486722d47cc91b7b4fc27bf5b5571b6fd5262,egglog,4,ok,0,891.4557136595249,0,"[""/usr/bin/python3"", ""/home/arjaiswal/Polygeist/scripts/correctness/kernel_match_rewrite.py"", ""/tmp/polybench_new/syrk_debuf.mlir"", ""--dry-run"", ""--matcher-mode"", ""egglog"", ""--telemetry-json"", ""/home/arjaiswal/Polygeist/issues/equality_saturation_eval/campaign_20260908/polybench-syrk-egglog-uzzwxs40.json"", ""--disable-semantic-fallback""]","== match report for /tmp/polybench_new/syrk_debuf.mlir ==
  match          body#[0, 1]  cublasDsyrk
  total: 1 matched / 1 bodies
",0,[],0,0,0,0,/tmp/polybench_new/syrk_debuf.mlir,2826,8,2,2,433.9083731174469,0,69940,67.81405583024025,6,6,0,48,"[{""body_indices"": [0, 1], ""symbol"": ""cublasDsyrk""}]",1,0,0,0.0,14
polybench,syrk,/tmp/polybench_new/syrk_debuf.mlir,d2f8213564f5bdb81ea3397725f486722d47cc91b7b4fc27bf5b5571b6fd5262,syntactic,4,ok,0,776.6128927469254,0,"[""/usr/bin/python3"", ""/home/arjaiswal/Polygeist/scripts/correctness/kernel_match_rewrite.py"", ""/tmp/polybench_new/syrk_debuf.mlir"", ""--dry-run"", ""--matcher-mode"", ""syntactic"", ""--telemetry-json"", ""/home/arjaiswal/Polygeist/issues/equality_saturation_eval/campaign_20260908/polybench-syrk-syntactic-wf6bkzln.json"", ""--disable-semantic-fallback""]","== match report for /tmp/polybench_new/syrk_debuf.mlir ==
  match          body#[0, 1]  cublasDsyrk
  total: 1 matched / 1 bodies
",0,[],0,0,0,0,/tmp/polybench_new/syrk_debuf.mlir,2826,0,2,2,334.2236690223217,0,65804,0.1320168375968933,0,6,0,0,"[{""body_indices"": [0, 1], ""symbol"": ""cublasDsyrk""}]",1,0,14,0.0,14
polybench,syrk,/tmp/polybench_new/syrk_debuf.mlir,d2f8213564f5bdb81ea3397725f486722d47cc91b7b4fc27bf5b5571b6fd5262,syntactic,5,ok,0,798.3339875936508,0,"[""/usr/bin/python3"", ""/home/arjaiswal/Polygeist/scripts/correctness/kernel_match_rewrite.py"", ""/tmp/polybench_new/syrk_debuf.mlir"", ""--dry-run"", ""--matcher-mode"", ""syntactic"", ""--telemetry-json"", ""/home/arjaiswal/Polygeist/issues/equality_saturation_eval/campaign_20260908/polybench-syrk-syntactic-aloo7qe6.json"", ""--disable-semantic-fallback""]","== match report for /tmp/polybench_new/syrk_debuf.mlir ==
  match          body#[0, 1]  cublasDsyrk
  total: 1 matched / 1 bodies
",0,[],0,0,0,0,/tmp/polybench_new/syrk_debuf.mlir,2826,0,2,2,337.53274008631706,0,65952,0.134296715259552,0,6,0,0,"[{""body_indices"": [0, 1], ""symbol"": ""cublasDsyrk""}]",1,0,14,0.0,14
polybench,syrk,/tmp/polybench_new/syrk_debuf.mlir,d2f8213564f5bdb81ea3397725f486722d47cc91b7b4fc27bf5b5571b6fd5262,egglog,5,ok,0,865.2370795607567,0,"[""/usr/bin/python3"", ""/home/arjaiswal/Polygeist/scripts/correctness/kernel_match_rewrite.py"", ""/tmp/polybench_new/syrk_debuf.mlir"", ""--dry-run"", ""--matcher-mode"", ""egglog"", ""--telemetry-json"", ""/home/arjaiswal/Polygeist/issues/equality_saturation_eval/campaign_20260908/polybench-syrk-egglog-r6q_7cpj.json"", ""--disable-semantic-fallback""]","== match report for /tmp/polybench_new/syrk_debuf.mlir ==
  match          body#[0, 1]  cublasDsyrk
  total: 1 matched / 1 bodies
",0,[],0,0,0,0,/tmp/polybench_new/syrk_debuf.mlir,2826,8,2,2,432.15105310082436,0,69868,71.04653120040894,6,6,0,48,"[{""body_indices"": [0, 1], ""symbol"": ""cublasDsyrk""}]",1,0,0,0.0,14
polybench,trisolv,/tmp/polybench_new/trisolv_debuf.mlir,95d2bde734d434f5425644c22ff90a722ff63d5dbdc03aa5fd87629720965920,egglog,1,ok,0,722.8456698358059,0,"[""/usr/bin/python3"", ""/home/arjaiswal/Polygeist/scripts/correctness/kernel_match_rewrite.py"", ""/tmp/polybench_new/trisolv_debuf.mlir"", ""--dry-run"", ""--matcher-mode"", ""egglog"", ""--telemetry-json"", ""/home/arjaiswal/Polygeist/issues/equality_saturation_eval/campaign_20260908/polybench-trisolv-egglog-1auy808u.json"", ""--disable-semantic-fallback""]","== match report for /tmp/polybench_new/trisolv_debuf.mlir ==
  no_match       body#0  ?
  total: 0 matched / 1 bodies
",0,[],0,0,0,0,/tmp/polybench_new/trisolv_debuf.mlir,2746,8,1,0,284.20284762978554,1,64876,0.0,0,0,0,0,[],0,0,0,0.0,2
polybench,trisolv,/tmp/polybench_new/trisolv_debuf.mlir,95d2bde734d434f5425644c22ff90a722ff63d5dbdc03aa5fd87629720965920,syntactic,1,ok,0,799.927644431591,0,"[""/usr/bin/python3"", ""/home/arjaiswal/Polygeist/scripts/correctness/kernel_match_rewrite.py"", ""/tmp/polybench_new/trisolv_debuf.mlir"", ""--dry-run"", ""--matcher-mode"", ""syntactic"", ""--telemetry-json"", ""/home/arjaiswal/Polygeist/issues/equality_saturation_eval/campaign_20260908/polybench-trisolv-syntactic-b2xjj9of.json"", ""--disable-semantic-fallback""]","== match report for /tmp/polybench_new/trisolv_debuf.mlir ==
  no_match       body#0  ?
  total: 0 matched / 1 bodies
",0,[],0,0,0,0,/tmp/polybench_new/trisolv_debuf.mlir,2746,0,1,0,277.00721099972725,1,65568,0.00562518835067749,0,0,0,0,[],0,0,2,0.0,2
polybench,trisolv,/tmp/polybench_new/trisolv_debuf.mlir,95d2bde734d434f5425644c22ff90a722ff63d5dbdc03aa5fd87629720965920,syntactic,2,ok,0,831.8213671445847,0,"[""/usr/bin/python3"", ""/home/arjaiswal/Polygeist/scripts/correctness/kernel_match_rewrite.py"", ""/tmp/polybench_new/trisolv_debuf.mlir"", ""--dry-run"", ""--matcher-mode"", ""syntactic"", ""--telemetry-json"", ""/home/arjaiswal/Polygeist/issues/equality_saturation_eval/campaign_20260908/polybench-trisolv-syntactic-bnfw2cqz.json"", ""--disable-semantic-fallback""]","== match report for /tmp/polybench_new/trisolv_debuf.mlir ==
  no_match       body#0  ?
  total: 0 matched / 1 bodies
",0,[],0,0,0,0,/tmp/polybench_new/trisolv_debuf.mlir,2746,0,1,0,288.376335054636,1,65660,0.007439404726028442,0,0,0,0,[],0,0,2,0.0,2
polybench,trisolv,/tmp/polybench_new/trisolv_debuf.mlir,95d2bde734d434f5425644c22ff90a722ff63d5dbdc03aa5fd87629720965920,egglog,2,ok,0,762.8808505833149,0,"[""/usr/bin/python3"", ""/home/arjaiswal/Polygeist/scripts/correctness/kernel_match_rewrite.py"", ""/tmp/polybench_new/trisolv_debuf.mlir"", ""--dry-run"", ""--matcher-mode"", ""egglog"", ""--telemetry-json"", ""/home/arjaiswal/Polygeist/issues/equality_saturation_eval/campaign_20260908/polybench-trisolv-egglog-gxez8vzq.json"", ""--disable-semantic-fallback""]","== match report for /tmp/polybench_new/trisolv_debuf.mlir ==
  no_match       body#0  ?
  total: 0 matched / 1 bodies
",0,[],0,0,0,0,/tmp/polybench_new/trisolv_debuf.mlir,2746,8,1,0,306.2804006040096,1,65468,0.0,0,0,0,0,[],0,0,0,0.0,2
polybench,trisolv,/tmp/polybench_new/trisolv_debuf.mlir,95d2bde734d434f5425644c22ff90a722ff63d5dbdc03aa5fd87629720965920,egglog,3,ok,0,719.6150310337543,0,"[""/usr/bin/python3"", ""/home/arjaiswal/Polygeist/scripts/correctness/kernel_match_rewrite.py"", ""/tmp/polybench_new/trisolv_debuf.mlir"", ""--dry-run"", ""--matcher-mode"", ""egglog"", ""--telemetry-json"", ""/home/arjaiswal/Polygeist/issues/equality_saturation_eval/campaign_20260908/polybench-trisolv-egglog-y73rd47a.json"", ""--disable-semantic-fallback""]","== match report for /tmp/polybench_new/trisolv_debuf.mlir ==
  no_match       body#0  ?
  total: 0 matched / 1 bodies
",0,[],0,0,0,0,/tmp/polybench_new/trisolv_debuf.mlir,2746,8,1,0,286.33953258395195,1,65768,0.0,0,0,0,0,[],0,0,0,0.0,2
polybench,trisolv,/tmp/polybench_new/trisolv_debuf.mlir,95d2bde734d434f5425644c22ff90a722ff63d5dbdc03aa5fd87629720965920,syntactic,3,ok,0,741.2617281079292,0,"[""/usr/bin/python3"", ""/home/arjaiswal/Polygeist/scripts/correctness/kernel_match_rewrite.py"", ""/tmp/polybench_new/trisolv_debuf.mlir"", ""--dry-run"", ""--matcher-mode"", ""syntactic"", ""--telemetry-json"", ""/home/arjaiswal/Polygeist/issues/equality_saturation_eval/campaign_20260908/polybench-trisolv-syntactic-veqsw2ff.json"", ""--disable-semantic-fallback""]","== match report for /tmp/polybench_new/trisolv_debuf.mlir ==
  no_match       body#0  ?
  total: 0 matched / 1 bodies
",0,[],0,0,0,0,/tmp/polybench_new/trisolv_debuf.mlir,2746,0,1,0,280.1639065146446,1,65764,0.006027519702911377,0,0,0,0,[],0,0,2,0.0,2
polybench,trisolv,/tmp/polybench_new/trisolv_debuf.mlir,95d2bde734d434f5425644c22ff90a722ff63d5dbdc03aa5fd87629720965920,syntactic,4,ok,0,730.8652810752392,0,"[""/usr/bin/python3"", ""/home/arjaiswal/Polygeist/scripts/correctness/kernel_match_rewrite.py"", ""/tmp/polybench_new/trisolv_debuf.mlir"", ""--dry-run"", ""--matcher-mode"", ""syntactic"", ""--telemetry-json"", ""/home/arjaiswal/Polygeist/issues/equality_saturation_eval/campaign_20260908/polybench-trisolv-syntactic-umau945g.json"", ""--disable-semantic-fallback""]","== match report for /tmp/polybench_new/trisolv_debuf.mlir ==
  no_match       body#0  ?
  total: 0 matched / 1 bodies
",0,[],0,0,0,0,/tmp/polybench_new/trisolv_debuf.mlir,2746,0,1,0,280.55061399936676,1,65516,0.006236135959625244,0,0,0,0,[],0,0,2,0.0,2
polybench,trisolv,/tmp/polybench_new/trisolv_debuf.mlir,95d2bde734d434f5425644c22ff90a722ff63d5dbdc03aa5fd87629720965920,egglog,4,ok,0,752.2941567003727,0,"[""/usr/bin/python3"", ""/home/arjaiswal/Polygeist/scripts/correctness/kernel_match_rewrite.py"", ""/tmp/polybench_new/trisolv_debuf.mlir"", ""--dry-run"", ""--matcher-mode"", ""egglog"", ""--telemetry-json"", ""/home/arjaiswal/Polygeist/issues/equality_saturation_eval/campaign_20260908/polybench-trisolv-egglog-m9xaneln.json"", ""--disable-semantic-fallback""]","== match report for /tmp/polybench_new/trisolv_debuf.mlir ==
  no_match       body#0  ?
  total: 0 matched / 1 bodies
",0,[],0,0,0,0,/tmp/polybench_new/trisolv_debuf.mlir,2746,8,1,0,282.6503850519657,1,65620,0.0,0,0,0,0,[],0,0,0,0.0,2
polybench,trisolv,/tmp/polybench_new/trisolv_debuf.mlir,95d2bde734d434f5425644c22ff90a722ff63d5dbdc03aa5fd87629720965920,egglog,5,ok,0,763.7015655636787,0,"[""/usr/bin/python3"", ""/home/arjaiswal/Polygeist/scripts/correctness/kernel_match_rewrite.py"", ""/tmp/polybench_new/trisolv_debuf.mlir"", ""--dry-run"", ""--matcher-mode"", ""egglog"", ""--telemetry-json"", ""/home/arjaiswal/Polygeist/issues/equality_saturation_eval/campaign_20260908/polybench-trisolv-egglog-6p0t9qu9.json"", ""--disable-semantic-fallback""]","== match report for /tmp/polybench_new/trisolv_debuf.mlir ==
  no_match       body#0  ?
  total: 0 matched / 1 bodies
",0,[],0,0,0,0,/tmp/polybench_new/trisolv_debuf.mlir,2746,8,1,0,294.5551909506321,1,65680,0.0,0,0,0,0,[],0,0,0,0.0,2
polybench,trisolv,/tmp/polybench_new/trisolv_debuf.mlir,95d2bde734d434f5425644c22ff90a722ff63d5dbdc03aa5fd87629720965920,syntactic,5,ok,0,755.5312067270279,0,"[""/usr/bin/python3"", ""/home/arjaiswal/Polygeist/scripts/correctness/kernel_match_rewrite.py"", ""/tmp/polybench_new/trisolv_debuf.mlir"", ""--dry-run"", ""--matcher-mode"", ""syntactic"", ""--telemetry-json"", ""/home/arjaiswal/Polygeist/issues/equality_saturation_eval/campaign_20260908/polybench-trisolv-syntactic-78x1i2nm.json"", ""--disable-semantic-fallback""]","== match report for /tmp/polybench_new/trisolv_debuf.mlir ==
  no_match       body#0  ?
  total: 0 matched / 1 bodies
",0,[],0,0,0,0,/tmp/polybench_new/trisolv_debuf.mlir,2746,0,1,0,298.559732735157,1,65808,0.006727874279022217,0,0,0,0,[],0,0,2,0.0,2
polybench,trmm,/tmp/polybench_new/trmm_debuf.mlir,ffe57ad58d1b46820e13a964460500a71fa397d5a069e526d9cb15ff68e99db2,syntactic,1,ok,0,718.9652509987354,0,"[""/usr/bin/python3"", ""/home/arjaiswal/Polygeist/scripts/correctness/kernel_match_rewrite.py"", ""/tmp/polybench_new/trmm_debuf.mlir"", ""--dry-run"", ""--matcher-mode"", ""syntactic"", ""--telemetry-json"", ""/home/arjaiswal/Polygeist/issues/equality_saturation_eval/campaign_20260908/polybench-trmm-syntactic-2wod9thr.json"", ""--disable-semantic-fallback""]","== match report for /tmp/polybench_new/trmm_debuf.mlir ==
  no_match       body#0  ?
  no_match       body#1  ?
  total: 0 matched / 2 bodies
",0,[],0,0,0,0,/tmp/polybench_new/trmm_debuf.mlir,2933,0,2,0,266.3687579333782,2,64604,0.0,0,0,0,0,[],0,0,0,0.0,0
polybench,trmm,/tmp/polybench_new/trmm_debuf.mlir,ffe57ad58d1b46820e13a964460500a71fa397d5a069e526d9cb15ff68e99db2,egglog,1,ok,0,762.0945796370506,0,"[""/usr/bin/python3"", ""/home/arjaiswal/Polygeist/scripts/correctness/kernel_match_rewrite.py"", ""/tmp/polybench_new/trmm_debuf.mlir"", ""--dry-run"", ""--matcher-mode"", ""egglog"", ""--telemetry-json"", ""/home/arjaiswal/Polygeist/issues/equality_saturation_eval/campaign_20260908/polybench-trmm-egglog-902xo96g.json"", ""--disable-semantic-fallback""]","== match report for /tmp/polybench_new/trmm_debuf.mlir ==
  no_match       body#0  ?
  no_match       body#1  ?
  total: 0 matched / 2 bodies
",0,[],0,0,0,0,/tmp/polybench_new/trmm_debuf.mlir,2933,8,2,0,293.67584735155106,2,64812,0.0,0,0,0,0,[],0,0,0,0.0,0
polybench,trmm,/tmp/polybench_new/trmm_debuf.mlir,ffe57ad58d1b46820e13a964460500a71fa397d5a069e526d9cb15ff68e99db2,egglog,2,ok,0,752.395037561655,0,"[""/usr/bin/python3"", ""/home/arjaiswal/Polygeist/scripts/correctness/kernel_match_rewrite.py"", ""/tmp/polybench_new/trmm_debuf.mlir"", ""--dry-run"", ""--matcher-mode"", ""egglog"", ""--telemetry-json"", ""/home/arjaiswal/Polygeist/issues/equality_saturation_eval/campaign_20260908/polybench-trmm-egglog-piv6nn1r.json"", ""--disable-semantic-fallback""]","== match report for /tmp/polybench_new/trmm_debuf.mlir ==
  no_match       body#0  ?
  no_match       body#1  ?
  total: 0 matched / 2 bodies
",0,[],0,0,0,0,/tmp/polybench_new/trmm_debuf.mlir,2933,8,2,0,301.590733230114,2,64844,0.0,0,0,0,0,[],0,0,0,0.0,0
polybench,trmm,/tmp/polybench_new/trmm_debuf.mlir,ffe57ad58d1b46820e13a964460500a71fa397d5a069e526d9cb15ff68e99db2,syntactic,2,ok,0,731.8468652665615,0,"[""/usr/bin/python3"", ""/home/arjaiswal/Polygeist/scripts/correctness/kernel_match_rewrite.py"", ""/tmp/polybench_new/trmm_debuf.mlir"", ""--dry-run"", ""--matcher-mode"", ""syntactic"", ""--telemetry-json"", ""/home/arjaiswal/Polygeist/issues/equality_saturation_eval/campaign_20260908/polybench-trmm-syntactic-yv0s3p0f.json"", ""--disable-semantic-fallback""]","== match report for /tmp/polybench_new/trmm_debuf.mlir ==
  no_match       body#0  ?
  no_match       body#1  ?
  total: 0 matched / 2 bodies
",0,[],0,0,0,0,/tmp/polybench_new/trmm_debuf.mlir,2933,0,2,0,276.02916955947876,2,64924,0.0,0,0,0,0,[],0,0,0,0.0,0
polybench,trmm,/tmp/polybench_new/trmm_debuf.mlir,ffe57ad58d1b46820e13a964460500a71fa397d5a069e526d9cb15ff68e99db2,syntactic,3,ok,0,749.0310929715633,0,"[""/usr/bin/python3"", ""/home/arjaiswal/Polygeist/scripts/correctness/kernel_match_rewrite.py"", ""/tmp/polybench_new/trmm_debuf.mlir"", ""--dry-run"", ""--matcher-mode"", ""syntactic"", ""--telemetry-json"", ""/home/arjaiswal/Polygeist/issues/equality_saturation_eval/campaign_20260908/polybench-trmm-syntactic-58z1pb5m.json"", ""--disable-semantic-fallback""]","== match report for /tmp/polybench_new/trmm_debuf.mlir ==
  no_match       body#0  ?
  no_match       body#1  ?
  total: 0 matched / 2 bodies
",0,[],0,0,0,0,/tmp/polybench_new/trmm_debuf.mlir,2933,0,2,0,307.33245611190796,2,64816,0.0,0,0,0,0,[],0,0,0,0.0,0
polybench,trmm,/tmp/polybench_new/trmm_debuf.mlir,ffe57ad58d1b46820e13a964460500a71fa397d5a069e526d9cb15ff68e99db2,egglog,3,ok,0,765.4243260622025,0,"[""/usr/bin/python3"", ""/home/arjaiswal/Polygeist/scripts/correctness/kernel_match_rewrite.py"", ""/tmp/polybench_new/trmm_debuf.mlir"", ""--dry-run"", ""--matcher-mode"", ""egglog"", ""--telemetry-json"", ""/home/arjaiswal/Polygeist/issues/equality_saturation_eval/campaign_20260908/polybench-trmm-egglog-fyv9w0_1.json"", ""--disable-semantic-fallback""]","== match report for /tmp/polybench_new/trmm_debuf.mlir ==
  no_match       body#0  ?
  no_match       body#1  ?
  total: 0 matched / 2 bodies
",0,[],0,0,0,0,/tmp/polybench_new/trmm_debuf.mlir,2933,8,2,0,277.1504931151867,2,64692,0.0,0,0,0,0,[],0,0,0,0.0,0
polybench,trmm,/tmp/polybench_new/trmm_debuf.mlir,ffe57ad58d1b46820e13a964460500a71fa397d5a069e526d9cb15ff68e99db2,egglog,4,ok,0,740.2900829911232,0,"[""/usr/bin/python3"", ""/home/arjaiswal/Polygeist/scripts/correctness/kernel_match_rewrite.py"", ""/tmp/polybench_new/trmm_debuf.mlir"", ""--dry-run"", ""--matcher-mode"", ""egglog"", ""--telemetry-json"", ""/home/arjaiswal/Polygeist/issues/equality_saturation_eval/campaign_20260908/polybench-trmm-egglog-t1xj5i4_.json"", ""--disable-semantic-fallback""]","== match report for /tmp/polybench_new/trmm_debuf.mlir ==
  no_match       body#0  ?
  no_match       body#1  ?
  total: 0 matched / 2 bodies
",0,[],0,0,0,0,/tmp/polybench_new/trmm_debuf.mlir,2933,8,2,0,281.45258128643036,2,64580,0.0,0,0,0,0,[],0,0,0,0.0,0
polybench,trmm,/tmp/polybench_new/trmm_debuf.mlir,ffe57ad58d1b46820e13a964460500a71fa397d5a069e526d9cb15ff68e99db2,syntactic,4,ok,0,749.6795356273651,0,"[""/usr/bin/python3"", ""/home/arjaiswal/Polygeist/scripts/correctness/kernel_match_rewrite.py"", ""/tmp/polybench_new/trmm_debuf.mlir"", ""--dry-run"", ""--matcher-mode"", ""syntactic"", ""--telemetry-json"", ""/home/arjaiswal/Polygeist/issues/equality_saturation_eval/campaign_20260908/polybench-trmm-syntactic-_n8jsx09.json"", ""--disable-semantic-fallback""]","== match report for /tmp/polybench_new/trmm_debuf.mlir ==
  no_match       body#0  ?
  no_match       body#1  ?
  total: 0 matched / 2 bodies
",0,[],0,0,0,0,/tmp/polybench_new/trmm_debuf.mlir,2933,0,2,0,277.9328264296055,2,64544,0.0,0,0,0,0,[],0,0,0,0.0,0
polybench,trmm,/tmp/polybench_new/trmm_debuf.mlir,ffe57ad58d1b46820e13a964460500a71fa397d5a069e526d9cb15ff68e99db2,syntactic,5,ok,0,737.5038117170334,0,"[""/usr/bin/python3"", ""/home/arjaiswal/Polygeist/scripts/correctness/kernel_match_rewrite.py"", ""/tmp/polybench_new/trmm_debuf.mlir"", ""--dry-run"", ""--matcher-mode"", ""syntactic"", ""--telemetry-json"", ""/home/arjaiswal/Polygeist/issues/equality_saturation_eval/campaign_20260908/polybench-trmm-syntactic-vskdgcwc.json"", ""--disable-semantic-fallback""]","== match report for /tmp/polybench_new/trmm_debuf.mlir ==
  no_match       body#0  ?
  no_match       body#1  ?
  total: 0 matched / 2 bodies
",0,[],0,0,0,0,/tmp/polybench_new/trmm_debuf.mlir,2933,0,2,0,288.5356545448303,2,64644,0.0,0,0,0,0,[],0,0,0,0.0,0
polybench,trmm,/tmp/polybench_new/trmm_debuf.mlir,ffe57ad58d1b46820e13a964460500a71fa397d5a069e526d9cb15ff68e99db2,egglog,5,ok,0,700.6237991154194,0,"[""/usr/bin/python3"", ""/home/arjaiswal/Polygeist/scripts/correctness/kernel_match_rewrite.py"", ""/tmp/polybench_new/trmm_debuf.mlir"", ""--dry-run"", ""--matcher-mode"", ""egglog"", ""--telemetry-json"", ""/home/arjaiswal/Polygeist/issues/equality_saturation_eval/campaign_20260908/polybench-trmm-egglog-dmagkrug.json"", ""--disable-semantic-fallback""]","== match report for /tmp/polybench_new/trmm_debuf.mlir ==
  no_match       body#0  ?
  no_match       body#1  ?
  total: 0 matched / 2 bodies
",0,[],0,0,0,0,/tmp/polybench_new/trmm_debuf.mlir,2933,8,2,0,266.9050917029381,2,64764,0.0,0,0,0,0,[],0,0,0,0.0,0
aten,aten_abs,/home/arjaiswal/Polygeist/issues/aten_c_kernels/results/aten_abs/debuf.mlir,e40bb3d37c8ac77f8636f1ec0506c5c6a074813d1008bdd94a63054ca33a37be,egglog,1,ok,0,911.367267370224,0,"[""/usr/bin/python3"", ""/home/arjaiswal/Polygeist/scripts/correctness/kernel_match_rewrite.py"", ""/home/arjaiswal/Polygeist/issues/aten_c_kernels/results/aten_abs/debuf.mlir"", ""--dry-run"", ""--matcher-mode"", ""egglog"", ""--telemetry-json"", ""/home/arjaiswal/Polygeist/issues/equality_saturation_eval/campaign_20260908/aten-aten_abs-egglog-5cmhexr6.json"", ""--disable-semantic-fallback""]","== match report for /home/arjaiswal/Polygeist/issues/aten_c_kernels/results/aten_abs/debuf.mlir ==
  match          body#[0]  cutensorUnary_abs_f32
  total: 1 matched / 1 bodies
",0,[],0,0,0,0,/home/arjaiswal/Polygeist/issues/aten_c_kernels/results/aten_abs/debuf.mlir,1892,8,1,1,448.8109312951565,0,69984,23.680441081523895,2,2,0,0,"[{""body_indices"": [0], ""symbol"": ""cutensorUnary_abs_f32""}]",1,0,0,0.0,40
aten,aten_abs,/home/arjaiswal/Polygeist/issues/aten_c_kernels/results/aten_abs/debuf.mlir,e40bb3d37c8ac77f8636f1ec0506c5c6a074813d1008bdd94a63054ca33a37be,syntactic,1,ok,0,957.6960541307926,0,"[""/usr/bin/python3"", ""/home/arjaiswal/Polygeist/scripts/correctness/kernel_match_rewrite.py"", ""/home/arjaiswal/Polygeist/issues/aten_c_kernels/results/aten_abs/debuf.mlir"", ""--dry-run"", ""--matcher-mode"", ""syntactic"", ""--telemetry-json"", ""/home/arjaiswal/Polygeist/issues/equality_saturation_eval/campaign_20260908/aten-aten_abs-syntactic-k58ukqz6.json"", ""--disable-semantic-fallback""]","== match report for /home/arjaiswal/Polygeist/issues/aten_c_kernels/results/aten_abs/debuf.mlir ==
  match          body#[0]  cutensorUnary_abs_f32
  total: 1 matched / 1 bodies
",0,[],0,0,0,0,/home/arjaiswal/Polygeist/issues/aten_c_kernels/results/aten_abs/debuf.mlir,1892,0,1,1,459.6223346889019,0,66072,0.12334436178207397,0,2,0,0,"[{""body_indices"": [0], ""symbol"": ""cutensorUnary_abs_f32""}]",1,0,40,0.0,40
aten,aten_abs,/home/arjaiswal/Polygeist/issues/aten_c_kernels/results/aten_abs/debuf.mlir,e40bb3d37c8ac77f8636f1ec0506c5c6a074813d1008bdd94a63054ca33a37be,syntactic,2,ok,0,919.0557934343815,0,"[""/usr/bin/python3"", ""/home/arjaiswal/Polygeist/scripts/correctness/kernel_match_rewrite.py"", ""/home/arjaiswal/Polygeist/issues/aten_c_kernels/results/aten_abs/debuf.mlir"", ""--dry-run"", ""--matcher-mode"", ""syntactic"", ""--telemetry-json"", ""/home/arjaiswal/Polygeist/issues/equality_saturation_eval/campaign_20260908/aten-aten_abs-syntactic-d4nimc50.json"", ""--disable-semantic-fallback""]","== match report for /home/arjaiswal/Polygeist/issues/aten_c_kernels/results/aten_abs/debuf.mlir ==
  match          body#[0]  cutensorUnary_abs_f32
  total: 1 matched / 1 bodies
",0,[],0,0,0,0,/home/arjaiswal/Polygeist/issues/aten_c_kernels/results/aten_abs/debuf.mlir,1892,0,1,1,429.78039011359215,0,65708,0.11756643652915955,0,2,0,0,"[{""body_indices"": [0], ""symbol"": ""cutensorUnary_abs_f32""}]",1,0,40,0.0,40
aten,aten_abs,/home/arjaiswal/Polygeist/issues/aten_c_kernels/results/aten_abs/debuf.mlir,e40bb3d37c8ac77f8636f1ec0506c5c6a074813d1008bdd94a63054ca33a37be,egglog,2,ok,0,909.1655761003494,0,"[""/usr/bin/python3"", ""/home/arjaiswal/Polygeist/scripts/correctness/kernel_match_rewrite.py"", ""/home/arjaiswal/Polygeist/issues/aten_c_kernels/results/aten_abs/debuf.mlir"", ""--dry-run"", ""--matcher-mode"", ""egglog"", ""--telemetry-json"", ""/home/arjaiswal/Polygeist/issues/equality_saturation_eval/campaign_20260908/aten-aten_abs-egglog-8v98hf3w.json"", ""--disable-semantic-fallback""]","== match report for /home/arjaiswal/Polygeist/issues/aten_c_kernels/results/aten_abs/debuf.mlir ==
  match          body#[0]  cutensorUnary_abs_f32
  total: 1 matched / 1 bodies
",0,[],0,0,0,0,/home/arjaiswal/Polygeist/issues/aten_c_kernels/results/aten_abs/debuf.mlir,1892,8,1,1,471.51173651218414,0,69876,24.12155270576477,2,2,0,0,"[{""body_indices"": [0], ""symbol"": ""cutensorUnary_abs_f32""}]",1,0,0,0.0,40
aten,aten_abs,/home/arjaiswal/Polygeist/issues/aten_c_kernels/results/aten_abs/debuf.mlir,e40bb3d37c8ac77f8636f1ec0506c5c6a074813d1008bdd94a63054ca33a37be,egglog,3,ok,0,1115.0380000472069,0,"[""/usr/bin/python3"", ""/home/arjaiswal/Polygeist/scripts/correctness/kernel_match_rewrite.py"", ""/home/arjaiswal/Polygeist/issues/aten_c_kernels/results/aten_abs/debuf.mlir"", ""--dry-run"", ""--matcher-mode"", ""egglog"", ""--telemetry-json"", ""/home/arjaiswal/Polygeist/issues/equality_saturation_eval/campaign_20260908/aten-aten_abs-egglog-kxkdb5xq.json"", ""--disable-semantic-fallback""]","== match report for /home/arjaiswal/Polygeist/issues/aten_c_kernels/results/aten_abs/debuf.mlir ==
  match          body#[0]  cutensorUnary_abs_f32
  total: 1 matched / 1 bodies
",0,[],0,0,0,0,/home/arjaiswal/Polygeist/issues/aten_c_kernels/results/aten_abs/debuf.mlir,1892,8,1,1,492.8612969815731,0,70132,23.988571017980576,2,2,0,0,"[{""body_indices"": [0], ""symbol"": ""cutensorUnary_abs_f32""}]",1,0,0,0.0,40
aten,aten_abs,/home/arjaiswal/Polygeist/issues/aten_c_kernels/results/aten_abs/debuf.mlir,e40bb3d37c8ac77f8636f1ec0506c5c6a074813d1008bdd94a63054ca33a37be,syntactic,3,ok,0,930.651381611824,0,"[""/usr/bin/python3"", ""/home/arjaiswal/Polygeist/scripts/correctness/kernel_match_rewrite.py"", ""/home/arjaiswal/Polygeist/issues/aten_c_kernels/results/aten_abs/debuf.mlir"", ""--dry-run"", ""--matcher-mode"", ""syntactic"", ""--telemetry-json"", ""/home/arjaiswal/Polygeist/issues/equality_saturation_eval/campaign_20260908/aten-aten_abs-syntactic-vjy08exx.json"", ""--disable-semantic-fallback""]","== match report for /home/arjaiswal/Polygeist/issues/aten_c_kernels/results/aten_abs/debuf.mlir ==
  match          body#[0]  cutensorUnary_abs_f32
  total: 1 matched / 1 bodies
",0,[],0,0,0,0,/home/arjaiswal/Polygeist/issues/aten_c_kernels/results/aten_abs/debuf.mlir,1892,0,1,1,442.79802218079567,0,65796,0.11106953024864197,0,2,0,0,"[{""body_indices"": [0], ""symbol"": ""cutensorUnary_abs_f32""}]",1,0,40,0.0,40
aten,aten_abs,/home/arjaiswal/Polygeist/issues/aten_c_kernels/results/aten_abs/debuf.mlir,e40bb3d37c8ac77f8636f1ec0506c5c6a074813d1008bdd94a63054ca33a37be,syntactic,4,ok,0,919.1084615886211,0,"[""/usr/bin/python3"", ""/home/arjaiswal/Polygeist/scripts/correctness/kernel_match_rewrite.py"", ""/home/arjaiswal/Polygeist/issues/aten_c_kernels/results/aten_abs/debuf.mlir"", ""--dry-run"", ""--matcher-mode"", ""syntactic"", ""--telemetry-json"", ""/home/arjaiswal/Polygeist/issues/equality_saturation_eval/campaign_20260908/aten-aten_abs-syntactic-vh8592d0.json"", ""--disable-semantic-fallback""]","== match report for /home/arjaiswal/Polygeist/issues/aten_c_kernels/results/aten_abs/debuf.mlir ==
  match          body#[0]  cutensorUnary_abs_f32
  total: 1 matched / 1 bodies
",0,[],0,0,0,0,/home/arjaiswal/Polygeist/issues/aten_c_kernels/results/aten_abs/debuf.mlir,1892,0,1,1,452.5994323194027,0,66188,0.13497471809387207,0,2,0,0,"[{""body_indices"": [0], ""symbol"": ""cutensorUnary_abs_f32""}]",1,0,40,0.0,40
aten,aten_abs,/home/arjaiswal/Polygeist/issues/aten_c_kernels/results/aten_abs/debuf.mlir,e40bb3d37c8ac77f8636f1ec0506c5c6a074813d1008bdd94a63054ca33a37be,egglog,4,ok,0,1139.1079910099506,0,"[""/usr/bin/python3"", ""/home/arjaiswal/Polygeist/scripts/correctness/kernel_match_rewrite.py"", ""/home/arjaiswal/Polygeist/issues/aten_c_kernels/results/aten_abs/debuf.mlir"", ""--dry-run"", ""--matcher-mode"", ""egglog"", ""--telemetry-json"", ""/home/arjaiswal/Polygeist/issues/equality_saturation_eval/campaign_20260908/aten-aten_abs-egglog-ndees4g4.json"", ""--disable-semantic-fallback""]","== match report for /home/arjaiswal/Polygeist/issues/aten_c_kernels/results/aten_abs/debuf.mlir ==
  match          body#[0]  cutensorUnary_abs_f32
  total: 1 matched / 1 bodies
",0,[],0,0,0,0,/home/arjaiswal/Polygeist/issues/aten_c_kernels/results/aten_abs/debuf.mlir,1892,8,1,1,552.4047017097473,0,70140,22.86021038889885,2,2,0,0,"[{""body_indices"": [0], ""symbol"": ""cutensorUnary_abs_f32""}]",1,0,0,0.0,40
aten,aten_abs,/home/arjaiswal/Polygeist/issues/aten_c_kernels/results/aten_abs/debuf.mlir,e40bb3d37c8ac77f8636f1ec0506c5c6a074813d1008bdd94a63054ca33a37be,egglog,5,ok,0,933.1682920455933,0,"[""/usr/bin/python3"", ""/home/arjaiswal/Polygeist/scripts/correctness/kernel_match_rewrite.py"", ""/home/arjaiswal/Polygeist/issues/aten_c_kernels/results/aten_abs/debuf.mlir"", ""--dry-run"", ""--matcher-mode"", ""egglog"", ""--telemetry-json"", ""/home/arjaiswal/Polygeist/issues/equality_saturation_eval/campaign_20260908/aten-aten_abs-egglog-6dnu7d3n.json"", ""--disable-semantic-fallback""]","== match report for /home/arjaiswal/Polygeist/issues/aten_c_kernels/results/aten_abs/debuf.mlir ==
  match          body#[0]  cutensorUnary_abs_f32
  total: 1 matched / 1 bodies
",0,[],0,0,0,0,/home/arjaiswal/Polygeist/issues/aten_c_kernels/results/aten_abs/debuf.mlir,1892,8,1,1,470.53786367177963,0,70084,25.562062859535217,2,2,0,0,"[{""body_indices"": [0], ""symbol"": ""cutensorUnary_abs_f32""}]",1,0,0,0.0,40
aten,aten_abs,/home/arjaiswal/Polygeist/issues/aten_c_kernels/results/aten_abs/debuf.mlir,e40bb3d37c8ac77f8636f1ec0506c5c6a074813d1008bdd94a63054ca33a37be,syntactic,5,ok,0,894.3211399018764,0,"[""/usr/bin/python3"", ""/home/arjaiswal/Polygeist/scripts/correctness/kernel_match_rewrite.py"", ""/home/arjaiswal/Polygeist/issues/aten_c_kernels/results/aten_abs/debuf.mlir"", ""--dry-run"", ""--matcher-mode"", ""syntactic"", ""--telemetry-json"", ""/home/arjaiswal/Polygeist/issues/equality_saturation_eval/campaign_20260908/aten-aten_abs-syntactic-ahiherpa.json"", ""--disable-semantic-fallback""]","== match report for /home/arjaiswal/Polygeist/issues/aten_c_kernels/results/aten_abs/debuf.mlir ==
  match          body#[0]  cutensorUnary_abs_f32
  total: 1 matched / 1 bodies
",0,[],0,0,0,0,/home/arjaiswal/Polygeist/issues/aten_c_kernels/results/aten_abs/debuf.mlir,1892,0,1,1,426.27301439642906,0,65908,0.12743473052978516,0,2,0,0,"[{""body_indices"": [0], ""symbol"": ""cutensorUnary_abs_f32""}]",1,0,40,0.0,40
aten,aten_acos,/home/arjaiswal/Polygeist/issues/aten_c_kernels/results/aten_acos/debuf.mlir,643a7ef4fb332dbfb4533b74ed07bcf7e25d49fb5d3796b60b48692b2dbb1483,syntactic,1,ok,0,753.6205947399139,0,"[""/usr/bin/python3"", ""/home/arjaiswal/Polygeist/scripts/correctness/kernel_match_rewrite.py"", ""/home/arjaiswal/Polygeist/issues/aten_c_kernels/results/aten_acos/debuf.mlir"", ""--dry-run"", ""--matcher-mode"", ""syntactic"", ""--telemetry-json"", ""/home/arjaiswal/Polygeist/issues/equality_saturation_eval/campaign_20260908/aten-aten_acos-syntactic-f0172d8t.json"", ""--disable-semantic-fallback""]","== match report for /home/arjaiswal/Polygeist/issues/aten_c_kernels/results/aten_acos/debuf.mlir ==
  match          body#[0]  cutensorUnary_acos_f32
  total: 1 matched / 1 bodies
",0,[],0,0,0,0,/home/arjaiswal/Polygeist/issues/aten_c_kernels/results/aten_acos/debuf.mlir,1886,0,1,1,273.1091156601906,0,64900,0.016555190086364746,0,2,0,0,"[{""body_indices"": [0], ""symbol"": ""cutensorUnary_acos_f32""}]",1,0,2,0.0,2
aten,aten_acos,/home/arjaiswal/Polygeist/issues/aten_c_kernels/results/aten_acos/debuf.mlir,643a7ef4fb332dbfb4533b74ed07bcf7e25d49fb5d3796b60b48692b2dbb1483,egglog,1,ok,0,778.4696742892265,0,"[""/usr/bin/python3"", ""/home/arjaiswal/Polygeist/scripts/correctness/kernel_match_rewrite.py"", ""/home/arjaiswal/Polygeist/issues/aten_c_kernels/results/aten_acos/debuf.mlir"", ""--dry-run"", ""--matcher-mode"", ""egglog"", ""--telemetry-json"", ""/home/arjaiswal/Polygeist/issues/equality_saturation_eval/campaign_20260908/aten-aten_acos-egglog-nmcempn8.json"", ""--disable-semantic-fallback""]","== match report for /home/arjaiswal/Polygeist/issues/aten_c_kernels/results/aten_acos/debuf.mlir ==
  match          body#[0]  cutensorUnary_acos_f32
  total: 1 matched / 1 bodies
",0,[],0,0,0,0,/home/arjaiswal/Polygeist/issues/aten_c_kernels/results/aten_acos/debuf.mlir,1886,8,1,1,322.3618008196354,0,69324,25.157056748867035,2,2,0,0,"[{""body_indices"": [0], ""symbol"": ""cutensorUnary_acos_f32""}]",1,0,0,0.0,2
aten,aten_acos,/home/arjaiswal/Polygeist/issues/aten_c_kernels/results/aten_acos/debuf.mlir,643a7ef4fb332dbfb4533b74ed07bcf7e25d49fb5d3796b60b48692b2dbb1483,egglog,2,ok,0,741.3161136209965,0,"[""/usr/bin/python3"", ""/home/arjaiswal/Polygeist/scripts/correctness/kernel_match_rewrite.py"", ""/home/arjaiswal/Polygeist/issues/aten_c_kernels/results/aten_acos/debuf.mlir"", ""--dry-run"", ""--matcher-mode"", ""egglog"", ""--telemetry-json"", ""/home/arjaiswal/Polygeist/issues/equality_saturation_eval/campaign_20260908/aten-aten_acos-egglog-9n7szzv1.json"", ""--disable-semantic-fallback""]","== match report for /home/arjaiswal/Polygeist/issues/aten_c_kernels/results/aten_acos/debuf.mlir ==
  match          body#[0]  cutensorUnary_acos_f32
  total: 1 matched / 1 bodies
",0,[],0,0,0,0,/home/arjaiswal/Polygeist/issues/aten_c_kernels/results/aten_acos/debuf.mlir,1886,8,1,1,298.4137088060379,0,69312,23.641973733901978,2,2,0,0,"[{""body_indices"": [0], ""symbol"": ""cutensorUnary_acos_f32""}]",1,0,0,0.0,2
aten,aten_acos,/home/arjaiswal/Polygeist/issues/aten_c_kernels/results/aten_acos/debuf.mlir,643a7ef4fb332dbfb4533b74ed07bcf7e25d49fb5d3796b60b48692b2dbb1483,syntactic,2,ok,0,731.9591231644154,0,"[""/usr/bin/python3"", ""/home/arjaiswal/Polygeist/scripts/correctness/kernel_match_rewrite.py"", ""/home/arjaiswal/Polygeist/issues/aten_c_kernels/results/aten_acos/debuf.mlir"", ""--dry-run"", ""--matcher-mode"", ""syntactic"", ""--telemetry-json"", ""/home/arjaiswal/Polygeist/issues/equality_saturation_eval/campaign_20260908/aten-aten_acos-syntactic-bup7ola3.json"", ""--disable-semantic-fallback""]","== match report for /home/arjaiswal/Polygeist/issues/aten_c_kernels/results/aten_acos/debuf.mlir ==
  match          body#[0]  cutensorUnary_acos_f32
  total: 1 matched / 1 bodies
",0,[],0,0,0,0,/home/arjaiswal/Polygeist/issues/aten_c_kernels/results/aten_acos/debuf.mlir,1886,0,1,1,276.6416631639004,0,64760,0.015787780284881592,0,2,0,0,"[{""body_indices"": [0], ""symbol"": ""cutensorUnary_acos_f32""}]",1,0,2,0.0,2
aten,aten_acos,/home/arjaiswal/Polygeist/issues/aten_c_kernels/results/aten_acos/debuf.mlir,643a7ef4fb332dbfb4533b74ed07bcf7e25d49fb5d3796b60b48692b2dbb1483,syntactic,3,ok,0,729.3502017855644,0,"[""/usr/bin/python3"", ""/home/arjaiswal/Polygeist/scripts/correctness/kernel_match_rewrite.py"", ""/home/arjaiswal/Polygeist/issues/aten_c_kernels/results/aten_acos/debuf.mlir"", ""--dry-run"", ""--matcher-mode"", ""syntactic"", ""--telemetry-json"", ""/home/arjaiswal/Polygeist/issues/equality_saturation_eval/campaign_20260908/aten-aten_acos-syntactic-hejkrhh1.json"", ""--disable-semantic-fallback""]","== match report for /home/arjaiswal/Polygeist/issues/aten_c_kernels/results/aten_acos/debuf.mlir ==
  match          body#[0]  cutensorUnary_acos_f32
  total: 1 matched / 1 bodies
",0,[],0,0,0,0,/home/arjaiswal/Polygeist/issues/aten_c_kernels/results/aten_acos/debuf.mlir,1886,0,1,1,277.03771367669106,0,64868,0.015787780284881592,0,2,0,0,"[{""body_indices"": [0], ""symbol"": ""cutensorUnary_acos_f32""}]",1,0,2,0.0,2
aten,aten_acos,/home/arjaiswal/Polygeist/issues/aten_c_kernels/results/aten_acos/debuf.mlir,643a7ef4fb332dbfb4533b74ed07bcf7e25d49fb5d3796b60b48692b2dbb1483,egglog,3,ok,0,742.1001717448235,0,"[""/usr/bin/python3"", ""/home/arjaiswal/Polygeist/scripts/correctness/kernel_match_rewrite.py"", ""/home/arjaiswal/Polygeist/issues/aten_c_kernels/results/aten_acos/debuf.mlir"", ""--dry-run"", ""--matcher-mode"", ""egglog"", ""--telemetry-json"", ""/home/arjaiswal/Polygeist/issues/equality_saturation_eval/campaign_20260908/aten-aten_acos-egglog-vwrh3abq.json"", ""--disable-semantic-fallback""]","== match report for /home/arjaiswal/Polygeist/issues/aten_c_kernels/results/aten_acos/debuf.mlir ==
  match          body#[0]  cutensorUnary_acos_f32
  total: 1 matched / 1 bodies
",0,[],0,0,0,0,/home/arjaiswal/Polygeist/issues/aten_c_kernels/results/aten_acos/debuf.mlir,1886,8,1,1,294.4409213960171,0,69288,23.020442575216293,2,2,0,0,"[{""body_indices"": [0], ""symbol"": ""cutensorUnary_acos_f32""}]",1,0,0,0.0,2
aten,aten_acos,/home/arjaiswal/Polygeist/issues/aten_c_kernels/results/aten_acos/debuf.mlir,643a7ef4fb332dbfb4533b74ed07bcf7e25d49fb5d3796b60b48692b2dbb1483,egglog,4,ok,0,776.876799762249,0,"[""/usr/bin/python3"", ""/home/arjaiswal/Polygeist/scripts/correctness/kernel_match_rewrite.py"", ""/home/arjaiswal/Polygeist/issues/aten_c_kernels/results/aten_acos/debuf.mlir"", ""--dry-run"", ""--matcher-mode"", ""egglog"", ""--telemetry-json"", ""/home/arjaiswal/Polygeist/issues/equality_saturation_eval/campaign_20260908/aten-aten_acos-egglog-bpnxgsjt.json"", ""--disable-semantic-fallback""]","== match report for /home/arjaiswal/Polygeist/issues/aten_c_kernels/results/aten_acos/debuf.mlir ==
  match          body#[0]  cutensorUnary_acos_f32
  total: 1 matched / 1 bodies
",0,[],0,0,0,0,/home/arjaiswal/Polygeist/issues/aten_c_kernels/results/aten_acos/debuf.mlir,1886,8,1,1,333.7356671690941,0,69352,27.26685255765915,2,2,0,0,"[{""body_indices"": [0], ""symbol"": ""cutensorUnary_acos_f32""}]",1,0,0,0.0,2
aten,aten_acos,/home/arjaiswal/Polygeist/issues/aten_c_kernels/results/aten_acos/debuf.mlir,643a7ef4fb332dbfb4533b74ed07bcf7e25d49fb5d3796b60b48692b2dbb1483,syntactic,4,ok,0,783.6320586502552,0,"[""/usr/bin/python3"", ""/home/arjaiswal/Polygeist/scripts/correctness/kernel_match_rewrite.py"", ""/home/arjaiswal/Polygeist/issues/aten_c_kernels/results/aten_acos/debuf.mlir"", ""--dry-run"", ""--matcher-mode"", ""syntactic"", ""--telemetry-json"", ""/home/arjaiswal/Polygeist/issues/equality_saturation_eval/campaign_20260908/aten-aten_acos-syntactic-a11nhbb5.json"", ""--disable-semantic-fallback""]","== match report for /home/arjaiswal/Polygeist/issues/aten_c_kernels/results/aten_acos/debuf.mlir ==
  match          body#[0]  cutensorUnary_acos_f32
  total: 1 matched / 1 bodies
",0,[],0,0,0,0,/home/arjaiswal/Polygeist/issues/aten_c_kernels/results/aten_acos/debuf.mlir,1886,0,1,1,290.89556261897087,0,64540,0.015873461961746216,0,2,0,0,"[{""body_indices"": [0], ""symbol"": ""cutensorUnary_acos_f32""}]",1,0,2,0.0,2
aten,aten_acos,/home/arjaiswal/Polygeist/issues/aten_c_kernels/results/aten_acos/debuf.mlir,643a7ef4fb332dbfb4533b74ed07bcf7e25d49fb5d3796b60b48692b2dbb1483,syntactic,5,ok,0,877.0036548376083,0,"[""/usr/bin/python3"", ""/home/arjaiswal/Polygeist/scripts/correctness/kernel_match_rewrite.py"", ""/home/arjaiswal/Polygeist/issues/aten_c_kernels/results/aten_acos/debuf.mlir"", ""--dry-run"", ""--matcher-mode"", ""syntactic"", ""--telemetry-json"", ""/home/arjaiswal/Polygeist/issues/equality_saturation_eval/campaign_20260908/aten-aten_acos-syntactic-zz_177s4.json"", ""--disable-semantic-fallback""]","== match report for /home/arjaiswal/Polygeist/issues/aten_c_kernels/results/aten_acos/debuf.mlir ==
  match          body#[0]  cutensorUnary_acos_f32
  total: 1 matched / 1 bodies
",0,[],0,0,0,0,/home/arjaiswal/Polygeist/issues/aten_c_kernels/results/aten_acos/debuf.mlir,1886,0,1,1,385.08523255586624,0,64608,0.02197548747062683,0,2,0,0,"[{""body_indices"": [0], ""symbol"": ""cutensorUnary_acos_f32""}]",1,0,2,0.0,2
aten,aten_acos,/home/arjaiswal/Polygeist/issues/aten_c_kernels/results/aten_acos/debuf.mlir,643a7ef4fb332dbfb4533b74ed07bcf7e25d49fb5d3796b60b48692b2dbb1483,egglog,5,ok,0,793.666411191225,0,"[""/usr/bin/python3"", ""/home/arjaiswal/Polygeist/scripts/correctness/kernel_match_rewrite.py"", ""/home/arjaiswal/Polygeist/issues/aten_c_kernels/results/aten_acos/debuf.mlir"", ""--dry-run"", ""--matcher-mode"", ""egglog"", ""--telemetry-json"", ""/home/arjaiswal/Polygeist/issues/equality_saturation_eval/campaign_20260908/aten-aten_acos-egglog-go6z2zpu.json"", ""--disable-semantic-fallback""]","== match report for /home/arjaiswal/Polygeist/issues/aten_c_kernels/results/aten_acos/debuf.mlir ==
  match          body#[0]  cutensorUnary_acos_f32
  total: 1 matched / 1 bodies
",0,[],0,0,0,0,/home/arjaiswal/Polygeist/issues/aten_c_kernels/results/aten_acos/debuf.mlir,1886,8,1,1,295.3411154448986,0,69380,22.23498746752739,2,2,0,0,"[{""body_indices"": [0], ""symbol"": ""cutensorUnary_acos_f32""}]",1,0,0,0.0,2
aten,aten_acosh,/home/arjaiswal/Polygeist/issues/aten_c_kernels/results/aten_acosh/debuf.mlir,97c5b281954ae5f0de6b59c6354a9b82f9f1d7e4a3d15117e92d9b2aefff7ff0,egglog,1,ok,0,736.0431365668774,0,"[""/usr/bin/python3"", ""/home/arjaiswal/Polygeist/scripts/correctness/kernel_match_rewrite.py"", ""/home/arjaiswal/Polygeist/issues/aten_c_kernels/results/aten_acosh/debuf.mlir"", ""--dry-run"", ""--matcher-mode"", ""egglog"", ""--telemetry-json"", ""/home/arjaiswal/Polygeist/issues/equality_saturation_eval/campaign_20260908/aten-aten_acosh-egglog-1jlqxrl4.json"", ""--disable-semantic-fallback""]","== match report for /home/arjaiswal/Polygeist/issues/aten_c_kernels/results/aten_acosh/debuf.mlir ==
  match          body#[0]  cutensorUnary_acosh_f32
  total: 1 matched / 1 bodies
",0,[],0,0,0,0,/home/arjaiswal/Polygeist/issues/aten_c_kernels/results/aten_acosh/debuf.mlir,1889,8,1,1,288.2780097424984,0,69344,21.518796682357788,2,2,0,0,"[{""body_indices"": [0], ""symbol"": ""cutensorUnary_acosh_f32""}]",1,0,0,0.0,4
aten,aten_acosh,/home/arjaiswal/Polygeist/issues/aten_c_kernels/results/aten_acosh/debuf.mlir,97c5b281954ae5f0de6b59c6354a9b82f9f1d7e4a3d15117e92d9b2aefff7ff0,syntactic,1,ok,0,751.1637806892395,0,"[""/usr/bin/python3"", ""/home/arjaiswal/Polygeist/scripts/correctness/kernel_match_rewrite.py"", ""/home/arjaiswal/Polygeist/issues/aten_c_kernels/results/aten_acosh/debuf.mlir"", ""--dry-run"", ""--matcher-mode"", ""syntactic"", ""--telemetry-json"", ""/home/arjaiswal/Polygeist/issues/equality_saturation_eval/campaign_20260908/aten-aten_acosh-syntactic-mxyvy3z2.json"", ""--disable-semantic-fallback""]","== match report for /home/arjaiswal/Polygeist/issues/aten_c_kernels/results/aten_acosh/debuf.mlir ==
  match          body#[0]  cutensorUnary_acosh_f32
  total: 1 matched / 1 bodies
",0,[],0,0,0,0,/home/arjaiswal/Polygeist/issues/aten_c_kernels/results/aten_acosh/debuf.mlir,1889,0,1,1,292.303130030632,0,64880,0.028189271688461304,0,2,0,0,"[{""body_indices"": [0], ""symbol"": ""cutensorUnary_acosh_f32""}]",1,0,4,0.0,4
aten,aten_acosh,/home/arjaiswal/Polygeist/issues/aten_c_kernels/results/aten_acosh/debuf.mlir,97c5b281954ae5f0de6b59c6354a9b82f9f1d7e4a3d15117e92d9b2aefff7ff0,syntactic,2,ok,0,748.3278252184391,0,"[""/usr/bin/python3"", ""/home/arjaiswal/Polygeist/scripts/correctness/kernel_match_rewrite.py"", ""/home/arjaiswal/Polygeist/issues/aten_c_kernels/results/aten_acosh/debuf.mlir"", ""--dry-run"", ""--matcher-mode"", ""syntactic"", ""--telemetry-json"", ""/home/arjaiswal/Polygeist/issues/equality_saturation_eval/campaign_20260908/aten-aten_acosh-syntactic-4eibh6qq.json"", ""--disable-semantic-fallback""]","== match report for /home/arjaiswal/Polygeist/issues/aten_c_kernels/results/aten_acosh/debuf.mlir ==
  match          body#[0]  cutensorUnary_acosh_f32
  total: 1 matched / 1 bodies
",0,[],0,0,0,0,/home/arjaiswal/Polygeist/issues/aten_c_kernels/results/aten_acosh/debuf.mlir,1889,0,1,1,282.95452147722244,0,64764,0.02614036202430725,0,2,0,0,"[{""body_indices"": [0], ""symbol"": ""cutensorUnary_acosh_f32""}]",1,0,4,0.0,4
aten,aten_acosh,/home/arjaiswal/Polygeist/issues/aten_c_kernels/results/aten_acosh/debuf.mlir,97c5b281954ae5f0de6b59c6354a9b82f9f1d7e4a3d15117e92d9b2aefff7ff0,egglog,2,ok,0,770.8688043057919,0,"[""/usr/bin/python3"", ""/home/arjaiswal/Polygeist/scripts/correctness/kernel_match_rewrite.py"", ""/home/arjaiswal/Polygeist/issues/aten_c_kernels/results/aten_acosh/debuf.mlir"", ""--dry-run"", ""--matcher-mode"", ""egglog"", ""--telemetry-json"", ""/home/arjaiswal/Polygeist/issues/equality_saturation_eval/campaign_20260908/aten-aten_acosh-egglog-zrwkt3xq.json"", ""--disable-semantic-fallback""]","== match report for /home/arjaiswal/Polygeist/issues/aten_c_kernels/results/aten_acosh/debuf.mlir ==
  match          body#[0]  cutensorUnary_acosh_f32
  total: 1 matched / 1 bodies
",0,[],0,0,0,0,/home/arjaiswal/Polygeist/issues/aten_c_kernels/results/aten_acosh/debuf.mlir,1889,8,1,1,305.18458783626556,0,69472,24.14848282933235,2,2,0,0,"[{""body_indices"": [0], ""symbol"": ""cutensorUnary_acosh_f32""}]",1,0,0,0.0,4
aten,aten_acosh,/home/arjaiswal/Polygeist/issues/aten_c_kernels/results/aten_acosh/debuf.mlir,97c5b281954ae5f0de6b59c6354a9b82f9f1d7e4a3d15117e92d9b2aefff7ff0,egglog,3,ok,0,781.532809138298,0,"[""/usr/bin/python3"", ""/home/arjaiswal/Polygeist/scripts/correctness/kernel_match_rewrite.py"", ""/home/arjaiswal/Polygeist/issues/aten_c_kernels/results/aten_acosh/debuf.mlir"", ""--dry-run"", ""--matcher-mode"", ""egglog"", ""--telemetry-json"", ""/home/arjaiswal/Polygeist/issues/equality_saturation_eval/campaign_20260908/aten-aten_acosh-egglog-1vkw7m4l.json"", ""--disable-semantic-fallback""]","== match report for /home/arjaiswal/Polygeist/issues/aten_c_kernels/results/aten_acosh/debuf.mlir ==
  match          body#[0]  cutensorUnary_acosh_f32
  total: 1 matched / 1 bodies
",0,[],0,0,0,0,/home/arjaiswal/Polygeist/issues/aten_c_kernels/results/aten_acosh/debuf.mlir,1889,8,1,1,298.726212233305,0,69384,21.603699773550034,2,2,0,0,"[{""body_indices"": [0], ""symbol"": ""cutensorUnary_acosh_f32""}]",1,0,0,0.0,4
aten,aten_acosh,/home/arjaiswal/Polygeist/issues/aten_c_kernels/results/aten_acosh/debuf.mlir,97c5b281954ae5f0de6b59c6354a9b82f9f1d7e4a3d15117e92d9b2aefff7ff0,syntactic,3,ok,0,726.0841652750969,0,"[""/usr/bin/python3"", ""/home/arjaiswal/Polygeist/scripts/correctness/kernel_match_rewrite.py"", ""/home/arjaiswal/Polygeist/issues/aten_c_kernels/results/aten_acosh/debuf.mlir"", ""--dry-run"", ""--matcher-mode"", ""syntactic"", ""--telemetry-json"", ""/home/arjaiswal/Polygeist/issues/equality_saturation_eval/campaign_20260908/aten-aten_acosh-syntactic-tsdfxle_.json"", ""--disable-semantic-fallback""]","== match report for /home/arjaiswal/Polygeist/issues/aten_c_kernels/results/aten_acosh/debuf.mlir ==
  match          body#[0]  cutensorUnary_acosh_f32
  total: 1 matched / 1 bodies
",0,[],0,0,0,0,/home/arjaiswal/Polygeist/issues/aten_c_kernels/results/aten_acosh/debuf.mlir,1889,0,1,1,275.75138583779335,0,64580,0.03133341670036316,0,2,0,0,"[{""body_indices"": [0], ""symbol"": ""cutensorUnary_acosh_f32""}]",1,0,4,0.0,4
aten,aten_acosh,/home/arjaiswal/Polygeist/issues/aten_c_kernels/results/aten_acosh/debuf.mlir,97c5b281954ae5f0de6b59c6354a9b82f9f1d7e4a3d15117e92d9b2aefff7ff0,syntactic,4,ok,0,1010.390218347311,0,"[""/usr/bin/python3"", ""/home/arjaiswal/Polygeist/scripts/correctness/kernel_match_rewrite.py"", ""/home/arjaiswal/Polygeist/issues/aten_c_kernels/results/aten_acosh/debuf.mlir"", ""--dry-run"", ""--matcher-mode"", ""syntactic"", ""--telemetry-json"", ""/home/arjaiswal/Polygeist/issues/equality_saturation_eval/campaign_20260908/aten-aten_acosh-syntactic-q4x56utc.json"", ""--disable-semantic-fallback""]","== match report for /home/arjaiswal/Polygeist/issues/aten_c_kernels/results/aten_acosh/debuf.mlir ==
  match          body#[0]  cutensorUnary_acosh_f32
  total: 1 matched / 1 bodies
",0,[],0,0,0,0,/home/arjaiswal/Polygeist/issues/aten_c_kernels/results/aten_acosh/debuf.mlir,1889,0,1,1,359.0502217411995,0,64480,0.039171427488327026,0,2,0,0,"[{""body_indices"": [0], ""symbol"": ""cutensorUnary_acosh_f32""}]",1,0,4,0.0,4
aten,aten_acosh,/home/arjaiswal/Polygeist/issues/aten_c_kernels/results/aten_acosh/debuf.mlir,97c5b281954ae5f0de6b59c6354a9b82f9f1d7e4a3d15117e92d9b2aefff7ff0,egglog,4,ok,0,750.8076652884483,0,"[""/usr/bin/python3"", ""/home/arjaiswal/Polygeist/scripts/correctness/kernel_match_rewrite.py"", ""/home/arjaiswal/Polygeist/issues/aten_c_kernels/results/aten_acosh/debuf.mlir"", ""--dry-run"", ""--matcher-mode"", ""egglog"", ""--telemetry-json"", ""/home/arjaiswal/Polygeist/issues/equality_saturation_eval/campaign_20260908/aten-aten_acosh-egglog-t6bdeu7q.json"", ""--disable-semantic-fallback""]","== match report for /home/arjaiswal/Polygeist/issues/aten_c_kernels/results/aten_acosh/debuf.mlir ==
  match          body#[0]  cutensorUnary_acosh_f32
  total: 1 matched / 1 bodies
",0,[],0,0,0,0,/home/arjaiswal/Polygeist/issues/aten_c_kernels/results/aten_acosh/debuf.mlir,1889,8,1,1,306.6392131149769,0,69232,22.262193262577057,2,2,0,0,"[{""body_indices"": [0], ""symbol"": ""cutensorUnary_acosh_f32""}]",1,0,0,0.0,4
aten,aten_acosh,/home/arjaiswal/Polygeist/issues/aten_c_kernels/results/aten_acosh/debuf.mlir,97c5b281954ae5f0de6b59c6354a9b82f9f1d7e4a3d15117e92d9b2aefff7ff0,egglog,5,ok,0,789.955198764801,0,"[""/usr/bin/python3"", ""/home/arjaiswal/Polygeist/scripts/correctness/kernel_match_rewrite.py"", ""/home/arjaiswal/Polygeist/issues/aten_c_kernels/results/aten_acosh/debuf.mlir"", ""--dry-run"", ""--matcher-mode"", ""egglog"", ""--telemetry-json"", ""/home/arjaiswal/Polygeist/issues/equality_saturation_eval/campaign_20260908/aten-aten_acosh-egglog-1vb4gh2y.json"", ""--disable-semantic-fallback""]","== match report for /home/arjaiswal/Polygeist/issues/aten_c_kernels/results/aten_acosh/debuf.mlir ==
  match          body#[0]  cutensorUnary_acosh_f32
  total: 1 matched / 1 bodies
",0,[],0,0,0,0,/home/arjaiswal/Polygeist/issues/aten_c_kernels/results/aten_acosh/debuf.mlir,1889,8,1,1,293.24256256222725,0,69372,21.61547541618347,2,2,0,0,"[{""body_indices"": [0], ""symbol"": ""cutensorUnary_acosh_f32""}]",1,0,0,0.0,4
aten,aten_acosh,/home/arjaiswal/Polygeist/issues/aten_c_kernels/results/aten_acosh/debuf.mlir,97c5b281954ae5f0de6b59c6354a9b82f9f1d7e4a3d15117e92d9b2aefff7ff0,syntactic,5,ok,0,726.3011708855629,0,"[""/usr/bin/python3"", ""/home/arjaiswal/Polygeist/scripts/correctness/kernel_match_rewrite.py"", ""/home/arjaiswal/Polygeist/issues/aten_c_kernels/results/aten_acosh/debuf.mlir"", ""--dry-run"", ""--matcher-mode"", ""syntactic"", ""--telemetry-json"", ""/home/arjaiswal/Polygeist/issues/equality_saturation_eval/campaign_20260908/aten-aten_acosh-syntactic-5fhxev1u.json"", ""--disable-semantic-fallback""]","== match report for /home/arjaiswal/Polygeist/issues/aten_c_kernels/results/aten_acosh/debuf.mlir ==
  match          body#[0]  cutensorUnary_acosh_f32
  total: 1 matched / 1 bodies
",0,[],0,0,0,0,/home/arjaiswal/Polygeist/issues/aten_c_kernels/results/aten_acosh/debuf.mlir,1889,0,1,1,279.4651538133621,0,64472,0.02549588680267334,0,2,0,0,"[{""body_indices"": [0], ""symbol"": ""cutensorUnary_acosh_f32""}]",1,0,4,0.0,4
aten,aten_adaptive_avg_pool2d,/home/arjaiswal/Polygeist/issues/aten_c_kernels/results/aten_adaptive_avg_pool2d/debuf.mlir,d66b002b8f6f650c92b930771e5adb7c03a8bba37e096d007aa835c8b854b3f5,syntactic,1,ok,0,748.7351037561893,0,"[""/usr/bin/python3"", ""/home/arjaiswal/Polygeist/scripts/correctness/kernel_match_rewrite.py"", ""/home/arjaiswal/Polygeist/issues/aten_c_kernels/results/aten_adaptive_avg_pool2d/debuf.mlir"", ""--dry-run"", ""--matcher-mode"", ""syntactic"", ""--telemetry-json"", ""/home/arjaiswal/Polygeist/issues/equality_saturation_eval/campaign_20260908/aten-aten_adaptive_avg_pool2d-syntactic-pnkfthvr.json"", ""--disable-semantic-fallback""]","== match report for /home/arjaiswal/Polygeist/issues/aten_c_kernels/results/aten_adaptive_avg_pool2d/debuf.mlir ==
  match          body#[0, 1]  cudnnConvolution2DWindow_f32
  total: 1 matched / 1 bodies
",0,[],0,0,0,0,/home/arjaiswal/Polygeist/issues/aten_c_kernels/results/aten_adaptive_avg_pool2d/debuf.mlir,3094,0,2,2,292.72036999464035,0,65596,0.04848465323448181,0,8,0,0,"[{""body_indices"": [0, 1], ""symbol"": ""cudnnConvolution2DWindow_f32""}]",1,0,8,0.0,8
aten,aten_adaptive_avg_pool2d,/home/arjaiswal/Polygeist/issues/aten_c_kernels/results/aten_adaptive_avg_pool2d/debuf.mlir,d66b002b8f6f650c92b930771e5adb7c03a8bba37e096d007aa835c8b854b3f5,egglog,1,ok,0,934.2366941273212,0,"[""/usr/bin/python3"", ""/home/arjaiswal/Polygeist/scripts/correctness/kernel_match_rewrite.py"", ""/home/arjaiswal/Polygeist/issues/aten_c_kernels/results/aten_adaptive_avg_pool2d/debuf.mlir"", ""--dry-run"", ""--matcher-mode"", ""egglog"", ""--telemetry-json"", ""/home/arjaiswal/Polygeist/issues/equality_saturation_eval/campaign_20260908/aten-aten_adaptive_avg_pool2d-egglog-99uu_p_d.json"", ""--disable-semantic-fallback""]","== match report for /home/arjaiswal/Polygeist/issues/aten_c_kernels/results/aten_adaptive_avg_pool2d/debuf.mlir ==
  match          body#[0, 1]  cudnnConvolution2DWindow_f32
  total: 1 matched / 1 bodies
",0,[],0,0,0,0,/home/arjaiswal/Polygeist/issues/aten_c_kernels/results/aten_adaptive_avg_pool2d/debuf.mlir,3094,8,2,2,401.08494833111763,0,69572,87.00510486960411,8,8,0,8,"[{""body_indices"": [0, 1], ""symbol"": ""cudnnConvolution2DWindow_f32""}]",1,0,0,0.0,8
aten,aten_adaptive_avg_pool2d,/home/arjaiswal/Polygeist/issues/aten_c_kernels/results/aten_adaptive_avg_pool2d/debuf.mlir,d66b002b8f6f650c92b930771e5adb7c03a8bba37e096d007aa835c8b854b3f5,egglog,2,ok,0,984.8667122423649,0,"[""/usr/bin/python3"", ""/home/arjaiswal/Polygeist/scripts/correctness/kernel_match_rewrite.py"", ""/home/arjaiswal/Polygeist/issues/aten_c_kernels/results/aten_adaptive_avg_pool2d/debuf.mlir"", ""--dry-run"", ""--matcher-mode"", ""egglog"", ""--telemetry-json"", ""/home/arjaiswal/Polygeist/issues/equality_saturation_eval/campaign_20260908/aten-aten_adaptive_avg_pool2d-egglog-rw49bjau.json"", ""--disable-semantic-fallback""]","== match report for /home/arjaiswal/Polygeist/issues/aten_c_kernels/results/aten_adaptive_avg_pool2d/debuf.mlir ==
  match          body#[0, 1]  cudnnConvolution2DWindow_f32
  total: 1 matched / 1 bodies
",0,[],0,0,0,0,/home/arjaiswal/Polygeist/issues/aten_c_kernels/results/aten_adaptive_avg_pool2d/debuf.mlir,3094,8,2,2,444.1167525947094,0,69452,88.66138756275177,8,8,0,8,"[{""body_indices"": [0, 1], ""symbol"": ""cudnnConvolution2DWindow_f32""}]",1,0,0,0.0,8
aten,aten_adaptive_avg_pool2d,/home/arjaiswal/Polygeist/issues/aten_c_kernels/results/aten_adaptive_avg_pool2d/debuf.mlir,d66b002b8f6f650c92b930771e5adb7c03a8bba37e096d007aa835c8b854b3f5,syntactic,2,ok,0,795.6140339374542,0,"[""/usr/bin/python3"", ""/home/arjaiswal/Polygeist/scripts/correctness/kernel_match_rewrite.py"", ""/home/arjaiswal/Polygeist/issues/aten_c_kernels/results/aten_adaptive_avg_pool2d/debuf.mlir"", ""--dry-run"", ""--matcher-mode"", ""syntactic"", ""--telemetry-json"", ""/home/arjaiswal/Polygeist/issues/equality_saturation_eval/campaign_20260908/aten-aten_adaptive_avg_pool2d-syntactic-x_ey_ymv.json"", ""--disable-semantic-fallback""]","== match report for /home/arjaiswal/Polygeist/issues/aten_c_kernels/results/aten_adaptive_avg_pool2d/debuf.mlir ==
  match          body#[0, 1]  cudnnConvolution2DWindow_f32
  total: 1 matched / 1 bodies
",0,[],0,0,0,0,/home/arjaiswal/Polygeist/issues/aten_c_kernels/results/aten_adaptive_avg_pool2d/debuf.mlir,3094,0,2,2,308.68755653500557,0,65628,0.04407763481140137,0,8,0,0,"[{""body_indices"": [0, 1], ""symbol"": ""cudnnConvolution2DWindow_f32""}]",1,0,8,0.0,8
aten,aten_adaptive_avg_pool2d,/home/arjaiswal/Polygeist/issues/aten_c_kernels/results/aten_adaptive_avg_pool2d/debuf.mlir,d66b002b8f6f650c92b930771e5adb7c03a8bba37e096d007aa835c8b854b3f5,syntactic,3,ok,0,740.7272644340992,0,"[""/usr/bin/python3"", ""/home/arjaiswal/Polygeist/scripts/correctness/kernel_match_rewrite.py"", ""/home/arjaiswal/Polygeist/issues/aten_c_kernels/results/aten_adaptive_avg_pool2d/debuf.mlir"", ""--dry-run"", ""--matcher-mode"", ""syntactic"", ""--telemetry-json"", ""/home/arjaiswal/Polygeist/issues/equality_saturation_eval/campaign_20260908/aten-aten_adaptive_avg_pool2d-syntactic-e8c0qi08.json"", ""--disable-semantic-fallback""]","== match report for /home/arjaiswal/Polygeist/issues/aten_c_kernels/results/aten_adaptive_avg_pool2d/debuf.mlir ==
  match          body#[0, 1]  cudnnConvolution2DWindow_f32
  total: 1 matched / 1 bodies
",0,[],0,0,0,0,/home/arjaiswal/Polygeist/issues/aten_c_kernels/results/aten_adaptive_avg_pool2d/debuf.mlir,3094,0,2,2,278.8833864033222,0,64600,0.041116029024124146,0,8,0,0,"[{""body_indices"": [0, 1], ""symbol"": ""cudnnConvolution2DWindow_f32""}]",1,0,8,0.0,8
aten,aten_adaptive_avg_pool2d,/home/arjaiswal/Polygeist/issues/aten_c_kernels/results/aten_adaptive_avg_pool2d/debuf.mlir,d66b002b8f6f650c92b930771e5adb7c03a8bba37e096d007aa835c8b854b3f5,egglog,3,ok,0,849.6703654527664,0,"[""/usr/bin/python3"", ""/home/arjaiswal/Polygeist/scripts/correctness/kernel_match_rewrite.py"", ""/home/arjaiswal/Polygeist/issues/aten_c_kernels/results/aten_adaptive_avg_pool2d/debuf.mlir"", ""--dry-run"", ""--matcher-mode"", ""egglog"", ""--telemetry-json"", ""/home/arjaiswal/Polygeist/issues/equality_saturation_eval/campaign_20260908/aten-aten_adaptive_avg_pool2d-egglog-1v4tzyqc.json"", ""--disable-semantic-fallback""]","== match report for /home/arjaiswal/Polygeist/issues/aten_c_kernels/results/aten_adaptive_avg_pool2d/debuf.mlir ==
  match          body#[0, 1]  cudnnConvolution2DWindow_f32
  total: 1 matched / 1 bodies
",0,[],0,0,0,0,/home/arjaiswal/Polygeist/issues/aten_c_kernels/results/aten_adaptive_avg_pool2d/debuf.mlir,3094,8,2,2,396.1917720735073,0,69952,91.8290875852108,8,8,0,8,"[{""body_indices"": [0, 1], ""symbol"": ""cudnnConvolution2DWindow_f32""}]",1,0,0,0.0,8
aten,aten_adaptive_avg_pool2d,/home/arjaiswal/Polygeist/issues/aten_c_kernels/results/aten_adaptive_avg_pool2d/debuf.mlir,d66b002b8f6f650c92b930771e5adb7c03a8bba37e096d007aa835c8b854b3f5,egglog,4,ok,0,833.7548449635506,0,"[""/usr/bin/python3"", ""/home/arjaiswal/Polygeist/scripts/correctness/kernel_match_rewrite.py"", ""/home/arjaiswal/Polygeist/issues/aten_c_kernels/results/aten_adaptive_avg_pool2d/debuf.mlir"", ""--dry-run"", ""--matcher-mode"", ""egglog"", ""--telemetry-json"", ""/home/arjaiswal/Polygeist/issues/equality_saturation_eval/campaign_20260908/aten-aten_adaptive_avg_pool2d-egglog-0lqeswfq.json"", ""--disable-semantic-fallback""]","== match report for /home/arjaiswal/Polygeist/issues/aten_c_kernels/results/aten_adaptive_avg_pool2d/debuf.mlir ==
  match          body#[0, 1]  cudnnConvolution2DWindow_f32
  total: 1 matched / 1 bodies
",0,[],0,0,0,0,/home/arjaiswal/Polygeist/issues/aten_c_kernels/results/aten_adaptive_avg_pool2d/debuf.mlir,3094,8,2,2,388.8142704963684,0,69628,80.11336997151375,8,8,0,8,"[{""body_indices"": [0, 1], ""symbol"": ""cudnnConvolution2DWindow_f32""}]",1,0,0,0.0,8
aten,aten_adaptive_avg_pool2d,/home/arjaiswal/Polygeist/issues/aten_c_kernels/results/aten_adaptive_avg_pool2d/debuf.mlir,d66b002b8f6f650c92b930771e5adb7c03a8bba37e096d007aa835c8b854b3f5,syntactic,4,ok,0,724.9836474657059,0,"[""/usr/bin/python3"", ""/home/arjaiswal/Polygeist/scripts/correctness/kernel_match_rewrite.py"", ""/home/arjaiswal/Polygeist/issues/aten_c_kernels/results/aten_adaptive_avg_pool2d/debuf.mlir"", ""--dry-run"", ""--matcher-mode"", ""syntactic"", ""--telemetry-json"", ""/home/arjaiswal/Polygeist/issues/equality_saturation_eval/campaign_20260908/aten-aten_adaptive_avg_pool2d-syntactic-devq3h62.json"", ""--disable-semantic-fallback""]","== match report for /home/arjaiswal/Polygeist/issues/aten_c_kernels/results/aten_adaptive_avg_pool2d/debuf.mlir ==
  match          body#[0, 1]  cudnnConvolution2DWindow_f32
  total: 1 matched / 1 bodies
",0,[],0,0,0,0,/home/arjaiswal/Polygeist/issues/aten_c_kernels/results/aten_adaptive_avg_pool2d/debuf.mlir,3094,0,2,2,287.72618994116783,0,65628,0.043880194425582886,0,8,0,0,"[{""body_indices"": [0, 1], ""symbol"": ""cudnnConvolution2DWindow_f32""}]",1,0,8,0.0,8
aten,aten_adaptive_avg_pool2d,/home/arjaiswal/Polygeist/issues/aten_c_kernels/results/aten_adaptive_avg_pool2d/debuf.mlir,d66b002b8f6f650c92b930771e5adb7c03a8bba37e096d007aa835c8b854b3f5,syntactic,5,ok,0,738.6821210384369,0,"[""/usr/bin/python3"", ""/home/arjaiswal/Polygeist/scripts/correctness/kernel_match_rewrite.py"", ""/home/arjaiswal/Polygeist/issues/aten_c_kernels/results/aten_adaptive_avg_pool2d/debuf.mlir"", ""--dry-run"", ""--matcher-mode"", ""syntactic"", ""--telemetry-json"", ""/home/arjaiswal/Polygeist/issues/equality_saturation_eval/campaign_20260908/aten-aten_adaptive_avg_pool2d-syntactic-od81h739.json"", ""--disable-semantic-fallback""]","== match report for /home/arjaiswal/Polygeist/issues/aten_c_kernels/results/aten_adaptive_avg_pool2d/debuf.mlir ==
  match          body#[0, 1]  cudnnConvolution2DWindow_f32
  total: 1 matched / 1 bodies
",0,[],0,0,0,0,/home/arjaiswal/Polygeist/issues/aten_c_kernels/results/aten_adaptive_avg_pool2d/debuf.mlir,3094,0,2,2,288.59175741672516,0,65712,0.04265829920768738,0,8,0,0,"[{""body_indices"": [0, 1], ""symbol"": ""cudnnConvolution2DWindow_f32""}]",1,0,8,0.0,8
aten,aten_adaptive_avg_pool2d,/home/arjaiswal/Polygeist/issues/aten_c_kernels/results/aten_adaptive_avg_pool2d/debuf.mlir,d66b002b8f6f650c92b930771e5adb7c03a8bba37e096d007aa835c8b854b3f5,egglog,5,ok,0,896.5990394353867,0,"[""/usr/bin/python3"", ""/home/arjaiswal/Polygeist/scripts/correctness/kernel_match_rewrite.py"", ""/home/arjaiswal/Polygeist/issues/aten_c_kernels/results/aten_adaptive_avg_pool2d/debuf.mlir"", ""--dry-run"", ""--matcher-mode"", ""egglog"", ""--telemetry-json"", ""/home/arjaiswal/Polygeist/issues/equality_saturation_eval/campaign_20260908/aten-aten_adaptive_avg_pool2d-egglog-i2n6ace7.json"", ""--disable-semantic-fallback""]","== match report for /home/arjaiswal/Polygeist/issues/aten_c_kernels/results/aten_adaptive_avg_pool2d/debuf.mlir ==
  match          body#[0, 1]  cudnnConvolution2DWindow_f32
  total: 1 matched / 1 bodies
",0,[],0,0,0,0,/home/arjaiswal/Polygeist/issues/aten_c_kernels/results/aten_adaptive_avg_pool2d/debuf.mlir,3094,8,2,2,374.4983822107315,0,69592,85.54978668689728,8,8,0,8,"[{""body_indices"": [0, 1], ""symbol"": ""cudnnConvolution2DWindow_f32""}]",1,0,0,0.0,8
aten,aten_adaptive_avg_pool2d_backward_cpu,/home/arjaiswal/Polygeist/issues/aten_c_kernels/results/aten_adaptive_avg_pool2d_backward_cpu/debuf.mlir,744b2d2093ca9bbb27281c8ec930e0e89e8a62447459b8695ee99f99b9ec1634,egglog,1,ok,0,812.7033226191998,0,"[""/usr/bin/python3"", ""/home/arjaiswal/Polygeist/scripts/correctness/kernel_match_rewrite.py"", ""/home/arjaiswal/Polygeist/issues/aten_c_kernels/results/aten_adaptive_avg_pool2d_backward_cpu/debuf.mlir"", ""--dry-run"", ""--matcher-mode"", ""egglog"", ""--telemetry-json"", ""/home/arjaiswal/Polygeist/issues/equality_saturation_eval/campaign_20260908/aten-aten_adaptive_avg_pool2d_backward_cpu-egglog-frtv8bk9.json"", ""--disable-semantic-fallback""]","== match report for /home/arjaiswal/Polygeist/issues/aten_c_kernels/results/aten_adaptive_avg_pool2d_backward_cpu/debuf.mlir ==
  match          body#[0]  memset_zero_1D_f32
  total: 1 matched / 1 bodies
",0,[],0,0,0,0,/home/arjaiswal/Polygeist/issues/aten_c_kernels/results/aten_adaptive_avg_pool2d_backward_cpu/debuf.mlir,4788,8,1,1,315.52382186055183,0,69408,21.167729049921036,2,2,0,0,"[{""body_indices"": [0], ""symbol"": ""memset_zero_1D_f32""}]",1,0,0,0.0,4
aten,aten_adaptive_avg_pool2d_backward_cpu,/home/arjaiswal/Polygeist/issues/aten_c_kernels/results/aten_adaptive_avg_pool2d_backward_cpu/debuf.mlir,744b2d2093ca9bbb27281c8ec930e0e89e8a62447459b8695ee99f99b9ec1634,syntactic,1,ok,0,723.7182632088661,0,"[""/usr/bin/python3"", ""/home/arjaiswal/Polygeist/scripts/correctness/kernel_match_rewrite.py"", ""/home/arjaiswal/Polygeist/issues/aten_c_kernels/results/aten_adaptive_avg_pool2d_backward_cpu/debuf.mlir"", ""--dry-run"", ""--matcher-mode"", ""syntactic"", ""--telemetry-json"", ""/home/arjaiswal/Polygeist/issues/equality_saturation_eval/campaign_20260908/aten-aten_adaptive_avg_pool2d_backward_cpu-syntactic-ygxzxxvg.json"", ""--disable-semantic-fallback""]","== match report for /home/arjaiswal/Polygeist/issues/aten_c_kernels/results/aten_adaptive_avg_pool2d_backward_cpu/debuf.mlir ==
  match          body#[0]  memset_zero_1D_f32
  total: 1 matched / 1 bodies
",0,[],0,0,0,0,/home/arjaiswal/Polygeist/issues/aten_c_kernels/results/aten_adaptive_avg_pool2d_backward_cpu/debuf.mlir,4788,0,1,1,272.0041498541832,0,64300,0.016648322343826294,0,2,0,0,"[{""body_indices"": [0], ""symbol"": ""memset_zero_1D_f32""}]",1,0,4,0.0,4
aten,aten_adaptive_avg_pool2d_backward_cpu,/home/arjaiswal/Polygeist/issues/aten_c_kernels/results/aten_adaptive_avg_pool2d_backward_cpu/debuf.mlir,744b2d2093ca9bbb27281c8ec930e0e89e8a62447459b8695ee99f99b9ec1634,syntactic,2,ok,0,722.1115753054619,0,"[""/usr/bin/python3"", ""/home/arjaiswal/Polygeist/scripts/correctness/kernel_match_rewrite.py"", ""/home/arjaiswal/Polygeist/issues/aten_c_kernels/results/aten_adaptive_avg_pool2d_backward_cpu/debuf.mlir"", ""--dry-run"", ""--matcher-mode"", ""syntactic"", ""--telemetry-json"", ""/home/arjaiswal/Polygeist/issues/equality_saturation_eval/campaign_20260908/aten-aten_adaptive_avg_pool2d_backward_cpu-syntactic-95_jlwc3.json"", ""--disable-semantic-fallback""]","== match report for /home/arjaiswal/Polygeist/issues/aten_c_kernels/results/aten_adaptive_avg_pool2d_backward_cpu/debuf.mlir ==
  match          body#[0]  memset_zero_1D_f32
  total: 1 matched / 1 bodies
",0,[],0,0,0,0,/home/arjaiswal/Polygeist/issues/aten_c_kernels/results/aten_adaptive_avg_pool2d_backward_cpu/debuf.mlir,4788,0,1,1,272.3065949976444,0,64576,0.016469508409500122,0,2,0,0,"[{""body_indices"": [0], ""symbol"": ""memset_zero_1D_f32""}]",1,0,4,0.0,4
aten,aten_adaptive_avg_pool2d_backward_cpu,/home/arjaiswal/Polygeist/issues/aten_c_kernels/results/aten_adaptive_avg_pool2d_backward_cpu/debuf.mlir,744b2d2093ca9bbb27281c8ec930e0e89e8a62447459b8695ee99f99b9ec1634,egglog,2,ok,0,775.8564986288548,0,"[""/usr/bin/python3"", ""/home/arjaiswal/Polygeist/scripts/correctness/kernel_match_rewrite.py"", ""/home/arjaiswal/Polygeist/issues/aten_c_kernels/results/aten_adaptive_avg_pool2d_backward_cpu/debuf.mlir"", ""--dry-run"", ""--matcher-mode"", ""egglog"", ""--telemetry-json"", ""/home/arjaiswal/Polygeist/issues/equality_saturation_eval/campaign_20260908/aten-aten_adaptive_avg_pool2d_backward_cpu-egglog-_jc26wdm.json"", ""--disable-semantic-fallback""]","== match report for /home/arjaiswal/Polygeist/issues/aten_c_kernels/results/aten_adaptive_avg_pool2d_backward_cpu/debuf.mlir ==
  match          body#[0]  memset_zero_1D_f32
  total: 1 matched / 1 bodies
",0,[],0,0,0,0,/home/arjaiswal/Polygeist/issues/aten_c_kernels/results/aten_adaptive_avg_pool2d_backward_cpu/debuf.mlir,4788,8,1,1,301.09382048249245,0,69376,20.06247267127037,2,2,0,0,"[{""body_indices"": [0], ""symbol"": ""memset_zero_1D_f32""}]",1,0,0,0.0,4
aten,aten_adaptive_avg_pool2d_backward_cpu,/home/arjaiswal/Polygeist/issues/aten_c_kernels/results/aten_adaptive_avg_pool2d_backward_cpu/debuf.mlir,744b2d2093ca9bbb27281c8ec930e0e89e8a62447459b8695ee99f99b9ec1634,egglog,3,ok,0,776.6144648194313,0,"[""/usr/bin/python3"", ""/home/arjaiswal/Polygeist/scripts/correctness/kernel_match_rewrite.py"", ""/home/arjaiswal/Polygeist/issues/aten_c_kernels/results/aten_adaptive_avg_pool2d_backward_cpu/debuf.mlir"", ""--dry-run"", ""--matcher-mode"", ""egglog"", ""--telemetry-json"", ""/home/arjaiswal/Polygeist/issues/equality_saturation_eval/campaign_20260908/aten-aten_adaptive_avg_pool2d_backward_cpu-egglog-ozbcv5z7.json"", ""--disable-semantic-fallback""]","== match report for /home/arjaiswal/Polygeist/issues/aten_c_kernels/results/aten_adaptive_avg_pool2d_backward_cpu/debuf.mlir ==
  match          body#[0]  memset_zero_1D_f32
  total: 1 matched / 1 bodies
",0,[],0,0,0,0,/home/arjaiswal/Polygeist/issues/aten_c_kernels/results/aten_adaptive_avg_pool2d_backward_cpu/debuf.mlir,4788,8,1,1,312.8131479024887,0,69468,20.85951343178749,2,2,0,0,"[{""body_indices"": [0], ""symbol"": ""memset_zero_1D_f32""}]",1,0,0,0.0,4
aten,aten_adaptive_avg_pool2d_backward_cpu,/home/arjaiswal/Polygeist/issues/aten_c_kernels/results/aten_adaptive_avg_pool2d_backward_cpu/debuf.mlir,744b2d2093ca9bbb27281c8ec930e0e89e8a62447459b8695ee99f99b9ec1634,syntactic,3,ok,0,712.890625,0,"[""/usr/bin/python3"", ""/home/arjaiswal/Polygeist/scripts/correctness/kernel_match_rewrite.py"", ""/home/arjaiswal/Polygeist/issues/aten_c_kernels/results/aten_adaptive_avg_pool2d_backward_cpu/debuf.mlir"", ""--dry-run"", ""--matcher-mode"", ""syntactic"", ""--telemetry-json"", ""/home/arjaiswal/Polygeist/issues/equality_saturation_eval/campaign_20260908/aten-aten_adaptive_avg_pool2d_backward_cpu-syntactic-zf4j3oou.json"", ""--disable-semantic-fallback""]","== match report for /home/arjaiswal/Polygeist/issues/aten_c_kernels/results/aten_adaptive_avg_pool2d_backward_cpu/debuf.mlir ==
  match          body#[0]  memset_zero_1D_f32
  total: 1 matched / 1 bodies
",0,[],0,0,0,0,/home/arjaiswal/Polygeist/issues/aten_c_kernels/results/aten_adaptive_avg_pool2d_backward_cpu/debuf.mlir,4788,0,1,1,270.89786157011986,0,64888,0.018559396266937256,0,2,0,0,"[{""body_indices"": [0], ""symbol"": ""memset_zero_1D_f32""}]",1,0,4,0.0,4
aten,aten_adaptive_avg_pool2d_backward_cpu,/home/arjaiswal/Polygeist/issues/aten_c_kernels/results/aten_adaptive_avg_pool2d_backward_cpu/debuf.mlir,744b2d2093ca9bbb27281c8ec930e0e89e8a62447459b8695ee99f99b9ec1634,syntactic,4,ok,0,747.5399747490883,0,"[""/usr/bin/python3"", ""/home/arjaiswal/Polygeist/scripts/correctness/kernel_match_rewrite.py"", ""/home/arjaiswal/Polygeist/issues/aten_c_kernels/results/aten_adaptive_avg_pool2d_backward_cpu/debuf.mlir"", ""--dry-run"", ""--matcher-mode"", ""syntactic"", ""--telemetry-json"", ""/home/arjaiswal/Polygeist/issues/equality_saturation_eval/campaign_20260908/aten-aten_adaptive_avg_pool2d_backward_cpu-syntactic-kzbfsute.json"", ""--disable-semantic-fallback""]","== match report for /home/arjaiswal/Polygeist/issues/aten_c_kernels/results/aten_adaptive_avg_pool2d_backward_cpu/debuf.mlir ==
  match          body#[0]  memset_zero_1D_f32
  total: 1 matched / 1 bodies
",0,[],0,0,0,0,/home/arjaiswal/Polygeist/issues/aten_c_kernels/results/aten_adaptive_avg_pool2d_backward_cpu/debuf.mlir,4788,0,1,1,299.5780296623707,0,64580,0.01607462763786316,0,2,0,0,"[{""body_indices"": [0], ""symbol"": ""memset_zero_1D_f32""}]",1,0,4,0.0,4
aten,aten_adaptive_avg_pool2d_backward_cpu,/home/arjaiswal/Polygeist/issues/aten_c_kernels/results/aten_adaptive_avg_pool2d_backward_cpu/debuf.mlir,744b2d2093ca9bbb27281c8ec930e0e89e8a62447459b8695ee99f99b9ec1634,egglog,4,ok,0,843.3658182621002,0,"[""/usr/bin/python3"", ""/home/arjaiswal/Polygeist/scripts/correctness/kernel_match_rewrite.py"", ""/home/arjaiswal/Polygeist/issues/aten_c_kernels/results/aten_adaptive_avg_pool2d_backward_cpu/debuf.mlir"", ""--dry-run"", ""--matcher-mode"", ""egglog"", ""--telemetry-json"", ""/home/arjaiswal/Polygeist/issues/equality_saturation_eval/campaign_20260908/aten-aten_adaptive_avg_pool2d_backward_cpu-egglog-6jlb8_lf.json"", ""--disable-semantic-fallback""]","== match report for /home/arjaiswal/Polygeist/issues/aten_c_kernels/results/aten_adaptive_avg_pool2d_backward_cpu/debuf.mlir ==
  match          body#[0]  memset_zero_1D_f32
  total: 1 matched / 1 bodies
",0,[],0,0,0,0,/home/arjaiswal/Polygeist/issues/aten_c_kernels/results/aten_adaptive_avg_pool2d_backward_cpu/debuf.mlir,4788,8,1,1,302.93168500065804,0,69472,21.3276706635952,2,2,0,0,"[{""body_indices"": [0], ""symbol"": ""memset_zero_1D_f32""}]",1,0,0,0.0,4
aten,aten_adaptive_avg_pool2d_backward_cpu,/home/arjaiswal/Polygeist/issues/aten_c_kernels/results/aten_adaptive_avg_pool2d_backward_cpu/debuf.mlir,744b2d2093ca9bbb27281c8ec930e0e89e8a62447459b8695ee99f99b9ec1634,egglog,5,ok,0,846.7622101306915,0,"[""/usr/bin/python3"", ""/home/arjaiswal/Polygeist/scripts/correctness/kernel_match_rewrite.py"", ""/home/arjaiswal/Polygeist/issues/aten_c_kernels/results/aten_adaptive_avg_pool2d_backward_cpu/debuf.mlir"", ""--dry-run"", ""--matcher-mode"", ""egglog"", ""--telemetry-json"", ""/home/arjaiswal/Polygeist/issues/equality_saturation_eval/campaign_20260908/aten-aten_adaptive_avg_pool2d_backward_cpu-egglog-azjx2fdz.json"", ""--disable-semantic-fallback""]","== match report for /home/arjaiswal/Polygeist/issues/aten_c_kernels/results/aten_adaptive_avg_pool2d_backward_cpu/debuf.mlir ==
  match          body#[0]  memset_zero_1D_f32
  total: 1 matched / 1 bodies
",0,[],0,0,0,0,/home/arjaiswal/Polygeist/issues/aten_c_kernels/results/aten_adaptive_avg_pool2d_backward_cpu/debuf.mlir,4788,8,1,1,342.1069271862507,0,69520,23.95421266555786,2,2,0,0,"[{""body_indices"": [0], ""symbol"": ""memset_zero_1D_f32""}]",1,0,0,0.0,4
aten,aten_adaptive_avg_pool2d_backward_cpu,/home/arjaiswal/Polygeist/issues/aten_c_kernels/results/aten_adaptive_avg_pool2d_backward_cpu/debuf.mlir,744b2d2093ca9bbb27281c8ec930e0e89e8a62447459b8695ee99f99b9ec1634,syntactic,5,ok,0,753.5752691328526,0,"[""/usr/bin/python3"", ""/home/arjaiswal/Polygeist/scripts/correctness/kernel_match_rewrite.py"", ""/home/arjaiswal/Polygeist/issues/aten_c_kernels/results/aten_adaptive_avg_pool2d_backward_cpu/debuf.mlir"", ""--dry-run"", ""--matcher-mode"", ""syntactic"", ""--telemetry-json"", ""/home/arjaiswal/Polygeist/issues/equality_saturation_eval/campaign_20260908/aten-aten_adaptive_avg_pool2d_backward_cpu-syntactic-2_qd25_h.json"", ""--disable-semantic-fallback""]","== match report for /home/arjaiswal/Polygeist/issues/aten_c_kernels/results/aten_adaptive_avg_pool2d_backward_cpu/debuf.mlir ==
  match          body#[0]  memset_zero_1D_f32
  total: 1 matched / 1 bodies
",0,[],0,0,0,0,/home/arjaiswal/Polygeist/issues/aten_c_kernels/results/aten_adaptive_avg_pool2d_backward_cpu/debuf.mlir,4788,0,1,1,275.60076490044594,0,64692,0.023309141397476196,0,2,0,0,"[{""body_indices"": [0], ""symbol"": ""memset_zero_1D_f32""}]",1,0,4,0.0,4
aten,aten_adaptive_avg_pool2d_cpu,/home/arjaiswal/Polygeist/issues/aten_c_kernels/results/aten_adaptive_avg_pool2d_cpu/debuf.mlir,10dac0670973119f7215932af3d3224ef00d65723ec26f492c3b11d023dd80d0,syntactic,1,ok,0,770.4475745558739,0,"[""/usr/bin/python3"", ""/home/arjaiswal/Polygeist/scripts/correctness/kernel_match_rewrite.py"", ""/home/arjaiswal/Polygeist/issues/aten_c_kernels/results/aten_adaptive_avg_pool2d_cpu/debuf.mlir"", ""--dry-run"", ""--matcher-mode"", ""syntactic"", ""--telemetry-json"", ""/home/arjaiswal/Polygeist/issues/equality_saturation_eval/campaign_20260908/aten-aten_adaptive_avg_pool2d_cpu-syntactic-s_5o29cn.json"", ""--disable-semantic-fallback""]","== match report for /home/arjaiswal/Polygeist/issues/aten_c_kernels/results/aten_adaptive_avg_pool2d_cpu/debuf.mlir ==
  no_match       body#0  ?
  total: 0 matched / 1 bodies
",0,[],0,0,0,0,/home/arjaiswal/Polygeist/issues/aten_c_kernels/results/aten_adaptive_avg_pool2d_cpu/debuf.mlir,6035,0,1,0,298.1359325349331,1,65584,0.0,0,0,0,0,[],0,0,0,0.0,0
aten,aten_adaptive_avg_pool2d_cpu,/home/arjaiswal/Polygeist/issues/aten_c_kernels/results/aten_adaptive_avg_pool2d_cpu/debuf.mlir,10dac0670973119f7215932af3d3224ef00d65723ec26f492c3b11d023dd80d0,egglog,1,ok,0,748.4034225344658,0,"[""/usr/bin/python3"", ""/home/arjaiswal/Polygeist/scripts/correctness/kernel_match_rewrite.py"", ""/home/arjaiswal/Polygeist/issues/aten_c_kernels/results/aten_adaptive_avg_pool2d_cpu/debuf.mlir"", ""--dry-run"", ""--matcher-mode"", ""egglog"", ""--telemetry-json"", ""/home/arjaiswal/Polygeist/issues/equality_saturation_eval/campaign_20260908/aten-aten_adaptive_avg_pool2d_cpu-egglog-tgrks827.json"", ""--disable-semantic-fallback""]","== match report for /home/arjaiswal/Polygeist/issues/aten_c_kernels/results/aten_adaptive_avg_pool2d_cpu/debuf.mlir ==
  no_match       body#0  ?
  total: 0 matched / 1 bodies
",0,[],0,0,0,0,/home/arjaiswal/Polygeist/issues/aten_c_kernels/results/aten_adaptive_avg_pool2d_cpu/debuf.mlir,6035,8,1,0,289.33145105838776,1,65568,0.0,0,0,0,0,[],0,0,0,0.0,0
aten,aten_adaptive_avg_pool2d_cpu,/home/arjaiswal/Polygeist/issues/aten_c_kernels/results/aten_adaptive_avg_pool2d_cpu/debuf.mlir,10dac0670973119f7215932af3d3224ef00d65723ec26f492c3b11d023dd80d0,egglog,2,ok,0,789.5703427493572,0,"[""/usr/bin/python3"", ""/home/arjaiswal/Polygeist/scripts/correctness/kernel_match_rewrite.py"", ""/home/arjaiswal/Polygeist/issues/aten_c_kernels/results/aten_adaptive_avg_pool2d_cpu/debuf.mlir"", ""--dry-run"", ""--matcher-mode"", ""egglog"", ""--telemetry-json"", ""/home/arjaiswal/Polygeist/issues/equality_saturation_eval/campaign_20260908/aten-aten_adaptive_avg_pool2d_cpu-egglog-1nrfu6d6.json"", ""--disable-semantic-fallback""]","== match report for /home/arjaiswal/Polygeist/issues/aten_c_kernels/results/aten_adaptive_avg_pool2d_cpu/debuf.mlir ==
  no_match       body#0  ?
  total: 0 matched / 1 bodies
",0,[],0,0,0,0,/home/arjaiswal/Polygeist/issues/aten_c_kernels/results/aten_adaptive_avg_pool2d_cpu/debuf.mlir,6035,8,1,0,329.116765409708,1,65560,0.0,0,0,0,0,[],0,0,0,0.0,0
aten,aten_adaptive_avg_pool2d_cpu,/home/arjaiswal/Polygeist/issues/aten_c_kernels/results/aten_adaptive_avg_pool2d_cpu/debuf.mlir,10dac0670973119f7215932af3d3224ef00d65723ec26f492c3b11d023dd80d0,syntactic,2,ok,0,724.1215817630291,0,"[""/usr/bin/python3"", ""/home/arjaiswal/Polygeist/scripts/correctness/kernel_match_rewrite.py"", ""/home/arjaiswal/Polygeist/issues/aten_c_kernels/results/aten_adaptive_avg_pool2d_cpu/debuf.mlir"", ""--dry-run"", ""--matcher-mode"", ""syntactic"", ""--telemetry-json"", ""/home/arjaiswal/Polygeist/issues/equality_saturation_eval/campaign_20260908/aten-aten_adaptive_avg_pool2d_cpu-syntactic-4qupgpj9.json"", ""--disable-semantic-fallback""]","== match report for /home/arjaiswal/Polygeist/issues/aten_c_kernels/results/aten_adaptive_avg_pool2d_cpu/debuf.mlir ==
  no_match       body#0  ?
  total: 0 matched / 1 bodies
",0,[],0,0,0,0,/home/arjaiswal/Polygeist/issues/aten_c_kernels/results/aten_adaptive_avg_pool2d_cpu/debuf.mlir,6035,0,1,0,282.2682335972786,1,65764,0.0,0,0,0,0,[],0,0,0,0.0,0
aten,aten_adaptive_avg_pool2d_cpu,/home/arjaiswal/Polygeist/issues/aten_c_kernels/results/aten_adaptive_avg_pool2d_cpu/debuf.mlir,10dac0670973119f7215932af3d3224ef00d65723ec26f492c3b11d023dd80d0,syntactic,3,ok,0,803.9934262633324,0,"[""/usr/bin/python3"", ""/home/arjaiswal/Polygeist/scripts/correctness/kernel_match_rewrite.py"", ""/home/arjaiswal/Polygeist/issues/aten_c_kernels/results/aten_adaptive_avg_pool2d_cpu/debuf.mlir"", ""--dry-run"", ""--matcher-mode"", ""syntactic"", ""--telemetry-json"", ""/home/arjaiswal/Polygeist/issues/equality_saturation_eval/campaign_20260908/aten-aten_adaptive_avg_pool2d_cpu-syntactic-_lwpitre.json"", ""--disable-semantic-fallback""]","== match report for /home/arjaiswal/Polygeist/issues/aten_c_kernels/results/aten_adaptive_avg_pool2d_cpu/debuf.mlir ==
  no_match       body#0  ?
  total: 0 matched / 1 bodies
",0,[],0,0,0,0,/home/arjaiswal/Polygeist/issues/aten_c_kernels/results/aten_adaptive_avg_pool2d_cpu/debuf.mlir,6035,0,1,0,284.13860127329826,1,65612,0.0,0,0,0,0,[],0,0,0,0.0,0
aten,aten_adaptive_avg_pool2d_cpu,/home/arjaiswal/Polygeist/issues/aten_c_kernels/results/aten_adaptive_avg_pool2d_cpu/debuf.mlir,10dac0670973119f7215932af3d3224ef00d65723ec26f492c3b11d023dd80d0,egglog,3,ok,0,855.4122932255268,0,"[""/usr/bin/python3"", ""/home/arjaiswal/Polygeist/scripts/correctness/kernel_match_rewrite.py"", ""/home/arjaiswal/Polygeist/issues/aten_c_kernels/results/aten_adaptive_avg_pool2d_cpu/debuf.mlir"", ""--dry-run"", ""--matcher-mode"", ""egglog"", ""--telemetry-json"", ""/home/arjaiswal/Polygeist/issues/equality_saturation_eval/campaign_20260908/aten-aten_adaptive_avg_pool2d_cpu-egglog-ue1nyqy_.json"", ""--disable-semantic-fallback""]","== match report for /home/arjaiswal/Polygeist/issues/aten_c_kernels/results/aten_adaptive_avg_pool2d_cpu/debuf.mlir ==
  no_match       body#0  ?
  total: 0 matched / 1 bodies
",0,[],0,0,0,0,/home/arjaiswal/Polygeist/issues/aten_c_kernels/results/aten_adaptive_avg_pool2d_cpu/debuf.mlir,6035,8,1,0,359.4778887927532,1,65792,0.0,0,0,0,0,[],0,0,0,0.0,0
aten,aten_adaptive_avg_pool2d_cpu,/home/arjaiswal/Polygeist/issues/aten_c_kernels/results/aten_adaptive_avg_pool2d_cpu/debuf.mlir,10dac0670973119f7215932af3d3224ef00d65723ec26f492c3b11d023dd80d0,egglog,4,ok,0,763.2648982107639,0,"[""/usr/bin/python3"", ""/home/arjaiswal/Polygeist/scripts/correctness/kernel_match_rewrite.py"", ""/home/arjaiswal/Polygeist/issues/aten_c_kernels/results/aten_adaptive_avg_pool2d_cpu/debuf.mlir"", ""--dry-run"", ""--matcher-mode"", ""egglog"", ""--telemetry-json"", ""/home/arjaiswal/Polygeist/issues/equality_saturation_eval/campaign_20260908/aten-aten_adaptive_avg_pool2d_cpu-egglog-f7k23nd8.json"", ""--disable-semantic-fallback""]","== match report for /home/arjaiswal/Polygeist/issues/aten_c_kernels/results/aten_adaptive_avg_pool2d_cpu/debuf.mlir ==
  no_match       body#0  ?
  total: 0 matched / 1 bodies
",0,[],0,0,0,0,/home/arjaiswal/Polygeist/issues/aten_c_kernels/results/aten_adaptive_avg_pool2d_cpu/debuf.mlir,6035,8,1,0,303.7217892706394,1,65616,0.0,0,0,0,0,[],0,0,0,0.0,0
aten,aten_adaptive_avg_pool2d_cpu,/home/arjaiswal/Polygeist/issues/aten_c_kernels/results/aten_adaptive_avg_pool2d_cpu/debuf.mlir,10dac0670973119f7215932af3d3224ef00d65723ec26f492c3b11d023dd80d0,syntactic,4,ok,0,726.4660969376564,0,"[""/usr/bin/python3"", ""/home/arjaiswal/Polygeist/scripts/correctness/kernel_match_rewrite.py"", ""/home/arjaiswal/Polygeist/issues/aten_c_kernels/results/aten_adaptive_avg_pool2d_cpu/debuf.mlir"", ""--dry-run"", ""--matcher-mode"", ""syntactic"", ""--telemetry-json"", ""/home/arjaiswal/Polygeist/issues/equality_saturation_eval/campaign_20260908/aten-aten_adaptive_avg_pool2d_cpu-syntactic-0uci8n37.json"", ""--disable-semantic-fallback""]","== match report for /home/arjaiswal/Polygeist/issues/aten_c_kernels/results/aten_adaptive_avg_pool2d_cpu/debuf.mlir ==
  no_match       body#0  ?
  total: 0 matched / 1 bodies
",0,[],0,0,0,0,/home/arjaiswal/Polygeist/issues/aten_c_kernels/results/aten_adaptive_avg_pool2d_cpu/debuf.mlir,6035,0,1,0,284.7684659063816,1,65724,0.0,0,0,0,0,[],0,0,0,0.0,0
aten,aten_adaptive_avg_pool2d_cpu,/home/arjaiswal/Polygeist/issues/aten_c_kernels/results/aten_adaptive_avg_pool2d_cpu/debuf.mlir,10dac0670973119f7215932af3d3224ef00d65723ec26f492c3b11d023dd80d0,syntactic,5,ok,0,839.8859277367592,0,"[""/usr/bin/python3"", ""/home/arjaiswal/Polygeist/scripts/correctness/kernel_match_rewrite.py"", ""/home/arjaiswal/Polygeist/issues/aten_c_kernels/results/aten_adaptive_avg_pool2d_cpu/debuf.mlir"", ""--dry-run"", ""--matcher-mode"", ""syntactic"", ""--telemetry-json"", ""/home/arjaiswal/Polygeist/issues/equality_saturation_eval/campaign_20260908/aten-aten_adaptive_avg_pool2d_cpu-syntactic-nmcp9oc1.json"", ""--disable-semantic-fallback""]","== match report for /home/arjaiswal/Polygeist/issues/aten_c_kernels/results/aten_adaptive_avg_pool2d_cpu/debuf.mlir ==
  no_match       body#0  ?
  total: 0 matched / 1 bodies
",0,[],0,0,0,0,/home/arjaiswal/Polygeist/issues/aten_c_kernels/results/aten_adaptive_avg_pool2d_cpu/debuf.mlir,6035,0,1,0,311.6307854652405,1,65424,0.0,0,0,0,0,[],0,0,0,0.0,0
aten,aten_adaptive_avg_pool2d_cpu,/home/arjaiswal/Polygeist/issues/aten_c_kernels/results/aten_adaptive_avg_pool2d_cpu/debuf.mlir,10dac0670973119f7215932af3d3224ef00d65723ec26f492c3b11d023dd80d0,egglog,5,ok,0,773.6176960170269,0,"[""/usr/bin/python3"", ""/home/arjaiswal/Polygeist/scripts/correctness/kernel_match_rewrite.py"", ""/home/arjaiswal/Polygeist/issues/aten_c_kernels/results/aten_adaptive_avg_pool2d_cpu/debuf.mlir"", ""--dry-run"", ""--matcher-mode"", ""egglog"", ""--telemetry-json"", ""/home/arjaiswal/Polygeist/issues/equality_saturation_eval/campaign_20260908/aten-aten_adaptive_avg_pool2d_cpu-egglog-d_jk0016.json"", ""--disable-semantic-fallback""]","== match report for /home/arjaiswal/Polygeist/issues/aten_c_kernels/results/aten_adaptive_avg_pool2d_cpu/debuf.mlir ==
  no_match       body#0  ?
  total: 0 matched / 1 bodies
",0,[],0,0,0,0,/home/arjaiswal/Polygeist/issues/aten_c_kernels/results/aten_adaptive_avg_pool2d_cpu/debuf.mlir,6035,8,1,0,298.8097742199898,1,65688,0.0,0,0,0,0,[],0,0,0,0.0,0
aten,aten_adaptive_avg_pool3d,/home/arjaiswal/Polygeist/issues/aten_c_kernels/results/aten_adaptive_avg_pool3d/debuf.mlir,7680ffbc480895627e101461edbe74244e7cce7ad03a8bca72b6adb6e9b0465c,egglog,1,ok,0,809.3103393912315,0,"[""/usr/bin/python3"", ""/home/arjaiswal/Polygeist/scripts/correctness/kernel_match_rewrite.py"", ""/home/arjaiswal/Polygeist/issues/aten_c_kernels/results/aten_adaptive_avg_pool3d/debuf.mlir"", ""--dry-run"", ""--matcher-mode"", ""egglog"", ""--telemetry-json"", ""/home/arjaiswal/Polygeist/issues/equality_saturation_eval/campaign_20260908/aten-aten_adaptive_avg_pool3d-egglog-wruz8ywe.json"", ""--disable-semantic-fallback""]","== match report for /home/arjaiswal/Polygeist/issues/aten_c_kernels/results/aten_adaptive_avg_pool3d/debuf.mlir ==
  match          body#[0, 1]  cudnnAveragePool_f32_r5
  total: 1 matched / 1 bodies
",0,[],0,0,0,0,/home/arjaiswal/Polygeist/issues/aten_c_kernels/results/aten_adaptive_avg_pool3d/debuf.mlir,3309,8,2,2,331.38493821024895,0,69468,49.6227964758873,4,4,0,4,"[{""body_indices"": [0, 1], ""symbol"": ""cudnnAveragePool_f32_r5""}]",1,0,0,0.0,4
aten,aten_adaptive_avg_pool3d,/home/arjaiswal/Polygeist/issues/aten_c_kernels/results/aten_adaptive_avg_pool3d/debuf.mlir,7680ffbc480895627e101461edbe74244e7cce7ad03a8bca72b6adb6e9b0465c,syntactic,1,ok,0,760.6413401663303,0,"[""/usr/bin/python3"", ""/home/arjaiswal/Polygeist/scripts/correctness/kernel_match_rewrite.py"", ""/home/arjaiswal/Polygeist/issues/aten_c_kernels/results/aten_adaptive_avg_pool3d/debuf.mlir"", ""--dry-run"", ""--matcher-mode"", ""syntactic"", ""--telemetry-json"", ""/home/arjaiswal/Polygeist/issues/equality_saturation_eval/campaign_20260908/aten-aten_adaptive_avg_pool3d-syntactic-hil8_cwp.json"", ""--disable-semantic-fallback""]","== match report for /home/arjaiswal/Polygeist/issues/aten_c_kernels/results/aten_adaptive_avg_pool3d/debuf.mlir ==
  match          body#[0, 1]  cudnnAveragePool_f32_r5
  total: 1 matched / 1 bodies
",0,[],0,0,0,0,/home/arjaiswal/Polygeist/issues/aten_c_kernels/results/aten_adaptive_avg_pool3d/debuf.mlir,3309,0,2,2,282.0820063352585,0,64700,0.029809772968292236,0,4,0,0,"[{""body_indices"": [0, 1], ""symbol"": ""cudnnAveragePool_f32_r5""}]",1,0,4,0.0,4
aten,aten_adaptive_avg_pool3d,/home/arjaiswal/Polygeist/issues/aten_c_kernels/results/aten_adaptive_avg_pool3d/debuf.mlir,7680ffbc480895627e101461edbe74244e7cce7ad03a8bca72b6adb6e9b0465c,syntactic,2,ok,0,758.3584412932396,0,"[""/usr/bin/python3"", ""/home/arjaiswal/Polygeist/scripts/correctness/kernel_match_rewrite.py"", ""/home/arjaiswal/Polygeist/issues/aten_c_kernels/results/aten_adaptive_avg_pool3d/debuf.mlir"", ""--dry-run"", ""--matcher-mode"", ""syntactic"", ""--telemetry-json"", ""/home/arjaiswal/Polygeist/issues/equality_saturation_eval/campaign_20260908/aten-aten_adaptive_avg_pool3d-syntactic-kjgo0cpj.json"", ""--disable-semantic-fallback""]","== match report for /home/arjaiswal/Polygeist/issues/aten_c_kernels/results/aten_adaptive_avg_pool3d/debuf.mlir ==
  match          body#[0, 1]  cudnnAveragePool_f32_r5
  total: 1 matched / 1 bodies
",0,[],0,0,0,0,/home/arjaiswal/Polygeist/issues/aten_c_kernels/results/aten_adaptive_avg_pool3d/debuf.mlir,3309,0,2,2,290.65435007214546,0,64592,0.03621727228164673,0,4,0,0,"[{""body_indices"": [0, 1], ""symbol"": ""cudnnAveragePool_f32_r5""}]",1,0,4,0.0,4
aten,aten_adaptive_avg_pool3d,/home/arjaiswal/Polygeist/issues/aten_c_kernels/results/aten_adaptive_avg_pool3d/debuf.mlir,7680ffbc480895627e101461edbe74244e7cce7ad03a8bca72b6adb6e9b0465c,egglog,2,ok,0,783.7109044194221,0,"[""/usr/bin/python3"", ""/home/arjaiswal/Polygeist/scripts/correctness/kernel_match_rewrite.py"", ""/home/arjaiswal/Polygeist/issues/aten_c_kernels/results/aten_adaptive_avg_pool3d/debuf.mlir"", ""--dry-run"", ""--matcher-mode"", ""egglog"", ""--telemetry-json"", ""/home/arjaiswal/Polygeist/issues/equality_saturation_eval/campaign_20260908/aten-aten_adaptive_avg_pool3d-egglog-2tovyqxi.json"", ""--disable-semantic-fallback""]","== match report for /home/arjaiswal/Polygeist/issues/aten_c_kernels/results/aten_adaptive_avg_pool3d/debuf.mlir ==
  match          body#[0, 1]  cudnnAveragePool_f32_r5
  total: 1 matched / 1 bodies
",0,[],0,0,0,0,/home/arjaiswal/Polygeist/issues/aten_c_kernels/results/aten_adaptive_avg_pool3d/debuf.mlir,3309,8,2,2,335.68093553185463,0,69452,42.31101647019386,4,4,0,4,"[{""body_indices"": [0, 1], ""symbol"": ""cudnnAveragePool_f32_r5""}]",1,0,0,0.0,4
aten,aten_adaptive_avg_pool3d,/home/arjaiswal/Polygeist/issues/aten_c_kernels/results/aten_adaptive_avg_pool3d/debuf.mlir,7680ffbc480895627e101461edbe74244e7cce7ad03a8bca72b6adb6e9b0465c,egglog,3,ok,0,754.3352916836739,0,"[""/usr/bin/python3"", ""/home/arjaiswal/Polygeist/scripts/correctness/kernel_match_rewrite.py"", ""/home/arjaiswal/Polygeist/issues/aten_c_kernels/results/aten_adaptive_avg_pool3d/debuf.mlir"", ""--dry-run"", ""--matcher-mode"", ""egglog"", ""--telemetry-json"", ""/home/arjaiswal/Polygeist/issues/equality_saturation_eval/campaign_20260908/aten-aten_adaptive_avg_pool3d-egglog-gjjnmnvz.json"", ""--disable-semantic-fallback""]","== match report for /home/arjaiswal/Polygeist/issues/aten_c_kernels/results/aten_adaptive_avg_pool3d/debuf.mlir ==
  match          body#[0, 1]  cudnnAveragePool_f32_r5
  total: 1 matched / 1 bodies
",0,[],0,0,0,0,/home/arjaiswal/Polygeist/issues/aten_c_kernels/results/aten_adaptive_avg_pool3d/debuf.mlir,3309,8,2,2,319.04425472021103,0,69336,42.33132675290108,4,4,0,4,"[{""body_indices"": [0, 1], ""symbol"": ""cudnnAveragePool_f32_r5""}]",1,0,0,0.0,4
aten,aten_adaptive_avg_pool3d,/home/arjaiswal/Polygeist/issues/aten_c_kernels/results/aten_adaptive_avg_pool3d/debuf.mlir,7680ffbc480895627e101461edbe74244e7cce7ad03a8bca72b6adb6e9b0465c,syntactic,3,ok,0,740.9631945192814,0,"[""/usr/bin/python3"", ""/home/arjaiswal/Polygeist/scripts/correctness/kernel_match_rewrite.py"", ""/home/arjaiswal/Polygeist/issues/aten_c_kernels/results/aten_adaptive_avg_pool3d/debuf.mlir"", ""--dry-run"", ""--matcher-mode"", ""syntactic"", ""--telemetry-json"", ""/home/arjaiswal/Polygeist/issues/equality_saturation_eval/campaign_20260908/aten-aten_adaptive_avg_pool3d-syntactic-ehqh4bj4.json"", ""--disable-semantic-fallback""]","== match report for /home/arjaiswal/Polygeist/issues/aten_c_kernels/results/aten_adaptive_avg_pool3d/debuf.mlir ==
  match          body#[0, 1]  cudnnAveragePool_f32_r5
  total: 1 matched / 1 bodies
",0,[],0,0,0,0,/home/arjaiswal/Polygeist/issues/aten_c_kernels/results/aten_adaptive_avg_pool3d/debuf.mlir,3309,0,2,2,298.81470277905464,0,64924,0.026755034923553467,0,4,0,0,"[{""body_indices"": [0, 1], ""symbol"": ""cudnnAveragePool_f32_r5""}]",1,0,4,0.0,4
aten,aten_adaptive_avg_pool3d,/home/arjaiswal/Polygeist/issues/aten_c_kernels/results/aten_adaptive_avg_pool3d/debuf.mlir,7680ffbc480895627e101461edbe74244e7cce7ad03a8bca72b6adb6e9b0465c,syntactic,4,ok,0,712.4994993209839,0,"[""/usr/bin/python3"", ""/home/arjaiswal/Polygeist/scripts/correctness/kernel_match_rewrite.py"", ""/home/arjaiswal/Polygeist/issues/aten_c_kernels/results/aten_adaptive_avg_pool3d/debuf.mlir"", ""--dry-run"", ""--matcher-mode"", ""syntactic"", ""--telemetry-json"", ""/home/arjaiswal/Polygeist/issues/equality_saturation_eval/campaign_20260908/aten-aten_adaptive_avg_pool3d-syntactic-d9lkezr4.json"", ""--disable-semantic-fallback""]","== match report for /home/arjaiswal/Polygeist/issues/aten_c_kernels/results/aten_adaptive_avg_pool3d/debuf.mlir ==
  match          body#[0, 1]  cudnnAveragePool_f32_r5
  total: 1 matched / 1 bodies
",0,[],0,0,0,0,/home/arjaiswal/Polygeist/issues/aten_c_kernels/results/aten_adaptive_avg_pool3d/debuf.mlir,3309,0,2,2,273.402601480484,0,64420,0.02711266279220581,0,4,0,0,"[{""body_indices"": [0, 1], ""symbol"": ""cudnnAveragePool_f32_r5""}]",1,0,4,0.0,4
aten,aten_adaptive_avg_pool3d,/home/arjaiswal/Polygeist/issues/aten_c_kernels/results/aten_adaptive_avg_pool3d/debuf.mlir,7680ffbc480895627e101461edbe74244e7cce7ad03a8bca72b6adb6e9b0465c,egglog,4,ok,0,900.3555215895176,0,"[""/usr/bin/python3"", ""/home/arjaiswal/Polygeist/scripts/correctness/kernel_match_rewrite.py"", ""/home/arjaiswal/Polygeist/issues/aten_c_kernels/results/aten_adaptive_avg_pool3d/debuf.mlir"", ""--dry-run"", ""--matcher-mode"", ""egglog"", ""--telemetry-json"", ""/home/arjaiswal/Polygeist/issues/equality_saturation_eval/campaign_20260908/aten-aten_adaptive_avg_pool3d-egglog-i_hq5gnf.json"", ""--disable-semantic-fallback""]","== match report for /home/arjaiswal/Polygeist/issues/aten_c_kernels/results/aten_adaptive_avg_pool3d/debuf.mlir ==
  match          body#[0, 1]  cudnnAveragePool_f32_r5
  total: 1 matched / 1 bodies
",0,[],0,0,0,0,/home/arjaiswal/Polygeist/issues/aten_c_kernels/results/aten_adaptive_avg_pool3d/debuf.mlir,3309,8,2,2,333.36829766631126,0,69396,42.33723133802414,4,4,0,4,"[{""body_indices"": [0, 1], ""symbol"": ""cudnnAveragePool_f32_r5""}]",1,0,0,0.0,4
aten,aten_adaptive_avg_pool3d,/home/arjaiswal/Polygeist/issues/aten_c_kernels/results/aten_adaptive_avg_pool3d/debuf.mlir,7680ffbc480895627e101461edbe74244e7cce7ad03a8bca72b6adb6e9b0465c,egglog,5,ok,0,754.7024749219418,0,"[""/usr/bin/python3"", ""/home/arjaiswal/Polygeist/scripts/correctness/kernel_match_rewrite.py"", ""/home/arjaiswal/Polygeist/issues/aten_c_kernels/results/aten_adaptive_avg_pool3d/debuf.mlir"", ""--dry-run"", ""--matcher-mode"", ""egglog"", ""--telemetry-json"", ""/home/arjaiswal/Polygeist/issues/equality_saturation_eval/campaign_20260908/aten-aten_adaptive_avg_pool3d-egglog-wmmf91nz.json"", ""--disable-semantic-fallback""]","== match report for /home/arjaiswal/Polygeist/issues/aten_c_kernels/results/aten_adaptive_avg_pool3d/debuf.mlir ==
  match          body#[0, 1]  cudnnAveragePool_f32_r5
  total: 1 matched / 1 bodies
",0,[],0,0,0,0,/home/arjaiswal/Polygeist/issues/aten_c_kernels/results/aten_adaptive_avg_pool3d/debuf.mlir,3309,8,2,2,318.1256651878357,0,69432,41.94474220275879,4,4,0,4,"[{""body_indices"": [0, 1], ""symbol"": ""cudnnAveragePool_f32_r5""}]",1,0,0,0.0,4
aten,aten_adaptive_avg_pool3d,/home/arjaiswal/Polygeist/issues/aten_c_kernels/results/aten_adaptive_avg_pool3d/debuf.mlir,7680ffbc480895627e101461edbe74244e7cce7ad03a8bca72b6adb6e9b0465c,syntactic,5,ok,0,739.1930669546127,0,"[""/usr/bin/python3"", ""/home/arjaiswal/Polygeist/scripts/correctness/kernel_match_rewrite.py"", ""/home/arjaiswal/Polygeist/issues/aten_c_kernels/results/aten_adaptive_avg_pool3d/debuf.mlir"", ""--dry-run"", ""--matcher-mode"", ""syntactic"", ""--telemetry-json"", ""/home/arjaiswal/Polygeist/issues/equality_saturation_eval/campaign_20260908/aten-aten_adaptive_avg_pool3d-syntactic-n_swua0_.json"", ""--disable-semantic-fallback""]","== match report for /home/arjaiswal/Polygeist/issues/aten_c_kernels/results/aten_adaptive_avg_pool3d/debuf.mlir ==
  match          body#[0, 1]  cudnnAveragePool_f32_r5
  total: 1 matched / 1 bodies
",0,[],0,0,0,0,/home/arjaiswal/Polygeist/issues/aten_c_kernels/results/aten_adaptive_avg_pool3d/debuf.mlir,3309,0,2,2,286.5244783461094,0,64676,0.031676143407821655,0,4,0,0,"[{""body_indices"": [0, 1], ""symbol"": ""cudnnAveragePool_f32_r5""}]",1,0,4,0.0,4
aten,aten_adaptive_avg_pool3d_backward_cpu,/home/arjaiswal/Polygeist/issues/aten_c_kernels/results/aten_adaptive_avg_pool3d_backward_cpu/debuf.mlir,6e507e6da12a6af960857054dace5381de2ebedd04b7634321c8023af9cbf0dc,syntactic,1,ok,0,703.7490345537663,0,"[""/usr/bin/python3"", ""/home/arjaiswal/Polygeist/scripts/correctness/kernel_match_rewrite.py"", ""/home/arjaiswal/Polygeist/issues/aten_c_kernels/results/aten_adaptive_avg_pool3d_backward_cpu/debuf.mlir"", ""--dry-run"", ""--matcher-mode"", ""syntactic"", ""--telemetry-json"", ""/home/arjaiswal/Polygeist/issues/equality_saturation_eval/campaign_20260908/aten-aten_adaptive_avg_pool3d_backward_cpu-syntactic-9v2vfq3g.json"", ""--disable-semantic-fallback""]","== match report for /home/arjaiswal/Polygeist/issues/aten_c_kernels/results/aten_adaptive_avg_pool3d_backward_cpu/debuf.mlir ==
  match          body#[0]  memset_zero_1D_f32
  total: 1 matched / 1 bodies
",0,[],0,0,0,0,/home/arjaiswal/Polygeist/issues/aten_c_kernels/results/aten_adaptive_avg_pool3d_backward_cpu/debuf.mlir,6599,0,1,1,269.5710211992264,0,64676,0.01642480492591858,0,2,0,0,"[{""body_indices"": [0], ""symbol"": ""memset_zero_1D_f32""}]",1,0,4,0.0,4
aten,aten_adaptive_avg_pool3d_backward_cpu,/home/arjaiswal/Polygeist/issues/aten_c_kernels/results/aten_adaptive_avg_pool3d_backward_cpu/debuf.mlir,6e507e6da12a6af960857054dace5381de2ebedd04b7634321c8023af9cbf0dc,egglog,1,ok,0,791.4325445890427,0,"[""/usr/bin/python3"", ""/home/arjaiswal/Polygeist/scripts/correctness/kernel_match_rewrite.py"", ""/home/arjaiswal/Polygeist/issues/aten_c_kernels/results/aten_adaptive_avg_pool3d_backward_cpu/debuf.mlir"", ""--dry-run"", ""--matcher-mode"", ""egglog"", ""--telemetry-json"", ""/home/arjaiswal/Polygeist/issues/equality_saturation_eval/campaign_20260908/aten-aten_adaptive_avg_pool3d_backward_cpu-egglog-dgomhkzu.json"", ""--disable-semantic-fallback""]","== match report for /home/arjaiswal/Polygeist/issues/aten_c_kernels/results/aten_adaptive_avg_pool3d_backward_cpu/debuf.mlir ==
  match          body#[0]  memset_zero_1D_f32
  total: 1 matched / 1 bodies
",0,[],0,0,0,0,/home/arjaiswal/Polygeist/issues/aten_c_kernels/results/aten_adaptive_avg_pool3d_backward_cpu/debuf.mlir,6599,8,1,1,315.8971443772316,0,69300,21.096471697092056,2,2,0,0,"[{""body_indices"": [0], ""symbol"": ""memset_zero_1D_f32""}]",1,0,0,0.0,4
aten,aten_adaptive_avg_pool3d_backward_cpu,/home/arjaiswal/Polygeist/issues/aten_c_kernels/results/aten_adaptive_avg_pool3d_backward_cpu/debuf.mlir,6e507e6da12a6af960857054dace5381de2ebedd04b7634321c8023af9cbf0dc,egglog,2,ok,0,748.9748634397984,0,"[""/usr/bin/python3"", ""/home/arjaiswal/Polygeist/scripts/correctness/kernel_match_rewrite.py"", ""/home/arjaiswal/Polygeist/issues/aten_c_kernels/results/aten_adaptive_avg_pool3d_backward_cpu/debuf.mlir"", ""--dry-run"", ""--matcher-mode"", ""egglog"", ""--telemetry-json"", ""/home/arjaiswal/Polygeist/issues/equality_saturation_eval/campaign_20260908/aten-aten_adaptive_avg_pool3d_backward_cpu-egglog-whp7hnms.json"", ""--disable-semantic-fallback""]","== match report for /home/arjaiswal/Polygeist/issues/aten_c_kernels/results/aten_adaptive_avg_pool3d_backward_cpu/debuf.mlir ==
  match          body#[0]  memset_zero_1D_f32
  total: 1 matched / 1 bodies
",0,[],0,0,0,0,/home/arjaiswal/Polygeist/issues/aten_c_kernels/results/aten_adaptive_avg_pool3d_backward_cpu/debuf.mlir,6599,8,1,1,300.6049655377865,0,69320,21.29381150007248,2,2,0,0,"[{""body_indices"": [0], ""symbol"": ""memset_zero_1D_f32""}]",1,0,0,0.0,4
aten,aten_adaptive_avg_pool3d_backward_cpu,/home/arjaiswal/Polygeist/issues/aten_c_kernels/results/aten_adaptive_avg_pool3d_backward_cpu/debuf.mlir,6e507e6da12a6af960857054dace5381de2ebedd04b7634321c8023af9cbf0dc,syntactic,2,ok,0,750.4892349243164,0,"[""/usr/bin/python3"", ""/home/arjaiswal/Polygeist/scripts/correctness/kernel_match_rewrite.py"", ""/home/arjaiswal/Polygeist/issues/aten_c_kernels/results/aten_adaptive_avg_pool3d_backward_cpu/debuf.mlir"", ""--dry-run"", ""--matcher-mode"", ""syntactic"", ""--telemetry-json"", ""/home/arjaiswal/Polygeist/issues/equality_saturation_eval/campaign_20260908/aten-aten_adaptive_avg_pool3d_backward_cpu-syntactic-41tzy0jn.json"", ""--disable-semantic-fallback""]","== match report for /home/arjaiswal/Polygeist/issues/aten_c_kernels/results/aten_adaptive_avg_pool3d_backward_cpu/debuf.mlir ==
  match          body#[0]  memset_zero_1D_f32
  total: 1 matched / 1 bodies
",0,[],0,0,0,0,/home/arjaiswal/Polygeist/issues/aten_c_kernels/results/aten_adaptive_avg_pool3d_backward_cpu/debuf.mlir,6599,0,1,1,284.33798626065254,0,64604,0.017061829566955566,0,2,0,0,"[{""body_indices"": [0], ""symbol"": ""memset_zero_1D_f32""}]",1,0,4,0.0,4
aten,aten_adaptive_avg_pool3d_backward_cpu,/home/arjaiswal/Polygeist/issues/aten_c_kernels/results/aten_adaptive_avg_pool3d_backward_cpu/debuf.mlir,6e507e6da12a6af960857054dace5381de2ebedd04b7634321c8023af9cbf0dc,syntactic,3,ok,0,862.5308685004711,0,"[""/usr/bin/python3"", ""/home/arjaiswal/Polygeist/scripts/correctness/kernel_match_rewrite.py"", ""/home/arjaiswal/Polygeist/issues/aten_c_kernels/results/aten_adaptive_avg_pool3d_backward_cpu/debuf.mlir"", ""--dry-run"", ""--matcher-mode"", ""syntactic"", ""--telemetry-json"", ""/home/arjaiswal/Polygeist/issues/equality_saturation_eval/campaign_20260908/aten-aten_adaptive_avg_pool3d_backward_cpu-syntactic-23kdjk1f.json"", ""--disable-semantic-fallback""]","== match report for /home/arjaiswal/Polygeist/issues/aten_c_kernels/results/aten_adaptive_avg_pool3d_backward_cpu/debuf.mlir ==
  match          body#[0]  memset_zero_1D_f32
  total: 1 matched / 1 bodies
",0,[],0,0,0,0,/home/arjaiswal/Polygeist/issues/aten_c_kernels/results/aten_adaptive_avg_pool3d_backward_cpu/debuf.mlir,6599,0,1,1,350.4844531416893,0,64780,0.01947954297065735,0,2,0,0,"[{""body_indices"": [0], ""symbol"": ""memset_zero_1D_f32""}]",1,0,4,0.0,4
aten,aten_adaptive_avg_pool3d_backward_cpu,/home/arjaiswal/Polygeist/issues/aten_c_kernels/results/aten_adaptive_avg_pool3d_backward_cpu/debuf.mlir,6e507e6da12a6af960857054dace5381de2ebedd04b7634321c8023af9cbf0dc,egglog,3,ok,0,811.4823624491692,0,"[""/usr/bin/python3"", ""/home/arjaiswal/Polygeist/scripts/correctness/kernel_match_rewrite.py"", ""/home/arjaiswal/Polygeist/issues/aten_c_kernels/results/aten_adaptive_avg_pool3d_backward_cpu/debuf.mlir"", ""--dry-run"", ""--matcher-mode"", ""egglog"", ""--telemetry-json"", ""/home/arjaiswal/Polygeist/issues/equality_saturation_eval/campaign_20260908/aten-aten_adaptive_avg_pool3d_backward_cpu-egglog-5ofz3d7f.json"", ""--disable-semantic-fallback""]","== match report for /home/arjaiswal/Polygeist/issues/aten_c_kernels/results/aten_adaptive_avg_pool3d_backward_cpu/debuf.mlir ==
  match          body#[0]  memset_zero_1D_f32
  total: 1 matched / 1 bodies
",0,[],0,0,0,0,/home/arjaiswal/Polygeist/issues/aten_c_kernels/results/aten_adaptive_avg_pool3d_backward_cpu/debuf.mlir,6599,8,1,1,332.566749304533,0,69272,29.906034469604492,2,2,0,0,"[{""body_indices"": [0], ""symbol"": ""memset_zero_1D_f32""}]",1,0,0,0.0,4
aten,aten_adaptive_avg_pool3d_backward_cpu,/home/arjaiswal/Polygeist/issues/aten_c_kernels/results/aten_adaptive_avg_pool3d_backward_cpu/debuf.mlir,6e507e6da12a6af960857054dace5381de2ebedd04b7634321c8023af9cbf0dc,egglog,4,ok,0,764.7682204842567,0,"[""/usr/bin/python3"", ""/home/arjaiswal/Polygeist/scripts/correctness/kernel_match_rewrite.py"", ""/home/arjaiswal/Polygeist/issues/aten_c_kernels/results/aten_adaptive_avg_pool3d_backward_cpu/debuf.mlir"", ""--dry-run"", ""--matcher-mode"", ""egglog"", ""--telemetry-json"", ""/home/arjaiswal/Polygeist/issues/equality_saturation_eval/campaign_20260908/aten-aten_adaptive_avg_pool3d_backward_cpu-egglog-0q06vt4m.json"", ""--disable-semantic-fallback""]","== match report for /home/arjaiswal/Polygeist/issues/aten_c_kernels/results/aten_adaptive_avg_pool3d_backward_cpu/debuf.mlir ==
  match          body#[0]  memset_zero_1D_f32
  total: 1 matched / 1 bodies
",0,[],0,0,0,0,/home/arjaiswal/Polygeist/issues/aten_c_kernels/results/aten_adaptive_avg_pool3d_backward_cpu/debuf.mlir,6599,8,1,1,300.3704324364662,0,69312,20.90376242995262,2,2,0,0,"[{""body_indices"": [0], ""symbol"": ""memset_zero_1D_f32""}]",1,0,0,0.0,4
aten,aten_adaptive_avg_pool3d_backward_cpu,/home/arjaiswal/Polygeist/issues/aten_c_kernels/results/aten_adaptive_avg_pool3d_backward_cpu/debuf.mlir,6e507e6da12a6af960857054dace5381de2ebedd04b7634321c8023af9cbf0dc,syntactic,4,ok,0,755.0162859261036,0,"[""/usr/bin/python3"", ""/home/arjaiswal/Polygeist/scripts/correctness/kernel_match_rewrite.py"", ""/home/arjaiswal/Polygeist/issues/aten_c_kernels/results/aten_adaptive_avg_pool3d_backward_cpu/debuf.mlir"", ""--dry-run"", ""--matcher-mode"", ""syntactic"", ""--telemetry-json"", ""/home/arjaiswal/Polygeist/issues/equality_saturation_eval/campaign_20260908/aten-aten_adaptive_avg_pool3d_backward_cpu-syntactic-h3nvil6r.json"", ""--disable-semantic-fallback""]","== match report for /home/arjaiswal/Polygeist/issues/aten_c_kernels/results/aten_adaptive_avg_pool3d_backward_cpu/debuf.mlir ==
  match          body#[0]  memset_zero_1D_f32
  total: 1 matched / 1 bodies
",0,[],0,0,0,0,/home/arjaiswal/Polygeist/issues/aten_c_kernels/results/aten_adaptive_avg_pool3d_backward_cpu/debuf.mlir,6599,0,1,1,274.8977243900299,0,64848,0.018008053302764893,0,2,0,0,"[{""body_indices"": [0], ""symbol"": ""memset_zero_1D_f32""}]",1,0,4,0.0,4
aten,aten_adaptive_avg_pool3d_backward_cpu,/home/arjaiswal/Polygeist/issues/aten_c_kernels/results/aten_adaptive_avg_pool3d_backward_cpu/debuf.mlir,6e507e6da12a6af960857054dace5381de2ebedd04b7634321c8023af9cbf0dc,syntactic,5,ok,0,771.1997330188751,0,"[""/usr/bin/python3"", ""/home/arjaiswal/Polygeist/scripts/correctness/kernel_match_rewrite.py"", ""/home/arjaiswal/Polygeist/issues/aten_c_kernels/results/aten_adaptive_avg_pool3d_backward_cpu/debuf.mlir"", ""--dry-run"", ""--matcher-mode"", ""syntactic"", ""--telemetry-json"", ""/home/arjaiswal/Polygeist/issues/equality_saturation_eval/campaign_20260908/aten-aten_adaptive_avg_pool3d_backward_cpu-syntactic-49930hj3.json"", ""--disable-semantic-fallback""]","== match report for /home/arjaiswal/Polygeist/issues/aten_c_kernels/results/aten_adaptive_avg_pool3d_backward_cpu/debuf.mlir ==
  match          body#[0]  memset_zero_1D_f32
  total: 1 matched / 1 bodies
",0,[],0,0,0,0,/home/arjaiswal/Polygeist/issues/aten_c_kernels/results/aten_adaptive_avg_pool3d_backward_cpu/debuf.mlir,6599,0,1,1,276.1223390698433,0,64676,0.01765042543411255,0,2,0,0,"[{""body_indices"": [0], ""symbol"": ""memset_zero_1D_f32""}]",1,0,4,0.0,4
aten,aten_adaptive_avg_pool3d_backward_cpu,/home/arjaiswal/Polygeist/issues/aten_c_kernels/results/aten_adaptive_avg_pool3d_backward_cpu/debuf.mlir,6e507e6da12a6af960857054dace5381de2ebedd04b7634321c8023af9cbf0dc,egglog,5,ok,0,765.5344866216183,0,"[""/usr/bin/python3"", ""/home/arjaiswal/Polygeist/scripts/correctness/kernel_match_rewrite.py"", ""/home/arjaiswal/Polygeist/issues/aten_c_kernels/results/aten_adaptive_avg_pool3d_backward_cpu/debuf.mlir"", ""--dry-run"", ""--matcher-mode"", ""egglog"", ""--telemetry-json"", ""/home/arjaiswal/Polygeist/issues/equality_saturation_eval/campaign_20260908/aten-aten_adaptive_avg_pool3d_backward_cpu-egglog-rd09ktb4.json"", ""--disable-semantic-fallback""]","== match report for /home/arjaiswal/Polygeist/issues/aten_c_kernels/results/aten_adaptive_avg_pool3d_backward_cpu/debuf.mlir ==
  match          body#[0]  memset_zero_1D_f32
  total: 1 matched / 1 bodies
",0,[],0,0,0,0,/home/arjaiswal/Polygeist/issues/aten_c_kernels/results/aten_adaptive_avg_pool3d_backward_cpu/debuf.mlir,6599,8,1,1,290.5931882560253,0,69188,21.14594727754593,2,2,0,0,"[{""body_indices"": [0], ""symbol"": ""memset_zero_1D_f32""}]",1,0,0,0.0,4
aten,aten_adaptive_avg_pool3d_cpu,/home/arjaiswal/Polygeist/issues/aten_c_kernels/results/aten_adaptive_avg_pool3d_cpu/debuf.mlir,565ef1763ab0857cab1460e9685eda95427b058257e7d493ee9f2853d74b53ef,egglog,1,ok,0,745.7363158464432,0,"[""/usr/bin/python3"", ""/home/arjaiswal/Polygeist/scripts/correctness/kernel_match_rewrite.py"", ""/home/arjaiswal/Polygeist/issues/aten_c_kernels/results/aten_adaptive_avg_pool3d_cpu/debuf.mlir"", ""--dry-run"", ""--matcher-mode"", ""egglog"", ""--telemetry-json"", ""/home/arjaiswal/Polygeist/issues/equality_saturation_eval/campaign_20260908/aten-aten_adaptive_avg_pool3d_cpu-egglog-9cxm_5ad.json"", ""--disable-semantic-fallback""]","== match report for /home/arjaiswal/Polygeist/issues/aten_c_kernels/results/aten_adaptive_avg_pool3d_cpu/debuf.mlir ==
  total: 0 matched / 0 bodies
",0,[],0,0,0,0,/home/arjaiswal/Polygeist/issues/aten_c_kernels/results/aten_adaptive_avg_pool3d_cpu/debuf.mlir,6737,8,0,0,287.9302203655243,0,64744,0.0,0,0,0,0,[],0,0,0,0.0,0
aten,aten_adaptive_avg_pool3d_cpu,/home/arjaiswal/Polygeist/issues/aten_c_kernels/results/aten_adaptive_avg_pool3d_cpu/debuf.mlir,565ef1763ab0857cab1460e9685eda95427b058257e7d493ee9f2853d74b53ef,syntactic,1,ok,0,709.2462331056595,0,"[""/usr/bin/python3"", ""/home/arjaiswal/Polygeist/scripts/correctness/kernel_match_rewrite.py"", ""/home/arjaiswal/Polygeist/issues/aten_c_kernels/results/aten_adaptive_avg_pool3d_cpu/debuf.mlir"", ""--dry-run"", ""--matcher-mode"", ""syntactic"", ""--telemetry-json"", ""/home/arjaiswal/Polygeist/issues/equality_saturation_eval/campaign_20260908/aten-aten_adaptive_avg_pool3d_cpu-syntactic-n73ikt31.json"", ""--disable-semantic-fallback""]","== match report for /home/arjaiswal/Polygeist/issues/aten_c_kernels/results/aten_adaptive_avg_pool3d_cpu/debuf.mlir ==
  total: 0 matched / 0 bodies
",0,[],0,0,0,0,/home/arjaiswal/Polygeist/issues/aten_c_kernels/results/aten_adaptive_avg_pool3d_cpu/debuf.mlir,6737,0,0,0,272.75675162672997,0,64652,0.0,0,0,0,0,[],0,0,0,0.0,0
aten,aten_adaptive_avg_pool3d_cpu,/home/arjaiswal/Polygeist/issues/aten_c_kernels/results/aten_adaptive_avg_pool3d_cpu/debuf.mlir,565ef1763ab0857cab1460e9685eda95427b058257e7d493ee9f2853d74b53ef,syntactic,2,ok,0,716.1736078560352,0,"[""/usr/bin/python3"", ""/home/arjaiswal/Polygeist/scripts/correctness/kernel_match_rewrite.py"", ""/home/arjaiswal/Polygeist/issues/aten_c_kernels/results/aten_adaptive_avg_pool3d_cpu/debuf.mlir"", ""--dry-run"", ""--matcher-mode"", ""syntactic"", ""--telemetry-json"", ""/home/arjaiswal/Polygeist/issues/equality_saturation_eval/campaign_20260908/aten-aten_adaptive_avg_pool3d_cpu-syntactic-33shq1ev.json"", ""--disable-semantic-fallback""]","== match report for /home/arjaiswal/Polygeist/issues/aten_c_kernels/results/aten_adaptive_avg_pool3d_cpu/debuf.mlir ==
  total: 0 matched / 0 bodies
",0,[],0,0,0,0,/home/arjaiswal/Polygeist/issues/aten_c_kernels/results/aten_adaptive_avg_pool3d_cpu/debuf.mlir,6737,0,0,0,266.3271687924862,0,64708,0.0,0,0,0,0,[],0,0,0,0.0,0
aten,aten_adaptive_avg_pool3d_cpu,/home/arjaiswal/Polygeist/issues/aten_c_kernels/results/aten_adaptive_avg_pool3d_cpu/debuf.mlir,565ef1763ab0857cab1460e9685eda95427b058257e7d493ee9f2853d74b53ef,egglog,2,ok,0,767.6681876182556,0,"[""/usr/bin/python3"", ""/home/arjaiswal/Polygeist/scripts/correctness/kernel_match_rewrite.py"", ""/home/arjaiswal/Polygeist/issues/aten_c_kernels/results/aten_adaptive_avg_pool3d_cpu/debuf.mlir"", ""--dry-run"", ""--matcher-mode"", ""egglog"", ""--telemetry-json"", ""/home/arjaiswal/Polygeist/issues/equality_saturation_eval/campaign_20260908/aten-aten_adaptive_avg_pool3d_cpu-egglog-khn99l4w.json"", ""--disable-semantic-fallback""]","== match report for /home/arjaiswal/Polygeist/issues/aten_c_kernels/results/aten_adaptive_avg_pool3d_cpu/debuf.mlir ==
  total: 0 matched / 0 bodies
",0,[],0,0,0,0,/home/arjaiswal/Polygeist/issues/aten_c_kernels/results/aten_adaptive_avg_pool3d_cpu/debuf.mlir,6737,8,0,0,323.6522451043129,0,64824,0.0,0,0,0,0,[],0,0,0,0.0,0
aten,aten_adaptive_avg_pool3d_cpu,/home/arjaiswal/Polygeist/issues/aten_c_kernels/results/aten_adaptive_avg_pool3d_cpu/debuf.mlir,565ef1763ab0857cab1460e9685eda95427b058257e7d493ee9f2853d74b53ef,egglog,3,ok,0,707.4250057339668,0,"[""/usr/bin/python3"", ""/home/arjaiswal/Polygeist/scripts/correctness/kernel_match_rewrite.py"", ""/home/arjaiswal/Polygeist/issues/aten_c_kernels/results/aten_adaptive_avg_pool3d_cpu/debuf.mlir"", ""--dry-run"", ""--matcher-mode"", ""egglog"", ""--telemetry-json"", ""/home/arjaiswal/Polygeist/issues/equality_saturation_eval/campaign_20260908/aten-aten_adaptive_avg_pool3d_cpu-egglog-kflu6b1e.json"", ""--disable-semantic-fallback""]","== match report for /home/arjaiswal/Polygeist/issues/aten_c_kernels/results/aten_adaptive_avg_pool3d_cpu/debuf.mlir ==
  total: 0 matched / 0 bodies
",0,[],0,0,0,0,/home/arjaiswal/Polygeist/issues/aten_c_kernels/results/aten_adaptive_avg_pool3d_cpu/debuf.mlir,6737,8,0,0,256.430234760046,0,64412,0.0,0,0,0,0,[],0,0,0,0.0,0
aten,aten_adaptive_avg_pool3d_cpu,/home/arjaiswal/Polygeist/issues/aten_c_kernels/results/aten_adaptive_avg_pool3d_cpu/debuf.mlir,565ef1763ab0857cab1460e9685eda95427b058257e7d493ee9f2853d74b53ef,syntactic,3,ok,0,708.2283198833466,0,"[""/usr/bin/python3"", ""/home/arjaiswal/Polygeist/scripts/correctness/kernel_match_rewrite.py"", ""/home/arjaiswal/Polygeist/issues/aten_c_kernels/results/aten_adaptive_avg_pool3d_cpu/debuf.mlir"", ""--dry-run"", ""--matcher-mode"", ""syntactic"", ""--telemetry-json"", ""/home/arjaiswal/Polygeist/issues/equality_saturation_eval/campaign_20260908/aten-aten_adaptive_avg_pool3d_cpu-syntactic-6ajftbki.json"", ""--disable-semantic-fallback""]","== match report for /home/arjaiswal/Polygeist/issues/aten_c_kernels/results/aten_adaptive_avg_pool3d_cpu/debuf.mlir ==
  total: 0 matched / 0 bodies
",0,[],0,0,0,0,/home/arjaiswal/Polygeist/issues/aten_c_kernels/results/aten_adaptive_avg_pool3d_cpu/debuf.mlir,6737,0,0,0,258.20647552609444,0,64772,0.0,0,0,0,0,[],0,0,0,0.0,0
aten,aten_adaptive_avg_pool3d_cpu,/home/arjaiswal/Polygeist/issues/aten_c_kernels/results/aten_adaptive_avg_pool3d_cpu/debuf.mlir,565ef1763ab0857cab1460e9685eda95427b058257e7d493ee9f2853d74b53ef,syntactic,4,ok,0,803.602397441864,0,"[""/usr/bin/python3"", ""/home/arjaiswal/Polygeist/scripts/correctness/kernel_match_rewrite.py"", ""/home/arjaiswal/Polygeist/issues/aten_c_kernels/results/aten_adaptive_avg_pool3d_cpu/debuf.mlir"", ""--dry-run"", ""--matcher-mode"", ""syntactic"", ""--telemetry-json"", ""/home/arjaiswal/Polygeist/issues/equality_saturation_eval/campaign_20260908/aten-aten_adaptive_avg_pool3d_cpu-syntactic-nmltk8ds.json"", ""--disable-semantic-fallback""]","== match report for /home/arjaiswal/Polygeist/issues/aten_c_kernels/results/aten_adaptive_avg_pool3d_cpu/debuf.mlir ==
  total: 0 matched / 0 bodies
",0,[],0,0,0,0,/home/arjaiswal/Polygeist/issues/aten_c_kernels/results/aten_adaptive_avg_pool3d_cpu/debuf.mlir,6737,0,0,0,298.7015098333359,0,64664,0.0,0,0,0,0,[],0,0,0,0.0,0
aten,aten_adaptive_avg_pool3d_cpu,/home/arjaiswal/Polygeist/issues/aten_c_kernels/results/aten_adaptive_avg_pool3d_cpu/debuf.mlir,565ef1763ab0857cab1460e9685eda95427b058257e7d493ee9f2853d74b53ef,egglog,4,ok,0,705.3356356918812,0,"[""/usr/bin/python3"", ""/home/arjaiswal/Polygeist/scripts/correctness/kernel_match_rewrite.py"", ""/home/arjaiswal/Polygeist/issues/aten_c_kernels/results/aten_adaptive_avg_pool3d_cpu/debuf.mlir"", ""--dry-run"", ""--matcher-mode"", ""egglog"", ""--telemetry-json"", ""/home/arjaiswal/Polygeist/issues/equality_saturation_eval/campaign_20260908/aten-aten_adaptive_avg_pool3d_cpu-egglog-vnzphz3o.json"", ""--disable-semantic-fallback""]","== match report for /home/arjaiswal/Polygeist/issues/aten_c_kernels/results/aten_adaptive_avg_pool3d_cpu/debuf.mlir ==
  total: 0 matched / 0 bodies
",0,[],0,0,0,0,/home/arjaiswal/Polygeist/issues/aten_c_kernels/results/aten_adaptive_avg_pool3d_cpu/debuf.mlir,6737,8,0,0,249.57754090428352,0,64288,0.0,0,0,0,0,[],0,0,0,0.0,0
aten,aten_adaptive_avg_pool3d_cpu,/home/arjaiswal/Polygeist/issues/aten_c_kernels/results/aten_adaptive_avg_pool3d_cpu/debuf.mlir,565ef1763ab0857cab1460e9685eda95427b058257e7d493ee9f2853d74b53ef,egglog,5,ok,0,761.1809894442558,0,"[""/usr/bin/python3"", ""/home/arjaiswal/Polygeist/scripts/correctness/kernel_match_rewrite.py"", ""/home/arjaiswal/Polygeist/issues/aten_c_kernels/results/aten_adaptive_avg_pool3d_cpu/debuf.mlir"", ""--dry-run"", ""--matcher-mode"", ""egglog"", ""--telemetry-json"", ""/home/arjaiswal/Polygeist/issues/equality_saturation_eval/campaign_20260908/aten-aten_adaptive_avg_pool3d_cpu-egglog-xpssfvxs.json"", ""--disable-semantic-fallback""]","== match report for /home/arjaiswal/Polygeist/issues/aten_c_kernels/results/aten_adaptive_avg_pool3d_cpu/debuf.mlir ==
  total: 0 matched / 0 bodies
",0,[],0,0,0,0,/home/arjaiswal/Polygeist/issues/aten_c_kernels/results/aten_adaptive_avg_pool3d_cpu/debuf.mlir,6737,8,0,0,273.7342566251755,0,64600,0.0,0,0,0,0,[],0,0,0,0.0,0
aten,aten_adaptive_avg_pool3d_cpu,/home/arjaiswal/Polygeist/issues/aten_c_kernels/results/aten_adaptive_avg_pool3d_cpu/debuf.mlir,565ef1763ab0857cab1460e9685eda95427b058257e7d493ee9f2853d74b53ef,syntactic,5,ok,0,732.4099019169807,0,"[""/usr/bin/python3"", ""/home/arjaiswal/Polygeist/scripts/correctness/kernel_match_rewrite.py"", ""/home/arjaiswal/Polygeist/issues/aten_c_kernels/results/aten_adaptive_avg_pool3d_cpu/debuf.mlir"", ""--dry-run"", ""--matcher-mode"", ""syntactic"", ""--telemetry-json"", ""/home/arjaiswal/Polygeist/issues/equality_saturation_eval/campaign_20260908/aten-aten_adaptive_avg_pool3d_cpu-syntactic-puh2gmdl.json"", ""--disable-semantic-fallback""]","== match report for /home/arjaiswal/Polygeist/issues/aten_c_kernels/results/aten_adaptive_avg_pool3d_cpu/debuf.mlir ==
  total: 0 matched / 0 bodies
",0,[],0,0,0,0,/home/arjaiswal/Polygeist/issues/aten_c_kernels/results/aten_adaptive_avg_pool3d_cpu/debuf.mlir,6737,0,0,0,275.1122936606407,0,64656,0.0,0,0,0,0,[],0,0,0,0.0,0
aten,aten_adaptive_max_pool1d_cpu,/home/arjaiswal/Polygeist/issues/aten_c_kernels/results/aten_adaptive_max_pool1d_cpu/debuf.mlir,6bdcdcccbcb27ed58488a9063ad61a98b39b38149275cf9b7091b8eb370ee92e,syntactic,1,ok,0,935.848917812109,0,"[""/usr/bin/python3"", ""/home/arjaiswal/Polygeist/scripts/correctness/kernel_match_rewrite.py"", ""/home/arjaiswal/Polygeist/issues/aten_c_kernels/results/aten_adaptive_max_pool1d_cpu/debuf.mlir"", ""--dry-run"", ""--matcher-mode"", ""syntactic"", ""--telemetry-json"", ""/home/arjaiswal/Polygeist/issues/equality_saturation_eval/campaign_20260908/aten-aten_adaptive_max_pool1d_cpu-syntactic-8zm2wb6z.json"", ""--disable-semantic-fallback""]","== match report for /home/arjaiswal/Polygeist/issues/aten_c_kernels/results/aten_adaptive_max_pool1d_cpu/debuf.mlir ==
  total: 0 matched / 0 bodies
",0,[],0,0,0,0,/home/arjaiswal/Polygeist/issues/aten_c_kernels/results/aten_adaptive_max_pool1d_cpu/debuf.mlir,3925,0,0,0,374.2775321006775,0,64772,0.0,0,0,0,0,[],0,0,0,0.0,0
aten,aten_adaptive_max_pool1d_cpu,/home/arjaiswal/Polygeist/issues/aten_c_kernels/results/aten_adaptive_max_pool1d_cpu/debuf.mlir,6bdcdcccbcb27ed58488a9063ad61a98b39b38149275cf9b7091b8eb370ee92e,egglog,1,ok,0,712.609302252531,0,"[""/usr/bin/python3"", ""/home/arjaiswal/Polygeist/scripts/correctness/kernel_match_rewrite.py"", ""/home/arjaiswal/Polygeist/issues/aten_c_kernels/results/aten_adaptive_max_pool1d_cpu/debuf.mlir"", ""--dry-run"", ""--matcher-mode"", ""egglog"", ""--telemetry-json"", ""/home/arjaiswal/Polygeist/issues/equality_saturation_eval/campaign_20260908/aten-aten_adaptive_max_pool1d_cpu-egglog-aruefnui.json"", ""--disable-semantic-fallback""]","== match report for /home/arjaiswal/Polygeist/issues/aten_c_kernels/results/aten_adaptive_max_pool1d_cpu/debuf.mlir ==
  total: 0 matched / 0 bodies
",0,[],0,0,0,0,/home/arjaiswal/Polygeist/issues/aten_c_kernels/results/aten_adaptive_max_pool1d_cpu/debuf.mlir,3925,8,0,0,258.6292326450348,0,64632,0.0,0,0,0,0,[],0,0,0,0.0,0
aten,aten_adaptive_max_pool1d_cpu,/home/arjaiswal/Polygeist/issues/aten_c_kernels/results/aten_adaptive_max_pool1d_cpu/debuf.mlir,6bdcdcccbcb27ed58488a9063ad61a98b39b38149275cf9b7091b8eb370ee92e,egglog,2,ok,0,735.7144802808762,0,"[""/usr/bin/python3"", ""/home/arjaiswal/Polygeist/scripts/correctness/kernel_match_rewrite.py"", ""/home/arjaiswal/Polygeist/issues/aten_c_kernels/results/aten_adaptive_max_pool1d_cpu/debuf.mlir"", ""--dry-run"", ""--matcher-mode"", ""egglog"", ""--telemetry-json"", ""/home/arjaiswal/Polygeist/issues/equality_saturation_eval/campaign_20260908/aten-aten_adaptive_max_pool1d_cpu-egglog-85budaor.json"", ""--disable-semantic-fallback""]","== match report for /home/arjaiswal/Polygeist/issues/aten_c_kernels/results/aten_adaptive_max_pool1d_cpu/debuf.mlir ==
  total: 0 matched / 0 bodies
",0,[],0,0,0,0,/home/arjaiswal/Polygeist/issues/aten_c_kernels/results/aten_adaptive_max_pool1d_cpu/debuf.mlir,3925,8,0,0,270.95725387334824,0,64640,0.0,0,0,0,0,[],0,0,0,0.0,0
aten,aten_adaptive_max_pool1d_cpu,/home/arjaiswal/Polygeist/issues/aten_c_kernels/results/aten_adaptive_max_pool1d_cpu/debuf.mlir,6bdcdcccbcb27ed58488a9063ad61a98b39b38149275cf9b7091b8eb370ee92e,syntactic,2,ok,0,752.3085623979568,0,"[""/usr/bin/python3"", ""/home/arjaiswal/Polygeist/scripts/correctness/kernel_match_rewrite.py"", ""/home/arjaiswal/Polygeist/issues/aten_c_kernels/results/aten_adaptive_max_pool1d_cpu/debuf.mlir"", ""--dry-run"", ""--matcher-mode"", ""syntactic"", ""--telemetry-json"", ""/home/arjaiswal/Polygeist/issues/equality_saturation_eval/campaign_20260908/aten-aten_adaptive_max_pool1d_cpu-syntactic-3bm62te_.json"", ""--disable-semantic-fallback""]","== match report for /home/arjaiswal/Polygeist/issues/aten_c_kernels/results/aten_adaptive_max_pool1d_cpu/debuf.mlir ==
  total: 0 matched / 0 bodies
",0,[],0,0,0,0,/home/arjaiswal/Polygeist/issues/aten_c_kernels/results/aten_adaptive_max_pool1d_cpu/debuf.mlir,3925,0,0,0,275.8547328412533,0,64740,0.0,0,0,0,0,[],0,0,0,0.0,0
aten,aten_adaptive_max_pool1d_cpu,/home/arjaiswal/Polygeist/issues/aten_c_kernels/results/aten_adaptive_max_pool1d_cpu/debuf.mlir,6bdcdcccbcb27ed58488a9063ad61a98b39b38149275cf9b7091b8eb370ee92e,syntactic,3,ok,0,720.8311520516872,0,"[""/usr/bin/python3"", ""/home/arjaiswal/Polygeist/scripts/correctness/kernel_match_rewrite.py"", ""/home/arjaiswal/Polygeist/issues/aten_c_kernels/results/aten_adaptive_max_pool1d_cpu/debuf.mlir"", ""--dry-run"", ""--matcher-mode"", ""syntactic"", ""--telemetry-json"", ""/home/arjaiswal/Polygeist/issues/equality_saturation_eval/campaign_20260908/aten-aten_adaptive_max_pool1d_cpu-syntactic-9y2wel9n.json"", ""--disable-semantic-fallback""]","== match report for /home/arjaiswal/Polygeist/issues/aten_c_kernels/results/aten_adaptive_max_pool1d_cpu/debuf.mlir ==
  total: 0 matched / 0 bodies
",0,[],0,0,0,0,/home/arjaiswal/Polygeist/issues/aten_c_kernels/results/aten_adaptive_max_pool1d_cpu/debuf.mlir,3925,0,0,0,260.68610325455666,0,64768,0.0,0,0,0,0,[],0,0,0,0.0,0
aten,aten_adaptive_max_pool1d_cpu,/home/arjaiswal/Polygeist/issues/aten_c_kernels/results/aten_adaptive_max_pool1d_cpu/debuf.mlir,6bdcdcccbcb27ed58488a9063ad61a98b39b38149275cf9b7091b8eb370ee92e,egglog,3,ok,0,715.9434594213963,0,"[""/usr/bin/python3"", ""/home/arjaiswal/Polygeist/scripts/correctness/kernel_match_rewrite.py"", ""/home/arjaiswal/Polygeist/issues/aten_c_kernels/results/aten_adaptive_max_pool1d_cpu/debuf.mlir"", ""--dry-run"", ""--matcher-mode"", ""egglog"", ""--telemetry-json"", ""/home/arjaiswal/Polygeist/issues/equality_saturation_eval/campaign_20260908/aten-aten_adaptive_max_pool1d_cpu-egglog-rotn4zha.json"", ""--disable-semantic-fallback""]","== match report for /home/arjaiswal/Polygeist/issues/aten_c_kernels/results/aten_adaptive_max_pool1d_cpu/debuf.mlir ==
  total: 0 matched / 0 bodies
",0,[],0,0,0,0,/home/arjaiswal/Polygeist/issues/aten_c_kernels/results/aten_adaptive_max_pool1d_cpu/debuf.mlir,3925,8,0,0,264.1218230128288,0,64316,0.0,0,0,0,0,[],0,0,0,0.0,0
aten,aten_adaptive_max_pool1d_cpu,/home/arjaiswal/Polygeist/issues/aten_c_kernels/results/aten_adaptive_max_pool1d_cpu/debuf.mlir,6bdcdcccbcb27ed58488a9063ad61a98b39b38149275cf9b7091b8eb370ee92e,egglog,4,ok,0,757.4053518474102,0,"[""/usr/bin/python3"", ""/home/arjaiswal/Polygeist/scripts/correctness/kernel_match_rewrite.py"", ""/home/arjaiswal/Polygeist/issues/aten_c_kernels/results/aten_adaptive_max_pool1d_cpu/debuf.mlir"", ""--dry-run"", ""--matcher-mode"", ""egglog"", ""--telemetry-json"", ""/home/arjaiswal/Polygeist/issues/equality_saturation_eval/campaign_20260908/aten-aten_adaptive_max_pool1d_cpu-egglog-tec5yalv.json"", ""--disable-semantic-fallback""]","== match report for /home/arjaiswal/Polygeist/issues/aten_c_kernels/results/aten_adaptive_max_pool1d_cpu/debuf.mlir ==
  total: 0 matched / 0 bodies
",0,[],0,0,0,0,/home/arjaiswal/Polygeist/issues/aten_c_kernels/results/aten_adaptive_max_pool1d_cpu/debuf.mlir,3925,8,0,0,253.54674458503723,0,64628,0.0,0,0,0,0,[],0,0,0,0.0,0
aten,aten_adaptive_max_pool1d_cpu,/home/arjaiswal/Polygeist/issues/aten_c_kernels/results/aten_adaptive_max_pool1d_cpu/debuf.mlir,6bdcdcccbcb27ed58488a9063ad61a98b39b38149275cf9b7091b8eb370ee92e,syntactic,4,ok,0,722.5257307291031,0,"[""/usr/bin/python3"", ""/home/arjaiswal/Polygeist/scripts/correctness/kernel_match_rewrite.py"", ""/home/arjaiswal/Polygeist/issues/aten_c_kernels/results/aten_adaptive_max_pool1d_cpu/debuf.mlir"", ""--dry-run"", ""--matcher-mode"", ""syntactic"", ""--telemetry-json"", ""/home/arjaiswal/Polygeist/issues/equality_saturation_eval/campaign_20260908/aten-aten_adaptive_max_pool1d_cpu-syntactic-b398wc5t.json"", ""--disable-semantic-fallback""]","== match report for /home/arjaiswal/Polygeist/issues/aten_c_kernels/results/aten_adaptive_max_pool1d_cpu/debuf.mlir ==
  total: 0 matched / 0 bodies
",0,[],0,0,0,0,/home/arjaiswal/Polygeist/issues/aten_c_kernels/results/aten_adaptive_max_pool1d_cpu/debuf.mlir,3925,0,0,0,274.95910599827766,0,64992,0.0,0,0,0,0,[],0,0,0,0.0,0
aten,aten_adaptive_max_pool1d_cpu,/home/arjaiswal/Polygeist/issues/aten_c_kernels/results/aten_adaptive_max_pool1d_cpu/debuf.mlir,6bdcdcccbcb27ed58488a9063ad61a98b39b38149275cf9b7091b8eb370ee92e,syntactic,5,ok,0,732.0826649665833,0,"[""/usr/bin/python3"", ""/home/arjaiswal/Polygeist/scripts/correctness/kernel_match_rewrite.py"", ""/home/arjaiswal/Polygeist/issues/aten_c_kernels/results/aten_adaptive_max_pool1d_cpu/debuf.mlir"", ""--dry-run"", ""--matcher-mode"", ""syntactic"", ""--telemetry-json"", ""/home/arjaiswal/Polygeist/issues/equality_saturation_eval/campaign_20260908/aten-aten_adaptive_max_pool1d_cpu-syntactic-bf82o6ua.json"", ""--disable-semantic-fallback""]","== match report for /home/arjaiswal/Polygeist/issues/aten_c_kernels/results/aten_adaptive_max_pool1d_cpu/debuf.mlir ==
  total: 0 matched / 0 bodies
",0,[],0,0,0,0,/home/arjaiswal/Polygeist/issues/aten_c_kernels/results/aten_adaptive_max_pool1d_cpu/debuf.mlir,3925,0,0,0,268.70545372366905,0,64776,0.0,0,0,0,0,[],0,0,0,0.0,0
aten,aten_adaptive_max_pool1d_cpu,/home/arjaiswal/Polygeist/issues/aten_c_kernels/results/aten_adaptive_max_pool1d_cpu/debuf.mlir,6bdcdcccbcb27ed58488a9063ad61a98b39b38149275cf9b7091b8eb370ee92e,egglog,5,ok,0,816.743403673172,0,"[""/usr/bin/python3"", ""/home/arjaiswal/Polygeist/scripts/correctness/kernel_match_rewrite.py"", ""/home/arjaiswal/Polygeist/issues/aten_c_kernels/results/aten_adaptive_max_pool1d_cpu/debuf.mlir"", ""--dry-run"", ""--matcher-mode"", ""egglog"", ""--telemetry-json"", ""/home/arjaiswal/Polygeist/issues/equality_saturation_eval/campaign_20260908/aten-aten_adaptive_max_pool1d_cpu-egglog-rj9xiosg.json"", ""--disable-semantic-fallback""]","== match report for /home/arjaiswal/Polygeist/issues/aten_c_kernels/results/aten_adaptive_max_pool1d_cpu/debuf.mlir ==
  total: 0 matched / 0 bodies
",0,[],0,0,0,0,/home/arjaiswal/Polygeist/issues/aten_c_kernels/results/aten_adaptive_max_pool1d_cpu/debuf.mlir,3925,8,0,0,255.17341494560242,0,64664,0.0,0,0,0,0,[],0,0,0,0.0,0
aten,aten_adaptive_max_pool2d_backward_cpu,/home/arjaiswal/Polygeist/issues/aten_c_kernels/results/aten_adaptive_max_pool2d_backward_cpu/debuf.mlir,60cb95b82e795d4f08a52e560bd71dcccd84013fb3c76e2b34136ae083eaf2d2,egglog,1,ok,0,759.1066472232342,0,"[""/usr/bin/python3"", ""/home/arjaiswal/Polygeist/scripts/correctness/kernel_match_rewrite.py"", ""/home/arjaiswal/Polygeist/issues/aten_c_kernels/results/aten_adaptive_max_pool2d_backward_cpu/debuf.mlir"", ""--dry-run"", ""--matcher-mode"", ""egglog"", ""--telemetry-json"", ""/home/arjaiswal/Polygeist/issues/equality_saturation_eval/campaign_20260908/aten-aten_adaptive_max_pool2d_backward_cpu-egglog-89g7v8gq.json"", ""--disable-semantic-fallback""]","== match report for /home/arjaiswal/Polygeist/issues/aten_c_kernels/results/aten_adaptive_max_pool2d_backward_cpu/debuf.mlir ==
  match          body#[0]  memset_zero_1D_f32
  total: 1 matched / 1 bodies
",0,[],0,0,0,0,/home/arjaiswal/Polygeist/issues/aten_c_kernels/results/aten_adaptive_max_pool2d_backward_cpu/debuf.mlir,2965,8,1,1,326.27497985959053,0,69432,21.205060184001923,2,2,0,0,"[{""body_indices"": [0], ""symbol"": ""memset_zero_1D_f32""}]",1,0,0,0.0,4
aten,aten_adaptive_max_pool2d_backward_cpu,/home/arjaiswal/Polygeist/issues/aten_c_kernels/results/aten_adaptive_max_pool2d_backward_cpu/debuf.mlir,60cb95b82e795d4f08a52e560bd71dcccd84013fb3c76e2b34136ae083eaf2d2,syntactic,1,ok,0,747.7276958525181,0,"[""/usr/bin/python3"", ""/home/arjaiswal/Polygeist/scripts/correctness/kernel_match_rewrite.py"", ""/home/arjaiswal/Polygeist/issues/aten_c_kernels/results/aten_adaptive_max_pool2d_backward_cpu/debuf.mlir"", ""--dry-run"", ""--matcher-mode"", ""syntactic"", ""--telemetry-json"", ""/home/arjaiswal/Polygeist/issues/equality_saturation_eval/campaign_20260908/aten-aten_adaptive_max_pool2d_backward_cpu-syntactic-mg9ybwen.json"", ""--disable-semantic-fallback""]","== match report for /home/arjaiswal/Polygeist/issues/aten_c_kernels/results/aten_adaptive_max_pool2d_backward_cpu/debuf.mlir ==
  match          body#[0]  memset_zero_1D_f32
  total: 1 matched / 1 bodies
",0,[],0,0,0,0,/home/arjaiswal/Polygeist/issues/aten_c_kernels/results/aten_adaptive_max_pool2d_backward_cpu/debuf.mlir,2965,0,1,1,292.88399964571,0,64800,0.016957521438598633,0,2,0,0,"[{""body_indices"": [0], ""symbol"": ""memset_zero_1D_f32""}]",1,0,4,0.0,4
aten,aten_adaptive_max_pool2d_backward_cpu,/home/arjaiswal/Polygeist/issues/aten_c_kernels/results/aten_adaptive_max_pool2d_backward_cpu/debuf.mlir,60cb95b82e795d4f08a52e560bd71dcccd84013fb3c76e2b34136ae083eaf2d2,syntactic,2,ok,0,740.1759885251522,0,"[""/usr/bin/python3"", ""/home/arjaiswal/Polygeist/scripts/correctness/kernel_match_rewrite.py"", ""/home/arjaiswal/Polygeist/issues/aten_c_kernels/results/aten_adaptive_max_pool2d_backward_cpu/debuf.mlir"", ""--dry-run"", ""--matcher-mode"", ""syntactic"", ""--telemetry-json"", ""/home/arjaiswal/Polygeist/issues/equality_saturation_eval/campaign_20260908/aten-aten_adaptive_max_pool2d_backward_cpu-syntactic-cvad812t.json"", ""--disable-semantic-fallback""]","== match report for /home/arjaiswal/Polygeist/issues/aten_c_kernels/results/aten_adaptive_max_pool2d_backward_cpu/debuf.mlir ==
  match          body#[0]  memset_zero_1D_f32
  total: 1 matched / 1 bodies
",0,[],0,0,0,0,/home/arjaiswal/Polygeist/issues/aten_c_kernels/results/aten_adaptive_max_pool2d_backward_cpu/debuf.mlir,2965,0,1,1,288.68551179766655,0,64688,0.024236738681793213,0,2,0,0,"[{""body_indices"": [0], ""symbol"": ""memset_zero_1D_f32""}]",1,0,4,0.0,4
aten,aten_adaptive_max_pool2d_backward_cpu,/home/arjaiswal/Polygeist/issues/aten_c_kernels/results/aten_adaptive_max_pool2d_backward_cpu/debuf.mlir,60cb95b82e795d4f08a52e560bd71dcccd84013fb3c76e2b34136ae083eaf2d2,egglog,2,ok,0,791.0471446812153,0,"[""/usr/bin/python3"", ""/home/arjaiswal/Polygeist/scripts/correctness/kernel_match_rewrite.py"", ""/home/arjaiswal/Polygeist/issues/aten_c_kernels/results/aten_adaptive_max_pool2d_backward_cpu/debuf.mlir"", ""--dry-run"", ""--matcher-mode"", ""egglog"", ""--telemetry-json"", ""/home/arjaiswal/Polygeist/issues/equality_saturation_eval/campaign_20260908/aten-aten_adaptive_max_pool2d_backward_cpu-egglog-28wgko6b.json"", ""--disable-semantic-fallback""]","== match report for /home/arjaiswal/Polygeist/issues/aten_c_kernels/results/aten_adaptive_max_pool2d_backward_cpu/debuf.mlir ==
  match          body#[0]  memset_zero_1D_f32
  total: 1 matched / 1 bodies
",0,[],0,0,0,0,/home/arjaiswal/Polygeist/issues/aten_c_kernels/results/aten_adaptive_max_pool2d_backward_cpu/debuf.mlir,2965,8,1,1,310.64341217279434,0,69468,20.87782695889473,2,2,0,0,"[{""body_indices"": [0], ""symbol"": ""memset_zero_1D_f32""}]",1,0,0,0.0,4
aten,aten_adaptive_max_pool2d_backward_cpu,/home/arjaiswal/Polygeist/issues/aten_c_kernels/results/aten_adaptive_max_pool2d_backward_cpu/debuf.mlir,60cb95b82e795d4f08a52e560bd71dcccd84013fb3c76e2b34136ae083eaf2d2,egglog,3,ok,0,780.3155668079853,0,"[""/usr/bin/python3"", ""/home/arjaiswal/Polygeist/scripts/correctness/kernel_match_rewrite.py"", ""/home/arjaiswal/Polygeist/issues/aten_c_kernels/results/aten_adaptive_max_pool2d_backward_cpu/debuf.mlir"", ""--dry-run"", ""--matcher-mode"", ""egglog"", ""--telemetry-json"", ""/home/arjaiswal/Polygeist/issues/equality_saturation_eval/campaign_20260908/aten-aten_adaptive_max_pool2d_backward_cpu-egglog-k30udtt8.json"", ""--disable-semantic-fallback""]","== match report for /home/arjaiswal/Polygeist/issues/aten_c_kernels/results/aten_adaptive_max_pool2d_backward_cpu/debuf.mlir ==
  match          body#[0]  memset_zero_1D_f32
  total: 1 matched / 1 bodies
",0,[],0,0,0,0,/home/arjaiswal/Polygeist/issues/aten_c_kernels/results/aten_adaptive_max_pool2d_backward_cpu/debuf.mlir,2965,8,1,1,310.57459861040115,0,69356,21.483689546585083,2,2,0,0,"[{""body_indices"": [0], ""symbol"": ""memset_zero_1D_f32""}]",1,0,0,0.0,4
aten,aten_adaptive_max_pool2d_backward_cpu,/home/arjaiswal/Polygeist/issues/aten_c_kernels/results/aten_adaptive_max_pool2d_backward_cpu/debuf.mlir,60cb95b82e795d4f08a52e560bd71dcccd84013fb3c76e2b34136ae083eaf2d2,syntactic,3,ok,0,746.4784160256386,0,"[""/usr/bin/python3"", ""/home/arjaiswal/Polygeist/scripts/correctness/kernel_match_rewrite.py"", ""/home/arjaiswal/Polygeist/issues/aten_c_kernels/results/aten_adaptive_max_pool2d_backward_cpu/debuf.mlir"", ""--dry-run"", ""--matcher-mode"", ""syntactic"", ""--telemetry-json"", ""/home/arjaiswal/Polygeist/issues/equality_saturation_eval/campaign_20260908/aten-aten_adaptive_max_pool2d_backward_cpu-syntactic-2yut4y0j.json"", ""--disable-semantic-fallback""]","== match report for /home/arjaiswal/Polygeist/issues/aten_c_kernels/results/aten_adaptive_max_pool2d_backward_cpu/debuf.mlir ==
  match          body#[0]  memset_zero_1D_f32
  total: 1 matched / 1 bodies
",0,[],0,0,0,0,/home/arjaiswal/Polygeist/issues/aten_c_kernels/results/aten_adaptive_max_pool2d_backward_cpu/debuf.mlir,2965,0,1,1,293.4659868478775,0,64744,0.015895813703536987,0,2,0,0,"[{""body_indices"": [0], ""symbol"": ""memset_zero_1D_f32""}]",1,0,4,0.0,4
aten,aten_adaptive_max_pool2d_backward_cpu,/home/arjaiswal/Polygeist/issues/aten_c_kernels/results/aten_adaptive_max_pool2d_backward_cpu/debuf.mlir,60cb95b82e795d4f08a52e560bd71dcccd84013fb3c76e2b34136ae083eaf2d2,syntactic,4,ok,0,736.9873225688934,0,"[""/usr/bin/python3"", ""/home/arjaiswal/Polygeist/scripts/correctness/kernel_match_rewrite.py"", ""/home/arjaiswal/Polygeist/issues/aten_c_kernels/results/aten_adaptive_max_pool2d_backward_cpu/debuf.mlir"", ""--dry-run"", ""--matcher-mode"", ""syntactic"", ""--telemetry-json"", ""/home/arjaiswal/Polygeist/issues/equality_saturation_eval/campaign_20260908/aten-aten_adaptive_max_pool2d_backward_cpu-syntactic-xdh5s39y.json"", ""--disable-semantic-fallback""]","== match report for /home/arjaiswal/Polygeist/issues/aten_c_kernels/results/aten_adaptive_max_pool2d_backward_cpu/debuf.mlir ==
  match          body#[0]  memset_zero_1D_f32
  total: 1 matched / 1 bodies
",0,[],0,0,0,0,/home/arjaiswal/Polygeist/issues/aten_c_kernels/results/aten_adaptive_max_pool2d_backward_cpu/debuf.mlir,2965,0,1,1,286.5489311516285,0,64916,0.017579644918441772,0,2,0,0,"[{""body_indices"": [0], ""symbol"": ""memset_zero_1D_f32""}]",1,0,4,0.0,4
aten,aten_adaptive_max_pool2d_backward_cpu,/home/arjaiswal/Polygeist/issues/aten_c_kernels/results/aten_adaptive_max_pool2d_backward_cpu/debuf.mlir,60cb95b82e795d4f08a52e560bd71dcccd84013fb3c76e2b34136ae083eaf2d2,egglog,4,ok,0,796.6964952647686,0,"[""/usr/bin/python3"", ""/home/arjaiswal/Polygeist/scripts/correctness/kernel_match_rewrite.py"", ""/home/arjaiswal/Polygeist/issues/aten_c_kernels/results/aten_adaptive_max_pool2d_backward_cpu/debuf.mlir"", ""--dry-run"", ""--matcher-mode"", ""egglog"", ""--telemetry-json"", ""/home/arjaiswal/Polygeist/issues/equality_saturation_eval/campaign_20260908/aten-aten_adaptive_max_pool2d_backward_cpu-egglog-ku31vdod.json"", ""--disable-semantic-fallback""]","== match report for /home/arjaiswal/Polygeist/issues/aten_c_kernels/results/aten_adaptive_max_pool2d_backward_cpu/debuf.mlir ==
  match          body#[0]  memset_zero_1D_f32
  total: 1 matched / 1 bodies
",0,[],0,0,0,0,/home/arjaiswal/Polygeist/issues/aten_c_kernels/results/aten_adaptive_max_pool2d_backward_cpu/debuf.mlir,2965,8,1,1,311.240091919899,0,69328,22.409506142139435,2,2,0,0,"[{""body_indices"": [0], ""symbol"": ""memset_zero_1D_f32""}]",1,0,0,0.0,4
aten,aten_adaptive_max_pool2d_backward_cpu,/home/arjaiswal/Polygeist/issues/aten_c_kernels/results/aten_adaptive_max_pool2d_backward_cpu/debuf.mlir,60cb95b82e795d4f08a52e560bd71dcccd84013fb3c76e2b34136ae083eaf2d2,egglog,5,ok,0,853.4169718623161,0,"[""/usr/bin/python3"", ""/home/arjaiswal/Polygeist/scripts/correctness/kernel_match_rewrite.py"", ""/home/arjaiswal/Polygeist/issues/aten_c_kernels/results/aten_adaptive_max_pool2d_backward_cpu/debuf.mlir"", ""--dry-run"", ""--matcher-mode"", ""egglog"", ""--telemetry-json"", ""/home/arjaiswal/Polygeist/issues/equality_saturation_eval/campaign_20260908/aten-aten_adaptive_max_pool2d_backward_cpu-egglog-r6th7eio.json"", ""--disable-semantic-fallback""]","== match report for /home/arjaiswal/Polygeist/issues/aten_c_kernels/results/aten_adaptive_max_pool2d_backward_cpu/debuf.mlir ==
  match          body#[0]  memset_zero_1D_f32
  total: 1 matched / 1 bodies
",0,[],0,0,0,0,/home/arjaiswal/Polygeist/issues/aten_c_kernels/results/aten_adaptive_max_pool2d_backward_cpu/debuf.mlir,2965,8,1,1,392.8958922624588,0,69372,27.121733874082565,2,2,0,0,"[{""body_indices"": [0], ""symbol"": ""memset_zero_1D_f32""}]",1,0,0,0.0,4
aten,aten_adaptive_max_pool2d_backward_cpu,/home/arjaiswal/Polygeist/issues/aten_c_kernels/results/aten_adaptive_max_pool2d_backward_cpu/debuf.mlir,60cb95b82e795d4f08a52e560bd71dcccd84013fb3c76e2b34136ae083eaf2d2,syntactic,5,ok,0,808.4710165858269,0,"[""/usr/bin/python3"", ""/home/arjaiswal/Polygeist/scripts/correctness/kernel_match_rewrite.py"", ""/home/arjaiswal/Polygeist/issues/aten_c_kernels/results/aten_adaptive_max_pool2d_backward_cpu/debuf.mlir"", ""--dry-run"", ""--matcher-mode"", ""syntactic"", ""--telemetry-json"", ""/home/arjaiswal/Polygeist/issues/equality_saturation_eval/campaign_20260908/aten-aten_adaptive_max_pool2d_backward_cpu-syntactic-e2spkpdh.json"", ""--disable-semantic-fallback""]","== match report for /home/arjaiswal/Polygeist/issues/aten_c_kernels/results/aten_adaptive_max_pool2d_backward_cpu/debuf.mlir ==
  match          body#[0]  memset_zero_1D_f32
  total: 1 matched / 1 bodies
",0,[],0,0,0,0,/home/arjaiswal/Polygeist/issues/aten_c_kernels/results/aten_adaptive_max_pool2d_backward_cpu/debuf.mlir,2965,0,1,1,300.48879235982895,0,64996,0.017356127500534058,0,2,0,0,"[{""body_indices"": [0], ""symbol"": ""memset_zero_1D_f32""}]",1,0,4,0.0,4
aten,aten_adaptive_max_pool2d_cpu,/home/arjaiswal/Polygeist/issues/aten_c_kernels/results/aten_adaptive_max_pool2d_cpu/debuf.mlir,5adf4438a39758a6790e032064fc0020813678cc5239f769a2d2434d972f263f,syntactic,1,ok,0,758.5194371640682,0,"[""/usr/bin/python3"", ""/home/arjaiswal/Polygeist/scripts/correctness/kernel_match_rewrite.py"", ""/home/arjaiswal/Polygeist/issues/aten_c_kernels/results/aten_adaptive_max_pool2d_cpu/debuf.mlir"", ""--dry-run"", ""--matcher-mode"", ""syntactic"", ""--telemetry-json"", ""/home/arjaiswal/Polygeist/issues/equality_saturation_eval/campaign_20260908/aten-aten_adaptive_max_pool2d_cpu-syntactic-hwblpqie.json"", ""--disable-semantic-fallback""]","== match report for /home/arjaiswal/Polygeist/issues/aten_c_kernels/results/aten_adaptive_max_pool2d_cpu/debuf.mlir ==
  total: 0 matched / 0 bodies
",0,[],0,0,0,0,/home/arjaiswal/Polygeist/issues/aten_c_kernels/results/aten_adaptive_max_pool2d_cpu/debuf.mlir,5375,0,0,0,280.444223433733,0,64896,0.0,0,0,0,0,[],0,0,0,0.0,0
aten,aten_adaptive_max_pool2d_cpu,/home/arjaiswal/Polygeist/issues/aten_c_kernels/results/aten_adaptive_max_pool2d_cpu/debuf.mlir,5adf4438a39758a6790e032064fc0020813678cc5239f769a2d2434d972f263f,egglog,1,ok,0,771.5606428682804,0,"[""/usr/bin/python3"", ""/home/arjaiswal/Polygeist/scripts/correctness/kernel_match_rewrite.py"", ""/home/arjaiswal/Polygeist/issues/aten_c_kernels/results/aten_adaptive_max_pool2d_cpu/debuf.mlir"", ""--dry-run"", ""--matcher-mode"", ""egglog"", ""--telemetry-json"", ""/home/arjaiswal/Polygeist/issues/equality_saturation_eval/campaign_20260908/aten-aten_adaptive_max_pool2d_cpu-egglog-kxkh4hg5.json"", ""--disable-semantic-fallback""]","== match report for /home/arjaiswal/Polygeist/issues/aten_c_kernels/results/aten_adaptive_max_pool2d_cpu/debuf.mlir ==
  total: 0 matched / 0 bodies
",0,[],0,0,0,0,/home/arjaiswal/Polygeist/issues/aten_c_kernels/results/aten_adaptive_max_pool2d_cpu/debuf.mlir,5375,8,0,0,293.32152009010315,0,64628,0.0,0,0,0,0,[],0,0,0,0.0,0
aten,aten_adaptive_max_pool2d_cpu,/home/arjaiswal/Polygeist/issues/aten_c_kernels/results/aten_adaptive_max_pool2d_cpu/debuf.mlir,5adf4438a39758a6790e032064fc0020813678cc5239f769a2d2434d972f263f,egglog,2,ok,0,721.6197401285172,0,"[""/usr/bin/python3"", ""/home/arjaiswal/Polygeist/scripts/correctness/kernel_match_rewrite.py"", ""/home/arjaiswal/Polygeist/issues/aten_c_kernels/results/aten_adaptive_max_pool2d_cpu/debuf.mlir"", ""--dry-run"", ""--matcher-mode"", ""egglog"", ""--telemetry-json"", ""/home/arjaiswal/Polygeist/issues/equality_saturation_eval/campaign_20260908/aten-aten_adaptive_max_pool2d_cpu-egglog-4mi9faam.json"", ""--disable-semantic-fallback""]","== match report for /home/arjaiswal/Polygeist/issues/aten_c_kernels/results/aten_adaptive_max_pool2d_cpu/debuf.mlir ==
  total: 0 matched / 0 bodies
",0,[],0,0,0,0,/home/arjaiswal/Polygeist/issues/aten_c_kernels/results/aten_adaptive_max_pool2d_cpu/debuf.mlir,5375,8,0,0,252.12930515408516,0,64692,0.0,0,0,0,0,[],0,0,0,0.0,0
aten,aten_adaptive_max_pool2d_cpu,/home/arjaiswal/Polygeist/issues/aten_c_kernels/results/aten_adaptive_max_pool2d_cpu/debuf.mlir,5adf4438a39758a6790e032064fc0020813678cc5239f769a2d2434d972f263f,syntactic,2,ok,0,762.9689574241638,0,"[""/usr/bin/python3"", ""/home/arjaiswal/Polygeist/scripts/correctness/kernel_match_rewrite.py"", ""/home/arjaiswal/Polygeist/issues/aten_c_kernels/results/aten_adaptive_max_pool2d_cpu/debuf.mlir"", ""--dry-run"", ""--matcher-mode"", ""syntactic"", ""--telemetry-json"", ""/home/arjaiswal/Polygeist/issues/equality_saturation_eval/campaign_20260908/aten-aten_adaptive_max_pool2d_cpu-syntactic-pgghrln_.json"", ""--disable-semantic-fallback""]","== match report for /home/arjaiswal/Polygeist/issues/aten_c_kernels/results/aten_adaptive_max_pool2d_cpu/debuf.mlir ==
  total: 0 matched / 0 bodies
",0,[],0,0,0,0,/home/arjaiswal/Polygeist/issues/aten_c_kernels/results/aten_adaptive_max_pool2d_cpu/debuf.mlir,5375,0,0,0,290.8315695822239,0,64536,0.0,0,0,0,0,[],0,0,0,0.0,0
aten,aten_adaptive_max_pool2d_cpu,/home/arjaiswal/Polygeist/issues/aten_c_kernels/results/aten_adaptive_max_pool2d_cpu/debuf.mlir,5adf4438a39758a6790e032064fc0020813678cc5239f769a2d2434d972f263f,syntactic,3,ok,0,769.1090665757656,0,"[""/usr/bin/python3"", ""/home/arjaiswal/Polygeist/scripts/correctness/kernel_match_rewrite.py"", ""/home/arjaiswal/Polygeist/issues/aten_c_kernels/results/aten_adaptive_max_pool2d_cpu/debuf.mlir"", ""--dry-run"", ""--matcher-mode"", ""syntactic"", ""--telemetry-json"", ""/home/arjaiswal/Polygeist/issues/equality_saturation_eval/campaign_20260908/aten-aten_adaptive_max_pool2d_cpu-syntactic-sx6_apt9.json"", ""--disable-semantic-fallback""]","== match report for /home/arjaiswal/Polygeist/issues/aten_c_kernels/results/aten_adaptive_max_pool2d_cpu/debuf.mlir ==
  total: 0 matched / 0 bodies
",0,[],0,0,0,0,/home/arjaiswal/Polygeist/issues/aten_c_kernels/results/aten_adaptive_max_pool2d_cpu/debuf.mlir,5375,0,0,0,281.0704670846462,0,64756,0.0,0,0,0,0,[],0,0,0,0.0,0
aten,aten_adaptive_max_pool2d_cpu,/home/arjaiswal/Polygeist/issues/aten_c_kernels/results/aten_adaptive_max_pool2d_cpu/debuf.mlir,5adf4438a39758a6790e032064fc0020813678cc5239f769a2d2434d972f263f,egglog,3,ok,0,760.9625235199928,0,"[""/usr/bin/python3"", ""/home/arjaiswal/Polygeist/scripts/correctness/kernel_match_rewrite.py"", ""/home/arjaiswal/Polygeist/issues/aten_c_kernels/results/aten_adaptive_max_pool2d_cpu/debuf.mlir"", ""--dry-run"", ""--matcher-mode"", ""egglog"", ""--telemetry-json"", ""/home/arjaiswal/Polygeist/issues/equality_saturation_eval/campaign_20260908/aten-aten_adaptive_max_pool2d_cpu-egglog-vc13m9sb.json"", ""--disable-semantic-fallback""]","== match report for /home/arjaiswal/Polygeist/issues/aten_c_kernels/results/aten_adaptive_max_pool2d_cpu/debuf.mlir ==
  total: 0 matched / 0 bodies
",0,[],0,0,0,0,/home/arjaiswal/Polygeist/issues/aten_c_kernels/results/aten_adaptive_max_pool2d_cpu/debuf.mlir,5375,8,0,0,260.65443828701973,0,64848,0.0,0,0,0,0,[],0,0,0,0.0,0
aten,aten_adaptive_max_pool2d_cpu,/home/arjaiswal/Polygeist/issues/aten_c_kernels/results/aten_adaptive_max_pool2d_cpu/debuf.mlir,5adf4438a39758a6790e032064fc0020813678cc5239f769a2d2434d972f263f,egglog,4,ok,0,720.2589213848114,0,"[""/usr/bin/python3"", ""/home/arjaiswal/Polygeist/scripts/correctness/kernel_match_rewrite.py"", ""/home/arjaiswal/Polygeist/issues/aten_c_kernels/results/aten_adaptive_max_pool2d_cpu/debuf.mlir"", ""--dry-run"", ""--matcher-mode"", ""egglog"", ""--telemetry-json"", ""/home/arjaiswal/Polygeist/issues/equality_saturation_eval/campaign_20260908/aten-aten_adaptive_max_pool2d_cpu-egglog-fwnxlita.json"", ""--disable-semantic-fallback""]","== match report for /home/arjaiswal/Polygeist/issues/aten_c_kernels/results/aten_adaptive_max_pool2d_cpu/debuf.mlir ==
  total: 0 matched / 0 bodies
",0,[],0,0,0,0,/home/arjaiswal/Polygeist/issues/aten_c_kernels/results/aten_adaptive_max_pool2d_cpu/debuf.mlir,5375,8,0,0,260.7688196003437,0,64592,0.0,0,0,0,0,[],0,0,0,0.0,0
aten,aten_adaptive_max_pool2d_cpu,/home/arjaiswal/Polygeist/issues/aten_c_kernels/results/aten_adaptive_max_pool2d_cpu/debuf.mlir,5adf4438a39758a6790e032064fc0020813678cc5239f769a2d2434d972f263f,syntactic,4,ok,0,780.4661579430103,0,"[""/usr/bin/python3"", ""/home/arjaiswal/Polygeist/scripts/correctness/kernel_match_rewrite.py"", ""/home/arjaiswal/Polygeist/issues/aten_c_kernels/results/aten_adaptive_max_pool2d_cpu/debuf.mlir"", ""--dry-run"", ""--matcher-mode"", ""syntactic"", ""--telemetry-json"", ""/home/arjaiswal/Polygeist/issues/equality_saturation_eval/campaign_20260908/aten-aten_adaptive_max_pool2d_cpu-syntactic-p2iz2_pq.json"", ""--disable-semantic-fallback""]","== match report for /home/arjaiswal/Polygeist/issues/aten_c_kernels/results/aten_adaptive_max_pool2d_cpu/debuf.mlir ==
  total: 0 matched / 0 bodies
",0,[],0,0,0,0,/home/arjaiswal/Polygeist/issues/aten_c_kernels/results/aten_adaptive_max_pool2d_cpu/debuf.mlir,5375,0,0,0,279.71238270401955,0,64884,0.0,0,0,0,0,[],0,0,0,0.0,0
aten,aten_adaptive_max_pool2d_cpu,/home/arjaiswal/Polygeist/issues/aten_c_kernels/results/aten_adaptive_max_pool2d_cpu/debuf.mlir,5adf4438a39758a6790e032064fc0020813678cc5239f769a2d2434d972f263f,syntactic,5,ok,0,764.2091065645218,0,"[""/usr/bin/python3"", ""/home/arjaiswal/Polygeist/scripts/correctness/kernel_match_rewrite.py"", ""/home/arjaiswal/Polygeist/issues/aten_c_kernels/results/aten_adaptive_max_pool2d_cpu/debuf.mlir"", ""--dry-run"", ""--matcher-mode"", ""syntactic"", ""--telemetry-json"", ""/home/arjaiswal/Polygeist/issues/equality_saturation_eval/campaign_20260908/aten-aten_adaptive_max_pool2d_cpu-syntactic-2ms1ckqw.json"", ""--disable-semantic-fallback""]","== match report for /home/arjaiswal/Polygeist/issues/aten_c_kernels/results/aten_adaptive_max_pool2d_cpu/debuf.mlir ==
  total: 0 matched / 0 bodies
",0,[],0,0,0,0,/home/arjaiswal/Polygeist/issues/aten_c_kernels/results/aten_adaptive_max_pool2d_cpu/debuf.mlir,5375,0,0,0,276.73595398664474,0,64484,0.0,0,0,0,0,[],0,0,0,0.0,0
aten,aten_adaptive_max_pool2d_cpu,/home/arjaiswal/Polygeist/issues/aten_c_kernels/results/aten_adaptive_max_pool2d_cpu/debuf.mlir,5adf4438a39758a6790e032064fc0020813678cc5239f769a2d2434d972f263f,egglog,5,ok,0,723.7175703048706,0,"[""/usr/bin/python3"", ""/home/arjaiswal/Polygeist/scripts/correctness/kernel_match_rewrite.py"", ""/home/arjaiswal/Polygeist/issues/aten_c_kernels/results/aten_adaptive_max_pool2d_cpu/debuf.mlir"", ""--dry-run"", ""--matcher-mode"", ""egglog"", ""--telemetry-json"", ""/home/arjaiswal/Polygeist/issues/equality_saturation_eval/campaign_20260908/aten-aten_adaptive_max_pool2d_cpu-egglog-3jmnnfis.json"", ""--disable-semantic-fallback""]","== match report for /home/arjaiswal/Polygeist/issues/aten_c_kernels/results/aten_adaptive_max_pool2d_cpu/debuf.mlir ==
  total: 0 matched / 0 bodies
",0,[],0,0,0,0,/home/arjaiswal/Polygeist/issues/aten_c_kernels/results/aten_adaptive_max_pool2d_cpu/debuf.mlir,5375,8,0,0,259.17792320251465,0,64788,0.0,0,0,0,0,[],0,0,0,0.0,0
aten,aten_adaptive_max_pool3d_backward_cpu,/home/arjaiswal/Polygeist/issues/aten_c_kernels/results/aten_adaptive_max_pool3d_backward_cpu/debuf.mlir,31c2f3b6535a0ee2ca054af90f8dc31783080879b149a6be5b8769777b82849d,egglog,1,ok,0,776.0947272181511,0,"[""/usr/bin/python3"", ""/home/arjaiswal/Polygeist/scripts/correctness/kernel_match_rewrite.py"", ""/home/arjaiswal/Polygeist/issues/aten_c_kernels/results/aten_adaptive_max_pool3d_backward_cpu/debuf.mlir"", ""--dry-run"", ""--matcher-mode"", ""egglog"", ""--telemetry-json"", ""/home/arjaiswal/Polygeist/issues/equality_saturation_eval/campaign_20260908/aten-aten_adaptive_max_pool3d_backward_cpu-egglog-8wepuc2_.json"", ""--disable-semantic-fallback""]","== match report for /home/arjaiswal/Polygeist/issues/aten_c_kernels/results/aten_adaptive_max_pool3d_backward_cpu/debuf.mlir ==
  match          body#[0]  memset_zero_1D_f32
  total: 1 matched / 1 bodies
",0,[],0,0,0,0,/home/arjaiswal/Polygeist/issues/aten_c_kernels/results/aten_adaptive_max_pool3d_backward_cpu/debuf.mlir,3162,8,1,1,313.62413987517357,0,69392,23.982927203178406,2,2,0,0,"[{""body_indices"": [0], ""symbol"": ""memset_zero_1D_f32""}]",1,0,0,0.0,4
aten,aten_adaptive_max_pool3d_backward_cpu,/home/arjaiswal/Polygeist/issues/aten_c_kernels/results/aten_adaptive_max_pool3d_backward_cpu/debuf.mlir,31c2f3b6535a0ee2ca054af90f8dc31783080879b149a6be5b8769777b82849d,syntactic,1,ok,0,770.9314450621605,0,"[""/usr/bin/python3"", ""/home/arjaiswal/Polygeist/scripts/correctness/kernel_match_rewrite.py"", ""/home/arjaiswal/Polygeist/issues/aten_c_kernels/results/aten_adaptive_max_pool3d_backward_cpu/debuf.mlir"", ""--dry-run"", ""--matcher-mode"", ""syntactic"", ""--telemetry-json"", ""/home/arjaiswal/Polygeist/issues/equality_saturation_eval/campaign_20260908/aten-aten_adaptive_max_pool3d_backward_cpu-syntactic-g236pokr.json"", ""--disable-semantic-fallback""]","== match report for /home/arjaiswal/Polygeist/issues/aten_c_kernels/results/aten_adaptive_max_pool3d_backward_cpu/debuf.mlir ==
  match          body#[0]  memset_zero_1D_f32
  total: 1 matched / 1 bodies
",0,[],0,0,0,0,/home/arjaiswal/Polygeist/issues/aten_c_kernels/results/aten_adaptive_max_pool3d_backward_cpu/debuf.mlir,3162,0,1,1,300.45363306999207,0,64672,0.017736107110977173,0,2,0,0,"[{""body_indices"": [0], ""symbol"": ""memset_zero_1D_f32""}]",1,0,4,0.0,4
aten,aten_adaptive_max_pool3d_backward_cpu,/home/arjaiswal/Polygeist/issues/aten_c_kernels/results/aten_adaptive_max_pool3d_backward_cpu/debuf.mlir,31c2f3b6535a0ee2ca054af90f8dc31783080879b149a6be5b8769777b82849d,syntactic,2,ok,0,747.4223636090755,0,"[""/usr/bin/python3"", ""/home/arjaiswal/Polygeist/scripts/correctness/kernel_match_rewrite.py"", ""/home/arjaiswal/Polygeist/issues/aten_c_kernels/results/aten_adaptive_max_pool3d_backward_cpu/debuf.mlir"", ""--dry-run"", ""--matcher-mode"", ""syntactic"", ""--telemetry-json"", ""/home/arjaiswal/Polygeist/issues/equality_saturation_eval/campaign_20260908/aten-aten_adaptive_max_pool3d_backward_cpu-syntactic-wx27k_rs.json"", ""--disable-semantic-fallback""]","== match report for /home/arjaiswal/Polygeist/issues/aten_c_kernels/results/aten_adaptive_max_pool3d_backward_cpu/debuf.mlir ==
  match          body#[0]  memset_zero_1D_f32
  total: 1 matched / 1 bodies
",0,[],0,0,0,0,/home/arjaiswal/Polygeist/issues/aten_c_kernels/results/aten_adaptive_max_pool3d_backward_cpu/debuf.mlir,3162,0,1,1,279.88116815686226,0,64644,0.025663524866104126,0,2,0,0,"[{""body_indices"": [0], ""symbol"": ""memset_zero_1D_f32""}]",1,0,4,0.0,4
aten,aten_adaptive_max_pool3d_backward_cpu,/home/arjaiswal/Polygeist/issues/aten_c_kernels/results/aten_adaptive_max_pool3d_backward_cpu/debuf.mlir,31c2f3b6535a0ee2ca054af90f8dc31783080879b149a6be5b8769777b82849d,egglog,2,ok,0,797.2445078194141,0,"[""/usr/bin/python3"", ""/home/arjaiswal/Polygeist/scripts/correctness/kernel_match_rewrite.py"", ""/home/arjaiswal/Polygeist/issues/aten_c_kernels/results/aten_adaptive_max_pool3d_backward_cpu/debuf.mlir"", ""--dry-run"", ""--matcher-mode"", ""egglog"", ""--telemetry-json"", ""/home/arjaiswal/Polygeist/issues/equality_saturation_eval/campaign_20260908/aten-aten_adaptive_max_pool3d_backward_cpu-egglog-nt_4wmxl.json"", ""--disable-semantic-fallback""]","== match report for /home/arjaiswal/Polygeist/issues/aten_c_kernels/results/aten_adaptive_max_pool3d_backward_cpu/debuf.mlir ==
  match          body#[0]  memset_zero_1D_f32
  total: 1 matched / 1 bodies
",0,[],0,0,0,0,/home/arjaiswal/Polygeist/issues/aten_c_kernels/results/aten_adaptive_max_pool3d_backward_cpu/debuf.mlir,3162,8,1,1,325.710192322731,0,69420,21.177444607019424,2,2,0,0,"[{""body_indices"": [0], ""symbol"": ""memset_zero_1D_f32""}]",1,0,0,0.0,4
aten,aten_adaptive_max_pool3d_backward_cpu,/home/arjaiswal/Polygeist/issues/aten_c_kernels/results/aten_adaptive_max_pool3d_backward_cpu/debuf.mlir,31c2f3b6535a0ee2ca054af90f8dc31783080879b149a6be5b8769777b82849d,egglog,3,ok,0,761.680256575346,0,"[""/usr/bin/python3"", ""/home/arjaiswal/Polygeist/scripts/correctness/kernel_match_rewrite.py"", ""/home/arjaiswal/Polygeist/issues/aten_c_kernels/results/aten_adaptive_max_pool3d_backward_cpu/debuf.mlir"", ""--dry-run"", ""--matcher-mode"", ""egglog"", ""--telemetry-json"", ""/home/arjaiswal/Polygeist/issues/equality_saturation_eval/campaign_20260908/aten-aten_adaptive_max_pool3d_backward_cpu-egglog-dxrqgnle.json"", ""--disable-semantic-fallback""]","== match report for /home/arjaiswal/Polygeist/issues/aten_c_kernels/results/aten_adaptive_max_pool3d_backward_cpu/debuf.mlir ==
  match          body#[0]  memset_zero_1D_f32
  total: 1 matched / 1 bodies
",0,[],0,0,0,0,/home/arjaiswal/Polygeist/issues/aten_c_kernels/results/aten_adaptive_max_pool3d_backward_cpu/debuf.mlir,3162,8,1,1,291.19523242115974,0,69316,22.253524512052536,2,2,0,0,"[{""body_indices"": [0], ""symbol"": ""memset_zero_1D_f32""}]",1,0,0,0.0,4
aten,aten_adaptive_max_pool3d_backward_cpu,/home/arjaiswal/Polygeist/issues/aten_c_kernels/results/aten_adaptive_max_pool3d_backward_cpu/debuf.mlir,31c2f3b6535a0ee2ca054af90f8dc31783080879b149a6be5b8769777b82849d,syntactic,3,ok,0,768.7758319079876,0,"[""/usr/bin/python3"", ""/home/arjaiswal/Polygeist/scripts/correctness/kernel_match_rewrite.py"", ""/home/arjaiswal/Polygeist/issues/aten_c_kernels/results/aten_adaptive_max_pool3d_backward_cpu/debuf.mlir"", ""--dry-run"", ""--matcher-mode"", ""syntactic"", ""--telemetry-json"", ""/home/arjaiswal/Polygeist/issues/equality_saturation_eval/campaign_20260908/aten-aten_adaptive_max_pool3d_backward_cpu-syntactic-6tmvjewi.json"", ""--disable-semantic-fallback""]","== match report for /home/arjaiswal/Polygeist/issues/aten_c_kernels/results/aten_adaptive_max_pool3d_backward_cpu/debuf.mlir ==
  match          body#[0]  memset_zero_1D_f32
  total: 1 matched / 1 bodies
",0,[],0,0,0,0,/home/arjaiswal/Polygeist/issues/aten_c_kernels/results/aten_adaptive_max_pool3d_backward_cpu/debuf.mlir,3162,0,1,1,297.6158410310745,0,64288,0.018619000911712646,0,2,0,0,"[{""body_indices"": [0], ""symbol"": ""memset_zero_1D_f32""}]",1,0,4,0.0,4
aten,aten_adaptive_max_pool3d_backward_cpu,/home/arjaiswal/Polygeist/issues/aten_c_kernels/results/aten_adaptive_max_pool3d_backward_cpu/debuf.mlir,31c2f3b6535a0ee2ca054af90f8dc31783080879b149a6be5b8769777b82849d,syntactic,4,ok,0,806.186880916357,0,"[""/usr/bin/python3"", ""/home/arjaiswal/Polygeist/scripts/correctness/kernel_match_rewrite.py"", ""/home/arjaiswal/Polygeist/issues/aten_c_kernels/results/aten_adaptive_max_pool3d_backward_cpu/debuf.mlir"", ""--dry-run"", ""--matcher-mode"", ""syntactic"", ""--telemetry-json"", ""/home/arjaiswal/Polygeist/issues/equality_saturation_eval/campaign_20260908/aten-aten_adaptive_max_pool3d_backward_cpu-syntactic-nj42o59n.json"", ""--disable-semantic-fallback""]","== match report for /home/arjaiswal/Polygeist/issues/aten_c_kernels/results/aten_adaptive_max_pool3d_backward_cpu/debuf.mlir ==
  match          body#[0]  memset_zero_1D_f32
  total: 1 matched / 1 bodies
",0,[],0,0,0,0,/home/arjaiswal/Polygeist/issues/aten_c_kernels/results/aten_adaptive_max_pool3d_backward_cpu/debuf.mlir,3162,0,1,1,300.36210268735886,0,64752,0.017233192920684814,0,2,0,0,"[{""body_indices"": [0], ""symbol"": ""memset_zero_1D_f32""}]",1,0,4,0.0,4
aten,aten_adaptive_max_pool3d_backward_cpu,/home/arjaiswal/Polygeist/issues/aten_c_kernels/results/aten_adaptive_max_pool3d_backward_cpu/debuf.mlir,31c2f3b6535a0ee2ca054af90f8dc31783080879b149a6be5b8769777b82849d,egglog,4,ok,0,831.5541706979275,0,"[""/usr/bin/python3"", ""/home/arjaiswal/Polygeist/scripts/correctness/kernel_match_rewrite.py"", ""/home/arjaiswal/Polygeist/issues/aten_c_kernels/results/aten_adaptive_max_pool3d_backward_cpu/debuf.mlir"", ""--dry-run"", ""--matcher-mode"", ""egglog"", ""--telemetry-json"", ""/home/arjaiswal/Polygeist/issues/equality_saturation_eval/campaign_20260908/aten-aten_adaptive_max_pool3d_backward_cpu-egglog-56pyw716.json"", ""--disable-semantic-fallback""]","== match report for /home/arjaiswal/Polygeist/issues/aten_c_kernels/results/aten_adaptive_max_pool3d_backward_cpu/debuf.mlir ==
  match          body#[0]  memset_zero_1D_f32
  total: 1 matched / 1 bodies
",0,[],0,0,0,0,/home/arjaiswal/Polygeist/issues/aten_c_kernels/results/aten_adaptive_max_pool3d_backward_cpu/debuf.mlir,3162,8,1,1,317.5014294683933,0,69496,25.9079746901989,2,2,0,0,"[{""body_indices"": [0], ""symbol"": ""memset_zero_1D_f32""}]",1,0,0,0.0,4
aten,aten_adaptive_max_pool3d_backward_cpu,/home/arjaiswal/Polygeist/issues/aten_c_kernels/results/aten_adaptive_max_pool3d_backward_cpu/debuf.mlir,31c2f3b6535a0ee2ca054af90f8dc31783080879b149a6be5b8769777b82849d,egglog,5,ok,0,805.8537431061268,0,"[""/usr/bin/python3"", ""/home/arjaiswal/Polygeist/scripts/correctness/kernel_match_rewrite.py"", ""/home/arjaiswal/Polygeist/issues/aten_c_kernels/results/aten_adaptive_max_pool3d_backward_cpu/debuf.mlir"", ""--dry-run"", ""--matcher-mode"", ""egglog"", ""--telemetry-json"", ""/home/arjaiswal/Polygeist/issues/equality_saturation_eval/campaign_20260908/aten-aten_adaptive_max_pool3d_backward_cpu-egglog-g_uaw1sd.json"", ""--disable-semantic-fallback""]","== match report for /home/arjaiswal/Polygeist/issues/aten_c_kernels/results/aten_adaptive_max_pool3d_backward_cpu/debuf.mlir ==
  match          body#[0]  memset_zero_1D_f32
  total: 1 matched / 1 bodies
",0,[],0,0,0,0,/home/arjaiswal/Polygeist/issues/aten_c_kernels/results/aten_adaptive_max_pool3d_backward_cpu/debuf.mlir,3162,8,1,1,320.69963961839676,0,69524,24.856839329004288,2,2,0,0,"[{""body_indices"": [0], ""symbol"": ""memset_zero_1D_f32""}]",1,0,0,0.0,4
aten,aten_adaptive_max_pool3d_backward_cpu,/home/arjaiswal/Polygeist/issues/aten_c_kernels/results/aten_adaptive_max_pool3d_backward_cpu/debuf.mlir,31c2f3b6535a0ee2ca054af90f8dc31783080879b149a6be5b8769777b82849d,syntactic,5,ok,0,715.9091159701347,0,"[""/usr/bin/python3"", ""/home/arjaiswal/Polygeist/scripts/correctness/kernel_match_rewrite.py"", ""/home/arjaiswal/Polygeist/issues/aten_c_kernels/results/aten_adaptive_max_pool3d_backward_cpu/debuf.mlir"", ""--dry-run"", ""--matcher-mode"", ""syntactic"", ""--telemetry-json"", ""/home/arjaiswal/Polygeist/issues/equality_saturation_eval/campaign_20260908/aten-aten_adaptive_max_pool3d_backward_cpu-syntactic-8drcy3iw.json"", ""--disable-semantic-fallback""]","== match report for /home/arjaiswal/Polygeist/issues/aten_c_kernels/results/aten_adaptive_max_pool3d_backward_cpu/debuf.mlir ==
  match          body#[0]  memset_zero_1D_f32
  total: 1 matched / 1 bodies
",0,[],0,0,0,0,/home/arjaiswal/Polygeist/issues/aten_c_kernels/results/aten_adaptive_max_pool3d_backward_cpu/debuf.mlir,3162,0,1,1,279.95166927576065,0,64608,0.01640990376472473,0,2,0,0,"[{""body_indices"": [0], ""symbol"": ""memset_zero_1D_f32""}]",1,0,4,0.0,4
aten,aten_adaptive_max_pool3d_cpu,/home/arjaiswal/Polygeist/issues/aten_c_kernels/results/aten_adaptive_max_pool3d_cpu/debuf.mlir,743877a3031b8194b0996c12ad760fe8b4b9cf0a7a00453955cc088bd84278e5,syntactic,1,ok,0,722.5425094366074,0,"[""/usr/bin/python3"", ""/home/arjaiswal/Polygeist/scripts/correctness/kernel_match_rewrite.py"", ""/home/arjaiswal/Polygeist/issues/aten_c_kernels/results/aten_adaptive_max_pool3d_cpu/debuf.mlir"", ""--dry-run"", ""--matcher-mode"", ""syntactic"", ""--telemetry-json"", ""/home/arjaiswal/Polygeist/issues/equality_saturation_eval/campaign_20260908/aten-aten_adaptive_max_pool3d_cpu-syntactic-pkzkq7uh.json"", ""--disable-semantic-fallback""]","== match report for /home/arjaiswal/Polygeist/issues/aten_c_kernels/results/aten_adaptive_max_pool3d_cpu/debuf.mlir ==
  total: 0 matched / 0 bodies
",0,[],0,0,0,0,/home/arjaiswal/Polygeist/issues/aten_c_kernels/results/aten_adaptive_max_pool3d_cpu/debuf.mlir,7037,0,0,0,264.0601024031639,0,64612,0.0,0,0,0,0,[],0,0,0,0.0,0
aten,aten_adaptive_max_pool3d_cpu,/home/arjaiswal/Polygeist/issues/aten_c_kernels/results/aten_adaptive_max_pool3d_cpu/debuf.mlir,743877a3031b8194b0996c12ad760fe8b4b9cf0a7a00453955cc088bd84278e5,egglog,1,ok,0,715.600986033678,0,"[""/usr/bin/python3"", ""/home/arjaiswal/Polygeist/scripts/correctness/kernel_match_rewrite.py"", ""/home/arjaiswal/Polygeist/issues/aten_c_kernels/results/aten_adaptive_max_pool3d_cpu/debuf.mlir"", ""--dry-run"", ""--matcher-mode"", ""egglog"", ""--telemetry-json"", ""/home/arjaiswal/Polygeist/issues/equality_saturation_eval/campaign_20260908/aten-aten_adaptive_max_pool3d_cpu-egglog-i8y3otde.json"", ""--disable-semantic-fallback""]","== match report for /home/arjaiswal/Polygeist/issues/aten_c_kernels/results/aten_adaptive_max_pool3d_cpu/debuf.mlir ==
  total: 0 matched / 0 bodies
",0,[],0,0,0,0,/home/arjaiswal/Polygeist/issues/aten_c_kernels/results/aten_adaptive_max_pool3d_cpu/debuf.mlir,7037,8,0,0,264.9425268173218,0,64660,0.0,0,0,0,0,[],0,0,0,0.0,0
aten,aten_adaptive_max_pool3d_cpu,/home/arjaiswal/Polygeist/issues/aten_c_kernels/results/aten_adaptive_max_pool3d_cpu/debuf.mlir,743877a3031b8194b0996c12ad760fe8b4b9cf0a7a00453955cc088bd84278e5,egglog,2,ok,0,778.1249210238457,0,"[""/usr/bin/python3"", ""/home/arjaiswal/Polygeist/scripts/correctness/kernel_match_rewrite.py"", ""/home/arjaiswal/Polygeist/issues/aten_c_kernels/results/aten_adaptive_max_pool3d_cpu/debuf.mlir"", ""--dry-run"", ""--matcher-mode"", ""egglog"", ""--telemetry-json"", ""/home/arjaiswal/Polygeist/issues/equality_saturation_eval/campaign_20260908/aten-aten_adaptive_max_pool3d_cpu-egglog-r1y08ust.json"", ""--disable-semantic-fallback""]","== match report for /home/arjaiswal/Polygeist/issues/aten_c_kernels/results/aten_adaptive_max_pool3d_cpu/debuf.mlir ==
  total: 0 matched / 0 bodies
",0,[],0,0,0,0,/home/arjaiswal/Polygeist/issues/aten_c_kernels/results/aten_adaptive_max_pool3d_cpu/debuf.mlir,7037,8,0,0,273.31971004605293,0,64588,0.0,0,0,0,0,[],0,0,0,0.0,0
aten,aten_adaptive_max_pool3d_cpu,/home/arjaiswal/Polygeist/issues/aten_c_kernels/results/aten_adaptive_max_pool3d_cpu/debuf.mlir,743877a3031b8194b0996c12ad760fe8b4b9cf0a7a00453955cc088bd84278e5,syntactic,2,ok,0,769.7624266147614,0,"[""/usr/bin/python3"", ""/home/arjaiswal/Polygeist/scripts/correctness/kernel_match_rewrite.py"", ""/home/arjaiswal/Polygeist/issues/aten_c_kernels/results/aten_adaptive_max_pool3d_cpu/debuf.mlir"", ""--dry-run"", ""--matcher-mode"", ""syntactic"", ""--telemetry-json"", ""/home/arjaiswal/Polygeist/issues/equality_saturation_eval/campaign_20260908/aten-aten_adaptive_max_pool3d_cpu-syntactic-5lizab91.json"", ""--disable-semantic-fallback""]","== match report for /home/arjaiswal/Polygeist/issues/aten_c_kernels/results/aten_adaptive_max_pool3d_cpu/debuf.mlir ==
  total: 0 matched / 0 bodies
",0,[],0,0,0,0,/home/arjaiswal/Polygeist/issues/aten_c_kernels/results/aten_adaptive_max_pool3d_cpu/debuf.mlir,7037,0,0,0,276.4219418168068,0,64620,0.0,0,0,0,0,[],0,0,0,0.0,0
aten,aten_adaptive_max_pool3d_cpu,/home/arjaiswal/Polygeist/issues/aten_c_kernels/results/aten_adaptive_max_pool3d_cpu/debuf.mlir,743877a3031b8194b0996c12ad760fe8b4b9cf0a7a00453955cc088bd84278e5,syntactic,3,ok,0,769.1540084779263,0,"[""/usr/bin/python3"", ""/home/arjaiswal/Polygeist/scripts/correctness/kernel_match_rewrite.py"", ""/home/arjaiswal/Polygeist/issues/aten_c_kernels/results/aten_adaptive_max_pool3d_cpu/debuf.mlir"", ""--dry-run"", ""--matcher-mode"", ""syntactic"", ""--telemetry-json"", ""/home/arjaiswal/Polygeist/issues/equality_saturation_eval/campaign_20260908/aten-aten_adaptive_max_pool3d_cpu-syntactic-35xqabqt.json"", ""--disable-semantic-fallback""]","== match report for /home/arjaiswal/Polygeist/issues/aten_c_kernels/results/aten_adaptive_max_pool3d_cpu/debuf.mlir ==
  total: 0 matched / 0 bodies
",0,[],0,0,0,0,/home/arjaiswal/Polygeist/issues/aten_c_kernels/results/aten_adaptive_max_pool3d_cpu/debuf.mlir,7037,0,0,0,271.69133350253105,0,64596,0.0,0,0,0,0,[],0,0,0,0.0,0
aten,aten_adaptive_max_pool3d_cpu,/home/arjaiswal/Polygeist/issues/aten_c_kernels/results/aten_adaptive_max_pool3d_cpu/debuf.mlir,743877a3031b8194b0996c12ad760fe8b4b9cf0a7a00453955cc088bd84278e5,egglog,3,ok,0,729.1610948741436,0,"[""/usr/bin/python3"", ""/home/arjaiswal/Polygeist/scripts/correctness/kernel_match_rewrite.py"", ""/home/arjaiswal/Polygeist/issues/aten_c_kernels/results/aten_adaptive_max_pool3d_cpu/debuf.mlir"", ""--dry-run"", ""--matcher-mode"", ""egglog"", ""--telemetry-json"", ""/home/arjaiswal/Polygeist/issues/equality_saturation_eval/campaign_20260908/aten-aten_adaptive_max_pool3d_cpu-egglog-l0zm55ki.json"", ""--disable-semantic-fallback""]","== match report for /home/arjaiswal/Polygeist/issues/aten_c_kernels/results/aten_adaptive_max_pool3d_cpu/debuf.mlir ==
  total: 0 matched / 0 bodies
",0,[],0,0,0,0,/home/arjaiswal/Polygeist/issues/aten_c_kernels/results/aten_adaptive_max_pool3d_cpu/debuf.mlir,7037,8,0,0,259.8835863173008,0,64760,0.0,0,0,0,0,[],0,0,0,0.0,0
aten,aten_adaptive_max_pool3d_cpu,/home/arjaiswal/Polygeist/issues/aten_c_kernels/results/aten_adaptive_max_pool3d_cpu/debuf.mlir,743877a3031b8194b0996c12ad760fe8b4b9cf0a7a00453955cc088bd84278e5,egglog,4,ok,0,750.5212351679802,0,"[""/usr/bin/python3"", ""/home/arjaiswal/Polygeist/scripts/correctness/kernel_match_rewrite.py"", ""/home/arjaiswal/Polygeist/issues/aten_c_kernels/results/aten_adaptive_max_pool3d_cpu/debuf.mlir"", ""--dry-run"", ""--matcher-mode"", ""egglog"", ""--telemetry-json"", ""/home/arjaiswal/Polygeist/issues/equality_saturation_eval/campaign_20260908/aten-aten_adaptive_max_pool3d_cpu-egglog-p2jeser3.json"", ""--disable-semantic-fallback""]","== match report for /home/arjaiswal/Polygeist/issues/aten_c_kernels/results/aten_adaptive_max_pool3d_cpu/debuf.mlir ==
  total: 0 matched / 0 bodies
",0,[],0,0,0,0,/home/arjaiswal/Polygeist/issues/aten_c_kernels/results/aten_adaptive_max_pool3d_cpu/debuf.mlir,7037,8,0,0,293.4802956879139,0,64820,0.0,0,0,0,0,[],0,0,0,0.0,0
aten,aten_adaptive_max_pool3d_cpu,/home/arjaiswal/Polygeist/issues/aten_c_kernels/results/aten_adaptive_max_pool3d_cpu/debuf.mlir,743877a3031b8194b0996c12ad760fe8b4b9cf0a7a00453955cc088bd84278e5,syntactic,4,ok,0,815.0830678641796,0,"[""/usr/bin/python3"", ""/home/arjaiswal/Polygeist/scripts/correctness/kernel_match_rewrite.py"", ""/home/arjaiswal/Polygeist/issues/aten_c_kernels/results/aten_adaptive_max_pool3d_cpu/debuf.mlir"", ""--dry-run"", ""--matcher-mode"", ""syntactic"", ""--telemetry-json"", ""/home/arjaiswal/Polygeist/issues/equality_saturation_eval/campaign_20260908/aten-aten_adaptive_max_pool3d_cpu-syntactic-llhdmdci.json"", ""--disable-semantic-fallback""]","== match report for /home/arjaiswal/Polygeist/issues/aten_c_kernels/results/aten_adaptive_max_pool3d_cpu/debuf.mlir ==
  total: 0 matched / 0 bodies
",0,[],0,0,0,0,/home/arjaiswal/Polygeist/issues/aten_c_kernels/results/aten_adaptive_max_pool3d_cpu/debuf.mlir,7037,0,0,0,263.12850415706635,0,64760,0.0,0,0,0,0,[],0,0,0,0.0,0
aten,aten_adaptive_max_pool3d_cpu,/home/arjaiswal/Polygeist/issues/aten_c_kernels/results/aten_adaptive_max_pool3d_cpu/debuf.mlir,743877a3031b8194b0996c12ad760fe8b4b9cf0a7a00453955cc088bd84278e5,syntactic,5,ok,0,849.0846157073975,0,"[""/usr/bin/python3"", ""/home/arjaiswal/Polygeist/scripts/correctness/kernel_match_rewrite.py"", ""/home/arjaiswal/Polygeist/issues/aten_c_kernels/results/aten_adaptive_max_pool3d_cpu/debuf.mlir"", ""--dry-run"", ""--matcher-mode"", ""syntactic"", ""--telemetry-json"", ""/home/arjaiswal/Polygeist/issues/equality_saturation_eval/campaign_20260908/aten-aten_adaptive_max_pool3d_cpu-syntactic-9skto5p9.json"", ""--disable-semantic-fallback""]","== match report for /home/arjaiswal/Polygeist/issues/aten_c_kernels/results/aten_adaptive_max_pool3d_cpu/debuf.mlir ==
  total: 0 matched / 0 bodies
",0,[],0,0,0,0,/home/arjaiswal/Polygeist/issues/aten_c_kernels/results/aten_adaptive_max_pool3d_cpu/debuf.mlir,7037,0,0,0,325.8761130273342,0,64784,0.0,0,0,0,0,[],0,0,0,0.0,0
aten,aten_adaptive_max_pool3d_cpu,/home/arjaiswal/Polygeist/issues/aten_c_kernels/results/aten_adaptive_max_pool3d_cpu/debuf.mlir,743877a3031b8194b0996c12ad760fe8b4b9cf0a7a00453955cc088bd84278e5,egglog,5,ok,0,781.3576199114323,0,"[""/usr/bin/python3"", ""/home/arjaiswal/Polygeist/scripts/correctness/kernel_match_rewrite.py"", ""/home/arjaiswal/Polygeist/issues/aten_c_kernels/results/aten_adaptive_max_pool3d_cpu/debuf.mlir"", ""--dry-run"", ""--matcher-mode"", ""egglog"", ""--telemetry-json"", ""/home/arjaiswal/Polygeist/issues/equality_saturation_eval/campaign_20260908/aten-aten_adaptive_max_pool3d_cpu-egglog-d0y57yl0.json"", ""--disable-semantic-fallback""]","== match report for /home/arjaiswal/Polygeist/issues/aten_c_kernels/results/aten_adaptive_max_pool3d_cpu/debuf.mlir ==
  total: 0 matched / 0 bodies
",0,[],0,0,0,0,/home/arjaiswal/Polygeist/issues/aten_c_kernels/results/aten_adaptive_max_pool3d_cpu/debuf.mlir,7037,8,0,0,325.2594582736492,0,64796,0.0,0,0,0,0,[],0,0,0,0.0,0
aten,aten_adaptive_max_pool3d_legacy_backward_cpu,/home/arjaiswal/Polygeist/issues/aten_c_kernels/results/aten_adaptive_max_pool3d_legacy_backward_cpu/debuf.mlir,33b6074b4926d73f6403b36947b6348669c9480f09e32e63da44c0a0f765a2c1,egglog,1,ok,0,730.9852801263332,0,"[""/usr/bin/python3"", ""/home/arjaiswal/Polygeist/scripts/correctness/kernel_match_rewrite.py"", ""/home/arjaiswal/Polygeist/issues/aten_c_kernels/results/aten_adaptive_max_pool3d_legacy_backward_cpu/debuf.mlir"", ""--dry-run"", ""--matcher-mode"", ""egglog"", ""--telemetry-json"", ""/home/arjaiswal/Polygeist/issues/equality_saturation_eval/campaign_20260908/aten-aten_adaptive_max_pool3d_legacy_backward_cpu-egglog-fw0vkovu.json"", ""--disable-semantic-fallback""]","== match report for /home/arjaiswal/Polygeist/issues/aten_c_kernels/results/aten_adaptive_max_pool3d_legacy_backward_cpu/debuf.mlir ==
  total: 0 matched / 0 bodies
",0,[],0,0,0,0,/home/arjaiswal/Polygeist/issues/aten_c_kernels/results/aten_adaptive_max_pool3d_legacy_backward_cpu/debuf.mlir,2820,8,0,0,257.05520808696747,0,64832,0.0,0,0,0,0,[],0,0,0,0.0,0
aten,aten_adaptive_max_pool3d_legacy_backward_cpu,/home/arjaiswal/Polygeist/issues/aten_c_kernels/results/aten_adaptive_max_pool3d_legacy_backward_cpu/debuf.mlir,33b6074b4926d73f6403b36947b6348669c9480f09e32e63da44c0a0f765a2c1,syntactic,1,ok,0,722.3576791584492,0,"[""/usr/bin/python3"", ""/home/arjaiswal/Polygeist/scripts/correctness/kernel_match_rewrite.py"", ""/home/arjaiswal/Polygeist/issues/aten_c_kernels/results/aten_adaptive_max_pool3d_legacy_backward_cpu/debuf.mlir"", ""--dry-run"", ""--matcher-mode"", ""syntactic"", ""--telemetry-json"", ""/home/arjaiswal/Polygeist/issues/equality_saturation_eval/campaign_20260908/aten-aten_adaptive_max_pool3d_legacy_backward_cpu-syntactic-rtnozp19.json"", ""--disable-semantic-fallback""]","== match report for /home/arjaiswal/Polygeist/issues/aten_c_kernels/results/aten_adaptive_max_pool3d_legacy_backward_cpu/debuf.mlir ==
  total: 0 matched / 0 bodies
",0,[],0,0,0,0,/home/arjaiswal/Polygeist/issues/aten_c_kernels/results/aten_adaptive_max_pool3d_legacy_backward_cpu/debuf.mlir,2820,0,0,0,246.83063477277756,0,64652,0.0,0,0,0,0,[],0,0,0,0.0,0
aten,aten_adaptive_max_pool3d_legacy_backward_cpu,/home/arjaiswal/Polygeist/issues/aten_c_kernels/results/aten_adaptive_max_pool3d_legacy_backward_cpu/debuf.mlir,33b6074b4926d73f6403b36947b6348669c9480f09e32e63da44c0a0f765a2c1,syntactic,2,ok,0,706.1353139579296,0,"[""/usr/bin/python3"", ""/home/arjaiswal/Polygeist/scripts/correctness/kernel_match_rewrite.py"", ""/home/arjaiswal/Polygeist/issues/aten_c_kernels/results/aten_adaptive_max_pool3d_legacy_backward_cpu/debuf.mlir"", ""--dry-run"", ""--matcher-mode"", ""syntactic"", ""--telemetry-json"", ""/home/arjaiswal/Polygeist/issues/equality_saturation_eval/campaign_20260908/aten-aten_adaptive_max_pool3d_legacy_backward_cpu-syntactic-ofdhlhy5.json"", ""--disable-semantic-fallback""]","== match report for /home/arjaiswal/Polygeist/issues/aten_c_kernels/results/aten_adaptive_max_pool3d_legacy_backward_cpu/debuf.mlir ==
  total: 0 matched / 0 bodies
",0,[],0,0,0,0,/home/arjaiswal/Polygeist/issues/aten_c_kernels/results/aten_adaptive_max_pool3d_legacy_backward_cpu/debuf.mlir,2820,0,0,0,256.12565502524376,0,64640,0.0,0,0,0,0,[],0,0,0,0.0,0
aten,aten_adaptive_max_pool3d_legacy_backward_cpu,/home/arjaiswal/Polygeist/issues/aten_c_kernels/results/aten_adaptive_max_pool3d_legacy_backward_cpu/debuf.mlir,33b6074b4926d73f6403b36947b6348669c9480f09e32e63da44c0a0f765a2c1,egglog,2,ok,0,720.3621156513691,0,"[""/usr/bin/python3"", ""/home/arjaiswal/Polygeist/scripts/correctness/kernel_match_rewrite.py"", ""/home/arjaiswal/Polygeist/issues/aten_c_kernels/results/aten_adaptive_max_pool3d_legacy_backward_cpu/debuf.mlir"", ""--dry-run"", ""--matcher-mode"", ""egglog"", ""--telemetry-json"", ""/home/arjaiswal/Polygeist/issues/equality_saturation_eval/campaign_20260908/aten-aten_adaptive_max_pool3d_legacy_backward_cpu-egglog-w0kdt7fs.json"", ""--disable-semantic-fallback""]","== match report for /home/arjaiswal/Polygeist/issues/aten_c_kernels/results/aten_adaptive_max_pool3d_legacy_backward_cpu/debuf.mlir ==
  total: 0 matched / 0 bodies
",0,[],0,0,0,0,/home/arjaiswal/Polygeist/issues/aten_c_kernels/results/aten_adaptive_max_pool3d_legacy_backward_cpu/debuf.mlir,2820,8,0,0,264.45619761943817,0,64624,0.0,0,0,0,0,[],0,0,0,0.0,0
aten,aten_adaptive_max_pool3d_legacy_backward_cpu,/home/arjaiswal/Polygeist/issues/aten_c_kernels/results/aten_adaptive_max_pool3d_legacy_backward_cpu/debuf.mlir,33b6074b4926d73f6403b36947b6348669c9480f09e32e63da44c0a0f765a2c1,egglog,3,ok,0,725.0680960714817,0,"[""/usr/bin/python3"", ""/home/arjaiswal/Polygeist/scripts/correctness/kernel_match_rewrite.py"", ""/home/arjaiswal/Polygeist/issues/aten_c_kernels/results/aten_adaptive_max_pool3d_legacy_backward_cpu/debuf.mlir"", ""--dry-run"", ""--matcher-mode"", ""egglog"", ""--telemetry-json"", ""/home/arjaiswal/Polygeist/issues/equality_saturation_eval/campaign_20260908/aten-aten_adaptive_max_pool3d_legacy_backward_cpu-egglog-thnlkit0.json"", ""--disable-semantic-fallback""]","== match report for /home/arjaiswal/Polygeist/issues/aten_c_kernels/results/aten_adaptive_max_pool3d_legacy_backward_cpu/debuf.mlir ==
  total: 0 matched / 0 bodies
",0,[],0,0,0,0,/home/arjaiswal/Polygeist/issues/aten_c_kernels/results/aten_adaptive_max_pool3d_legacy_backward_cpu/debuf.mlir,2820,8,0,0,267.5395607948303,0,64988,0.0,0,0,0,0,[],0,0,0,0.0,0
aten,aten_adaptive_max_pool3d_legacy_backward_cpu,/home/arjaiswal/Polygeist/issues/aten_c_kernels/results/aten_adaptive_max_pool3d_legacy_backward_cpu/debuf.mlir,33b6074b4926d73f6403b36947b6348669c9480f09e32e63da44c0a0f765a2c1,syntactic,3,ok,0,731.6492646932602,0,"[""/usr/bin/python3"", ""/home/arjaiswal/Polygeist/scripts/correctness/kernel_match_rewrite.py"", ""/home/arjaiswal/Polygeist/issues/aten_c_kernels/results/aten_adaptive_max_pool3d_legacy_backward_cpu/debuf.mlir"", ""--dry-run"", ""--matcher-mode"", ""syntactic"", ""--telemetry-json"", ""/home/arjaiswal/Polygeist/issues/equality_saturation_eval/campaign_20260908/aten-aten_adaptive_max_pool3d_legacy_backward_cpu-syntactic-e3xgfspf.json"", ""--disable-semantic-fallback""]","== match report for /home/arjaiswal/Polygeist/issues/aten_c_kernels/results/aten_adaptive_max_pool3d_legacy_backward_cpu/debuf.mlir ==
  total: 0 matched / 0 bodies
",0,[],0,0,0,0,/home/arjaiswal/Polygeist/issues/aten_c_kernels/results/aten_adaptive_max_pool3d_legacy_backward_cpu/debuf.mlir,2820,0,0,0,276.4701284468174,0,64728,0.0,0,0,0,0,[],0,0,0,0.0,0
aten,aten_adaptive_max_pool3d_legacy_backward_cpu,/home/arjaiswal/Polygeist/issues/aten_c_kernels/results/aten_adaptive_max_pool3d_legacy_backward_cpu/debuf.mlir,33b6074b4926d73f6403b36947b6348669c9480f09e32e63da44c0a0f765a2c1,syntactic,4,ok,0,730.4528653621674,0,"[""/usr/bin/python3"", ""/home/arjaiswal/Polygeist/scripts/correctness/kernel_match_rewrite.py"", ""/home/arjaiswal/Polygeist/issues/aten_c_kernels/results/aten_adaptive_max_pool3d_legacy_backward_cpu/debuf.mlir"", ""--dry-run"", ""--matcher-mode"", ""syntactic"", ""--telemetry-json"", ""/home/arjaiswal/Polygeist/issues/equality_saturation_eval/campaign_20260908/aten-aten_adaptive_max_pool3d_legacy_backward_cpu-syntactic-_fnd_ecy.json"", ""--disable-semantic-fallback""]","== match report for /home/arjaiswal/Polygeist/issues/aten_c_kernels/results/aten_adaptive_max_pool3d_legacy_backward_cpu/debuf.mlir ==
  total: 0 matched / 0 bodies
",0,[],0,0,0,0,/home/arjaiswal/Polygeist/issues/aten_c_kernels/results/aten_adaptive_max_pool3d_legacy_backward_cpu/debuf.mlir,2820,0,0,0,271.3654115796089,0,64404,0.0,0,0,0,0,[],0,0,0,0.0,0
aten,aten_adaptive_max_pool3d_legacy_backward_cpu,/home/arjaiswal/Polygeist/issues/aten_c_kernels/results/aten_adaptive_max_pool3d_legacy_backward_cpu/debuf.mlir,33b6074b4926d73f6403b36947b6348669c9480f09e32e63da44c0a0f765a2c1,egglog,4,ok,0,747.3818995058537,0,"[""/usr/bin/python3"", ""/home/arjaiswal/Polygeist/scripts/correctness/kernel_match_rewrite.py"", ""/home/arjaiswal/Polygeist/issues/aten_c_kernels/results/aten_adaptive_max_pool3d_legacy_backward_cpu/debuf.mlir"", ""--dry-run"", ""--matcher-mode"", ""egglog"", ""--telemetry-json"", ""/home/arjaiswal/Polygeist/issues/equality_saturation_eval/campaign_20260908/aten-aten_adaptive_max_pool3d_legacy_backward_cpu-egglog-ru8up0_m.json"", ""--disable-semantic-fallback""]","== match report for /home/arjaiswal/Polygeist/issues/aten_c_kernels/results/aten_adaptive_max_pool3d_legacy_backward_cpu/debuf.mlir ==
  total: 0 matched / 0 bodies
",0,[],0,0,0,0,/home/arjaiswal/Polygeist/issues/aten_c_kernels/results/aten_adaptive_max_pool3d_legacy_backward_cpu/debuf.mlir,2820,8,0,0,264.7685371339321,0,64884,0.0,0,0,0,0,[],0,0,0,0.0,0
aten,aten_adaptive_max_pool3d_legacy_backward_cpu,/home/arjaiswal/Polygeist/issues/aten_c_kernels/results/aten_adaptive_max_pool3d_legacy_backward_cpu/debuf.mlir,33b6074b4926d73f6403b36947b6348669c9480f09e32e63da44c0a0f765a2c1,egglog,5,ok,0,718.5815274715424,0,"[""/usr/bin/python3"", ""/home/arjaiswal/Polygeist/scripts/correctness/kernel_match_rewrite.py"", ""/home/arjaiswal/Polygeist/issues/aten_c_kernels/results/aten_adaptive_max_pool3d_legacy_backward_cpu/debuf.mlir"", ""--dry-run"", ""--matcher-mode"", ""egglog"", ""--telemetry-json"", ""/home/arjaiswal/Polygeist/issues/equality_saturation_eval/campaign_20260908/aten-aten_adaptive_max_pool3d_legacy_backward_cpu-egglog-vrgatnuk.json"", ""--disable-semantic-fallback""]","== match report for /home/arjaiswal/Polygeist/issues/aten_c_kernels/results/aten_adaptive_max_pool3d_legacy_backward_cpu/debuf.mlir ==
  total: 0 matched / 0 bodies
",0,[],0,0,0,0,/home/arjaiswal/Polygeist/issues/aten_c_kernels/results/aten_adaptive_max_pool3d_legacy_backward_cpu/debuf.mlir,2820,8,0,0,264.1484849154949,0,64636,0.0,0,0,0,0,[],0,0,0,0.0,0
aten,aten_adaptive_max_pool3d_legacy_backward_cpu,/home/arjaiswal/Polygeist/issues/aten_c_kernels/results/aten_adaptive_max_pool3d_legacy_backward_cpu/debuf.mlir,33b6074b4926d73f6403b36947b6348669c9480f09e32e63da44c0a0f765a2c1,syntactic,5,ok,0,691.2729777395725,0,"[""/usr/bin/python3"", ""/home/arjaiswal/Polygeist/scripts/correctness/kernel_match_rewrite.py"", ""/home/arjaiswal/Polygeist/issues/aten_c_kernels/results/aten_adaptive_max_pool3d_legacy_backward_cpu/debuf.mlir"", ""--dry-run"", ""--matcher-mode"", ""syntactic"", ""--telemetry-json"", ""/home/arjaiswal/Polygeist/issues/equality_saturation_eval/campaign_20260908/aten-aten_adaptive_max_pool3d_legacy_backward_cpu-syntactic-drbo1vi2.json"", ""--disable-semantic-fallback""]","== match report for /home/arjaiswal/Polygeist/issues/aten_c_kernels/results/aten_adaptive_max_pool3d_legacy_backward_cpu/debuf.mlir ==
  total: 0 matched / 0 bodies
",0,[],0,0,0,0,/home/arjaiswal/Polygeist/issues/aten_c_kernels/results/aten_adaptive_max_pool3d_legacy_backward_cpu/debuf.mlir,2820,0,0,0,254.3252892792225,0,64404,0.0,0,0,0,0,[],0,0,0,0.0,0
aten,aten_adaptive_max_pool3d_legacy_cpu,/home/arjaiswal/Polygeist/issues/aten_c_kernels/results/aten_adaptive_max_pool3d_legacy_cpu/debuf.mlir,1d46361eebe498da7c8fcc17bed42e27d9cd9785bc7407dc158bf2c30a91941e,syntactic,1,ok,0,706.4055688679218,0,"[""/usr/bin/python3"", ""/home/arjaiswal/Polygeist/scripts/correctness/kernel_match_rewrite.py"", ""/home/arjaiswal/Polygeist/issues/aten_c_kernels/results/aten_adaptive_max_pool3d_legacy_cpu/debuf.mlir"", ""--dry-run"", ""--matcher-mode"", ""syntactic"", ""--telemetry-json"", ""/home/arjaiswal/Polygeist/issues/equality_saturation_eval/campaign_20260908/aten-aten_adaptive_max_pool3d_legacy_cpu-syntactic-wbglkb0s.json"", ""--disable-semantic-fallback""]","== match report for /home/arjaiswal/Polygeist/issues/aten_c_kernels/results/aten_adaptive_max_pool3d_legacy_cpu/debuf.mlir ==
  total: 0 matched / 0 bodies
",0,[],0,0,0,0,/home/arjaiswal/Polygeist/issues/aten_c_kernels/results/aten_adaptive_max_pool3d_legacy_cpu/debuf.mlir,7435,0,0,0,262.8737576305866,0,64688,0.0,0,0,0,0,[],0,0,0,0.0,0
aten,aten_adaptive_max_pool3d_legacy_cpu,/home/arjaiswal/Polygeist/issues/aten_c_kernels/results/aten_adaptive_max_pool3d_legacy_cpu/debuf.mlir,1d46361eebe498da7c8fcc17bed42e27d9cd9785bc7407dc158bf2c30a91941e,egglog,1,ok,0,725.3581546247005,0,"[""/usr/bin/python3"", ""/home/arjaiswal/Polygeist/scripts/correctness/kernel_match_rewrite.py"", ""/home/arjaiswal/Polygeist/issues/aten_c_kernels/results/aten_adaptive_max_pool3d_legacy_cpu/debuf.mlir"", ""--dry-run"", ""--matcher-mode"", ""egglog"", ""--telemetry-json"", ""/home/arjaiswal/Polygeist/issues/equality_saturation_eval/campaign_20260908/aten-aten_adaptive_max_pool3d_legacy_cpu-egglog-ljrtw703.json"", ""--disable-semantic-fallback""]","== match report for /home/arjaiswal/Polygeist/issues/aten_c_kernels/results/aten_adaptive_max_pool3d_legacy_cpu/debuf.mlir ==
  total: 0 matched / 0 bodies
",0,[],0,0,0,0,/home/arjaiswal/Polygeist/issues/aten_c_kernels/results/aten_adaptive_max_pool3d_legacy_cpu/debuf.mlir,7435,8,0,0,256.39840587973595,0,64636,0.0,0,0,0,0,[],0,0,0,0.0,0
aten,aten_adaptive_max_pool3d_legacy_cpu,/home/arjaiswal/Polygeist/issues/aten_c_kernels/results/aten_adaptive_max_pool3d_legacy_cpu/debuf.mlir,1d46361eebe498da7c8fcc17bed42e27d9cd9785bc7407dc158bf2c30a91941e,egglog,2,ok,0,737.1778450906277,0,"[""/usr/bin/python3"", ""/home/arjaiswal/Polygeist/scripts/correctness/kernel_match_rewrite.py"", ""/home/arjaiswal/Polygeist/issues/aten_c_kernels/results/aten_adaptive_max_pool3d_legacy_cpu/debuf.mlir"", ""--dry-run"", ""--matcher-mode"", ""egglog"", ""--telemetry-json"", ""/home/arjaiswal/Polygeist/issues/equality_saturation_eval/campaign_20260908/aten-aten_adaptive_max_pool3d_legacy_cpu-egglog-vj9_az10.json"", ""--disable-semantic-fallback""]","== match report for /home/arjaiswal/Polygeist/issues/aten_c_kernels/results/aten_adaptive_max_pool3d_legacy_cpu/debuf.mlir ==
  total: 0 matched / 0 bodies
",0,[],0,0,0,0,/home/arjaiswal/Polygeist/issues/aten_c_kernels/results/aten_adaptive_max_pool3d_legacy_cpu/debuf.mlir,7435,8,0,0,277.1004028618336,0,64608,0.0,0,0,0,0,[],0,0,0,0.0,0
aten,aten_adaptive_max_pool3d_legacy_cpu,/home/arjaiswal/Polygeist/issues/aten_c_kernels/results/aten_adaptive_max_pool3d_legacy_cpu/debuf.mlir,1d46361eebe498da7c8fcc17bed42e27d9cd9785bc7407dc158bf2c30a91941e,syntactic,2,ok,0,705.3670771420002,0,"[""/usr/bin/python3"", ""/home/arjaiswal/Polygeist/scripts/correctness/kernel_match_rewrite.py"", ""/home/arjaiswal/Polygeist/issues/aten_c_kernels/results/aten_adaptive_max_pool3d_legacy_cpu/debuf.mlir"", ""--dry-run"", ""--matcher-mode"", ""syntactic"", ""--telemetry-json"", ""/home/arjaiswal/Polygeist/issues/equality_saturation_eval/campaign_20260908/aten-aten_adaptive_max_pool3d_legacy_cpu-syntactic-gyj9wh3_.json"", ""--disable-semantic-fallback""]","== match report for /home/arjaiswal/Polygeist/issues/aten_c_kernels/results/aten_adaptive_max_pool3d_legacy_cpu/debuf.mlir ==
  total: 0 matched / 0 bodies
",0,[],0,0,0,0,/home/arjaiswal/Polygeist/issues/aten_c_kernels/results/aten_adaptive_max_pool3d_legacy_cpu/debuf.mlir,7435,0,0,0,259.53352078795433,0,64832,0.0,0,0,0,0,[],0,0,0,0.0,0
aten,aten_adaptive_max_pool3d_legacy_cpu,/home/arjaiswal/Polygeist/issues/aten_c_kernels/results/aten_adaptive_max_pool3d_legacy_cpu/debuf.mlir,1d46361eebe498da7c8fcc17bed42e27d9cd9785bc7407dc158bf2c30a91941e,syntactic,3,ok,0,717.5685949623585,0,"[""/usr/bin/python3"", ""/home/arjaiswal/Polygeist/scripts/correctness/kernel_match_rewrite.py"", ""/home/arjaiswal/Polygeist/issues/aten_c_kernels/results/aten_adaptive_max_pool3d_legacy_cpu/debuf.mlir"", ""--dry-run"", ""--matcher-mode"", ""syntactic"", ""--telemetry-json"", ""/home/arjaiswal/Polygeist/issues/equality_saturation_eval/campaign_20260908/aten-aten_adaptive_max_pool3d_legacy_cpu-syntactic-y0kf99lr.json"", ""--disable-semantic-fallback""]","== match report for /home/arjaiswal/Polygeist/issues/aten_c_kernels/results/aten_adaptive_max_pool3d_legacy_cpu/debuf.mlir ==
  total: 0 matched / 0 bodies
",0,[],0,0,0,0,/home/arjaiswal/Polygeist/issues/aten_c_kernels/results/aten_adaptive_max_pool3d_legacy_cpu/debuf.mlir,7435,0,0,0,262.14271411299706,0,64708,0.0,0,0,0,0,[],0,0,0,0.0,0
aten,aten_adaptive_max_pool3d_legacy_cpu,/home/arjaiswal/Polygeist/issues/aten_c_kernels/results/aten_adaptive_max_pool3d_legacy_cpu/debuf.mlir,1d46361eebe498da7c8fcc17bed42e27d9cd9785bc7407dc158bf2c30a91941e,egglog,3,ok,0,730.3335927426815,0,"[""/usr/bin/python3"", ""/home/arjaiswal/Polygeist/scripts/correctness/kernel_match_rewrite.py"", ""/home/arjaiswal/Polygeist/issues/aten_c_kernels/results/aten_adaptive_max_pool3d_legacy_cpu/debuf.mlir"", ""--dry-run"", ""--matcher-mode"", ""egglog"", ""--telemetry-json"", ""/home/arjaiswal/Polygeist/issues/equality_saturation_eval/campaign_20260908/aten-aten_adaptive_max_pool3d_legacy_cpu-egglog-eqmsh71f.json"", ""--disable-semantic-fallback""]","== match report for /home/arjaiswal/Polygeist/issues/aten_c_kernels/results/aten_adaptive_max_pool3d_legacy_cpu/debuf.mlir ==
  total: 0 matched / 0 bodies
",0,[],0,0,0,0,/home/arjaiswal/Polygeist/issues/aten_c_kernels/results/aten_adaptive_max_pool3d_legacy_cpu/debuf.mlir,7435,8,0,0,257.63997808098793,0,64636,0.0,0,0,0,0,[],0,0,0,0.0,0
aten,aten_adaptive_max_pool3d_legacy_cpu,/home/arjaiswal/Polygeist/issues/aten_c_kernels/results/aten_adaptive_max_pool3d_legacy_cpu/debuf.mlir,1d46361eebe498da7c8fcc17bed42e27d9cd9785bc7407dc158bf2c30a91941e,egglog,4,ok,0,739.8054786026478,0,"[""/usr/bin/python3"", ""/home/arjaiswal/Polygeist/scripts/correctness/kernel_match_rewrite.py"", ""/home/arjaiswal/Polygeist/issues/aten_c_kernels/results/aten_adaptive_max_pool3d_legacy_cpu/debuf.mlir"", ""--dry-run"", ""--matcher-mode"", ""egglog"", ""--telemetry-json"", ""/home/arjaiswal/Polygeist/issues/equality_saturation_eval/campaign_20260908/aten-aten_adaptive_max_pool3d_legacy_cpu-egglog-aj21ys32.json"", ""--disable-semantic-fallback""]","== match report for /home/arjaiswal/Polygeist/issues/aten_c_kernels/results/aten_adaptive_max_pool3d_legacy_cpu/debuf.mlir ==
  total: 0 matched / 0 bodies
",0,[],0,0,0,0,/home/arjaiswal/Polygeist/issues/aten_c_kernels/results/aten_adaptive_max_pool3d_legacy_cpu/debuf.mlir,7435,8,0,0,261.4145465195179,0,64360,0.0,0,0,0,0,[],0,0,0,0.0,0
aten,aten_adaptive_max_pool3d_legacy_cpu,/home/arjaiswal/Polygeist/issues/aten_c_kernels/results/aten_adaptive_max_pool3d_legacy_cpu/debuf.mlir,1d46361eebe498da7c8fcc17bed42e27d9cd9785bc7407dc158bf2c30a91941e,syntactic,4,ok,0,740.4966130852699,0,"[""/usr/bin/python3"", ""/home/arjaiswal/Polygeist/scripts/correctness/kernel_match_rewrite.py"", ""/home/arjaiswal/Polygeist/issues/aten_c_kernels/results/aten_adaptive_max_pool3d_legacy_cpu/debuf.mlir"", ""--dry-run"", ""--matcher-mode"", ""syntactic"", ""--telemetry-json"", ""/home/arjaiswal/Polygeist/issues/equality_saturation_eval/campaign_20260908/aten-aten_adaptive_max_pool3d_legacy_cpu-syntactic-zhciqpwo.json"", ""--disable-semantic-fallback""]","== match report for /home/arjaiswal/Polygeist/issues/aten_c_kernels/results/aten_adaptive_max_pool3d_legacy_cpu/debuf.mlir ==
  total: 0 matched / 0 bodies
",0,[],0,0,0,0,/home/arjaiswal/Polygeist/issues/aten_c_kernels/results/aten_adaptive_max_pool3d_legacy_cpu/debuf.mlir,7435,0,0,0,287.93106600642204,0,64648,0.0,0,0,0,0,[],0,0,0,0.0,0
aten,aten_adaptive_max_pool3d_legacy_cpu,/home/arjaiswal/Polygeist/issues/aten_c_kernels/results/aten_adaptive_max_pool3d_legacy_cpu/debuf.mlir,1d46361eebe498da7c8fcc17bed42e27d9cd9785bc7407dc158bf2c30a91941e,syntactic,5,ok,0,705.7873718440533,0,"[""/usr/bin/python3"", ""/home/arjaiswal/Polygeist/scripts/correctness/kernel_match_rewrite.py"", ""/home/arjaiswal/Polygeist/issues/aten_c_kernels/results/aten_adaptive_max_pool3d_legacy_cpu/debuf.mlir"", ""--dry-run"", ""--matcher-mode"", ""syntactic"", ""--telemetry-json"", ""/home/arjaiswal/Polygeist/issues/equality_saturation_eval/campaign_20260908/aten-aten_adaptive_max_pool3d_legacy_cpu-syntactic-ugwx7an8.json"", ""--disable-semantic-fallback""]","== match report for /home/arjaiswal/Polygeist/issues/aten_c_kernels/results/aten_adaptive_max_pool3d_legacy_cpu/debuf.mlir ==
  total: 0 matched / 0 bodies
",0,[],0,0,0,0,/home/arjaiswal/Polygeist/issues/aten_c_kernels/results/aten_adaptive_max_pool3d_legacy_cpu/debuf.mlir,7435,0,0,0,257.9699121415615,0,64720,0.0,0,0,0,0,[],0,0,0,0.0,0
aten,aten_adaptive_max_pool3d_legacy_cpu,/home/arjaiswal/Polygeist/issues/aten_c_kernels/results/aten_adaptive_max_pool3d_legacy_cpu/debuf.mlir,1d46361eebe498da7c8fcc17bed42e27d9cd9785bc7407dc158bf2c30a91941e,egglog,5,ok,0,760.3446654975414,0,"[""/usr/bin/python3"", ""/home/arjaiswal/Polygeist/scripts/correctness/kernel_match_rewrite.py"", ""/home/arjaiswal/Polygeist/issues/aten_c_kernels/results/aten_adaptive_max_pool3d_legacy_cpu/debuf.mlir"", ""--dry-run"", ""--matcher-mode"", ""egglog"", ""--telemetry-json"", ""/home/arjaiswal/Polygeist/issues/equality_saturation_eval/campaign_20260908/aten-aten_adaptive_max_pool3d_legacy_cpu-egglog-0tazt0_f.json"", ""--disable-semantic-fallback""]","== match report for /home/arjaiswal/Polygeist/issues/aten_c_kernels/results/aten_adaptive_max_pool3d_legacy_cpu/debuf.mlir ==
  total: 0 matched / 0 bodies
",0,[],0,0,0,0,/home/arjaiswal/Polygeist/issues/aten_c_kernels/results/aten_adaptive_max_pool3d_legacy_cpu/debuf.mlir,7435,8,0,0,265.8306881785393,0,64680,0.0,0,0,0,0,[],0,0,0,0.0,0
aten,aten_add,/home/arjaiswal/Polygeist/issues/aten_c_kernels/results/aten_add/debuf.mlir,6788af53a06ac73c19263d6c3f20b8afbe8145e9880b9af491806767c7abd168,egglog,1,ok,0,749.9703727662563,0,"[""/usr/bin/python3"", ""/home/arjaiswal/Polygeist/scripts/correctness/kernel_match_rewrite.py"", ""/home/arjaiswal/Polygeist/issues/aten_c_kernels/results/aten_add/debuf.mlir"", ""--dry-run"", ""--matcher-mode"", ""egglog"", ""--telemetry-json"", ""/home/arjaiswal/Polygeist/issues/equality_saturation_eval/campaign_20260908/aten-aten_add-egglog-abedyyzb.json"", ""--disable-semantic-fallback""]","== match report for /home/arjaiswal/Polygeist/issues/aten_c_kernels/results/aten_add/debuf.mlir ==
  match          body#[0]  cudnnAddTensor_batched
  total: 1 matched / 1 bodies
",0,[],0,0,0,0,/home/arjaiswal/Polygeist/issues/aten_c_kernels/results/aten_add/debuf.mlir,2488,8,1,1,298.88034984469414,0,69400,21.62923291325569,2,2,0,4,"[{""body_indices"": [0], ""symbol"": ""cudnnAddTensor_batched""}]",1,0,0,0.0,2
aten,aten_add,/home/arjaiswal/Polygeist/issues/aten_c_kernels/results/aten_add/debuf.mlir,6788af53a06ac73c19263d6c3f20b8afbe8145e9880b9af491806767c7abd168,syntactic,1,ok,0,707.860141992569,0,"[""/usr/bin/python3"", ""/home/arjaiswal/Polygeist/scripts/correctness/kernel_match_rewrite.py"", ""/home/arjaiswal/Polygeist/issues/aten_c_kernels/results/aten_add/debuf.mlir"", ""--dry-run"", ""--matcher-mode"", ""syntactic"", ""--telemetry-json"", ""/home/arjaiswal/Polygeist/issues/equality_saturation_eval/campaign_20260908/aten-aten_add-syntactic-7ncoawa5.json"", ""--disable-semantic-fallback""]","== match report for /home/arjaiswal/Polygeist/issues/aten_c_kernels/results/aten_add/debuf.mlir ==
  match          body#[0]  cudnnAddTensor_batched
  total: 1 matched / 1 bodies
",0,[],0,0,0,0,/home/arjaiswal/Polygeist/issues/aten_c_kernels/results/aten_add/debuf.mlir,2488,0,1,1,265.57473465800285,0,64828,0.01488998532295227,0,2,0,0,"[{""body_indices"": [0], ""symbol"": ""cudnnAddTensor_batched""}]",1,0,2,0.0,2
aten,aten_add,/home/arjaiswal/Polygeist/issues/aten_c_kernels/results/aten_add/debuf.mlir,6788af53a06ac73c19263d6c3f20b8afbe8145e9880b9af491806767c7abd168,syntactic,2,ok,0,719.1193737089634,0,"[""/usr/bin/python3"", ""/home/arjaiswal/Polygeist/scripts/correctness/kernel_match_rewrite.py"", ""/home/arjaiswal/Polygeist/issues/aten_c_kernels/results/aten_add/debuf.mlir"", ""--dry-run"", ""--matcher-mode"", ""syntactic"", ""--telemetry-json"", ""/home/arjaiswal/Polygeist/issues/equality_saturation_eval/campaign_20260908/aten-aten_add-syntactic-hafvd8gw.json"", ""--disable-semantic-fallback""]","== match report for /home/arjaiswal/Polygeist/issues/aten_c_kernels/results/aten_add/debuf.mlir ==
  match          body#[0]  cudnnAddTensor_batched
  total: 1 matched / 1 bodies
",0,[],0,0,0,0,/home/arjaiswal/Polygeist/issues/aten_c_kernels/results/aten_add/debuf.mlir,2488,0,1,1,272.8661634027958,0,64548,0.014301389455795288,0,2,0,0,"[{""body_indices"": [0], ""symbol"": ""cudnnAddTensor_batched""}]",1,0,2,0.0,2
aten,aten_add,/home/arjaiswal/Polygeist/issues/aten_c_kernels/results/aten_add/debuf.mlir,6788af53a06ac73c19263d6c3f20b8afbe8145e9880b9af491806767c7abd168,egglog,2,ok,0,799.6556684374809,0,"[""/usr/bin/python3"", ""/home/arjaiswal/Polygeist/scripts/correctness/kernel_match_rewrite.py"", ""/home/arjaiswal/Polygeist/issues/aten_c_kernels/results/aten_add/debuf.mlir"", ""--dry-run"", ""--matcher-mode"", ""egglog"", ""--telemetry-json"", ""/home/arjaiswal/Polygeist/issues/equality_saturation_eval/campaign_20260908/aten-aten_add-egglog-vxkfv9uv.json"", ""--disable-semantic-fallback""]","== match report for /home/arjaiswal/Polygeist/issues/aten_c_kernels/results/aten_add/debuf.mlir ==
  match          body#[0]  cudnnAddTensor_batched
  total: 1 matched / 1 bodies
",0,[],0,0,0,0,/home/arjaiswal/Polygeist/issues/aten_c_kernels/results/aten_add/debuf.mlir,2488,8,1,1,321.8529224395752,0,69340,22.282592952251434,2,2,0,4,"[{""body_indices"": [0], ""symbol"": ""cudnnAddTensor_batched""}]",1,0,0,0.0,2
aten,aten_add,/home/arjaiswal/Polygeist/issues/aten_c_kernels/results/aten_add/debuf.mlir,6788af53a06ac73c19263d6c3f20b8afbe8145e9880b9af491806767c7abd168,egglog,3,ok,0,855.7666279375553,0,"[""/usr/bin/python3"", ""/home/arjaiswal/Polygeist/scripts/correctness/kernel_match_rewrite.py"", ""/home/arjaiswal/Polygeist/issues/aten_c_kernels/results/aten_add/debuf.mlir"", ""--dry-run"", ""--matcher-mode"", ""egglog"", ""--telemetry-json"", ""/home/arjaiswal/Polygeist/issues/equality_saturation_eval/campaign_20260908/aten-aten_add-egglog-nepkswgt.json"", ""--disable-semantic-fallback""]","== match report for /home/arjaiswal/Polygeist/issues/aten_c_kernels/results/aten_add/debuf.mlir ==
  match          body#[0]  cudnnAddTensor_batched
  total: 1 matched / 1 bodies
",0,[],0,0,0,0,/home/arjaiswal/Polygeist/issues/aten_c_kernels/results/aten_add/debuf.mlir,2488,8,1,1,337.4286964535713,0,69304,26.803672313690186,2,2,0,4,"[{""body_indices"": [0], ""symbol"": ""cudnnAddTensor_batched""}]",1,0,0,0.0,2
aten,aten_add,/home/arjaiswal/Polygeist/issues/aten_c_kernels/results/aten_add/debuf.mlir,6788af53a06ac73c19263d6c3f20b8afbe8145e9880b9af491806767c7abd168,syntactic,3,ok,0,762.6897618174553,0,"[""/usr/bin/python3"", ""/home/arjaiswal/Polygeist/scripts/correctness/kernel_match_rewrite.py"", ""/home/arjaiswal/Polygeist/issues/aten_c_kernels/results/aten_add/debuf.mlir"", ""--dry-run"", ""--matcher-mode"", ""syntactic"", ""--telemetry-json"", ""/home/arjaiswal/Polygeist/issues/equality_saturation_eval/campaign_20260908/aten-aten_add-syntactic-ngslp9zu.json"", ""--disable-semantic-fallback""]","== match report for /home/arjaiswal/Polygeist/issues/aten_c_kernels/results/aten_add/debuf.mlir ==
  match          body#[0]  cudnnAddTensor_batched
  total: 1 matched / 1 bodies
",0,[],0,0,0,0,/home/arjaiswal/Polygeist/issues/aten_c_kernels/results/aten_add/debuf.mlir,2488,0,1,1,279.88115698099136,0,64720,0.014331191778182983,0,2,0,0,"[{""body_indices"": [0], ""symbol"": ""cudnnAddTensor_batched""}]",1,0,2,0.0,2
aten,aten_add,/home/arjaiswal/Polygeist/issues/aten_c_kernels/results/aten_add/debuf.mlir,6788af53a06ac73c19263d6c3f20b8afbe8145e9880b9af491806767c7abd168,syntactic,4,ok,0,737.2891008853912,0,"[""/usr/bin/python3"", ""/home/arjaiswal/Polygeist/scripts/correctness/kernel_match_rewrite.py"", ""/home/arjaiswal/Polygeist/issues/aten_c_kernels/results/aten_add/debuf.mlir"", ""--dry-run"", ""--matcher-mode"", ""syntactic"", ""--telemetry-json"", ""/home/arjaiswal/Polygeist/issues/equality_saturation_eval/campaign_20260908/aten-aten_add-syntactic-lsqf6tk8.json"", ""--disable-semantic-fallback""]","== match report for /home/arjaiswal/Polygeist/issues/aten_c_kernels/results/aten_add/debuf.mlir ==
  match          body#[0]  cudnnAddTensor_batched
  total: 1 matched / 1 bodies
",0,[],0,0,0,0,/home/arjaiswal/Polygeist/issues/aten_c_kernels/results/aten_add/debuf.mlir,2488,0,1,1,268.5592658817768,0,64596,0.015739351511001587,0,2,0,0,"[{""body_indices"": [0], ""symbol"": ""cudnnAddTensor_batched""}]",1,0,2,0.0,2
aten,aten_add,/home/arjaiswal/Polygeist/issues/aten_c_kernels/results/aten_add/debuf.mlir,6788af53a06ac73c19263d6c3f20b8afbe8145e9880b9af491806767c7abd168,egglog,4,ok,0,764.7394388914108,0,"[""/usr/bin/python3"", ""/home/arjaiswal/Polygeist/scripts/correctness/kernel_match_rewrite.py"", ""/home/arjaiswal/Polygeist/issues/aten_c_kernels/results/aten_add/debuf.mlir"", ""--dry-run"", ""--matcher-mode"", ""egglog"", ""--telemetry-json"", ""/home/arjaiswal/Polygeist/issues/equality_saturation_eval/campaign_20260908/aten-aten_add-egglog-s3th3du7.json"", ""--disable-semantic-fallback""]","== match report for /home/arjaiswal/Polygeist/issues/aten_c_kernels/results/aten_add/debuf.mlir ==
  match          body#[0]  cudnnAddTensor_batched
  total: 1 matched / 1 bodies
",0,[],0,0,0,0,/home/arjaiswal/Polygeist/issues/aten_c_kernels/results/aten_add/debuf.mlir,2488,8,1,1,299.13830012083054,0,69372,21.863609552383423,2,2,0,4,"[{""body_indices"": [0], ""symbol"": ""cudnnAddTensor_batched""}]",1,0,0,0.0,2
aten,aten_add,/home/arjaiswal/Polygeist/issues/aten_c_kernels/results/aten_add/debuf.mlir,6788af53a06ac73c19263d6c3f20b8afbe8145e9880b9af491806767c7abd168,egglog,5,ok,0,740.2879968285561,0,"[""/usr/bin/python3"", ""/home/arjaiswal/Polygeist/scripts/correctness/kernel_match_rewrite.py"", ""/home/arjaiswal/Polygeist/issues/aten_c_kernels/results/aten_add/debuf.mlir"", ""--dry-run"", ""--matcher-mode"", ""egglog"", ""--telemetry-json"", ""/home/arjaiswal/Polygeist/issues/equality_saturation_eval/campaign_20260908/aten-aten_add-egglog-t1a90ypq.json"", ""--disable-semantic-fallback""]","== match report for /home/arjaiswal/Polygeist/issues/aten_c_kernels/results/aten_add/debuf.mlir ==
  match          body#[0]  cudnnAddTensor_batched
  total: 1 matched / 1 bodies
",0,[],0,0,0,0,/home/arjaiswal/Polygeist/issues/aten_c_kernels/results/aten_add/debuf.mlir,2488,8,1,1,306.02630227804184,0,69472,24.518810212612152,2,2,0,4,"[{""body_indices"": [0], ""symbol"": ""cudnnAddTensor_batched""}]",1,0,0,0.0,2
aten,aten_add,/home/arjaiswal/Polygeist/issues/aten_c_kernels/results/aten_add/debuf.mlir,6788af53a06ac73c19263d6c3f20b8afbe8145e9880b9af491806767c7abd168,syntactic,5,ok,0,798.731941729784,0,"[""/usr/bin/python3"", ""/home/arjaiswal/Polygeist/scripts/correctness/kernel_match_rewrite.py"", ""/home/arjaiswal/Polygeist/issues/aten_c_kernels/results/aten_add/debuf.mlir"", ""--dry-run"", ""--matcher-mode"", ""syntactic"", ""--telemetry-json"", ""/home/arjaiswal/Polygeist/issues/equality_saturation_eval/campaign_20260908/aten-aten_add-syntactic-5d3p5rpg.json"", ""--disable-semantic-fallback""]","== match report for /home/arjaiswal/Polygeist/issues/aten_c_kernels/results/aten_add/debuf.mlir ==
  match          body#[0]  cudnnAddTensor_batched
  total: 1 matched / 1 bodies
",0,[],0,0,0,0,/home/arjaiswal/Polygeist/issues/aten_c_kernels/results/aten_add/debuf.mlir,2488,0,1,1,318.66927444934845,0,64672,0.020451843738555908,0,2,0,0,"[{""body_indices"": [0], ""symbol"": ""cudnnAddTensor_batched""}]",1,0,2,0.0,2
aten,aten_add_clamp,/home/arjaiswal/Polygeist/issues/aten_c_kernels/results/aten_add_clamp/debuf.mlir,aeeb6eebf05f1197ee2ac81c6e8ad05e4555276529fa3d7de7e0179c131f496f,syntactic,1,ok,0,880.5991671979427,0,"[""/usr/bin/python3"", ""/home/arjaiswal/Polygeist/scripts/correctness/kernel_match_rewrite.py"", ""/home/arjaiswal/Polygeist/issues/aten_c_kernels/results/aten_add_clamp/debuf.mlir"", ""--dry-run"", ""--matcher-mode"", ""syntactic"", ""--telemetry-json"", ""/home/arjaiswal/Polygeist/issues/equality_saturation_eval/campaign_20260908/aten-aten_add_clamp-syntactic-ao4t10du.json"", ""--disable-semantic-fallback""]","== match report for /home/arjaiswal/Polygeist/issues/aten_c_kernels/results/aten_add_clamp/debuf.mlir ==
  match          body#[0]  cudnnPointwiseGraph_f32
  total: 1 matched / 1 bodies
",0,[],0,0,0,0,/home/arjaiswal/Polygeist/issues/aten_c_kernels/results/aten_add_clamp/debuf.mlir,2139,0,1,1,373.84314462542534,0,66432,0.04182010889053345,0,0,0,0,"[{""body_indices"": [0], ""symbol"": ""cudnnPointwiseGraph_f32""}]",1,0,6,0.0,6
aten,aten_add_clamp,/home/arjaiswal/Polygeist/issues/aten_c_kernels/results/aten_add_clamp/debuf.mlir,aeeb6eebf05f1197ee2ac81c6e8ad05e4555276529fa3d7de7e0179c131f496f,egglog,1,ok,0,800.1881763339043,0,"[""/usr/bin/python3"", ""/home/arjaiswal/Polygeist/scripts/correctness/kernel_match_rewrite.py"", ""/home/arjaiswal/Polygeist/issues/aten_c_kernels/results/aten_add_clamp/debuf.mlir"", ""--dry-run"", ""--matcher-mode"", ""egglog"", ""--telemetry-json"", ""/home/arjaiswal/Polygeist/issues/equality_saturation_eval/campaign_20260908/aten-aten_add_clamp-egglog-s4nuyaep.json"", ""--disable-semantic-fallback""]","== match report for /home/arjaiswal/Polygeist/issues/aten_c_kernels/results/aten_add_clamp/debuf.mlir ==
  match          body#[0]  cudnnPointwiseGraph_f32
  total: 1 matched / 1 bodies
",0,[],0,0,0,0,/home/arjaiswal/Polygeist/issues/aten_c_kernels/results/aten_add_clamp/debuf.mlir,2139,8,1,1,354.89800572395325,0,66320,0.0,0,0,0,0,"[{""body_indices"": [0], ""symbol"": ""cudnnPointwiseGraph_f32""}]",1,0,0,0.0,6
aten,aten_add_clamp,/home/arjaiswal/Polygeist/issues/aten_c_kernels/results/aten_add_clamp/debuf.mlir,aeeb6eebf05f1197ee2ac81c6e8ad05e4555276529fa3d7de7e0179c131f496f,egglog,2,ok,0,846.8848802149296,0,"[""/usr/bin/python3"", ""/home/arjaiswal/Polygeist/scripts/correctness/kernel_match_rewrite.py"", ""/home/arjaiswal/Polygeist/issues/aten_c_kernels/results/aten_add_clamp/debuf.mlir"", ""--dry-run"", ""--matcher-mode"", ""egglog"", ""--telemetry-json"", ""/home/arjaiswal/Polygeist/issues/equality_saturation_eval/campaign_20260908/aten-aten_add_clamp-egglog-m2sae2yo.json"", ""--disable-semantic-fallback""]","== match report for /home/arjaiswal/Polygeist/issues/aten_c_kernels/results/aten_add_clamp/debuf.mlir ==
  match          body#[0]  cudnnPointwiseGraph_f32
  total: 1 matched / 1 bodies
",0,[],0,0,0,0,/home/arjaiswal/Polygeist/issues/aten_c_kernels/results/aten_add_clamp/debuf.mlir,2139,8,1,1,411.2786650657654,0,66368,0.0,0,0,0,0,"[{""body_indices"": [0], ""symbol"": ""cudnnPointwiseGraph_f32""}]",1,0,0,0.0,6
aten,aten_add_clamp,/home/arjaiswal/Polygeist/issues/aten_c_kernels/results/aten_add_clamp/debuf.mlir,aeeb6eebf05f1197ee2ac81c6e8ad05e4555276529fa3d7de7e0179c131f496f,syntactic,2,ok,0,816.8717995285988,0,"[""/usr/bin/python3"", ""/home/arjaiswal/Polygeist/scripts/correctness/kernel_match_rewrite.py"", ""/home/arjaiswal/Polygeist/issues/aten_c_kernels/results/aten_add_clamp/debuf.mlir"", ""--dry-run"", ""--matcher-mode"", ""syntactic"", ""--telemetry-json"", ""/home/arjaiswal/Polygeist/issues/equality_saturation_eval/campaign_20260908/aten-aten_add_clamp-syntactic-m3olmv0h.json"", ""--disable-semantic-fallback""]","== match report for /home/arjaiswal/Polygeist/issues/aten_c_kernels/results/aten_add_clamp/debuf.mlir ==
  match          body#[0]  cudnnPointwiseGraph_f32
  total: 1 matched / 1 bodies
",0,[],0,0,0,0,/home/arjaiswal/Polygeist/issues/aten_c_kernels/results/aten_add_clamp/debuf.mlir,2139,0,1,1,352.31567546725273,0,66592,0.029399991035461426,0,0,0,0,"[{""body_indices"": [0], ""symbol"": ""cudnnPointwiseGraph_f32""}]",1,0,6,0.0,6
aten,aten_add_clamp,/home/arjaiswal/Polygeist/issues/aten_c_kernels/results/aten_add_clamp/debuf.mlir,aeeb6eebf05f1197ee2ac81c6e8ad05e4555276529fa3d7de7e0179c131f496f,syntactic,3,ok,0,814.4633732736111,0,"[""/usr/bin/python3"", ""/home/arjaiswal/Polygeist/scripts/correctness/kernel_match_rewrite.py"", ""/home/arjaiswal/Polygeist/issues/aten_c_kernels/results/aten_add_clamp/debuf.mlir"", ""--dry-run"", ""--matcher-mode"", ""syntactic"", ""--telemetry-json"", ""/home/arjaiswal/Polygeist/issues/equality_saturation_eval/campaign_20260908/aten-aten_add_clamp-syntactic-cd72zh2q.json"", ""--disable-semantic-fallback""]","== match report for /home/arjaiswal/Polygeist/issues/aten_c_kernels/results/aten_add_clamp/debuf.mlir ==
  match          body#[0]  cudnnPointwiseGraph_f32
  total: 1 matched / 1 bodies
",0,[],0,0,0,0,/home/arjaiswal/Polygeist/issues/aten_c_kernels/results/aten_add_clamp/debuf.mlir,2139,0,1,1,364.4888624548912,0,66696,0.03964826464653015,0,0,0,0,"[{""body_indices"": [0], ""symbol"": ""cudnnPointwiseGraph_f32""}]",1,0,6,0.0,6
aten,aten_add_clamp,/home/arjaiswal/Polygeist/issues/aten_c_kernels/results/aten_add_clamp/debuf.mlir,aeeb6eebf05f1197ee2ac81c6e8ad05e4555276529fa3d7de7e0179c131f496f,egglog,3,ok,0,794.6723289787769,0,"[""/usr/bin/python3"", ""/home/arjaiswal/Polygeist/scripts/correctness/kernel_match_rewrite.py"", ""/home/arjaiswal/Polygeist/issues/aten_c_kernels/results/aten_add_clamp/debuf.mlir"", ""--dry-run"", ""--matcher-mode"", ""egglog"", ""--telemetry-json"", ""/home/arjaiswal/Polygeist/issues/equality_saturation_eval/campaign_20260908/aten-aten_add_clamp-egglog-63j98t8p.json"", ""--disable-semantic-fallback""]","== match report for /home/arjaiswal/Polygeist/issues/aten_c_kernels/results/aten_add_clamp/debuf.mlir ==
  match          body#[0]  cudnnPointwiseGraph_f32
  total: 1 matched / 1 bodies
",0,[],0,0,0,0,/home/arjaiswal/Polygeist/issues/aten_c_kernels/results/aten_add_clamp/debuf.mlir,2139,8,1,1,355.5746078491211,0,66528,0.0,0,0,0,0,"[{""body_indices"": [0], ""symbol"": ""cudnnPointwiseGraph_f32""}]",1,0,0,0.0,6
aten,aten_add_clamp,/home/arjaiswal/Polygeist/issues/aten_c_kernels/results/aten_add_clamp/debuf.mlir,aeeb6eebf05f1197ee2ac81c6e8ad05e4555276529fa3d7de7e0179c131f496f,egglog,4,ok,0,812.7033747732639,0,"[""/usr/bin/python3"", ""/home/arjaiswal/Polygeist/scripts/correctness/kernel_match_rewrite.py"", ""/home/arjaiswal/Polygeist/issues/aten_c_kernels/results/aten_add_clamp/debuf.mlir"", ""--dry-run"", ""--matcher-mode"", ""egglog"", ""--telemetry-json"", ""/home/arjaiswal/Polygeist/issues/equality_saturation_eval/campaign_20260908/aten-aten_add_clamp-egglog-n8z3x0iw.json"", ""--disable-semantic-fallback""]","== match report for /home/arjaiswal/Polygeist/issues/aten_c_kernels/results/aten_add_clamp/debuf.mlir ==
  match          body#[0]  cudnnPointwiseGraph_f32
  total: 1 matched / 1 bodies
",0,[],0,0,0,0,/home/arjaiswal/Polygeist/issues/aten_c_kernels/results/aten_add_clamp/debuf.mlir,2139,8,1,1,359.90995541214943,0,66592,0.0,0,0,0,0,"[{""body_indices"": [0], ""symbol"": ""cudnnPointwiseGraph_f32""}]",1,0,0,0.0,6
aten,aten_add_clamp,/home/arjaiswal/Polygeist/issues/aten_c_kernels/results/aten_add_clamp/debuf.mlir,aeeb6eebf05f1197ee2ac81c6e8ad05e4555276529fa3d7de7e0179c131f496f,syntactic,4,ok,0,846.3465943932533,0,"[""/usr/bin/python3"", ""/home/arjaiswal/Polygeist/scripts/correctness/kernel_match_rewrite.py"", ""/home/arjaiswal/Polygeist/issues/aten_c_kernels/results/aten_add_clamp/debuf.mlir"", ""--dry-run"", ""--matcher-mode"", ""syntactic"", ""--telemetry-json"", ""/home/arjaiswal/Polygeist/issues/equality_saturation_eval/campaign_20260908/aten-aten_add_clamp-syntactic-gfldgpax.json"", ""--disable-semantic-fallback""]","== match report for /home/arjaiswal/Polygeist/issues/aten_c_kernels/results/aten_add_clamp/debuf.mlir ==
  match          body#[0]  cudnnPointwiseGraph_f32
  total: 1 matched / 1 bodies
",0,[],0,0,0,0,/home/arjaiswal/Polygeist/issues/aten_c_kernels/results/aten_add_clamp/debuf.mlir,2139,0,1,1,401.07569471001625,0,66380,0.036071985960006714,0,0,0,0,"[{""body_indices"": [0], ""symbol"": ""cudnnPointwiseGraph_f32""}]",1,0,6,0.0,6
aten,aten_add_clamp,/home/arjaiswal/Polygeist/issues/aten_c_kernels/results/aten_add_clamp/debuf.mlir,aeeb6eebf05f1197ee2ac81c6e8ad05e4555276529fa3d7de7e0179c131f496f,syntactic,5,ok,0,825.8452974259853,0,"[""/usr/bin/python3"", ""/home/arjaiswal/Polygeist/scripts/correctness/kernel_match_rewrite.py"", ""/home/arjaiswal/Polygeist/issues/aten_c_kernels/results/aten_add_clamp/debuf.mlir"", ""--dry-run"", ""--matcher-mode"", ""syntactic"", ""--telemetry-json"", ""/home/arjaiswal/Polygeist/issues/equality_saturation_eval/campaign_20260908/aten-aten_add_clamp-syntactic-exwl1_7v.json"", ""--disable-semantic-fallback""]","== match report for /home/arjaiswal/Polygeist/issues/aten_c_kernels/results/aten_add_clamp/debuf.mlir ==
  match          body#[0]  cudnnPointwiseGraph_f32
  total: 1 matched / 1 bodies
",0,[],0,0,0,0,/home/arjaiswal/Polygeist/issues/aten_c_kernels/results/aten_add_clamp/debuf.mlir,2139,0,1,1,355.3735949099064,0,66468,0.03039836883544922,0,0,0,0,"[{""body_indices"": [0], ""symbol"": ""cudnnPointwiseGraph_f32""}]",1,0,6,0.0,6
aten,aten_add_clamp,/home/arjaiswal/Polygeist/issues/aten_c_kernels/results/aten_add_clamp/debuf.mlir,aeeb6eebf05f1197ee2ac81c6e8ad05e4555276529fa3d7de7e0179c131f496f,egglog,5,ok,0,1080.2261531352997,0,"[""/usr/bin/python3"", ""/home/arjaiswal/Polygeist/scripts/correctness/kernel_match_rewrite.py"", ""/home/arjaiswal/Polygeist/issues/aten_c_kernels/results/aten_add_clamp/debuf.mlir"", ""--dry-run"", ""--matcher-mode"", ""egglog"", ""--telemetry-json"", ""/home/arjaiswal/Polygeist/issues/equality_saturation_eval/campaign_20260908/aten-aten_add_clamp-egglog-5crknvc8.json"", ""--disable-semantic-fallback""]","== match report for /home/arjaiswal/Polygeist/issues/aten_c_kernels/results/aten_add_clamp/debuf.mlir ==
  match          body#[0]  cudnnPointwiseGraph_f32
  total: 1 matched / 1 bodies
",0,[],0,0,0,0,/home/arjaiswal/Polygeist/issues/aten_c_kernels/results/aten_add_clamp/debuf.mlir,2139,8,1,1,536.3675355911255,0,66600,0.0,0,0,0,0,"[{""body_indices"": [0], ""symbol"": ""cudnnPointwiseGraph_f32""}]",1,0,0,0.0,6
aten,aten_addcdiv,/home/arjaiswal/Polygeist/issues/aten_c_kernels/results/aten_addcdiv/debuf.mlir,2cb376c6af9813b7e35c96cb3c5e61f112d3dddbbbdf12c93bb1c98030d47ad0,egglog,1,ok,0,780.2174277603626,0,"[""/usr/bin/python3"", ""/home/arjaiswal/Polygeist/scripts/correctness/kernel_match_rewrite.py"", ""/home/arjaiswal/Polygeist/issues/aten_c_kernels/results/aten_addcdiv/debuf.mlir"", ""--dry-run"", ""--matcher-mode"", ""egglog"", ""--telemetry-json"", ""/home/arjaiswal/Polygeist/issues/equality_saturation_eval/campaign_20260908/aten-aten_addcdiv-egglog-ku8ce56u.json"", ""--disable-semantic-fallback""]","== match report for /home/arjaiswal/Polygeist/issues/aten_c_kernels/results/aten_addcdiv/debuf.mlir ==
  match          body#[0]  cudnnPointwiseGraph_f32
  total: 1 matched / 1 bodies
",0,[],0,0,0,0,/home/arjaiswal/Polygeist/issues/aten_c_kernels/results/aten_addcdiv/debuf.mlir,2089,8,1,1,276.0801985859871,0,64824,0.0,0,0,0,0,"[{""body_indices"": [0], ""symbol"": ""cudnnPointwiseGraph_f32""}]",1,0,0,0.0,0
aten,aten_addcdiv,/home/arjaiswal/Polygeist/issues/aten_c_kernels/results/aten_addcdiv/debuf.mlir,2cb376c6af9813b7e35c96cb3c5e61f112d3dddbbbdf12c93bb1c98030d47ad0,syntactic,1,ok,0,733.3427369594574,0,"[""/usr/bin/python3"", ""/home/arjaiswal/Polygeist/scripts/correctness/kernel_match_rewrite.py"", ""/home/arjaiswal/Polygeist/issues/aten_c_kernels/results/aten_addcdiv/debuf.mlir"", ""--dry-run"", ""--matcher-mode"", ""syntactic"", ""--telemetry-json"", ""/home/arjaiswal/Polygeist/issues/equality_saturation_eval/campaign_20260908/aten-aten_addcdiv-syntactic-1kopfrw1.json"", ""--disable-semantic-fallback""]","== match report for /home/arjaiswal/Polygeist/issues/aten_c_kernels/results/aten_addcdiv/debuf.mlir ==
  match          body#[0]  cudnnPointwiseGraph_f32
  total: 1 matched / 1 bodies
",0,[],0,0,0,0,/home/arjaiswal/Polygeist/issues/aten_c_kernels/results/aten_addcdiv/debuf.mlir,2089,0,1,1,280.27714788913727,0,64712,0.0,0,0,0,0,"[{""body_indices"": [0], ""symbol"": ""cudnnPointwiseGraph_f32""}]",1,0,0,0.0,0
aten,aten_addcdiv,/home/arjaiswal/Polygeist/issues/aten_c_kernels/results/aten_addcdiv/debuf.mlir,2cb376c6af9813b7e35c96cb3c5e61f112d3dddbbbdf12c93bb1c98030d47ad0,syntactic,2,ok,0,700.8720375597477,0,"[""/usr/bin/python3"", ""/home/arjaiswal/Polygeist/scripts/correctness/kernel_match_rewrite.py"", ""/home/arjaiswal/Polygeist/issues/aten_c_kernels/results/aten_addcdiv/debuf.mlir"", ""--dry-run"", ""--matcher-mode"", ""syntactic"", ""--telemetry-json"", ""/home/arjaiswal/Polygeist/issues/equality_saturation_eval/campaign_20260908/aten-aten_addcdiv-syntactic-qrhivm_v.json"", ""--disable-semantic-fallback""]","== match report for /home/arjaiswal/Polygeist/issues/aten_c_kernels/results/aten_addcdiv/debuf.mlir ==
  match          body#[0]  cudnnPointwiseGraph_f32
  total: 1 matched / 1 bodies
",0,[],0,0,0,0,/home/arjaiswal/Polygeist/issues/aten_c_kernels/results/aten_addcdiv/debuf.mlir,2089,0,1,1,278.654046356678,0,64540,0.0,0,0,0,0,"[{""body_indices"": [0], ""symbol"": ""cudnnPointwiseGraph_f32""}]",1,0,0,0.0,0
aten,aten_addcdiv,/home/arjaiswal/Polygeist/issues/aten_c_kernels/results/aten_addcdiv/debuf.mlir,2cb376c6af9813b7e35c96cb3c5e61f112d3dddbbbdf12c93bb1c98030d47ad0,egglog,2,ok,0,749.8262599110603,0,"[""/usr/bin/python3"", ""/home/arjaiswal/Polygeist/scripts/correctness/kernel_match_rewrite.py"", ""/home/arjaiswal/Polygeist/issues/aten_c_kernels/results/aten_addcdiv/debuf.mlir"", ""--dry-run"", ""--matcher-mode"", ""egglog"", ""--telemetry-json"", ""/home/arjaiswal/Polygeist/issues/equality_saturation_eval/campaign_20260908/aten-aten_addcdiv-egglog-c1q2uwh3.json"", ""--disable-semantic-fallback""]","== match report for /home/arjaiswal/Polygeist/issues/aten_c_kernels/results/aten_addcdiv/debuf.mlir ==
  match          body#[0]  cudnnPointwiseGraph_f32
  total: 1 matched / 1 bodies
",0,[],0,0,0,0,/home/arjaiswal/Polygeist/issues/aten_c_kernels/results/aten_addcdiv/debuf.mlir,2089,8,1,1,278.70195358991623,0,64652,0.0,0,0,0,0,"[{""body_indices"": [0], ""symbol"": ""cudnnPointwiseGraph_f32""}]",1,0,0,0.0,0
aten,aten_addcdiv,/home/arjaiswal/Polygeist/issues/aten_c_kernels/results/aten_addcdiv/debuf.mlir,2cb376c6af9813b7e35c96cb3c5e61f112d3dddbbbdf12c93bb1c98030d47ad0,egglog,3,ok,0,800.0723123550415,0,"[""/usr/bin/python3"", ""/home/arjaiswal/Polygeist/scripts/correctness/kernel_match_rewrite.py"", ""/home/arjaiswal/Polygeist/issues/aten_c_kernels/results/aten_addcdiv/debuf.mlir"", ""--dry-run"", ""--matcher-mode"", ""egglog"", ""--telemetry-json"", ""/home/arjaiswal/Polygeist/issues/equality_saturation_eval/campaign_20260908/aten-aten_addcdiv-egglog-mno4zr5v.json"", ""--disable-semantic-fallback""]","== match report for /home/arjaiswal/Polygeist/issues/aten_c_kernels/results/aten_addcdiv/debuf.mlir ==
  match          body#[0]  cudnnPointwiseGraph_f32
  total: 1 matched / 1 bodies
",0,[],0,0,0,0,/home/arjaiswal/Polygeist/issues/aten_c_kernels/results/aten_addcdiv/debuf.mlir,2089,8,1,1,346.0727035999298,0,64688,0.0,0,0,0,0,"[{""body_indices"": [0], ""symbol"": ""cudnnPointwiseGraph_f32""}]",1,0,0,0.0,0
aten,aten_addcdiv,/home/arjaiswal/Polygeist/issues/aten_c_kernels/results/aten_addcdiv/debuf.mlir,2cb376c6af9813b7e35c96cb3c5e61f112d3dddbbbdf12c93bb1c98030d47ad0,syntactic,3,ok,0,747.3878413438797,0,"[""/usr/bin/python3"", ""/home/arjaiswal/Polygeist/scripts/correctness/kernel_match_rewrite.py"", ""/home/arjaiswal/Polygeist/issues/aten_c_kernels/results/aten_addcdiv/debuf.mlir"", ""--dry-run"", ""--matcher-mode"", ""syntactic"", ""--telemetry-json"", ""/home/arjaiswal/Polygeist/issues/equality_saturation_eval/campaign_20260908/aten-aten_addcdiv-syntactic-nptielld.json"", ""--disable-semantic-fallback""]","== match report for /home/arjaiswal/Polygeist/issues/aten_c_kernels/results/aten_addcdiv/debuf.mlir ==
  match          body#[0]  cudnnPointwiseGraph_f32
  total: 1 matched / 1 bodies
",0,[],0,0,0,0,/home/arjaiswal/Polygeist/issues/aten_c_kernels/results/aten_addcdiv/debuf.mlir,2089,0,1,1,275.8905999362469,0,64548,0.0,0,0,0,0,"[{""body_indices"": [0], ""symbol"": ""cudnnPointwiseGraph_f32""}]",1,0,0,0.0,0
aten,aten_addcdiv,/home/arjaiswal/Polygeist/issues/aten_c_kernels/results/aten_addcdiv/debuf.mlir,2cb376c6af9813b7e35c96cb3c5e61f112d3dddbbbdf12c93bb1c98030d47ad0,syntactic,4,ok,0,729.8772111535072,0,"[""/usr/bin/python3"", ""/home/arjaiswal/Polygeist/scripts/correctness/kernel_match_rewrite.py"", ""/home/arjaiswal/Polygeist/issues/aten_c_kernels/results/aten_addcdiv/debuf.mlir"", ""--dry-run"", ""--matcher-mode"", ""syntactic"", ""--telemetry-json"", ""/home/arjaiswal/Polygeist/issues/equality_saturation_eval/campaign_20260908/aten-aten_addcdiv-syntactic-tsswka17.json"", ""--disable-semantic-fallback""]","== match report for /home/arjaiswal/Polygeist/issues/aten_c_kernels/results/aten_addcdiv/debuf.mlir ==
  match          body#[0]  cudnnPointwiseGraph_f32
  total: 1 matched / 1 bodies
",0,[],0,0,0,0,/home/arjaiswal/Polygeist/issues/aten_c_kernels/results/aten_addcdiv/debuf.mlir,2089,0,1,1,281.2219671905041,0,64884,0.0,0,0,0,0,"[{""body_indices"": [0], ""symbol"": ""cudnnPointwiseGraph_f32""}]",1,0,0,0.0,0
aten,aten_addcdiv,/home/arjaiswal/Polygeist/issues/aten_c_kernels/results/aten_addcdiv/debuf.mlir,2cb376c6af9813b7e35c96cb3c5e61f112d3dddbbbdf12c93bb1c98030d47ad0,egglog,4,ok,0,707.8748494386673,0,"[""/usr/bin/python3"", ""/home/arjaiswal/Polygeist/scripts/correctness/kernel_match_rewrite.py"", ""/home/arjaiswal/Polygeist/issues/aten_c_kernels/results/aten_addcdiv/debuf.mlir"", ""--dry-run"", ""--matcher-mode"", ""egglog"", ""--telemetry-json"", ""/home/arjaiswal/Polygeist/issues/equality_saturation_eval/campaign_20260908/aten-aten_addcdiv-egglog-xqynp1jy.json"", ""--disable-semantic-fallback""]","== match report for /home/arjaiswal/Polygeist/issues/aten_c_kernels/results/aten_addcdiv/debuf.mlir ==
  match          body#[0]  cudnnPointwiseGraph_f32
  total: 1 matched / 1 bodies
",0,[],0,0,0,0,/home/arjaiswal/Polygeist/issues/aten_c_kernels/results/aten_addcdiv/debuf.mlir,2089,8,1,1,269.5580869913101,0,64656,0.0,0,0,0,0,"[{""body_indices"": [0], ""symbol"": ""cudnnPointwiseGraph_f32""}]",1,0,0,0.0,0
aten,aten_addcdiv,/home/arjaiswal/Polygeist/issues/aten_c_kernels/results/aten_addcdiv/debuf.mlir,2cb376c6af9813b7e35c96cb3c5e61f112d3dddbbbdf12c93bb1c98030d47ad0,egglog,5,ok,0,738.7262023985386,0,"[""/usr/bin/python3"", ""/home/arjaiswal/Polygeist/scripts/correctness/kernel_match_rewrite.py"", ""/home/arjaiswal/Polygeist/issues/aten_c_kernels/results/aten_addcdiv/debuf.mlir"", ""--dry-run"", ""--matcher-mode"", ""egglog"", ""--telemetry-json"", ""/home/arjaiswal/Polygeist/issues/equality_saturation_eval/campaign_20260908/aten-aten_addcdiv-egglog-xcmn3cvl.json"", ""--disable-semantic-fallback""]","== match report for /home/arjaiswal/Polygeist/issues/aten_c_kernels/results/aten_addcdiv/debuf.mlir ==
  match          body#[0]  cudnnPointwiseGraph_f32
  total: 1 matched / 1 bodies
",0,[],0,0,0,0,/home/arjaiswal/Polygeist/issues/aten_c_kernels/results/aten_addcdiv/debuf.mlir,2089,8,1,1,263.6471316218376,0,64584,0.0,0,0,0,0,"[{""body_indices"": [0], ""symbol"": ""cudnnPointwiseGraph_f32""}]",1,0,0,0.0,0
aten,aten_addcdiv,/home/arjaiswal/Polygeist/issues/aten_c_kernels/results/aten_addcdiv/debuf.mlir,2cb376c6af9813b7e35c96cb3c5e61f112d3dddbbbdf12c93bb1c98030d47ad0,syntactic,5,ok,0,742.7008673548698,0,"[""/usr/bin/python3"", ""/home/arjaiswal/Polygeist/scripts/correctness/kernel_match_rewrite.py"", ""/home/arjaiswal/Polygeist/issues/aten_c_kernels/results/aten_addcdiv/debuf.mlir"", ""--dry-run"", ""--matcher-mode"", ""syntactic"", ""--telemetry-json"", ""/home/arjaiswal/Polygeist/issues/equality_saturation_eval/campaign_20260908/aten-aten_addcdiv-syntactic-_0u665hx.json"", ""--disable-semantic-fallback""]","== match report for /home/arjaiswal/Polygeist/issues/aten_c_kernels/results/aten_addcdiv/debuf.mlir ==
  match          body#[0]  cudnnPointwiseGraph_f32
  total: 1 matched / 1 bodies
",0,[],0,0,0,0,/home/arjaiswal/Polygeist/issues/aten_c_kernels/results/aten_addcdiv/debuf.mlir,2089,0,1,1,288.74098882079124,0,64816,0.0,0,0,0,0,"[{""body_indices"": [0], ""symbol"": ""cudnnPointwiseGraph_f32""}]",1,0,0,0.0,0
aten,aten_addcmul,/home/arjaiswal/Polygeist/issues/aten_c_kernels/results/aten_addcmul/debuf.mlir,6216e9b4a9b3758a2ae901638c258e87952985dcbe6ebc1ec31e79fe6f9c50e0,syntactic,1,ok,0,824.6238864958286,0,"[""/usr/bin/python3"", ""/home/arjaiswal/Polygeist/scripts/correctness/kernel_match_rewrite.py"", ""/home/arjaiswal/Polygeist/issues/aten_c_kernels/results/aten_addcmul/debuf.mlir"", ""--dry-run"", ""--matcher-mode"", ""syntactic"", ""--telemetry-json"", ""/home/arjaiswal/Polygeist/issues/equality_saturation_eval/campaign_20260908/aten-aten_addcmul-syntactic-fcxbru48.json"", ""--disable-semantic-fallback""]","== match report for /home/arjaiswal/Polygeist/issues/aten_c_kernels/results/aten_addcmul/debuf.mlir ==
  match          body#[0]  cudnnPointwiseGraph_f32
  total: 1 matched / 1 bodies
",0,[],0,0,0,0,/home/arjaiswal/Polygeist/issues/aten_c_kernels/results/aten_addcmul/debuf.mlir,2089,0,1,1,290.93433171510696,0,64392,0.0,0,0,0,0,"[{""body_indices"": [0], ""symbol"": ""cudnnPointwiseGraph_f32""}]",1,0,0,0.0,0
aten,aten_addcmul,/home/arjaiswal/Polygeist/issues/aten_c_kernels/results/aten_addcmul/debuf.mlir,6216e9b4a9b3758a2ae901638c258e87952985dcbe6ebc1ec31e79fe6f9c50e0,egglog,1,ok,0,746.5327456593513,0,"[""/usr/bin/python3"", ""/home/arjaiswal/Polygeist/scripts/correctness/kernel_match_rewrite.py"", ""/home/arjaiswal/Polygeist/issues/aten_c_kernels/results/aten_addcmul/debuf.mlir"", ""--dry-run"", ""--matcher-mode"", ""egglog"", ""--telemetry-json"", ""/home/arjaiswal/Polygeist/issues/equality_saturation_eval/campaign_20260908/aten-aten_addcmul-egglog-psdiwuog.json"", ""--disable-semantic-fallback""]","== match report for /home/arjaiswal/Polygeist/issues/aten_c_kernels/results/aten_addcmul/debuf.mlir ==
  match          body#[0]  cudnnPointwiseGraph_f32
  total: 1 matched / 1 bodies
",0,[],0,0,0,0,/home/arjaiswal/Polygeist/issues/aten_c_kernels/results/aten_addcmul/debuf.mlir,2089,8,1,1,297.2126081585884,0,64580,0.0,0,0,0,0,"[{""body_indices"": [0], ""symbol"": ""cudnnPointwiseGraph_f32""}]",1,0,0,0.0,0
aten,aten_addcmul,/home/arjaiswal/Polygeist/issues/aten_c_kernels/results/aten_addcmul/debuf.mlir,6216e9b4a9b3758a2ae901638c258e87952985dcbe6ebc1ec31e79fe6f9c50e0,egglog,2,ok,0,726.0078676044941,0,"[""/usr/bin/python3"", ""/home/arjaiswal/Polygeist/scripts/correctness/kernel_match_rewrite.py"", ""/home/arjaiswal/Polygeist/issues/aten_c_kernels/results/aten_addcmul/debuf.mlir"", ""--dry-run"", ""--matcher-mode"", ""egglog"", ""--telemetry-json"", ""/home/arjaiswal/Polygeist/issues/equality_saturation_eval/campaign_20260908/aten-aten_addcmul-egglog-uyiit0vy.json"", ""--disable-semantic-fallback""]","== match report for /home/arjaiswal/Polygeist/issues/aten_c_kernels/results/aten_addcmul/debuf.mlir ==
  match          body#[0]  cudnnPointwiseGraph_f32
  total: 1 matched / 1 bodies
",0,[],0,0,0,0,/home/arjaiswal/Polygeist/issues/aten_c_kernels/results/aten_addcmul/debuf.mlir,2089,8,1,1,273.608073592186,0,64740,0.0,0,0,0,0,"[{""body_indices"": [0], ""symbol"": ""cudnnPointwiseGraph_f32""}]",1,0,0,0.0,0
aten,aten_addcmul,/home/arjaiswal/Polygeist/issues/aten_c_kernels/results/aten_addcmul/debuf.mlir,6216e9b4a9b3758a2ae901638c258e87952985dcbe6ebc1ec31e79fe6f9c50e0,syntactic,2,ok,0,744.2409619688988,0,"[""/usr/bin/python3"", ""/home/arjaiswal/Polygeist/scripts/correctness/kernel_match_rewrite.py"", ""/home/arjaiswal/Polygeist/issues/aten_c_kernels/results/aten_addcmul/debuf.mlir"", ""--dry-run"", ""--matcher-mode"", ""syntactic"", ""--telemetry-json"", ""/home/arjaiswal/Polygeist/issues/equality_saturation_eval/campaign_20260908/aten-aten_addcmul-syntactic-lf9kqzgz.json"", ""--disable-semantic-fallback""]","== match report for /home/arjaiswal/Polygeist/issues/aten_c_kernels/results/aten_addcmul/debuf.mlir ==
  match          body#[0]  cudnnPointwiseGraph_f32
  total: 1 matched / 1 bodies
",0,[],0,0,0,0,/home/arjaiswal/Polygeist/issues/aten_c_kernels/results/aten_addcmul/debuf.mlir,2089,0,1,1,284.9811986088753,0,64720,0.0,0,0,0,0,"[{""body_indices"": [0], ""symbol"": ""cudnnPointwiseGraph_f32""}]",1,0,0,0.0,0
aten,aten_addcmul,/home/arjaiswal/Polygeist/issues/aten_c_kernels/results/aten_addcmul/debuf.mlir,6216e9b4a9b3758a2ae901638c258e87952985dcbe6ebc1ec31e79fe6f9c50e0,syntactic,3,ok,0,751.3207606971264,0,"[""/usr/bin/python3"", ""/home/arjaiswal/Polygeist/scripts/correctness/kernel_match_rewrite.py"", ""/home/arjaiswal/Polygeist/issues/aten_c_kernels/results/aten_addcmul/debuf.mlir"", ""--dry-run"", ""--matcher-mode"", ""syntactic"", ""--telemetry-json"", ""/home/arjaiswal/Polygeist/issues/equality_saturation_eval/campaign_20260908/aten-aten_addcmul-syntactic-fwh1sqsl.json"", ""--disable-semantic-fallback""]","== match report for /home/arjaiswal/Polygeist/issues/aten_c_kernels/results/aten_addcmul/debuf.mlir ==
  match          body#[0]  cudnnPointwiseGraph_f32
  total: 1 matched / 1 bodies
",0,[],0,0,0,0,/home/arjaiswal/Polygeist/issues/aten_c_kernels/results/aten_addcmul/debuf.mlir,2089,0,1,1,280.933678150177,0,64612,0.0,0,0,0,0,"[{""body_indices"": [0], ""symbol"": ""cudnnPointwiseGraph_f32""}]",1,0,0,0.0,0
aten,aten_addcmul,/home/arjaiswal/Polygeist/issues/aten_c_kernels/results/aten_addcmul/debuf.mlir,6216e9b4a9b3758a2ae901638c258e87952985dcbe6ebc1ec31e79fe6f9c50e0,egglog,3,ok,0,746.9323836266994,0,"[""/usr/bin/python3"", ""/home/arjaiswal/Polygeist/scripts/correctness/kernel_match_rewrite.py"", ""/home/arjaiswal/Polygeist/issues/aten_c_kernels/results/aten_addcmul/debuf.mlir"", ""--dry-run"", ""--matcher-mode"", ""egglog"", ""--telemetry-json"", ""/home/arjaiswal/Polygeist/issues/equality_saturation_eval/campaign_20260908/aten-aten_addcmul-egglog-gydqjxae.json"", ""--disable-semantic-fallback""]","== match report for /home/arjaiswal/Polygeist/issues/aten_c_kernels/results/aten_addcmul/debuf.mlir ==
  match          body#[0]  cudnnPointwiseGraph_f32
  total: 1 matched / 1 bodies
",0,[],0,0,0,0,/home/arjaiswal/Polygeist/issues/aten_c_kernels/results/aten_addcmul/debuf.mlir,2089,8,1,1,272.0865420997143,0,64900,0.0,0,0,0,0,"[{""body_indices"": [0], ""symbol"": ""cudnnPointwiseGraph_f32""}]",1,0,0,0.0,0
aten,aten_addcmul,/home/arjaiswal/Polygeist/issues/aten_c_kernels/results/aten_addcmul/debuf.mlir,6216e9b4a9b3758a2ae901638c258e87952985dcbe6ebc1ec31e79fe6f9c50e0,egglog,4,ok,0,723.5494442284107,0,"[""/usr/bin/python3"", ""/home/arjaiswal/Polygeist/scripts/correctness/kernel_match_rewrite.py"", ""/home/arjaiswal/Polygeist/issues/aten_c_kernels/results/aten_addcmul/debuf.mlir"", ""--dry-run"", ""--matcher-mode"", ""egglog"", ""--telemetry-json"", ""/home/arjaiswal/Polygeist/issues/equality_saturation_eval/campaign_20260908/aten-aten_addcmul-egglog-7kkf2zjt.json"", ""--disable-semantic-fallback""]","== match report for /home/arjaiswal/Polygeist/issues/aten_c_kernels/results/aten_addcmul/debuf.mlir ==
  match          body#[0]  cudnnPointwiseGraph_f32
  total: 1 matched / 1 bodies
",0,[],0,0,0,0,/home/arjaiswal/Polygeist/issues/aten_c_kernels/results/aten_addcmul/debuf.mlir,2089,8,1,1,287.4288856983185,0,64584,0.0,0,0,0,0,"[{""body_indices"": [0], ""symbol"": ""cudnnPointwiseGraph_f32""}]",1,0,0,0.0,0
aten,aten_addcmul,/home/arjaiswal/Polygeist/issues/aten_c_kernels/results/aten_addcmul/debuf.mlir,6216e9b4a9b3758a2ae901638c258e87952985dcbe6ebc1ec31e79fe6f9c50e0,syntactic,4,ok,0,708.2655057311058,0,"[""/usr/bin/python3"", ""/home/arjaiswal/Polygeist/scripts/correctness/kernel_match_rewrite.py"", ""/home/arjaiswal/Polygeist/issues/aten_c_kernels/results/aten_addcmul/debuf.mlir"", ""--dry-run"", ""--matcher-mode"", ""syntactic"", ""--telemetry-json"", ""/home/arjaiswal/Polygeist/issues/equality_saturation_eval/campaign_20260908/aten-aten_addcmul-syntactic-mt63fxka.json"", ""--disable-semantic-fallback""]","== match report for /home/arjaiswal/Polygeist/issues/aten_c_kernels/results/aten_addcmul/debuf.mlir ==
  match          body#[0]  cudnnPointwiseGraph_f32
  total: 1 matched / 1 bodies
",0,[],0,0,0,0,/home/arjaiswal/Polygeist/issues/aten_c_kernels/results/aten_addcmul/debuf.mlir,2089,0,1,1,272.9031331837177,0,64620,0.0,0,0,0,0,"[{""body_indices"": [0], ""symbol"": ""cudnnPointwiseGraph_f32""}]",1,0,0,0.0,0
aten,aten_addcmul,/home/arjaiswal/Polygeist/issues/aten_c_kernels/results/aten_addcmul/debuf.mlir,6216e9b4a9b3758a2ae901638c258e87952985dcbe6ebc1ec31e79fe6f9c50e0,syntactic,5,ok,0,720.2169075608253,0,"[""/usr/bin/python3"", ""/home/arjaiswal/Polygeist/scripts/correctness/kernel_match_rewrite.py"", ""/home/arjaiswal/Polygeist/issues/aten_c_kernels/results/aten_addcmul/debuf.mlir"", ""--dry-run"", ""--matcher-mode"", ""syntactic"", ""--telemetry-json"", ""/home/arjaiswal/Polygeist/issues/equality_saturation_eval/campaign_20260908/aten-aten_addcmul-syntactic-yiywrq0s.json"", ""--disable-semantic-fallback""]","== match report for /home/arjaiswal/Polygeist/issues/aten_c_kernels/results/aten_addcmul/debuf.mlir ==
  match          body#[0]  cudnnPointwiseGraph_f32
  total: 1 matched / 1 bodies
",0,[],0,0,0,0,/home/arjaiswal/Polygeist/issues/aten_c_kernels/results/aten_addcmul/debuf.mlir,2089,0,1,1,274.687759578228,0,64656,0.0,0,0,0,0,"[{""body_indices"": [0], ""symbol"": ""cudnnPointwiseGraph_f32""}]",1,0,0,0.0,0
aten,aten_addcmul,/home/arjaiswal/Polygeist/issues/aten_c_kernels/results/aten_addcmul/debuf.mlir,6216e9b4a9b3758a2ae901638c258e87952985dcbe6ebc1ec31e79fe6f9c50e0,egglog,5,ok,0,718.327309936285,0,"[""/usr/bin/python3"", ""/home/arjaiswal/Polygeist/scripts/correctness/kernel_match_rewrite.py"", ""/home/arjaiswal/Polygeist/issues/aten_c_kernels/results/aten_addcmul/debuf.mlir"", ""--dry-run"", ""--matcher-mode"", ""egglog"", ""--telemetry-json"", ""/home/arjaiswal/Polygeist/issues/equality_saturation_eval/campaign_20260908/aten-aten_addcmul-egglog-mvs3ihn0.json"", ""--disable-semantic-fallback""]","== match report for /home/arjaiswal/Polygeist/issues/aten_c_kernels/results/aten_addcmul/debuf.mlir ==
  match          body#[0]  cudnnPointwiseGraph_f32
  total: 1 matched / 1 bodies
",0,[],0,0,0,0,/home/arjaiswal/Polygeist/issues/aten_c_kernels/results/aten_addcmul/debuf.mlir,2089,8,1,1,278.70510146021843,0,64468,0.0,0,0,0,0,"[{""body_indices"": [0], ""symbol"": ""cudnnPointwiseGraph_f32""}]",1,0,0,0.0,0
aten,aten_addmm,/home/arjaiswal/Polygeist/issues/aten_c_kernels/results/aten_addmm/debuf.mlir,d4ec02dd4624ae6f0e9d9206ca100cb54c2e9045f36484a7a9aeb1bd6d863e12,egglog,1,ok,0,787.9833616316319,0,"[""/usr/bin/python3"", ""/home/arjaiswal/Polygeist/scripts/correctness/kernel_match_rewrite.py"", ""/home/arjaiswal/Polygeist/issues/aten_c_kernels/results/aten_addmm/debuf.mlir"", ""--dry-run"", ""--matcher-mode"", ""egglog"", ""--telemetry-json"", ""/home/arjaiswal/Polygeist/issues/equality_saturation_eval/campaign_20260908/aten-aten_addmm-egglog-dmxoeohw.json"", ""--disable-semantic-fallback""]","== match report for /home/arjaiswal/Polygeist/issues/aten_c_kernels/results/aten_addmm/debuf.mlir ==
  match          body#[0, 1]  cublasDgemm
  total: 1 matched / 1 bodies
",0,[],0,0,0,0,/home/arjaiswal/Polygeist/issues/aten_c_kernels/results/aten_addmm/debuf.mlir,3006,8,2,2,331.45490661263466,0,69756,43.395280838012695,4,4,0,52,"[{""body_indices"": [0, 1], ""symbol"": ""cublasDgemm""}]",1,0,0,0.0,6
aten,aten_addmm,/home/arjaiswal/Polygeist/issues/aten_c_kernels/results/aten_addmm/debuf.mlir,d4ec02dd4624ae6f0e9d9206ca100cb54c2e9045f36484a7a9aeb1bd6d863e12,syntactic,1,ok,0,776.6439691185951,0,"[""/usr/bin/python3"", ""/home/arjaiswal/Polygeist/scripts/correctness/kernel_match_rewrite.py"", ""/home/arjaiswal/Polygeist/issues/aten_c_kernels/results/aten_addmm/debuf.mlir"", ""--dry-run"", ""--matcher-mode"", ""syntactic"", ""--telemetry-json"", ""/home/arjaiswal/Polygeist/issues/equality_saturation_eval/campaign_20260908/aten-aten_addmm-syntactic-wse_ec1j.json"", ""--disable-semantic-fallback""]","== match report for /home/arjaiswal/Polygeist/issues/aten_c_kernels/results/aten_addmm/debuf.mlir ==
  match          body#[0]  cublasDgeam_scale2D
  no_match       body#1  ?
  total: 1 matched / 2 bodies
",0,[],0,0,0,0,/home/arjaiswal/Polygeist/issues/aten_c_kernels/results/aten_addmm/debuf.mlir,3006,0,2,1,336.8969112634659,1,65624,0.1372024416923523,0,4,0,0,"[{""body_indices"": [0], ""symbol"": ""cublasDgeam_scale2D""}]",1,0,18,0.0,18
aten,aten_addmm,/home/arjaiswal/Polygeist/issues/aten_c_kernels/results/aten_addmm/debuf.mlir,d4ec02dd4624ae6f0e9d9206ca100cb54c2e9045f36484a7a9aeb1bd6d863e12,syntactic,2,ok,0,809.2800788581371,0,"[""/usr/bin/python3"", ""/home/arjaiswal/Polygeist/scripts/correctness/kernel_match_rewrite.py"", ""/home/arjaiswal/Polygeist/issues/aten_c_kernels/results/aten_addmm/debuf.mlir"", ""--dry-run"", ""--matcher-mode"", ""syntactic"", ""--telemetry-json"", ""/home/arjaiswal/Polygeist/issues/equality_saturation_eval/campaign_20260908/aten-aten_addmm-syntactic-1ob4unys.json"", ""--disable-semantic-fallback""]","== match report for /home/arjaiswal/Polygeist/issues/aten_c_kernels/results/aten_addmm/debuf.mlir ==
  match          body#[0]  cublasDgeam_scale2D
  no_match       body#1  ?
  total: 1 matched / 2 bodies
",0,[],0,0,0,0,/home/arjaiswal/Polygeist/issues/aten_c_kernels/results/aten_addmm/debuf.mlir,3006,0,2,1,328.11690121889114,1,65676,0.1366846263408661,0,4,0,0,"[{""body_indices"": [0], ""symbol"": ""cublasDgeam_scale2D""}]",1,0,18,0.0,18
aten,aten_addmm,/home/arjaiswal/Polygeist/issues/aten_c_kernels/results/aten_addmm/debuf.mlir,d4ec02dd4624ae6f0e9d9206ca100cb54c2e9045f36484a7a9aeb1bd6d863e12,egglog,2,ok,0,865.2614615857601,0,"[""/usr/bin/python3"", ""/home/arjaiswal/Polygeist/scripts/correctness/kernel_match_rewrite.py"", ""/home/arjaiswal/Polygeist/issues/aten_c_kernels/results/aten_addmm/debuf.mlir"", ""--dry-run"", ""--matcher-mode"", ""egglog"", ""--telemetry-json"", ""/home/arjaiswal/Polygeist/issues/equality_saturation_eval/campaign_20260908/aten-aten_addmm-egglog-3pej4oun.json"", ""--disable-semantic-fallback""]","== match report for /home/arjaiswal/Polygeist/issues/aten_c_kernels/results/aten_addmm/debuf.mlir ==
  match          body#[0, 1]  cublasDgemm
  total: 1 matched / 1 bodies
",0,[],0,0,0,0,/home/arjaiswal/Polygeist/issues/aten_c_kernels/results/aten_addmm/debuf.mlir,3006,8,2,2,395.6679403781891,0,69788,46.180251985788345,4,4,0,52,"[{""body_indices"": [0, 1], ""symbol"": ""cublasDgemm""}]",1,0,0,0.0,6
aten,aten_addmm,/home/arjaiswal/Polygeist/issues/aten_c_kernels/results/aten_addmm/debuf.mlir,d4ec02dd4624ae6f0e9d9206ca100cb54c2e9045f36484a7a9aeb1bd6d863e12,egglog,3,ok,0,790.588166564703,0,"[""/usr/bin/python3"", ""/home/arjaiswal/Polygeist/scripts/correctness/kernel_match_rewrite.py"", ""/home/arjaiswal/Polygeist/issues/aten_c_kernels/results/aten_addmm/debuf.mlir"", ""--dry-run"", ""--matcher-mode"", ""egglog"", ""--telemetry-json"", ""/home/arjaiswal/Polygeist/issues/equality_saturation_eval/campaign_20260908/aten-aten_addmm-egglog-xs8lki6t.json"", ""--disable-semantic-fallback""]","== match report for /home/arjaiswal/Polygeist/issues/aten_c_kernels/results/aten_addmm/debuf.mlir ==
  match          body#[0, 1]  cublasDgemm
  total: 1 matched / 1 bodies
",0,[],0,0,0,0,/home/arjaiswal/Polygeist/issues/aten_c_kernels/results/aten_addmm/debuf.mlir,3006,8,2,2,340.49833938479424,0,69700,47.73818328976631,4,4,0,52,"[{""body_indices"": [0, 1], ""symbol"": ""cublasDgemm""}]",1,0,0,0.0,6
aten,aten_addmm,/home/arjaiswal/Polygeist/issues/aten_c_kernels/results/aten_addmm/debuf.mlir,d4ec02dd4624ae6f0e9d9206ca100cb54c2e9045f36484a7a9aeb1bd6d863e12,syntactic,3,ok,0,889.1971632838249,0,"[""/usr/bin/python3"", ""/home/arjaiswal/Polygeist/scripts/correctness/kernel_match_rewrite.py"", ""/home/arjaiswal/Polygeist/issues/aten_c_kernels/results/aten_addmm/debuf.mlir"", ""--dry-run"", ""--matcher-mode"", ""syntactic"", ""--telemetry-json"", ""/home/arjaiswal/Polygeist/issues/equality_saturation_eval/campaign_20260908/aten-aten_addmm-syntactic-ku479f9m.json"", ""--disable-semantic-fallback""]","== match report for /home/arjaiswal/Polygeist/issues/aten_c_kernels/results/aten_addmm/debuf.mlir ==
  match          body#[0]  cublasDgeam_scale2D
  no_match       body#1  ?
  total: 1 matched / 2 bodies
",0,[],0,0,0,0,/home/arjaiswal/Polygeist/issues/aten_c_kernels/results/aten_addmm/debuf.mlir,3006,0,2,1,339.3351137638092,1,65880,0.15388056635856628,0,4,0,0,"[{""body_indices"": [0], ""symbol"": ""cublasDgeam_scale2D""}]",1,0,18,0.0,18
aten,aten_addmm,/home/arjaiswal/Polygeist/issues/aten_c_kernels/results/aten_addmm/debuf.mlir,d4ec02dd4624ae6f0e9d9206ca100cb54c2e9045f36484a7a9aeb1bd6d863e12,syntactic,4,ok,0,786.7030203342438,0,"[""/usr/bin/python3"", ""/home/arjaiswal/Polygeist/scripts/correctness/kernel_match_rewrite.py"", ""/home/arjaiswal/Polygeist/issues/aten_c_kernels/results/aten_addmm/debuf.mlir"", ""--dry-run"", ""--matcher-mode"", ""syntactic"", ""--telemetry-json"", ""/home/arjaiswal/Polygeist/issues/equality_saturation_eval/campaign_20260908/aten-aten_addmm-syntactic-twr3a_2n.json"", ""--disable-semantic-fallback""]","== match report for /home/arjaiswal/Polygeist/issues/aten_c_kernels/results/aten_addmm/debuf.mlir ==
  match          body#[0]  cublasDgeam_scale2D
  no_match       body#1  ?
  total: 1 matched / 2 bodies
",0,[],0,0,0,0,/home/arjaiswal/Polygeist/issues/aten_c_kernels/results/aten_addmm/debuf.mlir,3006,0,2,1,340.99793061614037,1,65508,0.13960152864456177,0,4,0,0,"[{""body_indices"": [0], ""symbol"": ""cublasDgeam_scale2D""}]",1,0,18,0.0,18
aten,aten_addmm,/home/arjaiswal/Polygeist/issues/aten_c_kernels/results/aten_addmm/debuf.mlir,d4ec02dd4624ae6f0e9d9206ca100cb54c2e9045f36484a7a9aeb1bd6d863e12,egglog,4,ok,0,824.3671953678131,0,"[""/usr/bin/python3"", ""/home/arjaiswal/Polygeist/scripts/correctness/kernel_match_rewrite.py"", ""/home/arjaiswal/Polygeist/issues/aten_c_kernels/results/aten_addmm/debuf.mlir"", ""--dry-run"", ""--matcher-mode"", ""egglog"", ""--telemetry-json"", ""/home/arjaiswal/Polygeist/issues/equality_saturation_eval/campaign_20260908/aten-aten_addmm-egglog-2ur_uhdj.json"", ""--disable-semantic-fallback""]","== match report for /home/arjaiswal/Polygeist/issues/aten_c_kernels/results/aten_addmm/debuf.mlir ==
  match          body#[0, 1]  cublasDgemm
  total: 1 matched / 1 bodies
",0,[],0,0,0,0,/home/arjaiswal/Polygeist/issues/aten_c_kernels/results/aten_addmm/debuf.mlir,3006,8,2,2,356.4070500433445,0,69696,47.573272138834,4,4,0,52,"[{""body_indices"": [0, 1], ""symbol"": ""cublasDgemm""}]",1,0,0,0.0,6
aten,aten_addmm,/home/arjaiswal/Polygeist/issues/aten_c_kernels/results/aten_addmm/debuf.mlir,d4ec02dd4624ae6f0e9d9206ca100cb54c2e9045f36484a7a9aeb1bd6d863e12,egglog,5,ok,0,859.01790112257,0,"[""/usr/bin/python3"", ""/home/arjaiswal/Polygeist/scripts/correctness/kernel_match_rewrite.py"", ""/home/arjaiswal/Polygeist/issues/aten_c_kernels/results/aten_addmm/debuf.mlir"", ""--dry-run"", ""--matcher-mode"", ""egglog"", ""--telemetry-json"", ""/home/arjaiswal/Polygeist/issues/equality_saturation_eval/campaign_20260908/aten-aten_addmm-egglog-ven2z5x9.json"", ""--disable-semantic-fallback""]","== match report for /home/arjaiswal/Polygeist/issues/aten_c_kernels/results/aten_addmm/debuf.mlir ==
  match          body#[0, 1]  cublasDgemm
  total: 1 matched / 1 bodies
",0,[],0,0,0,0,/home/arjaiswal/Polygeist/issues/aten_c_kernels/results/aten_addmm/debuf.mlir,3006,8,2,2,330.2893787622452,0,69816,42.49173030257225,4,4,0,52,"[{""body_indices"": [0, 1], ""symbol"": ""cublasDgemm""}]",1,0,0,0.0,6
aten,aten_addmm,/home/arjaiswal/Polygeist/issues/aten_c_kernels/results/aten_addmm/debuf.mlir,d4ec02dd4624ae6f0e9d9206ca100cb54c2e9045f36484a7a9aeb1bd6d863e12,syntactic,5,ok,0,813.7209713459015,0,"[""/usr/bin/python3"", ""/home/arjaiswal/Polygeist/scripts/correctness/kernel_match_rewrite.py"", ""/home/arjaiswal/Polygeist/issues/aten_c_kernels/results/aten_addmm/debuf.mlir"", ""--dry-run"", ""--matcher-mode"", ""syntactic"", ""--telemetry-json"", ""/home/arjaiswal/Polygeist/issues/equality_saturation_eval/campaign_20260908/aten-aten_addmm-syntactic-vdmg7198.json"", ""--disable-semantic-fallback""]","== match report for /home/arjaiswal/Polygeist/issues/aten_c_kernels/results/aten_addmm/debuf.mlir ==
  match          body#[0]  cublasDgeam_scale2D
  no_match       body#1  ?
  total: 1 matched / 2 bodies
",0,[],0,0,0,0,/home/arjaiswal/Polygeist/issues/aten_c_kernels/results/aten_addmm/debuf.mlir,3006,0,2,1,349.9029390513897,1,65696,0.13638660311698914,0,4,0,0,"[{""body_indices"": [0], ""symbol"": ""cublasDgeam_scale2D""}]",1,0,18,0.0,18
aten,aten_addr_elementwise,/home/arjaiswal/Polygeist/issues/aten_c_kernels/results/aten_addr_elementwise/debuf.mlir,8f6189a7945d9d6e62cfab5cd7fa0dd88666f0a36c66b2824fe64ca5bb053e62,syntactic,1,ok,0,827.5954015552998,0,"[""/usr/bin/python3"", ""/home/arjaiswal/Polygeist/scripts/correctness/kernel_match_rewrite.py"", ""/home/arjaiswal/Polygeist/issues/aten_c_kernels/results/aten_addr_elementwise/debuf.mlir"", ""--dry-run"", ""--matcher-mode"", ""syntactic"", ""--telemetry-json"", ""/home/arjaiswal/Polygeist/issues/equality_saturation_eval/campaign_20260908/aten-aten_addr_elementwise-syntactic-d4wt3g68.json"", ""--disable-semantic-fallback""]","== match report for /home/arjaiswal/Polygeist/issues/aten_c_kernels/results/aten_addr_elementwise/debuf.mlir ==
  match          body#[0]  cudnnAddrElementwise_f32_memref
  total: 1 matched / 1 bodies
",0,[],0,0,0,0,/home/arjaiswal/Polygeist/issues/aten_c_kernels/results/aten_addr_elementwise/debuf.mlir,2438,0,1,1,379.8987679183483,0,65652,0.05719810724258423,0,2,0,0,"[{""body_indices"": [0], ""symbol"": ""cudnnAddrElementwise_f32_memref""}]",1,0,2,0.0,2
aten,aten_addr_elementwise,/home/arjaiswal/Polygeist/issues/aten_c_kernels/results/aten_addr_elementwise/debuf.mlir,8f6189a7945d9d6e62cfab5cd7fa0dd88666f0a36c66b2824fe64ca5bb053e62,egglog,1,ok,0,812.3856596648693,0,"[""/usr/bin/python3"", ""/home/arjaiswal/Polygeist/scripts/correctness/kernel_match_rewrite.py"", ""/home/arjaiswal/Polygeist/issues/aten_c_kernels/results/aten_addr_elementwise/debuf.mlir"", ""--dry-run"", ""--matcher-mode"", ""egglog"", ""--telemetry-json"", ""/home/arjaiswal/Polygeist/issues/equality_saturation_eval/campaign_20260908/aten-aten_addr_elementwise-egglog-63yixh3o.json"", ""--disable-semantic-fallback""]","== match report for /home/arjaiswal/Polygeist/issues/aten_c_kernels/results/aten_addr_elementwise/debuf.mlir ==
  match          body#[0]  cudnnAddrElementwise_f32_memref
  total: 1 matched / 1 bodies
",0,[],0,0,0,0,/home/arjaiswal/Polygeist/issues/aten_c_kernels/results/aten_addr_elementwise/debuf.mlir,2438,8,1,1,337.65191584825516,0,69972,24.65631440281868,2,2,0,80,"[{""body_indices"": [0], ""symbol"": ""cudnnAddrElementwise_f32_memref""}]",1,0,0,0.0,2
aten,aten_addr_elementwise,/home/arjaiswal/Polygeist/issues/aten_c_kernels/results/aten_addr_elementwise/debuf.mlir,8f6189a7945d9d6e62cfab5cd7fa0dd88666f0a36c66b2824fe64ca5bb053e62,egglog,2,ok,0,778.35738286376,0,"[""/usr/bin/python3"", ""/home/arjaiswal/Polygeist/scripts/correctness/kernel_match_rewrite.py"", ""/home/arjaiswal/Polygeist/issues/aten_c_kernels/results/aten_addr_elementwise/debuf.mlir"", ""--dry-run"", ""--matcher-mode"", ""egglog"", ""--telemetry-json"", ""/home/arjaiswal/Polygeist/issues/equality_saturation_eval/campaign_20260908/aten-aten_addr_elementwise-egglog-zj29czqx.json"", ""--disable-semantic-fallback""]","== match report for /home/arjaiswal/Polygeist/issues/aten_c_kernels/results/aten_addr_elementwise/debuf.mlir ==
  match          body#[0]  cudnnAddrElementwise_f32_memref
  total: 1 matched / 1 bodies
",0,[],0,0,0,0,/home/arjaiswal/Polygeist/issues/aten_c_kernels/results/aten_addr_elementwise/debuf.mlir,2438,8,1,1,325.19640028476715,0,70116,23.75910058617592,2,2,0,80,"[{""body_indices"": [0], ""symbol"": ""cudnnAddrElementwise_f32_memref""}]",1,0,0,0.0,2
aten,aten_addr_elementwise,/home/arjaiswal/Polygeist/issues/aten_c_kernels/results/aten_addr_elementwise/debuf.mlir,8f6189a7945d9d6e62cfab5cd7fa0dd88666f0a36c66b2824fe64ca5bb053e62,syntactic,2,ok,0,837.91359141469,0,"[""/usr/bin/python3"", ""/home/arjaiswal/Polygeist/scripts/correctness/kernel_match_rewrite.py"", ""/home/arjaiswal/Polygeist/issues/aten_c_kernels/results/aten_addr_elementwise/debuf.mlir"", ""--dry-run"", ""--matcher-mode"", ""syntactic"", ""--telemetry-json"", ""/home/arjaiswal/Polygeist/issues/equality_saturation_eval/campaign_20260908/aten-aten_addr_elementwise-syntactic-kw8tajet.json"", ""--disable-semantic-fallback""]","== match report for /home/arjaiswal/Polygeist/issues/aten_c_kernels/results/aten_addr_elementwise/debuf.mlir ==
  match          body#[0]  cudnnAddrElementwise_f32_memref
  total: 1 matched / 1 bodies
",0,[],0,0,0,0,/home/arjaiswal/Polygeist/issues/aten_c_kernels/results/aten_addr_elementwise/debuf.mlir,2438,0,1,1,295.8329878747463,0,65592,0.05743280053138733,0,2,0,0,"[{""body_indices"": [0], ""symbol"": ""cudnnAddrElementwise_f32_memref""}]",1,0,2,0.0,2
aten,aten_addr_elementwise,/home/arjaiswal/Polygeist/issues/aten_c_kernels/results/aten_addr_elementwise/debuf.mlir,8f6189a7945d9d6e62cfab5cd7fa0dd88666f0a36c66b2824fe64ca5bb053e62,syntactic,3,ok,0,778.8799367845058,0,"[""/usr/bin/python3"", ""/home/arjaiswal/Polygeist/scripts/correctness/kernel_match_rewrite.py"", ""/home/arjaiswal/Polygeist/issues/aten_c_kernels/results/aten_addr_elementwise/debuf.mlir"", ""--dry-run"", ""--matcher-mode"", ""syntactic"", ""--telemetry-json"", ""/home/arjaiswal/Polygeist/issues/equality_saturation_eval/campaign_20260908/aten-aten_addr_elementwise-syntactic-ox65atz2.json"", ""--disable-semantic-fallback""]","== match report for /home/arjaiswal/Polygeist/issues/aten_c_kernels/results/aten_addr_elementwise/debuf.mlir ==
  match          body#[0]  cudnnAddrElementwise_f32_memref
  total: 1 matched / 1 bodies
",0,[],0,0,0,0,/home/arjaiswal/Polygeist/issues/aten_c_kernels/results/aten_addr_elementwise/debuf.mlir,2438,0,1,1,306.89961463212967,0,66064,0.057931989431381226,0,2,0,0,"[{""body_indices"": [0], ""symbol"": ""cudnnAddrElementwise_f32_memref""}]",1,0,2,0.0,2
aten,aten_addr_elementwise,/home/arjaiswal/Polygeist/issues/aten_c_kernels/results/aten_addr_elementwise/debuf.mlir,8f6189a7945d9d6e62cfab5cd7fa0dd88666f0a36c66b2824fe64ca5bb053e62,egglog,3,ok,0,844.7632640600204,0,"[""/usr/bin/python3"", ""/home/arjaiswal/Polygeist/scripts/correctness/kernel_match_rewrite.py"", ""/home/arjaiswal/Polygeist/issues/aten_c_kernels/results/aten_addr_elementwise/debuf.mlir"", ""--dry-run"", ""--matcher-mode"", ""egglog"", ""--telemetry-json"", ""/home/arjaiswal/Polygeist/issues/equality_saturation_eval/campaign_20260908/aten-aten_addr_elementwise-egglog-2u23eufe.json"", ""--disable-semantic-fallback""]","== match report for /home/arjaiswal/Polygeist/issues/aten_c_kernels/results/aten_addr_elementwise/debuf.mlir ==
  match          body#[0]  cudnnAddrElementwise_f32_memref
  total: 1 matched / 1 bodies
",0,[],0,0,0,0,/home/arjaiswal/Polygeist/issues/aten_c_kernels/results/aten_addr_elementwise/debuf.mlir,2438,8,1,1,338.22735771536827,0,69992,27.626287192106247,2,2,0,80,"[{""body_indices"": [0], ""symbol"": ""cudnnAddrElementwise_f32_memref""}]",1,0,0,0.0,2
aten,aten_addr_elementwise,/home/arjaiswal/Polygeist/issues/aten_c_kernels/results/aten_addr_elementwise/debuf.mlir,8f6189a7945d9d6e62cfab5cd7fa0dd88666f0a36c66b2824fe64ca5bb053e62,egglog,4,ok,0,784.5227681100368,0,"[""/usr/bin/python3"", ""/home/arjaiswal/Polygeist/scripts/correctness/kernel_match_rewrite.py"", ""/home/arjaiswal/Polygeist/issues/aten_c_kernels/results/aten_addr_elementwise/debuf.mlir"", ""--dry-run"", ""--matcher-mode"", ""egglog"", ""--telemetry-json"", ""/home/arjaiswal/Polygeist/issues/equality_saturation_eval/campaign_20260908/aten-aten_addr_elementwise-egglog-41_23is0.json"", ""--disable-semantic-fallback""]","== match report for /home/arjaiswal/Polygeist/issues/aten_c_kernels/results/aten_addr_elementwise/debuf.mlir ==
  match          body#[0]  cudnnAddrElementwise_f32_memref
  total: 1 matched / 1 bodies
",0,[],0,0,0,0,/home/arjaiswal/Polygeist/issues/aten_c_kernels/results/aten_addr_elementwise/debuf.mlir,2438,8,1,1,324.7826099395752,0,70076,23.380931466817856,2,2,0,80,"[{""body_indices"": [0], ""symbol"": ""cudnnAddrElementwise_f32_memref""}]",1,0,0,0.0,2
aten,aten_addr_elementwise,/home/arjaiswal/Polygeist/issues/aten_c_kernels/results/aten_addr_elementwise/debuf.mlir,8f6189a7945d9d6e62cfab5cd7fa0dd88666f0a36c66b2824fe64ca5bb053e62,syntactic,4,ok,0,724.7874215245247,0,"[""/usr/bin/python3"", ""/home/arjaiswal/Polygeist/scripts/correctness/kernel_match_rewrite.py"", ""/home/arjaiswal/Polygeist/issues/aten_c_kernels/results/aten_addr_elementwise/debuf.mlir"", ""--dry-run"", ""--matcher-mode"", ""syntactic"", ""--telemetry-json"", ""/home/arjaiswal/Polygeist/issues/equality_saturation_eval/campaign_20260908/aten-aten_addr_elementwise-syntactic-623pw53m.json"", ""--disable-semantic-fallback""]","== match report for /home/arjaiswal/Polygeist/issues/aten_c_kernels/results/aten_addr_elementwise/debuf.mlir ==
  match          body#[0]  cudnnAddrElementwise_f32_memref
  total: 1 matched / 1 bodies
",0,[],0,0,0,0,/home/arjaiswal/Polygeist/issues/aten_c_kernels/results/aten_addr_elementwise/debuf.mlir,2438,0,1,1,282.5572118163109,0,65968,0.056978315114974976,0,2,0,0,"[{""body_indices"": [0], ""symbol"": ""cudnnAddrElementwise_f32_memref""}]",1,0,2,0.0,2
aten,aten_addr_elementwise,/home/arjaiswal/Polygeist/issues/aten_c_kernels/results/aten_addr_elementwise/debuf.mlir,8f6189a7945d9d6e62cfab5cd7fa0dd88666f0a36c66b2824fe64ca5bb053e62,syntactic,5,ok,0,765.735562890768,0,"[""/usr/bin/python3"", ""/home/arjaiswal/Polygeist/scripts/correctness/kernel_match_rewrite.py"", ""/home/arjaiswal/Polygeist/issues/aten_c_kernels/results/aten_addr_elementwise/debuf.mlir"", ""--dry-run"", ""--matcher-mode"", ""syntactic"", ""--telemetry-json"", ""/home/arjaiswal/Polygeist/issues/equality_saturation_eval/campaign_20260908/aten-aten_addr_elementwise-syntactic-e6o87lye.json"", ""--disable-semantic-fallback""]","== match report for /home/arjaiswal/Polygeist/issues/aten_c_kernels/results/aten_addr_elementwise/debuf.mlir ==
  match          body#[0]  cudnnAddrElementwise_f32_memref
  total: 1 matched / 1 bodies
",0,[],0,0,0,0,/home/arjaiswal/Polygeist/issues/aten_c_kernels/results/aten_addr_elementwise/debuf.mlir,2438,0,1,1,310.07804721593857,0,66008,0.05456060171127319,0,2,0,0,"[{""body_indices"": [0], ""symbol"": ""cudnnAddrElementwise_f32_memref""}]",1,0,2,0.0,2
aten,aten_addr_elementwise,/home/arjaiswal/Polygeist/issues/aten_c_kernels/results/aten_addr_elementwise/debuf.mlir,8f6189a7945d9d6e62cfab5cd7fa0dd88666f0a36c66b2824fe64ca5bb053e62,egglog,5,ok,0,784.058216959238,0,"[""/usr/bin/python3"", ""/home/arjaiswal/Polygeist/scripts/correctness/kernel_match_rewrite.py"", ""/home/arjaiswal/Polygeist/issues/aten_c_kernels/results/aten_addr_elementwise/debuf.mlir"", ""--dry-run"", ""--matcher-mode"", ""egglog"", ""--telemetry-json"", ""/home/arjaiswal/Polygeist/issues/equality_saturation_eval/campaign_20260908/aten-aten_addr_elementwise-egglog-98j9dq0r.json"", ""--disable-semantic-fallback""]","== match report for /home/arjaiswal/Polygeist/issues/aten_c_kernels/results/aten_addr_elementwise/debuf.mlir ==
  match          body#[0]  cudnnAddrElementwise_f32_memref
  total: 1 matched / 1 bodies
",0,[],0,0,0,0,/home/arjaiswal/Polygeist/issues/aten_c_kernels/results/aten_addr_elementwise/debuf.mlir,2438,8,1,1,335.5875797569752,0,69968,23.74456450343132,2,2,0,80,"[{""body_indices"": [0], ""symbol"": ""cudnnAddrElementwise_f32_memref""}]",1,0,0,0.0,2
aten,aten_airy_ai,/home/arjaiswal/Polygeist/issues/aten_c_kernels/results/aten_airy_ai/debuf.mlir,53e415380ab93db7449a984a25f94b20ec901c4c3224471e356421291b219c9a,egglog,1,ok,0,881.0534216463566,0,"[""/usr/bin/python3"", ""/home/arjaiswal/Polygeist/scripts/correctness/kernel_match_rewrite.py"", ""/home/arjaiswal/Polygeist/issues/aten_c_kernels/results/aten_airy_ai/debuf.mlir"", ""--dry-run"", ""--matcher-mode"", ""egglog"", ""--telemetry-json"", ""/home/arjaiswal/Polygeist/issues/equality_saturation_eval/campaign_20260908/aten-aten_airy_ai-egglog-fb6xtss5.json"", ""--disable-semantic-fallback""]","== match report for /home/arjaiswal/Polygeist/issues/aten_c_kernels/results/aten_airy_ai/debuf.mlir ==
  no_match       body#0  ?
  total: 0 matched / 1 bodies
",0,[],0,0,0,0,/home/arjaiswal/Polygeist/issues/aten_c_kernels/results/aten_airy_ai/debuf.mlir,1905,8,1,0,405.0680845975876,1,65624,0.0,0,0,0,0,[],0,0,0,0.0,56
aten,aten_airy_ai,/home/arjaiswal/Polygeist/issues/aten_c_kernels/results/aten_airy_ai/debuf.mlir,53e415380ab93db7449a984a25f94b20ec901c4c3224471e356421291b219c9a,syntactic,1,ok,0,859.2992387712002,0,"[""/usr/bin/python3"", ""/home/arjaiswal/Polygeist/scripts/correctness/kernel_match_rewrite.py"", ""/home/arjaiswal/Polygeist/issues/aten_c_kernels/results/aten_airy_ai/debuf.mlir"", ""--dry-run"", ""--matcher-mode"", ""syntactic"", ""--telemetry-json"", ""/home/arjaiswal/Polygeist/issues/equality_saturation_eval/campaign_20260908/aten-aten_airy_ai-syntactic-_v7tkf7y.json"", ""--disable-semantic-fallback""]","== match report for /home/arjaiswal/Polygeist/issues/aten_c_kernels/results/aten_airy_ai/debuf.mlir ==
  no_match       body#0  ?
  total: 0 matched / 1 bodies
",0,[],0,0,0,0,/home/arjaiswal/Polygeist/issues/aten_c_kernels/results/aten_airy_ai/debuf.mlir,1905,0,1,0,421.7262454330921,1,65716,0.13034790754318237,0,0,0,0,[],0,0,56,0.0,56
aten,aten_airy_ai,/home/arjaiswal/Polygeist/issues/aten_c_kernels/results/aten_airy_ai/debuf.mlir,53e415380ab93db7449a984a25f94b20ec901c4c3224471e356421291b219c9a,syntactic,2,ok,0,887.8882080316544,0,"[""/usr/bin/python3"", ""/home/arjaiswal/Polygeist/scripts/correctness/kernel_match_rewrite.py"", ""/home/arjaiswal/Polygeist/issues/aten_c_kernels/results/aten_airy_ai/debuf.mlir"", ""--dry-run"", ""--matcher-mode"", ""syntactic"", ""--telemetry-json"", ""/home/arjaiswal/Polygeist/issues/equality_saturation_eval/campaign_20260908/aten-aten_airy_ai-syntactic-jx4vf3g1.json"", ""--disable-semantic-fallback""]","== match report for /home/arjaiswal/Polygeist/issues/aten_c_kernels/results/aten_airy_ai/debuf.mlir ==
  no_match       body#0  ?
  total: 0 matched / 1 bodies
",0,[],0,0,0,0,/home/arjaiswal/Polygeist/issues/aten_c_kernels/results/aten_airy_ai/debuf.mlir,1905,0,1,0,416.42551496624947,1,65592,0.11948496103286743,0,0,0,0,[],0,0,56,0.0,56
aten,aten_airy_ai,/home/arjaiswal/Polygeist/issues/aten_c_kernels/results/aten_airy_ai/debuf.mlir,53e415380ab93db7449a984a25f94b20ec901c4c3224471e356421291b219c9a,egglog,2,ok,0,877.0564831793308,0,"[""/usr/bin/python3"", ""/home/arjaiswal/Polygeist/scripts/correctness/kernel_match_rewrite.py"", ""/home/arjaiswal/Polygeist/issues/aten_c_kernels/results/aten_airy_ai/debuf.mlir"", ""--dry-run"", ""--matcher-mode"", ""egglog"", ""--telemetry-json"", ""/home/arjaiswal/Polygeist/issues/equality_saturation_eval/campaign_20260908/aten-aten_airy_ai-egglog-26ogafxk.json"", ""--disable-semantic-fallback""]","== match report for /home/arjaiswal/Polygeist/issues/aten_c_kernels/results/aten_airy_ai/debuf.mlir ==
  no_match       body#0  ?
  total: 0 matched / 1 bodies
",0,[],0,0,0,0,/home/arjaiswal/Polygeist/issues/aten_c_kernels/results/aten_airy_ai/debuf.mlir,1905,8,1,0,407.4476659297943,1,65700,0.0,0,0,0,0,[],0,0,0,0.0,56
aten,aten_airy_ai,/home/arjaiswal/Polygeist/issues/aten_c_kernels/results/aten_airy_ai/debuf.mlir,53e415380ab93db7449a984a25f94b20ec901c4c3224471e356421291b219c9a,egglog,3,ok,0,907.096441835165,0,"[""/usr/bin/python3"", ""/home/arjaiswal/Polygeist/scripts/correctness/kernel_match_rewrite.py"", ""/home/arjaiswal/Polygeist/issues/aten_c_kernels/results/aten_airy_ai/debuf.mlir"", ""--dry-run"", ""--matcher-mode"", ""egglog"", ""--telemetry-json"", ""/home/arjaiswal/Polygeist/issues/equality_saturation_eval/campaign_20260908/aten-aten_airy_ai-egglog-fiwvpxiv.json"", ""--disable-semantic-fallback""]","== match report for /home/arjaiswal/Polygeist/issues/aten_c_kernels/results/aten_airy_ai/debuf.mlir ==
  no_match       body#0  ?
  total: 0 matched / 1 bodies
",0,[],0,0,0,0,/home/arjaiswal/Polygeist/issues/aten_c_kernels/results/aten_airy_ai/debuf.mlir,1905,8,1,0,413.3296273648739,1,65888,0.0,0,0,0,0,[],0,0,0,0.0,56
aten,aten_airy_ai,/home/arjaiswal/Polygeist/issues/aten_c_kernels/results/aten_airy_ai/debuf.mlir,53e415380ab93db7449a984a25f94b20ec901c4c3224471e356421291b219c9a,syntactic,3,ok,0,929.0928095579147,0,"[""/usr/bin/python3"", ""/home/arjaiswal/Polygeist/scripts/correctness/kernel_match_rewrite.py"", ""/home/arjaiswal/Polygeist/issues/aten_c_kernels/results/aten_airy_ai/debuf.mlir"", ""--dry-run"", ""--matcher-mode"", ""syntactic"", ""--telemetry-json"", ""/home/arjaiswal/Polygeist/issues/equality_saturation_eval/campaign_20260908/aten-aten_airy_ai-syntactic-y63r3o32.json"", ""--disable-semantic-fallback""]","== match report for /home/arjaiswal/Polygeist/issues/aten_c_kernels/results/aten_airy_ai/debuf.mlir ==
  no_match       body#0  ?
  total: 0 matched / 1 bodies
",0,[],0,0,0,0,/home/arjaiswal/Polygeist/issues/aten_c_kernels/results/aten_airy_ai/debuf.mlir,1905,0,1,0,440.4195509850979,1,65572,0.13683736324310303,0,0,0,0,[],0,0,56,0.0,56
aten,aten_airy_ai,/home/arjaiswal/Polygeist/issues/aten_c_kernels/results/aten_airy_ai/debuf.mlir,53e415380ab93db7449a984a25f94b20ec901c4c3224471e356421291b219c9a,syntactic,4,ok,0,891.5497958660126,0,"[""/usr/bin/python3"", ""/home/arjaiswal/Polygeist/scripts/correctness/kernel_match_rewrite.py"", ""/home/arjaiswal/Polygeist/issues/aten_c_kernels/results/aten_airy_ai/debuf.mlir"", ""--dry-run"", ""--matcher-mode"", ""syntactic"", ""--telemetry-json"", ""/home/arjaiswal/Polygeist/issues/equality_saturation_eval/campaign_20260908/aten-aten_airy_ai-syntactic-9fkky510.json"", ""--disable-semantic-fallback""]","== match report for /home/arjaiswal/Polygeist/issues/aten_c_kernels/results/aten_airy_ai/debuf.mlir ==
  no_match       body#0  ?
  total: 0 matched / 1 bodies
",0,[],0,0,0,0,/home/arjaiswal/Polygeist/issues/aten_c_kernels/results/aten_airy_ai/debuf.mlir,1905,0,1,0,414.8882292211056,1,65736,0.1449286937713623,0,0,0,0,[],0,0,56,0.0,56
aten,aten_airy_ai,/home/arjaiswal/Polygeist/issues/aten_c_kernels/results/aten_airy_ai/debuf.mlir,53e415380ab93db7449a984a25f94b20ec901c4c3224471e356421291b219c9a,egglog,4,ok,0,927.6611246168613,0,"[""/usr/bin/python3"", ""/home/arjaiswal/Polygeist/scripts/correctness/kernel_match_rewrite.py"", ""/home/arjaiswal/Polygeist/issues/aten_c_kernels/results/aten_airy_ai/debuf.mlir"", ""--dry-run"", ""--matcher-mode"", ""egglog"", ""--telemetry-json"", ""/home/arjaiswal/Polygeist/issues/equality_saturation_eval/campaign_20260908/aten-aten_airy_ai-egglog-op8vsg4q.json"", ""--disable-semantic-fallback""]","== match report for /home/arjaiswal/Polygeist/issues/aten_c_kernels/results/aten_airy_ai/debuf.mlir ==
  no_match       body#0  ?
  total: 0 matched / 1 bodies
",0,[],0,0,0,0,/home/arjaiswal/Polygeist/issues/aten_c_kernels/results/aten_airy_ai/debuf.mlir,1905,8,1,0,427.35177651047707,1,65500,0.0,0,0,0,0,[],0,0,0,0.0,56
aten,aten_airy_ai,/home/arjaiswal/Polygeist/issues/aten_c_kernels/results/aten_airy_ai/debuf.mlir,53e415380ab93db7449a984a25f94b20ec901c4c3224471e356421291b219c9a,egglog,5,ok,0,908.1500731408596,0,"[""/usr/bin/python3"", ""/home/arjaiswal/Polygeist/scripts/correctness/kernel_match_rewrite.py"", ""/home/arjaiswal/Polygeist/issues/aten_c_kernels/results/aten_airy_ai/debuf.mlir"", ""--dry-run"", ""--matcher-mode"", ""egglog"", ""--telemetry-json"", ""/home/arjaiswal/Polygeist/issues/equality_saturation_eval/campaign_20260908/aten-aten_airy_ai-egglog-7bzz2s1z.json"", ""--disable-semantic-fallback""]","== match report for /home/arjaiswal/Polygeist/issues/aten_c_kernels/results/aten_airy_ai/debuf.mlir ==
  no_match       body#0  ?
  total: 0 matched / 1 bodies
",0,[],0,0,0,0,/home/arjaiswal/Polygeist/issues/aten_c_kernels/results/aten_airy_ai/debuf.mlir,1905,8,1,0,425.3714457154274,1,65876,0.0,0,0,0,0,[],0,0,0,0.0,56
aten,aten_airy_ai,/home/arjaiswal/Polygeist/issues/aten_c_kernels/results/aten_airy_ai/debuf.mlir,53e415380ab93db7449a984a25f94b20ec901c4c3224471e356421291b219c9a,syntactic,5,ok,0,884.979747235775,0,"[""/usr/bin/python3"", ""/home/arjaiswal/Polygeist/scripts/correctness/kernel_match_rewrite.py"", ""/home/arjaiswal/Polygeist/issues/aten_c_kernels/results/aten_airy_ai/debuf.mlir"", ""--dry-run"", ""--matcher-mode"", ""syntactic"", ""--telemetry-json"", ""/home/arjaiswal/Polygeist/issues/equality_saturation_eval/campaign_20260908/aten-aten_airy_ai-syntactic-h3bh27xx.json"", ""--disable-semantic-fallback""]","== match report for /home/arjaiswal/Polygeist/issues/aten_c_kernels/results/aten_airy_ai/debuf.mlir ==
  no_match       body#0  ?
  total: 0 matched / 1 bodies
",0,[],0,0,0,0,/home/arjaiswal/Polygeist/issues/aten_c_kernels/results/aten_airy_ai/debuf.mlir,1905,0,1,0,426.36166885495186,1,65604,0.13203173875808716,0,0,0,0,[],0,0,56,0.0,56
aten,aten_allany_dims_cpu,/home/arjaiswal/Polygeist/issues/aten_c_kernels/results/aten_allany_dims_cpu/debuf.mlir,9e42365b0ed9cfa0e61f48c215d79859c35fbb5815a955c03e3ae99724aef6a0,syntactic,1,ok,0,799.953643232584,0,"[""/usr/bin/python3"", ""/home/arjaiswal/Polygeist/scripts/correctness/kernel_match_rewrite.py"", ""/home/arjaiswal/Polygeist/issues/aten_c_kernels/results/aten_allany_dims_cpu/debuf.mlir"", ""--dry-run"", ""--matcher-mode"", ""syntactic"", ""--telemetry-json"", ""/home/arjaiswal/Polygeist/issues/equality_saturation_eval/campaign_20260908/aten-aten_allany_dims_cpu-syntactic-11e7cuav.json"", ""--disable-semantic-fallback""]","== match report for /home/arjaiswal/Polygeist/issues/aten_c_kernels/results/aten_allany_dims_cpu/debuf.mlir ==
  no_match       body#0  ?
  no_match       body#1  ?
  total: 0 matched / 2 bodies
",0,[],0,0,0,0,/home/arjaiswal/Polygeist/issues/aten_c_kernels/results/aten_allany_dims_cpu/debuf.mlir,2829,0,2,0,328.4270539879799,2,65600,0.006835907697677612,0,0,0,0,[],0,0,2,0.0,2
aten,aten_allany_dims_cpu,/home/arjaiswal/Polygeist/issues/aten_c_kernels/results/aten_allany_dims_cpu/debuf.mlir,9e42365b0ed9cfa0e61f48c215d79859c35fbb5815a955c03e3ae99724aef6a0,egglog,1,ok,0,781.5983518958092,0,"[""/usr/bin/python3"", ""/home/arjaiswal/Polygeist/scripts/correctness/kernel_match_rewrite.py"", ""/home/arjaiswal/Polygeist/issues/aten_c_kernels/results/aten_allany_dims_cpu/debuf.mlir"", ""--dry-run"", ""--matcher-mode"", ""egglog"", ""--telemetry-json"", ""/home/arjaiswal/Polygeist/issues/equality_saturation_eval/campaign_20260908/aten-aten_allany_dims_cpu-egglog-6szcsrrn.json"", ""--disable-semantic-fallback""]","== match report for /home/arjaiswal/Polygeist/issues/aten_c_kernels/results/aten_allany_dims_cpu/debuf.mlir ==
  no_match       body#0  ?
  no_match       body#1  ?
  total: 0 matched / 2 bodies
",0,[],0,0,0,0,/home/arjaiswal/Polygeist/issues/aten_c_kernels/results/aten_allany_dims_cpu/debuf.mlir,2829,8,2,0,308.41126292943954,2,65652,0.0,0,0,0,0,[],0,0,0,0.0,2
aten,aten_allany_dims_cpu,/home/arjaiswal/Polygeist/issues/aten_c_kernels/results/aten_allany_dims_cpu/debuf.mlir,9e42365b0ed9cfa0e61f48c215d79859c35fbb5815a955c03e3ae99724aef6a0,egglog,2,ok,0,778.7362895905972,0,"[""/usr/bin/python3"", ""/home/arjaiswal/Polygeist/scripts/correctness/kernel_match_rewrite.py"", ""/home/arjaiswal/Polygeist/issues/aten_c_kernels/results/aten_allany_dims_cpu/debuf.mlir"", ""--dry-run"", ""--matcher-mode"", ""egglog"", ""--telemetry-json"", ""/home/arjaiswal/Polygeist/issues/equality_saturation_eval/campaign_20260908/aten-aten_allany_dims_cpu-egglog-9ie19e8r.json"", ""--disable-semantic-fallback""]","== match report for /home/arjaiswal/Polygeist/issues/aten_c_kernels/results/aten_allany_dims_cpu/debuf.mlir ==
  no_match       body#0  ?
  no_match       body#1  ?
  total: 0 matched / 2 bodies
",0,[],0,0,0,0,/home/arjaiswal/Polygeist/issues/aten_c_kernels/results/aten_allany_dims_cpu/debuf.mlir,2829,8,2,0,283.0170802772045,2,65636,0.0,0,0,0,0,[],0,0,0,0.0,2
aten,aten_allany_dims_cpu,/home/arjaiswal/Polygeist/issues/aten_c_kernels/results/aten_allany_dims_cpu/debuf.mlir,9e42365b0ed9cfa0e61f48c215d79859c35fbb5815a955c03e3ae99724aef6a0,syntactic,2,ok,0,747.295182198286,0,"[""/usr/bin/python3"", ""/home/arjaiswal/Polygeist/scripts/correctness/kernel_match_rewrite.py"", ""/home/arjaiswal/Polygeist/issues/aten_c_kernels/results/aten_allany_dims_cpu/debuf.mlir"", ""--dry-run"", ""--matcher-mode"", ""syntactic"", ""--telemetry-json"", ""/home/arjaiswal/Polygeist/issues/equality_saturation_eval/campaign_20260908/aten-aten_allany_dims_cpu-syntactic-vmpy6u90.json"", ""--disable-semantic-fallback""]","== match report for /home/arjaiswal/Polygeist/issues/aten_c_kernels/results/aten_allany_dims_cpu/debuf.mlir ==
  no_match       body#0  ?
  no_match       body#1  ?
  total: 0 matched / 2 bodies
",0,[],0,0,0,0,/home/arjaiswal/Polygeist/issues/aten_c_kernels/results/aten_allany_dims_cpu/debuf.mlir,2829,0,2,0,294.9198782444,2,65696,0.005748122930526733,0,0,0,0,[],0,0,2,0.0,2
aten,aten_allany_dims_cpu,/home/arjaiswal/Polygeist/issues/aten_c_kernels/results/aten_allany_dims_cpu/debuf.mlir,9e42365b0ed9cfa0e61f48c215d79859c35fbb5815a955c03e3ae99724aef6a0,syntactic,3,ok,0,762.949462980032,0,"[""/usr/bin/python3"", ""/home/arjaiswal/Polygeist/scripts/correctness/kernel_match_rewrite.py"", ""/home/arjaiswal/Polygeist/issues/aten_c_kernels/results/aten_allany_dims_cpu/debuf.mlir"", ""--dry-run"", ""--matcher-mode"", ""syntactic"", ""--telemetry-json"", ""/home/arjaiswal/Polygeist/issues/equality_saturation_eval/campaign_20260908/aten-aten_allany_dims_cpu-syntactic-eiz2af51.json"", ""--disable-semantic-fallback""]","== match report for /home/arjaiswal/Polygeist/issues/aten_c_kernels/results/aten_allany_dims_cpu/debuf.mlir ==
  no_match       body#0  ?
  no_match       body#1  ?
  total: 0 matched / 2 bodies
",0,[],0,0,0,0,/home/arjaiswal/Polygeist/issues/aten_c_kernels/results/aten_allany_dims_cpu/debuf.mlir,2829,0,2,0,287.64447942376137,2,65576,0.007353723049163818,0,0,0,0,[],0,0,2,0.0,2
aten,aten_allany_dims_cpu,/home/arjaiswal/Polygeist/issues/aten_c_kernels/results/aten_allany_dims_cpu/debuf.mlir,9e42365b0ed9cfa0e61f48c215d79859c35fbb5815a955c03e3ae99724aef6a0,egglog,3,ok,0,746.2262883782387,0,"[""/usr/bin/python3"", ""/home/arjaiswal/Polygeist/scripts/correctness/kernel_match_rewrite.py"", ""/home/arjaiswal/Polygeist/issues/aten_c_kernels/results/aten_allany_dims_cpu/debuf.mlir"", ""--dry-run"", ""--matcher-mode"", ""egglog"", ""--telemetry-json"", ""/home/arjaiswal/Polygeist/issues/equality_saturation_eval/campaign_20260908/aten-aten_allany_dims_cpu-egglog-mb1y6yjm.json"", ""--disable-semantic-fallback""]","== match report for /home/arjaiswal/Polygeist/issues/aten_c_kernels/results/aten_allany_dims_cpu/debuf.mlir ==
  no_match       body#0  ?
  no_match       body#1  ?
  total: 0 matched / 2 bodies
",0,[],0,0,0,0,/home/arjaiswal/Polygeist/issues/aten_c_kernels/results/aten_allany_dims_cpu/debuf.mlir,2829,8,2,0,300.7661998271942,2,65796,0.0,0,0,0,0,[],0,0,0,0.0,2
aten,aten_allany_dims_cpu,/home/arjaiswal/Polygeist/issues/aten_c_kernels/results/aten_allany_dims_cpu/debuf.mlir,9e42365b0ed9cfa0e61f48c215d79859c35fbb5815a955c03e3ae99724aef6a0,egglog,4,ok,0,762.5897452235222,0,"[""/usr/bin/python3"", ""/home/arjaiswal/Polygeist/scripts/correctness/kernel_match_rewrite.py"", ""/home/arjaiswal/Polygeist/issues/aten_c_kernels/results/aten_allany_dims_cpu/debuf.mlir"", ""--dry-run"", ""--matcher-mode"", ""egglog"", ""--telemetry-json"", ""/home/arjaiswal/Polygeist/issues/equality_saturation_eval/campaign_20260908/aten-aten_allany_dims_cpu-egglog-new_rupa.json"", ""--disable-semantic-fallback""]","== match report for /home/arjaiswal/Polygeist/issues/aten_c_kernels/results/aten_allany_dims_cpu/debuf.mlir ==
  no_match       body#0  ?
  no_match       body#1  ?
  total: 0 matched / 2 bodies
",0,[],0,0,0,0,/home/arjaiswal/Polygeist/issues/aten_c_kernels/results/aten_allany_dims_cpu/debuf.mlir,2829,8,2,0,304.06349897384644,2,65584,0.0,0,0,0,0,[],0,0,0,0.0,2
aten,aten_allany_dims_cpu,/home/arjaiswal/Polygeist/issues/aten_c_kernels/results/aten_allany_dims_cpu/debuf.mlir,9e42365b0ed9cfa0e61f48c215d79859c35fbb5815a955c03e3ae99724aef6a0,syntactic,4,ok,0,755.6605525314808,0,"[""/usr/bin/python3"", ""/home/arjaiswal/Polygeist/scripts/correctness/kernel_match_rewrite.py"", ""/home/arjaiswal/Polygeist/issues/aten_c_kernels/results/aten_allany_dims_cpu/debuf.mlir"", ""--dry-run"", ""--matcher-mode"", ""syntactic"", ""--telemetry-json"", ""/home/arjaiswal/Polygeist/issues/equality_saturation_eval/campaign_20260908/aten-aten_allany_dims_cpu-syntactic-w09zstzv.json"", ""--disable-semantic-fallback""]","== match report for /home/arjaiswal/Polygeist/issues/aten_c_kernels/results/aten_allany_dims_cpu/debuf.mlir ==
  no_match       body#0  ?
  no_match       body#1  ?
  total: 0 matched / 2 bodies
",0,[],0,0,0,0,/home/arjaiswal/Polygeist/issues/aten_c_kernels/results/aten_allany_dims_cpu/debuf.mlir,2829,0,2,0,290.98448529839516,2,65660,0.007171183824539185,0,0,0,0,[],0,0,2,0.0,2
aten,aten_allany_dims_cpu,/home/arjaiswal/Polygeist/issues/aten_c_kernels/results/aten_allany_dims_cpu/debuf.mlir,9e42365b0ed9cfa0e61f48c215d79859c35fbb5815a955c03e3ae99724aef6a0,syntactic,5,ok,0,761.7462277412415,0,"[""/usr/bin/python3"", ""/home/arjaiswal/Polygeist/scripts/correctness/kernel_match_rewrite.py"", ""/home/arjaiswal/Polygeist/issues/aten_c_kernels/results/aten_allany_dims_cpu/debuf.mlir"", ""--dry-run"", ""--matcher-mode"", ""syntactic"", ""--telemetry-json"", ""/home/arjaiswal/Polygeist/issues/equality_saturation_eval/campaign_20260908/aten-aten_allany_dims_cpu-syntactic-6nhrb12g.json"", ""--disable-semantic-fallback""]","== match report for /home/arjaiswal/Polygeist/issues/aten_c_kernels/results/aten_allany_dims_cpu/debuf.mlir ==
  no_match       body#0  ?
  no_match       body#1  ?
  total: 0 matched / 2 bodies
",0,[],0,0,0,0,/home/arjaiswal/Polygeist/issues/aten_c_kernels/results/aten_allany_dims_cpu/debuf.mlir,2829,0,2,0,294.14326697587967,2,65764,0.0064782798290252686,0,0,0,0,[],0,0,2,0.0,2
aten,aten_allany_dims_cpu,/home/arjaiswal/Polygeist/issues/aten_c_kernels/results/aten_allany_dims_cpu/debuf.mlir,9e42365b0ed9cfa0e61f48c215d79859c35fbb5815a955c03e3ae99724aef6a0,egglog,5,ok,0,736.1686304211617,0,"[""/usr/bin/python3"", ""/home/arjaiswal/Polygeist/scripts/correctness/kernel_match_rewrite.py"", ""/home/arjaiswal/Polygeist/issues/aten_c_kernels/results/aten_allany_dims_cpu/debuf.mlir"", ""--dry-run"", ""--matcher-mode"", ""egglog"", ""--telemetry-json"", ""/home/arjaiswal/Polygeist/issues/equality_saturation_eval/campaign_20260908/aten-aten_allany_dims_cpu-egglog-gj1ip6j0.json"", ""--disable-semantic-fallback""]","== match report for /home/arjaiswal/Polygeist/issues/aten_c_kernels/results/aten_allany_dims_cpu/debuf.mlir ==
  no_match       body#0  ?
  no_match       body#1  ?
  total: 0 matched / 2 bodies
",0,[],0,0,0,0,/home/arjaiswal/Polygeist/issues/aten_c_kernels/results/aten_allany_dims_cpu/debuf.mlir,2829,8,2,0,289.50993344187737,2,65688,0.0,0,0,0,0,[],0,0,0,0.0,2
aten,aten_aminmax_allreduce_cpu,/home/arjaiswal/Polygeist/issues/aten_c_kernels/results/aten_aminmax_allreduce_cpu/debuf.mlir,c3bc38a821b0a88d90fc9621745b77dadcedab9b27fc2999ed91d585baa79238,egglog,1,ok,0,797.0728427171707,0,"[""/usr/bin/python3"", ""/home/arjaiswal/Polygeist/scripts/correctness/kernel_match_rewrite.py"", ""/home/arjaiswal/Polygeist/issues/aten_c_kernels/results/aten_aminmax_allreduce_cpu/debuf.mlir"", ""--dry-run"", ""--matcher-mode"", ""egglog"", ""--telemetry-json"", ""/home/arjaiswal/Polygeist/issues/equality_saturation_eval/campaign_20260908/aten-aten_aminmax_allreduce_cpu-egglog-p2nhmu7w.json"", ""--disable-semantic-fallback""]","== match report for /home/arjaiswal/Polygeist/issues/aten_c_kernels/results/aten_aminmax_allreduce_cpu/debuf.mlir ==
  match          body#[0]  cudnnReduceMinMax_f32
  total: 1 matched / 1 bodies
",0,[],0,0,0,0,/home/arjaiswal/Polygeist/issues/aten_c_kernels/results/aten_aminmax_allreduce_cpu/debuf.mlir,2952,8,1,1,347.9648418724537,0,69896,44.182442128658295,4,4,0,0,"[{""body_indices"": [0], ""symbol"": ""cudnnReduceMinMax_f32""}]",1,0,0,0.0,6
aten,aten_aminmax_allreduce_cpu,/home/arjaiswal/Polygeist/issues/aten_c_kernels/results/aten_aminmax_allreduce_cpu/debuf.mlir,c3bc38a821b0a88d90fc9621745b77dadcedab9b27fc2999ed91d585baa79238,syntactic,1,ok,0,759.7368434071541,0,"[""/usr/bin/python3"", ""/home/arjaiswal/Polygeist/scripts/correctness/kernel_match_rewrite.py"", ""/home/arjaiswal/Polygeist/issues/aten_c_kernels/results/aten_aminmax_allreduce_cpu/debuf.mlir"", ""--dry-run"", ""--matcher-mode"", ""syntactic"", ""--telemetry-json"", ""/home/arjaiswal/Polygeist/issues/equality_saturation_eval/campaign_20260908/aten-aten_aminmax_allreduce_cpu-syntactic-yt6z4a97.json"", ""--disable-semantic-fallback""]","== match report for /home/arjaiswal/Polygeist/issues/aten_c_kernels/results/aten_aminmax_allreduce_cpu/debuf.mlir ==
  match          body#[0]  cudnnReduceMinMax_f32
  total: 1 matched / 1 bodies
",0,[],0,0,0,0,/home/arjaiswal/Polygeist/issues/aten_c_kernels/results/aten_aminmax_allreduce_cpu/debuf.mlir,2952,0,1,1,299.9028004705906,0,65608,0.05200505256652832,0,4,0,0,"[{""body_indices"": [0], ""symbol"": ""cudnnReduceMinMax_f32""}]",1,0,6,0.0,6
aten,aten_aminmax_allreduce_cpu,/home/arjaiswal/Polygeist/issues/aten_c_kernels/results/aten_aminmax_allreduce_cpu/debuf.mlir,c3bc38a821b0a88d90fc9621745b77dadcedab9b27fc2999ed91d585baa79238,syntactic,2,ok,0,768.2408466935158,0,"[""/usr/bin/python3"", ""/home/arjaiswal/Polygeist/scripts/correctness/kernel_match_rewrite.py"", ""/home/arjaiswal/Polygeist/issues/aten_c_kernels/results/aten_aminmax_allreduce_cpu/debuf.mlir"", ""--dry-run"", ""--matcher-mode"", ""syntactic"", ""--telemetry-json"", ""/home/arjaiswal/Polygeist/issues/equality_saturation_eval/campaign_20260908/aten-aten_aminmax_allreduce_cpu-syntactic-0vcq6x7e.json"", ""--disable-semantic-fallback""]","== match report for /home/arjaiswal/Polygeist/issues/aten_c_kernels/results/aten_aminmax_allreduce_cpu/debuf.mlir ==
  match          body#[0]  cudnnReduceMinMax_f32
  total: 1 matched / 1 bodies
",0,[],0,0,0,0,/home/arjaiswal/Polygeist/issues/aten_c_kernels/results/aten_aminmax_allreduce_cpu/debuf.mlir,2952,0,1,1,304.0158599615097,0,65548,0.054351985454559326,0,4,0,0,"[{""body_indices"": [0], ""symbol"": ""cudnnReduceMinMax_f32""}]",1,0,6,0.0,6
aten,aten_aminmax_allreduce_cpu,/home/arjaiswal/Polygeist/issues/aten_c_kernels/results/aten_aminmax_allreduce_cpu/debuf.mlir,c3bc38a821b0a88d90fc9621745b77dadcedab9b27fc2999ed91d585baa79238,egglog,2,ok,0,963.0102515220642,0,"[""/usr/bin/python3"", ""/home/arjaiswal/Polygeist/scripts/correctness/kernel_match_rewrite.py"", ""/home/arjaiswal/Polygeist/issues/aten_c_kernels/results/aten_aminmax_allreduce_cpu/debuf.mlir"", ""--dry-run"", ""--matcher-mode"", ""egglog"", ""--telemetry-json"", ""/home/arjaiswal/Polygeist/issues/equality_saturation_eval/campaign_20260908/aten-aten_aminmax_allreduce_cpu-egglog-7c0duvfh.json"", ""--disable-semantic-fallback""]","== match report for /home/arjaiswal/Polygeist/issues/aten_c_kernels/results/aten_aminmax_allreduce_cpu/debuf.mlir ==
  match          body#[0]  cudnnReduceMinMax_f32
  total: 1 matched / 1 bodies
",0,[],0,0,0,0,/home/arjaiswal/Polygeist/issues/aten_c_kernels/results/aten_aminmax_allreduce_cpu/debuf.mlir,2952,8,1,1,426.6735799610615,0,69720,46.41060531139374,4,4,0,0,"[{""body_indices"": [0], ""symbol"": ""cudnnReduceMinMax_f32""}]",1,0,0,0.0,6
aten,aten_aminmax_allreduce_cpu,/home/arjaiswal/Polygeist/issues/aten_c_kernels/results/aten_aminmax_allreduce_cpu/debuf.mlir,c3bc38a821b0a88d90fc9621745b77dadcedab9b27fc2999ed91d585baa79238,egglog,3,ok,0,806.9049194455147,0,"[""/usr/bin/python3"", ""/home/arjaiswal/Polygeist/scripts/correctness/kernel_match_rewrite.py"", ""/home/arjaiswal/Polygeist/issues/aten_c_kernels/results/aten_aminmax_allreduce_cpu/debuf.mlir"", ""--dry-run"", ""--matcher-mode"", ""egglog"", ""--telemetry-json"", ""/home/arjaiswal/Polygeist/issues/equality_saturation_eval/campaign_20260908/aten-aten_aminmax_allreduce_cpu-egglog-_g77u9be.json"", ""--disable-semantic-fallback""]","== match report for /home/arjaiswal/Polygeist/issues/aten_c_kernels/results/aten_aminmax_allreduce_cpu/debuf.mlir ==
  match          body#[0]  cudnnReduceMinMax_f32
  total: 1 matched / 1 bodies
",0,[],0,0,0,0,/home/arjaiswal/Polygeist/issues/aten_c_kernels/results/aten_aminmax_allreduce_cpu/debuf.mlir,2952,8,1,1,347.62875363230705,0,69648,43.586406856775284,4,4,0,0,"[{""body_indices"": [0], ""symbol"": ""cudnnReduceMinMax_f32""}]",1,0,0,0.0,6
aten,aten_aminmax_allreduce_cpu,/home/arjaiswal/Polygeist/issues/aten_c_kernels/results/aten_aminmax_allreduce_cpu/debuf.mlir,c3bc38a821b0a88d90fc9621745b77dadcedab9b27fc2999ed91d585baa79238,syntactic,3,ok,0,762.0849311351776,0,"[""/usr/bin/python3"", ""/home/arjaiswal/Polygeist/scripts/correctness/kernel_match_rewrite.py"", ""/home/arjaiswal/Polygeist/issues/aten_c_kernels/results/aten_aminmax_allreduce_cpu/debuf.mlir"", ""--dry-run"", ""--matcher-mode"", ""syntactic"", ""--telemetry-json"", ""/home/arjaiswal/Polygeist/issues/equality_saturation_eval/campaign_20260908/aten-aten_aminmax_allreduce_cpu-syntactic-u90fb0lr.json"", ""--disable-semantic-fallback""]","== match report for /home/arjaiswal/Polygeist/issues/aten_c_kernels/results/aten_aminmax_allreduce_cpu/debuf.mlir ==
  match          body#[0]  cudnnReduceMinMax_f32
  total: 1 matched / 1 bodies
",0,[],0,0,0,0,/home/arjaiswal/Polygeist/issues/aten_c_kernels/results/aten_aminmax_allreduce_cpu/debuf.mlir,2952,0,1,1,300.2972900867462,0,65656,0.055577605962753296,0,4,0,0,"[{""body_indices"": [0], ""symbol"": ""cudnnReduceMinMax_f32""}]",1,0,6,0.0,6
aten,aten_aminmax_allreduce_cpu,/home/arjaiswal/Polygeist/issues/aten_c_kernels/results/aten_aminmax_allreduce_cpu/debuf.mlir,c3bc38a821b0a88d90fc9621745b77dadcedab9b27fc2999ed91d585baa79238,syntactic,4,ok,0,963.7010917067528,0,"[""/usr/bin/python3"", ""/home/arjaiswal/Polygeist/scripts/correctness/kernel_match_rewrite.py"", ""/home/arjaiswal/Polygeist/issues/aten_c_kernels/results/aten_aminmax_allreduce_cpu/debuf.mlir"", ""--dry-run"", ""--matcher-mode"", ""syntactic"", ""--telemetry-json"", ""/home/arjaiswal/Polygeist/issues/equality_saturation_eval/campaign_20260908/aten-aten_aminmax_allreduce_cpu-syntactic-0ub7tc82.json"", ""--disable-semantic-fallback""]","== match report for /home/arjaiswal/Polygeist/issues/aten_c_kernels/results/aten_aminmax_allreduce_cpu/debuf.mlir ==
  match          body#[0]  cudnnReduceMinMax_f32
  total: 1 matched / 1 bodies
",0,[],0,0,0,0,/home/arjaiswal/Polygeist/issues/aten_c_kernels/results/aten_aminmax_allreduce_cpu/debuf.mlir,2952,0,1,1,413.58186304569244,0,65604,0.07627531886100769,0,4,0,0,"[{""body_indices"": [0], ""symbol"": ""cudnnReduceMinMax_f32""}]",1,0,6,0.0,6
aten,aten_aminmax_allreduce_cpu,/home/arjaiswal/Polygeist/issues/aten_c_kernels/results/aten_aminmax_allreduce_cpu/debuf.mlir,c3bc38a821b0a88d90fc9621745b77dadcedab9b27fc2999ed91d585baa79238,egglog,4,ok,0,836.8835560977459,0,"[""/usr/bin/python3"", ""/home/arjaiswal/Polygeist/scripts/correctness/kernel_match_rewrite.py"", ""/home/arjaiswal/Polygeist/issues/aten_c_kernels/results/aten_aminmax_allreduce_cpu/debuf.mlir"", ""--dry-run"", ""--matcher-mode"", ""egglog"", ""--telemetry-json"", ""/home/arjaiswal/Polygeist/issues/equality_saturation_eval/campaign_20260908/aten-aten_aminmax_allreduce_cpu-egglog-rt5icnzi.json"", ""--disable-semantic-fallback""]","== match report for /home/arjaiswal/Polygeist/issues/aten_c_kernels/results/aten_aminmax_allreduce_cpu/debuf.mlir ==
  match          body#[0]  cudnnReduceMinMax_f32
  total: 1 matched / 1 bodies
",0,[],0,0,0,0,/home/arjaiswal/Polygeist/issues/aten_c_kernels/results/aten_aminmax_allreduce_cpu/debuf.mlir,2952,8,1,1,356.4855381846428,0,69832,48.810724169015884,4,4,0,0,"[{""body_indices"": [0], ""symbol"": ""cudnnReduceMinMax_f32""}]",1,0,0,0.0,6
aten,aten_aminmax_allreduce_cpu,/home/arjaiswal/Polygeist/issues/aten_c_kernels/results/aten_aminmax_allreduce_cpu/debuf.mlir,c3bc38a821b0a88d90fc9621745b77dadcedab9b27fc2999ed91d585baa79238,egglog,5,ok,0,811.1411854624748,0,"[""/usr/bin/python3"", ""/home/arjaiswal/Polygeist/scripts/correctness/kernel_match_rewrite.py"", ""/home/arjaiswal/Polygeist/issues/aten_c_kernels/results/aten_aminmax_allreduce_cpu/debuf.mlir"", ""--dry-run"", ""--matcher-mode"", ""egglog"", ""--telemetry-json"", ""/home/arjaiswal/Polygeist/issues/equality_saturation_eval/campaign_20260908/aten-aten_aminmax_allreduce_cpu-egglog-r_rjpafg.json"", ""--disable-semantic-fallback""]","== match report for /home/arjaiswal/Polygeist/issues/aten_c_kernels/results/aten_aminmax_allreduce_cpu/debuf.mlir ==
  match          body#[0]  cudnnReduceMinMax_f32
  total: 1 matched / 1 bodies
",0,[],0,0,0,0,/home/arjaiswal/Polygeist/issues/aten_c_kernels/results/aten_aminmax_allreduce_cpu/debuf.mlir,2952,8,1,1,348.6252501606941,0,69720,47.28711396455765,4,4,0,0,"[{""body_indices"": [0], ""symbol"": ""cudnnReduceMinMax_f32""}]",1,0,0,0.0,6
aten,aten_aminmax_allreduce_cpu,/home/arjaiswal/Polygeist/issues/aten_c_kernels/results/aten_aminmax_allreduce_cpu/debuf.mlir,c3bc38a821b0a88d90fc9621745b77dadcedab9b27fc2999ed91d585baa79238,syntactic,5,ok,0,759.8131522536278,0,"[""/usr/bin/python3"", ""/home/arjaiswal/Polygeist/scripts/correctness/kernel_match_rewrite.py"", ""/home/arjaiswal/Polygeist/issues/aten_c_kernels/results/aten_aminmax_allreduce_cpu/debuf.mlir"", ""--dry-run"", ""--matcher-mode"", ""syntactic"", ""--telemetry-json"", ""/home/arjaiswal/Polygeist/issues/equality_saturation_eval/campaign_20260908/aten-aten_aminmax_allreduce_cpu-syntactic-6sbo4b8k.json"", ""--disable-semantic-fallback""]","== match report for /home/arjaiswal/Polygeist/issues/aten_c_kernels/results/aten_aminmax_allreduce_cpu/debuf.mlir ==
  match          body#[0]  cudnnReduceMinMax_f32
  total: 1 matched / 1 bodies
",0,[],0,0,0,0,/home/arjaiswal/Polygeist/issues/aten_c_kernels/results/aten_aminmax_allreduce_cpu/debuf.mlir,2952,0,1,1,306.97864666581154,0,65532,0.04947930574417114,0,4,0,0,"[{""body_indices"": [0], ""symbol"": ""cudnnReduceMinMax_f32""}]",1,0,6,0.0,6
aten,aten_aminmax_cpu,/home/arjaiswal/Polygeist/issues/aten_c_kernels/results/aten_aminmax_cpu/debuf.mlir,5b41fe97e6af61beae7beafca70833bd62dad613a05eddc5efc67d8b169471ed,syntactic,1,ok,0,855.330053716898,0,"[""/usr/bin/python3"", ""/home/arjaiswal/Polygeist/scripts/correctness/kernel_match_rewrite.py"", ""/home/arjaiswal/Polygeist/issues/aten_c_kernels/results/aten_aminmax_cpu/debuf.mlir"", ""--dry-run"", ""--matcher-mode"", ""syntactic"", ""--telemetry-json"", ""/home/arjaiswal/Polygeist/issues/equality_saturation_eval/campaign_20260908/aten-aten_aminmax_cpu-syntactic-ig_3sxvl.json"", ""--disable-semantic-fallback""]","== match report for /home/arjaiswal/Polygeist/issues/aten_c_kernels/results/aten_aminmax_cpu/debuf.mlir ==
  match          body#[0]  cudnnReduceMin_f32
  match          body#[1]  cudnnReduceMax_f32
  total: 2 matched / 2 bodies
",0,[],0,0,0,0,/home/arjaiswal/Polygeist/issues/aten_c_kernels/results/aten_aminmax_cpu/debuf.mlir,3462,0,2,2,367.35982075333595,0,65780,0.08416175842285156,0,4,0,0,"[{""body_indices"": [0], ""symbol"": ""cudnnReduceMin_f32""}, {""body_indices"": [1], ""symbol"": ""cudnnReduceMax_f32""}]",2,0,12,0.0,12
aten,aten_aminmax_cpu,/home/arjaiswal/Polygeist/issues/aten_c_kernels/results/aten_aminmax_cpu/debuf.mlir,5b41fe97e6af61beae7beafca70833bd62dad613a05eddc5efc67d8b169471ed,egglog,1,ok,0,923.202384263277,0,"[""/usr/bin/python3"", ""/home/arjaiswal/Polygeist/scripts/correctness/kernel_match_rewrite.py"", ""/home/arjaiswal/Polygeist/issues/aten_c_kernels/results/aten_aminmax_cpu/debuf.mlir"", ""--dry-run"", ""--matcher-mode"", ""egglog"", ""--telemetry-json"", ""/home/arjaiswal/Polygeist/issues/equality_saturation_eval/campaign_20260908/aten-aten_aminmax_cpu-egglog-d6ns9dmg.json"", ""--disable-semantic-fallback""]","== match report for /home/arjaiswal/Polygeist/issues/aten_c_kernels/results/aten_aminmax_cpu/debuf.mlir ==
  match          body#[0]  cudnnReduceMin_f32
  match          body#[1]  cudnnReduceMax_f32
  total: 2 matched / 2 bodies
",0,[],0,0,0,0,/home/arjaiswal/Polygeist/issues/aten_c_kernels/results/aten_aminmax_cpu/debuf.mlir,3462,8,2,2,400.16375109553337,0,69628,48.29417169094086,4,4,0,0,"[{""body_indices"": [0], ""symbol"": ""cudnnReduceMin_f32""}, {""body_indices"": [1], ""symbol"": ""cudnnReduceMax_f32""}]",2,0,0,0.0,12
aten,aten_aminmax_cpu,/home/arjaiswal/Polygeist/issues/aten_c_kernels/results/aten_aminmax_cpu/debuf.mlir,5b41fe97e6af61beae7beafca70833bd62dad613a05eddc5efc67d8b169471ed,egglog,2,ok,0,860.9611056745052,0,"[""/usr/bin/python3"", ""/home/arjaiswal/Polygeist/scripts/correctness/kernel_match_rewrite.py"", ""/home/arjaiswal/Polygeist/issues/aten_c_kernels/results/aten_aminmax_cpu/debuf.mlir"", ""--dry-run"", ""--matcher-mode"", ""egglog"", ""--telemetry-json"", ""/home/arjaiswal/Polygeist/issues/equality_saturation_eval/campaign_20260908/aten-aten_aminmax_cpu-egglog-zmuvttej.json"", ""--disable-semantic-fallback""]","== match report for /home/arjaiswal/Polygeist/issues/aten_c_kernels/results/aten_aminmax_cpu/debuf.mlir ==
  match          body#[0]  cudnnReduceMin_f32
  match          body#[1]  cudnnReduceMax_f32
  total: 2 matched / 2 bodies
",0,[],0,0,0,0,/home/arjaiswal/Polygeist/issues/aten_c_kernels/results/aten_aminmax_cpu/debuf.mlir,3462,8,2,2,395.38584277033806,0,69540,44.81168836355209,4,4,0,0,"[{""body_indices"": [0], ""symbol"": ""cudnnReduceMin_f32""}, {""body_indices"": [1], ""symbol"": ""cudnnReduceMax_f32""}]",2,0,0,0.0,12
aten,aten_aminmax_cpu,/home/arjaiswal/Polygeist/issues/aten_c_kernels/results/aten_aminmax_cpu/debuf.mlir,5b41fe97e6af61beae7beafca70833bd62dad613a05eddc5efc67d8b169471ed,syntactic,2,ok,0,783.8443778455257,0,"[""/usr/bin/python3"", ""/home/arjaiswal/Polygeist/scripts/correctness/kernel_match_rewrite.py"", ""/home/arjaiswal/Polygeist/issues/aten_c_kernels/results/aten_aminmax_cpu/debuf.mlir"", ""--dry-run"", ""--matcher-mode"", ""syntactic"", ""--telemetry-json"", ""/home/arjaiswal/Polygeist/issues/equality_saturation_eval/campaign_20260908/aten-aten_aminmax_cpu-syntactic-t5dwgt47.json"", ""--disable-semantic-fallback""]","== match report for /home/arjaiswal/Polygeist/issues/aten_c_kernels/results/aten_aminmax_cpu/debuf.mlir ==
  match          body#[0]  cudnnReduceMin_f32
  match          body#[1]  cudnnReduceMax_f32
  total: 2 matched / 2 bodies
",0,[],0,0,0,0,/home/arjaiswal/Polygeist/issues/aten_c_kernels/results/aten_aminmax_cpu/debuf.mlir,3462,0,2,2,330.7599760591984,0,65700,0.08170679211616516,0,4,0,0,"[{""body_indices"": [0], ""symbol"": ""cudnnReduceMin_f32""}, {""body_indices"": [1], ""symbol"": ""cudnnReduceMax_f32""}]",2,0,12,0.0,12
aten,aten_aminmax_cpu,/home/arjaiswal/Polygeist/issues/aten_c_kernels/results/aten_aminmax_cpu/debuf.mlir,5b41fe97e6af61beae7beafca70833bd62dad613a05eddc5efc67d8b169471ed,syntactic,3,ok,0,787.6368761062622,0,"[""/usr/bin/python3"", ""/home/arjaiswal/Polygeist/scripts/correctness/kernel_match_rewrite.py"", ""/home/arjaiswal/Polygeist/issues/aten_c_kernels/results/aten_aminmax_cpu/debuf.mlir"", ""--dry-run"", ""--matcher-mode"", ""syntactic"", ""--telemetry-json"", ""/home/arjaiswal/Polygeist/issues/equality_saturation_eval/campaign_20260908/aten-aten_aminmax_cpu-syntactic-ovgj54uk.json"", ""--disable-semantic-fallback""]","== match report for /home/arjaiswal/Polygeist/issues/aten_c_kernels/results/aten_aminmax_cpu/debuf.mlir ==
  match          body#[0]  cudnnReduceMin_f32
  match          body#[1]  cudnnReduceMax_f32
  total: 2 matched / 2 bodies
",0,[],0,0,0,0,/home/arjaiswal/Polygeist/issues/aten_c_kernels/results/aten_aminmax_cpu/debuf.mlir,3462,0,2,2,324.51676204800606,0,66040,0.08865818381309509,0,4,0,0,"[{""body_indices"": [0], ""symbol"": ""cudnnReduceMin_f32""}, {""body_indices"": [1], ""symbol"": ""cudnnReduceMax_f32""}]",2,0,12,0.0,12
aten,aten_aminmax_cpu,/home/arjaiswal/Polygeist/issues/aten_c_kernels/results/aten_aminmax_cpu/debuf.mlir,5b41fe97e6af61beae7beafca70833bd62dad613a05eddc5efc67d8b169471ed,egglog,3,ok,0,860.1322658360004,0,"[""/usr/bin/python3"", ""/home/arjaiswal/Polygeist/scripts/correctness/kernel_match_rewrite.py"", ""/home/arjaiswal/Polygeist/issues/aten_c_kernels/results/aten_aminmax_cpu/debuf.mlir"", ""--dry-run"", ""--matcher-mode"", ""egglog"", ""--telemetry-json"", ""/home/arjaiswal/Polygeist/issues/equality_saturation_eval/campaign_20260908/aten-aten_aminmax_cpu-egglog-qa7lea1b.json"", ""--disable-semantic-fallback""]","== match report for /home/arjaiswal/Polygeist/issues/aten_c_kernels/results/aten_aminmax_cpu/debuf.mlir ==
  match          body#[0]  cudnnReduceMin_f32
  match          body#[1]  cudnnReduceMax_f32
  total: 2 matched / 2 bodies
",0,[],0,0,0,0,/home/arjaiswal/Polygeist/issues/aten_c_kernels/results/aten_aminmax_cpu/debuf.mlir,3462,8,2,2,381.04812800884247,0,69784,45.29557004570961,4,4,0,0,"[{""body_indices"": [0], ""symbol"": ""cudnnReduceMin_f32""}, {""body_indices"": [1], ""symbol"": ""cudnnReduceMax_f32""}]",2,0,0,0.0,12
aten,aten_aminmax_cpu,/home/arjaiswal/Polygeist/issues/aten_c_kernels/results/aten_aminmax_cpu/debuf.mlir,5b41fe97e6af61beae7beafca70833bd62dad613a05eddc5efc67d8b169471ed,egglog,4,ok,0,976.6787588596344,0,"[""/usr/bin/python3"", ""/home/arjaiswal/Polygeist/scripts/correctness/kernel_match_rewrite.py"", ""/home/arjaiswal/Polygeist/issues/aten_c_kernels/results/aten_aminmax_cpu/debuf.mlir"", ""--dry-run"", ""--matcher-mode"", ""egglog"", ""--telemetry-json"", ""/home/arjaiswal/Polygeist/issues/equality_saturation_eval/campaign_20260908/aten-aten_aminmax_cpu-egglog-39xzdkdd.json"", ""--disable-semantic-fallback""]","== match report for /home/arjaiswal/Polygeist/issues/aten_c_kernels/results/aten_aminmax_cpu/debuf.mlir ==
  match          body#[0]  cudnnReduceMin_f32
  match          body#[1]  cudnnReduceMax_f32
  total: 2 matched / 2 bodies
",0,[],0,0,0,0,/home/arjaiswal/Polygeist/issues/aten_c_kernels/results/aten_aminmax_cpu/debuf.mlir,3462,8,2,2,451.9338682293892,0,69784,45.05005106329918,4,4,0,0,"[{""body_indices"": [0], ""symbol"": ""cudnnReduceMin_f32""}, {""body_indices"": [1], ""symbol"": ""cudnnReduceMax_f32""}]",2,0,0,0.0,12
aten,aten_aminmax_cpu,/home/arjaiswal/Polygeist/issues/aten_c_kernels/results/aten_aminmax_cpu/debuf.mlir,5b41fe97e6af61beae7beafca70833bd62dad613a05eddc5efc67d8b169471ed,syntactic,4,ok,0,800.1490533351898,0,"[""/usr/bin/python3"", ""/home/arjaiswal/Polygeist/scripts/correctness/kernel_match_rewrite.py"", ""/home/arjaiswal/Polygeist/issues/aten_c_kernels/results/aten_aminmax_cpu/debuf.mlir"", ""--dry-run"", ""--matcher-mode"", ""syntactic"", ""--telemetry-json"", ""/home/arjaiswal/Polygeist/issues/equality_saturation_eval/campaign_20260908/aten-aten_aminmax_cpu-syntactic-3ek0obxb.json"", ""--disable-semantic-fallback""]","== match report for /home/arjaiswal/Polygeist/issues/aten_c_kernels/results/aten_aminmax_cpu/debuf.mlir ==
  match          body#[0]  cudnnReduceMin_f32
  match          body#[1]  cudnnReduceMax_f32
  total: 2 matched / 2 bodies
",0,[],0,0,0,0,/home/arjaiswal/Polygeist/issues/aten_c_kernels/results/aten_aminmax_cpu/debuf.mlir,3462,0,2,2,332.65019953250885,0,65824,0.08376315236091614,0,4,0,0,"[{""body_indices"": [0], ""symbol"": ""cudnnReduceMin_f32""}, {""body_indices"": [1], ""symbol"": ""cudnnReduceMax_f32""}]",2,0,12,0.0,12
aten,aten_aminmax_cpu,/home/arjaiswal/Polygeist/issues/aten_c_kernels/results/aten_aminmax_cpu/debuf.mlir,5b41fe97e6af61beae7beafca70833bd62dad613a05eddc5efc67d8b169471ed,syntactic,5,ok,0,829.640906304121,0,"[""/usr/bin/python3"", ""/home/arjaiswal/Polygeist/scripts/correctness/kernel_match_rewrite.py"", ""/home/arjaiswal/Polygeist/issues/aten_c_kernels/results/aten_aminmax_cpu/debuf.mlir"", ""--dry-run"", ""--matcher-mode"", ""syntactic"", ""--telemetry-json"", ""/home/arjaiswal/Polygeist/issues/equality_saturation_eval/campaign_20260908/aten-aten_aminmax_cpu-syntactic-m9u6cn2n.json"", ""--disable-semantic-fallback""]","== match report for /home/arjaiswal/Polygeist/issues/aten_c_kernels/results/aten_aminmax_cpu/debuf.mlir ==
  match          body#[0]  cudnnReduceMin_f32
  match          body#[1]  cudnnReduceMax_f32
  total: 2 matched / 2 bodies
",0,[],0,0,0,0,/home/arjaiswal/Polygeist/issues/aten_c_kernels/results/aten_aminmax_cpu/debuf.mlir,3462,0,2,2,350.619375705719,0,65836,0.07895007729530334,0,4,0,0,"[{""body_indices"": [0], ""symbol"": ""cudnnReduceMin_f32""}, {""body_indices"": [1], ""symbol"": ""cudnnReduceMax_f32""}]",2,0,12,0.0,12
aten,aten_aminmax_cpu,/home/arjaiswal/Polygeist/issues/aten_c_kernels/results/aten_aminmax_cpu/debuf.mlir,5b41fe97e6af61beae7beafca70833bd62dad613a05eddc5efc67d8b169471ed,egglog,5,ok,0,870.9475845098495,0,"[""/usr/bin/python3"", ""/home/arjaiswal/Polygeist/scripts/correctness/kernel_match_rewrite.py"", ""/home/arjaiswal/Polygeist/issues/aten_c_kernels/results/aten_aminmax_cpu/debuf.mlir"", ""--dry-run"", ""--matcher-mode"", ""egglog"", ""--telemetry-json"", ""/home/arjaiswal/Polygeist/issues/equality_saturation_eval/campaign_20260908/aten-aten_aminmax_cpu-egglog-hubvkz5e.json"", ""--disable-semantic-fallback""]","== match report for /home/arjaiswal/Polygeist/issues/aten_c_kernels/results/aten_aminmax_cpu/debuf.mlir ==
  match          body#[0]  cudnnReduceMin_f32
  match          body#[1]  cudnnReduceMax_f32
  total: 2 matched / 2 bodies
",0,[],0,0,0,0,/home/arjaiswal/Polygeist/issues/aten_c_kernels/results/aten_aminmax_cpu/debuf.mlir,3462,8,2,2,403.72492000460625,0,69720,48.22080209851265,4,4,0,0,"[{""body_indices"": [0], ""symbol"": ""cudnnReduceMin_f32""}, {""body_indices"": [1], ""symbol"": ""cudnnReduceMax_f32""}]",2,0,0,0.0,12
aten,aten_amp_update_scale_cpu,/home/arjaiswal/Polygeist/issues/aten_c_kernels/results/aten_amp_update_scale_cpu/debuf.mlir,ea4a0d4799ffbb2b68482a3e6a000bff6ed5d276b4bce6f601598efefbbe939c,egglog,1,ok,0,720.6023596227169,0,"[""/usr/bin/python3"", ""/home/arjaiswal/Polygeist/scripts/correctness/kernel_match_rewrite.py"", ""/home/arjaiswal/Polygeist/issues/aten_c_kernels/results/aten_amp_update_scale_cpu/debuf.mlir"", ""--dry-run"", ""--matcher-mode"", ""egglog"", ""--telemetry-json"", ""/home/arjaiswal/Polygeist/issues/equality_saturation_eval/campaign_20260908/aten-aten_amp_update_scale_cpu-egglog-p9py8jhs.json"", ""--disable-semantic-fallback""]","== match report for /home/arjaiswal/Polygeist/issues/aten_c_kernels/results/aten_amp_update_scale_cpu/debuf.mlir ==
  total: 0 matched / 0 bodies
",0,[],0,0,0,0,/home/arjaiswal/Polygeist/issues/aten_c_kernels/results/aten_amp_update_scale_cpu/debuf.mlir,3088,8,0,0,265.099111944437,0,64600,0.0,0,0,0,0,[],0,0,0,0.0,0
aten,aten_amp_update_scale_cpu,/home/arjaiswal/Polygeist/issues/aten_c_kernels/results/aten_amp_update_scale_cpu/debuf.mlir,ea4a0d4799ffbb2b68482a3e6a000bff6ed5d276b4bce6f601598efefbbe939c,syntactic,1,ok,0,747.2611330449581,0,"[""/usr/bin/python3"", ""/home/arjaiswal/Polygeist/scripts/correctness/kernel_match_rewrite.py"", ""/home/arjaiswal/Polygeist/issues/aten_c_kernels/results/aten_amp_update_scale_cpu/debuf.mlir"", ""--dry-run"", ""--matcher-mode"", ""syntactic"", ""--telemetry-json"", ""/home/arjaiswal/Polygeist/issues/equality_saturation_eval/campaign_20260908/aten-aten_amp_update_scale_cpu-syntactic-9a9lb7lf.json"", ""--disable-semantic-fallback""]","== match report for /home/arjaiswal/Polygeist/issues/aten_c_kernels/results/aten_amp_update_scale_cpu/debuf.mlir ==
  total: 0 matched / 0 bodies
",0,[],0,0,0,0,/home/arjaiswal/Polygeist/issues/aten_c_kernels/results/aten_amp_update_scale_cpu/debuf.mlir,3088,0,0,0,277.6515446603298,0,64708,0.0,0,0,0,0,[],0,0,0,0.0,0
aten,aten_amp_update_scale_cpu,/home/arjaiswal/Polygeist/issues/aten_c_kernels/results/aten_amp_update_scale_cpu/debuf.mlir,ea4a0d4799ffbb2b68482a3e6a000bff6ed5d276b4bce6f601598efefbbe939c,syntactic,2,ok,0,732.4290238320827,0,"[""/usr/bin/python3"", ""/home/arjaiswal/Polygeist/scripts/correctness/kernel_match_rewrite.py"", ""/home/arjaiswal/Polygeist/issues/aten_c_kernels/results/aten_amp_update_scale_cpu/debuf.mlir"", ""--dry-run"", ""--matcher-mode"", ""syntactic"", ""--telemetry-json"", ""/home/arjaiswal/Polygeist/issues/equality_saturation_eval/campaign_20260908/aten-aten_amp_update_scale_cpu-syntactic-a0ygumfu.json"", ""--disable-semantic-fallback""]","== match report for /home/arjaiswal/Polygeist/issues/aten_c_kernels/results/aten_amp_update_scale_cpu/debuf.mlir ==
  total: 0 matched / 0 bodies
",0,[],0,0,0,0,/home/arjaiswal/Polygeist/issues/aten_c_kernels/results/aten_amp_update_scale_cpu/debuf.mlir,3088,0,0,0,254.6064481139183,0,64816,0.0,0,0,0,0,[],0,0,0,0.0,0
aten,aten_amp_update_scale_cpu,/home/arjaiswal/Polygeist/issues/aten_c_kernels/results/aten_amp_update_scale_cpu/debuf.mlir,ea4a0d4799ffbb2b68482a3e6a000bff6ed5d276b4bce6f601598efefbbe939c,egglog,2,ok,0,755.1993690431118,0,"[""/usr/bin/python3"", ""/home/arjaiswal/Polygeist/scripts/correctness/kernel_match_rewrite.py"", ""/home/arjaiswal/Polygeist/issues/aten_c_kernels/results/aten_amp_update_scale_cpu/debuf.mlir"", ""--dry-run"", ""--matcher-mode"", ""egglog"", ""--telemetry-json"", ""/home/arjaiswal/Polygeist/issues/equality_saturation_eval/campaign_20260908/aten-aten_amp_update_scale_cpu-egglog-fr83wg76.json"", ""--disable-semantic-fallback""]","== match report for /home/arjaiswal/Polygeist/issues/aten_c_kernels/results/aten_amp_update_scale_cpu/debuf.mlir ==
  total: 0 matched / 0 bodies
",0,[],0,0,0,0,/home/arjaiswal/Polygeist/issues/aten_c_kernels/results/aten_amp_update_scale_cpu/debuf.mlir,3088,8,0,0,287.9218980669975,0,64748,0.0,0,0,0,0,[],0,0,0,0.0,0
aten,aten_amp_update_scale_cpu,/home/arjaiswal/Polygeist/issues/aten_c_kernels/results/aten_amp_update_scale_cpu/debuf.mlir,ea4a0d4799ffbb2b68482a3e6a000bff6ed5d276b4bce6f601598efefbbe939c,egglog,3,ok,0,786.7882139980793,0,"[""/usr/bin/python3"", ""/home/arjaiswal/Polygeist/scripts/correctness/kernel_match_rewrite.py"", ""/home/arjaiswal/Polygeist/issues/aten_c_kernels/results/aten_amp_update_scale_cpu/debuf.mlir"", ""--dry-run"", ""--matcher-mode"", ""egglog"", ""--telemetry-json"", ""/home/arjaiswal/Polygeist/issues/equality_saturation_eval/campaign_20260908/aten-aten_amp_update_scale_cpu-egglog-3pi81m22.json"", ""--disable-semantic-fallback""]","== match report for /home/arjaiswal/Polygeist/issues/aten_c_kernels/results/aten_amp_update_scale_cpu/debuf.mlir ==
  total: 0 matched / 0 bodies
",0,[],0,0,0,0,/home/arjaiswal/Polygeist/issues/aten_c_kernels/results/aten_amp_update_scale_cpu/debuf.mlir,3088,8,0,0,282.71832317113876,0,64736,0.0,0,0,0,0,[],0,0,0,0.0,0
aten,aten_amp_update_scale_cpu,/home/arjaiswal/Polygeist/issues/aten_c_kernels/results/aten_amp_update_scale_cpu/debuf.mlir,ea4a0d4799ffbb2b68482a3e6a000bff6ed5d276b4bce6f601598efefbbe939c,syntactic,3,ok,0,739.7153452038765,0,"[""/usr/bin/python3"", ""/home/arjaiswal/Polygeist/scripts/correctness/kernel_match_rewrite.py"", ""/home/arjaiswal/Polygeist/issues/aten_c_kernels/results/aten_amp_update_scale_cpu/debuf.mlir"", ""--dry-run"", ""--matcher-mode"", ""syntactic"", ""--telemetry-json"", ""/home/arjaiswal/Polygeist/issues/equality_saturation_eval/campaign_20260908/aten-aten_amp_update_scale_cpu-syntactic-298esfyd.json"", ""--disable-semantic-fallback""]","== match report for /home/arjaiswal/Polygeist/issues/aten_c_kernels/results/aten_amp_update_scale_cpu/debuf.mlir ==
  total: 0 matched / 0 bodies
",0,[],0,0,0,0,/home/arjaiswal/Polygeist/issues/aten_c_kernels/results/aten_amp_update_scale_cpu/debuf.mlir,3088,0,0,0,264.89661261439323,0,64636,0.0,0,0,0,0,[],0,0,0,0.0,0
aten,aten_amp_update_scale_cpu,/home/arjaiswal/Polygeist/issues/aten_c_kernels/results/aten_amp_update_scale_cpu/debuf.mlir,ea4a0d4799ffbb2b68482a3e6a000bff6ed5d276b4bce6f601598efefbbe939c,syntactic,4,ok,0,802.1589666604996,0,"[""/usr/bin/python3"", ""/home/arjaiswal/Polygeist/scripts/correctness/kernel_match_rewrite.py"", ""/home/arjaiswal/Polygeist/issues/aten_c_kernels/results/aten_amp_update_scale_cpu/debuf.mlir"", ""--dry-run"", ""--matcher-mode"", ""syntactic"", ""--telemetry-json"", ""/home/arjaiswal/Polygeist/issues/equality_saturation_eval/campaign_20260908/aten-aten_amp_update_scale_cpu-syntactic-ge5rtkys.json"", ""--disable-semantic-fallback""]","== match report for /home/arjaiswal/Polygeist/issues/aten_c_kernels/results/aten_amp_update_scale_cpu/debuf.mlir ==
  total: 0 matched / 0 bodies
",0,[],0,0,0,0,/home/arjaiswal/Polygeist/issues/aten_c_kernels/results/aten_amp_update_scale_cpu/debuf.mlir,3088,0,0,0,314.2501078546047,0,64664,0.0,0,0,0,0,[],0,0,0,0.0,0
aten,aten_amp_update_scale_cpu,/home/arjaiswal/Polygeist/issues/aten_c_kernels/results/aten_amp_update_scale_cpu/debuf.mlir,ea4a0d4799ffbb2b68482a3e6a000bff6ed5d276b4bce6f601598efefbbe939c,egglog,4,ok,0,763.821430504322,0,"[""/usr/bin/python3"", ""/home/arjaiswal/Polygeist/scripts/correctness/kernel_match_rewrite.py"", ""/home/arjaiswal/Polygeist/issues/aten_c_kernels/results/aten_amp_update_scale_cpu/debuf.mlir"", ""--dry-run"", ""--matcher-mode"", ""egglog"", ""--telemetry-json"", ""/home/arjaiswal/Polygeist/issues/equality_saturation_eval/campaign_20260908/aten-aten_amp_update_scale_cpu-egglog-ym6ya_wx.json"", ""--disable-semantic-fallback""]","== match report for /home/arjaiswal/Polygeist/issues/aten_c_kernels/results/aten_amp_update_scale_cpu/debuf.mlir ==
  total: 0 matched / 0 bodies
",0,[],0,0,0,0,/home/arjaiswal/Polygeist/issues/aten_c_kernels/results/aten_amp_update_scale_cpu/debuf.mlir,3088,8,0,0,279.80392798781395,0,64544,0.0,0,0,0,0,[],0,0,0,0.0,0
aten,aten_amp_update_scale_cpu,/home/arjaiswal/Polygeist/issues/aten_c_kernels/results/aten_amp_update_scale_cpu/debuf.mlir,ea4a0d4799ffbb2b68482a3e6a000bff6ed5d276b4bce6f601598efefbbe939c,egglog,5,ok,0,759.6358172595501,0,"[""/usr/bin/python3"", ""/home/arjaiswal/Polygeist/scripts/correctness/kernel_match_rewrite.py"", ""/home/arjaiswal/Polygeist/issues/aten_c_kernels/results/aten_amp_update_scale_cpu/debuf.mlir"", ""--dry-run"", ""--matcher-mode"", ""egglog"", ""--telemetry-json"", ""/home/arjaiswal/Polygeist/issues/equality_saturation_eval/campaign_20260908/aten-aten_amp_update_scale_cpu-egglog-kt7ro599.json"", ""--disable-semantic-fallback""]","== match report for /home/arjaiswal/Polygeist/issues/aten_c_kernels/results/aten_amp_update_scale_cpu/debuf.mlir ==
  total: 0 matched / 0 bodies
",0,[],0,0,0,0,/home/arjaiswal/Polygeist/issues/aten_c_kernels/results/aten_amp_update_scale_cpu/debuf.mlir,3088,8,0,0,281.4084440469742,0,64744,0.0,0,0,0,0,[],0,0,0,0.0,0
aten,aten_amp_update_scale_cpu,/home/arjaiswal/Polygeist/issues/aten_c_kernels/results/aten_amp_update_scale_cpu/debuf.mlir,ea4a0d4799ffbb2b68482a3e6a000bff6ed5d276b4bce6f601598efefbbe939c,syntactic,5,ok,0,774.7830525040627,0,"[""/usr/bin/python3"", ""/home/arjaiswal/Polygeist/scripts/correctness/kernel_match_rewrite.py"", ""/home/arjaiswal/Polygeist/issues/aten_c_kernels/results/aten_amp_update_scale_cpu/debuf.mlir"", ""--dry-run"", ""--matcher-mode"", ""syntactic"", ""--telemetry-json"", ""/home/arjaiswal/Polygeist/issues/equality_saturation_eval/campaign_20260908/aten-aten_amp_update_scale_cpu-syntactic-9w0ps2dj.json"", ""--disable-semantic-fallback""]","== match report for /home/arjaiswal/Polygeist/issues/aten_c_kernels/results/aten_amp_update_scale_cpu/debuf.mlir ==
  total: 0 matched / 0 bodies
",0,[],0,0,0,0,/home/arjaiswal/Polygeist/issues/aten_c_kernels/results/aten_amp_update_scale_cpu/debuf.mlir,3088,0,0,0,288.38692605495453,0,64892,0.0,0,0,0,0,[],0,0,0,0.0,0
aten,aten_and_reduce_cpu,/home/arjaiswal/Polygeist/issues/aten_c_kernels/results/aten_and_reduce_cpu/debuf.mlir,ecc39f2b5f79a0e05500c7a26014f04ca33b810718c61c397165f7b69f6add13,syntactic,1,ok,0,735.3948168456554,0,"[""/usr/bin/python3"", ""/home/arjaiswal/Polygeist/scripts/correctness/kernel_match_rewrite.py"", ""/home/arjaiswal/Polygeist/issues/aten_c_kernels/results/aten_and_reduce_cpu/debuf.mlir"", ""--dry-run"", ""--matcher-mode"", ""syntactic"", ""--telemetry-json"", ""/home/arjaiswal/Polygeist/issues/equality_saturation_eval/campaign_20260908/aten-aten_and_reduce_cpu-syntactic-mddrnpu8.json"", ""--disable-semantic-fallback""]","== match report for /home/arjaiswal/Polygeist/issues/aten_c_kernels/results/aten_and_reduce_cpu/debuf.mlir ==
  match          body#[0, 1]  cubSegmentedLogicalAnd_i32_memref
  total: 1 matched / 1 bodies
",0,[],0,0,0,0,/home/arjaiswal/Polygeist/issues/aten_c_kernels/results/aten_and_reduce_cpu/debuf.mlir,2377,0,2,2,286.69218346476555,0,65852,0.035781413316726685,0,4,0,0,"[{""body_indices"": [0, 1], ""symbol"": ""cubSegmentedLogicalAnd_i32_memref""}]",1,0,4,0.0,4
aten,aten_and_reduce_cpu,/home/arjaiswal/Polygeist/issues/aten_c_kernels/results/aten_and_reduce_cpu/debuf.mlir,ecc39f2b5f79a0e05500c7a26014f04ca33b810718c61c397165f7b69f6add13,egglog,1,ok,0,835.5442881584167,0,"[""/usr/bin/python3"", ""/home/arjaiswal/Polygeist/scripts/correctness/kernel_match_rewrite.py"", ""/home/arjaiswal/Polygeist/issues/aten_c_kernels/results/aten_and_reduce_cpu/debuf.mlir"", ""--dry-run"", ""--matcher-mode"", ""egglog"", ""--telemetry-json"", ""/home/arjaiswal/Polygeist/issues/equality_saturation_eval/campaign_20260908/aten-aten_and_reduce_cpu-egglog-29spsbg8.json"", ""--disable-semantic-fallback""]","== match report for /home/arjaiswal/Polygeist/issues/aten_c_kernels/results/aten_and_reduce_cpu/debuf.mlir ==
  match          body#[0, 1]  cubSegmentedLogicalAnd_i32_memref
  total: 1 matched / 1 bodies
",0,[],0,0,0,0,/home/arjaiswal/Polygeist/issues/aten_c_kernels/results/aten_and_reduce_cpu/debuf.mlir,2377,8,2,2,369.42850425839424,0,69596,55.6463748216629,4,4,0,0,"[{""body_indices"": [0, 1], ""symbol"": ""cubSegmentedLogicalAnd_i32_memref""}]",1,0,0,0.0,4
aten,aten_and_reduce_cpu,/home/arjaiswal/Polygeist/issues/aten_c_kernels/results/aten_and_reduce_cpu/debuf.mlir,ecc39f2b5f79a0e05500c7a26014f04ca33b810718c61c397165f7b69f6add13,egglog,2,ok,0,810.3557154536247,0,"[""/usr/bin/python3"", ""/home/arjaiswal/Polygeist/scripts/correctness/kernel_match_rewrite.py"", ""/home/arjaiswal/Polygeist/issues/aten_c_kernels/results/aten_and_reduce_cpu/debuf.mlir"", ""--dry-run"", ""--matcher-mode"", ""egglog"", ""--telemetry-json"", ""/home/arjaiswal/Polygeist/issues/equality_saturation_eval/campaign_20260908/aten-aten_and_reduce_cpu-egglog-iqrtmx56.json"", ""--disable-semantic-fallback""]","== match report for /home/arjaiswal/Polygeist/issues/aten_c_kernels/results/aten_and_reduce_cpu/debuf.mlir ==
  match          body#[0, 1]  cubSegmentedLogicalAnd_i32_memref
  total: 1 matched / 1 bodies
",0,[],0,0,0,0,/home/arjaiswal/Polygeist/issues/aten_c_kernels/results/aten_and_reduce_cpu/debuf.mlir,2377,8,2,2,337.2117653489113,0,69808,43.298959732055664,4,4,0,0,"[{""body_indices"": [0, 1], ""symbol"": ""cubSegmentedLogicalAnd_i32_memref""}]",1,0,0,0.0,4
aten,aten_and_reduce_cpu,/home/arjaiswal/Polygeist/issues/aten_c_kernels/results/aten_and_reduce_cpu/debuf.mlir,ecc39f2b5f79a0e05500c7a26014f04ca33b810718c61c397165f7b69f6add13,syntactic,2,ok,0,783.5615985095501,0,"[""/usr/bin/python3"", ""/home/arjaiswal/Polygeist/scripts/correctness/kernel_match_rewrite.py"", ""/home/arjaiswal/Polygeist/issues/aten_c_kernels/results/aten_and_reduce_cpu/debuf.mlir"", ""--dry-run"", ""--matcher-mode"", ""syntactic"", ""--telemetry-json"", ""/home/arjaiswal/Polygeist/issues/equality_saturation_eval/campaign_20260908/aten-aten_and_reduce_cpu-syntactic-5ohi_fdf.json"", ""--disable-semantic-fallback""]","== match report for /home/arjaiswal/Polygeist/issues/aten_c_kernels/results/aten_and_reduce_cpu/debuf.mlir ==
  match          body#[0, 1]  cubSegmentedLogicalAnd_i32_memref
  total: 1 matched / 1 bodies
",0,[],0,0,0,0,/home/arjaiswal/Polygeist/issues/aten_c_kernels/results/aten_and_reduce_cpu/debuf.mlir,2377,0,2,2,292.41133108735085,0,65556,0.037007033824920654,0,4,0,0,"[{""body_indices"": [0, 1], ""symbol"": ""cubSegmentedLogicalAnd_i32_memref""}]",1,0,4,0.0,4
aten,aten_and_reduce_cpu,/home/arjaiswal/Polygeist/issues/aten_c_kernels/results/aten_and_reduce_cpu/debuf.mlir,ecc39f2b5f79a0e05500c7a26014f04ca33b810718c61c397165f7b69f6add13,syntactic,3,ok,0,754.4042989611626,0,"[""/usr/bin/python3"", ""/home/arjaiswal/Polygeist/scripts/correctness/kernel_match_rewrite.py"", ""/home/arjaiswal/Polygeist/issues/aten_c_kernels/results/aten_and_reduce_cpu/debuf.mlir"", ""--dry-run"", ""--matcher-mode"", ""syntactic"", ""--telemetry-json"", ""/home/arjaiswal/Polygeist/issues/equality_saturation_eval/campaign_20260908/aten-aten_and_reduce_cpu-syntactic-qjk9av98.json"", ""--disable-semantic-fallback""]","== match report for /home/arjaiswal/Polygeist/issues/aten_c_kernels/results/aten_and_reduce_cpu/debuf.mlir ==
  match          body#[0, 1]  cubSegmentedLogicalAnd_i32_memref
  total: 1 matched / 1 bodies
",0,[],0,0,0,0,/home/arjaiswal/Polygeist/issues/aten_c_kernels/results/aten_and_reduce_cpu/debuf.mlir,2377,0,2,2,305.26677146553993,0,65580,0.03449246287345886,0,4,0,0,"[{""body_indices"": [0, 1], ""symbol"": ""cubSegmentedLogicalAnd_i32_memref""}]",1,0,4,0.0,4
aten,aten_and_reduce_cpu,/home/arjaiswal/Polygeist/issues/aten_c_kernels/results/aten_and_reduce_cpu/debuf.mlir,ecc39f2b5f79a0e05500c7a26014f04ca33b810718c61c397165f7b69f6add13,egglog,3,ok,0,837.1643498539925,0,"[""/usr/bin/python3"", ""/home/arjaiswal/Polygeist/scripts/correctness/kernel_match_rewrite.py"", ""/home/arjaiswal/Polygeist/issues/aten_c_kernels/results/aten_and_reduce_cpu/debuf.mlir"", ""--dry-run"", ""--matcher-mode"", ""egglog"", ""--telemetry-json"", ""/home/arjaiswal/Polygeist/issues/equality_saturation_eval/campaign_20260908/aten-aten_and_reduce_cpu-egglog-4cj97fvv.json"", ""--disable-semantic-fallback""]","== match report for /home/arjaiswal/Polygeist/issues/aten_c_kernels/results/aten_and_reduce_cpu/debuf.mlir ==
  match          body#[0, 1]  cubSegmentedLogicalAnd_i32_memref
  total: 1 matched / 1 bodies
",0,[],0,0,0,0,/home/arjaiswal/Polygeist/issues/aten_c_kernels/results/aten_and_reduce_cpu/debuf.mlir,2377,8,2,2,356.70869424939156,0,69620,48.34195226430893,4,4,0,0,"[{""body_indices"": [0, 1], ""symbol"": ""cubSegmentedLogicalAnd_i32_memref""}]",1,0,0,0.0,4
aten,aten_and_reduce_cpu,/home/arjaiswal/Polygeist/issues/aten_c_kernels/results/aten_and_reduce_cpu/debuf.mlir,ecc39f2b5f79a0e05500c7a26014f04ca33b810718c61c397165f7b69f6add13,egglog,4,ok,0,797.2752340137959,0,"[""/usr/bin/python3"", ""/home/arjaiswal/Polygeist/scripts/correctness/kernel_match_rewrite.py"", ""/home/arjaiswal/Polygeist/issues/aten_c_kernels/results/aten_and_reduce_cpu/debuf.mlir"", ""--dry-run"", ""--matcher-mode"", ""egglog"", ""--telemetry-json"", ""/home/arjaiswal/Polygeist/issues/equality_saturation_eval/campaign_20260908/aten-aten_and_reduce_cpu-egglog-jpc7wdhd.json"", ""--disable-semantic-fallback""]","== match report for /home/arjaiswal/Polygeist/issues/aten_c_kernels/results/aten_and_reduce_cpu/debuf.mlir ==
  match          body#[0, 1]  cubSegmentedLogicalAnd_i32_memref
  total: 1 matched / 1 bodies
",0,[],0,0,0,0,/home/arjaiswal/Polygeist/issues/aten_c_kernels/results/aten_and_reduce_cpu/debuf.mlir,2377,8,2,2,338.7828506529331,0,69680,46.8064621090889,4,4,0,0,"[{""body_indices"": [0, 1], ""symbol"": ""cubSegmentedLogicalAnd_i32_memref""}]",1,0,0,0.0,4
aten,aten_and_reduce_cpu,/home/arjaiswal/Polygeist/issues/aten_c_kernels/results/aten_and_reduce_cpu/debuf.mlir,ecc39f2b5f79a0e05500c7a26014f04ca33b810718c61c397165f7b69f6add13,syntactic,4,ok,0,732.5291372835636,0,"[""/usr/bin/python3"", ""/home/arjaiswal/Polygeist/scripts/correctness/kernel_match_rewrite.py"", ""/home/arjaiswal/Polygeist/issues/aten_c_kernels/results/aten_and_reduce_cpu/debuf.mlir"", ""--dry-run"", ""--matcher-mode"", ""syntactic"", ""--telemetry-json"", ""/home/arjaiswal/Polygeist/issues/equality_saturation_eval/campaign_20260908/aten-aten_and_reduce_cpu-syntactic-d3fmrkul.json"", ""--disable-semantic-fallback""]","== match report for /home/arjaiswal/Polygeist/issues/aten_c_kernels/results/aten_and_reduce_cpu/debuf.mlir ==
  match          body#[0, 1]  cubSegmentedLogicalAnd_i32_memref
  total: 1 matched / 1 bodies
",0,[],0,0,0,0,/home/arjaiswal/Polygeist/issues/aten_c_kernels/results/aten_and_reduce_cpu/debuf.mlir,2377,0,2,2,284.9218174815178,0,65768,0.035356730222702026,0,4,0,0,"[{""body_indices"": [0, 1], ""symbol"": ""cubSegmentedLogicalAnd_i32_memref""}]",1,0,4,0.0,4
aten,aten_and_reduce_cpu,/home/arjaiswal/Polygeist/issues/aten_c_kernels/results/aten_and_reduce_cpu/debuf.mlir,ecc39f2b5f79a0e05500c7a26014f04ca33b810718c61c397165f7b69f6add13,syntactic,5,ok,0,754.6165511012077,0,"[""/usr/bin/python3"", ""/home/arjaiswal/Polygeist/scripts/correctness/kernel_match_rewrite.py"", ""/home/arjaiswal/Polygeist/issues/aten_c_kernels/results/aten_and_reduce_cpu/debuf.mlir"", ""--dry-run"", ""--matcher-mode"", ""syntactic"", ""--telemetry-json"", ""/home/arjaiswal/Polygeist/issues/equality_saturation_eval/campaign_20260908/aten-aten_and_reduce_cpu-syntactic-yaeq26gn.json"", ""--disable-semantic-fallback""]","== match report for /home/arjaiswal/Polygeist/issues/aten_c_kernels/results/aten_and_reduce_cpu/debuf.mlir ==
  match          body#[0, 1]  cubSegmentedLogicalAnd_i32_memref
  total: 1 matched / 1 bodies
",0,[],0,0,0,0,/home/arjaiswal/Polygeist/issues/aten_c_kernels/results/aten_and_reduce_cpu/debuf.mlir,2377,0,2,2,285.26152670383453,0,65824,0.036735087633132935,0,4,0,0,"[{""body_indices"": [0, 1], ""symbol"": ""cubSegmentedLogicalAnd_i32_memref""}]",1,0,4,0.0,4
aten,aten_and_reduce_cpu,/home/arjaiswal/Polygeist/issues/aten_c_kernels/results/aten_and_reduce_cpu/debuf.mlir,ecc39f2b5f79a0e05500c7a26014f04ca33b810718c61c397165f7b69f6add13,egglog,5,ok,0,897.341962903738,0,"[""/usr/bin/python3"", ""/home/arjaiswal/Polygeist/scripts/correctness/kernel_match_rewrite.py"", ""/home/arjaiswal/Polygeist/issues/aten_c_kernels/results/aten_and_reduce_cpu/debuf.mlir"", ""--dry-run"", ""--matcher-mode"", ""egglog"", ""--telemetry-json"", ""/home/arjaiswal/Polygeist/issues/equality_saturation_eval/campaign_20260908/aten-aten_and_reduce_cpu-egglog-ma2kka1k.json"", ""--disable-semantic-fallback""]","== match report for /home/arjaiswal/Polygeist/issues/aten_c_kernels/results/aten_and_reduce_cpu/debuf.mlir ==
  match          body#[0, 1]  cubSegmentedLogicalAnd_i32_memref
  total: 1 matched / 1 bodies
",0,[],0,0,0,0,/home/arjaiswal/Polygeist/issues/aten_c_kernels/results/aten_and_reduce_cpu/debuf.mlir,2377,8,2,2,335.23641154170036,0,69640,44.36101391911507,4,4,0,0,"[{""body_indices"": [0, 1], ""symbol"": ""cubSegmentedLogicalAnd_i32_memref""}]",1,0,0,0.0,4
aten,aten_angle_complex_scalarized,/home/arjaiswal/Polygeist/issues/aten_c_kernels/results/aten_angle_complex_scalarized/debuf.mlir,355e64f6cb2560064c146abf8218e3fbc6c78e5772bfec14f6d33cc23bbe2277,egglog,1,ok,0,731.3801571726799,0,"[""/usr/bin/python3"", ""/home/arjaiswal/Polygeist/scripts/correctness/kernel_match_rewrite.py"", ""/home/arjaiswal/Polygeist/issues/aten_c_kernels/results/aten_angle_complex_scalarized/debuf.mlir"", ""--dry-run"", ""--matcher-mode"", ""egglog"", ""--telemetry-json"", ""/home/arjaiswal/Polygeist/issues/equality_saturation_eval/campaign_20260908/aten-aten_angle_complex_scalarized-egglog-4fy3x0d_.json"", ""--disable-semantic-fallback""]","== match report for /home/arjaiswal/Polygeist/issues/aten_c_kernels/results/aten_angle_complex_scalarized/debuf.mlir ==
  match          body#[0]  cudnnPointwiseGraph_f32
  total: 1 matched / 1 bodies
",0,[],0,0,0,0,/home/arjaiswal/Polygeist/issues/aten_c_kernels/results/aten_angle_complex_scalarized/debuf.mlir,2017,8,1,1,292.4404479563236,0,65888,0.0,0,0,0,0,"[{""body_indices"": [0], ""symbol"": ""cudnnPointwiseGraph_f32""}]",1,0,0,0.0,6
aten,aten_angle_complex_scalarized,/home/arjaiswal/Polygeist/issues/aten_c_kernels/results/aten_angle_complex_scalarized/debuf.mlir,355e64f6cb2560064c146abf8218e3fbc6c78e5772bfec14f6d33cc23bbe2277,syntactic,1,ok,0,758.9795477688313,0,"[""/usr/bin/python3"", ""/home/arjaiswal/Polygeist/scripts/correctness/kernel_match_rewrite.py"", ""/home/arjaiswal/Polygeist/issues/aten_c_kernels/results/aten_angle_complex_scalarized/debuf.mlir"", ""--dry-run"", ""--matcher-mode"", ""syntactic"", ""--telemetry-json"", ""/home/arjaiswal/Polygeist/issues/equality_saturation_eval/campaign_20260908/aten-aten_angle_complex_scalarized-syntactic-627y6jec.json"", ""--disable-semantic-fallback""]","== match report for /home/arjaiswal/Polygeist/issues/aten_c_kernels/results/aten_angle_complex_scalarized/debuf.mlir ==
  match          body#[0]  cudnnPointwiseGraph_f32
  total: 1 matched / 1 bodies
",0,[],0,0,0,0,/home/arjaiswal/Polygeist/issues/aten_c_kernels/results/aten_angle_complex_scalarized/debuf.mlir,2017,0,1,1,293.72382536530495,0,65712,0.016257166862487793,0,0,0,0,"[{""body_indices"": [0], ""symbol"": ""cudnnPointwiseGraph_f32""}]",1,0,6,0.0,6
aten,aten_angle_complex_scalarized,/home/arjaiswal/Polygeist/issues/aten_c_kernels/results/aten_angle_complex_scalarized/debuf.mlir,355e64f6cb2560064c146abf8218e3fbc6c78e5772bfec14f6d33cc23bbe2277,syntactic,2,ok,0,829.748060554266,0,"[""/usr/bin/python3"", ""/home/arjaiswal/Polygeist/scripts/correctness/kernel_match_rewrite.py"", ""/home/arjaiswal/Polygeist/issues/aten_c_kernels/results/aten_angle_complex_scalarized/debuf.mlir"", ""--dry-run"", ""--matcher-mode"", ""syntactic"", ""--telemetry-json"", ""/home/arjaiswal/Polygeist/issues/equality_saturation_eval/campaign_20260908/aten-aten_angle_complex_scalarized-syntactic-s5h2krq6.json"", ""--disable-semantic-fallback""]","== match report for /home/arjaiswal/Polygeist/issues/aten_c_kernels/results/aten_angle_complex_scalarized/debuf.mlir ==
  match          body#[0]  cudnnPointwiseGraph_f32
  total: 1 matched / 1 bodies
",0,[],0,0,0,0,/home/arjaiswal/Polygeist/issues/aten_c_kernels/results/aten_angle_complex_scalarized/debuf.mlir,2017,0,1,1,316.1686509847641,0,65784,0.018093734979629517,0,0,0,0,"[{""body_indices"": [0], ""symbol"": ""cudnnPointwiseGraph_f32""}]",1,0,6,0.0,6
aten,aten_angle_complex_scalarized,/home/arjaiswal/Polygeist/issues/aten_c_kernels/results/aten_angle_complex_scalarized/debuf.mlir,355e64f6cb2560064c146abf8218e3fbc6c78e5772bfec14f6d33cc23bbe2277,egglog,2,ok,0,778.6911800503731,0,"[""/usr/bin/python3"", ""/home/arjaiswal/Polygeist/scripts/correctness/kernel_match_rewrite.py"", ""/home/arjaiswal/Polygeist/issues/aten_c_kernels/results/aten_angle_complex_scalarized/debuf.mlir"", ""--dry-run"", ""--matcher-mode"", ""egglog"", ""--telemetry-json"", ""/home/arjaiswal/Polygeist/issues/equality_saturation_eval/campaign_20260908/aten-aten_angle_complex_scalarized-egglog-sv2j9lho.json"", ""--disable-semantic-fallback""]","== match report for /home/arjaiswal/Polygeist/issues/aten_c_kernels/results/aten_angle_complex_scalarized/debuf.mlir ==
  match          body#[0]  cudnnPointwiseGraph_f32
  total: 1 matched / 1 bodies
",0,[],0,0,0,0,/home/arjaiswal/Polygeist/issues/aten_c_kernels/results/aten_angle_complex_scalarized/debuf.mlir,2017,8,1,1,312.6359209418297,0,65744,0.0,0,0,0,0,"[{""body_indices"": [0], ""symbol"": ""cudnnPointwiseGraph_f32""}]",1,0,0,0.0,6
aten,aten_angle_complex_scalarized,/home/arjaiswal/Polygeist/issues/aten_c_kernels/results/aten_angle_complex_scalarized/debuf.mlir,355e64f6cb2560064c146abf8218e3fbc6c78e5772bfec14f6d33cc23bbe2277,egglog,3,ok,0,822.9299709200859,0,"[""/usr/bin/python3"", ""/home/arjaiswal/Polygeist/scripts/correctness/kernel_match_rewrite.py"", ""/home/arjaiswal/Polygeist/issues/aten_c_kernels/results/aten_angle_complex_scalarized/debuf.mlir"", ""--dry-run"", ""--matcher-mode"", ""egglog"", ""--telemetry-json"", ""/home/arjaiswal/Polygeist/issues/equality_saturation_eval/campaign_20260908/aten-aten_angle_complex_scalarized-egglog-ohf54vqa.json"", ""--disable-semantic-fallback""]","== match report for /home/arjaiswal/Polygeist/issues/aten_c_kernels/results/aten_angle_complex_scalarized/debuf.mlir ==
  match          body#[0]  cudnnPointwiseGraph_f32
  total: 1 matched / 1 bodies
",0,[],0,0,0,0,/home/arjaiswal/Polygeist/issues/aten_c_kernels/results/aten_angle_complex_scalarized/debuf.mlir,2017,8,1,1,319.94208320975304,0,65688,0.0,0,0,0,0,"[{""body_indices"": [0], ""symbol"": ""cudnnPointwiseGraph_f32""}]",1,0,0,0.0,6
aten,aten_angle_complex_scalarized,/home/arjaiswal/Polygeist/issues/aten_c_kernels/results/aten_angle_complex_scalarized/debuf.mlir,355e64f6cb2560064c146abf8218e3fbc6c78e5772bfec14f6d33cc23bbe2277,syntactic,3,ok,0,1217.1545810997486,0,"[""/usr/bin/python3"", ""/home/arjaiswal/Polygeist/scripts/correctness/kernel_match_rewrite.py"", ""/home/arjaiswal/Polygeist/issues/aten_c_kernels/results/aten_angle_complex_scalarized/debuf.mlir"", ""--dry-run"", ""--matcher-mode"", ""syntactic"", ""--telemetry-json"", ""/home/arjaiswal/Polygeist/issues/equality_saturation_eval/campaign_20260908/aten-aten_angle_complex_scalarized-syntactic-vjyyu50h.json"", ""--disable-semantic-fallback""]","== match report for /home/arjaiswal/Polygeist/issues/aten_c_kernels/results/aten_angle_complex_scalarized/debuf.mlir ==
  match          body#[0]  cudnnPointwiseGraph_f32
  total: 1 matched / 1 bodies
",0,[],0,0,0,0,/home/arjaiswal/Polygeist/issues/aten_c_kernels/results/aten_angle_complex_scalarized/debuf.mlir,2017,0,1,1,508.6987353861332,0,65756,0.018306076526641846,0,0,0,0,"[{""body_indices"": [0], ""symbol"": ""cudnnPointwiseGraph_f32""}]",1,0,6,0.0,6
aten,aten_angle_complex_scalarized,/home/arjaiswal/Polygeist/issues/aten_c_kernels/results/aten_angle_complex_scalarized/debuf.mlir,355e64f6cb2560064c146abf8218e3fbc6c78e5772bfec14f6d33cc23bbe2277,syntactic,4,ok,0,842.3793949186802,0,"[""/usr/bin/python3"", ""/home/arjaiswal/Polygeist/scripts/correctness/kernel_match_rewrite.py"", ""/home/arjaiswal/Polygeist/issues/aten_c_kernels/results/aten_angle_complex_scalarized/debuf.mlir"", ""--dry-run"", ""--matcher-mode"", ""syntactic"", ""--telemetry-json"", ""/home/arjaiswal/Polygeist/issues/equality_saturation_eval/campaign_20260908/aten-aten_angle_complex_scalarized-syntactic-xszijjt8.json"", ""--disable-semantic-fallback""]","== match report for /home/arjaiswal/Polygeist/issues/aten_c_kernels/results/aten_angle_complex_scalarized/debuf.mlir ==
  match          body#[0]  cudnnPointwiseGraph_f32
  total: 1 matched / 1 bodies
",0,[],0,0,0,0,/home/arjaiswal/Polygeist/issues/aten_c_kernels/results/aten_angle_complex_scalarized/debuf.mlir,2017,0,1,1,295.38655281066895,0,65500,0.019721686840057373,0,0,0,0,"[{""body_indices"": [0], ""symbol"": ""cudnnPointwiseGraph_f32""}]",1,0,6,0.0,6
aten,aten_angle_complex_scalarized,/home/arjaiswal/Polygeist/issues/aten_c_kernels/results/aten_angle_complex_scalarized/debuf.mlir,355e64f6cb2560064c146abf8218e3fbc6c78e5772bfec14f6d33cc23bbe2277,egglog,4,ok,0,1088.9531075954437,0,"[""/usr/bin/python3"", ""/home/arjaiswal/Polygeist/scripts/correctness/kernel_match_rewrite.py"", ""/home/arjaiswal/Polygeist/issues/aten_c_kernels/results/aten_angle_complex_scalarized/debuf.mlir"", ""--dry-run"", ""--matcher-mode"", ""egglog"", ""--telemetry-json"", ""/home/arjaiswal/Polygeist/issues/equality_saturation_eval/campaign_20260908/aten-aten_angle_complex_scalarized-egglog-ppm9h6pv.json"", ""--disable-semantic-fallback""]","== match report for /home/arjaiswal/Polygeist/issues/aten_c_kernels/results/aten_angle_complex_scalarized/debuf.mlir ==
  match          body#[0]  cudnnPointwiseGraph_f32
  total: 1 matched / 1 bodies
",0,[],0,0,0,0,/home/arjaiswal/Polygeist/issues/aten_c_kernels/results/aten_angle_complex_scalarized/debuf.mlir,2017,8,1,1,374.4499683380127,0,65768,0.0,0,0,0,0,"[{""body_indices"": [0], ""symbol"": ""cudnnPointwiseGraph_f32""}]",1,0,0,0.0,6
aten,aten_angle_complex_scalarized,/home/arjaiswal/Polygeist/issues/aten_c_kernels/results/aten_angle_complex_scalarized/debuf.mlir,355e64f6cb2560064c146abf8218e3fbc6c78e5772bfec14f6d33cc23bbe2277,egglog,5,ok,0,831.1055451631546,0,"[""/usr/bin/python3"", ""/home/arjaiswal/Polygeist/scripts/correctness/kernel_match_rewrite.py"", ""/home/arjaiswal/Polygeist/issues/aten_c_kernels/results/aten_angle_complex_scalarized/debuf.mlir"", ""--dry-run"", ""--matcher-mode"", ""egglog"", ""--telemetry-json"", ""/home/arjaiswal/Polygeist/issues/equality_saturation_eval/campaign_20260908/aten-aten_angle_complex_scalarized-egglog-l2eft46a.json"", ""--disable-semantic-fallback""]","== match report for /home/arjaiswal/Polygeist/issues/aten_c_kernels/results/aten_angle_complex_scalarized/debuf.mlir ==
  match          body#[0]  cudnnPointwiseGraph_f32
  total: 1 matched / 1 bodies
",0,[],0,0,0,0,/home/arjaiswal/Polygeist/issues/aten_c_kernels/results/aten_angle_complex_scalarized/debuf.mlir,2017,8,1,1,333.90260860323906,0,65716,0.0,0,0,0,0,"[{""body_indices"": [0], ""symbol"": ""cudnnPointwiseGraph_f32""}]",1,0,0,0.0,6
aten,aten_angle_complex_scalarized,/home/arjaiswal/Polygeist/issues/aten_c_kernels/results/aten_angle_complex_scalarized/debuf.mlir,355e64f6cb2560064c146abf8218e3fbc6c78e5772bfec14f6d33cc23bbe2277,syntactic,5,ok,0,788.006104528904,0,"[""/usr/bin/python3"", ""/home/arjaiswal/Polygeist/scripts/correctness/kernel_match_rewrite.py"", ""/home/arjaiswal/Polygeist/issues/aten_c_kernels/results/aten_angle_complex_scalarized/debuf.mlir"", ""--dry-run"", ""--matcher-mode"", ""syntactic"", ""--telemetry-json"", ""/home/arjaiswal/Polygeist/issues/equality_saturation_eval/campaign_20260908/aten-aten_angle_complex_scalarized-syntactic-yscxidie.json"", ""--disable-semantic-fallback""]","== match report for /home/arjaiswal/Polygeist/issues/aten_c_kernels/results/aten_angle_complex_scalarized/debuf.mlir ==
  match          body#[0]  cudnnPointwiseGraph_f32
  total: 1 matched / 1 bodies
",0,[],0,0,0,0,/home/arjaiswal/Polygeist/issues/aten_c_kernels/results/aten_angle_complex_scalarized/debuf.mlir,2017,0,1,1,294.2628860473633,0,65664,0.01676008105278015,0,0,0,0,"[{""body_indices"": [0], ""symbol"": ""cudnnPointwiseGraph_f32""}]",1,0,6,0.0,6
aten,aten_angle_real,/home/arjaiswal/Polygeist/issues/aten_c_kernels/results/aten_angle_real/debuf.mlir,f494fe955eb5c039a87a80b1ac44ece249780a3cf5651a64fc82c35d5eafc88e,syntactic,1,ok,0,943.3202743530273,0,"[""/usr/bin/python3"", ""/home/arjaiswal/Polygeist/scripts/correctness/kernel_match_rewrite.py"", ""/home/arjaiswal/Polygeist/issues/aten_c_kernels/results/aten_angle_real/debuf.mlir"", ""--dry-run"", ""--matcher-mode"", ""syntactic"", ""--telemetry-json"", ""/home/arjaiswal/Polygeist/issues/equality_saturation_eval/campaign_20260908/aten-aten_angle_real-syntactic-d5awm6a2.json"", ""--disable-semantic-fallback""]","== match report for /home/arjaiswal/Polygeist/issues/aten_c_kernels/results/aten_angle_real/debuf.mlir ==
  match          body#[0]  cudnnPointwiseGraph_f32
  total: 1 matched / 1 bodies
",0,[],0,0,0,0,/home/arjaiswal/Polygeist/issues/aten_c_kernels/results/aten_angle_real/debuf.mlir,1917,0,1,1,497.2664937376976,0,65808,0.15973299741744995,0,0,0,0,"[{""body_indices"": [0], ""symbol"": ""cudnnPointwiseGraph_f32""}]",1,0,56,0.0,56
aten,aten_angle_real,/home/arjaiswal/Polygeist/issues/aten_c_kernels/results/aten_angle_real/debuf.mlir,f494fe955eb5c039a87a80b1ac44ece249780a3cf5651a64fc82c35d5eafc88e,egglog,1,ok,0,972.8080816566944,0,"[""/usr/bin/python3"", ""/home/arjaiswal/Polygeist/scripts/correctness/kernel_match_rewrite.py"", ""/home/arjaiswal/Polygeist/issues/aten_c_kernels/results/aten_angle_real/debuf.mlir"", ""--dry-run"", ""--matcher-mode"", ""egglog"", ""--telemetry-json"", ""/home/arjaiswal/Polygeist/issues/equality_saturation_eval/campaign_20260908/aten-aten_angle_real-egglog-n_je6m18.json"", ""--disable-semantic-fallback""]","== match report for /home/arjaiswal/Polygeist/issues/aten_c_kernels/results/aten_angle_real/debuf.mlir ==
  match          body#[0]  cudnnPointwiseGraph_f32
  total: 1 matched / 1 bodies
",0,[],0,0,0,0,/home/arjaiswal/Polygeist/issues/aten_c_kernels/results/aten_angle_real/debuf.mlir,1917,8,1,1,520.0714059174061,0,65952,0.0,0,0,0,0,"[{""body_indices"": [0], ""symbol"": ""cudnnPointwiseGraph_f32""}]",1,0,0,0.0,56
aten,aten_angle_real,/home/arjaiswal/Polygeist/issues/aten_c_kernels/results/aten_angle_real/debuf.mlir,f494fe955eb5c039a87a80b1ac44ece249780a3cf5651a64fc82c35d5eafc88e,egglog,2,ok,0,1057.3212802410126,0,"[""/usr/bin/python3"", ""/home/arjaiswal/Polygeist/scripts/correctness/kernel_match_rewrite.py"", ""/home/arjaiswal/Polygeist/issues/aten_c_kernels/results/aten_angle_real/debuf.mlir"", ""--dry-run"", ""--matcher-mode"", ""egglog"", ""--telemetry-json"", ""/home/arjaiswal/Polygeist/issues/equality_saturation_eval/campaign_20260908/aten-aten_angle_real-egglog-7hk_4j0d.json"", ""--disable-semantic-fallback""]","== match report for /home/arjaiswal/Polygeist/issues/aten_c_kernels/results/aten_angle_real/debuf.mlir ==
  match          body#[0]  cudnnPointwiseGraph_f32
  total: 1 matched / 1 bodies
",0,[],0,0,0,0,/home/arjaiswal/Polygeist/issues/aten_c_kernels/results/aten_angle_real/debuf.mlir,1917,8,1,1,485.1749949157238,0,65772,0.0,0,0,0,0,"[{""body_indices"": [0], ""symbol"": ""cudnnPointwiseGraph_f32""}]",1,0,0,0.0,56
aten,aten_angle_real,/home/arjaiswal/Polygeist/issues/aten_c_kernels/results/aten_angle_real/debuf.mlir,f494fe955eb5c039a87a80b1ac44ece249780a3cf5651a64fc82c35d5eafc88e,syntactic,2,ok,0,993.8666597008705,0,"[""/usr/bin/python3"", ""/home/arjaiswal/Polygeist/scripts/correctness/kernel_match_rewrite.py"", ""/home/arjaiswal/Polygeist/issues/aten_c_kernels/results/aten_angle_real/debuf.mlir"", ""--dry-run"", ""--matcher-mode"", ""syntactic"", ""--telemetry-json"", ""/home/arjaiswal/Polygeist/issues/equality_saturation_eval/campaign_20260908/aten-aten_angle_real-syntactic-lkkucn8c.json"", ""--disable-semantic-fallback""]","== match report for /home/arjaiswal/Polygeist/issues/aten_c_kernels/results/aten_angle_real/debuf.mlir ==
  match          body#[0]  cudnnPointwiseGraph_f32
  total: 1 matched / 1 bodies
",0,[],0,0,0,0,/home/arjaiswal/Polygeist/issues/aten_c_kernels/results/aten_angle_real/debuf.mlir,1917,0,1,1,525.8811078965664,0,65896,0.16357377171516418,0,0,0,0,"[{""body_indices"": [0], ""symbol"": ""cudnnPointwiseGraph_f32""}]",1,0,56,0.0,56
aten,aten_angle_real,/home/arjaiswal/Polygeist/issues/aten_c_kernels/results/aten_angle_real/debuf.mlir,f494fe955eb5c039a87a80b1ac44ece249780a3cf5651a64fc82c35d5eafc88e,syntactic,3,ok,0,1075.247272849083,0,"[""/usr/bin/python3"", ""/home/arjaiswal/Polygeist/scripts/correctness/kernel_match_rewrite.py"", ""/home/arjaiswal/Polygeist/issues/aten_c_kernels/results/aten_angle_real/debuf.mlir"", ""--dry-run"", ""--matcher-mode"", ""syntactic"", ""--telemetry-json"", ""/home/arjaiswal/Polygeist/issues/equality_saturation_eval/campaign_20260908/aten-aten_angle_real-syntactic-3v7gebcg.json"", ""--disable-semantic-fallback""]","== match report for /home/arjaiswal/Polygeist/issues/aten_c_kernels/results/aten_angle_real/debuf.mlir ==
  match          body#[0]  cudnnPointwiseGraph_f32
  total: 1 matched / 1 bodies
",0,[],0,0,0,0,/home/arjaiswal/Polygeist/issues/aten_c_kernels/results/aten_angle_real/debuf.mlir,1917,0,1,1,508.0598555505276,0,65872,0.16339123249053955,0,0,0,0,"[{""body_indices"": [0], ""symbol"": ""cudnnPointwiseGraph_f32""}]",1,0,56,0.0,56
aten,aten_angle_real,/home/arjaiswal/Polygeist/issues/aten_c_kernels/results/aten_angle_real/debuf.mlir,f494fe955eb5c039a87a80b1ac44ece249780a3cf5651a64fc82c35d5eafc88e,egglog,3,ok,0,1002.442542463541,0,"[""/usr/bin/python3"", ""/home/arjaiswal/Polygeist/scripts/correctness/kernel_match_rewrite.py"", ""/home/arjaiswal/Polygeist/issues/aten_c_kernels/results/aten_angle_real/debuf.mlir"", ""--dry-run"", ""--matcher-mode"", ""egglog"", ""--telemetry-json"", ""/home/arjaiswal/Polygeist/issues/equality_saturation_eval/campaign_20260908/aten-aten_angle_real-egglog-licsr_bz.json"", ""--disable-semantic-fallback""]","== match report for /home/arjaiswal/Polygeist/issues/aten_c_kernels/results/aten_angle_real/debuf.mlir ==
  match          body#[0]  cudnnPointwiseGraph_f32
  total: 1 matched / 1 bodies
",0,[],0,0,0,0,/home/arjaiswal/Polygeist/issues/aten_c_kernels/results/aten_angle_real/debuf.mlir,1917,8,1,1,537.567488849163,0,65840,0.0,0,0,0,0,"[{""body_indices"": [0], ""symbol"": ""cudnnPointwiseGraph_f32""}]",1,0,0,0.0,56
aten,aten_angle_real,/home/arjaiswal/Polygeist/issues/aten_c_kernels/results/aten_angle_real/debuf.mlir,f494fe955eb5c039a87a80b1ac44ece249780a3cf5651a64fc82c35d5eafc88e,egglog,4,ok,0,975.6102673709393,0,"[""/usr/bin/python3"", ""/home/arjaiswal/Polygeist/scripts/correctness/kernel_match_rewrite.py"", ""/home/arjaiswal/Polygeist/issues/aten_c_kernels/results/aten_angle_real/debuf.mlir"", ""--dry-run"", ""--matcher-mode"", ""egglog"", ""--telemetry-json"", ""/home/arjaiswal/Polygeist/issues/equality_saturation_eval/campaign_20260908/aten-aten_angle_real-egglog-f76dog5y.json"", ""--disable-semantic-fallback""]","== match report for /home/arjaiswal/Polygeist/issues/aten_c_kernels/results/aten_angle_real/debuf.mlir ==
  match          body#[0]  cudnnPointwiseGraph_f32
  total: 1 matched / 1 bodies
",0,[],0,0,0,0,/home/arjaiswal/Polygeist/issues/aten_c_kernels/results/aten_angle_real/debuf.mlir,1917,8,1,1,520.1746411621571,0,66028,0.0,0,0,0,0,"[{""body_indices"": [0], ""symbol"": ""cudnnPointwiseGraph_f32""}]",1,0,0,0.0,56
aten,aten_angle_real,/home/arjaiswal/Polygeist/issues/aten_c_kernels/results/aten_angle_real/debuf.mlir,f494fe955eb5c039a87a80b1ac44ece249780a3cf5651a64fc82c35d5eafc88e,syntactic,4,ok,0,987.9079461097717,0,"[""/usr/bin/python3"", ""/home/arjaiswal/Polygeist/scripts/correctness/kernel_match_rewrite.py"", ""/home/arjaiswal/Polygeist/issues/aten_c_kernels/results/aten_angle_real/debuf.mlir"", ""--dry-run"", ""--matcher-mode"", ""syntactic"", ""--telemetry-json"", ""/home/arjaiswal/Polygeist/issues/equality_saturation_eval/campaign_20260908/aten-aten_angle_real-syntactic-sraym1ij.json"", ""--disable-semantic-fallback""]","== match report for /home/arjaiswal/Polygeist/issues/aten_c_kernels/results/aten_angle_real/debuf.mlir ==
  match          body#[0]  cudnnPointwiseGraph_f32
  total: 1 matched / 1 bodies
",0,[],0,0,0,0,/home/arjaiswal/Polygeist/issues/aten_c_kernels/results/aten_angle_real/debuf.mlir,1917,0,1,1,514.35736566782,0,65908,0.1830458641052246,0,0,0,0,"[{""body_indices"": [0], ""symbol"": ""cudnnPointwiseGraph_f32""}]",1,0,56,0.0,56
aten,aten_angle_real,/home/arjaiswal/Polygeist/issues/aten_c_kernels/results/aten_angle_real/debuf.mlir,f494fe955eb5c039a87a80b1ac44ece249780a3cf5651a64fc82c35d5eafc88e,syntactic,5,ok,0,958.7510265409946,0,"[""/usr/bin/python3"", ""/home/arjaiswal/Polygeist/scripts/correctness/kernel_match_rewrite.py"", ""/home/arjaiswal/Polygeist/issues/aten_c_kernels/results/aten_angle_real/debuf.mlir"", ""--dry-run"", ""--matcher-mode"", ""syntactic"", ""--telemetry-json"", ""/home/arjaiswal/Polygeist/issues/equality_saturation_eval/campaign_20260908/aten-aten_angle_real-syntactic-inulayz9.json"", ""--disable-semantic-fallback""]","== match report for /home/arjaiswal/Polygeist/issues/aten_c_kernels/results/aten_angle_real/debuf.mlir ==
  match          body#[0]  cudnnPointwiseGraph_f32
  total: 1 matched / 1 bodies
",0,[],0,0,0,0,/home/arjaiswal/Polygeist/issues/aten_c_kernels/results/aten_angle_real/debuf.mlir,1917,0,1,1,495.43534964323044,0,66020,0.157136470079422,0,0,0,0,"[{""body_indices"": [0], ""symbol"": ""cudnnPointwiseGraph_f32""}]",1,0,56,0.0,56
aten,aten_angle_real,/home/arjaiswal/Polygeist/issues/aten_c_kernels/results/aten_angle_real/debuf.mlir,f494fe955eb5c039a87a80b1ac44ece249780a3cf5651a64fc82c35d5eafc88e,egglog,5,ok,0,1033.4431156516075,0,"[""/usr/bin/python3"", ""/home/arjaiswal/Polygeist/scripts/correctness/kernel_match_rewrite.py"", ""/home/arjaiswal/Polygeist/issues/aten_c_kernels/results/aten_angle_real/debuf.mlir"", ""--dry-run"", ""--matcher-mode"", ""egglog"", ""--telemetry-json"", ""/home/arjaiswal/Polygeist/issues/equality_saturation_eval/campaign_20260908/aten-aten_angle_real-egglog-egtafdtx.json"", ""--disable-semantic-fallback""]","== match report for /home/arjaiswal/Polygeist/issues/aten_c_kernels/results/aten_angle_real/debuf.mlir ==
  match          body#[0]  cudnnPointwiseGraph_f32
  total: 1 matched / 1 bodies
",0,[],0,0,0,0,/home/arjaiswal/Polygeist/issues/aten_c_kernels/results/aten_angle_real/debuf.mlir,1917,8,1,1,551.8033616244793,0,65832,0.0,0,0,0,0,"[{""body_indices"": [0], ""symbol"": ""cudnnPointwiseGraph_f32""}]",1,0,0,0.0,56
aten,aten_arange_cpu,/home/arjaiswal/Polygeist/issues/aten_c_kernels/results/aten_arange_cpu/debuf.mlir,69fbc9f4de435708f0ef7d22cda7005817c9b1934499192a27dc1e23801e01b9,egglog,1,ok,0,738.979909569025,0,"[""/usr/bin/python3"", ""/home/arjaiswal/Polygeist/scripts/correctness/kernel_match_rewrite.py"", ""/home/arjaiswal/Polygeist/issues/aten_c_kernels/results/aten_arange_cpu/debuf.mlir"", ""--dry-run"", ""--matcher-mode"", ""egglog"", ""--telemetry-json"", ""/home/arjaiswal/Polygeist/issues/equality_saturation_eval/campaign_20260908/aten-aten_arange_cpu-egglog-g63b5vvj.json"", ""--disable-semantic-fallback""]","== match report for /home/arjaiswal/Polygeist/issues/aten_c_kernels/results/aten_arange_cpu/debuf.mlir ==
  no_match       body#0  ?
  total: 0 matched / 1 bodies
",0,[],0,0,0,0,/home/arjaiswal/Polygeist/issues/aten_c_kernels/results/aten_arange_cpu/debuf.mlir,1840,8,1,0,296.2196134030819,1,64520,0.0,0,0,0,0,[],0,0,0,0.0,4
aten,aten_arange_cpu,/home/arjaiswal/Polygeist/issues/aten_c_kernels/results/aten_arange_cpu/debuf.mlir,69fbc9f4de435708f0ef7d22cda7005817c9b1934499192a27dc1e23801e01b9,syntactic,1,ok,0,756.0644820332527,0,"[""/usr/bin/python3"", ""/home/arjaiswal/Polygeist/scripts/correctness/kernel_match_rewrite.py"", ""/home/arjaiswal/Polygeist/issues/aten_c_kernels/results/aten_arange_cpu/debuf.mlir"", ""--dry-run"", ""--matcher-mode"", ""syntactic"", ""--telemetry-json"", ""/home/arjaiswal/Polygeist/issues/equality_saturation_eval/campaign_20260908/aten-aten_arange_cpu-syntactic-sz_xot9c.json"", ""--disable-semantic-fallback""]","== match report for /home/arjaiswal/Polygeist/issues/aten_c_kernels/results/aten_arange_cpu/debuf.mlir ==
  no_match       body#0  ?
  total: 0 matched / 1 bodies
",0,[],0,0,0,0,/home/arjaiswal/Polygeist/issues/aten_c_kernels/results/aten_arange_cpu/debuf.mlir,1840,0,1,0,289.4827574491501,1,64752,0.015780329704284668,0,0,0,0,[],0,0,4,0.0,4
aten,aten_arange_cpu,/home/arjaiswal/Polygeist/issues/aten_c_kernels/results/aten_arange_cpu/debuf.mlir,69fbc9f4de435708f0ef7d22cda7005817c9b1934499192a27dc1e23801e01b9,syntactic,2,ok,0,783.4351770579815,0,"[""/usr/bin/python3"", ""/home/arjaiswal/Polygeist/scripts/correctness/kernel_match_rewrite.py"", ""/home/arjaiswal/Polygeist/issues/aten_c_kernels/results/aten_arange_cpu/debuf.mlir"", ""--dry-run"", ""--matcher-mode"", ""syntactic"", ""--telemetry-json"", ""/home/arjaiswal/Polygeist/issues/equality_saturation_eval/campaign_20260908/aten-aten_arange_cpu-syntactic-03neh8oa.json"", ""--disable-semantic-fallback""]","== match report for /home/arjaiswal/Polygeist/issues/aten_c_kernels/results/aten_arange_cpu/debuf.mlir ==
  no_match       body#0  ?
  total: 0 matched / 1 bodies
",0,[],0,0,0,0,/home/arjaiswal/Polygeist/issues/aten_c_kernels/results/aten_arange_cpu/debuf.mlir,1840,0,1,0,270.43168991804123,1,64704,0.013735145330429077,0,0,0,0,[],0,0,4,0.0,4
aten,aten_arange_cpu,/home/arjaiswal/Polygeist/issues/aten_c_kernels/results/aten_arange_cpu/debuf.mlir,69fbc9f4de435708f0ef7d22cda7005817c9b1934499192a27dc1e23801e01b9,egglog,2,ok,0,764.0909031033516,0,"[""/usr/bin/python3"", ""/home/arjaiswal/Polygeist/scripts/correctness/kernel_match_rewrite.py"", ""/home/arjaiswal/Polygeist/issues/aten_c_kernels/results/aten_arange_cpu/debuf.mlir"", ""--dry-run"", ""--matcher-mode"", ""egglog"", ""--telemetry-json"", ""/home/arjaiswal/Polygeist/issues/equality_saturation_eval/campaign_20260908/aten-aten_arange_cpu-egglog-wl9_9kq2.json"", ""--disable-semantic-fallback""]","== match report for /home/arjaiswal/Polygeist/issues/aten_c_kernels/results/aten_arange_cpu/debuf.mlir ==
  no_match       body#0  ?
  total: 0 matched / 1 bodies
",0,[],0,0,0,0,/home/arjaiswal/Polygeist/issues/aten_c_kernels/results/aten_arange_cpu/debuf.mlir,1840,8,1,0,302.7520217001438,1,64584,0.0,0,0,0,0,[],0,0,0,0.0,4
aten,aten_arange_cpu,/home/arjaiswal/Polygeist/issues/aten_c_kernels/results/aten_arange_cpu/debuf.mlir,69fbc9f4de435708f0ef7d22cda7005817c9b1934499192a27dc1e23801e01b9,egglog,3,ok,0,740.398071706295,0,"[""/usr/bin/python3"", ""/home/arjaiswal/Polygeist/scripts/correctness/kernel_match_rewrite.py"", ""/home/arjaiswal/Polygeist/issues/aten_c_kernels/results/aten_arange_cpu/debuf.mlir"", ""--dry-run"", ""--matcher-mode"", ""egglog"", ""--telemetry-json"", ""/home/arjaiswal/Polygeist/issues/equality_saturation_eval/campaign_20260908/aten-aten_arange_cpu-egglog-3l4078u4.json"", ""--disable-semantic-fallback""]","== match report for /home/arjaiswal/Polygeist/issues/aten_c_kernels/results/aten_arange_cpu/debuf.mlir ==
  no_match       body#0  ?
  total: 0 matched / 1 bodies
",0,[],0,0,0,0,/home/arjaiswal/Polygeist/issues/aten_c_kernels/results/aten_arange_cpu/debuf.mlir,1840,8,1,0,286.1708365380764,1,64724,0.0,0,0,0,0,[],0,0,0,0.0,4
aten,aten_arange_cpu,/home/arjaiswal/Polygeist/issues/aten_c_kernels/results/aten_arange_cpu/debuf.mlir,69fbc9f4de435708f0ef7d22cda7005817c9b1934499192a27dc1e23801e01b9,syntactic,3,ok,0,721.9435945153236,0,"[""/usr/bin/python3"", ""/home/arjaiswal/Polygeist/scripts/correctness/kernel_match_rewrite.py"", ""/home/arjaiswal/Polygeist/issues/aten_c_kernels/results/aten_arange_cpu/debuf.mlir"", ""--dry-run"", ""--matcher-mode"", ""syntactic"", ""--telemetry-json"", ""/home/arjaiswal/Polygeist/issues/equality_saturation_eval/campaign_20260908/aten-aten_arange_cpu-syntactic-w92m6uqw.json"", ""--disable-semantic-fallback""]","== match report for /home/arjaiswal/Polygeist/issues/aten_c_kernels/results/aten_arange_cpu/debuf.mlir ==
  no_match       body#0  ?
  total: 0 matched / 1 bodies
",0,[],0,0,0,0,/home/arjaiswal/Polygeist/issues/aten_c_kernels/results/aten_arange_cpu/debuf.mlir,1840,0,1,0,280.6445397436619,1,64504,0.016245990991592407,0,0,0,0,[],0,0,4,0.0,4
aten,aten_arange_cpu,/home/arjaiswal/Polygeist/issues/aten_c_kernels/results/aten_arange_cpu/debuf.mlir,69fbc9f4de435708f0ef7d22cda7005817c9b1934499192a27dc1e23801e01b9,syntactic,4,ok,0,745.6120401620865,0,"[""/usr/bin/python3"", ""/home/arjaiswal/Polygeist/scripts/correctness/kernel_match_rewrite.py"", ""/home/arjaiswal/Polygeist/issues/aten_c_kernels/results/aten_arange_cpu/debuf.mlir"", ""--dry-run"", ""--matcher-mode"", ""syntactic"", ""--telemetry-json"", ""/home/arjaiswal/Polygeist/issues/equality_saturation_eval/campaign_20260908/aten-aten_arange_cpu-syntactic-wdiwuhzc.json"", ""--disable-semantic-fallback""]","== match report for /home/arjaiswal/Polygeist/issues/aten_c_kernels/results/aten_arange_cpu/debuf.mlir ==
  no_match       body#0  ?
  total: 0 matched / 1 bodies
",0,[],0,0,0,0,/home/arjaiswal/Polygeist/issues/aten_c_kernels/results/aten_arange_cpu/debuf.mlir,1840,0,1,0,294.2671589553356,1,64724,0.0158846378326416,0,0,0,0,[],0,0,4,0.0,4
aten,aten_arange_cpu,/home/arjaiswal/Polygeist/issues/aten_c_kernels/results/aten_arange_cpu/debuf.mlir,69fbc9f4de435708f0ef7d22cda7005817c9b1934499192a27dc1e23801e01b9,egglog,4,ok,0,774.0157768130302,0,"[""/usr/bin/python3"", ""/home/arjaiswal/Polygeist/scripts/correctness/kernel_match_rewrite.py"", ""/home/arjaiswal/Polygeist/issues/aten_c_kernels/results/aten_arange_cpu/debuf.mlir"", ""--dry-run"", ""--matcher-mode"", ""egglog"", ""--telemetry-json"", ""/home/arjaiswal/Polygeist/issues/equality_saturation_eval/campaign_20260908/aten-aten_arange_cpu-egglog-07gpt74o.json"", ""--disable-semantic-fallback""]","== match report for /home/arjaiswal/Polygeist/issues/aten_c_kernels/results/aten_arange_cpu/debuf.mlir ==
  no_match       body#0  ?
  total: 0 matched / 1 bodies
",0,[],0,0,0,0,/home/arjaiswal/Polygeist/issues/aten_c_kernels/results/aten_arange_cpu/debuf.mlir,1840,8,1,0,292.3542484641075,1,64708,0.0,0,0,0,0,[],0,0,0,0.0,4
aten,aten_arange_cpu,/home/arjaiswal/Polygeist/issues/aten_c_kernels/results/aten_arange_cpu/debuf.mlir,69fbc9f4de435708f0ef7d22cda7005817c9b1934499192a27dc1e23801e01b9,egglog,5,ok,0,735.1978309452534,0,"[""/usr/bin/python3"", ""/home/arjaiswal/Polygeist/scripts/correctness/kernel_match_rewrite.py"", ""/home/arjaiswal/Polygeist/issues/aten_c_kernels/results/aten_arange_cpu/debuf.mlir"", ""--dry-run"", ""--matcher-mode"", ""egglog"", ""--telemetry-json"", ""/home/arjaiswal/Polygeist/issues/equality_saturation_eval/campaign_20260908/aten-aten_arange_cpu-egglog-zz5am_qb.json"", ""--disable-semantic-fallback""]","== match report for /home/arjaiswal/Polygeist/issues/aten_c_kernels/results/aten_arange_cpu/debuf.mlir ==
  no_match       body#0  ?
  total: 0 matched / 1 bodies
",0,[],0,0,0,0,/home/arjaiswal/Polygeist/issues/aten_c_kernels/results/aten_arange_cpu/debuf.mlir,1840,8,1,0,277.6699513196945,1,64636,0.0,0,0,0,0,[],0,0,0,0.0,4
aten,aten_arange_cpu,/home/arjaiswal/Polygeist/issues/aten_c_kernels/results/aten_arange_cpu/debuf.mlir,69fbc9f4de435708f0ef7d22cda7005817c9b1934499192a27dc1e23801e01b9,syntactic,5,ok,0,853.2601892948151,0,"[""/usr/bin/python3"", ""/home/arjaiswal/Polygeist/scripts/correctness/kernel_match_rewrite.py"", ""/home/arjaiswal/Polygeist/issues/aten_c_kernels/results/aten_arange_cpu/debuf.mlir"", ""--dry-run"", ""--matcher-mode"", ""syntactic"", ""--telemetry-json"", ""/home/arjaiswal/Polygeist/issues/equality_saturation_eval/campaign_20260908/aten-aten_arange_cpu-syntactic-0_15wxmh.json"", ""--disable-semantic-fallback""]","== match report for /home/arjaiswal/Polygeist/issues/aten_c_kernels/results/aten_arange_cpu/debuf.mlir ==
  no_match       body#0  ?
  total: 0 matched / 1 bodies
",0,[],0,0,0,0,/home/arjaiswal/Polygeist/issues/aten_c_kernels/results/aten_arange_cpu/debuf.mlir,1840,0,1,0,283.4942676126957,1,64400,0.019758939743041992,0,0,0,0,[],0,0,4,0.0,4
aten,aten_argmax_cpu,/home/arjaiswal/Polygeist/issues/aten_c_kernels/results/aten_argmax_cpu/debuf.mlir,80b9b9990556950ff48e441368faa29c131a365ab23e687ff2cea567a873f837,syntactic,1,ok,0,837.877593934536,0,"[""/usr/bin/python3"", ""/home/arjaiswal/Polygeist/scripts/correctness/kernel_match_rewrite.py"", ""/home/arjaiswal/Polygeist/issues/aten_c_kernels/results/aten_argmax_cpu/debuf.mlir"", ""--dry-run"", ""--matcher-mode"", ""syntactic"", ""--telemetry-json"", ""/home/arjaiswal/Polygeist/issues/equality_saturation_eval/campaign_20260908/aten-aten_argmax_cpu-syntactic-krfofeog.json"", ""--disable-semantic-fallback""]","== match report for /home/arjaiswal/Polygeist/issues/aten_c_kernels/results/aten_argmax_cpu/debuf.mlir ==
  no_match       body#0  ?
  no_match       body#1  ?
  no_match       body#2  ?
  no_match       body#3  ?
  total: 0 matched / 4 bodies
",0,[],0,0,0,0,/home/arjaiswal/Polygeist/issues/aten_c_kernels/results/aten_argmax_cpu/debuf.mlir,3381,0,4,0,309.84801426529884,4,65532,0.015262514352798462,0,2,0,0,[],0,0,4,0.0,4
aten,aten_argmax_cpu,/home/arjaiswal/Polygeist/issues/aten_c_kernels/results/aten_argmax_cpu/debuf.mlir,80b9b9990556950ff48e441368faa29c131a365ab23e687ff2cea567a873f837,egglog,1,ok,0,845.699854195118,0,"[""/usr/bin/python3"", ""/home/arjaiswal/Polygeist/scripts/correctness/kernel_match_rewrite.py"", ""/home/arjaiswal/Polygeist/issues/aten_c_kernels/results/aten_argmax_cpu/debuf.mlir"", ""--dry-run"", ""--matcher-mode"", ""egglog"", ""--telemetry-json"", ""/home/arjaiswal/Polygeist/issues/equality_saturation_eval/campaign_20260908/aten-aten_argmax_cpu-egglog-nyts130v.json"", ""--disable-semantic-fallback""]","== match report for /home/arjaiswal/Polygeist/issues/aten_c_kernels/results/aten_argmax_cpu/debuf.mlir ==
  no_match       body#0  ?
  no_match       body#1  ?
  no_match       body#2  ?
  no_match       body#3  ?
  total: 0 matched / 4 bodies
",0,[],0,0,0,0,/home/arjaiswal/Polygeist/issues/aten_c_kernels/results/aten_argmax_cpu/debuf.mlir,3381,8,4,0,352.7234308421612,4,69464,22.587362676858902,2,2,0,0,[],0,0,0,0.0,4
aten,aten_argmax_cpu,/home/arjaiswal/Polygeist/issues/aten_c_kernels/results/aten_argmax_cpu/debuf.mlir,80b9b9990556950ff48e441368faa29c131a365ab23e687ff2cea567a873f837,egglog,2,ok,0,875.8235424757004,0,"[""/usr/bin/python3"", ""/home/arjaiswal/Polygeist/scripts/correctness/kernel_match_rewrite.py"", ""/home/arjaiswal/Polygeist/issues/aten_c_kernels/results/aten_argmax_cpu/debuf.mlir"", ""--dry-run"", ""--matcher-mode"", ""egglog"", ""--telemetry-json"", ""/home/arjaiswal/Polygeist/issues/equality_saturation_eval/campaign_20260908/aten-aten_argmax_cpu-egglog-38nxk1jy.json"", ""--disable-semantic-fallback""]","== match report for /home/arjaiswal/Polygeist/issues/aten_c_kernels/results/aten_argmax_cpu/debuf.mlir ==
  no_match       body#0  ?
  no_match       body#1  ?
  no_match       body#2  ?
  no_match       body#3  ?
  total: 0 matched / 4 bodies
",0,[],0,0,0,0,/home/arjaiswal/Polygeist/issues/aten_c_kernels/results/aten_argmax_cpu/debuf.mlir,3381,8,4,0,335.06251499056816,4,69456,21.75850048661232,2,2,0,0,[],0,0,0,0.0,4
aten,aten_argmax_cpu,/home/arjaiswal/Polygeist/issues/aten_c_kernels/results/aten_argmax_cpu/debuf.mlir,80b9b9990556950ff48e441368faa29c131a365ab23e687ff2cea567a873f837,syntactic,2,ok,0,790.5154339969158,0,"[""/usr/bin/python3"", ""/home/arjaiswal/Polygeist/scripts/correctness/kernel_match_rewrite.py"", ""/home/arjaiswal/Polygeist/issues/aten_c_kernels/results/aten_argmax_cpu/debuf.mlir"", ""--dry-run"", ""--matcher-mode"", ""syntactic"", ""--telemetry-json"", ""/home/arjaiswal/Polygeist/issues/equality_saturation_eval/campaign_20260908/aten-aten_argmax_cpu-syntactic-cx_l4qbj.json"", ""--disable-semantic-fallback""]","== match report for /home/arjaiswal/Polygeist/issues/aten_c_kernels/results/aten_argmax_cpu/debuf.mlir ==
  no_match       body#0  ?
  no_match       body#1  ?
  no_match       body#2  ?
  no_match       body#3  ?
  total: 0 matched / 4 bodies
",0,[],0,0,0,0,/home/arjaiswal/Polygeist/issues/aten_c_kernels/results/aten_argmax_cpu/debuf.mlir,3381,0,4,0,323.20233434438705,4,65740,0.014994293451309204,0,2,0,0,[],0,0,4,0.0,4
aten,aten_argmax_cpu,/home/arjaiswal/Polygeist/issues/aten_c_kernels/results/aten_argmax_cpu/debuf.mlir,80b9b9990556950ff48e441368faa29c131a365ab23e687ff2cea567a873f837,syntactic,3,ok,0,749.9896474182606,0,"[""/usr/bin/python3"", ""/home/arjaiswal/Polygeist/scripts/correctness/kernel_match_rewrite.py"", ""/home/arjaiswal/Polygeist/issues/aten_c_kernels/results/aten_argmax_cpu/debuf.mlir"", ""--dry-run"", ""--matcher-mode"", ""syntactic"", ""--telemetry-json"", ""/home/arjaiswal/Polygeist/issues/equality_saturation_eval/campaign_20260908/aten-aten_argmax_cpu-syntactic-xkeey_z9.json"", ""--disable-semantic-fallback""]","== match report for /home/arjaiswal/Polygeist/issues/aten_c_kernels/results/aten_argmax_cpu/debuf.mlir ==
  no_match       body#0  ?
  no_match       body#1  ?
  no_match       body#2  ?
  no_match       body#3  ?
  total: 0 matched / 4 bodies
",0,[],0,0,0,0,/home/arjaiswal/Polygeist/issues/aten_c_kernels/results/aten_argmax_cpu/debuf.mlir,3381,0,4,0,285.6580801308155,4,64712,0.015079975128173828,0,2,0,0,[],0,0,4,0.0,4
aten,aten_argmax_cpu,/home/arjaiswal/Polygeist/issues/aten_c_kernels/results/aten_argmax_cpu/debuf.mlir,80b9b9990556950ff48e441368faa29c131a365ab23e687ff2cea567a873f837,egglog,3,ok,0,791.0905182361603,0,"[""/usr/bin/python3"", ""/home/arjaiswal/Polygeist/scripts/correctness/kernel_match_rewrite.py"", ""/home/arjaiswal/Polygeist/issues/aten_c_kernels/results/aten_argmax_cpu/debuf.mlir"", ""--dry-run"", ""--matcher-mode"", ""egglog"", ""--telemetry-json"", ""/home/arjaiswal/Polygeist/issues/equality_saturation_eval/campaign_20260908/aten-aten_argmax_cpu-egglog-jdhpx3fq.json"", ""--disable-semantic-fallback""]","== match report for /home/arjaiswal/Polygeist/issues/aten_c_kernels/results/aten_argmax_cpu/debuf.mlir ==
  no_match       body#0  ?
  no_match       body#1  ?
  no_match       body#2  ?
  no_match       body#3  ?
  total: 0 matched / 4 bodies
",0,[],0,0,0,0,/home/arjaiswal/Polygeist/issues/aten_c_kernels/results/aten_argmax_cpu/debuf.mlir,3381,8,4,0,321.9240680336952,4,69404,21.232157945632935,2,2,0,0,[],0,0,0,0.0,4
aten,aten_argmax_cpu,/home/arjaiswal/Polygeist/issues/aten_c_kernels/results/aten_argmax_cpu/debuf.mlir,80b9b9990556950ff48e441368faa29c131a365ab23e687ff2cea567a873f837,egglog,4,ok,0,1032.3865450918674,0,"[""/usr/bin/python3"", ""/home/arjaiswal/Polygeist/scripts/correctness/kernel_match_rewrite.py"", ""/home/arjaiswal/Polygeist/issues/aten_c_kernels/results/aten_argmax_cpu/debuf.mlir"", ""--dry-run"", ""--matcher-mode"", ""egglog"", ""--telemetry-json"", ""/home/arjaiswal/Polygeist/issues/equality_saturation_eval/campaign_20260908/aten-aten_argmax_cpu-egglog-8kacyj1v.json"", ""--disable-semantic-fallback""]","== match report for /home/arjaiswal/Polygeist/issues/aten_c_kernels/results/aten_argmax_cpu/debuf.mlir ==
  no_match       body#0  ?
  no_match       body#1  ?
  no_match       body#2  ?
  no_match       body#3  ?
  total: 0 matched / 4 bodies
",0,[],0,0,0,0,/home/arjaiswal/Polygeist/issues/aten_c_kernels/results/aten_argmax_cpu/debuf.mlir,3381,8,4,0,431.21086806058884,4,69256,30.24217113852501,2,2,0,0,[],0,0,0,0.0,4
aten,aten_argmax_cpu,/home/arjaiswal/Polygeist/issues/aten_c_kernels/results/aten_argmax_cpu/debuf.mlir,80b9b9990556950ff48e441368faa29c131a365ab23e687ff2cea567a873f837,syntactic,4,ok,0,748.8894648849964,0,"[""/usr/bin/python3"", ""/home/arjaiswal/Polygeist/scripts/correctness/kernel_match_rewrite.py"", ""/home/arjaiswal/Polygeist/issues/aten_c_kernels/results/aten_argmax_cpu/debuf.mlir"", ""--dry-run"", ""--matcher-mode"", ""syntactic"", ""--telemetry-json"", ""/home/arjaiswal/Polygeist/issues/equality_saturation_eval/campaign_20260908/aten-aten_argmax_cpu-syntactic-t4nos5go.json"", ""--disable-semantic-fallback""]","== match report for /home/arjaiswal/Polygeist/issues/aten_c_kernels/results/aten_argmax_cpu/debuf.mlir ==
  no_match       body#0  ?
  no_match       body#1  ?
  no_match       body#2  ?
  no_match       body#3  ?
  total: 0 matched / 4 bodies
",0,[],0,0,0,0,/home/arjaiswal/Polygeist/issues/aten_c_kernels/results/aten_argmax_cpu/debuf.mlir,3381,0,4,0,280.7045057415962,4,65616,0.015173107385635376,0,2,0,0,[],0,0,4,0.0,4
aten,aten_argmax_cpu,/home/arjaiswal/Polygeist/issues/aten_c_kernels/results/aten_argmax_cpu/debuf.mlir,80b9b9990556950ff48e441368faa29c131a365ab23e687ff2cea567a873f837,syntactic,5,ok,0,824.7735053300858,0,"[""/usr/bin/python3"", ""/home/arjaiswal/Polygeist/scripts/correctness/kernel_match_rewrite.py"", ""/home/arjaiswal/Polygeist/issues/aten_c_kernels/results/aten_argmax_cpu/debuf.mlir"", ""--dry-run"", ""--matcher-mode"", ""syntactic"", ""--telemetry-json"", ""/home/arjaiswal/Polygeist/issues/equality_saturation_eval/campaign_20260908/aten-aten_argmax_cpu-syntactic-gpe2jw8s.json"", ""--disable-semantic-fallback""]","== match report for /home/arjaiswal/Polygeist/issues/aten_c_kernels/results/aten_argmax_cpu/debuf.mlir ==
  no_match       body#0  ?
  no_match       body#1  ?
  no_match       body#2  ?
  no_match       body#3  ?
  total: 0 matched / 4 bodies
",0,[],0,0,0,0,/home/arjaiswal/Polygeist/issues/aten_c_kernels/results/aten_argmax_cpu/debuf.mlir,3381,0,4,0,306.8341054022312,4,65764,0.01338869333267212,0,2,0,0,[],0,0,4,0.0,4
aten,aten_argmax_cpu,/home/arjaiswal/Polygeist/issues/aten_c_kernels/results/aten_argmax_cpu/debuf.mlir,80b9b9990556950ff48e441368faa29c131a365ab23e687ff2cea567a873f837,egglog,5,ok,0,836.7692306637764,0,"[""/usr/bin/python3"", ""/home/arjaiswal/Polygeist/scripts/correctness/kernel_match_rewrite.py"", ""/home/arjaiswal/Polygeist/issues/aten_c_kernels/results/aten_argmax_cpu/debuf.mlir"", ""--dry-run"", ""--matcher-mode"", ""egglog"", ""--telemetry-json"", ""/home/arjaiswal/Polygeist/issues/equality_saturation_eval/campaign_20260908/aten-aten_argmax_cpu-egglog-wqn0kgx7.json"", ""--disable-semantic-fallback""]","== match report for /home/arjaiswal/Polygeist/issues/aten_c_kernels/results/aten_argmax_cpu/debuf.mlir ==
  no_match       body#0  ?
  no_match       body#1  ?
  no_match       body#2  ?
  no_match       body#3  ?
  total: 0 matched / 4 bodies
",0,[],0,0,0,0,/home/arjaiswal/Polygeist/issues/aten_c_kernels/results/aten_argmax_cpu/debuf.mlir,3381,8,4,0,366.6541427373886,4,69588,21.619413048028946,2,2,0,0,[],0,0,0,0.0,4
aten,aten_argmin_cpu,/home/arjaiswal/Polygeist/issues/aten_c_kernels/results/aten_argmin_cpu/debuf.mlir,6a3ef90e21dc4d08eec63391f194379f4d7c334dc2a56066259335b9d8cebba8,egglog,1,ok,0,795.311938971281,0,"[""/usr/bin/python3"", ""/home/arjaiswal/Polygeist/scripts/correctness/kernel_match_rewrite.py"", ""/home/arjaiswal/Polygeist/issues/aten_c_kernels/results/aten_argmin_cpu/debuf.mlir"", ""--dry-run"", ""--matcher-mode"", ""egglog"", ""--telemetry-json"", ""/home/arjaiswal/Polygeist/issues/equality_saturation_eval/campaign_20260908/aten-aten_argmin_cpu-egglog-pjxqt_9v.json"", ""--disable-semantic-fallback""]","== match report for /home/arjaiswal/Polygeist/issues/aten_c_kernels/results/aten_argmin_cpu/debuf.mlir ==
  no_match       body#0  ?
  no_match       body#1  ?
  no_match       body#2  ?
  no_match       body#3  ?
  total: 0 matched / 4 bodies
",0,[],0,0,0,0,/home/arjaiswal/Polygeist/issues/aten_c_kernels/results/aten_argmin_cpu/debuf.mlir,3381,8,4,0,306.22153356671333,4,69408,21.896034479141235,2,2,0,0,[],0,0,0,0.0,4
aten,aten_argmin_cpu,/home/arjaiswal/Polygeist/issues/aten_c_kernels/results/aten_argmin_cpu/debuf.mlir,6a3ef90e21dc4d08eec63391f194379f4d7c334dc2a56066259335b9d8cebba8,syntactic,1,ok,0,787.9054918885231,0,"[""/usr/bin/python3"", ""/home/arjaiswal/Polygeist/scripts/correctness/kernel_match_rewrite.py"", ""/home/arjaiswal/Polygeist/issues/aten_c_kernels/results/aten_argmin_cpu/debuf.mlir"", ""--dry-run"", ""--matcher-mode"", ""syntactic"", ""--telemetry-json"", ""/home/arjaiswal/Polygeist/issues/equality_saturation_eval/campaign_20260908/aten-aten_argmin_cpu-syntactic-q9ujhhji.json"", ""--disable-semantic-fallback""]","== match report for /home/arjaiswal/Polygeist/issues/aten_c_kernels/results/aten_argmin_cpu/debuf.mlir ==
  no_match       body#0  ?
  no_match       body#1  ?
  no_match       body#2  ?
  no_match       body#3  ?
  total: 0 matched / 4 bodies
",0,[],0,0,0,0,/home/arjaiswal/Polygeist/issues/aten_c_kernels/results/aten_argmin_cpu/debuf.mlir,3381,0,4,0,303.94917726516724,4,65768,0.016119331121444702,0,2,0,0,[],0,0,4,0.0,4
aten,aten_argmin_cpu,/home/arjaiswal/Polygeist/issues/aten_c_kernels/results/aten_argmin_cpu/debuf.mlir,6a3ef90e21dc4d08eec63391f194379f4d7c334dc2a56066259335b9d8cebba8,syntactic,2,ok,0,768.3314420282841,0,"[""/usr/bin/python3"", ""/home/arjaiswal/Polygeist/scripts/correctness/kernel_match_rewrite.py"", ""/home/arjaiswal/Polygeist/issues/aten_c_kernels/results/aten_argmin_cpu/debuf.mlir"", ""--dry-run"", ""--matcher-mode"", ""syntactic"", ""--telemetry-json"", ""/home/arjaiswal/Polygeist/issues/equality_saturation_eval/campaign_20260908/aten-aten_argmin_cpu-syntactic-ahznkidk.json"", ""--disable-semantic-fallback""]","== match report for /home/arjaiswal/Polygeist/issues/aten_c_kernels/results/aten_argmin_cpu/debuf.mlir ==
  no_match       body#0  ?
  no_match       body#1  ?
  no_match       body#2  ?
  no_match       body#3  ?
  total: 0 matched / 4 bodies
",0,[],0,0,0,0,/home/arjaiswal/Polygeist/issues/aten_c_kernels/results/aten_argmin_cpu/debuf.mlir,3381,0,4,0,305.8527521789074,4,65676,0.014975666999816895,0,2,0,0,[],0,0,4,0.0,4
aten,aten_argmin_cpu,/home/arjaiswal/Polygeist/issues/aten_c_kernels/results/aten_argmin_cpu/debuf.mlir,6a3ef90e21dc4d08eec63391f194379f4d7c334dc2a56066259335b9d8cebba8,egglog,2,ok,0,810.9535835683346,0,"[""/usr/bin/python3"", ""/home/arjaiswal/Polygeist/scripts/correctness/kernel_match_rewrite.py"", ""/home/arjaiswal/Polygeist/issues/aten_c_kernels/results/aten_argmin_cpu/debuf.mlir"", ""--dry-run"", ""--matcher-mode"", ""egglog"", ""--telemetry-json"", ""/home/arjaiswal/Polygeist/issues/equality_saturation_eval/campaign_20260908/aten-aten_argmin_cpu-egglog-91pm_0th.json"", ""--disable-semantic-fallback""]","== match report for /home/arjaiswal/Polygeist/issues/aten_c_kernels/results/aten_argmin_cpu/debuf.mlir ==
  no_match       body#0  ?
  no_match       body#1  ?
  no_match       body#2  ?
  no_match       body#3  ?
  total: 0 matched / 4 bodies
",0,[],0,0,0,0,/home/arjaiswal/Polygeist/issues/aten_c_kernels/results/aten_argmin_cpu/debuf.mlir,3381,8,4,0,310.89185178279877,4,69376,21.54061198234558,2,2,0,0,[],0,0,0,0.0,4
aten,aten_argmin_cpu,/home/arjaiswal/Polygeist/issues/aten_c_kernels/results/aten_argmin_cpu/debuf.mlir,6a3ef90e21dc4d08eec63391f194379f4d7c334dc2a56066259335b9d8cebba8,egglog,3,ok,0,815.2908273041248,0,"[""/usr/bin/python3"", ""/home/arjaiswal/Polygeist/scripts/correctness/kernel_match_rewrite.py"", ""/home/arjaiswal/Polygeist/issues/aten_c_kernels/results/aten_argmin_cpu/debuf.mlir"", ""--dry-run"", ""--matcher-mode"", ""egglog"", ""--telemetry-json"", ""/home/arjaiswal/Polygeist/issues/equality_saturation_eval/campaign_20260908/aten-aten_argmin_cpu-egglog-4lra31_v.json"", ""--disable-semantic-fallback""]","== match report for /home/arjaiswal/Polygeist/issues/aten_c_kernels/results/aten_argmin_cpu/debuf.mlir ==
  no_match       body#0  ?
  no_match       body#1  ?
  no_match       body#2  ?
  no_match       body#3  ?
  total: 0 matched / 4 bodies
",0,[],0,0,0,0,/home/arjaiswal/Polygeist/issues/aten_c_kernels/results/aten_argmin_cpu/debuf.mlir,3381,8,4,0,335.7766829431057,4,69328,26.327934116125107,2,2,0,0,[],0,0,0,0.0,4
aten,aten_argmin_cpu,/home/arjaiswal/Polygeist/issues/aten_c_kernels/results/aten_argmin_cpu/debuf.mlir,6a3ef90e21dc4d08eec63391f194379f4d7c334dc2a56066259335b9d8cebba8,syntactic,3,ok,0,877.2775121033192,0,"[""/usr/bin/python3"", ""/home/arjaiswal/Polygeist/scripts/correctness/kernel_match_rewrite.py"", ""/home/arjaiswal/Polygeist/issues/aten_c_kernels/results/aten_argmin_cpu/debuf.mlir"", ""--dry-run"", ""--matcher-mode"", ""syntactic"", ""--telemetry-json"", ""/home/arjaiswal/Polygeist/issues/equality_saturation_eval/campaign_20260908/aten-aten_argmin_cpu-syntactic-0nzrseqt.json"", ""--disable-semantic-fallback""]","== match report for /home/arjaiswal/Polygeist/issues/aten_c_kernels/results/aten_argmin_cpu/debuf.mlir ==
  no_match       body#0  ?
  no_match       body#1  ?
  no_match       body#2  ?
  no_match       body#3  ?
  total: 0 matched / 4 bodies
",0,[],0,0,0,0,/home/arjaiswal/Polygeist/issues/aten_c_kernels/results/aten_argmin_cpu/debuf.mlir,3381,0,4,0,334.40572395920753,4,65708,0.022314488887786865,0,2,0,0,[],0,0,4,0.0,4
aten,aten_argmin_cpu,/home/arjaiswal/Polygeist/issues/aten_c_kernels/results/aten_argmin_cpu/debuf.mlir,6a3ef90e21dc4d08eec63391f194379f4d7c334dc2a56066259335b9d8cebba8,syntactic,4,ok,0,759.2659406363964,0,"[""/usr/bin/python3"", ""/home/arjaiswal/Polygeist/scripts/correctness/kernel_match_rewrite.py"", ""/home/arjaiswal/Polygeist/issues/aten_c_kernels/results/aten_argmin_cpu/debuf.mlir"", ""--dry-run"", ""--matcher-mode"", ""syntactic"", ""--telemetry-json"", ""/home/arjaiswal/Polygeist/issues/equality_saturation_eval/campaign_20260908/aten-aten_argmin_cpu-syntactic-w8nf6rhz.json"", ""--disable-semantic-fallback""]","== match report for /home/arjaiswal/Polygeist/issues/aten_c_kernels/results/aten_argmin_cpu/debuf.mlir ==
  no_match       body#0  ?
  no_match       body#1  ?
  no_match       body#2  ?
  no_match       body#3  ?
  total: 0 matched / 4 bodies
",0,[],0,0,0,0,/home/arjaiswal/Polygeist/issues/aten_c_kernels/results/aten_argmin_cpu/debuf.mlir,3381,0,4,0,282.99639001488686,4,65752,0.01364201307296753,0,2,0,0,[],0,0,4,0.0,4
aten,aten_argmin_cpu,/home/arjaiswal/Polygeist/issues/aten_c_kernels/results/aten_argmin_cpu/debuf.mlir,6a3ef90e21dc4d08eec63391f194379f4d7c334dc2a56066259335b9d8cebba8,egglog,4,ok,0,822.3215155303478,0,"[""/usr/bin/python3"", ""/home/arjaiswal/Polygeist/scripts/correctness/kernel_match_rewrite.py"", ""/home/arjaiswal/Polygeist/issues/aten_c_kernels/results/aten_argmin_cpu/debuf.mlir"", ""--dry-run"", ""--matcher-mode"", ""egglog"", ""--telemetry-json"", ""/home/arjaiswal/Polygeist/issues/equality_saturation_eval/campaign_20260908/aten-aten_argmin_cpu-egglog-cvg3ntyr.json"", ""--disable-semantic-fallback""]","== match report for /home/arjaiswal/Polygeist/issues/aten_c_kernels/results/aten_argmin_cpu/debuf.mlir ==
  no_match       body#0  ?
  no_match       body#1  ?
  no_match       body#2  ?
  no_match       body#3  ?
  total: 0 matched / 4 bodies
",0,[],0,0,0,0,/home/arjaiswal/Polygeist/issues/aten_c_kernels/results/aten_argmin_cpu/debuf.mlir,3381,8,4,0,361.74145713448524,4,69372,28.21655198931694,2,2,0,0,[],0,0,0,0.0,4
aten,aten_argmin_cpu,/home/arjaiswal/Polygeist/issues/aten_c_kernels/results/aten_argmin_cpu/debuf.mlir,6a3ef90e21dc4d08eec63391f194379f4d7c334dc2a56066259335b9d8cebba8,egglog,5,ok,0,785.7309803366661,0,"[""/usr/bin/python3"", ""/home/arjaiswal/Polygeist/scripts/correctness/kernel_match_rewrite.py"", ""/home/arjaiswal/Polygeist/issues/aten_c_kernels/results/aten_argmin_cpu/debuf.mlir"", ""--dry-run"", ""--matcher-mode"", ""egglog"", ""--telemetry-json"", ""/home/arjaiswal/Polygeist/issues/equality_saturation_eval/campaign_20260908/aten-aten_argmin_cpu-egglog-e68angkx.json"", ""--disable-semantic-fallback""]","== match report for /home/arjaiswal/Polygeist/issues/aten_c_kernels/results/aten_argmin_cpu/debuf.mlir ==
  no_match       body#0  ?
  no_match       body#1  ?
  no_match       body#2  ?
  no_match       body#3  ?
  total: 0 matched / 4 bodies
",0,[],0,0,0,0,/home/arjaiswal/Polygeist/issues/aten_c_kernels/results/aten_argmin_cpu/debuf.mlir,3381,8,4,0,334.67331901192665,4,69328,26.07564628124237,2,2,0,0,[],0,0,0,0.0,4
aten,aten_argmin_cpu,/home/arjaiswal/Polygeist/issues/aten_c_kernels/results/aten_argmin_cpu/debuf.mlir,6a3ef90e21dc4d08eec63391f194379f4d7c334dc2a56066259335b9d8cebba8,syntactic,5,ok,0,841.1370292305946,0,"[""/usr/bin/python3"", ""/home/arjaiswal/Polygeist/scripts/correctness/kernel_match_rewrite.py"", ""/home/arjaiswal/Polygeist/issues/aten_c_kernels/results/aten_argmin_cpu/debuf.mlir"", ""--dry-run"", ""--matcher-mode"", ""syntactic"", ""--telemetry-json"", ""/home/arjaiswal/Polygeist/issues/equality_saturation_eval/campaign_20260908/aten-aten_argmin_cpu-syntactic-gp23rwtd.json"", ""--disable-semantic-fallback""]","== match report for /home/arjaiswal/Polygeist/issues/aten_c_kernels/results/aten_argmin_cpu/debuf.mlir ==
  no_match       body#0  ?
  no_match       body#1  ?
  no_match       body#2  ?
  no_match       body#3  ?
  total: 0 matched / 4 bodies
",0,[],0,0,0,0,/home/arjaiswal/Polygeist/issues/aten_c_kernels/results/aten_argmin_cpu/debuf.mlir,3381,0,4,0,313.8102628290653,4,65576,0.013474375009536743,0,2,0,0,[],0,0,4,0.0,4
aten,aten_as_complex_cpu,/home/arjaiswal/Polygeist/issues/aten_c_kernels/results/aten_as_complex_cpu/debuf.mlir,052009a780718944e5bb0c1251eb7c2ebd91484eaa764fabe67b7fbb0fbee123,syntactic,1,ok,0,991.2935197353363,0,"[""/usr/bin/python3"", ""/home/arjaiswal/Polygeist/scripts/correctness/kernel_match_rewrite.py"", ""/home/arjaiswal/Polygeist/issues/aten_c_kernels/results/aten_as_complex_cpu/debuf.mlir"", ""--dry-run"", ""--matcher-mode"", ""syntactic"", ""--telemetry-json"", ""/home/arjaiswal/Polygeist/issues/equality_saturation_eval/campaign_20260908/aten-aten_as_complex_cpu-syntactic-epoemgei.json"", ""--disable-semantic-fallback""]","== match report for /home/arjaiswal/Polygeist/issues/aten_c_kernels/results/aten_as_complex_cpu/debuf.mlir ==
  match          body#[0]  cudaCopy1D_f32_tensor
  match          body#[1]  cudaCopy1D_f32_tensor
  total: 2 matched / 2 bodies
",0,[],0,0,0,0,/home/arjaiswal/Polygeist/issues/aten_c_kernels/results/aten_as_complex_cpu/debuf.mlir,2928,0,2,2,546.2817475199699,0,65772,0.27904659509658813,0,8,0,0,"[{""body_indices"": [0], ""symbol"": ""cudaCopy1D_f32_tensor""}, {""body_indices"": [1], ""symbol"": ""cudaCopy1D_f32_tensor""}]",2,0,108,0.0,108
aten,aten_as_complex_cpu,/home/arjaiswal/Polygeist/issues/aten_c_kernels/results/aten_as_complex_cpu/debuf.mlir,052009a780718944e5bb0c1251eb7c2ebd91484eaa764fabe67b7fbb0fbee123,egglog,1,ok,0,1137.2687630355358,0,"[""/usr/bin/python3"", ""/home/arjaiswal/Polygeist/scripts/correctness/kernel_match_rewrite.py"", ""/home/arjaiswal/Polygeist/issues/aten_c_kernels/results/aten_as_complex_cpu/debuf.mlir"", ""--dry-run"", ""--matcher-mode"", ""egglog"", ""--telemetry-json"", ""/home/arjaiswal/Polygeist/issues/equality_saturation_eval/campaign_20260908/aten-aten_as_complex_cpu-egglog-1dmr4xc1.json"", ""--disable-semantic-fallback""]","== match report for /home/arjaiswal/Polygeist/issues/aten_c_kernels/results/aten_as_complex_cpu/debuf.mlir ==
  match          body#[0]  cudaCopy1D_f32_tensor
  match          body#[1]  cudaCopy1D_f32_tensor
  total: 2 matched / 2 bodies
",0,[],0,0,0,0,/home/arjaiswal/Polygeist/issues/aten_c_kernels/results/aten_as_complex_cpu/debuf.mlir,2928,8,2,2,673.7099587917328,0,70232,106.07480630278587,8,8,0,0,"[{""body_indices"": [0], ""symbol"": ""cudaCopy1D_f32_tensor""}, {""body_indices"": [1], ""symbol"": ""cudaCopy1D_f32_tensor""}]",2,0,0,0.0,108
aten,aten_as_complex_cpu,/home/arjaiswal/Polygeist/issues/aten_c_kernels/results/aten_as_complex_cpu/debuf.mlir,052009a780718944e5bb0c1251eb7c2ebd91484eaa764fabe67b7fbb0fbee123,egglog,2,ok,0,1183.1067316234112,0,"[""/usr/bin/python3"", ""/home/arjaiswal/Polygeist/scripts/correctness/kernel_match_rewrite.py"", ""/home/arjaiswal/Polygeist/issues/aten_c_kernels/results/aten_as_complex_cpu/debuf.mlir"", ""--dry-run"", ""--matcher-mode"", ""egglog"", ""--telemetry-json"", ""/home/arjaiswal/Polygeist/issues/equality_saturation_eval/campaign_20260908/aten-aten_as_complex_cpu-egglog-lcn8sfp5.json"", ""--disable-semantic-fallback""]","== match report for /home/arjaiswal/Polygeist/issues/aten_c_kernels/results/aten_as_complex_cpu/debuf.mlir ==
  match          body#[0]  cudaCopy1D_f32_tensor
  match          body#[1]  cudaCopy1D_f32_tensor
  total: 2 matched / 2 bodies
",0,[],0,0,0,0,/home/arjaiswal/Polygeist/issues/aten_c_kernels/results/aten_as_complex_cpu/debuf.mlir,2928,8,2,2,621.9441667199135,0,70184,85.80369129776955,8,8,0,0,"[{""body_indices"": [0], ""symbol"": ""cudaCopy1D_f32_tensor""}, {""body_indices"": [1], ""symbol"": ""cudaCopy1D_f32_tensor""}]",2,0,0,0.0,108
aten,aten_as_complex_cpu,/home/arjaiswal/Polygeist/issues/aten_c_kernels/results/aten_as_complex_cpu/debuf.mlir,052009a780718944e5bb0c1251eb7c2ebd91484eaa764fabe67b7fbb0fbee123,syntactic,2,ok,0,1098.419465124607,0,"[""/usr/bin/python3"", ""/home/arjaiswal/Polygeist/scripts/correctness/kernel_match_rewrite.py"", ""/home/arjaiswal/Polygeist/issues/aten_c_kernels/results/aten_as_complex_cpu/debuf.mlir"", ""--dry-run"", ""--matcher-mode"", ""syntactic"", ""--telemetry-json"", ""/home/arjaiswal/Polygeist/issues/equality_saturation_eval/campaign_20260908/aten-aten_as_complex_cpu-syntactic-_3ea_yht.json"", ""--disable-semantic-fallback""]","== match report for /home/arjaiswal/Polygeist/issues/aten_c_kernels/results/aten_as_complex_cpu/debuf.mlir ==
  match          body#[0]  cudaCopy1D_f32_tensor
  match          body#[1]  cudaCopy1D_f32_tensor
  total: 2 matched / 2 bodies
",0,[],0,0,0,0,/home/arjaiswal/Polygeist/issues/aten_c_kernels/results/aten_as_complex_cpu/debuf.mlir,2928,0,2,2,567.3856474459171,0,65736,0.30253082513809204,0,8,0,0,"[{""body_indices"": [0], ""symbol"": ""cudaCopy1D_f32_tensor""}, {""body_indices"": [1], ""symbol"": ""cudaCopy1D_f32_tensor""}]",2,0,108,0.0,108
aten,aten_as_complex_cpu,/home/arjaiswal/Polygeist/issues/aten_c_kernels/results/aten_as_complex_cpu/debuf.mlir,052009a780718944e5bb0c1251eb7c2ebd91484eaa764fabe67b7fbb0fbee123,syntactic,3,ok,0,995.3090734779835,0,"[""/usr/bin/python3"", ""/home/arjaiswal/Polygeist/scripts/correctness/kernel_match_rewrite.py"", ""/home/arjaiswal/Polygeist/issues/aten_c_kernels/results/aten_as_complex_cpu/debuf.mlir"", ""--dry-run"", ""--matcher-mode"", ""syntactic"", ""--telemetry-json"", ""/home/arjaiswal/Polygeist/issues/equality_saturation_eval/campaign_20260908/aten-aten_as_complex_cpu-syntactic-0fl0308k.json"", ""--disable-semantic-fallback""]","== match report for /home/arjaiswal/Polygeist/issues/aten_c_kernels/results/aten_as_complex_cpu/debuf.mlir ==
  match          body#[0]  cudaCopy1D_f32_tensor
  match          body#[1]  cudaCopy1D_f32_tensor
  total: 2 matched / 2 bodies
",0,[],0,0,0,0,/home/arjaiswal/Polygeist/issues/aten_c_kernels/results/aten_as_complex_cpu/debuf.mlir,2928,0,2,2,503.23470309376717,0,66084,0.262383371591568,0,8,0,0,"[{""body_indices"": [0], ""symbol"": ""cudaCopy1D_f32_tensor""}, {""body_indices"": [1], ""symbol"": ""cudaCopy1D_f32_tensor""}]",2,0,108,0.0,108
aten,aten_as_complex_cpu,/home/arjaiswal/Polygeist/issues/aten_c_kernels/results/aten_as_complex_cpu/debuf.mlir,052009a780718944e5bb0c1251eb7c2ebd91484eaa764fabe67b7fbb0fbee123,egglog,3,ok,0,1141.4514034986496,0,"[""/usr/bin/python3"", ""/home/arjaiswal/Polygeist/scripts/correctness/kernel_match_rewrite.py"", ""/home/arjaiswal/Polygeist/issues/aten_c_kernels/results/aten_as_complex_cpu/debuf.mlir"", ""--dry-run"", ""--matcher-mode"", ""egglog"", ""--telemetry-json"", ""/home/arjaiswal/Polygeist/issues/equality_saturation_eval/campaign_20260908/aten-aten_as_complex_cpu-egglog-mrepvp4b.json"", ""--disable-semantic-fallback""]","== match report for /home/arjaiswal/Polygeist/issues/aten_c_kernels/results/aten_as_complex_cpu/debuf.mlir ==
  match          body#[0]  cudaCopy1D_f32_tensor
  match          body#[1]  cudaCopy1D_f32_tensor
  total: 2 matched / 2 bodies
",0,[],0,0,0,0,/home/arjaiswal/Polygeist/issues/aten_c_kernels/results/aten_as_complex_cpu/debuf.mlir,2928,8,2,2,675.4840388894081,0,69788,94.85720098018646,8,8,0,0,"[{""body_indices"": [0], ""symbol"": ""cudaCopy1D_f32_tensor""}, {""body_indices"": [1], ""symbol"": ""cudaCopy1D_f32_tensor""}]",2,0,0,0.0,108
aten,aten_as_complex_cpu,/home/arjaiswal/Polygeist/issues/aten_c_kernels/results/aten_as_complex_cpu/debuf.mlir,052009a780718944e5bb0c1251eb7c2ebd91484eaa764fabe67b7fbb0fbee123,egglog,4,ok,0,1072.9440934956074,0,"[""/usr/bin/python3"", ""/home/arjaiswal/Polygeist/scripts/correctness/kernel_match_rewrite.py"", ""/home/arjaiswal/Polygeist/issues/aten_c_kernels/results/aten_as_complex_cpu/debuf.mlir"", ""--dry-run"", ""--matcher-mode"", ""egglog"", ""--telemetry-json"", ""/home/arjaiswal/Polygeist/issues/equality_saturation_eval/campaign_20260908/aten-aten_as_complex_cpu-egglog-9y3vrc2c.json"", ""--disable-semantic-fallback""]","== match report for /home/arjaiswal/Polygeist/issues/aten_c_kernels/results/aten_as_complex_cpu/debuf.mlir ==
  match          body#[0]  cudaCopy1D_f32_tensor
  match          body#[1]  cudaCopy1D_f32_tensor
  total: 2 matched / 2 bodies
",0,[],0,0,0,0,/home/arjaiswal/Polygeist/issues/aten_c_kernels/results/aten_as_complex_cpu/debuf.mlir,2928,8,2,2,607.6360233128071,0,70012,85.89430898427963,8,8,0,0,"[{""body_indices"": [0], ""symbol"": ""cudaCopy1D_f32_tensor""}, {""body_indices"": [1], ""symbol"": ""cudaCopy1D_f32_tensor""}]",2,0,0,0.0,108
aten,aten_as_complex_cpu,/home/arjaiswal/Polygeist/issues/aten_c_kernels/results/aten_as_complex_cpu/debuf.mlir,052009a780718944e5bb0c1251eb7c2ebd91484eaa764fabe67b7fbb0fbee123,syntactic,4,ok,0,1058.762799948454,0,"[""/usr/bin/python3"", ""/home/arjaiswal/Polygeist/scripts/correctness/kernel_match_rewrite.py"", ""/home/arjaiswal/Polygeist/issues/aten_c_kernels/results/aten_as_complex_cpu/debuf.mlir"", ""--dry-run"", ""--matcher-mode"", ""syntactic"", ""--telemetry-json"", ""/home/arjaiswal/Polygeist/issues/equality_saturation_eval/campaign_20260908/aten-aten_as_complex_cpu-syntactic-2mrw6bc_.json"", ""--disable-semantic-fallback""]","== match report for /home/arjaiswal/Polygeist/issues/aten_c_kernels/results/aten_as_complex_cpu/debuf.mlir ==
  match          body#[0]  cudaCopy1D_f32_tensor
  match          body#[1]  cudaCopy1D_f32_tensor
  total: 2 matched / 2 bodies
",0,[],0,0,0,0,/home/arjaiswal/Polygeist/issues/aten_c_kernels/results/aten_as_complex_cpu/debuf.mlir,2928,0,2,2,580.5360861122608,0,66068,0.2956502139568329,0,8,0,0,"[{""body_indices"": [0], ""symbol"": ""cudaCopy1D_f32_tensor""}, {""body_indices"": [1], ""symbol"": ""cudaCopy1D_f32_tensor""}]",2,0,108,0.0,108
aten,aten_as_complex_cpu,/home/arjaiswal/Polygeist/issues/aten_c_kernels/results/aten_as_complex_cpu/debuf.mlir,052009a780718944e5bb0c1251eb7c2ebd91484eaa764fabe67b7fbb0fbee123,syntactic,5,ok,0,1077.7391605079174,0,"[""/usr/bin/python3"", ""/home/arjaiswal/Polygeist/scripts/correctness/kernel_match_rewrite.py"", ""/home/arjaiswal/Polygeist/issues/aten_c_kernels/results/aten_as_complex_cpu/debuf.mlir"", ""--dry-run"", ""--matcher-mode"", ""syntactic"", ""--telemetry-json"", ""/home/arjaiswal/Polygeist/issues/equality_saturation_eval/campaign_20260908/aten-aten_as_complex_cpu-syntactic-p8owx_4q.json"", ""--disable-semantic-fallback""]","== match report for /home/arjaiswal/Polygeist/issues/aten_c_kernels/results/aten_as_complex_cpu/debuf.mlir ==
  match          body#[0]  cudaCopy1D_f32_tensor
  match          body#[1]  cudaCopy1D_f32_tensor
  total: 2 matched / 2 bodies
",0,[],0,0,0,0,/home/arjaiswal/Polygeist/issues/aten_c_kernels/results/aten_as_complex_cpu/debuf.mlir,2928,0,2,2,539.0878543257713,0,65844,0.2654455602169037,0,8,0,0,"[{""body_indices"": [0], ""symbol"": ""cudaCopy1D_f32_tensor""}, {""body_indices"": [1], ""symbol"": ""cudaCopy1D_f32_tensor""}]",2,0,108,0.0,108
aten,aten_as_complex_cpu,/home/arjaiswal/Polygeist/issues/aten_c_kernels/results/aten_as_complex_cpu/debuf.mlir,052009a780718944e5bb0c1251eb7c2ebd91484eaa764fabe67b7fbb0fbee123,egglog,5,ok,0,1073.2082575559616,0,"[""/usr/bin/python3"", ""/home/arjaiswal/Polygeist/scripts/correctness/kernel_match_rewrite.py"", ""/home/arjaiswal/Polygeist/issues/aten_c_kernels/results/aten_as_complex_cpu/debuf.mlir"", ""--dry-run"", ""--matcher-mode"", ""egglog"", ""--telemetry-json"", ""/home/arjaiswal/Polygeist/issues/equality_saturation_eval/campaign_20260908/aten-aten_as_complex_cpu-egglog-9fvjanvj.json"", ""--disable-semantic-fallback""]","== match report for /home/arjaiswal/Polygeist/issues/aten_c_kernels/results/aten_as_complex_cpu/debuf.mlir ==
  match          body#[0]  cudaCopy1D_f32_tensor
  match          body#[1]  cudaCopy1D_f32_tensor
  total: 2 matched / 2 bodies
",0,[],0,0,0,0,/home/arjaiswal/Polygeist/issues/aten_c_kernels/results/aten_as_complex_cpu/debuf.mlir,2928,8,2,2,609.5132157206535,0,70060,86.94005385041237,8,8,0,0,"[{""body_indices"": [0], ""symbol"": ""cudaCopy1D_f32_tensor""}, {""body_indices"": [1], ""symbol"": ""cudaCopy1D_f32_tensor""}]",2,0,0,0.0,108
aten,aten_asin,/home/arjaiswal/Polygeist/issues/aten_c_kernels/results/aten_asin/debuf.mlir,f9c7190bb500b4dc00716d7506a297dd656bf80ccf7eb332746cb45ae9285980,egglog,1,ok,0,758.9532360434532,0,"[""/usr/bin/python3"", ""/home/arjaiswal/Polygeist/scripts/correctness/kernel_match_rewrite.py"", ""/home/arjaiswal/Polygeist/issues/aten_c_kernels/results/aten_asin/debuf.mlir"", ""--dry-run"", ""--matcher-mode"", ""egglog"", ""--telemetry-json"", ""/home/arjaiswal/Polygeist/issues/equality_saturation_eval/campaign_20260908/aten-aten_asin-egglog-7m2bxxmh.json"", ""--disable-semantic-fallback""]","== match report for /home/arjaiswal/Polygeist/issues/aten_c_kernels/results/aten_asin/debuf.mlir ==
  match          body#[0]  cutensorUnary_asin_f32
  total: 1 matched / 1 bodies
",0,[],0,0,0,0,/home/arjaiswal/Polygeist/issues/aten_c_kernels/results/aten_asin/debuf.mlir,1886,8,1,1,318.3649815618992,0,69464,21.951619535684586,2,2,0,0,"[{""body_indices"": [0], ""symbol"": ""cutensorUnary_asin_f32""}]",1,0,0,0.0,6
aten,aten_asin,/home/arjaiswal/Polygeist/issues/aten_c_kernels/results/aten_asin/debuf.mlir,f9c7190bb500b4dc00716d7506a297dd656bf80ccf7eb332746cb45ae9285980,syntactic,1,ok,0,765.8939473330975,0,"[""/usr/bin/python3"", ""/home/arjaiswal/Polygeist/scripts/correctness/kernel_match_rewrite.py"", ""/home/arjaiswal/Polygeist/issues/aten_c_kernels/results/aten_asin/debuf.mlir"", ""--dry-run"", ""--matcher-mode"", ""syntactic"", ""--telemetry-json"", ""/home/arjaiswal/Polygeist/issues/equality_saturation_eval/campaign_20260908/aten-aten_asin-syntactic-2vm9gh4c.json"", ""--disable-semantic-fallback""]","== match report for /home/arjaiswal/Polygeist/issues/aten_c_kernels/results/aten_asin/debuf.mlir ==
  match          body#[0]  cutensorUnary_asin_f32
  total: 1 matched / 1 bodies
",0,[],0,0,0,0,/home/arjaiswal/Polygeist/issues/aten_c_kernels/results/aten_asin/debuf.mlir,1886,0,1,1,306.6716566681862,0,64636,0.04930421710014343,0,2,0,0,"[{""body_indices"": [0], ""symbol"": ""cutensorUnary_asin_f32""}]",1,0,6,0.0,6
aten,aten_asin,/home/arjaiswal/Polygeist/issues/aten_c_kernels/results/aten_asin/debuf.mlir,f9c7190bb500b4dc00716d7506a297dd656bf80ccf7eb332746cb45ae9285980,syntactic,2,ok,0,793.4555783867836,0,"[""/usr/bin/python3"", ""/home/arjaiswal/Polygeist/scripts/correctness/kernel_match_rewrite.py"", ""/home/arjaiswal/Polygeist/issues/aten_c_kernels/results/aten_asin/debuf.mlir"", ""--dry-run"", ""--matcher-mode"", ""syntactic"", ""--telemetry-json"", ""/home/arjaiswal/Polygeist/issues/equality_saturation_eval/campaign_20260908/aten-aten_asin-syntactic-y6gr9ptg.json"", ""--disable-semantic-fallback""]","== match report for /home/arjaiswal/Polygeist/issues/aten_c_kernels/results/aten_asin/debuf.mlir ==
  match          body#[0]  cutensorUnary_asin_f32
  total: 1 matched / 1 bodies
",0,[],0,0,0,0,/home/arjaiswal/Polygeist/issues/aten_c_kernels/results/aten_asin/debuf.mlir,1886,0,1,1,320.095032453537,0,64740,0.05470588803291321,0,2,0,0,"[{""body_indices"": [0], ""symbol"": ""cutensorUnary_asin_f32""}]",1,0,6,0.0,6
aten,aten_asin,/home/arjaiswal/Polygeist/issues/aten_c_kernels/results/aten_asin/debuf.mlir,f9c7190bb500b4dc00716d7506a297dd656bf80ccf7eb332746cb45ae9285980,egglog,2,ok,0,824.6954046189785,0,"[""/usr/bin/python3"", ""/home/arjaiswal/Polygeist/scripts/correctness/kernel_match_rewrite.py"", ""/home/arjaiswal/Polygeist/issues/aten_c_kernels/results/aten_asin/debuf.mlir"", ""--dry-run"", ""--matcher-mode"", ""egglog"", ""--telemetry-json"", ""/home/arjaiswal/Polygeist/issues/equality_saturation_eval/campaign_20260908/aten-aten_asin-egglog-631nutxo.json"", ""--disable-semantic-fallback""]","== match report for /home/arjaiswal/Polygeist/issues/aten_c_kernels/results/aten_asin/debuf.mlir ==
  match          body#[0]  cutensorUnary_asin_f32
  total: 1 matched / 1 bodies
",0,[],0,0,0,0,/home/arjaiswal/Polygeist/issues/aten_c_kernels/results/aten_asin/debuf.mlir,1886,8,1,1,337.7121575176716,0,69192,21.51433378458023,2,2,0,0,"[{""body_indices"": [0], ""symbol"": ""cutensorUnary_asin_f32""}]",1,0,0,0.0,6
aten,aten_asin,/home/arjaiswal/Polygeist/issues/aten_c_kernels/results/aten_asin/debuf.mlir,f9c7190bb500b4dc00716d7506a297dd656bf80ccf7eb332746cb45ae9285980,egglog,3,ok,0,799.5096705853939,0,"[""/usr/bin/python3"", ""/home/arjaiswal/Polygeist/scripts/correctness/kernel_match_rewrite.py"", ""/home/arjaiswal/Polygeist/issues/aten_c_kernels/results/aten_asin/debuf.mlir"", ""--dry-run"", ""--matcher-mode"", ""egglog"", ""--telemetry-json"", ""/home/arjaiswal/Polygeist/issues/equality_saturation_eval/campaign_20260908/aten-aten_asin-egglog-pc4m51kx.json"", ""--disable-semantic-fallback""]","== match report for /home/arjaiswal/Polygeist/issues/aten_c_kernels/results/aten_asin/debuf.mlir ==
  match          body#[0]  cutensorUnary_asin_f32
  total: 1 matched / 1 bodies
",0,[],0,0,0,0,/home/arjaiswal/Polygeist/issues/aten_c_kernels/results/aten_asin/debuf.mlir,1886,8,1,1,308.51278454065323,0,69360,28.1953327357769,2,2,0,0,"[{""body_indices"": [0], ""symbol"": ""cutensorUnary_asin_f32""}]",1,0,0,0.0,6
aten,aten_asin,/home/arjaiswal/Polygeist/issues/aten_c_kernels/results/aten_asin/debuf.mlir,f9c7190bb500b4dc00716d7506a297dd656bf80ccf7eb332746cb45ae9285980,syntactic,3,ok,0,712.6803882420063,0,"[""/usr/bin/python3"", ""/home/arjaiswal/Polygeist/scripts/correctness/kernel_match_rewrite.py"", ""/home/arjaiswal/Polygeist/issues/aten_c_kernels/results/aten_asin/debuf.mlir"", ""--dry-run"", ""--matcher-mode"", ""syntactic"", ""--telemetry-json"", ""/home/arjaiswal/Polygeist/issues/equality_saturation_eval/campaign_20260908/aten-aten_asin-syntactic-h44ehkq2.json"", ""--disable-semantic-fallback""]","== match report for /home/arjaiswal/Polygeist/issues/aten_c_kernels/results/aten_asin/debuf.mlir ==
  match          body#[0]  cutensorUnary_asin_f32
  total: 1 matched / 1 bodies
",0,[],0,0,0,0,/home/arjaiswal/Polygeist/issues/aten_c_kernels/results/aten_asin/debuf.mlir,1886,0,1,1,272.9900851845741,0,64964,0.03740191459655762,0,2,0,0,"[{""body_indices"": [0], ""symbol"": ""cutensorUnary_asin_f32""}]",1,0,6,0.0,6
aten,aten_asin,/home/arjaiswal/Polygeist/issues/aten_c_kernels/results/aten_asin/debuf.mlir,f9c7190bb500b4dc00716d7506a297dd656bf80ccf7eb332746cb45ae9285980,syntactic,4,ok,0,736.784502863884,0,"[""/usr/bin/python3"", ""/home/arjaiswal/Polygeist/scripts/correctness/kernel_match_rewrite.py"", ""/home/arjaiswal/Polygeist/issues/aten_c_kernels/results/aten_asin/debuf.mlir"", ""--dry-run"", ""--matcher-mode"", ""syntactic"", ""--telemetry-json"", ""/home/arjaiswal/Polygeist/issues/equality_saturation_eval/campaign_20260908/aten-aten_asin-syntactic-0c8ps_n8.json"", ""--disable-semantic-fallback""]","== match report for /home/arjaiswal/Polygeist/issues/aten_c_kernels/results/aten_asin/debuf.mlir ==
  match          body#[0]  cutensorUnary_asin_f32
  total: 1 matched / 1 bodies
",0,[],0,0,0,0,/home/arjaiswal/Polygeist/issues/aten_c_kernels/results/aten_asin/debuf.mlir,1886,0,1,1,275.95535665750504,0,64768,0.04751235246658325,0,2,0,0,"[{""body_indices"": [0], ""symbol"": ""cutensorUnary_asin_f32""}]",1,0,6,0.0,6
aten,aten_asin,/home/arjaiswal/Polygeist/issues/aten_c_kernels/results/aten_asin/debuf.mlir,f9c7190bb500b4dc00716d7506a297dd656bf80ccf7eb332746cb45ae9285980,egglog,4,ok,0,790.5678078532219,0,"[""/usr/bin/python3"", ""/home/arjaiswal/Polygeist/scripts/correctness/kernel_match_rewrite.py"", ""/home/arjaiswal/Polygeist/issues/aten_c_kernels/results/aten_asin/debuf.mlir"", ""--dry-run"", ""--matcher-mode"", ""egglog"", ""--telemetry-json"", ""/home/arjaiswal/Polygeist/issues/equality_saturation_eval/campaign_20260908/aten-aten_asin-egglog-_dlqakyo.json"", ""--disable-semantic-fallback""]","== match report for /home/arjaiswal/Polygeist/issues/aten_c_kernels/results/aten_asin/debuf.mlir ==
  match          body#[0]  cutensorUnary_asin_f32
  total: 1 matched / 1 bodies
",0,[],0,0,0,0,/home/arjaiswal/Polygeist/issues/aten_c_kernels/results/aten_asin/debuf.mlir,1886,8,1,1,331.0083895921707,0,69312,20.891733467578888,2,2,0,0,"[{""body_indices"": [0], ""symbol"": ""cutensorUnary_asin_f32""}]",1,0,0,0.0,6
aten,aten_asin,/home/arjaiswal/Polygeist/issues/aten_c_kernels/results/aten_asin/debuf.mlir,f9c7190bb500b4dc00716d7506a297dd656bf80ccf7eb332746cb45ae9285980,egglog,5,ok,0,793.2618744671345,0,"[""/usr/bin/python3"", ""/home/arjaiswal/Polygeist/scripts/correctness/kernel_match_rewrite.py"", ""/home/arjaiswal/Polygeist/issues/aten_c_kernels/results/aten_asin/debuf.mlir"", ""--dry-run"", ""--matcher-mode"", ""egglog"", ""--telemetry-json"", ""/home/arjaiswal/Polygeist/issues/equality_saturation_eval/campaign_20260908/aten-aten_asin-egglog-wwtm3ski.json"", ""--disable-semantic-fallback""]","== match report for /home/arjaiswal/Polygeist/issues/aten_c_kernels/results/aten_asin/debuf.mlir ==
  match          body#[0]  cutensorUnary_asin_f32
  total: 1 matched / 1 bodies
",0,[],0,0,0,0,/home/arjaiswal/Polygeist/issues/aten_c_kernels/results/aten_asin/debuf.mlir,1886,8,1,1,320.6764757633209,0,69356,21.410472691059113,2,2,0,0,"[{""body_indices"": [0], ""symbol"": ""cutensorUnary_asin_f32""}]",1,0,0,0.0,6
aten,aten_asin,/home/arjaiswal/Polygeist/issues/aten_c_kernels/results/aten_asin/debuf.mlir,f9c7190bb500b4dc00716d7506a297dd656bf80ccf7eb332746cb45ae9285980,syntactic,5,ok,0,773.7456671893597,0,"[""/usr/bin/python3"", ""/home/arjaiswal/Polygeist/scripts/correctness/kernel_match_rewrite.py"", ""/home/arjaiswal/Polygeist/issues/aten_c_kernels/results/aten_asin/debuf.mlir"", ""--dry-run"", ""--matcher-mode"", ""syntactic"", ""--telemetry-json"", ""/home/arjaiswal/Polygeist/issues/equality_saturation_eval/campaign_20260908/aten-aten_asin-syntactic-c1mpgz7s.json"", ""--disable-semantic-fallback""]","== match report for /home/arjaiswal/Polygeist/issues/aten_c_kernels/results/aten_asin/debuf.mlir ==
  match          body#[0]  cutensorUnary_asin_f32
  total: 1 matched / 1 bodies
",0,[],0,0,0,0,/home/arjaiswal/Polygeist/issues/aten_c_kernels/results/aten_asin/debuf.mlir,1886,0,1,1,297.20471426844597,0,64876,0.05390867590904236,0,2,0,0,"[{""body_indices"": [0], ""symbol"": ""cutensorUnary_asin_f32""}]",1,0,6,0.0,6
aten,aten_asinh,/home/arjaiswal/Polygeist/issues/aten_c_kernels/results/aten_asinh/debuf.mlir,4c91f893240070e1c8972f400c66a7b337902fa4c1bf49c9dc267b8a976cc077,syntactic,1,ok,0,784.0773686766624,0,"[""/usr/bin/python3"", ""/home/arjaiswal/Polygeist/scripts/correctness/kernel_match_rewrite.py"", ""/home/arjaiswal/Polygeist/issues/aten_c_kernels/results/aten_asinh/debuf.mlir"", ""--dry-run"", ""--matcher-mode"", ""syntactic"", ""--telemetry-json"", ""/home/arjaiswal/Polygeist/issues/equality_saturation_eval/campaign_20260908/aten-aten_asinh-syntactic-6pen70gm.json"", ""--disable-semantic-fallback""]","== match report for /home/arjaiswal/Polygeist/issues/aten_c_kernels/results/aten_asinh/debuf.mlir ==
  match          body#[0]  cutensorUnary_asinh_f32
  total: 1 matched / 1 bodies
",0,[],0,0,0,0,/home/arjaiswal/Polygeist/issues/aten_c_kernels/results/aten_asinh/debuf.mlir,1889,0,1,1,300.9529076516628,0,64500,0.049561262130737305,0,2,0,0,"[{""body_indices"": [0], ""symbol"": ""cutensorUnary_asinh_f32""}]",1,0,8,0.0,8
aten,aten_asinh,/home/arjaiswal/Polygeist/issues/aten_c_kernels/results/aten_asinh/debuf.mlir,4c91f893240070e1c8972f400c66a7b337902fa4c1bf49c9dc267b8a976cc077,egglog,1,ok,0,794.7074994444847,0,"[""/usr/bin/python3"", ""/home/arjaiswal/Polygeist/scripts/correctness/kernel_match_rewrite.py"", ""/home/arjaiswal/Polygeist/issues/aten_c_kernels/results/aten_asinh/debuf.mlir"", ""--dry-run"", ""--matcher-mode"", ""egglog"", ""--telemetry-json"", ""/home/arjaiswal/Polygeist/issues/equality_saturation_eval/campaign_20260908/aten-aten_asinh-egglog-ods9qnyn.json"", ""--disable-semantic-fallback""]","== match report for /home/arjaiswal/Polygeist/issues/aten_c_kernels/results/aten_asinh/debuf.mlir ==
  match          body#[0]  cutensorUnary_asinh_f32
  total: 1 matched / 1 bodies
",0,[],0,0,0,0,/home/arjaiswal/Polygeist/issues/aten_c_kernels/results/aten_asinh/debuf.mlir,1889,8,1,1,321.0965022444725,0,69380,21.93402498960495,2,2,0,0,"[{""body_indices"": [0], ""symbol"": ""cutensorUnary_asinh_f32""}]",1,0,0,0.0,8
aten,aten_asinh,/home/arjaiswal/Polygeist/issues/aten_c_kernels/results/aten_asinh/debuf.mlir,4c91f893240070e1c8972f400c66a7b337902fa4c1bf49c9dc267b8a976cc077,egglog,2,ok,0,763.023067265749,0,"[""/usr/bin/python3"", ""/home/arjaiswal/Polygeist/scripts/correctness/kernel_match_rewrite.py"", ""/home/arjaiswal/Polygeist/issues/aten_c_kernels/results/aten_asinh/debuf.mlir"", ""--dry-run"", ""--matcher-mode"", ""egglog"", ""--telemetry-json"", ""/home/arjaiswal/Polygeist/issues/equality_saturation_eval/campaign_20260908/aten-aten_asinh-egglog-ia8tgbp1.json"", ""--disable-semantic-fallback""]","== match report for /home/arjaiswal/Polygeist/issues/aten_c_kernels/results/aten_asinh/debuf.mlir ==
  match          body#[0]  cutensorUnary_asinh_f32
  total: 1 matched / 1 bodies
",0,[],0,0,0,0,/home/arjaiswal/Polygeist/issues/aten_c_kernels/results/aten_asinh/debuf.mlir,1889,8,1,1,301.46919935941696,0,69488,20.62038704752922,2,2,0,0,"[{""body_indices"": [0], ""symbol"": ""cutensorUnary_asinh_f32""}]",1,0,0,0.0,8
aten,aten_asinh,/home/arjaiswal/Polygeist/issues/aten_c_kernels/results/aten_asinh/debuf.mlir,4c91f893240070e1c8972f400c66a7b337902fa4c1bf49c9dc267b8a976cc077,syntactic,2,ok,0,774.7688889503479,0,"[""/usr/bin/python3"", ""/home/arjaiswal/Polygeist/scripts/correctness/kernel_match_rewrite.py"", ""/home/arjaiswal/Polygeist/issues/aten_c_kernels/results/aten_asinh/debuf.mlir"", ""--dry-run"", ""--matcher-mode"", ""syntactic"", ""--telemetry-json"", ""/home/arjaiswal/Polygeist/issues/equality_saturation_eval/campaign_20260908/aten-aten_asinh-syntactic-f08bayat.json"", ""--disable-semantic-fallback""]","== match report for /home/arjaiswal/Polygeist/issues/aten_c_kernels/results/aten_asinh/debuf.mlir ==
  match          body#[0]  cutensorUnary_asinh_f32
  total: 1 matched / 1 bodies
",0,[],0,0,0,0,/home/arjaiswal/Polygeist/issues/aten_c_kernels/results/aten_asinh/debuf.mlir,1889,0,1,1,299.5395436882973,0,64824,0.04957243800163269,0,2,0,0,"[{""body_indices"": [0], ""symbol"": ""cutensorUnary_asinh_f32""}]",1,0,8,0.0,8
aten,aten_asinh,/home/arjaiswal/Polygeist/issues/aten_c_kernels/results/aten_asinh/debuf.mlir,4c91f893240070e1c8972f400c66a7b337902fa4c1bf49c9dc267b8a976cc077,syntactic,3,ok,0,757.8809931874275,0,"[""/usr/bin/python3"", ""/home/arjaiswal/Polygeist/scripts/correctness/kernel_match_rewrite.py"", ""/home/arjaiswal/Polygeist/issues/aten_c_kernels/results/aten_asinh/debuf.mlir"", ""--dry-run"", ""--matcher-mode"", ""syntactic"", ""--telemetry-json"", ""/home/arjaiswal/Polygeist/issues/equality_saturation_eval/campaign_20260908/aten-aten_asinh-syntactic-fdxvte0c.json"", ""--disable-semantic-fallback""]","== match report for /home/arjaiswal/Polygeist/issues/aten_c_kernels/results/aten_asinh/debuf.mlir ==
  match          body#[0]  cutensorUnary_asinh_f32
  total: 1 matched / 1 bodies
",0,[],0,0,0,0,/home/arjaiswal/Polygeist/issues/aten_c_kernels/results/aten_asinh/debuf.mlir,1889,0,1,1,279.7141447663307,0,64964,0.04764646291732788,0,2,0,0,"[{""body_indices"": [0], ""symbol"": ""cutensorUnary_asinh_f32""}]",1,0,8,0.0,8
aten,aten_asinh,/home/arjaiswal/Polygeist/issues/aten_c_kernels/results/aten_asinh/debuf.mlir,4c91f893240070e1c8972f400c66a7b337902fa4c1bf49c9dc267b8a976cc077,egglog,3,ok,0,825.4922367632389,0,"[""/usr/bin/python3"", ""/home/arjaiswal/Polygeist/scripts/correctness/kernel_match_rewrite.py"", ""/home/arjaiswal/Polygeist/issues/aten_c_kernels/results/aten_asinh/debuf.mlir"", ""--dry-run"", ""--matcher-mode"", ""egglog"", ""--telemetry-json"", ""/home/arjaiswal/Polygeist/issues/equality_saturation_eval/campaign_20260908/aten-aten_asinh-egglog-l3hr5ek2.json"", ""--disable-semantic-fallback""]","== match report for /home/arjaiswal/Polygeist/issues/aten_c_kernels/results/aten_asinh/debuf.mlir ==
  match          body#[0]  cutensorUnary_asinh_f32
  total: 1 matched / 1 bodies
",0,[],0,0,0,0,/home/arjaiswal/Polygeist/issues/aten_c_kernels/results/aten_asinh/debuf.mlir,1889,8,1,1,313.28698992729187,0,69388,22.5081704556942,2,2,0,0,"[{""body_indices"": [0], ""symbol"": ""cutensorUnary_asinh_f32""}]",1,0,0,0.0,8
aten,aten_asinh,/home/arjaiswal/Polygeist/issues/aten_c_kernels/results/aten_asinh/debuf.mlir,4c91f893240070e1c8972f400c66a7b337902fa4c1bf49c9dc267b8a976cc077,egglog,4,ok,0,794.025968760252,0,"[""/usr/bin/python3"", ""/home/arjaiswal/Polygeist/scripts/correctness/kernel_match_rewrite.py"", ""/home/arjaiswal/Polygeist/issues/aten_c_kernels/results/aten_asinh/debuf.mlir"", ""--dry-run"", ""--matcher-mode"", ""egglog"", ""--telemetry-json"", ""/home/arjaiswal/Polygeist/issues/equality_saturation_eval/campaign_20260908/aten-aten_asinh-egglog-bvea9e98.json"", ""--disable-semantic-fallback""]","== match report for /home/arjaiswal/Polygeist/issues/aten_c_kernels/results/aten_asinh/debuf.mlir ==
  match          body#[0]  cutensorUnary_asinh_f32
  total: 1 matched / 1 bodies
",0,[],0,0,0,0,/home/arjaiswal/Polygeist/issues/aten_c_kernels/results/aten_asinh/debuf.mlir,1889,8,1,1,312.4636560678482,0,69540,20.903073251247406,2,2,0,0,"[{""body_indices"": [0], ""symbol"": ""cutensorUnary_asinh_f32""}]",1,0,0,0.0,8
aten,aten_asinh,/home/arjaiswal/Polygeist/issues/aten_c_kernels/results/aten_asinh/debuf.mlir,4c91f893240070e1c8972f400c66a7b337902fa4c1bf49c9dc267b8a976cc077,syntactic,4,ok,0,744.7926066815853,0,"[""/usr/bin/python3"", ""/home/arjaiswal/Polygeist/scripts/correctness/kernel_match_rewrite.py"", ""/home/arjaiswal/Polygeist/issues/aten_c_kernels/results/aten_asinh/debuf.mlir"", ""--dry-run"", ""--matcher-mode"", ""syntactic"", ""--telemetry-json"", ""/home/arjaiswal/Polygeist/issues/equality_saturation_eval/campaign_20260908/aten-aten_asinh-syntactic-dow2ysjd.json"", ""--disable-semantic-fallback""]","== match report for /home/arjaiswal/Polygeist/issues/aten_c_kernels/results/aten_asinh/debuf.mlir ==
  match          body#[0]  cutensorUnary_asinh_f32
  total: 1 matched / 1 bodies
",0,[],0,0,0,0,/home/arjaiswal/Polygeist/issues/aten_c_kernels/results/aten_asinh/debuf.mlir,1889,0,1,1,299.32039231061935,0,64632,0.048197805881500244,0,2,0,0,"[{""body_indices"": [0], ""symbol"": ""cutensorUnary_asinh_f32""}]",1,0,8,0.0,8
aten,aten_asinh,/home/arjaiswal/Polygeist/issues/aten_c_kernels/results/aten_asinh/debuf.mlir,4c91f893240070e1c8972f400c66a7b337902fa4c1bf49c9dc267b8a976cc077,syntactic,5,ok,0,766.4796486496925,0,"[""/usr/bin/python3"", ""/home/arjaiswal/Polygeist/scripts/correctness/kernel_match_rewrite.py"", ""/home/arjaiswal/Polygeist/issues/aten_c_kernels/results/aten_asinh/debuf.mlir"", ""--dry-run"", ""--matcher-mode"", ""syntactic"", ""--telemetry-json"", ""/home/arjaiswal/Polygeist/issues/equality_saturation_eval/campaign_20260908/aten-aten_asinh-syntactic-mglykpg0.json"", ""--disable-semantic-fallback""]","== match report for /home/arjaiswal/Polygeist/issues/aten_c_kernels/results/aten_asinh/debuf.mlir ==
  match          body#[0]  cutensorUnary_asinh_f32
  total: 1 matched / 1 bodies
",0,[],0,0,0,0,/home/arjaiswal/Polygeist/issues/aten_c_kernels/results/aten_asinh/debuf.mlir,1889,0,1,1,291.75126552581787,0,64528,0.04811212420463562,0,2,0,0,"[{""body_indices"": [0], ""symbol"": ""cutensorUnary_asinh_f32""}]",1,0,8,0.0,8
aten,aten_asinh,/home/arjaiswal/Polygeist/issues/aten_c_kernels/results/aten_asinh/debuf.mlir,4c91f893240070e1c8972f400c66a7b337902fa4c1bf49c9dc267b8a976cc077,egglog,5,ok,0,812.5187195837498,0,"[""/usr/bin/python3"", ""/home/arjaiswal/Polygeist/scripts/correctness/kernel_match_rewrite.py"", ""/home/arjaiswal/Polygeist/issues/aten_c_kernels/results/aten_asinh/debuf.mlir"", ""--dry-run"", ""--matcher-mode"", ""egglog"", ""--telemetry-json"", ""/home/arjaiswal/Polygeist/issues/equality_saturation_eval/campaign_20260908/aten-aten_asinh-egglog-ks9uvv39.json"", ""--disable-semantic-fallback""]","== match report for /home/arjaiswal/Polygeist/issues/aten_c_kernels/results/aten_asinh/debuf.mlir ==
  match          body#[0]  cutensorUnary_asinh_f32
  total: 1 matched / 1 bodies
",0,[],0,0,0,0,/home/arjaiswal/Polygeist/issues/aten_c_kernels/results/aten_asinh/debuf.mlir,1889,8,1,1,337.6321569085121,0,69348,21.48968353867531,2,2,0,0,"[{""body_indices"": [0], ""symbol"": ""cutensorUnary_asinh_f32""}]",1,0,0,0.0,8
aten,aten_atan,/home/arjaiswal/Polygeist/issues/aten_c_kernels/results/aten_atan/debuf.mlir,3499ee739920ba8509a64c9926a35c91ee2689be699b74128e806c31193095c3,egglog,1,ok,0,792.4167737364769,0,"[""/usr/bin/python3"", ""/home/arjaiswal/Polygeist/scripts/correctness/kernel_match_rewrite.py"", ""/home/arjaiswal/Polygeist/issues/aten_c_kernels/results/aten_atan/debuf.mlir"", ""--dry-run"", ""--matcher-mode"", ""egglog"", ""--telemetry-json"", ""/home/arjaiswal/Polygeist/issues/equality_saturation_eval/campaign_20260908/aten-aten_atan-egglog-df9ylhg0.json"", ""--disable-semantic-fallback""]","== match report for /home/arjaiswal/Polygeist/issues/aten_c_kernels/results/aten_atan/debuf.mlir ==
  match          body#[0]  cutensorUnary_atan_f32
  total: 1 matched / 1 bodies
",0,[],0,0,0,0,/home/arjaiswal/Polygeist/issues/aten_c_kernels/results/aten_atan/debuf.mlir,1869,8,1,1,336.9043841958046,0,69552,23.203283548355103,2,2,0,0,"[{""body_indices"": [0], ""symbol"": ""cutensorUnary_atan_f32""}]",1,0,0,0.0,10
aten,aten_atan,/home/arjaiswal/Polygeist/issues/aten_c_kernels/results/aten_atan/debuf.mlir,3499ee739920ba8509a64c9926a35c91ee2689be699b74128e806c31193095c3,syntactic,1,ok,0,733.5151806473732,0,"[""/usr/bin/python3"", ""/home/arjaiswal/Polygeist/scripts/correctness/kernel_match_rewrite.py"", ""/home/arjaiswal/Polygeist/issues/aten_c_kernels/results/aten_atan/debuf.mlir"", ""--dry-run"", ""--matcher-mode"", ""syntactic"", ""--telemetry-json"", ""/home/arjaiswal/Polygeist/issues/equality_saturation_eval/campaign_20260908/aten-aten_atan-syntactic-vuqrmv1u.json"", ""--disable-semantic-fallback""]","== match report for /home/arjaiswal/Polygeist/issues/aten_c_kernels/results/aten_atan/debuf.mlir ==
  match          body#[0]  cutensorUnary_atan_f32
  total: 1 matched / 1 bodies
",0,[],0,0,0,0,/home/arjaiswal/Polygeist/issues/aten_c_kernels/results/aten_atan/debuf.mlir,1869,0,1,1,284.2988073825836,0,64764,0.06102025508880615,0,2,0,0,"[{""body_indices"": [0], ""symbol"": ""cutensorUnary_atan_f32""}]",1,0,10,0.0,10
aten,aten_atan,/home/arjaiswal/Polygeist/issues/aten_c_kernels/results/aten_atan/debuf.mlir,3499ee739920ba8509a64c9926a35c91ee2689be699b74128e806c31193095c3,syntactic,2,ok,0,753.001008182764,0,"[""/usr/bin/python3"", ""/home/arjaiswal/Polygeist/scripts/correctness/kernel_match_rewrite.py"", ""/home/arjaiswal/Polygeist/issues/aten_c_kernels/results/aten_atan/debuf.mlir"", ""--dry-run"", ""--matcher-mode"", ""syntactic"", ""--telemetry-json"", ""/home/arjaiswal/Polygeist/issues/equality_saturation_eval/campaign_20260908/aten-aten_atan-syntactic-ax1m6tju.json"", ""--disable-semantic-fallback""]","== match report for /home/arjaiswal/Polygeist/issues/aten_c_kernels/results/aten_atan/debuf.mlir ==
  match          body#[0]  cutensorUnary_atan_f32
  total: 1 matched / 1 bodies
",0,[],0,0,0,0,/home/arjaiswal/Polygeist/issues/aten_c_kernels/results/aten_atan/debuf.mlir,1869,0,1,1,296.22817412018776,0,64620,0.05874410271644592,0,2,0,0,"[{""body_indices"": [0], ""symbol"": ""cutensorUnary_atan_f32""}]",1,0,10,0.0,10
aten,aten_atan,/home/arjaiswal/Polygeist/issues/aten_c_kernels/results/aten_atan/debuf.mlir,3499ee739920ba8509a64c9926a35c91ee2689be699b74128e806c31193095c3,egglog,2,ok,0,960.0034132599831,0,"[""/usr/bin/python3"", ""/home/arjaiswal/Polygeist/scripts/correctness/kernel_match_rewrite.py"", ""/home/arjaiswal/Polygeist/issues/aten_c_kernels/results/aten_atan/debuf.mlir"", ""--dry-run"", ""--matcher-mode"", ""egglog"", ""--telemetry-json"", ""/home/arjaiswal/Polygeist/issues/equality_saturation_eval/campaign_20260908/aten-aten_atan-egglog-rkafig5o.json"", ""--disable-semantic-fallback""]","== match report for /home/arjaiswal/Polygeist/issues/aten_c_kernels/results/aten_atan/debuf.mlir ==
  match          body#[0]  cutensorUnary_atan_f32
  total: 1 matched / 1 bodies
",0,[],0,0,0,0,/home/arjaiswal/Polygeist/issues/aten_c_kernels/results/aten_atan/debuf.mlir,1869,8,1,1,423.307154327631,0,69392,23.797407746315002,2,2,0,0,"[{""body_indices"": [0], ""symbol"": ""cutensorUnary_atan_f32""}]",1,0,0,0.0,10
aten,aten_atan,/home/arjaiswal/Polygeist/issues/aten_c_kernels/results/aten_atan/debuf.mlir,3499ee739920ba8509a64c9926a35c91ee2689be699b74128e806c31193095c3,egglog,3,ok,0,834.1206610202789,0,"[""/usr/bin/python3"", ""/home/arjaiswal/Polygeist/scripts/correctness/kernel_match_rewrite.py"", ""/home/arjaiswal/Polygeist/issues/aten_c_kernels/results/aten_atan/debuf.mlir"", ""--dry-run"", ""--matcher-mode"", ""egglog"", ""--telemetry-json"", ""/home/arjaiswal/Polygeist/issues/equality_saturation_eval/campaign_20260908/aten-aten_atan-egglog-38xhf26e.json"", ""--disable-semantic-fallback""]","== match report for /home/arjaiswal/Polygeist/issues/aten_c_kernels/results/aten_atan/debuf.mlir ==
  match          body#[0]  cutensorUnary_atan_f32
  total: 1 matched / 1 bodies
",0,[],0,0,0,0,/home/arjaiswal/Polygeist/issues/aten_c_kernels/results/aten_atan/debuf.mlir,1869,8,1,1,352.97809913754463,0,69504,21.275945007801056,2,2,0,0,"[{""body_indices"": [0], ""symbol"": ""cutensorUnary_atan_f32""}]",1,0,0,0.0,10
aten,aten_atan,/home/arjaiswal/Polygeist/issues/aten_c_kernels/results/aten_atan/debuf.mlir,3499ee739920ba8509a64c9926a35c91ee2689be699b74128e806c31193095c3,syntactic,3,ok,0,828.5632841289043,0,"[""/usr/bin/python3"", ""/home/arjaiswal/Polygeist/scripts/correctness/kernel_match_rewrite.py"", ""/home/arjaiswal/Polygeist/issues/aten_c_kernels/results/aten_atan/debuf.mlir"", ""--dry-run"", ""--matcher-mode"", ""syntactic"", ""--telemetry-json"", ""/home/arjaiswal/Polygeist/issues/equality_saturation_eval/campaign_20260908/aten-aten_atan-syntactic-hdlsa6yu.json"", ""--disable-semantic-fallback""]","== match report for /home/arjaiswal/Polygeist/issues/aten_c_kernels/results/aten_atan/debuf.mlir ==
  match          body#[0]  cutensorUnary_atan_f32
  total: 1 matched / 1 bodies
",0,[],0,0,0,0,/home/arjaiswal/Polygeist/issues/aten_c_kernels/results/aten_atan/debuf.mlir,1869,0,1,1,340.5019901692867,0,64648,0.06143748760223389,0,2,0,0,"[{""body_indices"": [0], ""symbol"": ""cutensorUnary_atan_f32""}]",1,0,10,0.0,10
aten,aten_atan,/home/arjaiswal/Polygeist/issues/aten_c_kernels/results/aten_atan/debuf.mlir,3499ee739920ba8509a64c9926a35c91ee2689be699b74128e806c31193095c3,syntactic,4,ok,0,771.1940929293633,0,"[""/usr/bin/python3"", ""/home/arjaiswal/Polygeist/scripts/correctness/kernel_match_rewrite.py"", ""/home/arjaiswal/Polygeist/issues/aten_c_kernels/results/aten_atan/debuf.mlir"", ""--dry-run"", ""--matcher-mode"", ""syntactic"", ""--telemetry-json"", ""/home/arjaiswal/Polygeist/issues/equality_saturation_eval/campaign_20260908/aten-aten_atan-syntactic-5rcbkwfc.json"", ""--disable-semantic-fallback""]","== match report for /home/arjaiswal/Polygeist/issues/aten_c_kernels/results/aten_atan/debuf.mlir ==
  match          body#[0]  cutensorUnary_atan_f32
  total: 1 matched / 1 bodies
",0,[],0,0,0,0,/home/arjaiswal/Polygeist/issues/aten_c_kernels/results/aten_atan/debuf.mlir,1869,0,1,1,303.6690168082714,0,64696,0.058028846979141235,0,2,0,0,"[{""body_indices"": [0], ""symbol"": ""cutensorUnary_atan_f32""}]",1,0,10,0.0,10
aten,aten_atan,/home/arjaiswal/Polygeist/issues/aten_c_kernels/results/aten_atan/debuf.mlir,3499ee739920ba8509a64c9926a35c91ee2689be699b74128e806c31193095c3,egglog,4,ok,0,815.0808662176132,0,"[""/usr/bin/python3"", ""/home/arjaiswal/Polygeist/scripts/correctness/kernel_match_rewrite.py"", ""/home/arjaiswal/Polygeist/issues/aten_c_kernels/results/aten_atan/debuf.mlir"", ""--dry-run"", ""--matcher-mode"", ""egglog"", ""--telemetry-json"", ""/home/arjaiswal/Polygeist/issues/equality_saturation_eval/campaign_20260908/aten-aten_atan-egglog-n3wexsq_.json"", ""--disable-semantic-fallback""]","== match report for /home/arjaiswal/Polygeist/issues/aten_c_kernels/results/aten_atan/debuf.mlir ==
  match          body#[0]  cutensorUnary_atan_f32
  total: 1 matched / 1 bodies
",0,[],0,0,0,0,/home/arjaiswal/Polygeist/issues/aten_c_kernels/results/aten_atan/debuf.mlir,1869,8,1,1,338.83320167660713,0,69360,32.14660286903381,2,2,0,0,"[{""body_indices"": [0], ""symbol"": ""cutensorUnary_atan_f32""}]",1,0,0,0.0,10
aten,aten_atan,/home/arjaiswal/Polygeist/issues/aten_c_kernels/results/aten_atan/debuf.mlir,3499ee739920ba8509a64c9926a35c91ee2689be699b74128e806c31193095c3,egglog,5,ok,0,804.1103631258011,0,"[""/usr/bin/python3"", ""/home/arjaiswal/Polygeist/scripts/correctness/kernel_match_rewrite.py"", ""/home/arjaiswal/Polygeist/issues/aten_c_kernels/results/aten_atan/debuf.mlir"", ""--dry-run"", ""--matcher-mode"", ""egglog"", ""--telemetry-json"", ""/home/arjaiswal/Polygeist/issues/equality_saturation_eval/campaign_20260908/aten-aten_atan-egglog-yzrx2d8c.json"", ""--disable-semantic-fallback""]","== match report for /home/arjaiswal/Polygeist/issues/aten_c_kernels/results/aten_atan/debuf.mlir ==
  match          body#[0]  cutensorUnary_atan_f32
  total: 1 matched / 1 bodies
",0,[],0,0,0,0,/home/arjaiswal/Polygeist/issues/aten_c_kernels/results/aten_atan/debuf.mlir,1869,8,1,1,331.9111503660679,0,69312,24.365995079278946,2,2,0,0,"[{""body_indices"": [0], ""symbol"": ""cutensorUnary_atan_f32""}]",1,0,0,0.0,10
aten,aten_atan,/home/arjaiswal/Polygeist/issues/aten_c_kernels/results/aten_atan/debuf.mlir,3499ee739920ba8509a64c9926a35c91ee2689be699b74128e806c31193095c3,syntactic,5,ok,0,803.8444966077805,0,"[""/usr/bin/python3"", ""/home/arjaiswal/Polygeist/scripts/correctness/kernel_match_rewrite.py"", ""/home/arjaiswal/Polygeist/issues/aten_c_kernels/results/aten_atan/debuf.mlir"", ""--dry-run"", ""--matcher-mode"", ""syntactic"", ""--telemetry-json"", ""/home/arjaiswal/Polygeist/issues/equality_saturation_eval/campaign_20260908/aten-aten_atan-syntactic-khlaq8hb.json"", ""--disable-semantic-fallback""]","== match report for /home/arjaiswal/Polygeist/issues/aten_c_kernels/results/aten_atan/debuf.mlir ==
  match          body#[0]  cutensorUnary_atan_f32
  total: 1 matched / 1 bodies
",0,[],0,0,0,0,/home/arjaiswal/Polygeist/issues/aten_c_kernels/results/aten_atan/debuf.mlir,1869,0,1,1,291.0732477903366,0,64692,0.05812942981719971,0,2,0,0,"[{""body_indices"": [0], ""symbol"": ""cutensorUnary_atan_f32""}]",1,0,10,0.0,10
aten,aten_atan2,/home/arjaiswal/Polygeist/issues/aten_c_kernels/results/aten_atan2/debuf.mlir,1548f646d8466d9a08561aa2dcd312a02567be9767ed37cad6a4a174f0e20b82,syntactic,1,ok,0,879.9730204045773,0,"[""/usr/bin/python3"", ""/home/arjaiswal/Polygeist/scripts/correctness/kernel_match_rewrite.py"", ""/home/arjaiswal/Polygeist/issues/aten_c_kernels/results/aten_atan2/debuf.mlir"", ""--dry-run"", ""--matcher-mode"", ""syntactic"", ""--telemetry-json"", ""/home/arjaiswal/Polygeist/issues/equality_saturation_eval/campaign_20260908/aten-aten_atan2-syntactic-n29wjq04.json"", ""--disable-semantic-fallback""]","== match report for /home/arjaiswal/Polygeist/issues/aten_c_kernels/results/aten_atan2/debuf.mlir ==
  match          body#[0]  cudnnPointwiseGraph_f32
  total: 1 matched / 1 bodies
",0,[],0,0,0,0,/home/arjaiswal/Polygeist/issues/aten_c_kernels/results/aten_atan2/debuf.mlir,1998,0,1,1,341.30365028977394,0,65572,0.01924857497215271,0,0,0,0,"[{""body_indices"": [0], ""symbol"": ""cudnnPointwiseGraph_f32""}]",1,0,6,0.0,6
aten,aten_atan2,/home/arjaiswal/Polygeist/issues/aten_c_kernels/results/aten_atan2/debuf.mlir,1548f646d8466d9a08561aa2dcd312a02567be9767ed37cad6a4a174f0e20b82,egglog,1,ok,0,759.6061378717422,0,"[""/usr/bin/python3"", ""/home/arjaiswal/Polygeist/scripts/correctness/kernel_match_rewrite.py"", ""/home/arjaiswal/Polygeist/issues/aten_c_kernels/results/aten_atan2/debuf.mlir"", ""--dry-run"", ""--matcher-mode"", ""egglog"", ""--telemetry-json"", ""/home/arjaiswal/Polygeist/issues/equality_saturation_eval/campaign_20260908/aten-aten_atan2-egglog-oko142z1.json"", ""--disable-semantic-fallback""]","== match report for /home/arjaiswal/Polygeist/issues/aten_c_kernels/results/aten_atan2/debuf.mlir ==
  match          body#[0]  cudnnPointwiseGraph_f32
  total: 1 matched / 1 bodies
",0,[],0,0,0,0,/home/arjaiswal/Polygeist/issues/aten_c_kernels/results/aten_atan2/debuf.mlir,1998,8,1,1,307.031512260437,0,65792,0.0,0,0,0,0,"[{""body_indices"": [0], ""symbol"": ""cudnnPointwiseGraph_f32""}]",1,0,0,0.0,6
aten,aten_atan2,/home/arjaiswal/Polygeist/issues/aten_c_kernels/results/aten_atan2/debuf.mlir,1548f646d8466d9a08561aa2dcd312a02567be9767ed37cad6a4a174f0e20b82,egglog,2,ok,0,787.0460823178291,0,"[""/usr/bin/python3"", ""/home/arjaiswal/Polygeist/scripts/correctness/kernel_match_rewrite.py"", ""/home/arjaiswal/Polygeist/issues/aten_c_kernels/results/aten_atan2/debuf.mlir"", ""--dry-run"", ""--matcher-mode"", ""egglog"", ""--telemetry-json"", ""/home/arjaiswal/Polygeist/issues/equality_saturation_eval/campaign_20260908/aten-aten_atan2-egglog-g1dzo12l.json"", ""--disable-semantic-fallback""]","== match report for /home/arjaiswal/Polygeist/issues/aten_c_kernels/results/aten_atan2/debuf.mlir ==
  match          body#[0]  cudnnPointwiseGraph_f32
  total: 1 matched / 1 bodies
",0,[],0,0,0,0,/home/arjaiswal/Polygeist/issues/aten_c_kernels/results/aten_atan2/debuf.mlir,1998,8,1,1,295.67041993141174,0,65596,0.0,0,0,0,0,"[{""body_indices"": [0], ""symbol"": ""cudnnPointwiseGraph_f32""}]",1,0,0,0.0,6
aten,aten_atan2,/home/arjaiswal/Polygeist/issues/aten_c_kernels/results/aten_atan2/debuf.mlir,1548f646d8466d9a08561aa2dcd312a02567be9767ed37cad6a4a174f0e20b82,syntactic,2,ok,0,748.8078251481056,0,"[""/usr/bin/python3"", ""/home/arjaiswal/Polygeist/scripts/correctness/kernel_match_rewrite.py"", ""/home/arjaiswal/Polygeist/issues/aten_c_kernels/results/aten_atan2/debuf.mlir"", ""--dry-run"", ""--matcher-mode"", ""syntactic"", ""--telemetry-json"", ""/home/arjaiswal/Polygeist/issues/equality_saturation_eval/campaign_20260908/aten-aten_atan2-syntactic-5qyjxvnm.json"", ""--disable-semantic-fallback""]","== match report for /home/arjaiswal/Polygeist/issues/aten_c_kernels/results/aten_atan2/debuf.mlir ==
  match          body#[0]  cudnnPointwiseGraph_f32
  total: 1 matched / 1 bodies
",0,[],0,0,0,0,/home/arjaiswal/Polygeist/issues/aten_c_kernels/results/aten_atan2/debuf.mlir,1998,0,1,1,304.5599013566971,0,65756,0.017523765563964844,0,0,0,0,"[{""body_indices"": [0], ""symbol"": ""cudnnPointwiseGraph_f32""}]",1,0,6,0.0,6
aten,aten_atan2,/home/arjaiswal/Polygeist/issues/aten_c_kernels/results/aten_atan2/debuf.mlir,1548f646d8466d9a08561aa2dcd312a02567be9767ed37cad6a4a174f0e20b82,syntactic,3,ok,0,742.0775853097439,0,"[""/usr/bin/python3"", ""/home/arjaiswal/Polygeist/scripts/correctness/kernel_match_rewrite.py"", ""/home/arjaiswal/Polygeist/issues/aten_c_kernels/results/aten_atan2/debuf.mlir"", ""--dry-run"", ""--matcher-mode"", ""syntactic"", ""--telemetry-json"", ""/home/arjaiswal/Polygeist/issues/equality_saturation_eval/campaign_20260908/aten-aten_atan2-syntactic-2_of84di.json"", ""--disable-semantic-fallback""]","== match report for /home/arjaiswal/Polygeist/issues/aten_c_kernels/results/aten_atan2/debuf.mlir ==
  match          body#[0]  cudnnPointwiseGraph_f32
  total: 1 matched / 1 bodies
",0,[],0,0,0,0,/home/arjaiswal/Polygeist/issues/aten_c_kernels/results/aten_atan2/debuf.mlir,1998,0,1,1,287.9703678190708,0,65708,0.017218291759490967,0,0,0,0,"[{""body_indices"": [0], ""symbol"": ""cudnnPointwiseGraph_f32""}]",1,0,6,0.0,6
aten,aten_atan2,/home/arjaiswal/Polygeist/issues/aten_c_kernels/results/aten_atan2/debuf.mlir,1548f646d8466d9a08561aa2dcd312a02567be9767ed37cad6a4a174f0e20b82,egglog,3,ok,0,721.1970947682858,0,"[""/usr/bin/python3"", ""/home/arjaiswal/Polygeist/scripts/correctness/kernel_match_rewrite.py"", ""/home/arjaiswal/Polygeist/issues/aten_c_kernels/results/aten_atan2/debuf.mlir"", ""--dry-run"", ""--matcher-mode"", ""egglog"", ""--telemetry-json"", ""/home/arjaiswal/Polygeist/issues/equality_saturation_eval/campaign_20260908/aten-aten_atan2-egglog-gwgktwe9.json"", ""--disable-semantic-fallback""]","== match report for /home/arjaiswal/Polygeist/issues/aten_c_kernels/results/aten_atan2/debuf.mlir ==
  match          body#[0]  cudnnPointwiseGraph_f32
  total: 1 matched / 1 bodies
",0,[],0,0,0,0,/home/arjaiswal/Polygeist/issues/aten_c_kernels/results/aten_atan2/debuf.mlir,1998,8,1,1,290.11257365345955,0,65576,0.0,0,0,0,0,"[{""body_indices"": [0], ""symbol"": ""cudnnPointwiseGraph_f32""}]",1,0,0,0.0,6
aten,aten_atan2,/home/arjaiswal/Polygeist/issues/aten_c_kernels/results/aten_atan2/debuf.mlir,1548f646d8466d9a08561aa2dcd312a02567be9767ed37cad6a4a174f0e20b82,egglog,4,ok,0,758.9682415127754,0,"[""/usr/bin/python3"", ""/home/arjaiswal/Polygeist/scripts/correctness/kernel_match_rewrite.py"", ""/home/arjaiswal/Polygeist/issues/aten_c_kernels/results/aten_atan2/debuf.mlir"", ""--dry-run"", ""--matcher-mode"", ""egglog"", ""--telemetry-json"", ""/home/arjaiswal/Polygeist/issues/equality_saturation_eval/campaign_20260908/aten-aten_atan2-egglog-ks56dzy1.json"", ""--disable-semantic-fallback""]","== match report for /home/arjaiswal/Polygeist/issues/aten_c_kernels/results/aten_atan2/debuf.mlir ==
  match          body#[0]  cudnnPointwiseGraph_f32
  total: 1 matched / 1 bodies
",0,[],0,0,0,0,/home/arjaiswal/Polygeist/issues/aten_c_kernels/results/aten_atan2/debuf.mlir,1998,8,1,1,291.9531613588333,0,65656,0.0,0,0,0,0,"[{""body_indices"": [0], ""symbol"": ""cudnnPointwiseGraph_f32""}]",1,0,0,0.0,6
aten,aten_atan2,/home/arjaiswal/Polygeist/issues/aten_c_kernels/results/aten_atan2/debuf.mlir,1548f646d8466d9a08561aa2dcd312a02567be9767ed37cad6a4a174f0e20b82,syntactic,4,ok,0,748.1267563998699,0,"[""/usr/bin/python3"", ""/home/arjaiswal/Polygeist/scripts/correctness/kernel_match_rewrite.py"", ""/home/arjaiswal/Polygeist/issues/aten_c_kernels/results/aten_atan2/debuf.mlir"", ""--dry-run"", ""--matcher-mode"", ""syntactic"", ""--telemetry-json"", ""/home/arjaiswal/Polygeist/issues/equality_saturation_eval/campaign_20260908/aten-aten_atan2-syntactic-23r_g3j5.json"", ""--disable-semantic-fallback""]","== match report for /home/arjaiswal/Polygeist/issues/aten_c_kernels/results/aten_atan2/debuf.mlir ==
  match          body#[0]  cudnnPointwiseGraph_f32
  total: 1 matched / 1 bodies
",0,[],0,0,0,0,/home/arjaiswal/Polygeist/issues/aten_c_kernels/results/aten_atan2/debuf.mlir,1998,0,1,1,287.2398570179939,0,65828,0.01903250813484192,0,0,0,0,"[{""body_indices"": [0], ""symbol"": ""cudnnPointwiseGraph_f32""}]",1,0,6,0.0,6
aten,aten_atan2,/home/arjaiswal/Polygeist/issues/aten_c_kernels/results/aten_atan2/debuf.mlir,1548f646d8466d9a08561aa2dcd312a02567be9767ed37cad6a4a174f0e20b82,syntactic,5,ok,0,768.8795253634453,0,"[""/usr/bin/python3"", ""/home/arjaiswal/Polygeist/scripts/correctness/kernel_match_rewrite.py"", ""/home/arjaiswal/Polygeist/issues/aten_c_kernels/results/aten_atan2/debuf.mlir"", ""--dry-run"", ""--matcher-mode"", ""syntactic"", ""--telemetry-json"", ""/home/arjaiswal/Polygeist/issues/equality_saturation_eval/campaign_20260908/aten-aten_atan2-syntactic-katy0pp2.json"", ""--disable-semantic-fallback""]","== match report for /home/arjaiswal/Polygeist/issues/aten_c_kernels/results/aten_atan2/debuf.mlir ==
  match          body#[0]  cudnnPointwiseGraph_f32
  total: 1 matched / 1 bodies
",0,[],0,0,0,0,/home/arjaiswal/Polygeist/issues/aten_c_kernels/results/aten_atan2/debuf.mlir,1998,0,1,1,293.33050921559334,0,65500,0.01786649227142334,0,0,0,0,"[{""body_indices"": [0], ""symbol"": ""cudnnPointwiseGraph_f32""}]",1,0,6,0.0,6
aten,aten_atan2,/home/arjaiswal/Polygeist/issues/aten_c_kernels/results/aten_atan2/debuf.mlir,1548f646d8466d9a08561aa2dcd312a02567be9767ed37cad6a4a174f0e20b82,egglog,5,ok,0,751.6480199992657,0,"[""/usr/bin/python3"", ""/home/arjaiswal/Polygeist/scripts/correctness/kernel_match_rewrite.py"", ""/home/arjaiswal/Polygeist/issues/aten_c_kernels/results/aten_atan2/debuf.mlir"", ""--dry-run"", ""--matcher-mode"", ""egglog"", ""--telemetry-json"", ""/home/arjaiswal/Polygeist/issues/equality_saturation_eval/campaign_20260908/aten-aten_atan2-egglog-2vplutdd.json"", ""--disable-semantic-fallback""]","== match report for /home/arjaiswal/Polygeist/issues/aten_c_kernels/results/aten_atan2/debuf.mlir ==
  match          body#[0]  cudnnPointwiseGraph_f32
  total: 1 matched / 1 bodies
",0,[],0,0,0,0,/home/arjaiswal/Polygeist/issues/aten_c_kernels/results/aten_atan2/debuf.mlir,1998,8,1,1,283.85915607213974,0,65652,0.0,0,0,0,0,"[{""body_indices"": [0], ""symbol"": ""cudnnPointwiseGraph_f32""}]",1,0,0,0.0,6
aten,aten_atanh,/home/arjaiswal/Polygeist/issues/aten_c_kernels/results/aten_atanh/debuf.mlir,78b2c86e3100abca8bdffd15e9217fe41a12fb1eefb03a56ec7e9e51902c8a35,egglog,1,ok,0,894.6901187300682,0,"[""/usr/bin/python3"", ""/home/arjaiswal/Polygeist/scripts/correctness/kernel_match_rewrite.py"", ""/home/arjaiswal/Polygeist/issues/aten_c_kernels/results/aten_atanh/debuf.mlir"", ""--dry-run"", ""--matcher-mode"", ""egglog"", ""--telemetry-json"", ""/home/arjaiswal/Polygeist/issues/equality_saturation_eval/campaign_20260908/aten-aten_atanh-egglog-zeagz57b.json"", ""--disable-semantic-fallback""]","== match report for /home/arjaiswal/Polygeist/issues/aten_c_kernels/results/aten_atanh/debuf.mlir ==
  match          body#[0]  cutensorUnary_atanh_f32
  total: 1 matched / 1 bodies
",0,[],0,0,0,0,/home/arjaiswal/Polygeist/issues/aten_c_kernels/results/aten_atanh/debuf.mlir,1889,8,1,1,377.3777559399605,0,69340,23.368969559669495,2,2,0,0,"[{""body_indices"": [0], ""symbol"": ""cutensorUnary_atanh_f32""}]",1,0,0,0.0,12
aten,aten_atanh,/home/arjaiswal/Polygeist/issues/aten_c_kernels/results/aten_atanh/debuf.mlir,78b2c86e3100abca8bdffd15e9217fe41a12fb1eefb03a56ec7e9e51902c8a35,syntactic,1,ok,0,763.9410868287086,0,"[""/usr/bin/python3"", ""/home/arjaiswal/Polygeist/scripts/correctness/kernel_match_rewrite.py"", ""/home/arjaiswal/Polygeist/issues/aten_c_kernels/results/aten_atanh/debuf.mlir"", ""--dry-run"", ""--matcher-mode"", ""syntactic"", ""--telemetry-json"", ""/home/arjaiswal/Polygeist/issues/equality_saturation_eval/campaign_20260908/aten-aten_atanh-syntactic-rp27wpic.json"", ""--disable-semantic-fallback""]","== match report for /home/arjaiswal/Polygeist/issues/aten_c_kernels/results/aten_atanh/debuf.mlir ==
  match          body#[0]  cutensorUnary_atanh_f32
  total: 1 matched / 1 bodies
",0,[],0,0,0,0,/home/arjaiswal/Polygeist/issues/aten_c_kernels/results/aten_atanh/debuf.mlir,1889,0,1,1,296.22843489050865,0,65752,0.08156150579452515,0,2,0,0,"[{""body_indices"": [0], ""symbol"": ""cutensorUnary_atanh_f32""}]",1,0,12,0.0,12
aten,aten_atanh,/home/arjaiswal/Polygeist/issues/aten_c_kernels/results/aten_atanh/debuf.mlir,78b2c86e3100abca8bdffd15e9217fe41a12fb1eefb03a56ec7e9e51902c8a35,syntactic,2,ok,0,784.7703844308853,0,"[""/usr/bin/python3"", ""/home/arjaiswal/Polygeist/scripts/correctness/kernel_match_rewrite.py"", ""/home/arjaiswal/Polygeist/issues/aten_c_kernels/results/aten_atanh/debuf.mlir"", ""--dry-run"", ""--matcher-mode"", ""syntactic"", ""--telemetry-json"", ""/home/arjaiswal/Polygeist/issues/equality_saturation_eval/campaign_20260908/aten-aten_atanh-syntactic-rxz922ll.json"", ""--disable-semantic-fallback""]","== match report for /home/arjaiswal/Polygeist/issues/aten_c_kernels/results/aten_atanh/debuf.mlir ==
  match          body#[0]  cutensorUnary_atanh_f32
  total: 1 matched / 1 bodies
",0,[],0,0,0,0,/home/arjaiswal/Polygeist/issues/aten_c_kernels/results/aten_atanh/debuf.mlir,1889,0,1,1,322.8682763874531,0,65636,0.067833811044693,0,2,0,0,"[{""body_indices"": [0], ""symbol"": ""cutensorUnary_atanh_f32""}]",1,0,12,0.0,12
aten,aten_atanh,/home/arjaiswal/Polygeist/issues/aten_c_kernels/results/aten_atanh/debuf.mlir,78b2c86e3100abca8bdffd15e9217fe41a12fb1eefb03a56ec7e9e51902c8a35,egglog,2,ok,0,794.6142069995403,0,"[""/usr/bin/python3"", ""/home/arjaiswal/Polygeist/scripts/correctness/kernel_match_rewrite.py"", ""/home/arjaiswal/Polygeist/issues/aten_c_kernels/results/aten_atanh/debuf.mlir"", ""--dry-run"", ""--matcher-mode"", ""egglog"", ""--telemetry-json"", ""/home/arjaiswal/Polygeist/issues/equality_saturation_eval/campaign_20260908/aten-aten_atanh-egglog-aoe9n9ns.json"", ""--disable-semantic-fallback""]","== match report for /home/arjaiswal/Polygeist/issues/aten_c_kernels/results/aten_atanh/debuf.mlir ==
  match          body#[0]  cutensorUnary_atanh_f32
  total: 1 matched / 1 bodies
",0,[],0,0,0,0,/home/arjaiswal/Polygeist/issues/aten_c_kernels/results/aten_atanh/debuf.mlir,1889,8,1,1,330.7311050593853,0,69600,22.714462131261826,2,2,0,0,"[{""body_indices"": [0], ""symbol"": ""cutensorUnary_atanh_f32""}]",1,0,0,0.0,12
aten,aten_atanh,/home/arjaiswal/Polygeist/issues/aten_c_kernels/results/aten_atanh/debuf.mlir,78b2c86e3100abca8bdffd15e9217fe41a12fb1eefb03a56ec7e9e51902c8a35,egglog,3,ok,0,814.5885616540909,0,"[""/usr/bin/python3"", ""/home/arjaiswal/Polygeist/scripts/correctness/kernel_match_rewrite.py"", ""/home/arjaiswal/Polygeist/issues/aten_c_kernels/results/aten_atanh/debuf.mlir"", ""--dry-run"", ""--matcher-mode"", ""egglog"", ""--telemetry-json"", ""/home/arjaiswal/Polygeist/issues/equality_saturation_eval/campaign_20260908/aten-aten_atanh-egglog-i4wezc7d.json"", ""--disable-semantic-fallback""]","== match report for /home/arjaiswal/Polygeist/issues/aten_c_kernels/results/aten_atanh/debuf.mlir ==
  match          body#[0]  cutensorUnary_atanh_f32
  total: 1 matched / 1 bodies
",0,[],0,0,0,0,/home/arjaiswal/Polygeist/issues/aten_c_kernels/results/aten_atanh/debuf.mlir,1889,8,1,1,350.7940322160721,0,69536,22.780098021030426,2,2,0,0,"[{""body_indices"": [0], ""symbol"": ""cutensorUnary_atanh_f32""}]",1,0,0,0.0,12
aten,aten_atanh,/home/arjaiswal/Polygeist/issues/aten_c_kernels/results/aten_atanh/debuf.mlir,78b2c86e3100abca8bdffd15e9217fe41a12fb1eefb03a56ec7e9e51902c8a35,syntactic,3,ok,0,800.7733002305031,0,"[""/usr/bin/python3"", ""/home/arjaiswal/Polygeist/scripts/correctness/kernel_match_rewrite.py"", ""/home/arjaiswal/Polygeist/issues/aten_c_kernels/results/aten_atanh/debuf.mlir"", ""--dry-run"", ""--matcher-mode"", ""syntactic"", ""--telemetry-json"", ""/home/arjaiswal/Polygeist/issues/equality_saturation_eval/campaign_20260908/aten-aten_atanh-syntactic-zl5rvoq5.json"", ""--disable-semantic-fallback""]","== match report for /home/arjaiswal/Polygeist/issues/aten_c_kernels/results/aten_atanh/debuf.mlir ==
  match          body#[0]  cutensorUnary_atanh_f32
  total: 1 matched / 1 bodies
",0,[],0,0,0,0,/home/arjaiswal/Polygeist/issues/aten_c_kernels/results/aten_atanh/debuf.mlir,1889,0,1,1,315.0108903646469,0,65684,0.07283315062522888,0,2,0,0,"[{""body_indices"": [0], ""symbol"": ""cutensorUnary_atanh_f32""}]",1,0,12,0.0,12
aten,aten_atanh,/home/arjaiswal/Polygeist/issues/aten_c_kernels/results/aten_atanh/debuf.mlir,78b2c86e3100abca8bdffd15e9217fe41a12fb1eefb03a56ec7e9e51902c8a35,syntactic,4,ok,0,787.957563996315,0,"[""/usr/bin/python3"", ""/home/arjaiswal/Polygeist/scripts/correctness/kernel_match_rewrite.py"", ""/home/arjaiswal/Polygeist/issues/aten_c_kernels/results/aten_atanh/debuf.mlir"", ""--dry-run"", ""--matcher-mode"", ""syntactic"", ""--telemetry-json"", ""/home/arjaiswal/Polygeist/issues/equality_saturation_eval/campaign_20260908/aten-aten_atanh-syntactic-047zpizt.json"", ""--disable-semantic-fallback""]","== match report for /home/arjaiswal/Polygeist/issues/aten_c_kernels/results/aten_atanh/debuf.mlir ==
  match          body#[0]  cutensorUnary_atanh_f32
  total: 1 matched / 1 bodies
",0,[],0,0,0,0,/home/arjaiswal/Polygeist/issues/aten_c_kernels/results/aten_atanh/debuf.mlir,1889,0,1,1,312.6821592450142,0,65632,0.06911531090736389,0,2,0,0,"[{""body_indices"": [0], ""symbol"": ""cutensorUnary_atanh_f32""}]",1,0,12,0.0,12
aten,aten_atanh,/home/arjaiswal/Polygeist/issues/aten_c_kernels/results/aten_atanh/debuf.mlir,78b2c86e3100abca8bdffd15e9217fe41a12fb1eefb03a56ec7e9e51902c8a35,egglog,4,ok,0,802.4141937494278,0,"[""/usr/bin/python3"", ""/home/arjaiswal/Polygeist/scripts/correctness/kernel_match_rewrite.py"", ""/home/arjaiswal/Polygeist/issues/aten_c_kernels/results/aten_atanh/debuf.mlir"", ""--dry-run"", ""--matcher-mode"", ""egglog"", ""--telemetry-json"", ""/home/arjaiswal/Polygeist/issues/equality_saturation_eval/campaign_20260908/aten-aten_atanh-egglog-hb40vwu4.json"", ""--disable-semantic-fallback""]","== match report for /home/arjaiswal/Polygeist/issues/aten_c_kernels/results/aten_atanh/debuf.mlir ==
  match          body#[0]  cutensorUnary_atanh_f32
  total: 1 matched / 1 bodies
",0,[],0,0,0,0,/home/arjaiswal/Polygeist/issues/aten_c_kernels/results/aten_atanh/debuf.mlir,1889,8,1,1,332.20795169472694,0,69444,24.820227175951004,2,2,0,0,"[{""body_indices"": [0], ""symbol"": ""cutensorUnary_atanh_f32""}]",1,0,0,0.0,12
aten,aten_atanh,/home/arjaiswal/Polygeist/issues/aten_c_kernels/results/aten_atanh/debuf.mlir,78b2c86e3100abca8bdffd15e9217fe41a12fb1eefb03a56ec7e9e51902c8a35,egglog,5,ok,0,862.8438077867031,0,"[""/usr/bin/python3"", ""/home/arjaiswal/Polygeist/scripts/correctness/kernel_match_rewrite.py"", ""/home/arjaiswal/Polygeist/issues/aten_c_kernels/results/aten_atanh/debuf.mlir"", ""--dry-run"", ""--matcher-mode"", ""egglog"", ""--telemetry-json"", ""/home/arjaiswal/Polygeist/issues/equality_saturation_eval/campaign_20260908/aten-aten_atanh-egglog-zptdq9pr.json"", ""--disable-semantic-fallback""]","== match report for /home/arjaiswal/Polygeist/issues/aten_c_kernels/results/aten_atanh/debuf.mlir ==
  match          body#[0]  cutensorUnary_atanh_f32
  total: 1 matched / 1 bodies
",0,[],0,0,0,0,/home/arjaiswal/Polygeist/issues/aten_c_kernels/results/aten_atanh/debuf.mlir,1889,8,1,1,382.7676698565483,0,69188,26.149235665798187,2,2,0,0,"[{""body_indices"": [0], ""symbol"": ""cutensorUnary_atanh_f32""}]",1,0,0,0.0,12
aten,aten_atanh,/home/arjaiswal/Polygeist/issues/aten_c_kernels/results/aten_atanh/debuf.mlir,78b2c86e3100abca8bdffd15e9217fe41a12fb1eefb03a56ec7e9e51902c8a35,syntactic,5,ok,0,775.8015990257263,0,"[""/usr/bin/python3"", ""/home/arjaiswal/Polygeist/scripts/correctness/kernel_match_rewrite.py"", ""/home/arjaiswal/Polygeist/issues/aten_c_kernels/results/aten_atanh/debuf.mlir"", ""--dry-run"", ""--matcher-mode"", ""syntactic"", ""--telemetry-json"", ""/home/arjaiswal/Polygeist/issues/equality_saturation_eval/campaign_20260908/aten-aten_atanh-syntactic-9bp_mwsg.json"", ""--disable-semantic-fallback""]","== match report for /home/arjaiswal/Polygeist/issues/aten_c_kernels/results/aten_atanh/debuf.mlir ==
  match          body#[0]  cutensorUnary_atanh_f32
  total: 1 matched / 1 bodies
",0,[],0,0,0,0,/home/arjaiswal/Polygeist/issues/aten_c_kernels/results/aten_atanh/debuf.mlir,1889,0,1,1,303.36638912558556,0,65580,0.06809085607528687,0,2,0,0,"[{""body_indices"": [0], ""symbol"": ""cutensorUnary_atanh_f32""}]",1,0,12,0.0,12
aten,aten_avg_pool2d,/home/arjaiswal/Polygeist/issues/aten_c_kernels/results/aten_avg_pool2d/debuf.mlir,ca370acd72a68ba63622ea27cf83d588cb083d5c6876dcc0543f3b30c4c0f44c,syntactic,1,ok,0,779.4026285409927,0,"[""/usr/bin/python3"", ""/home/arjaiswal/Polygeist/scripts/correctness/kernel_match_rewrite.py"", ""/home/arjaiswal/Polygeist/issues/aten_c_kernels/results/aten_avg_pool2d/debuf.mlir"", ""--dry-run"", ""--matcher-mode"", ""syntactic"", ""--telemetry-json"", ""/home/arjaiswal/Polygeist/issues/equality_saturation_eval/campaign_20260908/aten-aten_avg_pool2d-syntactic-cqbg367i.json"", ""--disable-semantic-fallback""]","== match report for /home/arjaiswal/Polygeist/issues/aten_c_kernels/results/aten_avg_pool2d/debuf.mlir ==
  match          body#[0, 1]  cudnnConvolution2DWindow_f32
  total: 1 matched / 1 bodies
",0,[],0,0,0,0,/home/arjaiswal/Polygeist/issues/aten_c_kernels/results/aten_avg_pool2d/debuf.mlir,3126,0,2,2,325.97770914435387,0,65512,0.04085153341293335,0,8,0,0,"[{""body_indices"": [0, 1], ""symbol"": ""cudnnConvolution2DWindow_f32""}]",1,0,8,0.0,8
aten,aten_avg_pool2d,/home/arjaiswal/Polygeist/issues/aten_c_kernels/results/aten_avg_pool2d/debuf.mlir,ca370acd72a68ba63622ea27cf83d588cb083d5c6876dcc0543f3b30c4c0f44c,egglog,1,ok,0,834.723673760891,0,"[""/usr/bin/python3"", ""/home/arjaiswal/Polygeist/scripts/correctness/kernel_match_rewrite.py"", ""/home/arjaiswal/Polygeist/issues/aten_c_kernels/results/aten_avg_pool2d/debuf.mlir"", ""--dry-run"", ""--matcher-mode"", ""egglog"", ""--telemetry-json"", ""/home/arjaiswal/Polygeist/issues/equality_saturation_eval/campaign_20260908/aten-aten_avg_pool2d-egglog-2uc_ruws.json"", ""--disable-semantic-fallback""]","== match report for /home/arjaiswal/Polygeist/issues/aten_c_kernels/results/aten_avg_pool2d/debuf.mlir ==
  match          body#[0, 1]  cudnnConvolution2DWindow_f32
  total: 1 matched / 1 bodies
",0,[],0,0,0,0,/home/arjaiswal/Polygeist/issues/aten_c_kernels/results/aten_avg_pool2d/debuf.mlir,3126,8,2,2,376.1362358927727,0,69804,83.03927257657051,8,8,0,8,"[{""body_indices"": [0, 1], ""symbol"": ""cudnnConvolution2DWindow_f32""}]",1,0,0,0.0,8
aten,aten_avg_pool2d,/home/arjaiswal/Polygeist/issues/aten_c_kernels/results/aten_avg_pool2d/debuf.mlir,ca370acd72a68ba63622ea27cf83d588cb083d5c6876dcc0543f3b30c4c0f44c,egglog,2,ok,0,845.8109870553017,0,"[""/usr/bin/python3"", ""/home/arjaiswal/Polygeist/scripts/correctness/kernel_match_rewrite.py"", ""/home/arjaiswal/Polygeist/issues/aten_c_kernels/results/aten_avg_pool2d/debuf.mlir"", ""--dry-run"", ""--matcher-mode"", ""egglog"", ""--telemetry-json"", ""/home/arjaiswal/Polygeist/issues/equality_saturation_eval/campaign_20260908/aten-aten_avg_pool2d-egglog-pansvpfa.json"", ""--disable-semantic-fallback""]","== match report for /home/arjaiswal/Polygeist/issues/aten_c_kernels/results/aten_avg_pool2d/debuf.mlir ==
  match          body#[0, 1]  cudnnConvolution2DWindow_f32
  total: 1 matched / 1 bodies
",0,[],0,0,0,0,/home/arjaiswal/Polygeist/issues/aten_c_kernels/results/aten_avg_pool2d/debuf.mlir,3126,8,2,2,411.49357333779335,0,69904,97.52371162176132,8,8,0,8,"[{""body_indices"": [0, 1], ""symbol"": ""cudnnConvolution2DWindow_f32""}]",1,0,0,0.0,8
aten,aten_avg_pool2d,/home/arjaiswal/Polygeist/issues/aten_c_kernels/results/aten_avg_pool2d/debuf.mlir,ca370acd72a68ba63622ea27cf83d588cb083d5c6876dcc0543f3b30c4c0f44c,syntactic,2,ok,0,737.9699796438217,0,"[""/usr/bin/python3"", ""/home/arjaiswal/Polygeist/scripts/correctness/kernel_match_rewrite.py"", ""/home/arjaiswal/Polygeist/issues/aten_c_kernels/results/aten_avg_pool2d/debuf.mlir"", ""--dry-run"", ""--matcher-mode"", ""syntactic"", ""--telemetry-json"", ""/home/arjaiswal/Polygeist/issues/equality_saturation_eval/campaign_20260908/aten-aten_avg_pool2d-syntactic-mt2ntdq8.json"", ""--disable-semantic-fallback""]","== match report for /home/arjaiswal/Polygeist/issues/aten_c_kernels/results/aten_avg_pool2d/debuf.mlir ==
  match          body#[0, 1]  cudnnConvolution2DWindow_f32
  total: 1 matched / 1 bodies
",0,[],0,0,0,0,/home/arjaiswal/Polygeist/issues/aten_c_kernels/results/aten_avg_pool2d/debuf.mlir,3126,0,2,2,288.4184308350086,0,64608,0.038426369428634644,0,8,0,0,"[{""body_indices"": [0, 1], ""symbol"": ""cudnnConvolution2DWindow_f32""}]",1,0,8,0.0,8
aten,aten_avg_pool2d,/home/arjaiswal/Polygeist/issues/aten_c_kernels/results/aten_avg_pool2d/debuf.mlir,ca370acd72a68ba63622ea27cf83d588cb083d5c6876dcc0543f3b30c4c0f44c,syntactic,3,ok,0,731.1667166650295,0,"[""/usr/bin/python3"", ""/home/arjaiswal/Polygeist/scripts/correctness/kernel_match_rewrite.py"", ""/home/arjaiswal/Polygeist/issues/aten_c_kernels/results/aten_avg_pool2d/debuf.mlir"", ""--dry-run"", ""--matcher-mode"", ""syntactic"", ""--telemetry-json"", ""/home/arjaiswal/Polygeist/issues/equality_saturation_eval/campaign_20260908/aten-aten_avg_pool2d-syntactic-q8ntlj4p.json"", ""--disable-semantic-fallback""]","== match report for /home/arjaiswal/Polygeist/issues/aten_c_kernels/results/aten_avg_pool2d/debuf.mlir ==
  match          body#[0, 1]  cudnnConvolution2DWindow_f32
  total: 1 matched / 1 bodies
",0,[],0,0,0,0,/home/arjaiswal/Polygeist/issues/aten_c_kernels/results/aten_avg_pool2d/debuf.mlir,3126,0,2,2,283.2586020231247,0,65452,0.04858523607254028,0,8,0,0,"[{""body_indices"": [0, 1], ""symbol"": ""cudnnConvolution2DWindow_f32""}]",1,0,8,0.0,8
aten,aten_avg_pool2d,/home/arjaiswal/Polygeist/issues/aten_c_kernels/results/aten_avg_pool2d/debuf.mlir,ca370acd72a68ba63622ea27cf83d588cb083d5c6876dcc0543f3b30c4c0f44c,egglog,3,ok,0,811.5294724702835,0,"[""/usr/bin/python3"", ""/home/arjaiswal/Polygeist/scripts/correctness/kernel_match_rewrite.py"", ""/home/arjaiswal/Polygeist/issues/aten_c_kernels/results/aten_avg_pool2d/debuf.mlir"", ""--dry-run"", ""--matcher-mode"", ""egglog"", ""--telemetry-json"", ""/home/arjaiswal/Polygeist/issues/equality_saturation_eval/campaign_20260908/aten-aten_avg_pool2d-egglog-xtcdzv9y.json"", ""--disable-semantic-fallback""]","== match report for /home/arjaiswal/Polygeist/issues/aten_c_kernels/results/aten_avg_pool2d/debuf.mlir ==
  match          body#[0, 1]  cudnnConvolution2DWindow_f32
  total: 1 matched / 1 bodies
",0,[],0,0,0,0,/home/arjaiswal/Polygeist/issues/aten_c_kernels/results/aten_avg_pool2d/debuf.mlir,3126,8,2,2,368.1001700460911,0,69792,83.1652507185936,8,8,0,8,"[{""body_indices"": [0, 1], ""symbol"": ""cudnnConvolution2DWindow_f32""}]",1,0,0,0.0,8
aten,aten_avg_pool2d,/home/arjaiswal/Polygeist/issues/aten_c_kernels/results/aten_avg_pool2d/debuf.mlir,ca370acd72a68ba63622ea27cf83d588cb083d5c6876dcc0543f3b30c4c0f44c,egglog,4,ok,0,831.7725919187069,0,"[""/usr/bin/python3"", ""/home/arjaiswal/Polygeist/scripts/correctness/kernel_match_rewrite.py"", ""/home/arjaiswal/Polygeist/issues/aten_c_kernels/results/aten_avg_pool2d/debuf.mlir"", ""--dry-run"", ""--matcher-mode"", ""egglog"", ""--telemetry-json"", ""/home/arjaiswal/Polygeist/issues/equality_saturation_eval/campaign_20260908/aten-aten_avg_pool2d-egglog-2n29ekf_.json"", ""--disable-semantic-fallback""]","== match report for /home/arjaiswal/Polygeist/issues/aten_c_kernels/results/aten_avg_pool2d/debuf.mlir ==
  match          body#[0, 1]  cudnnConvolution2DWindow_f32
  total: 1 matched / 1 bodies
",0,[],0,0,0,0,/home/arjaiswal/Polygeist/issues/aten_c_kernels/results/aten_avg_pool2d/debuf.mlir,3126,8,2,2,396.36820554733276,0,69748,88.16535770893097,8,8,0,8,"[{""body_indices"": [0, 1], ""symbol"": ""cudnnConvolution2DWindow_f32""}]",1,0,0,0.0,8
aten,aten_avg_pool2d,/home/arjaiswal/Polygeist/issues/aten_c_kernels/results/aten_avg_pool2d/debuf.mlir,ca370acd72a68ba63622ea27cf83d588cb083d5c6876dcc0543f3b30c4c0f44c,syntactic,4,ok,0,745.9914609789848,0,"[""/usr/bin/python3"", ""/home/arjaiswal/Polygeist/scripts/correctness/kernel_match_rewrite.py"", ""/home/arjaiswal/Polygeist/issues/aten_c_kernels/results/aten_avg_pool2d/debuf.mlir"", ""--dry-run"", ""--matcher-mode"", ""syntactic"", ""--telemetry-json"", ""/home/arjaiswal/Polygeist/issues/equality_saturation_eval/campaign_20260908/aten-aten_avg_pool2d-syntactic-c7hh2qg2.json"", ""--disable-semantic-fallback""]","== match report for /home/arjaiswal/Polygeist/issues/aten_c_kernels/results/aten_avg_pool2d/debuf.mlir ==
  match          body#[0, 1]  cudnnConvolution2DWindow_f32
  total: 1 matched / 1 bodies
",0,[],0,0,0,0,/home/arjaiswal/Polygeist/issues/aten_c_kernels/results/aten_avg_pool2d/debuf.mlir,3126,0,2,2,295.23713141679764,0,65596,0.04051625728607178,0,8,0,0,"[{""body_indices"": [0, 1], ""symbol"": ""cudnnConvolution2DWindow_f32""}]",1,0,8,0.0,8
aten,aten_avg_pool2d,/home/arjaiswal/Polygeist/issues/aten_c_kernels/results/aten_avg_pool2d/debuf.mlir,ca370acd72a68ba63622ea27cf83d588cb083d5c6876dcc0543f3b30c4c0f44c,syntactic,5,ok,0,748.1581047177315,0,"[""/usr/bin/python3"", ""/home/arjaiswal/Polygeist/scripts/correctness/kernel_match_rewrite.py"", ""/home/arjaiswal/Polygeist/issues/aten_c_kernels/results/aten_avg_pool2d/debuf.mlir"", ""--dry-run"", ""--matcher-mode"", ""syntactic"", ""--telemetry-json"", ""/home/arjaiswal/Polygeist/issues/equality_saturation_eval/campaign_20260908/aten-aten_avg_pool2d-syntactic-30np9emv.json"", ""--disable-semantic-fallback""]","== match report for /home/arjaiswal/Polygeist/issues/aten_c_kernels/results/aten_avg_pool2d/debuf.mlir ==
  match          body#[0, 1]  cudnnConvolution2DWindow_f32
  total: 1 matched / 1 bodies
",0,[],0,0,0,0,/home/arjaiswal/Polygeist/issues/aten_c_kernels/results/aten_avg_pool2d/debuf.mlir,3126,0,2,2,304.10799011588097,0,65620,0.04092603921890259,0,8,0,0,"[{""body_indices"": [0, 1], ""symbol"": ""cudnnConvolution2DWindow_f32""}]",1,0,8,0.0,8
aten,aten_avg_pool2d,/home/arjaiswal/Polygeist/issues/aten_c_kernels/results/aten_avg_pool2d/debuf.mlir,ca370acd72a68ba63622ea27cf83d588cb083d5c6876dcc0543f3b30c4c0f44c,egglog,5,ok,0,824.7688822448254,0,"[""/usr/bin/python3"", ""/home/arjaiswal/Polygeist/scripts/correctness/kernel_match_rewrite.py"", ""/home/arjaiswal/Polygeist/issues/aten_c_kernels/results/aten_avg_pool2d/debuf.mlir"", ""--dry-run"", ""--matcher-mode"", ""egglog"", ""--telemetry-json"", ""/home/arjaiswal/Polygeist/issues/equality_saturation_eval/campaign_20260908/aten-aten_avg_pool2d-egglog-2e7p4b2a.json"", ""--disable-semantic-fallback""]","== match report for /home/arjaiswal/Polygeist/issues/aten_c_kernels/results/aten_avg_pool2d/debuf.mlir ==
  match          body#[0, 1]  cudnnConvolution2DWindow_f32
  total: 1 matched / 1 bodies
",0,[],0,0,0,0,/home/arjaiswal/Polygeist/issues/aten_c_kernels/results/aten_avg_pool2d/debuf.mlir,3126,8,2,2,362.3669072985649,0,69708,79.41946759819984,8,8,0,8,"[{""body_indices"": [0, 1], ""symbol"": ""cudnnConvolution2DWindow_f32""}]",1,0,0,0.0,8
aten,aten_avg_pool2d_backward_cpu,/home/arjaiswal/Polygeist/issues/aten_c_kernels/results/aten_avg_pool2d_backward_cpu/debuf.mlir,4c4ebe3646567aeafb47b6880f729a5f672177b6c273aa10385c12a203db5097,egglog,1,ok,0,972.0210917294025,0,"[""/usr/bin/python3"", ""/home/arjaiswal/Polygeist/scripts/correctness/kernel_match_rewrite.py"", ""/home/arjaiswal/Polygeist/issues/aten_c_kernels/results/aten_avg_pool2d_backward_cpu/debuf.mlir"", ""--dry-run"", ""--matcher-mode"", ""egglog"", ""--telemetry-json"", ""/home/arjaiswal/Polygeist/issues/equality_saturation_eval/campaign_20260908/aten-aten_avg_pool2d_backward_cpu-egglog-pi98bg5o.json"", ""--disable-semantic-fallback""]","== match report for /home/arjaiswal/Polygeist/issues/aten_c_kernels/results/aten_avg_pool2d_backward_cpu/debuf.mlir ==
  match          body#[0]  memset_zero_1D_f32
  no_match       body#1  ?
  total: 1 matched / 2 bodies
",0,[],0,0,0,0,/home/arjaiswal/Polygeist/issues/aten_c_kernels/results/aten_avg_pool2d_backward_cpu/debuf.mlir,3354,8,2,1,539.5763665437698,1,70104,198.9111416041851,20,20,0,0,"[{""body_indices"": [0], ""symbol"": ""memset_zero_1D_f32""}]",1,0,0,0.0,28
aten,aten_avg_pool2d_backward_cpu,/home/arjaiswal/Polygeist/issues/aten_c_kernels/results/aten_avg_pool2d_backward_cpu/debuf.mlir,4c4ebe3646567aeafb47b6880f729a5f672177b6c273aa10385c12a203db5097,syntactic,1,ok,0,812.0470307767391,0,"[""/usr/bin/python3"", ""/home/arjaiswal/Polygeist/scripts/correctness/kernel_match_rewrite.py"", ""/home/arjaiswal/Polygeist/issues/aten_c_kernels/results/aten_avg_pool2d_backward_cpu/debuf.mlir"", ""--dry-run"", ""--matcher-mode"", ""syntactic"", ""--telemetry-json"", ""/home/arjaiswal/Polygeist/issues/equality_saturation_eval/campaign_20260908/aten-aten_avg_pool2d_backward_cpu-syntactic-osnecj5q.json"", ""--disable-semantic-fallback""]","== match report for /home/arjaiswal/Polygeist/issues/aten_c_kernels/results/aten_avg_pool2d_backward_cpu/debuf.mlir ==
  match          body#[0]  memset_zero_1D_f32
  no_match       body#1  ?
  total: 1 matched / 2 bodies
",0,[],0,0,0,0,/home/arjaiswal/Polygeist/issues/aten_c_kernels/results/aten_avg_pool2d_backward_cpu/debuf.mlir,3354,0,2,1,362.10713535547256,1,65992,0.09268149733543396,0,20,0,0,"[{""body_indices"": [0], ""symbol"": ""memset_zero_1D_f32""}]",1,0,28,0.0,28
aten,aten_avg_pool2d_backward_cpu,/home/arjaiswal/Polygeist/issues/aten_c_kernels/results/aten_avg_pool2d_backward_cpu/debuf.mlir,4c4ebe3646567aeafb47b6880f729a5f672177b6c273aa10385c12a203db5097,syntactic,2,ok,0,770.1757550239563,0,"[""/usr/bin/python3"", ""/home/arjaiswal/Polygeist/scripts/correctness/kernel_match_rewrite.py"", ""/home/arjaiswal/Polygeist/issues/aten_c_kernels/results/aten_avg_pool2d_backward_cpu/debuf.mlir"", ""--dry-run"", ""--matcher-mode"", ""syntactic"", ""--telemetry-json"", ""/home/arjaiswal/Polygeist/issues/equality_saturation_eval/campaign_20260908/aten-aten_avg_pool2d_backward_cpu-syntactic-vylh663e.json"", ""--disable-semantic-fallback""]","== match report for /home/arjaiswal/Polygeist/issues/aten_c_kernels/results/aten_avg_pool2d_backward_cpu/debuf.mlir ==
  match          body#[0]  memset_zero_1D_f32
  no_match       body#1  ?
  total: 1 matched / 2 bodies
",0,[],0,0,0,0,/home/arjaiswal/Polygeist/issues/aten_c_kernels/results/aten_avg_pool2d_backward_cpu/debuf.mlir,3354,0,2,1,330.43966442346573,1,65984,0.08491799235343933,0,20,0,0,"[{""body_indices"": [0], ""symbol"": ""memset_zero_1D_f32""}]",1,0,28,0.0,28
aten,aten_avg_pool2d_backward_cpu,/home/arjaiswal/Polygeist/issues/aten_c_kernels/results/aten_avg_pool2d_backward_cpu/debuf.mlir,4c4ebe3646567aeafb47b6880f729a5f672177b6c273aa10385c12a203db5097,egglog,2,ok,0,990.7854199409485,0,"[""/usr/bin/python3"", ""/home/arjaiswal/Polygeist/scripts/correctness/kernel_match_rewrite.py"", ""/home/arjaiswal/Polygeist/issues/aten_c_kernels/results/aten_avg_pool2d_backward_cpu/debuf.mlir"", ""--dry-run"", ""--matcher-mode"", ""egglog"", ""--telemetry-json"", ""/home/arjaiswal/Polygeist/issues/equality_saturation_eval/campaign_20260908/aten-aten_avg_pool2d_backward_cpu-egglog-alknp43q.json"", ""--disable-semantic-fallback""]","== match report for /home/arjaiswal/Polygeist/issues/aten_c_kernels/results/aten_avg_pool2d_backward_cpu/debuf.mlir ==
  match          body#[0]  memset_zero_1D_f32
  no_match       body#1  ?
  total: 1 matched / 2 bodies
",0,[],0,0,0,0,/home/arjaiswal/Polygeist/issues/aten_c_kernels/results/aten_avg_pool2d_backward_cpu/debuf.mlir,3354,8,2,1,545.8647981286049,1,69920,198.22901487350464,20,20,0,0,"[{""body_indices"": [0], ""symbol"": ""memset_zero_1D_f32""}]",1,0,0,0.0,28
aten,aten_avg_pool2d_backward_cpu,/home/arjaiswal/Polygeist/issues/aten_c_kernels/results/aten_avg_pool2d_backward_cpu/debuf.mlir,4c4ebe3646567aeafb47b6880f729a5f672177b6c273aa10385c12a203db5097,egglog,3,ok,0,995.7558065652847,0,"[""/usr/bin/python3"", ""/home/arjaiswal/Polygeist/scripts/correctness/kernel_match_rewrite.py"", ""/home/arjaiswal/Polygeist/issues/aten_c_kernels/results/aten_avg_pool2d_backward_cpu/debuf.mlir"", ""--dry-run"", ""--matcher-mode"", ""egglog"", ""--telemetry-json"", ""/home/arjaiswal/Polygeist/issues/equality_saturation_eval/campaign_20260908/aten-aten_avg_pool2d_backward_cpu-egglog-osuuz61q.json"", ""--disable-semantic-fallback""]","== match report for /home/arjaiswal/Polygeist/issues/aten_c_kernels/results/aten_avg_pool2d_backward_cpu/debuf.mlir ==
  match          body#[0]  memset_zero_1D_f32
  no_match       body#1  ?
  total: 1 matched / 2 bodies
",0,[],0,0,0,0,/home/arjaiswal/Polygeist/issues/aten_c_kernels/results/aten_avg_pool2d_backward_cpu/debuf.mlir,3354,8,2,1,536.750752478838,1,70144,196.9936527311802,20,20,0,0,"[{""body_indices"": [0], ""symbol"": ""memset_zero_1D_f32""}]",1,0,0,0.0,28
aten,aten_avg_pool2d_backward_cpu,/home/arjaiswal/Polygeist/issues/aten_c_kernels/results/aten_avg_pool2d_backward_cpu/debuf.mlir,4c4ebe3646567aeafb47b6880f729a5f672177b6c273aa10385c12a203db5097,syntactic,3,ok,0,800.2683185040951,0,"[""/usr/bin/python3"", ""/home/arjaiswal/Polygeist/scripts/correctness/kernel_match_rewrite.py"", ""/home/arjaiswal/Polygeist/issues/aten_c_kernels/results/aten_avg_pool2d_backward_cpu/debuf.mlir"", ""--dry-run"", ""--matcher-mode"", ""syntactic"", ""--telemetry-json"", ""/home/arjaiswal/Polygeist/issues/equality_saturation_eval/campaign_20260908/aten-aten_avg_pool2d_backward_cpu-syntactic-n8kv2cbt.json"", ""--disable-semantic-fallback""]","== match report for /home/arjaiswal/Polygeist/issues/aten_c_kernels/results/aten_avg_pool2d_backward_cpu/debuf.mlir ==
  match          body#[0]  memset_zero_1D_f32
  no_match       body#1  ?
  total: 1 matched / 2 bodies
",0,[],0,0,0,0,/home/arjaiswal/Polygeist/issues/aten_c_kernels/results/aten_avg_pool2d_backward_cpu/debuf.mlir,3354,0,2,1,337.22586929798126,1,65888,0.0872202217578888,0,20,0,0,"[{""body_indices"": [0], ""symbol"": ""memset_zero_1D_f32""}]",1,0,28,0.0,28
aten,aten_avg_pool2d_backward_cpu,/home/arjaiswal/Polygeist/issues/aten_c_kernels/results/aten_avg_pool2d_backward_cpu/debuf.mlir,4c4ebe3646567aeafb47b6880f729a5f672177b6c273aa10385c12a203db5097,syntactic,4,ok,0,801.599457859993,0,"[""/usr/bin/python3"", ""/home/arjaiswal/Polygeist/scripts/correctness/kernel_match_rewrite.py"", ""/home/arjaiswal/Polygeist/issues/aten_c_kernels/results/aten_avg_pool2d_backward_cpu/debuf.mlir"", ""--dry-run"", ""--matcher-mode"", ""syntactic"", ""--telemetry-json"", ""/home/arjaiswal/Polygeist/issues/equality_saturation_eval/campaign_20260908/aten-aten_avg_pool2d_backward_cpu-syntactic-h0lykmbh.json"", ""--disable-semantic-fallback""]","== match report for /home/arjaiswal/Polygeist/issues/aten_c_kernels/results/aten_avg_pool2d_backward_cpu/debuf.mlir ==
  match          body#[0]  memset_zero_1D_f32
  no_match       body#1  ?
  total: 1 matched / 2 bodies
",0,[],0,0,0,0,/home/arjaiswal/Polygeist/issues/aten_c_kernels/results/aten_avg_pool2d_backward_cpu/debuf.mlir,3354,0,2,1,352.08985954523087,1,65844,0.09355321526527405,0,20,0,0,"[{""body_indices"": [0], ""symbol"": ""memset_zero_1D_f32""}]",1,0,28,0.0,28
aten,aten_avg_pool2d_backward_cpu,/home/arjaiswal/Polygeist/issues/aten_c_kernels/results/aten_avg_pool2d_backward_cpu/debuf.mlir,4c4ebe3646567aeafb47b6880f729a5f672177b6c273aa10385c12a203db5097,egglog,4,ok,0,1008.5555911064148,0,"[""/usr/bin/python3"", ""/home/arjaiswal/Polygeist/scripts/correctness/kernel_match_rewrite.py"", ""/home/arjaiswal/Polygeist/issues/aten_c_kernels/results/aten_avg_pool2d_backward_cpu/debuf.mlir"", ""--dry-run"", ""--matcher-mode"", ""egglog"", ""--telemetry-json"", ""/home/arjaiswal/Polygeist/issues/equality_saturation_eval/campaign_20260908/aten-aten_avg_pool2d_backward_cpu-egglog-ttyk_c1w.json"", ""--disable-semantic-fallback""]","== match report for /home/arjaiswal/Polygeist/issues/aten_c_kernels/results/aten_avg_pool2d_backward_cpu/debuf.mlir ==
  match          body#[0]  memset_zero_1D_f32
  no_match       body#1  ?
  total: 1 matched / 2 bodies
",0,[],0,0,0,0,/home/arjaiswal/Polygeist/issues/aten_c_kernels/results/aten_avg_pool2d_backward_cpu/debuf.mlir,3354,8,2,1,550.3206923604012,1,70240,197.73060455918312,20,20,0,0,"[{""body_indices"": [0], ""symbol"": ""memset_zero_1D_f32""}]",1,0,0,0.0,28
aten,aten_avg_pool2d_backward_cpu,/home/arjaiswal/Polygeist/issues/aten_c_kernels/results/aten_avg_pool2d_backward_cpu/debuf.mlir,4c4ebe3646567aeafb47b6880f729a5f672177b6c273aa10385c12a203db5097,egglog,5,ok,0,977.686945348978,0,"[""/usr/bin/python3"", ""/home/arjaiswal/Polygeist/scripts/correctness/kernel_match_rewrite.py"", ""/home/arjaiswal/Polygeist/issues/aten_c_kernels/results/aten_avg_pool2d_backward_cpu/debuf.mlir"", ""--dry-run"", ""--matcher-mode"", ""egglog"", ""--telemetry-json"", ""/home/arjaiswal/Polygeist/issues/equality_saturation_eval/campaign_20260908/aten-aten_avg_pool2d_backward_cpu-egglog-uej23ja9.json"", ""--disable-semantic-fallback""]","== match report for /home/arjaiswal/Polygeist/issues/aten_c_kernels/results/aten_avg_pool2d_backward_cpu/debuf.mlir ==
  match          body#[0]  memset_zero_1D_f32
  no_match       body#1  ?
  total: 1 matched / 2 bodies
",0,[],0,0,0,0,/home/arjaiswal/Polygeist/issues/aten_c_kernels/results/aten_avg_pool2d_backward_cpu/debuf.mlir,3354,8,2,1,537.1925942599773,1,70100,193.68034228682518,20,20,0,0,"[{""body_indices"": [0], ""symbol"": ""memset_zero_1D_f32""}]",1,0,0,0.0,28
aten,aten_avg_pool2d_backward_cpu,/home/arjaiswal/Polygeist/issues/aten_c_kernels/results/aten_avg_pool2d_backward_cpu/debuf.mlir,4c4ebe3646567aeafb47b6880f729a5f672177b6c273aa10385c12a203db5097,syntactic,5,ok,0,804.9430139362812,0,"[""/usr/bin/python3"", ""/home/arjaiswal/Polygeist/scripts/correctness/kernel_match_rewrite.py"", ""/home/arjaiswal/Polygeist/issues/aten_c_kernels/results/aten_avg_pool2d_backward_cpu/debuf.mlir"", ""--dry-run"", ""--matcher-mode"", ""syntactic"", ""--telemetry-json"", ""/home/arjaiswal/Polygeist/issues/equality_saturation_eval/campaign_20260908/aten-aten_avg_pool2d_backward_cpu-syntactic-zxzay4ap.json"", ""--disable-semantic-fallback""]","== match report for /home/arjaiswal/Polygeist/issues/aten_c_kernels/results/aten_avg_pool2d_backward_cpu/debuf.mlir ==
  match          body#[0]  memset_zero_1D_f32
  no_match       body#1  ?
  total: 1 matched / 2 bodies
",0,[],0,0,0,0,/home/arjaiswal/Polygeist/issues/aten_c_kernels/results/aten_avg_pool2d_backward_cpu/debuf.mlir,3354,0,2,1,347.5673161447048,1,66012,0.08822605013847351,0,20,0,0,"[{""body_indices"": [0], ""symbol"": ""memset_zero_1D_f32""}]",1,0,28,0.0,28
aten,aten_avg_pool2d_cpu,/home/arjaiswal/Polygeist/issues/aten_c_kernels/results/aten_avg_pool2d_cpu/debuf.mlir,6ccd0cf5f9a7fd14005378a615684c58dca25309ac7b8f2445fa00e1faf9bc1b,syntactic,1,ok,0,745.7794956862926,0,"[""/usr/bin/python3"", ""/home/arjaiswal/Polygeist/scripts/correctness/kernel_match_rewrite.py"", ""/home/arjaiswal/Polygeist/issues/aten_c_kernels/results/aten_avg_pool2d_cpu/debuf.mlir"", ""--dry-run"", ""--matcher-mode"", ""syntactic"", ""--telemetry-json"", ""/home/arjaiswal/Polygeist/issues/equality_saturation_eval/campaign_20260908/aten-aten_avg_pool2d_cpu-syntactic-mf9vs88u.json"", ""--disable-semantic-fallback""]","== match report for /home/arjaiswal/Polygeist/issues/aten_c_kernels/results/aten_avg_pool2d_cpu/debuf.mlir ==
  no_match       body#0  ?
  total: 0 matched / 1 bodies
",0,[],0,0,0,0,/home/arjaiswal/Polygeist/issues/aten_c_kernels/results/aten_avg_pool2d_cpu/debuf.mlir,2686,0,1,0,306.35297670960426,1,65656,0.03653764724731445,0,0,0,0,[],0,0,8,0.0,8
aten,aten_avg_pool2d_cpu,/home/arjaiswal/Polygeist/issues/aten_c_kernels/results/aten_avg_pool2d_cpu/debuf.mlir,6ccd0cf5f9a7fd14005378a615684c58dca25309ac7b8f2445fa00e1faf9bc1b,egglog,1,ok,0,777.7975872159004,0,"[""/usr/bin/python3"", ""/home/arjaiswal/Polygeist/scripts/correctness/kernel_match_rewrite.py"", ""/home/arjaiswal/Polygeist/issues/aten_c_kernels/results/aten_avg_pool2d_cpu/debuf.mlir"", ""--dry-run"", ""--matcher-mode"", ""egglog"", ""--telemetry-json"", ""/home/arjaiswal/Polygeist/issues/equality_saturation_eval/campaign_20260908/aten-aten_avg_pool2d_cpu-egglog-yk8755eg.json"", ""--disable-semantic-fallback""]","== match report for /home/arjaiswal/Polygeist/issues/aten_c_kernels/results/aten_avg_pool2d_cpu/debuf.mlir ==
  no_match       body#0  ?
  total: 0 matched / 1 bodies
",0,[],0,0,0,0,/home/arjaiswal/Polygeist/issues/aten_c_kernels/results/aten_avg_pool2d_cpu/debuf.mlir,2686,8,1,0,315.7733641564846,1,65732,0.0,0,0,0,0,[],0,0,0,0.0,8
aten,aten_avg_pool2d_cpu,/home/arjaiswal/Polygeist/issues/aten_c_kernels/results/aten_avg_pool2d_cpu/debuf.mlir,6ccd0cf5f9a7fd14005378a615684c58dca25309ac7b8f2445fa00e1faf9bc1b,egglog,2,ok,0,766.3753516972065,0,"[""/usr/bin/python3"", ""/home/arjaiswal/Polygeist/scripts/correctness/kernel_match_rewrite.py"", ""/home/arjaiswal/Polygeist/issues/aten_c_kernels/results/aten_avg_pool2d_cpu/debuf.mlir"", ""--dry-run"", ""--matcher-mode"", ""egglog"", ""--telemetry-json"", ""/home/arjaiswal/Polygeist/issues/equality_saturation_eval/campaign_20260908/aten-aten_avg_pool2d_cpu-egglog-binn9p2o.json"", ""--disable-semantic-fallback""]","== match report for /home/arjaiswal/Polygeist/issues/aten_c_kernels/results/aten_avg_pool2d_cpu/debuf.mlir ==
  no_match       body#0  ?
  total: 0 matched / 1 bodies
",0,[],0,0,0,0,/home/arjaiswal/Polygeist/issues/aten_c_kernels/results/aten_avg_pool2d_cpu/debuf.mlir,2686,8,1,0,305.35467341542244,1,65588,0.0,0,0,0,0,[],0,0,0,0.0,8
aten,aten_avg_pool2d_cpu,/home/arjaiswal/Polygeist/issues/aten_c_kernels/results/aten_avg_pool2d_cpu/debuf.mlir,6ccd0cf5f9a7fd14005378a615684c58dca25309ac7b8f2445fa00e1faf9bc1b,syntactic,2,ok,0,758.7511576712132,0,"[""/usr/bin/python3"", ""/home/arjaiswal/Polygeist/scripts/correctness/kernel_match_rewrite.py"", ""/home/arjaiswal/Polygeist/issues/aten_c_kernels/results/aten_avg_pool2d_cpu/debuf.mlir"", ""--dry-run"", ""--matcher-mode"", ""syntactic"", ""--telemetry-json"", ""/home/arjaiswal/Polygeist/issues/equality_saturation_eval/campaign_20260908/aten-aten_avg_pool2d_cpu-syntactic-u03e0bcb.json"", ""--disable-semantic-fallback""]","== match report for /home/arjaiswal/Polygeist/issues/aten_c_kernels/results/aten_avg_pool2d_cpu/debuf.mlir ==
  no_match       body#0  ?
  total: 0 matched / 1 bodies
",0,[],0,0,0,0,/home/arjaiswal/Polygeist/issues/aten_c_kernels/results/aten_avg_pool2d_cpu/debuf.mlir,2686,0,1,0,302.6859723031521,1,65480,0.02352893352508545,0,0,0,0,[],0,0,8,0.0,8
aten,aten_avg_pool2d_cpu,/home/arjaiswal/Polygeist/issues/aten_c_kernels/results/aten_avg_pool2d_cpu/debuf.mlir,6ccd0cf5f9a7fd14005378a615684c58dca25309ac7b8f2445fa00e1faf9bc1b,syntactic,3,ok,0,763.7908160686493,0,"[""/usr/bin/python3"", ""/home/arjaiswal/Polygeist/scripts/correctness/kernel_match_rewrite.py"", ""/home/arjaiswal/Polygeist/issues/aten_c_kernels/results/aten_avg_pool2d_cpu/debuf.mlir"", ""--dry-run"", ""--matcher-mode"", ""syntactic"", ""--telemetry-json"", ""/home/arjaiswal/Polygeist/issues/equality_saturation_eval/campaign_20260908/aten-aten_avg_pool2d_cpu-syntactic-6fcfy3k3.json"", ""--disable-semantic-fallback""]","== match report for /home/arjaiswal/Polygeist/issues/aten_c_kernels/results/aten_avg_pool2d_cpu/debuf.mlir ==
  no_match       body#0  ?
  total: 0 matched / 1 bodies
",0,[],0,0,0,0,/home/arjaiswal/Polygeist/issues/aten_c_kernels/results/aten_avg_pool2d_cpu/debuf.mlir,2686,0,1,0,318.25097650289536,1,65652,0.022184103727340698,0,0,0,0,[],0,0,8,0.0,8
aten,aten_avg_pool2d_cpu,/home/arjaiswal/Polygeist/issues/aten_c_kernels/results/aten_avg_pool2d_cpu/debuf.mlir,6ccd0cf5f9a7fd14005378a615684c58dca25309ac7b8f2445fa00e1faf9bc1b,egglog,3,ok,0,747.5274465978146,0,"[""/usr/bin/python3"", ""/home/arjaiswal/Polygeist/scripts/correctness/kernel_match_rewrite.py"", ""/home/arjaiswal/Polygeist/issues/aten_c_kernels/results/aten_avg_pool2d_cpu/debuf.mlir"", ""--dry-run"", ""--matcher-mode"", ""egglog"", ""--telemetry-json"", ""/home/arjaiswal/Polygeist/issues/equality_saturation_eval/campaign_20260908/aten-aten_avg_pool2d_cpu-egglog-3y1_9ljw.json"", ""--disable-semantic-fallback""]","== match report for /home/arjaiswal/Polygeist/issues/aten_c_kernels/results/aten_avg_pool2d_cpu/debuf.mlir ==
  no_match       body#0  ?
  total: 0 matched / 1 bodies
",0,[],0,0,0,0,/home/arjaiswal/Polygeist/issues/aten_c_kernels/results/aten_avg_pool2d_cpu/debuf.mlir,2686,8,1,0,302.7317672967911,1,65484,0.0,0,0,0,0,[],0,0,0,0.0,8
aten,aten_avg_pool2d_cpu,/home/arjaiswal/Polygeist/issues/aten_c_kernels/results/aten_avg_pool2d_cpu/debuf.mlir,6ccd0cf5f9a7fd14005378a615684c58dca25309ac7b8f2445fa00e1faf9bc1b,egglog,4,ok,0,748.4930902719498,0,"[""/usr/bin/python3"", ""/home/arjaiswal/Polygeist/scripts/correctness/kernel_match_rewrite.py"", ""/home/arjaiswal/Polygeist/issues/aten_c_kernels/results/aten_avg_pool2d_cpu/debuf.mlir"", ""--dry-run"", ""--matcher-mode"", ""egglog"", ""--telemetry-json"", ""/home/arjaiswal/Polygeist/issues/equality_saturation_eval/campaign_20260908/aten-aten_avg_pool2d_cpu-egglog-ufkc2usi.json"", ""--disable-semantic-fallback""]","== match report for /home/arjaiswal/Polygeist/issues/aten_c_kernels/results/aten_avg_pool2d_cpu/debuf.mlir ==
  no_match       body#0  ?
  total: 0 matched / 1 bodies
",0,[],0,0,0,0,/home/arjaiswal/Polygeist/issues/aten_c_kernels/results/aten_avg_pool2d_cpu/debuf.mlir,2686,8,1,0,302.6582598686218,1,65592,0.0,0,0,0,0,[],0,0,0,0.0,8
aten,aten_avg_pool2d_cpu,/home/arjaiswal/Polygeist/issues/aten_c_kernels/results/aten_avg_pool2d_cpu/debuf.mlir,6ccd0cf5f9a7fd14005378a615684c58dca25309ac7b8f2445fa00e1faf9bc1b,syntactic,4,ok,0,733.7240464985371,0,"[""/usr/bin/python3"", ""/home/arjaiswal/Polygeist/scripts/correctness/kernel_match_rewrite.py"", ""/home/arjaiswal/Polygeist/issues/aten_c_kernels/results/aten_avg_pool2d_cpu/debuf.mlir"", ""--dry-run"", ""--matcher-mode"", ""syntactic"", ""--telemetry-json"", ""/home/arjaiswal/Polygeist/issues/equality_saturation_eval/campaign_20260908/aten-aten_avg_pool2d_cpu-syntactic-tpxev_ni.json"", ""--disable-semantic-fallback""]","== match report for /home/arjaiswal/Polygeist/issues/aten_c_kernels/results/aten_avg_pool2d_cpu/debuf.mlir ==
  no_match       body#0  ?
  total: 0 matched / 1 bodies
",0,[],0,0,0,0,/home/arjaiswal/Polygeist/issues/aten_c_kernels/results/aten_avg_pool2d_cpu/debuf.mlir,2686,0,1,0,305.03082275390625,1,65808,0.02076476812362671,0,0,0,0,[],0,0,8,0.0,8
aten,aten_avg_pool2d_cpu,/home/arjaiswal/Polygeist/issues/aten_c_kernels/results/aten_avg_pool2d_cpu/debuf.mlir,6ccd0cf5f9a7fd14005378a615684c58dca25309ac7b8f2445fa00e1faf9bc1b,syntactic,5,ok,0,720.8865247666836,0,"[""/usr/bin/python3"", ""/home/arjaiswal/Polygeist/scripts/correctness/kernel_match_rewrite.py"", ""/home/arjaiswal/Polygeist/issues/aten_c_kernels/results/aten_avg_pool2d_cpu/debuf.mlir"", ""--dry-run"", ""--matcher-mode"", ""syntactic"", ""--telemetry-json"", ""/home/arjaiswal/Polygeist/issues/equality_saturation_eval/campaign_20260908/aten-aten_avg_pool2d_cpu-syntactic-es0eom2a.json"", ""--disable-semantic-fallback""]","== match report for /home/arjaiswal/Polygeist/issues/aten_c_kernels/results/aten_avg_pool2d_cpu/debuf.mlir ==
  no_match       body#0  ?
  total: 0 matched / 1 bodies
",0,[],0,0,0,0,/home/arjaiswal/Polygeist/issues/aten_c_kernels/results/aten_avg_pool2d_cpu/debuf.mlir,2686,0,1,0,290.11155292391777,1,65492,0.021789222955703735,0,0,0,0,[],0,0,8,0.0,8
aten,aten_avg_pool2d_cpu,/home/arjaiswal/Polygeist/issues/aten_c_kernels/results/aten_avg_pool2d_cpu/debuf.mlir,6ccd0cf5f9a7fd14005378a615684c58dca25309ac7b8f2445fa00e1faf9bc1b,egglog,5,ok,0,742.81782284379,0,"[""/usr/bin/python3"", ""/home/arjaiswal/Polygeist/scripts/correctness/kernel_match_rewrite.py"", ""/home/arjaiswal/Polygeist/issues/aten_c_kernels/results/aten_avg_pool2d_cpu/debuf.mlir"", ""--dry-run"", ""--matcher-mode"", ""egglog"", ""--telemetry-json"", ""/home/arjaiswal/Polygeist/issues/equality_saturation_eval/campaign_20260908/aten-aten_avg_pool2d_cpu-egglog-argez7zm.json"", ""--disable-semantic-fallback""]","== match report for /home/arjaiswal/Polygeist/issues/aten_c_kernels/results/aten_avg_pool2d_cpu/debuf.mlir ==
  no_match       body#0  ?
  total: 0 matched / 1 bodies
",0,[],0,0,0,0,/home/arjaiswal/Polygeist/issues/aten_c_kernels/results/aten_avg_pool2d_cpu/debuf.mlir,2686,8,1,0,294.39618811011314,1,65732,0.0,0,0,0,0,[],0,0,0,0.0,8
aten,aten_avg_pool3d,/home/arjaiswal/Polygeist/issues/aten_c_kernels/results/aten_avg_pool3d/debuf.mlir,55a6c3faa053720bb6d9d538013b1dce579e95fdaf42f6a20895a4a6e73b82b4,egglog,1,ok,0,787.3537689447403,0,"[""/usr/bin/python3"", ""/home/arjaiswal/Polygeist/scripts/correctness/kernel_match_rewrite.py"", ""/home/arjaiswal/Polygeist/issues/aten_c_kernels/results/aten_avg_pool3d/debuf.mlir"", ""--dry-run"", ""--matcher-mode"", ""egglog"", ""--telemetry-json"", ""/home/arjaiswal/Polygeist/issues/equality_saturation_eval/campaign_20260908/aten-aten_avg_pool3d-egglog-2r882b6q.json"", ""--disable-semantic-fallback""]","== match report for /home/arjaiswal/Polygeist/issues/aten_c_kernels/results/aten_avg_pool3d/debuf.mlir ==
  match          body#[0, 1]  cudnnAveragePool_f32_r5
  total: 1 matched / 1 bodies
",0,[],0,0,0,0,/home/arjaiswal/Polygeist/issues/aten_c_kernels/results/aten_avg_pool3d/debuf.mlir,3300,8,2,2,336.18098497390747,0,69404,43.49998012185097,4,4,0,4,"[{""body_indices"": [0, 1], ""symbol"": ""cudnnAveragePool_f32_r5""}]",1,0,0,0.0,4
aten,aten_avg_pool3d,/home/arjaiswal/Polygeist/issues/aten_c_kernels/results/aten_avg_pool3d/debuf.mlir,55a6c3faa053720bb6d9d538013b1dce579e95fdaf42f6a20895a4a6e73b82b4,syntactic,1,ok,0,725.332971662283,0,"[""/usr/bin/python3"", ""/home/arjaiswal/Polygeist/scripts/correctness/kernel_match_rewrite.py"", ""/home/arjaiswal/Polygeist/issues/aten_c_kernels/results/aten_avg_pool3d/debuf.mlir"", ""--dry-run"", ""--matcher-mode"", ""syntactic"", ""--telemetry-json"", ""/home/arjaiswal/Polygeist/issues/equality_saturation_eval/campaign_20260908/aten-aten_avg_pool3d-syntactic-ez0skjrk.json"", ""--disable-semantic-fallback""]","== match report for /home/arjaiswal/Polygeist/issues/aten_c_kernels/results/aten_avg_pool3d/debuf.mlir ==
  match          body#[0, 1]  cudnnAveragePool_f32_r5
  total: 1 matched / 1 bodies
",0,[],0,0,0,0,/home/arjaiswal/Polygeist/issues/aten_c_kernels/results/aten_avg_pool3d/debuf.mlir,3300,0,2,2,276.19902417063713,0,64764,0.034596771001815796,0,4,0,0,"[{""body_indices"": [0, 1], ""symbol"": ""cudnnAveragePool_f32_r5""}]",1,0,4,0.0,4
aten,aten_avg_pool3d,/home/arjaiswal/Polygeist/issues/aten_c_kernels/results/aten_avg_pool3d/debuf.mlir,55a6c3faa053720bb6d9d538013b1dce579e95fdaf42f6a20895a4a6e73b82b4,syntactic,2,ok,0,720.7654006779194,0,"[""/usr/bin/python3"", ""/home/arjaiswal/Polygeist/scripts/correctness/kernel_match_rewrite.py"", ""/home/arjaiswal/Polygeist/issues/aten_c_kernels/results/aten_avg_pool3d/debuf.mlir"", ""--dry-run"", ""--matcher-mode"", ""syntactic"", ""--telemetry-json"", ""/home/arjaiswal/Polygeist/issues/equality_saturation_eval/campaign_20260908/aten-aten_avg_pool3d-syntactic-oymbqimm.json"", ""--disable-semantic-fallback""]","== match report for /home/arjaiswal/Polygeist/issues/aten_c_kernels/results/aten_avg_pool3d/debuf.mlir ==
  match          body#[0, 1]  cudnnAveragePool_f32_r5
  total: 1 matched / 1 bodies
",0,[],0,0,0,0,/home/arjaiswal/Polygeist/issues/aten_c_kernels/results/aten_avg_pool3d/debuf.mlir,3300,0,2,2,281.45672380924225,0,64852,0.027485191822052002,0,4,0,0,"[{""body_indices"": [0, 1], ""symbol"": ""cudnnAveragePool_f32_r5""}]",1,0,4,0.0,4
aten,aten_avg_pool3d,/home/arjaiswal/Polygeist/issues/aten_c_kernels/results/aten_avg_pool3d/debuf.mlir,55a6c3faa053720bb6d9d538013b1dce579e95fdaf42f6a20895a4a6e73b82b4,egglog,2,ok,0,759.1927573084831,0,"[""/usr/bin/python3"", ""/home/arjaiswal/Polygeist/scripts/correctness/kernel_match_rewrite.py"", ""/home/arjaiswal/Polygeist/issues/aten_c_kernels/results/aten_avg_pool3d/debuf.mlir"", ""--dry-run"", ""--matcher-mode"", ""egglog"", ""--telemetry-json"", ""/home/arjaiswal/Polygeist/issues/equality_saturation_eval/campaign_20260908/aten-aten_avg_pool3d-egglog-26c8y8yd.json"", ""--disable-semantic-fallback""]","== match report for /home/arjaiswal/Polygeist/issues/aten_c_kernels/results/aten_avg_pool3d/debuf.mlir ==
  match          body#[0, 1]  cudnnAveragePool_f32_r5
  total: 1 matched / 1 bodies
",0,[],0,0,0,0,/home/arjaiswal/Polygeist/issues/aten_c_kernels/results/aten_avg_pool3d/debuf.mlir,3300,8,2,2,312.8815330564976,0,69332,41.360627859830856,4,4,0,4,"[{""body_indices"": [0, 1], ""symbol"": ""cudnnAveragePool_f32_r5""}]",1,0,0,0.0,4
aten,aten_avg_pool3d,/home/arjaiswal/Polygeist/issues/aten_c_kernels/results/aten_avg_pool3d/debuf.mlir,55a6c3faa053720bb6d9d538013b1dce579e95fdaf42f6a20895a4a6e73b82b4,egglog,3,ok,0,789.5366847515106,0,"[""/usr/bin/python3"", ""/home/arjaiswal/Polygeist/scripts/correctness/kernel_match_rewrite.py"", ""/home/arjaiswal/Polygeist/issues/aten_c_kernels/results/aten_avg_pool3d/debuf.mlir"", ""--dry-run"", ""--matcher-mode"", ""egglog"", ""--telemetry-json"", ""/home/arjaiswal/Polygeist/issues/equality_saturation_eval/campaign_20260908/aten-aten_avg_pool3d-egglog-otn3_4cw.json"", ""--disable-semantic-fallback""]","== match report for /home/arjaiswal/Polygeist/issues/aten_c_kernels/results/aten_avg_pool3d/debuf.mlir ==
  match          body#[0, 1]  cudnnAveragePool_f32_r5
  total: 1 matched / 1 bodies
",0,[],0,0,0,0,/home/arjaiswal/Polygeist/issues/aten_c_kernels/results/aten_avg_pool3d/debuf.mlir,3300,8,2,2,340.6229130923748,0,69580,48.40875044465065,4,4,0,4,"[{""body_indices"": [0, 1], ""symbol"": ""cudnnAveragePool_f32_r5""}]",1,0,0,0.0,4
aten,aten_avg_pool3d,/home/arjaiswal/Polygeist/issues/aten_c_kernels/results/aten_avg_pool3d/debuf.mlir,55a6c3faa053720bb6d9d538013b1dce579e95fdaf42f6a20895a4a6e73b82b4,syntactic,3,ok,0,728.00038382411,0,"[""/usr/bin/python3"", ""/home/arjaiswal/Polygeist/scripts/correctness/kernel_match_rewrite.py"", ""/home/arjaiswal/Polygeist/issues/aten_c_kernels/results/aten_avg_pool3d/debuf.mlir"", ""--dry-run"", ""--matcher-mode"", ""syntactic"", ""--telemetry-json"", ""/home/arjaiswal/Polygeist/issues/equality_saturation_eval/campaign_20260908/aten-aten_avg_pool3d-syntactic-oval_30b.json"", ""--disable-semantic-fallback""]","== match report for /home/arjaiswal/Polygeist/issues/aten_c_kernels/results/aten_avg_pool3d/debuf.mlir ==
  match          body#[0, 1]  cudnnAveragePool_f32_r5
  total: 1 matched / 1 bodies
",0,[],0,0,0,0,/home/arjaiswal/Polygeist/issues/aten_c_kernels/results/aten_avg_pool3d/debuf.mlir,3300,0,2,2,272.5631073117256,0,64588,0.029917806386947632,0,4,0,0,"[{""body_indices"": [0, 1], ""symbol"": ""cudnnAveragePool_f32_r5""}]",1,0,4,0.0,4
aten,aten_avg_pool3d,/home/arjaiswal/Polygeist/issues/aten_c_kernels/results/aten_avg_pool3d/debuf.mlir,55a6c3faa053720bb6d9d538013b1dce579e95fdaf42f6a20895a4a6e73b82b4,syntactic,4,ok,0,715.343002229929,0,"[""/usr/bin/python3"", ""/home/arjaiswal/Polygeist/scripts/correctness/kernel_match_rewrite.py"", ""/home/arjaiswal/Polygeist/issues/aten_c_kernels/results/aten_avg_pool3d/debuf.mlir"", ""--dry-run"", ""--matcher-mode"", ""syntactic"", ""--telemetry-json"", ""/home/arjaiswal/Polygeist/issues/equality_saturation_eval/campaign_20260908/aten-aten_avg_pool3d-syntactic-n9btn3m0.json"", ""--disable-semantic-fallback""]","== match report for /home/arjaiswal/Polygeist/issues/aten_c_kernels/results/aten_avg_pool3d/debuf.mlir ==
  match          body#[0, 1]  cudnnAveragePool_f32_r5
  total: 1 matched / 1 bodies
",0,[],0,0,0,0,/home/arjaiswal/Polygeist/issues/aten_c_kernels/results/aten_avg_pool3d/debuf.mlir,3300,0,2,2,279.2510949075222,0,64772,0.0266246497631073,0,4,0,0,"[{""body_indices"": [0, 1], ""symbol"": ""cudnnAveragePool_f32_r5""}]",1,0,4,0.0,4
aten,aten_avg_pool3d,/home/arjaiswal/Polygeist/issues/aten_c_kernels/results/aten_avg_pool3d/debuf.mlir,55a6c3faa053720bb6d9d538013b1dce579e95fdaf42f6a20895a4a6e73b82b4,egglog,4,ok,0,837.2041285037994,0,"[""/usr/bin/python3"", ""/home/arjaiswal/Polygeist/scripts/correctness/kernel_match_rewrite.py"", ""/home/arjaiswal/Polygeist/issues/aten_c_kernels/results/aten_avg_pool3d/debuf.mlir"", ""--dry-run"", ""--matcher-mode"", ""egglog"", ""--telemetry-json"", ""/home/arjaiswal/Polygeist/issues/equality_saturation_eval/campaign_20260908/aten-aten_avg_pool3d-egglog-_3h6kf6t.json"", ""--disable-semantic-fallback""]","== match report for /home/arjaiswal/Polygeist/issues/aten_c_kernels/results/aten_avg_pool3d/debuf.mlir ==
  match          body#[0, 1]  cudnnAveragePool_f32_r5
  total: 1 matched / 1 bodies
",0,[],0,0,0,0,/home/arjaiswal/Polygeist/issues/aten_c_kernels/results/aten_avg_pool3d/debuf.mlir,3300,8,2,2,331.7665793001652,0,69548,42.41863265633583,4,4,0,4,"[{""body_indices"": [0, 1], ""symbol"": ""cudnnAveragePool_f32_r5""}]",1,0,0,0.0,4
aten,aten_avg_pool3d,/home/arjaiswal/Polygeist/issues/aten_c_kernels/results/aten_avg_pool3d/debuf.mlir,55a6c3faa053720bb6d9d538013b1dce579e95fdaf42f6a20895a4a6e73b82b4,egglog,5,ok,0,753.1221620738506,0,"[""/usr/bin/python3"", ""/home/arjaiswal/Polygeist/scripts/correctness/kernel_match_rewrite.py"", ""/home/arjaiswal/Polygeist/issues/aten_c_kernels/results/aten_avg_pool3d/debuf.mlir"", ""--dry-run"", ""--matcher-mode"", ""egglog"", ""--telemetry-json"", ""/home/arjaiswal/Polygeist/issues/equality_saturation_eval/campaign_20260908/aten-aten_avg_pool3d-egglog-h82rjqiz.json"", ""--disable-semantic-fallback""]","== match report for /home/arjaiswal/Polygeist/issues/aten_c_kernels/results/aten_avg_pool3d/debuf.mlir ==
  match          body#[0, 1]  cudnnAveragePool_f32_r5
  total: 1 matched / 1 bodies
",0,[],0,0,0,0,/home/arjaiswal/Polygeist/issues/aten_c_kernels/results/aten_avg_pool3d/debuf.mlir,3300,8,2,2,317.48131662607193,0,69256,41.98122397065163,4,4,0,4,"[{""body_indices"": [0, 1], ""symbol"": ""cudnnAveragePool_f32_r5""}]",1,0,0,0.0,4
aten,aten_avg_pool3d,/home/arjaiswal/Polygeist/issues/aten_c_kernels/results/aten_avg_pool3d/debuf.mlir,55a6c3faa053720bb6d9d538013b1dce579e95fdaf42f6a20895a4a6e73b82b4,syntactic,5,ok,0,727.7807556092739,0,"[""/usr/bin/python3"", ""/home/arjaiswal/Polygeist/scripts/correctness/kernel_match_rewrite.py"", ""/home/arjaiswal/Polygeist/issues/aten_c_kernels/results/aten_avg_pool3d/debuf.mlir"", ""--dry-run"", ""--matcher-mode"", ""syntactic"", ""--telemetry-json"", ""/home/arjaiswal/Polygeist/issues/equality_saturation_eval/campaign_20260908/aten-aten_avg_pool3d-syntactic-nekxorec.json"", ""--disable-semantic-fallback""]","== match report for /home/arjaiswal/Polygeist/issues/aten_c_kernels/results/aten_avg_pool3d/debuf.mlir ==
  match          body#[0, 1]  cudnnAveragePool_f32_r5
  total: 1 matched / 1 bodies
",0,[],0,0,0,0,/home/arjaiswal/Polygeist/issues/aten_c_kernels/results/aten_avg_pool3d/debuf.mlir,3300,0,2,2,277.8799459338188,0,64672,0.029247254133224487,0,4,0,0,"[{""body_indices"": [0, 1], ""symbol"": ""cudnnAveragePool_f32_r5""}]",1,0,4,0.0,4
aten,aten_avg_pool3d_backward_cpu,/home/arjaiswal/Polygeist/issues/aten_c_kernels/results/aten_avg_pool3d_backward_cpu/debuf.mlir,3c9070ee89f688d6f00599eda93d2130846cca159013c2b7a10e98e569781f56,syntactic,1,ok,0,793.9627766609192,0,"[""/usr/bin/python3"", ""/home/arjaiswal/Polygeist/scripts/correctness/kernel_match_rewrite.py"", ""/home/arjaiswal/Polygeist/issues/aten_c_kernels/results/aten_avg_pool3d_backward_cpu/debuf.mlir"", ""--dry-run"", ""--matcher-mode"", ""syntactic"", ""--telemetry-json"", ""/home/arjaiswal/Polygeist/issues/equality_saturation_eval/campaign_20260908/aten-aten_avg_pool3d_backward_cpu-syntactic-uifm_jfp.json"", ""--disable-semantic-fallback""]","== match report for /home/arjaiswal/Polygeist/issues/aten_c_kernels/results/aten_avg_pool3d_backward_cpu/debuf.mlir ==
  match          body#[0]  memset_zero_1D_f32
  no_match       body#1  ?
  total: 1 matched / 2 bodies
",0,[],0,0,0,0,/home/arjaiswal/Polygeist/issues/aten_c_kernels/results/aten_avg_pool3d_backward_cpu/debuf.mlir,3575,0,2,1,346.0141010582447,1,65856,0.09405240416526794,0,20,0,0,"[{""body_indices"": [0], ""symbol"": ""memset_zero_1D_f32""}]",1,0,28,0.0,28
aten,aten_avg_pool3d_backward_cpu,/home/arjaiswal/Polygeist/issues/aten_c_kernels/results/aten_avg_pool3d_backward_cpu/debuf.mlir,3c9070ee89f688d6f00599eda93d2130846cca159013c2b7a10e98e569781f56,egglog,1,ok,0,1033.5043370723724,0,"[""/usr/bin/python3"", ""/home/arjaiswal/Polygeist/scripts/correctness/kernel_match_rewrite.py"", ""/home/arjaiswal/Polygeist/issues/aten_c_kernels/results/aten_avg_pool3d_backward_cpu/debuf.mlir"", ""--dry-run"", ""--matcher-mode"", ""egglog"", ""--telemetry-json"", ""/home/arjaiswal/Polygeist/issues/equality_saturation_eval/campaign_20260908/aten-aten_avg_pool3d_backward_cpu-egglog-ussrz7nw.json"", ""--disable-semantic-fallback""]","== match report for /home/arjaiswal/Polygeist/issues/aten_c_kernels/results/aten_avg_pool3d_backward_cpu/debuf.mlir ==
  match          body#[0]  memset_zero_1D_f32
  no_match       body#1  ?
  total: 1 matched / 2 bodies
",0,[],0,0,0,0,/home/arjaiswal/Polygeist/issues/aten_c_kernels/results/aten_avg_pool3d_backward_cpu/debuf.mlir,3575,8,2,1,576.6872763633728,1,70028,221.72753140330315,20,20,0,0,"[{""body_indices"": [0], ""symbol"": ""memset_zero_1D_f32""}]",1,0,0,0.0,28
aten,aten_avg_pool3d_backward_cpu,/home/arjaiswal/Polygeist/issues/aten_c_kernels/results/aten_avg_pool3d_backward_cpu/debuf.mlir,3c9070ee89f688d6f00599eda93d2130846cca159013c2b7a10e98e569781f56,egglog,2,ok,0,990.6629659235477,0,"[""/usr/bin/python3"", ""/home/arjaiswal/Polygeist/scripts/correctness/kernel_match_rewrite.py"", ""/home/arjaiswal/Polygeist/issues/aten_c_kernels/results/aten_avg_pool3d_backward_cpu/debuf.mlir"", ""--dry-run"", ""--matcher-mode"", ""egglog"", ""--telemetry-json"", ""/home/arjaiswal/Polygeist/issues/equality_saturation_eval/campaign_20260908/aten-aten_avg_pool3d_backward_cpu-egglog-ubu9q7to.json"", ""--disable-semantic-fallback""]","== match report for /home/arjaiswal/Polygeist/issues/aten_c_kernels/results/aten_avg_pool3d_backward_cpu/debuf.mlir ==
  match          body#[0]  memset_zero_1D_f32
  no_match       body#1  ?
  total: 1 matched / 2 bodies
",0,[],0,0,0,0,/home/arjaiswal/Polygeist/issues/aten_c_kernels/results/aten_avg_pool3d_backward_cpu/debuf.mlir,3575,8,2,1,541.9292226433754,1,69960,196.0904449224472,20,20,0,0,"[{""body_indices"": [0], ""symbol"": ""memset_zero_1D_f32""}]",1,0,0,0.0,28
aten,aten_avg_pool3d_backward_cpu,/home/arjaiswal/Polygeist/issues/aten_c_kernels/results/aten_avg_pool3d_backward_cpu/debuf.mlir,3c9070ee89f688d6f00599eda93d2130846cca159013c2b7a10e98e569781f56,syntactic,2,ok,0,837.3654820024967,0,"[""/usr/bin/python3"", ""/home/arjaiswal/Polygeist/scripts/correctness/kernel_match_rewrite.py"", ""/home/arjaiswal/Polygeist/issues/aten_c_kernels/results/aten_avg_pool3d_backward_cpu/debuf.mlir"", ""--dry-run"", ""--matcher-mode"", ""syntactic"", ""--telemetry-json"", ""/home/arjaiswal/Polygeist/issues/equality_saturation_eval/campaign_20260908/aten-aten_avg_pool3d_backward_cpu-syntactic-uo0ne4p3.json"", ""--disable-semantic-fallback""]","== match report for /home/arjaiswal/Polygeist/issues/aten_c_kernels/results/aten_avg_pool3d_backward_cpu/debuf.mlir ==
  match          body#[0]  memset_zero_1D_f32
  no_match       body#1  ?
  total: 1 matched / 2 bodies
",0,[],0,0,0,0,/home/arjaiswal/Polygeist/issues/aten_c_kernels/results/aten_avg_pool3d_backward_cpu/debuf.mlir,3575,0,2,1,367.57824569940567,1,65952,0.10260939598083496,0,20,0,0,"[{""body_indices"": [0], ""symbol"": ""memset_zero_1D_f32""}]",1,0,28,0.0,28
aten,aten_avg_pool3d_backward_cpu,/home/arjaiswal/Polygeist/issues/aten_c_kernels/results/aten_avg_pool3d_backward_cpu/debuf.mlir,3c9070ee89f688d6f00599eda93d2130846cca159013c2b7a10e98e569781f56,syntactic,3,ok,0,788.6374071240425,0,"[""/usr/bin/python3"", ""/home/arjaiswal/Polygeist/scripts/correctness/kernel_match_rewrite.py"", ""/home/arjaiswal/Polygeist/issues/aten_c_kernels/results/aten_avg_pool3d_backward_cpu/debuf.mlir"", ""--dry-run"", ""--matcher-mode"", ""syntactic"", ""--telemetry-json"", ""/home/arjaiswal/Polygeist/issues/equality_saturation_eval/campaign_20260908/aten-aten_avg_pool3d_backward_cpu-syntactic-v1p88dwj.json"", ""--disable-semantic-fallback""]","== match report for /home/arjaiswal/Polygeist/issues/aten_c_kernels/results/aten_avg_pool3d_backward_cpu/debuf.mlir ==
  match          body#[0]  memset_zero_1D_f32
  no_match       body#1  ?
  total: 1 matched / 2 bodies
",0,[],0,0,0,0,/home/arjaiswal/Polygeist/issues/aten_c_kernels/results/aten_avg_pool3d_backward_cpu/debuf.mlir,3575,0,2,1,339.13327753543854,1,65868,0.0826716423034668,0,20,0,0,"[{""body_indices"": [0], ""symbol"": ""memset_zero_1D_f32""}]",1,0,28,0.0,28
aten,aten_avg_pool3d_backward_cpu,/home/arjaiswal/Polygeist/issues/aten_c_kernels/results/aten_avg_pool3d_backward_cpu/debuf.mlir,3c9070ee89f688d6f00599eda93d2130846cca159013c2b7a10e98e569781f56,egglog,3,ok,0,995.8941638469696,0,"[""/usr/bin/python3"", ""/home/arjaiswal/Polygeist/scripts/correctness/kernel_match_rewrite.py"", ""/home/arjaiswal/Polygeist/issues/aten_c_kernels/results/aten_avg_pool3d_backward_cpu/debuf.mlir"", ""--dry-run"", ""--matcher-mode"", ""egglog"", ""--telemetry-json"", ""/home/arjaiswal/Polygeist/issues/equality_saturation_eval/campaign_20260908/aten-aten_avg_pool3d_backward_cpu-egglog-_4c33ij7.json"", ""--disable-semantic-fallback""]","== match report for /home/arjaiswal/Polygeist/issues/aten_c_kernels/results/aten_avg_pool3d_backward_cpu/debuf.mlir ==
  match          body#[0]  memset_zero_1D_f32
  no_match       body#1  ?
  total: 1 matched / 2 bodies
",0,[],0,0,0,0,/home/arjaiswal/Polygeist/issues/aten_c_kernels/results/aten_avg_pool3d_backward_cpu/debuf.mlir,3575,8,2,1,548.182062804699,1,69972,201.42759382724762,20,20,0,0,"[{""body_indices"": [0], ""symbol"": ""memset_zero_1D_f32""}]",1,0,0,0.0,28
aten,aten_avg_pool3d_backward_cpu,/home/arjaiswal/Polygeist/issues/aten_c_kernels/results/aten_avg_pool3d_backward_cpu/debuf.mlir,3c9070ee89f688d6f00599eda93d2130846cca159013c2b7a10e98e569781f56,egglog,4,ok,0,1062.7684146165848,0,"[""/usr/bin/python3"", ""/home/arjaiswal/Polygeist/scripts/correctness/kernel_match_rewrite.py"", ""/home/arjaiswal/Polygeist/issues/aten_c_kernels/results/aten_avg_pool3d_backward_cpu/debuf.mlir"", ""--dry-run"", ""--matcher-mode"", ""egglog"", ""--telemetry-json"", ""/home/arjaiswal/Polygeist/issues/equality_saturation_eval/campaign_20260908/aten-aten_avg_pool3d_backward_cpu-egglog-1h5hh9zc.json"", ""--disable-semantic-fallback""]","== match report for /home/arjaiswal/Polygeist/issues/aten_c_kernels/results/aten_avg_pool3d_backward_cpu/debuf.mlir ==
  match          body#[0]  memset_zero_1D_f32
  no_match       body#1  ?
  total: 1 matched / 2 bodies
",0,[],0,0,0,0,/home/arjaiswal/Polygeist/issues/aten_c_kernels/results/aten_avg_pool3d_backward_cpu/debuf.mlir,3575,8,2,1,594.5631749927998,1,69808,205.55542409420013,20,20,0,0,"[{""body_indices"": [0], ""symbol"": ""memset_zero_1D_f32""}]",1,0,0,0.0,28
aten,aten_avg_pool3d_backward_cpu,/home/arjaiswal/Polygeist/issues/aten_c_kernels/results/aten_avg_pool3d_backward_cpu/debuf.mlir,3c9070ee89f688d6f00599eda93d2130846cca159013c2b7a10e98e569781f56,syntactic,4,ok,0,775.9502455592155,0,"[""/usr/bin/python3"", ""/home/arjaiswal/Polygeist/scripts/correctness/kernel_match_rewrite.py"", ""/home/arjaiswal/Polygeist/issues/aten_c_kernels/results/aten_avg_pool3d_backward_cpu/debuf.mlir"", ""--dry-run"", ""--matcher-mode"", ""syntactic"", ""--telemetry-json"", ""/home/arjaiswal/Polygeist/issues/equality_saturation_eval/campaign_20260908/aten-aten_avg_pool3d_backward_cpu-syntactic-vq9f5iik.json"", ""--disable-semantic-fallback""]","== match report for /home/arjaiswal/Polygeist/issues/aten_c_kernels/results/aten_avg_pool3d_backward_cpu/debuf.mlir ==
  match          body#[0]  memset_zero_1D_f32
  no_match       body#1  ?
  total: 1 matched / 2 bodies
",0,[],0,0,0,0,/home/arjaiswal/Polygeist/issues/aten_c_kernels/results/aten_avg_pool3d_backward_cpu/debuf.mlir,3575,0,2,1,347.3946787416935,1,65788,0.08386000990867615,0,20,0,0,"[{""body_indices"": [0], ""symbol"": ""memset_zero_1D_f32""}]",1,0,28,0.0,28
aten,aten_avg_pool3d_backward_cpu,/home/arjaiswal/Polygeist/issues/aten_c_kernels/results/aten_avg_pool3d_backward_cpu/debuf.mlir,3c9070ee89f688d6f00599eda93d2130846cca159013c2b7a10e98e569781f56,syntactic,5,ok,0,825.2054527401924,0,"[""/usr/bin/python3"", ""/home/arjaiswal/Polygeist/scripts/correctness/kernel_match_rewrite.py"", ""/home/arjaiswal/Polygeist/issues/aten_c_kernels/results/aten_avg_pool3d_backward_cpu/debuf.mlir"", ""--dry-run"", ""--matcher-mode"", ""syntactic"", ""--telemetry-json"", ""/home/arjaiswal/Polygeist/issues/equality_saturation_eval/campaign_20260908/aten-aten_avg_pool3d_backward_cpu-syntactic-gskp51dt.json"", ""--disable-semantic-fallback""]","== match report for /home/arjaiswal/Polygeist/issues/aten_c_kernels/results/aten_avg_pool3d_backward_cpu/debuf.mlir ==
  match          body#[0]  memset_zero_1D_f32
  no_match       body#1  ?
  total: 1 matched / 2 bodies
",0,[],0,0,0,0,/home/arjaiswal/Polygeist/issues/aten_c_kernels/results/aten_avg_pool3d_backward_cpu/debuf.mlir,3575,0,2,1,337.16854080557823,1,65952,0.0870637595653534,0,20,0,0,"[{""body_indices"": [0], ""symbol"": ""memset_zero_1D_f32""}]",1,0,28,0.0,28
aten,aten_avg_pool3d_backward_cpu,/home/arjaiswal/Polygeist/issues/aten_c_kernels/results/aten_avg_pool3d_backward_cpu/debuf.mlir,3c9070ee89f688d6f00599eda93d2130846cca159013c2b7a10e98e569781f56,egglog,5,ok,0,1114.9941943585873,0,"[""/usr/bin/python3"", ""/home/arjaiswal/Polygeist/scripts/correctness/kernel_match_rewrite.py"", ""/home/arjaiswal/Polygeist/issues/aten_c_kernels/results/aten_avg_pool3d_backward_cpu/debuf.mlir"", ""--dry-run"", ""--matcher-mode"", ""egglog"", ""--telemetry-json"", ""/home/arjaiswal/Polygeist/issues/equality_saturation_eval/campaign_20260908/aten-aten_avg_pool3d_backward_cpu-egglog-h6yd_7yl.json"", ""--disable-semantic-fallback""]","== match report for /home/arjaiswal/Polygeist/issues/aten_c_kernels/results/aten_avg_pool3d_backward_cpu/debuf.mlir ==
  match          body#[0]  memset_zero_1D_f32
  no_match       body#1  ?
  total: 1 matched / 2 bodies
",0,[],0,0,0,0,/home/arjaiswal/Polygeist/issues/aten_c_kernels/results/aten_avg_pool3d_backward_cpu/debuf.mlir,3575,8,2,1,660.0279547274113,1,70124,210.0561372935772,20,20,0,0,"[{""body_indices"": [0], ""symbol"": ""memset_zero_1D_f32""}]",1,0,0,0.0,28
aten,aten_avg_pool3d_cpu,/home/arjaiswal/Polygeist/issues/aten_c_kernels/results/aten_avg_pool3d_cpu/debuf.mlir,95c6d80639d104217f240f73e1ad843137d51ac484825c7e529a2f74b7f8c0e5,egglog,1,ok,0,738.6361956596375,0,"[""/usr/bin/python3"", ""/home/arjaiswal/Polygeist/scripts/correctness/kernel_match_rewrite.py"", ""/home/arjaiswal/Polygeist/issues/aten_c_kernels/results/aten_avg_pool3d_cpu/debuf.mlir"", ""--dry-run"", ""--matcher-mode"", ""egglog"", ""--telemetry-json"", ""/home/arjaiswal/Polygeist/issues/equality_saturation_eval/campaign_20260908/aten-aten_avg_pool3d_cpu-egglog-q43bq7yx.json"", ""--disable-semantic-fallback""]","== match report for /home/arjaiswal/Polygeist/issues/aten_c_kernels/results/aten_avg_pool3d_cpu/debuf.mlir ==
  no_match       body#0  ?
  total: 0 matched / 1 bodies
",0,[],0,0,0,0,/home/arjaiswal/Polygeist/issues/aten_c_kernels/results/aten_avg_pool3d_cpu/debuf.mlir,2892,8,1,0,289.41038623452187,1,65572,0.0,0,0,0,0,[],0,0,0,0.0,8
aten,aten_avg_pool3d_cpu,/home/arjaiswal/Polygeist/issues/aten_c_kernels/results/aten_avg_pool3d_cpu/debuf.mlir,95c6d80639d104217f240f73e1ad843137d51ac484825c7e529a2f74b7f8c0e5,syntactic,1,ok,0,803.1753748655319,0,"[""/usr/bin/python3"", ""/home/arjaiswal/Polygeist/scripts/correctness/kernel_match_rewrite.py"", ""/home/arjaiswal/Polygeist/issues/aten_c_kernels/results/aten_avg_pool3d_cpu/debuf.mlir"", ""--dry-run"", ""--matcher-mode"", ""syntactic"", ""--telemetry-json"", ""/home/arjaiswal/Polygeist/issues/equality_saturation_eval/campaign_20260908/aten-aten_avg_pool3d_cpu-syntactic-anqt_q8s.json"", ""--disable-semantic-fallback""]","== match report for /home/arjaiswal/Polygeist/issues/aten_c_kernels/results/aten_avg_pool3d_cpu/debuf.mlir ==
  no_match       body#0  ?
  total: 0 matched / 1 bodies
",0,[],0,0,0,0,/home/arjaiswal/Polygeist/issues/aten_c_kernels/results/aten_avg_pool3d_cpu/debuf.mlir,2892,0,1,0,332.7352926135063,1,65676,0.02172216773033142,0,0,0,0,[],0,0,8,0.0,8
aten,aten_avg_pool3d_cpu,/home/arjaiswal/Polygeist/issues/aten_c_kernels/results/aten_avg_pool3d_cpu/debuf.mlir,95c6d80639d104217f240f73e1ad843137d51ac484825c7e529a2f74b7f8c0e5,syntactic,2,ok,0,759.3086399137974,0,"[""/usr/bin/python3"", ""/home/arjaiswal/Polygeist/scripts/correctness/kernel_match_rewrite.py"", ""/home/arjaiswal/Polygeist/issues/aten_c_kernels/results/aten_avg_pool3d_cpu/debuf.mlir"", ""--dry-run"", ""--matcher-mode"", ""syntactic"", ""--telemetry-json"", ""/home/arjaiswal/Polygeist/issues/equality_saturation_eval/campaign_20260908/aten-aten_avg_pool3d_cpu-syntactic-9fs1pgh3.json"", ""--disable-semantic-fallback""]","== match report for /home/arjaiswal/Polygeist/issues/aten_c_kernels/results/aten_avg_pool3d_cpu/debuf.mlir ==
  no_match       body#0  ?
  total: 0 matched / 1 bodies
",0,[],0,0,0,0,/home/arjaiswal/Polygeist/issues/aten_c_kernels/results/aten_avg_pool3d_cpu/debuf.mlir,2892,0,1,0,303.1654879450798,1,65580,0.02368912100791931,0,0,0,0,[],0,0,8,0.0,8
aten,aten_avg_pool3d_cpu,/home/arjaiswal/Polygeist/issues/aten_c_kernels/results/aten_avg_pool3d_cpu/debuf.mlir,95c6d80639d104217f240f73e1ad843137d51ac484825c7e529a2f74b7f8c0e5,egglog,2,ok,0,762.1308788657188,0,"[""/usr/bin/python3"", ""/home/arjaiswal/Polygeist/scripts/correctness/kernel_match_rewrite.py"", ""/home/arjaiswal/Polygeist/issues/aten_c_kernels/results/aten_avg_pool3d_cpu/debuf.mlir"", ""--dry-run"", ""--matcher-mode"", ""egglog"", ""--telemetry-json"", ""/home/arjaiswal/Polygeist/issues/equality_saturation_eval/campaign_20260908/aten-aten_avg_pool3d_cpu-egglog-udr7f3bq.json"", ""--disable-semantic-fallback""]","== match report for /home/arjaiswal/Polygeist/issues/aten_c_kernels/results/aten_avg_pool3d_cpu/debuf.mlir ==
  no_match       body#0  ?
  total: 0 matched / 1 bodies
",0,[],0,0,0,0,/home/arjaiswal/Polygeist/issues/aten_c_kernels/results/aten_avg_pool3d_cpu/debuf.mlir,2892,8,1,0,300.04405975341797,1,65608,0.0,0,0,0,0,[],0,0,0,0.0,8
aten,aten_avg_pool3d_cpu,/home/arjaiswal/Polygeist/issues/aten_c_kernels/results/aten_avg_pool3d_cpu/debuf.mlir,95c6d80639d104217f240f73e1ad843137d51ac484825c7e529a2f74b7f8c0e5,egglog,3,ok,0,748.3244203031063,0,"[""/usr/bin/python3"", ""/home/arjaiswal/Polygeist/scripts/correctness/kernel_match_rewrite.py"", ""/home/arjaiswal/Polygeist/issues/aten_c_kernels/results/aten_avg_pool3d_cpu/debuf.mlir"", ""--dry-run"", ""--matcher-mode"", ""egglog"", ""--telemetry-json"", ""/home/arjaiswal/Polygeist/issues/equality_saturation_eval/campaign_20260908/aten-aten_avg_pool3d_cpu-egglog-9gof1lp9.json"", ""--disable-semantic-fallback""]","== match report for /home/arjaiswal/Polygeist/issues/aten_c_kernels/results/aten_avg_pool3d_cpu/debuf.mlir ==
  no_match       body#0  ?
  total: 0 matched / 1 bodies
",0,[],0,0,0,0,/home/arjaiswal/Polygeist/issues/aten_c_kernels/results/aten_avg_pool3d_cpu/debuf.mlir,2892,8,1,0,316.96421280503273,1,65892,0.0,0,0,0,0,[],0,0,0,0.0,8
aten,aten_avg_pool3d_cpu,/home/arjaiswal/Polygeist/issues/aten_c_kernels/results/aten_avg_pool3d_cpu/debuf.mlir,95c6d80639d104217f240f73e1ad843137d51ac484825c7e529a2f74b7f8c0e5,syntactic,3,ok,0,728.487178683281,0,"[""/usr/bin/python3"", ""/home/arjaiswal/Polygeist/scripts/correctness/kernel_match_rewrite.py"", ""/home/arjaiswal/Polygeist/issues/aten_c_kernels/results/aten_avg_pool3d_cpu/debuf.mlir"", ""--dry-run"", ""--matcher-mode"", ""syntactic"", ""--telemetry-json"", ""/home/arjaiswal/Polygeist/issues/equality_saturation_eval/campaign_20260908/aten-aten_avg_pool3d_cpu-syntactic-j_m1z0b9.json"", ""--disable-semantic-fallback""]","== match report for /home/arjaiswal/Polygeist/issues/aten_c_kernels/results/aten_avg_pool3d_cpu/debuf.mlir ==
  no_match       body#0  ?
  total: 0 matched / 1 bodies
",0,[],0,0,0,0,/home/arjaiswal/Polygeist/issues/aten_c_kernels/results/aten_avg_pool3d_cpu/debuf.mlir,2892,0,1,0,298.5242232680321,1,65608,0.021103769540786743,0,0,0,0,[],0,0,8,0.0,8
aten,aten_avg_pool3d_cpu,/home/arjaiswal/Polygeist/issues/aten_c_kernels/results/aten_avg_pool3d_cpu/debuf.mlir,95c6d80639d104217f240f73e1ad843137d51ac484825c7e529a2f74b7f8c0e5,syntactic,4,ok,0,762.3628601431847,0,"[""/usr/bin/python3"", ""/home/arjaiswal/Polygeist/scripts/correctness/kernel_match_rewrite.py"", ""/home/arjaiswal/Polygeist/issues/aten_c_kernels/results/aten_avg_pool3d_cpu/debuf.mlir"", ""--dry-run"", ""--matcher-mode"", ""syntactic"", ""--telemetry-json"", ""/home/arjaiswal/Polygeist/issues/equality_saturation_eval/campaign_20260908/aten-aten_avg_pool3d_cpu-syntactic-9gk75ot6.json"", ""--disable-semantic-fallback""]","== match report for /home/arjaiswal/Polygeist/issues/aten_c_kernels/results/aten_avg_pool3d_cpu/debuf.mlir ==
  no_match       body#0  ?
  total: 0 matched / 1 bodies
",0,[],0,0,0,0,/home/arjaiswal/Polygeist/issues/aten_c_kernels/results/aten_avg_pool3d_cpu/debuf.mlir,2892,0,1,0,304.8877790570259,1,65608,0.0233575701713562,0,0,0,0,[],0,0,8,0.0,8
aten,aten_avg_pool3d_cpu,/home/arjaiswal/Polygeist/issues/aten_c_kernels/results/aten_avg_pool3d_cpu/debuf.mlir,95c6d80639d104217f240f73e1ad843137d51ac484825c7e529a2f74b7f8c0e5,egglog,4,ok,0,760.9868720173836,0,"[""/usr/bin/python3"", ""/home/arjaiswal/Polygeist/scripts/correctness/kernel_match_rewrite.py"", ""/home/arjaiswal/Polygeist/issues/aten_c_kernels/results/aten_avg_pool3d_cpu/debuf.mlir"", ""--dry-run"", ""--matcher-mode"", ""egglog"", ""--telemetry-json"", ""/home/arjaiswal/Polygeist/issues/equality_saturation_eval/campaign_20260908/aten-aten_avg_pool3d_cpu-egglog-j83_xkdt.json"", ""--disable-semantic-fallback""]","== match report for /home/arjaiswal/Polygeist/issues/aten_c_kernels/results/aten_avg_pool3d_cpu/debuf.mlir ==
  no_match       body#0  ?
  total: 0 matched / 1 bodies
",0,[],0,0,0,0,/home/arjaiswal/Polygeist/issues/aten_c_kernels/results/aten_avg_pool3d_cpu/debuf.mlir,2892,8,1,0,298.5955774784088,1,65724,0.0,0,0,0,0,[],0,0,0,0.0,8
aten,aten_avg_pool3d_cpu,/home/arjaiswal/Polygeist/issues/aten_c_kernels/results/aten_avg_pool3d_cpu/debuf.mlir,95c6d80639d104217f240f73e1ad843137d51ac484825c7e529a2f74b7f8c0e5,egglog,5,ok,0,768.4534788131714,0,"[""/usr/bin/python3"", ""/home/arjaiswal/Polygeist/scripts/correctness/kernel_match_rewrite.py"", ""/home/arjaiswal/Polygeist/issues/aten_c_kernels/results/aten_avg_pool3d_cpu/debuf.mlir"", ""--dry-run"", ""--matcher-mode"", ""egglog"", ""--telemetry-json"", ""/home/arjaiswal/Polygeist/issues/equality_saturation_eval/campaign_20260908/aten-aten_avg_pool3d_cpu-egglog-j667lmf5.json"", ""--disable-semantic-fallback""]","== match report for /home/arjaiswal/Polygeist/issues/aten_c_kernels/results/aten_avg_pool3d_cpu/debuf.mlir ==
  no_match       body#0  ?
  total: 0 matched / 1 bodies
",0,[],0,0,0,0,/home/arjaiswal/Polygeist/issues/aten_c_kernels/results/aten_avg_pool3d_cpu/debuf.mlir,2892,8,1,0,318.78766417503357,1,65620,0.0,0,0,0,0,[],0,0,0,0.0,8
aten,aten_avg_pool3d_cpu,/home/arjaiswal/Polygeist/issues/aten_c_kernels/results/aten_avg_pool3d_cpu/debuf.mlir,95c6d80639d104217f240f73e1ad843137d51ac484825c7e529a2f74b7f8c0e5,syntactic,5,ok,0,731.7967228591442,0,"[""/usr/bin/python3"", ""/home/arjaiswal/Polygeist/scripts/correctness/kernel_match_rewrite.py"", ""/home/arjaiswal/Polygeist/issues/aten_c_kernels/results/aten_avg_pool3d_cpu/debuf.mlir"", ""--dry-run"", ""--matcher-mode"", ""syntactic"", ""--telemetry-json"", ""/home/arjaiswal/Polygeist/issues/equality_saturation_eval/campaign_20260908/aten-aten_avg_pool3d_cpu-syntactic-u5zgepxm.json"", ""--disable-semantic-fallback""]","== match report for /home/arjaiswal/Polygeist/issues/aten_c_kernels/results/aten_avg_pool3d_cpu/debuf.mlir ==
  no_match       body#0  ?
  total: 0 matched / 1 bodies
",0,[],0,0,0,0,/home/arjaiswal/Polygeist/issues/aten_c_kernels/results/aten_avg_pool3d_cpu/debuf.mlir,2892,0,1,0,304.96786162257195,1,65608,0.020407140254974365,0,0,0,0,[],0,0,8,0.0,8
aten,aten_batch_norm,/home/arjaiswal/Polygeist/issues/aten_c_kernels/results/aten_batch_norm/debuf.mlir,ca4c985ff58e0a25548c94c51c2c2a08097166e664d906edb99386cfbf680a76,syntactic,1,ok,0,720.3495986759663,0,"[""/usr/bin/python3"", ""/home/arjaiswal/Polygeist/scripts/correctness/kernel_match_rewrite.py"", ""/home/arjaiswal/Polygeist/issues/aten_c_kernels/results/aten_batch_norm/debuf.mlir"", ""--dry-run"", ""--matcher-mode"", ""syntactic"", ""--telemetry-json"", ""/home/arjaiswal/Polygeist/issues/equality_saturation_eval/campaign_20260908/aten-aten_batch_norm-syntactic-ivzs0ah1.json"", ""--disable-semantic-fallback""]","== match report for /home/arjaiswal/Polygeist/issues/aten_c_kernels/results/aten_batch_norm/debuf.mlir ==
  match          body#[0]  cudnnBatchNormalizationForwardInference
  total: 1 matched / 1 bodies
",0,[],0,0,0,0,/home/arjaiswal/Polygeist/issues/aten_c_kernels/results/aten_batch_norm/debuf.mlir,3561,0,1,1,271.9608508050442,0,64484,0.03834813833236694,0,2,0,0,"[{""body_indices"": [0], ""symbol"": ""cudnnBatchNormalizationForwardInference""}]",1,0,2,0.0,2
aten,aten_batch_norm,/home/arjaiswal/Polygeist/issues/aten_c_kernels/results/aten_batch_norm/debuf.mlir,ca4c985ff58e0a25548c94c51c2c2a08097166e664d906edb99386cfbf680a76,egglog,1,ok,0,796.5180575847626,0,"[""/usr/bin/python3"", ""/home/arjaiswal/Polygeist/scripts/correctness/kernel_match_rewrite.py"", ""/home/arjaiswal/Polygeist/issues/aten_c_kernels/results/aten_batch_norm/debuf.mlir"", ""--dry-run"", ""--matcher-mode"", ""egglog"", ""--telemetry-json"", ""/home/arjaiswal/Polygeist/issues/equality_saturation_eval/campaign_20260908/aten-aten_batch_norm-egglog-26qrvuq3.json"", ""--disable-semantic-fallback""]","== match report for /home/arjaiswal/Polygeist/issues/aten_c_kernels/results/aten_batch_norm/debuf.mlir ==
  match          body#[0]  cudnnBatchNormalizationForwardInference
  total: 1 matched / 1 bodies
",0,[],0,0,0,0,/home/arjaiswal/Polygeist/issues/aten_c_kernels/results/aten_batch_norm/debuf.mlir,3561,8,1,1,306.5740801393986,0,69400,21.74154296517372,2,2,0,40,"[{""body_indices"": [0], ""symbol"": ""cudnnBatchNormalizationForwardInference""}]",1,0,0,0.0,2
aten,aten_batch_norm,/home/arjaiswal/Polygeist/issues/aten_c_kernels/results/aten_batch_norm/debuf.mlir,ca4c985ff58e0a25548c94c51c2c2a08097166e664d906edb99386cfbf680a76,egglog,2,ok,0,804.340623319149,0,"[""/usr/bin/python3"", ""/home/arjaiswal/Polygeist/scripts/correctness/kernel_match_rewrite.py"", ""/home/arjaiswal/Polygeist/issues/aten_c_kernels/results/aten_batch_norm/debuf.mlir"", ""--dry-run"", ""--matcher-mode"", ""egglog"", ""--telemetry-json"", ""/home/arjaiswal/Polygeist/issues/equality_saturation_eval/campaign_20260908/aten-aten_batch_norm-egglog-juq73c7i.json"", ""--disable-semantic-fallback""]","== match report for /home/arjaiswal/Polygeist/issues/aten_c_kernels/results/aten_batch_norm/debuf.mlir ==
  match          body#[0]  cudnnBatchNormalizationForwardInference
  total: 1 matched / 1 bodies
",0,[],0,0,0,0,/home/arjaiswal/Polygeist/issues/aten_c_kernels/results/aten_batch_norm/debuf.mlir,3561,8,1,1,306.1755336821079,0,69096,21.778512746095657,2,2,0,40,"[{""body_indices"": [0], ""symbol"": ""cudnnBatchNormalizationForwardInference""}]",1,0,0,0.0,2
aten,aten_batch_norm,/home/arjaiswal/Polygeist/issues/aten_c_kernels/results/aten_batch_norm/debuf.mlir,ca4c985ff58e0a25548c94c51c2c2a08097166e664d906edb99386cfbf680a76,syntactic,2,ok,0,729.1179709136486,0,"[""/usr/bin/python3"", ""/home/arjaiswal/Polygeist/scripts/correctness/kernel_match_rewrite.py"", ""/home/arjaiswal/Polygeist/issues/aten_c_kernels/results/aten_batch_norm/debuf.mlir"", ""--dry-run"", ""--matcher-mode"", ""syntactic"", ""--telemetry-json"", ""/home/arjaiswal/Polygeist/issues/equality_saturation_eval/campaign_20260908/aten-aten_batch_norm-syntactic-ehqpja30.json"", ""--disable-semantic-fallback""]","== match report for /home/arjaiswal/Polygeist/issues/aten_c_kernels/results/aten_batch_norm/debuf.mlir ==
  match          body#[0]  cudnnBatchNormalizationForwardInference
  total: 1 matched / 1 bodies
",0,[],0,0,0,0,/home/arjaiswal/Polygeist/issues/aten_c_kernels/results/aten_batch_norm/debuf.mlir,3561,0,1,1,290.12252390384674,0,65632,0.03474578261375427,0,2,0,0,"[{""body_indices"": [0], ""symbol"": ""cudnnBatchNormalizationForwardInference""}]",1,0,2,0.0,2
aten,aten_batch_norm,/home/arjaiswal/Polygeist/issues/aten_c_kernels/results/aten_batch_norm/debuf.mlir,ca4c985ff58e0a25548c94c51c2c2a08097166e664d906edb99386cfbf680a76,syntactic,3,ok,0,712.6784324645996,0,"[""/usr/bin/python3"", ""/home/arjaiswal/Polygeist/scripts/correctness/kernel_match_rewrite.py"", ""/home/arjaiswal/Polygeist/issues/aten_c_kernels/results/aten_batch_norm/debuf.mlir"", ""--dry-run"", ""--matcher-mode"", ""syntactic"", ""--telemetry-json"", ""/home/arjaiswal/Polygeist/issues/equality_saturation_eval/campaign_20260908/aten-aten_batch_norm-syntactic-retqfjfb.json"", ""--disable-semantic-fallback""]","== match report for /home/arjaiswal/Polygeist/issues/aten_c_kernels/results/aten_batch_norm/debuf.mlir ==
  match          body#[0]  cudnnBatchNormalizationForwardInference
  total: 1 matched / 1 bodies
",0,[],0,0,0,0,/home/arjaiswal/Polygeist/issues/aten_c_kernels/results/aten_batch_norm/debuf.mlir,3561,0,1,1,280.67273646593094,0,64668,0.03137439489364624,0,2,0,0,"[{""body_indices"": [0], ""symbol"": ""cudnnBatchNormalizationForwardInference""}]",1,0,2,0.0,2
aten,aten_batch_norm,/home/arjaiswal/Polygeist/issues/aten_c_kernels/results/aten_batch_norm/debuf.mlir,ca4c985ff58e0a25548c94c51c2c2a08097166e664d906edb99386cfbf680a76,egglog,3,ok,0,744.4536164402962,0,"[""/usr/bin/python3"", ""/home/arjaiswal/Polygeist/scripts/correctness/kernel_match_rewrite.py"", ""/home/arjaiswal/Polygeist/issues/aten_c_kernels/results/aten_batch_norm/debuf.mlir"", ""--dry-run"", ""--matcher-mode"", ""egglog"", ""--telemetry-json"", ""/home/arjaiswal/Polygeist/issues/equality_saturation_eval/campaign_20260908/aten-aten_batch_norm-egglog-4t6w9y7e.json"", ""--disable-semantic-fallback""]","== match report for /home/arjaiswal/Polygeist/issues/aten_c_kernels/results/aten_batch_norm/debuf.mlir ==
  match          body#[0]  cudnnBatchNormalizationForwardInference
  total: 1 matched / 1 bodies
",0,[],0,0,0,0,/home/arjaiswal/Polygeist/issues/aten_c_kernels/results/aten_batch_norm/debuf.mlir,3561,8,1,1,304.79246750473976,0,69372,22.345781326293945,2,2,0,40,"[{""body_indices"": [0], ""symbol"": ""cudnnBatchNormalizationForwardInference""}]",1,0,0,0.0,2
aten,aten_batch_norm,/home/arjaiswal/Polygeist/issues/aten_c_kernels/results/aten_batch_norm/debuf.mlir,ca4c985ff58e0a25548c94c51c2c2a08097166e664d906edb99386cfbf680a76,egglog,4,ok,0,830.7743817567825,0,"[""/usr/bin/python3"", ""/home/arjaiswal/Polygeist/scripts/correctness/kernel_match_rewrite.py"", ""/home/arjaiswal/Polygeist/issues/aten_c_kernels/results/aten_batch_norm/debuf.mlir"", ""--dry-run"", ""--matcher-mode"", ""egglog"", ""--telemetry-json"", ""/home/arjaiswal/Polygeist/issues/equality_saturation_eval/campaign_20260908/aten-aten_batch_norm-egglog-ve4oeal6.json"", ""--disable-semantic-fallback""]","== match report for /home/arjaiswal/Polygeist/issues/aten_c_kernels/results/aten_batch_norm/debuf.mlir ==
  match          body#[0]  cudnnBatchNormalizationForwardInference
  total: 1 matched / 1 bodies
",0,[],0,0,0,0,/home/arjaiswal/Polygeist/issues/aten_c_kernels/results/aten_batch_norm/debuf.mlir,3561,8,1,1,334.11648869514465,0,69536,28.080765157938004,2,2,0,40,"[{""body_indices"": [0], ""symbol"": ""cudnnBatchNormalizationForwardInference""}]",1,0,0,0.0,2
aten,aten_batch_norm,/home/arjaiswal/Polygeist/issues/aten_c_kernels/results/aten_batch_norm/debuf.mlir,ca4c985ff58e0a25548c94c51c2c2a08097166e664d906edb99386cfbf680a76,syntactic,4,ok,0,744.3502359092236,0,"[""/usr/bin/python3"", ""/home/arjaiswal/Polygeist/scripts/correctness/kernel_match_rewrite.py"", ""/home/arjaiswal/Polygeist/issues/aten_c_kernels/results/aten_batch_norm/debuf.mlir"", ""--dry-run"", ""--matcher-mode"", ""syntactic"", ""--telemetry-json"", ""/home/arjaiswal/Polygeist/issues/equality_saturation_eval/campaign_20260908/aten-aten_batch_norm-syntactic-d8p6stww.json"", ""--disable-semantic-fallback""]","== match report for /home/arjaiswal/Polygeist/issues/aten_c_kernels/results/aten_batch_norm/debuf.mlir ==
  match          body#[0]  cudnnBatchNormalizationForwardInference
  total: 1 matched / 1 bodies
",0,[],0,0,0,0,/home/arjaiswal/Polygeist/issues/aten_c_kernels/results/aten_batch_norm/debuf.mlir,3561,0,1,1,293.8315123319626,0,65676,0.051312148571014404,0,2,0,0,"[{""body_indices"": [0], ""symbol"": ""cudnnBatchNormalizationForwardInference""}]",1,0,2,0.0,2
aten,aten_batch_norm,/home/arjaiswal/Polygeist/issues/aten_c_kernels/results/aten_batch_norm/debuf.mlir,ca4c985ff58e0a25548c94c51c2c2a08097166e664d906edb99386cfbf680a76,syntactic,5,ok,0,769.793588668108,0,"[""/usr/bin/python3"", ""/home/arjaiswal/Polygeist/scripts/correctness/kernel_match_rewrite.py"", ""/home/arjaiswal/Polygeist/issues/aten_c_kernels/results/aten_batch_norm/debuf.mlir"", ""--dry-run"", ""--matcher-mode"", ""syntactic"", ""--telemetry-json"", ""/home/arjaiswal/Polygeist/issues/equality_saturation_eval/campaign_20260908/aten-aten_batch_norm-syntactic-fzsvl5sj.json"", ""--disable-semantic-fallback""]","== match report for /home/arjaiswal/Polygeist/issues/aten_c_kernels/results/aten_batch_norm/debuf.mlir ==
  match          body#[0]  cudnnBatchNormalizationForwardInference
  total: 1 matched / 1 bodies
",0,[],0,0,0,0,/home/arjaiswal/Polygeist/issues/aten_c_kernels/results/aten_batch_norm/debuf.mlir,3561,0,1,1,295.790858566761,0,64884,0.032924115657806396,0,2,0,0,"[{""body_indices"": [0], ""symbol"": ""cudnnBatchNormalizationForwardInference""}]",1,0,2,0.0,2
aten,aten_batch_norm,/home/arjaiswal/Polygeist/issues/aten_c_kernels/results/aten_batch_norm/debuf.mlir,ca4c985ff58e0a25548c94c51c2c2a08097166e664d906edb99386cfbf680a76,egglog,5,ok,0,745.1770044863224,0,"[""/usr/bin/python3"", ""/home/arjaiswal/Polygeist/scripts/correctness/kernel_match_rewrite.py"", ""/home/arjaiswal/Polygeist/issues/aten_c_kernels/results/aten_batch_norm/debuf.mlir"", ""--dry-run"", ""--matcher-mode"", ""egglog"", ""--telemetry-json"", ""/home/arjaiswal/Polygeist/issues/equality_saturation_eval/campaign_20260908/aten-aten_batch_norm-egglog-kh94pdvh.json"", ""--disable-semantic-fallback""]","== match report for /home/arjaiswal/Polygeist/issues/aten_c_kernels/results/aten_batch_norm/debuf.mlir ==
  match          body#[0]  cudnnBatchNormalizationForwardInference
  total: 1 matched / 1 bodies
",0,[],0,0,0,0,/home/arjaiswal/Polygeist/issues/aten_c_kernels/results/aten_batch_norm/debuf.mlir,3561,8,1,1,304.25843223929405,0,69356,21.871168166399002,2,2,0,40,"[{""body_indices"": [0], ""symbol"": ""cudnnBatchNormalizationForwardInference""}]",1,0,0,0.0,2
aten,aten_batch_norm_backward_cpu,/home/arjaiswal/Polygeist/issues/aten_c_kernels/results/aten_batch_norm_backward_cpu/debuf.mlir,e04baf04febffb3027d37d5682dcd5bea41863baf952c70059ca8c50c70ab905,egglog,1,ok,0,779.4527560472488,0,"[""/usr/bin/python3"", ""/home/arjaiswal/Polygeist/scripts/correctness/kernel_match_rewrite.py"", ""/home/arjaiswal/Polygeist/issues/aten_c_kernels/results/aten_batch_norm_backward_cpu/debuf.mlir"", ""--dry-run"", ""--matcher-mode"", ""egglog"", ""--telemetry-json"", ""/home/arjaiswal/Polygeist/issues/equality_saturation_eval/campaign_20260908/aten-aten_batch_norm_backward_cpu-egglog-_qb3s04i.json"", ""--disable-semantic-fallback""]","== match report for /home/arjaiswal/Polygeist/issues/aten_c_kernels/results/aten_batch_norm_backward_cpu/debuf.mlir ==
  no_match       body#0  ?
  no_match       body#1  ?
  total: 0 matched / 2 bodies
",0,[],0,0,0,0,/home/arjaiswal/Polygeist/issues/aten_c_kernels/results/aten_batch_norm_backward_cpu/debuf.mlir,8204,8,2,0,311.22344732284546,2,65792,0.0,0,0,0,0,[],0,0,0,0.0,0
aten,aten_batch_norm_backward_cpu,/home/arjaiswal/Polygeist/issues/aten_c_kernels/results/aten_batch_norm_backward_cpu/debuf.mlir,e04baf04febffb3027d37d5682dcd5bea41863baf952c70059ca8c50c70ab905,syntactic,1,ok,0,761.2907513976097,0,"[""/usr/bin/python3"", ""/home/arjaiswal/Polygeist/scripts/correctness/kernel_match_rewrite.py"", ""/home/arjaiswal/Polygeist/issues/aten_c_kernels/results/aten_batch_norm_backward_cpu/debuf.mlir"", ""--dry-run"", ""--matcher-mode"", ""syntactic"", ""--telemetry-json"", ""/home/arjaiswal/Polygeist/issues/equality_saturation_eval/campaign_20260908/aten-aten_batch_norm_backward_cpu-syntactic-_8v5fnvt.json"", ""--disable-semantic-fallback""]","== match report for /home/arjaiswal/Polygeist/issues/aten_c_kernels/results/aten_batch_norm_backward_cpu/debuf.mlir ==
  no_match       body#0  ?
  no_match       body#1  ?
  total: 0 matched / 2 bodies
",0,[],0,0,0,0,/home/arjaiswal/Polygeist/issues/aten_c_kernels/results/aten_batch_norm_backward_cpu/debuf.mlir,8204,0,2,0,302.28670686483383,2,66116,0.0,0,0,0,0,[],0,0,0,0.0,0
aten,aten_batch_norm_backward_cpu,/home/arjaiswal/Polygeist/issues/aten_c_kernels/results/aten_batch_norm_backward_cpu/debuf.mlir,e04baf04febffb3027d37d5682dcd5bea41863baf952c70059ca8c50c70ab905,syntactic,2,ok,0,750.4800893366337,0,"[""/usr/bin/python3"", ""/home/arjaiswal/Polygeist/scripts/correctness/kernel_match_rewrite.py"", ""/home/arjaiswal/Polygeist/issues/aten_c_kernels/results/aten_batch_norm_backward_cpu/debuf.mlir"", ""--dry-run"", ""--matcher-mode"", ""syntactic"", ""--telemetry-json"", ""/home/arjaiswal/Polygeist/issues/equality_saturation_eval/campaign_20260908/aten-aten_batch_norm_backward_cpu-syntactic-cbr9_htu.json"", ""--disable-semantic-fallback""]","== match report for /home/arjaiswal/Polygeist/issues/aten_c_kernels/results/aten_batch_norm_backward_cpu/debuf.mlir ==
  no_match       body#0  ?
  no_match       body#1  ?
  total: 0 matched / 2 bodies
",0,[],0,0,0,0,/home/arjaiswal/Polygeist/issues/aten_c_kernels/results/aten_batch_norm_backward_cpu/debuf.mlir,8204,0,2,0,295.80913856625557,2,65960,0.0,0,0,0,0,[],0,0,0,0.0,0
aten,aten_batch_norm_backward_cpu,/home/arjaiswal/Polygeist/issues/aten_c_kernels/results/aten_batch_norm_backward_cpu/debuf.mlir,e04baf04febffb3027d37d5682dcd5bea41863baf952c70059ca8c50c70ab905,egglog,2,ok,0,764.073196798563,0,"[""/usr/bin/python3"", ""/home/arjaiswal/Polygeist/scripts/correctness/kernel_match_rewrite.py"", ""/home/arjaiswal/Polygeist/issues/aten_c_kernels/results/aten_batch_norm_backward_cpu/debuf.mlir"", ""--dry-run"", ""--matcher-mode"", ""egglog"", ""--telemetry-json"", ""/home/arjaiswal/Polygeist/issues/equality_saturation_eval/campaign_20260908/aten-aten_batch_norm_backward_cpu-egglog-gctfmoy_.json"", ""--disable-semantic-fallback""]","== match report for /home/arjaiswal/Polygeist/issues/aten_c_kernels/results/aten_batch_norm_backward_cpu/debuf.mlir ==
  no_match       body#0  ?
  no_match       body#1  ?
  total: 0 matched / 2 bodies
",0,[],0,0,0,0,/home/arjaiswal/Polygeist/issues/aten_c_kernels/results/aten_batch_norm_backward_cpu/debuf.mlir,8204,8,2,0,301.45836248993874,2,65928,0.0,0,0,0,0,[],0,0,0,0.0,0
aten,aten_batch_norm_backward_cpu,/home/arjaiswal/Polygeist/issues/aten_c_kernels/results/aten_batch_norm_backward_cpu/debuf.mlir,e04baf04febffb3027d37d5682dcd5bea41863baf952c70059ca8c50c70ab905,egglog,3,ok,0,755.7781711220741,0,"[""/usr/bin/python3"", ""/home/arjaiswal/Polygeist/scripts/correctness/kernel_match_rewrite.py"", ""/home/arjaiswal/Polygeist/issues/aten_c_kernels/results/aten_batch_norm_backward_cpu/debuf.mlir"", ""--dry-run"", ""--matcher-mode"", ""egglog"", ""--telemetry-json"", ""/home/arjaiswal/Polygeist/issues/equality_saturation_eval/campaign_20260908/aten-aten_batch_norm_backward_cpu-egglog-xfpt0gtz.json"", ""--disable-semantic-fallback""]","== match report for /home/arjaiswal/Polygeist/issues/aten_c_kernels/results/aten_batch_norm_backward_cpu/debuf.mlir ==
  no_match       body#0  ?
  no_match       body#1  ?
  total: 0 matched / 2 bodies
",0,[],0,0,0,0,/home/arjaiswal/Polygeist/issues/aten_c_kernels/results/aten_batch_norm_backward_cpu/debuf.mlir,8204,8,2,0,295.55587470531464,2,65852,0.0,0,0,0,0,[],0,0,0,0.0,0
aten,aten_batch_norm_backward_cpu,/home/arjaiswal/Polygeist/issues/aten_c_kernels/results/aten_batch_norm_backward_cpu/debuf.mlir,e04baf04febffb3027d37d5682dcd5bea41863baf952c70059ca8c50c70ab905,syntactic,3,ok,0,772.8515714406967,0,"[""/usr/bin/python3"", ""/home/arjaiswal/Polygeist/scripts/correctness/kernel_match_rewrite.py"", ""/home/arjaiswal/Polygeist/issues/aten_c_kernels/results/aten_batch_norm_backward_cpu/debuf.mlir"", ""--dry-run"", ""--matcher-mode"", ""syntactic"", ""--telemetry-json"", ""/home/arjaiswal/Polygeist/issues/equality_saturation_eval/campaign_20260908/aten-aten_batch_norm_backward_cpu-syntactic-6razyems.json"", ""--disable-semantic-fallback""]","== match report for /home/arjaiswal/Polygeist/issues/aten_c_kernels/results/aten_batch_norm_backward_cpu/debuf.mlir ==
  no_match       body#0  ?
  no_match       body#1  ?
  total: 0 matched / 2 bodies
",0,[],0,0,0,0,/home/arjaiswal/Polygeist/issues/aten_c_kernels/results/aten_batch_norm_backward_cpu/debuf.mlir,8204,0,2,0,311.0860735177994,2,65912,0.0,0,0,0,0,[],0,0,0,0.0,0
aten,aten_batch_norm_backward_cpu,/home/arjaiswal/Polygeist/issues/aten_c_kernels/results/aten_batch_norm_backward_cpu/debuf.mlir,e04baf04febffb3027d37d5682dcd5bea41863baf952c70059ca8c50c70ab905,syntactic,4,ok,0,747.3228611052036,0,"[""/usr/bin/python3"", ""/home/arjaiswal/Polygeist/scripts/correctness/kernel_match_rewrite.py"", ""/home/arjaiswal/Polygeist/issues/aten_c_kernels/results/aten_batch_norm_backward_cpu/debuf.mlir"", ""--dry-run"", ""--matcher-mode"", ""syntactic"", ""--telemetry-json"", ""/home/arjaiswal/Polygeist/issues/equality_saturation_eval/campaign_20260908/aten-aten_batch_norm_backward_cpu-syntactic-1_bztda1.json"", ""--disable-semantic-fallback""]","== match report for /home/arjaiswal/Polygeist/issues/aten_c_kernels/results/aten_batch_norm_backward_cpu/debuf.mlir ==
  no_match       body#0  ?
  no_match       body#1  ?
  total: 0 matched / 2 bodies
",0,[],0,0,0,0,/home/arjaiswal/Polygeist/issues/aten_c_kernels/results/aten_batch_norm_backward_cpu/debuf.mlir,8204,0,2,0,296.7892959713936,2,66032,0.0,0,0,0,0,[],0,0,0,0.0,0
aten,aten_batch_norm_backward_cpu,/home/arjaiswal/Polygeist/issues/aten_c_kernels/results/aten_batch_norm_backward_cpu/debuf.mlir,e04baf04febffb3027d37d5682dcd5bea41863baf952c70059ca8c50c70ab905,egglog,4,ok,0,762.4126002192497,0,"[""/usr/bin/python3"", ""/home/arjaiswal/Polygeist/scripts/correctness/kernel_match_rewrite.py"", ""/home/arjaiswal/Polygeist/issues/aten_c_kernels/results/aten_batch_norm_backward_cpu/debuf.mlir"", ""--dry-run"", ""--matcher-mode"", ""egglog"", ""--telemetry-json"", ""/home/arjaiswal/Polygeist/issues/equality_saturation_eval/campaign_20260908/aten-aten_batch_norm_backward_cpu-egglog-s_ijo1bu.json"", ""--disable-semantic-fallback""]","== match report for /home/arjaiswal/Polygeist/issues/aten_c_kernels/results/aten_batch_norm_backward_cpu/debuf.mlir ==
  no_match       body#0  ?
  no_match       body#1  ?
  total: 0 matched / 2 bodies
",0,[],0,0,0,0,/home/arjaiswal/Polygeist/issues/aten_c_kernels/results/aten_batch_norm_backward_cpu/debuf.mlir,8204,8,2,0,317.8018480539322,2,66088,0.0,0,0,0,0,[],0,0,0,0.0,0
aten,aten_batch_norm_backward_cpu,/home/arjaiswal/Polygeist/issues/aten_c_kernels/results/aten_batch_norm_backward_cpu/debuf.mlir,e04baf04febffb3027d37d5682dcd5bea41863baf952c70059ca8c50c70ab905,egglog,5,ok,0,739.419475197792,0,"[""/usr/bin/python3"", ""/home/arjaiswal/Polygeist/scripts/correctness/kernel_match_rewrite.py"", ""/home/arjaiswal/Polygeist/issues/aten_c_kernels/results/aten_batch_norm_backward_cpu/debuf.mlir"", ""--dry-run"", ""--matcher-mode"", ""egglog"", ""--telemetry-json"", ""/home/arjaiswal/Polygeist/issues/equality_saturation_eval/campaign_20260908/aten-aten_batch_norm_backward_cpu-egglog-9tfyo21y.json"", ""--disable-semantic-fallback""]","== match report for /home/arjaiswal/Polygeist/issues/aten_c_kernels/results/aten_batch_norm_backward_cpu/debuf.mlir ==
  no_match       body#0  ?
  no_match       body#1  ?
  total: 0 matched / 2 bodies
",0,[],0,0,0,0,/home/arjaiswal/Polygeist/issues/aten_c_kernels/results/aten_batch_norm_backward_cpu/debuf.mlir,8204,8,2,0,299.6961250901222,2,65996,0.0,0,0,0,0,[],0,0,0,0.0,0
aten,aten_batch_norm_backward_cpu,/home/arjaiswal/Polygeist/issues/aten_c_kernels/results/aten_batch_norm_backward_cpu/debuf.mlir,e04baf04febffb3027d37d5682dcd5bea41863baf952c70059ca8c50c70ab905,syntactic,5,ok,0,737.8823757171631,0,"[""/usr/bin/python3"", ""/home/arjaiswal/Polygeist/scripts/correctness/kernel_match_rewrite.py"", ""/home/arjaiswal/Polygeist/issues/aten_c_kernels/results/aten_batch_norm_backward_cpu/debuf.mlir"", ""--dry-run"", ""--matcher-mode"", ""syntactic"", ""--telemetry-json"", ""/home/arjaiswal/Polygeist/issues/equality_saturation_eval/campaign_20260908/aten-aten_batch_norm_backward_cpu-syntactic-tpw0fcvk.json"", ""--disable-semantic-fallback""]","== match report for /home/arjaiswal/Polygeist/issues/aten_c_kernels/results/aten_batch_norm_backward_cpu/debuf.mlir ==
  no_match       body#0  ?
  no_match       body#1  ?
  total: 0 matched / 2 bodies
",0,[],0,0,0,0,/home/arjaiswal/Polygeist/issues/aten_c_kernels/results/aten_batch_norm_backward_cpu/debuf.mlir,8204,0,2,0,298.8217771053314,2,66032,0.0,0,0,0,0,[],0,0,0,0.0,0
aten,aten_batch_norm_backward_template_cpu,/home/arjaiswal/Polygeist/issues/aten_c_kernels/results/aten_batch_norm_backward_template_cpu/debuf.mlir,ab5c3273c3030f91152e0981f805026ffd1be7e958ba8327593148f49daedf1b,syntactic,1,ok,0,756.8931132555008,0,"[""/usr/bin/python3"", ""/home/arjaiswal/Polygeist/scripts/correctness/kernel_match_rewrite.py"", ""/home/arjaiswal/Polygeist/issues/aten_c_kernels/results/aten_batch_norm_backward_template_cpu/debuf.mlir"", ""--dry-run"", ""--matcher-mode"", ""syntactic"", ""--telemetry-json"", ""/home/arjaiswal/Polygeist/issues/equality_saturation_eval/campaign_20260908/aten-aten_batch_norm_backward_template_cpu-syntactic-fwl0j7d7.json"", ""--disable-semantic-fallback""]","== match report for /home/arjaiswal/Polygeist/issues/aten_c_kernels/results/aten_batch_norm_backward_template_cpu/debuf.mlir ==
  no_match       body#0  ?
  no_match       body#1  ?
  no_match       body#2  ?
  no_match       body#3  ?
  total: 0 matched / 4 bodies
",0,[],0,0,0,0,/home/arjaiswal/Polygeist/issues/aten_c_kernels/results/aten_batch_norm_backward_template_cpu/debuf.mlir,8746,0,4,0,300.57233199477196,4,65940,0.016458332538604736,0,2,0,0,[],0,0,4,0.0,4
aten,aten_batch_norm_backward_template_cpu,/home/arjaiswal/Polygeist/issues/aten_c_kernels/results/aten_batch_norm_backward_template_cpu/debuf.mlir,ab5c3273c3030f91152e0981f805026ffd1be7e958ba8327593148f49daedf1b,egglog,1,ok,0,809.2825599014759,0,"[""/usr/bin/python3"", ""/home/arjaiswal/Polygeist/scripts/correctness/kernel_match_rewrite.py"", ""/home/arjaiswal/Polygeist/issues/aten_c_kernels/results/aten_batch_norm_backward_template_cpu/debuf.mlir"", ""--dry-run"", ""--matcher-mode"", ""egglog"", ""--telemetry-json"", ""/home/arjaiswal/Polygeist/issues/equality_saturation_eval/campaign_20260908/aten-aten_batch_norm_backward_template_cpu-egglog-g6pijb22.json"", ""--disable-semantic-fallback""]","== match report for /home/arjaiswal/Polygeist/issues/aten_c_kernels/results/aten_batch_norm_backward_template_cpu/debuf.mlir ==
  no_match       body#0  ?
  no_match       body#1  ?
  no_match       body#2  ?
  no_match       body#3  ?
  total: 0 matched / 4 bodies
",0,[],0,0,0,0,/home/arjaiswal/Polygeist/issues/aten_c_kernels/results/aten_batch_norm_backward_template_cpu/debuf.mlir,8746,8,4,0,372.6845532655716,4,69908,26.262644678354263,2,2,0,0,[],0,0,0,0.0,4
aten,aten_batch_norm_backward_template_cpu,/home/arjaiswal/Polygeist/issues/aten_c_kernels/results/aten_batch_norm_backward_template_cpu/debuf.mlir,ab5c3273c3030f91152e0981f805026ffd1be7e958ba8327593148f49daedf1b,egglog,2,ok,0,793.8930206000805,0,"[""/usr/bin/python3"", ""/home/arjaiswal/Polygeist/scripts/correctness/kernel_match_rewrite.py"", ""/home/arjaiswal/Polygeist/issues/aten_c_kernels/results/aten_batch_norm_backward_template_cpu/debuf.mlir"", ""--dry-run"", ""--matcher-mode"", ""egglog"", ""--telemetry-json"", ""/home/arjaiswal/Polygeist/issues/equality_saturation_eval/campaign_20260908/aten-aten_batch_norm_backward_template_cpu-egglog-pb7nr2bl.json"", ""--disable-semantic-fallback""]","== match report for /home/arjaiswal/Polygeist/issues/aten_c_kernels/results/aten_batch_norm_backward_template_cpu/debuf.mlir ==
  no_match       body#0  ?
  no_match       body#1  ?
  no_match       body#2  ?
  no_match       body#3  ?
  total: 0 matched / 4 bodies
",0,[],0,0,0,0,/home/arjaiswal/Polygeist/issues/aten_c_kernels/results/aten_batch_norm_backward_template_cpu/debuf.mlir,8746,8,4,0,343.7776081264019,4,69920,23.401819169521332,2,2,0,0,[],0,0,0,0.0,4
aten,aten_batch_norm_backward_template_cpu,/home/arjaiswal/Polygeist/issues/aten_c_kernels/results/aten_batch_norm_backward_template_cpu/debuf.mlir,ab5c3273c3030f91152e0981f805026ffd1be7e958ba8327593148f49daedf1b,syntactic,2,ok,0,747.6328276097775,0,"[""/usr/bin/python3"", ""/home/arjaiswal/Polygeist/scripts/correctness/kernel_match_rewrite.py"", ""/home/arjaiswal/Polygeist/issues/aten_c_kernels/results/aten_batch_norm_backward_template_cpu/debuf.mlir"", ""--dry-run"", ""--matcher-mode"", ""syntactic"", ""--telemetry-json"", ""/home/arjaiswal/Polygeist/issues/equality_saturation_eval/campaign_20260908/aten-aten_batch_norm_backward_template_cpu-syntactic-tepfg83g.json"", ""--disable-semantic-fallback""]","== match report for /home/arjaiswal/Polygeist/issues/aten_c_kernels/results/aten_batch_norm_backward_template_cpu/debuf.mlir ==
  no_match       body#0  ?
  no_match       body#1  ?
  no_match       body#2  ?
  no_match       body#3  ?
  total: 0 matched / 4 bodies
",0,[],0,0,0,0,/home/arjaiswal/Polygeist/issues/aten_c_kernels/results/aten_batch_norm_backward_template_cpu/debuf.mlir,8746,0,4,0,308.30102413892746,4,66088,0.014144927263259888,0,2,0,0,[],0,0,4,0.0,4
aten,aten_batch_norm_backward_template_cpu,/home/arjaiswal/Polygeist/issues/aten_c_kernels/results/aten_batch_norm_backward_template_cpu/debuf.mlir,ab5c3273c3030f91152e0981f805026ffd1be7e958ba8327593148f49daedf1b,syntactic,3,ok,0,767.6196992397308,0,"[""/usr/bin/python3"", ""/home/arjaiswal/Polygeist/scripts/correctness/kernel_match_rewrite.py"", ""/home/arjaiswal/Polygeist/issues/aten_c_kernels/results/aten_batch_norm_backward_template_cpu/debuf.mlir"", ""--dry-run"", ""--matcher-mode"", ""syntactic"", ""--telemetry-json"", ""/home/arjaiswal/Polygeist/issues/equality_saturation_eval/campaign_20260908/aten-aten_batch_norm_backward_template_cpu-syntactic-scx834rg.json"", ""--disable-semantic-fallback""]","== match report for /home/arjaiswal/Polygeist/issues/aten_c_kernels/results/aten_batch_norm_backward_template_cpu/debuf.mlir ==
  no_match       body#0  ?
  no_match       body#1  ?
  no_match       body#2  ?
  no_match       body#3  ?
  total: 0 matched / 4 bodies
",0,[],0,0,0,0,/home/arjaiswal/Polygeist/issues/aten_c_kernels/results/aten_batch_norm_backward_template_cpu/debuf.mlir,8746,0,4,0,320.06701454520226,4,65856,0.01362338662147522,0,2,0,0,[],0,0,4,0.0,4
aten,aten_batch_norm_backward_template_cpu,/home/arjaiswal/Polygeist/issues/aten_c_kernels/results/aten_batch_norm_backward_template_cpu/debuf.mlir,ab5c3273c3030f91152e0981f805026ffd1be7e958ba8327593148f49daedf1b,egglog,3,ok,0,854.1635684669018,0,"[""/usr/bin/python3"", ""/home/arjaiswal/Polygeist/scripts/correctness/kernel_match_rewrite.py"", ""/home/arjaiswal/Polygeist/issues/aten_c_kernels/results/aten_batch_norm_backward_template_cpu/debuf.mlir"", ""--dry-run"", ""--matcher-mode"", ""egglog"", ""--telemetry-json"", ""/home/arjaiswal/Polygeist/issues/equality_saturation_eval/campaign_20260908/aten-aten_batch_norm_backward_template_cpu-egglog-10oj8juj.json"", ""--disable-semantic-fallback""]","== match report for /home/arjaiswal/Polygeist/issues/aten_c_kernels/results/aten_batch_norm_backward_template_cpu/debuf.mlir ==
  no_match       body#0  ?
  no_match       body#1  ?
  no_match       body#2  ?
  no_match       body#3  ?
  total: 0 matched / 4 bodies
",0,[],0,0,0,0,/home/arjaiswal/Polygeist/issues/aten_c_kernels/results/aten_batch_norm_backward_template_cpu/debuf.mlir,8746,8,4,0,348.7509526312351,4,69960,21.95165306329727,2,2,0,0,[],0,0,0,0.0,4
aten,aten_batch_norm_backward_template_cpu,/home/arjaiswal/Polygeist/issues/aten_c_kernels/results/aten_batch_norm_backward_template_cpu/debuf.mlir,ab5c3273c3030f91152e0981f805026ffd1be7e958ba8327593148f49daedf1b,egglog,4,ok,0,766.136821359396,0,"[""/usr/bin/python3"", ""/home/arjaiswal/Polygeist/scripts/correctness/kernel_match_rewrite.py"", ""/home/arjaiswal/Polygeist/issues/aten_c_kernels/results/aten_batch_norm_backward_template_cpu/debuf.mlir"", ""--dry-run"", ""--matcher-mode"", ""egglog"", ""--telemetry-json"", ""/home/arjaiswal/Polygeist/issues/equality_saturation_eval/campaign_20260908/aten-aten_batch_norm_backward_template_cpu-egglog-l9jymz3q.json"", ""--disable-semantic-fallback""]","== match report for /home/arjaiswal/Polygeist/issues/aten_c_kernels/results/aten_batch_norm_backward_template_cpu/debuf.mlir ==
  no_match       body#0  ?
  no_match       body#1  ?
  no_match       body#2  ?
  no_match       body#3  ?
  total: 0 matched / 4 bodies
",0,[],0,0,0,0,/home/arjaiswal/Polygeist/issues/aten_c_kernels/results/aten_batch_norm_backward_template_cpu/debuf.mlir,8746,8,4,0,319.4664269685745,4,70076,20.724602043628693,2,2,0,0,[],0,0,0,0.0,4
aten,aten_batch_norm_backward_template_cpu,/home/arjaiswal/Polygeist/issues/aten_c_kernels/results/aten_batch_norm_backward_template_cpu/debuf.mlir,ab5c3273c3030f91152e0981f805026ffd1be7e958ba8327593148f49daedf1b,syntactic,4,ok,0,779.5558124780655,0,"[""/usr/bin/python3"", ""/home/arjaiswal/Polygeist/scripts/correctness/kernel_match_rewrite.py"", ""/home/arjaiswal/Polygeist/issues/aten_c_kernels/results/aten_batch_norm_backward_template_cpu/debuf.mlir"", ""--dry-run"", ""--matcher-mode"", ""syntactic"", ""--telemetry-json"", ""/home/arjaiswal/Polygeist/issues/equality_saturation_eval/campaign_20260908/aten-aten_batch_norm_backward_template_cpu-syntactic-1yk30zgu.json"", ""--disable-semantic-fallback""]","== match report for /home/arjaiswal/Polygeist/issues/aten_c_kernels/results/aten_batch_norm_backward_template_cpu/debuf.mlir ==
  no_match       body#0  ?
  no_match       body#1  ?
  no_match       body#2  ?
  no_match       body#3  ?
  total: 0 matched / 4 bodies
",0,[],0,0,0,0,/home/arjaiswal/Polygeist/issues/aten_c_kernels/results/aten_batch_norm_backward_template_cpu/debuf.mlir,8746,0,4,0,335.70825681090355,4,65852,0.013772398233413696,0,2,0,0,[],0,0,4,0.0,4
aten,aten_batch_norm_backward_template_cpu,/home/arjaiswal/Polygeist/issues/aten_c_kernels/results/aten_batch_norm_backward_template_cpu/debuf.mlir,ab5c3273c3030f91152e0981f805026ffd1be7e958ba8327593148f49daedf1b,syntactic,5,ok,0,779.2512327432632,0,"[""/usr/bin/python3"", ""/home/arjaiswal/Polygeist/scripts/correctness/kernel_match_rewrite.py"", ""/home/arjaiswal/Polygeist/issues/aten_c_kernels/results/aten_batch_norm_backward_template_cpu/debuf.mlir"", ""--dry-run"", ""--matcher-mode"", ""syntactic"", ""--telemetry-json"", ""/home/arjaiswal/Polygeist/issues/equality_saturation_eval/campaign_20260908/aten-aten_batch_norm_backward_template_cpu-syntactic-mds__s6r.json"", ""--disable-semantic-fallback""]","== match report for /home/arjaiswal/Polygeist/issues/aten_c_kernels/results/aten_batch_norm_backward_template_cpu/debuf.mlir ==
  no_match       body#0  ?
  no_match       body#1  ?
  no_match       body#2  ?
  no_match       body#3  ?
  total: 0 matched / 4 bodies
",0,[],0,0,0,0,/home/arjaiswal/Polygeist/issues/aten_c_kernels/results/aten_batch_norm_backward_template_cpu/debuf.mlir,8746,0,4,0,310.5744644999504,4,66016,0.015020370483398438,0,2,0,0,[],0,0,4,0.0,4
aten,aten_batch_norm_backward_template_cpu,/home/arjaiswal/Polygeist/issues/aten_c_kernels/results/aten_batch_norm_backward_template_cpu/debuf.mlir,ab5c3273c3030f91152e0981f805026ffd1be7e958ba8327593148f49daedf1b,egglog,5,ok,0,811.9790740311146,0,"[""/usr/bin/python3"", ""/home/arjaiswal/Polygeist/scripts/correctness/kernel_match_rewrite.py"", ""/home/arjaiswal/Polygeist/issues/aten_c_kernels/results/aten_batch_norm_backward_template_cpu/debuf.mlir"", ""--dry-run"", ""--matcher-mode"", ""egglog"", ""--telemetry-json"", ""/home/arjaiswal/Polygeist/issues/equality_saturation_eval/campaign_20260908/aten-aten_batch_norm_backward_template_cpu-egglog-ofhgb4tr.json"", ""--disable-semantic-fallback""]","== match report for /home/arjaiswal/Polygeist/issues/aten_c_kernels/results/aten_batch_norm_backward_template_cpu/debuf.mlir ==
  no_match       body#0  ?
  no_match       body#1  ?
  no_match       body#2  ?
  no_match       body#3  ?
  total: 0 matched / 4 bodies
",0,[],0,0,0,0,/home/arjaiswal/Polygeist/issues/aten_c_kernels/results/aten_batch_norm_backward_template_cpu/debuf.mlir,8746,8,4,0,355.8261953294277,4,70040,20.521771162748337,2,2,0,0,[],0,0,0,0.0,4
aten,aten_batch_norm_collect_stats_cpu,/home/arjaiswal/Polygeist/issues/aten_c_kernels/results/aten_batch_norm_collect_stats_cpu/debuf.mlir,b8fff9d1596a73c1d266717a0806733de20a8c200754e855e7651c00dff51bb0,egglog,1,ok,0,732.5816303491592,0,"[""/usr/bin/python3"", ""/home/arjaiswal/Polygeist/scripts/correctness/kernel_match_rewrite.py"", ""/home/arjaiswal/Polygeist/issues/aten_c_kernels/results/aten_batch_norm_collect_stats_cpu/debuf.mlir"", ""--dry-run"", ""--matcher-mode"", ""egglog"", ""--telemetry-json"", ""/home/arjaiswal/Polygeist/issues/equality_saturation_eval/campaign_20260908/aten-aten_batch_norm_collect_stats_cpu-egglog-ehd9km8l.json"", ""--disable-semantic-fallback""]","== match report for /home/arjaiswal/Polygeist/issues/aten_c_kernels/results/aten_batch_norm_collect_stats_cpu/debuf.mlir ==
  no_match       body#0  ?
  no_match       body#1  ?
  total: 0 matched / 2 bodies
",0,[],0,0,0,0,/home/arjaiswal/Polygeist/issues/aten_c_kernels/results/aten_batch_norm_collect_stats_cpu/debuf.mlir,3791,8,2,0,279.6717807650566,2,65844,0.0,0,0,0,0,[],0,0,0,0.0,0
aten,aten_batch_norm_collect_stats_cpu,/home/arjaiswal/Polygeist/issues/aten_c_kernels/results/aten_batch_norm_collect_stats_cpu/debuf.mlir,b8fff9d1596a73c1d266717a0806733de20a8c200754e855e7651c00dff51bb0,syntactic,1,ok,0,729.6109832823277,0,"[""/usr/bin/python3"", ""/home/arjaiswal/Polygeist/scripts/correctness/kernel_match_rewrite.py"", ""/home/arjaiswal/Polygeist/issues/aten_c_kernels/results/aten_batch_norm_collect_stats_cpu/debuf.mlir"", ""--dry-run"", ""--matcher-mode"", ""syntactic"", ""--telemetry-json"", ""/home/arjaiswal/Polygeist/issues/equality_saturation_eval/campaign_20260908/aten-aten_batch_norm_collect_stats_cpu-syntactic-sznmnb0w.json"", ""--disable-semantic-fallback""]","== match report for /home/arjaiswal/Polygeist/issues/aten_c_kernels/results/aten_batch_norm_collect_stats_cpu/debuf.mlir ==
  no_match       body#0  ?
  no_match       body#1  ?
  total: 0 matched / 2 bodies
",0,[],0,0,0,0,/home/arjaiswal/Polygeist/issues/aten_c_kernels/results/aten_batch_norm_collect_stats_cpu/debuf.mlir,3791,0,2,0,287.752129137516,2,65460,0.0,0,0,0,0,[],0,0,0,0.0,0
aten,aten_batch_norm_collect_stats_cpu,/home/arjaiswal/Polygeist/issues/aten_c_kernels/results/aten_batch_norm_collect_stats_cpu/debuf.mlir,b8fff9d1596a73c1d266717a0806733de20a8c200754e855e7651c00dff51bb0,syntactic,2,ok,0,724.1554111242294,0,"[""/usr/bin/python3"", ""/home/arjaiswal/Polygeist/scripts/correctness/kernel_match_rewrite.py"", ""/home/arjaiswal/Polygeist/issues/aten_c_kernels/results/aten_batch_norm_collect_stats_cpu/debuf.mlir"", ""--dry-run"", ""--matcher-mode"", ""syntactic"", ""--telemetry-json"", ""/home/arjaiswal/Polygeist/issues/equality_saturation_eval/campaign_20260908/aten-aten_batch_norm_collect_stats_cpu-syntactic-z0quffzv.json"", ""--disable-semantic-fallback""]","== match report for /home/arjaiswal/Polygeist/issues/aten_c_kernels/results/aten_batch_norm_collect_stats_cpu/debuf.mlir ==
  no_match       body#0  ?
  no_match       body#1  ?
  total: 0 matched / 2 bodies
",0,[],0,0,0,0,/home/arjaiswal/Polygeist/issues/aten_c_kernels/results/aten_batch_norm_collect_stats_cpu/debuf.mlir,3791,0,2,0,274.19406920671463,2,65836,0.0,0,0,0,0,[],0,0,0,0.0,0
aten,aten_batch_norm_collect_stats_cpu,/home/arjaiswal/Polygeist/issues/aten_c_kernels/results/aten_batch_norm_collect_stats_cpu/debuf.mlir,b8fff9d1596a73c1d266717a0806733de20a8c200754e855e7651c00dff51bb0,egglog,2,ok,0,744.2963719367981,0,"[""/usr/bin/python3"", ""/home/arjaiswal/Polygeist/scripts/correctness/kernel_match_rewrite.py"", ""/home/arjaiswal/Polygeist/issues/aten_c_kernels/results/aten_batch_norm_collect_stats_cpu/debuf.mlir"", ""--dry-run"", ""--matcher-mode"", ""egglog"", ""--telemetry-json"", ""/home/arjaiswal/Polygeist/issues/equality_saturation_eval/campaign_20260908/aten-aten_batch_norm_collect_stats_cpu-egglog-zou51wg0.json"", ""--disable-semantic-fallback""]","== match report for /home/arjaiswal/Polygeist/issues/aten_c_kernels/results/aten_batch_norm_collect_stats_cpu/debuf.mlir ==
  no_match       body#0  ?
  no_match       body#1  ?
  total: 0 matched / 2 bodies
",0,[],0,0,0,0,/home/arjaiswal/Polygeist/issues/aten_c_kernels/results/aten_batch_norm_collect_stats_cpu/debuf.mlir,3791,8,2,0,274.6921628713608,2,65804,0.0,0,0,0,0,[],0,0,0,0.0,0
aten,aten_batch_norm_collect_stats_cpu,/home/arjaiswal/Polygeist/issues/aten_c_kernels/results/aten_batch_norm_collect_stats_cpu/debuf.mlir,b8fff9d1596a73c1d266717a0806733de20a8c200754e855e7651c00dff51bb0,egglog,3,ok,0,712.6640491187572,0,"[""/usr/bin/python3"", ""/home/arjaiswal/Polygeist/scripts/correctness/kernel_match_rewrite.py"", ""/home/arjaiswal/Polygeist/issues/aten_c_kernels/results/aten_batch_norm_collect_stats_cpu/debuf.mlir"", ""--dry-run"", ""--matcher-mode"", ""egglog"", ""--telemetry-json"", ""/home/arjaiswal/Polygeist/issues/equality_saturation_eval/campaign_20260908/aten-aten_batch_norm_collect_stats_cpu-egglog-0gjwhywe.json"", ""--disable-semantic-fallback""]","== match report for /home/arjaiswal/Polygeist/issues/aten_c_kernels/results/aten_batch_norm_collect_stats_cpu/debuf.mlir ==
  no_match       body#0  ?
  no_match       body#1  ?
  total: 0 matched / 2 bodies
",0,[],0,0,0,0,/home/arjaiswal/Polygeist/issues/aten_c_kernels/results/aten_batch_norm_collect_stats_cpu/debuf.mlir,3791,8,2,0,285.16390919685364,2,65540,0.0,0,0,0,0,[],0,0,0,0.0,0
aten,aten_batch_norm_collect_stats_cpu,/home/arjaiswal/Polygeist/issues/aten_c_kernels/results/aten_batch_norm_collect_stats_cpu/debuf.mlir,b8fff9d1596a73c1d266717a0806733de20a8c200754e855e7651c00dff51bb0,syntactic,3,ok,0,719.609946012497,0,"[""/usr/bin/python3"", ""/home/arjaiswal/Polygeist/scripts/correctness/kernel_match_rewrite.py"", ""/home/arjaiswal/Polygeist/issues/aten_c_kernels/results/aten_batch_norm_collect_stats_cpu/debuf.mlir"", ""--dry-run"", ""--matcher-mode"", ""syntactic"", ""--telemetry-json"", ""/home/arjaiswal/Polygeist/issues/equality_saturation_eval/campaign_20260908/aten-aten_batch_norm_collect_stats_cpu-syntactic-tvzox768.json"", ""--disable-semantic-fallback""]","== match report for /home/arjaiswal/Polygeist/issues/aten_c_kernels/results/aten_batch_norm_collect_stats_cpu/debuf.mlir ==
  no_match       body#0  ?
  no_match       body#1  ?
  total: 0 matched / 2 bodies
",0,[],0,0,0,0,/home/arjaiswal/Polygeist/issues/aten_c_kernels/results/aten_batch_norm_collect_stats_cpu/debuf.mlir,3791,0,2,0,285.13966500759125,2,65552,0.0,0,0,0,0,[],0,0,0,0.0,0
aten,aten_batch_norm_collect_stats_cpu,/home/arjaiswal/Polygeist/issues/aten_c_kernels/results/aten_batch_norm_collect_stats_cpu/debuf.mlir,b8fff9d1596a73c1d266717a0806733de20a8c200754e855e7651c00dff51bb0,syntactic,4,ok,0,739.3096312880516,0,"[""/usr/bin/python3"", ""/home/arjaiswal/Polygeist/scripts/correctness/kernel_match_rewrite.py"", ""/home/arjaiswal/Polygeist/issues/aten_c_kernels/results/aten_batch_norm_collect_stats_cpu/debuf.mlir"", ""--dry-run"", ""--matcher-mode"", ""syntactic"", ""--telemetry-json"", ""/home/arjaiswal/Polygeist/issues/equality_saturation_eval/campaign_20260908/aten-aten_batch_norm_collect_stats_cpu-syntactic-t9wli42e.json"", ""--disable-semantic-fallback""]","== match report for /home/arjaiswal/Polygeist/issues/aten_c_kernels/results/aten_batch_norm_collect_stats_cpu/debuf.mlir ==
  no_match       body#0  ?
  no_match       body#1  ?
  total: 0 matched / 2 bodies
",0,[],0,0,0,0,/home/arjaiswal/Polygeist/issues/aten_c_kernels/results/aten_batch_norm_collect_stats_cpu/debuf.mlir,3791,0,2,0,282.5465239584446,2,65768,0.0,0,0,0,0,[],0,0,0,0.0,0
aten,aten_batch_norm_collect_stats_cpu,/home/arjaiswal/Polygeist/issues/aten_c_kernels/results/aten_batch_norm_collect_stats_cpu/debuf.mlir,b8fff9d1596a73c1d266717a0806733de20a8c200754e855e7651c00dff51bb0,egglog,4,ok,0,757.1615688502789,0,"[""/usr/bin/python3"", ""/home/arjaiswal/Polygeist/scripts/correctness/kernel_match_rewrite.py"", ""/home/arjaiswal/Polygeist/issues/aten_c_kernels/results/aten_batch_norm_collect_stats_cpu/debuf.mlir"", ""--dry-run"", ""--matcher-mode"", ""egglog"", ""--telemetry-json"", ""/home/arjaiswal/Polygeist/issues/equality_saturation_eval/campaign_20260908/aten-aten_batch_norm_collect_stats_cpu-egglog-it40rgjx.json"", ""--disable-semantic-fallback""]","== match report for /home/arjaiswal/Polygeist/issues/aten_c_kernels/results/aten_batch_norm_collect_stats_cpu/debuf.mlir ==
  no_match       body#0  ?
  no_match       body#1  ?
  total: 0 matched / 2 bodies
",0,[],0,0,0,0,/home/arjaiswal/Polygeist/issues/aten_c_kernels/results/aten_batch_norm_collect_stats_cpu/debuf.mlir,3791,8,2,0,288.2072627544403,2,65684,0.0,0,0,0,0,[],0,0,0,0.0,0
aten,aten_batch_norm_collect_stats_cpu,/home/arjaiswal/Polygeist/issues/aten_c_kernels/results/aten_batch_norm_collect_stats_cpu/debuf.mlir,b8fff9d1596a73c1d266717a0806733de20a8c200754e855e7651c00dff51bb0,egglog,5,ok,0,824.0031488239765,0,"[""/usr/bin/python3"", ""/home/arjaiswal/Polygeist/scripts/correctness/kernel_match_rewrite.py"", ""/home/arjaiswal/Polygeist/issues/aten_c_kernels/results/aten_batch_norm_collect_stats_cpu/debuf.mlir"", ""--dry-run"", ""--matcher-mode"", ""egglog"", ""--telemetry-json"", ""/home/arjaiswal/Polygeist/issues/equality_saturation_eval/campaign_20260908/aten-aten_batch_norm_collect_stats_cpu-egglog-hau8p02z.json"", ""--disable-semantic-fallback""]","== match report for /home/arjaiswal/Polygeist/issues/aten_c_kernels/results/aten_batch_norm_collect_stats_cpu/debuf.mlir ==
  no_match       body#0  ?
  no_match       body#1  ?
  total: 0 matched / 2 bodies
",0,[],0,0,0,0,/home/arjaiswal/Polygeist/issues/aten_c_kernels/results/aten_batch_norm_collect_stats_cpu/debuf.mlir,3791,8,2,0,356.874518096447,2,65508,0.0,0,0,0,0,[],0,0,0,0.0,0
aten,aten_batch_norm_collect_stats_cpu,/home/arjaiswal/Polygeist/issues/aten_c_kernels/results/aten_batch_norm_collect_stats_cpu/debuf.mlir,b8fff9d1596a73c1d266717a0806733de20a8c200754e855e7651c00dff51bb0,syntactic,5,ok,0,766.4054743945599,0,"[""/usr/bin/python3"", ""/home/arjaiswal/Polygeist/scripts/correctness/kernel_match_rewrite.py"", ""/home/arjaiswal/Polygeist/issues/aten_c_kernels/results/aten_batch_norm_collect_stats_cpu/debuf.mlir"", ""--dry-run"", ""--matcher-mode"", ""syntactic"", ""--telemetry-json"", ""/home/arjaiswal/Polygeist/issues/equality_saturation_eval/campaign_20260908/aten-aten_batch_norm_collect_stats_cpu-syntactic-dj8658m8.json"", ""--disable-semantic-fallback""]","== match report for /home/arjaiswal/Polygeist/issues/aten_c_kernels/results/aten_batch_norm_collect_stats_cpu/debuf.mlir ==
  no_match       body#0  ?
  no_match       body#1  ?
  total: 0 matched / 2 bodies
",0,[],0,0,0,0,/home/arjaiswal/Polygeist/issues/aten_c_kernels/results/aten_batch_norm_collect_stats_cpu/debuf.mlir,3791,0,2,0,307.7656365931034,2,65668,0.0,0,0,0,0,[],0,0,0,0.0,0
aten,aten_batch_norm_cpu_entry,/home/arjaiswal/Polygeist/issues/aten_c_kernels/results/aten_batch_norm_cpu_entry/debuf.mlir,ff734fd4b1515a8e7d515ac494aaa59e3b00e15b6568d506b55ac84688770080,syntactic,1,ok,0,984.47085916996,0,"[""/usr/bin/python3"", ""/home/arjaiswal/Polygeist/scripts/correctness/kernel_match_rewrite.py"", ""/home/arjaiswal/Polygeist/issues/aten_c_kernels/results/aten_batch_norm_cpu_entry/debuf.mlir"", ""--dry-run"", ""--matcher-mode"", ""syntactic"", ""--telemetry-json"", ""/home/arjaiswal/Polygeist/issues/equality_saturation_eval/campaign_20260908/aten-aten_batch_norm_cpu_entry-syntactic-bzykw7rz.json"", ""--disable-semantic-fallback""]","== match report for /home/arjaiswal/Polygeist/issues/aten_c_kernels/results/aten_batch_norm_cpu_entry/debuf.mlir ==
  match          body#[0]  cudnnPointwiseGraph_f32
  total: 1 matched / 1 bodies
",0,[],0,0,0,0,/home/arjaiswal/Polygeist/issues/aten_c_kernels/results/aten_batch_norm_cpu_entry/debuf.mlir,1848,0,1,1,459.1949060559273,0,66112,0.21589919924736023,0,0,0,0,"[{""body_indices"": [0], ""symbol"": ""cudnnPointwiseGraph_f32""}]",1,0,56,0.0,56
aten,aten_batch_norm_cpu_entry,/home/arjaiswal/Polygeist/issues/aten_c_kernels/results/aten_batch_norm_cpu_entry/debuf.mlir,ff734fd4b1515a8e7d515ac494aaa59e3b00e15b6568d506b55ac84688770080,egglog,1,ok,0,893.5243785381317,0,"[""/usr/bin/python3"", ""/home/arjaiswal/Polygeist/scripts/correctness/kernel_match_rewrite.py"", ""/home/arjaiswal/Polygeist/issues/aten_c_kernels/results/aten_batch_norm_cpu_entry/debuf.mlir"", ""--dry-run"", ""--matcher-mode"", ""egglog"", ""--telemetry-json"", ""/home/arjaiswal/Polygeist/issues/equality_saturation_eval/campaign_20260908/aten-aten_batch_norm_cpu_entry-egglog-gud6bpm4.json"", ""--disable-semantic-fallback""]","== match report for /home/arjaiswal/Polygeist/issues/aten_c_kernels/results/aten_batch_norm_cpu_entry/debuf.mlir ==
  match          body#[0]  cudnnPointwiseGraph_f32
  total: 1 matched / 1 bodies
",0,[],0,0,0,0,/home/arjaiswal/Polygeist/issues/aten_c_kernels/results/aten_batch_norm_cpu_entry/debuf.mlir,1848,8,1,1,447.83851876854897,0,66000,0.0,0,0,0,0,"[{""body_indices"": [0], ""symbol"": ""cudnnPointwiseGraph_f32""}]",1,0,0,0.0,56
aten,aten_batch_norm_cpu_entry,/home/arjaiswal/Polygeist/issues/aten_c_kernels/results/aten_batch_norm_cpu_entry/debuf.mlir,ff734fd4b1515a8e7d515ac494aaa59e3b00e15b6568d506b55ac84688770080,egglog,2,ok,0,920.0034588575363,0,"[""/usr/bin/python3"", ""/home/arjaiswal/Polygeist/scripts/correctness/kernel_match_rewrite.py"", ""/home/arjaiswal/Polygeist/issues/aten_c_kernels/results/aten_batch_norm_cpu_entry/debuf.mlir"", ""--dry-run"", ""--matcher-mode"", ""egglog"", ""--telemetry-json"", ""/home/arjaiswal/Polygeist/issues/equality_saturation_eval/campaign_20260908/aten-aten_batch_norm_cpu_entry-egglog-w943kar6.json"", ""--disable-semantic-fallback""]","== match report for /home/arjaiswal/Polygeist/issues/aten_c_kernels/results/aten_batch_norm_cpu_entry/debuf.mlir ==
  match          body#[0]  cudnnPointwiseGraph_f32
  total: 1 matched / 1 bodies
",0,[],0,0,0,0,/home/arjaiswal/Polygeist/issues/aten_c_kernels/results/aten_batch_norm_cpu_entry/debuf.mlir,1848,8,1,1,453.09052988886833,0,65696,0.0,0,0,0,0,"[{""body_indices"": [0], ""symbol"": ""cudnnPointwiseGraph_f32""}]",1,0,0,0.0,56
aten,aten_batch_norm_cpu_entry,/home/arjaiswal/Polygeist/issues/aten_c_kernels/results/aten_batch_norm_cpu_entry/debuf.mlir,ff734fd4b1515a8e7d515ac494aaa59e3b00e15b6568d506b55ac84688770080,syntactic,2,ok,0,909.6314944326878,0,"[""/usr/bin/python3"", ""/home/arjaiswal/Polygeist/scripts/correctness/kernel_match_rewrite.py"", ""/home/arjaiswal/Polygeist/issues/aten_c_kernels/results/aten_batch_norm_cpu_entry/debuf.mlir"", ""--dry-run"", ""--matcher-mode"", ""syntactic"", ""--telemetry-json"", ""/home/arjaiswal/Polygeist/issues/equality_saturation_eval/campaign_20260908/aten-aten_batch_norm_cpu_entry-syntactic-71mdfza2.json"", ""--disable-semantic-fallback""]","== match report for /home/arjaiswal/Polygeist/issues/aten_c_kernels/results/aten_batch_norm_cpu_entry/debuf.mlir ==
  match          body#[0]  cudnnPointwiseGraph_f32
  total: 1 matched / 1 bodies
",0,[],0,0,0,0,/home/arjaiswal/Polygeist/issues/aten_c_kernels/results/aten_batch_norm_cpu_entry/debuf.mlir,1848,0,1,1,461.05072647333145,0,66004,0.19023939967155457,0,0,0,0,"[{""body_indices"": [0], ""symbol"": ""cudnnPointwiseGraph_f32""}]",1,0,56,0.0,56
aten,aten_batch_norm_cpu_entry,/home/arjaiswal/Polygeist/issues/aten_c_kernels/results/aten_batch_norm_cpu_entry/debuf.mlir,ff734fd4b1515a8e7d515ac494aaa59e3b00e15b6568d506b55ac84688770080,syntactic,3,ok,0,912.3650416731834,0,"[""/usr/bin/python3"", ""/home/arjaiswal/Polygeist/scripts/correctness/kernel_match_rewrite.py"", ""/home/arjaiswal/Polygeist/issues/aten_c_kernels/results/aten_batch_norm_cpu_entry/debuf.mlir"", ""--dry-run"", ""--matcher-mode"", ""syntactic"", ""--telemetry-json"", ""/home/arjaiswal/Polygeist/issues/equality_saturation_eval/campaign_20260908/aten-aten_batch_norm_cpu_entry-syntactic-mgut8eyo.json"", ""--disable-semantic-fallback""]","== match report for /home/arjaiswal/Polygeist/issues/aten_c_kernels/results/aten_batch_norm_cpu_entry/debuf.mlir ==
  match          body#[0]  cudnnPointwiseGraph_f32
  total: 1 matched / 1 bodies
",0,[],0,0,0,0,/home/arjaiswal/Polygeist/issues/aten_c_kernels/results/aten_batch_norm_cpu_entry/debuf.mlir,1848,0,1,1,461.15683019161224,0,65852,0.18899142742156982,0,0,0,0,"[{""body_indices"": [0], ""symbol"": ""cudnnPointwiseGraph_f32""}]",1,0,56,0.0,56
aten,aten_batch_norm_cpu_entry,/home/arjaiswal/Polygeist/issues/aten_c_kernels/results/aten_batch_norm_cpu_entry/debuf.mlir,ff734fd4b1515a8e7d515ac494aaa59e3b00e15b6568d506b55ac84688770080,egglog,3,ok,0,980.934377759695,0,"[""/usr/bin/python3"", ""/home/arjaiswal/Polygeist/scripts/correctness/kernel_match_rewrite.py"", ""/home/arjaiswal/Polygeist/issues/aten_c_kernels/results/aten_batch_norm_cpu_entry/debuf.mlir"", ""--dry-run"", ""--matcher-mode"", ""egglog"", ""--telemetry-json"", ""/home/arjaiswal/Polygeist/issues/equality_saturation_eval/campaign_20260908/aten-aten_batch_norm_cpu_entry-egglog-3ykewwar.json"", ""--disable-semantic-fallback""]","== match report for /home/arjaiswal/Polygeist/issues/aten_c_kernels/results/aten_batch_norm_cpu_entry/debuf.mlir ==
  match          body#[0]  cudnnPointwiseGraph_f32
  total: 1 matched / 1 bodies
",0,[],0,0,0,0,/home/arjaiswal/Polygeist/issues/aten_c_kernels/results/aten_batch_norm_cpu_entry/debuf.mlir,1848,8,1,1,527.3961536586285,0,65936,0.0,0,0,0,0,"[{""body_indices"": [0], ""symbol"": ""cudnnPointwiseGraph_f32""}]",1,0,0,0.0,56
aten,aten_batch_norm_cpu_entry,/home/arjaiswal/Polygeist/issues/aten_c_kernels/results/aten_batch_norm_cpu_entry/debuf.mlir,ff734fd4b1515a8e7d515ac494aaa59e3b00e15b6568d506b55ac84688770080,egglog,4,ok,0,897.5122831761837,0,"[""/usr/bin/python3"", ""/home/arjaiswal/Polygeist/scripts/correctness/kernel_match_rewrite.py"", ""/home/arjaiswal/Polygeist/issues/aten_c_kernels/results/aten_batch_norm_cpu_entry/debuf.mlir"", ""--dry-run"", ""--matcher-mode"", ""egglog"", ""--telemetry-json"", ""/home/arjaiswal/Polygeist/issues/equality_saturation_eval/campaign_20260908/aten-aten_batch_norm_cpu_entry-egglog-e7w5a2l5.json"", ""--disable-semantic-fallback""]","== match report for /home/arjaiswal/Polygeist/issues/aten_c_kernels/results/aten_batch_norm_cpu_entry/debuf.mlir ==
  match          body#[0]  cudnnPointwiseGraph_f32
  total: 1 matched / 1 bodies
",0,[],0,0,0,0,/home/arjaiswal/Polygeist/issues/aten_c_kernels/results/aten_batch_norm_cpu_entry/debuf.mlir,1848,8,1,1,451.04991272091866,0,65960,0.0,0,0,0,0,"[{""body_indices"": [0], ""symbol"": ""cudnnPointwiseGraph_f32""}]",1,0,0,0.0,56
aten,aten_batch_norm_cpu_entry,/home/arjaiswal/Polygeist/issues/aten_c_kernels/results/aten_batch_norm_cpu_entry/debuf.mlir,ff734fd4b1515a8e7d515ac494aaa59e3b00e15b6568d506b55ac84688770080,syntactic,4,ok,0,912.6104637980461,0,"[""/usr/bin/python3"", ""/home/arjaiswal/Polygeist/scripts/correctness/kernel_match_rewrite.py"", ""/home/arjaiswal/Polygeist/issues/aten_c_kernels/results/aten_batch_norm_cpu_entry/debuf.mlir"", ""--dry-run"", ""--matcher-mode"", ""syntactic"", ""--telemetry-json"", ""/home/arjaiswal/Polygeist/issues/equality_saturation_eval/campaign_20260908/aten-aten_batch_norm_cpu_entry-syntactic-5zj_8srn.json"", ""--disable-semantic-fallback""]","== match report for /home/arjaiswal/Polygeist/issues/aten_c_kernels/results/aten_batch_norm_cpu_entry/debuf.mlir ==
  match          body#[0]  cudnnPointwiseGraph_f32
  total: 1 matched / 1 bodies
",0,[],0,0,0,0,/home/arjaiswal/Polygeist/issues/aten_c_kernels/results/aten_batch_norm_cpu_entry/debuf.mlir,1848,0,1,1,462.12003380060196,0,66000,0.22341683506965637,0,0,0,0,"[{""body_indices"": [0], ""symbol"": ""cudnnPointwiseGraph_f32""}]",1,0,56,0.0,56
aten,aten_batch_norm_cpu_entry,/home/arjaiswal/Polygeist/issues/aten_c_kernels/results/aten_batch_norm_cpu_entry/debuf.mlir,ff734fd4b1515a8e7d515ac494aaa59e3b00e15b6568d506b55ac84688770080,syntactic,5,ok,0,901.5073701739311,0,"[""/usr/bin/python3"", ""/home/arjaiswal/Polygeist/scripts/correctness/kernel_match_rewrite.py"", ""/home/arjaiswal/Polygeist/issues/aten_c_kernels/results/aten_batch_norm_cpu_entry/debuf.mlir"", ""--dry-run"", ""--matcher-mode"", ""syntactic"", ""--telemetry-json"", ""/home/arjaiswal/Polygeist/issues/equality_saturation_eval/campaign_20260908/aten-aten_batch_norm_cpu_entry-syntactic-yesrdrmm.json"", ""--disable-semantic-fallback""]","== match report for /home/arjaiswal/Polygeist/issues/aten_c_kernels/results/aten_batch_norm_cpu_entry/debuf.mlir ==
  match          body#[0]  cudnnPointwiseGraph_f32
  total: 1 matched / 1 bodies
",0,[],0,0,0,0,/home/arjaiswal/Polygeist/issues/aten_c_kernels/results/aten_batch_norm_cpu_entry/debuf.mlir,1848,0,1,1,461.3916911184788,0,65964,0.19025802612304688,0,0,0,0,"[{""body_indices"": [0], ""symbol"": ""cudnnPointwiseGraph_f32""}]",1,0,56,0.0,56
aten,aten_batch_norm_cpu_entry,/home/arjaiswal/Polygeist/issues/aten_c_kernels/results/aten_batch_norm_cpu_entry/debuf.mlir,ff734fd4b1515a8e7d515ac494aaa59e3b00e15b6568d506b55ac84688770080,egglog,5,ok,0,905.9592112898827,0,"[""/usr/bin/python3"", ""/home/arjaiswal/Polygeist/scripts/correctness/kernel_match_rewrite.py"", ""/home/arjaiswal/Polygeist/issues/aten_c_kernels/results/aten_batch_norm_cpu_entry/debuf.mlir"", ""--dry-run"", ""--matcher-mode"", ""egglog"", ""--telemetry-json"", ""/home/arjaiswal/Polygeist/issues/equality_saturation_eval/campaign_20260908/aten-aten_batch_norm_cpu_entry-egglog-etk3706u.json"", ""--disable-semantic-fallback""]","== match report for /home/arjaiswal/Polygeist/issues/aten_c_kernels/results/aten_batch_norm_cpu_entry/debuf.mlir ==
  match          body#[0]  cudnnPointwiseGraph_f32
  total: 1 matched / 1 bodies
",0,[],0,0,0,0,/home/arjaiswal/Polygeist/issues/aten_c_kernels/results/aten_batch_norm_cpu_entry/debuf.mlir,1848,8,1,1,470.16171365976334,0,65920,0.0,0,0,0,0,"[{""body_indices"": [0], ""symbol"": ""cudnnPointwiseGraph_f32""}]",1,0,0,0.0,56
aten,aten_batch_norm_stats_cpu,/home/arjaiswal/Polygeist/issues/aten_c_kernels/results/aten_batch_norm_stats_cpu/debuf.mlir,bc9e0e803e6b1647bc02337d3dde914eef3c309ce954fffdafb23c937d26f3bf,egglog,1,ok,0,740.7703660428524,0,"[""/usr/bin/python3"", ""/home/arjaiswal/Polygeist/scripts/correctness/kernel_match_rewrite.py"", ""/home/arjaiswal/Polygeist/issues/aten_c_kernels/results/aten_batch_norm_stats_cpu/debuf.mlir"", ""--dry-run"", ""--matcher-mode"", ""egglog"", ""--telemetry-json"", ""/home/arjaiswal/Polygeist/issues/equality_saturation_eval/campaign_20260908/aten-aten_batch_norm_stats_cpu-egglog-q7qy3t89.json"", ""--disable-semantic-fallback""]","== match report for /home/arjaiswal/Polygeist/issues/aten_c_kernels/results/aten_batch_norm_stats_cpu/debuf.mlir ==
  no_match       body#0  ?
  no_match       body#1  ?
  total: 0 matched / 2 bodies
",0,[],0,0,0,0,/home/arjaiswal/Polygeist/issues/aten_c_kernels/results/aten_batch_norm_stats_cpu/debuf.mlir,3870,8,2,0,285.8230769634247,2,65628,0.0,0,0,0,0,[],0,0,0,0.0,0
aten,aten_batch_norm_stats_cpu,/home/arjaiswal/Polygeist/issues/aten_c_kernels/results/aten_batch_norm_stats_cpu/debuf.mlir,bc9e0e803e6b1647bc02337d3dde914eef3c309ce954fffdafb23c937d26f3bf,syntactic,1,ok,0,746.9534836709499,0,"[""/usr/bin/python3"", ""/home/arjaiswal/Polygeist/scripts/correctness/kernel_match_rewrite.py"", ""/home/arjaiswal/Polygeist/issues/aten_c_kernels/results/aten_batch_norm_stats_cpu/debuf.mlir"", ""--dry-run"", ""--matcher-mode"", ""syntactic"", ""--telemetry-json"", ""/home/arjaiswal/Polygeist/issues/equality_saturation_eval/campaign_20260908/aten-aten_batch_norm_stats_cpu-syntactic-vmg7pabx.json"", ""--disable-semantic-fallback""]","== match report for /home/arjaiswal/Polygeist/issues/aten_c_kernels/results/aten_batch_norm_stats_cpu/debuf.mlir ==
  no_match       body#0  ?
  no_match       body#1  ?
  total: 0 matched / 2 bodies
",0,[],0,0,0,0,/home/arjaiswal/Polygeist/issues/aten_c_kernels/results/aten_batch_norm_stats_cpu/debuf.mlir,3870,0,2,0,274.80481937527657,2,65592,0.0,0,0,0,0,[],0,0,0,0.0,0
aten,aten_batch_norm_stats_cpu,/home/arjaiswal/Polygeist/issues/aten_c_kernels/results/aten_batch_norm_stats_cpu/debuf.mlir,bc9e0e803e6b1647bc02337d3dde914eef3c309ce954fffdafb23c937d26f3bf,syntactic,2,ok,0,757.8740566968918,0,"[""/usr/bin/python3"", ""/home/arjaiswal/Polygeist/scripts/correctness/kernel_match_rewrite.py"", ""/home/arjaiswal/Polygeist/issues/aten_c_kernels/results/aten_batch_norm_stats_cpu/debuf.mlir"", ""--dry-run"", ""--matcher-mode"", ""syntactic"", ""--telemetry-json"", ""/home/arjaiswal/Polygeist/issues/equality_saturation_eval/campaign_20260908/aten-aten_batch_norm_stats_cpu-syntactic-sj_9_39i.json"", ""--disable-semantic-fallback""]","== match report for /home/arjaiswal/Polygeist/issues/aten_c_kernels/results/aten_batch_norm_stats_cpu/debuf.mlir ==
  no_match       body#0  ?
  no_match       body#1  ?
  total: 0 matched / 2 bodies
",0,[],0,0,0,0,/home/arjaiswal/Polygeist/issues/aten_c_kernels/results/aten_batch_norm_stats_cpu/debuf.mlir,3870,0,2,0,279.7861583530903,2,65520,0.0,0,0,0,0,[],0,0,0,0.0,0
aten,aten_batch_norm_stats_cpu,/home/arjaiswal/Polygeist/issues/aten_c_kernels/results/aten_batch_norm_stats_cpu/debuf.mlir,bc9e0e803e6b1647bc02337d3dde914eef3c309ce954fffdafb23c937d26f3bf,egglog,2,ok,0,753.3860802650452,0,"[""/usr/bin/python3"", ""/home/arjaiswal/Polygeist/scripts/correctness/kernel_match_rewrite.py"", ""/home/arjaiswal/Polygeist/issues/aten_c_kernels/results/aten_batch_norm_stats_cpu/debuf.mlir"", ""--dry-run"", ""--matcher-mode"", ""egglog"", ""--telemetry-json"", ""/home/arjaiswal/Polygeist/issues/equality_saturation_eval/campaign_20260908/aten-aten_batch_norm_stats_cpu-egglog-tydgtqsz.json"", ""--disable-semantic-fallback""]","== match report for /home/arjaiswal/Polygeist/issues/aten_c_kernels/results/aten_batch_norm_stats_cpu/debuf.mlir ==
  no_match       body#0  ?
  no_match       body#1  ?
  total: 0 matched / 2 bodies
",0,[],0,0,0,0,/home/arjaiswal/Polygeist/issues/aten_c_kernels/results/aten_batch_norm_stats_cpu/debuf.mlir,3870,8,2,0,286.68301925063133,2,65644,0.0,0,0,0,0,[],0,0,0,0.0,0
aten,aten_batch_norm_stats_cpu,/home/arjaiswal/Polygeist/issues/aten_c_kernels/results/aten_batch_norm_stats_cpu/debuf.mlir,bc9e0e803e6b1647bc02337d3dde914eef3c309ce954fffdafb23c937d26f3bf,egglog,3,ok,0,765.6675912439823,0,"[""/usr/bin/python3"", ""/home/arjaiswal/Polygeist/scripts/correctness/kernel_match_rewrite.py"", ""/home/arjaiswal/Polygeist/issues/aten_c_kernels/results/aten_batch_norm_stats_cpu/debuf.mlir"", ""--dry-run"", ""--matcher-mode"", ""egglog"", ""--telemetry-json"", ""/home/arjaiswal/Polygeist/issues/equality_saturation_eval/campaign_20260908/aten-aten_batch_norm_stats_cpu-egglog-ddcsnjx_.json"", ""--disable-semantic-fallback""]","== match report for /home/arjaiswal/Polygeist/issues/aten_c_kernels/results/aten_batch_norm_stats_cpu/debuf.mlir ==
  no_match       body#0  ?
  no_match       body#1  ?
  total: 0 matched / 2 bodies
",0,[],0,0,0,0,/home/arjaiswal/Polygeist/issues/aten_c_kernels/results/aten_batch_norm_stats_cpu/debuf.mlir,3870,8,2,0,319.8923282325268,2,65592,0.0,0,0,0,0,[],0,0,0,0.0,0
aten,aten_batch_norm_stats_cpu,/home/arjaiswal/Polygeist/issues/aten_c_kernels/results/aten_batch_norm_stats_cpu/debuf.mlir,bc9e0e803e6b1647bc02337d3dde914eef3c309ce954fffdafb23c937d26f3bf,syntactic,3,ok,0,724.7197367250919,0,"[""/usr/bin/python3"", ""/home/arjaiswal/Polygeist/scripts/correctness/kernel_match_rewrite.py"", ""/home/arjaiswal/Polygeist/issues/aten_c_kernels/results/aten_batch_norm_stats_cpu/debuf.mlir"", ""--dry-run"", ""--matcher-mode"", ""syntactic"", ""--telemetry-json"", ""/home/arjaiswal/Polygeist/issues/equality_saturation_eval/campaign_20260908/aten-aten_batch_norm_stats_cpu-syntactic-e9_sixnw.json"", ""--disable-semantic-fallback""]","== match report for /home/arjaiswal/Polygeist/issues/aten_c_kernels/results/aten_batch_norm_stats_cpu/debuf.mlir ==
  no_match       body#0  ?
  no_match       body#1  ?
  total: 0 matched / 2 bodies
",0,[],0,0,0,0,/home/arjaiswal/Polygeist/issues/aten_c_kernels/results/aten_batch_norm_stats_cpu/debuf.mlir,3870,0,2,0,276.2048915028572,2,65608,0.0,0,0,0,0,[],0,0,0,0.0,0
aten,aten_batch_norm_stats_cpu,/home/arjaiswal/Polygeist/issues/aten_c_kernels/results/aten_batch_norm_stats_cpu/debuf.mlir,bc9e0e803e6b1647bc02337d3dde914eef3c309ce954fffdafb23c937d26f3bf,syntactic,4,ok,0,788.9770045876503,0,"[""/usr/bin/python3"", ""/home/arjaiswal/Polygeist/scripts/correctness/kernel_match_rewrite.py"", ""/home/arjaiswal/Polygeist/issues/aten_c_kernels/results/aten_batch_norm_stats_cpu/debuf.mlir"", ""--dry-run"", ""--matcher-mode"", ""syntactic"", ""--telemetry-json"", ""/home/arjaiswal/Polygeist/issues/equality_saturation_eval/campaign_20260908/aten-aten_batch_norm_stats_cpu-syntactic-7t7ono9r.json"", ""--disable-semantic-fallback""]","== match report for /home/arjaiswal/Polygeist/issues/aten_c_kernels/results/aten_batch_norm_stats_cpu/debuf.mlir ==
  no_match       body#0  ?
  no_match       body#1  ?
  total: 0 matched / 2 bodies
",0,[],0,0,0,0,/home/arjaiswal/Polygeist/issues/aten_c_kernels/results/aten_batch_norm_stats_cpu/debuf.mlir,3870,0,2,0,299.56185817718506,2,65852,0.0,0,0,0,0,[],0,0,0,0.0,0
aten,aten_batch_norm_stats_cpu,/home/arjaiswal/Polygeist/issues/aten_c_kernels/results/aten_batch_norm_stats_cpu/debuf.mlir,bc9e0e803e6b1647bc02337d3dde914eef3c309ce954fffdafb23c937d26f3bf,egglog,4,ok,0,736.3804318010807,0,"[""/usr/bin/python3"", ""/home/arjaiswal/Polygeist/scripts/correctness/kernel_match_rewrite.py"", ""/home/arjaiswal/Polygeist/issues/aten_c_kernels/results/aten_batch_norm_stats_cpu/debuf.mlir"", ""--dry-run"", ""--matcher-mode"", ""egglog"", ""--telemetry-json"", ""/home/arjaiswal/Polygeist/issues/equality_saturation_eval/campaign_20260908/aten-aten_batch_norm_stats_cpu-egglog-5wiuex97.json"", ""--disable-semantic-fallback""]","== match report for /home/arjaiswal/Polygeist/issues/aten_c_kernels/results/aten_batch_norm_stats_cpu/debuf.mlir ==
  no_match       body#0  ?
  no_match       body#1  ?
  total: 0 matched / 2 bodies
",0,[],0,0,0,0,/home/arjaiswal/Polygeist/issues/aten_c_kernels/results/aten_batch_norm_stats_cpu/debuf.mlir,3870,8,2,0,276.2758508324623,2,65684,0.0,0,0,0,0,[],0,0,0,0.0,0
aten,aten_batch_norm_stats_cpu,/home/arjaiswal/Polygeist/issues/aten_c_kernels/results/aten_batch_norm_stats_cpu/debuf.mlir,bc9e0e803e6b1647bc02337d3dde914eef3c309ce954fffdafb23c937d26f3bf,egglog,5,ok,0,834.7903341054916,0,"[""/usr/bin/python3"", ""/home/arjaiswal/Polygeist/scripts/correctness/kernel_match_rewrite.py"", ""/home/arjaiswal/Polygeist/issues/aten_c_kernels/results/aten_batch_norm_stats_cpu/debuf.mlir"", ""--dry-run"", ""--matcher-mode"", ""egglog"", ""--telemetry-json"", ""/home/arjaiswal/Polygeist/issues/equality_saturation_eval/campaign_20260908/aten-aten_batch_norm_stats_cpu-egglog-mxven_w7.json"", ""--disable-semantic-fallback""]","== match report for /home/arjaiswal/Polygeist/issues/aten_c_kernels/results/aten_batch_norm_stats_cpu/debuf.mlir ==
  no_match       body#0  ?
  no_match       body#1  ?
  total: 0 matched / 2 bodies
",0,[],0,0,0,0,/home/arjaiswal/Polygeist/issues/aten_c_kernels/results/aten_batch_norm_stats_cpu/debuf.mlir,3870,8,2,0,290.1088669896126,2,65568,0.0,0,0,0,0,[],0,0,0,0.0,0
aten,aten_batch_norm_stats_cpu,/home/arjaiswal/Polygeist/issues/aten_c_kernels/results/aten_batch_norm_stats_cpu/debuf.mlir,bc9e0e803e6b1647bc02337d3dde914eef3c309ce954fffdafb23c937d26f3bf,syntactic,5,ok,0,757.1506202220917,0,"[""/usr/bin/python3"", ""/home/arjaiswal/Polygeist/scripts/correctness/kernel_match_rewrite.py"", ""/home/arjaiswal/Polygeist/issues/aten_c_kernels/results/aten_batch_norm_stats_cpu/debuf.mlir"", ""--dry-run"", ""--matcher-mode"", ""syntactic"", ""--telemetry-json"", ""/home/arjaiswal/Polygeist/issues/equality_saturation_eval/campaign_20260908/aten-aten_batch_norm_stats_cpu-syntactic-vk3m__fb.json"", ""--disable-semantic-fallback""]","== match report for /home/arjaiswal/Polygeist/issues/aten_c_kernels/results/aten_batch_norm_stats_cpu/debuf.mlir ==
  no_match       body#0  ?
  no_match       body#1  ?
  total: 0 matched / 2 bodies
",0,[],0,0,0,0,/home/arjaiswal/Polygeist/issues/aten_c_kernels/results/aten_batch_norm_stats_cpu/debuf.mlir,3870,0,2,0,286.3861471414566,2,65920,0.0,0,0,0,0,[],0,0,0,0.0,0
aten,aten_batch_norm_transform_cpu,/home/arjaiswal/Polygeist/issues/aten_c_kernels/results/aten_batch_norm_transform_cpu/debuf.mlir,c9633a54fcb16d3cde25488bab016937bfbf41ed7f170e44f0cf8b465de9c78b,syntactic,1,ok,0,738.7087754905224,0,"[""/usr/bin/python3"", ""/home/arjaiswal/Polygeist/scripts/correctness/kernel_match_rewrite.py"", ""/home/arjaiswal/Polygeist/issues/aten_c_kernels/results/aten_batch_norm_transform_cpu/debuf.mlir"", ""--dry-run"", ""--matcher-mode"", ""syntactic"", ""--telemetry-json"", ""/home/arjaiswal/Polygeist/issues/equality_saturation_eval/campaign_20260908/aten-aten_batch_norm_transform_cpu-syntactic-dz4awt7g.json"", ""--disable-semantic-fallback""]","== match report for /home/arjaiswal/Polygeist/issues/aten_c_kernels/results/aten_batch_norm_transform_cpu/debuf.mlir ==
  match          body#[0]  cudnnBatchNormalizationForwardInference
  total: 1 matched / 1 bodies
",0,[],0,0,0,0,/home/arjaiswal/Polygeist/issues/aten_c_kernels/results/aten_batch_norm_transform_cpu/debuf.mlir,3559,0,1,1,260.16953215003014,0,64604,0.0,0,0,0,0,"[{""body_indices"": [0], ""symbol"": ""cudnnBatchNormalizationForwardInference""}]",1,0,0,0.0,0
aten,aten_batch_norm_transform_cpu,/home/arjaiswal/Polygeist/issues/aten_c_kernels/results/aten_batch_norm_transform_cpu/debuf.mlir,c9633a54fcb16d3cde25488bab016937bfbf41ed7f170e44f0cf8b465de9c78b,egglog,1,ok,0,718.6947055160999,0,"[""/usr/bin/python3"", ""/home/arjaiswal/Polygeist/scripts/correctness/kernel_match_rewrite.py"", ""/home/arjaiswal/Polygeist/issues/aten_c_kernels/results/aten_batch_norm_transform_cpu/debuf.mlir"", ""--dry-run"", ""--matcher-mode"", ""egglog"", ""--telemetry-json"", ""/home/arjaiswal/Polygeist/issues/equality_saturation_eval/campaign_20260908/aten-aten_batch_norm_transform_cpu-egglog-hiic18qd.json"", ""--disable-semantic-fallback""]","== match report for /home/arjaiswal/Polygeist/issues/aten_c_kernels/results/aten_batch_norm_transform_cpu/debuf.mlir ==
  match          body#[0]  cudnnBatchNormalizationForwardInference
  total: 1 matched / 1 bodies
",0,[],0,0,0,0,/home/arjaiswal/Polygeist/issues/aten_c_kernels/results/aten_batch_norm_transform_cpu/debuf.mlir,3559,8,1,1,276.4349579811096,0,64600,0.0,0,0,0,0,"[{""body_indices"": [0], ""symbol"": ""cudnnBatchNormalizationForwardInference""}]",1,0,0,0.0,0
aten,aten_batch_norm_transform_cpu,/home/arjaiswal/Polygeist/issues/aten_c_kernels/results/aten_batch_norm_transform_cpu/debuf.mlir,c9633a54fcb16d3cde25488bab016937bfbf41ed7f170e44f0cf8b465de9c78b,egglog,2,ok,0,721.3578075170517,0,"[""/usr/bin/python3"", ""/home/arjaiswal/Polygeist/scripts/correctness/kernel_match_rewrite.py"", ""/home/arjaiswal/Polygeist/issues/aten_c_kernels/results/aten_batch_norm_transform_cpu/debuf.mlir"", ""--dry-run"", ""--matcher-mode"", ""egglog"", ""--telemetry-json"", ""/home/arjaiswal/Polygeist/issues/equality_saturation_eval/campaign_20260908/aten-aten_batch_norm_transform_cpu-egglog-7kgfpaf2.json"", ""--disable-semantic-fallback""]","== match report for /home/arjaiswal/Polygeist/issues/aten_c_kernels/results/aten_batch_norm_transform_cpu/debuf.mlir ==
  match          body#[0]  cudnnBatchNormalizationForwardInference
  total: 1 matched / 1 bodies
",0,[],0,0,0,0,/home/arjaiswal/Polygeist/issues/aten_c_kernels/results/aten_batch_norm_transform_cpu/debuf.mlir,3559,8,1,1,260.99327206611633,0,64800,0.0,0,0,0,0,"[{""body_indices"": [0], ""symbol"": ""cudnnBatchNormalizationForwardInference""}]",1,0,0,0.0,0
aten,aten_batch_norm_transform_cpu,/home/arjaiswal/Polygeist/issues/aten_c_kernels/results/aten_batch_norm_transform_cpu/debuf.mlir,c9633a54fcb16d3cde25488bab016937bfbf41ed7f170e44f0cf8b465de9c78b,syntactic,2,ok,0,739.4743300974369,0,"[""/usr/bin/python3"", ""/home/arjaiswal/Polygeist/scripts/correctness/kernel_match_rewrite.py"", ""/home/arjaiswal/Polygeist/issues/aten_c_kernels/results/aten_batch_norm_transform_cpu/debuf.mlir"", ""--dry-run"", ""--matcher-mode"", ""syntactic"", ""--telemetry-json"", ""/home/arjaiswal/Polygeist/issues/equality_saturation_eval/campaign_20260908/aten-aten_batch_norm_transform_cpu-syntactic-oxybdj0y.json"", ""--disable-semantic-fallback""]","== match report for /home/arjaiswal/Polygeist/issues/aten_c_kernels/results/aten_batch_norm_transform_cpu/debuf.mlir ==
  match          body#[0]  cudnnBatchNormalizationForwardInference
  total: 1 matched / 1 bodies
",0,[],0,0,0,0,/home/arjaiswal/Polygeist/issues/aten_c_kernels/results/aten_batch_norm_transform_cpu/debuf.mlir,3559,0,1,1,270.58934420347214,0,64740,0.0,0,0,0,0,"[{""body_indices"": [0], ""symbol"": ""cudnnBatchNormalizationForwardInference""}]",1,0,0,0.0,0
aten,aten_batch_norm_transform_cpu,/home/arjaiswal/Polygeist/issues/aten_c_kernels/results/aten_batch_norm_transform_cpu/debuf.mlir,c9633a54fcb16d3cde25488bab016937bfbf41ed7f170e44f0cf8b465de9c78b,syntactic,3,ok,0,742.2812655568123,0,"[""/usr/bin/python3"", ""/home/arjaiswal/Polygeist/scripts/correctness/kernel_match_rewrite.py"", ""/home/arjaiswal/Polygeist/issues/aten_c_kernels/results/aten_batch_norm_transform_cpu/debuf.mlir"", ""--dry-run"", ""--matcher-mode"", ""syntactic"", ""--telemetry-json"", ""/home/arjaiswal/Polygeist/issues/equality_saturation_eval/campaign_20260908/aten-aten_batch_norm_transform_cpu-syntactic-6kul0aiq.json"", ""--disable-semantic-fallback""]","== match report for /home/arjaiswal/Polygeist/issues/aten_c_kernels/results/aten_batch_norm_transform_cpu/debuf.mlir ==
  match          body#[0]  cudnnBatchNormalizationForwardInference
  total: 1 matched / 1 bodies
",0,[],0,0,0,0,/home/arjaiswal/Polygeist/issues/aten_c_kernels/results/aten_batch_norm_transform_cpu/debuf.mlir,3559,0,1,1,281.01545572280884,0,64412,0.0,0,0,0,0,"[{""body_indices"": [0], ""symbol"": ""cudnnBatchNormalizationForwardInference""}]",1,0,0,0.0,0
aten,aten_batch_norm_transform_cpu,/home/arjaiswal/Polygeist/issues/aten_c_kernels/results/aten_batch_norm_transform_cpu/debuf.mlir,c9633a54fcb16d3cde25488bab016937bfbf41ed7f170e44f0cf8b465de9c78b,egglog,3,ok,0,745.8518221974373,0,"[""/usr/bin/python3"", ""/home/arjaiswal/Polygeist/scripts/correctness/kernel_match_rewrite.py"", ""/home/arjaiswal/Polygeist/issues/aten_c_kernels/results/aten_batch_norm_transform_cpu/debuf.mlir"", ""--dry-run"", ""--matcher-mode"", ""egglog"", ""--telemetry-json"", ""/home/arjaiswal/Polygeist/issues/equality_saturation_eval/campaign_20260908/aten-aten_batch_norm_transform_cpu-egglog-alyx1jqj.json"", ""--disable-semantic-fallback""]","== match report for /home/arjaiswal/Polygeist/issues/aten_c_kernels/results/aten_batch_norm_transform_cpu/debuf.mlir ==
  match          body#[0]  cudnnBatchNormalizationForwardInference
  total: 1 matched / 1 bodies
",0,[],0,0,0,0,/home/arjaiswal/Polygeist/issues/aten_c_kernels/results/aten_batch_norm_transform_cpu/debuf.mlir,3559,8,1,1,278.1287208199501,0,64760,0.0,0,0,0,0,"[{""body_indices"": [0], ""symbol"": ""cudnnBatchNormalizationForwardInference""}]",1,0,0,0.0,0
aten,aten_batch_norm_transform_cpu,/home/arjaiswal/Polygeist/issues/aten_c_kernels/results/aten_batch_norm_transform_cpu/debuf.mlir,c9633a54fcb16d3cde25488bab016937bfbf41ed7f170e44f0cf8b465de9c78b,egglog,4,ok,0,826.1986598372459,0,"[""/usr/bin/python3"", ""/home/arjaiswal/Polygeist/scripts/correctness/kernel_match_rewrite.py"", ""/home/arjaiswal/Polygeist/issues/aten_c_kernels/results/aten_batch_norm_transform_cpu/debuf.mlir"", ""--dry-run"", ""--matcher-mode"", ""egglog"", ""--telemetry-json"", ""/home/arjaiswal/Polygeist/issues/equality_saturation_eval/campaign_20260908/aten-aten_batch_norm_transform_cpu-egglog-stxmhim9.json"", ""--disable-semantic-fallback""]","== match report for /home/arjaiswal/Polygeist/issues/aten_c_kernels/results/aten_batch_norm_transform_cpu/debuf.mlir ==
  match          body#[0]  cudnnBatchNormalizationForwardInference
  total: 1 matched / 1 bodies
",0,[],0,0,0,0,/home/arjaiswal/Polygeist/issues/aten_c_kernels/results/aten_batch_norm_transform_cpu/debuf.mlir,3559,8,1,1,274.8771347105503,0,64848,0.0,0,0,0,0,"[{""body_indices"": [0], ""symbol"": ""cudnnBatchNormalizationForwardInference""}]",1,0,0,0.0,0
aten,aten_batch_norm_transform_cpu,/home/arjaiswal/Polygeist/issues/aten_c_kernels/results/aten_batch_norm_transform_cpu/debuf.mlir,c9633a54fcb16d3cde25488bab016937bfbf41ed7f170e44f0cf8b465de9c78b,syntactic,4,ok,0,756.7845657467842,0,"[""/usr/bin/python3"", ""/home/arjaiswal/Polygeist/scripts/correctness/kernel_match_rewrite.py"", ""/home/arjaiswal/Polygeist/issues/aten_c_kernels/results/aten_batch_norm_transform_cpu/debuf.mlir"", ""--dry-run"", ""--matcher-mode"", ""syntactic"", ""--telemetry-json"", ""/home/arjaiswal/Polygeist/issues/equality_saturation_eval/campaign_20260908/aten-aten_batch_norm_transform_cpu-syntactic-hb50d666.json"", ""--disable-semantic-fallback""]","== match report for /home/arjaiswal/Polygeist/issues/aten_c_kernels/results/aten_batch_norm_transform_cpu/debuf.mlir ==
  match          body#[0]  cudnnBatchNormalizationForwardInference
  total: 1 matched / 1 bodies
",0,[],0,0,0,0,/home/arjaiswal/Polygeist/issues/aten_c_kernels/results/aten_batch_norm_transform_cpu/debuf.mlir,3559,0,1,1,275.4415161907673,0,64644,0.0,0,0,0,0,"[{""body_indices"": [0], ""symbol"": ""cudnnBatchNormalizationForwardInference""}]",1,0,0,0.0,0
aten,aten_batch_norm_transform_cpu,/home/arjaiswal/Polygeist/issues/aten_c_kernels/results/aten_batch_norm_transform_cpu/debuf.mlir,c9633a54fcb16d3cde25488bab016937bfbf41ed7f170e44f0cf8b465de9c78b,syntactic,5,ok,0,802.830409258604,0,"[""/usr/bin/python3"", ""/home/arjaiswal/Polygeist/scripts/correctness/kernel_match_rewrite.py"", ""/home/arjaiswal/Polygeist/issues/aten_c_kernels/results/aten_batch_norm_transform_cpu/debuf.mlir"", ""--dry-run"", ""--matcher-mode"", ""syntactic"", ""--telemetry-json"", ""/home/arjaiswal/Polygeist/issues/equality_saturation_eval/campaign_20260908/aten-aten_batch_norm_transform_cpu-syntactic-vwi7ntut.json"", ""--disable-semantic-fallback""]","== match report for /home/arjaiswal/Polygeist/issues/aten_c_kernels/results/aten_batch_norm_transform_cpu/debuf.mlir ==
  match          body#[0]  cudnnBatchNormalizationForwardInference
  total: 1 matched / 1 bodies
",0,[],0,0,0,0,/home/arjaiswal/Polygeist/issues/aten_c_kernels/results/aten_batch_norm_transform_cpu/debuf.mlir,3559,0,1,1,284.77315977215767,0,64500,0.0,0,0,0,0,"[{""body_indices"": [0], ""symbol"": ""cudnnBatchNormalizationForwardInference""}]",1,0,0,0.0,0
aten,aten_batch_norm_transform_cpu,/home/arjaiswal/Polygeist/issues/aten_c_kernels/results/aten_batch_norm_transform_cpu/debuf.mlir,c9633a54fcb16d3cde25488bab016937bfbf41ed7f170e44f0cf8b465de9c78b,egglog,5,ok,0,753.0052475631237,0,"[""/usr/bin/python3"", ""/home/arjaiswal/Polygeist/scripts/correctness/kernel_match_rewrite.py"", ""/home/arjaiswal/Polygeist/issues/aten_c_kernels/results/aten_batch_norm_transform_cpu/debuf.mlir"", ""--dry-run"", ""--matcher-mode"", ""egglog"", ""--telemetry-json"", ""/home/arjaiswal/Polygeist/issues/equality_saturation_eval/campaign_20260908/aten-aten_batch_norm_transform_cpu-egglog-fn8yn8kq.json"", ""--disable-semantic-fallback""]","== match report for /home/arjaiswal/Polygeist/issues/aten_c_kernels/results/aten_batch_norm_transform_cpu/debuf.mlir ==
  match          body#[0]  cudnnBatchNormalizationForwardInference
  total: 1 matched / 1 bodies
",0,[],0,0,0,0,/home/arjaiswal/Polygeist/issues/aten_c_kernels/results/aten_batch_norm_transform_cpu/debuf.mlir,3559,8,1,1,280.23412078619003,0,64552,0.0,0,0,0,0,"[{""body_indices"": [0], ""symbol"": ""cudnnBatchNormalizationForwardInference""}]",1,0,0,0.0,0
aten,aten_bernoulli_scalar_cpu,/home/arjaiswal/Polygeist/issues/aten_c_kernels/results/aten_bernoulli_scalar_cpu/debuf.mlir,52c3c606f2e1b73a2c247cce2faf1601565ddfc7d7b1c49bc3f3cb8dda14020b,egglog,1,ok,0,992.7462190389633,0,"[""/usr/bin/python3"", ""/home/arjaiswal/Polygeist/scripts/correctness/kernel_match_rewrite.py"", ""/home/arjaiswal/Polygeist/issues/aten_c_kernels/results/aten_bernoulli_scalar_cpu/debuf.mlir"", ""--dry-run"", ""--matcher-mode"", ""egglog"", ""--telemetry-json"", ""/home/arjaiswal/Polygeist/issues/equality_saturation_eval/campaign_20260908/aten-aten_bernoulli_scalar_cpu-egglog-l38nmfzy.json"", ""--disable-semantic-fallback""]","== match report for /home/arjaiswal/Polygeist/issues/aten_c_kernels/results/aten_bernoulli_scalar_cpu/debuf.mlir ==
  no_match       body#0  ?
  total: 0 matched / 1 bodies
",0,[],0,0,0,0,/home/arjaiswal/Polygeist/issues/aten_c_kernels/results/aten_bernoulli_scalar_cpu/debuf.mlir,1881,8,1,0,521.513819694519,1,66072,0.0,0,0,0,0,[],0,0,0,0.0,56
aten,aten_bernoulli_scalar_cpu,/home/arjaiswal/Polygeist/issues/aten_c_kernels/results/aten_bernoulli_scalar_cpu/debuf.mlir,52c3c606f2e1b73a2c247cce2faf1601565ddfc7d7b1c49bc3f3cb8dda14020b,syntactic,1,ok,0,975.7370054721832,0,"[""/usr/bin/python3"", ""/home/arjaiswal/Polygeist/scripts/correctness/kernel_match_rewrite.py"", ""/home/arjaiswal/Polygeist/issues/aten_c_kernels/results/aten_bernoulli_scalar_cpu/debuf.mlir"", ""--dry-run"", ""--matcher-mode"", ""syntactic"", ""--telemetry-json"", ""/home/arjaiswal/Polygeist/issues/equality_saturation_eval/campaign_20260908/aten-aten_bernoulli_scalar_cpu-syntactic-0yk9zdrf.json"", ""--disable-semantic-fallback""]","== match report for /home/arjaiswal/Polygeist/issues/aten_c_kernels/results/aten_bernoulli_scalar_cpu/debuf.mlir ==
  no_match       body#0  ?
  total: 0 matched / 1 bodies
",0,[],0,0,0,0,/home/arjaiswal/Polygeist/issues/aten_c_kernels/results/aten_bernoulli_scalar_cpu/debuf.mlir,1881,0,1,0,468.15839409828186,1,65756,0.15646964311599731,0,0,0,0,[],0,0,56,0.0,56
aten,aten_bernoulli_scalar_cpu,/home/arjaiswal/Polygeist/issues/aten_c_kernels/results/aten_bernoulli_scalar_cpu/debuf.mlir,52c3c606f2e1b73a2c247cce2faf1601565ddfc7d7b1c49bc3f3cb8dda14020b,syntactic,2,ok,0,945.3132674098015,0,"[""/usr/bin/python3"", ""/home/arjaiswal/Polygeist/scripts/correctness/kernel_match_rewrite.py"", ""/home/arjaiswal/Polygeist/issues/aten_c_kernels/results/aten_bernoulli_scalar_cpu/debuf.mlir"", ""--dry-run"", ""--matcher-mode"", ""syntactic"", ""--telemetry-json"", ""/home/arjaiswal/Polygeist/issues/equality_saturation_eval/campaign_20260908/aten-aten_bernoulli_scalar_cpu-syntactic-pjpyp1xh.json"", ""--disable-semantic-fallback""]","== match report for /home/arjaiswal/Polygeist/issues/aten_c_kernels/results/aten_bernoulli_scalar_cpu/debuf.mlir ==
  no_match       body#0  ?
  total: 0 matched / 1 bodies
",0,[],0,0,0,0,/home/arjaiswal/Polygeist/issues/aten_c_kernels/results/aten_bernoulli_scalar_cpu/debuf.mlir,1881,0,1,0,459.6010036766529,1,66028,0.13676658272743225,0,0,0,0,[],0,0,56,0.0,56
aten,aten_bernoulli_scalar_cpu,/home/arjaiswal/Polygeist/issues/aten_c_kernels/results/aten_bernoulli_scalar_cpu/debuf.mlir,52c3c606f2e1b73a2c247cce2faf1601565ddfc7d7b1c49bc3f3cb8dda14020b,egglog,2,ok,0,983.4929928183556,0,"[""/usr/bin/python3"", ""/home/arjaiswal/Polygeist/scripts/correctness/kernel_match_rewrite.py"", ""/home/arjaiswal/Polygeist/issues/aten_c_kernels/results/aten_bernoulli_scalar_cpu/debuf.mlir"", ""--dry-run"", ""--matcher-mode"", ""egglog"", ""--telemetry-json"", ""/home/arjaiswal/Polygeist/issues/equality_saturation_eval/campaign_20260908/aten-aten_bernoulli_scalar_cpu-egglog-2577_kto.json"", ""--disable-semantic-fallback""]","== match report for /home/arjaiswal/Polygeist/issues/aten_c_kernels/results/aten_bernoulli_scalar_cpu/debuf.mlir ==
  no_match       body#0  ?
  total: 0 matched / 1 bodies
",0,[],0,0,0,0,/home/arjaiswal/Polygeist/issues/aten_c_kernels/results/aten_bernoulli_scalar_cpu/debuf.mlir,1881,8,1,0,480.2202321588993,1,65888,0.0,0,0,0,0,[],0,0,0,0.0,56
aten,aten_bernoulli_scalar_cpu,/home/arjaiswal/Polygeist/issues/aten_c_kernels/results/aten_bernoulli_scalar_cpu/debuf.mlir,52c3c606f2e1b73a2c247cce2faf1601565ddfc7d7b1c49bc3f3cb8dda14020b,egglog,3,ok,0,1220.5502726137638,0,"[""/usr/bin/python3"", ""/home/arjaiswal/Polygeist/scripts/correctness/kernel_match_rewrite.py"", ""/home/arjaiswal/Polygeist/issues/aten_c_kernels/results/aten_bernoulli_scalar_cpu/debuf.mlir"", ""--dry-run"", ""--matcher-mode"", ""egglog"", ""--telemetry-json"", ""/home/arjaiswal/Polygeist/issues/equality_saturation_eval/campaign_20260908/aten-aten_bernoulli_scalar_cpu-egglog-7l84ssdq.json"", ""--disable-semantic-fallback""]","== match report for /home/arjaiswal/Polygeist/issues/aten_c_kernels/results/aten_bernoulli_scalar_cpu/debuf.mlir ==
  no_match       body#0  ?
  total: 0 matched / 1 bodies
",0,[],0,0,0,0,/home/arjaiswal/Polygeist/issues/aten_c_kernels/results/aten_bernoulli_scalar_cpu/debuf.mlir,1881,8,1,0,600.5887798964977,1,66044,0.0,0,0,0,0,[],0,0,0,0.0,56
aten,aten_bernoulli_scalar_cpu,/home/arjaiswal/Polygeist/issues/aten_c_kernels/results/aten_bernoulli_scalar_cpu/debuf.mlir,52c3c606f2e1b73a2c247cce2faf1601565ddfc7d7b1c49bc3f3cb8dda14020b,syntactic,3,ok,0,1008.5933730006218,0,"[""/usr/bin/python3"", ""/home/arjaiswal/Polygeist/scripts/correctness/kernel_match_rewrite.py"", ""/home/arjaiswal/Polygeist/issues/aten_c_kernels/results/aten_bernoulli_scalar_cpu/debuf.mlir"", ""--dry-run"", ""--matcher-mode"", ""syntactic"", ""--telemetry-json"", ""/home/arjaiswal/Polygeist/issues/equality_saturation_eval/campaign_20260908/aten-aten_bernoulli_scalar_cpu-syntactic-akpefxm_.json"", ""--disable-semantic-fallback""]","== match report for /home/arjaiswal/Polygeist/issues/aten_c_kernels/results/aten_bernoulli_scalar_cpu/debuf.mlir ==
  no_match       body#0  ?
  total: 0 matched / 1 bodies
",0,[],0,0,0,0,/home/arjaiswal/Polygeist/issues/aten_c_kernels/results/aten_bernoulli_scalar_cpu/debuf.mlir,1881,0,1,0,545.6283427774906,1,65924,0.1878105103969574,0,0,0,0,[],0,0,56,0.0,56
aten,aten_bernoulli_scalar_cpu,/home/arjaiswal/Polygeist/issues/aten_c_kernels/results/aten_bernoulli_scalar_cpu/debuf.mlir,52c3c606f2e1b73a2c247cce2faf1601565ddfc7d7b1c49bc3f3cb8dda14020b,syntactic,4,ok,0,981.1045937240124,0,"[""/usr/bin/python3"", ""/home/arjaiswal/Polygeist/scripts/correctness/kernel_match_rewrite.py"", ""/home/arjaiswal/Polygeist/issues/aten_c_kernels/results/aten_bernoulli_scalar_cpu/debuf.mlir"", ""--dry-run"", ""--matcher-mode"", ""syntactic"", ""--telemetry-json"", ""/home/arjaiswal/Polygeist/issues/equality_saturation_eval/campaign_20260908/aten-aten_bernoulli_scalar_cpu-syntactic-l1f0xts3.json"", ""--disable-semantic-fallback""]","== match report for /home/arjaiswal/Polygeist/issues/aten_c_kernels/results/aten_bernoulli_scalar_cpu/debuf.mlir ==
  no_match       body#0  ?
  total: 0 matched / 1 bodies
",0,[],0,0,0,0,/home/arjaiswal/Polygeist/issues/aten_c_kernels/results/aten_bernoulli_scalar_cpu/debuf.mlir,1881,0,1,0,482.45854675769806,1,66136,0.15153363347053528,0,0,0,0,[],0,0,56,0.0,56
aten,aten_bernoulli_scalar_cpu,/home/arjaiswal/Polygeist/issues/aten_c_kernels/results/aten_bernoulli_scalar_cpu/debuf.mlir,52c3c606f2e1b73a2c247cce2faf1601565ddfc7d7b1c49bc3f3cb8dda14020b,egglog,4,ok,0,1047.1309013664722,0,"[""/usr/bin/python3"", ""/home/arjaiswal/Polygeist/scripts/correctness/kernel_match_rewrite.py"", ""/home/arjaiswal/Polygeist/issues/aten_c_kernels/results/aten_bernoulli_scalar_cpu/debuf.mlir"", ""--dry-run"", ""--matcher-mode"", ""egglog"", ""--telemetry-json"", ""/home/arjaiswal/Polygeist/issues/equality_saturation_eval/campaign_20260908/aten-aten_bernoulli_scalar_cpu-egglog-tichpk90.json"", ""--disable-semantic-fallback""]","== match report for /home/arjaiswal/Polygeist/issues/aten_c_kernels/results/aten_bernoulli_scalar_cpu/debuf.mlir ==
  no_match       body#0  ?
  total: 0 matched / 1 bodies
",0,[],0,0,0,0,/home/arjaiswal/Polygeist/issues/aten_c_kernels/results/aten_bernoulli_scalar_cpu/debuf.mlir,1881,8,1,0,469.72092241048813,1,66064,0.0,0,0,0,0,[],0,0,0,0.0,56
aten,aten_bernoulli_scalar_cpu,/home/arjaiswal/Polygeist/issues/aten_c_kernels/results/aten_bernoulli_scalar_cpu/debuf.mlir,52c3c606f2e1b73a2c247cce2faf1601565ddfc7d7b1c49bc3f3cb8dda14020b,egglog,5,ok,0,1172.4140979349613,0,"[""/usr/bin/python3"", ""/home/arjaiswal/Polygeist/scripts/correctness/kernel_match_rewrite.py"", ""/home/arjaiswal/Polygeist/issues/aten_c_kernels/results/aten_bernoulli_scalar_cpu/debuf.mlir"", ""--dry-run"", ""--matcher-mode"", ""egglog"", ""--telemetry-json"", ""/home/arjaiswal/Polygeist/issues/equality_saturation_eval/campaign_20260908/aten-aten_bernoulli_scalar_cpu-egglog-c7s6xd4p.json"", ""--disable-semantic-fallback""]","== match report for /home/arjaiswal/Polygeist/issues/aten_c_kernels/results/aten_bernoulli_scalar_cpu/debuf.mlir ==
  no_match       body#0  ?
  total: 0 matched / 1 bodies
",0,[],0,0,0,0,/home/arjaiswal/Polygeist/issues/aten_c_kernels/results/aten_bernoulli_scalar_cpu/debuf.mlir,1881,8,1,0,634.4025060534477,1,66072,0.0,0,0,0,0,[],0,0,0,0.0,56
aten,aten_bernoulli_scalar_cpu,/home/arjaiswal/Polygeist/issues/aten_c_kernels/results/aten_bernoulli_scalar_cpu/debuf.mlir,52c3c606f2e1b73a2c247cce2faf1601565ddfc7d7b1c49bc3f3cb8dda14020b,syntactic,5,ok,0,1090.2383662760258,0,"[""/usr/bin/python3"", ""/home/arjaiswal/Polygeist/scripts/correctness/kernel_match_rewrite.py"", ""/home/arjaiswal/Polygeist/issues/aten_c_kernels/results/aten_bernoulli_scalar_cpu/debuf.mlir"", ""--dry-run"", ""--matcher-mode"", ""syntactic"", ""--telemetry-json"", ""/home/arjaiswal/Polygeist/issues/equality_saturation_eval/campaign_20260908/aten-aten_bernoulli_scalar_cpu-syntactic-v743qyla.json"", ""--disable-semantic-fallback""]","== match report for /home/arjaiswal/Polygeist/issues/aten_c_kernels/results/aten_bernoulli_scalar_cpu/debuf.mlir ==
  no_match       body#0  ?
  total: 0 matched / 1 bodies
",0,[],0,0,0,0,/home/arjaiswal/Polygeist/issues/aten_c_kernels/results/aten_bernoulli_scalar_cpu/debuf.mlir,1881,0,1,0,527.969978749752,1,66176,0.20395219326019287,0,0,0,0,[],0,0,56,0.0,56
aten,aten_bernoulli_tensor_cpu,/home/arjaiswal/Polygeist/issues/aten_c_kernels/results/aten_bernoulli_tensor_cpu/debuf.mlir,c11ef191bc898cb7b11cac0803e00be30cbdcc68b0b97969883b8c7ea6480f63,syntactic,1,ok,0,888.1829418241978,0,"[""/usr/bin/python3"", ""/home/arjaiswal/Polygeist/scripts/correctness/kernel_match_rewrite.py"", ""/home/arjaiswal/Polygeist/issues/aten_c_kernels/results/aten_bernoulli_tensor_cpu/debuf.mlir"", ""--dry-run"", ""--matcher-mode"", ""syntactic"", ""--telemetry-json"", ""/home/arjaiswal/Polygeist/issues/equality_saturation_eval/campaign_20260908/aten-aten_bernoulli_tensor_cpu-syntactic-c2hak55a.json"", ""--disable-semantic-fallback""]","== match report for /home/arjaiswal/Polygeist/issues/aten_c_kernels/results/aten_bernoulli_tensor_cpu/debuf.mlir ==
  no_match       body#0  ?
  total: 0 matched / 1 bodies
",0,[],0,0,0,0,/home/arjaiswal/Polygeist/issues/aten_c_kernels/results/aten_bernoulli_tensor_cpu/debuf.mlir,1983,0,1,0,337.52990514039993,1,65512,0.034753233194351196,0,0,0,0,[],0,0,8,0.0,8
aten,aten_bernoulli_tensor_cpu,/home/arjaiswal/Polygeist/issues/aten_c_kernels/results/aten_bernoulli_tensor_cpu/debuf.mlir,c11ef191bc898cb7b11cac0803e00be30cbdcc68b0b97969883b8c7ea6480f63,egglog,1,ok,0,848.3631685376167,0,"[""/usr/bin/python3"", ""/home/arjaiswal/Polygeist/scripts/correctness/kernel_match_rewrite.py"", ""/home/arjaiswal/Polygeist/issues/aten_c_kernels/results/aten_bernoulli_tensor_cpu/debuf.mlir"", ""--dry-run"", ""--matcher-mode"", ""egglog"", ""--telemetry-json"", ""/home/arjaiswal/Polygeist/issues/equality_saturation_eval/campaign_20260908/aten-aten_bernoulli_tensor_cpu-egglog-1dzf_mcd.json"", ""--disable-semantic-fallback""]","== match report for /home/arjaiswal/Polygeist/issues/aten_c_kernels/results/aten_bernoulli_tensor_cpu/debuf.mlir ==
  no_match       body#0  ?
  total: 0 matched / 1 bodies
",0,[],0,0,0,0,/home/arjaiswal/Polygeist/issues/aten_c_kernels/results/aten_bernoulli_tensor_cpu/debuf.mlir,1983,8,1,0,339.3279239535332,1,65712,0.0,0,0,0,0,[],0,0,0,0.0,8
aten,aten_bernoulli_tensor_cpu,/home/arjaiswal/Polygeist/issues/aten_c_kernels/results/aten_bernoulli_tensor_cpu/debuf.mlir,c11ef191bc898cb7b11cac0803e00be30cbdcc68b0b97969883b8c7ea6480f63,egglog,2,ok,0,859.5299161970615,0,"[""/usr/bin/python3"", ""/home/arjaiswal/Polygeist/scripts/correctness/kernel_match_rewrite.py"", ""/home/arjaiswal/Polygeist/issues/aten_c_kernels/results/aten_bernoulli_tensor_cpu/debuf.mlir"", ""--dry-run"", ""--matcher-mode"", ""egglog"", ""--telemetry-json"", ""/home/arjaiswal/Polygeist/issues/equality_saturation_eval/campaign_20260908/aten-aten_bernoulli_tensor_cpu-egglog-b4ep74bc.json"", ""--disable-semantic-fallback""]","== match report for /home/arjaiswal/Polygeist/issues/aten_c_kernels/results/aten_bernoulli_tensor_cpu/debuf.mlir ==
  no_match       body#0  ?
  total: 0 matched / 1 bodies
",0,[],0,0,0,0,/home/arjaiswal/Polygeist/issues/aten_c_kernels/results/aten_bernoulli_tensor_cpu/debuf.mlir,1983,8,1,0,314.69690799713135,1,65564,0.0,0,0,0,0,[],0,0,0,0.0,8
aten,aten_bernoulli_tensor_cpu,/home/arjaiswal/Polygeist/issues/aten_c_kernels/results/aten_bernoulli_tensor_cpu/debuf.mlir,c11ef191bc898cb7b11cac0803e00be30cbdcc68b0b97969883b8c7ea6480f63,syntactic,2,ok,0,788.8859510421753,0,"[""/usr/bin/python3"", ""/home/arjaiswal/Polygeist/scripts/correctness/kernel_match_rewrite.py"", ""/home/arjaiswal/Polygeist/issues/aten_c_kernels/results/aten_bernoulli_tensor_cpu/debuf.mlir"", ""--dry-run"", ""--matcher-mode"", ""syntactic"", ""--telemetry-json"", ""/home/arjaiswal/Polygeist/issues/equality_saturation_eval/campaign_20260908/aten-aten_bernoulli_tensor_cpu-syntactic-ze1ej99x.json"", ""--disable-semantic-fallback""]","== match report for /home/arjaiswal/Polygeist/issues/aten_c_kernels/results/aten_bernoulli_tensor_cpu/debuf.mlir ==
  no_match       body#0  ?
  total: 0 matched / 1 bodies
",0,[],0,0,0,0,/home/arjaiswal/Polygeist/issues/aten_c_kernels/results/aten_bernoulli_tensor_cpu/debuf.mlir,1983,0,1,0,303.0078858137131,1,65796,0.027447938919067383,0,0,0,0,[],0,0,8,0.0,8
aten,aten_bernoulli_tensor_cpu,/home/arjaiswal/Polygeist/issues/aten_c_kernels/results/aten_bernoulli_tensor_cpu/debuf.mlir,c11ef191bc898cb7b11cac0803e00be30cbdcc68b0b97969883b8c7ea6480f63,syntactic,3,ok,0,794.0749302506447,0,"[""/usr/bin/python3"", ""/home/arjaiswal/Polygeist/scripts/correctness/kernel_match_rewrite.py"", ""/home/arjaiswal/Polygeist/issues/aten_c_kernels/results/aten_bernoulli_tensor_cpu/debuf.mlir"", ""--dry-run"", ""--matcher-mode"", ""syntactic"", ""--telemetry-json"", ""/home/arjaiswal/Polygeist/issues/equality_saturation_eval/campaign_20260908/aten-aten_bernoulli_tensor_cpu-syntactic-pvucmonh.json"", ""--disable-semantic-fallback""]","== match report for /home/arjaiswal/Polygeist/issues/aten_c_kernels/results/aten_bernoulli_tensor_cpu/debuf.mlir ==
  no_match       body#0  ?
  total: 0 matched / 1 bodies
",0,[],0,0,0,0,/home/arjaiswal/Polygeist/issues/aten_c_kernels/results/aten_bernoulli_tensor_cpu/debuf.mlir,1983,0,1,0,320.769477635622,1,65768,0.031851232051849365,0,0,0,0,[],0,0,8,0.0,8
aten,aten_bernoulli_tensor_cpu,/home/arjaiswal/Polygeist/issues/aten_c_kernels/results/aten_bernoulli_tensor_cpu/debuf.mlir,c11ef191bc898cb7b11cac0803e00be30cbdcc68b0b97969883b8c7ea6480f63,egglog,3,ok,0,800.3797642886639,0,"[""/usr/bin/python3"", ""/home/arjaiswal/Polygeist/scripts/correctness/kernel_match_rewrite.py"", ""/home/arjaiswal/Polygeist/issues/aten_c_kernels/results/aten_bernoulli_tensor_cpu/debuf.mlir"", ""--dry-run"", ""--matcher-mode"", ""egglog"", ""--telemetry-json"", ""/home/arjaiswal/Polygeist/issues/equality_saturation_eval/campaign_20260908/aten-aten_bernoulli_tensor_cpu-egglog-ub8s4hr5.json"", ""--disable-semantic-fallback""]","== match report for /home/arjaiswal/Polygeist/issues/aten_c_kernels/results/aten_bernoulli_tensor_cpu/debuf.mlir ==
  no_match       body#0  ?
  total: 0 matched / 1 bodies
",0,[],0,0,0,0,/home/arjaiswal/Polygeist/issues/aten_c_kernels/results/aten_bernoulli_tensor_cpu/debuf.mlir,1983,8,1,0,319.7759874165058,1,65916,0.0,0,0,0,0,[],0,0,0,0.0,8
aten,aten_bernoulli_tensor_cpu,/home/arjaiswal/Polygeist/issues/aten_c_kernels/results/aten_bernoulli_tensor_cpu/debuf.mlir,c11ef191bc898cb7b11cac0803e00be30cbdcc68b0b97969883b8c7ea6480f63,egglog,4,ok,0,847.523245960474,0,"[""/usr/bin/python3"", ""/home/arjaiswal/Polygeist/scripts/correctness/kernel_match_rewrite.py"", ""/home/arjaiswal/Polygeist/issues/aten_c_kernels/results/aten_bernoulli_tensor_cpu/debuf.mlir"", ""--dry-run"", ""--matcher-mode"", ""egglog"", ""--telemetry-json"", ""/home/arjaiswal/Polygeist/issues/equality_saturation_eval/campaign_20260908/aten-aten_bernoulli_tensor_cpu-egglog-lj418cmd.json"", ""--disable-semantic-fallback""]","== match report for /home/arjaiswal/Polygeist/issues/aten_c_kernels/results/aten_bernoulli_tensor_cpu/debuf.mlir ==
  no_match       body#0  ?
  total: 0 matched / 1 bodies
",0,[],0,0,0,0,/home/arjaiswal/Polygeist/issues/aten_c_kernels/results/aten_bernoulli_tensor_cpu/debuf.mlir,1983,8,1,0,313.08935210108757,1,65732,0.0,0,0,0,0,[],0,0,0,0.0,8
aten,aten_bernoulli_tensor_cpu,/home/arjaiswal/Polygeist/issues/aten_c_kernels/results/aten_bernoulli_tensor_cpu/debuf.mlir,c11ef191bc898cb7b11cac0803e00be30cbdcc68b0b97969883b8c7ea6480f63,syntactic,4,ok,0,831.6091857850552,0,"[""/usr/bin/python3"", ""/home/arjaiswal/Polygeist/scripts/correctness/kernel_match_rewrite.py"", ""/home/arjaiswal/Polygeist/issues/aten_c_kernels/results/aten_bernoulli_tensor_cpu/debuf.mlir"", ""--dry-run"", ""--matcher-mode"", ""syntactic"", ""--telemetry-json"", ""/home/arjaiswal/Polygeist/issues/equality_saturation_eval/campaign_20260908/aten-aten_bernoulli_tensor_cpu-syntactic-8__j1cso.json"", ""--disable-semantic-fallback""]","== match report for /home/arjaiswal/Polygeist/issues/aten_c_kernels/results/aten_bernoulli_tensor_cpu/debuf.mlir ==
  no_match       body#0  ?
  total: 0 matched / 1 bodies
",0,[],0,0,0,0,/home/arjaiswal/Polygeist/issues/aten_c_kernels/results/aten_bernoulli_tensor_cpu/debuf.mlir,1983,0,1,0,333.7394967675209,1,65920,0.027351081371307373,0,0,0,0,[],0,0,8,0.0,8
aten,aten_bernoulli_tensor_cpu,/home/arjaiswal/Polygeist/issues/aten_c_kernels/results/aten_bernoulli_tensor_cpu/debuf.mlir,c11ef191bc898cb7b11cac0803e00be30cbdcc68b0b97969883b8c7ea6480f63,syntactic,5,ok,0,822.9554928839207,0,"[""/usr/bin/python3"", ""/home/arjaiswal/Polygeist/scripts/correctness/kernel_match_rewrite.py"", ""/home/arjaiswal/Polygeist/issues/aten_c_kernels/results/aten_bernoulli_tensor_cpu/debuf.mlir"", ""--dry-run"", ""--matcher-mode"", ""syntactic"", ""--telemetry-json"", ""/home/arjaiswal/Polygeist/issues/equality_saturation_eval/campaign_20260908/aten-aten_bernoulli_tensor_cpu-syntactic-6pn4l1y1.json"", ""--disable-semantic-fallback""]","== match report for /home/arjaiswal/Polygeist/issues/aten_c_kernels/results/aten_bernoulli_tensor_cpu/debuf.mlir ==
  no_match       body#0  ?
  total: 0 matched / 1 bodies
",0,[],0,0,0,0,/home/arjaiswal/Polygeist/issues/aten_c_kernels/results/aten_bernoulli_tensor_cpu/debuf.mlir,1983,0,1,0,313.65255638957024,1,65732,0.03915652632713318,0,0,0,0,[],0,0,8,0.0,8
aten,aten_bernoulli_tensor_cpu,/home/arjaiswal/Polygeist/issues/aten_c_kernels/results/aten_bernoulli_tensor_cpu/debuf.mlir,c11ef191bc898cb7b11cac0803e00be30cbdcc68b0b97969883b8c7ea6480f63,egglog,5,ok,0,809.735544025898,0,"[""/usr/bin/python3"", ""/home/arjaiswal/Polygeist/scripts/correctness/kernel_match_rewrite.py"", ""/home/arjaiswal/Polygeist/issues/aten_c_kernels/results/aten_bernoulli_tensor_cpu/debuf.mlir"", ""--dry-run"", ""--matcher-mode"", ""egglog"", ""--telemetry-json"", ""/home/arjaiswal/Polygeist/issues/equality_saturation_eval/campaign_20260908/aten-aten_bernoulli_tensor_cpu-egglog-mtfvm02c.json"", ""--disable-semantic-fallback""]","== match report for /home/arjaiswal/Polygeist/issues/aten_c_kernels/results/aten_bernoulli_tensor_cpu/debuf.mlir ==
  no_match       body#0  ?
  total: 0 matched / 1 bodies
",0,[],0,0,0,0,/home/arjaiswal/Polygeist/issues/aten_c_kernels/results/aten_bernoulli_tensor_cpu/debuf.mlir,1983,8,1,0,329.2425125837326,1,65744,0.0,0,0,0,0,[],0,0,0,0.0,8
aten,aten_bessel_j0,/home/arjaiswal/Polygeist/issues/aten_c_kernels/results/aten_bessel_j0/debuf.mlir,38473e18796b0179902048c9358ae24c3d19d3750e4d131211313906e1983a03,egglog,1,ok,0,874.6059387922287,0,"[""/usr/bin/python3"", ""/home/arjaiswal/Polygeist/scripts/correctness/kernel_match_rewrite.py"", ""/home/arjaiswal/Polygeist/issues/aten_c_kernels/results/aten_bessel_j0/debuf.mlir"", ""--dry-run"", ""--matcher-mode"", ""egglog"", ""--telemetry-json"", ""/home/arjaiswal/Polygeist/issues/equality_saturation_eval/campaign_20260908/aten-aten_bessel_j0-egglog-gsqnedgu.json"", ""--disable-semantic-fallback""]","== match report for /home/arjaiswal/Polygeist/issues/aten_c_kernels/results/aten_bessel_j0/debuf.mlir ==
  no_match       body#0  ?
  total: 0 matched / 1 bodies
",0,[],0,0,0,0,/home/arjaiswal/Polygeist/issues/aten_c_kernels/results/aten_bessel_j0/debuf.mlir,1917,8,1,0,401.460487395525,1,65620,0.0,0,0,0,0,[],0,0,0,0.0,56
aten,aten_bessel_j0,/home/arjaiswal/Polygeist/issues/aten_c_kernels/results/aten_bessel_j0/debuf.mlir,38473e18796b0179902048c9358ae24c3d19d3750e4d131211313906e1983a03,syntactic,1,ok,0,874.1577565670013,0,"[""/usr/bin/python3"", ""/home/arjaiswal/Polygeist/scripts/correctness/kernel_match_rewrite.py"", ""/home/arjaiswal/Polygeist/issues/aten_c_kernels/results/aten_bessel_j0/debuf.mlir"", ""--dry-run"", ""--matcher-mode"", ""syntactic"", ""--telemetry-json"", ""/home/arjaiswal/Polygeist/issues/equality_saturation_eval/campaign_20260908/aten-aten_bessel_j0-syntactic-4u17ekix.json"", ""--disable-semantic-fallback""]","== match report for /home/arjaiswal/Polygeist/issues/aten_c_kernels/results/aten_bessel_j0/debuf.mlir ==
  no_match       body#0  ?
  total: 0 matched / 1 bodies
",0,[],0,0,0,0,/home/arjaiswal/Polygeist/issues/aten_c_kernels/results/aten_bessel_j0/debuf.mlir,1917,0,1,0,407.7094979584217,1,65608,0.13441592454910278,0,0,0,0,[],0,0,56,0.0,56
aten,aten_bessel_j0,/home/arjaiswal/Polygeist/issues/aten_c_kernels/results/aten_bessel_j0/debuf.mlir,38473e18796b0179902048c9358ae24c3d19d3750e4d131211313906e1983a03,syntactic,2,ok,0,915.9892685711384,0,"[""/usr/bin/python3"", ""/home/arjaiswal/Polygeist/scripts/correctness/kernel_match_rewrite.py"", ""/home/arjaiswal/Polygeist/issues/aten_c_kernels/results/aten_bessel_j0/debuf.mlir"", ""--dry-run"", ""--matcher-mode"", ""syntactic"", ""--telemetry-json"", ""/home/arjaiswal/Polygeist/issues/equality_saturation_eval/campaign_20260908/aten-aten_bessel_j0-syntactic-abtq3c44.json"", ""--disable-semantic-fallback""]","== match report for /home/arjaiswal/Polygeist/issues/aten_c_kernels/results/aten_bessel_j0/debuf.mlir ==
  no_match       body#0  ?
  total: 0 matched / 1 bodies
",0,[],0,0,0,0,/home/arjaiswal/Polygeist/issues/aten_c_kernels/results/aten_bessel_j0/debuf.mlir,1917,0,1,0,424.2700897157192,1,65504,0.14473497867584229,0,0,0,0,[],0,0,56,0.0,56
aten,aten_bessel_j0,/home/arjaiswal/Polygeist/issues/aten_c_kernels/results/aten_bessel_j0/debuf.mlir,38473e18796b0179902048c9358ae24c3d19d3750e4d131211313906e1983a03,egglog,2,ok,0,1105.074379593134,0,"[""/usr/bin/python3"", ""/home/arjaiswal/Polygeist/scripts/correctness/kernel_match_rewrite.py"", ""/home/arjaiswal/Polygeist/issues/aten_c_kernels/results/aten_bessel_j0/debuf.mlir"", ""--dry-run"", ""--matcher-mode"", ""egglog"", ""--telemetry-json"", ""/home/arjaiswal/Polygeist/issues/equality_saturation_eval/campaign_20260908/aten-aten_bessel_j0-egglog-adn3w91o.json"", ""--disable-semantic-fallback""]","== match report for /home/arjaiswal/Polygeist/issues/aten_c_kernels/results/aten_bessel_j0/debuf.mlir ==
  no_match       body#0  ?
  total: 0 matched / 1 bodies
",0,[],0,0,0,0,/home/arjaiswal/Polygeist/issues/aten_c_kernels/results/aten_bessel_j0/debuf.mlir,1917,8,1,0,477.7675271034241,1,65592,0.0,0,0,0,0,[],0,0,0,0.0,56
aten,aten_bessel_j0,/home/arjaiswal/Polygeist/issues/aten_c_kernels/results/aten_bessel_j0/debuf.mlir,38473e18796b0179902048c9358ae24c3d19d3750e4d131211313906e1983a03,egglog,3,ok,0,897.222813218832,0,"[""/usr/bin/python3"", ""/home/arjaiswal/Polygeist/scripts/correctness/kernel_match_rewrite.py"", ""/home/arjaiswal/Polygeist/issues/aten_c_kernels/results/aten_bessel_j0/debuf.mlir"", ""--dry-run"", ""--matcher-mode"", ""egglog"", ""--telemetry-json"", ""/home/arjaiswal/Polygeist/issues/equality_saturation_eval/campaign_20260908/aten-aten_bessel_j0-egglog-w0vjkk1o.json"", ""--disable-semantic-fallback""]","== match report for /home/arjaiswal/Polygeist/issues/aten_c_kernels/results/aten_bessel_j0/debuf.mlir ==
  no_match       body#0  ?
  total: 0 matched / 1 bodies
",0,[],0,0,0,0,/home/arjaiswal/Polygeist/issues/aten_c_kernels/results/aten_bessel_j0/debuf.mlir,1917,8,1,0,407.29185938835144,1,65484,0.0,0,0,0,0,[],0,0,0,0.0,56
aten,aten_bessel_j0,/home/arjaiswal/Polygeist/issues/aten_c_kernels/results/aten_bessel_j0/debuf.mlir,38473e18796b0179902048c9358ae24c3d19d3750e4d131211313906e1983a03,syntactic,3,ok,0,886.0959261655807,0,"[""/usr/bin/python3"", ""/home/arjaiswal/Polygeist/scripts/correctness/kernel_match_rewrite.py"", ""/home/arjaiswal/Polygeist/issues/aten_c_kernels/results/aten_bessel_j0/debuf.mlir"", ""--dry-run"", ""--matcher-mode"", ""syntactic"", ""--telemetry-json"", ""/home/arjaiswal/Polygeist/issues/equality_saturation_eval/campaign_20260908/aten-aten_bessel_j0-syntactic-6obtnpad.json"", ""--disable-semantic-fallback""]","== match report for /home/arjaiswal/Polygeist/issues/aten_c_kernels/results/aten_bessel_j0/debuf.mlir ==
  no_match       body#0  ?
  total: 0 matched / 1 bodies
",0,[],0,0,0,0,/home/arjaiswal/Polygeist/issues/aten_c_kernels/results/aten_bessel_j0/debuf.mlir,1917,0,1,0,407.6051414012909,1,65760,0.1274198293685913,0,0,0,0,[],0,0,56,0.0,56
aten,aten_bessel_j0,/home/arjaiswal/Polygeist/issues/aten_c_kernels/results/aten_bessel_j0/debuf.mlir,38473e18796b0179902048c9358ae24c3d19d3750e4d131211313906e1983a03,syntactic,4,ok,0,912.1512398123741,0,"[""/usr/bin/python3"", ""/home/arjaiswal/Polygeist/scripts/correctness/kernel_match_rewrite.py"", ""/home/arjaiswal/Polygeist/issues/aten_c_kernels/results/aten_bessel_j0/debuf.mlir"", ""--dry-run"", ""--matcher-mode"", ""syntactic"", ""--telemetry-json"", ""/home/arjaiswal/Polygeist/issues/equality_saturation_eval/campaign_20260908/aten-aten_bessel_j0-syntactic-3hgm62ir.json"", ""--disable-semantic-fallback""]","== match report for /home/arjaiswal/Polygeist/issues/aten_c_kernels/results/aten_bessel_j0/debuf.mlir ==
  no_match       body#0  ?
  total: 0 matched / 1 bodies
",0,[],0,0,0,0,/home/arjaiswal/Polygeist/issues/aten_c_kernels/results/aten_bessel_j0/debuf.mlir,1917,0,1,0,440.10673090815544,1,66068,0.1924671232700348,0,0,0,0,[],0,0,56,0.0,56
aten,aten_bessel_j0,/home/arjaiswal/Polygeist/issues/aten_c_kernels/results/aten_bessel_j0/debuf.mlir,38473e18796b0179902048c9358ae24c3d19d3750e4d131211313906e1983a03,egglog,4,ok,0,1076.3578973710537,0,"[""/usr/bin/python3"", ""/home/arjaiswal/Polygeist/scripts/correctness/kernel_match_rewrite.py"", ""/home/arjaiswal/Polygeist/issues/aten_c_kernels/results/aten_bessel_j0/debuf.mlir"", ""--dry-run"", ""--matcher-mode"", ""egglog"", ""--telemetry-json"", ""/home/arjaiswal/Polygeist/issues/equality_saturation_eval/campaign_20260908/aten-aten_bessel_j0-egglog-mj7mxacm.json"", ""--disable-semantic-fallback""]","== match report for /home/arjaiswal/Polygeist/issues/aten_c_kernels/results/aten_bessel_j0/debuf.mlir ==
  no_match       body#0  ?
  total: 0 matched / 1 bodies
",0,[],0,0,0,0,/home/arjaiswal/Polygeist/issues/aten_c_kernels/results/aten_bessel_j0/debuf.mlir,1917,8,1,0,527.3405127227306,1,65656,0.0,0,0,0,0,[],0,0,0,0.0,56
aten,aten_bessel_j0,/home/arjaiswal/Polygeist/issues/aten_c_kernels/results/aten_bessel_j0/debuf.mlir,38473e18796b0179902048c9358ae24c3d19d3750e4d131211313906e1983a03,egglog,5,ok,0,1145.3440822660923,0,"[""/usr/bin/python3"", ""/home/arjaiswal/Polygeist/scripts/correctness/kernel_match_rewrite.py"", ""/home/arjaiswal/Polygeist/issues/aten_c_kernels/results/aten_bessel_j0/debuf.mlir"", ""--dry-run"", ""--matcher-mode"", ""egglog"", ""--telemetry-json"", ""/home/arjaiswal/Polygeist/issues/equality_saturation_eval/campaign_20260908/aten-aten_bessel_j0-egglog-29da3g9p.json"", ""--disable-semantic-fallback""]","== match report for /home/arjaiswal/Polygeist/issues/aten_c_kernels/results/aten_bessel_j0/debuf.mlir ==
  no_match       body#0  ?
  total: 0 matched / 1 bodies
",0,[],0,0,0,0,/home/arjaiswal/Polygeist/issues/aten_c_kernels/results/aten_bessel_j0/debuf.mlir,1917,8,1,0,577.4122439324856,1,65656,0.0,0,0,0,0,[],0,0,0,0.0,56
aten,aten_bessel_j0,/home/arjaiswal/Polygeist/issues/aten_c_kernels/results/aten_bessel_j0/debuf.mlir,38473e18796b0179902048c9358ae24c3d19d3750e4d131211313906e1983a03,syntactic,5,ok,0,1161.9107723236084,0,"[""/usr/bin/python3"", ""/home/arjaiswal/Polygeist/scripts/correctness/kernel_match_rewrite.py"", ""/home/arjaiswal/Polygeist/issues/aten_c_kernels/results/aten_bessel_j0/debuf.mlir"", ""--dry-run"", ""--matcher-mode"", ""syntactic"", ""--telemetry-json"", ""/home/arjaiswal/Polygeist/issues/equality_saturation_eval/campaign_20260908/aten-aten_bessel_j0-syntactic-_63_6dqh.json"", ""--disable-semantic-fallback""]","== match report for /home/arjaiswal/Polygeist/issues/aten_c_kernels/results/aten_bessel_j0/debuf.mlir ==
  no_match       body#0  ?
  total: 0 matched / 1 bodies
",0,[],0,0,0,0,/home/arjaiswal/Polygeist/issues/aten_c_kernels/results/aten_bessel_j0/debuf.mlir,1917,0,1,0,455.88890090584755,1,66140,0.12609735131263733,0,0,0,0,[],0,0,56,0.0,56
aten,aten_bessel_j1,/home/arjaiswal/Polygeist/issues/aten_c_kernels/results/aten_bessel_j1/debuf.mlir,07e9dcbab8a45e7eaf4461261d18101ea98fc0784e485f5d85451a66350d5995,syntactic,1,ok,0,956.0605511069298,0,"[""/usr/bin/python3"", ""/home/arjaiswal/Polygeist/scripts/correctness/kernel_match_rewrite.py"", ""/home/arjaiswal/Polygeist/issues/aten_c_kernels/results/aten_bessel_j1/debuf.mlir"", ""--dry-run"", ""--matcher-mode"", ""syntactic"", ""--telemetry-json"", ""/home/arjaiswal/Polygeist/issues/equality_saturation_eval/campaign_20260908/aten-aten_bessel_j1-syntactic-h78op7cy.json"", ""--disable-semantic-fallback""]","== match report for /home/arjaiswal/Polygeist/issues/aten_c_kernels/results/aten_bessel_j1/debuf.mlir ==
  no_match       body#0  ?
  total: 0 matched / 1 bodies
",0,[],0,0,0,0,/home/arjaiswal/Polygeist/issues/aten_c_kernels/results/aten_bessel_j1/debuf.mlir,1917,0,1,0,421.9796732068062,1,65964,0.16138702630996704,0,0,0,0,[],0,0,56,0.0,56
aten,aten_bessel_j1,/home/arjaiswal/Polygeist/issues/aten_c_kernels/results/aten_bessel_j1/debuf.mlir,07e9dcbab8a45e7eaf4461261d18101ea98fc0784e485f5d85451a66350d5995,egglog,1,ok,0,882.3800273239613,0,"[""/usr/bin/python3"", ""/home/arjaiswal/Polygeist/scripts/correctness/kernel_match_rewrite.py"", ""/home/arjaiswal/Polygeist/issues/aten_c_kernels/results/aten_bessel_j1/debuf.mlir"", ""--dry-run"", ""--matcher-mode"", ""egglog"", ""--telemetry-json"", ""/home/arjaiswal/Polygeist/issues/equality_saturation_eval/campaign_20260908/aten-aten_bessel_j1-egglog-i53wxikh.json"", ""--disable-semantic-fallback""]","== match report for /home/arjaiswal/Polygeist/issues/aten_c_kernels/results/aten_bessel_j1/debuf.mlir ==
  no_match       body#0  ?
  total: 0 matched / 1 bodies
",0,[],0,0,0,0,/home/arjaiswal/Polygeist/issues/aten_c_kernels/results/aten_bessel_j1/debuf.mlir,1917,8,1,0,415.00312089920044,1,65720,0.0,0,0,0,0,[],0,0,0,0.0,56
aten,aten_bessel_j1,/home/arjaiswal/Polygeist/issues/aten_c_kernels/results/aten_bessel_j1/debuf.mlir,07e9dcbab8a45e7eaf4461261d18101ea98fc0784e485f5d85451a66350d5995,egglog,2,ok,0,921.2650544941425,0,"[""/usr/bin/python3"", ""/home/arjaiswal/Polygeist/scripts/correctness/kernel_match_rewrite.py"", ""/home/arjaiswal/Polygeist/issues/aten_c_kernels/results/aten_bessel_j1/debuf.mlir"", ""--dry-run"", ""--matcher-mode"", ""egglog"", ""--telemetry-json"", ""/home/arjaiswal/Polygeist/issues/equality_saturation_eval/campaign_20260908/aten-aten_bessel_j1-egglog-wejbrle9.json"", ""--disable-semantic-fallback""]","== match report for /home/arjaiswal/Polygeist/issues/aten_c_kernels/results/aten_bessel_j1/debuf.mlir ==
  no_match       body#0  ?
  total: 0 matched / 1 bodies
",0,[],0,0,0,0,/home/arjaiswal/Polygeist/issues/aten_c_kernels/results/aten_bessel_j1/debuf.mlir,1917,8,1,0,429.44106459617615,1,65792,0.0,0,0,0,0,[],0,0,0,0.0,56
aten,aten_bessel_j1,/home/arjaiswal/Polygeist/issues/aten_c_kernels/results/aten_bessel_j1/debuf.mlir,07e9dcbab8a45e7eaf4461261d18101ea98fc0784e485f5d85451a66350d5995,syntactic,2,ok,0,913.6686399579048,0,"[""/usr/bin/python3"", ""/home/arjaiswal/Polygeist/scripts/correctness/kernel_match_rewrite.py"", ""/home/arjaiswal/Polygeist/issues/aten_c_kernels/results/aten_bessel_j1/debuf.mlir"", ""--dry-run"", ""--matcher-mode"", ""syntactic"", ""--telemetry-json"", ""/home/arjaiswal/Polygeist/issues/equality_saturation_eval/campaign_20260908/aten-aten_bessel_j1-syntactic-w9wxualm.json"", ""--disable-semantic-fallback""]","== match report for /home/arjaiswal/Polygeist/issues/aten_c_kernels/results/aten_bessel_j1/debuf.mlir ==
  no_match       body#0  ?
  total: 0 matched / 1 bodies
",0,[],0,0,0,0,/home/arjaiswal/Polygeist/issues/aten_c_kernels/results/aten_bessel_j1/debuf.mlir,1917,0,1,0,439.0834644436836,1,65736,0.1620166003704071,0,0,0,0,[],0,0,56,0.0,56
aten,aten_bessel_j1,/home/arjaiswal/Polygeist/issues/aten_c_kernels/results/aten_bessel_j1/debuf.mlir,07e9dcbab8a45e7eaf4461261d18101ea98fc0784e485f5d85451a66350d5995,syntactic,3,ok,0,1193.3894529938698,0,"[""/usr/bin/python3"", ""/home/arjaiswal/Polygeist/scripts/correctness/kernel_match_rewrite.py"", ""/home/arjaiswal/Polygeist/issues/aten_c_kernels/results/aten_bessel_j1/debuf.mlir"", ""--dry-run"", ""--matcher-mode"", ""syntactic"", ""--telemetry-json"", ""/home/arjaiswal/Polygeist/issues/equality_saturation_eval/campaign_20260908/aten-aten_bessel_j1-syntactic-duimp672.json"", ""--disable-semantic-fallback""]","== match report for /home/arjaiswal/Polygeist/issues/aten_c_kernels/results/aten_bessel_j1/debuf.mlir ==
  no_match       body#0  ?
  total: 0 matched / 1 bodies
",0,[],0,0,0,0,/home/arjaiswal/Polygeist/issues/aten_c_kernels/results/aten_bessel_j1/debuf.mlir,1917,0,1,0,622.6144582033157,1,65688,0.1794286072254181,0,0,0,0,[],0,0,56,0.0,56
aten,aten_bessel_j1,/home/arjaiswal/Polygeist/issues/aten_c_kernels/results/aten_bessel_j1/debuf.mlir,07e9dcbab8a45e7eaf4461261d18101ea98fc0784e485f5d85451a66350d5995,egglog,3,ok,0,917.3346646130085,0,"[""/usr/bin/python3"", ""/home/arjaiswal/Polygeist/scripts/correctness/kernel_match_rewrite.py"", ""/home/arjaiswal/Polygeist/issues/aten_c_kernels/results/aten_bessel_j1/debuf.mlir"", ""--dry-run"", ""--matcher-mode"", ""egglog"", ""--telemetry-json"", ""/home/arjaiswal/Polygeist/issues/equality_saturation_eval/campaign_20260908/aten-aten_bessel_j1-egglog-do9esvm9.json"", ""--disable-semantic-fallback""]","== match report for /home/arjaiswal/Polygeist/issues/aten_c_kernels/results/aten_bessel_j1/debuf.mlir ==
  no_match       body#0  ?
  total: 0 matched / 1 bodies
",0,[],0,0,0,0,/home/arjaiswal/Polygeist/issues/aten_c_kernels/results/aten_bessel_j1/debuf.mlir,1917,8,1,0,428.3130615949631,1,65520,0.0,0,0,0,0,[],0,0,0,0.0,56
aten,aten_bessel_j1,/home/arjaiswal/Polygeist/issues/aten_c_kernels/results/aten_bessel_j1/debuf.mlir,07e9dcbab8a45e7eaf4461261d18101ea98fc0784e485f5d85451a66350d5995,egglog,4,ok,0,1044.8146052658558,0,"[""/usr/bin/python3"", ""/home/arjaiswal/Polygeist/scripts/correctness/kernel_match_rewrite.py"", ""/home/arjaiswal/Polygeist/issues/aten_c_kernels/results/aten_bessel_j1/debuf.mlir"", ""--dry-run"", ""--matcher-mode"", ""egglog"", ""--telemetry-json"", ""/home/arjaiswal/Polygeist/issues/equality_saturation_eval/campaign_20260908/aten-aten_bessel_j1-egglog-6th6zabs.json"", ""--disable-semantic-fallback""]","== match report for /home/arjaiswal/Polygeist/issues/aten_c_kernels/results/aten_bessel_j1/debuf.mlir ==
  no_match       body#0  ?
  total: 0 matched / 1 bodies
",0,[],0,0,0,0,/home/arjaiswal/Polygeist/issues/aten_c_kernels/results/aten_bessel_j1/debuf.mlir,1917,8,1,0,564.973559230566,1,65764,0.0,0,0,0,0,[],0,0,0,0.0,56
aten,aten_bessel_j1,/home/arjaiswal/Polygeist/issues/aten_c_kernels/results/aten_bessel_j1/debuf.mlir,07e9dcbab8a45e7eaf4461261d18101ea98fc0784e485f5d85451a66350d5995,syntactic,4,ok,0,961.9628936052322,0,"[""/usr/bin/python3"", ""/home/arjaiswal/Polygeist/scripts/correctness/kernel_match_rewrite.py"", ""/home/arjaiswal/Polygeist/issues/aten_c_kernels/results/aten_bessel_j1/debuf.mlir"", ""--dry-run"", ""--matcher-mode"", ""syntactic"", ""--telemetry-json"", ""/home/arjaiswal/Polygeist/issues/equality_saturation_eval/campaign_20260908/aten-aten_bessel_j1-syntactic-8hbuis1r.json"", ""--disable-semantic-fallback""]","== match report for /home/arjaiswal/Polygeist/issues/aten_c_kernels/results/aten_bessel_j1/debuf.mlir ==
  no_match       body#0  ?
  total: 0 matched / 1 bodies
",0,[],0,0,0,0,/home/arjaiswal/Polygeist/issues/aten_c_kernels/results/aten_bessel_j1/debuf.mlir,1917,0,1,0,450.0679485499859,1,65516,0.15041977167129517,0,0,0,0,[],0,0,56,0.0,56
aten,aten_bessel_j1,/home/arjaiswal/Polygeist/issues/aten_c_kernels/results/aten_bessel_j1/debuf.mlir,07e9dcbab8a45e7eaf4461261d18101ea98fc0784e485f5d85451a66350d5995,syntactic,5,ok,0,885.3044584393501,0,"[""/usr/bin/python3"", ""/home/arjaiswal/Polygeist/scripts/correctness/kernel_match_rewrite.py"", ""/home/arjaiswal/Polygeist/issues/aten_c_kernels/results/aten_bessel_j1/debuf.mlir"", ""--dry-run"", ""--matcher-mode"", ""syntactic"", ""--telemetry-json"", ""/home/arjaiswal/Polygeist/issues/equality_saturation_eval/campaign_20260908/aten-aten_bessel_j1-syntactic-q6v8h6p7.json"", ""--disable-semantic-fallback""]","== match report for /home/arjaiswal/Polygeist/issues/aten_c_kernels/results/aten_bessel_j1/debuf.mlir ==
  no_match       body#0  ?
  total: 0 matched / 1 bodies
",0,[],0,0,0,0,/home/arjaiswal/Polygeist/issues/aten_c_kernels/results/aten_bessel_j1/debuf.mlir,1917,0,1,0,414.5032800734043,1,65712,0.13702735304832458,0,0,0,0,[],0,0,56,0.0,56
aten,aten_bessel_j1,/home/arjaiswal/Polygeist/issues/aten_c_kernels/results/aten_bessel_j1/debuf.mlir,07e9dcbab8a45e7eaf4461261d18101ea98fc0784e485f5d85451a66350d5995,egglog,5,ok,0,1119.0967038273811,0,"[""/usr/bin/python3"", ""/home/arjaiswal/Polygeist/scripts/correctness/kernel_match_rewrite.py"", ""/home/arjaiswal/Polygeist/issues/aten_c_kernels/results/aten_bessel_j1/debuf.mlir"", ""--dry-run"", ""--matcher-mode"", ""egglog"", ""--telemetry-json"", ""/home/arjaiswal/Polygeist/issues/equality_saturation_eval/campaign_20260908/aten-aten_bessel_j1-egglog-4vpsx4yc.json"", ""--disable-semantic-fallback""]","== match report for /home/arjaiswal/Polygeist/issues/aten_c_kernels/results/aten_bessel_j1/debuf.mlir ==
  no_match       body#0  ?
  total: 0 matched / 1 bodies
",0,[],0,0,0,0,/home/arjaiswal/Polygeist/issues/aten_c_kernels/results/aten_bessel_j1/debuf.mlir,1917,8,1,0,499.17301163077354,1,65500,0.0,0,0,0,0,[],0,0,0,0.0,56
aten,aten_bessel_y0,/home/arjaiswal/Polygeist/issues/aten_c_kernels/results/aten_bessel_y0/debuf.mlir,186c6aaa5e1d7aa650b8c76f7d644bde195e7d673291a3fcd199b1cbd9985a5f,egglog,1,ok,0,998.632401227951,0,"[""/usr/bin/python3"", ""/home/arjaiswal/Polygeist/scripts/correctness/kernel_match_rewrite.py"", ""/home/arjaiswal/Polygeist/issues/aten_c_kernels/results/aten_bessel_y0/debuf.mlir"", ""--dry-run"", ""--matcher-mode"", ""egglog"", ""--telemetry-json"", ""/home/arjaiswal/Polygeist/issues/equality_saturation_eval/campaign_20260908/aten-aten_bessel_y0-egglog-u2v9gp8x.json"", ""--disable-semantic-fallback""]","== match report for /home/arjaiswal/Polygeist/issues/aten_c_kernels/results/aten_bessel_y0/debuf.mlir ==
  no_match       body#0  ?
  total: 0 matched / 1 bodies
",0,[],0,0,0,0,/home/arjaiswal/Polygeist/issues/aten_c_kernels/results/aten_bessel_y0/debuf.mlir,1917,8,1,0,464.54859897494316,1,65584,0.0,0,0,0,0,[],0,0,0,0.0,56
aten,aten_bessel_y0,/home/arjaiswal/Polygeist/issues/aten_c_kernels/results/aten_bessel_y0/debuf.mlir,186c6aaa5e1d7aa650b8c76f7d644bde195e7d673291a3fcd199b1cbd9985a5f,syntactic,1,ok,0,1131.572138518095,0,"[""/usr/bin/python3"", ""/home/arjaiswal/Polygeist/scripts/correctness/kernel_match_rewrite.py"", ""/home/arjaiswal/Polygeist/issues/aten_c_kernels/results/aten_bessel_y0/debuf.mlir"", ""--dry-run"", ""--matcher-mode"", ""syntactic"", ""--telemetry-json"", ""/home/arjaiswal/Polygeist/issues/equality_saturation_eval/campaign_20260908/aten-aten_bessel_y0-syntactic-d3iwty0l.json"", ""--disable-semantic-fallback""]","== match report for /home/arjaiswal/Polygeist/issues/aten_c_kernels/results/aten_bessel_y0/debuf.mlir ==
  no_match       body#0  ?
  total: 0 matched / 1 bodies
",0,[],0,0,0,0,/home/arjaiswal/Polygeist/issues/aten_c_kernels/results/aten_bessel_y0/debuf.mlir,1917,0,1,0,540.5458398163319,1,66128,0.1960061490535736,0,0,0,0,[],0,0,56,0.0,56
aten,aten_bessel_y0,/home/arjaiswal/Polygeist/issues/aten_c_kernels/results/aten_bessel_y0/debuf.mlir,186c6aaa5e1d7aa650b8c76f7d644bde195e7d673291a3fcd199b1cbd9985a5f,syntactic,2,ok,0,1026.4243334531784,0,"[""/usr/bin/python3"", ""/home/arjaiswal/Polygeist/scripts/correctness/kernel_match_rewrite.py"", ""/home/arjaiswal/Polygeist/issues/aten_c_kernels/results/aten_bessel_y0/debuf.mlir"", ""--dry-run"", ""--matcher-mode"", ""syntactic"", ""--telemetry-json"", ""/home/arjaiswal/Polygeist/issues/equality_saturation_eval/campaign_20260908/aten-aten_bessel_y0-syntactic-c2w6more.json"", ""--disable-semantic-fallback""]","== match report for /home/arjaiswal/Polygeist/issues/aten_c_kernels/results/aten_bessel_y0/debuf.mlir ==
  no_match       body#0  ?
  total: 0 matched / 1 bodies
",0,[],0,0,0,0,/home/arjaiswal/Polygeist/issues/aten_c_kernels/results/aten_bessel_y0/debuf.mlir,1917,0,1,0,486.1258268356323,1,66044,0.20822882652282715,0,0,0,0,[],0,0,56,0.0,56
aten,aten_bessel_y0,/home/arjaiswal/Polygeist/issues/aten_c_kernels/results/aten_bessel_y0/debuf.mlir,186c6aaa5e1d7aa650b8c76f7d644bde195e7d673291a3fcd199b1cbd9985a5f,egglog,2,ok,0,943.5855522751808,0,"[""/usr/bin/python3"", ""/home/arjaiswal/Polygeist/scripts/correctness/kernel_match_rewrite.py"", ""/home/arjaiswal/Polygeist/issues/aten_c_kernels/results/aten_bessel_y0/debuf.mlir"", ""--dry-run"", ""--matcher-mode"", ""egglog"", ""--telemetry-json"", ""/home/arjaiswal/Polygeist/issues/equality_saturation_eval/campaign_20260908/aten-aten_bessel_y0-egglog-skntzmze.json"", ""--disable-semantic-fallback""]","== match report for /home/arjaiswal/Polygeist/issues/aten_c_kernels/results/aten_bessel_y0/debuf.mlir ==
  no_match       body#0  ?
  total: 0 matched / 1 bodies
",0,[],0,0,0,0,/home/arjaiswal/Polygeist/issues/aten_c_kernels/results/aten_bessel_y0/debuf.mlir,1917,8,1,0,416.0524755716324,1,65576,0.0,0,0,0,0,[],0,0,0,0.0,56
aten,aten_bessel_y0,/home/arjaiswal/Polygeist/issues/aten_c_kernels/results/aten_bessel_y0/debuf.mlir,186c6aaa5e1d7aa650b8c76f7d644bde195e7d673291a3fcd199b1cbd9985a5f,egglog,3,ok,0,1042.952362447977,0,"[""/usr/bin/python3"", ""/home/arjaiswal/Polygeist/scripts/correctness/kernel_match_rewrite.py"", ""/home/arjaiswal/Polygeist/issues/aten_c_kernels/results/aten_bessel_y0/debuf.mlir"", ""--dry-run"", ""--matcher-mode"", ""egglog"", ""--telemetry-json"", ""/home/arjaiswal/Polygeist/issues/equality_saturation_eval/campaign_20260908/aten-aten_bessel_y0-egglog-1hvttsvh.json"", ""--disable-semantic-fallback""]","== match report for /home/arjaiswal/Polygeist/issues/aten_c_kernels/results/aten_bessel_y0/debuf.mlir ==
  no_match       body#0  ?
  total: 0 matched / 1 bodies
",0,[],0,0,0,0,/home/arjaiswal/Polygeist/issues/aten_c_kernels/results/aten_bessel_y0/debuf.mlir,1917,8,1,0,541.3082800805569,1,65740,0.0,0,0,0,0,[],0,0,0,0.0,56
aten,aten_bessel_y0,/home/arjaiswal/Polygeist/issues/aten_c_kernels/results/aten_bessel_y0/debuf.mlir,186c6aaa5e1d7aa650b8c76f7d644bde195e7d673291a3fcd199b1cbd9985a5f,syntactic,3,ok,0,909.3782380223274,0,"[""/usr/bin/python3"", ""/home/arjaiswal/Polygeist/scripts/correctness/kernel_match_rewrite.py"", ""/home/arjaiswal/Polygeist/issues/aten_c_kernels/results/aten_bessel_y0/debuf.mlir"", ""--dry-run"", ""--matcher-mode"", ""syntactic"", ""--telemetry-json"", ""/home/arjaiswal/Polygeist/issues/equality_saturation_eval/campaign_20260908/aten-aten_bessel_y0-syntactic-g8mw0vvw.json"", ""--disable-semantic-fallback""]","== match report for /home/arjaiswal/Polygeist/issues/aten_c_kernels/results/aten_bessel_y0/debuf.mlir ==
  no_match       body#0  ?
  total: 0 matched / 1 bodies
",0,[],0,0,0,0,/home/arjaiswal/Polygeist/issues/aten_c_kernels/results/aten_bessel_y0/debuf.mlir,1917,0,1,0,396.0733227431774,1,65736,0.13168901205062866,0,0,0,0,[],0,0,56,0.0,56
aten,aten_bessel_y0,/home/arjaiswal/Polygeist/issues/aten_c_kernels/results/aten_bessel_y0/debuf.mlir,186c6aaa5e1d7aa650b8c76f7d644bde195e7d673291a3fcd199b1cbd9985a5f,syntactic,4,ok,0,918.3782488107681,0,"[""/usr/bin/python3"", ""/home/arjaiswal/Polygeist/scripts/correctness/kernel_match_rewrite.py"", ""/home/arjaiswal/Polygeist/issues/aten_c_kernels/results/aten_bessel_y0/debuf.mlir"", ""--dry-run"", ""--matcher-mode"", ""syntactic"", ""--telemetry-json"", ""/home/arjaiswal/Polygeist/issues/equality_saturation_eval/campaign_20260908/aten-aten_bessel_y0-syntactic-eo8o1577.json"", ""--disable-semantic-fallback""]","== match report for /home/arjaiswal/Polygeist/issues/aten_c_kernels/results/aten_bessel_y0/debuf.mlir ==
  no_match       body#0  ?
  total: 0 matched / 1 bodies
",0,[],0,0,0,0,/home/arjaiswal/Polygeist/issues/aten_c_kernels/results/aten_bessel_y0/debuf.mlir,1917,0,1,0,425.5441725254059,1,65500,0.13203918933868408,0,0,0,0,[],0,0,56,0.0,56
aten,aten_bessel_y0,/home/arjaiswal/Polygeist/issues/aten_c_kernels/results/aten_bessel_y0/debuf.mlir,186c6aaa5e1d7aa650b8c76f7d644bde195e7d673291a3fcd199b1cbd9985a5f,egglog,4,ok,0,1093.0774062871933,0,"[""/usr/bin/python3"", ""/home/arjaiswal/Polygeist/scripts/correctness/kernel_match_rewrite.py"", ""/home/arjaiswal/Polygeist/issues/aten_c_kernels/results/aten_bessel_y0/debuf.mlir"", ""--dry-run"", ""--matcher-mode"", ""egglog"", ""--telemetry-json"", ""/home/arjaiswal/Polygeist/issues/equality_saturation_eval/campaign_20260908/aten-aten_bessel_y0-egglog-d974cicp.json"", ""--disable-semantic-fallback""]","== match report for /home/arjaiswal/Polygeist/issues/aten_c_kernels/results/aten_bessel_y0/debuf.mlir ==
  no_match       body#0  ?
  total: 0 matched / 1 bodies
",0,[],0,0,0,0,/home/arjaiswal/Polygeist/issues/aten_c_kernels/results/aten_bessel_y0/debuf.mlir,1917,8,1,0,561.4678710699081,1,65440,0.0,0,0,0,0,[],0,0,0,0.0,56
aten,aten_bessel_y0,/home/arjaiswal/Polygeist/issues/aten_c_kernels/results/aten_bessel_y0/debuf.mlir,186c6aaa5e1d7aa650b8c76f7d644bde195e7d673291a3fcd199b1cbd9985a5f,egglog,5,ok,0,907.0171043276787,0,"[""/usr/bin/python3"", ""/home/arjaiswal/Polygeist/scripts/correctness/kernel_match_rewrite.py"", ""/home/arjaiswal/Polygeist/issues/aten_c_kernels/results/aten_bessel_y0/debuf.mlir"", ""--dry-run"", ""--matcher-mode"", ""egglog"", ""--telemetry-json"", ""/home/arjaiswal/Polygeist/issues/equality_saturation_eval/campaign_20260908/aten-aten_bessel_y0-egglog-n80g3qda.json"", ""--disable-semantic-fallback""]","== match report for /home/arjaiswal/Polygeist/issues/aten_c_kernels/results/aten_bessel_y0/debuf.mlir ==
  no_match       body#0  ?
  total: 0 matched / 1 bodies
",0,[],0,0,0,0,/home/arjaiswal/Polygeist/issues/aten_c_kernels/results/aten_bessel_y0/debuf.mlir,1917,8,1,0,437.35359236598015,1,65616,0.0,0,0,0,0,[],0,0,0,0.0,56
aten,aten_bessel_y0,/home/arjaiswal/Polygeist/issues/aten_c_kernels/results/aten_bessel_y0/debuf.mlir,186c6aaa5e1d7aa650b8c76f7d644bde195e7d673291a3fcd199b1cbd9985a5f,syntactic,5,ok,0,874.6087662875652,0,"[""/usr/bin/python3"", ""/home/arjaiswal/Polygeist/scripts/correctness/kernel_match_rewrite.py"", ""/home/arjaiswal/Polygeist/issues/aten_c_kernels/results/aten_bessel_y0/debuf.mlir"", ""--dry-run"", ""--matcher-mode"", ""syntactic"", ""--telemetry-json"", ""/home/arjaiswal/Polygeist/issues/equality_saturation_eval/campaign_20260908/aten-aten_bessel_y0-syntactic-7vxt849t.json"", ""--disable-semantic-fallback""]","== match report for /home/arjaiswal/Polygeist/issues/aten_c_kernels/results/aten_bessel_y0/debuf.mlir ==
  no_match       body#0  ?
  total: 0 matched / 1 bodies
",0,[],0,0,0,0,/home/arjaiswal/Polygeist/issues/aten_c_kernels/results/aten_bessel_y0/debuf.mlir,1917,0,1,0,406.43589943647385,1,65752,0.1469440758228302,0,0,0,0,[],0,0,56,0.0,56
aten,aten_bessel_y1,/home/arjaiswal/Polygeist/issues/aten_c_kernels/results/aten_bessel_y1/debuf.mlir,6db2b9ea600f896fb89e4b9f8f1e61cc096b26232145620842756e8c02a3f3d8,syntactic,1,ok,0,944.9894279241562,0,"[""/usr/bin/python3"", ""/home/arjaiswal/Polygeist/scripts/correctness/kernel_match_rewrite.py"", ""/home/arjaiswal/Polygeist/issues/aten_c_kernels/results/aten_bessel_y1/debuf.mlir"", ""--dry-run"", ""--matcher-mode"", ""syntactic"", ""--telemetry-json"", ""/home/arjaiswal/Polygeist/issues/equality_saturation_eval/campaign_20260908/aten-aten_bessel_y1-syntactic-1l5207mk.json"", ""--disable-semantic-fallback""]","== match report for /home/arjaiswal/Polygeist/issues/aten_c_kernels/results/aten_bessel_y1/debuf.mlir ==
  no_match       body#0  ?
  total: 0 matched / 1 bodies
",0,[],0,0,0,0,/home/arjaiswal/Polygeist/issues/aten_c_kernels/results/aten_bessel_y1/debuf.mlir,1917,0,1,0,448.4841264784336,1,66016,0.14581158757209778,0,0,0,0,[],0,0,56,0.0,56
aten,aten_bessel_y1,/home/arjaiswal/Polygeist/issues/aten_c_kernels/results/aten_bessel_y1/debuf.mlir,6db2b9ea600f896fb89e4b9f8f1e61cc096b26232145620842756e8c02a3f3d8,egglog,1,ok,0,900.8827991783619,0,"[""/usr/bin/python3"", ""/home/arjaiswal/Polygeist/scripts/correctness/kernel_match_rewrite.py"", ""/home/arjaiswal/Polygeist/issues/aten_c_kernels/results/aten_bessel_y1/debuf.mlir"", ""--dry-run"", ""--matcher-mode"", ""egglog"", ""--telemetry-json"", ""/home/arjaiswal/Polygeist/issues/equality_saturation_eval/campaign_20260908/aten-aten_bessel_y1-egglog-bygudkmn.json"", ""--disable-semantic-fallback""]","== match report for /home/arjaiswal/Polygeist/issues/aten_c_kernels/results/aten_bessel_y1/debuf.mlir ==
  no_match       body#0  ?
  total: 0 matched / 1 bodies
",0,[],0,0,0,0,/home/arjaiswal/Polygeist/issues/aten_c_kernels/results/aten_bessel_y1/debuf.mlir,1917,8,1,0,428.3810891211033,1,65588,0.0,0,0,0,0,[],0,0,0,0.0,56
aten,aten_bessel_y1,/home/arjaiswal/Polygeist/issues/aten_c_kernels/results/aten_bessel_y1/debuf.mlir,6db2b9ea600f896fb89e4b9f8f1e61cc096b26232145620842756e8c02a3f3d8,egglog,2,ok,0,958.631344139576,0,"[""/usr/bin/python3"", ""/home/arjaiswal/Polygeist/scripts/correctness/kernel_match_rewrite.py"", ""/home/arjaiswal/Polygeist/issues/aten_c_kernels/results/aten_bessel_y1/debuf.mlir"", ""--dry-run"", ""--matcher-mode"", ""egglog"", ""--telemetry-json"", ""/home/arjaiswal/Polygeist/issues/equality_saturation_eval/campaign_20260908/aten-aten_bessel_y1-egglog-801wg9_4.json"", ""--disable-semantic-fallback""]","== match report for /home/arjaiswal/Polygeist/issues/aten_c_kernels/results/aten_bessel_y1/debuf.mlir ==
  no_match       body#0  ?
  total: 0 matched / 1 bodies
",0,[],0,0,0,0,/home/arjaiswal/Polygeist/issues/aten_c_kernels/results/aten_bessel_y1/debuf.mlir,1917,8,1,0,452.89214327931404,1,65608,0.0,0,0,0,0,[],0,0,0,0.0,56
aten,aten_bessel_y1,/home/arjaiswal/Polygeist/issues/aten_c_kernels/results/aten_bessel_y1/debuf.mlir,6db2b9ea600f896fb89e4b9f8f1e61cc096b26232145620842756e8c02a3f3d8,syntactic,2,ok,0,945.3273676335812,0,"[""/usr/bin/python3"", ""/home/arjaiswal/Polygeist/scripts/correctness/kernel_match_rewrite.py"", ""/home/arjaiswal/Polygeist/issues/aten_c_kernels/results/aten_bessel_y1/debuf.mlir"", ""--dry-run"", ""--matcher-mode"", ""syntactic"", ""--telemetry-json"", ""/home/arjaiswal/Polygeist/issues/equality_saturation_eval/campaign_20260908/aten-aten_bessel_y1-syntactic-fujkdzjs.json"", ""--disable-semantic-fallback""]","== match report for /home/arjaiswal/Polygeist/issues/aten_c_kernels/results/aten_bessel_y1/debuf.mlir ==
  no_match       body#0  ?
  total: 0 matched / 1 bodies
",0,[],0,0,0,0,/home/arjaiswal/Polygeist/issues/aten_c_kernels/results/aten_bessel_y1/debuf.mlir,1917,0,1,0,440.21227210760117,1,65640,0.12959912419319153,0,0,0,0,[],0,0,56,0.0,56
aten,aten_bessel_y1,/home/arjaiswal/Polygeist/issues/aten_c_kernels/results/aten_bessel_y1/debuf.mlir,6db2b9ea600f896fb89e4b9f8f1e61cc096b26232145620842756e8c02a3f3d8,syntactic,3,ok,0,893.527913838625,0,"[""/usr/bin/python3"", ""/home/arjaiswal/Polygeist/scripts/correctness/kernel_match_rewrite.py"", ""/home/arjaiswal/Polygeist/issues/aten_c_kernels/results/aten_bessel_y1/debuf.mlir"", ""--dry-run"", ""--matcher-mode"", ""syntactic"", ""--telemetry-json"", ""/home/arjaiswal/Polygeist/issues/equality_saturation_eval/campaign_20260908/aten-aten_bessel_y1-syntactic-5y39wwp7.json"", ""--disable-semantic-fallback""]","== match report for /home/arjaiswal/Polygeist/issues/aten_c_kernels/results/aten_bessel_y1/debuf.mlir ==
  no_match       body#0  ?
  total: 0 matched / 1 bodies
",0,[],0,0,0,0,/home/arjaiswal/Polygeist/issues/aten_c_kernels/results/aten_bessel_y1/debuf.mlir,1917,0,1,0,409.4344228506088,1,65584,0.12895092368125916,0,0,0,0,[],0,0,56,0.0,56
aten,aten_bessel_y1,/home/arjaiswal/Polygeist/issues/aten_c_kernels/results/aten_bessel_y1/debuf.mlir,6db2b9ea600f896fb89e4b9f8f1e61cc096b26232145620842756e8c02a3f3d8,egglog,3,ok,0,1005.0567351281643,0,"[""/usr/bin/python3"", ""/home/arjaiswal/Polygeist/scripts/correctness/kernel_match_rewrite.py"", ""/home/arjaiswal/Polygeist/issues/aten_c_kernels/results/aten_bessel_y1/debuf.mlir"", ""--dry-run"", ""--matcher-mode"", ""egglog"", ""--telemetry-json"", ""/home/arjaiswal/Polygeist/issues/equality_saturation_eval/campaign_20260908/aten-aten_bessel_y1-egglog-2w30bsfp.json"", ""--disable-semantic-fallback""]","== match report for /home/arjaiswal/Polygeist/issues/aten_c_kernels/results/aten_bessel_y1/debuf.mlir ==
  no_match       body#0  ?
  total: 0 matched / 1 bodies
",0,[],0,0,0,0,/home/arjaiswal/Polygeist/issues/aten_c_kernels/results/aten_bessel_y1/debuf.mlir,1917,8,1,0,538.4873859584332,1,65740,0.0,0,0,0,0,[],0,0,0,0.0,56
aten,aten_bessel_y1,/home/arjaiswal/Polygeist/issues/aten_c_kernels/results/aten_bessel_y1/debuf.mlir,6db2b9ea600f896fb89e4b9f8f1e61cc096b26232145620842756e8c02a3f3d8,egglog,4,ok,0,893.1199498474598,0,"[""/usr/bin/python3"", ""/home/arjaiswal/Polygeist/scripts/correctness/kernel_match_rewrite.py"", ""/home/arjaiswal/Polygeist/issues/aten_c_kernels/results/aten_bessel_y1/debuf.mlir"", ""--dry-run"", ""--matcher-mode"", ""egglog"", ""--telemetry-json"", ""/home/arjaiswal/Polygeist/issues/equality_saturation_eval/campaign_20260908/aten-aten_bessel_y1-egglog-5q6_m_c8.json"", ""--disable-semantic-fallback""]","== match report for /home/arjaiswal/Polygeist/issues/aten_c_kernels/results/aten_bessel_y1/debuf.mlir ==
  no_match       body#0  ?
  total: 0 matched / 1 bodies
",0,[],0,0,0,0,/home/arjaiswal/Polygeist/issues/aten_c_kernels/results/aten_bessel_y1/debuf.mlir,1917,8,1,0,419.72969472408295,1,65676,0.0,0,0,0,0,[],0,0,0,0.0,56
aten,aten_bessel_y1,/home/arjaiswal/Polygeist/issues/aten_c_kernels/results/aten_bessel_y1/debuf.mlir,6db2b9ea600f896fb89e4b9f8f1e61cc096b26232145620842756e8c02a3f3d8,syntactic,4,ok,0,900.9357653558254,0,"[""/usr/bin/python3"", ""/home/arjaiswal/Polygeist/scripts/correctness/kernel_match_rewrite.py"", ""/home/arjaiswal/Polygeist/issues/aten_c_kernels/results/aten_bessel_y1/debuf.mlir"", ""--dry-run"", ""--matcher-mode"", ""syntactic"", ""--telemetry-json"", ""/home/arjaiswal/Polygeist/issues/equality_saturation_eval/campaign_20260908/aten-aten_bessel_y1-syntactic-xne6ddyc.json"", ""--disable-semantic-fallback""]","== match report for /home/arjaiswal/Polygeist/issues/aten_c_kernels/results/aten_bessel_y1/debuf.mlir ==
  no_match       body#0  ?
  total: 0 matched / 1 bodies
",0,[],0,0,0,0,/home/arjaiswal/Polygeist/issues/aten_c_kernels/results/aten_bessel_y1/debuf.mlir,1917,0,1,0,436.65167316794395,1,65560,0.16947835683822632,0,0,0,0,[],0,0,56,0.0,56
aten,aten_bessel_y1,/home/arjaiswal/Polygeist/issues/aten_c_kernels/results/aten_bessel_y1/debuf.mlir,6db2b9ea600f896fb89e4b9f8f1e61cc096b26232145620842756e8c02a3f3d8,syntactic,5,ok,0,903.479065746069,0,"[""/usr/bin/python3"", ""/home/arjaiswal/Polygeist/scripts/correctness/kernel_match_rewrite.py"", ""/home/arjaiswal/Polygeist/issues/aten_c_kernels/results/aten_bessel_y1/debuf.mlir"", ""--dry-run"", ""--matcher-mode"", ""syntactic"", ""--telemetry-json"", ""/home/arjaiswal/Polygeist/issues/equality_saturation_eval/campaign_20260908/aten-aten_bessel_y1-syntactic-ixece3_m.json"", ""--disable-semantic-fallback""]","== match report for /home/arjaiswal/Polygeist/issues/aten_c_kernels/results/aten_bessel_y1/debuf.mlir ==
  no_match       body#0  ?
  total: 0 matched / 1 bodies
",0,[],0,0,0,0,/home/arjaiswal/Polygeist/issues/aten_c_kernels/results/aten_bessel_y1/debuf.mlir,1917,0,1,0,427.7416653931141,1,66076,0.12344121932983398,0,0,0,0,[],0,0,56,0.0,56
aten,aten_bessel_y1,/home/arjaiswal/Polygeist/issues/aten_c_kernels/results/aten_bessel_y1/debuf.mlir,6db2b9ea600f896fb89e4b9f8f1e61cc096b26232145620842756e8c02a3f3d8,egglog,5,ok,0,910.6553196907043,0,"[""/usr/bin/python3"", ""/home/arjaiswal/Polygeist/scripts/correctness/kernel_match_rewrite.py"", ""/home/arjaiswal/Polygeist/issues/aten_c_kernels/results/aten_bessel_y1/debuf.mlir"", ""--dry-run"", ""--matcher-mode"", ""egglog"", ""--telemetry-json"", ""/home/arjaiswal/Polygeist/issues/equality_saturation_eval/campaign_20260908/aten-aten_bessel_y1-egglog-070whvi9.json"", ""--disable-semantic-fallback""]","== match report for /home/arjaiswal/Polygeist/issues/aten_c_kernels/results/aten_bessel_y1/debuf.mlir ==
  no_match       body#0  ?
  total: 0 matched / 1 bodies
",0,[],0,0,0,0,/home/arjaiswal/Polygeist/issues/aten_c_kernels/results/aten_bessel_y1/debuf.mlir,1917,8,1,0,416.4230637252331,1,65648,0.0,0,0,0,0,[],0,0,0,0.0,56
aten,aten_bf16_dot_cpu,/home/arjaiswal/Polygeist/issues/aten_c_kernels/results/aten_bf16_dot_cpu/debuf.mlir,eab6721bb987a708bc94be75e07986e7fe08af76b3a1b565f5956713b328a18c,egglog,1,ok,0,855.472981929779,0,"[""/usr/bin/python3"", ""/home/arjaiswal/Polygeist/scripts/correctness/kernel_match_rewrite.py"", ""/home/arjaiswal/Polygeist/issues/aten_c_kernels/results/aten_bf16_dot_cpu/debuf.mlir"", ""--dry-run"", ""--matcher-mode"", ""egglog"", ""--telemetry-json"", ""/home/arjaiswal/Polygeist/issues/equality_saturation_eval/campaign_20260908/aten-aten_bf16_dot_cpu-egglog-3j0y7q9k.json"", ""--disable-semantic-fallback""]","== match report for /home/arjaiswal/Polygeist/issues/aten_c_kernels/results/aten_bf16_dot_cpu/debuf.mlir ==
  match          body#[0]  cublasSdot_memref
  total: 1 matched / 1 bodies
",0,[],0,0,0,0,/home/arjaiswal/Polygeist/issues/aten_c_kernels/results/aten_bf16_dot_cpu/debuf.mlir,1871,8,1,1,334.18412134051323,0,69628,34.46853905916214,2,2,0,8,"[{""body_indices"": [0], ""symbol"": ""cublasSdot_memref""}]",1,0,0,0.0,2
aten,aten_bf16_dot_cpu,/home/arjaiswal/Polygeist/issues/aten_c_kernels/results/aten_bf16_dot_cpu/debuf.mlir,eab6721bb987a708bc94be75e07986e7fe08af76b3a1b565f5956713b328a18c,syntactic,1,ok,0,765.4779441654682,0,"[""/usr/bin/python3"", ""/home/arjaiswal/Polygeist/scripts/correctness/kernel_match_rewrite.py"", ""/home/arjaiswal/Polygeist/issues/aten_c_kernels/results/aten_bf16_dot_cpu/debuf.mlir"", ""--dry-run"", ""--matcher-mode"", ""syntactic"", ""--telemetry-json"", ""/home/arjaiswal/Polygeist/issues/equality_saturation_eval/campaign_20260908/aten-aten_bf16_dot_cpu-syntactic-6_4oefvh.json"", ""--disable-semantic-fallback""]","== match report for /home/arjaiswal/Polygeist/issues/aten_c_kernels/results/aten_bf16_dot_cpu/debuf.mlir ==
  match          body#[0]  cublasSdot_memref
  total: 1 matched / 1 bodies
",0,[],0,0,0,0,/home/arjaiswal/Polygeist/issues/aten_c_kernels/results/aten_bf16_dot_cpu/debuf.mlir,1871,0,1,1,275.6096199154854,0,64804,0.022605061531066895,0,2,0,0,"[{""body_indices"": [0], ""symbol"": ""cublasSdot_memref""}]",1,0,2,0.0,2
aten,aten_bf16_dot_cpu,/home/arjaiswal/Polygeist/issues/aten_c_kernels/results/aten_bf16_dot_cpu/debuf.mlir,eab6721bb987a708bc94be75e07986e7fe08af76b3a1b565f5956713b328a18c,syntactic,2,ok,0,746.8550354242325,0,"[""/usr/bin/python3"", ""/home/arjaiswal/Polygeist/scripts/correctness/kernel_match_rewrite.py"", ""/home/arjaiswal/Polygeist/issues/aten_c_kernels/results/aten_bf16_dot_cpu/debuf.mlir"", ""--dry-run"", ""--matcher-mode"", ""syntactic"", ""--telemetry-json"", ""/home/arjaiswal/Polygeist/issues/equality_saturation_eval/campaign_20260908/aten-aten_bf16_dot_cpu-syntactic-honhjcib.json"", ""--disable-semantic-fallback""]","== match report for /home/arjaiswal/Polygeist/issues/aten_c_kernels/results/aten_bf16_dot_cpu/debuf.mlir ==
  match          body#[0]  cublasSdot_memref
  total: 1 matched / 1 bodies
",0,[],0,0,0,0,/home/arjaiswal/Polygeist/issues/aten_c_kernels/results/aten_bf16_dot_cpu/debuf.mlir,1871,0,1,1,275.3174230456352,0,64716,0.02064928412437439,0,2,0,0,"[{""body_indices"": [0], ""symbol"": ""cublasSdot_memref""}]",1,0,2,0.0,2
aten,aten_bf16_dot_cpu,/home/arjaiswal/Polygeist/issues/aten_c_kernels/results/aten_bf16_dot_cpu/debuf.mlir,eab6721bb987a708bc94be75e07986e7fe08af76b3a1b565f5956713b328a18c,egglog,2,ok,0,797.8203147649765,0,"[""/usr/bin/python3"", ""/home/arjaiswal/Polygeist/scripts/correctness/kernel_match_rewrite.py"", ""/home/arjaiswal/Polygeist/issues/aten_c_kernels/results/aten_bf16_dot_cpu/debuf.mlir"", ""--dry-run"", ""--matcher-mode"", ""egglog"", ""--telemetry-json"", ""/home/arjaiswal/Polygeist/issues/equality_saturation_eval/campaign_20260908/aten-aten_bf16_dot_cpu-egglog-t68byod5.json"", ""--disable-semantic-fallback""]","== match report for /home/arjaiswal/Polygeist/issues/aten_c_kernels/results/aten_bf16_dot_cpu/debuf.mlir ==
  match          body#[0]  cublasSdot_memref
  total: 1 matched / 1 bodies
",0,[],0,0,0,0,/home/arjaiswal/Polygeist/issues/aten_c_kernels/results/aten_bf16_dot_cpu/debuf.mlir,1871,8,1,1,313.07249888777733,0,69292,25.122299790382385,2,2,0,8,"[{""body_indices"": [0], ""symbol"": ""cublasSdot_memref""}]",1,0,0,0.0,2
aten,aten_bf16_dot_cpu,/home/arjaiswal/Polygeist/issues/aten_c_kernels/results/aten_bf16_dot_cpu/debuf.mlir,eab6721bb987a708bc94be75e07986e7fe08af76b3a1b565f5956713b328a18c,egglog,3,ok,0,779.0981195867062,0,"[""/usr/bin/python3"", ""/home/arjaiswal/Polygeist/scripts/correctness/kernel_match_rewrite.py"", ""/home/arjaiswal/Polygeist/issues/aten_c_kernels/results/aten_bf16_dot_cpu/debuf.mlir"", ""--dry-run"", ""--matcher-mode"", ""egglog"", ""--telemetry-json"", ""/home/arjaiswal/Polygeist/issues/equality_saturation_eval/campaign_20260908/aten-aten_bf16_dot_cpu-egglog-dmmj5llm.json"", ""--disable-semantic-fallback""]","== match report for /home/arjaiswal/Polygeist/issues/aten_c_kernels/results/aten_bf16_dot_cpu/debuf.mlir ==
  match          body#[0]  cublasSdot_memref
  total: 1 matched / 1 bodies
",0,[],0,0,0,0,/home/arjaiswal/Polygeist/issues/aten_c_kernels/results/aten_bf16_dot_cpu/debuf.mlir,1871,8,1,1,303.5191409289837,0,69408,22.757135331630707,2,2,0,8,"[{""body_indices"": [0], ""symbol"": ""cublasSdot_memref""}]",1,0,0,0.0,2
aten,aten_bf16_dot_cpu,/home/arjaiswal/Polygeist/issues/aten_c_kernels/results/aten_bf16_dot_cpu/debuf.mlir,eab6721bb987a708bc94be75e07986e7fe08af76b3a1b565f5956713b328a18c,syntactic,3,ok,0,755.7849511504173,0,"[""/usr/bin/python3"", ""/home/arjaiswal/Polygeist/scripts/correctness/kernel_match_rewrite.py"", ""/home/arjaiswal/Polygeist/issues/aten_c_kernels/results/aten_bf16_dot_cpu/debuf.mlir"", ""--dry-run"", ""--matcher-mode"", ""syntactic"", ""--telemetry-json"", ""/home/arjaiswal/Polygeist/issues/equality_saturation_eval/campaign_20260908/aten-aten_bf16_dot_cpu-syntactic-k01_dus0.json"", ""--disable-semantic-fallback""]","== match report for /home/arjaiswal/Polygeist/issues/aten_c_kernels/results/aten_bf16_dot_cpu/debuf.mlir ==
  match          body#[0]  cublasSdot_memref
  total: 1 matched / 1 bodies
",0,[],0,0,0,0,/home/arjaiswal/Polygeist/issues/aten_c_kernels/results/aten_bf16_dot_cpu/debuf.mlir,1871,0,1,1,277.67447009682655,0,64728,0.02055242657661438,0,2,0,0,"[{""body_indices"": [0], ""symbol"": ""cublasSdot_memref""}]",1,0,2,0.0,2
aten,aten_bf16_dot_cpu,/home/arjaiswal/Polygeist/issues/aten_c_kernels/results/aten_bf16_dot_cpu/debuf.mlir,eab6721bb987a708bc94be75e07986e7fe08af76b3a1b565f5956713b328a18c,syntactic,4,ok,0,842.5810560584068,0,"[""/usr/bin/python3"", ""/home/arjaiswal/Polygeist/scripts/correctness/kernel_match_rewrite.py"", ""/home/arjaiswal/Polygeist/issues/aten_c_kernels/results/aten_bf16_dot_cpu/debuf.mlir"", ""--dry-run"", ""--matcher-mode"", ""syntactic"", ""--telemetry-json"", ""/home/arjaiswal/Polygeist/issues/equality_saturation_eval/campaign_20260908/aten-aten_bf16_dot_cpu-syntactic-o91mrcnc.json"", ""--disable-semantic-fallback""]","== match report for /home/arjaiswal/Polygeist/issues/aten_c_kernels/results/aten_bf16_dot_cpu/debuf.mlir ==
  match          body#[0]  cublasSdot_memref
  total: 1 matched / 1 bodies
",0,[],0,0,0,0,/home/arjaiswal/Polygeist/issues/aten_c_kernels/results/aten_bf16_dot_cpu/debuf.mlir,1871,0,1,1,316.8241120874882,0,64544,0.023324042558670044,0,2,0,0,"[{""body_indices"": [0], ""symbol"": ""cublasSdot_memref""}]",1,0,2,0.0,2
aten,aten_bf16_dot_cpu,/home/arjaiswal/Polygeist/issues/aten_c_kernels/results/aten_bf16_dot_cpu/debuf.mlir,eab6721bb987a708bc94be75e07986e7fe08af76b3a1b565f5956713b328a18c,egglog,4,ok,0,806.3913509249687,0,"[""/usr/bin/python3"", ""/home/arjaiswal/Polygeist/scripts/correctness/kernel_match_rewrite.py"", ""/home/arjaiswal/Polygeist/issues/aten_c_kernels/results/aten_bf16_dot_cpu/debuf.mlir"", ""--dry-run"", ""--matcher-mode"", ""egglog"", ""--telemetry-json"", ""/home/arjaiswal/Polygeist/issues/equality_saturation_eval/campaign_20260908/aten-aten_bf16_dot_cpu-egglog-4k7iwm3a.json"", ""--disable-semantic-fallback""]","== match report for /home/arjaiswal/Polygeist/issues/aten_c_kernels/results/aten_bf16_dot_cpu/debuf.mlir ==
  match          body#[0]  cublasSdot_memref
  total: 1 matched / 1 bodies
",0,[],0,0,0,0,/home/arjaiswal/Polygeist/issues/aten_c_kernels/results/aten_bf16_dot_cpu/debuf.mlir,1871,8,1,1,322.21628725528717,0,69380,23.219432681798935,2,2,0,8,"[{""body_indices"": [0], ""symbol"": ""cublasSdot_memref""}]",1,0,0,0.0,2
aten,aten_bf16_dot_cpu,/home/arjaiswal/Polygeist/issues/aten_c_kernels/results/aten_bf16_dot_cpu/debuf.mlir,eab6721bb987a708bc94be75e07986e7fe08af76b3a1b565f5956713b328a18c,egglog,5,ok,0,789.6850891411304,0,"[""/usr/bin/python3"", ""/home/arjaiswal/Polygeist/scripts/correctness/kernel_match_rewrite.py"", ""/home/arjaiswal/Polygeist/issues/aten_c_kernels/results/aten_bf16_dot_cpu/debuf.mlir"", ""--dry-run"", ""--matcher-mode"", ""egglog"", ""--telemetry-json"", ""/home/arjaiswal/Polygeist/issues/equality_saturation_eval/campaign_20260908/aten-aten_bf16_dot_cpu-egglog-dab3xu3i.json"", ""--disable-semantic-fallback""]","== match report for /home/arjaiswal/Polygeist/issues/aten_c_kernels/results/aten_bf16_dot_cpu/debuf.mlir ==
  match          body#[0]  cublasSdot_memref
  total: 1 matched / 1 bodies
",0,[],0,0,0,0,/home/arjaiswal/Polygeist/issues/aten_c_kernels/results/aten_bf16_dot_cpu/debuf.mlir,1871,8,1,1,320.97040116786957,0,69460,22.500351071357727,2,2,0,8,"[{""body_indices"": [0], ""symbol"": ""cublasSdot_memref""}]",1,0,0,0.0,2
aten,aten_bf16_dot_cpu,/home/arjaiswal/Polygeist/issues/aten_c_kernels/results/aten_bf16_dot_cpu/debuf.mlir,eab6721bb987a708bc94be75e07986e7fe08af76b3a1b565f5956713b328a18c,syntactic,5,ok,0,809.6221834421158,0,"[""/usr/bin/python3"", ""/home/arjaiswal/Polygeist/scripts/correctness/kernel_match_rewrite.py"", ""/home/arjaiswal/Polygeist/issues/aten_c_kernels/results/aten_bf16_dot_cpu/debuf.mlir"", ""--dry-run"", ""--matcher-mode"", ""syntactic"", ""--telemetry-json"", ""/home/arjaiswal/Polygeist/issues/equality_saturation_eval/campaign_20260908/aten-aten_bf16_dot_cpu-syntactic-z6ngufxi.json"", ""--disable-semantic-fallback""]","== match report for /home/arjaiswal/Polygeist/issues/aten_c_kernels/results/aten_bf16_dot_cpu/debuf.mlir ==
  match          body#[0]  cublasSdot_memref
  total: 1 matched / 1 bodies
",0,[],0,0,0,0,/home/arjaiswal/Polygeist/issues/aten_c_kernels/results/aten_bf16_dot_cpu/debuf.mlir,1871,0,1,1,319.492369890213,0,64668,0.020191073417663574,0,2,0,0,"[{""body_indices"": [0], ""symbol"": ""cublasSdot_memref""}]",1,0,2,0.0,2
aten,aten_bf16_gemv_trans_cpu,/home/arjaiswal/Polygeist/issues/aten_c_kernels/results/aten_bf16_gemv_trans_cpu/debuf.mlir,4836d8c1c777e098581893eb1fcba8b44f2530370af4624e5c07daae9f1c40e4,syntactic,1,ok,0,797.0210015773773,0,"[""/usr/bin/python3"", ""/home/arjaiswal/Polygeist/scripts/correctness/kernel_match_rewrite.py"", ""/home/arjaiswal/Polygeist/issues/aten_c_kernels/results/aten_bf16_gemv_trans_cpu/debuf.mlir"", ""--dry-run"", ""--matcher-mode"", ""syntactic"", ""--telemetry-json"", ""/home/arjaiswal/Polygeist/issues/equality_saturation_eval/campaign_20260908/aten-aten_bf16_gemv_trans_cpu-syntactic-xqu2ypbl.json"", ""--disable-semantic-fallback""]","== match report for /home/arjaiswal/Polygeist/issues/aten_c_kernels/results/aten_bf16_gemv_trans_cpu/debuf.mlir ==
  match          body#[0, 1]  cublasSgemvTZero_memref
  total: 1 matched / 1 bodies
",0,[],0,0,0,0,/home/arjaiswal/Polygeist/issues/aten_c_kernels/results/aten_bf16_gemv_trans_cpu/debuf.mlir,2447,0,2,2,295.1797805726528,0,64592,0.02594292163848877,0,4,0,0,"[{""body_indices"": [0, 1], ""symbol"": ""cublasSgemvTZero_memref""}]",1,0,4,0.0,4
aten,aten_bf16_gemv_trans_cpu,/home/arjaiswal/Polygeist/issues/aten_c_kernels/results/aten_bf16_gemv_trans_cpu/debuf.mlir,4836d8c1c777e098581893eb1fcba8b44f2530370af4624e5c07daae9f1c40e4,egglog,1,ok,0,762.8344111144543,0,"[""/usr/bin/python3"", ""/home/arjaiswal/Polygeist/scripts/correctness/kernel_match_rewrite.py"", ""/home/arjaiswal/Polygeist/issues/aten_c_kernels/results/aten_bf16_gemv_trans_cpu/debuf.mlir"", ""--dry-run"", ""--matcher-mode"", ""egglog"", ""--telemetry-json"", ""/home/arjaiswal/Polygeist/issues/equality_saturation_eval/campaign_20260908/aten-aten_bf16_gemv_trans_cpu-egglog-dz54yxf6.json"", ""--disable-semantic-fallback""]","== match report for /home/arjaiswal/Polygeist/issues/aten_c_kernels/results/aten_bf16_gemv_trans_cpu/debuf.mlir ==
  match          body#[0, 1]  cublasSgemvTZero_memref
  total: 1 matched / 1 bodies
",0,[],0,0,0,0,/home/arjaiswal/Polygeist/issues/aten_c_kernels/results/aten_bf16_gemv_trans_cpu/debuf.mlir,2447,8,2,2,330.0454132258892,0,69356,41.52894392609596,4,4,0,8,"[{""body_indices"": [0, 1], ""symbol"": ""cublasSgemvTZero_memref""}]",1,0,0,0.0,4
aten,aten_bf16_gemv_trans_cpu,/home/arjaiswal/Polygeist/issues/aten_c_kernels/results/aten_bf16_gemv_trans_cpu/debuf.mlir,4836d8c1c777e098581893eb1fcba8b44f2530370af4624e5c07daae9f1c40e4,egglog,2,ok,0,787.4420173466206,0,"[""/usr/bin/python3"", ""/home/arjaiswal/Polygeist/scripts/correctness/kernel_match_rewrite.py"", ""/home/arjaiswal/Polygeist/issues/aten_c_kernels/results/aten_bf16_gemv_trans_cpu/debuf.mlir"", ""--dry-run"", ""--matcher-mode"", ""egglog"", ""--telemetry-json"", ""/home/arjaiswal/Polygeist/issues/equality_saturation_eval/campaign_20260908/aten-aten_bf16_gemv_trans_cpu-egglog-a_en7a61.json"", ""--disable-semantic-fallback""]","== match report for /home/arjaiswal/Polygeist/issues/aten_c_kernels/results/aten_bf16_gemv_trans_cpu/debuf.mlir ==
  match          body#[0, 1]  cublasSgemvTZero_memref
  total: 1 matched / 1 bodies
",0,[],0,0,0,0,/home/arjaiswal/Polygeist/issues/aten_c_kernels/results/aten_bf16_gemv_trans_cpu/debuf.mlir,2447,8,2,2,316.18262454867363,0,69292,42.437322437763214,4,4,0,8,"[{""body_indices"": [0, 1], ""symbol"": ""cublasSgemvTZero_memref""}]",1,0,0,0.0,4
aten,aten_bf16_gemv_trans_cpu,/home/arjaiswal/Polygeist/issues/aten_c_kernels/results/aten_bf16_gemv_trans_cpu/debuf.mlir,4836d8c1c777e098581893eb1fcba8b44f2530370af4624e5c07daae9f1c40e4,syntactic,2,ok,0,724.4288884103298,0,"[""/usr/bin/python3"", ""/home/arjaiswal/Polygeist/scripts/correctness/kernel_match_rewrite.py"", ""/home/arjaiswal/Polygeist/issues/aten_c_kernels/results/aten_bf16_gemv_trans_cpu/debuf.mlir"", ""--dry-run"", ""--matcher-mode"", ""syntactic"", ""--telemetry-json"", ""/home/arjaiswal/Polygeist/issues/equality_saturation_eval/campaign_20260908/aten-aten_bf16_gemv_trans_cpu-syntactic-59i8r9ui.json"", ""--disable-semantic-fallback""]","== match report for /home/arjaiswal/Polygeist/issues/aten_c_kernels/results/aten_bf16_gemv_trans_cpu/debuf.mlir ==
  match          body#[0, 1]  cublasSgemvTZero_memref
  total: 1 matched / 1 bodies
",0,[],0,0,0,0,/home/arjaiswal/Polygeist/issues/aten_c_kernels/results/aten_bf16_gemv_trans_cpu/debuf.mlir,2447,0,2,2,288.6553779244423,0,64696,0.02574920654296875,0,4,0,0,"[{""body_indices"": [0, 1], ""symbol"": ""cublasSgemvTZero_memref""}]",1,0,4,0.0,4
aten,aten_bf16_gemv_trans_cpu,/home/arjaiswal/Polygeist/issues/aten_c_kernels/results/aten_bf16_gemv_trans_cpu/debuf.mlir,4836d8c1c777e098581893eb1fcba8b44f2530370af4624e5c07daae9f1c40e4,syntactic,3,ok,0,745.8765730261803,0,"[""/usr/bin/python3"", ""/home/arjaiswal/Polygeist/scripts/correctness/kernel_match_rewrite.py"", ""/home/arjaiswal/Polygeist/issues/aten_c_kernels/results/aten_bf16_gemv_trans_cpu/debuf.mlir"", ""--dry-run"", ""--matcher-mode"", ""syntactic"", ""--telemetry-json"", ""/home/arjaiswal/Polygeist/issues/equality_saturation_eval/campaign_20260908/aten-aten_bf16_gemv_trans_cpu-syntactic-_wkxisjh.json"", ""--disable-semantic-fallback""]","== match report for /home/arjaiswal/Polygeist/issues/aten_c_kernels/results/aten_bf16_gemv_trans_cpu/debuf.mlir ==
  match          body#[0, 1]  cublasSgemvTZero_memref
  total: 1 matched / 1 bodies
",0,[],0,0,0,0,/home/arjaiswal/Polygeist/issues/aten_c_kernels/results/aten_bf16_gemv_trans_cpu/debuf.mlir,2447,0,2,2,269.0649405121803,0,64632,0.03057345747947693,0,4,0,0,"[{""body_indices"": [0, 1], ""symbol"": ""cublasSgemvTZero_memref""}]",1,0,4,0.0,4
aten,aten_bf16_gemv_trans_cpu,/home/arjaiswal/Polygeist/issues/aten_c_kernels/results/aten_bf16_gemv_trans_cpu/debuf.mlir,4836d8c1c777e098581893eb1fcba8b44f2530370af4624e5c07daae9f1c40e4,egglog,3,ok,0,886.8122436106205,0,"[""/usr/bin/python3"", ""/home/arjaiswal/Polygeist/scripts/correctness/kernel_match_rewrite.py"", ""/home/arjaiswal/Polygeist/issues/aten_c_kernels/results/aten_bf16_gemv_trans_cpu/debuf.mlir"", ""--dry-run"", ""--matcher-mode"", ""egglog"", ""--telemetry-json"", ""/home/arjaiswal/Polygeist/issues/equality_saturation_eval/campaign_20260908/aten-aten_bf16_gemv_trans_cpu-egglog-0o73vrlf.json"", ""--disable-semantic-fallback""]","== match report for /home/arjaiswal/Polygeist/issues/aten_c_kernels/results/aten_bf16_gemv_trans_cpu/debuf.mlir ==
  match          body#[0, 1]  cublasSgemvTZero_memref
  total: 1 matched / 1 bodies
",0,[],0,0,0,0,/home/arjaiswal/Polygeist/issues/aten_c_kernels/results/aten_bf16_gemv_trans_cpu/debuf.mlir,2447,8,2,2,324.5655968785286,0,69296,42.058948427438736,4,4,0,8,"[{""body_indices"": [0, 1], ""symbol"": ""cublasSgemvTZero_memref""}]",1,0,0,0.0,4
aten,aten_bf16_gemv_trans_cpu,/home/arjaiswal/Polygeist/issues/aten_c_kernels/results/aten_bf16_gemv_trans_cpu/debuf.mlir,4836d8c1c777e098581893eb1fcba8b44f2530370af4624e5c07daae9f1c40e4,egglog,4,ok,0,793.1320816278458,0,"[""/usr/bin/python3"", ""/home/arjaiswal/Polygeist/scripts/correctness/kernel_match_rewrite.py"", ""/home/arjaiswal/Polygeist/issues/aten_c_kernels/results/aten_bf16_gemv_trans_cpu/debuf.mlir"", ""--dry-run"", ""--matcher-mode"", ""egglog"", ""--telemetry-json"", ""/home/arjaiswal/Polygeist/issues/equality_saturation_eval/campaign_20260908/aten-aten_bf16_gemv_trans_cpu-egglog-tz3xynv0.json"", ""--disable-semantic-fallback""]","== match report for /home/arjaiswal/Polygeist/issues/aten_c_kernels/results/aten_bf16_gemv_trans_cpu/debuf.mlir ==
  match          body#[0, 1]  cublasSgemvTZero_memref
  total: 1 matched / 1 bodies
",0,[],0,0,0,0,/home/arjaiswal/Polygeist/issues/aten_c_kernels/results/aten_bf16_gemv_trans_cpu/debuf.mlir,2447,8,2,2,321.44956290721893,0,69440,43.3322973549366,4,4,0,8,"[{""body_indices"": [0, 1], ""symbol"": ""cublasSgemvTZero_memref""}]",1,0,0,0.0,4
aten,aten_bf16_gemv_trans_cpu,/home/arjaiswal/Polygeist/issues/aten_c_kernels/results/aten_bf16_gemv_trans_cpu/debuf.mlir,4836d8c1c777e098581893eb1fcba8b44f2530370af4624e5c07daae9f1c40e4,syntactic,4,ok,0,754.1098929941654,0,"[""/usr/bin/python3"", ""/home/arjaiswal/Polygeist/scripts/correctness/kernel_match_rewrite.py"", ""/home/arjaiswal/Polygeist/issues/aten_c_kernels/results/aten_bf16_gemv_trans_cpu/debuf.mlir"", ""--dry-run"", ""--matcher-mode"", ""syntactic"", ""--telemetry-json"", ""/home/arjaiswal/Polygeist/issues/equality_saturation_eval/campaign_20260908/aten-aten_bf16_gemv_trans_cpu-syntactic-uzjd6m_u.json"", ""--disable-semantic-fallback""]","== match report for /home/arjaiswal/Polygeist/issues/aten_c_kernels/results/aten_bf16_gemv_trans_cpu/debuf.mlir ==
  match          body#[0, 1]  cublasSgemvTZero_memref
  total: 1 matched / 1 bodies
",0,[],0,0,0,0,/home/arjaiswal/Polygeist/issues/aten_c_kernels/results/aten_bf16_gemv_trans_cpu/debuf.mlir,2447,0,2,2,288.6459678411484,0,64528,0.03194436430931091,0,4,0,0,"[{""body_indices"": [0, 1], ""symbol"": ""cublasSgemvTZero_memref""}]",1,0,4,0.0,4
aten,aten_bf16_gemv_trans_cpu,/home/arjaiswal/Polygeist/issues/aten_c_kernels/results/aten_bf16_gemv_trans_cpu/debuf.mlir,4836d8c1c777e098581893eb1fcba8b44f2530370af4624e5c07daae9f1c40e4,syntactic,5,ok,0,753.0060298740864,0,"[""/usr/bin/python3"", ""/home/arjaiswal/Polygeist/scripts/correctness/kernel_match_rewrite.py"", ""/home/arjaiswal/Polygeist/issues/aten_c_kernels/results/aten_bf16_gemv_trans_cpu/debuf.mlir"", ""--dry-run"", ""--matcher-mode"", ""syntactic"", ""--telemetry-json"", ""/home/arjaiswal/Polygeist/issues/equality_saturation_eval/campaign_20260908/aten-aten_bf16_gemv_trans_cpu-syntactic-jwtoiih0.json"", ""--disable-semantic-fallback""]","== match report for /home/arjaiswal/Polygeist/issues/aten_c_kernels/results/aten_bf16_gemv_trans_cpu/debuf.mlir ==
  match          body#[0, 1]  cublasSgemvTZero_memref
  total: 1 matched / 1 bodies
",0,[],0,0,0,0,/home/arjaiswal/Polygeist/issues/aten_c_kernels/results/aten_bf16_gemv_trans_cpu/debuf.mlir,2447,0,2,2,275.70733800530434,0,64844,0.026363879442214966,0,4,0,0,"[{""body_indices"": [0, 1], ""symbol"": ""cublasSgemvTZero_memref""}]",1,0,4,0.0,4
aten,aten_bf16_gemv_trans_cpu,/home/arjaiswal/Polygeist/issues/aten_c_kernels/results/aten_bf16_gemv_trans_cpu/debuf.mlir,4836d8c1c777e098581893eb1fcba8b44f2530370af4624e5c07daae9f1c40e4,egglog,5,ok,0,800.4201538860798,0,"[""/usr/bin/python3"", ""/home/arjaiswal/Polygeist/scripts/correctness/kernel_match_rewrite.py"", ""/home/arjaiswal/Polygeist/issues/aten_c_kernels/results/aten_bf16_gemv_trans_cpu/debuf.mlir"", ""--dry-run"", ""--matcher-mode"", ""egglog"", ""--telemetry-json"", ""/home/arjaiswal/Polygeist/issues/equality_saturation_eval/campaign_20260908/aten-aten_bf16_gemv_trans_cpu-egglog-0lgmx2rs.json"", ""--disable-semantic-fallback""]","== match report for /home/arjaiswal/Polygeist/issues/aten_c_kernels/results/aten_bf16_gemv_trans_cpu/debuf.mlir ==
  match          body#[0, 1]  cublasSgemvTZero_memref
  total: 1 matched / 1 bodies
",0,[],0,0,0,0,/home/arjaiswal/Polygeist/issues/aten_c_kernels/results/aten_bf16_gemv_trans_cpu/debuf.mlir,2447,8,2,2,329.7318108379841,0,69268,42.2547310590744,4,4,0,8,"[{""body_indices"": [0, 1], ""symbol"": ""cublasSgemvTZero_memref""}]",1,0,0,0.0,4
aten,aten_bilinear_cpu,/home/arjaiswal/Polygeist/issues/aten_c_kernels/results/aten_bilinear_cpu/debuf.mlir,100a639bcf0a7297cab338850beab39908f68bb820e86bbe55d1e7369f33379b,egglog,1,ok,0,891.4794921875,0,"[""/usr/bin/python3"", ""/home/arjaiswal/Polygeist/scripts/correctness/kernel_match_rewrite.py"", ""/home/arjaiswal/Polygeist/issues/aten_c_kernels/results/aten_bilinear_cpu/debuf.mlir"", ""--dry-run"", ""--matcher-mode"", ""egglog"", ""--telemetry-json"", ""/home/arjaiswal/Polygeist/issues/equality_saturation_eval/campaign_20260908/aten-aten_bilinear_cpu-egglog-itqg4tt2.json"", ""--disable-semantic-fallback""]","== match report for /home/arjaiswal/Polygeist/issues/aten_c_kernels/results/aten_bilinear_cpu/debuf.mlir ==
  match          body#[0, 1]  cutensornetNetwork_f32_n3_aten
  total: 1 matched / 1 bodies
",0,[],0,0,0,0,/home/arjaiswal/Polygeist/issues/aten_c_kernels/results/aten_bilinear_cpu/debuf.mlir,3456,8,2,2,444.9525624513626,0,69836,139.56031948328018,14,14,0,40,"[{""body_indices"": [0, 1], ""symbol"": ""cutensornetNetwork_f32_n3_aten""}]",1,0,0,0.0,16
aten,aten_bilinear_cpu,/home/arjaiswal/Polygeist/issues/aten_c_kernels/results/aten_bilinear_cpu/debuf.mlir,100a639bcf0a7297cab338850beab39908f68bb820e86bbe55d1e7369f33379b,syntactic,1,ok,0,773.2927054166794,0,"[""/usr/bin/python3"", ""/home/arjaiswal/Polygeist/scripts/correctness/kernel_match_rewrite.py"", ""/home/arjaiswal/Polygeist/issues/aten_c_kernels/results/aten_bilinear_cpu/debuf.mlir"", ""--dry-run"", ""--matcher-mode"", ""syntactic"", ""--telemetry-json"", ""/home/arjaiswal/Polygeist/issues/equality_saturation_eval/campaign_20260908/aten-aten_bilinear_cpu-syntactic-ld7k4s1y.json"", ""--disable-semantic-fallback""]","== match report for /home/arjaiswal/Polygeist/issues/aten_c_kernels/results/aten_bilinear_cpu/debuf.mlir ==
  match          body#[0, 1]  cutensornetNetwork_f32_n3_aten
  total: 1 matched / 1 bodies
",0,[],0,0,0,0,/home/arjaiswal/Polygeist/issues/aten_c_kernels/results/aten_bilinear_cpu/debuf.mlir,3456,0,2,2,303.02024632692337,0,65596,0.07086247205734253,0,14,0,0,"[{""body_indices"": [0, 1], ""symbol"": ""cutensornetNetwork_f32_n3_aten""}]",1,0,16,0.0,16
aten,aten_bilinear_cpu,/home/arjaiswal/Polygeist/issues/aten_c_kernels/results/aten_bilinear_cpu/debuf.mlir,100a639bcf0a7297cab338850beab39908f68bb820e86bbe55d1e7369f33379b,syntactic,2,ok,0,753.991711884737,0,"[""/usr/bin/python3"", ""/home/arjaiswal/Polygeist/scripts/correctness/kernel_match_rewrite.py"", ""/home/arjaiswal/Polygeist/issues/aten_c_kernels/results/aten_bilinear_cpu/debuf.mlir"", ""--dry-run"", ""--matcher-mode"", ""syntactic"", ""--telemetry-json"", ""/home/arjaiswal/Polygeist/issues/equality_saturation_eval/campaign_20260908/aten-aten_bilinear_cpu-syntactic-yyhhpvku.json"", ""--disable-semantic-fallback""]","== match report for /home/arjaiswal/Polygeist/issues/aten_c_kernels/results/aten_bilinear_cpu/debuf.mlir ==
  match          body#[0, 1]  cutensornetNetwork_f32_n3_aten
  total: 1 matched / 1 bodies
",0,[],0,0,0,0,/home/arjaiswal/Polygeist/issues/aten_c_kernels/results/aten_bilinear_cpu/debuf.mlir,3456,0,2,2,306.25084415078163,0,65700,0.06451830267906189,0,14,0,0,"[{""body_indices"": [0, 1], ""symbol"": ""cutensornetNetwork_f32_n3_aten""}]",1,0,16,0.0,16
aten,aten_bilinear_cpu,/home/arjaiswal/Polygeist/issues/aten_c_kernels/results/aten_bilinear_cpu/debuf.mlir,100a639bcf0a7297cab338850beab39908f68bb820e86bbe55d1e7369f33379b,egglog,2,ok,0,925.5226664245129,0,"[""/usr/bin/python3"", ""/home/arjaiswal/Polygeist/scripts/correctness/kernel_match_rewrite.py"", ""/home/arjaiswal/Polygeist/issues/aten_c_kernels/results/aten_bilinear_cpu/debuf.mlir"", ""--dry-run"", ""--matcher-mode"", ""egglog"", ""--telemetry-json"", ""/home/arjaiswal/Polygeist/issues/equality_saturation_eval/campaign_20260908/aten-aten_bilinear_cpu-egglog-6bc6ivoz.json"", ""--disable-semantic-fallback""]","== match report for /home/arjaiswal/Polygeist/issues/aten_c_kernels/results/aten_bilinear_cpu/debuf.mlir ==
  match          body#[0, 1]  cutensornetNetwork_f32_n3_aten
  total: 1 matched / 1 bodies
",0,[],0,0,0,0,/home/arjaiswal/Polygeist/issues/aten_c_kernels/results/aten_bilinear_cpu/debuf.mlir,3456,8,2,2,464.158296585083,0,69996,146.3727466762066,14,14,0,40,"[{""body_indices"": [0, 1], ""symbol"": ""cutensornetNetwork_f32_n3_aten""}]",1,0,0,0.0,16
aten,aten_bilinear_cpu,/home/arjaiswal/Polygeist/issues/aten_c_kernels/results/aten_bilinear_cpu/debuf.mlir,100a639bcf0a7297cab338850beab39908f68bb820e86bbe55d1e7369f33379b,egglog,3,ok,0,913.0796417593956,0,"[""/usr/bin/python3"", ""/home/arjaiswal/Polygeist/scripts/correctness/kernel_match_rewrite.py"", ""/home/arjaiswal/Polygeist/issues/aten_c_kernels/results/aten_bilinear_cpu/debuf.mlir"", ""--dry-run"", ""--matcher-mode"", ""egglog"", ""--telemetry-json"", ""/home/arjaiswal/Polygeist/issues/equality_saturation_eval/campaign_20260908/aten-aten_bilinear_cpu-egglog-rp5loo9z.json"", ""--disable-semantic-fallback""]","== match report for /home/arjaiswal/Polygeist/issues/aten_c_kernels/results/aten_bilinear_cpu/debuf.mlir ==
  match          body#[0, 1]  cutensornetNetwork_f32_n3_aten
  total: 1 matched / 1 bodies
",0,[],0,0,0,0,/home/arjaiswal/Polygeist/issues/aten_c_kernels/results/aten_bilinear_cpu/debuf.mlir,3456,8,2,2,459.1890275478363,0,69844,144.4774717092514,14,14,0,40,"[{""body_indices"": [0, 1], ""symbol"": ""cutensornetNetwork_f32_n3_aten""}]",1,0,0,0.0,16
aten,aten_bilinear_cpu,/home/arjaiswal/Polygeist/issues/aten_c_kernels/results/aten_bilinear_cpu/debuf.mlir,100a639bcf0a7297cab338850beab39908f68bb820e86bbe55d1e7369f33379b,syntactic,3,ok,0,767.7234187722206,0,"[""/usr/bin/python3"", ""/home/arjaiswal/Polygeist/scripts/correctness/kernel_match_rewrite.py"", ""/home/arjaiswal/Polygeist/issues/aten_c_kernels/results/aten_bilinear_cpu/debuf.mlir"", ""--dry-run"", ""--matcher-mode"", ""syntactic"", ""--telemetry-json"", ""/home/arjaiswal/Polygeist/issues/equality_saturation_eval/campaign_20260908/aten-aten_bilinear_cpu-syntactic-2p6g8p53.json"", ""--disable-semantic-fallback""]","== match report for /home/arjaiswal/Polygeist/issues/aten_c_kernels/results/aten_bilinear_cpu/debuf.mlir ==
  match          body#[0, 1]  cutensornetNetwork_f32_n3_aten
  total: 1 matched / 1 bodies
",0,[],0,0,0,0,/home/arjaiswal/Polygeist/issues/aten_c_kernels/results/aten_bilinear_cpu/debuf.mlir,3456,0,2,2,308.3348423242569,0,65364,0.07330626249313354,0,14,0,0,"[{""body_indices"": [0, 1], ""symbol"": ""cutensornetNetwork_f32_n3_aten""}]",1,0,16,0.0,16
aten,aten_bilinear_cpu,/home/arjaiswal/Polygeist/issues/aten_c_kernels/results/aten_bilinear_cpu/debuf.mlir,100a639bcf0a7297cab338850beab39908f68bb820e86bbe55d1e7369f33379b,syntactic,4,ok,0,828.0497752130032,0,"[""/usr/bin/python3"", ""/home/arjaiswal/Polygeist/scripts/correctness/kernel_match_rewrite.py"", ""/home/arjaiswal/Polygeist/issues/aten_c_kernels/results/aten_bilinear_cpu/debuf.mlir"", ""--dry-run"", ""--matcher-mode"", ""syntactic"", ""--telemetry-json"", ""/home/arjaiswal/Polygeist/issues/equality_saturation_eval/campaign_20260908/aten-aten_bilinear_cpu-syntactic-2bc9hp0o.json"", ""--disable-semantic-fallback""]","== match report for /home/arjaiswal/Polygeist/issues/aten_c_kernels/results/aten_bilinear_cpu/debuf.mlir ==
  match          body#[0, 1]  cutensornetNetwork_f32_n3_aten
  total: 1 matched / 1 bodies
",0,[],0,0,0,0,/home/arjaiswal/Polygeist/issues/aten_c_kernels/results/aten_bilinear_cpu/debuf.mlir,3456,0,2,2,306.2467500567436,0,65720,0.06747990846633911,0,14,0,0,"[{""body_indices"": [0, 1], ""symbol"": ""cutensornetNetwork_f32_n3_aten""}]",1,0,16,0.0,16
aten,aten_bilinear_cpu,/home/arjaiswal/Polygeist/issues/aten_c_kernels/results/aten_bilinear_cpu/debuf.mlir,100a639bcf0a7297cab338850beab39908f68bb820e86bbe55d1e7369f33379b,egglog,4,ok,0,899.9042473733425,0,"[""/usr/bin/python3"", ""/home/arjaiswal/Polygeist/scripts/correctness/kernel_match_rewrite.py"", ""/home/arjaiswal/Polygeist/issues/aten_c_kernels/results/aten_bilinear_cpu/debuf.mlir"", ""--dry-run"", ""--matcher-mode"", ""egglog"", ""--telemetry-json"", ""/home/arjaiswal/Polygeist/issues/equality_saturation_eval/campaign_20260908/aten-aten_bilinear_cpu-egglog-jr_oz1co.json"", ""--disable-semantic-fallback""]","== match report for /home/arjaiswal/Polygeist/issues/aten_c_kernels/results/aten_bilinear_cpu/debuf.mlir ==
  match          body#[0, 1]  cutensornetNetwork_f32_n3_aten
  total: 1 matched / 1 bodies
",0,[],0,0,0,0,/home/arjaiswal/Polygeist/issues/aten_c_kernels/results/aten_bilinear_cpu/debuf.mlir,3456,8,2,2,452.7701176702976,0,69796,143.67526769638062,14,14,0,40,"[{""body_indices"": [0, 1], ""symbol"": ""cutensornetNetwork_f32_n3_aten""}]",1,0,0,0.0,16
aten,aten_bilinear_cpu,/home/arjaiswal/Polygeist/issues/aten_c_kernels/results/aten_bilinear_cpu/debuf.mlir,100a639bcf0a7297cab338850beab39908f68bb820e86bbe55d1e7369f33379b,egglog,5,ok,0,971.8550518155098,0,"[""/usr/bin/python3"", ""/home/arjaiswal/Polygeist/scripts/correctness/kernel_match_rewrite.py"", ""/home/arjaiswal/Polygeist/issues/aten_c_kernels/results/aten_bilinear_cpu/debuf.mlir"", ""--dry-run"", ""--matcher-mode"", ""egglog"", ""--telemetry-json"", ""/home/arjaiswal/Polygeist/issues/equality_saturation_eval/campaign_20260908/aten-aten_bilinear_cpu-egglog-h4t9sg2h.json"", ""--disable-semantic-fallback""]","== match report for /home/arjaiswal/Polygeist/issues/aten_c_kernels/results/aten_bilinear_cpu/debuf.mlir ==
  match          body#[0, 1]  cutensornetNetwork_f32_n3_aten
  total: 1 matched / 1 bodies
",0,[],0,0,0,0,/home/arjaiswal/Polygeist/issues/aten_c_kernels/results/aten_bilinear_cpu/debuf.mlir,3456,8,2,2,505.87619468569756,0,69732,153.6847986280918,14,14,0,40,"[{""body_indices"": [0, 1], ""symbol"": ""cutensornetNetwork_f32_n3_aten""}]",1,0,0,0.0,16
aten,aten_bilinear_cpu,/home/arjaiswal/Polygeist/issues/aten_c_kernels/results/aten_bilinear_cpu/debuf.mlir,100a639bcf0a7297cab338850beab39908f68bb820e86bbe55d1e7369f33379b,syntactic,5,ok,0,766.6717655956745,0,"[""/usr/bin/python3"", ""/home/arjaiswal/Polygeist/scripts/correctness/kernel_match_rewrite.py"", ""/home/arjaiswal/Polygeist/issues/aten_c_kernels/results/aten_bilinear_cpu/debuf.mlir"", ""--dry-run"", ""--matcher-mode"", ""syntactic"", ""--telemetry-json"", ""/home/arjaiswal/Polygeist/issues/equality_saturation_eval/campaign_20260908/aten-aten_bilinear_cpu-syntactic-4t93kfaz.json"", ""--disable-semantic-fallback""]","== match report for /home/arjaiswal/Polygeist/issues/aten_c_kernels/results/aten_bilinear_cpu/debuf.mlir ==
  match          body#[0, 1]  cutensornetNetwork_f32_n3_aten
  total: 1 matched / 1 bodies
",0,[],0,0,0,0,/home/arjaiswal/Polygeist/issues/aten_c_kernels/results/aten_bilinear_cpu/debuf.mlir,3456,0,2,2,324.1047039628029,0,65772,0.06851553916931152,0,14,0,0,"[{""body_indices"": [0, 1], ""symbol"": ""cutensornetNetwork_f32_n3_aten""}]",1,0,16,0.0,16
aten,aten_binary_cross_entropy,/home/arjaiswal/Polygeist/issues/aten_c_kernels/results/aten_binary_cross_entropy/debuf.mlir,7d022c833c329940a91784a37fe29bccbf90ad9568cce3ba93c9eeaea665c17c,syntactic,1,ok,0,765.0670669972897,0,"[""/usr/bin/python3"", ""/home/arjaiswal/Polygeist/scripts/correctness/kernel_match_rewrite.py"", ""/home/arjaiswal/Polygeist/issues/aten_c_kernels/results/aten_binary_cross_entropy/debuf.mlir"", ""--dry-run"", ""--matcher-mode"", ""syntactic"", ""--telemetry-json"", ""/home/arjaiswal/Polygeist/issues/equality_saturation_eval/campaign_20260908/aten-aten_binary_cross_entropy-syntactic-yvbhsxjd.json"", ""--disable-semantic-fallback""]","== match report for /home/arjaiswal/Polygeist/issues/aten_c_kernels/results/aten_binary_cross_entropy/debuf.mlir ==
  match          body#[0]  cudnnBinaryCrossEntropyMean_f32_memref
  total: 1 matched / 1 bodies
",0,[],0,0,0,0,/home/arjaiswal/Polygeist/issues/aten_c_kernels/results/aten_binary_cross_entropy/debuf.mlir,2432,0,1,1,311.3388456404209,0,65756,0.050012022256851196,0,2,0,0,"[{""body_indices"": [0], ""symbol"": ""cudnnBinaryCrossEntropyMean_f32_memref""}]",1,0,2,0.0,2
aten,aten_binary_cross_entropy,/home/arjaiswal/Polygeist/issues/aten_c_kernels/results/aten_binary_cross_entropy/debuf.mlir,7d022c833c329940a91784a37fe29bccbf90ad9568cce3ba93c9eeaea665c17c,egglog,1,ok,0,789.3332652747631,0,"[""/usr/bin/python3"", ""/home/arjaiswal/Polygeist/scripts/correctness/kernel_match_rewrite.py"", ""/home/arjaiswal/Polygeist/issues/aten_c_kernels/results/aten_binary_cross_entropy/debuf.mlir"", ""--dry-run"", ""--matcher-mode"", ""egglog"", ""--telemetry-json"", ""/home/arjaiswal/Polygeist/issues/equality_saturation_eval/campaign_20260908/aten-aten_binary_cross_entropy-egglog-0x35blun.json"", ""--disable-semantic-fallback""]","== match report for /home/arjaiswal/Polygeist/issues/aten_c_kernels/results/aten_binary_cross_entropy/debuf.mlir ==
  match          body#[0]  cudnnBinaryCrossEntropyMean_f32_memref
  total: 1 matched / 1 bodies
",0,[],0,0,0,0,/home/arjaiswal/Polygeist/issues/aten_c_kernels/results/aten_binary_cross_entropy/debuf.mlir,2432,8,1,1,337.34792843461037,0,69928,24.30219203233719,2,2,0,12,"[{""body_indices"": [0], ""symbol"": ""cudnnBinaryCrossEntropyMean_f32_memref""}]",1,0,0,0.0,2
aten,aten_binary_cross_entropy,/home/arjaiswal/Polygeist/issues/aten_c_kernels/results/aten_binary_cross_entropy/debuf.mlir,7d022c833c329940a91784a37fe29bccbf90ad9568cce3ba93c9eeaea665c17c,egglog,2,ok,0,756.4967609941959,0,"[""/usr/bin/python3"", ""/home/arjaiswal/Polygeist/scripts/correctness/kernel_match_rewrite.py"", ""/home/arjaiswal/Polygeist/issues/aten_c_kernels/results/aten_binary_cross_entropy/debuf.mlir"", ""--dry-run"", ""--matcher-mode"", ""egglog"", ""--telemetry-json"", ""/home/arjaiswal/Polygeist/issues/equality_saturation_eval/campaign_20260908/aten-aten_binary_cross_entropy-egglog-7cuoe4ex.json"", ""--disable-semantic-fallback""]","== match report for /home/arjaiswal/Polygeist/issues/aten_c_kernels/results/aten_binary_cross_entropy/debuf.mlir ==
  match          body#[0]  cudnnBinaryCrossEntropyMean_f32_memref
  total: 1 matched / 1 bodies
",0,[],0,0,0,0,/home/arjaiswal/Polygeist/issues/aten_c_kernels/results/aten_binary_cross_entropy/debuf.mlir,2432,8,1,1,308.61663073301315,0,69584,23.594338446855545,2,2,0,12,"[{""body_indices"": [0], ""symbol"": ""cudnnBinaryCrossEntropyMean_f32_memref""}]",1,0,0,0.0,2
aten,aten_binary_cross_entropy,/home/arjaiswal/Polygeist/issues/aten_c_kernels/results/aten_binary_cross_entropy/debuf.mlir,7d022c833c329940a91784a37fe29bccbf90ad9568cce3ba93c9eeaea665c17c,syntactic,2,ok,0,735.8581274747849,0,"[""/usr/bin/python3"", ""/home/arjaiswal/Polygeist/scripts/correctness/kernel_match_rewrite.py"", ""/home/arjaiswal/Polygeist/issues/aten_c_kernels/results/aten_binary_cross_entropy/debuf.mlir"", ""--dry-run"", ""--matcher-mode"", ""syntactic"", ""--telemetry-json"", ""/home/arjaiswal/Polygeist/issues/equality_saturation_eval/campaign_20260908/aten-aten_binary_cross_entropy-syntactic-r9hjz7nq.json"", ""--disable-semantic-fallback""]","== match report for /home/arjaiswal/Polygeist/issues/aten_c_kernels/results/aten_binary_cross_entropy/debuf.mlir ==
  match          body#[0]  cudnnBinaryCrossEntropyMean_f32_memref
  total: 1 matched / 1 bodies
",0,[],0,0,0,0,/home/arjaiswal/Polygeist/issues/aten_c_kernels/results/aten_binary_cross_entropy/debuf.mlir,2432,0,1,1,279.33748066425323,0,65536,0.051159411668777466,0,2,0,0,"[{""body_indices"": [0], ""symbol"": ""cudnnBinaryCrossEntropyMean_f32_memref""}]",1,0,2,0.0,2
aten,aten_binary_cross_entropy,/home/arjaiswal/Polygeist/issues/aten_c_kernels/results/aten_binary_cross_entropy/debuf.mlir,7d022c833c329940a91784a37fe29bccbf90ad9568cce3ba93c9eeaea665c17c,syntactic,3,ok,0,720.5677330493927,0,"[""/usr/bin/python3"", ""/home/arjaiswal/Polygeist/scripts/correctness/kernel_match_rewrite.py"", ""/home/arjaiswal/Polygeist/issues/aten_c_kernels/results/aten_binary_cross_entropy/debuf.mlir"", ""--dry-run"", ""--matcher-mode"", ""syntactic"", ""--telemetry-json"", ""/home/arjaiswal/Polygeist/issues/equality_saturation_eval/campaign_20260908/aten-aten_binary_cross_entropy-syntactic-f635v49s.json"", ""--disable-semantic-fallback""]","== match report for /home/arjaiswal/Polygeist/issues/aten_c_kernels/results/aten_binary_cross_entropy/debuf.mlir ==
  match          body#[0]  cudnnBinaryCrossEntropyMean_f32_memref
  total: 1 matched / 1 bodies
",0,[],0,0,0,0,/home/arjaiswal/Polygeist/issues/aten_c_kernels/results/aten_binary_cross_entropy/debuf.mlir,2432,0,1,1,278.2517410814762,0,65644,0.05282461643218994,0,2,0,0,"[{""body_indices"": [0], ""symbol"": ""cudnnBinaryCrossEntropyMean_f32_memref""}]",1,0,2,0.0,2
aten,aten_binary_cross_entropy,/home/arjaiswal/Polygeist/issues/aten_c_kernels/results/aten_binary_cross_entropy/debuf.mlir,7d022c833c329940a91784a37fe29bccbf90ad9568cce3ba93c9eeaea665c17c,egglog,3,ok,0,758.950263261795,0,"[""/usr/bin/python3"", ""/home/arjaiswal/Polygeist/scripts/correctness/kernel_match_rewrite.py"", ""/home/arjaiswal/Polygeist/issues/aten_c_kernels/results/aten_binary_cross_entropy/debuf.mlir"", ""--dry-run"", ""--matcher-mode"", ""egglog"", ""--telemetry-json"", ""/home/arjaiswal/Polygeist/issues/equality_saturation_eval/campaign_20260908/aten-aten_binary_cross_entropy-egglog-gonys2lr.json"", ""--disable-semantic-fallback""]","== match report for /home/arjaiswal/Polygeist/issues/aten_c_kernels/results/aten_binary_cross_entropy/debuf.mlir ==
  match          body#[0]  cudnnBinaryCrossEntropyMean_f32_memref
  total: 1 matched / 1 bodies
",0,[],0,0,0,0,/home/arjaiswal/Polygeist/issues/aten_c_kernels/results/aten_binary_cross_entropy/debuf.mlir,2432,8,1,1,314.0100836753845,0,69728,23.26429635286331,2,2,0,12,"[{""body_indices"": [0], ""symbol"": ""cudnnBinaryCrossEntropyMean_f32_memref""}]",1,0,0,0.0,2
aten,aten_binary_cross_entropy,/home/arjaiswal/Polygeist/issues/aten_c_kernels/results/aten_binary_cross_entropy/debuf.mlir,7d022c833c329940a91784a37fe29bccbf90ad9568cce3ba93c9eeaea665c17c,egglog,4,ok,0,781.1470553278923,0,"[""/usr/bin/python3"", ""/home/arjaiswal/Polygeist/scripts/correctness/kernel_match_rewrite.py"", ""/home/arjaiswal/Polygeist/issues/aten_c_kernels/results/aten_binary_cross_entropy/debuf.mlir"", ""--dry-run"", ""--matcher-mode"", ""egglog"", ""--telemetry-json"", ""/home/arjaiswal/Polygeist/issues/equality_saturation_eval/campaign_20260908/aten-aten_binary_cross_entropy-egglog-rxs0gbb9.json"", ""--disable-semantic-fallback""]","== match report for /home/arjaiswal/Polygeist/issues/aten_c_kernels/results/aten_binary_cross_entropy/debuf.mlir ==
  match          body#[0]  cudnnBinaryCrossEntropyMean_f32_memref
  total: 1 matched / 1 bodies
",0,[],0,0,0,0,/home/arjaiswal/Polygeist/issues/aten_c_kernels/results/aten_binary_cross_entropy/debuf.mlir,2432,8,1,1,332.7869698405266,0,69968,31.473007053136826,2,2,0,12,"[{""body_indices"": [0], ""symbol"": ""cudnnBinaryCrossEntropyMean_f32_memref""}]",1,0,0,0.0,2
aten,aten_binary_cross_entropy,/home/arjaiswal/Polygeist/issues/aten_c_kernels/results/aten_binary_cross_entropy/debuf.mlir,7d022c833c329940a91784a37fe29bccbf90ad9568cce3ba93c9eeaea665c17c,syntactic,4,ok,0,727.824941277504,0,"[""/usr/bin/python3"", ""/home/arjaiswal/Polygeist/scripts/correctness/kernel_match_rewrite.py"", ""/home/arjaiswal/Polygeist/issues/aten_c_kernels/results/aten_binary_cross_entropy/debuf.mlir"", ""--dry-run"", ""--matcher-mode"", ""syntactic"", ""--telemetry-json"", ""/home/arjaiswal/Polygeist/issues/equality_saturation_eval/campaign_20260908/aten-aten_binary_cross_entropy-syntactic-37eallbw.json"", ""--disable-semantic-fallback""]","== match report for /home/arjaiswal/Polygeist/issues/aten_c_kernels/results/aten_binary_cross_entropy/debuf.mlir ==
  match          body#[0]  cudnnBinaryCrossEntropyMean_f32_memref
  total: 1 matched / 1 bodies
",0,[],0,0,0,0,/home/arjaiswal/Polygeist/issues/aten_c_kernels/results/aten_binary_cross_entropy/debuf.mlir,2432,0,1,1,283.50483998656273,0,65812,0.04950910806655884,0,2,0,0,"[{""body_indices"": [0], ""symbol"": ""cudnnBinaryCrossEntropyMean_f32_memref""}]",1,0,2,0.0,2
aten,aten_binary_cross_entropy,/home/arjaiswal/Polygeist/issues/aten_c_kernels/results/aten_binary_cross_entropy/debuf.mlir,7d022c833c329940a91784a37fe29bccbf90ad9568cce3ba93c9eeaea665c17c,syntactic,5,ok,0,718.4287719428539,0,"[""/usr/bin/python3"", ""/home/arjaiswal/Polygeist/scripts/correctness/kernel_match_rewrite.py"", ""/home/arjaiswal/Polygeist/issues/aten_c_kernels/results/aten_binary_cross_entropy/debuf.mlir"", ""--dry-run"", ""--matcher-mode"", ""syntactic"", ""--telemetry-json"", ""/home/arjaiswal/Polygeist/issues/equality_saturation_eval/campaign_20260908/aten-aten_binary_cross_entropy-syntactic-dbf69vsi.json"", ""--disable-semantic-fallback""]","== match report for /home/arjaiswal/Polygeist/issues/aten_c_kernels/results/aten_binary_cross_entropy/debuf.mlir ==
  match          body#[0]  cudnnBinaryCrossEntropyMean_f32_memref
  total: 1 matched / 1 bodies
",0,[],0,0,0,0,/home/arjaiswal/Polygeist/issues/aten_c_kernels/results/aten_binary_cross_entropy/debuf.mlir,2432,0,1,1,274.41414073109627,0,65520,0.06499513983726501,0,2,0,0,"[{""body_indices"": [0], ""symbol"": ""cudnnBinaryCrossEntropyMean_f32_memref""}]",1,0,2,0.0,2
aten,aten_binary_cross_entropy,/home/arjaiswal/Polygeist/issues/aten_c_kernels/results/aten_binary_cross_entropy/debuf.mlir,7d022c833c329940a91784a37fe29bccbf90ad9568cce3ba93c9eeaea665c17c,egglog,5,ok,0,794.3236269056797,0,"[""/usr/bin/python3"", ""/home/arjaiswal/Polygeist/scripts/correctness/kernel_match_rewrite.py"", ""/home/arjaiswal/Polygeist/issues/aten_c_kernels/results/aten_binary_cross_entropy/debuf.mlir"", ""--dry-run"", ""--matcher-mode"", ""egglog"", ""--telemetry-json"", ""/home/arjaiswal/Polygeist/issues/equality_saturation_eval/campaign_20260908/aten-aten_binary_cross_entropy-egglog-r965ufmk.json"", ""--disable-semantic-fallback""]","== match report for /home/arjaiswal/Polygeist/issues/aten_c_kernels/results/aten_binary_cross_entropy/debuf.mlir ==
  match          body#[0]  cudnnBinaryCrossEntropyMean_f32_memref
  total: 1 matched / 1 bodies
",0,[],0,0,0,0,/home/arjaiswal/Polygeist/issues/aten_c_kernels/results/aten_binary_cross_entropy/debuf.mlir,2432,8,1,1,338.1209634244442,0,69728,24.26688000559807,2,2,0,12,"[{""body_indices"": [0], ""symbol"": ""cudnnBinaryCrossEntropyMean_f32_memref""}]",1,0,0,0.0,2
aten,aten_binary_search_strided_rightmost_cpu,/home/arjaiswal/Polygeist/issues/aten_c_kernels/results/aten_binary_search_strided_rightmost_cpu/debuf.mlir,b145521e33357f9678a1b0230ece317f75f18f6d72b3ad9d2b747aa74e6b9c55,egglog,1,ok,0,710.4734070599079,0,"[""/usr/bin/python3"", ""/home/arjaiswal/Polygeist/scripts/correctness/kernel_match_rewrite.py"", ""/home/arjaiswal/Polygeist/issues/aten_c_kernels/results/aten_binary_search_strided_rightmost_cpu/debuf.mlir"", ""--dry-run"", ""--matcher-mode"", ""egglog"", ""--telemetry-json"", ""/home/arjaiswal/Polygeist/issues/equality_saturation_eval/campaign_20260908/aten-aten_binary_search_strided_rightmost_cpu-egglog-qxbdb5tm.json"", ""--disable-semantic-fallback""]","== match report for /home/arjaiswal/Polygeist/issues/aten_c_kernels/results/aten_binary_search_strided_rightmost_cpu/debuf.mlir ==
  total: 0 matched / 0 bodies
",0,[],0,0,0,0,/home/arjaiswal/Polygeist/issues/aten_c_kernels/results/aten_binary_search_strided_rightmost_cpu/debuf.mlir,2733,8,0,0,254.27109748125076,0,64480,0.0,0,0,0,0,[],0,0,0,0.0,0
aten,aten_binary_search_strided_rightmost_cpu,/home/arjaiswal/Polygeist/issues/aten_c_kernels/results/aten_binary_search_strided_rightmost_cpu/debuf.mlir,b145521e33357f9678a1b0230ece317f75f18f6d72b3ad9d2b747aa74e6b9c55,syntactic,1,ok,0,721.0764810442924,0,"[""/usr/bin/python3"", ""/home/arjaiswal/Polygeist/scripts/correctness/kernel_match_rewrite.py"", ""/home/arjaiswal/Polygeist/issues/aten_c_kernels/results/aten_binary_search_strided_rightmost_cpu/debuf.mlir"", ""--dry-run"", ""--matcher-mode"", ""syntactic"", ""--telemetry-json"", ""/home/arjaiswal/Polygeist/issues/equality_saturation_eval/campaign_20260908/aten-aten_binary_search_strided_rightmost_cpu-syntactic-bei16cum.json"", ""--disable-semantic-fallback""]","== match report for /home/arjaiswal/Polygeist/issues/aten_c_kernels/results/aten_binary_search_strided_rightmost_cpu/debuf.mlir ==
  total: 0 matched / 0 bodies
",0,[],0,0,0,0,/home/arjaiswal/Polygeist/issues/aten_c_kernels/results/aten_binary_search_strided_rightmost_cpu/debuf.mlir,2733,0,0,0,254.55423817038536,0,64900,0.0,0,0,0,0,[],0,0,0,0.0,0
aten,aten_binary_search_strided_rightmost_cpu,/home/arjaiswal/Polygeist/issues/aten_c_kernels/results/aten_binary_search_strided_rightmost_cpu/debuf.mlir,b145521e33357f9678a1b0230ece317f75f18f6d72b3ad9d2b747aa74e6b9c55,syntactic,2,ok,0,720.6879667937756,0,"[""/usr/bin/python3"", ""/home/arjaiswal/Polygeist/scripts/correctness/kernel_match_rewrite.py"", ""/home/arjaiswal/Polygeist/issues/aten_c_kernels/results/aten_binary_search_strided_rightmost_cpu/debuf.mlir"", ""--dry-run"", ""--matcher-mode"", ""syntactic"", ""--telemetry-json"", ""/home/arjaiswal/Polygeist/issues/equality_saturation_eval/campaign_20260908/aten-aten_binary_search_strided_rightmost_cpu-syntactic-ms_pvakf.json"", ""--disable-semantic-fallback""]","== match report for /home/arjaiswal/Polygeist/issues/aten_c_kernels/results/aten_binary_search_strided_rightmost_cpu/debuf.mlir ==
  total: 0 matched / 0 bodies
",0,[],0,0,0,0,/home/arjaiswal/Polygeist/issues/aten_c_kernels/results/aten_binary_search_strided_rightmost_cpu/debuf.mlir,2733,0,0,0,255.48037514090538,0,64992,0.0,0,0,0,0,[],0,0,0,0.0,0
aten,aten_binary_search_strided_rightmost_cpu,/home/arjaiswal/Polygeist/issues/aten_c_kernels/results/aten_binary_search_strided_rightmost_cpu/debuf.mlir,b145521e33357f9678a1b0230ece317f75f18f6d72b3ad9d2b747aa74e6b9c55,egglog,2,ok,0,758.4115788340569,0,"[""/usr/bin/python3"", ""/home/arjaiswal/Polygeist/scripts/correctness/kernel_match_rewrite.py"", ""/home/arjaiswal/Polygeist/issues/aten_c_kernels/results/aten_binary_search_strided_rightmost_cpu/debuf.mlir"", ""--dry-run"", ""--matcher-mode"", ""egglog"", ""--telemetry-json"", ""/home/arjaiswal/Polygeist/issues/equality_saturation_eval/campaign_20260908/aten-aten_binary_search_strided_rightmost_cpu-egglog-pk3_h032.json"", ""--disable-semantic-fallback""]","== match report for /home/arjaiswal/Polygeist/issues/aten_c_kernels/results/aten_binary_search_strided_rightmost_cpu/debuf.mlir ==
  total: 0 matched / 0 bodies
",0,[],0,0,0,0,/home/arjaiswal/Polygeist/issues/aten_c_kernels/results/aten_binary_search_strided_rightmost_cpu/debuf.mlir,2733,8,0,0,259.07835736870766,0,64452,0.0,0,0,0,0,[],0,0,0,0.0,0
aten,aten_binary_search_strided_rightmost_cpu,/home/arjaiswal/Polygeist/issues/aten_c_kernels/results/aten_binary_search_strided_rightmost_cpu/debuf.mlir,b145521e33357f9678a1b0230ece317f75f18f6d72b3ad9d2b747aa74e6b9c55,egglog,3,ok,0,761.3903358578682,0,"[""/usr/bin/python3"", ""/home/arjaiswal/Polygeist/scripts/correctness/kernel_match_rewrite.py"", ""/home/arjaiswal/Polygeist/issues/aten_c_kernels/results/aten_binary_search_strided_rightmost_cpu/debuf.mlir"", ""--dry-run"", ""--matcher-mode"", ""egglog"", ""--telemetry-json"", ""/home/arjaiswal/Polygeist/issues/equality_saturation_eval/campaign_20260908/aten-aten_binary_search_strided_rightmost_cpu-egglog-ljkc2s5j.json"", ""--disable-semantic-fallback""]","== match report for /home/arjaiswal/Polygeist/issues/aten_c_kernels/results/aten_binary_search_strided_rightmost_cpu/debuf.mlir ==
  total: 0 matched / 0 bodies
",0,[],0,0,0,0,/home/arjaiswal/Polygeist/issues/aten_c_kernels/results/aten_binary_search_strided_rightmost_cpu/debuf.mlir,2733,8,0,0,269.3593353033066,0,64516,0.0,0,0,0,0,[],0,0,0,0.0,0
aten,aten_binary_search_strided_rightmost_cpu,/home/arjaiswal/Polygeist/issues/aten_c_kernels/results/aten_binary_search_strided_rightmost_cpu/debuf.mlir,b145521e33357f9678a1b0230ece317f75f18f6d72b3ad9d2b747aa74e6b9c55,syntactic,3,ok,0,728.0092239379883,0,"[""/usr/bin/python3"", ""/home/arjaiswal/Polygeist/scripts/correctness/kernel_match_rewrite.py"", ""/home/arjaiswal/Polygeist/issues/aten_c_kernels/results/aten_binary_search_strided_rightmost_cpu/debuf.mlir"", ""--dry-run"", ""--matcher-mode"", ""syntactic"", ""--telemetry-json"", ""/home/arjaiswal/Polygeist/issues/equality_saturation_eval/campaign_20260908/aten-aten_binary_search_strided_rightmost_cpu-syntactic-odpm7ou8.json"", ""--disable-semantic-fallback""]","== match report for /home/arjaiswal/Polygeist/issues/aten_c_kernels/results/aten_binary_search_strided_rightmost_cpu/debuf.mlir ==
  total: 0 matched / 0 bodies
",0,[],0,0,0,0,/home/arjaiswal/Polygeist/issues/aten_c_kernels/results/aten_binary_search_strided_rightmost_cpu/debuf.mlir,2733,0,0,0,271.4836858212948,0,64644,0.0,0,0,0,0,[],0,0,0,0.0,0
aten,aten_binary_search_strided_rightmost_cpu,/home/arjaiswal/Polygeist/issues/aten_c_kernels/results/aten_binary_search_strided_rightmost_cpu/debuf.mlir,b145521e33357f9678a1b0230ece317f75f18f6d72b3ad9d2b747aa74e6b9c55,syntactic,4,ok,0,690.2420669794083,0,"[""/usr/bin/python3"", ""/home/arjaiswal/Polygeist/scripts/correctness/kernel_match_rewrite.py"", ""/home/arjaiswal/Polygeist/issues/aten_c_kernels/results/aten_binary_search_strided_rightmost_cpu/debuf.mlir"", ""--dry-run"", ""--matcher-mode"", ""syntactic"", ""--telemetry-json"", ""/home/arjaiswal/Polygeist/issues/equality_saturation_eval/campaign_20260908/aten-aten_binary_search_strided_rightmost_cpu-syntactic-3r503j16.json"", ""--disable-semantic-fallback""]","== match report for /home/arjaiswal/Polygeist/issues/aten_c_kernels/results/aten_binary_search_strided_rightmost_cpu/debuf.mlir ==
  total: 0 matched / 0 bodies
",0,[],0,0,0,0,/home/arjaiswal/Polygeist/issues/aten_c_kernels/results/aten_binary_search_strided_rightmost_cpu/debuf.mlir,2733,0,0,0,257.49264657497406,0,64684,0.0,0,0,0,0,[],0,0,0,0.0,0
aten,aten_binary_search_strided_rightmost_cpu,/home/arjaiswal/Polygeist/issues/aten_c_kernels/results/aten_binary_search_strided_rightmost_cpu/debuf.mlir,b145521e33357f9678a1b0230ece317f75f18f6d72b3ad9d2b747aa74e6b9c55,egglog,4,ok,0,712.3051397502422,0,"[""/usr/bin/python3"", ""/home/arjaiswal/Polygeist/scripts/correctness/kernel_match_rewrite.py"", ""/home/arjaiswal/Polygeist/issues/aten_c_kernels/results/aten_binary_search_strided_rightmost_cpu/debuf.mlir"", ""--dry-run"", ""--matcher-mode"", ""egglog"", ""--telemetry-json"", ""/home/arjaiswal/Polygeist/issues/equality_saturation_eval/campaign_20260908/aten-aten_binary_search_strided_rightmost_cpu-egglog-ezho825q.json"", ""--disable-semantic-fallback""]","== match report for /home/arjaiswal/Polygeist/issues/aten_c_kernels/results/aten_binary_search_strided_rightmost_cpu/debuf.mlir ==
  total: 0 matched / 0 bodies
",0,[],0,0,0,0,/home/arjaiswal/Polygeist/issues/aten_c_kernels/results/aten_binary_search_strided_rightmost_cpu/debuf.mlir,2733,8,0,0,254.0113925933838,0,64480,0.0,0,0,0,0,[],0,0,0,0.0,0
aten,aten_binary_search_strided_rightmost_cpu,/home/arjaiswal/Polygeist/issues/aten_c_kernels/results/aten_binary_search_strided_rightmost_cpu/debuf.mlir,b145521e33357f9678a1b0230ece317f75f18f6d72b3ad9d2b747aa74e6b9c55,egglog,5,ok,0,708.0676630139351,0,"[""/usr/bin/python3"", ""/home/arjaiswal/Polygeist/scripts/correctness/kernel_match_rewrite.py"", ""/home/arjaiswal/Polygeist/issues/aten_c_kernels/results/aten_binary_search_strided_rightmost_cpu/debuf.mlir"", ""--dry-run"", ""--matcher-mode"", ""egglog"", ""--telemetry-json"", ""/home/arjaiswal/Polygeist/issues/equality_saturation_eval/campaign_20260908/aten-aten_binary_search_strided_rightmost_cpu-egglog-8z8s43ji.json"", ""--disable-semantic-fallback""]","== match report for /home/arjaiswal/Polygeist/issues/aten_c_kernels/results/aten_binary_search_strided_rightmost_cpu/debuf.mlir ==
  total: 0 matched / 0 bodies
",0,[],0,0,0,0,/home/arjaiswal/Polygeist/issues/aten_c_kernels/results/aten_binary_search_strided_rightmost_cpu/debuf.mlir,2733,8,0,0,253.0837543308735,0,64792,0.0,0,0,0,0,[],0,0,0,0.0,0
aten,aten_binary_search_strided_rightmost_cpu,/home/arjaiswal/Polygeist/issues/aten_c_kernels/results/aten_binary_search_strided_rightmost_cpu/debuf.mlir,b145521e33357f9678a1b0230ece317f75f18f6d72b3ad9d2b747aa74e6b9c55,syntactic,5,ok,0,687.0328821241856,0,"[""/usr/bin/python3"", ""/home/arjaiswal/Polygeist/scripts/correctness/kernel_match_rewrite.py"", ""/home/arjaiswal/Polygeist/issues/aten_c_kernels/results/aten_binary_search_strided_rightmost_cpu/debuf.mlir"", ""--dry-run"", ""--matcher-mode"", ""syntactic"", ""--telemetry-json"", ""/home/arjaiswal/Polygeist/issues/equality_saturation_eval/campaign_20260908/aten-aten_binary_search_strided_rightmost_cpu-syntactic-_mxq_8hw.json"", ""--disable-semantic-fallback""]","== match report for /home/arjaiswal/Polygeist/issues/aten_c_kernels/results/aten_binary_search_strided_rightmost_cpu/debuf.mlir ==
  total: 0 matched / 0 bodies
",0,[],0,0,0,0,/home/arjaiswal/Polygeist/issues/aten_c_kernels/results/aten_binary_search_strided_rightmost_cpu/debuf.mlir,2733,0,0,0,253.5845823585987,0,64772,0.0,0,0,0,0,[],0,0,0,0.0,0
aten,aten_bincount_cpu,/home/arjaiswal/Polygeist/issues/aten_c_kernels/results/aten_bincount_cpu/debuf.mlir,a6344762340960393d945e6c52cdae1420c5ed76302fb0ad7ff270aabf041f75,syntactic,1,ok,0,702.7504965662956,0,"[""/usr/bin/python3"", ""/home/arjaiswal/Polygeist/scripts/correctness/kernel_match_rewrite.py"", ""/home/arjaiswal/Polygeist/issues/aten_c_kernels/results/aten_bincount_cpu/debuf.mlir"", ""--dry-run"", ""--matcher-mode"", ""syntactic"", ""--telemetry-json"", ""/home/arjaiswal/Polygeist/issues/equality_saturation_eval/campaign_20260908/aten-aten_bincount_cpu-syntactic-3_eam3w2.json"", ""--disable-semantic-fallback""]","== match report for /home/arjaiswal/Polygeist/issues/aten_c_kernels/results/aten_bincount_cpu/debuf.mlir ==
  match          body#[0]  memset_zero_1D_f32
  total: 1 matched / 1 bodies
",0,[],0,0,0,0,/home/arjaiswal/Polygeist/issues/aten_c_kernels/results/aten_bincount_cpu/debuf.mlir,2314,0,1,1,267.5047442317009,0,64628,0.01790374517440796,0,2,0,0,"[{""body_indices"": [0], ""symbol"": ""memset_zero_1D_f32""}]",1,0,4,0.0,4
aten,aten_bincount_cpu,/home/arjaiswal/Polygeist/issues/aten_c_kernels/results/aten_bincount_cpu/debuf.mlir,a6344762340960393d945e6c52cdae1420c5ed76302fb0ad7ff270aabf041f75,egglog,1,ok,0,749.4733333587646,0,"[""/usr/bin/python3"", ""/home/arjaiswal/Polygeist/scripts/correctness/kernel_match_rewrite.py"", ""/home/arjaiswal/Polygeist/issues/aten_c_kernels/results/aten_bincount_cpu/debuf.mlir"", ""--dry-run"", ""--matcher-mode"", ""egglog"", ""--telemetry-json"", ""/home/arjaiswal/Polygeist/issues/equality_saturation_eval/campaign_20260908/aten-aten_bincount_cpu-egglog-19rjthdd.json"", ""--disable-semantic-fallback""]","== match report for /home/arjaiswal/Polygeist/issues/aten_c_kernels/results/aten_bincount_cpu/debuf.mlir ==
  match          body#[0]  memset_zero_1D_f32
  total: 1 matched / 1 bodies
",0,[],0,0,0,0,/home/arjaiswal/Polygeist/issues/aten_c_kernels/results/aten_bincount_cpu/debuf.mlir,2314,8,1,1,287.99592703580856,0,69516,21.508701145648956,2,2,0,0,"[{""body_indices"": [0], ""symbol"": ""memset_zero_1D_f32""}]",1,0,0,0.0,4
aten,aten_bincount_cpu,/home/arjaiswal/Polygeist/issues/aten_c_kernels/results/aten_bincount_cpu/debuf.mlir,a6344762340960393d945e6c52cdae1420c5ed76302fb0ad7ff270aabf041f75,egglog,2,ok,0,747.7584034204483,0,"[""/usr/bin/python3"", ""/home/arjaiswal/Polygeist/scripts/correctness/kernel_match_rewrite.py"", ""/home/arjaiswal/Polygeist/issues/aten_c_kernels/results/aten_bincount_cpu/debuf.mlir"", ""--dry-run"", ""--matcher-mode"", ""egglog"", ""--telemetry-json"", ""/home/arjaiswal/Polygeist/issues/equality_saturation_eval/campaign_20260908/aten-aten_bincount_cpu-egglog-09m_evsi.json"", ""--disable-semantic-fallback""]","== match report for /home/arjaiswal/Polygeist/issues/aten_c_kernels/results/aten_bincount_cpu/debuf.mlir ==
  match          body#[0]  memset_zero_1D_f32
  total: 1 matched / 1 bodies
",0,[],0,0,0,0,/home/arjaiswal/Polygeist/issues/aten_c_kernels/results/aten_bincount_cpu/debuf.mlir,2314,8,1,1,288.95052149891853,0,69348,20.830027759075165,2,2,0,0,"[{""body_indices"": [0], ""symbol"": ""memset_zero_1D_f32""}]",1,0,0,0.0,4
aten,aten_bincount_cpu,/home/arjaiswal/Polygeist/issues/aten_c_kernels/results/aten_bincount_cpu/debuf.mlir,a6344762340960393d945e6c52cdae1420c5ed76302fb0ad7ff270aabf041f75,syntactic,2,ok,0,733.7342649698257,0,"[""/usr/bin/python3"", ""/home/arjaiswal/Polygeist/scripts/correctness/kernel_match_rewrite.py"", ""/home/arjaiswal/Polygeist/issues/aten_c_kernels/results/aten_bincount_cpu/debuf.mlir"", ""--dry-run"", ""--matcher-mode"", ""syntactic"", ""--telemetry-json"", ""/home/arjaiswal/Polygeist/issues/equality_saturation_eval/campaign_20260908/aten-aten_bincount_cpu-syntactic-awi8bm56.json"", ""--disable-semantic-fallback""]","== match report for /home/arjaiswal/Polygeist/issues/aten_c_kernels/results/aten_bincount_cpu/debuf.mlir ==
  match          body#[0]  memset_zero_1D_f32
  total: 1 matched / 1 bodies
",0,[],0,0,0,0,/home/arjaiswal/Polygeist/issues/aten_c_kernels/results/aten_bincount_cpu/debuf.mlir,2314,0,1,1,269.1541016101837,0,64500,0.019881874322891235,0,2,0,0,"[{""body_indices"": [0], ""symbol"": ""memset_zero_1D_f32""}]",1,0,4,0.0,4
aten,aten_bincount_cpu,/home/arjaiswal/Polygeist/issues/aten_c_kernels/results/aten_bincount_cpu/debuf.mlir,a6344762340960393d945e6c52cdae1420c5ed76302fb0ad7ff270aabf041f75,syntactic,3,ok,0,753.2138489186764,0,"[""/usr/bin/python3"", ""/home/arjaiswal/Polygeist/scripts/correctness/kernel_match_rewrite.py"", ""/home/arjaiswal/Polygeist/issues/aten_c_kernels/results/aten_bincount_cpu/debuf.mlir"", ""--dry-run"", ""--matcher-mode"", ""syntactic"", ""--telemetry-json"", ""/home/arjaiswal/Polygeist/issues/equality_saturation_eval/campaign_20260908/aten-aten_bincount_cpu-syntactic-qm9ldm_4.json"", ""--disable-semantic-fallback""]","== match report for /home/arjaiswal/Polygeist/issues/aten_c_kernels/results/aten_bincount_cpu/debuf.mlir ==
  match          body#[0]  memset_zero_1D_f32
  total: 1 matched / 1 bodies
",0,[],0,0,0,0,/home/arjaiswal/Polygeist/issues/aten_c_kernels/results/aten_bincount_cpu/debuf.mlir,2314,0,1,1,300.15359073877335,0,64488,0.01811981201171875,0,2,0,0,"[{""body_indices"": [0], ""symbol"": ""memset_zero_1D_f32""}]",1,0,4,0.0,4
aten,aten_bincount_cpu,/home/arjaiswal/Polygeist/issues/aten_c_kernels/results/aten_bincount_cpu/debuf.mlir,a6344762340960393d945e6c52cdae1420c5ed76302fb0ad7ff270aabf041f75,egglog,3,ok,0,782.5429774820805,0,"[""/usr/bin/python3"", ""/home/arjaiswal/Polygeist/scripts/correctness/kernel_match_rewrite.py"", ""/home/arjaiswal/Polygeist/issues/aten_c_kernels/results/aten_bincount_cpu/debuf.mlir"", ""--dry-run"", ""--matcher-mode"", ""egglog"", ""--telemetry-json"", ""/home/arjaiswal/Polygeist/issues/equality_saturation_eval/campaign_20260908/aten-aten_bincount_cpu-egglog-k0am0pir.json"", ""--disable-semantic-fallback""]","== match report for /home/arjaiswal/Polygeist/issues/aten_c_kernels/results/aten_bincount_cpu/debuf.mlir ==
  match          body#[0]  memset_zero_1D_f32
  total: 1 matched / 1 bodies
",0,[],0,0,0,0,/home/arjaiswal/Polygeist/issues/aten_c_kernels/results/aten_bincount_cpu/debuf.mlir,2314,8,1,1,300.2599999308586,0,69612,21.506112068891525,2,2,0,0,"[{""body_indices"": [0], ""symbol"": ""memset_zero_1D_f32""}]",1,0,0,0.0,4
aten,aten_bincount_cpu,/home/arjaiswal/Polygeist/issues/aten_c_kernels/results/aten_bincount_cpu/debuf.mlir,a6344762340960393d945e6c52cdae1420c5ed76302fb0ad7ff270aabf041f75,egglog,4,ok,0,813.9773197472095,0,"[""/usr/bin/python3"", ""/home/arjaiswal/Polygeist/scripts/correctness/kernel_match_rewrite.py"", ""/home/arjaiswal/Polygeist/issues/aten_c_kernels/results/aten_bincount_cpu/debuf.mlir"", ""--dry-run"", ""--matcher-mode"", ""egglog"", ""--telemetry-json"", ""/home/arjaiswal/Polygeist/issues/equality_saturation_eval/campaign_20260908/aten-aten_bincount_cpu-egglog-wn2o1yse.json"", ""--disable-semantic-fallback""]","== match report for /home/arjaiswal/Polygeist/issues/aten_c_kernels/results/aten_bincount_cpu/debuf.mlir ==
  match          body#[0]  memset_zero_1D_f32
  total: 1 matched / 1 bodies
",0,[],0,0,0,0,/home/arjaiswal/Polygeist/issues/aten_c_kernels/results/aten_bincount_cpu/debuf.mlir,2314,8,1,1,356.2929816544056,0,69276,24.898067116737366,2,2,0,0,"[{""body_indices"": [0], ""symbol"": ""memset_zero_1D_f32""}]",1,0,0,0.0,4
aten,aten_bincount_cpu,/home/arjaiswal/Polygeist/issues/aten_c_kernels/results/aten_bincount_cpu/debuf.mlir,a6344762340960393d945e6c52cdae1420c5ed76302fb0ad7ff270aabf041f75,syntactic,4,ok,0,737.873662263155,0,"[""/usr/bin/python3"", ""/home/arjaiswal/Polygeist/scripts/correctness/kernel_match_rewrite.py"", ""/home/arjaiswal/Polygeist/issues/aten_c_kernels/results/aten_bincount_cpu/debuf.mlir"", ""--dry-run"", ""--matcher-mode"", ""syntactic"", ""--telemetry-json"", ""/home/arjaiswal/Polygeist/issues/equality_saturation_eval/campaign_20260908/aten-aten_bincount_cpu-syntactic-pqxfb4y6.json"", ""--disable-semantic-fallback""]","== match report for /home/arjaiswal/Polygeist/issues/aten_c_kernels/results/aten_bincount_cpu/debuf.mlir ==
  match          body#[0]  memset_zero_1D_f32
  total: 1 matched / 1 bodies
",0,[],0,0,0,0,/home/arjaiswal/Polygeist/issues/aten_c_kernels/results/aten_bincount_cpu/debuf.mlir,2314,0,1,1,276.9121378660202,0,64620,0.02030283212661743,0,2,0,0,"[{""body_indices"": [0], ""symbol"": ""memset_zero_1D_f32""}]",1,0,4,0.0,4
aten,aten_bincount_cpu,/home/arjaiswal/Polygeist/issues/aten_c_kernels/results/aten_bincount_cpu/debuf.mlir,a6344762340960393d945e6c52cdae1420c5ed76302fb0ad7ff270aabf041f75,syntactic,5,ok,0,728.525385260582,0,"[""/usr/bin/python3"", ""/home/arjaiswal/Polygeist/scripts/correctness/kernel_match_rewrite.py"", ""/home/arjaiswal/Polygeist/issues/aten_c_kernels/results/aten_bincount_cpu/debuf.mlir"", ""--dry-run"", ""--matcher-mode"", ""syntactic"", ""--telemetry-json"", ""/home/arjaiswal/Polygeist/issues/equality_saturation_eval/campaign_20260908/aten-aten_bincount_cpu-syntactic-_t2rpsff.json"", ""--disable-semantic-fallback""]","== match report for /home/arjaiswal/Polygeist/issues/aten_c_kernels/results/aten_bincount_cpu/debuf.mlir ==
  match          body#[0]  memset_zero_1D_f32
  total: 1 matched / 1 bodies
",0,[],0,0,0,0,/home/arjaiswal/Polygeist/issues/aten_c_kernels/results/aten_bincount_cpu/debuf.mlir,2314,0,1,1,268.6512619256973,0,64844,0.021688640117645264,0,2,0,0,"[{""body_indices"": [0], ""symbol"": ""memset_zero_1D_f32""}]",1,0,4,0.0,4
aten,aten_bincount_cpu,/home/arjaiswal/Polygeist/issues/aten_c_kernels/results/aten_bincount_cpu/debuf.mlir,a6344762340960393d945e6c52cdae1420c5ed76302fb0ad7ff270aabf041f75,egglog,5,ok,0,740.6189255416393,0,"[""/usr/bin/python3"", ""/home/arjaiswal/Polygeist/scripts/correctness/kernel_match_rewrite.py"", ""/home/arjaiswal/Polygeist/issues/aten_c_kernels/results/aten_bincount_cpu/debuf.mlir"", ""--dry-run"", ""--matcher-mode"", ""egglog"", ""--telemetry-json"", ""/home/arjaiswal/Polygeist/issues/equality_saturation_eval/campaign_20260908/aten-aten_bincount_cpu-egglog-v9ncdxkt.json"", ""--disable-semantic-fallback""]","== match report for /home/arjaiswal/Polygeist/issues/aten_c_kernels/results/aten_bincount_cpu/debuf.mlir ==
  match          body#[0]  memset_zero_1D_f32
  total: 1 matched / 1 bodies
",0,[],0,0,0,0,/home/arjaiswal/Polygeist/issues/aten_c_kernels/results/aten_bincount_cpu/debuf.mlir,2314,8,1,1,298.74901473522186,0,69352,21.252576261758804,2,2,0,0,"[{""body_indices"": [0], ""symbol"": ""memset_zero_1D_f32""}]",1,0,0,0.0,4
aten,aten_binomial_transform_cpu,/home/arjaiswal/Polygeist/issues/aten_c_kernels/results/aten_binomial_transform_cpu/debuf.mlir,f1c45b218a81749363e64800810aa0056a05565f1ee13868076f009a67994e72,egglog,1,ok,0,708.6822390556335,0,"[""/usr/bin/python3"", ""/home/arjaiswal/Polygeist/scripts/correctness/kernel_match_rewrite.py"", ""/home/arjaiswal/Polygeist/issues/aten_c_kernels/results/aten_binomial_transform_cpu/debuf.mlir"", ""--dry-run"", ""--matcher-mode"", ""egglog"", ""--telemetry-json"", ""/home/arjaiswal/Polygeist/issues/equality_saturation_eval/campaign_20260908/aten-aten_binomial_transform_cpu-egglog-d1ie5rnx.json"", ""--disable-semantic-fallback""]","== match report for /home/arjaiswal/Polygeist/issues/aten_c_kernels/results/aten_binomial_transform_cpu/debuf.mlir ==
  total: 0 matched / 0 bodies
",0,[],0,0,0,0,/home/arjaiswal/Polygeist/issues/aten_c_kernels/results/aten_binomial_transform_cpu/debuf.mlir,2996,8,0,0,252.09840759634972,0,64816,0.0,0,0,0,0,[],0,0,0,0.0,0
aten,aten_binomial_transform_cpu,/home/arjaiswal/Polygeist/issues/aten_c_kernels/results/aten_binomial_transform_cpu/debuf.mlir,f1c45b218a81749363e64800810aa0056a05565f1ee13868076f009a67994e72,syntactic,1,ok,0,709.9048979580402,0,"[""/usr/bin/python3"", ""/home/arjaiswal/Polygeist/scripts/correctness/kernel_match_rewrite.py"", ""/home/arjaiswal/Polygeist/issues/aten_c_kernels/results/aten_binomial_transform_cpu/debuf.mlir"", ""--dry-run"", ""--matcher-mode"", ""syntactic"", ""--telemetry-json"", ""/home/arjaiswal/Polygeist/issues/equality_saturation_eval/campaign_20260908/aten-aten_binomial_transform_cpu-syntactic-691ddy9q.json"", ""--disable-semantic-fallback""]","== match report for /home/arjaiswal/Polygeist/issues/aten_c_kernels/results/aten_binomial_transform_cpu/debuf.mlir ==
  total: 0 matched / 0 bodies
",0,[],0,0,0,0,/home/arjaiswal/Polygeist/issues/aten_c_kernels/results/aten_binomial_transform_cpu/debuf.mlir,2996,0,0,0,268.4891074895859,0,64572,0.0,0,0,0,0,[],0,0,0,0.0,0
aten,aten_binomial_transform_cpu,/home/arjaiswal/Polygeist/issues/aten_c_kernels/results/aten_binomial_transform_cpu/debuf.mlir,f1c45b218a81749363e64800810aa0056a05565f1ee13868076f009a67994e72,syntactic,2,ok,0,742.8632713854313,0,"[""/usr/bin/python3"", ""/home/arjaiswal/Polygeist/scripts/correctness/kernel_match_rewrite.py"", ""/home/arjaiswal/Polygeist/issues/aten_c_kernels/results/aten_binomial_transform_cpu/debuf.mlir"", ""--dry-run"", ""--matcher-mode"", ""syntactic"", ""--telemetry-json"", ""/home/arjaiswal/Polygeist/issues/equality_saturation_eval/campaign_20260908/aten-aten_binomial_transform_cpu-syntactic-taoum63r.json"", ""--disable-semantic-fallback""]","== match report for /home/arjaiswal/Polygeist/issues/aten_c_kernels/results/aten_binomial_transform_cpu/debuf.mlir ==
  total: 0 matched / 0 bodies
",0,[],0,0,0,0,/home/arjaiswal/Polygeist/issues/aten_c_kernels/results/aten_binomial_transform_cpu/debuf.mlir,2996,0,0,0,270.9759287536144,0,64624,0.0,0,0,0,0,[],0,0,0,0.0,0
aten,aten_binomial_transform_cpu,/home/arjaiswal/Polygeist/issues/aten_c_kernels/results/aten_binomial_transform_cpu/debuf.mlir,f1c45b218a81749363e64800810aa0056a05565f1ee13868076f009a67994e72,egglog,2,ok,0,682.2895668447018,0,"[""/usr/bin/python3"", ""/home/arjaiswal/Polygeist/scripts/correctness/kernel_match_rewrite.py"", ""/home/arjaiswal/Polygeist/issues/aten_c_kernels/results/aten_binomial_transform_cpu/debuf.mlir"", ""--dry-run"", ""--matcher-mode"", ""egglog"", ""--telemetry-json"", ""/home/arjaiswal/Polygeist/issues/equality_saturation_eval/campaign_20260908/aten-aten_binomial_transform_cpu-egglog-hklxkyaj.json"", ""--disable-semantic-fallback""]","== match report for /home/arjaiswal/Polygeist/issues/aten_c_kernels/results/aten_binomial_transform_cpu/debuf.mlir ==
  total: 0 matched / 0 bodies
",0,[],0,0,0,0,/home/arjaiswal/Polygeist/issues/aten_c_kernels/results/aten_binomial_transform_cpu/debuf.mlir,2996,8,0,0,253.4221038222313,0,64852,0.0,0,0,0,0,[],0,0,0,0.0,0
aten,aten_binomial_transform_cpu,/home/arjaiswal/Polygeist/issues/aten_c_kernels/results/aten_binomial_transform_cpu/debuf.mlir,f1c45b218a81749363e64800810aa0056a05565f1ee13868076f009a67994e72,egglog,3,ok,0,733.752928674221,0,"[""/usr/bin/python3"", ""/home/arjaiswal/Polygeist/scripts/correctness/kernel_match_rewrite.py"", ""/home/arjaiswal/Polygeist/issues/aten_c_kernels/results/aten_binomial_transform_cpu/debuf.mlir"", ""--dry-run"", ""--matcher-mode"", ""egglog"", ""--telemetry-json"", ""/home/arjaiswal/Polygeist/issues/equality_saturation_eval/campaign_20260908/aten-aten_binomial_transform_cpu-egglog-50fgbzsm.json"", ""--disable-semantic-fallback""]","== match report for /home/arjaiswal/Polygeist/issues/aten_c_kernels/results/aten_binomial_transform_cpu/debuf.mlir ==
  total: 0 matched / 0 bodies
",0,[],0,0,0,0,/home/arjaiswal/Polygeist/issues/aten_c_kernels/results/aten_binomial_transform_cpu/debuf.mlir,2996,8,0,0,299.43041130900383,0,64800,0.0,0,0,0,0,[],0,0,0,0.0,0
aten,aten_binomial_transform_cpu,/home/arjaiswal/Polygeist/issues/aten_c_kernels/results/aten_binomial_transform_cpu/debuf.mlir,f1c45b218a81749363e64800810aa0056a05565f1ee13868076f009a67994e72,syntactic,3,ok,0,700.082391500473,0,"[""/usr/bin/python3"", ""/home/arjaiswal/Polygeist/scripts/correctness/kernel_match_rewrite.py"", ""/home/arjaiswal/Polygeist/issues/aten_c_kernels/results/aten_binomial_transform_cpu/debuf.mlir"", ""--dry-run"", ""--matcher-mode"", ""syntactic"", ""--telemetry-json"", ""/home/arjaiswal/Polygeist/issues/equality_saturation_eval/campaign_20260908/aten-aten_binomial_transform_cpu-syntactic-6zqo7qm5.json"", ""--disable-semantic-fallback""]","== match report for /home/arjaiswal/Polygeist/issues/aten_c_kernels/results/aten_binomial_transform_cpu/debuf.mlir ==
  total: 0 matched / 0 bodies
",0,[],0,0,0,0,/home/arjaiswal/Polygeist/issues/aten_c_kernels/results/aten_binomial_transform_cpu/debuf.mlir,2996,0,0,0,259.0465545654297,0,64416,0.0,0,0,0,0,[],0,0,0,0.0,0
aten,aten_binomial_transform_cpu,/home/arjaiswal/Polygeist/issues/aten_c_kernels/results/aten_binomial_transform_cpu/debuf.mlir,f1c45b218a81749363e64800810aa0056a05565f1ee13868076f009a67994e72,syntactic,4,ok,0,687.6532025635242,0,"[""/usr/bin/python3"", ""/home/arjaiswal/Polygeist/scripts/correctness/kernel_match_rewrite.py"", ""/home/arjaiswal/Polygeist/issues/aten_c_kernels/results/aten_binomial_transform_cpu/debuf.mlir"", ""--dry-run"", ""--matcher-mode"", ""syntactic"", ""--telemetry-json"", ""/home/arjaiswal/Polygeist/issues/equality_saturation_eval/campaign_20260908/aten-aten_binomial_transform_cpu-syntactic-wlxws02_.json"", ""--disable-semantic-fallback""]","== match report for /home/arjaiswal/Polygeist/issues/aten_c_kernels/results/aten_binomial_transform_cpu/debuf.mlir ==
  total: 0 matched / 0 bodies
",0,[],0,0,0,0,/home/arjaiswal/Polygeist/issues/aten_c_kernels/results/aten_binomial_transform_cpu/debuf.mlir,2996,0,0,0,249.21752512454987,0,64616,0.0,0,0,0,0,[],0,0,0,0.0,0
aten,aten_binomial_transform_cpu,/home/arjaiswal/Polygeist/issues/aten_c_kernels/results/aten_binomial_transform_cpu/debuf.mlir,f1c45b218a81749363e64800810aa0056a05565f1ee13868076f009a67994e72,egglog,4,ok,0,679.3884560465813,0,"[""/usr/bin/python3"", ""/home/arjaiswal/Polygeist/scripts/correctness/kernel_match_rewrite.py"", ""/home/arjaiswal/Polygeist/issues/aten_c_kernels/results/aten_binomial_transform_cpu/debuf.mlir"", ""--dry-run"", ""--matcher-mode"", ""egglog"", ""--telemetry-json"", ""/home/arjaiswal/Polygeist/issues/equality_saturation_eval/campaign_20260908/aten-aten_binomial_transform_cpu-egglog-9pws39ic.json"", ""--disable-semantic-fallback""]","== match report for /home/arjaiswal/Polygeist/issues/aten_c_kernels/results/aten_binomial_transform_cpu/debuf.mlir ==
  total: 0 matched / 0 bodies
",0,[],0,0,0,0,/home/arjaiswal/Polygeist/issues/aten_c_kernels/results/aten_binomial_transform_cpu/debuf.mlir,2996,8,0,0,248.34752827882767,0,64552,0.0,0,0,0,0,[],0,0,0,0.0,0
aten,aten_binomial_transform_cpu,/home/arjaiswal/Polygeist/issues/aten_c_kernels/results/aten_binomial_transform_cpu/debuf.mlir,f1c45b218a81749363e64800810aa0056a05565f1ee13868076f009a67994e72,egglog,5,ok,0,673.3098328113556,0,"[""/usr/bin/python3"", ""/home/arjaiswal/Polygeist/scripts/correctness/kernel_match_rewrite.py"", ""/home/arjaiswal/Polygeist/issues/aten_c_kernels/results/aten_binomial_transform_cpu/debuf.mlir"", ""--dry-run"", ""--matcher-mode"", ""egglog"", ""--telemetry-json"", ""/home/arjaiswal/Polygeist/issues/equality_saturation_eval/campaign_20260908/aten-aten_binomial_transform_cpu-egglog-l6tqoe80.json"", ""--disable-semantic-fallback""]","== match report for /home/arjaiswal/Polygeist/issues/aten_c_kernels/results/aten_binomial_transform_cpu/debuf.mlir ==
  total: 0 matched / 0 bodies
",0,[],0,0,0,0,/home/arjaiswal/Polygeist/issues/aten_c_kernels/results/aten_binomial_transform_cpu/debuf.mlir,2996,8,0,0,253.18679586052895,0,64772,0.0,0,0,0,0,[],0,0,0,0.0,0
aten,aten_binomial_transform_cpu,/home/arjaiswal/Polygeist/issues/aten_c_kernels/results/aten_binomial_transform_cpu/debuf.mlir,f1c45b218a81749363e64800810aa0056a05565f1ee13868076f009a67994e72,syntactic,5,ok,0,711.522288620472,0,"[""/usr/bin/python3"", ""/home/arjaiswal/Polygeist/scripts/correctness/kernel_match_rewrite.py"", ""/home/arjaiswal/Polygeist/issues/aten_c_kernels/results/aten_binomial_transform_cpu/debuf.mlir"", ""--dry-run"", ""--matcher-mode"", ""syntactic"", ""--telemetry-json"", ""/home/arjaiswal/Polygeist/issues/equality_saturation_eval/campaign_20260908/aten-aten_binomial_transform_cpu-syntactic-1pmnw7at.json"", ""--disable-semantic-fallback""]","== match report for /home/arjaiswal/Polygeist/issues/aten_c_kernels/results/aten_binomial_transform_cpu/debuf.mlir ==
  total: 0 matched / 0 bodies
",0,[],0,0,0,0,/home/arjaiswal/Polygeist/issues/aten_c_kernels/results/aten_binomial_transform_cpu/debuf.mlir,2996,0,0,0,265.1292346417904,0,64884,0.0,0,0,0,0,[],0,0,0,0.0,0
aten,aten_bitwise_and_i32,/home/arjaiswal/Polygeist/issues/aten_c_kernels/results/aten_bitwise_and_i32/debuf.mlir,01a7baa46b21748817dffac627134cfff86cd6d8a3eb0cfbd42b7b816a56629b,syntactic,1,ok,0,852.3775562644005,0,"[""/usr/bin/python3"", ""/home/arjaiswal/Polygeist/scripts/correctness/kernel_match_rewrite.py"", ""/home/arjaiswal/Polygeist/issues/aten_c_kernels/results/aten_bitwise_and_i32/debuf.mlir"", ""--dry-run"", ""--matcher-mode"", ""syntactic"", ""--telemetry-json"", ""/home/arjaiswal/Polygeist/issues/equality_saturation_eval/campaign_20260908/aten-aten_bitwise_and_i32-syntactic-05rrieo2.json"", ""--disable-semantic-fallback""]","== match report for /home/arjaiswal/Polygeist/issues/aten_c_kernels/results/aten_bitwise_and_i32/debuf.mlir ==
  no_match       body#0  ?
  total: 0 matched / 1 bodies
",0,[],0,0,0,0,/home/arjaiswal/Polygeist/issues/aten_c_kernels/results/aten_bitwise_and_i32/debuf.mlir,1895,0,1,0,336.9206562638283,1,65696,0.02549588680267334,0,0,0,0,[],0,0,6,0.0,6
aten,aten_bitwise_and_i32,/home/arjaiswal/Polygeist/issues/aten_c_kernels/results/aten_bitwise_and_i32/debuf.mlir,01a7baa46b21748817dffac627134cfff86cd6d8a3eb0cfbd42b7b816a56629b,egglog,1,ok,0,739.2589561641216,0,"[""/usr/bin/python3"", ""/home/arjaiswal/Polygeist/scripts/correctness/kernel_match_rewrite.py"", ""/home/arjaiswal/Polygeist/issues/aten_c_kernels/results/aten_bitwise_and_i32/debuf.mlir"", ""--dry-run"", ""--matcher-mode"", ""egglog"", ""--telemetry-json"", ""/home/arjaiswal/Polygeist/issues/equality_saturation_eval/campaign_20260908/aten-aten_bitwise_and_i32-egglog-rp37937e.json"", ""--disable-semantic-fallback""]","== match report for /home/arjaiswal/Polygeist/issues/aten_c_kernels/results/aten_bitwise_and_i32/debuf.mlir ==
  no_match       body#0  ?
  total: 0 matched / 1 bodies
",0,[],0,0,0,0,/home/arjaiswal/Polygeist/issues/aten_c_kernels/results/aten_bitwise_and_i32/debuf.mlir,1895,8,1,0,301.8912859261036,1,65612,0.0,0,0,0,0,[],0,0,0,0.0,6
aten,aten_bitwise_and_i32,/home/arjaiswal/Polygeist/issues/aten_c_kernels/results/aten_bitwise_and_i32/debuf.mlir,01a7baa46b21748817dffac627134cfff86cd6d8a3eb0cfbd42b7b816a56629b,egglog,2,ok,0,731.7237667739391,0,"[""/usr/bin/python3"", ""/home/arjaiswal/Polygeist/scripts/correctness/kernel_match_rewrite.py"", ""/home/arjaiswal/Polygeist/issues/aten_c_kernels/results/aten_bitwise_and_i32/debuf.mlir"", ""--dry-run"", ""--matcher-mode"", ""egglog"", ""--telemetry-json"", ""/home/arjaiswal/Polygeist/issues/equality_saturation_eval/campaign_20260908/aten-aten_bitwise_and_i32-egglog-hhepzrsu.json"", ""--disable-semantic-fallback""]","== match report for /home/arjaiswal/Polygeist/issues/aten_c_kernels/results/aten_bitwise_and_i32/debuf.mlir ==
  no_match       body#0  ?
  total: 0 matched / 1 bodies
",0,[],0,0,0,0,/home/arjaiswal/Polygeist/issues/aten_c_kernels/results/aten_bitwise_and_i32/debuf.mlir,1895,8,1,0,288.3455753326416,1,65760,0.0,0,0,0,0,[],0,0,0,0.0,6
aten,aten_bitwise_and_i32,/home/arjaiswal/Polygeist/issues/aten_c_kernels/results/aten_bitwise_and_i32/debuf.mlir,01a7baa46b21748817dffac627134cfff86cd6d8a3eb0cfbd42b7b816a56629b,syntactic,2,ok,0,722.720805555582,0,"[""/usr/bin/python3"", ""/home/arjaiswal/Polygeist/scripts/correctness/kernel_match_rewrite.py"", ""/home/arjaiswal/Polygeist/issues/aten_c_kernels/results/aten_bitwise_and_i32/debuf.mlir"", ""--dry-run"", ""--matcher-mode"", ""syntactic"", ""--telemetry-json"", ""/home/arjaiswal/Polygeist/issues/equality_saturation_eval/campaign_20260908/aten-aten_bitwise_and_i32-syntactic-7q4n4ec3.json"", ""--disable-semantic-fallback""]","== match report for /home/arjaiswal/Polygeist/issues/aten_c_kernels/results/aten_bitwise_and_i32/debuf.mlir ==
  no_match       body#0  ?
  total: 0 matched / 1 bodies
",0,[],0,0,0,0,/home/arjaiswal/Polygeist/issues/aten_c_kernels/results/aten_bitwise_and_i32/debuf.mlir,1895,0,1,0,280.6559279561043,1,65628,0.015057623386383057,0,0,0,0,[],0,0,6,0.0,6
aten,aten_bitwise_and_i32,/home/arjaiswal/Polygeist/issues/aten_c_kernels/results/aten_bitwise_and_i32/debuf.mlir,01a7baa46b21748817dffac627134cfff86cd6d8a3eb0cfbd42b7b816a56629b,syntactic,3,ok,0,811.0249862074852,0,"[""/usr/bin/python3"", ""/home/arjaiswal/Polygeist/scripts/correctness/kernel_match_rewrite.py"", ""/home/arjaiswal/Polygeist/issues/aten_c_kernels/results/aten_bitwise_and_i32/debuf.mlir"", ""--dry-run"", ""--matcher-mode"", ""syntactic"", ""--telemetry-json"", ""/home/arjaiswal/Polygeist/issues/equality_saturation_eval/campaign_20260908/aten-aten_bitwise_and_i32-syntactic-3u9e6z1e.json"", ""--disable-semantic-fallback""]","== match report for /home/arjaiswal/Polygeist/issues/aten_c_kernels/results/aten_bitwise_and_i32/debuf.mlir ==
  no_match       body#0  ?
  total: 0 matched / 1 bodies
",0,[],0,0,0,0,/home/arjaiswal/Polygeist/issues/aten_c_kernels/results/aten_bitwise_and_i32/debuf.mlir,1895,0,1,0,329.3532095849514,1,65716,0.017415732145309448,0,0,0,0,[],0,0,6,0.0,6
aten,aten_bitwise_and_i32,/home/arjaiswal/Polygeist/issues/aten_c_kernels/results/aten_bitwise_and_i32/debuf.mlir,01a7baa46b21748817dffac627134cfff86cd6d8a3eb0cfbd42b7b816a56629b,egglog,3,ok,0,768.6379998922348,0,"[""/usr/bin/python3"", ""/home/arjaiswal/Polygeist/scripts/correctness/kernel_match_rewrite.py"", ""/home/arjaiswal/Polygeist/issues/aten_c_kernels/results/aten_bitwise_and_i32/debuf.mlir"", ""--dry-run"", ""--matcher-mode"", ""egglog"", ""--telemetry-json"", ""/home/arjaiswal/Polygeist/issues/equality_saturation_eval/campaign_20260908/aten-aten_bitwise_and_i32-egglog-umhzq8fr.json"", ""--disable-semantic-fallback""]","== match report for /home/arjaiswal/Polygeist/issues/aten_c_kernels/results/aten_bitwise_and_i32/debuf.mlir ==
  no_match       body#0  ?
  total: 0 matched / 1 bodies
",0,[],0,0,0,0,/home/arjaiswal/Polygeist/issues/aten_c_kernels/results/aten_bitwise_and_i32/debuf.mlir,1895,8,1,0,297.88969829678535,1,65680,0.0,0,0,0,0,[],0,0,0,0.0,6
aten,aten_bitwise_and_i32,/home/arjaiswal/Polygeist/issues/aten_c_kernels/results/aten_bitwise_and_i32/debuf.mlir,01a7baa46b21748817dffac627134cfff86cd6d8a3eb0cfbd42b7b816a56629b,egglog,4,ok,0,791.8636947870255,0,"[""/usr/bin/python3"", ""/home/arjaiswal/Polygeist/scripts/correctness/kernel_match_rewrite.py"", ""/home/arjaiswal/Polygeist/issues/aten_c_kernels/results/aten_bitwise_and_i32/debuf.mlir"", ""--dry-run"", ""--matcher-mode"", ""egglog"", ""--telemetry-json"", ""/home/arjaiswal/Polygeist/issues/equality_saturation_eval/campaign_20260908/aten-aten_bitwise_and_i32-egglog-aok5az0n.json"", ""--disable-semantic-fallback""]","== match report for /home/arjaiswal/Polygeist/issues/aten_c_kernels/results/aten_bitwise_and_i32/debuf.mlir ==
  no_match       body#0  ?
  total: 0 matched / 1 bodies
",0,[],0,0,0,0,/home/arjaiswal/Polygeist/issues/aten_c_kernels/results/aten_bitwise_and_i32/debuf.mlir,1895,8,1,0,323.32906872034073,1,65480,0.0,0,0,0,0,[],0,0,0,0.0,6
aten,aten_bitwise_and_i32,/home/arjaiswal/Polygeist/issues/aten_c_kernels/results/aten_bitwise_and_i32/debuf.mlir,01a7baa46b21748817dffac627134cfff86cd6d8a3eb0cfbd42b7b816a56629b,syntactic,4,ok,0,725.3084853291512,0,"[""/usr/bin/python3"", ""/home/arjaiswal/Polygeist/scripts/correctness/kernel_match_rewrite.py"", ""/home/arjaiswal/Polygeist/issues/aten_c_kernels/results/aten_bitwise_and_i32/debuf.mlir"", ""--dry-run"", ""--matcher-mode"", ""syntactic"", ""--telemetry-json"", ""/home/arjaiswal/Polygeist/issues/equality_saturation_eval/campaign_20260908/aten-aten_bitwise_and_i32-syntactic-hm6we8kv.json"", ""--disable-semantic-fallback""]","== match report for /home/arjaiswal/Polygeist/issues/aten_c_kernels/results/aten_bitwise_and_i32/debuf.mlir ==
  no_match       body#0  ?
  total: 0 matched / 1 bodies
",0,[],0,0,0,0,/home/arjaiswal/Polygeist/issues/aten_c_kernels/results/aten_bitwise_and_i32/debuf.mlir,1895,0,1,0,285.1852811872959,1,65804,0.018361955881118774,0,0,0,0,[],0,0,6,0.0,6
aten,aten_bitwise_and_i32,/home/arjaiswal/Polygeist/issues/aten_c_kernels/results/aten_bitwise_and_i32/debuf.mlir,01a7baa46b21748817dffac627134cfff86cd6d8a3eb0cfbd42b7b816a56629b,syntactic,5,ok,0,725.5505509674549,0,"[""/usr/bin/python3"", ""/home/arjaiswal/Polygeist/scripts/correctness/kernel_match_rewrite.py"", ""/home/arjaiswal/Polygeist/issues/aten_c_kernels/results/aten_bitwise_and_i32/debuf.mlir"", ""--dry-run"", ""--matcher-mode"", ""syntactic"", ""--telemetry-json"", ""/home/arjaiswal/Polygeist/issues/equality_saturation_eval/campaign_20260908/aten-aten_bitwise_and_i32-syntactic-y8ddfv1f.json"", ""--disable-semantic-fallback""]","== match report for /home/arjaiswal/Polygeist/issues/aten_c_kernels/results/aten_bitwise_and_i32/debuf.mlir ==
  no_match       body#0  ?
  total: 0 matched / 1 bodies
",0,[],0,0,0,0,/home/arjaiswal/Polygeist/issues/aten_c_kernels/results/aten_bitwise_and_i32/debuf.mlir,1895,0,1,0,300.4537932574749,1,65760,0.016734004020690918,0,0,0,0,[],0,0,6,0.0,6
aten,aten_bitwise_and_i32,/home/arjaiswal/Polygeist/issues/aten_c_kernels/results/aten_bitwise_and_i32/debuf.mlir,01a7baa46b21748817dffac627134cfff86cd6d8a3eb0cfbd42b7b816a56629b,egglog,5,ok,0,717.858549207449,0,"[""/usr/bin/python3"", ""/home/arjaiswal/Polygeist/scripts/correctness/kernel_match_rewrite.py"", ""/home/arjaiswal/Polygeist/issues/aten_c_kernels/results/aten_bitwise_and_i32/debuf.mlir"", ""--dry-run"", ""--matcher-mode"", ""egglog"", ""--telemetry-json"", ""/home/arjaiswal/Polygeist/issues/equality_saturation_eval/campaign_20260908/aten-aten_bitwise_and_i32-egglog-eaprwmk4.json"", ""--disable-semantic-fallback""]","== match report for /home/arjaiswal/Polygeist/issues/aten_c_kernels/results/aten_bitwise_and_i32/debuf.mlir ==
  no_match       body#0  ?
  total: 0 matched / 1 bodies
",0,[],0,0,0,0,/home/arjaiswal/Polygeist/issues/aten_c_kernels/results/aten_bitwise_and_i32/debuf.mlir,1895,8,1,0,291.54112935066223,1,65496,0.0,0,0,0,0,[],0,0,0,0.0,6
aten,aten_bitwise_not_i32,/home/arjaiswal/Polygeist/issues/aten_c_kernels/results/aten_bitwise_not_i32/debuf.mlir,53209c6c32a2f4e3c4bcbdf529a3dd980aa36e6128ab58f3c32575f1a45e4146,egglog,1,ok,0,738.3270971477032,0,"[""/usr/bin/python3"", ""/home/arjaiswal/Polygeist/scripts/correctness/kernel_match_rewrite.py"", ""/home/arjaiswal/Polygeist/issues/aten_c_kernels/results/aten_bitwise_not_i32/debuf.mlir"", ""--dry-run"", ""--matcher-mode"", ""egglog"", ""--telemetry-json"", ""/home/arjaiswal/Polygeist/issues/equality_saturation_eval/campaign_20260908/aten-aten_bitwise_not_i32-egglog-zft1pxln.json"", ""--disable-semantic-fallback""]","== match report for /home/arjaiswal/Polygeist/issues/aten_c_kernels/results/aten_bitwise_not_i32/debuf.mlir ==
  no_match       body#0  ?
  total: 0 matched / 1 bodies
",0,[],0,0,0,0,/home/arjaiswal/Polygeist/issues/aten_c_kernels/results/aten_bitwise_not_i32/debuf.mlir,1823,8,1,0,306.5807446837425,1,65664,0.0,0,0,0,0,[],0,0,0,0.0,8
aten,aten_bitwise_not_i32,/home/arjaiswal/Polygeist/issues/aten_c_kernels/results/aten_bitwise_not_i32/debuf.mlir,53209c6c32a2f4e3c4bcbdf529a3dd980aa36e6128ab58f3c32575f1a45e4146,syntactic,1,ok,0,731.4498201012611,0,"[""/usr/bin/python3"", ""/home/arjaiswal/Polygeist/scripts/correctness/kernel_match_rewrite.py"", ""/home/arjaiswal/Polygeist/issues/aten_c_kernels/results/aten_bitwise_not_i32/debuf.mlir"", ""--dry-run"", ""--matcher-mode"", ""syntactic"", ""--telemetry-json"", ""/home/arjaiswal/Polygeist/issues/equality_saturation_eval/campaign_20260908/aten-aten_bitwise_not_i32-syntactic-zl08glkn.json"", ""--disable-semantic-fallback""]","== match report for /home/arjaiswal/Polygeist/issues/aten_c_kernels/results/aten_bitwise_not_i32/debuf.mlir ==
  no_match       body#0  ?
  total: 0 matched / 1 bodies
",0,[],0,0,0,0,/home/arjaiswal/Polygeist/issues/aten_c_kernels/results/aten_bitwise_not_i32/debuf.mlir,1823,0,1,0,306.22144788503647,1,65704,0.02130866050720215,0,0,0,0,[],0,0,8,0.0,8
aten,aten_bitwise_not_i32,/home/arjaiswal/Polygeist/issues/aten_c_kernels/results/aten_bitwise_not_i32/debuf.mlir,53209c6c32a2f4e3c4bcbdf529a3dd980aa36e6128ab58f3c32575f1a45e4146,syntactic,2,ok,0,735.0117154419422,0,"[""/usr/bin/python3"", ""/home/arjaiswal/Polygeist/scripts/correctness/kernel_match_rewrite.py"", ""/home/arjaiswal/Polygeist/issues/aten_c_kernels/results/aten_bitwise_not_i32/debuf.mlir"", ""--dry-run"", ""--matcher-mode"", ""syntactic"", ""--telemetry-json"", ""/home/arjaiswal/Polygeist/issues/equality_saturation_eval/campaign_20260908/aten-aten_bitwise_not_i32-syntactic-9y8w1i1d.json"", ""--disable-semantic-fallback""]","== match report for /home/arjaiswal/Polygeist/issues/aten_c_kernels/results/aten_bitwise_not_i32/debuf.mlir ==
  no_match       body#0  ?
  total: 0 matched / 1 bodies
",0,[],0,0,0,0,/home/arjaiswal/Polygeist/issues/aten_c_kernels/results/aten_bitwise_not_i32/debuf.mlir,1823,0,1,0,300.909586250782,1,65592,0.028427690267562866,0,0,0,0,[],0,0,8,0.0,8
aten,aten_bitwise_not_i32,/home/arjaiswal/Polygeist/issues/aten_c_kernels/results/aten_bitwise_not_i32/debuf.mlir,53209c6c32a2f4e3c4bcbdf529a3dd980aa36e6128ab58f3c32575f1a45e4146,egglog,2,ok,0,775.5653709173203,0,"[""/usr/bin/python3"", ""/home/arjaiswal/Polygeist/scripts/correctness/kernel_match_rewrite.py"", ""/home/arjaiswal/Polygeist/issues/aten_c_kernels/results/aten_bitwise_not_i32/debuf.mlir"", ""--dry-run"", ""--matcher-mode"", ""egglog"", ""--telemetry-json"", ""/home/arjaiswal/Polygeist/issues/equality_saturation_eval/campaign_20260908/aten-aten_bitwise_not_i32-egglog-4unn6g2f.json"", ""--disable-semantic-fallback""]","== match report for /home/arjaiswal/Polygeist/issues/aten_c_kernels/results/aten_bitwise_not_i32/debuf.mlir ==
  no_match       body#0  ?
  total: 0 matched / 1 bodies
",0,[],0,0,0,0,/home/arjaiswal/Polygeist/issues/aten_c_kernels/results/aten_bitwise_not_i32/debuf.mlir,1823,8,1,0,309.04725193977356,1,65732,0.0,0,0,0,0,[],0,0,0,0.0,8
aten,aten_bitwise_not_i32,/home/arjaiswal/Polygeist/issues/aten_c_kernels/results/aten_bitwise_not_i32/debuf.mlir,53209c6c32a2f4e3c4bcbdf529a3dd980aa36e6128ab58f3c32575f1a45e4146,egglog,3,ok,0,732.3127128183842,0,"[""/usr/bin/python3"", ""/home/arjaiswal/Polygeist/scripts/correctness/kernel_match_rewrite.py"", ""/home/arjaiswal/Polygeist/issues/aten_c_kernels/results/aten_bitwise_not_i32/debuf.mlir"", ""--dry-run"", ""--matcher-mode"", ""egglog"", ""--telemetry-json"", ""/home/arjaiswal/Polygeist/issues/equality_saturation_eval/campaign_20260908/aten-aten_bitwise_not_i32-egglog-q4izeqho.json"", ""--disable-semantic-fallback""]","== match report for /home/arjaiswal/Polygeist/issues/aten_c_kernels/results/aten_bitwise_not_i32/debuf.mlir ==
  no_match       body#0  ?
  total: 0 matched / 1 bodies
",0,[],0,0,0,0,/home/arjaiswal/Polygeist/issues/aten_c_kernels/results/aten_bitwise_not_i32/debuf.mlir,1823,8,1,0,301.52468383312225,1,65520,0.0,0,0,0,0,[],0,0,0,0.0,8
aten,aten_bitwise_not_i32,/home/arjaiswal/Polygeist/issues/aten_c_kernels/results/aten_bitwise_not_i32/debuf.mlir,53209c6c32a2f4e3c4bcbdf529a3dd980aa36e6128ab58f3c32575f1a45e4146,syntactic,3,ok,0,725.9929589927197,0,"[""/usr/bin/python3"", ""/home/arjaiswal/Polygeist/scripts/correctness/kernel_match_rewrite.py"", ""/home/arjaiswal/Polygeist/issues/aten_c_kernels/results/aten_bitwise_not_i32/debuf.mlir"", ""--dry-run"", ""--matcher-mode"", ""syntactic"", ""--telemetry-json"", ""/home/arjaiswal/Polygeist/issues/equality_saturation_eval/campaign_20260908/aten-aten_bitwise_not_i32-syntactic-cf3rlry8.json"", ""--disable-semantic-fallback""]","== match report for /home/arjaiswal/Polygeist/issues/aten_c_kernels/results/aten_bitwise_not_i32/debuf.mlir ==
  no_match       body#0  ?
  total: 0 matched / 1 bodies
",0,[],0,0,0,0,/home/arjaiswal/Polygeist/issues/aten_c_kernels/results/aten_bitwise_not_i32/debuf.mlir,1823,0,1,0,295.75609415769577,1,65668,0.01872330904006958,0,0,0,0,[],0,0,8,0.0,8
aten,aten_bitwise_not_i32,/home/arjaiswal/Polygeist/issues/aten_c_kernels/results/aten_bitwise_not_i32/debuf.mlir,53209c6c32a2f4e3c4bcbdf529a3dd980aa36e6128ab58f3c32575f1a45e4146,syntactic,4,ok,0,733.2863844931126,0,"[""/usr/bin/python3"", ""/home/arjaiswal/Polygeist/scripts/correctness/kernel_match_rewrite.py"", ""/home/arjaiswal/Polygeist/issues/aten_c_kernels/results/aten_bitwise_not_i32/debuf.mlir"", ""--dry-run"", ""--matcher-mode"", ""syntactic"", ""--telemetry-json"", ""/home/arjaiswal/Polygeist/issues/equality_saturation_eval/campaign_20260908/aten-aten_bitwise_not_i32-syntactic-76gyyvh4.json"", ""--disable-semantic-fallback""]","== match report for /home/arjaiswal/Polygeist/issues/aten_c_kernels/results/aten_bitwise_not_i32/debuf.mlir ==
  no_match       body#0  ?
  total: 0 matched / 1 bodies
",0,[],0,0,0,0,/home/arjaiswal/Polygeist/issues/aten_c_kernels/results/aten_bitwise_not_i32/debuf.mlir,1823,0,1,0,309.8150044679642,1,65712,0.020757317543029785,0,0,0,0,[],0,0,8,0.0,8
aten,aten_bitwise_not_i32,/home/arjaiswal/Polygeist/issues/aten_c_kernels/results/aten_bitwise_not_i32/debuf.mlir,53209c6c32a2f4e3c4bcbdf529a3dd980aa36e6128ab58f3c32575f1a45e4146,egglog,4,ok,0,713.7684263288975,0,"[""/usr/bin/python3"", ""/home/arjaiswal/Polygeist/scripts/correctness/kernel_match_rewrite.py"", ""/home/arjaiswal/Polygeist/issues/aten_c_kernels/results/aten_bitwise_not_i32/debuf.mlir"", ""--dry-run"", ""--matcher-mode"", ""egglog"", ""--telemetry-json"", ""/home/arjaiswal/Polygeist/issues/equality_saturation_eval/campaign_20260908/aten-aten_bitwise_not_i32-egglog-j7yot95t.json"", ""--disable-semantic-fallback""]","== match report for /home/arjaiswal/Polygeist/issues/aten_c_kernels/results/aten_bitwise_not_i32/debuf.mlir ==
  no_match       body#0  ?
  total: 0 matched / 1 bodies
",0,[],0,0,0,0,/home/arjaiswal/Polygeist/issues/aten_c_kernels/results/aten_bitwise_not_i32/debuf.mlir,1823,8,1,0,290.6576842069626,1,65648,0.0,0,0,0,0,[],0,0,0,0.0,8
aten,aten_bitwise_not_i32,/home/arjaiswal/Polygeist/issues/aten_c_kernels/results/aten_bitwise_not_i32/debuf.mlir,53209c6c32a2f4e3c4bcbdf529a3dd980aa36e6128ab58f3c32575f1a45e4146,egglog,5,ok,0,755.9027709066868,0,"[""/usr/bin/python3"", ""/home/arjaiswal/Polygeist/scripts/correctness/kernel_match_rewrite.py"", ""/home/arjaiswal/Polygeist/issues/aten_c_kernels/results/aten_bitwise_not_i32/debuf.mlir"", ""--dry-run"", ""--matcher-mode"", ""egglog"", ""--telemetry-json"", ""/home/arjaiswal/Polygeist/issues/equality_saturation_eval/campaign_20260908/aten-aten_bitwise_not_i32-egglog-kntevog3.json"", ""--disable-semantic-fallback""]","== match report for /home/arjaiswal/Polygeist/issues/aten_c_kernels/results/aten_bitwise_not_i32/debuf.mlir ==
  no_match       body#0  ?
  total: 0 matched / 1 bodies
",0,[],0,0,0,0,/home/arjaiswal/Polygeist/issues/aten_c_kernels/results/aten_bitwise_not_i32/debuf.mlir,1823,8,1,0,309.32509154081345,1,65808,0.0,0,0,0,0,[],0,0,0,0.0,8
aten,aten_bitwise_not_i32,/home/arjaiswal/Polygeist/issues/aten_c_kernels/results/aten_bitwise_not_i32/debuf.mlir,53209c6c32a2f4e3c4bcbdf529a3dd980aa36e6128ab58f3c32575f1a45e4146,syntactic,5,ok,0,761.9854807853699,0,"[""/usr/bin/python3"", ""/home/arjaiswal/Polygeist/scripts/correctness/kernel_match_rewrite.py"", ""/home/arjaiswal/Polygeist/issues/aten_c_kernels/results/aten_bitwise_not_i32/debuf.mlir"", ""--dry-run"", ""--matcher-mode"", ""syntactic"", ""--telemetry-json"", ""/home/arjaiswal/Polygeist/issues/equality_saturation_eval/campaign_20260908/aten-aten_bitwise_not_i32-syntactic-d2ayawhb.json"", ""--disable-semantic-fallback""]","== match report for /home/arjaiswal/Polygeist/issues/aten_c_kernels/results/aten_bitwise_not_i32/debuf.mlir ==
  no_match       body#0  ?
  total: 0 matched / 1 bodies
",0,[],0,0,0,0,/home/arjaiswal/Polygeist/issues/aten_c_kernels/results/aten_bitwise_not_i32/debuf.mlir,1823,0,1,0,321.88720256090164,1,65568,0.02070516347885132,0,0,0,0,[],0,0,8,0.0,8
aten,aten_bitwise_or_i32,/home/arjaiswal/Polygeist/issues/aten_c_kernels/results/aten_bitwise_or_i32/debuf.mlir,7e7280b238fec265a2b416ff75760b98b20ba6063c5b5eb56eaf050bdf6f6114,syntactic,1,ok,0,722.0467291772366,0,"[""/usr/bin/python3"", ""/home/arjaiswal/Polygeist/scripts/correctness/kernel_match_rewrite.py"", ""/home/arjaiswal/Polygeist/issues/aten_c_kernels/results/aten_bitwise_or_i32/debuf.mlir"", ""--dry-run"", ""--matcher-mode"", ""syntactic"", ""--telemetry-json"", ""/home/arjaiswal/Polygeist/issues/equality_saturation_eval/campaign_20260908/aten-aten_bitwise_or_i32-syntactic-o7ui80u_.json"", ""--disable-semantic-fallback""]","== match report for /home/arjaiswal/Polygeist/issues/aten_c_kernels/results/aten_bitwise_or_i32/debuf.mlir ==
  no_match       body#0  ?
  total: 0 matched / 1 bodies
",0,[],0,0,0,0,/home/arjaiswal/Polygeist/issues/aten_c_kernels/results/aten_bitwise_or_i32/debuf.mlir,1893,0,1,0,284.297876060009,1,65632,0.017412006855010986,0,0,0,0,[],0,0,6,0.0,6
aten,aten_bitwise_or_i32,/home/arjaiswal/Polygeist/issues/aten_c_kernels/results/aten_bitwise_or_i32/debuf.mlir,7e7280b238fec265a2b416ff75760b98b20ba6063c5b5eb56eaf050bdf6f6114,egglog,1,ok,0,800.2111054956913,0,"[""/usr/bin/python3"", ""/home/arjaiswal/Polygeist/scripts/correctness/kernel_match_rewrite.py"", ""/home/arjaiswal/Polygeist/issues/aten_c_kernels/results/aten_bitwise_or_i32/debuf.mlir"", ""--dry-run"", ""--matcher-mode"", ""egglog"", ""--telemetry-json"", ""/home/arjaiswal/Polygeist/issues/equality_saturation_eval/campaign_20260908/aten-aten_bitwise_or_i32-egglog-pjazfvrd.json"", ""--disable-semantic-fallback""]","== match report for /home/arjaiswal/Polygeist/issues/aten_c_kernels/results/aten_bitwise_or_i32/debuf.mlir ==
  no_match       body#0  ?
  total: 0 matched / 1 bodies
",0,[],0,0,0,0,/home/arjaiswal/Polygeist/issues/aten_c_kernels/results/aten_bitwise_or_i32/debuf.mlir,1893,8,1,0,313.24053183197975,1,65864,0.0,0,0,0,0,[],0,0,0,0.0,6
aten,aten_bitwise_or_i32,/home/arjaiswal/Polygeist/issues/aten_c_kernels/results/aten_bitwise_or_i32/debuf.mlir,7e7280b238fec265a2b416ff75760b98b20ba6063c5b5eb56eaf050bdf6f6114,egglog,2,ok,0,738.6763282120228,0,"[""/usr/bin/python3"", ""/home/arjaiswal/Polygeist/scripts/correctness/kernel_match_rewrite.py"", ""/home/arjaiswal/Polygeist/issues/aten_c_kernels/results/aten_bitwise_or_i32/debuf.mlir"", ""--dry-run"", ""--matcher-mode"", ""egglog"", ""--telemetry-json"", ""/home/arjaiswal/Polygeist/issues/equality_saturation_eval/campaign_20260908/aten-aten_bitwise_or_i32-egglog-qr3rznn4.json"", ""--disable-semantic-fallback""]","== match report for /home/arjaiswal/Polygeist/issues/aten_c_kernels/results/aten_bitwise_or_i32/debuf.mlir ==
  no_match       body#0  ?
  total: 0 matched / 1 bodies
",0,[],0,0,0,0,/home/arjaiswal/Polygeist/issues/aten_c_kernels/results/aten_bitwise_or_i32/debuf.mlir,1893,8,1,0,297.4195145070553,1,64800,0.0,0,0,0,0,[],0,0,0,0.0,6
aten,aten_bitwise_or_i32,/home/arjaiswal/Polygeist/issues/aten_c_kernels/results/aten_bitwise_or_i32/debuf.mlir,7e7280b238fec265a2b416ff75760b98b20ba6063c5b5eb56eaf050bdf6f6114,syntactic,2,ok,0,834.0392149984837,0,"[""/usr/bin/python3"", ""/home/arjaiswal/Polygeist/scripts/correctness/kernel_match_rewrite.py"", ""/home/arjaiswal/Polygeist/issues/aten_c_kernels/results/aten_bitwise_or_i32/debuf.mlir"", ""--dry-run"", ""--matcher-mode"", ""syntactic"", ""--telemetry-json"", ""/home/arjaiswal/Polygeist/issues/equality_saturation_eval/campaign_20260908/aten-aten_bitwise_or_i32-syntactic-buwqc932.json"", ""--disable-semantic-fallback""]","== match report for /home/arjaiswal/Polygeist/issues/aten_c_kernels/results/aten_bitwise_or_i32/debuf.mlir ==
  no_match       body#0  ?
  total: 0 matched / 1 bodies
",0,[],0,0,0,0,/home/arjaiswal/Polygeist/issues/aten_c_kernels/results/aten_bitwise_or_i32/debuf.mlir,1893,0,1,0,347.57909923791885,1,65496,0.01706928014755249,0,0,0,0,[],0,0,6,0.0,6
aten,aten_bitwise_or_i32,/home/arjaiswal/Polygeist/issues/aten_c_kernels/results/aten_bitwise_or_i32/debuf.mlir,7e7280b238fec265a2b416ff75760b98b20ba6063c5b5eb56eaf050bdf6f6114,syntactic,3,ok,0,802.6486486196518,0,"[""/usr/bin/python3"", ""/home/arjaiswal/Polygeist/scripts/correctness/kernel_match_rewrite.py"", ""/home/arjaiswal/Polygeist/issues/aten_c_kernels/results/aten_bitwise_or_i32/debuf.mlir"", ""--dry-run"", ""--matcher-mode"", ""syntactic"", ""--telemetry-json"", ""/home/arjaiswal/Polygeist/issues/equality_saturation_eval/campaign_20260908/aten-aten_bitwise_or_i32-syntactic-5b29uiod.json"", ""--disable-semantic-fallback""]","== match report for /home/arjaiswal/Polygeist/issues/aten_c_kernels/results/aten_bitwise_or_i32/debuf.mlir ==
  no_match       body#0  ?
  total: 0 matched / 1 bodies
",0,[],0,0,0,0,/home/arjaiswal/Polygeist/issues/aten_c_kernels/results/aten_bitwise_or_i32/debuf.mlir,1893,0,1,0,310.9833635389805,1,65812,0.029783695936203003,0,0,0,0,[],0,0,6,0.0,6
aten,aten_bitwise_or_i32,/home/arjaiswal/Polygeist/issues/aten_c_kernels/results/aten_bitwise_or_i32/debuf.mlir,7e7280b238fec265a2b416ff75760b98b20ba6063c5b5eb56eaf050bdf6f6114,egglog,3,ok,0,745.5116212368011,0,"[""/usr/bin/python3"", ""/home/arjaiswal/Polygeist/scripts/correctness/kernel_match_rewrite.py"", ""/home/arjaiswal/Polygeist/issues/aten_c_kernels/results/aten_bitwise_or_i32/debuf.mlir"", ""--dry-run"", ""--matcher-mode"", ""egglog"", ""--telemetry-json"", ""/home/arjaiswal/Polygeist/issues/equality_saturation_eval/campaign_20260908/aten-aten_bitwise_or_i32-egglog-8ebeu21a.json"", ""--disable-semantic-fallback""]","== match report for /home/arjaiswal/Polygeist/issues/aten_c_kernels/results/aten_bitwise_or_i32/debuf.mlir ==
  no_match       body#0  ?
  total: 0 matched / 1 bodies
",0,[],0,0,0,0,/home/arjaiswal/Polygeist/issues/aten_c_kernels/results/aten_bitwise_or_i32/debuf.mlir,1893,8,1,0,307.36982449889183,1,65684,0.0,0,0,0,0,[],0,0,0,0.0,6
aten,aten_bitwise_or_i32,/home/arjaiswal/Polygeist/issues/aten_c_kernels/results/aten_bitwise_or_i32/debuf.mlir,7e7280b238fec265a2b416ff75760b98b20ba6063c5b5eb56eaf050bdf6f6114,egglog,4,ok,0,783.3495289087296,0,"[""/usr/bin/python3"", ""/home/arjaiswal/Polygeist/scripts/correctness/kernel_match_rewrite.py"", ""/home/arjaiswal/Polygeist/issues/aten_c_kernels/results/aten_bitwise_or_i32/debuf.mlir"", ""--dry-run"", ""--matcher-mode"", ""egglog"", ""--telemetry-json"", ""/home/arjaiswal/Polygeist/issues/equality_saturation_eval/campaign_20260908/aten-aten_bitwise_or_i32-egglog-cpf73god.json"", ""--disable-semantic-fallback""]","== match report for /home/arjaiswal/Polygeist/issues/aten_c_kernels/results/aten_bitwise_or_i32/debuf.mlir ==
  no_match       body#0  ?
  total: 0 matched / 1 bodies
",0,[],0,0,0,0,/home/arjaiswal/Polygeist/issues/aten_c_kernels/results/aten_bitwise_or_i32/debuf.mlir,1893,8,1,0,326.0442018508911,1,65728,0.0,0,0,0,0,[],0,0,0,0.0,6
aten,aten_bitwise_or_i32,/home/arjaiswal/Polygeist/issues/aten_c_kernels/results/aten_bitwise_or_i32/debuf.mlir,7e7280b238fec265a2b416ff75760b98b20ba6063c5b5eb56eaf050bdf6f6114,syntactic,4,ok,0,767.379242926836,0,"[""/usr/bin/python3"", ""/home/arjaiswal/Polygeist/scripts/correctness/kernel_match_rewrite.py"", ""/home/arjaiswal/Polygeist/issues/aten_c_kernels/results/aten_bitwise_or_i32/debuf.mlir"", ""--dry-run"", ""--matcher-mode"", ""syntactic"", ""--telemetry-json"", ""/home/arjaiswal/Polygeist/issues/equality_saturation_eval/campaign_20260908/aten-aten_bitwise_or_i32-syntactic-j2i37m15.json"", ""--disable-semantic-fallback""]","== match report for /home/arjaiswal/Polygeist/issues/aten_c_kernels/results/aten_bitwise_or_i32/debuf.mlir ==
  no_match       body#0  ?
  total: 0 matched / 1 bodies
",0,[],0,0,0,0,/home/arjaiswal/Polygeist/issues/aten_c_kernels/results/aten_bitwise_or_i32/debuf.mlir,1893,0,1,0,291.3576252758503,1,65660,0.023014843463897705,0,0,0,0,[],0,0,6,0.0,6
aten,aten_bitwise_or_i32,/home/arjaiswal/Polygeist/issues/aten_c_kernels/results/aten_bitwise_or_i32/debuf.mlir,7e7280b238fec265a2b416ff75760b98b20ba6063c5b5eb56eaf050bdf6f6114,syntactic,5,ok,0,741.973266005516,0,"[""/usr/bin/python3"", ""/home/arjaiswal/Polygeist/scripts/correctness/kernel_match_rewrite.py"", ""/home/arjaiswal/Polygeist/issues/aten_c_kernels/results/aten_bitwise_or_i32/debuf.mlir"", ""--dry-run"", ""--matcher-mode"", ""syntactic"", ""--telemetry-json"", ""/home/arjaiswal/Polygeist/issues/equality_saturation_eval/campaign_20260908/aten-aten_bitwise_or_i32-syntactic-dq79mfx2.json"", ""--disable-semantic-fallback""]","== match report for /home/arjaiswal/Polygeist/issues/aten_c_kernels/results/aten_bitwise_or_i32/debuf.mlir ==
  no_match       body#0  ?
  total: 0 matched / 1 bodies
",0,[],0,0,0,0,/home/arjaiswal/Polygeist/issues/aten_c_kernels/results/aten_bitwise_or_i32/debuf.mlir,1893,0,1,0,294.12759840488434,1,65592,0.019352883100509644,0,0,0,0,[],0,0,6,0.0,6
aten,aten_bitwise_or_i32,/home/arjaiswal/Polygeist/issues/aten_c_kernels/results/aten_bitwise_or_i32/debuf.mlir,7e7280b238fec265a2b416ff75760b98b20ba6063c5b5eb56eaf050bdf6f6114,egglog,5,ok,0,734.2081628739834,0,"[""/usr/bin/python3"", ""/home/arjaiswal/Polygeist/scripts/correctness/kernel_match_rewrite.py"", ""/home/arjaiswal/Polygeist/issues/aten_c_kernels/results/aten_bitwise_or_i32/debuf.mlir"", ""--dry-run"", ""--matcher-mode"", ""egglog"", ""--telemetry-json"", ""/home/arjaiswal/Polygeist/issues/equality_saturation_eval/campaign_20260908/aten-aten_bitwise_or_i32-egglog-i2h12_ri.json"", ""--disable-semantic-fallback""]","== match report for /home/arjaiswal/Polygeist/issues/aten_c_kernels/results/aten_bitwise_or_i32/debuf.mlir ==
  no_match       body#0  ?
  total: 0 matched / 1 bodies
",0,[],0,0,0,0,/home/arjaiswal/Polygeist/issues/aten_c_kernels/results/aten_bitwise_or_i32/debuf.mlir,1893,8,1,0,290.7084822654724,1,65536,0.0,0,0,0,0,[],0,0,0,0.0,6
aten,aten_bitwise_xor_i32,/home/arjaiswal/Polygeist/issues/aten_c_kernels/results/aten_bitwise_xor_i32/debuf.mlir,5c2539ebd60b1eda593b8ef4b2e1bf2432f4850b9af863e4147b56d0938d0fde,egglog,1,ok,0,877.298716455698,0,"[""/usr/bin/python3"", ""/home/arjaiswal/Polygeist/scripts/correctness/kernel_match_rewrite.py"", ""/home/arjaiswal/Polygeist/issues/aten_c_kernels/results/aten_bitwise_xor_i32/debuf.mlir"", ""--dry-run"", ""--matcher-mode"", ""egglog"", ""--telemetry-json"", ""/home/arjaiswal/Polygeist/issues/equality_saturation_eval/campaign_20260908/aten-aten_bitwise_xor_i32-egglog-fvuvc4tb.json"", ""--disable-semantic-fallback""]","== match report for /home/arjaiswal/Polygeist/issues/aten_c_kernels/results/aten_bitwise_xor_i32/debuf.mlir ==
  no_match       body#0  ?
  total: 0 matched / 1 bodies
",0,[],0,0,0,0,/home/arjaiswal/Polygeist/issues/aten_c_kernels/results/aten_bitwise_xor_i32/debuf.mlir,1895,8,1,0,343.82693842053413,1,65728,0.0,0,0,0,0,[],0,0,0,0.0,6
aten,aten_bitwise_xor_i32,/home/arjaiswal/Polygeist/issues/aten_c_kernels/results/aten_bitwise_xor_i32/debuf.mlir,5c2539ebd60b1eda593b8ef4b2e1bf2432f4850b9af863e4147b56d0938d0fde,syntactic,1,ok,0,776.2798294425011,0,"[""/usr/bin/python3"", ""/home/arjaiswal/Polygeist/scripts/correctness/kernel_match_rewrite.py"", ""/home/arjaiswal/Polygeist/issues/aten_c_kernels/results/aten_bitwise_xor_i32/debuf.mlir"", ""--dry-run"", ""--matcher-mode"", ""syntactic"", ""--telemetry-json"", ""/home/arjaiswal/Polygeist/issues/equality_saturation_eval/campaign_20260908/aten-aten_bitwise_xor_i32-syntactic-3lxzymd_.json"", ""--disable-semantic-fallback""]","== match report for /home/arjaiswal/Polygeist/issues/aten_c_kernels/results/aten_bitwise_xor_i32/debuf.mlir ==
  no_match       body#0  ?
  total: 0 matched / 1 bodies
",0,[],0,0,0,0,/home/arjaiswal/Polygeist/issues/aten_c_kernels/results/aten_bitwise_xor_i32/debuf.mlir,1895,0,1,0,279.55034375190735,1,65620,0.017501413822174072,0,0,0,0,[],0,0,6,0.0,6
aten,aten_bitwise_xor_i32,/home/arjaiswal/Polygeist/issues/aten_c_kernels/results/aten_bitwise_xor_i32/debuf.mlir,5c2539ebd60b1eda593b8ef4b2e1bf2432f4850b9af863e4147b56d0938d0fde,syntactic,2,ok,0,702.6381976902485,0,"[""/usr/bin/python3"", ""/home/arjaiswal/Polygeist/scripts/correctness/kernel_match_rewrite.py"", ""/home/arjaiswal/Polygeist/issues/aten_c_kernels/results/aten_bitwise_xor_i32/debuf.mlir"", ""--dry-run"", ""--matcher-mode"", ""syntactic"", ""--telemetry-json"", ""/home/arjaiswal/Polygeist/issues/equality_saturation_eval/campaign_20260908/aten-aten_bitwise_xor_i32-syntactic-dpjvfi9m.json"", ""--disable-semantic-fallback""]","== match report for /home/arjaiswal/Polygeist/issues/aten_c_kernels/results/aten_bitwise_xor_i32/debuf.mlir ==
  no_match       body#0  ?
  total: 0 matched / 1 bodies
",0,[],0,0,0,0,/home/arjaiswal/Polygeist/issues/aten_c_kernels/results/aten_bitwise_xor_i32/debuf.mlir,1895,0,1,0,285.6467217206955,1,65716,0.018279999494552612,0,0,0,0,[],0,0,6,0.0,6
aten,aten_bitwise_xor_i32,/home/arjaiswal/Polygeist/issues/aten_c_kernels/results/aten_bitwise_xor_i32/debuf.mlir,5c2539ebd60b1eda593b8ef4b2e1bf2432f4850b9af863e4147b56d0938d0fde,egglog,2,ok,0,735.7350289821625,0,"[""/usr/bin/python3"", ""/home/arjaiswal/Polygeist/scripts/correctness/kernel_match_rewrite.py"", ""/home/arjaiswal/Polygeist/issues/aten_c_kernels/results/aten_bitwise_xor_i32/debuf.mlir"", ""--dry-run"", ""--matcher-mode"", ""egglog"", ""--telemetry-json"", ""/home/arjaiswal/Polygeist/issues/equality_saturation_eval/campaign_20260908/aten-aten_bitwise_xor_i32-egglog-3b_3wrym.json"", ""--disable-semantic-fallback""]","== match report for /home/arjaiswal/Polygeist/issues/aten_c_kernels/results/aten_bitwise_xor_i32/debuf.mlir ==
  no_match       body#0  ?
  total: 0 matched / 1 bodies
",0,[],0,0,0,0,/home/arjaiswal/Polygeist/issues/aten_c_kernels/results/aten_bitwise_xor_i32/debuf.mlir,1895,8,1,0,297.31466993689537,1,65608,0.0,0,0,0,0,[],0,0,0,0.0,6
aten,aten_bitwise_xor_i32,/home/arjaiswal/Polygeist/issues/aten_c_kernels/results/aten_bitwise_xor_i32/debuf.mlir,5c2539ebd60b1eda593b8ef4b2e1bf2432f4850b9af863e4147b56d0938d0fde,egglog,3,ok,0,724.261648952961,0,"[""/usr/bin/python3"", ""/home/arjaiswal/Polygeist/scripts/correctness/kernel_match_rewrite.py"", ""/home/arjaiswal/Polygeist/issues/aten_c_kernels/results/aten_bitwise_xor_i32/debuf.mlir"", ""--dry-run"", ""--matcher-mode"", ""egglog"", ""--telemetry-json"", ""/home/arjaiswal/Polygeist/issues/equality_saturation_eval/campaign_20260908/aten-aten_bitwise_xor_i32-egglog-c8wn6p5q.json"", ""--disable-semantic-fallback""]","== match report for /home/arjaiswal/Polygeist/issues/aten_c_kernels/results/aten_bitwise_xor_i32/debuf.mlir ==
  no_match       body#0  ?
  total: 0 matched / 1 bodies
",0,[],0,0,0,0,/home/arjaiswal/Polygeist/issues/aten_c_kernels/results/aten_bitwise_xor_i32/debuf.mlir,1895,8,1,0,291.3854978978634,1,65768,0.0,0,0,0,0,[],0,0,0,0.0,6
aten,aten_bitwise_xor_i32,/home/arjaiswal/Polygeist/issues/aten_c_kernels/results/aten_bitwise_xor_i32/debuf.mlir,5c2539ebd60b1eda593b8ef4b2e1bf2432f4850b9af863e4147b56d0938d0fde,syntactic,3,ok,0,726.6895808279514,0,"[""/usr/bin/python3"", ""/home/arjaiswal/Polygeist/scripts/correctness/kernel_match_rewrite.py"", ""/home/arjaiswal/Polygeist/issues/aten_c_kernels/results/aten_bitwise_xor_i32/debuf.mlir"", ""--dry-run"", ""--matcher-mode"", ""syntactic"", ""--telemetry-json"", ""/home/arjaiswal/Polygeist/issues/equality_saturation_eval/campaign_20260908/aten-aten_bitwise_xor_i32-syntactic-a6a5fbxf.json"", ""--disable-semantic-fallback""]","== match report for /home/arjaiswal/Polygeist/issues/aten_c_kernels/results/aten_bitwise_xor_i32/debuf.mlir ==
  no_match       body#0  ?
  total: 0 matched / 1 bodies
",0,[],0,0,0,0,/home/arjaiswal/Polygeist/issues/aten_c_kernels/results/aten_bitwise_xor_i32/debuf.mlir,1895,0,1,0,289.7120490670204,1,65632,0.0189952552318573,0,0,0,0,[],0,0,6,0.0,6
aten,aten_bitwise_xor_i32,/home/arjaiswal/Polygeist/issues/aten_c_kernels/results/aten_bitwise_xor_i32/debuf.mlir,5c2539ebd60b1eda593b8ef4b2e1bf2432f4850b9af863e4147b56d0938d0fde,syntactic,4,ok,0,722.3295606672764,0,"[""/usr/bin/python3"", ""/home/arjaiswal/Polygeist/scripts/correctness/kernel_match_rewrite.py"", ""/home/arjaiswal/Polygeist/issues/aten_c_kernels/results/aten_bitwise_xor_i32/debuf.mlir"", ""--dry-run"", ""--matcher-mode"", ""syntactic"", ""--telemetry-json"", ""/home/arjaiswal/Polygeist/issues/equality_saturation_eval/campaign_20260908/aten-aten_bitwise_xor_i32-syntactic-9q0kgmr5.json"", ""--disable-semantic-fallback""]","== match report for /home/arjaiswal/Polygeist/issues/aten_c_kernels/results/aten_bitwise_xor_i32/debuf.mlir ==
  no_match       body#0  ?
  total: 0 matched / 1 bodies
",0,[],0,0,0,0,/home/arjaiswal/Polygeist/issues/aten_c_kernels/results/aten_bitwise_xor_i32/debuf.mlir,1895,0,1,0,290.4428169131279,1,65784,0.01792609691619873,0,0,0,0,[],0,0,6,0.0,6
aten,aten_bitwise_xor_i32,/home/arjaiswal/Polygeist/issues/aten_c_kernels/results/aten_bitwise_xor_i32/debuf.mlir,5c2539ebd60b1eda593b8ef4b2e1bf2432f4850b9af863e4147b56d0938d0fde,egglog,4,ok,0,763.9369405806065,0,"[""/usr/bin/python3"", ""/home/arjaiswal/Polygeist/scripts/correctness/kernel_match_rewrite.py"", ""/home/arjaiswal/Polygeist/issues/aten_c_kernels/results/aten_bitwise_xor_i32/debuf.mlir"", ""--dry-run"", ""--matcher-mode"", ""egglog"", ""--telemetry-json"", ""/home/arjaiswal/Polygeist/issues/equality_saturation_eval/campaign_20260908/aten-aten_bitwise_xor_i32-egglog-ilz7d36n.json"", ""--disable-semantic-fallback""]","== match report for /home/arjaiswal/Polygeist/issues/aten_c_kernels/results/aten_bitwise_xor_i32/debuf.mlir ==
  no_match       body#0  ?
  total: 0 matched / 1 bodies
",0,[],0,0,0,0,/home/arjaiswal/Polygeist/issues/aten_c_kernels/results/aten_bitwise_xor_i32/debuf.mlir,1895,8,1,0,310.65455824136734,1,65684,0.0,0,0,0,0,[],0,0,0,0.0,6
aten,aten_bitwise_xor_i32,/home/arjaiswal/Polygeist/issues/aten_c_kernels/results/aten_bitwise_xor_i32/debuf.mlir,5c2539ebd60b1eda593b8ef4b2e1bf2432f4850b9af863e4147b56d0938d0fde,egglog,5,ok,0,766.3725800812244,0,"[""/usr/bin/python3"", ""/home/arjaiswal/Polygeist/scripts/correctness/kernel_match_rewrite.py"", ""/home/arjaiswal/Polygeist/issues/aten_c_kernels/results/aten_bitwise_xor_i32/debuf.mlir"", ""--dry-run"", ""--matcher-mode"", ""egglog"", ""--telemetry-json"", ""/home/arjaiswal/Polygeist/issues/equality_saturation_eval/campaign_20260908/aten-aten_bitwise_xor_i32-egglog-eymltpio.json"", ""--disable-semantic-fallback""]","== match report for /home/arjaiswal/Polygeist/issues/aten_c_kernels/results/aten_bitwise_xor_i32/debuf.mlir ==
  no_match       body#0  ?
  total: 0 matched / 1 bodies
",0,[],0,0,0,0,/home/arjaiswal/Polygeist/issues/aten_c_kernels/results/aten_bitwise_xor_i32/debuf.mlir,1895,8,1,0,335.0812755525112,1,65716,0.0,0,0,0,0,[],0,0,0,0.0,6
aten,aten_bitwise_xor_i32,/home/arjaiswal/Polygeist/issues/aten_c_kernels/results/aten_bitwise_xor_i32/debuf.mlir,5c2539ebd60b1eda593b8ef4b2e1bf2432f4850b9af863e4147b56d0938d0fde,syntactic,5,ok,0,748.9247284829617,0,"[""/usr/bin/python3"", ""/home/arjaiswal/Polygeist/scripts/correctness/kernel_match_rewrite.py"", ""/home/arjaiswal/Polygeist/issues/aten_c_kernels/results/aten_bitwise_xor_i32/debuf.mlir"", ""--dry-run"", ""--matcher-mode"", ""syntactic"", ""--telemetry-json"", ""/home/arjaiswal/Polygeist/issues/equality_saturation_eval/campaign_20260908/aten-aten_bitwise_xor_i32-syntactic-k1xp8hb1.json"", ""--disable-semantic-fallback""]","== match report for /home/arjaiswal/Polygeist/issues/aten_c_kernels/results/aten_bitwise_xor_i32/debuf.mlir ==
  no_match       body#0  ?
  total: 0 matched / 1 bodies
",0,[],0,0,0,0,/home/arjaiswal/Polygeist/issues/aten_c_kernels/results/aten_bitwise_xor_i32/debuf.mlir,1895,0,1,0,301.80542171001434,1,65604,0.018168240785598755,0,0,0,0,[],0,0,6,0.0,6
aten,aten_blas_axpy_cpu,/home/arjaiswal/Polygeist/issues/aten_c_kernels/results/aten_blas_axpy_cpu/debuf.mlir,f66f3502ce2bd9ee97a5af17d48d854f5b9349a1583c73ee06bc75d43e0bff78,syntactic,1,ok,0,891.1048248410225,0,"[""/usr/bin/python3"", ""/home/arjaiswal/Polygeist/scripts/correctness/kernel_match_rewrite.py"", ""/home/arjaiswal/Polygeist/issues/aten_c_kernels/results/aten_blas_axpy_cpu/debuf.mlir"", ""--dry-run"", ""--matcher-mode"", ""syntactic"", ""--telemetry-json"", ""/home/arjaiswal/Polygeist/issues/equality_saturation_eval/campaign_20260908/aten-aten_blas_axpy_cpu-syntactic-ivlks7d7.json"", ""--disable-semantic-fallback""]","== match report for /home/arjaiswal/Polygeist/issues/aten_c_kernels/results/aten_blas_axpy_cpu/debuf.mlir ==
  match          body#[0]  cublasSaxpby
  total: 1 matched / 1 bodies
",0,[],0,0,0,0,/home/arjaiswal/Polygeist/issues/aten_c_kernels/results/aten_blas_axpy_cpu/debuf.mlir,1828,0,1,1,423.1163524091244,0,66016,0.1414082944393158,0,2,0,0,"[{""body_indices"": [0], ""symbol"": ""cublasSaxpby""}]",1,0,50,0.0,50
aten,aten_blas_axpy_cpu,/home/arjaiswal/Polygeist/issues/aten_c_kernels/results/aten_blas_axpy_cpu/debuf.mlir,f66f3502ce2bd9ee97a5af17d48d854f5b9349a1583c73ee06bc75d43e0bff78,egglog,1,ok,0,872.774314135313,0,"[""/usr/bin/python3"", ""/home/arjaiswal/Polygeist/scripts/correctness/kernel_match_rewrite.py"", ""/home/arjaiswal/Polygeist/issues/aten_c_kernels/results/aten_blas_axpy_cpu/debuf.mlir"", ""--dry-run"", ""--matcher-mode"", ""egglog"", ""--telemetry-json"", ""/home/arjaiswal/Polygeist/issues/equality_saturation_eval/campaign_20260908/aten-aten_blas_axpy_cpu-egglog-9joxadh0.json"", ""--disable-semantic-fallback""]","== match report for /home/arjaiswal/Polygeist/issues/aten_c_kernels/results/aten_blas_axpy_cpu/debuf.mlir ==
  match          body#[0]  cublasSaxpby
  total: 1 matched / 1 bodies
",0,[],0,0,0,0,/home/arjaiswal/Polygeist/issues/aten_c_kernels/results/aten_blas_axpy_cpu/debuf.mlir,1828,8,1,1,447.6967677474022,0,70288,24.54885095357895,2,2,0,50,"[{""body_indices"": [0], ""symbol"": ""cublasSaxpby""}]",1,0,0,0.0,50
aten,aten_blas_axpy_cpu,/home/arjaiswal/Polygeist/issues/aten_c_kernels/results/aten_blas_axpy_cpu/debuf.mlir,f66f3502ce2bd9ee97a5af17d48d854f5b9349a1583c73ee06bc75d43e0bff78,egglog,2,ok,0,881.5056085586548,0,"[""/usr/bin/python3"", ""/home/arjaiswal/Polygeist/scripts/correctness/kernel_match_rewrite.py"", ""/home/arjaiswal/Polygeist/issues/aten_c_kernels/results/aten_blas_axpy_cpu/debuf.mlir"", ""--dry-run"", ""--matcher-mode"", ""egglog"", ""--telemetry-json"", ""/home/arjaiswal/Polygeist/issues/equality_saturation_eval/campaign_20260908/aten-aten_blas_axpy_cpu-egglog-jwtozbw_.json"", ""--disable-semantic-fallback""]","== match report for /home/arjaiswal/Polygeist/issues/aten_c_kernels/results/aten_blas_axpy_cpu/debuf.mlir ==
  match          body#[0]  cublasSaxpby
  total: 1 matched / 1 bodies
",0,[],0,0,0,0,/home/arjaiswal/Polygeist/issues/aten_c_kernels/results/aten_blas_axpy_cpu/debuf.mlir,1828,8,1,1,455.2955701947212,0,70292,25.77444538474083,2,2,0,50,"[{""body_indices"": [0], ""symbol"": ""cublasSaxpby""}]",1,0,0,0.0,50
aten,aten_blas_axpy_cpu,/home/arjaiswal/Polygeist/issues/aten_c_kernels/results/aten_blas_axpy_cpu/debuf.mlir,f66f3502ce2bd9ee97a5af17d48d854f5b9349a1583c73ee06bc75d43e0bff78,syntactic,2,ok,0,877.6447623968124,0,"[""/usr/bin/python3"", ""/home/arjaiswal/Polygeist/scripts/correctness/kernel_match_rewrite.py"", ""/home/arjaiswal/Polygeist/issues/aten_c_kernels/results/aten_blas_axpy_cpu/debuf.mlir"", ""--dry-run"", ""--matcher-mode"", ""syntactic"", ""--telemetry-json"", ""/home/arjaiswal/Polygeist/issues/equality_saturation_eval/campaign_20260908/aten-aten_blas_axpy_cpu-syntactic-okwebreq.json"", ""--disable-semantic-fallback""]","== match report for /home/arjaiswal/Polygeist/issues/aten_c_kernels/results/aten_blas_axpy_cpu/debuf.mlir ==
  match          body#[0]  cublasSaxpby
  total: 1 matched / 1 bodies
",0,[],0,0,0,0,/home/arjaiswal/Polygeist/issues/aten_c_kernels/results/aten_blas_axpy_cpu/debuf.mlir,1828,0,1,1,454.45341244339943,0,65932,0.16373023390769958,0,2,0,0,"[{""body_indices"": [0], ""symbol"": ""cublasSaxpby""}]",1,0,50,0.0,50
aten,aten_blas_axpy_cpu,/home/arjaiswal/Polygeist/issues/aten_c_kernels/results/aten_blas_axpy_cpu/debuf.mlir,f66f3502ce2bd9ee97a5af17d48d854f5b9349a1583c73ee06bc75d43e0bff78,syntactic,3,ok,0,886.742852628231,0,"[""/usr/bin/python3"", ""/home/arjaiswal/Polygeist/scripts/correctness/kernel_match_rewrite.py"", ""/home/arjaiswal/Polygeist/issues/aten_c_kernels/results/aten_blas_axpy_cpu/debuf.mlir"", ""--dry-run"", ""--matcher-mode"", ""syntactic"", ""--telemetry-json"", ""/home/arjaiswal/Polygeist/issues/equality_saturation_eval/campaign_20260908/aten-aten_blas_axpy_cpu-syntactic-1jap_wz_.json"", ""--disable-semantic-fallback""]","== match report for /home/arjaiswal/Polygeist/issues/aten_c_kernels/results/aten_blas_axpy_cpu/debuf.mlir ==
  match          body#[0]  cublasSaxpby
  total: 1 matched / 1 bodies
",0,[],0,0,0,0,/home/arjaiswal/Polygeist/issues/aten_c_kernels/results/aten_blas_axpy_cpu/debuf.mlir,1828,0,1,1,463.8172872364521,0,66036,0.17704814672470093,0,2,0,0,"[{""body_indices"": [0], ""symbol"": ""cublasSaxpby""}]",1,0,50,0.0,50
aten,aten_blas_axpy_cpu,/home/arjaiswal/Polygeist/issues/aten_c_kernels/results/aten_blas_axpy_cpu/debuf.mlir,f66f3502ce2bd9ee97a5af17d48d854f5b9349a1583c73ee06bc75d43e0bff78,egglog,3,ok,0,909.883301705122,0,"[""/usr/bin/python3"", ""/home/arjaiswal/Polygeist/scripts/correctness/kernel_match_rewrite.py"", ""/home/arjaiswal/Polygeist/issues/aten_c_kernels/results/aten_blas_axpy_cpu/debuf.mlir"", ""--dry-run"", ""--matcher-mode"", ""egglog"", ""--telemetry-json"", ""/home/arjaiswal/Polygeist/issues/equality_saturation_eval/campaign_20260908/aten-aten_blas_axpy_cpu-egglog-pipub1l4.json"", ""--disable-semantic-fallback""]","== match report for /home/arjaiswal/Polygeist/issues/aten_c_kernels/results/aten_blas_axpy_cpu/debuf.mlir ==
  match          body#[0]  cublasSaxpby
  total: 1 matched / 1 bodies
",0,[],0,0,0,0,/home/arjaiswal/Polygeist/issues/aten_c_kernels/results/aten_blas_axpy_cpu/debuf.mlir,1828,8,1,1,474.9734066426754,0,70288,28.043806552886963,2,2,0,50,"[{""body_indices"": [0], ""symbol"": ""cublasSaxpby""}]",1,0,0,0.0,50
aten,aten_blas_axpy_cpu,/home/arjaiswal/Polygeist/issues/aten_c_kernels/results/aten_blas_axpy_cpu/debuf.mlir,f66f3502ce2bd9ee97a5af17d48d854f5b9349a1583c73ee06bc75d43e0bff78,egglog,4,ok,0,987.7555966377258,0,"[""/usr/bin/python3"", ""/home/arjaiswal/Polygeist/scripts/correctness/kernel_match_rewrite.py"", ""/home/arjaiswal/Polygeist/issues/aten_c_kernels/results/aten_blas_axpy_cpu/debuf.mlir"", ""--dry-run"", ""--matcher-mode"", ""egglog"", ""--telemetry-json"", ""/home/arjaiswal/Polygeist/issues/equality_saturation_eval/campaign_20260908/aten-aten_blas_axpy_cpu-egglog-zp8k5paf.json"", ""--disable-semantic-fallback""]","== match report for /home/arjaiswal/Polygeist/issues/aten_c_kernels/results/aten_blas_axpy_cpu/debuf.mlir ==
  match          body#[0]  cublasSaxpby
  total: 1 matched / 1 bodies
",0,[],0,0,0,0,/home/arjaiswal/Polygeist/issues/aten_c_kernels/results/aten_blas_axpy_cpu/debuf.mlir,1828,8,1,1,531.8923331797123,0,70360,27.143727988004684,2,2,0,50,"[{""body_indices"": [0], ""symbol"": ""cublasSaxpby""}]",1,0,0,0.0,50
aten,aten_blas_axpy_cpu,/home/arjaiswal/Polygeist/issues/aten_c_kernels/results/aten_blas_axpy_cpu/debuf.mlir,f66f3502ce2bd9ee97a5af17d48d854f5b9349a1583c73ee06bc75d43e0bff78,syntactic,4,ok,0,868.5224242508411,0,"[""/usr/bin/python3"", ""/home/arjaiswal/Polygeist/scripts/correctness/kernel_match_rewrite.py"", ""/home/arjaiswal/Polygeist/issues/aten_c_kernels/results/aten_blas_axpy_cpu/debuf.mlir"", ""--dry-run"", ""--matcher-mode"", ""syntactic"", ""--telemetry-json"", ""/home/arjaiswal/Polygeist/issues/equality_saturation_eval/campaign_20260908/aten-aten_blas_axpy_cpu-syntactic-0qqzs7n_.json"", ""--disable-semantic-fallback""]","== match report for /home/arjaiswal/Polygeist/issues/aten_c_kernels/results/aten_blas_axpy_cpu/debuf.mlir ==
  match          body#[0]  cublasSaxpby
  total: 1 matched / 1 bodies
",0,[],0,0,0,0,/home/arjaiswal/Polygeist/issues/aten_c_kernels/results/aten_blas_axpy_cpu/debuf.mlir,1828,0,1,1,426.3780005276203,0,65788,0.12989714741706848,0,2,0,0,"[{""body_indices"": [0], ""symbol"": ""cublasSaxpby""}]",1,0,50,0.0,50
aten,aten_blas_axpy_cpu,/home/arjaiswal/Polygeist/issues/aten_c_kernels/results/aten_blas_axpy_cpu/debuf.mlir,f66f3502ce2bd9ee97a5af17d48d854f5b9349a1583c73ee06bc75d43e0bff78,syntactic,5,ok,0,875.4517920315266,0,"[""/usr/bin/python3"", ""/home/arjaiswal/Polygeist/scripts/correctness/kernel_match_rewrite.py"", ""/home/arjaiswal/Polygeist/issues/aten_c_kernels/results/aten_blas_axpy_cpu/debuf.mlir"", ""--dry-run"", ""--matcher-mode"", ""syntactic"", ""--telemetry-json"", ""/home/arjaiswal/Polygeist/issues/equality_saturation_eval/campaign_20260908/aten-aten_blas_axpy_cpu-syntactic-cy4tw3w0.json"", ""--disable-semantic-fallback""]","== match report for /home/arjaiswal/Polygeist/issues/aten_c_kernels/results/aten_blas_axpy_cpu/debuf.mlir ==
  match          body#[0]  cublasSaxpby
  total: 1 matched / 1 bodies
",0,[],0,0,0,0,/home/arjaiswal/Polygeist/issues/aten_c_kernels/results/aten_blas_axpy_cpu/debuf.mlir,1828,0,1,1,456.4218036830425,0,66040,0.1523531973361969,0,2,0,0,"[{""body_indices"": [0], ""symbol"": ""cublasSaxpby""}]",1,0,50,0.0,50
aten,aten_blas_axpy_cpu,/home/arjaiswal/Polygeist/issues/aten_c_kernels/results/aten_blas_axpy_cpu/debuf.mlir,f66f3502ce2bd9ee97a5af17d48d854f5b9349a1583c73ee06bc75d43e0bff78,egglog,5,ok,0,890.1446349918842,0,"[""/usr/bin/python3"", ""/home/arjaiswal/Polygeist/scripts/correctness/kernel_match_rewrite.py"", ""/home/arjaiswal/Polygeist/issues/aten_c_kernels/results/aten_blas_axpy_cpu/debuf.mlir"", ""--dry-run"", ""--matcher-mode"", ""egglog"", ""--telemetry-json"", ""/home/arjaiswal/Polygeist/issues/equality_saturation_eval/campaign_20260908/aten-aten_blas_axpy_cpu-egglog-thh83xrb.json"", ""--disable-semantic-fallback""]","== match report for /home/arjaiswal/Polygeist/issues/aten_c_kernels/results/aten_blas_axpy_cpu/debuf.mlir ==
  match          body#[0]  cublasSaxpby
  total: 1 matched / 1 bodies
",0,[],0,0,0,0,/home/arjaiswal/Polygeist/issues/aten_c_kernels/results/aten_blas_axpy_cpu/debuf.mlir,1828,8,1,1,461.61195635795593,0,70172,25.577396154403687,2,2,0,50,"[{""body_indices"": [0], ""symbol"": ""cublasSaxpby""}]",1,0,0,0.0,50
aten,aten_blas_copy_cpu,/home/arjaiswal/Polygeist/issues/aten_c_kernels/results/aten_blas_copy_cpu/debuf.mlir,deeada5390218201b35781d0c6a0747b29236e669a6419b3d5ecce4e0b8e1363,egglog,1,ok,0,874.2334470152855,0,"[""/usr/bin/python3"", ""/home/arjaiswal/Polygeist/scripts/correctness/kernel_match_rewrite.py"", ""/home/arjaiswal/Polygeist/issues/aten_c_kernels/results/aten_blas_copy_cpu/debuf.mlir"", ""--dry-run"", ""--matcher-mode"", ""egglog"", ""--telemetry-json"", ""/home/arjaiswal/Polygeist/issues/equality_saturation_eval/campaign_20260908/aten-aten_blas_copy_cpu-egglog-zg7j5sn9.json"", ""--disable-semantic-fallback""]","== match report for /home/arjaiswal/Polygeist/issues/aten_c_kernels/results/aten_blas_copy_cpu/debuf.mlir ==
  match          body#[0]  cudaCopy1D_f32_tensor
  total: 1 matched / 1 bodies
",0,[],0,0,0,0,/home/arjaiswal/Polygeist/issues/aten_c_kernels/results/aten_blas_copy_cpu/debuf.mlir,1741,8,1,1,422.829270362854,0,69876,22.89538085460663,2,2,0,0,"[{""body_indices"": [0], ""symbol"": ""cudaCopy1D_f32_tensor""}]",1,0,0,0.0,52
aten,aten_blas_copy_cpu,/home/arjaiswal/Polygeist/issues/aten_c_kernels/results/aten_blas_copy_cpu/debuf.mlir,deeada5390218201b35781d0c6a0747b29236e669a6419b3d5ecce4e0b8e1363,syntactic,1,ok,0,857.1371361613274,0,"[""/usr/bin/python3"", ""/home/arjaiswal/Polygeist/scripts/correctness/kernel_match_rewrite.py"", ""/home/arjaiswal/Polygeist/issues/aten_c_kernels/results/aten_blas_copy_cpu/debuf.mlir"", ""--dry-run"", ""--matcher-mode"", ""syntactic"", ""--telemetry-json"", ""/home/arjaiswal/Polygeist/issues/equality_saturation_eval/campaign_20260908/aten-aten_blas_copy_cpu-syntactic-uc906ecv.json"", ""--disable-semantic-fallback""]","== match report for /home/arjaiswal/Polygeist/issues/aten_c_kernels/results/aten_blas_copy_cpu/debuf.mlir ==
  match          body#[0]  cudaCopy1D_f32_tensor
  total: 1 matched / 1 bodies
",0,[],0,0,0,0,/home/arjaiswal/Polygeist/issues/aten_c_kernels/results/aten_blas_copy_cpu/debuf.mlir,1741,0,1,1,408.5024856030941,0,65788,0.14250725507736206,0,2,0,0,"[{""body_indices"": [0], ""symbol"": ""cudaCopy1D_f32_tensor""}]",1,0,52,0.0,52
aten,aten_blas_copy_cpu,/home/arjaiswal/Polygeist/issues/aten_c_kernels/results/aten_blas_copy_cpu/debuf.mlir,deeada5390218201b35781d0c6a0747b29236e669a6419b3d5ecce4e0b8e1363,syntactic,2,ok,0,824.7624672949314,0,"[""/usr/bin/python3"", ""/home/arjaiswal/Polygeist/scripts/correctness/kernel_match_rewrite.py"", ""/home/arjaiswal/Polygeist/issues/aten_c_kernels/results/aten_blas_copy_cpu/debuf.mlir"", ""--dry-run"", ""--matcher-mode"", ""syntactic"", ""--telemetry-json"", ""/home/arjaiswal/Polygeist/issues/equality_saturation_eval/campaign_20260908/aten-aten_blas_copy_cpu-syntactic-xkxhzgc_.json"", ""--disable-semantic-fallback""]","== match report for /home/arjaiswal/Polygeist/issues/aten_c_kernels/results/aten_blas_copy_cpu/debuf.mlir ==
  match          body#[0]  cudaCopy1D_f32_tensor
  total: 1 matched / 1 bodies
",0,[],0,0,0,0,/home/arjaiswal/Polygeist/issues/aten_c_kernels/results/aten_blas_copy_cpu/debuf.mlir,1741,0,1,1,374.7944235801697,0,65968,0.12367218732833862,0,2,0,0,"[{""body_indices"": [0], ""symbol"": ""cudaCopy1D_f32_tensor""}]",1,0,52,0.0,52
aten,aten_blas_copy_cpu,/home/arjaiswal/Polygeist/issues/aten_c_kernels/results/aten_blas_copy_cpu/debuf.mlir,deeada5390218201b35781d0c6a0747b29236e669a6419b3d5ecce4e0b8e1363,egglog,2,ok,0,871.2460473179817,0,"[""/usr/bin/python3"", ""/home/arjaiswal/Polygeist/scripts/correctness/kernel_match_rewrite.py"", ""/home/arjaiswal/Polygeist/issues/aten_c_kernels/results/aten_blas_copy_cpu/debuf.mlir"", ""--dry-run"", ""--matcher-mode"", ""egglog"", ""--telemetry-json"", ""/home/arjaiswal/Polygeist/issues/equality_saturation_eval/campaign_20260908/aten-aten_blas_copy_cpu-egglog-mnj14l8w.json"", ""--disable-semantic-fallback""]","== match report for /home/arjaiswal/Polygeist/issues/aten_c_kernels/results/aten_blas_copy_cpu/debuf.mlir ==
  match          body#[0]  cudaCopy1D_f32_tensor
  total: 1 matched / 1 bodies
",0,[],0,0,0,0,/home/arjaiswal/Polygeist/issues/aten_c_kernels/results/aten_blas_copy_cpu/debuf.mlir,1741,8,1,1,441.26157090067863,0,69852,21.96637913584709,2,2,0,0,"[{""body_indices"": [0], ""symbol"": ""cudaCopy1D_f32_tensor""}]",1,0,0,0.0,52
aten,aten_blas_copy_cpu,/home/arjaiswal/Polygeist/issues/aten_c_kernels/results/aten_blas_copy_cpu/debuf.mlir,deeada5390218201b35781d0c6a0747b29236e669a6419b3d5ecce4e0b8e1363,egglog,3,ok,0,842.6783867180347,0,"[""/usr/bin/python3"", ""/home/arjaiswal/Polygeist/scripts/correctness/kernel_match_rewrite.py"", ""/home/arjaiswal/Polygeist/issues/aten_c_kernels/results/aten_blas_copy_cpu/debuf.mlir"", ""--dry-run"", ""--matcher-mode"", ""egglog"", ""--telemetry-json"", ""/home/arjaiswal/Polygeist/issues/equality_saturation_eval/campaign_20260908/aten-aten_blas_copy_cpu-egglog-mw3ajg77.json"", ""--disable-semantic-fallback""]","== match report for /home/arjaiswal/Polygeist/issues/aten_c_kernels/results/aten_blas_copy_cpu/debuf.mlir ==
  match          body#[0]  cudaCopy1D_f32_tensor
  total: 1 matched / 1 bodies
",0,[],0,0,0,0,/home/arjaiswal/Polygeist/issues/aten_c_kernels/results/aten_blas_copy_cpu/debuf.mlir,1741,8,1,1,415.5818708240986,0,69824,22.15975895524025,2,2,0,0,"[{""body_indices"": [0], ""symbol"": ""cudaCopy1D_f32_tensor""}]",1,0,0,0.0,52
aten,aten_blas_copy_cpu,/home/arjaiswal/Polygeist/issues/aten_c_kernels/results/aten_blas_copy_cpu/debuf.mlir,deeada5390218201b35781d0c6a0747b29236e669a6419b3d5ecce4e0b8e1363,syntactic,3,ok,0,822.6681910455227,0,"[""/usr/bin/python3"", ""/home/arjaiswal/Polygeist/scripts/correctness/kernel_match_rewrite.py"", ""/home/arjaiswal/Polygeist/issues/aten_c_kernels/results/aten_blas_copy_cpu/debuf.mlir"", ""--dry-run"", ""--matcher-mode"", ""syntactic"", ""--telemetry-json"", ""/home/arjaiswal/Polygeist/issues/equality_saturation_eval/campaign_20260908/aten-aten_blas_copy_cpu-syntactic-yf8r11t0.json"", ""--disable-semantic-fallback""]","== match report for /home/arjaiswal/Polygeist/issues/aten_c_kernels/results/aten_blas_copy_cpu/debuf.mlir ==
  match          body#[0]  cudaCopy1D_f32_tensor
  total: 1 matched / 1 bodies
",0,[],0,0,0,0,/home/arjaiswal/Polygeist/issues/aten_c_kernels/results/aten_blas_copy_cpu/debuf.mlir,1741,0,1,1,373.81257116794586,0,65988,0.13877823948860168,0,2,0,0,"[{""body_indices"": [0], ""symbol"": ""cudaCopy1D_f32_tensor""}]",1,0,52,0.0,52
aten,aten_blas_copy_cpu,/home/arjaiswal/Polygeist/issues/aten_c_kernels/results/aten_blas_copy_cpu/debuf.mlir,deeada5390218201b35781d0c6a0747b29236e669a6419b3d5ecce4e0b8e1363,syntactic,4,ok,0,905.7217389345169,0,"[""/usr/bin/python3"", ""/home/arjaiswal/Polygeist/scripts/correctness/kernel_match_rewrite.py"", ""/home/arjaiswal/Polygeist/issues/aten_c_kernels/results/aten_blas_copy_cpu/debuf.mlir"", ""--dry-run"", ""--matcher-mode"", ""syntactic"", ""--telemetry-json"", ""/home/arjaiswal/Polygeist/issues/equality_saturation_eval/campaign_20260908/aten-aten_blas_copy_cpu-syntactic-2gdqc4sk.json"", ""--disable-semantic-fallback""]","== match report for /home/arjaiswal/Polygeist/issues/aten_c_kernels/results/aten_blas_copy_cpu/debuf.mlir ==
  match          body#[0]  cudaCopy1D_f32_tensor
  total: 1 matched / 1 bodies
",0,[],0,0,0,0,/home/arjaiswal/Polygeist/issues/aten_c_kernels/results/aten_blas_copy_cpu/debuf.mlir,1741,0,1,1,420.99591717123985,0,65988,0.15127286314964294,0,2,0,0,"[{""body_indices"": [0], ""symbol"": ""cudaCopy1D_f32_tensor""}]",1,0,52,0.0,52
aten,aten_blas_copy_cpu,/home/arjaiswal/Polygeist/issues/aten_c_kernels/results/aten_blas_copy_cpu/debuf.mlir,deeada5390218201b35781d0c6a0747b29236e669a6419b3d5ecce4e0b8e1363,egglog,4,ok,0,857.1141362190247,0,"[""/usr/bin/python3"", ""/home/arjaiswal/Polygeist/scripts/correctness/kernel_match_rewrite.py"", ""/home/arjaiswal/Polygeist/issues/aten_c_kernels/results/aten_blas_copy_cpu/debuf.mlir"", ""--dry-run"", ""--matcher-mode"", ""egglog"", ""--telemetry-json"", ""/home/arjaiswal/Polygeist/issues/equality_saturation_eval/campaign_20260908/aten-aten_blas_copy_cpu-egglog-ttlg8lba.json"", ""--disable-semantic-fallback""]","== match report for /home/arjaiswal/Polygeist/issues/aten_c_kernels/results/aten_blas_copy_cpu/debuf.mlir ==
  match          body#[0]  cudaCopy1D_f32_tensor
  total: 1 matched / 1 bodies
",0,[],0,0,0,0,/home/arjaiswal/Polygeist/issues/aten_c_kernels/results/aten_blas_copy_cpu/debuf.mlir,1741,8,1,1,417.0348271727562,0,69856,22.539149969816208,2,2,0,0,"[{""body_indices"": [0], ""symbol"": ""cudaCopy1D_f32_tensor""}]",1,0,0,0.0,52
aten,aten_blas_copy_cpu,/home/arjaiswal/Polygeist/issues/aten_c_kernels/results/aten_blas_copy_cpu/debuf.mlir,deeada5390218201b35781d0c6a0747b29236e669a6419b3d5ecce4e0b8e1363,egglog,5,ok,0,841.1857783794403,0,"[""/usr/bin/python3"", ""/home/arjaiswal/Polygeist/scripts/correctness/kernel_match_rewrite.py"", ""/home/arjaiswal/Polygeist/issues/aten_c_kernels/results/aten_blas_copy_cpu/debuf.mlir"", ""--dry-run"", ""--matcher-mode"", ""egglog"", ""--telemetry-json"", ""/home/arjaiswal/Polygeist/issues/equality_saturation_eval/campaign_20260908/aten-aten_blas_copy_cpu-egglog-k_nlfx8d.json"", ""--disable-semantic-fallback""]","== match report for /home/arjaiswal/Polygeist/issues/aten_c_kernels/results/aten_blas_copy_cpu/debuf.mlir ==
  match          body#[0]  cudaCopy1D_f32_tensor
  total: 1 matched / 1 bodies
",0,[],0,0,0,0,/home/arjaiswal/Polygeist/issues/aten_c_kernels/results/aten_blas_copy_cpu/debuf.mlir,1741,8,1,1,412.09961473941803,0,69884,22.489935159683228,2,2,0,0,"[{""body_indices"": [0], ""symbol"": ""cudaCopy1D_f32_tensor""}]",1,0,0,0.0,52
aten,aten_blas_copy_cpu,/home/arjaiswal/Polygeist/issues/aten_c_kernels/results/aten_blas_copy_cpu/debuf.mlir,deeada5390218201b35781d0c6a0747b29236e669a6419b3d5ecce4e0b8e1363,syntactic,5,ok,0,875.4803910851479,0,"[""/usr/bin/python3"", ""/home/arjaiswal/Polygeist/scripts/correctness/kernel_match_rewrite.py"", ""/home/arjaiswal/Polygeist/issues/aten_c_kernels/results/aten_blas_copy_cpu/debuf.mlir"", ""--dry-run"", ""--matcher-mode"", ""syntactic"", ""--telemetry-json"", ""/home/arjaiswal/Polygeist/issues/equality_saturation_eval/campaign_20260908/aten-aten_blas_copy_cpu-syntactic-s9_w4lnc.json"", ""--disable-semantic-fallback""]","== match report for /home/arjaiswal/Polygeist/issues/aten_c_kernels/results/aten_blas_copy_cpu/debuf.mlir ==
  match          body#[0]  cudaCopy1D_f32_tensor
  total: 1 matched / 1 bodies
",0,[],0,0,0,0,/home/arjaiswal/Polygeist/issues/aten_c_kernels/results/aten_blas_copy_cpu/debuf.mlir,1741,0,1,1,427.2151254117489,0,65920,0.1332201063632965,0,2,0,0,"[{""body_indices"": [0], ""symbol"": ""cudaCopy1D_f32_tensor""}]",1,0,52,0.0,52
aten,aten_blas_dot_naive_cpu,/home/arjaiswal/Polygeist/issues/aten_c_kernels/results/aten_blas_dot_naive_cpu/debuf.mlir,903910d214d7e8dbfe4260494ee623f2186c7ea00b82d1bd0cf8b7a9dedc5410,syntactic,1,ok,0,884.9863708019257,0,"[""/usr/bin/python3"", ""/home/arjaiswal/Polygeist/scripts/correctness/kernel_match_rewrite.py"", ""/home/arjaiswal/Polygeist/issues/aten_c_kernels/results/aten_blas_dot_naive_cpu/debuf.mlir"", ""--dry-run"", ""--matcher-mode"", ""syntactic"", ""--telemetry-json"", ""/home/arjaiswal/Polygeist/issues/equality_saturation_eval/campaign_20260908/aten-aten_blas_dot_naive_cpu-syntactic-89_5u5ny.json"", ""--disable-semantic-fallback""]","== match report for /home/arjaiswal/Polygeist/issues/aten_c_kernels/results/aten_blas_dot_naive_cpu/debuf.mlir ==
  match          body#[0]  cublasSdot
  total: 1 matched / 1 bodies
",0,[],0,0,0,0,/home/arjaiswal/Polygeist/issues/aten_c_kernels/results/aten_blas_dot_naive_cpu/debuf.mlir,2335,0,1,1,285.0191779434681,0,64852,0.035274773836135864,0,2,0,0,"[{""body_indices"": [0], ""symbol"": ""cublasSdot""}]",1,0,2,0.0,2
aten,aten_blas_dot_naive_cpu,/home/arjaiswal/Polygeist/issues/aten_c_kernels/results/aten_blas_dot_naive_cpu/debuf.mlir,903910d214d7e8dbfe4260494ee623f2186c7ea00b82d1bd0cf8b7a9dedc5410,egglog,1,ok,0,796.1755692958832,0,"[""/usr/bin/python3"", ""/home/arjaiswal/Polygeist/scripts/correctness/kernel_match_rewrite.py"", ""/home/arjaiswal/Polygeist/issues/aten_c_kernels/results/aten_blas_dot_naive_cpu/debuf.mlir"", ""--dry-run"", ""--matcher-mode"", ""egglog"", ""--telemetry-json"", ""/home/arjaiswal/Polygeist/issues/equality_saturation_eval/campaign_20260908/aten-aten_blas_dot_naive_cpu-egglog-7hbpcpog.json"", ""--disable-semantic-fallback""]","== match report for /home/arjaiswal/Polygeist/issues/aten_c_kernels/results/aten_blas_dot_naive_cpu/debuf.mlir ==
  match          body#[0]  cublasSdot
  total: 1 matched / 1 bodies
",0,[],0,0,0,0,/home/arjaiswal/Polygeist/issues/aten_c_kernels/results/aten_blas_dot_naive_cpu/debuf.mlir,2335,8,1,1,334.8425142467022,0,69508,24.56982061266899,2,2,0,8,"[{""body_indices"": [0], ""symbol"": ""cublasSdot""}]",1,0,0,0.0,2
aten,aten_blas_dot_naive_cpu,/home/arjaiswal/Polygeist/issues/aten_c_kernels/results/aten_blas_dot_naive_cpu/debuf.mlir,903910d214d7e8dbfe4260494ee623f2186c7ea00b82d1bd0cf8b7a9dedc5410,egglog,2,ok,0,780.8653712272644,0,"[""/usr/bin/python3"", ""/home/arjaiswal/Polygeist/scripts/correctness/kernel_match_rewrite.py"", ""/home/arjaiswal/Polygeist/issues/aten_c_kernels/results/aten_blas_dot_naive_cpu/debuf.mlir"", ""--dry-run"", ""--matcher-mode"", ""egglog"", ""--telemetry-json"", ""/home/arjaiswal/Polygeist/issues/equality_saturation_eval/campaign_20260908/aten-aten_blas_dot_naive_cpu-egglog-_6pmupgj.json"", ""--disable-semantic-fallback""]","== match report for /home/arjaiswal/Polygeist/issues/aten_c_kernels/results/aten_blas_dot_naive_cpu/debuf.mlir ==
  match          body#[0]  cublasSdot
  total: 1 matched / 1 bodies
",0,[],0,0,0,0,/home/arjaiswal/Polygeist/issues/aten_c_kernels/results/aten_blas_dot_naive_cpu/debuf.mlir,2335,8,1,1,314.0041455626488,0,69444,23.270223289728165,2,2,0,8,"[{""body_indices"": [0], ""symbol"": ""cublasSdot""}]",1,0,0,0.0,2
aten,aten_blas_dot_naive_cpu,/home/arjaiswal/Polygeist/issues/aten_c_kernels/results/aten_blas_dot_naive_cpu/debuf.mlir,903910d214d7e8dbfe4260494ee623f2186c7ea00b82d1bd0cf8b7a9dedc5410,syntactic,2,ok,0,700.0754065811634,0,"[""/usr/bin/python3"", ""/home/arjaiswal/Polygeist/scripts/correctness/kernel_match_rewrite.py"", ""/home/arjaiswal/Polygeist/issues/aten_c_kernels/results/aten_blas_dot_naive_cpu/debuf.mlir"", ""--dry-run"", ""--matcher-mode"", ""syntactic"", ""--telemetry-json"", ""/home/arjaiswal/Polygeist/issues/equality_saturation_eval/campaign_20260908/aten-aten_blas_dot_naive_cpu-syntactic-0wey_qxd.json"", ""--disable-semantic-fallback""]","== match report for /home/arjaiswal/Polygeist/issues/aten_c_kernels/results/aten_blas_dot_naive_cpu/debuf.mlir ==
  match          body#[0]  cublasSdot
  total: 1 matched / 1 bodies
",0,[],0,0,0,0,/home/arjaiswal/Polygeist/issues/aten_c_kernels/results/aten_blas_dot_naive_cpu/debuf.mlir,2335,0,1,1,277.6341699063778,0,64776,0.02181529998779297,0,2,0,0,"[{""body_indices"": [0], ""symbol"": ""cublasSdot""}]",1,0,2,0.0,2
aten,aten_blas_dot_naive_cpu,/home/arjaiswal/Polygeist/issues/aten_c_kernels/results/aten_blas_dot_naive_cpu/debuf.mlir,903910d214d7e8dbfe4260494ee623f2186c7ea00b82d1bd0cf8b7a9dedc5410,syntactic,3,ok,0,701.7920464277267,0,"[""/usr/bin/python3"", ""/home/arjaiswal/Polygeist/scripts/correctness/kernel_match_rewrite.py"", ""/home/arjaiswal/Polygeist/issues/aten_c_kernels/results/aten_blas_dot_naive_cpu/debuf.mlir"", ""--dry-run"", ""--matcher-mode"", ""syntactic"", ""--telemetry-json"", ""/home/arjaiswal/Polygeist/issues/equality_saturation_eval/campaign_20260908/aten-aten_blas_dot_naive_cpu-syntactic-p56e_lx1.json"", ""--disable-semantic-fallback""]","== match report for /home/arjaiswal/Polygeist/issues/aten_c_kernels/results/aten_blas_dot_naive_cpu/debuf.mlir ==
  match          body#[0]  cublasSdot
  total: 1 matched / 1 bodies
",0,[],0,0,0,0,/home/arjaiswal/Polygeist/issues/aten_c_kernels/results/aten_blas_dot_naive_cpu/debuf.mlir,2335,0,1,1,280.4301120340824,0,64816,0.022388994693756104,0,2,0,0,"[{""body_indices"": [0], ""symbol"": ""cublasSdot""}]",1,0,2,0.0,2
aten,aten_blas_dot_naive_cpu,/home/arjaiswal/Polygeist/issues/aten_c_kernels/results/aten_blas_dot_naive_cpu/debuf.mlir,903910d214d7e8dbfe4260494ee623f2186c7ea00b82d1bd0cf8b7a9dedc5410,egglog,3,ok,0,730.0348952412605,0,"[""/usr/bin/python3"", ""/home/arjaiswal/Polygeist/scripts/correctness/kernel_match_rewrite.py"", ""/home/arjaiswal/Polygeist/issues/aten_c_kernels/results/aten_blas_dot_naive_cpu/debuf.mlir"", ""--dry-run"", ""--matcher-mode"", ""egglog"", ""--telemetry-json"", ""/home/arjaiswal/Polygeist/issues/equality_saturation_eval/campaign_20260908/aten-aten_blas_dot_naive_cpu-egglog-8zghsrf2.json"", ""--disable-semantic-fallback""]","== match report for /home/arjaiswal/Polygeist/issues/aten_c_kernels/results/aten_blas_dot_naive_cpu/debuf.mlir ==
  match          body#[0]  cublasSdot
  total: 1 matched / 1 bodies
",0,[],0,0,0,0,/home/arjaiswal/Polygeist/issues/aten_c_kernels/results/aten_blas_dot_naive_cpu/debuf.mlir,2335,8,1,1,295.2984385192394,0,69468,22.33654633164406,2,2,0,8,"[{""body_indices"": [0], ""symbol"": ""cublasSdot""}]",1,0,0,0.0,2
aten,aten_blas_dot_naive_cpu,/home/arjaiswal/Polygeist/issues/aten_c_kernels/results/aten_blas_dot_naive_cpu/debuf.mlir,903910d214d7e8dbfe4260494ee623f2186c7ea00b82d1bd0cf8b7a9dedc5410,egglog,4,ok,0,714.4336029887199,0,"[""/usr/bin/python3"", ""/home/arjaiswal/Polygeist/scripts/correctness/kernel_match_rewrite.py"", ""/home/arjaiswal/Polygeist/issues/aten_c_kernels/results/aten_blas_dot_naive_cpu/debuf.mlir"", ""--dry-run"", ""--matcher-mode"", ""egglog"", ""--telemetry-json"", ""/home/arjaiswal/Polygeist/issues/equality_saturation_eval/campaign_20260908/aten-aten_blas_dot_naive_cpu-egglog-5m4s24cc.json"", ""--disable-semantic-fallback""]","== match report for /home/arjaiswal/Polygeist/issues/aten_c_kernels/results/aten_blas_dot_naive_cpu/debuf.mlir ==
  match          body#[0]  cublasSdot
  total: 1 matched / 1 bodies
",0,[],0,0,0,0,/home/arjaiswal/Polygeist/issues/aten_c_kernels/results/aten_blas_dot_naive_cpu/debuf.mlir,2335,8,1,1,296.960461884737,0,69492,22.289231419563293,2,2,0,8,"[{""body_indices"": [0], ""symbol"": ""cublasSdot""}]",1,0,0,0.0,2
aten,aten_blas_dot_naive_cpu,/home/arjaiswal/Polygeist/issues/aten_c_kernels/results/aten_blas_dot_naive_cpu/debuf.mlir,903910d214d7e8dbfe4260494ee623f2186c7ea00b82d1bd0cf8b7a9dedc5410,syntactic,4,ok,0,692.5285346806049,0,"[""/usr/bin/python3"", ""/home/arjaiswal/Polygeist/scripts/correctness/kernel_match_rewrite.py"", ""/home/arjaiswal/Polygeist/issues/aten_c_kernels/results/aten_blas_dot_naive_cpu/debuf.mlir"", ""--dry-run"", ""--matcher-mode"", ""syntactic"", ""--telemetry-json"", ""/home/arjaiswal/Polygeist/issues/equality_saturation_eval/campaign_20260908/aten-aten_blas_dot_naive_cpu-syntactic-5o3v3xhv.json"", ""--disable-semantic-fallback""]","== match report for /home/arjaiswal/Polygeist/issues/aten_c_kernels/results/aten_blas_dot_naive_cpu/debuf.mlir ==
  match          body#[0]  cublasSdot
  total: 1 matched / 1 bodies
",0,[],0,0,0,0,/home/arjaiswal/Polygeist/issues/aten_c_kernels/results/aten_blas_dot_naive_cpu/debuf.mlir,2335,0,1,1,275.1815468072891,0,64836,0.021558254957199097,0,2,0,0,"[{""body_indices"": [0], ""symbol"": ""cublasSdot""}]",1,0,2,0.0,2
aten,aten_blas_dot_naive_cpu,/home/arjaiswal/Polygeist/issues/aten_c_kernels/results/aten_blas_dot_naive_cpu/debuf.mlir,903910d214d7e8dbfe4260494ee623f2186c7ea00b82d1bd0cf8b7a9dedc5410,syntactic,5,ok,0,718.2415910065174,0,"[""/usr/bin/python3"", ""/home/arjaiswal/Polygeist/scripts/correctness/kernel_match_rewrite.py"", ""/home/arjaiswal/Polygeist/issues/aten_c_kernels/results/aten_blas_dot_naive_cpu/debuf.mlir"", ""--dry-run"", ""--matcher-mode"", ""syntactic"", ""--telemetry-json"", ""/home/arjaiswal/Polygeist/issues/equality_saturation_eval/campaign_20260908/aten-aten_blas_dot_naive_cpu-syntactic-edrelebm.json"", ""--disable-semantic-fallback""]","== match report for /home/arjaiswal/Polygeist/issues/aten_c_kernels/results/aten_blas_dot_naive_cpu/debuf.mlir ==
  match          body#[0]  cublasSdot
  total: 1 matched / 1 bodies
",0,[],0,0,0,0,/home/arjaiswal/Polygeist/issues/aten_c_kernels/results/aten_blas_dot_naive_cpu/debuf.mlir,2335,0,1,1,281.53475746512413,0,64664,0.021453946828842163,0,2,0,0,"[{""body_indices"": [0], ""symbol"": ""cublasSdot""}]",1,0,2,0.0,2
aten,aten_blas_dot_naive_cpu,/home/arjaiswal/Polygeist/issues/aten_c_kernels/results/aten_blas_dot_naive_cpu/debuf.mlir,903910d214d7e8dbfe4260494ee623f2186c7ea00b82d1bd0cf8b7a9dedc5410,egglog,5,ok,0,738.92942070961,0,"[""/usr/bin/python3"", ""/home/arjaiswal/Polygeist/scripts/correctness/kernel_match_rewrite.py"", ""/home/arjaiswal/Polygeist/issues/aten_c_kernels/results/aten_blas_dot_naive_cpu/debuf.mlir"", ""--dry-run"", ""--matcher-mode"", ""egglog"", ""--telemetry-json"", ""/home/arjaiswal/Polygeist/issues/equality_saturation_eval/campaign_20260908/aten-aten_blas_dot_naive_cpu-egglog-4mp4nu8e.json"", ""--disable-semantic-fallback""]","== match report for /home/arjaiswal/Polygeist/issues/aten_c_kernels/results/aten_blas_dot_naive_cpu/debuf.mlir ==
  match          body#[0]  cublasSdot
  total: 1 matched / 1 bodies
",0,[],0,0,0,0,/home/arjaiswal/Polygeist/issues/aten_c_kernels/results/aten_blas_dot_naive_cpu/debuf.mlir,2335,8,1,1,313.35368379950523,0,69412,24.588048458099365,2,2,0,8,"[{""body_indices"": [0], ""symbol"": ""cublasSdot""}]",1,0,0,0.0,2
aten,aten_blas_gemv_generic_cpu,/home/arjaiswal/Polygeist/issues/aten_c_kernels/results/aten_blas_gemv_generic_cpu/debuf.mlir,6f55e60a440b5196e5ac11154aad11bcd0bf021d4b04b50d88f42862b53e906f,egglog,1,ok,0,895.2529355883598,0,"[""/usr/bin/python3"", ""/home/arjaiswal/Polygeist/scripts/correctness/kernel_match_rewrite.py"", ""/home/arjaiswal/Polygeist/issues/aten_c_kernels/results/aten_blas_gemv_generic_cpu/debuf.mlir"", ""--dry-run"", ""--matcher-mode"", ""egglog"", ""--telemetry-json"", ""/home/arjaiswal/Polygeist/issues/equality_saturation_eval/campaign_20260908/aten-aten_blas_gemv_generic_cpu-egglog-mstcyt2b.json"", ""--disable-semantic-fallback""]","== match report for /home/arjaiswal/Polygeist/issues/aten_c_kernels/results/aten_blas_gemv_generic_cpu/debuf.mlir ==
  match          body#[0, 1]  cublasSgemv
  total: 1 matched / 1 bodies
",0,[],0,0,0,0,/home/arjaiswal/Polygeist/issues/aten_c_kernels/results/aten_blas_gemv_generic_cpu/debuf.mlir,2870,8,2,2,453.6527954041958,0,69620,143.94135028123856,14,14,0,8,"[{""body_indices"": [0, 1], ""symbol"": ""cublasSgemv""}]",1,0,0,0.0,16
aten,aten_blas_gemv_generic_cpu,/home/arjaiswal/Polygeist/issues/aten_c_kernels/results/aten_blas_gemv_generic_cpu/debuf.mlir,6f55e60a440b5196e5ac11154aad11bcd0bf021d4b04b50d88f42862b53e906f,syntactic,1,ok,0,733.2995608448982,0,"[""/usr/bin/python3"", ""/home/arjaiswal/Polygeist/scripts/correctness/kernel_match_rewrite.py"", ""/home/arjaiswal/Polygeist/issues/aten_c_kernels/results/aten_blas_gemv_generic_cpu/debuf.mlir"", ""--dry-run"", ""--matcher-mode"", ""syntactic"", ""--telemetry-json"", ""/home/arjaiswal/Polygeist/issues/equality_saturation_eval/campaign_20260908/aten-aten_blas_gemv_generic_cpu-syntactic-a4aq1klc.json"", ""--disable-semantic-fallback""]","== match report for /home/arjaiswal/Polygeist/issues/aten_c_kernels/results/aten_blas_gemv_generic_cpu/debuf.mlir ==
  match          body#[0, 1]  cublasSgemv
  total: 1 matched / 1 bodies
",0,[],0,0,0,0,/home/arjaiswal/Polygeist/issues/aten_c_kernels/results/aten_blas_gemv_generic_cpu/debuf.mlir,2870,0,2,2,312.61593848466873,0,65588,0.06317347288131714,0,14,0,0,"[{""body_indices"": [0, 1], ""symbol"": ""cublasSgemv""}]",1,0,16,0.0,16
aten,aten_blas_gemv_generic_cpu,/home/arjaiswal/Polygeist/issues/aten_c_kernels/results/aten_blas_gemv_generic_cpu/debuf.mlir,6f55e60a440b5196e5ac11154aad11bcd0bf021d4b04b50d88f42862b53e906f,syntactic,2,ok,0,769.0882496535778,0,"[""/usr/bin/python3"", ""/home/arjaiswal/Polygeist/scripts/correctness/kernel_match_rewrite.py"", ""/home/arjaiswal/Polygeist/issues/aten_c_kernels/results/aten_blas_gemv_generic_cpu/debuf.mlir"", ""--dry-run"", ""--matcher-mode"", ""syntactic"", ""--telemetry-json"", ""/home/arjaiswal/Polygeist/issues/equality_saturation_eval/campaign_20260908/aten-aten_blas_gemv_generic_cpu-syntactic-fqahpkof.json"", ""--disable-semantic-fallback""]","== match report for /home/arjaiswal/Polygeist/issues/aten_c_kernels/results/aten_blas_gemv_generic_cpu/debuf.mlir ==
  match          body#[0, 1]  cublasSgemv
  total: 1 matched / 1 bodies
",0,[],0,0,0,0,/home/arjaiswal/Polygeist/issues/aten_c_kernels/results/aten_blas_gemv_generic_cpu/debuf.mlir,2870,0,2,2,340.9905768930912,0,65684,0.06444752216339111,0,14,0,0,"[{""body_indices"": [0, 1], ""symbol"": ""cublasSgemv""}]",1,0,16,0.0,16
aten,aten_blas_gemv_generic_cpu,/home/arjaiswal/Polygeist/issues/aten_c_kernels/results/aten_blas_gemv_generic_cpu/debuf.mlir,6f55e60a440b5196e5ac11154aad11bcd0bf021d4b04b50d88f42862b53e906f,egglog,2,ok,0,903.719000518322,0,"[""/usr/bin/python3"", ""/home/arjaiswal/Polygeist/scripts/correctness/kernel_match_rewrite.py"", ""/home/arjaiswal/Polygeist/issues/aten_c_kernels/results/aten_blas_gemv_generic_cpu/debuf.mlir"", ""--dry-run"", ""--matcher-mode"", ""egglog"", ""--telemetry-json"", ""/home/arjaiswal/Polygeist/issues/equality_saturation_eval/campaign_20260908/aten-aten_blas_gemv_generic_cpu-egglog-_qo2of6p.json"", ""--disable-semantic-fallback""]","== match report for /home/arjaiswal/Polygeist/issues/aten_c_kernels/results/aten_blas_gemv_generic_cpu/debuf.mlir ==
  match          body#[0, 1]  cublasSgemv
  total: 1 matched / 1 bodies
",0,[],0,0,0,0,/home/arjaiswal/Polygeist/issues/aten_c_kernels/results/aten_blas_gemv_generic_cpu/debuf.mlir,2870,8,2,2,440.9836381673813,0,69852,140.53073525428772,14,14,0,8,"[{""body_indices"": [0, 1], ""symbol"": ""cublasSgemv""}]",1,0,0,0.0,16
aten,aten_blas_gemv_generic_cpu,/home/arjaiswal/Polygeist/issues/aten_c_kernels/results/aten_blas_gemv_generic_cpu/debuf.mlir,6f55e60a440b5196e5ac11154aad11bcd0bf021d4b04b50d88f42862b53e906f,egglog,3,ok,0,858.5267588496208,0,"[""/usr/bin/python3"", ""/home/arjaiswal/Polygeist/scripts/correctness/kernel_match_rewrite.py"", ""/home/arjaiswal/Polygeist/issues/aten_c_kernels/results/aten_blas_gemv_generic_cpu/debuf.mlir"", ""--dry-run"", ""--matcher-mode"", ""egglog"", ""--telemetry-json"", ""/home/arjaiswal/Polygeist/issues/equality_saturation_eval/campaign_20260908/aten-aten_blas_gemv_generic_cpu-egglog-lazrsteh.json"", ""--disable-semantic-fallback""]","== match report for /home/arjaiswal/Polygeist/issues/aten_c_kernels/results/aten_blas_gemv_generic_cpu/debuf.mlir ==
  match          body#[0, 1]  cublasSgemv
  total: 1 matched / 1 bodies
",0,[],0,0,0,0,/home/arjaiswal/Polygeist/issues/aten_c_kernels/results/aten_blas_gemv_generic_cpu/debuf.mlir,2870,8,2,2,440.71039929986,0,69628,138.31092044711113,14,14,0,8,"[{""body_indices"": [0, 1], ""symbol"": ""cublasSgemv""}]",1,0,0,0.0,16
aten,aten_blas_gemv_generic_cpu,/home/arjaiswal/Polygeist/issues/aten_c_kernels/results/aten_blas_gemv_generic_cpu/debuf.mlir,6f55e60a440b5196e5ac11154aad11bcd0bf021d4b04b50d88f42862b53e906f,syntactic,3,ok,0,746.4997954666615,0,"[""/usr/bin/python3"", ""/home/arjaiswal/Polygeist/scripts/correctness/kernel_match_rewrite.py"", ""/home/arjaiswal/Polygeist/issues/aten_c_kernels/results/aten_blas_gemv_generic_cpu/debuf.mlir"", ""--dry-run"", ""--matcher-mode"", ""syntactic"", ""--telemetry-json"", ""/home/arjaiswal/Polygeist/issues/equality_saturation_eval/campaign_20260908/aten-aten_blas_gemv_generic_cpu-syntactic-_dm8_t64.json"", ""--disable-semantic-fallback""]","== match report for /home/arjaiswal/Polygeist/issues/aten_c_kernels/results/aten_blas_gemv_generic_cpu/debuf.mlir ==
  match          body#[0, 1]  cublasSgemv
  total: 1 matched / 1 bodies
",0,[],0,0,0,0,/home/arjaiswal/Polygeist/issues/aten_c_kernels/results/aten_blas_gemv_generic_cpu/debuf.mlir,2870,0,2,2,319.9894279241562,0,65708,0.06508082151412964,0,14,0,0,"[{""body_indices"": [0, 1], ""symbol"": ""cublasSgemv""}]",1,0,16,0.0,16
aten,aten_blas_gemv_generic_cpu,/home/arjaiswal/Polygeist/issues/aten_c_kernels/results/aten_blas_gemv_generic_cpu/debuf.mlir,6f55e60a440b5196e5ac11154aad11bcd0bf021d4b04b50d88f42862b53e906f,syntactic,4,ok,0,759.897742420435,0,"[""/usr/bin/python3"", ""/home/arjaiswal/Polygeist/scripts/correctness/kernel_match_rewrite.py"", ""/home/arjaiswal/Polygeist/issues/aten_c_kernels/results/aten_blas_gemv_generic_cpu/debuf.mlir"", ""--dry-run"", ""--matcher-mode"", ""syntactic"", ""--telemetry-json"", ""/home/arjaiswal/Polygeist/issues/equality_saturation_eval/campaign_20260908/aten-aten_blas_gemv_generic_cpu-syntactic-_q86osso.json"", ""--disable-semantic-fallback""]","== match report for /home/arjaiswal/Polygeist/issues/aten_c_kernels/results/aten_blas_gemv_generic_cpu/debuf.mlir ==
  match          body#[0, 1]  cublasSgemv
  total: 1 matched / 1 bodies
",0,[],0,0,0,0,/home/arjaiswal/Polygeist/issues/aten_c_kernels/results/aten_blas_gemv_generic_cpu/debuf.mlir,2870,0,2,2,311.83692440390587,0,65728,0.06509572267532349,0,14,0,0,"[{""body_indices"": [0, 1], ""symbol"": ""cublasSgemv""}]",1,0,16,0.0,16
aten,aten_blas_gemv_generic_cpu,/home/arjaiswal/Polygeist/issues/aten_c_kernels/results/aten_blas_gemv_generic_cpu/debuf.mlir,6f55e60a440b5196e5ac11154aad11bcd0bf021d4b04b50d88f42862b53e906f,egglog,4,ok,0,886.2115144729614,0,"[""/usr/bin/python3"", ""/home/arjaiswal/Polygeist/scripts/correctness/kernel_match_rewrite.py"", ""/home/arjaiswal/Polygeist/issues/aten_c_kernels/results/aten_blas_gemv_generic_cpu/debuf.mlir"", ""--dry-run"", ""--matcher-mode"", ""egglog"", ""--telemetry-json"", ""/home/arjaiswal/Polygeist/issues/equality_saturation_eval/campaign_20260908/aten-aten_blas_gemv_generic_cpu-egglog-p823iojg.json"", ""--disable-semantic-fallback""]","== match report for /home/arjaiswal/Polygeist/issues/aten_c_kernels/results/aten_blas_gemv_generic_cpu/debuf.mlir ==
  match          body#[0, 1]  cublasSgemv
  total: 1 matched / 1 bodies
",0,[],0,0,0,0,/home/arjaiswal/Polygeist/issues/aten_c_kernels/results/aten_blas_gemv_generic_cpu/debuf.mlir,2870,8,2,2,465.0595523416996,0,69860,142.20954850316048,14,14,0,8,"[{""body_indices"": [0, 1], ""symbol"": ""cublasSgemv""}]",1,0,0,0.0,16
aten,aten_blas_gemv_generic_cpu,/home/arjaiswal/Polygeist/issues/aten_c_kernels/results/aten_blas_gemv_generic_cpu/debuf.mlir,6f55e60a440b5196e5ac11154aad11bcd0bf021d4b04b50d88f42862b53e906f,egglog,5,ok,0,897.1989937126637,0,"[""/usr/bin/python3"", ""/home/arjaiswal/Polygeist/scripts/correctness/kernel_match_rewrite.py"", ""/home/arjaiswal/Polygeist/issues/aten_c_kernels/results/aten_blas_gemv_generic_cpu/debuf.mlir"", ""--dry-run"", ""--matcher-mode"", ""egglog"", ""--telemetry-json"", ""/home/arjaiswal/Polygeist/issues/equality_saturation_eval/campaign_20260908/aten-aten_blas_gemv_generic_cpu-egglog-_h36028p.json"", ""--disable-semantic-fallback""]","== match report for /home/arjaiswal/Polygeist/issues/aten_c_kernels/results/aten_blas_gemv_generic_cpu/debuf.mlir ==
  match          body#[0, 1]  cublasSgemv
  total: 1 matched / 1 bodies
",0,[],0,0,0,0,/home/arjaiswal/Polygeist/issues/aten_c_kernels/results/aten_blas_gemv_generic_cpu/debuf.mlir,2870,8,2,2,461.1245021224022,0,69892,156.92977607250214,14,14,0,8,"[{""body_indices"": [0, 1], ""symbol"": ""cublasSgemv""}]",1,0,0,0.0,16
aten,aten_blas_gemv_generic_cpu,/home/arjaiswal/Polygeist/issues/aten_c_kernels/results/aten_blas_gemv_generic_cpu/debuf.mlir,6f55e60a440b5196e5ac11154aad11bcd0bf021d4b04b50d88f42862b53e906f,syntactic,5,ok,0,716.8167158961296,0,"[""/usr/bin/python3"", ""/home/arjaiswal/Polygeist/scripts/correctness/kernel_match_rewrite.py"", ""/home/arjaiswal/Polygeist/issues/aten_c_kernels/results/aten_blas_gemv_generic_cpu/debuf.mlir"", ""--dry-run"", ""--matcher-mode"", ""syntactic"", ""--telemetry-json"", ""/home/arjaiswal/Polygeist/issues/equality_saturation_eval/campaign_20260908/aten-aten_blas_gemv_generic_cpu-syntactic-ovi3322b.json"", ""--disable-semantic-fallback""]","== match report for /home/arjaiswal/Polygeist/issues/aten_c_kernels/results/aten_blas_gemv_generic_cpu/debuf.mlir ==
  match          body#[0, 1]  cublasSgemv
  total: 1 matched / 1 bodies
",0,[],0,0,0,0,/home/arjaiswal/Polygeist/issues/aten_c_kernels/results/aten_blas_gemv_generic_cpu/debuf.mlir,2870,0,2,2,302.6113286614418,0,65588,0.06581097841262817,0,14,0,0,"[{""body_indices"": [0, 1], ""symbol"": ""cublasSgemv""}]",1,0,16,0.0,16
aten,aten_blas_scale_cpu,/home/arjaiswal/Polygeist/issues/aten_c_kernels/results/aten_blas_scale_cpu/debuf.mlir,829ec6a83ea2369599a062bd21933d471048aecea43920d73fd9cdb7baa34b30,syntactic,1,ok,0,724.1834178566933,0,"[""/usr/bin/python3"", ""/home/arjaiswal/Polygeist/scripts/correctness/kernel_match_rewrite.py"", ""/home/arjaiswal/Polygeist/issues/aten_c_kernels/results/aten_blas_scale_cpu/debuf.mlir"", ""--dry-run"", ""--matcher-mode"", ""syntactic"", ""--telemetry-json"", ""/home/arjaiswal/Polygeist/issues/equality_saturation_eval/campaign_20260908/aten-aten_blas_scale_cpu-syntactic-07j3pm5v.json"", ""--disable-semantic-fallback""]","== match report for /home/arjaiswal/Polygeist/issues/aten_c_kernels/results/aten_blas_scale_cpu/debuf.mlir ==
  match          body#[0]  cublasSscal
  total: 1 matched / 1 bodies
",0,[],0,0,0,0,/home/arjaiswal/Polygeist/issues/aten_c_kernels/results/aten_blas_scale_cpu/debuf.mlir,1676,0,1,1,283.69350731372833,0,64708,0.018227845430374146,0,2,0,0,"[{""body_indices"": [0], ""symbol"": ""cublasSscal""}]",1,0,2,0.0,2
aten,aten_blas_scale_cpu,/home/arjaiswal/Polygeist/issues/aten_c_kernels/results/aten_blas_scale_cpu/debuf.mlir,829ec6a83ea2369599a062bd21933d471048aecea43920d73fd9cdb7baa34b30,egglog,1,ok,0,748.3582645654678,0,"[""/usr/bin/python3"", ""/home/arjaiswal/Polygeist/scripts/correctness/kernel_match_rewrite.py"", ""/home/arjaiswal/Polygeist/issues/aten_c_kernels/results/aten_blas_scale_cpu/debuf.mlir"", ""--dry-run"", ""--matcher-mode"", ""egglog"", ""--telemetry-json"", ""/home/arjaiswal/Polygeist/issues/equality_saturation_eval/campaign_20260908/aten-aten_blas_scale_cpu-egglog-fjk2h741.json"", ""--disable-semantic-fallback""]","== match report for /home/arjaiswal/Polygeist/issues/aten_c_kernels/results/aten_blas_scale_cpu/debuf.mlir ==
  match          body#[0]  cublasSscal
  total: 1 matched / 1 bodies
",0,[],0,0,0,0,/home/arjaiswal/Polygeist/issues/aten_c_kernels/results/aten_blas_scale_cpu/debuf.mlir,1676,8,1,1,308.9064359664917,0,69520,22.293008863925934,2,2,0,4,"[{""body_indices"": [0], ""symbol"": ""cublasSscal""}]",1,0,0,0.0,2
aten,aten_blas_scale_cpu,/home/arjaiswal/Polygeist/issues/aten_c_kernels/results/aten_blas_scale_cpu/debuf.mlir,829ec6a83ea2369599a062bd21933d471048aecea43920d73fd9cdb7baa34b30,egglog,2,ok,0,745.7364611327648,0,"[""/usr/bin/python3"", ""/home/arjaiswal/Polygeist/scripts/correctness/kernel_match_rewrite.py"", ""/home/arjaiswal/Polygeist/issues/aten_c_kernels/results/aten_blas_scale_cpu/debuf.mlir"", ""--dry-run"", ""--matcher-mode"", ""egglog"", ""--telemetry-json"", ""/home/arjaiswal/Polygeist/issues/equality_saturation_eval/campaign_20260908/aten-aten_blas_scale_cpu-egglog-0_1lcng4.json"", ""--disable-semantic-fallback""]","== match report for /home/arjaiswal/Polygeist/issues/aten_c_kernels/results/aten_blas_scale_cpu/debuf.mlir ==
  match          body#[0]  cublasSscal
  total: 1 matched / 1 bodies
",0,[],0,0,0,0,/home/arjaiswal/Polygeist/issues/aten_c_kernels/results/aten_blas_scale_cpu/debuf.mlir,1676,8,1,1,305.40450289845467,0,69376,22.590726613998413,2,2,0,4,"[{""body_indices"": [0], ""symbol"": ""cublasSscal""}]",1,0,0,0.0,2
aten,aten_blas_scale_cpu,/home/arjaiswal/Polygeist/issues/aten_c_kernels/results/aten_blas_scale_cpu/debuf.mlir,829ec6a83ea2369599a062bd21933d471048aecea43920d73fd9cdb7baa34b30,syntactic,2,ok,0,770.0448594987392,0,"[""/usr/bin/python3"", ""/home/arjaiswal/Polygeist/scripts/correctness/kernel_match_rewrite.py"", ""/home/arjaiswal/Polygeist/issues/aten_c_kernels/results/aten_blas_scale_cpu/debuf.mlir"", ""--dry-run"", ""--matcher-mode"", ""syntactic"", ""--telemetry-json"", ""/home/arjaiswal/Polygeist/issues/equality_saturation_eval/campaign_20260908/aten-aten_blas_scale_cpu-syntactic-uxsyx056.json"", ""--disable-semantic-fallback""]","== match report for /home/arjaiswal/Polygeist/issues/aten_c_kernels/results/aten_blas_scale_cpu/debuf.mlir ==
  match          body#[0]  cublasSscal
  total: 1 matched / 1 bodies
",0,[],0,0,0,0,/home/arjaiswal/Polygeist/issues/aten_c_kernels/results/aten_blas_scale_cpu/debuf.mlir,1676,0,1,1,333.1957757472992,0,64780,0.02012774348258972,0,2,0,0,"[{""body_indices"": [0], ""symbol"": ""cublasSscal""}]",1,0,2,0.0,2
aten,aten_blas_scale_cpu,/home/arjaiswal/Polygeist/issues/aten_c_kernels/results/aten_blas_scale_cpu/debuf.mlir,829ec6a83ea2369599a062bd21933d471048aecea43920d73fd9cdb7baa34b30,syntactic,3,ok,0,709.2616260051727,0,"[""/usr/bin/python3"", ""/home/arjaiswal/Polygeist/scripts/correctness/kernel_match_rewrite.py"", ""/home/arjaiswal/Polygeist/issues/aten_c_kernels/results/aten_blas_scale_cpu/debuf.mlir"", ""--dry-run"", ""--matcher-mode"", ""syntactic"", ""--telemetry-json"", ""/home/arjaiswal/Polygeist/issues/equality_saturation_eval/campaign_20260908/aten-aten_blas_scale_cpu-syntactic-jtl9jo0n.json"", ""--disable-semantic-fallback""]","== match report for /home/arjaiswal/Polygeist/issues/aten_c_kernels/results/aten_blas_scale_cpu/debuf.mlir ==
  match          body#[0]  cublasSscal
  total: 1 matched / 1 bodies
",0,[],0,0,0,0,/home/arjaiswal/Polygeist/issues/aten_c_kernels/results/aten_blas_scale_cpu/debuf.mlir,1676,0,1,1,277.3587256669998,0,64856,0.02000853419303894,0,2,0,0,"[{""body_indices"": [0], ""symbol"": ""cublasSscal""}]",1,0,2,0.0,2
aten,aten_blas_scale_cpu,/home/arjaiswal/Polygeist/issues/aten_c_kernels/results/aten_blas_scale_cpu/debuf.mlir,829ec6a83ea2369599a062bd21933d471048aecea43920d73fd9cdb7baa34b30,egglog,3,ok,0,726.4014184474945,0,"[""/usr/bin/python3"", ""/home/arjaiswal/Polygeist/scripts/correctness/kernel_match_rewrite.py"", ""/home/arjaiswal/Polygeist/issues/aten_c_kernels/results/aten_blas_scale_cpu/debuf.mlir"", ""--dry-run"", ""--matcher-mode"", ""egglog"", ""--telemetry-json"", ""/home/arjaiswal/Polygeist/issues/equality_saturation_eval/campaign_20260908/aten-aten_blas_scale_cpu-egglog-uk4o_9_a.json"", ""--disable-semantic-fallback""]","== match report for /home/arjaiswal/Polygeist/issues/aten_c_kernels/results/aten_blas_scale_cpu/debuf.mlir ==
  match          body#[0]  cublasSscal
  total: 1 matched / 1 bodies
",0,[],0,0,0,0,/home/arjaiswal/Polygeist/issues/aten_c_kernels/results/aten_blas_scale_cpu/debuf.mlir,1676,8,1,1,302.55474895238876,0,69284,22.270146757364273,2,2,0,4,"[{""body_indices"": [0], ""symbol"": ""cublasSscal""}]",1,0,0,0.0,2
aten,aten_blas_scale_cpu,/home/arjaiswal/Polygeist/issues/aten_c_kernels/results/aten_blas_scale_cpu/debuf.mlir,829ec6a83ea2369599a062bd21933d471048aecea43920d73fd9cdb7baa34b30,egglog,4,ok,0,754.2581036686897,0,"[""/usr/bin/python3"", ""/home/arjaiswal/Polygeist/scripts/correctness/kernel_match_rewrite.py"", ""/home/arjaiswal/Polygeist/issues/aten_c_kernels/results/aten_blas_scale_cpu/debuf.mlir"", ""--dry-run"", ""--matcher-mode"", ""egglog"", ""--telemetry-json"", ""/home/arjaiswal/Polygeist/issues/equality_saturation_eval/campaign_20260908/aten-aten_blas_scale_cpu-egglog-c6d4dquo.json"", ""--disable-semantic-fallback""]","== match report for /home/arjaiswal/Polygeist/issues/aten_c_kernels/results/aten_blas_scale_cpu/debuf.mlir ==
  match          body#[0]  cublasSscal
  total: 1 matched / 1 bodies
",0,[],0,0,0,0,/home/arjaiswal/Polygeist/issues/aten_c_kernels/results/aten_blas_scale_cpu/debuf.mlir,1676,8,1,1,313.31346184015274,0,69300,21.994050592184067,2,2,0,4,"[{""body_indices"": [0], ""symbol"": ""cublasSscal""}]",1,0,0,0.0,2
aten,aten_blas_scale_cpu,/home/arjaiswal/Polygeist/issues/aten_c_kernels/results/aten_blas_scale_cpu/debuf.mlir,829ec6a83ea2369599a062bd21933d471048aecea43920d73fd9cdb7baa34b30,syntactic,4,ok,0,701.9468173384666,0,"[""/usr/bin/python3"", ""/home/arjaiswal/Polygeist/scripts/correctness/kernel_match_rewrite.py"", ""/home/arjaiswal/Polygeist/issues/aten_c_kernels/results/aten_blas_scale_cpu/debuf.mlir"", ""--dry-run"", ""--matcher-mode"", ""syntactic"", ""--telemetry-json"", ""/home/arjaiswal/Polygeist/issues/equality_saturation_eval/campaign_20260908/aten-aten_blas_scale_cpu-syntactic-2ha21bdi.json"", ""--disable-semantic-fallback""]","== match report for /home/arjaiswal/Polygeist/issues/aten_c_kernels/results/aten_blas_scale_cpu/debuf.mlir ==
  match          body#[0]  cublasSscal
  total: 1 matched / 1 bodies
",0,[],0,0,0,0,/home/arjaiswal/Polygeist/issues/aten_c_kernels/results/aten_blas_scale_cpu/debuf.mlir,1676,0,1,1,274.58909526467323,0,64816,0.017996877431869507,0,2,0,0,"[{""body_indices"": [0], ""symbol"": ""cublasSscal""}]",1,0,2,0.0,2
aten,aten_blas_scale_cpu,/home/arjaiswal/Polygeist/issues/aten_c_kernels/results/aten_blas_scale_cpu/debuf.mlir,829ec6a83ea2369599a062bd21933d471048aecea43920d73fd9cdb7baa34b30,syntactic,5,ok,0,718.9845591783524,0,"[""/usr/bin/python3"", ""/home/arjaiswal/Polygeist/scripts/correctness/kernel_match_rewrite.py"", ""/home/arjaiswal/Polygeist/issues/aten_c_kernels/results/aten_blas_scale_cpu/debuf.mlir"", ""--dry-run"", ""--matcher-mode"", ""syntactic"", ""--telemetry-json"", ""/home/arjaiswal/Polygeist/issues/equality_saturation_eval/campaign_20260908/aten-aten_blas_scale_cpu-syntactic-uqh8xadp.json"", ""--disable-semantic-fallback""]","== match report for /home/arjaiswal/Polygeist/issues/aten_c_kernels/results/aten_blas_scale_cpu/debuf.mlir ==
  match          body#[0]  cublasSscal
  total: 1 matched / 1 bodies
",0,[],0,0,0,0,/home/arjaiswal/Polygeist/issues/aten_c_kernels/results/aten_blas_scale_cpu/debuf.mlir,1676,0,1,1,285.97937151789665,0,64752,0.021692365407943726,0,2,0,0,"[{""body_indices"": [0], ""symbol"": ""cublasSscal""}]",1,0,2,0.0,2
aten,aten_blas_scale_cpu,/home/arjaiswal/Polygeist/issues/aten_c_kernels/results/aten_blas_scale_cpu/debuf.mlir,829ec6a83ea2369599a062bd21933d471048aecea43920d73fd9cdb7baa34b30,egglog,5,ok,0,734.9843680858612,0,"[""/usr/bin/python3"", ""/home/arjaiswal/Polygeist/scripts/correctness/kernel_match_rewrite.py"", ""/home/arjaiswal/Polygeist/issues/aten_c_kernels/results/aten_blas_scale_cpu/debuf.mlir"", ""--dry-run"", ""--matcher-mode"", ""egglog"", ""--telemetry-json"", ""/home/arjaiswal/Polygeist/issues/equality_saturation_eval/campaign_20260908/aten-aten_blas_scale_cpu-egglog-kl_3ekvz.json"", ""--disable-semantic-fallback""]","== match report for /home/arjaiswal/Polygeist/issues/aten_c_kernels/results/aten_blas_scale_cpu/debuf.mlir ==
  match          body#[0]  cublasSscal
  total: 1 matched / 1 bodies
",0,[],0,0,0,0,/home/arjaiswal/Polygeist/issues/aten_c_kernels/results/aten_blas_scale_cpu/debuf.mlir,1676,8,1,1,311.1060708761215,0,69244,22.655487060546875,2,2,0,4,"[{""body_indices"": [0], ""symbol"": ""cublasSscal""}]",1,0,0,0.0,2
aten,aten_blas_sum_cpu,/home/arjaiswal/Polygeist/issues/aten_c_kernels/results/aten_blas_sum_cpu/debuf.mlir,114c56452a2dfa2a9e65db1452bac90fbab5cfa799c520084c0dfa179359cf2c,egglog,1,ok,0,734.675794839859,0,"[""/usr/bin/python3"", ""/home/arjaiswal/Polygeist/scripts/correctness/kernel_match_rewrite.py"", ""/home/arjaiswal/Polygeist/issues/aten_c_kernels/results/aten_blas_sum_cpu/debuf.mlir"", ""--dry-run"", ""--matcher-mode"", ""egglog"", ""--telemetry-json"", ""/home/arjaiswal/Polygeist/issues/equality_saturation_eval/campaign_20260908/aten-aten_blas_sum_cpu-egglog-o9hdjaos.json"", ""--disable-semantic-fallback""]","== match report for /home/arjaiswal/Polygeist/issues/aten_c_kernels/results/aten_blas_sum_cpu/debuf.mlir ==
  match          body#[0]  cudnnReduceSum_f32
  total: 1 matched / 1 bodies
",0,[],0,0,0,0,/home/arjaiswal/Polygeist/issues/aten_c_kernels/results/aten_blas_sum_cpu/debuf.mlir,2177,8,1,1,314.39409777522087,0,69312,21.39199897646904,2,2,0,4,"[{""body_indices"": [0], ""symbol"": ""cudnnReduceSum_f32""}]",1,0,0,0.0,8
aten,aten_blas_sum_cpu,/home/arjaiswal/Polygeist/issues/aten_c_kernels/results/aten_blas_sum_cpu/debuf.mlir,114c56452a2dfa2a9e65db1452bac90fbab5cfa799c520084c0dfa179359cf2c,syntactic,1,ok,0,727.7204617857933,0,"[""/usr/bin/python3"", ""/home/arjaiswal/Polygeist/scripts/correctness/kernel_match_rewrite.py"", ""/home/arjaiswal/Polygeist/issues/aten_c_kernels/results/aten_blas_sum_cpu/debuf.mlir"", ""--dry-run"", ""--matcher-mode"", ""syntactic"", ""--telemetry-json"", ""/home/arjaiswal/Polygeist/issues/equality_saturation_eval/campaign_20260908/aten-aten_blas_sum_cpu-syntactic-c6baof_u.json"", ""--disable-semantic-fallback""]","== match report for /home/arjaiswal/Polygeist/issues/aten_c_kernels/results/aten_blas_sum_cpu/debuf.mlir ==
  match          body#[0]  cudnnReduceSum_f32
  total: 1 matched / 1 bodies
",0,[],0,0,0,0,/home/arjaiswal/Polygeist/issues/aten_c_kernels/results/aten_blas_sum_cpu/debuf.mlir,2177,0,1,1,297.14541882276535,0,65588,0.02983957529067993,0,2,0,0,"[{""body_indices"": [0], ""symbol"": ""cudnnReduceSum_f32""}]",1,0,8,0.0,8
aten,aten_blas_sum_cpu,/home/arjaiswal/Polygeist/issues/aten_c_kernels/results/aten_blas_sum_cpu/debuf.mlir,114c56452a2dfa2a9e65db1452bac90fbab5cfa799c520084c0dfa179359cf2c,syntactic,2,ok,0,709.3260064721107,0,"[""/usr/bin/python3"", ""/home/arjaiswal/Polygeist/scripts/correctness/kernel_match_rewrite.py"", ""/home/arjaiswal/Polygeist/issues/aten_c_kernels/results/aten_blas_sum_cpu/debuf.mlir"", ""--dry-run"", ""--matcher-mode"", ""syntactic"", ""--telemetry-json"", ""/home/arjaiswal/Polygeist/issues/equality_saturation_eval/campaign_20260908/aten-aten_blas_sum_cpu-syntactic-9rrmg43j.json"", ""--disable-semantic-fallback""]","== match report for /home/arjaiswal/Polygeist/issues/aten_c_kernels/results/aten_blas_sum_cpu/debuf.mlir ==
  match          body#[0]  cudnnReduceSum_f32
  total: 1 matched / 1 bodies
",0,[],0,0,0,0,/home/arjaiswal/Polygeist/issues/aten_c_kernels/results/aten_blas_sum_cpu/debuf.mlir,2177,0,1,1,291.1963500082493,0,65764,0.030297785997390747,0,2,0,0,"[{""body_indices"": [0], ""symbol"": ""cudnnReduceSum_f32""}]",1,0,8,0.0,8
aten,aten_blas_sum_cpu,/home/arjaiswal/Polygeist/issues/aten_c_kernels/results/aten_blas_sum_cpu/debuf.mlir,114c56452a2dfa2a9e65db1452bac90fbab5cfa799c520084c0dfa179359cf2c,egglog,2,ok,0,734.2863567173481,0,"[""/usr/bin/python3"", ""/home/arjaiswal/Polygeist/scripts/correctness/kernel_match_rewrite.py"", ""/home/arjaiswal/Polygeist/issues/aten_c_kernels/results/aten_blas_sum_cpu/debuf.mlir"", ""--dry-run"", ""--matcher-mode"", ""egglog"", ""--telemetry-json"", ""/home/arjaiswal/Polygeist/issues/equality_saturation_eval/campaign_20260908/aten-aten_blas_sum_cpu-egglog-0vm8sw95.json"", ""--disable-semantic-fallback""]","== match report for /home/arjaiswal/Polygeist/issues/aten_c_kernels/results/aten_blas_sum_cpu/debuf.mlir ==
  match          body#[0]  cudnnReduceSum_f32
  total: 1 matched / 1 bodies
",0,[],0,0,0,0,/home/arjaiswal/Polygeist/issues/aten_c_kernels/results/aten_blas_sum_cpu/debuf.mlir,2177,8,1,1,313.1917677819729,0,69628,22.07990363240242,2,2,0,4,"[{""body_indices"": [0], ""symbol"": ""cudnnReduceSum_f32""}]",1,0,0,0.0,8
aten,aten_blas_sum_cpu,/home/arjaiswal/Polygeist/issues/aten_c_kernels/results/aten_blas_sum_cpu/debuf.mlir,114c56452a2dfa2a9e65db1452bac90fbab5cfa799c520084c0dfa179359cf2c,egglog,3,ok,0,744.014885276556,0,"[""/usr/bin/python3"", ""/home/arjaiswal/Polygeist/scripts/correctness/kernel_match_rewrite.py"", ""/home/arjaiswal/Polygeist/issues/aten_c_kernels/results/aten_blas_sum_cpu/debuf.mlir"", ""--dry-run"", ""--matcher-mode"", ""egglog"", ""--telemetry-json"", ""/home/arjaiswal/Polygeist/issues/equality_saturation_eval/campaign_20260908/aten-aten_blas_sum_cpu-egglog-at3bj2px.json"", ""--disable-semantic-fallback""]","== match report for /home/arjaiswal/Polygeist/issues/aten_c_kernels/results/aten_blas_sum_cpu/debuf.mlir ==
  match          body#[0]  cudnnReduceSum_f32
  total: 1 matched / 1 bodies
",0,[],0,0,0,0,/home/arjaiswal/Polygeist/issues/aten_c_kernels/results/aten_blas_sum_cpu/debuf.mlir,2177,8,1,1,314.126692712307,0,69392,20.966313779354095,2,2,0,4,"[{""body_indices"": [0], ""symbol"": ""cudnnReduceSum_f32""}]",1,0,0,0.0,8
aten,aten_blas_sum_cpu,/home/arjaiswal/Polygeist/issues/aten_c_kernels/results/aten_blas_sum_cpu/debuf.mlir,114c56452a2dfa2a9e65db1452bac90fbab5cfa799c520084c0dfa179359cf2c,syntactic,3,ok,0,737.3290732502937,0,"[""/usr/bin/python3"", ""/home/arjaiswal/Polygeist/scripts/correctness/kernel_match_rewrite.py"", ""/home/arjaiswal/Polygeist/issues/aten_c_kernels/results/aten_blas_sum_cpu/debuf.mlir"", ""--dry-run"", ""--matcher-mode"", ""syntactic"", ""--telemetry-json"", ""/home/arjaiswal/Polygeist/issues/equality_saturation_eval/campaign_20260908/aten-aten_blas_sum_cpu-syntactic-i_qenic8.json"", ""--disable-semantic-fallback""]","== match report for /home/arjaiswal/Polygeist/issues/aten_c_kernels/results/aten_blas_sum_cpu/debuf.mlir ==
  match          body#[0]  cudnnReduceSum_f32
  total: 1 matched / 1 bodies
",0,[],0,0,0,0,/home/arjaiswal/Polygeist/issues/aten_c_kernels/results/aten_blas_sum_cpu/debuf.mlir,2177,0,1,1,288.52977976202965,0,65484,0.02967938780784607,0,2,0,0,"[{""body_indices"": [0], ""symbol"": ""cudnnReduceSum_f32""}]",1,0,8,0.0,8
aten,aten_blas_sum_cpu,/home/arjaiswal/Polygeist/issues/aten_c_kernels/results/aten_blas_sum_cpu/debuf.mlir,114c56452a2dfa2a9e65db1452bac90fbab5cfa799c520084c0dfa179359cf2c,syntactic,4,ok,0,711.6461023688316,0,"[""/usr/bin/python3"", ""/home/arjaiswal/Polygeist/scripts/correctness/kernel_match_rewrite.py"", ""/home/arjaiswal/Polygeist/issues/aten_c_kernels/results/aten_blas_sum_cpu/debuf.mlir"", ""--dry-run"", ""--matcher-mode"", ""syntactic"", ""--telemetry-json"", ""/home/arjaiswal/Polygeist/issues/equality_saturation_eval/campaign_20260908/aten-aten_blas_sum_cpu-syntactic-rb8bifri.json"", ""--disable-semantic-fallback""]","== match report for /home/arjaiswal/Polygeist/issues/aten_c_kernels/results/aten_blas_sum_cpu/debuf.mlir ==
  match          body#[0]  cudnnReduceSum_f32
  total: 1 matched / 1 bodies
",0,[],0,0,0,0,/home/arjaiswal/Polygeist/issues/aten_c_kernels/results/aten_blas_sum_cpu/debuf.mlir,2177,0,1,1,287.1902994811535,0,65524,0.030044466257095337,0,2,0,0,"[{""body_indices"": [0], ""symbol"": ""cudnnReduceSum_f32""}]",1,0,8,0.0,8
aten,aten_blas_sum_cpu,/home/arjaiswal/Polygeist/issues/aten_c_kernels/results/aten_blas_sum_cpu/debuf.mlir,114c56452a2dfa2a9e65db1452bac90fbab5cfa799c520084c0dfa179359cf2c,egglog,4,ok,0,806.5699450671673,0,"[""/usr/bin/python3"", ""/home/arjaiswal/Polygeist/scripts/correctness/kernel_match_rewrite.py"", ""/home/arjaiswal/Polygeist/issues/aten_c_kernels/results/aten_blas_sum_cpu/debuf.mlir"", ""--dry-run"", ""--matcher-mode"", ""egglog"", ""--telemetry-json"", ""/home/arjaiswal/Polygeist/issues/equality_saturation_eval/campaign_20260908/aten-aten_blas_sum_cpu-egglog-aea4vmxf.json"", ""--disable-semantic-fallback""]","== match report for /home/arjaiswal/Polygeist/issues/aten_c_kernels/results/aten_blas_sum_cpu/debuf.mlir ==
  match          body#[0]  cudnnReduceSum_f32
  total: 1 matched / 1 bodies
",0,[],0,0,0,0,/home/arjaiswal/Polygeist/issues/aten_c_kernels/results/aten_blas_sum_cpu/debuf.mlir,2177,8,1,1,333.3078548312187,0,69312,24.12547543644905,2,2,0,4,"[{""body_indices"": [0], ""symbol"": ""cudnnReduceSum_f32""}]",1,0,0,0.0,8
aten,aten_blas_sum_cpu,/home/arjaiswal/Polygeist/issues/aten_c_kernels/results/aten_blas_sum_cpu/debuf.mlir,114c56452a2dfa2a9e65db1452bac90fbab5cfa799c520084c0dfa179359cf2c,egglog,5,ok,0,780.2015468478203,0,"[""/usr/bin/python3"", ""/home/arjaiswal/Polygeist/scripts/correctness/kernel_match_rewrite.py"", ""/home/arjaiswal/Polygeist/issues/aten_c_kernels/results/aten_blas_sum_cpu/debuf.mlir"", ""--dry-run"", ""--matcher-mode"", ""egglog"", ""--telemetry-json"", ""/home/arjaiswal/Polygeist/issues/equality_saturation_eval/campaign_20260908/aten-aten_blas_sum_cpu-egglog-2fsvg7nn.json"", ""--disable-semantic-fallback""]","== match report for /home/arjaiswal/Polygeist/issues/aten_c_kernels/results/aten_blas_sum_cpu/debuf.mlir ==
  match          body#[0]  cudnnReduceSum_f32
  total: 1 matched / 1 bodies
",0,[],0,0,0,0,/home/arjaiswal/Polygeist/issues/aten_c_kernels/results/aten_blas_sum_cpu/debuf.mlir,2177,8,1,1,334.15770903229713,0,69456,23.09611439704895,2,2,0,4,"[{""body_indices"": [0], ""symbol"": ""cudnnReduceSum_f32""}]",1,0,0,0.0,8
aten,aten_blas_sum_cpu,/home/arjaiswal/Polygeist/issues/aten_c_kernels/results/aten_blas_sum_cpu/debuf.mlir,114c56452a2dfa2a9e65db1452bac90fbab5cfa799c520084c0dfa179359cf2c,syntactic,5,ok,0,769.3122774362564,0,"[""/usr/bin/python3"", ""/home/arjaiswal/Polygeist/scripts/correctness/kernel_match_rewrite.py"", ""/home/arjaiswal/Polygeist/issues/aten_c_kernels/results/aten_blas_sum_cpu/debuf.mlir"", ""--dry-run"", ""--matcher-mode"", ""syntactic"", ""--telemetry-json"", ""/home/arjaiswal/Polygeist/issues/equality_saturation_eval/campaign_20260908/aten-aten_blas_sum_cpu-syntactic-mdkiln9e.json"", ""--disable-semantic-fallback""]","== match report for /home/arjaiswal/Polygeist/issues/aten_c_kernels/results/aten_blas_sum_cpu/debuf.mlir ==
  match          body#[0]  cudnnReduceSum_f32
  total: 1 matched / 1 bodies
",0,[],0,0,0,0,/home/arjaiswal/Polygeist/issues/aten_c_kernels/results/aten_blas_sum_cpu/debuf.mlir,2177,0,1,1,311.13938614726067,0,65624,0.03955140709877014,0,2,0,0,"[{""body_indices"": [0], ""symbol"": ""cudnnReduceSum_f32""}]",1,0,8,0.0,8
aten,aten_block_diag_cpu,/home/arjaiswal/Polygeist/issues/aten_c_kernels/results/aten_block_diag_cpu/debuf.mlir,25655dad10a6c7c0ace723396f10fd6c850b144198d02e9759fce510296e4e82,syntactic,1,ok,0,797.5631505250931,0,"[""/usr/bin/python3"", ""/home/arjaiswal/Polygeist/scripts/correctness/kernel_match_rewrite.py"", ""/home/arjaiswal/Polygeist/issues/aten_c_kernels/results/aten_block_diag_cpu/debuf.mlir"", ""--dry-run"", ""--matcher-mode"", ""syntactic"", ""--telemetry-json"", ""/home/arjaiswal/Polygeist/issues/equality_saturation_eval/campaign_20260908/aten-aten_block_diag_cpu-syntactic-w5b3l_np.json"", ""--disable-semantic-fallback""]","== match report for /home/arjaiswal/Polygeist/issues/aten_c_kernels/results/aten_block_diag_cpu/debuf.mlir ==
  match          body#[0]  memset_zero_2D_f32
  match          body#[1]  cutensorPermute_f32_r3_tensor
  total: 2 matched / 2 bodies
",0,[],0,0,0,0,/home/arjaiswal/Polygeist/issues/aten_c_kernels/results/aten_block_diag_cpu/debuf.mlir,3001,0,2,2,380.42401894927025,0,65464,0.1265890896320343,0,17,0,0,"[{""body_indices"": [0], ""symbol"": ""memset_zero_2D_f32""}, {""body_indices"": [1], ""symbol"": ""cutensorPermute_f32_r3_tensor""}]",2,0,49,0.0,49
aten,aten_block_diag_cpu,/home/arjaiswal/Polygeist/issues/aten_c_kernels/results/aten_block_diag_cpu/debuf.mlir,25655dad10a6c7c0ace723396f10fd6c850b144198d02e9759fce510296e4e82,egglog,1,ok,0,1041.019443422556,0,"[""/usr/bin/python3"", ""/home/arjaiswal/Polygeist/scripts/correctness/kernel_match_rewrite.py"", ""/home/arjaiswal/Polygeist/issues/aten_c_kernels/results/aten_block_diag_cpu/debuf.mlir"", ""--dry-run"", ""--matcher-mode"", ""egglog"", ""--telemetry-json"", ""/home/arjaiswal/Polygeist/issues/equality_saturation_eval/campaign_20260908/aten-aten_block_diag_cpu-egglog-5a_rqu3s.json"", ""--disable-semantic-fallback""]","== match report for /home/arjaiswal/Polygeist/issues/aten_c_kernels/results/aten_block_diag_cpu/debuf.mlir ==
  match          body#[0]  memset_zero_2D_f32
  match          body#[1]  cutensorPermute_f32_r3_tensor
  total: 2 matched / 2 bodies
",0,[],0,0,0,0,/home/arjaiswal/Polygeist/issues/aten_c_kernels/results/aten_block_diag_cpu/debuf.mlir,3001,8,2,2,561.0205419361591,0,69820,176.23042315244675,17,17,0,0,"[{""body_indices"": [0], ""symbol"": ""memset_zero_2D_f32""}, {""body_indices"": [1], ""symbol"": ""cutensorPermute_f32_r3_tensor""}]",2,0,0,0.0,49
aten,aten_block_diag_cpu,/home/arjaiswal/Polygeist/issues/aten_c_kernels/results/aten_block_diag_cpu/debuf.mlir,25655dad10a6c7c0ace723396f10fd6c850b144198d02e9759fce510296e4e82,egglog,2,ok,0,990.0931492447853,0,"[""/usr/bin/python3"", ""/home/arjaiswal/Polygeist/scripts/correctness/kernel_match_rewrite.py"", ""/home/arjaiswal/Polygeist/issues/aten_c_kernels/results/aten_block_diag_cpu/debuf.mlir"", ""--dry-run"", ""--matcher-mode"", ""egglog"", ""--telemetry-json"", ""/home/arjaiswal/Polygeist/issues/equality_saturation_eval/campaign_20260908/aten-aten_block_diag_cpu-egglog-taed8wok.json"", ""--disable-semantic-fallback""]","== match report for /home/arjaiswal/Polygeist/issues/aten_c_kernels/results/aten_block_diag_cpu/debuf.mlir ==
  match          body#[0]  memset_zero_2D_f32
  match          body#[1]  cutensorPermute_f32_r3_tensor
  total: 2 matched / 2 bodies
",0,[],0,0,0,0,/home/arjaiswal/Polygeist/issues/aten_c_kernels/results/aten_block_diag_cpu/debuf.mlir,3001,8,2,2,561.9870759546757,0,69900,169.42821815609932,17,17,0,0,"[{""body_indices"": [0], ""symbol"": ""memset_zero_2D_f32""}, {""body_indices"": [1], ""symbol"": ""cutensorPermute_f32_r3_tensor""}]",2,0,0,0.0,49
aten,aten_block_diag_cpu,/home/arjaiswal/Polygeist/issues/aten_c_kernels/results/aten_block_diag_cpu/debuf.mlir,25655dad10a6c7c0ace723396f10fd6c850b144198d02e9759fce510296e4e82,syntactic,2,ok,0,806.8421706557274,0,"[""/usr/bin/python3"", ""/home/arjaiswal/Polygeist/scripts/correctness/kernel_match_rewrite.py"", ""/home/arjaiswal/Polygeist/issues/aten_c_kernels/results/aten_block_diag_cpu/debuf.mlir"", ""--dry-run"", ""--matcher-mode"", ""syntactic"", ""--telemetry-json"", ""/home/arjaiswal/Polygeist/issues/equality_saturation_eval/campaign_20260908/aten-aten_block_diag_cpu-syntactic-kjht7akf.json"", ""--disable-semantic-fallback""]","== match report for /home/arjaiswal/Polygeist/issues/aten_c_kernels/results/aten_block_diag_cpu/debuf.mlir ==
  match          body#[0]  memset_zero_2D_f32
  match          body#[1]  cutensorPermute_f32_r3_tensor
  total: 2 matched / 2 bodies
",0,[],0,0,0,0,/home/arjaiswal/Polygeist/issues/aten_c_kernels/results/aten_block_diag_cpu/debuf.mlir,3001,0,2,2,379.1991323232651,0,65740,0.13153254985809326,0,17,0,0,"[{""body_indices"": [0], ""symbol"": ""memset_zero_2D_f32""}, {""body_indices"": [1], ""symbol"": ""cutensorPermute_f32_r3_tensor""}]",2,0,49,0.0,49
aten,aten_block_diag_cpu,/home/arjaiswal/Polygeist/issues/aten_c_kernels/results/aten_block_diag_cpu/debuf.mlir,25655dad10a6c7c0ace723396f10fd6c850b144198d02e9759fce510296e4e82,syntactic,3,ok,0,804.4455125927925,0,"[""/usr/bin/python3"", ""/home/arjaiswal/Polygeist/scripts/correctness/kernel_match_rewrite.py"", ""/home/arjaiswal/Polygeist/issues/aten_c_kernels/results/aten_block_diag_cpu/debuf.mlir"", ""--dry-run"", ""--matcher-mode"", ""syntactic"", ""--telemetry-json"", ""/home/arjaiswal/Polygeist/issues/equality_saturation_eval/campaign_20260908/aten-aten_block_diag_cpu-syntactic-ebmn9ug1.json"", ""--disable-semantic-fallback""]","== match report for /home/arjaiswal/Polygeist/issues/aten_c_kernels/results/aten_block_diag_cpu/debuf.mlir ==
  match          body#[0]  memset_zero_2D_f32
  match          body#[1]  cutensorPermute_f32_r3_tensor
  total: 2 matched / 2 bodies
",0,[],0,0,0,0,/home/arjaiswal/Polygeist/issues/aten_c_kernels/results/aten_block_diag_cpu/debuf.mlir,3001,0,2,2,379.4122599065304,0,65712,0.1346096396446228,0,17,0,0,"[{""body_indices"": [0], ""symbol"": ""memset_zero_2D_f32""}, {""body_indices"": [1], ""symbol"": ""cutensorPermute_f32_r3_tensor""}]",2,0,49,0.0,49
aten,aten_block_diag_cpu,/home/arjaiswal/Polygeist/issues/aten_c_kernels/results/aten_block_diag_cpu/debuf.mlir,25655dad10a6c7c0ace723396f10fd6c850b144198d02e9759fce510296e4e82,egglog,3,ok,0,966.8221399188042,0,"[""/usr/bin/python3"", ""/home/arjaiswal/Polygeist/scripts/correctness/kernel_match_rewrite.py"", ""/home/arjaiswal/Polygeist/issues/aten_c_kernels/results/aten_block_diag_cpu/debuf.mlir"", ""--dry-run"", ""--matcher-mode"", ""egglog"", ""--telemetry-json"", ""/home/arjaiswal/Polygeist/issues/equality_saturation_eval/campaign_20260908/aten-aten_block_diag_cpu-egglog-cyx48dx7.json"", ""--disable-semantic-fallback""]","== match report for /home/arjaiswal/Polygeist/issues/aten_c_kernels/results/aten_block_diag_cpu/debuf.mlir ==
  match          body#[0]  memset_zero_2D_f32
  match          body#[1]  cutensorPermute_f32_r3_tensor
  total: 2 matched / 2 bodies
",0,[],0,0,0,0,/home/arjaiswal/Polygeist/issues/aten_c_kernels/results/aten_block_diag_cpu/debuf.mlir,3001,8,2,2,551.0565936565399,0,69724,170.88529840111732,17,17,0,0,"[{""body_indices"": [0], ""symbol"": ""memset_zero_2D_f32""}, {""body_indices"": [1], ""symbol"": ""cutensorPermute_f32_r3_tensor""}]",2,0,0,0.0,49
aten,aten_block_diag_cpu,/home/arjaiswal/Polygeist/issues/aten_c_kernels/results/aten_block_diag_cpu/debuf.mlir,25655dad10a6c7c0ace723396f10fd6c850b144198d02e9759fce510296e4e82,egglog,4,ok,0,972.0066860318184,0,"[""/usr/bin/python3"", ""/home/arjaiswal/Polygeist/scripts/correctness/kernel_match_rewrite.py"", ""/home/arjaiswal/Polygeist/issues/aten_c_kernels/results/aten_block_diag_cpu/debuf.mlir"", ""--dry-run"", ""--matcher-mode"", ""egglog"", ""--telemetry-json"", ""/home/arjaiswal/Polygeist/issues/equality_saturation_eval/campaign_20260908/aten-aten_block_diag_cpu-egglog-fof6lrvx.json"", ""--disable-semantic-fallback""]","== match report for /home/arjaiswal/Polygeist/issues/aten_c_kernels/results/aten_block_diag_cpu/debuf.mlir ==
  match          body#[0]  memset_zero_2D_f32
  match          body#[1]  cutensorPermute_f32_r3_tensor
  total: 2 matched / 2 bodies
",0,[],0,0,0,0,/home/arjaiswal/Polygeist/issues/aten_c_kernels/results/aten_block_diag_cpu/debuf.mlir,3001,8,2,2,557.9887181520462,0,69820,173.88741299510002,17,17,0,0,"[{""body_indices"": [0], ""symbol"": ""memset_zero_2D_f32""}, {""body_indices"": [1], ""symbol"": ""cutensorPermute_f32_r3_tensor""}]",2,0,0,0.0,49
aten,aten_block_diag_cpu,/home/arjaiswal/Polygeist/issues/aten_c_kernels/results/aten_block_diag_cpu/debuf.mlir,25655dad10a6c7c0ace723396f10fd6c850b144198d02e9759fce510296e4e82,syntactic,4,ok,0,817.9468810558319,0,"[""/usr/bin/python3"", ""/home/arjaiswal/Polygeist/scripts/correctness/kernel_match_rewrite.py"", ""/home/arjaiswal/Polygeist/issues/aten_c_kernels/results/aten_block_diag_cpu/debuf.mlir"", ""--dry-run"", ""--matcher-mode"", ""syntactic"", ""--telemetry-json"", ""/home/arjaiswal/Polygeist/issues/equality_saturation_eval/campaign_20260908/aten-aten_block_diag_cpu-syntactic-zmccg2xa.json"", ""--disable-semantic-fallback""]","== match report for /home/arjaiswal/Polygeist/issues/aten_c_kernels/results/aten_block_diag_cpu/debuf.mlir ==
  match          body#[0]  memset_zero_2D_f32
  match          body#[1]  cutensorPermute_f32_r3_tensor
  total: 2 matched / 2 bodies
",0,[],0,0,0,0,/home/arjaiswal/Polygeist/issues/aten_c_kernels/results/aten_block_diag_cpu/debuf.mlir,3001,0,2,2,393.10336112976074,0,65736,0.14260411262512207,0,17,0,0,"[{""body_indices"": [0], ""symbol"": ""memset_zero_2D_f32""}, {""body_indices"": [1], ""symbol"": ""cutensorPermute_f32_r3_tensor""}]",2,0,49,0.0,49
aten,aten_block_diag_cpu,/home/arjaiswal/Polygeist/issues/aten_c_kernels/results/aten_block_diag_cpu/debuf.mlir,25655dad10a6c7c0ace723396f10fd6c850b144198d02e9759fce510296e4e82,syntactic,5,ok,0,792.1210415661335,0,"[""/usr/bin/python3"", ""/home/arjaiswal/Polygeist/scripts/correctness/kernel_match_rewrite.py"", ""/home/arjaiswal/Polygeist/issues/aten_c_kernels/results/aten_block_diag_cpu/debuf.mlir"", ""--dry-run"", ""--matcher-mode"", ""syntactic"", ""--telemetry-json"", ""/home/arjaiswal/Polygeist/issues/equality_saturation_eval/campaign_20260908/aten-aten_block_diag_cpu-syntactic-x1jcbyb6.json"", ""--disable-semantic-fallback""]","== match report for /home/arjaiswal/Polygeist/issues/aten_c_kernels/results/aten_block_diag_cpu/debuf.mlir ==
  match          body#[0]  memset_zero_2D_f32
  match          body#[1]  cutensorPermute_f32_r3_tensor
  total: 2 matched / 2 bodies
",0,[],0,0,0,0,/home/arjaiswal/Polygeist/issues/aten_c_kernels/results/aten_block_diag_cpu/debuf.mlir,3001,0,2,2,367.6244728267193,0,65572,0.1408196985721588,0,17,0,0,"[{""body_indices"": [0], ""symbol"": ""memset_zero_2D_f32""}, {""body_indices"": [1], ""symbol"": ""cutensorPermute_f32_r3_tensor""}]",2,0,49,0.0,49
aten,aten_block_diag_cpu,/home/arjaiswal/Polygeist/issues/aten_c_kernels/results/aten_block_diag_cpu/debuf.mlir,25655dad10a6c7c0ace723396f10fd6c850b144198d02e9759fce510296e4e82,egglog,5,ok,0,1012.3719908297062,0,"[""/usr/bin/python3"", ""/home/arjaiswal/Polygeist/scripts/correctness/kernel_match_rewrite.py"", ""/home/arjaiswal/Polygeist/issues/aten_c_kernels/results/aten_block_diag_cpu/debuf.mlir"", ""--dry-run"", ""--matcher-mode"", ""egglog"", ""--telemetry-json"", ""/home/arjaiswal/Polygeist/issues/equality_saturation_eval/campaign_20260908/aten-aten_block_diag_cpu-egglog-seprv7hm.json"", ""--disable-semantic-fallback""]","== match report for /home/arjaiswal/Polygeist/issues/aten_c_kernels/results/aten_block_diag_cpu/debuf.mlir ==
  match          body#[0]  memset_zero_2D_f32
  match          body#[1]  cutensorPermute_f32_r3_tensor
  total: 2 matched / 2 bodies
",0,[],0,0,0,0,/home/arjaiswal/Polygeist/issues/aten_c_kernels/results/aten_block_diag_cpu/debuf.mlir,3001,8,2,2,569.9723660945892,0,69768,173.68583008646965,17,17,0,0,"[{""body_indices"": [0], ""symbol"": ""memset_zero_2D_f32""}, {""body_indices"": [1], ""symbol"": ""cutensorPermute_f32_r3_tensor""}]",2,0,0,0.0,49
aten,aten_bmm,/home/arjaiswal/Polygeist/issues/aten_c_kernels/results/aten_bmm/debuf.mlir,a5c2fe34c0509da6490013f44d5c59f8f905c00e8f5f3e263f20bcbe3abda3ab,egglog,1,ok,0,821.9086714088917,0,"[""/usr/bin/python3"", ""/home/arjaiswal/Polygeist/scripts/correctness/kernel_match_rewrite.py"", ""/home/arjaiswal/Polygeist/issues/aten_c_kernels/results/aten_bmm/debuf.mlir"", ""--dry-run"", ""--matcher-mode"", ""egglog"", ""--telemetry-json"", ""/home/arjaiswal/Polygeist/issues/equality_saturation_eval/campaign_20260908/aten-aten_bmm-egglog-ka11piy_.json"", ""--disable-semantic-fallback""]","== match report for /home/arjaiswal/Polygeist/issues/aten_c_kernels/results/aten_bmm/debuf.mlir ==
  match          body#[0, 1]  cublasSgemm_strided_batched_nn_zero
  total: 1 matched / 1 bodies
",0,[],0,0,0,0,/home/arjaiswal/Polygeist/issues/aten_c_kernels/results/aten_bmm/debuf.mlir,3202,8,2,2,356.9600582122803,0,69400,66.85246154665947,6,6,0,8,"[{""body_indices"": [0, 1], ""symbol"": ""cublasSgemm_strided_batched_nn_zero""}]",1,0,0,0.0,6
aten,aten_bmm,/home/arjaiswal/Polygeist/issues/aten_c_kernels/results/aten_bmm/debuf.mlir,a5c2fe34c0509da6490013f44d5c59f8f905c00e8f5f3e263f20bcbe3abda3ab,syntactic,1,ok,0,700.3407292068005,0,"[""/usr/bin/python3"", ""/home/arjaiswal/Polygeist/scripts/correctness/kernel_match_rewrite.py"", ""/home/arjaiswal/Polygeist/issues/aten_c_kernels/results/aten_bmm/debuf.mlir"", ""--dry-run"", ""--matcher-mode"", ""syntactic"", ""--telemetry-json"", ""/home/arjaiswal/Polygeist/issues/equality_saturation_eval/campaign_20260908/aten-aten_bmm-syntactic-7qt6vjyw.json"", ""--disable-semantic-fallback""]","== match report for /home/arjaiswal/Polygeist/issues/aten_c_kernels/results/aten_bmm/debuf.mlir ==
  match          body#[0, 1]  cublasSgemm_strided_batched_nn_zero
  total: 1 matched / 1 bodies
",0,[],0,0,0,0,/home/arjaiswal/Polygeist/issues/aten_c_kernels/results/aten_bmm/debuf.mlir,3202,0,2,2,280.73377162218094,0,64520,0.034537166357040405,0,6,0,0,"[{""body_indices"": [0, 1], ""symbol"": ""cublasSgemm_strided_batched_nn_zero""}]",1,0,6,0.0,6
aten,aten_bmm,/home/arjaiswal/Polygeist/issues/aten_c_kernels/results/aten_bmm/debuf.mlir,a5c2fe34c0509da6490013f44d5c59f8f905c00e8f5f3e263f20bcbe3abda3ab,syntactic,2,ok,0,705.1871567964554,0,"[""/usr/bin/python3"", ""/home/arjaiswal/Polygeist/scripts/correctness/kernel_match_rewrite.py"", ""/home/arjaiswal/Polygeist/issues/aten_c_kernels/results/aten_bmm/debuf.mlir"", ""--dry-run"", ""--matcher-mode"", ""syntactic"", ""--telemetry-json"", ""/home/arjaiswal/Polygeist/issues/equality_saturation_eval/campaign_20260908/aten-aten_bmm-syntactic-_14ae0d_.json"", ""--disable-semantic-fallback""]","== match report for /home/arjaiswal/Polygeist/issues/aten_c_kernels/results/aten_bmm/debuf.mlir ==
  match          body#[0, 1]  cublasSgemm_strided_batched_nn_zero
  total: 1 matched / 1 bodies
",0,[],0,0,0,0,/home/arjaiswal/Polygeist/issues/aten_c_kernels/results/aten_bmm/debuf.mlir,3202,0,2,2,277.3420736193657,0,64844,0.03987923264503479,0,6,0,0,"[{""body_indices"": [0, 1], ""symbol"": ""cublasSgemm_strided_batched_nn_zero""}]",1,0,6,0.0,6
aten,aten_bmm,/home/arjaiswal/Polygeist/issues/aten_c_kernels/results/aten_bmm/debuf.mlir,a5c2fe34c0509da6490013f44d5c59f8f905c00e8f5f3e263f20bcbe3abda3ab,egglog,2,ok,0,933.7224327027798,0,"[""/usr/bin/python3"", ""/home/arjaiswal/Polygeist/scripts/correctness/kernel_match_rewrite.py"", ""/home/arjaiswal/Polygeist/issues/aten_c_kernels/results/aten_bmm/debuf.mlir"", ""--dry-run"", ""--matcher-mode"", ""egglog"", ""--telemetry-json"", ""/home/arjaiswal/Polygeist/issues/equality_saturation_eval/campaign_20260908/aten-aten_bmm-egglog-owbtm8hz.json"", ""--disable-semantic-fallback""]","== match report for /home/arjaiswal/Polygeist/issues/aten_c_kernels/results/aten_bmm/debuf.mlir ==
  match          body#[0, 1]  cublasSgemm_strided_batched_nn_zero
  total: 1 matched / 1 bodies
",0,[],0,0,0,0,/home/arjaiswal/Polygeist/issues/aten_c_kernels/results/aten_bmm/debuf.mlir,3202,8,2,2,398.9359587430954,0,69636,69.16990503668785,6,6,0,8,"[{""body_indices"": [0, 1], ""symbol"": ""cublasSgemm_strided_batched_nn_zero""}]",1,0,0,0.0,6
aten,aten_bmm,/home/arjaiswal/Polygeist/issues/aten_c_kernels/results/aten_bmm/debuf.mlir,a5c2fe34c0509da6490013f44d5c59f8f905c00e8f5f3e263f20bcbe3abda3ab,egglog,3,ok,0,789.9169921875,0,"[""/usr/bin/python3"", ""/home/arjaiswal/Polygeist/scripts/correctness/kernel_match_rewrite.py"", ""/home/arjaiswal/Polygeist/issues/aten_c_kernels/results/aten_bmm/debuf.mlir"", ""--dry-run"", ""--matcher-mode"", ""egglog"", ""--telemetry-json"", ""/home/arjaiswal/Polygeist/issues/equality_saturation_eval/campaign_20260908/aten-aten_bmm-egglog-z84a_b_x.json"", ""--disable-semantic-fallback""]","== match report for /home/arjaiswal/Polygeist/issues/aten_c_kernels/results/aten_bmm/debuf.mlir ==
  match          body#[0, 1]  cublasSgemm_strided_batched_nn_zero
  total: 1 matched / 1 bodies
",0,[],0,0,0,0,/home/arjaiswal/Polygeist/issues/aten_c_kernels/results/aten_bmm/debuf.mlir,3202,8,2,2,346.13046795129776,0,69808,61.62235140800476,6,6,0,8,"[{""body_indices"": [0, 1], ""symbol"": ""cublasSgemm_strided_batched_nn_zero""}]",1,0,0,0.0,6
aten,aten_bmm,/home/arjaiswal/Polygeist/issues/aten_c_kernels/results/aten_bmm/debuf.mlir,a5c2fe34c0509da6490013f44d5c59f8f905c00e8f5f3e263f20bcbe3abda3ab,syntactic,3,ok,0,755.2348710596561,0,"[""/usr/bin/python3"", ""/home/arjaiswal/Polygeist/scripts/correctness/kernel_match_rewrite.py"", ""/home/arjaiswal/Polygeist/issues/aten_c_kernels/results/aten_bmm/debuf.mlir"", ""--dry-run"", ""--matcher-mode"", ""syntactic"", ""--telemetry-json"", ""/home/arjaiswal/Polygeist/issues/equality_saturation_eval/campaign_20260908/aten-aten_bmm-syntactic-yq9z_yvl.json"", ""--disable-semantic-fallback""]","== match report for /home/arjaiswal/Polygeist/issues/aten_c_kernels/results/aten_bmm/debuf.mlir ==
  match          body#[0, 1]  cublasSgemm_strided_batched_nn_zero
  total: 1 matched / 1 bodies
",0,[],0,0,0,0,/home/arjaiswal/Polygeist/issues/aten_c_kernels/results/aten_bmm/debuf.mlir,3202,0,2,2,323.1279067695141,0,64460,0.03280863165855408,0,6,0,0,"[{""body_indices"": [0, 1], ""symbol"": ""cublasSgemm_strided_batched_nn_zero""}]",1,0,6,0.0,6
aten,aten_bmm,/home/arjaiswal/Polygeist/issues/aten_c_kernels/results/aten_bmm/debuf.mlir,a5c2fe34c0509da6490013f44d5c59f8f905c00e8f5f3e263f20bcbe3abda3ab,syntactic,4,ok,0,729.4630631804466,0,"[""/usr/bin/python3"", ""/home/arjaiswal/Polygeist/scripts/correctness/kernel_match_rewrite.py"", ""/home/arjaiswal/Polygeist/issues/aten_c_kernels/results/aten_bmm/debuf.mlir"", ""--dry-run"", ""--matcher-mode"", ""syntactic"", ""--telemetry-json"", ""/home/arjaiswal/Polygeist/issues/equality_saturation_eval/campaign_20260908/aten-aten_bmm-syntactic-a23hx2df.json"", ""--disable-semantic-fallback""]","== match report for /home/arjaiswal/Polygeist/issues/aten_c_kernels/results/aten_bmm/debuf.mlir ==
  match          body#[0, 1]  cublasSgemm_strided_batched_nn_zero
  total: 1 matched / 1 bodies
",0,[],0,0,0,0,/home/arjaiswal/Polygeist/issues/aten_c_kernels/results/aten_bmm/debuf.mlir,3202,0,2,2,287.83686459064484,0,64852,0.04284083843231201,0,6,0,0,"[{""body_indices"": [0, 1], ""symbol"": ""cublasSgemm_strided_batched_nn_zero""}]",1,0,6,0.0,6
aten,aten_bmm,/home/arjaiswal/Polygeist/issues/aten_c_kernels/results/aten_bmm/debuf.mlir,a5c2fe34c0509da6490013f44d5c59f8f905c00e8f5f3e263f20bcbe3abda3ab,egglog,4,ok,0,804.211687296629,0,"[""/usr/bin/python3"", ""/home/arjaiswal/Polygeist/scripts/correctness/kernel_match_rewrite.py"", ""/home/arjaiswal/Polygeist/issues/aten_c_kernels/results/aten_bmm/debuf.mlir"", ""--dry-run"", ""--matcher-mode"", ""egglog"", ""--telemetry-json"", ""/home/arjaiswal/Polygeist/issues/equality_saturation_eval/campaign_20260908/aten-aten_bmm-egglog-xcdkpjcp.json"", ""--disable-semantic-fallback""]","== match report for /home/arjaiswal/Polygeist/issues/aten_c_kernels/results/aten_bmm/debuf.mlir ==
  match          body#[0, 1]  cublasSgemm_strided_batched_nn_zero
  total: 1 matched / 1 bodies
",0,[],0,0,0,0,/home/arjaiswal/Polygeist/issues/aten_c_kernels/results/aten_bmm/debuf.mlir,3202,8,2,2,372.5637085735798,0,69728,64.32413309812546,6,6,0,8,"[{""body_indices"": [0, 1], ""symbol"": ""cublasSgemm_strided_batched_nn_zero""}]",1,0,0,0.0,6
aten,aten_bmm,/home/arjaiswal/Polygeist/issues/aten_c_kernels/results/aten_bmm/debuf.mlir,a5c2fe34c0509da6490013f44d5c59f8f905c00e8f5f3e263f20bcbe3abda3ab,egglog,5,ok,0,763.1769478321075,0,"[""/usr/bin/python3"", ""/home/arjaiswal/Polygeist/scripts/correctness/kernel_match_rewrite.py"", ""/home/arjaiswal/Polygeist/issues/aten_c_kernels/results/aten_bmm/debuf.mlir"", ""--dry-run"", ""--matcher-mode"", ""egglog"", ""--telemetry-json"", ""/home/arjaiswal/Polygeist/issues/equality_saturation_eval/campaign_20260908/aten-aten_bmm-egglog-hjay9rzn.json"", ""--disable-semantic-fallback""]","== match report for /home/arjaiswal/Polygeist/issues/aten_c_kernels/results/aten_bmm/debuf.mlir ==
  match          body#[0, 1]  cublasSgemm_strided_batched_nn_zero
  total: 1 matched / 1 bodies
",0,[],0,0,0,0,/home/arjaiswal/Polygeist/issues/aten_c_kernels/results/aten_bmm/debuf.mlir,3202,8,2,2,340.93062952160835,0,69812,62.83154711127281,6,6,0,8,"[{""body_indices"": [0, 1], ""symbol"": ""cublasSgemm_strided_batched_nn_zero""}]",1,0,0,0.0,6
aten,aten_bmm,/home/arjaiswal/Polygeist/issues/aten_c_kernels/results/aten_bmm/debuf.mlir,a5c2fe34c0509da6490013f44d5c59f8f905c00e8f5f3e263f20bcbe3abda3ab,syntactic,5,ok,0,723.3821041882038,0,"[""/usr/bin/python3"", ""/home/arjaiswal/Polygeist/scripts/correctness/kernel_match_rewrite.py"", ""/home/arjaiswal/Polygeist/issues/aten_c_kernels/results/aten_bmm/debuf.mlir"", ""--dry-run"", ""--matcher-mode"", ""syntactic"", ""--telemetry-json"", ""/home/arjaiswal/Polygeist/issues/equality_saturation_eval/campaign_20260908/aten-aten_bmm-syntactic-fgmaxxt1.json"", ""--disable-semantic-fallback""]","== match report for /home/arjaiswal/Polygeist/issues/aten_c_kernels/results/aten_bmm/debuf.mlir ==
  match          body#[0, 1]  cublasSgemm_strided_batched_nn_zero
  total: 1 matched / 1 bodies
",0,[],0,0,0,0,/home/arjaiswal/Polygeist/issues/aten_c_kernels/results/aten_bmm/debuf.mlir,3202,0,2,2,288.01753744482994,0,64764,0.031851232051849365,0,6,0,0,"[{""body_indices"": [0, 1], ""symbol"": ""cublasSgemm_strided_batched_nn_zero""}]",1,0,6,0.0,6
aten,aten_cartesian_prod_cpu,/home/arjaiswal/Polygeist/issues/aten_c_kernels/results/aten_cartesian_prod_cpu/debuf.mlir,75de47d2d2f0bfb40b02f91fe26d6cc8c8bc6399f0519e696e1148339a2b8e45,syntactic,1,ok,0,939.0983916819096,0,"[""/usr/bin/python3"", ""/home/arjaiswal/Polygeist/scripts/correctness/kernel_match_rewrite.py"", ""/home/arjaiswal/Polygeist/issues/aten_c_kernels/results/aten_cartesian_prod_cpu/debuf.mlir"", ""--dry-run"", ""--matcher-mode"", ""syntactic"", ""--telemetry-json"", ""/home/arjaiswal/Polygeist/issues/equality_saturation_eval/campaign_20260908/aten-aten_cartesian_prod_cpu-syntactic-hv86zghj.json"", ""--disable-semantic-fallback""]","== match report for /home/arjaiswal/Polygeist/issues/aten_c_kernels/results/aten_cartesian_prod_cpu/debuf.mlir ==
  match          body#[0]  cublasBroadcastAxis0_f32
  match          body#[1]  cublasBroadcastAxis1_f32
  total: 2 matched / 2 bodies
",0,[],0,0,0,0,/home/arjaiswal/Polygeist/issues/aten_c_kernels/results/aten_cartesian_prod_cpu/debuf.mlir,3084,0,2,2,503.9546713232994,0,65840,0.24076923727989197,0,4,0,0,"[{""body_indices"": [0], ""symbol"": ""cublasBroadcastAxis0_f32""}, {""body_indices"": [1], ""symbol"": ""cublasBroadcastAxis1_f32""}]",2,0,100,0.0,100
aten,aten_cartesian_prod_cpu,/home/arjaiswal/Polygeist/issues/aten_c_kernels/results/aten_cartesian_prod_cpu/debuf.mlir,75de47d2d2f0bfb40b02f91fe26d6cc8c8bc6399f0519e696e1148339a2b8e45,egglog,1,ok,0,1010.2258175611496,0,"[""/usr/bin/python3"", ""/home/arjaiswal/Polygeist/scripts/correctness/kernel_match_rewrite.py"", ""/home/arjaiswal/Polygeist/issues/aten_c_kernels/results/aten_cartesian_prod_cpu/debuf.mlir"", ""--dry-run"", ""--matcher-mode"", ""egglog"", ""--telemetry-json"", ""/home/arjaiswal/Polygeist/issues/equality_saturation_eval/campaign_20260908/aten-aten_cartesian_prod_cpu-egglog-1rqw4dni.json"", ""--disable-semantic-fallback""]","== match report for /home/arjaiswal/Polygeist/issues/aten_c_kernels/results/aten_cartesian_prod_cpu/debuf.mlir ==
  match          body#[0]  cublasBroadcastAxis0_f32
  match          body#[1]  cublasBroadcastAxis1_f32
  total: 2 matched / 2 bodies
",0,[],0,0,0,0,/home/arjaiswal/Polygeist/issues/aten_c_kernels/results/aten_cartesian_prod_cpu/debuf.mlir,3084,8,2,2,575.9814940392971,0,69656,44.698841869831085,4,4,0,0,"[{""body_indices"": [0], ""symbol"": ""cublasBroadcastAxis0_f32""}, {""body_indices"": [1], ""symbol"": ""cublasBroadcastAxis1_f32""}]",2,0,0,0.0,100
aten,aten_cartesian_prod_cpu,/home/arjaiswal/Polygeist/issues/aten_c_kernels/results/aten_cartesian_prod_cpu/debuf.mlir,75de47d2d2f0bfb40b02f91fe26d6cc8c8bc6399f0519e696e1148339a2b8e45,egglog,2,ok,0,982.1085222065449,0,"[""/usr/bin/python3"", ""/home/arjaiswal/Polygeist/scripts/correctness/kernel_match_rewrite.py"", ""/home/arjaiswal/Polygeist/issues/aten_c_kernels/results/aten_cartesian_prod_cpu/debuf.mlir"", ""--dry-run"", ""--matcher-mode"", ""egglog"", ""--telemetry-json"", ""/home/arjaiswal/Polygeist/issues/equality_saturation_eval/campaign_20260908/aten-aten_cartesian_prod_cpu-egglog-wwwdug5z.json"", ""--disable-semantic-fallback""]","== match report for /home/arjaiswal/Polygeist/issues/aten_c_kernels/results/aten_cartesian_prod_cpu/debuf.mlir ==
  match          body#[0]  cublasBroadcastAxis0_f32
  match          body#[1]  cublasBroadcastAxis1_f32
  total: 2 matched / 2 bodies
",0,[],0,0,0,0,/home/arjaiswal/Polygeist/issues/aten_c_kernels/results/aten_cartesian_prod_cpu/debuf.mlir,3084,8,2,2,552.5561720132828,0,69796,49.17718470096588,4,4,0,0,"[{""body_indices"": [0], ""symbol"": ""cublasBroadcastAxis0_f32""}, {""body_indices"": [1], ""symbol"": ""cublasBroadcastAxis1_f32""}]",2,0,0,0.0,100
aten,aten_cartesian_prod_cpu,/home/arjaiswal/Polygeist/issues/aten_c_kernels/results/aten_cartesian_prod_cpu/debuf.mlir,75de47d2d2f0bfb40b02f91fe26d6cc8c8bc6399f0519e696e1148339a2b8e45,syntactic,2,ok,0,955.3204588592052,0,"[""/usr/bin/python3"", ""/home/arjaiswal/Polygeist/scripts/correctness/kernel_match_rewrite.py"", ""/home/arjaiswal/Polygeist/issues/aten_c_kernels/results/aten_cartesian_prod_cpu/debuf.mlir"", ""--dry-run"", ""--matcher-mode"", ""syntactic"", ""--telemetry-json"", ""/home/arjaiswal/Polygeist/issues/equality_saturation_eval/campaign_20260908/aten-aten_cartesian_prod_cpu-syntactic-k3nxyvhg.json"", ""--disable-semantic-fallback""]","== match report for /home/arjaiswal/Polygeist/issues/aten_c_kernels/results/aten_cartesian_prod_cpu/debuf.mlir ==
  match          body#[0]  cublasBroadcastAxis0_f32
  match          body#[1]  cublasBroadcastAxis1_f32
  total: 2 matched / 2 bodies
",0,[],0,0,0,0,/home/arjaiswal/Polygeist/issues/aten_c_kernels/results/aten_cartesian_prod_cpu/debuf.mlir,3084,0,2,2,515.585146844387,0,65932,0.245753675699234,0,4,0,0,"[{""body_indices"": [0], ""symbol"": ""cublasBroadcastAxis0_f32""}, {""body_indices"": [1], ""symbol"": ""cublasBroadcastAxis1_f32""}]",2,0,100,0.0,100
aten,aten_cartesian_prod_cpu,/home/arjaiswal/Polygeist/issues/aten_c_kernels/results/aten_cartesian_prod_cpu/debuf.mlir,75de47d2d2f0bfb40b02f91fe26d6cc8c8bc6399f0519e696e1148339a2b8e45,syntactic,3,ok,0,942.0174919068813,0,"[""/usr/bin/python3"", ""/home/arjaiswal/Polygeist/scripts/correctness/kernel_match_rewrite.py"", ""/home/arjaiswal/Polygeist/issues/aten_c_kernels/results/aten_cartesian_prod_cpu/debuf.mlir"", ""--dry-run"", ""--matcher-mode"", ""syntactic"", ""--telemetry-json"", ""/home/arjaiswal/Polygeist/issues/equality_saturation_eval/campaign_20260908/aten-aten_cartesian_prod_cpu-syntactic-3tcohh4e.json"", ""--disable-semantic-fallback""]","== match report for /home/arjaiswal/Polygeist/issues/aten_c_kernels/results/aten_cartesian_prod_cpu/debuf.mlir ==
  match          body#[0]  cublasBroadcastAxis0_f32
  match          body#[1]  cublasBroadcastAxis1_f32
  total: 2 matched / 2 bodies
",0,[],0,0,0,0,/home/arjaiswal/Polygeist/issues/aten_c_kernels/results/aten_cartesian_prod_cpu/debuf.mlir,3084,0,2,2,511.3423764705658,0,65896,0.24838000535964966,0,4,0,0,"[{""body_indices"": [0], ""symbol"": ""cublasBroadcastAxis0_f32""}, {""body_indices"": [1], ""symbol"": ""cublasBroadcastAxis1_f32""}]",2,0,100,0.0,100
aten,aten_cartesian_prod_cpu,/home/arjaiswal/Polygeist/issues/aten_c_kernels/results/aten_cartesian_prod_cpu/debuf.mlir,75de47d2d2f0bfb40b02f91fe26d6cc8c8bc6399f0519e696e1148339a2b8e45,egglog,3,ok,0,1001.2389868497849,0,"[""/usr/bin/python3"", ""/home/arjaiswal/Polygeist/scripts/correctness/kernel_match_rewrite.py"", ""/home/arjaiswal/Polygeist/issues/aten_c_kernels/results/aten_cartesian_prod_cpu/debuf.mlir"", ""--dry-run"", ""--matcher-mode"", ""egglog"", ""--telemetry-json"", ""/home/arjaiswal/Polygeist/issues/equality_saturation_eval/campaign_20260908/aten-aten_cartesian_prod_cpu-egglog-disic296.json"", ""--disable-semantic-fallback""]","== match report for /home/arjaiswal/Polygeist/issues/aten_c_kernels/results/aten_cartesian_prod_cpu/debuf.mlir ==
  match          body#[0]  cublasBroadcastAxis0_f32
  match          body#[1]  cublasBroadcastAxis1_f32
  total: 2 matched / 2 bodies
",0,[],0,0,0,0,/home/arjaiswal/Polygeist/issues/aten_c_kernels/results/aten_cartesian_prod_cpu/debuf.mlir,3084,8,2,2,576.7322406172752,0,69700,45.821234583854675,4,4,0,0,"[{""body_indices"": [0], ""symbol"": ""cublasBroadcastAxis0_f32""}, {""body_indices"": [1], ""symbol"": ""cublasBroadcastAxis1_f32""}]",2,0,0,0.0,100
aten,aten_cartesian_prod_cpu,/home/arjaiswal/Polygeist/issues/aten_c_kernels/results/aten_cartesian_prod_cpu/debuf.mlir,75de47d2d2f0bfb40b02f91fe26d6cc8c8bc6399f0519e696e1148339a2b8e45,egglog,4,ok,0,1013.2546424865723,0,"[""/usr/bin/python3"", ""/home/arjaiswal/Polygeist/scripts/correctness/kernel_match_rewrite.py"", ""/home/arjaiswal/Polygeist/issues/aten_c_kernels/results/aten_cartesian_prod_cpu/debuf.mlir"", ""--dry-run"", ""--matcher-mode"", ""egglog"", ""--telemetry-json"", ""/home/arjaiswal/Polygeist/issues/equality_saturation_eval/campaign_20260908/aten-aten_cartesian_prod_cpu-egglog-42n_2u9p.json"", ""--disable-semantic-fallback""]","== match report for /home/arjaiswal/Polygeist/issues/aten_c_kernels/results/aten_cartesian_prod_cpu/debuf.mlir ==
  match          body#[0]  cublasBroadcastAxis0_f32
  match          body#[1]  cublasBroadcastAxis1_f32
  total: 2 matched / 2 bodies
",0,[],0,0,0,0,/home/arjaiswal/Polygeist/issues/aten_c_kernels/results/aten_cartesian_prod_cpu/debuf.mlir,3084,8,2,2,573.2206627726555,0,69656,44.89641264081001,4,4,0,0,"[{""body_indices"": [0], ""symbol"": ""cublasBroadcastAxis0_f32""}, {""body_indices"": [1], ""symbol"": ""cublasBroadcastAxis1_f32""}]",2,0,0,0.0,100
aten,aten_cartesian_prod_cpu,/home/arjaiswal/Polygeist/issues/aten_c_kernels/results/aten_cartesian_prod_cpu/debuf.mlir,75de47d2d2f0bfb40b02f91fe26d6cc8c8bc6399f0519e696e1148339a2b8e45,syntactic,4,ok,0,926.7430454492569,0,"[""/usr/bin/python3"", ""/home/arjaiswal/Polygeist/scripts/correctness/kernel_match_rewrite.py"", ""/home/arjaiswal/Polygeist/issues/aten_c_kernels/results/aten_cartesian_prod_cpu/debuf.mlir"", ""--dry-run"", ""--matcher-mode"", ""syntactic"", ""--telemetry-json"", ""/home/arjaiswal/Polygeist/issues/equality_saturation_eval/campaign_20260908/aten-aten_cartesian_prod_cpu-syntactic-seb_d9pa.json"", ""--disable-semantic-fallback""]","== match report for /home/arjaiswal/Polygeist/issues/aten_c_kernels/results/aten_cartesian_prod_cpu/debuf.mlir ==
  match          body#[0]  cublasBroadcastAxis0_f32
  match          body#[1]  cublasBroadcastAxis1_f32
  total: 2 matched / 2 bodies
",0,[],0,0,0,0,/home/arjaiswal/Polygeist/issues/aten_c_kernels/results/aten_cartesian_prod_cpu/debuf.mlir,3084,0,2,2,504.4155940413475,0,65844,0.26362016797065735,0,4,0,0,"[{""body_indices"": [0], ""symbol"": ""cublasBroadcastAxis0_f32""}, {""body_indices"": [1], ""symbol"": ""cublasBroadcastAxis1_f32""}]",2,0,100,0.0,100
aten,aten_cartesian_prod_cpu,/home/arjaiswal/Polygeist/issues/aten_c_kernels/results/aten_cartesian_prod_cpu/debuf.mlir,75de47d2d2f0bfb40b02f91fe26d6cc8c8bc6399f0519e696e1148339a2b8e45,syntactic,5,ok,0,966.6376411914825,0,"[""/usr/bin/python3"", ""/home/arjaiswal/Polygeist/scripts/correctness/kernel_match_rewrite.py"", ""/home/arjaiswal/Polygeist/issues/aten_c_kernels/results/aten_cartesian_prod_cpu/debuf.mlir"", ""--dry-run"", ""--matcher-mode"", ""syntactic"", ""--telemetry-json"", ""/home/arjaiswal/Polygeist/issues/equality_saturation_eval/campaign_20260908/aten-aten_cartesian_prod_cpu-syntactic-27y27vi3.json"", ""--disable-semantic-fallback""]","== match report for /home/arjaiswal/Polygeist/issues/aten_c_kernels/results/aten_cartesian_prod_cpu/debuf.mlir ==
  match          body#[0]  cublasBroadcastAxis0_f32
  match          body#[1]  cublasBroadcastAxis1_f32
  total: 2 matched / 2 bodies
",0,[],0,0,0,0,/home/arjaiswal/Polygeist/issues/aten_c_kernels/results/aten_cartesian_prod_cpu/debuf.mlir,3084,0,2,2,537.7342253923416,0,65956,0.27193501591682434,0,4,0,0,"[{""body_indices"": [0], ""symbol"": ""cublasBroadcastAxis0_f32""}, {""body_indices"": [1], ""symbol"": ""cublasBroadcastAxis1_f32""}]",2,0,100,0.0,100
aten,aten_cartesian_prod_cpu,/home/arjaiswal/Polygeist/issues/aten_c_kernels/results/aten_cartesian_prod_cpu/debuf.mlir,75de47d2d2f0bfb40b02f91fe26d6cc8c8bc6399f0519e696e1148339a2b8e45,egglog,5,ok,0,959.8965682089329,0,"[""/usr/bin/python3"", ""/home/arjaiswal/Polygeist/scripts/correctness/kernel_match_rewrite.py"", ""/home/arjaiswal/Polygeist/issues/aten_c_kernels/results/aten_cartesian_prod_cpu/debuf.mlir"", ""--dry-run"", ""--matcher-mode"", ""egglog"", ""--telemetry-json"", ""/home/arjaiswal/Polygeist/issues/equality_saturation_eval/campaign_20260908/aten-aten_cartesian_prod_cpu-egglog-zdrru8hx.json"", ""--disable-semantic-fallback""]","== match report for /home/arjaiswal/Polygeist/issues/aten_c_kernels/results/aten_cartesian_prod_cpu/debuf.mlir ==
  match          body#[0]  cublasBroadcastAxis0_f32
  match          body#[1]  cublasBroadcastAxis1_f32
  total: 2 matched / 2 bodies
",0,[],0,0,0,0,/home/arjaiswal/Polygeist/issues/aten_c_kernels/results/aten_cartesian_prod_cpu/debuf.mlir,3084,8,2,2,538.958627730608,0,69668,44.54492777585983,4,4,0,0,"[{""body_indices"": [0], ""symbol"": ""cublasBroadcastAxis0_f32""}, {""body_indices"": [1], ""symbol"": ""cublasBroadcastAxis1_f32""}]",2,0,0,0.0,100
aten,aten_cat_serial_cpu,/home/arjaiswal/Polygeist/issues/aten_c_kernels/results/aten_cat_serial_cpu/debuf.mlir,680a7535bf0b434ca2652be130a127e128f501a148fb49ff1ff67bdb28c4b516,egglog,1,ok,0,995.3692741692066,0,"[""/usr/bin/python3"", ""/home/arjaiswal/Polygeist/scripts/correctness/kernel_match_rewrite.py"", ""/home/arjaiswal/Polygeist/issues/aten_c_kernels/results/aten_cat_serial_cpu/debuf.mlir"", ""--dry-run"", ""--matcher-mode"", ""egglog"", ""--telemetry-json"", ""/home/arjaiswal/Polygeist/issues/equality_saturation_eval/campaign_20260908/aten-aten_cat_serial_cpu-egglog-1khopmyx.json"", ""--disable-semantic-fallback""]","== match report for /home/arjaiswal/Polygeist/issues/aten_c_kernels/results/aten_cat_serial_cpu/debuf.mlir ==
  match          body#[0]  cudaCopy2D_f32_tensor
  match          body#[1]  cudaCopy2D_f32_tensor
  total: 2 matched / 2 bodies
",0,[],0,0,0,0,/home/arjaiswal/Polygeist/issues/aten_c_kernels/results/aten_cat_serial_cpu/debuf.mlir,3045,8,2,2,552.6016056537628,0,69840,44.86324265599251,4,4,0,0,"[{""body_indices"": [0], ""symbol"": ""cudaCopy2D_f32_tensor""}, {""body_indices"": [1], ""symbol"": ""cudaCopy2D_f32_tensor""}]",2,0,0,0.0,100
aten,aten_cat_serial_cpu,/home/arjaiswal/Polygeist/issues/aten_c_kernels/results/aten_cat_serial_cpu/debuf.mlir,680a7535bf0b434ca2652be130a127e128f501a148fb49ff1ff67bdb28c4b516,syntactic,1,ok,0,1067.88956746459,0,"[""/usr/bin/python3"", ""/home/arjaiswal/Polygeist/scripts/correctness/kernel_match_rewrite.py"", ""/home/arjaiswal/Polygeist/issues/aten_c_kernels/results/aten_cat_serial_cpu/debuf.mlir"", ""--dry-run"", ""--matcher-mode"", ""syntactic"", ""--telemetry-json"", ""/home/arjaiswal/Polygeist/issues/equality_saturation_eval/campaign_20260908/aten-aten_cat_serial_cpu-syntactic-9oo4o1cw.json"", ""--disable-semantic-fallback""]","== match report for /home/arjaiswal/Polygeist/issues/aten_c_kernels/results/aten_cat_serial_cpu/debuf.mlir ==
  match          body#[0]  cudaCopy2D_f32_tensor
  match          body#[1]  cudaCopy2D_f32_tensor
  total: 2 matched / 2 bodies
",0,[],0,0,0,0,/home/arjaiswal/Polygeist/issues/aten_c_kernels/results/aten_cat_serial_cpu/debuf.mlir,3045,0,2,2,535.1183041930199,0,65960,0.26340410113334656,0,4,0,0,"[{""body_indices"": [0], ""symbol"": ""cudaCopy2D_f32_tensor""}, {""body_indices"": [1], ""symbol"": ""cudaCopy2D_f32_tensor""}]",2,0,100,0.0,100
aten,aten_cat_serial_cpu,/home/arjaiswal/Polygeist/issues/aten_c_kernels/results/aten_cat_serial_cpu/debuf.mlir,680a7535bf0b434ca2652be130a127e128f501a148fb49ff1ff67bdb28c4b516,syntactic,2,ok,0,980.3651794791222,0,"[""/usr/bin/python3"", ""/home/arjaiswal/Polygeist/scripts/correctness/kernel_match_rewrite.py"", ""/home/arjaiswal/Polygeist/issues/aten_c_kernels/results/aten_cat_serial_cpu/debuf.mlir"", ""--dry-run"", ""--matcher-mode"", ""syntactic"", ""--telemetry-json"", ""/home/arjaiswal/Polygeist/issues/equality_saturation_eval/campaign_20260908/aten-aten_cat_serial_cpu-syntactic-b6unxshf.json"", ""--disable-semantic-fallback""]","== match report for /home/arjaiswal/Polygeist/issues/aten_c_kernels/results/aten_cat_serial_cpu/debuf.mlir ==
  match          body#[0]  cudaCopy2D_f32_tensor
  match          body#[1]  cudaCopy2D_f32_tensor
  total: 2 matched / 2 bodies
",0,[],0,0,0,0,/home/arjaiswal/Polygeist/issues/aten_c_kernels/results/aten_cat_serial_cpu/debuf.mlir,3045,0,2,2,533.8742733001709,0,66016,0.25613605976104736,0,4,0,0,"[{""body_indices"": [0], ""symbol"": ""cudaCopy2D_f32_tensor""}, {""body_indices"": [1], ""symbol"": ""cudaCopy2D_f32_tensor""}]",2,0,100,0.0,100
aten,aten_cat_serial_cpu,/home/arjaiswal/Polygeist/issues/aten_c_kernels/results/aten_cat_serial_cpu/debuf.mlir,680a7535bf0b434ca2652be130a127e128f501a148fb49ff1ff67bdb28c4b516,egglog,2,ok,0,1020.2543810009956,0,"[""/usr/bin/python3"", ""/home/arjaiswal/Polygeist/scripts/correctness/kernel_match_rewrite.py"", ""/home/arjaiswal/Polygeist/issues/aten_c_kernels/results/aten_cat_serial_cpu/debuf.mlir"", ""--dry-run"", ""--matcher-mode"", ""egglog"", ""--telemetry-json"", ""/home/arjaiswal/Polygeist/issues/equality_saturation_eval/campaign_20260908/aten-aten_cat_serial_cpu-egglog-5bxg2mua.json"", ""--disable-semantic-fallback""]","== match report for /home/arjaiswal/Polygeist/issues/aten_c_kernels/results/aten_cat_serial_cpu/debuf.mlir ==
  match          body#[0]  cudaCopy2D_f32_tensor
  match          body#[1]  cudaCopy2D_f32_tensor
  total: 2 matched / 2 bodies
",0,[],0,0,0,0,/home/arjaiswal/Polygeist/issues/aten_c_kernels/results/aten_cat_serial_cpu/debuf.mlir,3045,8,2,2,582.6360881328583,0,69540,44.843338429927826,4,4,0,0,"[{""body_indices"": [0], ""symbol"": ""cudaCopy2D_f32_tensor""}, {""body_indices"": [1], ""symbol"": ""cudaCopy2D_f32_tensor""}]",2,0,0,0.0,100
aten,aten_cat_serial_cpu,/home/arjaiswal/Polygeist/issues/aten_c_kernels/results/aten_cat_serial_cpu/debuf.mlir,680a7535bf0b434ca2652be130a127e128f501a148fb49ff1ff67bdb28c4b516,egglog,3,ok,0,1027.4125188589096,0,"[""/usr/bin/python3"", ""/home/arjaiswal/Polygeist/scripts/correctness/kernel_match_rewrite.py"", ""/home/arjaiswal/Polygeist/issues/aten_c_kernels/results/aten_cat_serial_cpu/debuf.mlir"", ""--dry-run"", ""--matcher-mode"", ""egglog"", ""--telemetry-json"", ""/home/arjaiswal/Polygeist/issues/equality_saturation_eval/campaign_20260908/aten-aten_cat_serial_cpu-egglog-lhuk56dn.json"", ""--disable-semantic-fallback""]","== match report for /home/arjaiswal/Polygeist/issues/aten_c_kernels/results/aten_cat_serial_cpu/debuf.mlir ==
  match          body#[0]  cudaCopy2D_f32_tensor
  match          body#[1]  cudaCopy2D_f32_tensor
  total: 2 matched / 2 bodies
",0,[],0,0,0,0,/home/arjaiswal/Polygeist/issues/aten_c_kernels/results/aten_cat_serial_cpu/debuf.mlir,3045,8,2,2,588.3286744356155,0,69804,45.6903800368309,4,4,0,0,"[{""body_indices"": [0], ""symbol"": ""cudaCopy2D_f32_tensor""}, {""body_indices"": [1], ""symbol"": ""cudaCopy2D_f32_tensor""}]",2,0,0,0.0,100
aten,aten_cat_serial_cpu,/home/arjaiswal/Polygeist/issues/aten_c_kernels/results/aten_cat_serial_cpu/debuf.mlir,680a7535bf0b434ca2652be130a127e128f501a148fb49ff1ff67bdb28c4b516,syntactic,3,ok,0,991.0228028893471,0,"[""/usr/bin/python3"", ""/home/arjaiswal/Polygeist/scripts/correctness/kernel_match_rewrite.py"", ""/home/arjaiswal/Polygeist/issues/aten_c_kernels/results/aten_cat_serial_cpu/debuf.mlir"", ""--dry-run"", ""--matcher-mode"", ""syntactic"", ""--telemetry-json"", ""/home/arjaiswal/Polygeist/issues/equality_saturation_eval/campaign_20260908/aten-aten_cat_serial_cpu-syntactic-cy6j8c0z.json"", ""--disable-semantic-fallback""]","== match report for /home/arjaiswal/Polygeist/issues/aten_c_kernels/results/aten_cat_serial_cpu/debuf.mlir ==
  match          body#[0]  cudaCopy2D_f32_tensor
  match          body#[1]  cudaCopy2D_f32_tensor
  total: 2 matched / 2 bodies
",0,[],0,0,0,0,/home/arjaiswal/Polygeist/issues/aten_c_kernels/results/aten_cat_serial_cpu/debuf.mlir,3045,0,2,2,525.3527015447617,0,65784,0.24359673261642456,0,4,0,0,"[{""body_indices"": [0], ""symbol"": ""cudaCopy2D_f32_tensor""}, {""body_indices"": [1], ""symbol"": ""cudaCopy2D_f32_tensor""}]",2,0,100,0.0,100
aten,aten_cat_serial_cpu,/home/arjaiswal/Polygeist/issues/aten_c_kernels/results/aten_cat_serial_cpu/debuf.mlir,680a7535bf0b434ca2652be130a127e128f501a148fb49ff1ff67bdb28c4b516,syntactic,4,ok,0,970.3563340008259,0,"[""/usr/bin/python3"", ""/home/arjaiswal/Polygeist/scripts/correctness/kernel_match_rewrite.py"", ""/home/arjaiswal/Polygeist/issues/aten_c_kernels/results/aten_cat_serial_cpu/debuf.mlir"", ""--dry-run"", ""--matcher-mode"", ""syntactic"", ""--telemetry-json"", ""/home/arjaiswal/Polygeist/issues/equality_saturation_eval/campaign_20260908/aten-aten_cat_serial_cpu-syntactic-0djosn3v.json"", ""--disable-semantic-fallback""]","== match report for /home/arjaiswal/Polygeist/issues/aten_c_kernels/results/aten_cat_serial_cpu/debuf.mlir ==
  match          body#[0]  cudaCopy2D_f32_tensor
  match          body#[1]  cudaCopy2D_f32_tensor
  total: 2 matched / 2 bodies
",0,[],0,0,0,0,/home/arjaiswal/Polygeist/issues/aten_c_kernels/results/aten_cat_serial_cpu/debuf.mlir,3045,0,2,2,522.0705159008503,0,65928,0.28022006154060364,0,4,0,0,"[{""body_indices"": [0], ""symbol"": ""cudaCopy2D_f32_tensor""}, {""body_indices"": [1], ""symbol"": ""cudaCopy2D_f32_tensor""}]",2,0,100,0.0,100
aten,aten_cat_serial_cpu,/home/arjaiswal/Polygeist/issues/aten_c_kernels/results/aten_cat_serial_cpu/debuf.mlir,680a7535bf0b434ca2652be130a127e128f501a148fb49ff1ff67bdb28c4b516,egglog,4,ok,0,988.3526749908924,0,"[""/usr/bin/python3"", ""/home/arjaiswal/Polygeist/scripts/correctness/kernel_match_rewrite.py"", ""/home/arjaiswal/Polygeist/issues/aten_c_kernels/results/aten_cat_serial_cpu/debuf.mlir"", ""--dry-run"", ""--matcher-mode"", ""egglog"", ""--telemetry-json"", ""/home/arjaiswal/Polygeist/issues/equality_saturation_eval/campaign_20260908/aten-aten_cat_serial_cpu-egglog-bd0qlyw4.json"", ""--disable-semantic-fallback""]","== match report for /home/arjaiswal/Polygeist/issues/aten_c_kernels/results/aten_cat_serial_cpu/debuf.mlir ==
  match          body#[0]  cudaCopy2D_f32_tensor
  match          body#[1]  cudaCopy2D_f32_tensor
  total: 2 matched / 2 bodies
",0,[],0,0,0,0,/home/arjaiswal/Polygeist/issues/aten_c_kernels/results/aten_cat_serial_cpu/debuf.mlir,3045,8,2,2,564.2731860280037,0,69684,44.84038054943085,4,4,0,0,"[{""body_indices"": [0], ""symbol"": ""cudaCopy2D_f32_tensor""}, {""body_indices"": [1], ""symbol"": ""cudaCopy2D_f32_tensor""}]",2,0,0,0.0,100
aten,aten_cat_serial_cpu,/home/arjaiswal/Polygeist/issues/aten_c_kernels/results/aten_cat_serial_cpu/debuf.mlir,680a7535bf0b434ca2652be130a127e128f501a148fb49ff1ff67bdb28c4b516,egglog,5,ok,0,1031.190112233162,0,"[""/usr/bin/python3"", ""/home/arjaiswal/Polygeist/scripts/correctness/kernel_match_rewrite.py"", ""/home/arjaiswal/Polygeist/issues/aten_c_kernels/results/aten_cat_serial_cpu/debuf.mlir"", ""--dry-run"", ""--matcher-mode"", ""egglog"", ""--telemetry-json"", ""/home/arjaiswal/Polygeist/issues/equality_saturation_eval/campaign_20260908/aten-aten_cat_serial_cpu-egglog-7gsp2wms.json"", ""--disable-semantic-fallback""]","== match report for /home/arjaiswal/Polygeist/issues/aten_c_kernels/results/aten_cat_serial_cpu/debuf.mlir ==
  match          body#[0]  cudaCopy2D_f32_tensor
  match          body#[1]  cudaCopy2D_f32_tensor
  total: 2 matched / 2 bodies
",0,[],0,0,0,0,/home/arjaiswal/Polygeist/issues/aten_c_kernels/results/aten_cat_serial_cpu/debuf.mlir,3045,8,2,2,595.9031358361244,0,69628,47.32917621731758,4,4,0,0,"[{""body_indices"": [0], ""symbol"": ""cudaCopy2D_f32_tensor""}, {""body_indices"": [1], ""symbol"": ""cudaCopy2D_f32_tensor""}]",2,0,0,0.0,100
aten,aten_cat_serial_cpu,/home/arjaiswal/Polygeist/issues/aten_c_kernels/results/aten_cat_serial_cpu/debuf.mlir,680a7535bf0b434ca2652be130a127e128f501a148fb49ff1ff67bdb28c4b516,syntactic,5,ok,0,989.3602654337883,0,"[""/usr/bin/python3"", ""/home/arjaiswal/Polygeist/scripts/correctness/kernel_match_rewrite.py"", ""/home/arjaiswal/Polygeist/issues/aten_c_kernels/results/aten_cat_serial_cpu/debuf.mlir"", ""--dry-run"", ""--matcher-mode"", ""syntactic"", ""--telemetry-json"", ""/home/arjaiswal/Polygeist/issues/equality_saturation_eval/campaign_20260908/aten-aten_cat_serial_cpu-syntactic-bthjn57s.json"", ""--disable-semantic-fallback""]","== match report for /home/arjaiswal/Polygeist/issues/aten_c_kernels/results/aten_cat_serial_cpu/debuf.mlir ==
  match          body#[0]  cudaCopy2D_f32_tensor
  match          body#[1]  cudaCopy2D_f32_tensor
  total: 2 matched / 2 bodies
",0,[],0,0,0,0,/home/arjaiswal/Polygeist/issues/aten_c_kernels/results/aten_cat_serial_cpu/debuf.mlir,3045,0,2,2,540.0128290057182,0,65852,0.2502351999282837,0,4,0,0,"[{""body_indices"": [0], ""symbol"": ""cudaCopy2D_f32_tensor""}, {""body_indices"": [1], ""symbol"": ""cudaCopy2D_f32_tensor""}]",2,0,100,0.0,100
aten,aten_cat_sparse_cpu,/home/arjaiswal/Polygeist/issues/aten_c_kernels/results/aten_cat_sparse_cpu/debuf.mlir,6d456619f091d87bc691ceae6aba897ef7371f6d8acb34e11b20387bd5d5bd81,syntactic,1,ok,0,789.7867038846016,0,"[""/usr/bin/python3"", ""/home/arjaiswal/Polygeist/scripts/correctness/kernel_match_rewrite.py"", ""/home/arjaiswal/Polygeist/issues/aten_c_kernels/results/aten_cat_sparse_cpu/debuf.mlir"", ""--dry-run"", ""--matcher-mode"", ""syntactic"", ""--telemetry-json"", ""/home/arjaiswal/Polygeist/issues/equality_saturation_eval/campaign_20260908/aten-aten_cat_sparse_cpu-syntactic-d23v7keg.json"", ""--disable-semantic-fallback""]","== match report for /home/arjaiswal/Polygeist/issues/aten_c_kernels/results/aten_cat_sparse_cpu/debuf.mlir ==
  copy_layout_reject body#0  cublasDcopy_tensor
  match          body#[1]  cutensorPermute_f32_r2_tensor
  total: 1 matched / 2 bodies
",0,[],0,0,0,0,/home/arjaiswal/Polygeist/issues/aten_c_kernels/results/aten_cat_sparse_cpu/debuf.mlir,3178,0,2,1,345.30700743198395,0,65904,0.07362291216850281,0,3,0,0,"[{""body_indices"": [1], ""symbol"": ""cutensorPermute_f32_r2_tensor""}]",1,0,27,0.0,27
aten,aten_cat_sparse_cpu,/home/arjaiswal/Polygeist/issues/aten_c_kernels/results/aten_cat_sparse_cpu/debuf.mlir,6d456619f091d87bc691ceae6aba897ef7371f6d8acb34e11b20387bd5d5bd81,egglog,1,ok,0,797.0722652971745,0,"[""/usr/bin/python3"", ""/home/arjaiswal/Polygeist/scripts/correctness/kernel_match_rewrite.py"", ""/home/arjaiswal/Polygeist/issues/aten_c_kernels/results/aten_cat_sparse_cpu/debuf.mlir"", ""--dry-run"", ""--matcher-mode"", ""egglog"", ""--telemetry-json"", ""/home/arjaiswal/Polygeist/issues/equality_saturation_eval/campaign_20260908/aten-aten_cat_sparse_cpu-egglog-drlshj0e.json"", ""--disable-semantic-fallback""]","== match report for /home/arjaiswal/Polygeist/issues/aten_c_kernels/results/aten_cat_sparse_cpu/debuf.mlir ==
  copy_layout_reject body#0  cublasDcopy_tensor
  match          body#[1]  cutensorPermute_f32_r2_tensor
  total: 1 matched / 2 bodies
",0,[],0,0,0,0,/home/arjaiswal/Polygeist/issues/aten_c_kernels/results/aten_cat_sparse_cpu/debuf.mlir,3178,8,2,1,364.0936017036438,0,69828,32.98169746994972,3,3,0,0,"[{""body_indices"": [1], ""symbol"": ""cutensorPermute_f32_r2_tensor""}]",1,0,0,0.0,27
aten,aten_cat_sparse_cpu,/home/arjaiswal/Polygeist/issues/aten_c_kernels/results/aten_cat_sparse_cpu/debuf.mlir,6d456619f091d87bc691ceae6aba897ef7371f6d8acb34e11b20387bd5d5bd81,egglog,2,ok,0,826.9292078912258,0,"[""/usr/bin/python3"", ""/home/arjaiswal/Polygeist/scripts/correctness/kernel_match_rewrite.py"", ""/home/arjaiswal/Polygeist/issues/aten_c_kernels/results/aten_cat_sparse_cpu/debuf.mlir"", ""--dry-run"", ""--matcher-mode"", ""egglog"", ""--telemetry-json"", ""/home/arjaiswal/Polygeist/issues/equality_saturation_eval/campaign_20260908/aten-aten_cat_sparse_cpu-egglog-j8kmfx5i.json"", ""--disable-semantic-fallback""]","== match report for /home/arjaiswal/Polygeist/issues/aten_c_kernels/results/aten_cat_sparse_cpu/debuf.mlir ==
  copy_layout_reject body#0  cublasDcopy_tensor
  match          body#[1]  cutensorPermute_f32_r2_tensor
  total: 1 matched / 2 bodies
",0,[],0,0,0,0,/home/arjaiswal/Polygeist/issues/aten_c_kernels/results/aten_cat_sparse_cpu/debuf.mlir,3178,8,2,1,381.89680501818657,0,69792,32.87031129002571,3,3,0,0,"[{""body_indices"": [1], ""symbol"": ""cutensorPermute_f32_r2_tensor""}]",1,0,0,0.0,27
aten,aten_cat_sparse_cpu,/home/arjaiswal/Polygeist/issues/aten_c_kernels/results/aten_cat_sparse_cpu/debuf.mlir,6d456619f091d87bc691ceae6aba897ef7371f6d8acb34e11b20387bd5d5bd81,syntactic,2,ok,0,784.3878008425236,0,"[""/usr/bin/python3"", ""/home/arjaiswal/Polygeist/scripts/correctness/kernel_match_rewrite.py"", ""/home/arjaiswal/Polygeist/issues/aten_c_kernels/results/aten_cat_sparse_cpu/debuf.mlir"", ""--dry-run"", ""--matcher-mode"", ""syntactic"", ""--telemetry-json"", ""/home/arjaiswal/Polygeist/issues/equality_saturation_eval/campaign_20260908/aten-aten_cat_sparse_cpu-syntactic-yink2jrt.json"", ""--disable-semantic-fallback""]","== match report for /home/arjaiswal/Polygeist/issues/aten_c_kernels/results/aten_cat_sparse_cpu/debuf.mlir ==
  copy_layout_reject body#0  cublasDcopy_tensor
  match          body#[1]  cutensorPermute_f32_r2_tensor
  total: 1 matched / 2 bodies
",0,[],0,0,0,0,/home/arjaiswal/Polygeist/issues/aten_c_kernels/results/aten_cat_sparse_cpu/debuf.mlir,3178,0,2,1,336.8130847811699,0,65636,0.06837770342826843,0,3,0,0,"[{""body_indices"": [1], ""symbol"": ""cutensorPermute_f32_r2_tensor""}]",1,0,27,0.0,27
aten,aten_cat_sparse_cpu,/home/arjaiswal/Polygeist/issues/aten_c_kernels/results/aten_cat_sparse_cpu/debuf.mlir,6d456619f091d87bc691ceae6aba897ef7371f6d8acb34e11b20387bd5d5bd81,syntactic,3,ok,0,734.81110855937,0,"[""/usr/bin/python3"", ""/home/arjaiswal/Polygeist/scripts/correctness/kernel_match_rewrite.py"", ""/home/arjaiswal/Polygeist/issues/aten_c_kernels/results/aten_cat_sparse_cpu/debuf.mlir"", ""--dry-run"", ""--matcher-mode"", ""syntactic"", ""--telemetry-json"", ""/home/arjaiswal/Polygeist/issues/equality_saturation_eval/campaign_20260908/aten-aten_cat_sparse_cpu-syntactic-26aqgi5n.json"", ""--disable-semantic-fallback""]","== match report for /home/arjaiswal/Polygeist/issues/aten_c_kernels/results/aten_cat_sparse_cpu/debuf.mlir ==
  copy_layout_reject body#0  cublasDcopy_tensor
  match          body#[1]  cutensorPermute_f32_r2_tensor
  total: 1 matched / 2 bodies
",0,[],0,0,0,0,/home/arjaiswal/Polygeist/issues/aten_c_kernels/results/aten_cat_sparse_cpu/debuf.mlir,3178,0,2,1,323.15200939774513,0,65684,0.08007511496543884,0,3,0,0,"[{""body_indices"": [1], ""symbol"": ""cutensorPermute_f32_r2_tensor""}]",1,0,27,0.0,27
aten,aten_cat_sparse_cpu,/home/arjaiswal/Polygeist/issues/aten_c_kernels/results/aten_cat_sparse_cpu/debuf.mlir,6d456619f091d87bc691ceae6aba897ef7371f6d8acb34e11b20387bd5d5bd81,egglog,3,ok,0,747.0663189888,0,"[""/usr/bin/python3"", ""/home/arjaiswal/Polygeist/scripts/correctness/kernel_match_rewrite.py"", ""/home/arjaiswal/Polygeist/issues/aten_c_kernels/results/aten_cat_sparse_cpu/debuf.mlir"", ""--dry-run"", ""--matcher-mode"", ""egglog"", ""--telemetry-json"", ""/home/arjaiswal/Polygeist/issues/equality_saturation_eval/campaign_20260908/aten-aten_cat_sparse_cpu-egglog-6pu3qrmo.json"", ""--disable-semantic-fallback""]","== match report for /home/arjaiswal/Polygeist/issues/aten_c_kernels/results/aten_cat_sparse_cpu/debuf.mlir ==
  copy_layout_reject body#0  cublasDcopy_tensor
  match          body#[1]  cutensorPermute_f32_r2_tensor
  total: 1 matched / 2 bodies
",0,[],0,0,0,0,/home/arjaiswal/Polygeist/issues/aten_c_kernels/results/aten_cat_sparse_cpu/debuf.mlir,3178,8,2,1,350.26227682828903,0,69712,30.632711946964264,3,3,0,0,"[{""body_indices"": [1], ""symbol"": ""cutensorPermute_f32_r2_tensor""}]",1,0,0,0.0,27
aten,aten_cat_sparse_cpu,/home/arjaiswal/Polygeist/issues/aten_c_kernels/results/aten_cat_sparse_cpu/debuf.mlir,6d456619f091d87bc691ceae6aba897ef7371f6d8acb34e11b20387bd5d5bd81,egglog,4,ok,0,759.0871676802635,0,"[""/usr/bin/python3"", ""/home/arjaiswal/Polygeist/scripts/correctness/kernel_match_rewrite.py"", ""/home/arjaiswal/Polygeist/issues/aten_c_kernels/results/aten_cat_sparse_cpu/debuf.mlir"", ""--dry-run"", ""--matcher-mode"", ""egglog"", ""--telemetry-json"", ""/home/arjaiswal/Polygeist/issues/equality_saturation_eval/campaign_20260908/aten-aten_cat_sparse_cpu-egglog-05crvshh.json"", ""--disable-semantic-fallback""]","== match report for /home/arjaiswal/Polygeist/issues/aten_c_kernels/results/aten_cat_sparse_cpu/debuf.mlir ==
  copy_layout_reject body#0  cublasDcopy_tensor
  match          body#[1]  cutensorPermute_f32_r2_tensor
  total: 1 matched / 2 bodies
",0,[],0,0,0,0,/home/arjaiswal/Polygeist/issues/aten_c_kernels/results/aten_cat_sparse_cpu/debuf.mlir,3178,8,2,1,348.5261984169483,0,69820,31.08004853129387,3,3,0,0,"[{""body_indices"": [1], ""symbol"": ""cutensorPermute_f32_r2_tensor""}]",1,0,0,0.0,27
aten,aten_cat_sparse_cpu,/home/arjaiswal/Polygeist/issues/aten_c_kernels/results/aten_cat_sparse_cpu/debuf.mlir,6d456619f091d87bc691ceae6aba897ef7371f6d8acb34e11b20387bd5d5bd81,syntactic,4,ok,0,791.7259559035301,0,"[""/usr/bin/python3"", ""/home/arjaiswal/Polygeist/scripts/correctness/kernel_match_rewrite.py"", ""/home/arjaiswal/Polygeist/issues/aten_c_kernels/results/aten_cat_sparse_cpu/debuf.mlir"", ""--dry-run"", ""--matcher-mode"", ""syntactic"", ""--telemetry-json"", ""/home/arjaiswal/Polygeist/issues/equality_saturation_eval/campaign_20260908/aten-aten_cat_sparse_cpu-syntactic-n3q7lv5t.json"", ""--disable-semantic-fallback""]","== match report for /home/arjaiswal/Polygeist/issues/aten_c_kernels/results/aten_cat_sparse_cpu/debuf.mlir ==
  copy_layout_reject body#0  cublasDcopy_tensor
  match          body#[1]  cutensorPermute_f32_r2_tensor
  total: 1 matched / 2 bodies
",0,[],0,0,0,0,/home/arjaiswal/Polygeist/issues/aten_c_kernels/results/aten_cat_sparse_cpu/debuf.mlir,3178,0,2,1,325.17997920513153,0,65628,0.05916133522987366,0,3,0,0,"[{""body_indices"": [1], ""symbol"": ""cutensorPermute_f32_r2_tensor""}]",1,0,27,0.0,27
aten,aten_cat_sparse_cpu,/home/arjaiswal/Polygeist/issues/aten_c_kernels/results/aten_cat_sparse_cpu/debuf.mlir,6d456619f091d87bc691ceae6aba897ef7371f6d8acb34e11b20387bd5d5bd81,syntactic,5,ok,0,755.5938847362995,0,"[""/usr/bin/python3"", ""/home/arjaiswal/Polygeist/scripts/correctness/kernel_match_rewrite.py"", ""/home/arjaiswal/Polygeist/issues/aten_c_kernels/results/aten_cat_sparse_cpu/debuf.mlir"", ""--dry-run"", ""--matcher-mode"", ""syntactic"", ""--telemetry-json"", ""/home/arjaiswal/Polygeist/issues/equality_saturation_eval/campaign_20260908/aten-aten_cat_sparse_cpu-syntactic-p3nvbig0.json"", ""--disable-semantic-fallback""]","== match report for /home/arjaiswal/Polygeist/issues/aten_c_kernels/results/aten_cat_sparse_cpu/debuf.mlir ==
  copy_layout_reject body#0  cublasDcopy_tensor
  match          body#[1]  cutensorPermute_f32_r2_tensor
  total: 1 matched / 2 bodies
",0,[],0,0,0,0,/home/arjaiswal/Polygeist/issues/aten_c_kernels/results/aten_cat_sparse_cpu/debuf.mlir,3178,0,2,1,333.25205370783806,0,65516,0.06919726729393005,0,3,0,0,"[{""body_indices"": [1], ""symbol"": ""cutensorPermute_f32_r2_tensor""}]",1,0,27,0.0,27
aten,aten_cat_sparse_cpu,/home/arjaiswal/Polygeist/issues/aten_c_kernels/results/aten_cat_sparse_cpu/debuf.mlir,6d456619f091d87bc691ceae6aba897ef7371f6d8acb34e11b20387bd5d5bd81,egglog,5,ok,0,816.3376934826374,0,"[""/usr/bin/python3"", ""/home/arjaiswal/Polygeist/scripts/correctness/kernel_match_rewrite.py"", ""/home/arjaiswal/Polygeist/issues/aten_c_kernels/results/aten_cat_sparse_cpu/debuf.mlir"", ""--dry-run"", ""--matcher-mode"", ""egglog"", ""--telemetry-json"", ""/home/arjaiswal/Polygeist/issues/equality_saturation_eval/campaign_20260908/aten-aten_cat_sparse_cpu-egglog-v5mf72fr.json"", ""--disable-semantic-fallback""]","== match report for /home/arjaiswal/Polygeist/issues/aten_c_kernels/results/aten_cat_sparse_cpu/debuf.mlir ==
  copy_layout_reject body#0  cublasDcopy_tensor
  match          body#[1]  cutensorPermute_f32_r2_tensor
  total: 1 matched / 2 bodies
",0,[],0,0,0,0,/home/arjaiswal/Polygeist/issues/aten_c_kernels/results/aten_cat_sparse_cpu/debuf.mlir,3178,8,2,1,383.1235058605671,0,69596,32.938916236162186,3,3,0,0,"[{""body_indices"": [1], ""symbol"": ""cutensorPermute_f32_r2_tensor""}]",1,0,0,0.0,27
aten,aten_cauchy_cpu,/home/arjaiswal/Polygeist/issues/aten_c_kernels/results/aten_cauchy_cpu/debuf.mlir,715d5ab8eb75a3a42a11f75f4373daae4921e124555dda68fe4578fc5f28b75f,egglog,1,ok,0,980.907492339611,0,"[""/usr/bin/python3"", ""/home/arjaiswal/Polygeist/scripts/correctness/kernel_match_rewrite.py"", ""/home/arjaiswal/Polygeist/issues/aten_c_kernels/results/aten_cauchy_cpu/debuf.mlir"", ""--dry-run"", ""--matcher-mode"", ""egglog"", ""--telemetry-json"", ""/home/arjaiswal/Polygeist/issues/equality_saturation_eval/campaign_20260908/aten-aten_cauchy_cpu-egglog-yj_n3h8q.json"", ""--disable-semantic-fallback""]","== match report for /home/arjaiswal/Polygeist/issues/aten_c_kernels/results/aten_cauchy_cpu/debuf.mlir ==
  match          body#[0]  cudnnPointwiseGraph_f32
  total: 1 matched / 1 bodies
",0,[],0,0,0,0,/home/arjaiswal/Polygeist/issues/aten_c_kernels/results/aten_cauchy_cpu/debuf.mlir,2123,8,1,1,528.7579447031021,0,66332,0.0,0,0,0,0,"[{""body_indices"": [0], ""symbol"": ""cudnnPointwiseGraph_f32""}]",1,0,0,0.0,56
aten,aten_cauchy_cpu,/home/arjaiswal/Polygeist/issues/aten_c_kernels/results/aten_cauchy_cpu/debuf.mlir,715d5ab8eb75a3a42a11f75f4373daae4921e124555dda68fe4578fc5f28b75f,syntactic,1,ok,0,976.2080237269402,0,"[""/usr/bin/python3"", ""/home/arjaiswal/Polygeist/scripts/correctness/kernel_match_rewrite.py"", ""/home/arjaiswal/Polygeist/issues/aten_c_kernels/results/aten_cauchy_cpu/debuf.mlir"", ""--dry-run"", ""--matcher-mode"", ""syntactic"", ""--telemetry-json"", ""/home/arjaiswal/Polygeist/issues/equality_saturation_eval/campaign_20260908/aten-aten_cauchy_cpu-syntactic-5pkwz2cq.json"", ""--disable-semantic-fallback""]","== match report for /home/arjaiswal/Polygeist/issues/aten_c_kernels/results/aten_cauchy_cpu/debuf.mlir ==
  match          body#[0]  cudnnPointwiseGraph_f32
  total: 1 matched / 1 bodies
",0,[],0,0,0,0,/home/arjaiswal/Polygeist/issues/aten_c_kernels/results/aten_cauchy_cpu/debuf.mlir,2123,0,1,1,538.7337654829025,0,66336,0.1633167266845703,0,0,0,0,"[{""body_indices"": [0], ""symbol"": ""cudnnPointwiseGraph_f32""}]",1,0,56,0.0,56
aten,aten_cauchy_cpu,/home/arjaiswal/Polygeist/issues/aten_c_kernels/results/aten_cauchy_cpu/debuf.mlir,715d5ab8eb75a3a42a11f75f4373daae4921e124555dda68fe4578fc5f28b75f,syntactic,2,ok,0,976.2293882668018,0,"[""/usr/bin/python3"", ""/home/arjaiswal/Polygeist/scripts/correctness/kernel_match_rewrite.py"", ""/home/arjaiswal/Polygeist/issues/aten_c_kernels/results/aten_cauchy_cpu/debuf.mlir"", ""--dry-run"", ""--matcher-mode"", ""syntactic"", ""--telemetry-json"", ""/home/arjaiswal/Polygeist/issues/equality_saturation_eval/campaign_20260908/aten-aten_cauchy_cpu-syntactic-_p79wps1.json"", ""--disable-semantic-fallback""]","== match report for /home/arjaiswal/Polygeist/issues/aten_c_kernels/results/aten_cauchy_cpu/debuf.mlir ==
  match          body#[0]  cudnnPointwiseGraph_f32
  total: 1 matched / 1 bodies
",0,[],0,0,0,0,/home/arjaiswal/Polygeist/issues/aten_c_kernels/results/aten_cauchy_cpu/debuf.mlir,2123,0,1,1,523.6893221735954,0,66312,0.16769766807556152,0,0,0,0,"[{""body_indices"": [0], ""symbol"": ""cudnnPointwiseGraph_f32""}]",1,0,56,0.0,56
aten,aten_cauchy_cpu,/home/arjaiswal/Polygeist/issues/aten_c_kernels/results/aten_cauchy_cpu/debuf.mlir,715d5ab8eb75a3a42a11f75f4373daae4921e124555dda68fe4578fc5f28b75f,egglog,2,ok,0,979.7585904598236,0,"[""/usr/bin/python3"", ""/home/arjaiswal/Polygeist/scripts/correctness/kernel_match_rewrite.py"", ""/home/arjaiswal/Polygeist/issues/aten_c_kernels/results/aten_cauchy_cpu/debuf.mlir"", ""--dry-run"", ""--matcher-mode"", ""egglog"", ""--telemetry-json"", ""/home/arjaiswal/Polygeist/issues/equality_saturation_eval/campaign_20260908/aten-aten_cauchy_cpu-egglog-7pw4dzjp.json"", ""--disable-semantic-fallback""]","== match report for /home/arjaiswal/Polygeist/issues/aten_c_kernels/results/aten_cauchy_cpu/debuf.mlir ==
  match          body#[0]  cudnnPointwiseGraph_f32
  total: 1 matched / 1 bodies
",0,[],0,0,0,0,/home/arjaiswal/Polygeist/issues/aten_c_kernels/results/aten_cauchy_cpu/debuf.mlir,2123,8,1,1,543.4260591864586,0,65884,0.0,0,0,0,0,"[{""body_indices"": [0], ""symbol"": ""cudnnPointwiseGraph_f32""}]",1,0,0,0.0,56
aten,aten_cauchy_cpu,/home/arjaiswal/Polygeist/issues/aten_c_kernels/results/aten_cauchy_cpu/debuf.mlir,715d5ab8eb75a3a42a11f75f4373daae4921e124555dda68fe4578fc5f28b75f,egglog,3,ok,0,993.6891682446003,0,"[""/usr/bin/python3"", ""/home/arjaiswal/Polygeist/scripts/correctness/kernel_match_rewrite.py"", ""/home/arjaiswal/Polygeist/issues/aten_c_kernels/results/aten_cauchy_cpu/debuf.mlir"", ""--dry-run"", ""--matcher-mode"", ""egglog"", ""--telemetry-json"", ""/home/arjaiswal/Polygeist/issues/equality_saturation_eval/campaign_20260908/aten-aten_cauchy_cpu-egglog-714izppk.json"", ""--disable-semantic-fallback""]","== match report for /home/arjaiswal/Polygeist/issues/aten_c_kernels/results/aten_cauchy_cpu/debuf.mlir ==
  match          body#[0]  cudnnPointwiseGraph_f32
  total: 1 matched / 1 bodies
",0,[],0,0,0,0,/home/arjaiswal/Polygeist/issues/aten_c_kernels/results/aten_cauchy_cpu/debuf.mlir,2123,8,1,1,548.2672974467278,0,66064,0.0,0,0,0,0,"[{""body_indices"": [0], ""symbol"": ""cudnnPointwiseGraph_f32""}]",1,0,0,0.0,56
aten,aten_cauchy_cpu,/home/arjaiswal/Polygeist/issues/aten_c_kernels/results/aten_cauchy_cpu/debuf.mlir,715d5ab8eb75a3a42a11f75f4373daae4921e124555dda68fe4578fc5f28b75f,syntactic,3,ok,0,986.8642799556255,0,"[""/usr/bin/python3"", ""/home/arjaiswal/Polygeist/scripts/correctness/kernel_match_rewrite.py"", ""/home/arjaiswal/Polygeist/issues/aten_c_kernels/results/aten_cauchy_cpu/debuf.mlir"", ""--dry-run"", ""--matcher-mode"", ""syntactic"", ""--telemetry-json"", ""/home/arjaiswal/Polygeist/issues/equality_saturation_eval/campaign_20260908/aten-aten_cauchy_cpu-syntactic-1oonvkay.json"", ""--disable-semantic-fallback""]","== match report for /home/arjaiswal/Polygeist/issues/aten_c_kernels/results/aten_cauchy_cpu/debuf.mlir ==
  match          body#[0]  cudnnPointwiseGraph_f32
  total: 1 matched / 1 bodies
",0,[],0,0,0,0,/home/arjaiswal/Polygeist/issues/aten_c_kernels/results/aten_cauchy_cpu/debuf.mlir,2123,0,1,1,539.9755910038948,0,66364,0.1565106213092804,0,0,0,0,"[{""body_indices"": [0], ""symbol"": ""cudnnPointwiseGraph_f32""}]",1,0,56,0.0,56
aten,aten_cauchy_cpu,/home/arjaiswal/Polygeist/issues/aten_c_kernels/results/aten_cauchy_cpu/debuf.mlir,715d5ab8eb75a3a42a11f75f4373daae4921e124555dda68fe4578fc5f28b75f,syntactic,4,ok,0,1016.6445337235928,0,"[""/usr/bin/python3"", ""/home/arjaiswal/Polygeist/scripts/correctness/kernel_match_rewrite.py"", ""/home/arjaiswal/Polygeist/issues/aten_c_kernels/results/aten_cauchy_cpu/debuf.mlir"", ""--dry-run"", ""--matcher-mode"", ""syntactic"", ""--telemetry-json"", ""/home/arjaiswal/Polygeist/issues/equality_saturation_eval/campaign_20260908/aten-aten_cauchy_cpu-syntactic-1hl7ogey.json"", ""--disable-semantic-fallback""]","== match report for /home/arjaiswal/Polygeist/issues/aten_c_kernels/results/aten_cauchy_cpu/debuf.mlir ==
  match          body#[0]  cudnnPointwiseGraph_f32
  total: 1 matched / 1 bodies
",0,[],0,0,0,0,/home/arjaiswal/Polygeist/issues/aten_c_kernels/results/aten_cauchy_cpu/debuf.mlir,2123,0,1,1,560.0506439805031,0,66200,0.15484541654586792,0,0,0,0,"[{""body_indices"": [0], ""symbol"": ""cudnnPointwiseGraph_f32""}]",1,0,56,0.0,56
aten,aten_cauchy_cpu,/home/arjaiswal/Polygeist/issues/aten_c_kernels/results/aten_cauchy_cpu/debuf.mlir,715d5ab8eb75a3a42a11f75f4373daae4921e124555dda68fe4578fc5f28b75f,egglog,4,ok,0,968.6052091419697,0,"[""/usr/bin/python3"", ""/home/arjaiswal/Polygeist/scripts/correctness/kernel_match_rewrite.py"", ""/home/arjaiswal/Polygeist/issues/aten_c_kernels/results/aten_cauchy_cpu/debuf.mlir"", ""--dry-run"", ""--matcher-mode"", ""egglog"", ""--telemetry-json"", ""/home/arjaiswal/Polygeist/issues/equality_saturation_eval/campaign_20260908/aten-aten_cauchy_cpu-egglog-9kmw800o.json"", ""--disable-semantic-fallback""]","== match report for /home/arjaiswal/Polygeist/issues/aten_c_kernels/results/aten_cauchy_cpu/debuf.mlir ==
  match          body#[0]  cudnnPointwiseGraph_f32
  total: 1 matched / 1 bodies
",0,[],0,0,0,0,/home/arjaiswal/Polygeist/issues/aten_c_kernels/results/aten_cauchy_cpu/debuf.mlir,2123,8,1,1,527.8310589492321,0,66036,0.0,0,0,0,0,"[{""body_indices"": [0], ""symbol"": ""cudnnPointwiseGraph_f32""}]",1,0,0,0.0,56
aten,aten_cauchy_cpu,/home/arjaiswal/Polygeist/issues/aten_c_kernels/results/aten_cauchy_cpu/debuf.mlir,715d5ab8eb75a3a42a11f75f4373daae4921e124555dda68fe4578fc5f28b75f,egglog,5,ok,0,959.5146365463734,0,"[""/usr/bin/python3"", ""/home/arjaiswal/Polygeist/scripts/correctness/kernel_match_rewrite.py"", ""/home/arjaiswal/Polygeist/issues/aten_c_kernels/results/aten_cauchy_cpu/debuf.mlir"", ""--dry-run"", ""--matcher-mode"", ""egglog"", ""--telemetry-json"", ""/home/arjaiswal/Polygeist/issues/equality_saturation_eval/campaign_20260908/aten-aten_cauchy_cpu-egglog-dqyo4fx1.json"", ""--disable-semantic-fallback""]","== match report for /home/arjaiswal/Polygeist/issues/aten_c_kernels/results/aten_cauchy_cpu/debuf.mlir ==
  match          body#[0]  cudnnPointwiseGraph_f32
  total: 1 matched / 1 bodies
",0,[],0,0,0,0,/home/arjaiswal/Polygeist/issues/aten_c_kernels/results/aten_cauchy_cpu/debuf.mlir,2123,8,1,1,545.6089228391647,0,66288,0.0,0,0,0,0,"[{""body_indices"": [0], ""symbol"": ""cudnnPointwiseGraph_f32""}]",1,0,0,0.0,56
aten,aten_cauchy_cpu,/home/arjaiswal/Polygeist/issues/aten_c_kernels/results/aten_cauchy_cpu/debuf.mlir,715d5ab8eb75a3a42a11f75f4373daae4921e124555dda68fe4578fc5f28b75f,syntactic,5,ok,0,979.1795425117016,0,"[""/usr/bin/python3"", ""/home/arjaiswal/Polygeist/scripts/correctness/kernel_match_rewrite.py"", ""/home/arjaiswal/Polygeist/issues/aten_c_kernels/results/aten_cauchy_cpu/debuf.mlir"", ""--dry-run"", ""--matcher-mode"", ""syntactic"", ""--telemetry-json"", ""/home/arjaiswal/Polygeist/issues/equality_saturation_eval/campaign_20260908/aten-aten_cauchy_cpu-syntactic-1nqgnlsy.json"", ""--disable-semantic-fallback""]","== match report for /home/arjaiswal/Polygeist/issues/aten_c_kernels/results/aten_cauchy_cpu/debuf.mlir ==
  match          body#[0]  cudnnPointwiseGraph_f32
  total: 1 matched / 1 bodies
",0,[],0,0,0,0,/home/arjaiswal/Polygeist/issues/aten_c_kernels/results/aten_cauchy_cpu/debuf.mlir,2123,0,1,1,531.0458838939667,0,65964,0.1921914517879486,0,0,0,0,"[{""body_indices"": [0], ""symbol"": ""cudnnPointwiseGraph_f32""}]",1,0,56,0.0,56
aten,aten_cdist_backward_cpu,/home/arjaiswal/Polygeist/issues/aten_c_kernels/results/aten_cdist_backward_cpu/debuf.mlir,49128193b9ed6ff2f0683daa2ca3f1964f2cd04d7b8e29fdda245c8393997c52,syntactic,1,ok,0,841.8080247938633,0,"[""/usr/bin/python3"", ""/home/arjaiswal/Polygeist/scripts/correctness/kernel_match_rewrite.py"", ""/home/arjaiswal/Polygeist/issues/aten_c_kernels/results/aten_cdist_backward_cpu/debuf.mlir"", ""--dry-run"", ""--matcher-mode"", ""syntactic"", ""--telemetry-json"", ""/home/arjaiswal/Polygeist/issues/equality_saturation_eval/campaign_20260908/aten-aten_cdist_backward_cpu-syntactic-rvb1e_mm.json"", ""--disable-semantic-fallback""]","== match report for /home/arjaiswal/Polygeist/issues/aten_c_kernels/results/aten_cdist_backward_cpu/debuf.mlir ==
  match          body#[0]  memset_zero_2D_f32
  no_match       body#1  ?
  no_match       body#2  ?
  total: 1 matched / 3 bodies
",0,[],0,0,0,0,/home/arjaiswal/Polygeist/issues/aten_c_kernels/results/aten_cdist_backward_cpu/debuf.mlir,4907,0,3,1,408.59396010637283,2,66224,0.17113983631134033,0,18,0,0,"[{""body_indices"": [0], ""symbol"": ""memset_zero_2D_f32""}]",1,0,38,0.0,38
aten,aten_cdist_backward_cpu,/home/arjaiswal/Polygeist/issues/aten_c_kernels/results/aten_cdist_backward_cpu/debuf.mlir,49128193b9ed6ff2f0683daa2ca3f1964f2cd04d7b8e29fdda245c8393997c52,egglog,1,ok,0,1001.2592300772667,0,"[""/usr/bin/python3"", ""/home/arjaiswal/Polygeist/scripts/correctness/kernel_match_rewrite.py"", ""/home/arjaiswal/Polygeist/issues/aten_c_kernels/results/aten_cdist_backward_cpu/debuf.mlir"", ""--dry-run"", ""--matcher-mode"", ""egglog"", ""--telemetry-json"", ""/home/arjaiswal/Polygeist/issues/equality_saturation_eval/campaign_20260908/aten-aten_cdist_backward_cpu-egglog-myuu9hz3.json"", ""--disable-semantic-fallback""]","== match report for /home/arjaiswal/Polygeist/issues/aten_c_kernels/results/aten_cdist_backward_cpu/debuf.mlir ==
  match          body#[0]  memset_zero_2D_f32
  no_match       body#1  ?
  no_match       body#2  ?
  total: 1 matched / 3 bodies
",0,[],0,0,0,0,/home/arjaiswal/Polygeist/issues/aten_c_kernels/results/aten_cdist_backward_cpu/debuf.mlir,4907,8,3,1,571.2922476232052,2,70240,170.7727424800396,18,18,0,0,"[{""body_indices"": [0], ""symbol"": ""memset_zero_2D_f32""}]",1,0,0,0.0,38
aten,aten_cdist_backward_cpu,/home/arjaiswal/Polygeist/issues/aten_c_kernels/results/aten_cdist_backward_cpu/debuf.mlir,49128193b9ed6ff2f0683daa2ca3f1964f2cd04d7b8e29fdda245c8393997c52,egglog,2,ok,0,1021.5227715671062,0,"[""/usr/bin/python3"", ""/home/arjaiswal/Polygeist/scripts/correctness/kernel_match_rewrite.py"", ""/home/arjaiswal/Polygeist/issues/aten_c_kernels/results/aten_cdist_backward_cpu/debuf.mlir"", ""--dry-run"", ""--matcher-mode"", ""egglog"", ""--telemetry-json"", ""/home/arjaiswal/Polygeist/issues/equality_saturation_eval/campaign_20260908/aten-aten_cdist_backward_cpu-egglog-uf5i90sv.json"", ""--disable-semantic-fallback""]","== match report for /home/arjaiswal/Polygeist/issues/aten_c_kernels/results/aten_cdist_backward_cpu/debuf.mlir ==
  match          body#[0]  memset_zero_2D_f32
  no_match       body#1  ?
  no_match       body#2  ?
  total: 1 matched / 3 bodies
",0,[],0,0,0,0,/home/arjaiswal/Polygeist/issues/aten_c_kernels/results/aten_cdist_backward_cpu/debuf.mlir,4907,8,3,1,601.6398221254349,2,70004,181.773841381073,18,18,0,0,"[{""body_indices"": [0], ""symbol"": ""memset_zero_2D_f32""}]",1,0,0,0.0,38
aten,aten_cdist_backward_cpu,/home/arjaiswal/Polygeist/issues/aten_c_kernels/results/aten_cdist_backward_cpu/debuf.mlir,49128193b9ed6ff2f0683daa2ca3f1964f2cd04d7b8e29fdda245c8393997c52,syntactic,2,ok,0,1001.2796074151993,0,"[""/usr/bin/python3"", ""/home/arjaiswal/Polygeist/scripts/correctness/kernel_match_rewrite.py"", ""/home/arjaiswal/Polygeist/issues/aten_c_kernels/results/aten_cdist_backward_cpu/debuf.mlir"", ""--dry-run"", ""--matcher-mode"", ""syntactic"", ""--telemetry-json"", ""/home/arjaiswal/Polygeist/issues/equality_saturation_eval/campaign_20260908/aten-aten_cdist_backward_cpu-syntactic-4g2nwy0a.json"", ""--disable-semantic-fallback""]","== match report for /home/arjaiswal/Polygeist/issues/aten_c_kernels/results/aten_cdist_backward_cpu/debuf.mlir ==
  match          body#[0]  memset_zero_2D_f32
  no_match       body#1  ?
  no_match       body#2  ?
  total: 1 matched / 3 bodies
",0,[],0,0,0,0,/home/arjaiswal/Polygeist/issues/aten_c_kernels/results/aten_cdist_backward_cpu/debuf.mlir,4907,0,3,1,424.7885271906853,2,66084,0.15761330723762512,0,18,0,0,"[{""body_indices"": [0], ""symbol"": ""memset_zero_2D_f32""}]",1,0,38,0.0,38
aten,aten_cdist_backward_cpu,/home/arjaiswal/Polygeist/issues/aten_c_kernels/results/aten_cdist_backward_cpu/debuf.mlir,49128193b9ed6ff2f0683daa2ca3f1964f2cd04d7b8e29fdda245c8393997c52,syntactic,3,ok,0,823.4585225582123,0,"[""/usr/bin/python3"", ""/home/arjaiswal/Polygeist/scripts/correctness/kernel_match_rewrite.py"", ""/home/arjaiswal/Polygeist/issues/aten_c_kernels/results/aten_cdist_backward_cpu/debuf.mlir"", ""--dry-run"", ""--matcher-mode"", ""syntactic"", ""--telemetry-json"", ""/home/arjaiswal/Polygeist/issues/equality_saturation_eval/campaign_20260908/aten-aten_cdist_backward_cpu-syntactic-m0f4n4e3.json"", ""--disable-semantic-fallback""]","== match report for /home/arjaiswal/Polygeist/issues/aten_c_kernels/results/aten_cdist_backward_cpu/debuf.mlir ==
  match          body#[0]  memset_zero_2D_f32
  no_match       body#1  ?
  no_match       body#2  ?
  total: 1 matched / 3 bodies
",0,[],0,0,0,0,/home/arjaiswal/Polygeist/issues/aten_c_kernels/results/aten_cdist_backward_cpu/debuf.mlir,4907,0,3,1,408.11464563012123,2,66004,0.16042590141296387,0,18,0,0,"[{""body_indices"": [0], ""symbol"": ""memset_zero_2D_f32""}]",1,0,38,0.0,38
aten,aten_cdist_backward_cpu,/home/arjaiswal/Polygeist/issues/aten_c_kernels/results/aten_cdist_backward_cpu/debuf.mlir,49128193b9ed6ff2f0683daa2ca3f1964f2cd04d7b8e29fdda245c8393997c52,egglog,3,ok,0,1025.6610102951527,0,"[""/usr/bin/python3"", ""/home/arjaiswal/Polygeist/scripts/correctness/kernel_match_rewrite.py"", ""/home/arjaiswal/Polygeist/issues/aten_c_kernels/results/aten_cdist_backward_cpu/debuf.mlir"", ""--dry-run"", ""--matcher-mode"", ""egglog"", ""--telemetry-json"", ""/home/arjaiswal/Polygeist/issues/equality_saturation_eval/campaign_20260908/aten-aten_cdist_backward_cpu-egglog-ddocxegu.json"", ""--disable-semantic-fallback""]","== match report for /home/arjaiswal/Polygeist/issues/aten_c_kernels/results/aten_cdist_backward_cpu/debuf.mlir ==
  match          body#[0]  memset_zero_2D_f32
  no_match       body#1  ?
  no_match       body#2  ?
  total: 1 matched / 3 bodies
",0,[],0,0,0,0,/home/arjaiswal/Polygeist/issues/aten_c_kernels/results/aten_cdist_backward_cpu/debuf.mlir,4907,8,3,1,606.9182902574539,2,69908,187.16448545455933,18,18,0,0,"[{""body_indices"": [0], ""symbol"": ""memset_zero_2D_f32""}]",1,0,0,0.0,38
aten,aten_cdist_backward_cpu,/home/arjaiswal/Polygeist/issues/aten_c_kernels/results/aten_cdist_backward_cpu/debuf.mlir,49128193b9ed6ff2f0683daa2ca3f1964f2cd04d7b8e29fdda245c8393997c52,egglog,4,ok,0,989.9181425571442,0,"[""/usr/bin/python3"", ""/home/arjaiswal/Polygeist/scripts/correctness/kernel_match_rewrite.py"", ""/home/arjaiswal/Polygeist/issues/aten_c_kernels/results/aten_cdist_backward_cpu/debuf.mlir"", ""--dry-run"", ""--matcher-mode"", ""egglog"", ""--telemetry-json"", ""/home/arjaiswal/Polygeist/issues/equality_saturation_eval/campaign_20260908/aten-aten_cdist_backward_cpu-egglog-482exd4h.json"", ""--disable-semantic-fallback""]","== match report for /home/arjaiswal/Polygeist/issues/aten_c_kernels/results/aten_cdist_backward_cpu/debuf.mlir ==
  match          body#[0]  memset_zero_2D_f32
  no_match       body#1  ?
  no_match       body#2  ?
  total: 1 matched / 3 bodies
",0,[],0,0,0,0,/home/arjaiswal/Polygeist/issues/aten_c_kernels/results/aten_cdist_backward_cpu/debuf.mlir,4907,8,3,1,572.6760029792786,2,69868,176.07995867729187,18,18,0,0,"[{""body_indices"": [0], ""symbol"": ""memset_zero_2D_f32""}]",1,0,0,0.0,38
aten,aten_cdist_backward_cpu,/home/arjaiswal/Polygeist/issues/aten_c_kernels/results/aten_cdist_backward_cpu/debuf.mlir,49128193b9ed6ff2f0683daa2ca3f1964f2cd04d7b8e29fdda245c8393997c52,syntactic,4,ok,0,805.528350174427,0,"[""/usr/bin/python3"", ""/home/arjaiswal/Polygeist/scripts/correctness/kernel_match_rewrite.py"", ""/home/arjaiswal/Polygeist/issues/aten_c_kernels/results/aten_cdist_backward_cpu/debuf.mlir"", ""--dry-run"", ""--matcher-mode"", ""syntactic"", ""--telemetry-json"", ""/home/arjaiswal/Polygeist/issues/equality_saturation_eval/campaign_20260908/aten-aten_cdist_backward_cpu-syntactic-6_zy6b7p.json"", ""--disable-semantic-fallback""]","== match report for /home/arjaiswal/Polygeist/issues/aten_c_kernels/results/aten_cdist_backward_cpu/debuf.mlir ==
  match          body#[0]  memset_zero_2D_f32
  no_match       body#1  ?
  no_match       body#2  ?
  total: 1 matched / 3 bodies
",0,[],0,0,0,0,/home/arjaiswal/Polygeist/issues/aten_c_kernels/results/aten_cdist_backward_cpu/debuf.mlir,4907,0,3,1,392.3430033028126,2,66216,0.15847012400627136,0,18,0,0,"[{""body_indices"": [0], ""symbol"": ""memset_zero_2D_f32""}]",1,0,38,0.0,38
aten,aten_cdist_backward_cpu,/home/arjaiswal/Polygeist/issues/aten_c_kernels/results/aten_cdist_backward_cpu/debuf.mlir,49128193b9ed6ff2f0683daa2ca3f1964f2cd04d7b8e29fdda245c8393997c52,syntactic,5,ok,0,806.8565912544727,0,"[""/usr/bin/python3"", ""/home/arjaiswal/Polygeist/scripts/correctness/kernel_match_rewrite.py"", ""/home/arjaiswal/Polygeist/issues/aten_c_kernels/results/aten_cdist_backward_cpu/debuf.mlir"", ""--dry-run"", ""--matcher-mode"", ""syntactic"", ""--telemetry-json"", ""/home/arjaiswal/Polygeist/issues/equality_saturation_eval/campaign_20260908/aten-aten_cdist_backward_cpu-syntactic-k5yn2f8m.json"", ""--disable-semantic-fallback""]","== match report for /home/arjaiswal/Polygeist/issues/aten_c_kernels/results/aten_cdist_backward_cpu/debuf.mlir ==
  match          body#[0]  memset_zero_2D_f32
  no_match       body#1  ?
  no_match       body#2  ?
  total: 1 matched / 3 bodies
",0,[],0,0,0,0,/home/arjaiswal/Polygeist/issues/aten_c_kernels/results/aten_cdist_backward_cpu/debuf.mlir,4907,0,3,1,389.1729339957237,2,65928,0.16881898045539856,0,18,0,0,"[{""body_indices"": [0], ""symbol"": ""memset_zero_2D_f32""}]",1,0,38,0.0,38
aten,aten_cdist_backward_cpu,/home/arjaiswal/Polygeist/issues/aten_c_kernels/results/aten_cdist_backward_cpu/debuf.mlir,49128193b9ed6ff2f0683daa2ca3f1964f2cd04d7b8e29fdda245c8393997c52,egglog,5,ok,0,1057.0222102105618,0,"[""/usr/bin/python3"", ""/home/arjaiswal/Polygeist/scripts/correctness/kernel_match_rewrite.py"", ""/home/arjaiswal/Polygeist/issues/aten_c_kernels/results/aten_cdist_backward_cpu/debuf.mlir"", ""--dry-run"", ""--matcher-mode"", ""egglog"", ""--telemetry-json"", ""/home/arjaiswal/Polygeist/issues/equality_saturation_eval/campaign_20260908/aten-aten_cdist_backward_cpu-egglog-w64149jv.json"", ""--disable-semantic-fallback""]","== match report for /home/arjaiswal/Polygeist/issues/aten_c_kernels/results/aten_cdist_backward_cpu/debuf.mlir ==
  match          body#[0]  memset_zero_2D_f32
  no_match       body#1  ?
  no_match       body#2  ?
  total: 1 matched / 3 bodies
",0,[],0,0,0,0,/home/arjaiswal/Polygeist/issues/aten_c_kernels/results/aten_cdist_backward_cpu/debuf.mlir,4907,8,3,1,619.5707954466343,2,70128,185.16035377979279,18,18,0,0,"[{""body_indices"": [0], ""symbol"": ""memset_zero_2D_f32""}]",1,0,0,0.0,38
aten,aten_cdist_cpu,/home/arjaiswal/Polygeist/issues/aten_c_kernels/results/aten_cdist_cpu/debuf.mlir,6305541692b2875d6822b8dc10d88501765f4adeb2d9e43e8d75219b9ad9fc46,egglog,1,ok,0,780.3595215082169,0,"[""/usr/bin/python3"", ""/home/arjaiswal/Polygeist/scripts/correctness/kernel_match_rewrite.py"", ""/home/arjaiswal/Polygeist/issues/aten_c_kernels/results/aten_cdist_cpu/debuf.mlir"", ""--dry-run"", ""--matcher-mode"", ""egglog"", ""--telemetry-json"", ""/home/arjaiswal/Polygeist/issues/equality_saturation_eval/campaign_20260908/aten-aten_cdist_cpu-egglog-qisxou4h.json"", ""--disable-semantic-fallback""]","== match report for /home/arjaiswal/Polygeist/issues/aten_c_kernels/results/aten_cdist_cpu/debuf.mlir ==
  match          body#[0]  cutensorUnary_sqrt_f32
  total: 1 matched / 1 bodies
",0,[],0,0,0,0,/home/arjaiswal/Polygeist/issues/aten_c_kernels/results/aten_cdist_cpu/debuf.mlir,2421,8,1,1,355.34607991576195,0,68972,23.40523898601532,2,2,0,0,"[{""body_indices"": [0], ""symbol"": ""cutensorUnary_sqrt_f32""}]",1,0,0,0.0,30
aten,aten_cdist_cpu,/home/arjaiswal/Polygeist/issues/aten_c_kernels/results/aten_cdist_cpu/debuf.mlir,6305541692b2875d6822b8dc10d88501765f4adeb2d9e43e8d75219b9ad9fc46,syntactic,1,ok,0,785.4936607182026,0,"[""/usr/bin/python3"", ""/home/arjaiswal/Polygeist/scripts/correctness/kernel_match_rewrite.py"", ""/home/arjaiswal/Polygeist/issues/aten_c_kernels/results/aten_cdist_cpu/debuf.mlir"", ""--dry-run"", ""--matcher-mode"", ""syntactic"", ""--telemetry-json"", ""/home/arjaiswal/Polygeist/issues/equality_saturation_eval/campaign_20260908/aten-aten_cdist_cpu-syntactic-cianru27.json"", ""--disable-semantic-fallback""]","== match report for /home/arjaiswal/Polygeist/issues/aten_c_kernels/results/aten_cdist_cpu/debuf.mlir ==
  match          body#[0]  cutensorUnary_sqrt_f32
  total: 1 matched / 1 bodies
",0,[],0,0,0,0,/home/arjaiswal/Polygeist/issues/aten_c_kernels/results/aten_cdist_cpu/debuf.mlir,2421,0,1,1,368.00437420606613,0,65700,0.08524209260940552,0,2,0,0,"[{""body_indices"": [0], ""symbol"": ""cutensorUnary_sqrt_f32""}]",1,0,30,0.0,30
aten,aten_cdist_cpu,/home/arjaiswal/Polygeist/issues/aten_c_kernels/results/aten_cdist_cpu/debuf.mlir,6305541692b2875d6822b8dc10d88501765f4adeb2d9e43e8d75219b9ad9fc46,syntactic,2,ok,0,784.9759198725224,0,"[""/usr/bin/python3"", ""/home/arjaiswal/Polygeist/scripts/correctness/kernel_match_rewrite.py"", ""/home/arjaiswal/Polygeist/issues/aten_c_kernels/results/aten_cdist_cpu/debuf.mlir"", ""--dry-run"", ""--matcher-mode"", ""syntactic"", ""--telemetry-json"", ""/home/arjaiswal/Polygeist/issues/equality_saturation_eval/campaign_20260908/aten-aten_cdist_cpu-syntactic-flbah17i.json"", ""--disable-semantic-fallback""]","== match report for /home/arjaiswal/Polygeist/issues/aten_c_kernels/results/aten_cdist_cpu/debuf.mlir ==
  match          body#[0]  cutensorUnary_sqrt_f32
  total: 1 matched / 1 bodies
",0,[],0,0,0,0,/home/arjaiswal/Polygeist/issues/aten_c_kernels/results/aten_cdist_cpu/debuf.mlir,2421,0,1,1,336.1714482307434,0,65708,0.08207932114601135,0,2,0,0,"[{""body_indices"": [0], ""symbol"": ""cutensorUnary_sqrt_f32""}]",1,0,30,0.0,30
aten,aten_cdist_cpu,/home/arjaiswal/Polygeist/issues/aten_c_kernels/results/aten_cdist_cpu/debuf.mlir,6305541692b2875d6822b8dc10d88501765f4adeb2d9e43e8d75219b9ad9fc46,egglog,2,ok,0,774.9623134732246,0,"[""/usr/bin/python3"", ""/home/arjaiswal/Polygeist/scripts/correctness/kernel_match_rewrite.py"", ""/home/arjaiswal/Polygeist/issues/aten_c_kernels/results/aten_cdist_cpu/debuf.mlir"", ""--dry-run"", ""--matcher-mode"", ""egglog"", ""--telemetry-json"", ""/home/arjaiswal/Polygeist/issues/equality_saturation_eval/campaign_20260908/aten-aten_cdist_cpu-egglog-qgd6i5he.json"", ""--disable-semantic-fallback""]","== match report for /home/arjaiswal/Polygeist/issues/aten_c_kernels/results/aten_cdist_cpu/debuf.mlir ==
  match          body#[0]  cutensorUnary_sqrt_f32
  total: 1 matched / 1 bodies
",0,[],0,0,0,0,/home/arjaiswal/Polygeist/issues/aten_c_kernels/results/aten_cdist_cpu/debuf.mlir,2421,8,1,1,356.6352352499962,0,68692,22.079605609178543,2,2,0,0,"[{""body_indices"": [0], ""symbol"": ""cutensorUnary_sqrt_f32""}]",1,0,0,0.0,30
aten,aten_cdist_cpu,/home/arjaiswal/Polygeist/issues/aten_c_kernels/results/aten_cdist_cpu/debuf.mlir,6305541692b2875d6822b8dc10d88501765f4adeb2d9e43e8d75219b9ad9fc46,egglog,3,ok,0,779.5995026826859,0,"[""/usr/bin/python3"", ""/home/arjaiswal/Polygeist/scripts/correctness/kernel_match_rewrite.py"", ""/home/arjaiswal/Polygeist/issues/aten_c_kernels/results/aten_cdist_cpu/debuf.mlir"", ""--dry-run"", ""--matcher-mode"", ""egglog"", ""--telemetry-json"", ""/home/arjaiswal/Polygeist/issues/equality_saturation_eval/campaign_20260908/aten-aten_cdist_cpu-egglog-3xe020yq.json"", ""--disable-semantic-fallback""]","== match report for /home/arjaiswal/Polygeist/issues/aten_c_kernels/results/aten_cdist_cpu/debuf.mlir ==
  match          body#[0]  cutensorUnary_sqrt_f32
  total: 1 matched / 1 bodies
",0,[],0,0,0,0,/home/arjaiswal/Polygeist/issues/aten_c_kernels/results/aten_cdist_cpu/debuf.mlir,2421,8,1,1,374.52010437846184,0,68968,22.80600368976593,2,2,0,0,"[{""body_indices"": [0], ""symbol"": ""cutensorUnary_sqrt_f32""}]",1,0,0,0.0,30
aten,aten_cdist_cpu,/home/arjaiswal/Polygeist/issues/aten_c_kernels/results/aten_cdist_cpu/debuf.mlir,6305541692b2875d6822b8dc10d88501765f4adeb2d9e43e8d75219b9ad9fc46,syntactic,3,ok,0,824.7582986950874,0,"[""/usr/bin/python3"", ""/home/arjaiswal/Polygeist/scripts/correctness/kernel_match_rewrite.py"", ""/home/arjaiswal/Polygeist/issues/aten_c_kernels/results/aten_cdist_cpu/debuf.mlir"", ""--dry-run"", ""--matcher-mode"", ""syntactic"", ""--telemetry-json"", ""/home/arjaiswal/Polygeist/issues/equality_saturation_eval/campaign_20260908/aten-aten_cdist_cpu-syntactic-evkan99_.json"", ""--disable-semantic-fallback""]","== match report for /home/arjaiswal/Polygeist/issues/aten_c_kernels/results/aten_cdist_cpu/debuf.mlir ==
  match          body#[0]  cutensorUnary_sqrt_f32
  total: 1 matched / 1 bodies
",0,[],0,0,0,0,/home/arjaiswal/Polygeist/issues/aten_c_kernels/results/aten_cdist_cpu/debuf.mlir,2421,0,1,1,378.8765110075474,0,65528,0.08110329508781433,0,2,0,0,"[{""body_indices"": [0], ""symbol"": ""cutensorUnary_sqrt_f32""}]",1,0,30,0.0,30
aten,aten_cdist_cpu,/home/arjaiswal/Polygeist/issues/aten_c_kernels/results/aten_cdist_cpu/debuf.mlir,6305541692b2875d6822b8dc10d88501765f4adeb2d9e43e8d75219b9ad9fc46,syntactic,4,ok,0,767.3879377543926,0,"[""/usr/bin/python3"", ""/home/arjaiswal/Polygeist/scripts/correctness/kernel_match_rewrite.py"", ""/home/arjaiswal/Polygeist/issues/aten_c_kernels/results/aten_cdist_cpu/debuf.mlir"", ""--dry-run"", ""--matcher-mode"", ""syntactic"", ""--telemetry-json"", ""/home/arjaiswal/Polygeist/issues/equality_saturation_eval/campaign_20260908/aten-aten_cdist_cpu-syntactic-ppgylyhu.json"", ""--disable-semantic-fallback""]","== match report for /home/arjaiswal/Polygeist/issues/aten_c_kernels/results/aten_cdist_cpu/debuf.mlir ==
  match          body#[0]  cutensorUnary_sqrt_f32
  total: 1 matched / 1 bodies
",0,[],0,0,0,0,/home/arjaiswal/Polygeist/issues/aten_c_kernels/results/aten_cdist_cpu/debuf.mlir,2421,0,1,1,349.51984137296677,0,65508,0.07263943552970886,0,2,0,0,"[{""body_indices"": [0], ""symbol"": ""cutensorUnary_sqrt_f32""}]",1,0,30,0.0,30
aten,aten_cdist_cpu,/home/arjaiswal/Polygeist/issues/aten_c_kernels/results/aten_cdist_cpu/debuf.mlir,6305541692b2875d6822b8dc10d88501765f4adeb2d9e43e8d75219b9ad9fc46,egglog,4,ok,0,804.5227229595184,0,"[""/usr/bin/python3"", ""/home/arjaiswal/Polygeist/scripts/correctness/kernel_match_rewrite.py"", ""/home/arjaiswal/Polygeist/issues/aten_c_kernels/results/aten_cdist_cpu/debuf.mlir"", ""--dry-run"", ""--matcher-mode"", ""egglog"", ""--telemetry-json"", ""/home/arjaiswal/Polygeist/issues/equality_saturation_eval/campaign_20260908/aten-aten_cdist_cpu-egglog-688xx_53.json"", ""--disable-semantic-fallback""]","== match report for /home/arjaiswal/Polygeist/issues/aten_c_kernels/results/aten_cdist_cpu/debuf.mlir ==
  match          body#[0]  cutensorUnary_sqrt_f32
  total: 1 matched / 1 bodies
",0,[],0,0,0,0,/home/arjaiswal/Polygeist/issues/aten_c_kernels/results/aten_cdist_cpu/debuf.mlir,2421,8,1,1,349.35279190540314,0,68704,21.323535591363907,2,2,0,0,"[{""body_indices"": [0], ""symbol"": ""cutensorUnary_sqrt_f32""}]",1,0,0,0.0,30
aten,aten_cdist_cpu,/home/arjaiswal/Polygeist/issues/aten_c_kernels/results/aten_cdist_cpu/debuf.mlir,6305541692b2875d6822b8dc10d88501765f4adeb2d9e43e8d75219b9ad9fc46,egglog,5,ok,0,752.6826858520508,0,"[""/usr/bin/python3"", ""/home/arjaiswal/Polygeist/scripts/correctness/kernel_match_rewrite.py"", ""/home/arjaiswal/Polygeist/issues/aten_c_kernels/results/aten_cdist_cpu/debuf.mlir"", ""--dry-run"", ""--matcher-mode"", ""egglog"", ""--telemetry-json"", ""/home/arjaiswal/Polygeist/issues/equality_saturation_eval/campaign_20260908/aten-aten_cdist_cpu-egglog-8agah4nh.json"", ""--disable-semantic-fallback""]","== match report for /home/arjaiswal/Polygeist/issues/aten_c_kernels/results/aten_cdist_cpu/debuf.mlir ==
  match          body#[0]  cutensorUnary_sqrt_f32
  total: 1 matched / 1 bodies
",0,[],0,0,0,0,/home/arjaiswal/Polygeist/issues/aten_c_kernels/results/aten_cdist_cpu/debuf.mlir,2421,8,1,1,349.39105063676834,0,68736,20.739268511533737,2,2,0,0,"[{""body_indices"": [0], ""symbol"": ""cutensorUnary_sqrt_f32""}]",1,0,0,0.0,30
aten,aten_cdist_cpu,/home/arjaiswal/Polygeist/issues/aten_c_kernels/results/aten_cdist_cpu/debuf.mlir,6305541692b2875d6822b8dc10d88501765f4adeb2d9e43e8d75219b9ad9fc46,syntactic,5,ok,0,751.0810047388077,0,"[""/usr/bin/python3"", ""/home/arjaiswal/Polygeist/scripts/correctness/kernel_match_rewrite.py"", ""/home/arjaiswal/Polygeist/issues/aten_c_kernels/results/aten_cdist_cpu/debuf.mlir"", ""--dry-run"", ""--matcher-mode"", ""syntactic"", ""--telemetry-json"", ""/home/arjaiswal/Polygeist/issues/equality_saturation_eval/campaign_20260908/aten-aten_cdist_cpu-syntactic-bam3i4uq.json"", ""--disable-semantic-fallback""]","== match report for /home/arjaiswal/Polygeist/issues/aten_c_kernels/results/aten_cdist_cpu/debuf.mlir ==
  match          body#[0]  cutensorUnary_sqrt_f32
  total: 1 matched / 1 bodies
",0,[],0,0,0,0,/home/arjaiswal/Polygeist/issues/aten_c_kernels/results/aten_cdist_cpu/debuf.mlir,2421,0,1,1,324.57441464066505,0,65616,0.0700540840625763,0,2,0,0,"[{""body_indices"": [0], ""symbol"": ""cutensorUnary_sqrt_f32""}]",1,0,30,0.0,30
aten,aten_ceil,/home/arjaiswal/Polygeist/issues/aten_c_kernels/results/aten_ceil/debuf.mlir,073dcb0eaca10d248c8330c2e0b908740c98e436836bc8975dd19e91fb9925e4,syntactic,1,ok,0,769.767589867115,0,"[""/usr/bin/python3"", ""/home/arjaiswal/Polygeist/scripts/correctness/kernel_match_rewrite.py"", ""/home/arjaiswal/Polygeist/issues/aten_c_kernels/results/aten_ceil/debuf.mlir"", ""--dry-run"", ""--matcher-mode"", ""syntactic"", ""--telemetry-json"", ""/home/arjaiswal/Polygeist/issues/equality_saturation_eval/campaign_20260908/aten-aten_ceil-syntactic-bgcsvl36.json"", ""--disable-semantic-fallback""]","== match report for /home/arjaiswal/Polygeist/issues/aten_c_kernels/results/aten_ceil/debuf.mlir ==
  match          body#[0]  cutensorUnary_ceil_f32
  total: 1 matched / 1 bodies
",0,[],0,0,0,0,/home/arjaiswal/Polygeist/issues/aten_c_kernels/results/aten_ceil/debuf.mlir,1869,0,1,1,309.3053214251995,0,65668,0.07935985922813416,0,2,0,0,"[{""body_indices"": [0], ""symbol"": ""cutensorUnary_ceil_f32""}]",1,0,14,0.0,14
aten,aten_ceil,/home/arjaiswal/Polygeist/issues/aten_c_kernels/results/aten_ceil/debuf.mlir,073dcb0eaca10d248c8330c2e0b908740c98e436836bc8975dd19e91fb9925e4,egglog,1,ok,0,762.8478743135929,0,"[""/usr/bin/python3"", ""/home/arjaiswal/Polygeist/scripts/correctness/kernel_match_rewrite.py"", ""/home/arjaiswal/Polygeist/issues/aten_c_kernels/results/aten_ceil/debuf.mlir"", ""--dry-run"", ""--matcher-mode"", ""egglog"", ""--telemetry-json"", ""/home/arjaiswal/Polygeist/issues/equality_saturation_eval/campaign_20260908/aten-aten_ceil-egglog-bdcb_iep.json"", ""--disable-semantic-fallback""]","== match report for /home/arjaiswal/Polygeist/issues/aten_c_kernels/results/aten_ceil/debuf.mlir ==
  match          body#[0]  cutensorUnary_ceil_f32
  total: 1 matched / 1 bodies
",0,[],0,0,0,0,/home/arjaiswal/Polygeist/issues/aten_c_kernels/results/aten_ceil/debuf.mlir,1869,8,1,1,334.1718427836895,0,69328,21.57585322856903,2,2,0,0,"[{""body_indices"": [0], ""symbol"": ""cutensorUnary_ceil_f32""}]",1,0,0,0.0,14
aten,aten_ceil,/home/arjaiswal/Polygeist/issues/aten_c_kernels/results/aten_ceil/debuf.mlir,073dcb0eaca10d248c8330c2e0b908740c98e436836bc8975dd19e91fb9925e4,egglog,2,ok,0,744.7467930614948,0,"[""/usr/bin/python3"", ""/home/arjaiswal/Polygeist/scripts/correctness/kernel_match_rewrite.py"", ""/home/arjaiswal/Polygeist/issues/aten_c_kernels/results/aten_ceil/debuf.mlir"", ""--dry-run"", ""--matcher-mode"", ""egglog"", ""--telemetry-json"", ""/home/arjaiswal/Polygeist/issues/equality_saturation_eval/campaign_20260908/aten-aten_ceil-egglog-kbd9dddt.json"", ""--disable-semantic-fallback""]","== match report for /home/arjaiswal/Polygeist/issues/aten_c_kernels/results/aten_ceil/debuf.mlir ==
  match          body#[0]  cutensorUnary_ceil_f32
  total: 1 matched / 1 bodies
",0,[],0,0,0,0,/home/arjaiswal/Polygeist/issues/aten_c_kernels/results/aten_ceil/debuf.mlir,1869,8,1,1,313.77602741122246,0,69488,20.991705358028412,2,2,0,0,"[{""body_indices"": [0], ""symbol"": ""cutensorUnary_ceil_f32""}]",1,0,0,0.0,14
aten,aten_ceil,/home/arjaiswal/Polygeist/issues/aten_c_kernels/results/aten_ceil/debuf.mlir,073dcb0eaca10d248c8330c2e0b908740c98e436836bc8975dd19e91fb9925e4,syntactic,2,ok,0,730.5861301720142,0,"[""/usr/bin/python3"", ""/home/arjaiswal/Polygeist/scripts/correctness/kernel_match_rewrite.py"", ""/home/arjaiswal/Polygeist/issues/aten_c_kernels/results/aten_ceil/debuf.mlir"", ""--dry-run"", ""--matcher-mode"", ""syntactic"", ""--telemetry-json"", ""/home/arjaiswal/Polygeist/issues/equality_saturation_eval/campaign_20260908/aten-aten_ceil-syntactic-wlp2vpyi.json"", ""--disable-semantic-fallback""]","== match report for /home/arjaiswal/Polygeist/issues/aten_c_kernels/results/aten_ceil/debuf.mlir ==
  match          body#[0]  cutensorUnary_ceil_f32
  total: 1 matched / 1 bodies
",0,[],0,0,0,0,/home/arjaiswal/Polygeist/issues/aten_c_kernels/results/aten_ceil/debuf.mlir,1869,0,1,1,321.63984328508377,0,65460,0.07827579975128174,0,2,0,0,"[{""body_indices"": [0], ""symbol"": ""cutensorUnary_ceil_f32""}]",1,0,14,0.0,14
aten,aten_ceil,/home/arjaiswal/Polygeist/issues/aten_c_kernels/results/aten_ceil/debuf.mlir,073dcb0eaca10d248c8330c2e0b908740c98e436836bc8975dd19e91fb9925e4,syntactic,3,ok,0,710.6755152344704,0,"[""/usr/bin/python3"", ""/home/arjaiswal/Polygeist/scripts/correctness/kernel_match_rewrite.py"", ""/home/arjaiswal/Polygeist/issues/aten_c_kernels/results/aten_ceil/debuf.mlir"", ""--dry-run"", ""--matcher-mode"", ""syntactic"", ""--telemetry-json"", ""/home/arjaiswal/Polygeist/issues/equality_saturation_eval/campaign_20260908/aten-aten_ceil-syntactic-fvxv461r.json"", ""--disable-semantic-fallback""]","== match report for /home/arjaiswal/Polygeist/issues/aten_c_kernels/results/aten_ceil/debuf.mlir ==
  match          body#[0]  cutensorUnary_ceil_f32
  total: 1 matched / 1 bodies
",0,[],0,0,0,0,/home/arjaiswal/Polygeist/issues/aten_c_kernels/results/aten_ceil/debuf.mlir,1869,0,1,1,293.7374748289585,0,65520,0.0820644199848175,0,2,0,0,"[{""body_indices"": [0], ""symbol"": ""cutensorUnary_ceil_f32""}]",1,0,14,0.0,14
aten,aten_ceil,/home/arjaiswal/Polygeist/issues/aten_c_kernels/results/aten_ceil/debuf.mlir,073dcb0eaca10d248c8330c2e0b908740c98e436836bc8975dd19e91fb9925e4,egglog,3,ok,0,762.4952048063278,0,"[""/usr/bin/python3"", ""/home/arjaiswal/Polygeist/scripts/correctness/kernel_match_rewrite.py"", ""/home/arjaiswal/Polygeist/issues/aten_c_kernels/results/aten_ceil/debuf.mlir"", ""--dry-run"", ""--matcher-mode"", ""egglog"", ""--telemetry-json"", ""/home/arjaiswal/Polygeist/issues/equality_saturation_eval/campaign_20260908/aten-aten_ceil-egglog-1jzsrl5t.json"", ""--disable-semantic-fallback""]","== match report for /home/arjaiswal/Polygeist/issues/aten_c_kernels/results/aten_ceil/debuf.mlir ==
  match          body#[0]  cutensorUnary_ceil_f32
  total: 1 matched / 1 bodies
",0,[],0,0,0,0,/home/arjaiswal/Polygeist/issues/aten_c_kernels/results/aten_ceil/debuf.mlir,1869,8,1,1,327.4640664458275,0,69468,23.280218243598938,2,2,0,0,"[{""body_indices"": [0], ""symbol"": ""cutensorUnary_ceil_f32""}]",1,0,0,0.0,14
aten,aten_ceil,/home/arjaiswal/Polygeist/issues/aten_c_kernels/results/aten_ceil/debuf.mlir,073dcb0eaca10d248c8330c2e0b908740c98e436836bc8975dd19e91fb9925e4,egglog,4,ok,0,739.788182079792,0,"[""/usr/bin/python3"", ""/home/arjaiswal/Polygeist/scripts/correctness/kernel_match_rewrite.py"", ""/home/arjaiswal/Polygeist/issues/aten_c_kernels/results/aten_ceil/debuf.mlir"", ""--dry-run"", ""--matcher-mode"", ""egglog"", ""--telemetry-json"", ""/home/arjaiswal/Polygeist/issues/equality_saturation_eval/campaign_20260908/aten-aten_ceil-egglog-32rzm5g7.json"", ""--disable-semantic-fallback""]","== match report for /home/arjaiswal/Polygeist/issues/aten_c_kernels/results/aten_ceil/debuf.mlir ==
  match          body#[0]  cutensorUnary_ceil_f32
  total: 1 matched / 1 bodies
",0,[],0,0,0,0,/home/arjaiswal/Polygeist/issues/aten_c_kernels/results/aten_ceil/debuf.mlir,1869,8,1,1,317.67090037465096,0,69428,21.23863995075226,2,2,0,0,"[{""body_indices"": [0], ""symbol"": ""cutensorUnary_ceil_f32""}]",1,0,0,0.0,14
aten,aten_ceil,/home/arjaiswal/Polygeist/issues/aten_c_kernels/results/aten_ceil/debuf.mlir,073dcb0eaca10d248c8330c2e0b908740c98e436836bc8975dd19e91fb9925e4,syntactic,4,ok,0,733.6429916322231,0,"[""/usr/bin/python3"", ""/home/arjaiswal/Polygeist/scripts/correctness/kernel_match_rewrite.py"", ""/home/arjaiswal/Polygeist/issues/aten_c_kernels/results/aten_ceil/debuf.mlir"", ""--dry-run"", ""--matcher-mode"", ""syntactic"", ""--telemetry-json"", ""/home/arjaiswal/Polygeist/issues/equality_saturation_eval/campaign_20260908/aten-aten_ceil-syntactic-glpg9mm1.json"", ""--disable-semantic-fallback""]","== match report for /home/arjaiswal/Polygeist/issues/aten_c_kernels/results/aten_ceil/debuf.mlir ==
  match          body#[0]  cutensorUnary_ceil_f32
  total: 1 matched / 1 bodies
",0,[],0,0,0,0,/home/arjaiswal/Polygeist/issues/aten_c_kernels/results/aten_ceil/debuf.mlir,1869,0,1,1,296.0207015275955,0,65552,0.07846951484680176,0,2,0,0,"[{""body_indices"": [0], ""symbol"": ""cutensorUnary_ceil_f32""}]",1,0,14,0.0,14
aten,aten_ceil,/home/arjaiswal/Polygeist/issues/aten_c_kernels/results/aten_ceil/debuf.mlir,073dcb0eaca10d248c8330c2e0b908740c98e436836bc8975dd19e91fb9925e4,syntactic,5,ok,0,720.2225141227245,0,"[""/usr/bin/python3"", ""/home/arjaiswal/Polygeist/scripts/correctness/kernel_match_rewrite.py"", ""/home/arjaiswal/Polygeist/issues/aten_c_kernels/results/aten_ceil/debuf.mlir"", ""--dry-run"", ""--matcher-mode"", ""syntactic"", ""--telemetry-json"", ""/home/arjaiswal/Polygeist/issues/equality_saturation_eval/campaign_20260908/aten-aten_ceil-syntactic-7pmlwdru.json"", ""--disable-semantic-fallback""]","== match report for /home/arjaiswal/Polygeist/issues/aten_c_kernels/results/aten_ceil/debuf.mlir ==
  match          body#[0]  cutensorUnary_ceil_f32
  total: 1 matched / 1 bodies
",0,[],0,0,0,0,/home/arjaiswal/Polygeist/issues/aten_c_kernels/results/aten_ceil/debuf.mlir,1869,0,1,1,295.33227905631065,0,65644,0.08581578731536865,0,2,0,0,"[{""body_indices"": [0], ""symbol"": ""cutensorUnary_ceil_f32""}]",1,0,14,0.0,14
aten,aten_ceil,/home/arjaiswal/Polygeist/issues/aten_c_kernels/results/aten_ceil/debuf.mlir,073dcb0eaca10d248c8330c2e0b908740c98e436836bc8975dd19e91fb9925e4,egglog,5,ok,0,759.6417628228664,0,"[""/usr/bin/python3"", ""/home/arjaiswal/Polygeist/scripts/correctness/kernel_match_rewrite.py"", ""/home/arjaiswal/Polygeist/issues/aten_c_kernels/results/aten_ceil/debuf.mlir"", ""--dry-run"", ""--matcher-mode"", ""egglog"", ""--telemetry-json"", ""/home/arjaiswal/Polygeist/issues/equality_saturation_eval/campaign_20260908/aten-aten_ceil-egglog-9p5ozuag.json"", ""--disable-semantic-fallback""]","== match report for /home/arjaiswal/Polygeist/issues/aten_c_kernels/results/aten_ceil/debuf.mlir ==
  match          body#[0]  cutensorUnary_ceil_f32
  total: 1 matched / 1 bodies
",0,[],0,0,0,0,/home/arjaiswal/Polygeist/issues/aten_c_kernels/results/aten_ceil/debuf.mlir,1869,8,1,1,340.6989723443985,0,69440,21.272312849760056,2,2,0,0,"[{""body_indices"": [0], ""symbol"": ""cutensorUnary_ceil_f32""}]",1,0,0,0.0,14
aten,aten_channel_shuffle,/home/arjaiswal/Polygeist/issues/aten_c_kernels/results/aten_channel_shuffle/debuf.mlir,de5add8b3339e65dfb9b697eae20f077a5771c2715e4d9b87cde79c68e1e4d82,egglog,1,ok,0,761.0544748604298,0,"[""/usr/bin/python3"", ""/home/arjaiswal/Polygeist/scripts/correctness/kernel_match_rewrite.py"", ""/home/arjaiswal/Polygeist/issues/aten_c_kernels/results/aten_channel_shuffle/debuf.mlir"", ""--dry-run"", ""--matcher-mode"", ""egglog"", ""--telemetry-json"", ""/home/arjaiswal/Polygeist/issues/equality_saturation_eval/campaign_20260908/aten-aten_channel_shuffle-egglog-abs7far9.json"", ""--disable-semantic-fallback""]","== match report for /home/arjaiswal/Polygeist/issues/aten_c_kernels/results/aten_channel_shuffle/debuf.mlir ==
  match          body#[0]  cutensorPermute_f32_r5_tensor
  total: 1 matched / 1 bodies
",0,[],0,0,0,0,/home/arjaiswal/Polygeist/issues/aten_c_kernels/results/aten_channel_shuffle/debuf.mlir,2551,8,1,1,333.4147147834301,0,68260,11.713027954101562,1,1,0,0,"[{""body_indices"": [0], ""symbol"": ""cutensorPermute_f32_r5_tensor""}]",1,0,0,0.0,25
aten,aten_channel_shuffle,/home/arjaiswal/Polygeist/issues/aten_c_kernels/results/aten_channel_shuffle/debuf.mlir,de5add8b3339e65dfb9b697eae20f077a5771c2715e4d9b87cde79c68e1e4d82,syntactic,1,ok,0,743.5587532818317,0,"[""/usr/bin/python3"", ""/home/arjaiswal/Polygeist/scripts/correctness/kernel_match_rewrite.py"", ""/home/arjaiswal/Polygeist/issues/aten_c_kernels/results/aten_channel_shuffle/debuf.mlir"", ""--dry-run"", ""--matcher-mode"", ""syntactic"", ""--telemetry-json"", ""/home/arjaiswal/Polygeist/issues/equality_saturation_eval/campaign_20260908/aten-aten_channel_shuffle-syntactic-ebg_k4vs.json"", ""--disable-semantic-fallback""]","== match report for /home/arjaiswal/Polygeist/issues/aten_c_kernels/results/aten_channel_shuffle/debuf.mlir ==
  match          body#[0]  cutensorPermute_f32_r5_tensor
  total: 1 matched / 1 bodies
",0,[],0,0,0,0,/home/arjaiswal/Polygeist/issues/aten_c_kernels/results/aten_channel_shuffle/debuf.mlir,2551,0,1,1,317.46453419327736,0,65620,0.06094202399253845,0,1,0,0,"[{""body_indices"": [0], ""symbol"": ""cutensorPermute_f32_r5_tensor""}]",1,0,25,0.0,25
aten,aten_channel_shuffle,/home/arjaiswal/Polygeist/issues/aten_c_kernels/results/aten_channel_shuffle/debuf.mlir,de5add8b3339e65dfb9b697eae20f077a5771c2715e4d9b87cde79c68e1e4d82,syntactic,2,ok,0,862.128235399723,0,"[""/usr/bin/python3"", ""/home/arjaiswal/Polygeist/scripts/correctness/kernel_match_rewrite.py"", ""/home/arjaiswal/Polygeist/issues/aten_c_kernels/results/aten_channel_shuffle/debuf.mlir"", ""--dry-run"", ""--matcher-mode"", ""syntactic"", ""--telemetry-json"", ""/home/arjaiswal/Polygeist/issues/equality_saturation_eval/campaign_20260908/aten-aten_channel_shuffle-syntactic-89c4lomh.json"", ""--disable-semantic-fallback""]","== match report for /home/arjaiswal/Polygeist/issues/aten_c_kernels/results/aten_channel_shuffle/debuf.mlir ==
  match          body#[0]  cutensorPermute_f32_r5_tensor
  total: 1 matched / 1 bodies
",0,[],0,0,0,0,/home/arjaiswal/Polygeist/issues/aten_c_kernels/results/aten_channel_shuffle/debuf.mlir,2551,0,1,1,322.80559465289116,0,65528,0.05710870027542114,0,1,0,0,"[{""body_indices"": [0], ""symbol"": ""cutensorPermute_f32_r5_tensor""}]",1,0,25,0.0,25
aten,aten_channel_shuffle,/home/arjaiswal/Polygeist/issues/aten_c_kernels/results/aten_channel_shuffle/debuf.mlir,de5add8b3339e65dfb9b697eae20f077a5771c2715e4d9b87cde79c68e1e4d82,egglog,2,ok,0,779.7834314405918,0,"[""/usr/bin/python3"", ""/home/arjaiswal/Polygeist/scripts/correctness/kernel_match_rewrite.py"", ""/home/arjaiswal/Polygeist/issues/aten_c_kernels/results/aten_channel_shuffle/debuf.mlir"", ""--dry-run"", ""--matcher-mode"", ""egglog"", ""--telemetry-json"", ""/home/arjaiswal/Polygeist/issues/equality_saturation_eval/campaign_20260908/aten-aten_channel_shuffle-egglog-w79yr2qp.json"", ""--disable-semantic-fallback""]","== match report for /home/arjaiswal/Polygeist/issues/aten_c_kernels/results/aten_channel_shuffle/debuf.mlir ==
  match          body#[0]  cutensorPermute_f32_r5_tensor
  total: 1 matched / 1 bodies
",0,[],0,0,0,0,/home/arjaiswal/Polygeist/issues/aten_c_kernels/results/aten_channel_shuffle/debuf.mlir,2551,8,1,1,338.76459673047066,0,68104,13.131678104400635,1,1,0,0,"[{""body_indices"": [0], ""symbol"": ""cutensorPermute_f32_r5_tensor""}]",1,0,0,0.0,25
aten,aten_channel_shuffle,/home/arjaiswal/Polygeist/issues/aten_c_kernels/results/aten_channel_shuffle/debuf.mlir,de5add8b3339e65dfb9b697eae20f077a5771c2715e4d9b87cde79c68e1e4d82,egglog,3,ok,0,746.2203726172447,0,"[""/usr/bin/python3"", ""/home/arjaiswal/Polygeist/scripts/correctness/kernel_match_rewrite.py"", ""/home/arjaiswal/Polygeist/issues/aten_c_kernels/results/aten_channel_shuffle/debuf.mlir"", ""--dry-run"", ""--matcher-mode"", ""egglog"", ""--telemetry-json"", ""/home/arjaiswal/Polygeist/issues/equality_saturation_eval/campaign_20260908/aten-aten_channel_shuffle-egglog-l0jarck6.json"", ""--disable-semantic-fallback""]","== match report for /home/arjaiswal/Polygeist/issues/aten_c_kernels/results/aten_channel_shuffle/debuf.mlir ==
  match          body#[0]  cutensorPermute_f32_r5_tensor
  total: 1 matched / 1 bodies
",0,[],0,0,0,0,/home/arjaiswal/Polygeist/issues/aten_c_kernels/results/aten_channel_shuffle/debuf.mlir,2551,8,1,1,334.6932753920555,0,68224,11.057157069444656,1,1,0,0,"[{""body_indices"": [0], ""symbol"": ""cutensorPermute_f32_r5_tensor""}]",1,0,0,0.0,25
aten,aten_channel_shuffle,/home/arjaiswal/Polygeist/issues/aten_c_kernels/results/aten_channel_shuffle/debuf.mlir,de5add8b3339e65dfb9b697eae20f077a5771c2715e4d9b87cde79c68e1e4d82,syntactic,3,ok,0,764.4279822707176,0,"[""/usr/bin/python3"", ""/home/arjaiswal/Polygeist/scripts/correctness/kernel_match_rewrite.py"", ""/home/arjaiswal/Polygeist/issues/aten_c_kernels/results/aten_channel_shuffle/debuf.mlir"", ""--dry-run"", ""--matcher-mode"", ""syntactic"", ""--telemetry-json"", ""/home/arjaiswal/Polygeist/issues/equality_saturation_eval/campaign_20260908/aten-aten_channel_shuffle-syntactic-c17_fvvx.json"", ""--disable-semantic-fallback""]","== match report for /home/arjaiswal/Polygeist/issues/aten_c_kernels/results/aten_channel_shuffle/debuf.mlir ==
  match          body#[0]  cutensorPermute_f32_r5_tensor
  total: 1 matched / 1 bodies
",0,[],0,0,0,0,/home/arjaiswal/Polygeist/issues/aten_c_kernels/results/aten_channel_shuffle/debuf.mlir,2551,0,1,1,320.9203705191612,0,65520,0.06418302655220032,0,1,0,0,"[{""body_indices"": [0], ""symbol"": ""cutensorPermute_f32_r5_tensor""}]",1,0,25,0.0,25
aten,aten_channel_shuffle,/home/arjaiswal/Polygeist/issues/aten_c_kernels/results/aten_channel_shuffle/debuf.mlir,de5add8b3339e65dfb9b697eae20f077a5771c2715e4d9b87cde79c68e1e4d82,syntactic,4,ok,0,761.8231102824211,0,"[""/usr/bin/python3"", ""/home/arjaiswal/Polygeist/scripts/correctness/kernel_match_rewrite.py"", ""/home/arjaiswal/Polygeist/issues/aten_c_kernels/results/aten_channel_shuffle/debuf.mlir"", ""--dry-run"", ""--matcher-mode"", ""syntactic"", ""--telemetry-json"", ""/home/arjaiswal/Polygeist/issues/equality_saturation_eval/campaign_20260908/aten-aten_channel_shuffle-syntactic-jvxsc361.json"", ""--disable-semantic-fallback""]","== match report for /home/arjaiswal/Polygeist/issues/aten_c_kernels/results/aten_channel_shuffle/debuf.mlir ==
  match          body#[0]  cutensorPermute_f32_r5_tensor
  total: 1 matched / 1 bodies
",0,[],0,0,0,0,/home/arjaiswal/Polygeist/issues/aten_c_kernels/results/aten_channel_shuffle/debuf.mlir,2551,0,1,1,330.0229124724865,0,65628,0.061105936765670776,0,1,0,0,"[{""body_indices"": [0], ""symbol"": ""cutensorPermute_f32_r5_tensor""}]",1,0,25,0.0,25
aten,aten_channel_shuffle,/home/arjaiswal/Polygeist/issues/aten_c_kernels/results/aten_channel_shuffle/debuf.mlir,de5add8b3339e65dfb9b697eae20f077a5771c2715e4d9b87cde79c68e1e4d82,egglog,4,ok,0,769.0271399915218,0,"[""/usr/bin/python3"", ""/home/arjaiswal/Polygeist/scripts/correctness/kernel_match_rewrite.py"", ""/home/arjaiswal/Polygeist/issues/aten_c_kernels/results/aten_channel_shuffle/debuf.mlir"", ""--dry-run"", ""--matcher-mode"", ""egglog"", ""--telemetry-json"", ""/home/arjaiswal/Polygeist/issues/equality_saturation_eval/campaign_20260908/aten-aten_channel_shuffle-egglog-ne33ge0s.json"", ""--disable-semantic-fallback""]","== match report for /home/arjaiswal/Polygeist/issues/aten_c_kernels/results/aten_channel_shuffle/debuf.mlir ==
  match          body#[0]  cutensorPermute_f32_r5_tensor
  total: 1 matched / 1 bodies
",0,[],0,0,0,0,/home/arjaiswal/Polygeist/issues/aten_c_kernels/results/aten_channel_shuffle/debuf.mlir,2551,8,1,1,339.4113518297672,0,68380,11.695601046085358,1,1,0,0,"[{""body_indices"": [0], ""symbol"": ""cutensorPermute_f32_r5_tensor""}]",1,0,0,0.0,25
aten,aten_channel_shuffle,/home/arjaiswal/Polygeist/issues/aten_c_kernels/results/aten_channel_shuffle/debuf.mlir,de5add8b3339e65dfb9b697eae20f077a5771c2715e4d9b87cde79c68e1e4d82,egglog,5,ok,0,759.1543309390545,0,"[""/usr/bin/python3"", ""/home/arjaiswal/Polygeist/scripts/correctness/kernel_match_rewrite.py"", ""/home/arjaiswal/Polygeist/issues/aten_c_kernels/results/aten_channel_shuffle/debuf.mlir"", ""--dry-run"", ""--matcher-mode"", ""egglog"", ""--telemetry-json"", ""/home/arjaiswal/Polygeist/issues/equality_saturation_eval/campaign_20260908/aten-aten_channel_shuffle-egglog-yipvsk2s.json"", ""--disable-semantic-fallback""]","== match report for /home/arjaiswal/Polygeist/issues/aten_c_kernels/results/aten_channel_shuffle/debuf.mlir ==
  match          body#[0]  cutensorPermute_f32_r5_tensor
  total: 1 matched / 1 bodies
",0,[],0,0,0,0,/home/arjaiswal/Polygeist/issues/aten_c_kernels/results/aten_channel_shuffle/debuf.mlir,2551,8,1,1,340.8674821257591,0,68428,11.102806776762009,1,1,0,0,"[{""body_indices"": [0], ""symbol"": ""cutensorPermute_f32_r5_tensor""}]",1,0,0,0.0,25
aten,aten_channel_shuffle,/home/arjaiswal/Polygeist/issues/aten_c_kernels/results/aten_channel_shuffle/debuf.mlir,de5add8b3339e65dfb9b697eae20f077a5771c2715e4d9b87cde79c68e1e4d82,syntactic,5,ok,0,740.6786940991879,0,"[""/usr/bin/python3"", ""/home/arjaiswal/Polygeist/scripts/correctness/kernel_match_rewrite.py"", ""/home/arjaiswal/Polygeist/issues/aten_c_kernels/results/aten_channel_shuffle/debuf.mlir"", ""--dry-run"", ""--matcher-mode"", ""syntactic"", ""--telemetry-json"", ""/home/arjaiswal/Polygeist/issues/equality_saturation_eval/campaign_20260908/aten-aten_channel_shuffle-syntactic-yle86tgc.json"", ""--disable-semantic-fallback""]","== match report for /home/arjaiswal/Polygeist/issues/aten_c_kernels/results/aten_channel_shuffle/debuf.mlir ==
  match          body#[0]  cutensorPermute_f32_r5_tensor
  total: 1 matched / 1 bodies
",0,[],0,0,0,0,/home/arjaiswal/Polygeist/issues/aten_c_kernels/results/aten_channel_shuffle/debuf.mlir,2551,0,1,1,324.97286796569824,0,65588,0.054020434617996216,0,1,0,0,"[{""body_indices"": [0], ""symbol"": ""cutensorPermute_f32_r5_tensor""}]",1,0,25,0.0,25
aten,aten_channel_shuffle_cpu,/home/arjaiswal/Polygeist/issues/aten_c_kernels/results/aten_channel_shuffle_cpu/debuf.mlir,efc85f4ed1b977679e3a29c1887bef185eb004e4720d59a9310710a04e042b2f,syntactic,1,ok,0,915.1698984205723,0,"[""/usr/bin/python3"", ""/home/arjaiswal/Polygeist/scripts/correctness/kernel_match_rewrite.py"", ""/home/arjaiswal/Polygeist/issues/aten_c_kernels/results/aten_channel_shuffle_cpu/debuf.mlir"", ""--dry-run"", ""--matcher-mode"", ""syntactic"", ""--telemetry-json"", ""/home/arjaiswal/Polygeist/issues/equality_saturation_eval/campaign_20260908/aten-aten_channel_shuffle_cpu-syntactic-o1_p_9yh.json"", ""--disable-semantic-fallback""]","== match report for /home/arjaiswal/Polygeist/issues/aten_c_kernels/results/aten_channel_shuffle_cpu/debuf.mlir ==
  match          body#[0]  cutensorPermute_f32_r4_tensor
  total: 1 matched / 1 bodies
",0,[],0,0,0,0,/home/arjaiswal/Polygeist/issues/aten_c_kernels/results/aten_channel_shuffle_cpu/debuf.mlir,2586,0,1,1,336.9721919298172,0,65672,0.09070336818695068,0,1,0,0,"[{""body_indices"": [0], ""symbol"": ""cutensorPermute_f32_r4_tensor""}]",1,0,26,0.0,26
aten,aten_channel_shuffle_cpu,/home/arjaiswal/Polygeist/issues/aten_c_kernels/results/aten_channel_shuffle_cpu/debuf.mlir,efc85f4ed1b977679e3a29c1887bef185eb004e4720d59a9310710a04e042b2f,egglog,1,ok,0,795.7212254405022,0,"[""/usr/bin/python3"", ""/home/arjaiswal/Polygeist/scripts/correctness/kernel_match_rewrite.py"", ""/home/arjaiswal/Polygeist/issues/aten_c_kernels/results/aten_channel_shuffle_cpu/debuf.mlir"", ""--dry-run"", ""--matcher-mode"", ""egglog"", ""--telemetry-json"", ""/home/arjaiswal/Polygeist/issues/equality_saturation_eval/campaign_20260908/aten-aten_channel_shuffle_cpu-egglog-gddz_t86.json"", ""--disable-semantic-fallback""]","== match report for /home/arjaiswal/Polygeist/issues/aten_c_kernels/results/aten_channel_shuffle_cpu/debuf.mlir ==
  match          body#[0]  cutensorPermute_f32_r4_tensor
  total: 1 matched / 1 bodies
",0,[],0,0,0,0,/home/arjaiswal/Polygeist/issues/aten_c_kernels/results/aten_channel_shuffle_cpu/debuf.mlir,2586,8,1,1,350.43542459607124,0,69672,12.456022202968597,1,1,0,0,"[{""body_indices"": [0], ""symbol"": ""cutensorPermute_f32_r4_tensor""}]",1,0,0,0.0,26
aten,aten_channel_shuffle_cpu,/home/arjaiswal/Polygeist/issues/aten_c_kernels/results/aten_channel_shuffle_cpu/debuf.mlir,efc85f4ed1b977679e3a29c1887bef185eb004e4720d59a9310710a04e042b2f,egglog,2,ok,0,770.4972885549068,0,"[""/usr/bin/python3"", ""/home/arjaiswal/Polygeist/scripts/correctness/kernel_match_rewrite.py"", ""/home/arjaiswal/Polygeist/issues/aten_c_kernels/results/aten_channel_shuffle_cpu/debuf.mlir"", ""--dry-run"", ""--matcher-mode"", ""egglog"", ""--telemetry-json"", ""/home/arjaiswal/Polygeist/issues/equality_saturation_eval/campaign_20260908/aten-aten_channel_shuffle_cpu-egglog-imdqd9rt.json"", ""--disable-semantic-fallback""]","== match report for /home/arjaiswal/Polygeist/issues/aten_c_kernels/results/aten_channel_shuffle_cpu/debuf.mlir ==
  match          body#[0]  cutensorPermute_f32_r4_tensor
  total: 1 matched / 1 bodies
",0,[],0,0,0,0,/home/arjaiswal/Polygeist/issues/aten_c_kernels/results/aten_channel_shuffle_cpu/debuf.mlir,2586,8,1,1,336.96967363357544,0,68000,11.628754436969757,1,1,0,0,"[{""body_indices"": [0], ""symbol"": ""cutensorPermute_f32_r4_tensor""}]",1,0,0,0.0,26
aten,aten_channel_shuffle_cpu,/home/arjaiswal/Polygeist/issues/aten_c_kernels/results/aten_channel_shuffle_cpu/debuf.mlir,efc85f4ed1b977679e3a29c1887bef185eb004e4720d59a9310710a04e042b2f,syntactic,2,ok,0,769.8350511491299,0,"[""/usr/bin/python3"", ""/home/arjaiswal/Polygeist/scripts/correctness/kernel_match_rewrite.py"", ""/home/arjaiswal/Polygeist/issues/aten_c_kernels/results/aten_channel_shuffle_cpu/debuf.mlir"", ""--dry-run"", ""--matcher-mode"", ""syntactic"", ""--telemetry-json"", ""/home/arjaiswal/Polygeist/issues/equality_saturation_eval/campaign_20260908/aten-aten_channel_shuffle_cpu-syntactic-fhwz5_h1.json"", ""--disable-semantic-fallback""]","== match report for /home/arjaiswal/Polygeist/issues/aten_c_kernels/results/aten_channel_shuffle_cpu/debuf.mlir ==
  match          body#[0]  cutensorPermute_f32_r4_tensor
  total: 1 matched / 1 bodies
",0,[],0,0,0,0,/home/arjaiswal/Polygeist/issues/aten_c_kernels/results/aten_channel_shuffle_cpu/debuf.mlir,2586,0,1,1,330.94022050499916,0,65664,0.06132572889328003,0,1,0,0,"[{""body_indices"": [0], ""symbol"": ""cutensorPermute_f32_r4_tensor""}]",1,0,26,0.0,26
aten,aten_channel_shuffle_cpu,/home/arjaiswal/Polygeist/issues/aten_c_kernels/results/aten_channel_shuffle_cpu/debuf.mlir,efc85f4ed1b977679e3a29c1887bef185eb004e4720d59a9310710a04e042b2f,syntactic,3,ok,0,746.4660108089447,0,"[""/usr/bin/python3"", ""/home/arjaiswal/Polygeist/scripts/correctness/kernel_match_rewrite.py"", ""/home/arjaiswal/Polygeist/issues/aten_c_kernels/results/aten_channel_shuffle_cpu/debuf.mlir"", ""--dry-run"", ""--matcher-mode"", ""syntactic"", ""--telemetry-json"", ""/home/arjaiswal/Polygeist/issues/equality_saturation_eval/campaign_20260908/aten-aten_channel_shuffle_cpu-syntactic-bcs36xdw.json"", ""--disable-semantic-fallback""]","== match report for /home/arjaiswal/Polygeist/issues/aten_c_kernels/results/aten_channel_shuffle_cpu/debuf.mlir ==
  match          body#[0]  cutensorPermute_f32_r4_tensor
  total: 1 matched / 1 bodies
",0,[],0,0,0,0,/home/arjaiswal/Polygeist/issues/aten_c_kernels/results/aten_channel_shuffle_cpu/debuf.mlir,2586,0,1,1,321.05373591184616,0,65812,0.07769465446472168,0,1,0,0,"[{""body_indices"": [0], ""symbol"": ""cutensorPermute_f32_r4_tensor""}]",1,0,26,0.0,26
aten,aten_channel_shuffle_cpu,/home/arjaiswal/Polygeist/issues/aten_c_kernels/results/aten_channel_shuffle_cpu/debuf.mlir,efc85f4ed1b977679e3a29c1887bef185eb004e4720d59a9310710a04e042b2f,egglog,3,ok,0,750.7475130259991,0,"[""/usr/bin/python3"", ""/home/arjaiswal/Polygeist/scripts/correctness/kernel_match_rewrite.py"", ""/home/arjaiswal/Polygeist/issues/aten_c_kernels/results/aten_channel_shuffle_cpu/debuf.mlir"", ""--dry-run"", ""--matcher-mode"", ""egglog"", ""--telemetry-json"", ""/home/arjaiswal/Polygeist/issues/equality_saturation_eval/campaign_20260908/aten-aten_channel_shuffle_cpu-egglog-ozl8gfu4.json"", ""--disable-semantic-fallback""]","== match report for /home/arjaiswal/Polygeist/issues/aten_c_kernels/results/aten_channel_shuffle_cpu/debuf.mlir ==
  match          body#[0]  cutensorPermute_f32_r4_tensor
  total: 1 matched / 1 bodies
",0,[],0,0,0,0,/home/arjaiswal/Polygeist/issues/aten_c_kernels/results/aten_channel_shuffle_cpu/debuf.mlir,2586,8,1,1,334.7116783261299,0,69456,10.823898017406464,1,1,0,0,"[{""body_indices"": [0], ""symbol"": ""cutensorPermute_f32_r4_tensor""}]",1,0,0,0.0,26
aten,aten_channel_shuffle_cpu,/home/arjaiswal/Polygeist/issues/aten_c_kernels/results/aten_channel_shuffle_cpu/debuf.mlir,efc85f4ed1b977679e3a29c1887bef185eb004e4720d59a9310710a04e042b2f,egglog,4,ok,0,777.4803377687931,0,"[""/usr/bin/python3"", ""/home/arjaiswal/Polygeist/scripts/correctness/kernel_match_rewrite.py"", ""/home/arjaiswal/Polygeist/issues/aten_c_kernels/results/aten_channel_shuffle_cpu/debuf.mlir"", ""--dry-run"", ""--matcher-mode"", ""egglog"", ""--telemetry-json"", ""/home/arjaiswal/Polygeist/issues/equality_saturation_eval/campaign_20260908/aten-aten_channel_shuffle_cpu-egglog-thv6nk9y.json"", ""--disable-semantic-fallback""]","== match report for /home/arjaiswal/Polygeist/issues/aten_c_kernels/results/aten_channel_shuffle_cpu/debuf.mlir ==
  match          body#[0]  cutensorPermute_f32_r4_tensor
  total: 1 matched / 1 bodies
",0,[],0,0,0,0,/home/arjaiswal/Polygeist/issues/aten_c_kernels/results/aten_channel_shuffle_cpu/debuf.mlir,2586,8,1,1,349.9116338789463,0,69660,10.873548686504364,1,1,0,0,"[{""body_indices"": [0], ""symbol"": ""cutensorPermute_f32_r4_tensor""}]",1,0,0,0.0,26
aten,aten_channel_shuffle_cpu,/home/arjaiswal/Polygeist/issues/aten_c_kernels/results/aten_channel_shuffle_cpu/debuf.mlir,efc85f4ed1b977679e3a29c1887bef185eb004e4720d59a9310710a04e042b2f,syntactic,4,ok,0,749.0518465638161,0,"[""/usr/bin/python3"", ""/home/arjaiswal/Polygeist/scripts/correctness/kernel_match_rewrite.py"", ""/home/arjaiswal/Polygeist/issues/aten_c_kernels/results/aten_channel_shuffle_cpu/debuf.mlir"", ""--dry-run"", ""--matcher-mode"", ""syntactic"", ""--telemetry-json"", ""/home/arjaiswal/Polygeist/issues/equality_saturation_eval/campaign_20260908/aten-aten_channel_shuffle_cpu-syntactic-br2f1om6.json"", ""--disable-semantic-fallback""]","== match report for /home/arjaiswal/Polygeist/issues/aten_c_kernels/results/aten_channel_shuffle_cpu/debuf.mlir ==
  match          body#[0]  cutensorPermute_f32_r4_tensor
  total: 1 matched / 1 bodies
",0,[],0,0,0,0,/home/arjaiswal/Polygeist/issues/aten_c_kernels/results/aten_channel_shuffle_cpu/debuf.mlir,2586,0,1,1,319.0560005605221,0,65624,0.06407126784324646,0,1,0,0,"[{""body_indices"": [0], ""symbol"": ""cutensorPermute_f32_r4_tensor""}]",1,0,26,0.0,26
aten,aten_channel_shuffle_cpu,/home/arjaiswal/Polygeist/issues/aten_c_kernels/results/aten_channel_shuffle_cpu/debuf.mlir,efc85f4ed1b977679e3a29c1887bef185eb004e4720d59a9310710a04e042b2f,syntactic,5,ok,0,728.5857051610947,0,"[""/usr/bin/python3"", ""/home/arjaiswal/Polygeist/scripts/correctness/kernel_match_rewrite.py"", ""/home/arjaiswal/Polygeist/issues/aten_c_kernels/results/aten_channel_shuffle_cpu/debuf.mlir"", ""--dry-run"", ""--matcher-mode"", ""syntactic"", ""--telemetry-json"", ""/home/arjaiswal/Polygeist/issues/equality_saturation_eval/campaign_20260908/aten-aten_channel_shuffle_cpu-syntactic-i2d1qb0w.json"", ""--disable-semantic-fallback""]","== match report for /home/arjaiswal/Polygeist/issues/aten_c_kernels/results/aten_channel_shuffle_cpu/debuf.mlir ==
  match          body#[0]  cutensorPermute_f32_r4_tensor
  total: 1 matched / 1 bodies
",0,[],0,0,0,0,/home/arjaiswal/Polygeist/issues/aten_c_kernels/results/aten_channel_shuffle_cpu/debuf.mlir,2586,0,1,1,318.20040196180344,0,65512,0.0640377402305603,0,1,0,0,"[{""body_indices"": [0], ""symbol"": ""cutensorPermute_f32_r4_tensor""}]",1,0,26,0.0,26
aten,aten_channel_shuffle_cpu,/home/arjaiswal/Polygeist/issues/aten_c_kernels/results/aten_channel_shuffle_cpu/debuf.mlir,efc85f4ed1b977679e3a29c1887bef185eb004e4720d59a9310710a04e042b2f,egglog,5,ok,0,738.7783452868462,0,"[""/usr/bin/python3"", ""/home/arjaiswal/Polygeist/scripts/correctness/kernel_match_rewrite.py"", ""/home/arjaiswal/Polygeist/issues/aten_c_kernels/results/aten_channel_shuffle_cpu/debuf.mlir"", ""--dry-run"", ""--matcher-mode"", ""egglog"", ""--telemetry-json"", ""/home/arjaiswal/Polygeist/issues/equality_saturation_eval/campaign_20260908/aten-aten_channel_shuffle_cpu-egglog-c9tb7jic.json"", ""--disable-semantic-fallback""]","== match report for /home/arjaiswal/Polygeist/issues/aten_c_kernels/results/aten_channel_shuffle_cpu/debuf.mlir ==
  match          body#[0]  cutensorPermute_f32_r4_tensor
  total: 1 matched / 1 bodies
",0,[],0,0,0,0,/home/arjaiswal/Polygeist/issues/aten_c_kernels/results/aten_channel_shuffle_cpu/debuf.mlir,2586,8,1,1,327.44187489151955,0,69616,10.845180600881577,1,1,0,0,"[{""body_indices"": [0], ""symbol"": ""cutensorPermute_f32_r4_tensor""}]",1,0,0,0.0,26
aten,aten_chebyshev_polynomial_t,/home/arjaiswal/Polygeist/issues/aten_c_kernels/results/aten_chebyshev_polynomial_t/debuf.mlir,0c5dcf2342bd8d0b6bd3c14dc7cfea85fb333ba759f797e629759bb37ca8d604,egglog,1,ok,0,693.5597509145737,0,"[""/usr/bin/python3"", ""/home/arjaiswal/Polygeist/scripts/correctness/kernel_match_rewrite.py"", ""/home/arjaiswal/Polygeist/issues/aten_c_kernels/results/aten_chebyshev_polynomial_t/debuf.mlir"", ""--dry-run"", ""--matcher-mode"", ""egglog"", ""--telemetry-json"", ""/home/arjaiswal/Polygeist/issues/equality_saturation_eval/campaign_20260908/aten-aten_chebyshev_polynomial_t-egglog-000qza7q.json"", ""--disable-semantic-fallback""]","== match report for /home/arjaiswal/Polygeist/issues/aten_c_kernels/results/aten_chebyshev_polynomial_t/debuf.mlir ==
  no_match       body#0  ?
  total: 0 matched / 1 bodies
",0,[],0,0,0,0,/home/arjaiswal/Polygeist/issues/aten_c_kernels/results/aten_chebyshev_polynomial_t/debuf.mlir,2059,8,1,0,278.31755951046944,1,65736,0.0,0,0,0,0,[],0,0,0,0.0,6
aten,aten_chebyshev_polynomial_t,/home/arjaiswal/Polygeist/issues/aten_c_kernels/results/aten_chebyshev_polynomial_t/debuf.mlir,0c5dcf2342bd8d0b6bd3c14dc7cfea85fb333ba759f797e629759bb37ca8d604,syntactic,1,ok,0,682.8187070786953,0,"[""/usr/bin/python3"", ""/home/arjaiswal/Polygeist/scripts/correctness/kernel_match_rewrite.py"", ""/home/arjaiswal/Polygeist/issues/aten_c_kernels/results/aten_chebyshev_polynomial_t/debuf.mlir"", ""--dry-run"", ""--matcher-mode"", ""syntactic"", ""--telemetry-json"", ""/home/arjaiswal/Polygeist/issues/equality_saturation_eval/campaign_20260908/aten-aten_chebyshev_polynomial_t-syntactic-shx7zs0m.json"", ""--disable-semantic-fallback""]","== match report for /home/arjaiswal/Polygeist/issues/aten_c_kernels/results/aten_chebyshev_polynomial_t/debuf.mlir ==
  no_match       body#0  ?
  total: 0 matched / 1 bodies
",0,[],0,0,0,0,/home/arjaiswal/Polygeist/issues/aten_c_kernels/results/aten_chebyshev_polynomial_t/debuf.mlir,2059,0,1,0,276.31890773773193,1,65536,0.01806020736694336,0,0,0,0,[],0,0,6,0.0,6
aten,aten_chebyshev_polynomial_t,/home/arjaiswal/Polygeist/issues/aten_c_kernels/results/aten_chebyshev_polynomial_t/debuf.mlir,0c5dcf2342bd8d0b6bd3c14dc7cfea85fb333ba759f797e629759bb37ca8d604,syntactic,2,ok,0,690.4640384018421,0,"[""/usr/bin/python3"", ""/home/arjaiswal/Polygeist/scripts/correctness/kernel_match_rewrite.py"", ""/home/arjaiswal/Polygeist/issues/aten_c_kernels/results/aten_chebyshev_polynomial_t/debuf.mlir"", ""--dry-run"", ""--matcher-mode"", ""syntactic"", ""--telemetry-json"", ""/home/arjaiswal/Polygeist/issues/equality_saturation_eval/campaign_20260908/aten-aten_chebyshev_polynomial_t-syntactic-qq_raalc.json"", ""--disable-semantic-fallback""]","== match report for /home/arjaiswal/Polygeist/issues/aten_c_kernels/results/aten_chebyshev_polynomial_t/debuf.mlir ==
  no_match       body#0  ?
  total: 0 matched / 1 bodies
",0,[],0,0,0,0,/home/arjaiswal/Polygeist/issues/aten_c_kernels/results/aten_chebyshev_polynomial_t/debuf.mlir,2059,0,1,0,277.97094359993935,1,65636,0.017259269952774048,0,0,0,0,[],0,0,6,0.0,6
aten,aten_chebyshev_polynomial_t,/home/arjaiswal/Polygeist/issues/aten_c_kernels/results/aten_chebyshev_polynomial_t/debuf.mlir,0c5dcf2342bd8d0b6bd3c14dc7cfea85fb333ba759f797e629759bb37ca8d604,egglog,2,ok,0,812.3766370117664,0,"[""/usr/bin/python3"", ""/home/arjaiswal/Polygeist/scripts/correctness/kernel_match_rewrite.py"", ""/home/arjaiswal/Polygeist/issues/aten_c_kernels/results/aten_chebyshev_polynomial_t/debuf.mlir"", ""--dry-run"", ""--matcher-mode"", ""egglog"", ""--telemetry-json"", ""/home/arjaiswal/Polygeist/issues/equality_saturation_eval/campaign_20260908/aten-aten_chebyshev_polynomial_t-egglog-lw4p5cx4.json"", ""--disable-semantic-fallback""]","== match report for /home/arjaiswal/Polygeist/issues/aten_c_kernels/results/aten_chebyshev_polynomial_t/debuf.mlir ==
  no_match       body#0  ?
  total: 0 matched / 1 bodies
",0,[],0,0,0,0,/home/arjaiswal/Polygeist/issues/aten_c_kernels/results/aten_chebyshev_polynomial_t/debuf.mlir,2059,8,1,0,374.0646578371525,1,65488,0.0,0,0,0,0,[],0,0,0,0.0,6
aten,aten_chebyshev_polynomial_t,/home/arjaiswal/Polygeist/issues/aten_c_kernels/results/aten_chebyshev_polynomial_t/debuf.mlir,0c5dcf2342bd8d0b6bd3c14dc7cfea85fb333ba759f797e629759bb37ca8d604,egglog,3,ok,0,758.862417191267,0,"[""/usr/bin/python3"", ""/home/arjaiswal/Polygeist/scripts/correctness/kernel_match_rewrite.py"", ""/home/arjaiswal/Polygeist/issues/aten_c_kernels/results/aten_chebyshev_polynomial_t/debuf.mlir"", ""--dry-run"", ""--matcher-mode"", ""egglog"", ""--telemetry-json"", ""/home/arjaiswal/Polygeist/issues/equality_saturation_eval/campaign_20260908/aten-aten_chebyshev_polynomial_t-egglog-9emgn80p.json"", ""--disable-semantic-fallback""]","== match report for /home/arjaiswal/Polygeist/issues/aten_c_kernels/results/aten_chebyshev_polynomial_t/debuf.mlir ==
  no_match       body#0  ?
  total: 0 matched / 1 bodies
",0,[],0,0,0,0,/home/arjaiswal/Polygeist/issues/aten_c_kernels/results/aten_chebyshev_polynomial_t/debuf.mlir,2059,8,1,0,312.5740773975849,1,65700,0.0,0,0,0,0,[],0,0,0,0.0,6
aten,aten_chebyshev_polynomial_t,/home/arjaiswal/Polygeist/issues/aten_c_kernels/results/aten_chebyshev_polynomial_t/debuf.mlir,0c5dcf2342bd8d0b6bd3c14dc7cfea85fb333ba759f797e629759bb37ca8d604,syntactic,3,ok,0,699.117511510849,0,"[""/usr/bin/python3"", ""/home/arjaiswal/Polygeist/scripts/correctness/kernel_match_rewrite.py"", ""/home/arjaiswal/Polygeist/issues/aten_c_kernels/results/aten_chebyshev_polynomial_t/debuf.mlir"", ""--dry-run"", ""--matcher-mode"", ""syntactic"", ""--telemetry-json"", ""/home/arjaiswal/Polygeist/issues/equality_saturation_eval/campaign_20260908/aten-aten_chebyshev_polynomial_t-syntactic-_1oifpct.json"", ""--disable-semantic-fallback""]","== match report for /home/arjaiswal/Polygeist/issues/aten_c_kernels/results/aten_chebyshev_polynomial_t/debuf.mlir ==
  no_match       body#0  ?
  total: 0 matched / 1 bodies
",0,[],0,0,0,0,/home/arjaiswal/Polygeist/issues/aten_c_kernels/results/aten_chebyshev_polynomial_t/debuf.mlir,2059,0,1,0,287.23884746432304,1,65584,0.01603737473487854,0,0,0,0,[],0,0,6,0.0,6
aten,aten_chebyshev_polynomial_t,/home/arjaiswal/Polygeist/issues/aten_c_kernels/results/aten_chebyshev_polynomial_t/debuf.mlir,0c5dcf2342bd8d0b6bd3c14dc7cfea85fb333ba759f797e629759bb37ca8d604,syntactic,4,ok,0,710.6442674994469,0,"[""/usr/bin/python3"", ""/home/arjaiswal/Polygeist/scripts/correctness/kernel_match_rewrite.py"", ""/home/arjaiswal/Polygeist/issues/aten_c_kernels/results/aten_chebyshev_polynomial_t/debuf.mlir"", ""--dry-run"", ""--matcher-mode"", ""syntactic"", ""--telemetry-json"", ""/home/arjaiswal/Polygeist/issues/equality_saturation_eval/campaign_20260908/aten-aten_chebyshev_polynomial_t-syntactic-ghzrvyzy.json"", ""--disable-semantic-fallback""]","== match report for /home/arjaiswal/Polygeist/issues/aten_c_kernels/results/aten_chebyshev_polynomial_t/debuf.mlir ==
  no_match       body#0  ?
  total: 0 matched / 1 bodies
",0,[],0,0,0,0,/home/arjaiswal/Polygeist/issues/aten_c_kernels/results/aten_chebyshev_polynomial_t/debuf.mlir,2059,0,1,0,283.155232667923,1,65704,0.029202550649642944,0,0,0,0,[],0,0,6,0.0,6
aten,aten_chebyshev_polynomial_t,/home/arjaiswal/Polygeist/issues/aten_c_kernels/results/aten_chebyshev_polynomial_t/debuf.mlir,0c5dcf2342bd8d0b6bd3c14dc7cfea85fb333ba759f797e629759bb37ca8d604,egglog,4,ok,0,688.6679828166962,0,"[""/usr/bin/python3"", ""/home/arjaiswal/Polygeist/scripts/correctness/kernel_match_rewrite.py"", ""/home/arjaiswal/Polygeist/issues/aten_c_kernels/results/aten_chebyshev_polynomial_t/debuf.mlir"", ""--dry-run"", ""--matcher-mode"", ""egglog"", ""--telemetry-json"", ""/home/arjaiswal/Polygeist/issues/equality_saturation_eval/campaign_20260908/aten-aten_chebyshev_polynomial_t-egglog-xcs0rhrm.json"", ""--disable-semantic-fallback""]","== match report for /home/arjaiswal/Polygeist/issues/aten_c_kernels/results/aten_chebyshev_polynomial_t/debuf.mlir ==
  no_match       body#0  ?
  total: 0 matched / 1 bodies
",0,[],0,0,0,0,/home/arjaiswal/Polygeist/issues/aten_c_kernels/results/aten_chebyshev_polynomial_t/debuf.mlir,2059,8,1,0,279.7633968293667,1,65796,0.0,0,0,0,0,[],0,0,0,0.0,6
aten,aten_chebyshev_polynomial_t,/home/arjaiswal/Polygeist/issues/aten_c_kernels/results/aten_chebyshev_polynomial_t/debuf.mlir,0c5dcf2342bd8d0b6bd3c14dc7cfea85fb333ba759f797e629759bb37ca8d604,egglog,5,ok,0,675.5135841667652,0,"[""/usr/bin/python3"", ""/home/arjaiswal/Polygeist/scripts/correctness/kernel_match_rewrite.py"", ""/home/arjaiswal/Polygeist/issues/aten_c_kernels/results/aten_chebyshev_polynomial_t/debuf.mlir"", ""--dry-run"", ""--matcher-mode"", ""egglog"", ""--telemetry-json"", ""/home/arjaiswal/Polygeist/issues/equality_saturation_eval/campaign_20260908/aten-aten_chebyshev_polynomial_t-egglog-beh5oh78.json"", ""--disable-semantic-fallback""]","== match report for /home/arjaiswal/Polygeist/issues/aten_c_kernels/results/aten_chebyshev_polynomial_t/debuf.mlir ==
  no_match       body#0  ?
  total: 0 matched / 1 bodies
",0,[],0,0,0,0,/home/arjaiswal/Polygeist/issues/aten_c_kernels/results/aten_chebyshev_polynomial_t/debuf.mlir,2059,8,1,0,276.07009932398796,1,65776,0.0,0,0,0,0,[],0,0,0,0.0,6
aten,aten_chebyshev_polynomial_t,/home/arjaiswal/Polygeist/issues/aten_c_kernels/results/aten_chebyshev_polynomial_t/debuf.mlir,0c5dcf2342bd8d0b6bd3c14dc7cfea85fb333ba759f797e629759bb37ca8d604,syntactic,5,ok,0,706.9488279521465,0,"[""/usr/bin/python3"", ""/home/arjaiswal/Polygeist/scripts/correctness/kernel_match_rewrite.py"", ""/home/arjaiswal/Polygeist/issues/aten_c_kernels/results/aten_chebyshev_polynomial_t/debuf.mlir"", ""--dry-run"", ""--matcher-mode"", ""syntactic"", ""--telemetry-json"", ""/home/arjaiswal/Polygeist/issues/equality_saturation_eval/campaign_20260908/aten-aten_chebyshev_polynomial_t-syntactic-71pg5ud6.json"", ""--disable-semantic-fallback""]","== match report for /home/arjaiswal/Polygeist/issues/aten_c_kernels/results/aten_chebyshev_polynomial_t/debuf.mlir ==
  no_match       body#0  ?
  total: 0 matched / 1 bodies
",0,[],0,0,0,0,/home/arjaiswal/Polygeist/issues/aten_c_kernels/results/aten_chebyshev_polynomial_t/debuf.mlir,2059,0,1,0,279.3428637087345,1,65636,0.01623108983039856,0,0,0,0,[],0,0,6,0.0,6
aten,aten_chebyshev_polynomial_u,/home/arjaiswal/Polygeist/issues/aten_c_kernels/results/aten_chebyshev_polynomial_u/debuf.mlir,668b1cf74c42af64582e1dc0d10ec5ed39f0401085936843d8c794caae7996af,syntactic,1,ok,0,763.1953023374081,0,"[""/usr/bin/python3"", ""/home/arjaiswal/Polygeist/scripts/correctness/kernel_match_rewrite.py"", ""/home/arjaiswal/Polygeist/issues/aten_c_kernels/results/aten_chebyshev_polynomial_u/debuf.mlir"", ""--dry-run"", ""--matcher-mode"", ""syntactic"", ""--telemetry-json"", ""/home/arjaiswal/Polygeist/issues/equality_saturation_eval/campaign_20260908/aten-aten_chebyshev_polynomial_u-syntactic-9q85v9_3.json"", ""--disable-semantic-fallback""]","== match report for /home/arjaiswal/Polygeist/issues/aten_c_kernels/results/aten_chebyshev_polynomial_u/debuf.mlir ==
  no_match       body#0  ?
  total: 0 matched / 1 bodies
",0,[],0,0,0,0,/home/arjaiswal/Polygeist/issues/aten_c_kernels/results/aten_chebyshev_polynomial_u/debuf.mlir,2059,0,1,0,294.6799658238888,1,65588,0.019449740648269653,0,0,0,0,[],0,0,6,0.0,6
aten,aten_chebyshev_polynomial_u,/home/arjaiswal/Polygeist/issues/aten_c_kernels/results/aten_chebyshev_polynomial_u/debuf.mlir,668b1cf74c42af64582e1dc0d10ec5ed39f0401085936843d8c794caae7996af,egglog,1,ok,0,714.7556059062481,0,"[""/usr/bin/python3"", ""/home/arjaiswal/Polygeist/scripts/correctness/kernel_match_rewrite.py"", ""/home/arjaiswal/Polygeist/issues/aten_c_kernels/results/aten_chebyshev_polynomial_u/debuf.mlir"", ""--dry-run"", ""--matcher-mode"", ""egglog"", ""--telemetry-json"", ""/home/arjaiswal/Polygeist/issues/equality_saturation_eval/campaign_20260908/aten-aten_chebyshev_polynomial_u-egglog-s7jjz93_.json"", ""--disable-semantic-fallback""]","== match report for /home/arjaiswal/Polygeist/issues/aten_c_kernels/results/aten_chebyshev_polynomial_u/debuf.mlir ==
  no_match       body#0  ?
  total: 0 matched / 1 bodies
",0,[],0,0,0,0,/home/arjaiswal/Polygeist/issues/aten_c_kernels/results/aten_chebyshev_polynomial_u/debuf.mlir,2059,8,1,0,285.7174687087536,1,65652,0.0,0,0,0,0,[],0,0,0,0.0,6
aten,aten_chebyshev_polynomial_u,/home/arjaiswal/Polygeist/issues/aten_c_kernels/results/aten_chebyshev_polynomial_u/debuf.mlir,668b1cf74c42af64582e1dc0d10ec5ed39f0401085936843d8c794caae7996af,egglog,2,ok,0,684.4159476459026,0,"[""/usr/bin/python3"", ""/home/arjaiswal/Polygeist/scripts/correctness/kernel_match_rewrite.py"", ""/home/arjaiswal/Polygeist/issues/aten_c_kernels/results/aten_chebyshev_polynomial_u/debuf.mlir"", ""--dry-run"", ""--matcher-mode"", ""egglog"", ""--telemetry-json"", ""/home/arjaiswal/Polygeist/issues/equality_saturation_eval/campaign_20260908/aten-aten_chebyshev_polynomial_u-egglog-gswo7clq.json"", ""--disable-semantic-fallback""]","== match report for /home/arjaiswal/Polygeist/issues/aten_c_kernels/results/aten_chebyshev_polynomial_u/debuf.mlir ==
  no_match       body#0  ?
  total: 0 matched / 1 bodies
",0,[],0,0,0,0,/home/arjaiswal/Polygeist/issues/aten_c_kernels/results/aten_chebyshev_polynomial_u/debuf.mlir,2059,8,1,0,275.97853168845177,1,65672,0.0,0,0,0,0,[],0,0,0,0.0,6
aten,aten_chebyshev_polynomial_u,/home/arjaiswal/Polygeist/issues/aten_c_kernels/results/aten_chebyshev_polynomial_u/debuf.mlir,668b1cf74c42af64582e1dc0d10ec5ed39f0401085936843d8c794caae7996af,syntactic,2,ok,0,793.5263253748417,0,"[""/usr/bin/python3"", ""/home/arjaiswal/Polygeist/scripts/correctness/kernel_match_rewrite.py"", ""/home/arjaiswal/Polygeist/issues/aten_c_kernels/results/aten_chebyshev_polynomial_u/debuf.mlir"", ""--dry-run"", ""--matcher-mode"", ""syntactic"", ""--telemetry-json"", ""/home/arjaiswal/Polygeist/issues/equality_saturation_eval/campaign_20260908/aten-aten_chebyshev_polynomial_u-syntactic-_5aj1hep.json"", ""--disable-semantic-fallback""]","== match report for /home/arjaiswal/Polygeist/issues/aten_c_kernels/results/aten_chebyshev_polynomial_u/debuf.mlir ==
  no_match       body#0  ?
  total: 0 matched / 1 bodies
",0,[],0,0,0,0,/home/arjaiswal/Polygeist/issues/aten_c_kernels/results/aten_chebyshev_polynomial_u/debuf.mlir,2059,0,1,0,278.02979946136475,1,65660,0.019486993551254272,0,0,0,0,[],0,0,6,0.0,6
aten,aten_chebyshev_polynomial_u,/home/arjaiswal/Polygeist/issues/aten_c_kernels/results/aten_chebyshev_polynomial_u/debuf.mlir,668b1cf74c42af64582e1dc0d10ec5ed39f0401085936843d8c794caae7996af,syntactic,3,ok,0,698.9074796438217,0,"[""/usr/bin/python3"", ""/home/arjaiswal/Polygeist/scripts/correctness/kernel_match_rewrite.py"", ""/home/arjaiswal/Polygeist/issues/aten_c_kernels/results/aten_chebyshev_polynomial_u/debuf.mlir"", ""--dry-run"", ""--matcher-mode"", ""syntactic"", ""--telemetry-json"", ""/home/arjaiswal/Polygeist/issues/equality_saturation_eval/campaign_20260908/aten-aten_chebyshev_polynomial_u-syntactic-p61t03u_.json"", ""--disable-semantic-fallback""]","== match report for /home/arjaiswal/Polygeist/issues/aten_c_kernels/results/aten_chebyshev_polynomial_u/debuf.mlir ==
  no_match       body#0  ?
  total: 0 matched / 1 bodies
",0,[],0,0,0,0,/home/arjaiswal/Polygeist/issues/aten_c_kernels/results/aten_chebyshev_polynomial_u/debuf.mlir,2059,0,1,0,284.30361300706863,1,65724,0.017471611499786377,0,0,0,0,[],0,0,6,0.0,6
aten,aten_chebyshev_polynomial_u,/home/arjaiswal/Polygeist/issues/aten_c_kernels/results/aten_chebyshev_polynomial_u/debuf.mlir,668b1cf74c42af64582e1dc0d10ec5ed39f0401085936843d8c794caae7996af,egglog,3,ok,0,708.2418464124203,0,"[""/usr/bin/python3"", ""/home/arjaiswal/Polygeist/scripts/correctness/kernel_match_rewrite.py"", ""/home/arjaiswal/Polygeist/issues/aten_c_kernels/results/aten_chebyshev_polynomial_u/debuf.mlir"", ""--dry-run"", ""--matcher-mode"", ""egglog"", ""--telemetry-json"", ""/home/arjaiswal/Polygeist/issues/equality_saturation_eval/campaign_20260908/aten-aten_chebyshev_polynomial_u-egglog-hc3zj4hn.json"", ""--disable-semantic-fallback""]","== match report for /home/arjaiswal/Polygeist/issues/aten_c_kernels/results/aten_chebyshev_polynomial_u/debuf.mlir ==
  no_match       body#0  ?
  total: 0 matched / 1 bodies
",0,[],0,0,0,0,/home/arjaiswal/Polygeist/issues/aten_c_kernels/results/aten_chebyshev_polynomial_u/debuf.mlir,2059,8,1,0,289.29365053772926,1,65656,0.0,0,0,0,0,[],0,0,0,0.0,6
aten,aten_chebyshev_polynomial_u,/home/arjaiswal/Polygeist/issues/aten_c_kernels/results/aten_chebyshev_polynomial_u/debuf.mlir,668b1cf74c42af64582e1dc0d10ec5ed39f0401085936843d8c794caae7996af,egglog,4,ok,0,745.3421838581562,0,"[""/usr/bin/python3"", ""/home/arjaiswal/Polygeist/scripts/correctness/kernel_match_rewrite.py"", ""/home/arjaiswal/Polygeist/issues/aten_c_kernels/results/aten_chebyshev_polynomial_u/debuf.mlir"", ""--dry-run"", ""--matcher-mode"", ""egglog"", ""--telemetry-json"", ""/home/arjaiswal/Polygeist/issues/equality_saturation_eval/campaign_20260908/aten-aten_chebyshev_polynomial_u-egglog-79tp3jtn.json"", ""--disable-semantic-fallback""]","== match report for /home/arjaiswal/Polygeist/issues/aten_c_kernels/results/aten_chebyshev_polynomial_u/debuf.mlir ==
  no_match       body#0  ?
  total: 0 matched / 1 bodies
",0,[],0,0,0,0,/home/arjaiswal/Polygeist/issues/aten_c_kernels/results/aten_chebyshev_polynomial_u/debuf.mlir,2059,8,1,0,323.71899485588074,1,65616,0.0,0,0,0,0,[],0,0,0,0.0,6
aten,aten_chebyshev_polynomial_u,/home/arjaiswal/Polygeist/issues/aten_c_kernels/results/aten_chebyshev_polynomial_u/debuf.mlir,668b1cf74c42af64582e1dc0d10ec5ed39f0401085936843d8c794caae7996af,syntactic,4,ok,0,737.625926733017,0,"[""/usr/bin/python3"", ""/home/arjaiswal/Polygeist/scripts/correctness/kernel_match_rewrite.py"", ""/home/arjaiswal/Polygeist/issues/aten_c_kernels/results/aten_chebyshev_polynomial_u/debuf.mlir"", ""--dry-run"", ""--matcher-mode"", ""syntactic"", ""--telemetry-json"", ""/home/arjaiswal/Polygeist/issues/equality_saturation_eval/campaign_20260908/aten-aten_chebyshev_polynomial_u-syntactic-jel3zrko.json"", ""--disable-semantic-fallback""]","== match report for /home/arjaiswal/Polygeist/issues/aten_c_kernels/results/aten_chebyshev_polynomial_u/debuf.mlir ==
  no_match       body#0  ?
  total: 0 matched / 1 bodies
",0,[],0,0,0,0,/home/arjaiswal/Polygeist/issues/aten_c_kernels/results/aten_chebyshev_polynomial_u/debuf.mlir,2059,0,1,0,303.92665788531303,1,65776,0.018984079360961914,0,0,0,0,[],0,0,6,0.0,6
aten,aten_chebyshev_polynomial_u,/home/arjaiswal/Polygeist/issues/aten_c_kernels/results/aten_chebyshev_polynomial_u/debuf.mlir,668b1cf74c42af64582e1dc0d10ec5ed39f0401085936843d8c794caae7996af,syntactic,5,ok,0,766.8131478130817,0,"[""/usr/bin/python3"", ""/home/arjaiswal/Polygeist/scripts/correctness/kernel_match_rewrite.py"", ""/home/arjaiswal/Polygeist/issues/aten_c_kernels/results/aten_chebyshev_polynomial_u/debuf.mlir"", ""--dry-run"", ""--matcher-mode"", ""syntactic"", ""--telemetry-json"", ""/home/arjaiswal/Polygeist/issues/equality_saturation_eval/campaign_20260908/aten-aten_chebyshev_polynomial_u-syntactic-x8tghrt9.json"", ""--disable-semantic-fallback""]","== match report for /home/arjaiswal/Polygeist/issues/aten_c_kernels/results/aten_chebyshev_polynomial_u/debuf.mlir ==
  no_match       body#0  ?
  total: 0 matched / 1 bodies
",0,[],0,0,0,0,/home/arjaiswal/Polygeist/issues/aten_c_kernels/results/aten_chebyshev_polynomial_u/debuf.mlir,2059,0,1,0,313.5830760002136,1,65720,0.02045556902885437,0,0,0,0,[],0,0,6,0.0,6
aten,aten_chebyshev_polynomial_u,/home/arjaiswal/Polygeist/issues/aten_c_kernels/results/aten_chebyshev_polynomial_u/debuf.mlir,668b1cf74c42af64582e1dc0d10ec5ed39f0401085936843d8c794caae7996af,egglog,5,ok,0,703.7276849150658,0,"[""/usr/bin/python3"", ""/home/arjaiswal/Polygeist/scripts/correctness/kernel_match_rewrite.py"", ""/home/arjaiswal/Polygeist/issues/aten_c_kernels/results/aten_chebyshev_polynomial_u/debuf.mlir"", ""--dry-run"", ""--matcher-mode"", ""egglog"", ""--telemetry-json"", ""/home/arjaiswal/Polygeist/issues/equality_saturation_eval/campaign_20260908/aten-aten_chebyshev_polynomial_u-egglog-kqzyxqbp.json"", ""--disable-semantic-fallback""]","== match report for /home/arjaiswal/Polygeist/issues/aten_c_kernels/results/aten_chebyshev_polynomial_u/debuf.mlir ==
  no_match       body#0  ?
  total: 0 matched / 1 bodies
",0,[],0,0,0,0,/home/arjaiswal/Polygeist/issues/aten_c_kernels/results/aten_chebyshev_polynomial_u/debuf.mlir,2059,8,1,0,279.46294471621513,1,65632,0.0,0,0,0,0,[],0,0,0,0.0,6
aten,aten_chebyshev_polynomial_v,/home/arjaiswal/Polygeist/issues/aten_c_kernels/results/aten_chebyshev_polynomial_v/debuf.mlir,3e1f527db6ff3f4c8d8bc9ea9e85e877d05c6f96afe01bd7ccc01cebe724aa0e,egglog,1,ok,0,709.0823017060757,0,"[""/usr/bin/python3"", ""/home/arjaiswal/Polygeist/scripts/correctness/kernel_match_rewrite.py"", ""/home/arjaiswal/Polygeist/issues/aten_c_kernels/results/aten_chebyshev_polynomial_v/debuf.mlir"", ""--dry-run"", ""--matcher-mode"", ""egglog"", ""--telemetry-json"", ""/home/arjaiswal/Polygeist/issues/equality_saturation_eval/campaign_20260908/aten-aten_chebyshev_polynomial_v-egglog-2vahdwo2.json"", ""--disable-semantic-fallback""]","== match report for /home/arjaiswal/Polygeist/issues/aten_c_kernels/results/aten_chebyshev_polynomial_v/debuf.mlir ==
  no_match       body#0  ?
  total: 0 matched / 1 bodies
",0,[],0,0,0,0,/home/arjaiswal/Polygeist/issues/aten_c_kernels/results/aten_chebyshev_polynomial_v/debuf.mlir,2059,8,1,0,291.1464497447014,1,65768,0.0,0,0,0,0,[],0,0,0,0.0,6
aten,aten_chebyshev_polynomial_v,/home/arjaiswal/Polygeist/issues/aten_c_kernels/results/aten_chebyshev_polynomial_v/debuf.mlir,3e1f527db6ff3f4c8d8bc9ea9e85e877d05c6f96afe01bd7ccc01cebe724aa0e,syntactic,1,ok,0,775.0935889780521,0,"[""/usr/bin/python3"", ""/home/arjaiswal/Polygeist/scripts/correctness/kernel_match_rewrite.py"", ""/home/arjaiswal/Polygeist/issues/aten_c_kernels/results/aten_chebyshev_polynomial_v/debuf.mlir"", ""--dry-run"", ""--matcher-mode"", ""syntactic"", ""--telemetry-json"", ""/home/arjaiswal/Polygeist/issues/equality_saturation_eval/campaign_20260908/aten-aten_chebyshev_polynomial_v-syntactic-w08dpbax.json"", ""--disable-semantic-fallback""]","== match report for /home/arjaiswal/Polygeist/issues/aten_c_kernels/results/aten_chebyshev_polynomial_v/debuf.mlir ==
  no_match       body#0  ?
  total: 0 matched / 1 bodies
",0,[],0,0,0,0,/home/arjaiswal/Polygeist/issues/aten_c_kernels/results/aten_chebyshev_polynomial_v/debuf.mlir,2059,0,1,0,286.37397661805153,1,65668,0.01720339059829712,0,0,0,0,[],0,0,6,0.0,6
aten,aten_chebyshev_polynomial_v,/home/arjaiswal/Polygeist/issues/aten_c_kernels/results/aten_chebyshev_polynomial_v/debuf.mlir,3e1f527db6ff3f4c8d8bc9ea9e85e877d05c6f96afe01bd7ccc01cebe724aa0e,syntactic,2,ok,0,702.73806899786,0,"[""/usr/bin/python3"", ""/home/arjaiswal/Polygeist/scripts/correctness/kernel_match_rewrite.py"", ""/home/arjaiswal/Polygeist/issues/aten_c_kernels/results/aten_chebyshev_polynomial_v/debuf.mlir"", ""--dry-run"", ""--matcher-mode"", ""syntactic"", ""--telemetry-json"", ""/home/arjaiswal/Polygeist/issues/equality_saturation_eval/campaign_20260908/aten-aten_chebyshev_polynomial_v-syntactic-siqfyl9e.json"", ""--disable-semantic-fallback""]","== match report for /home/arjaiswal/Polygeist/issues/aten_c_kernels/results/aten_chebyshev_polynomial_v/debuf.mlir ==
  no_match       body#0  ?
  total: 0 matched / 1 bodies
",0,[],0,0,0,0,/home/arjaiswal/Polygeist/issues/aten_c_kernels/results/aten_chebyshev_polynomial_v/debuf.mlir,2059,0,1,0,284.15288031101227,1,65648,0.017199665307998657,0,0,0,0,[],0,0,6,0.0,6
aten,aten_chebyshev_polynomial_v,/home/arjaiswal/Polygeist/issues/aten_c_kernels/results/aten_chebyshev_polynomial_v/debuf.mlir,3e1f527db6ff3f4c8d8bc9ea9e85e877d05c6f96afe01bd7ccc01cebe724aa0e,egglog,2,ok,0,723.9529341459274,0,"[""/usr/bin/python3"", ""/home/arjaiswal/Polygeist/scripts/correctness/kernel_match_rewrite.py"", ""/home/arjaiswal/Polygeist/issues/aten_c_kernels/results/aten_chebyshev_polynomial_v/debuf.mlir"", ""--dry-run"", ""--matcher-mode"", ""egglog"", ""--telemetry-json"", ""/home/arjaiswal/Polygeist/issues/equality_saturation_eval/campaign_20260908/aten-aten_chebyshev_polynomial_v-egglog-pqtnn1dx.json"", ""--disable-semantic-fallback""]","== match report for /home/arjaiswal/Polygeist/issues/aten_c_kernels/results/aten_chebyshev_polynomial_v/debuf.mlir ==
  no_match       body#0  ?
  total: 0 matched / 1 bodies
",0,[],0,0,0,0,/home/arjaiswal/Polygeist/issues/aten_c_kernels/results/aten_chebyshev_polynomial_v/debuf.mlir,2059,8,1,0,296.45269736647606,1,65604,0.0,0,0,0,0,[],0,0,0,0.0,6
aten,aten_chebyshev_polynomial_v,/home/arjaiswal/Polygeist/issues/aten_c_kernels/results/aten_chebyshev_polynomial_v/debuf.mlir,3e1f527db6ff3f4c8d8bc9ea9e85e877d05c6f96afe01bd7ccc01cebe724aa0e,egglog,3,ok,0,744.8751702904701,0,"[""/usr/bin/python3"", ""/home/arjaiswal/Polygeist/scripts/correctness/kernel_match_rewrite.py"", ""/home/arjaiswal/Polygeist/issues/aten_c_kernels/results/aten_chebyshev_polynomial_v/debuf.mlir"", ""--dry-run"", ""--matcher-mode"", ""egglog"", ""--telemetry-json"", ""/home/arjaiswal/Polygeist/issues/equality_saturation_eval/campaign_20260908/aten-aten_chebyshev_polynomial_v-egglog-t1tu69a5.json"", ""--disable-semantic-fallback""]","== match report for /home/arjaiswal/Polygeist/issues/aten_c_kernels/results/aten_chebyshev_polynomial_v/debuf.mlir ==
  no_match       body#0  ?
  total: 0 matched / 1 bodies
",0,[],0,0,0,0,/home/arjaiswal/Polygeist/issues/aten_c_kernels/results/aten_chebyshev_polynomial_v/debuf.mlir,2059,8,1,0,288.8694368302822,1,65612,0.0,0,0,0,0,[],0,0,0,0.0,6
aten,aten_chebyshev_polynomial_v,/home/arjaiswal/Polygeist/issues/aten_c_kernels/results/aten_chebyshev_polynomial_v/debuf.mlir,3e1f527db6ff3f4c8d8bc9ea9e85e877d05c6f96afe01bd7ccc01cebe724aa0e,syntactic,3,ok,0,723.1393046677113,0,"[""/usr/bin/python3"", ""/home/arjaiswal/Polygeist/scripts/correctness/kernel_match_rewrite.py"", ""/home/arjaiswal/Polygeist/issues/aten_c_kernels/results/aten_chebyshev_polynomial_v/debuf.mlir"", ""--dry-run"", ""--matcher-mode"", ""syntactic"", ""--telemetry-json"", ""/home/arjaiswal/Polygeist/issues/equality_saturation_eval/campaign_20260908/aten-aten_chebyshev_polynomial_v-syntactic-kao3qbj1.json"", ""--disable-semantic-fallback""]","== match report for /home/arjaiswal/Polygeist/issues/aten_c_kernels/results/aten_chebyshev_polynomial_v/debuf.mlir ==
  no_match       body#0  ?
  total: 0 matched / 1 bodies
",0,[],0,0,0,0,/home/arjaiswal/Polygeist/issues/aten_c_kernels/results/aten_chebyshev_polynomial_v/debuf.mlir,2059,0,1,0,300.5407974123955,1,65552,0.01704692840576172,0,0,0,0,[],0,0,6,0.0,6
aten,aten_chebyshev_polynomial_v,/home/arjaiswal/Polygeist/issues/aten_c_kernels/results/aten_chebyshev_polynomial_v/debuf.mlir,3e1f527db6ff3f4c8d8bc9ea9e85e877d05c6f96afe01bd7ccc01cebe724aa0e,syntactic,4,ok,0,721.6476611793041,0,"[""/usr/bin/python3"", ""/home/arjaiswal/Polygeist/scripts/correctness/kernel_match_rewrite.py"", ""/home/arjaiswal/Polygeist/issues/aten_c_kernels/results/aten_chebyshev_polynomial_v/debuf.mlir"", ""--dry-run"", ""--matcher-mode"", ""syntactic"", ""--telemetry-json"", ""/home/arjaiswal/Polygeist/issues/equality_saturation_eval/campaign_20260908/aten-aten_chebyshev_polynomial_v-syntactic-i5ypm1ps.json"", ""--disable-semantic-fallback""]","== match report for /home/arjaiswal/Polygeist/issues/aten_c_kernels/results/aten_chebyshev_polynomial_v/debuf.mlir ==
  no_match       body#0  ?
  total: 0 matched / 1 bodies
",0,[],0,0,0,0,/home/arjaiswal/Polygeist/issues/aten_c_kernels/results/aten_chebyshev_polynomial_v/debuf.mlir,2059,0,1,0,292.0527122914791,1,65820,0.01957640051841736,0,0,0,0,[],0,0,6,0.0,6
aten,aten_chebyshev_polynomial_v,/home/arjaiswal/Polygeist/issues/aten_c_kernels/results/aten_chebyshev_polynomial_v/debuf.mlir,3e1f527db6ff3f4c8d8bc9ea9e85e877d05c6f96afe01bd7ccc01cebe724aa0e,egglog,4,ok,0,720.7112573087215,0,"[""/usr/bin/python3"", ""/home/arjaiswal/Polygeist/scripts/correctness/kernel_match_rewrite.py"", ""/home/arjaiswal/Polygeist/issues/aten_c_kernels/results/aten_chebyshev_polynomial_v/debuf.mlir"", ""--dry-run"", ""--matcher-mode"", ""egglog"", ""--telemetry-json"", ""/home/arjaiswal/Polygeist/issues/equality_saturation_eval/campaign_20260908/aten-aten_chebyshev_polynomial_v-egglog-h0wv__ji.json"", ""--disable-semantic-fallback""]","== match report for /home/arjaiswal/Polygeist/issues/aten_c_kernels/results/aten_chebyshev_polynomial_v/debuf.mlir ==
  no_match       body#0  ?
  total: 0 matched / 1 bodies
",0,[],0,0,0,0,/home/arjaiswal/Polygeist/issues/aten_c_kernels/results/aten_chebyshev_polynomial_v/debuf.mlir,2059,8,1,0,284.71965342760086,1,65820,0.0,0,0,0,0,[],0,0,0,0.0,6
aten,aten_chebyshev_polynomial_v,/home/arjaiswal/Polygeist/issues/aten_c_kernels/results/aten_chebyshev_polynomial_v/debuf.mlir,3e1f527db6ff3f4c8d8bc9ea9e85e877d05c6f96afe01bd7ccc01cebe724aa0e,egglog,5,ok,0,729.5258529484272,0,"[""/usr/bin/python3"", ""/home/arjaiswal/Polygeist/scripts/correctness/kernel_match_rewrite.py"", ""/home/arjaiswal/Polygeist/issues/aten_c_kernels/results/aten_chebyshev_polynomial_v/debuf.mlir"", ""--dry-run"", ""--matcher-mode"", ""egglog"", ""--telemetry-json"", ""/home/arjaiswal/Polygeist/issues/equality_saturation_eval/campaign_20260908/aten-aten_chebyshev_polynomial_v-egglog-aw4u25t2.json"", ""--disable-semantic-fallback""]","== match report for /home/arjaiswal/Polygeist/issues/aten_c_kernels/results/aten_chebyshev_polynomial_v/debuf.mlir ==
  no_match       body#0  ?
  total: 0 matched / 1 bodies
",0,[],0,0,0,0,/home/arjaiswal/Polygeist/issues/aten_c_kernels/results/aten_chebyshev_polynomial_v/debuf.mlir,2059,8,1,0,304.45170402526855,1,65612,0.0,0,0,0,0,[],0,0,0,0.0,6
aten,aten_chebyshev_polynomial_v,/home/arjaiswal/Polygeist/issues/aten_c_kernels/results/aten_chebyshev_polynomial_v/debuf.mlir,3e1f527db6ff3f4c8d8bc9ea9e85e877d05c6f96afe01bd7ccc01cebe724aa0e,syntactic,5,ok,0,708.8117450475693,0,"[""/usr/bin/python3"", ""/home/arjaiswal/Polygeist/scripts/correctness/kernel_match_rewrite.py"", ""/home/arjaiswal/Polygeist/issues/aten_c_kernels/results/aten_chebyshev_polynomial_v/debuf.mlir"", ""--dry-run"", ""--matcher-mode"", ""syntactic"", ""--telemetry-json"", ""/home/arjaiswal/Polygeist/issues/equality_saturation_eval/campaign_20260908/aten-aten_chebyshev_polynomial_v-syntactic-xwd65_nr.json"", ""--disable-semantic-fallback""]","== match report for /home/arjaiswal/Polygeist/issues/aten_c_kernels/results/aten_chebyshev_polynomial_v/debuf.mlir ==
  no_match       body#0  ?
  total: 0 matched / 1 bodies
",0,[],0,0,0,0,/home/arjaiswal/Polygeist/issues/aten_c_kernels/results/aten_chebyshev_polynomial_v/debuf.mlir,2059,0,1,0,286.1265763640404,1,65620,0.01755356788635254,0,0,0,0,[],0,0,6,0.0,6
aten,aten_chebyshev_polynomial_w,/home/arjaiswal/Polygeist/issues/aten_c_kernels/results/aten_chebyshev_polynomial_w/debuf.mlir,74d2e9e8c457831be6b08d925e8e50d4d18473df4e7945a38af566c972d8c16e,syntactic,1,ok,0,767.8681053221226,0,"[""/usr/bin/python3"", ""/home/arjaiswal/Polygeist/scripts/correctness/kernel_match_rewrite.py"", ""/home/arjaiswal/Polygeist/issues/aten_c_kernels/results/aten_chebyshev_polynomial_w/debuf.mlir"", ""--dry-run"", ""--matcher-mode"", ""syntactic"", ""--telemetry-json"", ""/home/arjaiswal/Polygeist/issues/equality_saturation_eval/campaign_20260908/aten-aten_chebyshev_polynomial_w-syntactic-vtfgxlty.json"", ""--disable-semantic-fallback""]","== match report for /home/arjaiswal/Polygeist/issues/aten_c_kernels/results/aten_chebyshev_polynomial_w/debuf.mlir ==
  no_match       body#0  ?
  total: 0 matched / 1 bodies
",0,[],0,0,0,0,/home/arjaiswal/Polygeist/issues/aten_c_kernels/results/aten_chebyshev_polynomial_w/debuf.mlir,2059,0,1,0,303.70013788342476,1,65688,0.02146512269973755,0,0,0,0,[],0,0,6,0.0,6
aten,aten_chebyshev_polynomial_w,/home/arjaiswal/Polygeist/issues/aten_c_kernels/results/aten_chebyshev_polynomial_w/debuf.mlir,74d2e9e8c457831be6b08d925e8e50d4d18473df4e7945a38af566c972d8c16e,egglog,1,ok,0,707.0166207849979,0,"[""/usr/bin/python3"", ""/home/arjaiswal/Polygeist/scripts/correctness/kernel_match_rewrite.py"", ""/home/arjaiswal/Polygeist/issues/aten_c_kernels/results/aten_chebyshev_polynomial_w/debuf.mlir"", ""--dry-run"", ""--matcher-mode"", ""egglog"", ""--telemetry-json"", ""/home/arjaiswal/Polygeist/issues/equality_saturation_eval/campaign_20260908/aten-aten_chebyshev_polynomial_w-egglog-_ttj0hd1.json"", ""--disable-semantic-fallback""]","== match report for /home/arjaiswal/Polygeist/issues/aten_c_kernels/results/aten_chebyshev_polynomial_w/debuf.mlir ==
  no_match       body#0  ?
  total: 0 matched / 1 bodies
",0,[],0,0,0,0,/home/arjaiswal/Polygeist/issues/aten_c_kernels/results/aten_chebyshev_polynomial_w/debuf.mlir,2059,8,1,0,296.4644655585289,1,65916,0.0,0,0,0,0,[],0,0,0,0.0,6
aten,aten_chebyshev_polynomial_w,/home/arjaiswal/Polygeist/issues/aten_c_kernels/results/aten_chebyshev_polynomial_w/debuf.mlir,74d2e9e8c457831be6b08d925e8e50d4d18473df4e7945a38af566c972d8c16e,egglog,2,ok,0,724.4367115199566,0,"[""/usr/bin/python3"", ""/home/arjaiswal/Polygeist/scripts/correctness/kernel_match_rewrite.py"", ""/home/arjaiswal/Polygeist/issues/aten_c_kernels/results/aten_chebyshev_polynomial_w/debuf.mlir"", ""--dry-run"", ""--matcher-mode"", ""egglog"", ""--telemetry-json"", ""/home/arjaiswal/Polygeist/issues/equality_saturation_eval/campaign_20260908/aten-aten_chebyshev_polynomial_w-egglog-9zc18uui.json"", ""--disable-semantic-fallback""]","== match report for /home/arjaiswal/Polygeist/issues/aten_c_kernels/results/aten_chebyshev_polynomial_w/debuf.mlir ==
  no_match       body#0  ?
  total: 0 matched / 1 bodies
",0,[],0,0,0,0,/home/arjaiswal/Polygeist/issues/aten_c_kernels/results/aten_chebyshev_polynomial_w/debuf.mlir,2059,8,1,0,290.8022291958332,1,65552,0.0,0,0,0,0,[],0,0,0,0.0,6
aten,aten_chebyshev_polynomial_w,/home/arjaiswal/Polygeist/issues/aten_c_kernels/results/aten_chebyshev_polynomial_w/debuf.mlir,74d2e9e8c457831be6b08d925e8e50d4d18473df4e7945a38af566c972d8c16e,syntactic,2,ok,0,719.8390476405621,0,"[""/usr/bin/python3"", ""/home/arjaiswal/Polygeist/scripts/correctness/kernel_match_rewrite.py"", ""/home/arjaiswal/Polygeist/issues/aten_c_kernels/results/aten_chebyshev_polynomial_w/debuf.mlir"", ""--dry-run"", ""--matcher-mode"", ""syntactic"", ""--telemetry-json"", ""/home/arjaiswal/Polygeist/issues/equality_saturation_eval/campaign_20260908/aten-aten_chebyshev_polynomial_w-syntactic-i7xpkwwe.json"", ""--disable-semantic-fallback""]","== match report for /home/arjaiswal/Polygeist/issues/aten_c_kernels/results/aten_chebyshev_polynomial_w/debuf.mlir ==
  no_match       body#0  ?
  total: 0 matched / 1 bodies
",0,[],0,0,0,0,/home/arjaiswal/Polygeist/issues/aten_c_kernels/results/aten_chebyshev_polynomial_w/debuf.mlir,2059,0,1,0,284.5137119293213,1,65736,0.018384307622909546,0,0,0,0,[],0,0,6,0.0,6
aten,aten_chebyshev_polynomial_w,/home/arjaiswal/Polygeist/issues/aten_c_kernels/results/aten_chebyshev_polynomial_w/debuf.mlir,74d2e9e8c457831be6b08d925e8e50d4d18473df4e7945a38af566c972d8c16e,syntactic,3,ok,0,737.9189692437649,0,"[""/usr/bin/python3"", ""/home/arjaiswal/Polygeist/scripts/correctness/kernel_match_rewrite.py"", ""/home/arjaiswal/Polygeist/issues/aten_c_kernels/results/aten_chebyshev_polynomial_w/debuf.mlir"", ""--dry-run"", ""--matcher-mode"", ""syntactic"", ""--telemetry-json"", ""/home/arjaiswal/Polygeist/issues/equality_saturation_eval/campaign_20260908/aten-aten_chebyshev_polynomial_w-syntactic-r28_nadw.json"", ""--disable-semantic-fallback""]","== match report for /home/arjaiswal/Polygeist/issues/aten_c_kernels/results/aten_chebyshev_polynomial_w/debuf.mlir ==
  no_match       body#0  ?
  total: 0 matched / 1 bodies
",0,[],0,0,0,0,/home/arjaiswal/Polygeist/issues/aten_c_kernels/results/aten_chebyshev_polynomial_w/debuf.mlir,2059,0,1,0,307.53109231591225,1,65612,0.01656264066696167,0,0,0,0,[],0,0,6,0.0,6
aten,aten_chebyshev_polynomial_w,/home/arjaiswal/Polygeist/issues/aten_c_kernels/results/aten_chebyshev_polynomial_w/debuf.mlir,74d2e9e8c457831be6b08d925e8e50d4d18473df4e7945a38af566c972d8c16e,egglog,3,ok,0,714.7775664925575,0,"[""/usr/bin/python3"", ""/home/arjaiswal/Polygeist/scripts/correctness/kernel_match_rewrite.py"", ""/home/arjaiswal/Polygeist/issues/aten_c_kernels/results/aten_chebyshev_polynomial_w/debuf.mlir"", ""--dry-run"", ""--matcher-mode"", ""egglog"", ""--telemetry-json"", ""/home/arjaiswal/Polygeist/issues/equality_saturation_eval/campaign_20260908/aten-aten_chebyshev_polynomial_w-egglog-xkp6s3jm.json"", ""--disable-semantic-fallback""]","== match report for /home/arjaiswal/Polygeist/issues/aten_c_kernels/results/aten_chebyshev_polynomial_w/debuf.mlir ==
  no_match       body#0  ?
  total: 0 matched / 1 bodies
",0,[],0,0,0,0,/home/arjaiswal/Polygeist/issues/aten_c_kernels/results/aten_chebyshev_polynomial_w/debuf.mlir,2059,8,1,0,291.119534522295,1,65592,0.0,0,0,0,0,[],0,0,0,0.0,6
aten,aten_chebyshev_polynomial_w,/home/arjaiswal/Polygeist/issues/aten_c_kernels/results/aten_chebyshev_polynomial_w/debuf.mlir,74d2e9e8c457831be6b08d925e8e50d4d18473df4e7945a38af566c972d8c16e,egglog,4,ok,0,712.1648080646992,0,"[""/usr/bin/python3"", ""/home/arjaiswal/Polygeist/scripts/correctness/kernel_match_rewrite.py"", ""/home/arjaiswal/Polygeist/issues/aten_c_kernels/results/aten_chebyshev_polynomial_w/debuf.mlir"", ""--dry-run"", ""--matcher-mode"", ""egglog"", ""--telemetry-json"", ""/home/arjaiswal/Polygeist/issues/equality_saturation_eval/campaign_20260908/aten-aten_chebyshev_polynomial_w-egglog-cbosp1d4.json"", ""--disable-semantic-fallback""]","== match report for /home/arjaiswal/Polygeist/issues/aten_c_kernels/results/aten_chebyshev_polynomial_w/debuf.mlir ==
  no_match       body#0  ?
  total: 0 matched / 1 bodies
",0,[],0,0,0,0,/home/arjaiswal/Polygeist/issues/aten_c_kernels/results/aten_chebyshev_polynomial_w/debuf.mlir,2059,8,1,0,288.5424457490444,1,65600,0.0,0,0,0,0,[],0,0,0,0.0,6
aten,aten_chebyshev_polynomial_w,/home/arjaiswal/Polygeist/issues/aten_c_kernels/results/aten_chebyshev_polynomial_w/debuf.mlir,74d2e9e8c457831be6b08d925e8e50d4d18473df4e7945a38af566c972d8c16e,syntactic,4,ok,0,719.7964191436768,0,"[""/usr/bin/python3"", ""/home/arjaiswal/Polygeist/scripts/correctness/kernel_match_rewrite.py"", ""/home/arjaiswal/Polygeist/issues/aten_c_kernels/results/aten_chebyshev_polynomial_w/debuf.mlir"", ""--dry-run"", ""--matcher-mode"", ""syntactic"", ""--telemetry-json"", ""/home/arjaiswal/Polygeist/issues/equality_saturation_eval/campaign_20260908/aten-aten_chebyshev_polynomial_w-syntactic-vp2nainy.json"", ""--disable-semantic-fallback""]","== match report for /home/arjaiswal/Polygeist/issues/aten_c_kernels/results/aten_chebyshev_polynomial_w/debuf.mlir ==
  no_match       body#0  ?
  total: 0 matched / 1 bodies
",0,[],0,0,0,0,/home/arjaiswal/Polygeist/issues/aten_c_kernels/results/aten_chebyshev_polynomial_w/debuf.mlir,2059,0,1,0,285.08439287543297,1,65560,0.018049031496047974,0,0,0,0,[],0,0,6,0.0,6
aten,aten_chebyshev_polynomial_w,/home/arjaiswal/Polygeist/issues/aten_c_kernels/results/aten_chebyshev_polynomial_w/debuf.mlir,74d2e9e8c457831be6b08d925e8e50d4d18473df4e7945a38af566c972d8c16e,syntactic,5,ok,0,724.2782190442085,0,"[""/usr/bin/python3"", ""/home/arjaiswal/Polygeist/scripts/correctness/kernel_match_rewrite.py"", ""/home/arjaiswal/Polygeist/issues/aten_c_kernels/results/aten_chebyshev_polynomial_w/debuf.mlir"", ""--dry-run"", ""--matcher-mode"", ""syntactic"", ""--telemetry-json"", ""/home/arjaiswal/Polygeist/issues/equality_saturation_eval/campaign_20260908/aten-aten_chebyshev_polynomial_w-syntactic-nbo5ez81.json"", ""--disable-semantic-fallback""]","== match report for /home/arjaiswal/Polygeist/issues/aten_c_kernels/results/aten_chebyshev_polynomial_w/debuf.mlir ==
  no_match       body#0  ?
  total: 0 matched / 1 bodies
",0,[],0,0,0,0,/home/arjaiswal/Polygeist/issues/aten_c_kernels/results/aten_chebyshev_polynomial_w/debuf.mlir,2059,0,1,0,289.53488916158676,1,65688,0.019975006580352783,0,0,0,0,[],0,0,6,0.0,6
aten,aten_chebyshev_polynomial_w,/home/arjaiswal/Polygeist/issues/aten_c_kernels/results/aten_chebyshev_polynomial_w/debuf.mlir,74d2e9e8c457831be6b08d925e8e50d4d18473df4e7945a38af566c972d8c16e,egglog,5,ok,0,709.3557976186275,0,"[""/usr/bin/python3"", ""/home/arjaiswal/Polygeist/scripts/correctness/kernel_match_rewrite.py"", ""/home/arjaiswal/Polygeist/issues/aten_c_kernels/results/aten_chebyshev_polynomial_w/debuf.mlir"", ""--dry-run"", ""--matcher-mode"", ""egglog"", ""--telemetry-json"", ""/home/arjaiswal/Polygeist/issues/equality_saturation_eval/campaign_20260908/aten-aten_chebyshev_polynomial_w-egglog-lkdoac7q.json"", ""--disable-semantic-fallback""]","== match report for /home/arjaiswal/Polygeist/issues/aten_c_kernels/results/aten_chebyshev_polynomial_w/debuf.mlir ==
  no_match       body#0  ?
  total: 0 matched / 1 bodies
",0,[],0,0,0,0,/home/arjaiswal/Polygeist/issues/aten_c_kernels/results/aten_chebyshev_polynomial_w/debuf.mlir,2059,8,1,0,284.62929278612137,1,65660,0.0,0,0,0,0,[],0,0,0,0.0,6
aten,aten_circular_pad_cpu,/home/arjaiswal/Polygeist/issues/aten_c_kernels/results/aten_circular_pad_cpu/debuf.mlir,260f1da30854ff648eeb59eacdacf4e8415e5af8905b48fe11f4b859fa0ebbb2,egglog,1,ok,0,698.3205415308475,0,"[""/usr/bin/python3"", ""/home/arjaiswal/Polygeist/scripts/correctness/kernel_match_rewrite.py"", ""/home/arjaiswal/Polygeist/issues/aten_c_kernels/results/aten_circular_pad_cpu/debuf.mlir"", ""--dry-run"", ""--matcher-mode"", ""egglog"", ""--telemetry-json"", ""/home/arjaiswal/Polygeist/issues/equality_saturation_eval/campaign_20260908/aten-aten_circular_pad_cpu-egglog-ff42i5tc.json"", ""--disable-semantic-fallback""]","== match report for /home/arjaiswal/Polygeist/issues/aten_c_kernels/results/aten_circular_pad_cpu/debuf.mlir ==
  no_match       body#0  ?
  total: 0 matched / 1 bodies
",0,[],0,0,0,0,/home/arjaiswal/Polygeist/issues/aten_c_kernels/results/aten_circular_pad_cpu/debuf.mlir,2714,8,1,0,276.24204754829407,1,64800,0.0,0,0,0,0,[],0,0,0,0.0,4
aten,aten_circular_pad_cpu,/home/arjaiswal/Polygeist/issues/aten_c_kernels/results/aten_circular_pad_cpu/debuf.mlir,260f1da30854ff648eeb59eacdacf4e8415e5af8905b48fe11f4b859fa0ebbb2,syntactic,1,ok,0,709.1253064572811,0,"[""/usr/bin/python3"", ""/home/arjaiswal/Polygeist/scripts/correctness/kernel_match_rewrite.py"", ""/home/arjaiswal/Polygeist/issues/aten_c_kernels/results/aten_circular_pad_cpu/debuf.mlir"", ""--dry-run"", ""--matcher-mode"", ""syntactic"", ""--telemetry-json"", ""/home/arjaiswal/Polygeist/issues/equality_saturation_eval/campaign_20260908/aten-aten_circular_pad_cpu-syntactic-acmeh7k8.json"", ""--disable-semantic-fallback""]","== match report for /home/arjaiswal/Polygeist/issues/aten_c_kernels/results/aten_circular_pad_cpu/debuf.mlir ==
  no_match       body#0  ?
  total: 0 matched / 1 bodies
",0,[],0,0,0,0,/home/arjaiswal/Polygeist/issues/aten_c_kernels/results/aten_circular_pad_cpu/debuf.mlir,2714,0,1,0,285.5802811682224,1,64736,0.016201287508010864,0,0,0,0,[],0,0,4,0.0,4
aten,aten_circular_pad_cpu,/home/arjaiswal/Polygeist/issues/aten_c_kernels/results/aten_circular_pad_cpu/debuf.mlir,260f1da30854ff648eeb59eacdacf4e8415e5af8905b48fe11f4b859fa0ebbb2,syntactic,2,ok,0,687.6707077026367,0,"[""/usr/bin/python3"", ""/home/arjaiswal/Polygeist/scripts/correctness/kernel_match_rewrite.py"", ""/home/arjaiswal/Polygeist/issues/aten_c_kernels/results/aten_circular_pad_cpu/debuf.mlir"", ""--dry-run"", ""--matcher-mode"", ""syntactic"", ""--telemetry-json"", ""/home/arjaiswal/Polygeist/issues/equality_saturation_eval/campaign_20260908/aten-aten_circular_pad_cpu-syntactic-yphs5g4x.json"", ""--disable-semantic-fallback""]","== match report for /home/arjaiswal/Polygeist/issues/aten_c_kernels/results/aten_circular_pad_cpu/debuf.mlir ==
  no_match       body#0  ?
  total: 0 matched / 1 bodies
",0,[],0,0,0,0,/home/arjaiswal/Polygeist/issues/aten_c_kernels/results/aten_circular_pad_cpu/debuf.mlir,2714,0,1,0,274.29837733507156,1,64716,0.015087425708770752,0,0,0,0,[],0,0,4,0.0,4
aten,aten_circular_pad_cpu,/home/arjaiswal/Polygeist/issues/aten_c_kernels/results/aten_circular_pad_cpu/debuf.mlir,260f1da30854ff648eeb59eacdacf4e8415e5af8905b48fe11f4b859fa0ebbb2,egglog,2,ok,0,732.0014014840126,0,"[""/usr/bin/python3"", ""/home/arjaiswal/Polygeist/scripts/correctness/kernel_match_rewrite.py"", ""/home/arjaiswal/Polygeist/issues/aten_c_kernels/results/aten_circular_pad_cpu/debuf.mlir"", ""--dry-run"", ""--matcher-mode"", ""egglog"", ""--telemetry-json"", ""/home/arjaiswal/Polygeist/issues/equality_saturation_eval/campaign_20260908/aten-aten_circular_pad_cpu-egglog-7220xv5o.json"", ""--disable-semantic-fallback""]","== match report for /home/arjaiswal/Polygeist/issues/aten_c_kernels/results/aten_circular_pad_cpu/debuf.mlir ==
  no_match       body#0  ?
  total: 0 matched / 1 bodies
",0,[],0,0,0,0,/home/arjaiswal/Polygeist/issues/aten_c_kernels/results/aten_circular_pad_cpu/debuf.mlir,2714,8,1,0,290.95660150051117,1,64828,0.0,0,0,0,0,[],0,0,0,0.0,4
aten,aten_circular_pad_cpu,/home/arjaiswal/Polygeist/issues/aten_c_kernels/results/aten_circular_pad_cpu/debuf.mlir,260f1da30854ff648eeb59eacdacf4e8415e5af8905b48fe11f4b859fa0ebbb2,egglog,3,ok,0,729.5808605849743,0,"[""/usr/bin/python3"", ""/home/arjaiswal/Polygeist/scripts/correctness/kernel_match_rewrite.py"", ""/home/arjaiswal/Polygeist/issues/aten_c_kernels/results/aten_circular_pad_cpu/debuf.mlir"", ""--dry-run"", ""--matcher-mode"", ""egglog"", ""--telemetry-json"", ""/home/arjaiswal/Polygeist/issues/equality_saturation_eval/campaign_20260908/aten-aten_circular_pad_cpu-egglog-u_jnydyj.json"", ""--disable-semantic-fallback""]","== match report for /home/arjaiswal/Polygeist/issues/aten_c_kernels/results/aten_circular_pad_cpu/debuf.mlir ==
  no_match       body#0  ?
  total: 0 matched / 1 bodies
",0,[],0,0,0,0,/home/arjaiswal/Polygeist/issues/aten_c_kernels/results/aten_circular_pad_cpu/debuf.mlir,2714,8,1,0,302.7268648147583,1,64832,0.0,0,0,0,0,[],0,0,0,0.0,4
aten,aten_circular_pad_cpu,/home/arjaiswal/Polygeist/issues/aten_c_kernels/results/aten_circular_pad_cpu/debuf.mlir,260f1da30854ff648eeb59eacdacf4e8415e5af8905b48fe11f4b859fa0ebbb2,syntactic,3,ok,0,710.7556127011776,0,"[""/usr/bin/python3"", ""/home/arjaiswal/Polygeist/scripts/correctness/kernel_match_rewrite.py"", ""/home/arjaiswal/Polygeist/issues/aten_c_kernels/results/aten_circular_pad_cpu/debuf.mlir"", ""--dry-run"", ""--matcher-mode"", ""syntactic"", ""--telemetry-json"", ""/home/arjaiswal/Polygeist/issues/equality_saturation_eval/campaign_20260908/aten-aten_circular_pad_cpu-syntactic-7ud6g7j9.json"", ""--disable-semantic-fallback""]","== match report for /home/arjaiswal/Polygeist/issues/aten_c_kernels/results/aten_circular_pad_cpu/debuf.mlir ==
  no_match       body#0  ?
  total: 0 matched / 1 bodies
",0,[],0,0,0,0,/home/arjaiswal/Polygeist/issues/aten_c_kernels/results/aten_circular_pad_cpu/debuf.mlir,2714,0,1,0,283.5712358355522,1,64772,0.01586228609085083,0,0,0,0,[],0,0,4,0.0,4
aten,aten_circular_pad_cpu,/home/arjaiswal/Polygeist/issues/aten_c_kernels/results/aten_circular_pad_cpu/debuf.mlir,260f1da30854ff648eeb59eacdacf4e8415e5af8905b48fe11f4b859fa0ebbb2,syntactic,4,ok,0,705.11195063591,0,"[""/usr/bin/python3"", ""/home/arjaiswal/Polygeist/scripts/correctness/kernel_match_rewrite.py"", ""/home/arjaiswal/Polygeist/issues/aten_c_kernels/results/aten_circular_pad_cpu/debuf.mlir"", ""--dry-run"", ""--matcher-mode"", ""syntactic"", ""--telemetry-json"", ""/home/arjaiswal/Polygeist/issues/equality_saturation_eval/campaign_20260908/aten-aten_circular_pad_cpu-syntactic-1b1ifo8k.json"", ""--disable-semantic-fallback""]","== match report for /home/arjaiswal/Polygeist/issues/aten_c_kernels/results/aten_circular_pad_cpu/debuf.mlir ==
  no_match       body#0  ?
  total: 0 matched / 1 bodies
",0,[],0,0,0,0,/home/arjaiswal/Polygeist/issues/aten_c_kernels/results/aten_circular_pad_cpu/debuf.mlir,2714,0,1,0,282.7349007129669,1,64724,0.0158064067363739,0,0,0,0,[],0,0,4,0.0,4
aten,aten_circular_pad_cpu,/home/arjaiswal/Polygeist/issues/aten_c_kernels/results/aten_circular_pad_cpu/debuf.mlir,260f1da30854ff648eeb59eacdacf4e8415e5af8905b48fe11f4b859fa0ebbb2,egglog,4,ok,0,695.2066719532013,0,"[""/usr/bin/python3"", ""/home/arjaiswal/Polygeist/scripts/correctness/kernel_match_rewrite.py"", ""/home/arjaiswal/Polygeist/issues/aten_c_kernels/results/aten_circular_pad_cpu/debuf.mlir"", ""--dry-run"", ""--matcher-mode"", ""egglog"", ""--telemetry-json"", ""/home/arjaiswal/Polygeist/issues/equality_saturation_eval/campaign_20260908/aten-aten_circular_pad_cpu-egglog-kp_1jege.json"", ""--disable-semantic-fallback""]","== match report for /home/arjaiswal/Polygeist/issues/aten_c_kernels/results/aten_circular_pad_cpu/debuf.mlir ==
  no_match       body#0  ?
  total: 0 matched / 1 bodies
",0,[],0,0,0,0,/home/arjaiswal/Polygeist/issues/aten_c_kernels/results/aten_circular_pad_cpu/debuf.mlir,2714,8,1,0,270.940113812685,1,64788,0.0,0,0,0,0,[],0,0,0,0.0,4
aten,aten_circular_pad_cpu,/home/arjaiswal/Polygeist/issues/aten_c_kernels/results/aten_circular_pad_cpu/debuf.mlir,260f1da30854ff648eeb59eacdacf4e8415e5af8905b48fe11f4b859fa0ebbb2,egglog,5,ok,0,720.0546339154243,0,"[""/usr/bin/python3"", ""/home/arjaiswal/Polygeist/scripts/correctness/kernel_match_rewrite.py"", ""/home/arjaiswal/Polygeist/issues/aten_c_kernels/results/aten_circular_pad_cpu/debuf.mlir"", ""--dry-run"", ""--matcher-mode"", ""egglog"", ""--telemetry-json"", ""/home/arjaiswal/Polygeist/issues/equality_saturation_eval/campaign_20260908/aten-aten_circular_pad_cpu-egglog-5xhh3q9u.json"", ""--disable-semantic-fallback""]","== match report for /home/arjaiswal/Polygeist/issues/aten_c_kernels/results/aten_circular_pad_cpu/debuf.mlir ==
  no_match       body#0  ?
  total: 0 matched / 1 bodies
",0,[],0,0,0,0,/home/arjaiswal/Polygeist/issues/aten_c_kernels/results/aten_circular_pad_cpu/debuf.mlir,2714,8,1,0,293.78804937005043,1,64544,0.0,0,0,0,0,[],0,0,0,0.0,4
aten,aten_circular_pad_cpu,/home/arjaiswal/Polygeist/issues/aten_c_kernels/results/aten_circular_pad_cpu/debuf.mlir,260f1da30854ff648eeb59eacdacf4e8415e5af8905b48fe11f4b859fa0ebbb2,syntactic,5,ok,0,705.7066038250923,0,"[""/usr/bin/python3"", ""/home/arjaiswal/Polygeist/scripts/correctness/kernel_match_rewrite.py"", ""/home/arjaiswal/Polygeist/issues/aten_c_kernels/results/aten_circular_pad_cpu/debuf.mlir"", ""--dry-run"", ""--matcher-mode"", ""syntactic"", ""--telemetry-json"", ""/home/arjaiswal/Polygeist/issues/equality_saturation_eval/campaign_20260908/aten-aten_circular_pad_cpu-syntactic-6fmcuubo.json"", ""--disable-semantic-fallback""]","== match report for /home/arjaiswal/Polygeist/issues/aten_c_kernels/results/aten_circular_pad_cpu/debuf.mlir ==
  no_match       body#0  ?
  total: 0 matched / 1 bodies
",0,[],0,0,0,0,/home/arjaiswal/Polygeist/issues/aten_c_kernels/results/aten_circular_pad_cpu/debuf.mlir,2714,0,1,0,273.8005816936493,1,64688,0.014211982488632202,0,0,0,0,[],0,0,4,0.0,4
aten,aten_clamp,/home/arjaiswal/Polygeist/issues/aten_c_kernels/results/aten_clamp/debuf.mlir,c10dc8073ab7e7b3976286431426248a0b1ee43bcc384f0432e1b2ec435db343,syntactic,1,ok,0,982.3470637202263,0,"[""/usr/bin/python3"", ""/home/arjaiswal/Polygeist/scripts/correctness/kernel_match_rewrite.py"", ""/home/arjaiswal/Polygeist/issues/aten_c_kernels/results/aten_clamp/debuf.mlir"", ""--dry-run"", ""--matcher-mode"", ""syntactic"", ""--telemetry-json"", ""/home/arjaiswal/Polygeist/issues/equality_saturation_eval/campaign_20260908/aten-aten_clamp-syntactic-nsb659jn.json"", ""--disable-semantic-fallback""]","== match report for /home/arjaiswal/Polygeist/issues/aten_c_kernels/results/aten_clamp/debuf.mlir ==
  match          body#[0]  cudnnPointwiseGraph_f32
  total: 1 matched / 1 bodies
",0,[],0,0,0,0,/home/arjaiswal/Polygeist/issues/aten_c_kernels/results/aten_clamp/debuf.mlir,1933,0,1,1,574.699591845274,0,66448,0.15363842248916626,0,0,0,0,"[{""body_indices"": [0], ""symbol"": ""cudnnPointwiseGraph_f32""}]",1,0,56,0.0,56
aten,aten_clamp,/home/arjaiswal/Polygeist/issues/aten_c_kernels/results/aten_clamp/debuf.mlir,c10dc8073ab7e7b3976286431426248a0b1ee43bcc384f0432e1b2ec435db343,egglog,1,ok,0,1014.4736282527447,0,"[""/usr/bin/python3"", ""/home/arjaiswal/Polygeist/scripts/correctness/kernel_match_rewrite.py"", ""/home/arjaiswal/Polygeist/issues/aten_c_kernels/results/aten_clamp/debuf.mlir"", ""--dry-run"", ""--matcher-mode"", ""egglog"", ""--telemetry-json"", ""/home/arjaiswal/Polygeist/issues/equality_saturation_eval/campaign_20260908/aten-aten_clamp-egglog-qjjnwvj5.json"", ""--disable-semantic-fallback""]","== match report for /home/arjaiswal/Polygeist/issues/aten_c_kernels/results/aten_clamp/debuf.mlir ==
  match          body#[0]  cudnnPointwiseGraph_f32
  total: 1 matched / 1 bodies
",0,[],0,0,0,0,/home/arjaiswal/Polygeist/issues/aten_c_kernels/results/aten_clamp/debuf.mlir,1933,8,1,1,587.5822231173515,0,66440,0.0,0,0,0,0,"[{""body_indices"": [0], ""symbol"": ""cudnnPointwiseGraph_f32""}]",1,0,0,0.0,56
aten,aten_clamp,/home/arjaiswal/Polygeist/issues/aten_c_kernels/results/aten_clamp/debuf.mlir,c10dc8073ab7e7b3976286431426248a0b1ee43bcc384f0432e1b2ec435db343,egglog,2,ok,0,1014.8509256541729,0,"[""/usr/bin/python3"", ""/home/arjaiswal/Polygeist/scripts/correctness/kernel_match_rewrite.py"", ""/home/arjaiswal/Polygeist/issues/aten_c_kernels/results/aten_clamp/debuf.mlir"", ""--dry-run"", ""--matcher-mode"", ""egglog"", ""--telemetry-json"", ""/home/arjaiswal/Polygeist/issues/equality_saturation_eval/campaign_20260908/aten-aten_clamp-egglog-ffqnkpgo.json"", ""--disable-semantic-fallback""]","== match report for /home/arjaiswal/Polygeist/issues/aten_c_kernels/results/aten_clamp/debuf.mlir ==
  match          body#[0]  cudnnPointwiseGraph_f32
  total: 1 matched / 1 bodies
",0,[],0,0,0,0,/home/arjaiswal/Polygeist/issues/aten_c_kernels/results/aten_clamp/debuf.mlir,1933,8,1,1,602.1185033023357,0,66356,0.0,0,0,0,0,"[{""body_indices"": [0], ""symbol"": ""cudnnPointwiseGraph_f32""}]",1,0,0,0.0,56
aten,aten_clamp,/home/arjaiswal/Polygeist/issues/aten_c_kernels/results/aten_clamp/debuf.mlir,c10dc8073ab7e7b3976286431426248a0b1ee43bcc384f0432e1b2ec435db343,syntactic,2,ok,0,1020.199503749609,0,"[""/usr/bin/python3"", ""/home/arjaiswal/Polygeist/scripts/correctness/kernel_match_rewrite.py"", ""/home/arjaiswal/Polygeist/issues/aten_c_kernels/results/aten_clamp/debuf.mlir"", ""--dry-run"", ""--matcher-mode"", ""syntactic"", ""--telemetry-json"", ""/home/arjaiswal/Polygeist/issues/equality_saturation_eval/campaign_20260908/aten-aten_clamp-syntactic-zyhbnkhf.json"", ""--disable-semantic-fallback""]","== match report for /home/arjaiswal/Polygeist/issues/aten_c_kernels/results/aten_clamp/debuf.mlir ==
  match          body#[0]  cudnnPointwiseGraph_f32
  total: 1 matched / 1 bodies
",0,[],0,0,0,0,/home/arjaiswal/Polygeist/issues/aten_c_kernels/results/aten_clamp/debuf.mlir,1933,0,1,1,595.1216295361519,0,66592,0.15882402658462524,0,0,0,0,"[{""body_indices"": [0], ""symbol"": ""cudnnPointwiseGraph_f32""}]",1,0,56,0.0,56
aten,aten_clamp,/home/arjaiswal/Polygeist/issues/aten_c_kernels/results/aten_clamp/debuf.mlir,c10dc8073ab7e7b3976286431426248a0b1ee43bcc384f0432e1b2ec435db343,syntactic,3,ok,0,1018.8343450427055,0,"[""/usr/bin/python3"", ""/home/arjaiswal/Polygeist/scripts/correctness/kernel_match_rewrite.py"", ""/home/arjaiswal/Polygeist/issues/aten_c_kernels/results/aten_clamp/debuf.mlir"", ""--dry-run"", ""--matcher-mode"", ""syntactic"", ""--telemetry-json"", ""/home/arjaiswal/Polygeist/issues/equality_saturation_eval/campaign_20260908/aten-aten_clamp-syntactic-q6izemxu.json"", ""--disable-semantic-fallback""]","== match report for /home/arjaiswal/Polygeist/issues/aten_c_kernels/results/aten_clamp/debuf.mlir ==
  match          body#[0]  cudnnPointwiseGraph_f32
  total: 1 matched / 1 bodies
",0,[],0,0,0,0,/home/arjaiswal/Polygeist/issues/aten_c_kernels/results/aten_clamp/debuf.mlir,1933,0,1,1,589.8275263607502,0,66460,0.162418931722641,0,0,0,0,"[{""body_indices"": [0], ""symbol"": ""cudnnPointwiseGraph_f32""}]",1,0,56,0.0,56
aten,aten_clamp,/home/arjaiswal/Polygeist/issues/aten_c_kernels/results/aten_clamp/debuf.mlir,c10dc8073ab7e7b3976286431426248a0b1ee43bcc384f0432e1b2ec435db343,egglog,3,ok,0,996.1992613971233,0,"[""/usr/bin/python3"", ""/home/arjaiswal/Polygeist/scripts/correctness/kernel_match_rewrite.py"", ""/home/arjaiswal/Polygeist/issues/aten_c_kernels/results/aten_clamp/debuf.mlir"", ""--dry-run"", ""--matcher-mode"", ""egglog"", ""--telemetry-json"", ""/home/arjaiswal/Polygeist/issues/equality_saturation_eval/campaign_20260908/aten-aten_clamp-egglog-4tulxno_.json"", ""--disable-semantic-fallback""]","== match report for /home/arjaiswal/Polygeist/issues/aten_c_kernels/results/aten_clamp/debuf.mlir ==
  match          body#[0]  cudnnPointwiseGraph_f32
  total: 1 matched / 1 bodies
",0,[],0,0,0,0,/home/arjaiswal/Polygeist/issues/aten_c_kernels/results/aten_clamp/debuf.mlir,1933,8,1,1,579.3092735111713,0,66260,0.0,0,0,0,0,"[{""body_indices"": [0], ""symbol"": ""cudnnPointwiseGraph_f32""}]",1,0,0,0.0,56
aten,aten_clamp,/home/arjaiswal/Polygeist/issues/aten_c_kernels/results/aten_clamp/debuf.mlir,c10dc8073ab7e7b3976286431426248a0b1ee43bcc384f0432e1b2ec435db343,egglog,4,ok,0,1039.6387800574303,0,"[""/usr/bin/python3"", ""/home/arjaiswal/Polygeist/scripts/correctness/kernel_match_rewrite.py"", ""/home/arjaiswal/Polygeist/issues/aten_c_kernels/results/aten_clamp/debuf.mlir"", ""--dry-run"", ""--matcher-mode"", ""egglog"", ""--telemetry-json"", ""/home/arjaiswal/Polygeist/issues/equality_saturation_eval/campaign_20260908/aten-aten_clamp-egglog-sd7vcx_7.json"", ""--disable-semantic-fallback""]","== match report for /home/arjaiswal/Polygeist/issues/aten_c_kernels/results/aten_clamp/debuf.mlir ==
  match          body#[0]  cudnnPointwiseGraph_f32
  total: 1 matched / 1 bodies
",0,[],0,0,0,0,/home/arjaiswal/Polygeist/issues/aten_c_kernels/results/aten_clamp/debuf.mlir,1933,8,1,1,596.5617448091507,0,66360,0.0,0,0,0,0,"[{""body_indices"": [0], ""symbol"": ""cudnnPointwiseGraph_f32""}]",1,0,0,0.0,56
aten,aten_clamp,/home/arjaiswal/Polygeist/issues/aten_c_kernels/results/aten_clamp/debuf.mlir,c10dc8073ab7e7b3976286431426248a0b1ee43bcc384f0432e1b2ec435db343,syntactic,4,ok,0,996.0019700229168,0,"[""/usr/bin/python3"", ""/home/arjaiswal/Polygeist/scripts/correctness/kernel_match_rewrite.py"", ""/home/arjaiswal/Polygeist/issues/aten_c_kernels/results/aten_clamp/debuf.mlir"", ""--dry-run"", ""--matcher-mode"", ""syntactic"", ""--telemetry-json"", ""/home/arjaiswal/Polygeist/issues/equality_saturation_eval/campaign_20260908/aten-aten_clamp-syntactic-8zpe0dth.json"", ""--disable-semantic-fallback""]","== match report for /home/arjaiswal/Polygeist/issues/aten_c_kernels/results/aten_clamp/debuf.mlir ==
  match          body#[0]  cudnnPointwiseGraph_f32
  total: 1 matched / 1 bodies
",0,[],0,0,0,0,/home/arjaiswal/Polygeist/issues/aten_c_kernels/results/aten_clamp/debuf.mlir,1933,0,1,1,584.9565677344799,0,66580,0.1663491129875183,0,0,0,0,"[{""body_indices"": [0], ""symbol"": ""cudnnPointwiseGraph_f32""}]",1,0,56,0.0,56
aten,aten_clamp,/home/arjaiswal/Polygeist/issues/aten_c_kernels/results/aten_clamp/debuf.mlir,c10dc8073ab7e7b3976286431426248a0b1ee43bcc384f0432e1b2ec435db343,syntactic,5,ok,0,1018.5078866779804,0,"[""/usr/bin/python3"", ""/home/arjaiswal/Polygeist/scripts/correctness/kernel_match_rewrite.py"", ""/home/arjaiswal/Polygeist/issues/aten_c_kernels/results/aten_clamp/debuf.mlir"", ""--dry-run"", ""--matcher-mode"", ""syntactic"", ""--telemetry-json"", ""/home/arjaiswal/Polygeist/issues/equality_saturation_eval/campaign_20260908/aten-aten_clamp-syntactic-gvgv5q94.json"", ""--disable-semantic-fallback""]","== match report for /home/arjaiswal/Polygeist/issues/aten_c_kernels/results/aten_clamp/debuf.mlir ==
  match          body#[0]  cudnnPointwiseGraph_f32
  total: 1 matched / 1 bodies
",0,[],0,0,0,0,/home/arjaiswal/Polygeist/issues/aten_c_kernels/results/aten_clamp/debuf.mlir,1933,0,1,1,586.5912437438965,0,66452,0.15084072947502136,0,0,0,0,"[{""body_indices"": [0], ""symbol"": ""cudnnPointwiseGraph_f32""}]",1,0,56,0.0,56
aten,aten_clamp,/home/arjaiswal/Polygeist/issues/aten_c_kernels/results/aten_clamp/debuf.mlir,c10dc8073ab7e7b3976286431426248a0b1ee43bcc384f0432e1b2ec435db343,egglog,5,ok,0,1036.5652032196522,0,"[""/usr/bin/python3"", ""/home/arjaiswal/Polygeist/scripts/correctness/kernel_match_rewrite.py"", ""/home/arjaiswal/Polygeist/issues/aten_c_kernels/results/aten_clamp/debuf.mlir"", ""--dry-run"", ""--matcher-mode"", ""egglog"", ""--telemetry-json"", ""/home/arjaiswal/Polygeist/issues/equality_saturation_eval/campaign_20260908/aten-aten_clamp-egglog-f3sv5g9f.json"", ""--disable-semantic-fallback""]","== match report for /home/arjaiswal/Polygeist/issues/aten_c_kernels/results/aten_clamp/debuf.mlir ==
  match          body#[0]  cudnnPointwiseGraph_f32
  total: 1 matched / 1 bodies
",0,[],0,0,0,0,/home/arjaiswal/Polygeist/issues/aten_c_kernels/results/aten_clamp/debuf.mlir,1933,8,1,1,603.717178106308,0,66460,0.0,0,0,0,0,"[{""body_indices"": [0], ""symbol"": ""cudnnPointwiseGraph_f32""}]",1,0,0,0.0,56
aten,aten_clamp_cpu,/home/arjaiswal/Polygeist/issues/aten_c_kernels/results/aten_clamp_cpu/debuf.mlir,b9a58b0dfd76107fb19f4d71a98e5a0b7b82c98d168cd04237eca75ba6bd5454,egglog,1,ok,0,685.5167523026466,0,"[""/usr/bin/python3"", ""/home/arjaiswal/Polygeist/scripts/correctness/kernel_match_rewrite.py"", ""/home/arjaiswal/Polygeist/issues/aten_c_kernels/results/aten_clamp_cpu/debuf.mlir"", ""--dry-run"", ""--matcher-mode"", ""egglog"", ""--telemetry-json"", ""/home/arjaiswal/Polygeist/issues/equality_saturation_eval/campaign_20260908/aten-aten_clamp_cpu-egglog-hft6xj42.json"", ""--disable-semantic-fallback""]","== match report for /home/arjaiswal/Polygeist/issues/aten_c_kernels/results/aten_clamp_cpu/debuf.mlir ==
  match          body#[0]  cudnnPointwiseGraph_f32
  total: 1 matched / 1 bodies
",0,[],0,0,0,0,/home/arjaiswal/Polygeist/issues/aten_c_kernels/results/aten_clamp_cpu/debuf.mlir,2141,8,1,1,266.9832408428192,0,65712,0.0,0,0,0,0,"[{""body_indices"": [0], ""symbol"": ""cudnnPointwiseGraph_f32""}]",1,0,0,0.0,0
aten,aten_clamp_cpu,/home/arjaiswal/Polygeist/issues/aten_c_kernels/results/aten_clamp_cpu/debuf.mlir,b9a58b0dfd76107fb19f4d71a98e5a0b7b82c98d168cd04237eca75ba6bd5454,syntactic,1,ok,0,708.5790857672691,0,"[""/usr/bin/python3"", ""/home/arjaiswal/Polygeist/scripts/correctness/kernel_match_rewrite.py"", ""/home/arjaiswal/Polygeist/issues/aten_c_kernels/results/aten_clamp_cpu/debuf.mlir"", ""--dry-run"", ""--matcher-mode"", ""syntactic"", ""--telemetry-json"", ""/home/arjaiswal/Polygeist/issues/equality_saturation_eval/campaign_20260908/aten-aten_clamp_cpu-syntactic-do7dohz6.json"", ""--disable-semantic-fallback""]","== match report for /home/arjaiswal/Polygeist/issues/aten_c_kernels/results/aten_clamp_cpu/debuf.mlir ==
  match          body#[0]  cudnnPointwiseGraph_f32
  total: 1 matched / 1 bodies
",0,[],0,0,0,0,/home/arjaiswal/Polygeist/issues/aten_c_kernels/results/aten_clamp_cpu/debuf.mlir,2141,0,1,1,269.2706473171711,0,65560,0.0,0,0,0,0,"[{""body_indices"": [0], ""symbol"": ""cudnnPointwiseGraph_f32""}]",1,0,0,0.0,0
aten,aten_clamp_cpu,/home/arjaiswal/Polygeist/issues/aten_c_kernels/results/aten_clamp_cpu/debuf.mlir,b9a58b0dfd76107fb19f4d71a98e5a0b7b82c98d168cd04237eca75ba6bd5454,syntactic,2,ok,0,715.6826853752136,0,"[""/usr/bin/python3"", ""/home/arjaiswal/Polygeist/scripts/correctness/kernel_match_rewrite.py"", ""/home/arjaiswal/Polygeist/issues/aten_c_kernels/results/aten_clamp_cpu/debuf.mlir"", ""--dry-run"", ""--matcher-mode"", ""syntactic"", ""--telemetry-json"", ""/home/arjaiswal/Polygeist/issues/equality_saturation_eval/campaign_20260908/aten-aten_clamp_cpu-syntactic-5y7r3q1u.json"", ""--disable-semantic-fallback""]","== match report for /home/arjaiswal/Polygeist/issues/aten_c_kernels/results/aten_clamp_cpu/debuf.mlir ==
  match          body#[0]  cudnnPointwiseGraph_f32
  total: 1 matched / 1 bodies
",0,[],0,0,0,0,/home/arjaiswal/Polygeist/issues/aten_c_kernels/results/aten_clamp_cpu/debuf.mlir,2141,0,1,1,294.9780076742172,0,65648,0.0,0,0,0,0,"[{""body_indices"": [0], ""symbol"": ""cudnnPointwiseGraph_f32""}]",1,0,0,0.0,0
aten,aten_clamp_cpu,/home/arjaiswal/Polygeist/issues/aten_c_kernels/results/aten_clamp_cpu/debuf.mlir,b9a58b0dfd76107fb19f4d71a98e5a0b7b82c98d168cd04237eca75ba6bd5454,egglog,2,ok,0,711.863536387682,0,"[""/usr/bin/python3"", ""/home/arjaiswal/Polygeist/scripts/correctness/kernel_match_rewrite.py"", ""/home/arjaiswal/Polygeist/issues/aten_c_kernels/results/aten_clamp_cpu/debuf.mlir"", ""--dry-run"", ""--matcher-mode"", ""egglog"", ""--telemetry-json"", ""/home/arjaiswal/Polygeist/issues/equality_saturation_eval/campaign_20260908/aten-aten_clamp_cpu-egglog-7qyq9v_j.json"", ""--disable-semantic-fallback""]","== match report for /home/arjaiswal/Polygeist/issues/aten_c_kernels/results/aten_clamp_cpu/debuf.mlir ==
  match          body#[0]  cudnnPointwiseGraph_f32
  total: 1 matched / 1 bodies
",0,[],0,0,0,0,/home/arjaiswal/Polygeist/issues/aten_c_kernels/results/aten_clamp_cpu/debuf.mlir,2141,8,1,1,285.6403887271881,0,65724,0.0,0,0,0,0,"[{""body_indices"": [0], ""symbol"": ""cudnnPointwiseGraph_f32""}]",1,0,0,0.0,0
aten,aten_clamp_cpu,/home/arjaiswal/Polygeist/issues/aten_c_kernels/results/aten_clamp_cpu/debuf.mlir,b9a58b0dfd76107fb19f4d71a98e5a0b7b82c98d168cd04237eca75ba6bd5454,egglog,3,ok,0,724.6774472296238,0,"[""/usr/bin/python3"", ""/home/arjaiswal/Polygeist/scripts/correctness/kernel_match_rewrite.py"", ""/home/arjaiswal/Polygeist/issues/aten_c_kernels/results/aten_clamp_cpu/debuf.mlir"", ""--dry-run"", ""--matcher-mode"", ""egglog"", ""--telemetry-json"", ""/home/arjaiswal/Polygeist/issues/equality_saturation_eval/campaign_20260908/aten-aten_clamp_cpu-egglog-ukxb8nr9.json"", ""--disable-semantic-fallback""]","== match report for /home/arjaiswal/Polygeist/issues/aten_c_kernels/results/aten_clamp_cpu/debuf.mlir ==
  match          body#[0]  cudnnPointwiseGraph_f32
  total: 1 matched / 1 bodies
",0,[],0,0,0,0,/home/arjaiswal/Polygeist/issues/aten_c_kernels/results/aten_clamp_cpu/debuf.mlir,2141,8,1,1,269.12738010287285,0,65712,0.0,0,0,0,0,"[{""body_indices"": [0], ""symbol"": ""cudnnPointwiseGraph_f32""}]",1,0,0,0.0,0
aten,aten_clamp_cpu,/home/arjaiswal/Polygeist/issues/aten_c_kernels/results/aten_clamp_cpu/debuf.mlir,b9a58b0dfd76107fb19f4d71a98e5a0b7b82c98d168cd04237eca75ba6bd5454,syntactic,3,ok,0,690.9587532281876,0,"[""/usr/bin/python3"", ""/home/arjaiswal/Polygeist/scripts/correctness/kernel_match_rewrite.py"", ""/home/arjaiswal/Polygeist/issues/aten_c_kernels/results/aten_clamp_cpu/debuf.mlir"", ""--dry-run"", ""--matcher-mode"", ""syntactic"", ""--telemetry-json"", ""/home/arjaiswal/Polygeist/issues/equality_saturation_eval/campaign_20260908/aten-aten_clamp_cpu-syntactic-k98cm4gy.json"", ""--disable-semantic-fallback""]","== match report for /home/arjaiswal/Polygeist/issues/aten_c_kernels/results/aten_clamp_cpu/debuf.mlir ==
  match          body#[0]  cudnnPointwiseGraph_f32
  total: 1 matched / 1 bodies
",0,[],0,0,0,0,/home/arjaiswal/Polygeist/issues/aten_c_kernels/results/aten_clamp_cpu/debuf.mlir,2141,0,1,1,277.16852352023125,0,65760,0.0,0,0,0,0,"[{""body_indices"": [0], ""symbol"": ""cudnnPointwiseGraph_f32""}]",1,0,0,0.0,0
aten,aten_clamp_cpu,/home/arjaiswal/Polygeist/issues/aten_c_kernels/results/aten_clamp_cpu/debuf.mlir,b9a58b0dfd76107fb19f4d71a98e5a0b7b82c98d168cd04237eca75ba6bd5454,syntactic,4,ok,0,715.1218727231026,0,"[""/usr/bin/python3"", ""/home/arjaiswal/Polygeist/scripts/correctness/kernel_match_rewrite.py"", ""/home/arjaiswal/Polygeist/issues/aten_c_kernels/results/aten_clamp_cpu/debuf.mlir"", ""--dry-run"", ""--matcher-mode"", ""syntactic"", ""--telemetry-json"", ""/home/arjaiswal/Polygeist/issues/equality_saturation_eval/campaign_20260908/aten-aten_clamp_cpu-syntactic-o1d7g4pz.json"", ""--disable-semantic-fallback""]","== match report for /home/arjaiswal/Polygeist/issues/aten_c_kernels/results/aten_clamp_cpu/debuf.mlir ==
  match          body#[0]  cudnnPointwiseGraph_f32
  total: 1 matched / 1 bodies
",0,[],0,0,0,0,/home/arjaiswal/Polygeist/issues/aten_c_kernels/results/aten_clamp_cpu/debuf.mlir,2141,0,1,1,275.19189193844795,0,65768,0.0,0,0,0,0,"[{""body_indices"": [0], ""symbol"": ""cudnnPointwiseGraph_f32""}]",1,0,0,0.0,0
aten,aten_clamp_cpu,/home/arjaiswal/Polygeist/issues/aten_c_kernels/results/aten_clamp_cpu/debuf.mlir,b9a58b0dfd76107fb19f4d71a98e5a0b7b82c98d168cd04237eca75ba6bd5454,egglog,4,ok,0,695.2134445309639,0,"[""/usr/bin/python3"", ""/home/arjaiswal/Polygeist/scripts/correctness/kernel_match_rewrite.py"", ""/home/arjaiswal/Polygeist/issues/aten_c_kernels/results/aten_clamp_cpu/debuf.mlir"", ""--dry-run"", ""--matcher-mode"", ""egglog"", ""--telemetry-json"", ""/home/arjaiswal/Polygeist/issues/equality_saturation_eval/campaign_20260908/aten-aten_clamp_cpu-egglog-n3evz5vz.json"", ""--disable-semantic-fallback""]","== match report for /home/arjaiswal/Polygeist/issues/aten_c_kernels/results/aten_clamp_cpu/debuf.mlir ==
  match          body#[0]  cudnnPointwiseGraph_f32
  total: 1 matched / 1 bodies
",0,[],0,0,0,0,/home/arjaiswal/Polygeist/issues/aten_c_kernels/results/aten_clamp_cpu/debuf.mlir,2141,8,1,1,282.6206274330616,0,65792,0.0,0,0,0,0,"[{""body_indices"": [0], ""symbol"": ""cudnnPointwiseGraph_f32""}]",1,0,0,0.0,0
aten,aten_clamp_cpu,/home/arjaiswal/Polygeist/issues/aten_c_kernels/results/aten_clamp_cpu/debuf.mlir,b9a58b0dfd76107fb19f4d71a98e5a0b7b82c98d168cd04237eca75ba6bd5454,egglog,5,ok,0,717.6504321396351,0,"[""/usr/bin/python3"", ""/home/arjaiswal/Polygeist/scripts/correctness/kernel_match_rewrite.py"", ""/home/arjaiswal/Polygeist/issues/aten_c_kernels/results/aten_clamp_cpu/debuf.mlir"", ""--dry-run"", ""--matcher-mode"", ""egglog"", ""--telemetry-json"", ""/home/arjaiswal/Polygeist/issues/equality_saturation_eval/campaign_20260908/aten-aten_clamp_cpu-egglog-3l329pog.json"", ""--disable-semantic-fallback""]","== match report for /home/arjaiswal/Polygeist/issues/aten_c_kernels/results/aten_clamp_cpu/debuf.mlir ==
  match          body#[0]  cudnnPointwiseGraph_f32
  total: 1 matched / 1 bodies
",0,[],0,0,0,0,/home/arjaiswal/Polygeist/issues/aten_c_kernels/results/aten_clamp_cpu/debuf.mlir,2141,8,1,1,285.72145849466324,0,65712,0.0,0,0,0,0,"[{""body_indices"": [0], ""symbol"": ""cudnnPointwiseGraph_f32""}]",1,0,0,0.0,0
aten,aten_clamp_cpu,/home/arjaiswal/Polygeist/issues/aten_c_kernels/results/aten_clamp_cpu/debuf.mlir,b9a58b0dfd76107fb19f4d71a98e5a0b7b82c98d168cd04237eca75ba6bd5454,syntactic,5,ok,0,718.7718749046326,0,"[""/usr/bin/python3"", ""/home/arjaiswal/Polygeist/scripts/correctness/kernel_match_rewrite.py"", ""/home/arjaiswal/Polygeist/issues/aten_c_kernels/results/aten_clamp_cpu/debuf.mlir"", ""--dry-run"", ""--matcher-mode"", ""syntactic"", ""--telemetry-json"", ""/home/arjaiswal/Polygeist/issues/equality_saturation_eval/campaign_20260908/aten-aten_clamp_cpu-syntactic-dr9sivlf.json"", ""--disable-semantic-fallback""]","== match report for /home/arjaiswal/Polygeist/issues/aten_c_kernels/results/aten_clamp_cpu/debuf.mlir ==
  match          body#[0]  cudnnPointwiseGraph_f32
  total: 1 matched / 1 bodies
",0,[],0,0,0,0,/home/arjaiswal/Polygeist/issues/aten_c_kernels/results/aten_clamp_cpu/debuf.mlir,2141,0,1,1,298.398669809103,0,65636,0.0,0,0,0,0,"[{""body_indices"": [0], ""symbol"": ""cudnnPointwiseGraph_f32""}]",1,0,0,0.0,0
aten,aten_clamp_max_scalar_cpu,/home/arjaiswal/Polygeist/issues/aten_c_kernels/results/aten_clamp_max_scalar_cpu/debuf.mlir,5e3fd20f02cc56e268aafcdd21f5da7efc182a8b94f0c6066ee7bc0e76592ff9,syntactic,1,ok,0,944.3602077662945,0,"[""/usr/bin/python3"", ""/home/arjaiswal/Polygeist/scripts/correctness/kernel_match_rewrite.py"", ""/home/arjaiswal/Polygeist/issues/aten_c_kernels/results/aten_clamp_max_scalar_cpu/debuf.mlir"", ""--dry-run"", ""--matcher-mode"", ""syntactic"", ""--telemetry-json"", ""/home/arjaiswal/Polygeist/issues/equality_saturation_eval/campaign_20260908/aten-aten_clamp_max_scalar_cpu-syntactic-xbbldsb8.json"", ""--disable-semantic-fallback""]","== match report for /home/arjaiswal/Polygeist/issues/aten_c_kernels/results/aten_clamp_max_scalar_cpu/debuf.mlir ==
  match          body#[0]  cudnnPointwiseGraph_f32
  total: 1 matched / 1 bodies
",0,[],0,0,0,0,/home/arjaiswal/Polygeist/issues/aten_c_kernels/results/aten_clamp_max_scalar_cpu/debuf.mlir,1848,0,1,1,509.5421113073826,0,66004,0.18767639994621277,0,0,0,0,"[{""body_indices"": [0], ""symbol"": ""cudnnPointwiseGraph_f32""}]",1,0,56,0.0,56
aten,aten_clamp_max_scalar_cpu,/home/arjaiswal/Polygeist/issues/aten_c_kernels/results/aten_clamp_max_scalar_cpu/debuf.mlir,5e3fd20f02cc56e268aafcdd21f5da7efc182a8b94f0c6066ee7bc0e76592ff9,egglog,1,ok,0,919.508770108223,0,"[""/usr/bin/python3"", ""/home/arjaiswal/Polygeist/scripts/correctness/kernel_match_rewrite.py"", ""/home/arjaiswal/Polygeist/issues/aten_c_kernels/results/aten_clamp_max_scalar_cpu/debuf.mlir"", ""--dry-run"", ""--matcher-mode"", ""egglog"", ""--telemetry-json"", ""/home/arjaiswal/Polygeist/issues/equality_saturation_eval/campaign_20260908/aten-aten_clamp_max_scalar_cpu-egglog-5s79oin9.json"", ""--disable-semantic-fallback""]","== match report for /home/arjaiswal/Polygeist/issues/aten_c_kernels/results/aten_clamp_max_scalar_cpu/debuf.mlir ==
  match          body#[0]  cudnnPointwiseGraph_f32
  total: 1 matched / 1 bodies
",0,[],0,0,0,0,/home/arjaiswal/Polygeist/issues/aten_c_kernels/results/aten_clamp_max_scalar_cpu/debuf.mlir,1848,8,1,1,488.48265409469604,0,66000,0.0,0,0,0,0,"[{""body_indices"": [0], ""symbol"": ""cudnnPointwiseGraph_f32""}]",1,0,0,0.0,56
aten,aten_clamp_max_scalar_cpu,/home/arjaiswal/Polygeist/issues/aten_c_kernels/results/aten_clamp_max_scalar_cpu/debuf.mlir,5e3fd20f02cc56e268aafcdd21f5da7efc182a8b94f0c6066ee7bc0e76592ff9,egglog,2,ok,0,928.7544339895248,0,"[""/usr/bin/python3"", ""/home/arjaiswal/Polygeist/scripts/correctness/kernel_match_rewrite.py"", ""/home/arjaiswal/Polygeist/issues/aten_c_kernels/results/aten_clamp_max_scalar_cpu/debuf.mlir"", ""--dry-run"", ""--matcher-mode"", ""egglog"", ""--telemetry-json"", ""/home/arjaiswal/Polygeist/issues/equality_saturation_eval/campaign_20260908/aten-aten_clamp_max_scalar_cpu-egglog-rs9hsen8.json"", ""--disable-semantic-fallback""]","== match report for /home/arjaiswal/Polygeist/issues/aten_c_kernels/results/aten_clamp_max_scalar_cpu/debuf.mlir ==
  match          body#[0]  cudnnPointwiseGraph_f32
  total: 1 matched / 1 bodies
",0,[],0,0,0,0,/home/arjaiswal/Polygeist/issues/aten_c_kernels/results/aten_clamp_max_scalar_cpu/debuf.mlir,1848,8,1,1,501.02368742227554,0,65932,0.0,0,0,0,0,"[{""body_indices"": [0], ""symbol"": ""cudnnPointwiseGraph_f32""}]",1,0,0,0.0,56
aten,aten_clamp_max_scalar_cpu,/home/arjaiswal/Polygeist/issues/aten_c_kernels/results/aten_clamp_max_scalar_cpu/debuf.mlir,5e3fd20f02cc56e268aafcdd21f5da7efc182a8b94f0c6066ee7bc0e76592ff9,syntactic,2,ok,0,1039.6186895668507,0,"[""/usr/bin/python3"", ""/home/arjaiswal/Polygeist/scripts/correctness/kernel_match_rewrite.py"", ""/home/arjaiswal/Polygeist/issues/aten_c_kernels/results/aten_clamp_max_scalar_cpu/debuf.mlir"", ""--dry-run"", ""--matcher-mode"", ""syntactic"", ""--telemetry-json"", ""/home/arjaiswal/Polygeist/issues/equality_saturation_eval/campaign_20260908/aten-aten_clamp_max_scalar_cpu-syntactic-9ohwupvl.json"", ""--disable-semantic-fallback""]","== match report for /home/arjaiswal/Polygeist/issues/aten_c_kernels/results/aten_clamp_max_scalar_cpu/debuf.mlir ==
  match          body#[0]  cudnnPointwiseGraph_f32
  total: 1 matched / 1 bodies
",0,[],0,0,0,0,/home/arjaiswal/Polygeist/issues/aten_c_kernels/results/aten_clamp_max_scalar_cpu/debuf.mlir,1848,0,1,1,582.2880864143372,0,66180,0.1835152506828308,0,0,0,0,"[{""body_indices"": [0], ""symbol"": ""cudnnPointwiseGraph_f32""}]",1,0,56,0.0,56
aten,aten_clamp_max_scalar_cpu,/home/arjaiswal/Polygeist/issues/aten_c_kernels/results/aten_clamp_max_scalar_cpu/debuf.mlir,5e3fd20f02cc56e268aafcdd21f5da7efc182a8b94f0c6066ee7bc0e76592ff9,syntactic,3,ok,0,1009.589459747076,0,"[""/usr/bin/python3"", ""/home/arjaiswal/Polygeist/scripts/correctness/kernel_match_rewrite.py"", ""/home/arjaiswal/Polygeist/issues/aten_c_kernels/results/aten_clamp_max_scalar_cpu/debuf.mlir"", ""--dry-run"", ""--matcher-mode"", ""syntactic"", ""--telemetry-json"", ""/home/arjaiswal/Polygeist/issues/equality_saturation_eval/campaign_20260908/aten-aten_clamp_max_scalar_cpu-syntactic-7svfep_0.json"", ""--disable-semantic-fallback""]","== match report for /home/arjaiswal/Polygeist/issues/aten_c_kernels/results/aten_clamp_max_scalar_cpu/debuf.mlir ==
  match          body#[0]  cudnnPointwiseGraph_f32
  total: 1 matched / 1 bodies
",0,[],0,0,0,0,/home/arjaiswal/Polygeist/issues/aten_c_kernels/results/aten_clamp_max_scalar_cpu/debuf.mlir,1848,0,1,1,574.6357515454292,0,65844,0.1642964780330658,0,0,0,0,"[{""body_indices"": [0], ""symbol"": ""cudnnPointwiseGraph_f32""}]",1,0,56,0.0,56
aten,aten_clamp_max_scalar_cpu,/home/arjaiswal/Polygeist/issues/aten_c_kernels/results/aten_clamp_max_scalar_cpu/debuf.mlir,5e3fd20f02cc56e268aafcdd21f5da7efc182a8b94f0c6066ee7bc0e76592ff9,egglog,3,ok,0,985.2249622344971,0,"[""/usr/bin/python3"", ""/home/arjaiswal/Polygeist/scripts/correctness/kernel_match_rewrite.py"", ""/home/arjaiswal/Polygeist/issues/aten_c_kernels/results/aten_clamp_max_scalar_cpu/debuf.mlir"", ""--dry-run"", ""--matcher-mode"", ""egglog"", ""--telemetry-json"", ""/home/arjaiswal/Polygeist/issues/equality_saturation_eval/campaign_20260908/aten-aten_clamp_max_scalar_cpu-egglog-l5xwp4yz.json"", ""--disable-semantic-fallback""]","== match report for /home/arjaiswal/Polygeist/issues/aten_c_kernels/results/aten_clamp_max_scalar_cpu/debuf.mlir ==
  match          body#[0]  cudnnPointwiseGraph_f32
  total: 1 matched / 1 bodies
",0,[],0,0,0,0,/home/arjaiswal/Polygeist/issues/aten_c_kernels/results/aten_clamp_max_scalar_cpu/debuf.mlir,1848,8,1,1,526.3869613409042,0,65772,0.0,0,0,0,0,"[{""body_indices"": [0], ""symbol"": ""cudnnPointwiseGraph_f32""}]",1,0,0,0.0,56
aten,aten_clamp_max_scalar_cpu,/home/arjaiswal/Polygeist/issues/aten_c_kernels/results/aten_clamp_max_scalar_cpu/debuf.mlir,5e3fd20f02cc56e268aafcdd21f5da7efc182a8b94f0c6066ee7bc0e76592ff9,egglog,4,ok,0,968.5603342950344,0,"[""/usr/bin/python3"", ""/home/arjaiswal/Polygeist/scripts/correctness/kernel_match_rewrite.py"", ""/home/arjaiswal/Polygeist/issues/aten_c_kernels/results/aten_clamp_max_scalar_cpu/debuf.mlir"", ""--dry-run"", ""--matcher-mode"", ""egglog"", ""--telemetry-json"", ""/home/arjaiswal/Polygeist/issues/equality_saturation_eval/campaign_20260908/aten-aten_clamp_max_scalar_cpu-egglog-z70d8fwy.json"", ""--disable-semantic-fallback""]","== match report for /home/arjaiswal/Polygeist/issues/aten_c_kernels/results/aten_clamp_max_scalar_cpu/debuf.mlir ==
  match          body#[0]  cudnnPointwiseGraph_f32
  total: 1 matched / 1 bodies
",0,[],0,0,0,0,/home/arjaiswal/Polygeist/issues/aten_c_kernels/results/aten_clamp_max_scalar_cpu/debuf.mlir,1848,8,1,1,542.8118370473385,0,66064,0.0,0,0,0,0,"[{""body_indices"": [0], ""symbol"": ""cudnnPointwiseGraph_f32""}]",1,0,0,0.0,56
aten,aten_clamp_max_scalar_cpu,/home/arjaiswal/Polygeist/issues/aten_c_kernels/results/aten_clamp_max_scalar_cpu/debuf.mlir,5e3fd20f02cc56e268aafcdd21f5da7efc182a8b94f0c6066ee7bc0e76592ff9,syntactic,4,ok,0,927.1878562867641,0,"[""/usr/bin/python3"", ""/home/arjaiswal/Polygeist/scripts/correctness/kernel_match_rewrite.py"", ""/home/arjaiswal/Polygeist/issues/aten_c_kernels/results/aten_clamp_max_scalar_cpu/debuf.mlir"", ""--dry-run"", ""--matcher-mode"", ""syntactic"", ""--telemetry-json"", ""/home/arjaiswal/Polygeist/issues/equality_saturation_eval/campaign_20260908/aten-aten_clamp_max_scalar_cpu-syntactic-zhxb5cqd.json"", ""--disable-semantic-fallback""]","== match report for /home/arjaiswal/Polygeist/issues/aten_c_kernels/results/aten_clamp_max_scalar_cpu/debuf.mlir ==
  match          body#[0]  cudnnPointwiseGraph_f32
  total: 1 matched / 1 bodies
",0,[],0,0,0,0,/home/arjaiswal/Polygeist/issues/aten_c_kernels/results/aten_clamp_max_scalar_cpu/debuf.mlir,1848,0,1,1,495.0088746845722,0,65996,0.15928223729133606,0,0,0,0,"[{""body_indices"": [0], ""symbol"": ""cudnnPointwiseGraph_f32""}]",1,0,56,0.0,56
aten,aten_clamp_max_scalar_cpu,/home/arjaiswal/Polygeist/issues/aten_c_kernels/results/aten_clamp_max_scalar_cpu/debuf.mlir,5e3fd20f02cc56e268aafcdd21f5da7efc182a8b94f0c6066ee7bc0e76592ff9,syntactic,5,ok,0,904.4719859957695,0,"[""/usr/bin/python3"", ""/home/arjaiswal/Polygeist/scripts/correctness/kernel_match_rewrite.py"", ""/home/arjaiswal/Polygeist/issues/aten_c_kernels/results/aten_clamp_max_scalar_cpu/debuf.mlir"", ""--dry-run"", ""--matcher-mode"", ""syntactic"", ""--telemetry-json"", ""/home/arjaiswal/Polygeist/issues/equality_saturation_eval/campaign_20260908/aten-aten_clamp_max_scalar_cpu-syntactic-3ndgbw5d.json"", ""--disable-semantic-fallback""]","== match report for /home/arjaiswal/Polygeist/issues/aten_c_kernels/results/aten_clamp_max_scalar_cpu/debuf.mlir ==
  match          body#[0]  cudnnPointwiseGraph_f32
  total: 1 matched / 1 bodies
",0,[],0,0,0,0,/home/arjaiswal/Polygeist/issues/aten_c_kernels/results/aten_clamp_max_scalar_cpu/debuf.mlir,1848,0,1,1,490.97810685634613,0,65796,0.15505775809288025,0,0,0,0,"[{""body_indices"": [0], ""symbol"": ""cudnnPointwiseGraph_f32""}]",1,0,56,0.0,56
aten,aten_clamp_max_scalar_cpu,/home/arjaiswal/Polygeist/issues/aten_c_kernels/results/aten_clamp_max_scalar_cpu/debuf.mlir,5e3fd20f02cc56e268aafcdd21f5da7efc182a8b94f0c6066ee7bc0e76592ff9,egglog,5,ok,0,948.5941007733345,0,"[""/usr/bin/python3"", ""/home/arjaiswal/Polygeist/scripts/correctness/kernel_match_rewrite.py"", ""/home/arjaiswal/Polygeist/issues/aten_c_kernels/results/aten_clamp_max_scalar_cpu/debuf.mlir"", ""--dry-run"", ""--matcher-mode"", ""egglog"", ""--telemetry-json"", ""/home/arjaiswal/Polygeist/issues/equality_saturation_eval/campaign_20260908/aten-aten_clamp_max_scalar_cpu-egglog-cakwzewl.json"", ""--disable-semantic-fallback""]","== match report for /home/arjaiswal/Polygeist/issues/aten_c_kernels/results/aten_clamp_max_scalar_cpu/debuf.mlir ==
  match          body#[0]  cudnnPointwiseGraph_f32
  total: 1 matched / 1 bodies
",0,[],0,0,0,0,/home/arjaiswal/Polygeist/issues/aten_c_kernels/results/aten_clamp_max_scalar_cpu/debuf.mlir,1848,8,1,1,514.5540498197079,0,65788,0.0,0,0,0,0,"[{""body_indices"": [0], ""symbol"": ""cudnnPointwiseGraph_f32""}]",1,0,0,0.0,56
aten,aten_clamp_min_scalar_cpu,/home/arjaiswal/Polygeist/issues/aten_c_kernels/results/aten_clamp_min_scalar_cpu/debuf.mlir,b34a7c09c769d54fdba5fcb3ae2846d53409f2fc80a847903ca87a5ef8022804,egglog,1,ok,0,926.5508465468884,0,"[""/usr/bin/python3"", ""/home/arjaiswal/Polygeist/scripts/correctness/kernel_match_rewrite.py"", ""/home/arjaiswal/Polygeist/issues/aten_c_kernels/results/aten_clamp_min_scalar_cpu/debuf.mlir"", ""--dry-run"", ""--matcher-mode"", ""egglog"", ""--telemetry-json"", ""/home/arjaiswal/Polygeist/issues/equality_saturation_eval/campaign_20260908/aten-aten_clamp_min_scalar_cpu-egglog-etbt7bxp.json"", ""--disable-semantic-fallback""]","== match report for /home/arjaiswal/Polygeist/issues/aten_c_kernels/results/aten_clamp_min_scalar_cpu/debuf.mlir ==
  match          body#[0]  cudnnPointwiseGraph_f32
  total: 1 matched / 1 bodies
",0,[],0,0,0,0,/home/arjaiswal/Polygeist/issues/aten_c_kernels/results/aten_clamp_min_scalar_cpu/debuf.mlir,1848,8,1,1,500.02194941043854,0,65744,0.0,0,0,0,0,"[{""body_indices"": [0], ""symbol"": ""cudnnPointwiseGraph_f32""}]",1,0,0,0.0,56
aten,aten_clamp_min_scalar_cpu,/home/arjaiswal/Polygeist/issues/aten_c_kernels/results/aten_clamp_min_scalar_cpu/debuf.mlir,b34a7c09c769d54fdba5fcb3ae2846d53409f2fc80a847903ca87a5ef8022804,syntactic,1,ok,0,937.8443472087383,0,"[""/usr/bin/python3"", ""/home/arjaiswal/Polygeist/scripts/correctness/kernel_match_rewrite.py"", ""/home/arjaiswal/Polygeist/issues/aten_c_kernels/results/aten_clamp_min_scalar_cpu/debuf.mlir"", ""--dry-run"", ""--matcher-mode"", ""syntactic"", ""--telemetry-json"", ""/home/arjaiswal/Polygeist/issues/equality_saturation_eval/campaign_20260908/aten-aten_clamp_min_scalar_cpu-syntactic-rp55wsi_.json"", ""--disable-semantic-fallback""]","== match report for /home/arjaiswal/Polygeist/issues/aten_c_kernels/results/aten_clamp_min_scalar_cpu/debuf.mlir ==
  match          body#[0]  cudnnPointwiseGraph_f32
  total: 1 matched / 1 bodies
",0,[],0,0,0,0,/home/arjaiswal/Polygeist/issues/aten_c_kernels/results/aten_clamp_min_scalar_cpu/debuf.mlir,1848,0,1,1,514.7459916770458,0,65984,0.1993514597415924,0,0,0,0,"[{""body_indices"": [0], ""symbol"": ""cudnnPointwiseGraph_f32""}]",1,0,56,0.0,56
aten,aten_clamp_min_scalar_cpu,/home/arjaiswal/Polygeist/issues/aten_c_kernels/results/aten_clamp_min_scalar_cpu/debuf.mlir,b34a7c09c769d54fdba5fcb3ae2846d53409f2fc80a847903ca87a5ef8022804,syntactic,2,ok,0,945.1675415039062,0,"[""/usr/bin/python3"", ""/home/arjaiswal/Polygeist/scripts/correctness/kernel_match_rewrite.py"", ""/home/arjaiswal/Polygeist/issues/aten_c_kernels/results/aten_clamp_min_scalar_cpu/debuf.mlir"", ""--dry-run"", ""--matcher-mode"", ""syntactic"", ""--telemetry-json"", ""/home/arjaiswal/Polygeist/issues/equality_saturation_eval/campaign_20260908/aten-aten_clamp_min_scalar_cpu-syntactic-ymj58hrw.json"", ""--disable-semantic-fallback""]","== match report for /home/arjaiswal/Polygeist/issues/aten_c_kernels/results/aten_clamp_min_scalar_cpu/debuf.mlir ==
  match          body#[0]  cudnnPointwiseGraph_f32
  total: 1 matched / 1 bodies
",0,[],0,0,0,0,/home/arjaiswal/Polygeist/issues/aten_c_kernels/results/aten_clamp_min_scalar_cpu/debuf.mlir,1848,0,1,1,517.3311717808247,0,66132,0.1669377088546753,0,0,0,0,"[{""body_indices"": [0], ""symbol"": ""cudnnPointwiseGraph_f32""}]",1,0,56,0.0,56
aten,aten_clamp_min_scalar_cpu,/home/arjaiswal/Polygeist/issues/aten_c_kernels/results/aten_clamp_min_scalar_cpu/debuf.mlir,b34a7c09c769d54fdba5fcb3ae2846d53409f2fc80a847903ca87a5ef8022804,egglog,2,ok,0,932.9392649233341,0,"[""/usr/bin/python3"", ""/home/arjaiswal/Polygeist/scripts/correctness/kernel_match_rewrite.py"", ""/home/arjaiswal/Polygeist/issues/aten_c_kernels/results/aten_clamp_min_scalar_cpu/debuf.mlir"", ""--dry-run"", ""--matcher-mode"", ""egglog"", ""--telemetry-json"", ""/home/arjaiswal/Polygeist/issues/equality_saturation_eval/campaign_20260908/aten-aten_clamp_min_scalar_cpu-egglog-573zne6r.json"", ""--disable-semantic-fallback""]","== match report for /home/arjaiswal/Polygeist/issues/aten_c_kernels/results/aten_clamp_min_scalar_cpu/debuf.mlir ==
  match          body#[0]  cudnnPointwiseGraph_f32
  total: 1 matched / 1 bodies
",0,[],0,0,0,0,/home/arjaiswal/Polygeist/issues/aten_c_kernels/results/aten_clamp_min_scalar_cpu/debuf.mlir,1848,8,1,1,517.8988911211491,0,65904,0.0,0,0,0,0,"[{""body_indices"": [0], ""symbol"": ""cudnnPointwiseGraph_f32""}]",1,0,0,0.0,56
aten,aten_clamp_min_scalar_cpu,/home/arjaiswal/Polygeist/issues/aten_c_kernels/results/aten_clamp_min_scalar_cpu/debuf.mlir,b34a7c09c769d54fdba5fcb3ae2846d53409f2fc80a847903ca87a5ef8022804,egglog,3,ok,0,955.4670490324497,0,"[""/usr/bin/python3"", ""/home/arjaiswal/Polygeist/scripts/correctness/kernel_match_rewrite.py"", ""/home/arjaiswal/Polygeist/issues/aten_c_kernels/results/aten_clamp_min_scalar_cpu/debuf.mlir"", ""--dry-run"", ""--matcher-mode"", ""egglog"", ""--telemetry-json"", ""/home/arjaiswal/Polygeist/issues/equality_saturation_eval/campaign_20260908/aten-aten_clamp_min_scalar_cpu-egglog-95y_3kx8.json"", ""--disable-semantic-fallback""]","== match report for /home/arjaiswal/Polygeist/issues/aten_c_kernels/results/aten_clamp_min_scalar_cpu/debuf.mlir ==
  match          body#[0]  cudnnPointwiseGraph_f32
  total: 1 matched / 1 bodies
",0,[],0,0,0,0,/home/arjaiswal/Polygeist/issues/aten_c_kernels/results/aten_clamp_min_scalar_cpu/debuf.mlir,1848,8,1,1,522.4847085773945,0,65936,0.0,0,0,0,0,"[{""body_indices"": [0], ""symbol"": ""cudnnPointwiseGraph_f32""}]",1,0,0,0.0,56
aten,aten_clamp_min_scalar_cpu,/home/arjaiswal/Polygeist/issues/aten_c_kernels/results/aten_clamp_min_scalar_cpu/debuf.mlir,b34a7c09c769d54fdba5fcb3ae2846d53409f2fc80a847903ca87a5ef8022804,syntactic,3,ok,0,992.2404885292053,0,"[""/usr/bin/python3"", ""/home/arjaiswal/Polygeist/scripts/correctness/kernel_match_rewrite.py"", ""/home/arjaiswal/Polygeist/issues/aten_c_kernels/results/aten_clamp_min_scalar_cpu/debuf.mlir"", ""--dry-run"", ""--matcher-mode"", ""syntactic"", ""--telemetry-json"", ""/home/arjaiswal/Polygeist/issues/equality_saturation_eval/campaign_20260908/aten-aten_clamp_min_scalar_cpu-syntactic-ym3ra675.json"", ""--disable-semantic-fallback""]","== match report for /home/arjaiswal/Polygeist/issues/aten_c_kernels/results/aten_clamp_min_scalar_cpu/debuf.mlir ==
  match          body#[0]  cudnnPointwiseGraph_f32
  total: 1 matched / 1 bodies
",0,[],0,0,0,0,/home/arjaiswal/Polygeist/issues/aten_c_kernels/results/aten_clamp_min_scalar_cpu/debuf.mlir,1848,0,1,1,526.207722723484,0,66068,0.14758482575416565,0,0,0,0,"[{""body_indices"": [0], ""symbol"": ""cudnnPointwiseGraph_f32""}]",1,0,56,0.0,56
aten,aten_clamp_min_scalar_cpu,/home/arjaiswal/Polygeist/issues/aten_c_kernels/results/aten_clamp_min_scalar_cpu/debuf.mlir,b34a7c09c769d54fdba5fcb3ae2846d53409f2fc80a847903ca87a5ef8022804,syntactic,4,ok,0,970.5879501998425,0,"[""/usr/bin/python3"", ""/home/arjaiswal/Polygeist/scripts/correctness/kernel_match_rewrite.py"", ""/home/arjaiswal/Polygeist/issues/aten_c_kernels/results/aten_clamp_min_scalar_cpu/debuf.mlir"", ""--dry-run"", ""--matcher-mode"", ""syntactic"", ""--telemetry-json"", ""/home/arjaiswal/Polygeist/issues/equality_saturation_eval/campaign_20260908/aten-aten_clamp_min_scalar_cpu-syntactic-ey0aw6j8.json"", ""--disable-semantic-fallback""]","== match report for /home/arjaiswal/Polygeist/issues/aten_c_kernels/results/aten_clamp_min_scalar_cpu/debuf.mlir ==
  match          body#[0]  cudnnPointwiseGraph_f32
  total: 1 matched / 1 bodies
",0,[],0,0,0,0,/home/arjaiswal/Polygeist/issues/aten_c_kernels/results/aten_clamp_min_scalar_cpu/debuf.mlir,1848,0,1,1,517.6019333302975,0,66020,0.1464448869228363,0,0,0,0,"[{""body_indices"": [0], ""symbol"": ""cudnnPointwiseGraph_f32""}]",1,0,56,0.0,56
aten,aten_clamp_min_scalar_cpu,/home/arjaiswal/Polygeist/issues/aten_c_kernels/results/aten_clamp_min_scalar_cpu/debuf.mlir,b34a7c09c769d54fdba5fcb3ae2846d53409f2fc80a847903ca87a5ef8022804,egglog,4,ok,0,920.2636033296585,0,"[""/usr/bin/python3"", ""/home/arjaiswal/Polygeist/scripts/correctness/kernel_match_rewrite.py"", ""/home/arjaiswal/Polygeist/issues/aten_c_kernels/results/aten_clamp_min_scalar_cpu/debuf.mlir"", ""--dry-run"", ""--matcher-mode"", ""egglog"", ""--telemetry-json"", ""/home/arjaiswal/Polygeist/issues/equality_saturation_eval/campaign_20260908/aten-aten_clamp_min_scalar_cpu-egglog-f6uapo8h.json"", ""--disable-semantic-fallback""]","== match report for /home/arjaiswal/Polygeist/issues/aten_c_kernels/results/aten_clamp_min_scalar_cpu/debuf.mlir ==
  match          body#[0]  cudnnPointwiseGraph_f32
  total: 1 matched / 1 bodies
",0,[],0,0,0,0,/home/arjaiswal/Polygeist/issues/aten_c_kernels/results/aten_clamp_min_scalar_cpu/debuf.mlir,1848,8,1,1,513.0990147590637,0,66096,0.0,0,0,0,0,"[{""body_indices"": [0], ""symbol"": ""cudnnPointwiseGraph_f32""}]",1,0,0,0.0,56
aten,aten_clamp_min_scalar_cpu,/home/arjaiswal/Polygeist/issues/aten_c_kernels/results/aten_clamp_min_scalar_cpu/debuf.mlir,b34a7c09c769d54fdba5fcb3ae2846d53409f2fc80a847903ca87a5ef8022804,egglog,5,ok,0,924.1688400506973,0,"[""/usr/bin/python3"", ""/home/arjaiswal/Polygeist/scripts/correctness/kernel_match_rewrite.py"", ""/home/arjaiswal/Polygeist/issues/aten_c_kernels/results/aten_clamp_min_scalar_cpu/debuf.mlir"", ""--dry-run"", ""--matcher-mode"", ""egglog"", ""--telemetry-json"", ""/home/arjaiswal/Polygeist/issues/equality_saturation_eval/campaign_20260908/aten-aten_clamp_min_scalar_cpu-egglog-onn5ru67.json"", ""--disable-semantic-fallback""]","== match report for /home/arjaiswal/Polygeist/issues/aten_c_kernels/results/aten_clamp_min_scalar_cpu/debuf.mlir ==
  match          body#[0]  cudnnPointwiseGraph_f32
  total: 1 matched / 1 bodies
",0,[],0,0,0,0,/home/arjaiswal/Polygeist/issues/aten_c_kernels/results/aten_clamp_min_scalar_cpu/debuf.mlir,1848,8,1,1,503.21992486715317,0,65920,0.0,0,0,0,0,"[{""body_indices"": [0], ""symbol"": ""cudnnPointwiseGraph_f32""}]",1,0,0,0.0,56
aten,aten_clamp_min_scalar_cpu,/home/arjaiswal/Polygeist/issues/aten_c_kernels/results/aten_clamp_min_scalar_cpu/debuf.mlir,b34a7c09c769d54fdba5fcb3ae2846d53409f2fc80a847903ca87a5ef8022804,syntactic,5,ok,0,944.0319053828716,0,"[""/usr/bin/python3"", ""/home/arjaiswal/Polygeist/scripts/correctness/kernel_match_rewrite.py"", ""/home/arjaiswal/Polygeist/issues/aten_c_kernels/results/aten_clamp_min_scalar_cpu/debuf.mlir"", ""--dry-run"", ""--matcher-mode"", ""syntactic"", ""--telemetry-json"", ""/home/arjaiswal/Polygeist/issues/equality_saturation_eval/campaign_20260908/aten-aten_clamp_min_scalar_cpu-syntactic-jd7rygsu.json"", ""--disable-semantic-fallback""]","== match report for /home/arjaiswal/Polygeist/issues/aten_c_kernels/results/aten_clamp_min_scalar_cpu/debuf.mlir ==
  match          body#[0]  cudnnPointwiseGraph_f32
  total: 1 matched / 1 bodies
",0,[],0,0,0,0,/home/arjaiswal/Polygeist/issues/aten_c_kernels/results/aten_clamp_min_scalar_cpu/debuf.mlir,1848,0,1,1,524.3873782455921,0,65840,0.15928596258163452,0,0,0,0,"[{""body_indices"": [0], ""symbol"": ""cudnnPointwiseGraph_f32""}]",1,0,56,0.0,56
aten,aten_clamp_scalar_cpu,/home/arjaiswal/Polygeist/issues/aten_c_kernels/results/aten_clamp_scalar_cpu/debuf.mlir,55ee8bedaa91e3f2875017af4fcc873759c600dbc54541d9a3e4c8f61cef5869,syntactic,1,ok,0,1059.1404624283314,0,"[""/usr/bin/python3"", ""/home/arjaiswal/Polygeist/scripts/correctness/kernel_match_rewrite.py"", ""/home/arjaiswal/Polygeist/issues/aten_c_kernels/results/aten_clamp_scalar_cpu/debuf.mlir"", ""--dry-run"", ""--matcher-mode"", ""syntactic"", ""--telemetry-json"", ""/home/arjaiswal/Polygeist/issues/equality_saturation_eval/campaign_20260908/aten-aten_clamp_scalar_cpu-syntactic-rs4crvkf.json"", ""--disable-semantic-fallback""]","== match report for /home/arjaiswal/Polygeist/issues/aten_c_kernels/results/aten_clamp_scalar_cpu/debuf.mlir ==
  match          body#[0]  cudnnPointwiseGraph_f32
  total: 1 matched / 1 bodies
",0,[],0,0,0,0,/home/arjaiswal/Polygeist/issues/aten_c_kernels/results/aten_clamp_scalar_cpu/debuf.mlir,1944,0,1,1,599.5230451226234,0,66272,0.16958266496658325,0,0,0,0,"[{""body_indices"": [0], ""symbol"": ""cudnnPointwiseGraph_f32""}]",1,0,56,0.0,56
aten,aten_clamp_scalar_cpu,/home/arjaiswal/Polygeist/issues/aten_c_kernels/results/aten_clamp_scalar_cpu/debuf.mlir,55ee8bedaa91e3f2875017af4fcc873759c600dbc54541d9a3e4c8f61cef5869,egglog,1,ok,0,1040.5666269361973,0,"[""/usr/bin/python3"", ""/home/arjaiswal/Polygeist/scripts/correctness/kernel_match_rewrite.py"", ""/home/arjaiswal/Polygeist/issues/aten_c_kernels/results/aten_clamp_scalar_cpu/debuf.mlir"", ""--dry-run"", ""--matcher-mode"", ""egglog"", ""--telemetry-json"", ""/home/arjaiswal/Polygeist/issues/equality_saturation_eval/campaign_20260908/aten-aten_clamp_scalar_cpu-egglog-17lld7u4.json"", ""--disable-semantic-fallback""]","== match report for /home/arjaiswal/Polygeist/issues/aten_c_kernels/results/aten_clamp_scalar_cpu/debuf.mlir ==
  match          body#[0]  cudnnPointwiseGraph_f32
  total: 1 matched / 1 bodies
",0,[],0,0,0,0,/home/arjaiswal/Polygeist/issues/aten_c_kernels/results/aten_clamp_scalar_cpu/debuf.mlir,1944,8,1,1,602.4246998131275,0,66316,0.0,0,0,0,0,"[{""body_indices"": [0], ""symbol"": ""cudnnPointwiseGraph_f32""}]",1,0,0,0.0,56
aten,aten_clamp_scalar_cpu,/home/arjaiswal/Polygeist/issues/aten_c_kernels/results/aten_clamp_scalar_cpu/debuf.mlir,55ee8bedaa91e3f2875017af4fcc873759c600dbc54541d9a3e4c8f61cef5869,egglog,2,ok,0,1013.9866471290588,0,"[""/usr/bin/python3"", ""/home/arjaiswal/Polygeist/scripts/correctness/kernel_match_rewrite.py"", ""/home/arjaiswal/Polygeist/issues/aten_c_kernels/results/aten_clamp_scalar_cpu/debuf.mlir"", ""--dry-run"", ""--matcher-mode"", ""egglog"", ""--telemetry-json"", ""/home/arjaiswal/Polygeist/issues/equality_saturation_eval/campaign_20260908/aten-aten_clamp_scalar_cpu-egglog-uhp_2o88.json"", ""--disable-semantic-fallback""]","== match report for /home/arjaiswal/Polygeist/issues/aten_c_kernels/results/aten_clamp_scalar_cpu/debuf.mlir ==
  match          body#[0]  cudnnPointwiseGraph_f32
  total: 1 matched / 1 bodies
",0,[],0,0,0,0,/home/arjaiswal/Polygeist/issues/aten_c_kernels/results/aten_clamp_scalar_cpu/debuf.mlir,1944,8,1,1,589.001938700676,0,66380,0.0,0,0,0,0,"[{""body_indices"": [0], ""symbol"": ""cudnnPointwiseGraph_f32""}]",1,0,0,0.0,56
aten,aten_clamp_scalar_cpu,/home/arjaiswal/Polygeist/issues/aten_c_kernels/results/aten_clamp_scalar_cpu/debuf.mlir,55ee8bedaa91e3f2875017af4fcc873759c600dbc54541d9a3e4c8f61cef5869,syntactic,2,ok,0,1003.9947219192982,0,"[""/usr/bin/python3"", ""/home/arjaiswal/Polygeist/scripts/correctness/kernel_match_rewrite.py"", ""/home/arjaiswal/Polygeist/issues/aten_c_kernels/results/aten_clamp_scalar_cpu/debuf.mlir"", ""--dry-run"", ""--matcher-mode"", ""syntactic"", ""--telemetry-json"", ""/home/arjaiswal/Polygeist/issues/equality_saturation_eval/campaign_20260908/aten-aten_clamp_scalar_cpu-syntactic-kiiz41t1.json"", ""--disable-semantic-fallback""]","== match report for /home/arjaiswal/Polygeist/issues/aten_c_kernels/results/aten_clamp_scalar_cpu/debuf.mlir ==
  match          body#[0]  cudnnPointwiseGraph_f32
  total: 1 matched / 1 bodies
",0,[],0,0,0,0,/home/arjaiswal/Polygeist/issues/aten_c_kernels/results/aten_clamp_scalar_cpu/debuf.mlir,1944,0,1,1,587.1469862759113,0,66120,0.15298649668693542,0,0,0,0,"[{""body_indices"": [0], ""symbol"": ""cudnnPointwiseGraph_f32""}]",1,0,56,0.0,56
aten,aten_clamp_scalar_cpu,/home/arjaiswal/Polygeist/issues/aten_c_kernels/results/aten_clamp_scalar_cpu/debuf.mlir,55ee8bedaa91e3f2875017af4fcc873759c600dbc54541d9a3e4c8f61cef5869,syntactic,3,ok,0,1059.5301911234856,0,"[""/usr/bin/python3"", ""/home/arjaiswal/Polygeist/scripts/correctness/kernel_match_rewrite.py"", ""/home/arjaiswal/Polygeist/issues/aten_c_kernels/results/aten_clamp_scalar_cpu/debuf.mlir"", ""--dry-run"", ""--matcher-mode"", ""syntactic"", ""--telemetry-json"", ""/home/arjaiswal/Polygeist/issues/equality_saturation_eval/campaign_20260908/aten-aten_clamp_scalar_cpu-syntactic-a4jhzqjf.json"", ""--disable-semantic-fallback""]","== match report for /home/arjaiswal/Polygeist/issues/aten_c_kernels/results/aten_clamp_scalar_cpu/debuf.mlir ==
  match          body#[0]  cudnnPointwiseGraph_f32
  total: 1 matched / 1 bodies
",0,[],0,0,0,0,/home/arjaiswal/Polygeist/issues/aten_c_kernels/results/aten_clamp_scalar_cpu/debuf.mlir,1944,0,1,1,634.338028728962,0,66036,0.1837797462940216,0,0,0,0,"[{""body_indices"": [0], ""symbol"": ""cudnnPointwiseGraph_f32""}]",1,0,56,0.0,56
aten,aten_clamp_scalar_cpu,/home/arjaiswal/Polygeist/issues/aten_c_kernels/results/aten_clamp_scalar_cpu/debuf.mlir,55ee8bedaa91e3f2875017af4fcc873759c600dbc54541d9a3e4c8f61cef5869,egglog,3,ok,0,1123.8830834627151,0,"[""/usr/bin/python3"", ""/home/arjaiswal/Polygeist/scripts/correctness/kernel_match_rewrite.py"", ""/home/arjaiswal/Polygeist/issues/aten_c_kernels/results/aten_clamp_scalar_cpu/debuf.mlir"", ""--dry-run"", ""--matcher-mode"", ""egglog"", ""--telemetry-json"", ""/home/arjaiswal/Polygeist/issues/equality_saturation_eval/campaign_20260908/aten-aten_clamp_scalar_cpu-egglog-nhxf7q1o.json"", ""--disable-semantic-fallback""]","== match report for /home/arjaiswal/Polygeist/issues/aten_c_kernels/results/aten_clamp_scalar_cpu/debuf.mlir ==
  match          body#[0]  cudnnPointwiseGraph_f32
  total: 1 matched / 1 bodies
",0,[],0,0,0,0,/home/arjaiswal/Polygeist/issues/aten_c_kernels/results/aten_clamp_scalar_cpu/debuf.mlir,1944,8,1,1,670.7899942994118,0,66280,0.0,0,0,0,0,"[{""body_indices"": [0], ""symbol"": ""cudnnPointwiseGraph_f32""}]",1,0,0,0.0,56
aten,aten_clamp_scalar_cpu,/home/arjaiswal/Polygeist/issues/aten_c_kernels/results/aten_clamp_scalar_cpu/debuf.mlir,55ee8bedaa91e3f2875017af4fcc873759c600dbc54541d9a3e4c8f61cef5869,egglog,4,ok,0,1031.490609049797,0,"[""/usr/bin/python3"", ""/home/arjaiswal/Polygeist/scripts/correctness/kernel_match_rewrite.py"", ""/home/arjaiswal/Polygeist/issues/aten_c_kernels/results/aten_clamp_scalar_cpu/debuf.mlir"", ""--dry-run"", ""--matcher-mode"", ""egglog"", ""--telemetry-json"", ""/home/arjaiswal/Polygeist/issues/equality_saturation_eval/campaign_20260908/aten-aten_clamp_scalar_cpu-egglog-cxguiekr.json"", ""--disable-semantic-fallback""]","== match report for /home/arjaiswal/Polygeist/issues/aten_c_kernels/results/aten_clamp_scalar_cpu/debuf.mlir ==
  match          body#[0]  cudnnPointwiseGraph_f32
  total: 1 matched / 1 bodies
",0,[],0,0,0,0,/home/arjaiswal/Polygeist/issues/aten_c_kernels/results/aten_clamp_scalar_cpu/debuf.mlir,1944,8,1,1,605.6914441287518,0,66380,0.0,0,0,0,0,"[{""body_indices"": [0], ""symbol"": ""cudnnPointwiseGraph_f32""}]",1,0,0,0.0,56
aten,aten_clamp_scalar_cpu,/home/arjaiswal/Polygeist/issues/aten_c_kernels/results/aten_clamp_scalar_cpu/debuf.mlir,55ee8bedaa91e3f2875017af4fcc873759c600dbc54541d9a3e4c8f61cef5869,syntactic,4,ok,0,1039.733923971653,0,"[""/usr/bin/python3"", ""/home/arjaiswal/Polygeist/scripts/correctness/kernel_match_rewrite.py"", ""/home/arjaiswal/Polygeist/issues/aten_c_kernels/results/aten_clamp_scalar_cpu/debuf.mlir"", ""--dry-run"", ""--matcher-mode"", ""syntactic"", ""--telemetry-json"", ""/home/arjaiswal/Polygeist/issues/equality_saturation_eval/campaign_20260908/aten-aten_clamp_scalar_cpu-syntactic-yb4vktoc.json"", ""--disable-semantic-fallback""]","== match report for /home/arjaiswal/Polygeist/issues/aten_c_kernels/results/aten_clamp_scalar_cpu/debuf.mlir ==
  match          body#[0]  cudnnPointwiseGraph_f32
  total: 1 matched / 1 bodies
",0,[],0,0,0,0,/home/arjaiswal/Polygeist/issues/aten_c_kernels/results/aten_clamp_scalar_cpu/debuf.mlir,1944,0,1,1,614.2780929803848,0,66416,0.1710169017314911,0,0,0,0,"[{""body_indices"": [0], ""symbol"": ""cudnnPointwiseGraph_f32""}]",1,0,56,0.0,56
aten,aten_clamp_scalar_cpu,/home/arjaiswal/Polygeist/issues/aten_c_kernels/results/aten_clamp_scalar_cpu/debuf.mlir,55ee8bedaa91e3f2875017af4fcc873759c600dbc54541d9a3e4c8f61cef5869,syntactic,5,ok,0,1031.235933303833,0,"[""/usr/bin/python3"", ""/home/arjaiswal/Polygeist/scripts/correctness/kernel_match_rewrite.py"", ""/home/arjaiswal/Polygeist/issues/aten_c_kernels/results/aten_clamp_scalar_cpu/debuf.mlir"", ""--dry-run"", ""--matcher-mode"", ""syntactic"", ""--telemetry-json"", ""/home/arjaiswal/Polygeist/issues/equality_saturation_eval/campaign_20260908/aten-aten_clamp_scalar_cpu-syntactic-w9moo8iu.json"", ""--disable-semantic-fallback""]","== match report for /home/arjaiswal/Polygeist/issues/aten_c_kernels/results/aten_clamp_scalar_cpu/debuf.mlir ==
  match          body#[0]  cudnnPointwiseGraph_f32
  total: 1 matched / 1 bodies
",0,[],0,0,0,0,/home/arjaiswal/Polygeist/issues/aten_c_kernels/results/aten_clamp_scalar_cpu/debuf.mlir,1944,0,1,1,598.9412926137447,0,66408,0.1679547131061554,0,0,0,0,"[{""body_indices"": [0], ""symbol"": ""cudnnPointwiseGraph_f32""}]",1,0,56,0.0,56
aten,aten_clamp_scalar_cpu,/home/arjaiswal/Polygeist/issues/aten_c_kernels/results/aten_clamp_scalar_cpu/debuf.mlir,55ee8bedaa91e3f2875017af4fcc873759c600dbc54541d9a3e4c8f61cef5869,egglog,5,ok,0,1036.4136211574078,0,"[""/usr/bin/python3"", ""/home/arjaiswal/Polygeist/scripts/correctness/kernel_match_rewrite.py"", ""/home/arjaiswal/Polygeist/issues/aten_c_kernels/results/aten_clamp_scalar_cpu/debuf.mlir"", ""--dry-run"", ""--matcher-mode"", ""egglog"", ""--telemetry-json"", ""/home/arjaiswal/Polygeist/issues/equality_saturation_eval/campaign_20260908/aten-aten_clamp_scalar_cpu-egglog-u_yx7jnk.json"", ""--disable-semantic-fallback""]","== match report for /home/arjaiswal/Polygeist/issues/aten_c_kernels/results/aten_clamp_scalar_cpu/debuf.mlir ==
  match          body#[0]  cudnnPointwiseGraph_f32
  total: 1 matched / 1 bodies
",0,[],0,0,0,0,/home/arjaiswal/Polygeist/issues/aten_c_kernels/results/aten_clamp_scalar_cpu/debuf.mlir,1944,8,1,1,602.6461124420166,0,66484,0.0,0,0,0,0,"[{""body_indices"": [0], ""symbol"": ""cudnnPointwiseGraph_f32""}]",1,0,0,0.0,56
aten,aten_coalesce_sparse_cpu,/home/arjaiswal/Polygeist/issues/aten_c_kernels/results/aten_coalesce_sparse_cpu/debuf.mlir,41e69b1c455322bc883468585629f1ef730592cbb830858a3892c0345786943f,egglog,1,ok,0,702.4856843054295,0,"[""/usr/bin/python3"", ""/home/arjaiswal/Polygeist/scripts/correctness/kernel_match_rewrite.py"", ""/home/arjaiswal/Polygeist/issues/aten_c_kernels/results/aten_coalesce_sparse_cpu/debuf.mlir"", ""--dry-run"", ""--matcher-mode"", ""egglog"", ""--telemetry-json"", ""/home/arjaiswal/Polygeist/issues/equality_saturation_eval/campaign_20260908/aten-aten_coalesce_sparse_cpu-egglog-dm7zyu4x.json"", ""--disable-semantic-fallback""]","== match report for /home/arjaiswal/Polygeist/issues/aten_c_kernels/results/aten_coalesce_sparse_cpu/debuf.mlir ==
  total: 0 matched / 0 bodies
",0,[],0,0,0,0,/home/arjaiswal/Polygeist/issues/aten_c_kernels/results/aten_coalesce_sparse_cpu/debuf.mlir,3988,8,0,0,262.06742599606514,0,64780,0.0,0,0,0,0,[],0,0,0,0.0,0
aten,aten_coalesce_sparse_cpu,/home/arjaiswal/Polygeist/issues/aten_c_kernels/results/aten_coalesce_sparse_cpu/debuf.mlir,41e69b1c455322bc883468585629f1ef730592cbb830858a3892c0345786943f,syntactic,1,ok,0,664.0708930790424,0,"[""/usr/bin/python3"", ""/home/arjaiswal/Polygeist/scripts/correctness/kernel_match_rewrite.py"", ""/home/arjaiswal/Polygeist/issues/aten_c_kernels/results/aten_coalesce_sparse_cpu/debuf.mlir"", ""--dry-run"", ""--matcher-mode"", ""syntactic"", ""--telemetry-json"", ""/home/arjaiswal/Polygeist/issues/equality_saturation_eval/campaign_20260908/aten-aten_coalesce_sparse_cpu-syntactic-hpz1dnv7.json"", ""--disable-semantic-fallback""]","== match report for /home/arjaiswal/Polygeist/issues/aten_c_kernels/results/aten_coalesce_sparse_cpu/debuf.mlir ==
  total: 0 matched / 0 bodies
",0,[],0,0,0,0,/home/arjaiswal/Polygeist/issues/aten_c_kernels/results/aten_coalesce_sparse_cpu/debuf.mlir,3988,0,0,0,250.69493800401688,0,64528,0.0,0,0,0,0,[],0,0,0,0.0,0
aten,aten_coalesce_sparse_cpu,/home/arjaiswal/Polygeist/issues/aten_c_kernels/results/aten_coalesce_sparse_cpu/debuf.mlir,41e69b1c455322bc883468585629f1ef730592cbb830858a3892c0345786943f,syntactic,2,ok,0,672.7595217525959,0,"[""/usr/bin/python3"", ""/home/arjaiswal/Polygeist/scripts/correctness/kernel_match_rewrite.py"", ""/home/arjaiswal/Polygeist/issues/aten_c_kernels/results/aten_coalesce_sparse_cpu/debuf.mlir"", ""--dry-run"", ""--matcher-mode"", ""syntactic"", ""--telemetry-json"", ""/home/arjaiswal/Polygeist/issues/equality_saturation_eval/campaign_20260908/aten-aten_coalesce_sparse_cpu-syntactic-mo0qmc0y.json"", ""--disable-semantic-fallback""]","== match report for /home/arjaiswal/Polygeist/issues/aten_c_kernels/results/aten_coalesce_sparse_cpu/debuf.mlir ==
  total: 0 matched / 0 bodies
",0,[],0,0,0,0,/home/arjaiswal/Polygeist/issues/aten_c_kernels/results/aten_coalesce_sparse_cpu/debuf.mlir,3988,0,0,0,258.7342858314514,0,64696,0.0,0,0,0,0,[],0,0,0,0.0,0
aten,aten_coalesce_sparse_cpu,/home/arjaiswal/Polygeist/issues/aten_c_kernels/results/aten_coalesce_sparse_cpu/debuf.mlir,41e69b1c455322bc883468585629f1ef730592cbb830858a3892c0345786943f,egglog,2,ok,0,669.0494790673256,0,"[""/usr/bin/python3"", ""/home/arjaiswal/Polygeist/scripts/correctness/kernel_match_rewrite.py"", ""/home/arjaiswal/Polygeist/issues/aten_c_kernels/results/aten_coalesce_sparse_cpu/debuf.mlir"", ""--dry-run"", ""--matcher-mode"", ""egglog"", ""--telemetry-json"", ""/home/arjaiswal/Polygeist/issues/equality_saturation_eval/campaign_20260908/aten-aten_coalesce_sparse_cpu-egglog-tmag6v89.json"", ""--disable-semantic-fallback""]","== match report for /home/arjaiswal/Polygeist/issues/aten_c_kernels/results/aten_coalesce_sparse_cpu/debuf.mlir ==
  total: 0 matched / 0 bodies
",0,[],0,0,0,0,/home/arjaiswal/Polygeist/issues/aten_c_kernels/results/aten_coalesce_sparse_cpu/debuf.mlir,3988,8,0,0,269.96713131666183,0,64708,0.0,0,0,0,0,[],0,0,0,0.0,0
aten,aten_coalesce_sparse_cpu,/home/arjaiswal/Polygeist/issues/aten_c_kernels/results/aten_coalesce_sparse_cpu/debuf.mlir,41e69b1c455322bc883468585629f1ef730592cbb830858a3892c0345786943f,egglog,3,ok,0,687.5336728990078,0,"[""/usr/bin/python3"", ""/home/arjaiswal/Polygeist/scripts/correctness/kernel_match_rewrite.py"", ""/home/arjaiswal/Polygeist/issues/aten_c_kernels/results/aten_coalesce_sparse_cpu/debuf.mlir"", ""--dry-run"", ""--matcher-mode"", ""egglog"", ""--telemetry-json"", ""/home/arjaiswal/Polygeist/issues/equality_saturation_eval/campaign_20260908/aten-aten_coalesce_sparse_cpu-egglog-p098f_ap.json"", ""--disable-semantic-fallback""]","== match report for /home/arjaiswal/Polygeist/issues/aten_c_kernels/results/aten_coalesce_sparse_cpu/debuf.mlir ==
  total: 0 matched / 0 bodies
",0,[],0,0,0,0,/home/arjaiswal/Polygeist/issues/aten_c_kernels/results/aten_coalesce_sparse_cpu/debuf.mlir,3988,8,0,0,255.33905997872353,0,64796,0.0,0,0,0,0,[],0,0,0,0.0,0
aten,aten_coalesce_sparse_cpu,/home/arjaiswal/Polygeist/issues/aten_c_kernels/results/aten_coalesce_sparse_cpu/debuf.mlir,41e69b1c455322bc883468585629f1ef730592cbb830858a3892c0345786943f,syntactic,3,ok,0,705.0783894956112,0,"[""/usr/bin/python3"", ""/home/arjaiswal/Polygeist/scripts/correctness/kernel_match_rewrite.py"", ""/home/arjaiswal/Polygeist/issues/aten_c_kernels/results/aten_coalesce_sparse_cpu/debuf.mlir"", ""--dry-run"", ""--matcher-mode"", ""syntactic"", ""--telemetry-json"", ""/home/arjaiswal/Polygeist/issues/equality_saturation_eval/campaign_20260908/aten-aten_coalesce_sparse_cpu-syntactic-jfltwxwo.json"", ""--disable-semantic-fallback""]","== match report for /home/arjaiswal/Polygeist/issues/aten_c_kernels/results/aten_coalesce_sparse_cpu/debuf.mlir ==
  total: 0 matched / 0 bodies
",0,[],0,0,0,0,/home/arjaiswal/Polygeist/issues/aten_c_kernels/results/aten_coalesce_sparse_cpu/debuf.mlir,3988,0,0,0,275.8687473833561,0,64696,0.0,0,0,0,0,[],0,0,0,0.0,0
aten,aten_coalesce_sparse_cpu,/home/arjaiswal/Polygeist/issues/aten_c_kernels/results/aten_coalesce_sparse_cpu/debuf.mlir,41e69b1c455322bc883468585629f1ef730592cbb830858a3892c0345786943f,syntactic,4,ok,0,688.4518638253212,0,"[""/usr/bin/python3"", ""/home/arjaiswal/Polygeist/scripts/correctness/kernel_match_rewrite.py"", ""/home/arjaiswal/Polygeist/issues/aten_c_kernels/results/aten_coalesce_sparse_cpu/debuf.mlir"", ""--dry-run"", ""--matcher-mode"", ""syntactic"", ""--telemetry-json"", ""/home/arjaiswal/Polygeist/issues/equality_saturation_eval/campaign_20260908/aten-aten_coalesce_sparse_cpu-syntactic-n43goggk.json"", ""--disable-semantic-fallback""]","== match report for /home/arjaiswal/Polygeist/issues/aten_c_kernels/results/aten_coalesce_sparse_cpu/debuf.mlir ==
  total: 0 matched / 0 bodies
",0,[],0,0,0,0,/home/arjaiswal/Polygeist/issues/aten_c_kernels/results/aten_coalesce_sparse_cpu/debuf.mlir,3988,0,0,0,270.3137621283531,0,64824,0.0,0,0,0,0,[],0,0,0,0.0,0
aten,aten_coalesce_sparse_cpu,/home/arjaiswal/Polygeist/issues/aten_c_kernels/results/aten_coalesce_sparse_cpu/debuf.mlir,41e69b1c455322bc883468585629f1ef730592cbb830858a3892c0345786943f,egglog,4,ok,0,683.7558634579182,0,"[""/usr/bin/python3"", ""/home/arjaiswal/Polygeist/scripts/correctness/kernel_match_rewrite.py"", ""/home/arjaiswal/Polygeist/issues/aten_c_kernels/results/aten_coalesce_sparse_cpu/debuf.mlir"", ""--dry-run"", ""--matcher-mode"", ""egglog"", ""--telemetry-json"", ""/home/arjaiswal/Polygeist/issues/equality_saturation_eval/campaign_20260908/aten-aten_coalesce_sparse_cpu-egglog-0e0wtkgg.json"", ""--disable-semantic-fallback""]","== match report for /home/arjaiswal/Polygeist/issues/aten_c_kernels/results/aten_coalesce_sparse_cpu/debuf.mlir ==
  total: 0 matched / 0 bodies
",0,[],0,0,0,0,/home/arjaiswal/Polygeist/issues/aten_c_kernels/results/aten_coalesce_sparse_cpu/debuf.mlir,3988,8,0,0,267.08909496665,0,64884,0.0,0,0,0,0,[],0,0,0,0.0,0
aten,aten_coalesce_sparse_cpu,/home/arjaiswal/Polygeist/issues/aten_c_kernels/results/aten_coalesce_sparse_cpu/debuf.mlir,41e69b1c455322bc883468585629f1ef730592cbb830858a3892c0345786943f,egglog,5,ok,0,719.6089141070843,0,"[""/usr/bin/python3"", ""/home/arjaiswal/Polygeist/scripts/correctness/kernel_match_rewrite.py"", ""/home/arjaiswal/Polygeist/issues/aten_c_kernels/results/aten_coalesce_sparse_cpu/debuf.mlir"", ""--dry-run"", ""--matcher-mode"", ""egglog"", ""--telemetry-json"", ""/home/arjaiswal/Polygeist/issues/equality_saturation_eval/campaign_20260908/aten-aten_coalesce_sparse_cpu-egglog-0gx5kjc3.json"", ""--disable-semantic-fallback""]","== match report for /home/arjaiswal/Polygeist/issues/aten_c_kernels/results/aten_coalesce_sparse_cpu/debuf.mlir ==
  total: 0 matched / 0 bodies
",0,[],0,0,0,0,/home/arjaiswal/Polygeist/issues/aten_c_kernels/results/aten_coalesce_sparse_cpu/debuf.mlir,3988,8,0,0,254.90641221404076,0,64864,0.0,0,0,0,0,[],0,0,0,0.0,0
aten,aten_coalesce_sparse_cpu,/home/arjaiswal/Polygeist/issues/aten_c_kernels/results/aten_coalesce_sparse_cpu/debuf.mlir,41e69b1c455322bc883468585629f1ef730592cbb830858a3892c0345786943f,syntactic,5,ok,0,708.307322114706,0,"[""/usr/bin/python3"", ""/home/arjaiswal/Polygeist/scripts/correctness/kernel_match_rewrite.py"", ""/home/arjaiswal/Polygeist/issues/aten_c_kernels/results/aten_coalesce_sparse_cpu/debuf.mlir"", ""--dry-run"", ""--matcher-mode"", ""syntactic"", ""--telemetry-json"", ""/home/arjaiswal/Polygeist/issues/equality_saturation_eval/campaign_20260908/aten-aten_coalesce_sparse_cpu-syntactic-joij5x89.json"", ""--disable-semantic-fallback""]","== match report for /home/arjaiswal/Polygeist/issues/aten_c_kernels/results/aten_coalesce_sparse_cpu/debuf.mlir ==
  total: 0 matched / 0 bodies
",0,[],0,0,0,0,/home/arjaiswal/Polygeist/issues/aten_c_kernels/results/aten_coalesce_sparse_cpu/debuf.mlir,3988,0,0,0,277.99632027745247,0,64628,0.0,0,0,0,0,[],0,0,0,0.0,0
aten,aten_col2im_cpu,/home/arjaiswal/Polygeist/issues/aten_c_kernels/results/aten_col2im_cpu/debuf.mlir,407b6a00e7b78d55a46555c83c94758d7624362c076ed083b527881a5bab7043,syntactic,1,ok,0,685.9296560287476,0,"[""/usr/bin/python3"", ""/home/arjaiswal/Polygeist/scripts/correctness/kernel_match_rewrite.py"", ""/home/arjaiswal/Polygeist/issues/aten_c_kernels/results/aten_col2im_cpu/debuf.mlir"", ""--dry-run"", ""--matcher-mode"", ""syntactic"", ""--telemetry-json"", ""/home/arjaiswal/Polygeist/issues/equality_saturation_eval/campaign_20260908/aten-aten_col2im_cpu-syntactic-pknesf_6.json"", ""--disable-semantic-fallback""]","== match report for /home/arjaiswal/Polygeist/issues/aten_c_kernels/results/aten_col2im_cpu/debuf.mlir ==
  no_match       body#0  ?
  total: 0 matched / 1 bodies
",0,[],0,0,0,0,/home/arjaiswal/Polygeist/issues/aten_c_kernels/results/aten_col2im_cpu/debuf.mlir,2409,0,1,0,271.83420583605766,1,64812,0.0,0,0,0,0,[],0,0,0,0.0,0
aten,aten_col2im_cpu,/home/arjaiswal/Polygeist/issues/aten_c_kernels/results/aten_col2im_cpu/debuf.mlir,407b6a00e7b78d55a46555c83c94758d7624362c076ed083b527881a5bab7043,egglog,1,ok,0,675.306037068367,0,"[""/usr/bin/python3"", ""/home/arjaiswal/Polygeist/scripts/correctness/kernel_match_rewrite.py"", ""/home/arjaiswal/Polygeist/issues/aten_c_kernels/results/aten_col2im_cpu/debuf.mlir"", ""--dry-run"", ""--matcher-mode"", ""egglog"", ""--telemetry-json"", ""/home/arjaiswal/Polygeist/issues/equality_saturation_eval/campaign_20260908/aten-aten_col2im_cpu-egglog-ifjnqkh5.json"", ""--disable-semantic-fallback""]","== match report for /home/arjaiswal/Polygeist/issues/aten_c_kernels/results/aten_col2im_cpu/debuf.mlir ==
  no_match       body#0  ?
  total: 0 matched / 1 bodies
",0,[],0,0,0,0,/home/arjaiswal/Polygeist/issues/aten_c_kernels/results/aten_col2im_cpu/debuf.mlir,2409,8,1,0,262.3162306845188,1,64620,0.0,0,0,0,0,[],0,0,0,0.0,0
aten,aten_col2im_cpu,/home/arjaiswal/Polygeist/issues/aten_c_kernels/results/aten_col2im_cpu/debuf.mlir,407b6a00e7b78d55a46555c83c94758d7624362c076ed083b527881a5bab7043,egglog,2,ok,0,677.1169677376747,0,"[""/usr/bin/python3"", ""/home/arjaiswal/Polygeist/scripts/correctness/kernel_match_rewrite.py"", ""/home/arjaiswal/Polygeist/issues/aten_c_kernels/results/aten_col2im_cpu/debuf.mlir"", ""--dry-run"", ""--matcher-mode"", ""egglog"", ""--telemetry-json"", ""/home/arjaiswal/Polygeist/issues/equality_saturation_eval/campaign_20260908/aten-aten_col2im_cpu-egglog-opjgfrje.json"", ""--disable-semantic-fallback""]","== match report for /home/arjaiswal/Polygeist/issues/aten_c_kernels/results/aten_col2im_cpu/debuf.mlir ==
  no_match       body#0  ?
  total: 0 matched / 1 bodies
",0,[],0,0,0,0,/home/arjaiswal/Polygeist/issues/aten_c_kernels/results/aten_col2im_cpu/debuf.mlir,2409,8,1,0,263.2586173713207,1,64628,0.0,0,0,0,0,[],0,0,0,0.0,0
aten,aten_col2im_cpu,/home/arjaiswal/Polygeist/issues/aten_c_kernels/results/aten_col2im_cpu/debuf.mlir,407b6a00e7b78d55a46555c83c94758d7624362c076ed083b527881a5bab7043,syntactic,2,ok,0,685.2779351174831,0,"[""/usr/bin/python3"", ""/home/arjaiswal/Polygeist/scripts/correctness/kernel_match_rewrite.py"", ""/home/arjaiswal/Polygeist/issues/aten_c_kernels/results/aten_col2im_cpu/debuf.mlir"", ""--dry-run"", ""--matcher-mode"", ""syntactic"", ""--telemetry-json"", ""/home/arjaiswal/Polygeist/issues/equality_saturation_eval/campaign_20260908/aten-aten_col2im_cpu-syntactic-1ybc017z.json"", ""--disable-semantic-fallback""]","== match report for /home/arjaiswal/Polygeist/issues/aten_c_kernels/results/aten_col2im_cpu/debuf.mlir ==
  no_match       body#0  ?
  total: 0 matched / 1 bodies
",0,[],0,0,0,0,/home/arjaiswal/Polygeist/issues/aten_c_kernels/results/aten_col2im_cpu/debuf.mlir,2409,0,1,0,267.465278506279,1,64648,0.0,0,0,0,0,[],0,0,0,0.0,0
aten,aten_col2im_cpu,/home/arjaiswal/Polygeist/issues/aten_c_kernels/results/aten_col2im_cpu/debuf.mlir,407b6a00e7b78d55a46555c83c94758d7624362c076ed083b527881a5bab7043,syntactic,3,ok,0,742.350347340107,0,"[""/usr/bin/python3"", ""/home/arjaiswal/Polygeist/scripts/correctness/kernel_match_rewrite.py"", ""/home/arjaiswal/Polygeist/issues/aten_c_kernels/results/aten_col2im_cpu/debuf.mlir"", ""--dry-run"", ""--matcher-mode"", ""syntactic"", ""--telemetry-json"", ""/home/arjaiswal/Polygeist/issues/equality_saturation_eval/campaign_20260908/aten-aten_col2im_cpu-syntactic-mnqmx_n6.json"", ""--disable-semantic-fallback""]","== match report for /home/arjaiswal/Polygeist/issues/aten_c_kernels/results/aten_col2im_cpu/debuf.mlir ==
  no_match       body#0  ?
  total: 0 matched / 1 bodies
",0,[],0,0,0,0,/home/arjaiswal/Polygeist/issues/aten_c_kernels/results/aten_col2im_cpu/debuf.mlir,2409,0,1,0,304.6928867697716,1,64824,0.0,0,0,0,0,[],0,0,0,0.0,0
aten,aten_col2im_cpu,/home/arjaiswal/Polygeist/issues/aten_c_kernels/results/aten_col2im_cpu/debuf.mlir,407b6a00e7b78d55a46555c83c94758d7624362c076ed083b527881a5bab7043,egglog,3,ok,0,675.8089326322079,0,"[""/usr/bin/python3"", ""/home/arjaiswal/Polygeist/scripts/correctness/kernel_match_rewrite.py"", ""/home/arjaiswal/Polygeist/issues/aten_c_kernels/results/aten_col2im_cpu/debuf.mlir"", ""--dry-run"", ""--matcher-mode"", ""egglog"", ""--telemetry-json"", ""/home/arjaiswal/Polygeist/issues/equality_saturation_eval/campaign_20260908/aten-aten_col2im_cpu-egglog-0y7nzpnr.json"", ""--disable-semantic-fallback""]","== match report for /home/arjaiswal/Polygeist/issues/aten_c_kernels/results/aten_col2im_cpu/debuf.mlir ==
  no_match       body#0  ?
  total: 0 matched / 1 bodies
",0,[],0,0,0,0,/home/arjaiswal/Polygeist/issues/aten_c_kernels/results/aten_col2im_cpu/debuf.mlir,2409,8,1,0,255.37635758519173,1,64968,0.0,0,0,0,0,[],0,0,0,0.0,0
aten,aten_col2im_cpu,/home/arjaiswal/Polygeist/issues/aten_c_kernels/results/aten_col2im_cpu/debuf.mlir,407b6a00e7b78d55a46555c83c94758d7624362c076ed083b527881a5bab7043,egglog,4,ok,0,676.6639724373817,0,"[""/usr/bin/python3"", ""/home/arjaiswal/Polygeist/scripts/correctness/kernel_match_rewrite.py"", ""/home/arjaiswal/Polygeist/issues/aten_c_kernels/results/aten_col2im_cpu/debuf.mlir"", ""--dry-run"", ""--matcher-mode"", ""egglog"", ""--telemetry-json"", ""/home/arjaiswal/Polygeist/issues/equality_saturation_eval/campaign_20260908/aten-aten_col2im_cpu-egglog-df898_03.json"", ""--disable-semantic-fallback""]","== match report for /home/arjaiswal/Polygeist/issues/aten_c_kernels/results/aten_col2im_cpu/debuf.mlir ==
  no_match       body#0  ?
  total: 0 matched / 1 bodies
",0,[],0,0,0,0,/home/arjaiswal/Polygeist/issues/aten_c_kernels/results/aten_col2im_cpu/debuf.mlir,2409,8,1,0,265.220794826746,1,64536,0.0,0,0,0,0,[],0,0,0,0.0,0
aten,aten_col2im_cpu,/home/arjaiswal/Polygeist/issues/aten_c_kernels/results/aten_col2im_cpu/debuf.mlir,407b6a00e7b78d55a46555c83c94758d7624362c076ed083b527881a5bab7043,syntactic,4,ok,0,728.7578359246254,0,"[""/usr/bin/python3"", ""/home/arjaiswal/Polygeist/scripts/correctness/kernel_match_rewrite.py"", ""/home/arjaiswal/Polygeist/issues/aten_c_kernels/results/aten_col2im_cpu/debuf.mlir"", ""--dry-run"", ""--matcher-mode"", ""syntactic"", ""--telemetry-json"", ""/home/arjaiswal/Polygeist/issues/equality_saturation_eval/campaign_20260908/aten-aten_col2im_cpu-syntactic-k6lh7hz3.json"", ""--disable-semantic-fallback""]","== match report for /home/arjaiswal/Polygeist/issues/aten_c_kernels/results/aten_col2im_cpu/debuf.mlir ==
  no_match       body#0  ?
  total: 0 matched / 1 bodies
",0,[],0,0,0,0,/home/arjaiswal/Polygeist/issues/aten_c_kernels/results/aten_col2im_cpu/debuf.mlir,2409,0,1,0,272.0288336277008,1,64768,0.0,0,0,0,0,[],0,0,0,0.0,0
aten,aten_col2im_cpu,/home/arjaiswal/Polygeist/issues/aten_c_kernels/results/aten_col2im_cpu/debuf.mlir,407b6a00e7b78d55a46555c83c94758d7624362c076ed083b527881a5bab7043,syntactic,5,ok,0,686.5632645785809,0,"[""/usr/bin/python3"", ""/home/arjaiswal/Polygeist/scripts/correctness/kernel_match_rewrite.py"", ""/home/arjaiswal/Polygeist/issues/aten_c_kernels/results/aten_col2im_cpu/debuf.mlir"", ""--dry-run"", ""--matcher-mode"", ""syntactic"", ""--telemetry-json"", ""/home/arjaiswal/Polygeist/issues/equality_saturation_eval/campaign_20260908/aten-aten_col2im_cpu-syntactic-plub4wjj.json"", ""--disable-semantic-fallback""]","== match report for /home/arjaiswal/Polygeist/issues/aten_c_kernels/results/aten_col2im_cpu/debuf.mlir ==
  no_match       body#0  ?
  total: 0 matched / 1 bodies
",0,[],0,0,0,0,/home/arjaiswal/Polygeist/issues/aten_c_kernels/results/aten_col2im_cpu/debuf.mlir,2409,0,1,0,267.6931321620941,1,64636,0.0,0,0,0,0,[],0,0,0,0.0,0
aten,aten_col2im_cpu,/home/arjaiswal/Polygeist/issues/aten_c_kernels/results/aten_col2im_cpu/debuf.mlir,407b6a00e7b78d55a46555c83c94758d7624362c076ed083b527881a5bab7043,egglog,5,ok,0,687.8621466457844,0,"[""/usr/bin/python3"", ""/home/arjaiswal/Polygeist/scripts/correctness/kernel_match_rewrite.py"", ""/home/arjaiswal/Polygeist/issues/aten_c_kernels/results/aten_col2im_cpu/debuf.mlir"", ""--dry-run"", ""--matcher-mode"", ""egglog"", ""--telemetry-json"", ""/home/arjaiswal/Polygeist/issues/equality_saturation_eval/campaign_20260908/aten-aten_col2im_cpu-egglog-jalbtiou.json"", ""--disable-semantic-fallback""]","== match report for /home/arjaiswal/Polygeist/issues/aten_c_kernels/results/aten_col2im_cpu/debuf.mlir ==
  no_match       body#0  ?
  total: 0 matched / 1 bodies
",0,[],0,0,0,0,/home/arjaiswal/Polygeist/issues/aten_c_kernels/results/aten_col2im_cpu/debuf.mlir,2409,8,1,0,266.67117327451706,1,64456,0.0,0,0,0,0,[],0,0,0,0.0,0
aten,aten_combinations_cpu,/home/arjaiswal/Polygeist/issues/aten_c_kernels/results/aten_combinations_cpu/debuf.mlir,10613fa2887beb9145fbfb12b1f52e812325e90dd2aaa52b82f2774a11373604,egglog,1,ok,0,712.2674323618412,0,"[""/usr/bin/python3"", ""/home/arjaiswal/Polygeist/scripts/correctness/kernel_match_rewrite.py"", ""/home/arjaiswal/Polygeist/issues/aten_c_kernels/results/aten_combinations_cpu/debuf.mlir"", ""--dry-run"", ""--matcher-mode"", ""egglog"", ""--telemetry-json"", ""/home/arjaiswal/Polygeist/issues/equality_saturation_eval/campaign_20260908/aten-aten_combinations_cpu-egglog-brhjt50d.json"", ""--disable-semantic-fallback""]","== match report for /home/arjaiswal/Polygeist/issues/aten_c_kernels/results/aten_combinations_cpu/debuf.mlir ==
  total: 0 matched / 0 bodies
",0,[],0,0,0,0,/home/arjaiswal/Polygeist/issues/aten_c_kernels/results/aten_combinations_cpu/debuf.mlir,2667,8,0,0,274.61399510502815,0,64684,0.0,0,0,0,0,[],0,0,0,0.0,0
aten,aten_combinations_cpu,/home/arjaiswal/Polygeist/issues/aten_c_kernels/results/aten_combinations_cpu/debuf.mlir,10613fa2887beb9145fbfb12b1f52e812325e90dd2aaa52b82f2774a11373604,syntactic,1,ok,0,727.1902114152908,0,"[""/usr/bin/python3"", ""/home/arjaiswal/Polygeist/scripts/correctness/kernel_match_rewrite.py"", ""/home/arjaiswal/Polygeist/issues/aten_c_kernels/results/aten_combinations_cpu/debuf.mlir"", ""--dry-run"", ""--matcher-mode"", ""syntactic"", ""--telemetry-json"", ""/home/arjaiswal/Polygeist/issues/equality_saturation_eval/campaign_20260908/aten-aten_combinations_cpu-syntactic-nbilsyma.json"", ""--disable-semantic-fallback""]","== match report for /home/arjaiswal/Polygeist/issues/aten_c_kernels/results/aten_combinations_cpu/debuf.mlir ==
  total: 0 matched / 0 bodies
",0,[],0,0,0,0,/home/arjaiswal/Polygeist/issues/aten_c_kernels/results/aten_combinations_cpu/debuf.mlir,2667,0,0,0,276.44752338528633,0,64620,0.0,0,0,0,0,[],0,0,0,0.0,0
aten,aten_combinations_cpu,/home/arjaiswal/Polygeist/issues/aten_c_kernels/results/aten_combinations_cpu/debuf.mlir,10613fa2887beb9145fbfb12b1f52e812325e90dd2aaa52b82f2774a11373604,syntactic,2,ok,0,684.3025870621204,0,"[""/usr/bin/python3"", ""/home/arjaiswal/Polygeist/scripts/correctness/kernel_match_rewrite.py"", ""/home/arjaiswal/Polygeist/issues/aten_c_kernels/results/aten_combinations_cpu/debuf.mlir"", ""--dry-run"", ""--matcher-mode"", ""syntactic"", ""--telemetry-json"", ""/home/arjaiswal/Polygeist/issues/equality_saturation_eval/campaign_20260908/aten-aten_combinations_cpu-syntactic-91hr28gg.json"", ""--disable-semantic-fallback""]","== match report for /home/arjaiswal/Polygeist/issues/aten_c_kernels/results/aten_combinations_cpu/debuf.mlir ==
  total: 0 matched / 0 bodies
",0,[],0,0,0,0,/home/arjaiswal/Polygeist/issues/aten_c_kernels/results/aten_combinations_cpu/debuf.mlir,2667,0,0,0,258.0987177789211,0,64780,0.0,0,0,0,0,[],0,0,0,0.0,0
aten,aten_combinations_cpu,/home/arjaiswal/Polygeist/issues/aten_c_kernels/results/aten_combinations_cpu/debuf.mlir,10613fa2887beb9145fbfb12b1f52e812325e90dd2aaa52b82f2774a11373604,egglog,2,ok,0,676.1587262153625,0,"[""/usr/bin/python3"", ""/home/arjaiswal/Polygeist/scripts/correctness/kernel_match_rewrite.py"", ""/home/arjaiswal/Polygeist/issues/aten_c_kernels/results/aten_combinations_cpu/debuf.mlir"", ""--dry-run"", ""--matcher-mode"", ""egglog"", ""--telemetry-json"", ""/home/arjaiswal/Polygeist/issues/equality_saturation_eval/campaign_20260908/aten-aten_combinations_cpu-egglog-r8xeyrx3.json"", ""--disable-semantic-fallback""]","== match report for /home/arjaiswal/Polygeist/issues/aten_c_kernels/results/aten_combinations_cpu/debuf.mlir ==
  total: 0 matched / 0 bodies
",0,[],0,0,0,0,/home/arjaiswal/Polygeist/issues/aten_c_kernels/results/aten_combinations_cpu/debuf.mlir,2667,8,0,0,264.05391469597816,0,64844,0.0,0,0,0,0,[],0,0,0,0.0,0
aten,aten_combinations_cpu,/home/arjaiswal/Polygeist/issues/aten_c_kernels/results/aten_combinations_cpu/debuf.mlir,10613fa2887beb9145fbfb12b1f52e812325e90dd2aaa52b82f2774a11373604,egglog,3,ok,0,687.5763796269894,0,"[""/usr/bin/python3"", ""/home/arjaiswal/Polygeist/scripts/correctness/kernel_match_rewrite.py"", ""/home/arjaiswal/Polygeist/issues/aten_c_kernels/results/aten_combinations_cpu/debuf.mlir"", ""--dry-run"", ""--matcher-mode"", ""egglog"", ""--telemetry-json"", ""/home/arjaiswal/Polygeist/issues/equality_saturation_eval/campaign_20260908/aten-aten_combinations_cpu-egglog-n79_kb5v.json"", ""--disable-semantic-fallback""]","== match report for /home/arjaiswal/Polygeist/issues/aten_c_kernels/results/aten_combinations_cpu/debuf.mlir ==
  total: 0 matched / 0 bodies
",0,[],0,0,0,0,/home/arjaiswal/Polygeist/issues/aten_c_kernels/results/aten_combinations_cpu/debuf.mlir,2667,8,0,0,267.18027517199516,0,64516,0.0,0,0,0,0,[],0,0,0,0.0,0
aten,aten_combinations_cpu,/home/arjaiswal/Polygeist/issues/aten_c_kernels/results/aten_combinations_cpu/debuf.mlir,10613fa2887beb9145fbfb12b1f52e812325e90dd2aaa52b82f2774a11373604,syntactic,3,ok,0,679.5791201293468,0,"[""/usr/bin/python3"", ""/home/arjaiswal/Polygeist/scripts/correctness/kernel_match_rewrite.py"", ""/home/arjaiswal/Polygeist/issues/aten_c_kernels/results/aten_combinations_cpu/debuf.mlir"", ""--dry-run"", ""--matcher-mode"", ""syntactic"", ""--telemetry-json"", ""/home/arjaiswal/Polygeist/issues/equality_saturation_eval/campaign_20260908/aten-aten_combinations_cpu-syntactic-qv_5c4b8.json"", ""--disable-semantic-fallback""]","== match report for /home/arjaiswal/Polygeist/issues/aten_c_kernels/results/aten_combinations_cpu/debuf.mlir ==
  total: 0 matched / 0 bodies
",0,[],0,0,0,0,/home/arjaiswal/Polygeist/issues/aten_c_kernels/results/aten_combinations_cpu/debuf.mlir,2667,0,0,0,261.8931420147419,0,64744,0.0,0,0,0,0,[],0,0,0,0.0,0
aten,aten_combinations_cpu,/home/arjaiswal/Polygeist/issues/aten_c_kernels/results/aten_combinations_cpu/debuf.mlir,10613fa2887beb9145fbfb12b1f52e812325e90dd2aaa52b82f2774a11373604,syntactic,4,ok,0,678.8599416613579,0,"[""/usr/bin/python3"", ""/home/arjaiswal/Polygeist/scripts/correctness/kernel_match_rewrite.py"", ""/home/arjaiswal/Polygeist/issues/aten_c_kernels/results/aten_combinations_cpu/debuf.mlir"", ""--dry-run"", ""--matcher-mode"", ""syntactic"", ""--telemetry-json"", ""/home/arjaiswal/Polygeist/issues/equality_saturation_eval/campaign_20260908/aten-aten_combinations_cpu-syntactic-v1iqxjic.json"", ""--disable-semantic-fallback""]","== match report for /home/arjaiswal/Polygeist/issues/aten_c_kernels/results/aten_combinations_cpu/debuf.mlir ==
  total: 0 matched / 0 bodies
",0,[],0,0,0,0,/home/arjaiswal/Polygeist/issues/aten_c_kernels/results/aten_combinations_cpu/debuf.mlir,2667,0,0,0,264.5399868488312,0,64812,0.0,0,0,0,0,[],0,0,0,0.0,0
aten,aten_combinations_cpu,/home/arjaiswal/Polygeist/issues/aten_c_kernels/results/aten_combinations_cpu/debuf.mlir,10613fa2887beb9145fbfb12b1f52e812325e90dd2aaa52b82f2774a11373604,egglog,4,ok,0,676.6863167285919,0,"[""/usr/bin/python3"", ""/home/arjaiswal/Polygeist/scripts/correctness/kernel_match_rewrite.py"", ""/home/arjaiswal/Polygeist/issues/aten_c_kernels/results/aten_combinations_cpu/debuf.mlir"", ""--dry-run"", ""--matcher-mode"", ""egglog"", ""--telemetry-json"", ""/home/arjaiswal/Polygeist/issues/equality_saturation_eval/campaign_20260908/aten-aten_combinations_cpu-egglog-e4m2jjry.json"", ""--disable-semantic-fallback""]","== match report for /home/arjaiswal/Polygeist/issues/aten_c_kernels/results/aten_combinations_cpu/debuf.mlir ==
  total: 0 matched / 0 bodies
",0,[],0,0,0,0,/home/arjaiswal/Polygeist/issues/aten_c_kernels/results/aten_combinations_cpu/debuf.mlir,2667,8,0,0,253.85478883981705,0,64584,0.0,0,0,0,0,[],0,0,0,0.0,0
aten,aten_combinations_cpu,/home/arjaiswal/Polygeist/issues/aten_c_kernels/results/aten_combinations_cpu/debuf.mlir,10613fa2887beb9145fbfb12b1f52e812325e90dd2aaa52b82f2774a11373604,egglog,5,ok,0,672.1939817070961,0,"[""/usr/bin/python3"", ""/home/arjaiswal/Polygeist/scripts/correctness/kernel_match_rewrite.py"", ""/home/arjaiswal/Polygeist/issues/aten_c_kernels/results/aten_combinations_cpu/debuf.mlir"", ""--dry-run"", ""--matcher-mode"", ""egglog"", ""--telemetry-json"", ""/home/arjaiswal/Polygeist/issues/equality_saturation_eval/campaign_20260908/aten-aten_combinations_cpu-egglog-hi8edpjy.json"", ""--disable-semantic-fallback""]","== match report for /home/arjaiswal/Polygeist/issues/aten_c_kernels/results/aten_combinations_cpu/debuf.mlir ==
  total: 0 matched / 0 bodies
",0,[],0,0,0,0,/home/arjaiswal/Polygeist/issues/aten_c_kernels/results/aten_combinations_cpu/debuf.mlir,2667,8,0,0,261.57281175255775,0,64496,0.0,0,0,0,0,[],0,0,0,0.0,0
aten,aten_combinations_cpu,/home/arjaiswal/Polygeist/issues/aten_c_kernels/results/aten_combinations_cpu/debuf.mlir,10613fa2887beb9145fbfb12b1f52e812325e90dd2aaa52b82f2774a11373604,syntactic,5,ok,0,670.3428961336613,0,"[""/usr/bin/python3"", ""/home/arjaiswal/Polygeist/scripts/correctness/kernel_match_rewrite.py"", ""/home/arjaiswal/Polygeist/issues/aten_c_kernels/results/aten_combinations_cpu/debuf.mlir"", ""--dry-run"", ""--matcher-mode"", ""syntactic"", ""--telemetry-json"", ""/home/arjaiswal/Polygeist/issues/equality_saturation_eval/campaign_20260908/aten-aten_combinations_cpu-syntactic-djvphn7o.json"", ""--disable-semantic-fallback""]","== match report for /home/arjaiswal/Polygeist/issues/aten_c_kernels/results/aten_combinations_cpu/debuf.mlir ==
  total: 0 matched / 0 bodies
",0,[],0,0,0,0,/home/arjaiswal/Polygeist/issues/aten_c_kernels/results/aten_combinations_cpu/debuf.mlir,2667,0,0,0,253.29193472862244,0,64280,0.0,0,0,0,0,[],0,0,0,0.0,0
aten,aten_complex_scalarized,/home/arjaiswal/Polygeist/issues/aten_c_kernels/results/aten_complex_scalarized/debuf.mlir,182005c1dc281c4f3749c0730fb8f65a3f5c300b224e029059502328219616dc,syntactic,1,ok,0,947.1926093101501,0,"[""/usr/bin/python3"", ""/home/arjaiswal/Polygeist/scripts/correctness/kernel_match_rewrite.py"", ""/home/arjaiswal/Polygeist/issues/aten_c_kernels/results/aten_complex_scalarized/debuf.mlir"", ""--dry-run"", ""--matcher-mode"", ""syntactic"", ""--telemetry-json"", ""/home/arjaiswal/Polygeist/issues/equality_saturation_eval/campaign_20260908/aten-aten_complex_scalarized-syntactic-42djhfg8.json"", ""--disable-semantic-fallback""]","== match report for /home/arjaiswal/Polygeist/issues/aten_c_kernels/results/aten_complex_scalarized/debuf.mlir ==
  match          body#[0]  cudaCopy1D_f32_tensor
  match          body#[1]  cudaCopy1D_f32_tensor
  total: 2 matched / 2 bodies
",0,[],0,0,0,0,/home/arjaiswal/Polygeist/issues/aten_c_kernels/results/aten_complex_scalarized/debuf.mlir,2260,0,2,2,513.7473382055759,0,65824,0.2571865916252136,0,8,0,0,"[{""body_indices"": [0], ""symbol"": ""cudaCopy1D_f32_tensor""}, {""body_indices"": [1], ""symbol"": ""cudaCopy1D_f32_tensor""}]",2,0,108,0.0,108
aten,aten_complex_scalarized,/home/arjaiswal/Polygeist/issues/aten_c_kernels/results/aten_complex_scalarized/debuf.mlir,182005c1dc281c4f3749c0730fb8f65a3f5c300b224e029059502328219616dc,egglog,1,ok,0,1061.649538576603,0,"[""/usr/bin/python3"", ""/home/arjaiswal/Polygeist/scripts/correctness/kernel_match_rewrite.py"", ""/home/arjaiswal/Polygeist/issues/aten_c_kernels/results/aten_complex_scalarized/debuf.mlir"", ""--dry-run"", ""--matcher-mode"", ""egglog"", ""--telemetry-json"", ""/home/arjaiswal/Polygeist/issues/equality_saturation_eval/campaign_20260908/aten-aten_complex_scalarized-egglog-1s5ji1_4.json"", ""--disable-semantic-fallback""]","== match report for /home/arjaiswal/Polygeist/issues/aten_c_kernels/results/aten_complex_scalarized/debuf.mlir ==
  match          body#[0]  cudaCopy1D_f32_tensor
  match          body#[1]  cudaCopy1D_f32_tensor
  total: 2 matched / 2 bodies
",0,[],0,0,0,0,/home/arjaiswal/Polygeist/issues/aten_c_kernels/results/aten_complex_scalarized/debuf.mlir,2260,8,2,2,617.732685059309,0,69920,90.92476591467857,8,8,0,0,"[{""body_indices"": [0], ""symbol"": ""cudaCopy1D_f32_tensor""}, {""body_indices"": [1], ""symbol"": ""cudaCopy1D_f32_tensor""}]",2,0,0,0.0,108
aten,aten_complex_scalarized,/home/arjaiswal/Polygeist/issues/aten_c_kernels/results/aten_complex_scalarized/debuf.mlir,182005c1dc281c4f3749c0730fb8f65a3f5c300b224e029059502328219616dc,egglog,2,ok,0,1019.2674398422241,0,"[""/usr/bin/python3"", ""/home/arjaiswal/Polygeist/scripts/correctness/kernel_match_rewrite.py"", ""/home/arjaiswal/Polygeist/issues/aten_c_kernels/results/aten_complex_scalarized/debuf.mlir"", ""--dry-run"", ""--matcher-mode"", ""egglog"", ""--telemetry-json"", ""/home/arjaiswal/Polygeist/issues/equality_saturation_eval/campaign_20260908/aten-aten_complex_scalarized-egglog-lgzr4vv9.json"", ""--disable-semantic-fallback""]","== match report for /home/arjaiswal/Polygeist/issues/aten_c_kernels/results/aten_complex_scalarized/debuf.mlir ==
  match          body#[0]  cudaCopy1D_f32_tensor
  match          body#[1]  cudaCopy1D_f32_tensor
  total: 2 matched / 2 bodies
",0,[],0,0,0,0,/home/arjaiswal/Polygeist/issues/aten_c_kernels/results/aten_complex_scalarized/debuf.mlir,2260,8,2,2,597.0528945326805,0,69748,81.98700100183487,8,8,0,0,"[{""body_indices"": [0], ""symbol"": ""cudaCopy1D_f32_tensor""}, {""body_indices"": [1], ""symbol"": ""cudaCopy1D_f32_tensor""}]",2,0,0,0.0,108
aten,aten_complex_scalarized,/home/arjaiswal/Polygeist/issues/aten_c_kernels/results/aten_complex_scalarized/debuf.mlir,182005c1dc281c4f3749c0730fb8f65a3f5c300b224e029059502328219616dc,syntactic,2,ok,0,962.4106511473656,0,"[""/usr/bin/python3"", ""/home/arjaiswal/Polygeist/scripts/correctness/kernel_match_rewrite.py"", ""/home/arjaiswal/Polygeist/issues/aten_c_kernels/results/aten_complex_scalarized/debuf.mlir"", ""--dry-run"", ""--matcher-mode"", ""syntactic"", ""--telemetry-json"", ""/home/arjaiswal/Polygeist/issues/equality_saturation_eval/campaign_20260908/aten-aten_complex_scalarized-syntactic-tacpbzxj.json"", ""--disable-semantic-fallback""]","== match report for /home/arjaiswal/Polygeist/issues/aten_c_kernels/results/aten_complex_scalarized/debuf.mlir ==
  match          body#[0]  cudaCopy1D_f32_tensor
  match          body#[1]  cudaCopy1D_f32_tensor
  total: 2 matched / 2 bodies
",0,[],0,0,0,0,/home/arjaiswal/Polygeist/issues/aten_c_kernels/results/aten_complex_scalarized/debuf.mlir,2260,0,2,2,536.3602414727211,0,65888,0.3024786710739136,0,8,0,0,"[{""body_indices"": [0], ""symbol"": ""cudaCopy1D_f32_tensor""}, {""body_indices"": [1], ""symbol"": ""cudaCopy1D_f32_tensor""}]",2,0,108,0.0,108
aten,aten_complex_scalarized,/home/arjaiswal/Polygeist/issues/aten_c_kernels/results/aten_complex_scalarized/debuf.mlir,182005c1dc281c4f3749c0730fb8f65a3f5c300b224e029059502328219616dc,syntactic,3,ok,0,951.423604041338,0,"[""/usr/bin/python3"", ""/home/arjaiswal/Polygeist/scripts/correctness/kernel_match_rewrite.py"", ""/home/arjaiswal/Polygeist/issues/aten_c_kernels/results/aten_complex_scalarized/debuf.mlir"", ""--dry-run"", ""--matcher-mode"", ""syntactic"", ""--telemetry-json"", ""/home/arjaiswal/Polygeist/issues/equality_saturation_eval/campaign_20260908/aten-aten_complex_scalarized-syntactic-9zj8shal.json"", ""--disable-semantic-fallback""]","== match report for /home/arjaiswal/Polygeist/issues/aten_c_kernels/results/aten_complex_scalarized/debuf.mlir ==
  match          body#[0]  cudaCopy1D_f32_tensor
  match          body#[1]  cudaCopy1D_f32_tensor
  total: 2 matched / 2 bodies
",0,[],0,0,0,0,/home/arjaiswal/Polygeist/issues/aten_c_kernels/results/aten_complex_scalarized/debuf.mlir,2260,0,2,2,506.55219703912735,0,65920,0.26932358741760254,0,8,0,0,"[{""body_indices"": [0], ""symbol"": ""cudaCopy1D_f32_tensor""}, {""body_indices"": [1], ""symbol"": ""cudaCopy1D_f32_tensor""}]",2,0,108,0.0,108
aten,aten_complex_scalarized,/home/arjaiswal/Polygeist/issues/aten_c_kernels/results/aten_complex_scalarized/debuf.mlir,182005c1dc281c4f3749c0730fb8f65a3f5c300b224e029059502328219616dc,egglog,3,ok,0,1058.81791934371,0,"[""/usr/bin/python3"", ""/home/arjaiswal/Polygeist/scripts/correctness/kernel_match_rewrite.py"", ""/home/arjaiswal/Polygeist/issues/aten_c_kernels/results/aten_complex_scalarized/debuf.mlir"", ""--dry-run"", ""--matcher-mode"", ""egglog"", ""--telemetry-json"", ""/home/arjaiswal/Polygeist/issues/equality_saturation_eval/campaign_20260908/aten-aten_complex_scalarized-egglog-uqs4e9rb.json"", ""--disable-semantic-fallback""]","== match report for /home/arjaiswal/Polygeist/issues/aten_c_kernels/results/aten_complex_scalarized/debuf.mlir ==
  match          body#[0]  cudaCopy1D_f32_tensor
  match          body#[1]  cudaCopy1D_f32_tensor
  total: 2 matched / 2 bodies
",0,[],0,0,0,0,/home/arjaiswal/Polygeist/issues/aten_c_kernels/results/aten_complex_scalarized/debuf.mlir,2260,8,2,2,622.1037730574608,0,69768,94.51098367571831,8,8,0,0,"[{""body_indices"": [0], ""symbol"": ""cudaCopy1D_f32_tensor""}, {""body_indices"": [1], ""symbol"": ""cudaCopy1D_f32_tensor""}]",2,0,0,0.0,108
aten,aten_complex_scalarized,/home/arjaiswal/Polygeist/issues/aten_c_kernels/results/aten_complex_scalarized/debuf.mlir,182005c1dc281c4f3749c0730fb8f65a3f5c300b224e029059502328219616dc,egglog,4,ok,0,1040.2443334460258,0,"[""/usr/bin/python3"", ""/home/arjaiswal/Polygeist/scripts/correctness/kernel_match_rewrite.py"", ""/home/arjaiswal/Polygeist/issues/aten_c_kernels/results/aten_complex_scalarized/debuf.mlir"", ""--dry-run"", ""--matcher-mode"", ""egglog"", ""--telemetry-json"", ""/home/arjaiswal/Polygeist/issues/equality_saturation_eval/campaign_20260908/aten-aten_complex_scalarized-egglog-7ax8oy0k.json"", ""--disable-semantic-fallback""]","== match report for /home/arjaiswal/Polygeist/issues/aten_c_kernels/results/aten_complex_scalarized/debuf.mlir ==
  match          body#[0]  cudaCopy1D_f32_tensor
  match          body#[1]  cudaCopy1D_f32_tensor
  total: 2 matched / 2 bodies
",0,[],0,0,0,0,/home/arjaiswal/Polygeist/issues/aten_c_kernels/results/aten_complex_scalarized/debuf.mlir,2260,8,2,2,614.7288419306278,0,69812,87.50677481293678,8,8,0,0,"[{""body_indices"": [0], ""symbol"": ""cudaCopy1D_f32_tensor""}, {""body_indices"": [1], ""symbol"": ""cudaCopy1D_f32_tensor""}]",2,0,0,0.0,108
aten,aten_complex_scalarized,/home/arjaiswal/Polygeist/issues/aten_c_kernels/results/aten_complex_scalarized/debuf.mlir,182005c1dc281c4f3749c0730fb8f65a3f5c300b224e029059502328219616dc,syntactic,4,ok,0,954.0647119283676,0,"[""/usr/bin/python3"", ""/home/arjaiswal/Polygeist/scripts/correctness/kernel_match_rewrite.py"", ""/home/arjaiswal/Polygeist/issues/aten_c_kernels/results/aten_complex_scalarized/debuf.mlir"", ""--dry-run"", ""--matcher-mode"", ""syntactic"", ""--telemetry-json"", ""/home/arjaiswal/Polygeist/issues/equality_saturation_eval/campaign_20260908/aten-aten_complex_scalarized-syntactic-q667u99t.json"", ""--disable-semantic-fallback""]","== match report for /home/arjaiswal/Polygeist/issues/aten_c_kernels/results/aten_complex_scalarized/debuf.mlir ==
  match          body#[0]  cudaCopy1D_f32_tensor
  match          body#[1]  cudaCopy1D_f32_tensor
  total: 2 matched / 2 bodies
",0,[],0,0,0,0,/home/arjaiswal/Polygeist/issues/aten_c_kernels/results/aten_complex_scalarized/debuf.mlir,2260,0,2,2,503.02863121032715,0,65992,0.25016069412231445,0,8,0,0,"[{""body_indices"": [0], ""symbol"": ""cudaCopy1D_f32_tensor""}, {""body_indices"": [1], ""symbol"": ""cudaCopy1D_f32_tensor""}]",2,0,108,0.0,108
aten,aten_complex_scalarized,/home/arjaiswal/Polygeist/issues/aten_c_kernels/results/aten_complex_scalarized/debuf.mlir,182005c1dc281c4f3749c0730fb8f65a3f5c300b224e029059502328219616dc,syntactic,5,ok,0,925.9223975241184,0,"[""/usr/bin/python3"", ""/home/arjaiswal/Polygeist/scripts/correctness/kernel_match_rewrite.py"", ""/home/arjaiswal/Polygeist/issues/aten_c_kernels/results/aten_complex_scalarized/debuf.mlir"", ""--dry-run"", ""--matcher-mode"", ""syntactic"", ""--telemetry-json"", ""/home/arjaiswal/Polygeist/issues/equality_saturation_eval/campaign_20260908/aten-aten_complex_scalarized-syntactic-6j1g02e4.json"", ""--disable-semantic-fallback""]","== match report for /home/arjaiswal/Polygeist/issues/aten_c_kernels/results/aten_complex_scalarized/debuf.mlir ==
  match          body#[0]  cudaCopy1D_f32_tensor
  match          body#[1]  cudaCopy1D_f32_tensor
  total: 2 matched / 2 bodies
",0,[],0,0,0,0,/home/arjaiswal/Polygeist/issues/aten_c_kernels/results/aten_complex_scalarized/debuf.mlir,2260,0,2,2,514.8537047207355,0,65996,0.25754421949386597,0,8,0,0,"[{""body_indices"": [0], ""symbol"": ""cudaCopy1D_f32_tensor""}, {""body_indices"": [1], ""symbol"": ""cudaCopy1D_f32_tensor""}]",2,0,108,0.0,108
aten,aten_complex_scalarized,/home/arjaiswal/Polygeist/issues/aten_c_kernels/results/aten_complex_scalarized/debuf.mlir,182005c1dc281c4f3749c0730fb8f65a3f5c300b224e029059502328219616dc,egglog,5,ok,0,1011.6155408322811,0,"[""/usr/bin/python3"", ""/home/arjaiswal/Polygeist/scripts/correctness/kernel_match_rewrite.py"", ""/home/arjaiswal/Polygeist/issues/aten_c_kernels/results/aten_complex_scalarized/debuf.mlir"", ""--dry-run"", ""--matcher-mode"", ""egglog"", ""--telemetry-json"", ""/home/arjaiswal/Polygeist/issues/equality_saturation_eval/campaign_20260908/aten-aten_complex_scalarized-egglog-a_0spr1i.json"", ""--disable-semantic-fallback""]","== match report for /home/arjaiswal/Polygeist/issues/aten_c_kernels/results/aten_complex_scalarized/debuf.mlir ==
  match          body#[0]  cudaCopy1D_f32_tensor
  match          body#[1]  cudaCopy1D_f32_tensor
  total: 2 matched / 2 bodies
",0,[],0,0,0,0,/home/arjaiswal/Polygeist/issues/aten_c_kernels/results/aten_complex_scalarized/debuf.mlir,2260,8,2,2,585.1910039782524,0,69920,83.95654708147049,8,8,0,0,"[{""body_indices"": [0], ""symbol"": ""cudaCopy1D_f32_tensor""}, {""body_indices"": [1], ""symbol"": ""cudaCopy1D_f32_tensor""}]",2,0,0,0.0,108
aten,aten_compressed_block_convert_cpu,/home/arjaiswal/Polygeist/issues/aten_c_kernels/results/aten_compressed_block_convert_cpu/debuf.mlir,f7e59831682e01e28c40ea60fbc689c9b27e2e70949844ee463e3ea1887543e5,egglog,1,ok,0,690.0797709822655,0,"[""/usr/bin/python3"", ""/home/arjaiswal/Polygeist/scripts/correctness/kernel_match_rewrite.py"", ""/home/arjaiswal/Polygeist/issues/aten_c_kernels/results/aten_compressed_block_convert_cpu/debuf.mlir"", ""--dry-run"", ""--matcher-mode"", ""egglog"", ""--telemetry-json"", ""/home/arjaiswal/Polygeist/issues/equality_saturation_eval/campaign_20260908/aten-aten_compressed_block_convert_cpu-egglog-dbphbq1e.json"", ""--disable-semantic-fallback""]","== match report for /home/arjaiswal/Polygeist/issues/aten_c_kernels/results/aten_compressed_block_convert_cpu/debuf.mlir ==
  total: 0 matched / 0 bodies
",0,[],0,0,0,0,/home/arjaiswal/Polygeist/issues/aten_c_kernels/results/aten_compressed_block_convert_cpu/debuf.mlir,2978,8,0,0,260.0097246468067,0,64668,0.0,0,0,0,0,[],0,0,0,0.0,0
aten,aten_compressed_block_convert_cpu,/home/arjaiswal/Polygeist/issues/aten_c_kernels/results/aten_compressed_block_convert_cpu/debuf.mlir,f7e59831682e01e28c40ea60fbc689c9b27e2e70949844ee463e3ea1887543e5,syntactic,1,ok,0,713.385745882988,0,"[""/usr/bin/python3"", ""/home/arjaiswal/Polygeist/scripts/correctness/kernel_match_rewrite.py"", ""/home/arjaiswal/Polygeist/issues/aten_c_kernels/results/aten_compressed_block_convert_cpu/debuf.mlir"", ""--dry-run"", ""--matcher-mode"", ""syntactic"", ""--telemetry-json"", ""/home/arjaiswal/Polygeist/issues/equality_saturation_eval/campaign_20260908/aten-aten_compressed_block_convert_cpu-syntactic-2rbtrk7t.json"", ""--disable-semantic-fallback""]","== match report for /home/arjaiswal/Polygeist/issues/aten_c_kernels/results/aten_compressed_block_convert_cpu/debuf.mlir ==
  total: 0 matched / 0 bodies
",0,[],0,0,0,0,/home/arjaiswal/Polygeist/issues/aten_c_kernels/results/aten_compressed_block_convert_cpu/debuf.mlir,2978,0,0,0,259.03090834617615,0,64752,0.0,0,0,0,0,[],0,0,0,0.0,0
aten,aten_compressed_block_convert_cpu,/home/arjaiswal/Polygeist/issues/aten_c_kernels/results/aten_compressed_block_convert_cpu/debuf.mlir,f7e59831682e01e28c40ea60fbc689c9b27e2e70949844ee463e3ea1887543e5,syntactic,2,ok,0,705.0008997321129,0,"[""/usr/bin/python3"", ""/home/arjaiswal/Polygeist/scripts/correctness/kernel_match_rewrite.py"", ""/home/arjaiswal/Polygeist/issues/aten_c_kernels/results/aten_compressed_block_convert_cpu/debuf.mlir"", ""--dry-run"", ""--matcher-mode"", ""syntactic"", ""--telemetry-json"", ""/home/arjaiswal/Polygeist/issues/equality_saturation_eval/campaign_20260908/aten-aten_compressed_block_convert_cpu-syntactic-5fl521fn.json"", ""--disable-semantic-fallback""]","== match report for /home/arjaiswal/Polygeist/issues/aten_c_kernels/results/aten_compressed_block_convert_cpu/debuf.mlir ==
  total: 0 matched / 0 bodies
",0,[],0,0,0,0,/home/arjaiswal/Polygeist/issues/aten_c_kernels/results/aten_compressed_block_convert_cpu/debuf.mlir,2978,0,0,0,256.89491629600525,0,64764,0.0,0,0,0,0,[],0,0,0,0.0,0
aten,aten_compressed_block_convert_cpu,/home/arjaiswal/Polygeist/issues/aten_c_kernels/results/aten_compressed_block_convert_cpu/debuf.mlir,f7e59831682e01e28c40ea60fbc689c9b27e2e70949844ee463e3ea1887543e5,egglog,2,ok,0,659.3078002333641,0,"[""/usr/bin/python3"", ""/home/arjaiswal/Polygeist/scripts/correctness/kernel_match_rewrite.py"", ""/home/arjaiswal/Polygeist/issues/aten_c_kernels/results/aten_compressed_block_convert_cpu/debuf.mlir"", ""--dry-run"", ""--matcher-mode"", ""egglog"", ""--telemetry-json"", ""/home/arjaiswal/Polygeist/issues/equality_saturation_eval/campaign_20260908/aten-aten_compressed_block_convert_cpu-egglog-odkvjar0.json"", ""--disable-semantic-fallback""]","== match report for /home/arjaiswal/Polygeist/issues/aten_c_kernels/results/aten_compressed_block_convert_cpu/debuf.mlir ==
  total: 0 matched / 0 bodies
",0,[],0,0,0,0,/home/arjaiswal/Polygeist/issues/aten_c_kernels/results/aten_compressed_block_convert_cpu/debuf.mlir,2978,8,0,0,248.33711236715317,0,64760,0.0,0,0,0,0,[],0,0,0,0.0,0
aten,aten_compressed_block_convert_cpu,/home/arjaiswal/Polygeist/issues/aten_c_kernels/results/aten_compressed_block_convert_cpu/debuf.mlir,f7e59831682e01e28c40ea60fbc689c9b27e2e70949844ee463e3ea1887543e5,egglog,3,ok,0,682.0002868771553,0,"[""/usr/bin/python3"", ""/home/arjaiswal/Polygeist/scripts/correctness/kernel_match_rewrite.py"", ""/home/arjaiswal/Polygeist/issues/aten_c_kernels/results/aten_compressed_block_convert_cpu/debuf.mlir"", ""--dry-run"", ""--matcher-mode"", ""egglog"", ""--telemetry-json"", ""/home/arjaiswal/Polygeist/issues/equality_saturation_eval/campaign_20260908/aten-aten_compressed_block_convert_cpu-egglog-ujkm6wep.json"", ""--disable-semantic-fallback""]","== match report for /home/arjaiswal/Polygeist/issues/aten_c_kernels/results/aten_compressed_block_convert_cpu/debuf.mlir ==
  total: 0 matched / 0 bodies
",0,[],0,0,0,0,/home/arjaiswal/Polygeist/issues/aten_c_kernels/results/aten_compressed_block_convert_cpu/debuf.mlir,2978,8,0,0,250.2748817205429,0,64744,0.0,0,0,0,0,[],0,0,0,0.0,0
aten,aten_compressed_block_convert_cpu,/home/arjaiswal/Polygeist/issues/aten_c_kernels/results/aten_compressed_block_convert_cpu/debuf.mlir,f7e59831682e01e28c40ea60fbc689c9b27e2e70949844ee463e3ea1887543e5,syntactic,3,ok,0,688.9577507972717,0,"[""/usr/bin/python3"", ""/home/arjaiswal/Polygeist/scripts/correctness/kernel_match_rewrite.py"", ""/home/arjaiswal/Polygeist/issues/aten_c_kernels/results/aten_compressed_block_convert_cpu/debuf.mlir"", ""--dry-run"", ""--matcher-mode"", ""syntactic"", ""--telemetry-json"", ""/home/arjaiswal/Polygeist/issues/equality_saturation_eval/campaign_20260908/aten-aten_compressed_block_convert_cpu-syntactic-dzrx9tx5.json"", ""--disable-semantic-fallback""]","== match report for /home/arjaiswal/Polygeist/issues/aten_c_kernels/results/aten_compressed_block_convert_cpu/debuf.mlir ==
  total: 0 matched / 0 bodies
",0,[],0,0,0,0,/home/arjaiswal/Polygeist/issues/aten_c_kernels/results/aten_compressed_block_convert_cpu/debuf.mlir,2978,0,0,0,264.4263468682766,0,65008,0.0,0,0,0,0,[],0,0,0,0.0,0
aten,aten_compressed_block_convert_cpu,/home/arjaiswal/Polygeist/issues/aten_c_kernels/results/aten_compressed_block_convert_cpu/debuf.mlir,f7e59831682e01e28c40ea60fbc689c9b27e2e70949844ee463e3ea1887543e5,syntactic,4,ok,0,694.8889419436455,0,"[""/usr/bin/python3"", ""/home/arjaiswal/Polygeist/scripts/correctness/kernel_match_rewrite.py"", ""/home/arjaiswal/Polygeist/issues/aten_c_kernels/results/aten_compressed_block_convert_cpu/debuf.mlir"", ""--dry-run"", ""--matcher-mode"", ""syntactic"", ""--telemetry-json"", ""/home/arjaiswal/Polygeist/issues/equality_saturation_eval/campaign_20260908/aten-aten_compressed_block_convert_cpu-syntactic-bvjwcngw.json"", ""--disable-semantic-fallback""]","== match report for /home/arjaiswal/Polygeist/issues/aten_c_kernels/results/aten_compressed_block_convert_cpu/debuf.mlir ==
  total: 0 matched / 0 bodies
",0,[],0,0,0,0,/home/arjaiswal/Polygeist/issues/aten_c_kernels/results/aten_compressed_block_convert_cpu/debuf.mlir,2978,0,0,0,275.96695348620415,0,64616,0.0,0,0,0,0,[],0,0,0,0.0,0
aten,aten_compressed_block_convert_cpu,/home/arjaiswal/Polygeist/issues/aten_c_kernels/results/aten_compressed_block_convert_cpu/debuf.mlir,f7e59831682e01e28c40ea60fbc689c9b27e2e70949844ee463e3ea1887543e5,egglog,4,ok,0,688.1530620157719,0,"[""/usr/bin/python3"", ""/home/arjaiswal/Polygeist/scripts/correctness/kernel_match_rewrite.py"", ""/home/arjaiswal/Polygeist/issues/aten_c_kernels/results/aten_compressed_block_convert_cpu/debuf.mlir"", ""--dry-run"", ""--matcher-mode"", ""egglog"", ""--telemetry-json"", ""/home/arjaiswal/Polygeist/issues/equality_saturation_eval/campaign_20260908/aten-aten_compressed_block_convert_cpu-egglog-b9uorso0.json"", ""--disable-semantic-fallback""]","== match report for /home/arjaiswal/Polygeist/issues/aten_c_kernels/results/aten_compressed_block_convert_cpu/debuf.mlir ==
  total: 0 matched / 0 bodies
",0,[],0,0,0,0,/home/arjaiswal/Polygeist/issues/aten_c_kernels/results/aten_compressed_block_convert_cpu/debuf.mlir,2978,8,0,0,258.6165592074394,0,64940,0.0,0,0,0,0,[],0,0,0,0.0,0
aten,aten_compressed_block_convert_cpu,/home/arjaiswal/Polygeist/issues/aten_c_kernels/results/aten_compressed_block_convert_cpu/debuf.mlir,f7e59831682e01e28c40ea60fbc689c9b27e2e70949844ee463e3ea1887543e5,egglog,5,ok,0,697.5582540035248,0,"[""/usr/bin/python3"", ""/home/arjaiswal/Polygeist/scripts/correctness/kernel_match_rewrite.py"", ""/home/arjaiswal/Polygeist/issues/aten_c_kernels/results/aten_compressed_block_convert_cpu/debuf.mlir"", ""--dry-run"", ""--matcher-mode"", ""egglog"", ""--telemetry-json"", ""/home/arjaiswal/Polygeist/issues/equality_saturation_eval/campaign_20260908/aten-aten_compressed_block_convert_cpu-egglog-8snt0y2c.json"", ""--disable-semantic-fallback""]","== match report for /home/arjaiswal/Polygeist/issues/aten_c_kernels/results/aten_compressed_block_convert_cpu/debuf.mlir ==
  total: 0 matched / 0 bodies
",0,[],0,0,0,0,/home/arjaiswal/Polygeist/issues/aten_c_kernels/results/aten_compressed_block_convert_cpu/debuf.mlir,2978,8,0,0,272.06341177225113,0,64948,0.0,0,0,0,0,[],0,0,0,0.0,0
aten,aten_compressed_block_convert_cpu,/home/arjaiswal/Polygeist/issues/aten_c_kernels/results/aten_compressed_block_convert_cpu/debuf.mlir,f7e59831682e01e28c40ea60fbc689c9b27e2e70949844ee463e3ea1887543e5,syntactic,5,ok,0,651.0976478457451,0,"[""/usr/bin/python3"", ""/home/arjaiswal/Polygeist/scripts/correctness/kernel_match_rewrite.py"", ""/home/arjaiswal/Polygeist/issues/aten_c_kernels/results/aten_compressed_block_convert_cpu/debuf.mlir"", ""--dry-run"", ""--matcher-mode"", ""syntactic"", ""--telemetry-json"", ""/home/arjaiswal/Polygeist/issues/equality_saturation_eval/campaign_20260908/aten-aten_compressed_block_convert_cpu-syntactic-9xy5yrvl.json"", ""--disable-semantic-fallback""]","== match report for /home/arjaiswal/Polygeist/issues/aten_c_kernels/results/aten_compressed_block_convert_cpu/debuf.mlir ==
  total: 0 matched / 0 bodies
",0,[],0,0,0,0,/home/arjaiswal/Polygeist/issues/aten_c_kernels/results/aten_compressed_block_convert_cpu/debuf.mlir,2978,0,0,0,250.08612498641014,0,64868,0.0,0,0,0,0,[],0,0,0,0.0,0
aten,aten_conj_complex_scalarized,/home/arjaiswal/Polygeist/issues/aten_c_kernels/results/aten_conj_complex_scalarized/debuf.mlir,b45e9faa30cb65693e7bf8088b8a3e12316dbbd29e3f9889d039514e2e7a2ff2,syntactic,1,ok,0,926.562525331974,0,"[""/usr/bin/python3"", ""/home/arjaiswal/Polygeist/scripts/correctness/kernel_match_rewrite.py"", ""/home/arjaiswal/Polygeist/issues/aten_c_kernels/results/aten_conj_complex_scalarized/debuf.mlir"", ""--dry-run"", ""--matcher-mode"", ""syntactic"", ""--telemetry-json"", ""/home/arjaiswal/Polygeist/issues/equality_saturation_eval/campaign_20260908/aten-aten_conj_complex_scalarized-syntactic-b32kpec6.json"", ""--disable-semantic-fallback""]","== match report for /home/arjaiswal/Polygeist/issues/aten_c_kernels/results/aten_conj_complex_scalarized/debuf.mlir ==
  match          body#[0]  cudaCopy1D_f32_tensor
  match          body#[1]  cutensorUnary_neg_f32
  total: 2 matched / 2 bodies
",0,[],0,0,0,0,/home/arjaiswal/Polygeist/issues/aten_c_kernels/results/aten_conj_complex_scalarized/debuf.mlir,2296,0,2,2,493.63574758172035,0,65808,0.22653862833976746,0,8,0,0,"[{""body_indices"": [0], ""symbol"": ""cudaCopy1D_f32_tensor""}, {""body_indices"": [1], ""symbol"": ""cutensorUnary_neg_f32""}]",2,0,92,0.0,92
aten,aten_conj_complex_scalarized,/home/arjaiswal/Polygeist/issues/aten_c_kernels/results/aten_conj_complex_scalarized/debuf.mlir,b45e9faa30cb65693e7bf8088b8a3e12316dbbd29e3f9889d039514e2e7a2ff2,egglog,1,ok,0,1012.6935876905918,0,"[""/usr/bin/python3"", ""/home/arjaiswal/Polygeist/scripts/correctness/kernel_match_rewrite.py"", ""/home/arjaiswal/Polygeist/issues/aten_c_kernels/results/aten_conj_complex_scalarized/debuf.mlir"", ""--dry-run"", ""--matcher-mode"", ""egglog"", ""--telemetry-json"", ""/home/arjaiswal/Polygeist/issues/equality_saturation_eval/campaign_20260908/aten-aten_conj_complex_scalarized-egglog-rch42868.json"", ""--disable-semantic-fallback""]","== match report for /home/arjaiswal/Polygeist/issues/aten_c_kernels/results/aten_conj_complex_scalarized/debuf.mlir ==
  match          body#[0]  cudaCopy1D_f32_tensor
  match          body#[1]  cutensorUnary_neg_f32
  total: 2 matched / 2 bodies
",0,[],0,0,0,0,/home/arjaiswal/Polygeist/issues/aten_c_kernels/results/aten_conj_complex_scalarized/debuf.mlir,2296,8,2,2,571.5440213680267,0,70020,81.94606751203537,8,8,0,0,"[{""body_indices"": [0], ""symbol"": ""cudaCopy1D_f32_tensor""}, {""body_indices"": [1], ""symbol"": ""cutensorUnary_neg_f32""}]",2,0,0,0.0,92
aten,aten_conj_complex_scalarized,/home/arjaiswal/Polygeist/issues/aten_c_kernels/results/aten_conj_complex_scalarized/debuf.mlir,b45e9faa30cb65693e7bf8088b8a3e12316dbbd29e3f9889d039514e2e7a2ff2,egglog,2,ok,0,964.5766466856003,0,"[""/usr/bin/python3"", ""/home/arjaiswal/Polygeist/scripts/correctness/kernel_match_rewrite.py"", ""/home/arjaiswal/Polygeist/issues/aten_c_kernels/results/aten_conj_complex_scalarized/debuf.mlir"", ""--dry-run"", ""--matcher-mode"", ""egglog"", ""--telemetry-json"", ""/home/arjaiswal/Polygeist/issues/equality_saturation_eval/campaign_20260908/aten-aten_conj_complex_scalarized-egglog-6fwbd6d_.json"", ""--disable-semantic-fallback""]","== match report for /home/arjaiswal/Polygeist/issues/aten_c_kernels/results/aten_conj_complex_scalarized/debuf.mlir ==
  match          body#[0]  cudaCopy1D_f32_tensor
  match          body#[1]  cutensorUnary_neg_f32
  total: 2 matched / 2 bodies
",0,[],0,0,0,0,/home/arjaiswal/Polygeist/issues/aten_c_kernels/results/aten_conj_complex_scalarized/debuf.mlir,2296,8,2,2,555.6784309446812,0,69848,84.39277485013008,8,8,0,0,"[{""body_indices"": [0], ""symbol"": ""cudaCopy1D_f32_tensor""}, {""body_indices"": [1], ""symbol"": ""cutensorUnary_neg_f32""}]",2,0,0,0.0,92
aten,aten_conj_complex_scalarized,/home/arjaiswal/Polygeist/issues/aten_c_kernels/results/aten_conj_complex_scalarized/debuf.mlir,b45e9faa30cb65693e7bf8088b8a3e12316dbbd29e3f9889d039514e2e7a2ff2,syntactic,2,ok,0,903.3565446734428,0,"[""/usr/bin/python3"", ""/home/arjaiswal/Polygeist/scripts/correctness/kernel_match_rewrite.py"", ""/home/arjaiswal/Polygeist/issues/aten_c_kernels/results/aten_conj_complex_scalarized/debuf.mlir"", ""--dry-run"", ""--matcher-mode"", ""syntactic"", ""--telemetry-json"", ""/home/arjaiswal/Polygeist/issues/equality_saturation_eval/campaign_20260908/aten-aten_conj_complex_scalarized-syntactic-5bbu42bp.json"", ""--disable-semantic-fallback""]","== match report for /home/arjaiswal/Polygeist/issues/aten_c_kernels/results/aten_conj_complex_scalarized/debuf.mlir ==
  match          body#[0]  cudaCopy1D_f32_tensor
  match          body#[1]  cutensorUnary_neg_f32
  total: 2 matched / 2 bodies
",0,[],0,0,0,0,/home/arjaiswal/Polygeist/issues/aten_c_kernels/results/aten_conj_complex_scalarized/debuf.mlir,2296,0,2,2,478.45371812582016,0,65940,0.2314932644367218,0,8,0,0,"[{""body_indices"": [0], ""symbol"": ""cudaCopy1D_f32_tensor""}, {""body_indices"": [1], ""symbol"": ""cutensorUnary_neg_f32""}]",2,0,92,0.0,92
aten,aten_conj_complex_scalarized,/home/arjaiswal/Polygeist/issues/aten_c_kernels/results/aten_conj_complex_scalarized/debuf.mlir,b45e9faa30cb65693e7bf8088b8a3e12316dbbd29e3f9889d039514e2e7a2ff2,syntactic,3,ok,0,906.5647795796394,0,"[""/usr/bin/python3"", ""/home/arjaiswal/Polygeist/scripts/correctness/kernel_match_rewrite.py"", ""/home/arjaiswal/Polygeist/issues/aten_c_kernels/results/aten_conj_complex_scalarized/debuf.mlir"", ""--dry-run"", ""--matcher-mode"", ""syntactic"", ""--telemetry-json"", ""/home/arjaiswal/Polygeist/issues/equality_saturation_eval/campaign_20260908/aten-aten_conj_complex_scalarized-syntactic-vh_anl53.json"", ""--disable-semantic-fallback""]","== match report for /home/arjaiswal/Polygeist/issues/aten_c_kernels/results/aten_conj_complex_scalarized/debuf.mlir ==
  match          body#[0]  cudaCopy1D_f32_tensor
  match          body#[1]  cutensorUnary_neg_f32
  total: 2 matched / 2 bodies
",0,[],0,0,0,0,/home/arjaiswal/Polygeist/issues/aten_c_kernels/results/aten_conj_complex_scalarized/debuf.mlir,2296,0,2,2,466.39615669846535,0,65712,0.223647803068161,0,8,0,0,"[{""body_indices"": [0], ""symbol"": ""cudaCopy1D_f32_tensor""}, {""body_indices"": [1], ""symbol"": ""cutensorUnary_neg_f32""}]",2,0,92,0.0,92
aten,aten_conj_complex_scalarized,/home/arjaiswal/Polygeist/issues/aten_c_kernels/results/aten_conj_complex_scalarized/debuf.mlir,b45e9faa30cb65693e7bf8088b8a3e12316dbbd29e3f9889d039514e2e7a2ff2,egglog,3,ok,0,998.502716422081,0,"[""/usr/bin/python3"", ""/home/arjaiswal/Polygeist/scripts/correctness/kernel_match_rewrite.py"", ""/home/arjaiswal/Polygeist/issues/aten_c_kernels/results/aten_conj_complex_scalarized/debuf.mlir"", ""--dry-run"", ""--matcher-mode"", ""egglog"", ""--telemetry-json"", ""/home/arjaiswal/Polygeist/issues/equality_saturation_eval/campaign_20260908/aten-aten_conj_complex_scalarized-egglog-q5029qoq.json"", ""--disable-semantic-fallback""]","== match report for /home/arjaiswal/Polygeist/issues/aten_c_kernels/results/aten_conj_complex_scalarized/debuf.mlir ==
  match          body#[0]  cudaCopy1D_f32_tensor
  match          body#[1]  cutensorUnary_neg_f32
  total: 2 matched / 2 bodies
",0,[],0,0,0,0,/home/arjaiswal/Polygeist/issues/aten_c_kernels/results/aten_conj_complex_scalarized/debuf.mlir,2296,8,2,2,578.0452080070972,0,70200,86.55829727649689,8,8,0,0,"[{""body_indices"": [0], ""symbol"": ""cudaCopy1D_f32_tensor""}, {""body_indices"": [1], ""symbol"": ""cutensorUnary_neg_f32""}]",2,0,0,0.0,92
aten,aten_conj_complex_scalarized,/home/arjaiswal/Polygeist/issues/aten_c_kernels/results/aten_conj_complex_scalarized/debuf.mlir,b45e9faa30cb65693e7bf8088b8a3e12316dbbd29e3f9889d039514e2e7a2ff2,egglog,4,ok,0,971.0494019091129,0,"[""/usr/bin/python3"", ""/home/arjaiswal/Polygeist/scripts/correctness/kernel_match_rewrite.py"", ""/home/arjaiswal/Polygeist/issues/aten_c_kernels/results/aten_conj_complex_scalarized/debuf.mlir"", ""--dry-run"", ""--matcher-mode"", ""egglog"", ""--telemetry-json"", ""/home/arjaiswal/Polygeist/issues/equality_saturation_eval/campaign_20260908/aten-aten_conj_complex_scalarized-egglog-lytzo40y.json"", ""--disable-semantic-fallback""]","== match report for /home/arjaiswal/Polygeist/issues/aten_c_kernels/results/aten_conj_complex_scalarized/debuf.mlir ==
  match          body#[0]  cudaCopy1D_f32_tensor
  match          body#[1]  cutensorUnary_neg_f32
  total: 2 matched / 2 bodies
",0,[],0,0,0,0,/home/arjaiswal/Polygeist/issues/aten_c_kernels/results/aten_conj_complex_scalarized/debuf.mlir,2296,8,2,2,552.6766367256641,0,70060,83.2870751619339,8,8,0,0,"[{""body_indices"": [0], ""symbol"": ""cudaCopy1D_f32_tensor""}, {""body_indices"": [1], ""symbol"": ""cutensorUnary_neg_f32""}]",2,0,0,0.0,92
aten,aten_conj_complex_scalarized,/home/arjaiswal/Polygeist/issues/aten_c_kernels/results/aten_conj_complex_scalarized/debuf.mlir,b45e9faa30cb65693e7bf8088b8a3e12316dbbd29e3f9889d039514e2e7a2ff2,syntactic,4,ok,0,877.2215954959393,0,"[""/usr/bin/python3"", ""/home/arjaiswal/Polygeist/scripts/correctness/kernel_match_rewrite.py"", ""/home/arjaiswal/Polygeist/issues/aten_c_kernels/results/aten_conj_complex_scalarized/debuf.mlir"", ""--dry-run"", ""--matcher-mode"", ""syntactic"", ""--telemetry-json"", ""/home/arjaiswal/Polygeist/issues/equality_saturation_eval/campaign_20260908/aten-aten_conj_complex_scalarized-syntactic-hpkbnxti.json"", ""--disable-semantic-fallback""]","== match report for /home/arjaiswal/Polygeist/issues/aten_c_kernels/results/aten_conj_complex_scalarized/debuf.mlir ==
  match          body#[0]  cudaCopy1D_f32_tensor
  match          body#[1]  cutensorUnary_neg_f32
  total: 2 matched / 2 bodies
",0,[],0,0,0,0,/home/arjaiswal/Polygeist/issues/aten_c_kernels/results/aten_conj_complex_scalarized/debuf.mlir,2296,0,2,2,464.10857513546944,0,66056,0.20603090524673462,0,8,0,0,"[{""body_indices"": [0], ""symbol"": ""cudaCopy1D_f32_tensor""}, {""body_indices"": [1], ""symbol"": ""cutensorUnary_neg_f32""}]",2,0,92,0.0,92
aten,aten_conj_complex_scalarized,/home/arjaiswal/Polygeist/issues/aten_c_kernels/results/aten_conj_complex_scalarized/debuf.mlir,b45e9faa30cb65693e7bf8088b8a3e12316dbbd29e3f9889d039514e2e7a2ff2,syntactic,5,ok,0,922.822393476963,0,"[""/usr/bin/python3"", ""/home/arjaiswal/Polygeist/scripts/correctness/kernel_match_rewrite.py"", ""/home/arjaiswal/Polygeist/issues/aten_c_kernels/results/aten_conj_complex_scalarized/debuf.mlir"", ""--dry-run"", ""--matcher-mode"", ""syntactic"", ""--telemetry-json"", ""/home/arjaiswal/Polygeist/issues/equality_saturation_eval/campaign_20260908/aten-aten_conj_complex_scalarized-syntactic-9a_jetz7.json"", ""--disable-semantic-fallback""]","== match report for /home/arjaiswal/Polygeist/issues/aten_c_kernels/results/aten_conj_complex_scalarized/debuf.mlir ==
  match          body#[0]  cudaCopy1D_f32_tensor
  match          body#[1]  cutensorUnary_neg_f32
  total: 2 matched / 2 bodies
",0,[],0,0,0,0,/home/arjaiswal/Polygeist/issues/aten_c_kernels/results/aten_conj_complex_scalarized/debuf.mlir,2296,0,2,2,489.3402121961117,0,66036,0.21570175886154175,0,8,0,0,"[{""body_indices"": [0], ""symbol"": ""cudaCopy1D_f32_tensor""}, {""body_indices"": [1], ""symbol"": ""cutensorUnary_neg_f32""}]",2,0,92,0.0,92
aten,aten_conj_complex_scalarized,/home/arjaiswal/Polygeist/issues/aten_c_kernels/results/aten_conj_complex_scalarized/debuf.mlir,b45e9faa30cb65693e7bf8088b8a3e12316dbbd29e3f9889d039514e2e7a2ff2,egglog,5,ok,0,971.7569537460804,0,"[""/usr/bin/python3"", ""/home/arjaiswal/Polygeist/scripts/correctness/kernel_match_rewrite.py"", ""/home/arjaiswal/Polygeist/issues/aten_c_kernels/results/aten_conj_complex_scalarized/debuf.mlir"", ""--dry-run"", ""--matcher-mode"", ""egglog"", ""--telemetry-json"", ""/home/arjaiswal/Polygeist/issues/equality_saturation_eval/campaign_20260908/aten-aten_conj_complex_scalarized-egglog-83kuzqeq.json"", ""--disable-semantic-fallback""]","== match report for /home/arjaiswal/Polygeist/issues/aten_c_kernels/results/aten_conj_complex_scalarized/debuf.mlir ==
  match          body#[0]  cudaCopy1D_f32_tensor
  match          body#[1]  cutensorUnary_neg_f32
  total: 2 matched / 2 bodies
",0,[],0,0,0,0,/home/arjaiswal/Polygeist/issues/aten_c_kernels/results/aten_conj_complex_scalarized/debuf.mlir,2296,8,2,2,557.6723963022232,0,70088,83.37094262242317,8,8,0,0,"[{""body_indices"": [0], ""symbol"": ""cudaCopy1D_f32_tensor""}, {""body_indices"": [1], ""symbol"": ""cutensorUnary_neg_f32""}]",2,0,0,0.0,92
aten,aten_constant_pad_nd_cpu,/home/arjaiswal/Polygeist/issues/aten_c_kernels/results/aten_constant_pad_nd_cpu/debuf.mlir,e2aec30fc2fa1a5ad5bbd52f8d37b88ba3d854e252661352378175e5e1220e29,egglog,1,ok,0,895.043708384037,0,"[""/usr/bin/python3"", ""/home/arjaiswal/Polygeist/scripts/correctness/kernel_match_rewrite.py"", ""/home/arjaiswal/Polygeist/issues/aten_c_kernels/results/aten_constant_pad_nd_cpu/debuf.mlir"", ""--dry-run"", ""--matcher-mode"", ""egglog"", ""--telemetry-json"", ""/home/arjaiswal/Polygeist/issues/equality_saturation_eval/campaign_20260908/aten-aten_constant_pad_nd_cpu-egglog-eutuyxce.json"", ""--disable-semantic-fallback""]","== match report for /home/arjaiswal/Polygeist/issues/aten_c_kernels/results/aten_constant_pad_nd_cpu/debuf.mlir ==
  no_match       body#0  ?
  match          body#[1]  cudaCopy1D_f32_tensor
  total: 1 matched / 2 bodies
",0,[],0,0,0,0,/home/arjaiswal/Polygeist/issues/aten_c_kernels/results/aten_constant_pad_nd_cpu/debuf.mlir,2342,8,2,1,451.2347839772701,1,69632,21.48975431919098,2,2,0,0,"[{""body_indices"": [1], ""symbol"": ""cudaCopy1D_f32_tensor""}]",1,0,0,0.0,80
aten,aten_constant_pad_nd_cpu,/home/arjaiswal/Polygeist/issues/aten_c_kernels/results/aten_constant_pad_nd_cpu/debuf.mlir,e2aec30fc2fa1a5ad5bbd52f8d37b88ba3d854e252661352378175e5e1220e29,syntactic,1,ok,0,853.6229617893696,0,"[""/usr/bin/python3"", ""/home/arjaiswal/Polygeist/scripts/correctness/kernel_match_rewrite.py"", ""/home/arjaiswal/Polygeist/issues/aten_c_kernels/results/aten_constant_pad_nd_cpu/debuf.mlir"", ""--dry-run"", ""--matcher-mode"", ""syntactic"", ""--telemetry-json"", ""/home/arjaiswal/Polygeist/issues/equality_saturation_eval/campaign_20260908/aten-aten_constant_pad_nd_cpu-syntactic-jc0qmln2.json"", ""--disable-semantic-fallback""]","== match report for /home/arjaiswal/Polygeist/issues/aten_c_kernels/results/aten_constant_pad_nd_cpu/debuf.mlir ==
  no_match       body#0  ?
  match          body#[1]  cudaCopy1D_f32_tensor
  total: 1 matched / 2 bodies
",0,[],0,0,0,0,/home/arjaiswal/Polygeist/issues/aten_c_kernels/results/aten_constant_pad_nd_cpu/debuf.mlir,2342,0,2,1,446.64498046040535,1,65880,0.20879879593849182,0,2,0,0,"[{""body_indices"": [1], ""symbol"": ""cudaCopy1D_f32_tensor""}]",1,0,80,0.0,80
aten,aten_constant_pad_nd_cpu,/home/arjaiswal/Polygeist/issues/aten_c_kernels/results/aten_constant_pad_nd_cpu/debuf.mlir,e2aec30fc2fa1a5ad5bbd52f8d37b88ba3d854e252661352378175e5e1220e29,syntactic,2,ok,0,883.519671857357,0,"[""/usr/bin/python3"", ""/home/arjaiswal/Polygeist/scripts/correctness/kernel_match_rewrite.py"", ""/home/arjaiswal/Polygeist/issues/aten_c_kernels/results/aten_constant_pad_nd_cpu/debuf.mlir"", ""--dry-run"", ""--matcher-mode"", ""syntactic"", ""--telemetry-json"", ""/home/arjaiswal/Polygeist/issues/equality_saturation_eval/campaign_20260908/aten-aten_constant_pad_nd_cpu-syntactic-zyfwymjm.json"", ""--disable-semantic-fallback""]","== match report for /home/arjaiswal/Polygeist/issues/aten_c_kernels/results/aten_constant_pad_nd_cpu/debuf.mlir ==
  no_match       body#0  ?
  match          body#[1]  cudaCopy1D_f32_tensor
  total: 1 matched / 2 bodies
",0,[],0,0,0,0,/home/arjaiswal/Polygeist/issues/aten_c_kernels/results/aten_constant_pad_nd_cpu/debuf.mlir,2342,0,2,1,457.85487815737724,1,65852,0.1926235854625702,0,2,0,0,"[{""body_indices"": [1], ""symbol"": ""cudaCopy1D_f32_tensor""}]",1,0,80,0.0,80
aten,aten_constant_pad_nd_cpu,/home/arjaiswal/Polygeist/issues/aten_c_kernels/results/aten_constant_pad_nd_cpu/debuf.mlir,e2aec30fc2fa1a5ad5bbd52f8d37b88ba3d854e252661352378175e5e1220e29,egglog,2,ok,0,895.9500081837177,0,"[""/usr/bin/python3"", ""/home/arjaiswal/Polygeist/scripts/correctness/kernel_match_rewrite.py"", ""/home/arjaiswal/Polygeist/issues/aten_c_kernels/results/aten_constant_pad_nd_cpu/debuf.mlir"", ""--dry-run"", ""--matcher-mode"", ""egglog"", ""--telemetry-json"", ""/home/arjaiswal/Polygeist/issues/equality_saturation_eval/campaign_20260908/aten-aten_constant_pad_nd_cpu-egglog-81ag9ns6.json"", ""--disable-semantic-fallback""]","== match report for /home/arjaiswal/Polygeist/issues/aten_c_kernels/results/aten_constant_pad_nd_cpu/debuf.mlir ==
  no_match       body#0  ?
  match          body#[1]  cudaCopy1D_f32_tensor
  total: 1 matched / 2 bodies
",0,[],0,0,0,0,/home/arjaiswal/Polygeist/issues/aten_c_kernels/results/aten_constant_pad_nd_cpu/debuf.mlir,2342,8,2,1,467.3403911292553,1,69624,21.82459831237793,2,2,0,0,"[{""body_indices"": [1], ""symbol"": ""cudaCopy1D_f32_tensor""}]",1,0,0,0.0,80
aten,aten_constant_pad_nd_cpu,/home/arjaiswal/Polygeist/issues/aten_c_kernels/results/aten_constant_pad_nd_cpu/debuf.mlir,e2aec30fc2fa1a5ad5bbd52f8d37b88ba3d854e252661352378175e5e1220e29,egglog,3,ok,0,948.9100128412247,0,"[""/usr/bin/python3"", ""/home/arjaiswal/Polygeist/scripts/correctness/kernel_match_rewrite.py"", ""/home/arjaiswal/Polygeist/issues/aten_c_kernels/results/aten_constant_pad_nd_cpu/debuf.mlir"", ""--dry-run"", ""--matcher-mode"", ""egglog"", ""--telemetry-json"", ""/home/arjaiswal/Polygeist/issues/equality_saturation_eval/campaign_20260908/aten-aten_constant_pad_nd_cpu-egglog-zjffkjew.json"", ""--disable-semantic-fallback""]","== match report for /home/arjaiswal/Polygeist/issues/aten_c_kernels/results/aten_constant_pad_nd_cpu/debuf.mlir ==
  no_match       body#0  ?
  match          body#[1]  cudaCopy1D_f32_tensor
  total: 1 matched / 2 bodies
",0,[],0,0,0,0,/home/arjaiswal/Polygeist/issues/aten_c_kernels/results/aten_constant_pad_nd_cpu/debuf.mlir,2342,8,2,1,500.30575692653656,1,69792,26.924069970846176,2,2,0,0,"[{""body_indices"": [1], ""symbol"": ""cudaCopy1D_f32_tensor""}]",1,0,0,0.0,80
aten,aten_constant_pad_nd_cpu,/home/arjaiswal/Polygeist/issues/aten_c_kernels/results/aten_constant_pad_nd_cpu/debuf.mlir,e2aec30fc2fa1a5ad5bbd52f8d37b88ba3d854e252661352378175e5e1220e29,syntactic,3,ok,0,841.1161042749882,0,"[""/usr/bin/python3"", ""/home/arjaiswal/Polygeist/scripts/correctness/kernel_match_rewrite.py"", ""/home/arjaiswal/Polygeist/issues/aten_c_kernels/results/aten_constant_pad_nd_cpu/debuf.mlir"", ""--dry-run"", ""--matcher-mode"", ""syntactic"", ""--telemetry-json"", ""/home/arjaiswal/Polygeist/issues/equality_saturation_eval/campaign_20260908/aten-aten_constant_pad_nd_cpu-syntactic-0lezidq4.json"", ""--disable-semantic-fallback""]","== match report for /home/arjaiswal/Polygeist/issues/aten_c_kernels/results/aten_constant_pad_nd_cpu/debuf.mlir ==
  no_match       body#0  ?
  match          body#[1]  cudaCopy1D_f32_tensor
  total: 1 matched / 2 bodies
",0,[],0,0,0,0,/home/arjaiswal/Polygeist/issues/aten_c_kernels/results/aten_constant_pad_nd_cpu/debuf.mlir,2342,0,2,1,417.3566438257694,1,66076,0.19031763076782227,0,2,0,0,"[{""body_indices"": [1], ""symbol"": ""cudaCopy1D_f32_tensor""}]",1,0,80,0.0,80
aten,aten_constant_pad_nd_cpu,/home/arjaiswal/Polygeist/issues/aten_c_kernels/results/aten_constant_pad_nd_cpu/debuf.mlir,e2aec30fc2fa1a5ad5bbd52f8d37b88ba3d854e252661352378175e5e1220e29,syntactic,4,ok,0,872.1798062324524,0,"[""/usr/bin/python3"", ""/home/arjaiswal/Polygeist/scripts/correctness/kernel_match_rewrite.py"", ""/home/arjaiswal/Polygeist/issues/aten_c_kernels/results/aten_constant_pad_nd_cpu/debuf.mlir"", ""--dry-run"", ""--matcher-mode"", ""syntactic"", ""--telemetry-json"", ""/home/arjaiswal/Polygeist/issues/equality_saturation_eval/campaign_20260908/aten-aten_constant_pad_nd_cpu-syntactic-dorh7ght.json"", ""--disable-semantic-fallback""]","== match report for /home/arjaiswal/Polygeist/issues/aten_c_kernels/results/aten_constant_pad_nd_cpu/debuf.mlir ==
  no_match       body#0  ?
  match          body#[1]  cudaCopy1D_f32_tensor
  total: 1 matched / 2 bodies
",0,[],0,0,0,0,/home/arjaiswal/Polygeist/issues/aten_c_kernels/results/aten_constant_pad_nd_cpu/debuf.mlir,2342,0,2,1,419.57106813788414,1,65924,0.17147138714790344,0,2,0,0,"[{""body_indices"": [1], ""symbol"": ""cudaCopy1D_f32_tensor""}]",1,0,80,0.0,80
aten,aten_constant_pad_nd_cpu,/home/arjaiswal/Polygeist/issues/aten_c_kernels/results/aten_constant_pad_nd_cpu/debuf.mlir,e2aec30fc2fa1a5ad5bbd52f8d37b88ba3d854e252661352378175e5e1220e29,egglog,4,ok,0,912.3014137148857,0,"[""/usr/bin/python3"", ""/home/arjaiswal/Polygeist/scripts/correctness/kernel_match_rewrite.py"", ""/home/arjaiswal/Polygeist/issues/aten_c_kernels/results/aten_constant_pad_nd_cpu/debuf.mlir"", ""--dry-run"", ""--matcher-mode"", ""egglog"", ""--telemetry-json"", ""/home/arjaiswal/Polygeist/issues/equality_saturation_eval/campaign_20260908/aten-aten_constant_pad_nd_cpu-egglog-mfmth6sc.json"", ""--disable-semantic-fallback""]","== match report for /home/arjaiswal/Polygeist/issues/aten_c_kernels/results/aten_constant_pad_nd_cpu/debuf.mlir ==
  no_match       body#0  ?
  match          body#[1]  cudaCopy1D_f32_tensor
  total: 1 matched / 2 bodies
",0,[],0,0,0,0,/home/arjaiswal/Polygeist/issues/aten_c_kernels/results/aten_constant_pad_nd_cpu/debuf.mlir,2342,8,2,1,489.418413490057,1,69512,22.024311125278473,2,2,0,0,"[{""body_indices"": [1], ""symbol"": ""cudaCopy1D_f32_tensor""}]",1,0,0,0.0,80
aten,aten_constant_pad_nd_cpu,/home/arjaiswal/Polygeist/issues/aten_c_kernels/results/aten_constant_pad_nd_cpu/debuf.mlir,e2aec30fc2fa1a5ad5bbd52f8d37b88ba3d854e252661352378175e5e1220e29,egglog,5,ok,0,928.5809323191643,0,"[""/usr/bin/python3"", ""/home/arjaiswal/Polygeist/scripts/correctness/kernel_match_rewrite.py"", ""/home/arjaiswal/Polygeist/issues/aten_c_kernels/results/aten_constant_pad_nd_cpu/debuf.mlir"", ""--dry-run"", ""--matcher-mode"", ""egglog"", ""--telemetry-json"", ""/home/arjaiswal/Polygeist/issues/equality_saturation_eval/campaign_20260908/aten-aten_constant_pad_nd_cpu-egglog-hwvc32aq.json"", ""--disable-semantic-fallback""]","== match report for /home/arjaiswal/Polygeist/issues/aten_c_kernels/results/aten_constant_pad_nd_cpu/debuf.mlir ==
  no_match       body#0  ?
  match          body#[1]  cudaCopy1D_f32_tensor
  total: 1 matched / 2 bodies
",0,[],0,0,0,0,/home/arjaiswal/Polygeist/issues/aten_c_kernels/results/aten_constant_pad_nd_cpu/debuf.mlir,2342,8,2,1,481.36205971241,1,69480,22.01167121529579,2,2,0,0,"[{""body_indices"": [1], ""symbol"": ""cudaCopy1D_f32_tensor""}]",1,0,0,0.0,80
aten,aten_constant_pad_nd_cpu,/home/arjaiswal/Polygeist/issues/aten_c_kernels/results/aten_constant_pad_nd_cpu/debuf.mlir,e2aec30fc2fa1a5ad5bbd52f8d37b88ba3d854e252661352378175e5e1220e29,syntactic,5,ok,0,916.1888509988785,0,"[""/usr/bin/python3"", ""/home/arjaiswal/Polygeist/scripts/correctness/kernel_match_rewrite.py"", ""/home/arjaiswal/Polygeist/issues/aten_c_kernels/results/aten_constant_pad_nd_cpu/debuf.mlir"", ""--dry-run"", ""--matcher-mode"", ""syntactic"", ""--telemetry-json"", ""/home/arjaiswal/Polygeist/issues/equality_saturation_eval/campaign_20260908/aten-aten_constant_pad_nd_cpu-syntactic-6joz4aq6.json"", ""--disable-semantic-fallback""]","== match report for /home/arjaiswal/Polygeist/issues/aten_c_kernels/results/aten_constant_pad_nd_cpu/debuf.mlir ==
  no_match       body#0  ?
  match          body#[1]  cudaCopy1D_f32_tensor
  total: 1 matched / 2 bodies
",0,[],0,0,0,0,/home/arjaiswal/Polygeist/issues/aten_c_kernels/results/aten_constant_pad_nd_cpu/debuf.mlir,2342,0,2,1,442.61879101395607,1,65792,0.18916651606559753,0,2,0,0,"[{""body_indices"": [1], ""symbol"": ""cudaCopy1D_f32_tensor""}]",1,0,80,0.0,80
aten,aten_conv1d,/home/arjaiswal/Polygeist/issues/aten_c_kernels/results/aten_conv1d/debuf.mlir,02664bcf2095276b451b3e0f8e2bb47bd8a80b98ec999b7b410dc5a130cb7ce8,syntactic,1,ok,0,685.4872032999992,0,"[""/usr/bin/python3"", ""/home/arjaiswal/Polygeist/scripts/correctness/kernel_match_rewrite.py"", ""/home/arjaiswal/Polygeist/issues/aten_c_kernels/results/aten_conv1d/debuf.mlir"", ""--dry-run"", ""--matcher-mode"", ""syntactic"", ""--telemetry-json"", ""/home/arjaiswal/Polygeist/issues/equality_saturation_eval/campaign_20260908/aten-aten_conv1d-syntactic-0ih7blto.json"", ""--disable-semantic-fallback""]","== match report for /home/arjaiswal/Polygeist/issues/aten_c_kernels/results/aten_conv1d/debuf.mlir ==
  match          body#[0, 1]  cudnnConvolution1D_f32_bias
  total: 1 matched / 1 bodies
",0,[],0,0,0,0,/home/arjaiswal/Polygeist/issues/aten_c_kernels/results/aten_conv1d/debuf.mlir,3528,0,2,2,259.03118029236794,0,64840,0.0,0,0,0,0,"[{""body_indices"": [0, 1], ""symbol"": ""cudnnConvolution1D_f32_bias""}]",1,0,0,0.0,0
aten,aten_conv1d,/home/arjaiswal/Polygeist/issues/aten_c_kernels/results/aten_conv1d/debuf.mlir,02664bcf2095276b451b3e0f8e2bb47bd8a80b98ec999b7b410dc5a130cb7ce8,egglog,1,ok,0,724.8296476900578,0,"[""/usr/bin/python3"", ""/home/arjaiswal/Polygeist/scripts/correctness/kernel_match_rewrite.py"", ""/home/arjaiswal/Polygeist/issues/aten_c_kernels/results/aten_conv1d/debuf.mlir"", ""--dry-run"", ""--matcher-mode"", ""egglog"", ""--telemetry-json"", ""/home/arjaiswal/Polygeist/issues/equality_saturation_eval/campaign_20260908/aten-aten_conv1d-egglog-08vf45kw.json"", ""--disable-semantic-fallback""]","== match report for /home/arjaiswal/Polygeist/issues/aten_c_kernels/results/aten_conv1d/debuf.mlir ==
  match          body#[0, 1]  cudnnConvolution1D_f32_bias
  total: 1 matched / 1 bodies
",0,[],0,0,0,0,/home/arjaiswal/Polygeist/issues/aten_c_kernels/results/aten_conv1d/debuf.mlir,3528,8,2,2,279.2320288717747,0,64884,0.0,0,0,0,0,"[{""body_indices"": [0, 1], ""symbol"": ""cudnnConvolution1D_f32_bias""}]",1,0,0,0.0,0
aten,aten_conv1d,/home/arjaiswal/Polygeist/issues/aten_c_kernels/results/aten_conv1d/debuf.mlir,02664bcf2095276b451b3e0f8e2bb47bd8a80b98ec999b7b410dc5a130cb7ce8,egglog,2,ok,0,686.214167624712,0,"[""/usr/bin/python3"", ""/home/arjaiswal/Polygeist/scripts/correctness/kernel_match_rewrite.py"", ""/home/arjaiswal/Polygeist/issues/aten_c_kernels/results/aten_conv1d/debuf.mlir"", ""--dry-run"", ""--matcher-mode"", ""egglog"", ""--telemetry-json"", ""/home/arjaiswal/Polygeist/issues/equality_saturation_eval/campaign_20260908/aten-aten_conv1d-egglog-s2i5_mwt.json"", ""--disable-semantic-fallback""]","== match report for /home/arjaiswal/Polygeist/issues/aten_c_kernels/results/aten_conv1d/debuf.mlir ==
  match          body#[0, 1]  cudnnConvolution1D_f32_bias
  total: 1 matched / 1 bodies
",0,[],0,0,0,0,/home/arjaiswal/Polygeist/issues/aten_c_kernels/results/aten_conv1d/debuf.mlir,3528,8,2,2,265.51423594355583,0,64340,0.0,0,0,0,0,"[{""body_indices"": [0, 1], ""symbol"": ""cudnnConvolution1D_f32_bias""}]",1,0,0,0.0,0
aten,aten_conv1d,/home/arjaiswal/Polygeist/issues/aten_c_kernels/results/aten_conv1d/debuf.mlir,02664bcf2095276b451b3e0f8e2bb47bd8a80b98ec999b7b410dc5a130cb7ce8,syntactic,2,ok,0,685.7991591095924,0,"[""/usr/bin/python3"", ""/home/arjaiswal/Polygeist/scripts/correctness/kernel_match_rewrite.py"", ""/home/arjaiswal/Polygeist/issues/aten_c_kernels/results/aten_conv1d/debuf.mlir"", ""--dry-run"", ""--matcher-mode"", ""syntactic"", ""--telemetry-json"", ""/home/arjaiswal/Polygeist/issues/equality_saturation_eval/campaign_20260908/aten-aten_conv1d-syntactic-ob7s1ib2.json"", ""--disable-semantic-fallback""]","== match report for /home/arjaiswal/Polygeist/issues/aten_c_kernels/results/aten_conv1d/debuf.mlir ==
  match          body#[0, 1]  cudnnConvolution1D_f32_bias
  total: 1 matched / 1 bodies
",0,[],0,0,0,0,/home/arjaiswal/Polygeist/issues/aten_c_kernels/results/aten_conv1d/debuf.mlir,3528,0,2,2,261.5588679909706,0,64600,0.0,0,0,0,0,"[{""body_indices"": [0, 1], ""symbol"": ""cudnnConvolution1D_f32_bias""}]",1,0,0,0.0,0
aten,aten_conv1d,/home/arjaiswal/Polygeist/issues/aten_c_kernels/results/aten_conv1d/debuf.mlir,02664bcf2095276b451b3e0f8e2bb47bd8a80b98ec999b7b410dc5a130cb7ce8,syntactic,3,ok,0,692.4776658415794,0,"[""/usr/bin/python3"", ""/home/arjaiswal/Polygeist/scripts/correctness/kernel_match_rewrite.py"", ""/home/arjaiswal/Polygeist/issues/aten_c_kernels/results/aten_conv1d/debuf.mlir"", ""--dry-run"", ""--matcher-mode"", ""syntactic"", ""--telemetry-json"", ""/home/arjaiswal/Polygeist/issues/equality_saturation_eval/campaign_20260908/aten-aten_conv1d-syntactic-svqttid3.json"", ""--disable-semantic-fallback""]","== match report for /home/arjaiswal/Polygeist/issues/aten_c_kernels/results/aten_conv1d/debuf.mlir ==
  match          body#[0, 1]  cudnnConvolution1D_f32_bias
  total: 1 matched / 1 bodies
",0,[],0,0,0,0,/home/arjaiswal/Polygeist/issues/aten_c_kernels/results/aten_conv1d/debuf.mlir,3528,0,2,2,264.1683779656887,0,64364,0.0,0,0,0,0,"[{""body_indices"": [0, 1], ""symbol"": ""cudnnConvolution1D_f32_bias""}]",1,0,0,0.0,0
aten,aten_conv1d,/home/arjaiswal/Polygeist/issues/aten_c_kernels/results/aten_conv1d/debuf.mlir,02664bcf2095276b451b3e0f8e2bb47bd8a80b98ec999b7b410dc5a130cb7ce8,egglog,3,ok,0,769.1172175109386,0,"[""/usr/bin/python3"", ""/home/arjaiswal/Polygeist/scripts/correctness/kernel_match_rewrite.py"", ""/home/arjaiswal/Polygeist/issues/aten_c_kernels/results/aten_conv1d/debuf.mlir"", ""--dry-run"", ""--matcher-mode"", ""egglog"", ""--telemetry-json"", ""/home/arjaiswal/Polygeist/issues/equality_saturation_eval/campaign_20260908/aten-aten_conv1d-egglog-x1oy4596.json"", ""--disable-semantic-fallback""]","== match report for /home/arjaiswal/Polygeist/issues/aten_c_kernels/results/aten_conv1d/debuf.mlir ==
  match          body#[0, 1]  cudnnConvolution1D_f32_bias
  total: 1 matched / 1 bodies
",0,[],0,0,0,0,/home/arjaiswal/Polygeist/issues/aten_c_kernels/results/aten_conv1d/debuf.mlir,3528,8,2,2,297.67385870218277,0,64804,0.0,0,0,0,0,"[{""body_indices"": [0, 1], ""symbol"": ""cudnnConvolution1D_f32_bias""}]",1,0,0,0.0,0
aten,aten_conv1d,/home/arjaiswal/Polygeist/issues/aten_c_kernels/results/aten_conv1d/debuf.mlir,02664bcf2095276b451b3e0f8e2bb47bd8a80b98ec999b7b410dc5a130cb7ce8,egglog,4,ok,0,718.3925956487656,0,"[""/usr/bin/python3"", ""/home/arjaiswal/Polygeist/scripts/correctness/kernel_match_rewrite.py"", ""/home/arjaiswal/Polygeist/issues/aten_c_kernels/results/aten_conv1d/debuf.mlir"", ""--dry-run"", ""--matcher-mode"", ""egglog"", ""--telemetry-json"", ""/home/arjaiswal/Polygeist/issues/equality_saturation_eval/campaign_20260908/aten-aten_conv1d-egglog-jxif73ea.json"", ""--disable-semantic-fallback""]","== match report for /home/arjaiswal/Polygeist/issues/aten_c_kernels/results/aten_conv1d/debuf.mlir ==
  match          body#[0, 1]  cudnnConvolution1D_f32_bias
  total: 1 matched / 1 bodies
",0,[],0,0,0,0,/home/arjaiswal/Polygeist/issues/aten_c_kernels/results/aten_conv1d/debuf.mlir,3528,8,2,2,261.8322931230068,0,64664,0.0,0,0,0,0,"[{""body_indices"": [0, 1], ""symbol"": ""cudnnConvolution1D_f32_bias""}]",1,0,0,0.0,0
aten,aten_conv1d,/home/arjaiswal/Polygeist/issues/aten_c_kernels/results/aten_conv1d/debuf.mlir,02664bcf2095276b451b3e0f8e2bb47bd8a80b98ec999b7b410dc5a130cb7ce8,syntactic,4,ok,0,707.6197378337383,0,"[""/usr/bin/python3"", ""/home/arjaiswal/Polygeist/scripts/correctness/kernel_match_rewrite.py"", ""/home/arjaiswal/Polygeist/issues/aten_c_kernels/results/aten_conv1d/debuf.mlir"", ""--dry-run"", ""--matcher-mode"", ""syntactic"", ""--telemetry-json"", ""/home/arjaiswal/Polygeist/issues/equality_saturation_eval/campaign_20260908/aten-aten_conv1d-syntactic-9y97mbu1.json"", ""--disable-semantic-fallback""]","== match report for /home/arjaiswal/Polygeist/issues/aten_c_kernels/results/aten_conv1d/debuf.mlir ==
  match          body#[0, 1]  cudnnConvolution1D_f32_bias
  total: 1 matched / 1 bodies
",0,[],0,0,0,0,/home/arjaiswal/Polygeist/issues/aten_c_kernels/results/aten_conv1d/debuf.mlir,3528,0,2,2,270.8400897681713,0,64940,0.0,0,0,0,0,"[{""body_indices"": [0, 1], ""symbol"": ""cudnnConvolution1D_f32_bias""}]",1,0,0,0.0,0
aten,aten_conv1d,/home/arjaiswal/Polygeist/issues/aten_c_kernels/results/aten_conv1d/debuf.mlir,02664bcf2095276b451b3e0f8e2bb47bd8a80b98ec999b7b410dc5a130cb7ce8,syntactic,5,ok,0,750.9553916752338,0,"[""/usr/bin/python3"", ""/home/arjaiswal/Polygeist/scripts/correctness/kernel_match_rewrite.py"", ""/home/arjaiswal/Polygeist/issues/aten_c_kernels/results/aten_conv1d/debuf.mlir"", ""--dry-run"", ""--matcher-mode"", ""syntactic"", ""--telemetry-json"", ""/home/arjaiswal/Polygeist/issues/equality_saturation_eval/campaign_20260908/aten-aten_conv1d-syntactic-m85y3maz.json"", ""--disable-semantic-fallback""]","== match report for /home/arjaiswal/Polygeist/issues/aten_c_kernels/results/aten_conv1d/debuf.mlir ==
  match          body#[0, 1]  cudnnConvolution1D_f32_bias
  total: 1 matched / 1 bodies
",0,[],0,0,0,0,/home/arjaiswal/Polygeist/issues/aten_c_kernels/results/aten_conv1d/debuf.mlir,3528,0,2,2,284.02532637119293,0,64808,0.0,0,0,0,0,"[{""body_indices"": [0, 1], ""symbol"": ""cudnnConvolution1D_f32_bias""}]",1,0,0,0.0,0
aten,aten_conv1d,/home/arjaiswal/Polygeist/issues/aten_c_kernels/results/aten_conv1d/debuf.mlir,02664bcf2095276b451b3e0f8e2bb47bd8a80b98ec999b7b410dc5a130cb7ce8,egglog,5,ok,0,701.1914029717445,0,"[""/usr/bin/python3"", ""/home/arjaiswal/Polygeist/scripts/correctness/kernel_match_rewrite.py"", ""/home/arjaiswal/Polygeist/issues/aten_c_kernels/results/aten_conv1d/debuf.mlir"", ""--dry-run"", ""--matcher-mode"", ""egglog"", ""--telemetry-json"", ""/home/arjaiswal/Polygeist/issues/equality_saturation_eval/campaign_20260908/aten-aten_conv1d-egglog-_6_0ujqd.json"", ""--disable-semantic-fallback""]","== match report for /home/arjaiswal/Polygeist/issues/aten_c_kernels/results/aten_conv1d/debuf.mlir ==
  match          body#[0, 1]  cudnnConvolution1D_f32_bias
  total: 1 matched / 1 bodies
",0,[],0,0,0,0,/home/arjaiswal/Polygeist/issues/aten_c_kernels/results/aten_conv1d/debuf.mlir,3528,8,2,2,271.1215130984783,0,64848,0.0,0,0,0,0,"[{""body_indices"": [0, 1], ""symbol"": ""cudnnConvolution1D_f32_bias""}]",1,0,0,0.0,0
aten,aten_conv2d,/home/arjaiswal/Polygeist/issues/aten_c_kernels/results/aten_conv2d/debuf.mlir,afc5fad5f6e536c4cef3f659d136a1d4a7320b19fcf1fd198be0944bf623ba74,egglog,1,ok,0,850.8367650210857,0,"[""/usr/bin/python3"", ""/home/arjaiswal/Polygeist/scripts/correctness/kernel_match_rewrite.py"", ""/home/arjaiswal/Polygeist/issues/aten_c_kernels/results/aten_conv2d/debuf.mlir"", ""--dry-run"", ""--matcher-mode"", ""egglog"", ""--telemetry-json"", ""/home/arjaiswal/Polygeist/issues/equality_saturation_eval/campaign_20260908/aten-aten_conv2d-egglog-ej5zp6eg.json"", ""--disable-semantic-fallback""]","== match report for /home/arjaiswal/Polygeist/issues/aten_c_kernels/results/aten_conv2d/debuf.mlir ==
  match          body#[0, 1]  cudnnConvolutionFwd_batched
  total: 1 matched / 1 bodies
",0,[],0,0,0,0,/home/arjaiswal/Polygeist/issues/aten_c_kernels/results/aten_conv2d/debuf.mlir,3561,8,2,2,404.52680736780167,0,69152,95.72269394993782,6,6,0,8,"[{""body_indices"": [0, 1], ""symbol"": ""cudnnConvolutionFwd_batched""}]",1,0,0,0.0,6
aten,aten_conv2d,/home/arjaiswal/Polygeist/issues/aten_c_kernels/results/aten_conv2d/debuf.mlir,afc5fad5f6e536c4cef3f659d136a1d4a7320b19fcf1fd198be0944bf623ba74,syntactic,1,ok,0,710.9065093100071,0,"[""/usr/bin/python3"", ""/home/arjaiswal/Polygeist/scripts/correctness/kernel_match_rewrite.py"", ""/home/arjaiswal/Polygeist/issues/aten_c_kernels/results/aten_conv2d/debuf.mlir"", ""--dry-run"", ""--matcher-mode"", ""syntactic"", ""--telemetry-json"", ""/home/arjaiswal/Polygeist/issues/equality_saturation_eval/campaign_20260908/aten-aten_conv2d-syntactic-n3gmyfbk.json"", ""--disable-semantic-fallback""]","== match report for /home/arjaiswal/Polygeist/issues/aten_c_kernels/results/aten_conv2d/debuf.mlir ==
  match          body#[0, 1]  cudnnConvolutionFwd_batched
  total: 1 matched / 1 bodies
",0,[],0,0,0,0,/home/arjaiswal/Polygeist/issues/aten_c_kernels/results/aten_conv2d/debuf.mlir,3561,0,2,2,285.640187561512,0,65656,0.03257766366004944,0,6,0,0,"[{""body_indices"": [0, 1], ""symbol"": ""cudnnConvolutionFwd_batched""}]",1,0,6,0.0,6
aten,aten_conv2d,/home/arjaiswal/Polygeist/issues/aten_c_kernels/results/aten_conv2d/debuf.mlir,afc5fad5f6e536c4cef3f659d136a1d4a7320b19fcf1fd198be0944bf623ba74,syntactic,2,ok,0,691.2640742957592,0,"[""/usr/bin/python3"", ""/home/arjaiswal/Polygeist/scripts/correctness/kernel_match_rewrite.py"", ""/home/arjaiswal/Polygeist/issues/aten_c_kernels/results/aten_conv2d/debuf.mlir"", ""--dry-run"", ""--matcher-mode"", ""syntactic"", ""--telemetry-json"", ""/home/arjaiswal/Polygeist/issues/equality_saturation_eval/campaign_20260908/aten-aten_conv2d-syntactic-osthvyhu.json"", ""--disable-semantic-fallback""]","== match report for /home/arjaiswal/Polygeist/issues/aten_c_kernels/results/aten_conv2d/debuf.mlir ==
  match          body#[0, 1]  cudnnConvolutionFwd_batched
  total: 1 matched / 1 bodies
",0,[],0,0,0,0,/home/arjaiswal/Polygeist/issues/aten_c_kernels/results/aten_conv2d/debuf.mlir,3561,0,2,2,277.47203037142754,0,64648,0.03553926944732666,0,6,0,0,"[{""body_indices"": [0, 1], ""symbol"": ""cudnnConvolutionFwd_batched""}]",1,0,6,0.0,6
aten,aten_conv2d,/home/arjaiswal/Polygeist/issues/aten_c_kernels/results/aten_conv2d/debuf.mlir,afc5fad5f6e536c4cef3f659d136a1d4a7320b19fcf1fd198be0944bf623ba74,egglog,2,ok,0,812.4188333749771,0,"[""/usr/bin/python3"", ""/home/arjaiswal/Polygeist/scripts/correctness/kernel_match_rewrite.py"", ""/home/arjaiswal/Polygeist/issues/aten_c_kernels/results/aten_conv2d/debuf.mlir"", ""--dry-run"", ""--matcher-mode"", ""egglog"", ""--telemetry-json"", ""/home/arjaiswal/Polygeist/issues/equality_saturation_eval/campaign_20260908/aten-aten_conv2d-egglog-027r2enq.json"", ""--disable-semantic-fallback""]","== match report for /home/arjaiswal/Polygeist/issues/aten_c_kernels/results/aten_conv2d/debuf.mlir ==
  match          body#[0, 1]  cudnnConvolutionFwd_batched
  total: 1 matched / 1 bodies
",0,[],0,0,0,0,/home/arjaiswal/Polygeist/issues/aten_c_kernels/results/aten_conv2d/debuf.mlir,3561,8,2,2,377.76460498571396,0,69524,71.44460827112198,6,6,0,8,"[{""body_indices"": [0, 1], ""symbol"": ""cudnnConvolutionFwd_batched""}]",1,0,0,0.0,6
aten,aten_conv2d,/home/arjaiswal/Polygeist/issues/aten_c_kernels/results/aten_conv2d/debuf.mlir,afc5fad5f6e536c4cef3f659d136a1d4a7320b19fcf1fd198be0944bf623ba74,egglog,3,ok,0,762.3543255031109,0,"[""/usr/bin/python3"", ""/home/arjaiswal/Polygeist/scripts/correctness/kernel_match_rewrite.py"", ""/home/arjaiswal/Polygeist/issues/aten_c_kernels/results/aten_conv2d/debuf.mlir"", ""--dry-run"", ""--matcher-mode"", ""egglog"", ""--telemetry-json"", ""/home/arjaiswal/Polygeist/issues/equality_saturation_eval/campaign_20260908/aten-aten_conv2d-egglog-5m13hi4q.json"", ""--disable-semantic-fallback""]","== match report for /home/arjaiswal/Polygeist/issues/aten_c_kernels/results/aten_conv2d/debuf.mlir ==
  match          body#[0, 1]  cudnnConvolutionFwd_batched
  total: 1 matched / 1 bodies
",0,[],0,0,0,0,/home/arjaiswal/Polygeist/issues/aten_c_kernels/results/aten_conv2d/debuf.mlir,3561,8,2,2,336.7225229740143,0,69352,62.13441863656044,6,6,0,8,"[{""body_indices"": [0, 1], ""symbol"": ""cudnnConvolutionFwd_batched""}]",1,0,0,0.0,6
aten,aten_conv2d,/home/arjaiswal/Polygeist/issues/aten_c_kernels/results/aten_conv2d/debuf.mlir,afc5fad5f6e536c4cef3f659d136a1d4a7320b19fcf1fd198be0944bf623ba74,syntactic,3,ok,0,702.2710330784321,0,"[""/usr/bin/python3"", ""/home/arjaiswal/Polygeist/scripts/correctness/kernel_match_rewrite.py"", ""/home/arjaiswal/Polygeist/issues/aten_c_kernels/results/aten_conv2d/debuf.mlir"", ""--dry-run"", ""--matcher-mode"", ""syntactic"", ""--telemetry-json"", ""/home/arjaiswal/Polygeist/issues/equality_saturation_eval/campaign_20260908/aten-aten_conv2d-syntactic-72_p1slh.json"", ""--disable-semantic-fallback""]","== match report for /home/arjaiswal/Polygeist/issues/aten_c_kernels/results/aten_conv2d/debuf.mlir ==
  match          body#[0, 1]  cudnnConvolutionFwd_batched
  total: 1 matched / 1 bodies
",0,[],0,0,0,0,/home/arjaiswal/Polygeist/issues/aten_c_kernels/results/aten_conv2d/debuf.mlir,3561,0,2,2,278.86923402547836,0,64596,0.03482028841972351,0,6,0,0,"[{""body_indices"": [0, 1], ""symbol"": ""cudnnConvolutionFwd_batched""}]",1,0,6,0.0,6
aten,aten_conv2d,/home/arjaiswal/Polygeist/issues/aten_c_kernels/results/aten_conv2d/debuf.mlir,afc5fad5f6e536c4cef3f659d136a1d4a7320b19fcf1fd198be0944bf623ba74,syntactic,4,ok,0,714.6114781498909,0,"[""/usr/bin/python3"", ""/home/arjaiswal/Polygeist/scripts/correctness/kernel_match_rewrite.py"", ""/home/arjaiswal/Polygeist/issues/aten_c_kernels/results/aten_conv2d/debuf.mlir"", ""--dry-run"", ""--matcher-mode"", ""syntactic"", ""--telemetry-json"", ""/home/arjaiswal/Polygeist/issues/equality_saturation_eval/campaign_20260908/aten-aten_conv2d-syntactic-0zek100o.json"", ""--disable-semantic-fallback""]","== match report for /home/arjaiswal/Polygeist/issues/aten_c_kernels/results/aten_conv2d/debuf.mlir ==
  match          body#[0, 1]  cudnnConvolutionFwd_batched
  total: 1 matched / 1 bodies
",0,[],0,0,0,0,/home/arjaiswal/Polygeist/issues/aten_c_kernels/results/aten_conv2d/debuf.mlir,3561,0,2,2,288.2471829652786,0,64616,0.0316128134727478,0,6,0,0,"[{""body_indices"": [0, 1], ""symbol"": ""cudnnConvolutionFwd_batched""}]",1,0,6,0.0,6
aten,aten_conv2d,/home/arjaiswal/Polygeist/issues/aten_c_kernels/results/aten_conv2d/debuf.mlir,afc5fad5f6e536c4cef3f659d136a1d4a7320b19fcf1fd198be0944bf623ba74,egglog,4,ok,0,787.3250171542168,0,"[""/usr/bin/python3"", ""/home/arjaiswal/Polygeist/scripts/correctness/kernel_match_rewrite.py"", ""/home/arjaiswal/Polygeist/issues/aten_c_kernels/results/aten_conv2d/debuf.mlir"", ""--dry-run"", ""--matcher-mode"", ""egglog"", ""--telemetry-json"", ""/home/arjaiswal/Polygeist/issues/equality_saturation_eval/campaign_20260908/aten-aten_conv2d-egglog-3hxtw_eg.json"", ""--disable-semantic-fallback""]","== match report for /home/arjaiswal/Polygeist/issues/aten_c_kernels/results/aten_conv2d/debuf.mlir ==
  match          body#[0, 1]  cudnnConvolutionFwd_batched
  total: 1 matched / 1 bodies
",0,[],0,0,0,0,/home/arjaiswal/Polygeist/issues/aten_c_kernels/results/aten_conv2d/debuf.mlir,3561,8,2,2,360.9620966017246,0,69404,61.50519102811813,6,6,0,8,"[{""body_indices"": [0, 1], ""symbol"": ""cudnnConvolutionFwd_batched""}]",1,0,0,0.0,6
aten,aten_conv2d,/home/arjaiswal/Polygeist/issues/aten_c_kernels/results/aten_conv2d/debuf.mlir,afc5fad5f6e536c4cef3f659d136a1d4a7320b19fcf1fd198be0944bf623ba74,egglog,5,ok,0,787.8298535943031,0,"[""/usr/bin/python3"", ""/home/arjaiswal/Polygeist/scripts/correctness/kernel_match_rewrite.py"", ""/home/arjaiswal/Polygeist/issues/aten_c_kernels/results/aten_conv2d/debuf.mlir"", ""--dry-run"", ""--matcher-mode"", ""egglog"", ""--telemetry-json"", ""/home/arjaiswal/Polygeist/issues/equality_saturation_eval/campaign_20260908/aten-aten_conv2d-egglog-mxxj6o55.json"", ""--disable-semantic-fallback""]","== match report for /home/arjaiswal/Polygeist/issues/aten_c_kernels/results/aten_conv2d/debuf.mlir ==
  match          body#[0, 1]  cudnnConvolutionFwd_batched
  total: 1 matched / 1 bodies
",0,[],0,0,0,0,/home/arjaiswal/Polygeist/issues/aten_c_kernels/results/aten_conv2d/debuf.mlir,3561,8,2,2,349.57825019955635,0,69188,64.42306563258171,6,6,0,8,"[{""body_indices"": [0, 1], ""symbol"": ""cudnnConvolutionFwd_batched""}]",1,0,0,0.0,6
aten,aten_conv2d,/home/arjaiswal/Polygeist/issues/aten_c_kernels/results/aten_conv2d/debuf.mlir,afc5fad5f6e536c4cef3f659d136a1d4a7320b19fcf1fd198be0944bf623ba74,syntactic,5,ok,0,720.278687775135,0,"[""/usr/bin/python3"", ""/home/arjaiswal/Polygeist/scripts/correctness/kernel_match_rewrite.py"", ""/home/arjaiswal/Polygeist/issues/aten_c_kernels/results/aten_conv2d/debuf.mlir"", ""--dry-run"", ""--matcher-mode"", ""syntactic"", ""--telemetry-json"", ""/home/arjaiswal/Polygeist/issues/equality_saturation_eval/campaign_20260908/aten-aten_conv2d-syntactic-ebcrmrpu.json"", ""--disable-semantic-fallback""]","== match report for /home/arjaiswal/Polygeist/issues/aten_c_kernels/results/aten_conv2d/debuf.mlir ==
  match          body#[0, 1]  cudnnConvolutionFwd_batched
  total: 1 matched / 1 bodies
",0,[],0,0,0,0,/home/arjaiswal/Polygeist/issues/aten_c_kernels/results/aten_conv2d/debuf.mlir,3561,0,2,2,285.52479669451714,0,64708,0.03218650817871094,0,6,0,0,"[{""body_indices"": [0, 1], ""symbol"": ""cudnnConvolutionFwd_batched""}]",1,0,6,0.0,6
aten,aten_conv2d_columns_cpu,/home/arjaiswal/Polygeist/issues/aten_c_kernels/results/aten_conv2d_columns_cpu/debuf.mlir,cc6e88935e77738e52fd2cc02f3576a9b5f83737712afab88958b6e5c6262b4f,syntactic,1,ok,0,766.5440328419209,0,"[""/usr/bin/python3"", ""/home/arjaiswal/Polygeist/scripts/correctness/kernel_match_rewrite.py"", ""/home/arjaiswal/Polygeist/issues/aten_c_kernels/results/aten_conv2d_columns_cpu/debuf.mlir"", ""--dry-run"", ""--matcher-mode"", ""syntactic"", ""--telemetry-json"", ""/home/arjaiswal/Polygeist/issues/equality_saturation_eval/campaign_20260908/aten-aten_conv2d_columns_cpu-syntactic-xcy8024y.json"", ""--disable-semantic-fallback""]","== match report for /home/arjaiswal/Polygeist/issues/aten_c_kernels/results/aten_conv2d_columns_cpu/debuf.mlir ==
  match          body#[0]  cutensorPermute_f32_r5_tensor
  total: 1 matched / 1 bodies
",0,[],0,0,0,0,/home/arjaiswal/Polygeist/issues/aten_c_kernels/results/aten_conv2d_columns_cpu/debuf.mlir,2556,0,1,1,326.5003710985184,0,65540,0.06878376007080078,0,1,0,0,"[{""body_indices"": [0], ""symbol"": ""cutensorPermute_f32_r5_tensor""}]",1,0,25,0.0,25
aten,aten_conv2d_columns_cpu,/home/arjaiswal/Polygeist/issues/aten_c_kernels/results/aten_conv2d_columns_cpu/debuf.mlir,cc6e88935e77738e52fd2cc02f3576a9b5f83737712afab88958b6e5c6262b4f,egglog,1,ok,0,760.0762285292149,0,"[""/usr/bin/python3"", ""/home/arjaiswal/Polygeist/scripts/correctness/kernel_match_rewrite.py"", ""/home/arjaiswal/Polygeist/issues/aten_c_kernels/results/aten_conv2d_columns_cpu/debuf.mlir"", ""--dry-run"", ""--matcher-mode"", ""egglog"", ""--telemetry-json"", ""/home/arjaiswal/Polygeist/issues/equality_saturation_eval/campaign_20260908/aten-aten_conv2d_columns_cpu-egglog-jphw235a.json"", ""--disable-semantic-fallback""]","== match report for /home/arjaiswal/Polygeist/issues/aten_c_kernels/results/aten_conv2d_columns_cpu/debuf.mlir ==
  match          body#[0]  cutensorPermute_f32_r5_tensor
  total: 1 matched / 1 bodies
",0,[],0,0,0,0,/home/arjaiswal/Polygeist/issues/aten_c_kernels/results/aten_conv2d_columns_cpu/debuf.mlir,2556,8,1,1,334.28867906332016,0,68196,11.554509401321411,1,1,0,0,"[{""body_indices"": [0], ""symbol"": ""cutensorPermute_f32_r5_tensor""}]",1,0,0,0.0,25
aten,aten_conv2d_columns_cpu,/home/arjaiswal/Polygeist/issues/aten_c_kernels/results/aten_conv2d_columns_cpu/debuf.mlir,cc6e88935e77738e52fd2cc02f3576a9b5f83737712afab88958b6e5c6262b4f,egglog,2,ok,0,766.3874067366123,0,"[""/usr/bin/python3"", ""/home/arjaiswal/Polygeist/scripts/correctness/kernel_match_rewrite.py"", ""/home/arjaiswal/Polygeist/issues/aten_c_kernels/results/aten_conv2d_columns_cpu/debuf.mlir"", ""--dry-run"", ""--matcher-mode"", ""egglog"", ""--telemetry-json"", ""/home/arjaiswal/Polygeist/issues/equality_saturation_eval/campaign_20260908/aten-aten_conv2d_columns_cpu-egglog-evo_moa2.json"", ""--disable-semantic-fallback""]","== match report for /home/arjaiswal/Polygeist/issues/aten_c_kernels/results/aten_conv2d_columns_cpu/debuf.mlir ==
  match          body#[0]  cutensorPermute_f32_r5_tensor
  total: 1 matched / 1 bodies
",0,[],0,0,0,0,/home/arjaiswal/Polygeist/issues/aten_c_kernels/results/aten_conv2d_columns_cpu/debuf.mlir,2556,8,1,1,336.57069876790047,0,68156,12.053389102220535,1,1,0,0,"[{""body_indices"": [0], ""symbol"": ""cutensorPermute_f32_r5_tensor""}]",1,0,0,0.0,25
aten,aten_conv2d_columns_cpu,/home/arjaiswal/Polygeist/issues/aten_c_kernels/results/aten_conv2d_columns_cpu/debuf.mlir,cc6e88935e77738e52fd2cc02f3576a9b5f83737712afab88958b6e5c6262b4f,syntactic,2,ok,0,789.8747473955154,0,"[""/usr/bin/python3"", ""/home/arjaiswal/Polygeist/scripts/correctness/kernel_match_rewrite.py"", ""/home/arjaiswal/Polygeist/issues/aten_c_kernels/results/aten_conv2d_columns_cpu/debuf.mlir"", ""--dry-run"", ""--matcher-mode"", ""syntactic"", ""--telemetry-json"", ""/home/arjaiswal/Polygeist/issues/equality_saturation_eval/campaign_20260908/aten-aten_conv2d_columns_cpu-syntactic-cqepq2dg.json"", ""--disable-semantic-fallback""]","== match report for /home/arjaiswal/Polygeist/issues/aten_c_kernels/results/aten_conv2d_columns_cpu/debuf.mlir ==
  match          body#[0]  cutensorPermute_f32_r5_tensor
  total: 1 matched / 1 bodies
",0,[],0,0,0,0,/home/arjaiswal/Polygeist/issues/aten_c_kernels/results/aten_conv2d_columns_cpu/debuf.mlir,2556,0,1,1,324.0232281386852,0,65468,0.0660046935081482,0,1,0,0,"[{""body_indices"": [0], ""symbol"": ""cutensorPermute_f32_r5_tensor""}]",1,0,25,0.0,25
aten,aten_conv2d_columns_cpu,/home/arjaiswal/Polygeist/issues/aten_c_kernels/results/aten_conv2d_columns_cpu/debuf.mlir,cc6e88935e77738e52fd2cc02f3576a9b5f83737712afab88958b6e5c6262b4f,syntactic,3,ok,0,794.7890572249889,0,"[""/usr/bin/python3"", ""/home/arjaiswal/Polygeist/scripts/correctness/kernel_match_rewrite.py"", ""/home/arjaiswal/Polygeist/issues/aten_c_kernels/results/aten_conv2d_columns_cpu/debuf.mlir"", ""--dry-run"", ""--matcher-mode"", ""syntactic"", ""--telemetry-json"", ""/home/arjaiswal/Polygeist/issues/equality_saturation_eval/campaign_20260908/aten-aten_conv2d_columns_cpu-syntactic-75ez0g42.json"", ""--disable-semantic-fallback""]","== match report for /home/arjaiswal/Polygeist/issues/aten_c_kernels/results/aten_conv2d_columns_cpu/debuf.mlir ==
  match          body#[0]  cutensorPermute_f32_r5_tensor
  total: 1 matched / 1 bodies
",0,[],0,0,0,0,/home/arjaiswal/Polygeist/issues/aten_c_kernels/results/aten_conv2d_columns_cpu/debuf.mlir,2556,0,1,1,328.482773154974,0,65592,0.06355345249176025,0,1,0,0,"[{""body_indices"": [0], ""symbol"": ""cutensorPermute_f32_r5_tensor""}]",1,0,25,0.0,25
aten,aten_conv2d_columns_cpu,/home/arjaiswal/Polygeist/issues/aten_c_kernels/results/aten_conv2d_columns_cpu/debuf.mlir,cc6e88935e77738e52fd2cc02f3576a9b5f83737712afab88958b6e5c6262b4f,egglog,3,ok,0,779.738187789917,0,"[""/usr/bin/python3"", ""/home/arjaiswal/Polygeist/scripts/correctness/kernel_match_rewrite.py"", ""/home/arjaiswal/Polygeist/issues/aten_c_kernels/results/aten_conv2d_columns_cpu/debuf.mlir"", ""--dry-run"", ""--matcher-mode"", ""egglog"", ""--telemetry-json"", ""/home/arjaiswal/Polygeist/issues/equality_saturation_eval/campaign_20260908/aten-aten_conv2d_columns_cpu-egglog-b7ne78xu.json"", ""--disable-semantic-fallback""]","== match report for /home/arjaiswal/Polygeist/issues/aten_c_kernels/results/aten_conv2d_columns_cpu/debuf.mlir ==
  match          body#[0]  cutensorPermute_f32_r5_tensor
  total: 1 matched / 1 bodies
",0,[],0,0,0,0,/home/arjaiswal/Polygeist/issues/aten_c_kernels/results/aten_conv2d_columns_cpu/debuf.mlir,2556,8,1,1,356.9973409175873,0,68256,15.825830399990082,1,1,0,0,"[{""body_indices"": [0], ""symbol"": ""cutensorPermute_f32_r5_tensor""}]",1,0,0,0.0,25
aten,aten_conv2d_columns_cpu,/home/arjaiswal/Polygeist/issues/aten_c_kernels/results/aten_conv2d_columns_cpu/debuf.mlir,cc6e88935e77738e52fd2cc02f3576a9b5f83737712afab88958b6e5c6262b4f,egglog,4,ok,0,757.3897615075111,0,"[""/usr/bin/python3"", ""/home/arjaiswal/Polygeist/scripts/correctness/kernel_match_rewrite.py"", ""/home/arjaiswal/Polygeist/issues/aten_c_kernels/results/aten_conv2d_columns_cpu/debuf.mlir"", ""--dry-run"", ""--matcher-mode"", ""egglog"", ""--telemetry-json"", ""/home/arjaiswal/Polygeist/issues/equality_saturation_eval/campaign_20260908/aten-aten_conv2d_columns_cpu-egglog-uva3mvsf.json"", ""--disable-semantic-fallback""]","== match report for /home/arjaiswal/Polygeist/issues/aten_c_kernels/results/aten_conv2d_columns_cpu/debuf.mlir ==
  match          body#[0]  cutensorPermute_f32_r5_tensor
  total: 1 matched / 1 bodies
",0,[],0,0,0,0,/home/arjaiswal/Polygeist/issues/aten_c_kernels/results/aten_conv2d_columns_cpu/debuf.mlir,2556,8,1,1,334.07602086663246,0,68360,11.114079505205154,1,1,0,0,"[{""body_indices"": [0], ""symbol"": ""cutensorPermute_f32_r5_tensor""}]",1,0,0,0.0,25
aten,aten_conv2d_columns_cpu,/home/arjaiswal/Polygeist/issues/aten_c_kernels/results/aten_conv2d_columns_cpu/debuf.mlir,cc6e88935e77738e52fd2cc02f3576a9b5f83737712afab88958b6e5c6262b4f,syntactic,4,ok,0,766.1866545677185,0,"[""/usr/bin/python3"", ""/home/arjaiswal/Polygeist/scripts/correctness/kernel_match_rewrite.py"", ""/home/arjaiswal/Polygeist/issues/aten_c_kernels/results/aten_conv2d_columns_cpu/debuf.mlir"", ""--dry-run"", ""--matcher-mode"", ""syntactic"", ""--telemetry-json"", ""/home/arjaiswal/Polygeist/issues/equality_saturation_eval/campaign_20260908/aten-aten_conv2d_columns_cpu-syntactic-n132c1_t.json"", ""--disable-semantic-fallback""]","== match report for /home/arjaiswal/Polygeist/issues/aten_c_kernels/results/aten_conv2d_columns_cpu/debuf.mlir ==
  match          body#[0]  cutensorPermute_f32_r5_tensor
  total: 1 matched / 1 bodies
",0,[],0,0,0,0,/home/arjaiswal/Polygeist/issues/aten_c_kernels/results/aten_conv2d_columns_cpu/debuf.mlir,2556,0,1,1,337.38354593515396,0,65472,0.062312930822372437,0,1,0,0,"[{""body_indices"": [0], ""symbol"": ""cutensorPermute_f32_r5_tensor""}]",1,0,25,0.0,25
aten,aten_conv2d_columns_cpu,/home/arjaiswal/Polygeist/issues/aten_c_kernels/results/aten_conv2d_columns_cpu/debuf.mlir,cc6e88935e77738e52fd2cc02f3576a9b5f83737712afab88958b6e5c6262b4f,syntactic,5,ok,0,742.1705611050129,0,"[""/usr/bin/python3"", ""/home/arjaiswal/Polygeist/scripts/correctness/kernel_match_rewrite.py"", ""/home/arjaiswal/Polygeist/issues/aten_c_kernels/results/aten_conv2d_columns_cpu/debuf.mlir"", ""--dry-run"", ""--matcher-mode"", ""syntactic"", ""--telemetry-json"", ""/home/arjaiswal/Polygeist/issues/equality_saturation_eval/campaign_20260908/aten-aten_conv2d_columns_cpu-syntactic-8kwcvrf4.json"", ""--disable-semantic-fallback""]","== match report for /home/arjaiswal/Polygeist/issues/aten_c_kernels/results/aten_conv2d_columns_cpu/debuf.mlir ==
  match          body#[0]  cutensorPermute_f32_r5_tensor
  total: 1 matched / 1 bodies
",0,[],0,0,0,0,/home/arjaiswal/Polygeist/issues/aten_c_kernels/results/aten_conv2d_columns_cpu/debuf.mlir,2556,0,1,1,330.3109258413315,0,65620,0.05516409873962402,0,1,0,0,"[{""body_indices"": [0], ""symbol"": ""cutensorPermute_f32_r5_tensor""}]",1,0,25,0.0,25
aten,aten_conv2d_columns_cpu,/home/arjaiswal/Polygeist/issues/aten_c_kernels/results/aten_conv2d_columns_cpu/debuf.mlir,cc6e88935e77738e52fd2cc02f3576a9b5f83737712afab88958b6e5c6262b4f,egglog,5,ok,0,768.9523100852966,0,"[""/usr/bin/python3"", ""/home/arjaiswal/Polygeist/scripts/correctness/kernel_match_rewrite.py"", ""/home/arjaiswal/Polygeist/issues/aten_c_kernels/results/aten_conv2d_columns_cpu/debuf.mlir"", ""--dry-run"", ""--matcher-mode"", ""egglog"", ""--telemetry-json"", ""/home/arjaiswal/Polygeist/issues/equality_saturation_eval/campaign_20260908/aten-aten_conv2d_columns_cpu-egglog-27l5vzf7.json"", ""--disable-semantic-fallback""]","== match report for /home/arjaiswal/Polygeist/issues/aten_c_kernels/results/aten_conv2d_columns_cpu/debuf.mlir ==
  match          body#[0]  cutensorPermute_f32_r5_tensor
  total: 1 matched / 1 bodies
",0,[],0,0,0,0,/home/arjaiswal/Polygeist/issues/aten_c_kernels/results/aten_conv2d_columns_cpu/debuf.mlir,2556,8,1,1,333.01812410354614,0,68492,11.190738528966904,1,1,0,0,"[{""body_indices"": [0], ""symbol"": ""cutensorPermute_f32_r5_tensor""}]",1,0,0,0.0,25
aten,aten_conv3d,/home/arjaiswal/Polygeist/issues/aten_c_kernels/results/aten_conv3d/debuf.mlir,fa3fb914d9c6621c0d44f80e5725fccc05c03b7b1d62fbfd88bc3faebb977811,egglog,1,ok,0,706.9841958582401,0,"[""/usr/bin/python3"", ""/home/arjaiswal/Polygeist/scripts/correctness/kernel_match_rewrite.py"", ""/home/arjaiswal/Polygeist/issues/aten_c_kernels/results/aten_conv3d/debuf.mlir"", ""--dry-run"", ""--matcher-mode"", ""egglog"", ""--telemetry-json"", ""/home/arjaiswal/Polygeist/issues/equality_saturation_eval/campaign_20260908/aten-aten_conv3d-egglog-_7zkk7m9.json"", ""--disable-semantic-fallback""]","== match report for /home/arjaiswal/Polygeist/issues/aten_c_kernels/results/aten_conv3d/debuf.mlir ==
  match          body#[0, 1]  cudnnConvolution3D_f32_bias
  total: 1 matched / 1 bodies
",0,[],0,0,0,0,/home/arjaiswal/Polygeist/issues/aten_c_kernels/results/aten_conv3d/debuf.mlir,3811,8,2,2,280.4296687245369,0,64816,0.0,0,0,0,0,"[{""body_indices"": [0, 1], ""symbol"": ""cudnnConvolution3D_f32_bias""}]",1,0,0,0.0,0
aten,aten_conv3d,/home/arjaiswal/Polygeist/issues/aten_c_kernels/results/aten_conv3d/debuf.mlir,fa3fb914d9c6621c0d44f80e5725fccc05c03b7b1d62fbfd88bc3faebb977811,syntactic,1,ok,0,682.1865513920784,0,"[""/usr/bin/python3"", ""/home/arjaiswal/Polygeist/scripts/correctness/kernel_match_rewrite.py"", ""/home/arjaiswal/Polygeist/issues/aten_c_kernels/results/aten_conv3d/debuf.mlir"", ""--dry-run"", ""--matcher-mode"", ""syntactic"", ""--telemetry-json"", ""/home/arjaiswal/Polygeist/issues/equality_saturation_eval/campaign_20260908/aten-aten_conv3d-syntactic-ci88v_yr.json"", ""--disable-semantic-fallback""]","== match report for /home/arjaiswal/Polygeist/issues/aten_c_kernels/results/aten_conv3d/debuf.mlir ==
  match          body#[0, 1]  cudnnConvolution3D_f32_bias
  total: 1 matched / 1 bodies
",0,[],0,0,0,0,/home/arjaiswal/Polygeist/issues/aten_c_kernels/results/aten_conv3d/debuf.mlir,3811,0,2,2,263.8295255601406,0,64752,0.0,0,0,0,0,"[{""body_indices"": [0, 1], ""symbol"": ""cudnnConvolution3D_f32_bias""}]",1,0,0,0.0,0
aten,aten_conv3d,/home/arjaiswal/Polygeist/issues/aten_c_kernels/results/aten_conv3d/debuf.mlir,fa3fb914d9c6621c0d44f80e5725fccc05c03b7b1d62fbfd88bc3faebb977811,syntactic,2,ok,0,739.4628897309303,0,"[""/usr/bin/python3"", ""/home/arjaiswal/Polygeist/scripts/correctness/kernel_match_rewrite.py"", ""/home/arjaiswal/Polygeist/issues/aten_c_kernels/results/aten_conv3d/debuf.mlir"", ""--dry-run"", ""--matcher-mode"", ""syntactic"", ""--telemetry-json"", ""/home/arjaiswal/Polygeist/issues/equality_saturation_eval/campaign_20260908/aten-aten_conv3d-syntactic-kc2h2os1.json"", ""--disable-semantic-fallback""]","== match report for /home/arjaiswal/Polygeist/issues/aten_c_kernels/results/aten_conv3d/debuf.mlir ==
  match          body#[0, 1]  cudnnConvolution3D_f32_bias
  total: 1 matched / 1 bodies
",0,[],0,0,0,0,/home/arjaiswal/Polygeist/issues/aten_c_kernels/results/aten_conv3d/debuf.mlir,3811,0,2,2,275.55282041430473,0,64768,0.0,0,0,0,0,"[{""body_indices"": [0, 1], ""symbol"": ""cudnnConvolution3D_f32_bias""}]",1,0,0,0.0,0
aten,aten_conv3d,/home/arjaiswal/Polygeist/issues/aten_c_kernels/results/aten_conv3d/debuf.mlir,fa3fb914d9c6621c0d44f80e5725fccc05c03b7b1d62fbfd88bc3faebb977811,egglog,2,ok,0,691.8541640043259,0,"[""/usr/bin/python3"", ""/home/arjaiswal/Polygeist/scripts/correctness/kernel_match_rewrite.py"", ""/home/arjaiswal/Polygeist/issues/aten_c_kernels/results/aten_conv3d/debuf.mlir"", ""--dry-run"", ""--matcher-mode"", ""egglog"", ""--telemetry-json"", ""/home/arjaiswal/Polygeist/issues/equality_saturation_eval/campaign_20260908/aten-aten_conv3d-egglog-zkyx3vym.json"", ""--disable-semantic-fallback""]","== match report for /home/arjaiswal/Polygeist/issues/aten_c_kernels/results/aten_conv3d/debuf.mlir ==
  match          body#[0, 1]  cudnnConvolution3D_f32_bias
  total: 1 matched / 1 bodies
",0,[],0,0,0,0,/home/arjaiswal/Polygeist/issues/aten_c_kernels/results/aten_conv3d/debuf.mlir,3811,8,2,2,265.9854665398598,0,64872,0.0,0,0,0,0,"[{""body_indices"": [0, 1], ""symbol"": ""cudnnConvolution3D_f32_bias""}]",1,0,0,0.0,0
aten,aten_conv3d,/home/arjaiswal/Polygeist/issues/aten_c_kernels/results/aten_conv3d/debuf.mlir,fa3fb914d9c6621c0d44f80e5725fccc05c03b7b1d62fbfd88bc3faebb977811,egglog,3,ok,0,740.1989549398422,0,"[""/usr/bin/python3"", ""/home/arjaiswal/Polygeist/scripts/correctness/kernel_match_rewrite.py"", ""/home/arjaiswal/Polygeist/issues/aten_c_kernels/results/aten_conv3d/debuf.mlir"", ""--dry-run"", ""--matcher-mode"", ""egglog"", ""--telemetry-json"", ""/home/arjaiswal/Polygeist/issues/equality_saturation_eval/campaign_20260908/aten-aten_conv3d-egglog-scj359t2.json"", ""--disable-semantic-fallback""]","== match report for /home/arjaiswal/Polygeist/issues/aten_c_kernels/results/aten_conv3d/debuf.mlir ==
  match          body#[0, 1]  cudnnConvolution3D_f32_bias
  total: 1 matched / 1 bodies
",0,[],0,0,0,0,/home/arjaiswal/Polygeist/issues/aten_c_kernels/results/aten_conv3d/debuf.mlir,3811,8,2,2,285.9984375536442,0,64556,0.0,0,0,0,0,"[{""body_indices"": [0, 1], ""symbol"": ""cudnnConvolution3D_f32_bias""}]",1,0,0,0.0,0
aten,aten_conv3d,/home/arjaiswal/Polygeist/issues/aten_c_kernels/results/aten_conv3d/debuf.mlir,fa3fb914d9c6621c0d44f80e5725fccc05c03b7b1d62fbfd88bc3faebb977811,syntactic,3,ok,0,689.4096322357655,0,"[""/usr/bin/python3"", ""/home/arjaiswal/Polygeist/scripts/correctness/kernel_match_rewrite.py"", ""/home/arjaiswal/Polygeist/issues/aten_c_kernels/results/aten_conv3d/debuf.mlir"", ""--dry-run"", ""--matcher-mode"", ""syntactic"", ""--telemetry-json"", ""/home/arjaiswal/Polygeist/issues/equality_saturation_eval/campaign_20260908/aten-aten_conv3d-syntactic-9tsdxz39.json"", ""--disable-semantic-fallback""]","== match report for /home/arjaiswal/Polygeist/issues/aten_c_kernels/results/aten_conv3d/debuf.mlir ==
  match          body#[0, 1]  cudnnConvolution3D_f32_bias
  total: 1 matched / 1 bodies
",0,[],0,0,0,0,/home/arjaiswal/Polygeist/issues/aten_c_kernels/results/aten_conv3d/debuf.mlir,3811,0,2,2,262.98443228006363,0,64428,0.0,0,0,0,0,"[{""body_indices"": [0, 1], ""symbol"": ""cudnnConvolution3D_f32_bias""}]",1,0,0,0.0,0
aten,aten_conv3d,/home/arjaiswal/Polygeist/issues/aten_c_kernels/results/aten_conv3d/debuf.mlir,fa3fb914d9c6621c0d44f80e5725fccc05c03b7b1d62fbfd88bc3faebb977811,syntactic,4,ok,0,736.5251034498215,0,"[""/usr/bin/python3"", ""/home/arjaiswal/Polygeist/scripts/correctness/kernel_match_rewrite.py"", ""/home/arjaiswal/Polygeist/issues/aten_c_kernels/results/aten_conv3d/debuf.mlir"", ""--dry-run"", ""--matcher-mode"", ""syntactic"", ""--telemetry-json"", ""/home/arjaiswal/Polygeist/issues/equality_saturation_eval/campaign_20260908/aten-aten_conv3d-syntactic-z5phrek6.json"", ""--disable-semantic-fallback""]","== match report for /home/arjaiswal/Polygeist/issues/aten_c_kernels/results/aten_conv3d/debuf.mlir ==
  match          body#[0, 1]  cudnnConvolution3D_f32_bias
  total: 1 matched / 1 bodies
",0,[],0,0,0,0,/home/arjaiswal/Polygeist/issues/aten_c_kernels/results/aten_conv3d/debuf.mlir,3811,0,2,2,268.3299519121647,0,64720,0.0,0,0,0,0,"[{""body_indices"": [0, 1], ""symbol"": ""cudnnConvolution3D_f32_bias""}]",1,0,0,0.0,0
aten,aten_conv3d,/home/arjaiswal/Polygeist/issues/aten_c_kernels/results/aten_conv3d/debuf.mlir,fa3fb914d9c6621c0d44f80e5725fccc05c03b7b1d62fbfd88bc3faebb977811,egglog,4,ok,0,709.9068202078342,0,"[""/usr/bin/python3"", ""/home/arjaiswal/Polygeist/scripts/correctness/kernel_match_rewrite.py"", ""/home/arjaiswal/Polygeist/issues/aten_c_kernels/results/aten_conv3d/debuf.mlir"", ""--dry-run"", ""--matcher-mode"", ""egglog"", ""--telemetry-json"", ""/home/arjaiswal/Polygeist/issues/equality_saturation_eval/campaign_20260908/aten-aten_conv3d-egglog-99btgtue.json"", ""--disable-semantic-fallback""]","== match report for /home/arjaiswal/Polygeist/issues/aten_c_kernels/results/aten_conv3d/debuf.mlir ==
  match          body#[0, 1]  cudnnConvolution3D_f32_bias
  total: 1 matched / 1 bodies
",0,[],0,0,0,0,/home/arjaiswal/Polygeist/issues/aten_c_kernels/results/aten_conv3d/debuf.mlir,3811,8,2,2,264.3747180700302,0,64560,0.0,0,0,0,0,"[{""body_indices"": [0, 1], ""symbol"": ""cudnnConvolution3D_f32_bias""}]",1,0,0,0.0,0
aten,aten_conv3d,/home/arjaiswal/Polygeist/issues/aten_c_kernels/results/aten_conv3d/debuf.mlir,fa3fb914d9c6621c0d44f80e5725fccc05c03b7b1d62fbfd88bc3faebb977811,egglog,5,ok,0,716.4241634309292,0,"[""/usr/bin/python3"", ""/home/arjaiswal/Polygeist/scripts/correctness/kernel_match_rewrite.py"", ""/home/arjaiswal/Polygeist/issues/aten_c_kernels/results/aten_conv3d/debuf.mlir"", ""--dry-run"", ""--matcher-mode"", ""egglog"", ""--telemetry-json"", ""/home/arjaiswal/Polygeist/issues/equality_saturation_eval/campaign_20260908/aten-aten_conv3d-egglog-zs1g_zyk.json"", ""--disable-semantic-fallback""]","== match report for /home/arjaiswal/Polygeist/issues/aten_c_kernels/results/aten_conv3d/debuf.mlir ==
  match          body#[0, 1]  cudnnConvolution3D_f32_bias
  total: 1 matched / 1 bodies
",0,[],0,0,0,0,/home/arjaiswal/Polygeist/issues/aten_c_kernels/results/aten_conv3d/debuf.mlir,3811,8,2,2,272.68844842910767,0,64848,0.0,0,0,0,0,"[{""body_indices"": [0, 1], ""symbol"": ""cudnnConvolution3D_f32_bias""}]",1,0,0,0.0,0
aten,aten_conv3d,/home/arjaiswal/Polygeist/issues/aten_c_kernels/results/aten_conv3d/debuf.mlir,fa3fb914d9c6621c0d44f80e5725fccc05c03b7b1d62fbfd88bc3faebb977811,syntactic,5,ok,0,693.9944922924042,0,"[""/usr/bin/python3"", ""/home/arjaiswal/Polygeist/scripts/correctness/kernel_match_rewrite.py"", ""/home/arjaiswal/Polygeist/issues/aten_c_kernels/results/aten_conv3d/debuf.mlir"", ""--dry-run"", ""--matcher-mode"", ""syntactic"", ""--telemetry-json"", ""/home/arjaiswal/Polygeist/issues/equality_saturation_eval/campaign_20260908/aten-aten_conv3d-syntactic-wm05g8t7.json"", ""--disable-semantic-fallback""]","== match report for /home/arjaiswal/Polygeist/issues/aten_c_kernels/results/aten_conv3d/debuf.mlir ==
  match          body#[0, 1]  cudnnConvolution3D_f32_bias
  total: 1 matched / 1 bodies
",0,[],0,0,0,0,/home/arjaiswal/Polygeist/issues/aten_c_kernels/results/aten_conv3d/debuf.mlir,3811,0,2,2,258.6803622543812,0,64800,0.0,0,0,0,0,"[{""body_indices"": [0, 1], ""symbol"": ""cudnnConvolution3D_f32_bias""}]",1,0,0,0.0,0
aten,aten_conv3d_columns_cpu,/home/arjaiswal/Polygeist/issues/aten_c_kernels/results/aten_conv3d_columns_cpu/debuf.mlir,af7fca8ed74d01a9895c576a5c97496a8045fa8460b9f306b3e430b32ad1801d,syntactic,1,ok,0,815.3161220252514,0,"[""/usr/bin/python3"", ""/home/arjaiswal/Polygeist/scripts/correctness/kernel_match_rewrite.py"", ""/home/arjaiswal/Polygeist/issues/aten_c_kernels/results/aten_conv3d_columns_cpu/debuf.mlir"", ""--dry-run"", ""--matcher-mode"", ""syntactic"", ""--telemetry-json"", ""/home/arjaiswal/Polygeist/issues/equality_saturation_eval/campaign_20260908/aten-aten_conv3d_columns_cpu-syntactic-rudk30v5.json"", ""--disable-semantic-fallback""]","== match report for /home/arjaiswal/Polygeist/issues/aten_c_kernels/results/aten_conv3d_columns_cpu/debuf.mlir ==
  copy_layout_reject body#0  cublasDcopy_tensor
  total: 0 matched / 1 bodies
",0,[],0,0,0,0,/home/arjaiswal/Polygeist/issues/aten_c_kernels/results/aten_conv3d_columns_cpu/debuf.mlir,2819,0,1,0,400.86837485432625,0,65860,0.11988729238510132,0,2,0,0,[],0,0,50,0.0,50
aten,aten_conv3d_columns_cpu,/home/arjaiswal/Polygeist/issues/aten_c_kernels/results/aten_conv3d_columns_cpu/debuf.mlir,af7fca8ed74d01a9895c576a5c97496a8045fa8460b9f306b3e430b32ad1801d,egglog,1,ok,0,850.3423668444157,0,"[""/usr/bin/python3"", ""/home/arjaiswal/Polygeist/scripts/correctness/kernel_match_rewrite.py"", ""/home/arjaiswal/Polygeist/issues/aten_c_kernels/results/aten_conv3d_columns_cpu/debuf.mlir"", ""--dry-run"", ""--matcher-mode"", ""egglog"", ""--telemetry-json"", ""/home/arjaiswal/Polygeist/issues/equality_saturation_eval/campaign_20260908/aten-aten_conv3d_columns_cpu-egglog-fyoahdsi.json"", ""--disable-semantic-fallback""]","== match report for /home/arjaiswal/Polygeist/issues/aten_c_kernels/results/aten_conv3d_columns_cpu/debuf.mlir ==
  copy_layout_reject body#0  cublasDcopy_tensor
  total: 0 matched / 1 bodies
",0,[],0,0,0,0,/home/arjaiswal/Polygeist/issues/aten_c_kernels/results/aten_conv3d_columns_cpu/debuf.mlir,2819,8,1,0,401.62651613354683,0,69908,21.50551974773407,2,2,0,0,[],0,0,0,0.0,50
aten,aten_conv3d_columns_cpu,/home/arjaiswal/Polygeist/issues/aten_c_kernels/results/aten_conv3d_columns_cpu/debuf.mlir,af7fca8ed74d01a9895c576a5c97496a8045fa8460b9f306b3e430b32ad1801d,egglog,2,ok,0,865.4989488422871,0,"[""/usr/bin/python3"", ""/home/arjaiswal/Polygeist/scripts/correctness/kernel_match_rewrite.py"", ""/home/arjaiswal/Polygeist/issues/aten_c_kernels/results/aten_conv3d_columns_cpu/debuf.mlir"", ""--dry-run"", ""--matcher-mode"", ""egglog"", ""--telemetry-json"", ""/home/arjaiswal/Polygeist/issues/equality_saturation_eval/campaign_20260908/aten-aten_conv3d_columns_cpu-egglog-8pxr8l44.json"", ""--disable-semantic-fallback""]","== match report for /home/arjaiswal/Polygeist/issues/aten_c_kernels/results/aten_conv3d_columns_cpu/debuf.mlir ==
  copy_layout_reject body#0  cublasDcopy_tensor
  total: 0 matched / 1 bodies
",0,[],0,0,0,0,/home/arjaiswal/Polygeist/issues/aten_c_kernels/results/aten_conv3d_columns_cpu/debuf.mlir,2819,8,1,0,431.3458055257797,0,69716,28.207991272211075,2,2,0,0,[],0,0,0,0.0,50
aten,aten_conv3d_columns_cpu,/home/arjaiswal/Polygeist/issues/aten_c_kernels/results/aten_conv3d_columns_cpu/debuf.mlir,af7fca8ed74d01a9895c576a5c97496a8045fa8460b9f306b3e430b32ad1801d,syntactic,2,ok,0,800.422303378582,0,"[""/usr/bin/python3"", ""/home/arjaiswal/Polygeist/scripts/correctness/kernel_match_rewrite.py"", ""/home/arjaiswal/Polygeist/issues/aten_c_kernels/results/aten_conv3d_columns_cpu/debuf.mlir"", ""--dry-run"", ""--matcher-mode"", ""syntactic"", ""--telemetry-json"", ""/home/arjaiswal/Polygeist/issues/equality_saturation_eval/campaign_20260908/aten-aten_conv3d_columns_cpu-syntactic-ljooo8yg.json"", ""--disable-semantic-fallback""]","== match report for /home/arjaiswal/Polygeist/issues/aten_c_kernels/results/aten_conv3d_columns_cpu/debuf.mlir ==
  copy_layout_reject body#0  cublasDcopy_tensor
  total: 0 matched / 1 bodies
",0,[],0,0,0,0,/home/arjaiswal/Polygeist/issues/aten_c_kernels/results/aten_conv3d_columns_cpu/debuf.mlir,2819,0,1,0,378.0692555010319,0,65760,0.11979043483734131,0,2,0,0,[],0,0,50,0.0,50
aten,aten_conv3d_columns_cpu,/home/arjaiswal/Polygeist/issues/aten_c_kernels/results/aten_conv3d_columns_cpu/debuf.mlir,af7fca8ed74d01a9895c576a5c97496a8045fa8460b9f306b3e430b32ad1801d,syntactic,3,ok,0,795.4164482653141,0,"[""/usr/bin/python3"", ""/home/arjaiswal/Polygeist/scripts/correctness/kernel_match_rewrite.py"", ""/home/arjaiswal/Polygeist/issues/aten_c_kernels/results/aten_conv3d_columns_cpu/debuf.mlir"", ""--dry-run"", ""--matcher-mode"", ""syntactic"", ""--telemetry-json"", ""/home/arjaiswal/Polygeist/issues/equality_saturation_eval/campaign_20260908/aten-aten_conv3d_columns_cpu-syntactic-vqxarmgg.json"", ""--disable-semantic-fallback""]","== match report for /home/arjaiswal/Polygeist/issues/aten_c_kernels/results/aten_conv3d_columns_cpu/debuf.mlir ==
  copy_layout_reject body#0  cublasDcopy_tensor
  total: 0 matched / 1 bodies
",0,[],0,0,0,0,/home/arjaiswal/Polygeist/issues/aten_c_kernels/results/aten_conv3d_columns_cpu/debuf.mlir,2819,0,1,0,372.73771315813065,0,65600,0.11798739433288574,0,2,0,0,[],0,0,50,0.0,50
aten,aten_conv3d_columns_cpu,/home/arjaiswal/Polygeist/issues/aten_c_kernels/results/aten_conv3d_columns_cpu/debuf.mlir,af7fca8ed74d01a9895c576a5c97496a8045fa8460b9f306b3e430b32ad1801d,egglog,3,ok,0,839.1933143138885,0,"[""/usr/bin/python3"", ""/home/arjaiswal/Polygeist/scripts/correctness/kernel_match_rewrite.py"", ""/home/arjaiswal/Polygeist/issues/aten_c_kernels/results/aten_conv3d_columns_cpu/debuf.mlir"", ""--dry-run"", ""--matcher-mode"", ""egglog"", ""--telemetry-json"", ""/home/arjaiswal/Polygeist/issues/equality_saturation_eval/campaign_20260908/aten-aten_conv3d_columns_cpu-egglog-4qtxgqtj.json"", ""--disable-semantic-fallback""]","== match report for /home/arjaiswal/Polygeist/issues/aten_c_kernels/results/aten_conv3d_columns_cpu/debuf.mlir ==
  copy_layout_reject body#0  cublasDcopy_tensor
  total: 0 matched / 1 bodies
",0,[],0,0,0,0,/home/arjaiswal/Polygeist/issues/aten_c_kernels/results/aten_conv3d_columns_cpu/debuf.mlir,2819,8,1,0,413.56129199266434,0,69708,21.635252982378006,2,2,0,0,[],0,0,0,0.0,50
aten,aten_conv3d_columns_cpu,/home/arjaiswal/Polygeist/issues/aten_c_kernels/results/aten_conv3d_columns_cpu/debuf.mlir,af7fca8ed74d01a9895c576a5c97496a8045fa8460b9f306b3e430b32ad1801d,egglog,4,ok,0,831.5693587064743,0,"[""/usr/bin/python3"", ""/home/arjaiswal/Polygeist/scripts/correctness/kernel_match_rewrite.py"", ""/home/arjaiswal/Polygeist/issues/aten_c_kernels/results/aten_conv3d_columns_cpu/debuf.mlir"", ""--dry-run"", ""--matcher-mode"", ""egglog"", ""--telemetry-json"", ""/home/arjaiswal/Polygeist/issues/equality_saturation_eval/campaign_20260908/aten-aten_conv3d_columns_cpu-egglog-9xxokfz3.json"", ""--disable-semantic-fallback""]","== match report for /home/arjaiswal/Polygeist/issues/aten_c_kernels/results/aten_conv3d_columns_cpu/debuf.mlir ==
  copy_layout_reject body#0  cublasDcopy_tensor
  total: 0 matched / 1 bodies
",0,[],0,0,0,0,/home/arjaiswal/Polygeist/issues/aten_c_kernels/results/aten_conv3d_columns_cpu/debuf.mlir,2819,8,1,0,408.2699678838253,0,69844,22.48522639274597,2,2,0,0,[],0,0,0,0.0,50
aten,aten_conv3d_columns_cpu,/home/arjaiswal/Polygeist/issues/aten_c_kernels/results/aten_conv3d_columns_cpu/debuf.mlir,af7fca8ed74d01a9895c576a5c97496a8045fa8460b9f306b3e430b32ad1801d,syntactic,4,ok,0,821.7480927705765,0,"[""/usr/bin/python3"", ""/home/arjaiswal/Polygeist/scripts/correctness/kernel_match_rewrite.py"", ""/home/arjaiswal/Polygeist/issues/aten_c_kernels/results/aten_conv3d_columns_cpu/debuf.mlir"", ""--dry-run"", ""--matcher-mode"", ""syntactic"", ""--telemetry-json"", ""/home/arjaiswal/Polygeist/issues/equality_saturation_eval/campaign_20260908/aten-aten_conv3d_columns_cpu-syntactic-af03028_.json"", ""--disable-semantic-fallback""]","== match report for /home/arjaiswal/Polygeist/issues/aten_c_kernels/results/aten_conv3d_columns_cpu/debuf.mlir ==
  copy_layout_reject body#0  cublasDcopy_tensor
  total: 0 matched / 1 bodies
",0,[],0,0,0,0,/home/arjaiswal/Polygeist/issues/aten_c_kernels/results/aten_conv3d_columns_cpu/debuf.mlir,2819,0,1,0,393.0497206747532,0,65688,0.12686476111412048,0,2,0,0,[],0,0,50,0.0,50
aten,aten_conv3d_columns_cpu,/home/arjaiswal/Polygeist/issues/aten_c_kernels/results/aten_conv3d_columns_cpu/debuf.mlir,af7fca8ed74d01a9895c576a5c97496a8045fa8460b9f306b3e430b32ad1801d,syntactic,5,ok,0,857.2809956967831,0,"[""/usr/bin/python3"", ""/home/arjaiswal/Polygeist/scripts/correctness/kernel_match_rewrite.py"", ""/home/arjaiswal/Polygeist/issues/aten_c_kernels/results/aten_conv3d_columns_cpu/debuf.mlir"", ""--dry-run"", ""--matcher-mode"", ""syntactic"", ""--telemetry-json"", ""/home/arjaiswal/Polygeist/issues/equality_saturation_eval/campaign_20260908/aten-aten_conv3d_columns_cpu-syntactic-rv354b9l.json"", ""--disable-semantic-fallback""]","== match report for /home/arjaiswal/Polygeist/issues/aten_c_kernels/results/aten_conv3d_columns_cpu/debuf.mlir ==
  copy_layout_reject body#0  cublasDcopy_tensor
  total: 0 matched / 1 bodies
",0,[],0,0,0,0,/home/arjaiswal/Polygeist/issues/aten_c_kernels/results/aten_conv3d_columns_cpu/debuf.mlir,2819,0,1,0,395.7953341305256,0,65444,0.12597441673278809,0,2,0,0,[],0,0,50,0.0,50
aten,aten_conv3d_columns_cpu,/home/arjaiswal/Polygeist/issues/aten_c_kernels/results/aten_conv3d_columns_cpu/debuf.mlir,af7fca8ed74d01a9895c576a5c97496a8045fa8460b9f306b3e430b32ad1801d,egglog,5,ok,0,833.2807458937168,0,"[""/usr/bin/python3"", ""/home/arjaiswal/Polygeist/scripts/correctness/kernel_match_rewrite.py"", ""/home/arjaiswal/Polygeist/issues/aten_c_kernels/results/aten_conv3d_columns_cpu/debuf.mlir"", ""--dry-run"", ""--matcher-mode"", ""egglog"", ""--telemetry-json"", ""/home/arjaiswal/Polygeist/issues/equality_saturation_eval/campaign_20260908/aten-aten_conv3d_columns_cpu-egglog-xolec3pj.json"", ""--disable-semantic-fallback""]","== match report for /home/arjaiswal/Polygeist/issues/aten_c_kernels/results/aten_conv3d_columns_cpu/debuf.mlir ==
  copy_layout_reject body#0  cublasDcopy_tensor
  total: 0 matched / 1 bodies
",0,[],0,0,0,0,/home/arjaiswal/Polygeist/issues/aten_c_kernels/results/aten_conv3d_columns_cpu/debuf.mlir,2819,8,1,0,409.58186239004135,0,69804,22.262252867221832,2,2,0,0,[],0,0,0,0.0,50
aten,aten_conv_tbc_backward_cpu,/home/arjaiswal/Polygeist/issues/aten_c_kernels/results/aten_conv_tbc_backward_cpu/debuf.mlir,3c3511b211bc637182361efbd1c3cf031b60f2b171480a32deab91683214c240,egglog,1,ok,0,730.2983328700066,0,"[""/usr/bin/python3"", ""/home/arjaiswal/Polygeist/scripts/correctness/kernel_match_rewrite.py"", ""/home/arjaiswal/Polygeist/issues/aten_c_kernels/results/aten_conv_tbc_backward_cpu/debuf.mlir"", ""--dry-run"", ""--matcher-mode"", ""egglog"", ""--telemetry-json"", ""/home/arjaiswal/Polygeist/issues/equality_saturation_eval/campaign_20260908/aten-aten_conv_tbc_backward_cpu-egglog-lz4ddhu9.json"", ""--disable-semantic-fallback""]","== match report for /home/arjaiswal/Polygeist/issues/aten_c_kernels/results/aten_conv_tbc_backward_cpu/debuf.mlir ==
  match          body#[0]  cudnnConvolutionTBCBackward_f32_memref
  total: 1 matched / 1 bodies
",0,[],0,0,0,0,/home/arjaiswal/Polygeist/issues/aten_c_kernels/results/aten_conv_tbc_backward_cpu/debuf.mlir,2818,8,1,1,302.29541659355164,0,69444,29.086101800203323,2,2,0,8,"[{""body_indices"": [0], ""symbol"": ""cudnnConvolutionTBCBackward_f32_memref""}]",1,0,0,0.0,2
aten,aten_conv_tbc_backward_cpu,/home/arjaiswal/Polygeist/issues/aten_c_kernels/results/aten_conv_tbc_backward_cpu/debuf.mlir,3c3511b211bc637182361efbd1c3cf031b60f2b171480a32deab91683214c240,syntactic,1,ok,0,679.7407977283001,0,"[""/usr/bin/python3"", ""/home/arjaiswal/Polygeist/scripts/correctness/kernel_match_rewrite.py"", ""/home/arjaiswal/Polygeist/issues/aten_c_kernels/results/aten_conv_tbc_backward_cpu/debuf.mlir"", ""--dry-run"", ""--matcher-mode"", ""syntactic"", ""--telemetry-json"", ""/home/arjaiswal/Polygeist/issues/equality_saturation_eval/campaign_20260908/aten-aten_conv_tbc_backward_cpu-syntactic-b29mge7j.json"", ""--disable-semantic-fallback""]","== match report for /home/arjaiswal/Polygeist/issues/aten_c_kernels/results/aten_conv_tbc_backward_cpu/debuf.mlir ==
  match          body#[0]  cudnnConvolutionTBCBackward_f32_memref
  total: 1 matched / 1 bodies
",0,[],0,0,0,0,/home/arjaiswal/Polygeist/issues/aten_c_kernels/results/aten_conv_tbc_backward_cpu/debuf.mlir,2818,0,1,1,265.3145343065262,0,64548,0.020384788513183594,0,2,0,0,"[{""body_indices"": [0], ""symbol"": ""cudnnConvolutionTBCBackward_f32_memref""}]",1,0,2,0.0,2
aten,aten_conv_tbc_backward_cpu,/home/arjaiswal/Polygeist/issues/aten_c_kernels/results/aten_conv_tbc_backward_cpu/debuf.mlir,3c3511b211bc637182361efbd1c3cf031b60f2b171480a32deab91683214c240,syntactic,2,ok,0,669.4573946297169,0,"[""/usr/bin/python3"", ""/home/arjaiswal/Polygeist/scripts/correctness/kernel_match_rewrite.py"", ""/home/arjaiswal/Polygeist/issues/aten_c_kernels/results/aten_conv_tbc_backward_cpu/debuf.mlir"", ""--dry-run"", ""--matcher-mode"", ""syntactic"", ""--telemetry-json"", ""/home/arjaiswal/Polygeist/issues/equality_saturation_eval/campaign_20260908/aten-aten_conv_tbc_backward_cpu-syntactic-56qe_6yf.json"", ""--disable-semantic-fallback""]","== match report for /home/arjaiswal/Polygeist/issues/aten_c_kernels/results/aten_conv_tbc_backward_cpu/debuf.mlir ==
  match          body#[0]  cudnnConvolutionTBCBackward_f32_memref
  total: 1 matched / 1 bodies
",0,[],0,0,0,0,/home/arjaiswal/Polygeist/issues/aten_c_kernels/results/aten_conv_tbc_backward_cpu/debuf.mlir,2818,0,1,1,264.9541571736336,0,64852,0.020500272512435913,0,2,0,0,"[{""body_indices"": [0], ""symbol"": ""cudnnConvolutionTBCBackward_f32_memref""}]",1,0,2,0.0,2
aten,aten_conv_tbc_backward_cpu,/home/arjaiswal/Polygeist/issues/aten_c_kernels/results/aten_conv_tbc_backward_cpu/debuf.mlir,3c3511b211bc637182361efbd1c3cf031b60f2b171480a32deab91683214c240,egglog,2,ok,0,716.4589203894138,0,"[""/usr/bin/python3"", ""/home/arjaiswal/Polygeist/scripts/correctness/kernel_match_rewrite.py"", ""/home/arjaiswal/Polygeist/issues/aten_c_kernels/results/aten_conv_tbc_backward_cpu/debuf.mlir"", ""--dry-run"", ""--matcher-mode"", ""egglog"", ""--telemetry-json"", ""/home/arjaiswal/Polygeist/issues/equality_saturation_eval/campaign_20260908/aten-aten_conv_tbc_backward_cpu-egglog-njmrhtyu.json"", ""--disable-semantic-fallback""]","== match report for /home/arjaiswal/Polygeist/issues/aten_c_kernels/results/aten_conv_tbc_backward_cpu/debuf.mlir ==
  match          body#[0]  cudnnConvolutionTBCBackward_f32_memref
  total: 1 matched / 1 bodies
",0,[],0,0,0,0,/home/arjaiswal/Polygeist/issues/aten_c_kernels/results/aten_conv_tbc_backward_cpu/debuf.mlir,2818,8,1,1,293.437123298645,0,69388,21.73660695552826,2,2,0,8,"[{""body_indices"": [0], ""symbol"": ""cudnnConvolutionTBCBackward_f32_memref""}]",1,0,0,0.0,2
aten,aten_conv_tbc_backward_cpu,/home/arjaiswal/Polygeist/issues/aten_c_kernels/results/aten_conv_tbc_backward_cpu/debuf.mlir,3c3511b211bc637182361efbd1c3cf031b60f2b171480a32deab91683214c240,egglog,3,ok,0,734.7276099026203,0,"[""/usr/bin/python3"", ""/home/arjaiswal/Polygeist/scripts/correctness/kernel_match_rewrite.py"", ""/home/arjaiswal/Polygeist/issues/aten_c_kernels/results/aten_conv_tbc_backward_cpu/debuf.mlir"", ""--dry-run"", ""--matcher-mode"", ""egglog"", ""--telemetry-json"", ""/home/arjaiswal/Polygeist/issues/equality_saturation_eval/campaign_20260908/aten-aten_conv_tbc_backward_cpu-egglog-m46rwr35.json"", ""--disable-semantic-fallback""]","== match report for /home/arjaiswal/Polygeist/issues/aten_c_kernels/results/aten_conv_tbc_backward_cpu/debuf.mlir ==
  match          body#[0]  cudnnConvolutionTBCBackward_f32_memref
  total: 1 matched / 1 bodies
",0,[],0,0,0,0,/home/arjaiswal/Polygeist/issues/aten_c_kernels/results/aten_conv_tbc_backward_cpu/debuf.mlir,2818,8,1,1,308.19979310035706,0,69488,22.50073477625847,2,2,0,8,"[{""body_indices"": [0], ""symbol"": ""cudnnConvolutionTBCBackward_f32_memref""}]",1,0,0,0.0,2
aten,aten_conv_tbc_backward_cpu,/home/arjaiswal/Polygeist/issues/aten_c_kernels/results/aten_conv_tbc_backward_cpu/debuf.mlir,3c3511b211bc637182361efbd1c3cf031b60f2b171480a32deab91683214c240,syntactic,3,ok,0,692.4102567136288,0,"[""/usr/bin/python3"", ""/home/arjaiswal/Polygeist/scripts/correctness/kernel_match_rewrite.py"", ""/home/arjaiswal/Polygeist/issues/aten_c_kernels/results/aten_conv_tbc_backward_cpu/debuf.mlir"", ""--dry-run"", ""--matcher-mode"", ""syntactic"", ""--telemetry-json"", ""/home/arjaiswal/Polygeist/issues/equality_saturation_eval/campaign_20260908/aten-aten_conv_tbc_backward_cpu-syntactic-30a0dvzl.json"", ""--disable-semantic-fallback""]","== match report for /home/arjaiswal/Polygeist/issues/aten_c_kernels/results/aten_conv_tbc_backward_cpu/debuf.mlir ==
  match          body#[0]  cudnnConvolutionTBCBackward_f32_memref
  total: 1 matched / 1 bodies
",0,[],0,0,0,0,/home/arjaiswal/Polygeist/issues/aten_c_kernels/results/aten_conv_tbc_backward_cpu/debuf.mlir,2818,0,1,1,266.5477804839611,0,64884,0.020928680896759033,0,2,0,0,"[{""body_indices"": [0], ""symbol"": ""cudnnConvolutionTBCBackward_f32_memref""}]",1,0,2,0.0,2
aten,aten_conv_tbc_backward_cpu,/home/arjaiswal/Polygeist/issues/aten_c_kernels/results/aten_conv_tbc_backward_cpu/debuf.mlir,3c3511b211bc637182361efbd1c3cf031b60f2b171480a32deab91683214c240,syntactic,4,ok,0,691.058736294508,0,"[""/usr/bin/python3"", ""/home/arjaiswal/Polygeist/scripts/correctness/kernel_match_rewrite.py"", ""/home/arjaiswal/Polygeist/issues/aten_c_kernels/results/aten_conv_tbc_backward_cpu/debuf.mlir"", ""--dry-run"", ""--matcher-mode"", ""syntactic"", ""--telemetry-json"", ""/home/arjaiswal/Polygeist/issues/equality_saturation_eval/campaign_20260908/aten-aten_conv_tbc_backward_cpu-syntactic-tgbilbgf.json"", ""--disable-semantic-fallback""]","== match report for /home/arjaiswal/Polygeist/issues/aten_c_kernels/results/aten_conv_tbc_backward_cpu/debuf.mlir ==
  match          body#[0]  cudnnConvolutionTBCBackward_f32_memref
  total: 1 matched / 1 bodies
",0,[],0,0,0,0,/home/arjaiswal/Polygeist/issues/aten_c_kernels/results/aten_conv_tbc_backward_cpu/debuf.mlir,2818,0,1,1,276.57265961170197,0,64892,0.022005289793014526,0,2,0,0,"[{""body_indices"": [0], ""symbol"": ""cudnnConvolutionTBCBackward_f32_memref""}]",1,0,2,0.0,2
aten,aten_conv_tbc_backward_cpu,/home/arjaiswal/Polygeist/issues/aten_c_kernels/results/aten_conv_tbc_backward_cpu/debuf.mlir,3c3511b211bc637182361efbd1c3cf031b60f2b171480a32deab91683214c240,egglog,4,ok,0,770.9613628685474,0,"[""/usr/bin/python3"", ""/home/arjaiswal/Polygeist/scripts/correctness/kernel_match_rewrite.py"", ""/home/arjaiswal/Polygeist/issues/aten_c_kernels/results/aten_conv_tbc_backward_cpu/debuf.mlir"", ""--dry-run"", ""--matcher-mode"", ""egglog"", ""--telemetry-json"", ""/home/arjaiswal/Polygeist/issues/equality_saturation_eval/campaign_20260908/aten-aten_conv_tbc_backward_cpu-egglog-fg_jtj47.json"", ""--disable-semantic-fallback""]","== match report for /home/arjaiswal/Polygeist/issues/aten_c_kernels/results/aten_conv_tbc_backward_cpu/debuf.mlir ==
  match          body#[0]  cudnnConvolutionTBCBackward_f32_memref
  total: 1 matched / 1 bodies
",0,[],0,0,0,0,/home/arjaiswal/Polygeist/issues/aten_c_kernels/results/aten_conv_tbc_backward_cpu/debuf.mlir,2818,8,1,1,331.0316577553749,0,69468,29.10878136754036,2,2,0,8,"[{""body_indices"": [0], ""symbol"": ""cudnnConvolutionTBCBackward_f32_memref""}]",1,0,0,0.0,2
aten,aten_conv_tbc_backward_cpu,/home/arjaiswal/Polygeist/issues/aten_c_kernels/results/aten_conv_tbc_backward_cpu/debuf.mlir,3c3511b211bc637182361efbd1c3cf031b60f2b171480a32deab91683214c240,egglog,5,ok,0,775.207132101059,0,"[""/usr/bin/python3"", ""/home/arjaiswal/Polygeist/scripts/correctness/kernel_match_rewrite.py"", ""/home/arjaiswal/Polygeist/issues/aten_c_kernels/results/aten_conv_tbc_backward_cpu/debuf.mlir"", ""--dry-run"", ""--matcher-mode"", ""egglog"", ""--telemetry-json"", ""/home/arjaiswal/Polygeist/issues/equality_saturation_eval/campaign_20260908/aten-aten_conv_tbc_backward_cpu-egglog-0u_m46r3.json"", ""--disable-semantic-fallback""]","== match report for /home/arjaiswal/Polygeist/issues/aten_c_kernels/results/aten_conv_tbc_backward_cpu/debuf.mlir ==
  match          body#[0]  cudnnConvolutionTBCBackward_f32_memref
  total: 1 matched / 1 bodies
",0,[],0,0,0,0,/home/arjaiswal/Polygeist/issues/aten_c_kernels/results/aten_conv_tbc_backward_cpu/debuf.mlir,2818,8,1,1,325.32336190342903,0,69400,23.5765278339386,2,2,0,8,"[{""body_indices"": [0], ""symbol"": ""cudnnConvolutionTBCBackward_f32_memref""}]",1,0,0,0.0,2
aten,aten_conv_tbc_backward_cpu,/home/arjaiswal/Polygeist/issues/aten_c_kernels/results/aten_conv_tbc_backward_cpu/debuf.mlir,3c3511b211bc637182361efbd1c3cf031b60f2b171480a32deab91683214c240,syntactic,5,ok,0,726.8788069486618,0,"[""/usr/bin/python3"", ""/home/arjaiswal/Polygeist/scripts/correctness/kernel_match_rewrite.py"", ""/home/arjaiswal/Polygeist/issues/aten_c_kernels/results/aten_conv_tbc_backward_cpu/debuf.mlir"", ""--dry-run"", ""--matcher-mode"", ""syntactic"", ""--telemetry-json"", ""/home/arjaiswal/Polygeist/issues/equality_saturation_eval/campaign_20260908/aten-aten_conv_tbc_backward_cpu-syntactic-k2mt842d.json"", ""--disable-semantic-fallback""]","== match report for /home/arjaiswal/Polygeist/issues/aten_c_kernels/results/aten_conv_tbc_backward_cpu/debuf.mlir ==
  match          body#[0]  cudnnConvolutionTBCBackward_f32_memref
  total: 1 matched / 1 bodies
",0,[],0,0,0,0,/home/arjaiswal/Polygeist/issues/aten_c_kernels/results/aten_conv_tbc_backward_cpu/debuf.mlir,2818,0,1,1,276.58435329794884,0,64416,0.029452145099639893,0,2,0,0,"[{""body_indices"": [0], ""symbol"": ""cudnnConvolutionTBCBackward_f32_memref""}]",1,0,2,0.0,2
aten,aten_conv_tbc_cpu,/home/arjaiswal/Polygeist/issues/aten_c_kernels/results/aten_conv_tbc_cpu/debuf.mlir,fefa530cae9176ca5e5acb2a25e240cbde21302d120b0f84fbe92cadaa83f846,syntactic,1,ok,0,772.3485082387924,0,"[""/usr/bin/python3"", ""/home/arjaiswal/Polygeist/scripts/correctness/kernel_match_rewrite.py"", ""/home/arjaiswal/Polygeist/issues/aten_c_kernels/results/aten_conv_tbc_cpu/debuf.mlir"", ""--dry-run"", ""--matcher-mode"", ""syntactic"", ""--telemetry-json"", ""/home/arjaiswal/Polygeist/issues/equality_saturation_eval/campaign_20260908/aten-aten_conv_tbc_cpu-syntactic-0r5griet.json"", ""--disable-semantic-fallback""]","== match report for /home/arjaiswal/Polygeist/issues/aten_c_kernels/results/aten_conv_tbc_cpu/debuf.mlir ==
  match          body#[0, 1]  cudnnConvolutionTBC_f32_memref
  total: 1 matched / 1 bodies
",0,[],0,0,0,0,/home/arjaiswal/Polygeist/issues/aten_c_kernels/results/aten_conv_tbc_cpu/debuf.mlir,3361,0,2,2,334.18717235326767,0,65672,0.0516548752784729,0,12,0,0,"[{""body_indices"": [0, 1], ""symbol"": ""cudnnConvolutionTBC_f32_memref""}]",1,0,12,0.0,12
aten,aten_conv_tbc_cpu,/home/arjaiswal/Polygeist/issues/aten_c_kernels/results/aten_conv_tbc_cpu/debuf.mlir,fefa530cae9176ca5e5acb2a25e240cbde21302d120b0f84fbe92cadaa83f846,egglog,1,ok,0,887.7540938556194,0,"[""/usr/bin/python3"", ""/home/arjaiswal/Polygeist/scripts/correctness/kernel_match_rewrite.py"", ""/home/arjaiswal/Polygeist/issues/aten_c_kernels/results/aten_conv_tbc_cpu/debuf.mlir"", ""--dry-run"", ""--matcher-mode"", ""egglog"", ""--telemetry-json"", ""/home/arjaiswal/Polygeist/issues/equality_saturation_eval/campaign_20260908/aten-aten_conv_tbc_cpu-egglog-bpqg3klb.json"", ""--disable-semantic-fallback""]","== match report for /home/arjaiswal/Polygeist/issues/aten_c_kernels/results/aten_conv_tbc_cpu/debuf.mlir ==
  match          body#[0, 1]  cudnnConvolutionTBC_f32_memref
  total: 1 matched / 1 bodies
",0,[],0,0,0,0,/home/arjaiswal/Polygeist/issues/aten_c_kernels/results/aten_conv_tbc_cpu/debuf.mlir,3361,8,2,2,436.8591606616974,0,69820,130.32888993620872,12,12,0,8,"[{""body_indices"": [0, 1], ""symbol"": ""cudnnConvolutionTBC_f32_memref""}]",1,0,0,0.0,12
aten,aten_conv_tbc_cpu,/home/arjaiswal/Polygeist/issues/aten_c_kernels/results/aten_conv_tbc_cpu/debuf.mlir,fefa530cae9176ca5e5acb2a25e240cbde21302d120b0f84fbe92cadaa83f846,egglog,2,ok,0,876.1440515518188,0,"[""/usr/bin/python3"", ""/home/arjaiswal/Polygeist/scripts/correctness/kernel_match_rewrite.py"", ""/home/arjaiswal/Polygeist/issues/aten_c_kernels/results/aten_conv_tbc_cpu/debuf.mlir"", ""--dry-run"", ""--matcher-mode"", ""egglog"", ""--telemetry-json"", ""/home/arjaiswal/Polygeist/issues/equality_saturation_eval/campaign_20260908/aten-aten_conv_tbc_cpu-egglog-up5p98el.json"", ""--disable-semantic-fallback""]","== match report for /home/arjaiswal/Polygeist/issues/aten_c_kernels/results/aten_conv_tbc_cpu/debuf.mlir ==
  match          body#[0, 1]  cudnnConvolutionTBC_f32_memref
  total: 1 matched / 1 bodies
",0,[],0,0,0,0,/home/arjaiswal/Polygeist/issues/aten_c_kernels/results/aten_conv_tbc_cpu/debuf.mlir,3361,8,2,2,441.3294717669487,0,69840,120.46974524855614,12,12,0,8,"[{""body_indices"": [0, 1], ""symbol"": ""cudnnConvolutionTBC_f32_memref""}]",1,0,0,0.0,12
aten,aten_conv_tbc_cpu,/home/arjaiswal/Polygeist/issues/aten_c_kernels/results/aten_conv_tbc_cpu/debuf.mlir,fefa530cae9176ca5e5acb2a25e240cbde21302d120b0f84fbe92cadaa83f846,syntactic,2,ok,0,719.8759540915489,0,"[""/usr/bin/python3"", ""/home/arjaiswal/Polygeist/scripts/correctness/kernel_match_rewrite.py"", ""/home/arjaiswal/Polygeist/issues/aten_c_kernels/results/aten_conv_tbc_cpu/debuf.mlir"", ""--dry-run"", ""--matcher-mode"", ""syntactic"", ""--telemetry-json"", ""/home/arjaiswal/Polygeist/issues/equality_saturation_eval/campaign_20260908/aten-aten_conv_tbc_cpu-syntactic-ikag_9b1.json"", ""--disable-semantic-fallback""]","== match report for /home/arjaiswal/Polygeist/issues/aten_c_kernels/results/aten_conv_tbc_cpu/debuf.mlir ==
  match          body#[0, 1]  cudnnConvolutionTBC_f32_memref
  total: 1 matched / 1 bodies
",0,[],0,0,0,0,/home/arjaiswal/Polygeist/issues/aten_c_kernels/results/aten_conv_tbc_cpu/debuf.mlir,3361,0,2,2,304.7000952064991,0,65772,0.05582347512245178,0,12,0,0,"[{""body_indices"": [0, 1], ""symbol"": ""cudnnConvolutionTBC_f32_memref""}]",1,0,12,0.0,12
aten,aten_conv_tbc_cpu,/home/arjaiswal/Polygeist/issues/aten_c_kernels/results/aten_conv_tbc_cpu/debuf.mlir,fefa530cae9176ca5e5acb2a25e240cbde21302d120b0f84fbe92cadaa83f846,syntactic,3,ok,0,734.5738895237446,0,"[""/usr/bin/python3"", ""/home/arjaiswal/Polygeist/scripts/correctness/kernel_match_rewrite.py"", ""/home/arjaiswal/Polygeist/issues/aten_c_kernels/results/aten_conv_tbc_cpu/debuf.mlir"", ""--dry-run"", ""--matcher-mode"", ""syntactic"", ""--telemetry-json"", ""/home/arjaiswal/Polygeist/issues/equality_saturation_eval/campaign_20260908/aten-aten_conv_tbc_cpu-syntactic-ewn794jp.json"", ""--disable-semantic-fallback""]","== match report for /home/arjaiswal/Polygeist/issues/aten_c_kernels/results/aten_conv_tbc_cpu/debuf.mlir ==
  match          body#[0, 1]  cudnnConvolutionTBC_f32_memref
  total: 1 matched / 1 bodies
",0,[],0,0,0,0,/home/arjaiswal/Polygeist/issues/aten_c_kernels/results/aten_conv_tbc_cpu/debuf.mlir,3361,0,2,2,310.81990897655487,0,65588,0.06267055869102478,0,12,0,0,"[{""body_indices"": [0, 1], ""symbol"": ""cudnnConvolutionTBC_f32_memref""}]",1,0,12,0.0,12
aten,aten_conv_tbc_cpu,/home/arjaiswal/Polygeist/issues/aten_c_kernels/results/aten_conv_tbc_cpu/debuf.mlir,fefa530cae9176ca5e5acb2a25e240cbde21302d120b0f84fbe92cadaa83f846,egglog,3,ok,0,898.2625678181648,0,"[""/usr/bin/python3"", ""/home/arjaiswal/Polygeist/scripts/correctness/kernel_match_rewrite.py"", ""/home/arjaiswal/Polygeist/issues/aten_c_kernels/results/aten_conv_tbc_cpu/debuf.mlir"", ""--dry-run"", ""--matcher-mode"", ""egglog"", ""--telemetry-json"", ""/home/arjaiswal/Polygeist/issues/equality_saturation_eval/campaign_20260908/aten-aten_conv_tbc_cpu-egglog-mikwxy68.json"", ""--disable-semantic-fallback""]","== match report for /home/arjaiswal/Polygeist/issues/aten_c_kernels/results/aten_conv_tbc_cpu/debuf.mlir ==
  match          body#[0, 1]  cudnnConvolutionTBC_f32_memref
  total: 1 matched / 1 bodies
",0,[],0,0,0,0,/home/arjaiswal/Polygeist/issues/aten_c_kernels/results/aten_conv_tbc_cpu/debuf.mlir,3361,8,2,2,430.2231892943382,0,69796,124.5780736207962,12,12,0,8,"[{""body_indices"": [0, 1], ""symbol"": ""cudnnConvolutionTBC_f32_memref""}]",1,0,0,0.0,12
aten,aten_conv_tbc_cpu,/home/arjaiswal/Polygeist/issues/aten_c_kernels/results/aten_conv_tbc_cpu/debuf.mlir,fefa530cae9176ca5e5acb2a25e240cbde21302d120b0f84fbe92cadaa83f846,egglog,4,ok,0,832.2159647941589,0,"[""/usr/bin/python3"", ""/home/arjaiswal/Polygeist/scripts/correctness/kernel_match_rewrite.py"", ""/home/arjaiswal/Polygeist/issues/aten_c_kernels/results/aten_conv_tbc_cpu/debuf.mlir"", ""--dry-run"", ""--matcher-mode"", ""egglog"", ""--telemetry-json"", ""/home/arjaiswal/Polygeist/issues/equality_saturation_eval/campaign_20260908/aten-aten_conv_tbc_cpu-egglog-51ppzp35.json"", ""--disable-semantic-fallback""]","== match report for /home/arjaiswal/Polygeist/issues/aten_c_kernels/results/aten_conv_tbc_cpu/debuf.mlir ==
  match          body#[0, 1]  cudnnConvolutionTBC_f32_memref
  total: 1 matched / 1 bodies
",0,[],0,0,0,0,/home/arjaiswal/Polygeist/issues/aten_c_kernels/results/aten_conv_tbc_cpu/debuf.mlir,3361,8,2,2,418.8302159309387,0,69956,120.06916105747223,12,12,0,8,"[{""body_indices"": [0, 1], ""symbol"": ""cudnnConvolutionTBC_f32_memref""}]",1,0,0,0.0,12
aten,aten_conv_tbc_cpu,/home/arjaiswal/Polygeist/issues/aten_c_kernels/results/aten_conv_tbc_cpu/debuf.mlir,fefa530cae9176ca5e5acb2a25e240cbde21302d120b0f84fbe92cadaa83f846,syntactic,4,ok,0,742.0091927051544,0,"[""/usr/bin/python3"", ""/home/arjaiswal/Polygeist/scripts/correctness/kernel_match_rewrite.py"", ""/home/arjaiswal/Polygeist/issues/aten_c_kernels/results/aten_conv_tbc_cpu/debuf.mlir"", ""--dry-run"", ""--matcher-mode"", ""syntactic"", ""--telemetry-json"", ""/home/arjaiswal/Polygeist/issues/equality_saturation_eval/campaign_20260908/aten-aten_conv_tbc_cpu-syntactic-mlvkmg9z.json"", ""--disable-semantic-fallback""]","== match report for /home/arjaiswal/Polygeist/issues/aten_c_kernels/results/aten_conv_tbc_cpu/debuf.mlir ==
  match          body#[0, 1]  cudnnConvolutionTBC_f32_memref
  total: 1 matched / 1 bodies
",0,[],0,0,0,0,/home/arjaiswal/Polygeist/issues/aten_c_kernels/results/aten_conv_tbc_cpu/debuf.mlir,3361,0,2,2,298.0584427714348,0,65660,0.053048133850097656,0,12,0,0,"[{""body_indices"": [0, 1], ""symbol"": ""cudnnConvolutionTBC_f32_memref""}]",1,0,12,0.0,12
aten,aten_conv_tbc_cpu,/home/arjaiswal/Polygeist/issues/aten_c_kernels/results/aten_conv_tbc_cpu/debuf.mlir,fefa530cae9176ca5e5acb2a25e240cbde21302d120b0f84fbe92cadaa83f846,syntactic,5,ok,0,721.0896983742714,0,"[""/usr/bin/python3"", ""/home/arjaiswal/Polygeist/scripts/correctness/kernel_match_rewrite.py"", ""/home/arjaiswal/Polygeist/issues/aten_c_kernels/results/aten_conv_tbc_cpu/debuf.mlir"", ""--dry-run"", ""--matcher-mode"", ""syntactic"", ""--telemetry-json"", ""/home/arjaiswal/Polygeist/issues/equality_saturation_eval/campaign_20260908/aten-aten_conv_tbc_cpu-syntactic-xd739a34.json"", ""--disable-semantic-fallback""]","== match report for /home/arjaiswal/Polygeist/issues/aten_c_kernels/results/aten_conv_tbc_cpu/debuf.mlir ==
  match          body#[0, 1]  cudnnConvolutionTBC_f32_memref
  total: 1 matched / 1 bodies
",0,[],0,0,0,0,/home/arjaiswal/Polygeist/issues/aten_c_kernels/results/aten_conv_tbc_cpu/debuf.mlir,3361,0,2,2,294.69034075737,0,65612,0.056121498346328735,0,12,0,0,"[{""body_indices"": [0, 1], ""symbol"": ""cudnnConvolutionTBC_f32_memref""}]",1,0,12,0.0,12
aten,aten_conv_tbc_cpu,/home/arjaiswal/Polygeist/issues/aten_c_kernels/results/aten_conv_tbc_cpu/debuf.mlir,fefa530cae9176ca5e5acb2a25e240cbde21302d120b0f84fbe92cadaa83f846,egglog,5,ok,0,879.9131624400616,0,"[""/usr/bin/python3"", ""/home/arjaiswal/Polygeist/scripts/correctness/kernel_match_rewrite.py"", ""/home/arjaiswal/Polygeist/issues/aten_c_kernels/results/aten_conv_tbc_cpu/debuf.mlir"", ""--dry-run"", ""--matcher-mode"", ""egglog"", ""--telemetry-json"", ""/home/arjaiswal/Polygeist/issues/equality_saturation_eval/campaign_20260908/aten-aten_conv_tbc_cpu-egglog-xpdbf4q_.json"", ""--disable-semantic-fallback""]","== match report for /home/arjaiswal/Polygeist/issues/aten_c_kernels/results/aten_conv_tbc_cpu/debuf.mlir ==
  match          body#[0, 1]  cudnnConvolutionTBC_f32_memref
  total: 1 matched / 1 bodies
",0,[],0,0,0,0,/home/arjaiswal/Polygeist/issues/aten_c_kernels/results/aten_conv_tbc_cpu/debuf.mlir,3361,8,2,2,448.6921690404415,0,69760,127.17486917972565,12,12,0,8,"[{""body_indices"": [0, 1], ""symbol"": ""cudnnConvolutionTBC_f32_memref""}]",1,0,0,0.0,12
aten,aten_conv_transpose2d,/home/arjaiswal/Polygeist/issues/aten_c_kernels/results/aten_conv_transpose2d/debuf.mlir,d1318c5cf23c158e43ca2a5c71195631f74317b943887700c655ae6be4fd9813,egglog,1,ok,0,875.7691122591496,0,"[""/usr/bin/python3"", ""/home/arjaiswal/Polygeist/scripts/correctness/kernel_match_rewrite.py"", ""/home/arjaiswal/Polygeist/issues/aten_c_kernels/results/aten_conv_transpose2d/debuf.mlir"", ""--dry-run"", ""--matcher-mode"", ""egglog"", ""--telemetry-json"", ""/home/arjaiswal/Polygeist/issues/equality_saturation_eval/campaign_20260908/aten-aten_conv_transpose2d-egglog-fothrz7h.json"", ""--disable-semantic-fallback""]","== match report for /home/arjaiswal/Polygeist/issues/aten_c_kernels/results/aten_conv_transpose2d/debuf.mlir ==
  match          body#[0, 1]  cudnnConvolutionTranspose2D_f32_memref
  total: 1 matched / 1 bodies
",0,[],0,0,0,0,/home/arjaiswal/Polygeist/issues/aten_c_kernels/results/aten_conv_transpose2d/debuf.mlir,3747,8,2,2,391.802579164505,0,69660,86.18942648172379,8,8,0,8,"[{""body_indices"": [0, 1], ""symbol"": ""cudnnConvolutionTranspose2D_f32_memref""}]",1,0,0,0.0,8
aten,aten_conv_transpose2d,/home/arjaiswal/Polygeist/issues/aten_c_kernels/results/aten_conv_transpose2d/debuf.mlir,d1318c5cf23c158e43ca2a5c71195631f74317b943887700c655ae6be4fd9813,syntactic,1,ok,0,737.8962859511375,0,"[""/usr/bin/python3"", ""/home/arjaiswal/Polygeist/scripts/correctness/kernel_match_rewrite.py"", ""/home/arjaiswal/Polygeist/issues/aten_c_kernels/results/aten_conv_transpose2d/debuf.mlir"", ""--dry-run"", ""--matcher-mode"", ""syntactic"", ""--telemetry-json"", ""/home/arjaiswal/Polygeist/issues/equality_saturation_eval/campaign_20260908/aten-aten_conv_transpose2d-syntactic-2_eased2.json"", ""--disable-semantic-fallback""]","== match report for /home/arjaiswal/Polygeist/issues/aten_c_kernels/results/aten_conv_transpose2d/debuf.mlir ==
  match          body#[0, 1]  cudnnConvolutionTranspose2D_f32_memref
  total: 1 matched / 1 bodies
",0,[],0,0,0,0,/home/arjaiswal/Polygeist/issues/aten_c_kernels/results/aten_conv_transpose2d/debuf.mlir,3747,0,2,2,289.7010073065758,0,65812,0.04407018423080444,0,8,0,0,"[{""body_indices"": [0, 1], ""symbol"": ""cudnnConvolutionTranspose2D_f32_memref""}]",1,0,8,0.0,8
aten,aten_conv_transpose2d,/home/arjaiswal/Polygeist/issues/aten_c_kernels/results/aten_conv_transpose2d/debuf.mlir,d1318c5cf23c158e43ca2a5c71195631f74317b943887700c655ae6be4fd9813,syntactic,2,ok,0,779.6635814011097,0,"[""/usr/bin/python3"", ""/home/arjaiswal/Polygeist/scripts/correctness/kernel_match_rewrite.py"", ""/home/arjaiswal/Polygeist/issues/aten_c_kernels/results/aten_conv_transpose2d/debuf.mlir"", ""--dry-run"", ""--matcher-mode"", ""syntactic"", ""--telemetry-json"", ""/home/arjaiswal/Polygeist/issues/equality_saturation_eval/campaign_20260908/aten-aten_conv_transpose2d-syntactic-dcn982c9.json"", ""--disable-semantic-fallback""]","== match report for /home/arjaiswal/Polygeist/issues/aten_c_kernels/results/aten_conv_transpose2d/debuf.mlir ==
  match          body#[0, 1]  cudnnConvolutionTranspose2D_f32_memref
  total: 1 matched / 1 bodies
",0,[],0,0,0,0,/home/arjaiswal/Polygeist/issues/aten_c_kernels/results/aten_conv_transpose2d/debuf.mlir,3747,0,2,2,309.26554650068283,0,64700,0.04291906952857971,0,8,0,0,"[{""body_indices"": [0, 1], ""symbol"": ""cudnnConvolutionTranspose2D_f32_memref""}]",1,0,8,0.0,8
aten,aten_conv_transpose2d,/home/arjaiswal/Polygeist/issues/aten_c_kernels/results/aten_conv_transpose2d/debuf.mlir,d1318c5cf23c158e43ca2a5c71195631f74317b943887700c655ae6be4fd9813,egglog,2,ok,0,842.8042531013489,0,"[""/usr/bin/python3"", ""/home/arjaiswal/Polygeist/scripts/correctness/kernel_match_rewrite.py"", ""/home/arjaiswal/Polygeist/issues/aten_c_kernels/results/aten_conv_transpose2d/debuf.mlir"", ""--dry-run"", ""--matcher-mode"", ""egglog"", ""--telemetry-json"", ""/home/arjaiswal/Polygeist/issues/equality_saturation_eval/campaign_20260908/aten-aten_conv_transpose2d-egglog-wcp1usj0.json"", ""--disable-semantic-fallback""]","== match report for /home/arjaiswal/Polygeist/issues/aten_c_kernels/results/aten_conv_transpose2d/debuf.mlir ==
  match          body#[0, 1]  cudnnConvolutionTranspose2D_f32_memref
  total: 1 matched / 1 bodies
",0,[],0,0,0,0,/home/arjaiswal/Polygeist/issues/aten_c_kernels/results/aten_conv_transpose2d/debuf.mlir,3747,8,2,2,387.67184689641,0,69844,84.72329378128052,8,8,0,8,"[{""body_indices"": [0, 1], ""symbol"": ""cudnnConvolutionTranspose2D_f32_memref""}]",1,0,0,0.0,8
aten,aten_conv_transpose2d,/home/arjaiswal/Polygeist/issues/aten_c_kernels/results/aten_conv_transpose2d/debuf.mlir,d1318c5cf23c158e43ca2a5c71195631f74317b943887700c655ae6be4fd9813,egglog,3,ok,0,835.280604660511,0,"[""/usr/bin/python3"", ""/home/arjaiswal/Polygeist/scripts/correctness/kernel_match_rewrite.py"", ""/home/arjaiswal/Polygeist/issues/aten_c_kernels/results/aten_conv_transpose2d/debuf.mlir"", ""--dry-run"", ""--matcher-mode"", ""egglog"", ""--telemetry-json"", ""/home/arjaiswal/Polygeist/issues/equality_saturation_eval/campaign_20260908/aten-aten_conv_transpose2d-egglog-d_cxabyc.json"", ""--disable-semantic-fallback""]","== match report for /home/arjaiswal/Polygeist/issues/aten_c_kernels/results/aten_conv_transpose2d/debuf.mlir ==
  match          body#[0, 1]  cudnnConvolutionTranspose2D_f32_memref
  total: 1 matched / 1 bodies
",0,[],0,0,0,0,/home/arjaiswal/Polygeist/issues/aten_c_kernels/results/aten_conv_transpose2d/debuf.mlir,3747,8,2,2,393.58455315232277,0,69888,87.84272149205208,8,8,0,8,"[{""body_indices"": [0, 1], ""symbol"": ""cudnnConvolutionTranspose2D_f32_memref""}]",1,0,0,0.0,8
aten,aten_conv_transpose2d,/home/arjaiswal/Polygeist/issues/aten_c_kernels/results/aten_conv_transpose2d/debuf.mlir,d1318c5cf23c158e43ca2a5c71195631f74317b943887700c655ae6be4fd9813,syntactic,3,ok,0,743.1177459657192,0,"[""/usr/bin/python3"", ""/home/arjaiswal/Polygeist/scripts/correctness/kernel_match_rewrite.py"", ""/home/arjaiswal/Polygeist/issues/aten_c_kernels/results/aten_conv_transpose2d/debuf.mlir"", ""--dry-run"", ""--matcher-mode"", ""syntactic"", ""--telemetry-json"", ""/home/arjaiswal/Polygeist/issues/equality_saturation_eval/campaign_20260908/aten-aten_conv_transpose2d-syntactic-qa5wl78w.json"", ""--disable-semantic-fallback""]","== match report for /home/arjaiswal/Polygeist/issues/aten_c_kernels/results/aten_conv_transpose2d/debuf.mlir ==
  match          body#[0, 1]  cudnnConvolutionTranspose2D_f32_memref
  total: 1 matched / 1 bodies
",0,[],0,0,0,0,/home/arjaiswal/Polygeist/issues/aten_c_kernels/results/aten_conv_transpose2d/debuf.mlir,3747,0,2,2,303.1870238482952,0,64768,0.04306808114051819,0,8,0,0,"[{""body_indices"": [0, 1], ""symbol"": ""cudnnConvolutionTranspose2D_f32_memref""}]",1,0,8,0.0,8
aten,aten_conv_transpose2d,/home/arjaiswal/Polygeist/issues/aten_c_kernels/results/aten_conv_transpose2d/debuf.mlir,d1318c5cf23c158e43ca2a5c71195631f74317b943887700c655ae6be4fd9813,syntactic,4,ok,0,753.1865499913692,0,"[""/usr/bin/python3"", ""/home/arjaiswal/Polygeist/scripts/correctness/kernel_match_rewrite.py"", ""/home/arjaiswal/Polygeist/issues/aten_c_kernels/results/aten_conv_transpose2d/debuf.mlir"", ""--dry-run"", ""--matcher-mode"", ""syntactic"", ""--telemetry-json"", ""/home/arjaiswal/Polygeist/issues/equality_saturation_eval/campaign_20260908/aten-aten_conv_transpose2d-syntactic-4okaovqy.json"", ""--disable-semantic-fallback""]","== match report for /home/arjaiswal/Polygeist/issues/aten_c_kernels/results/aten_conv_transpose2d/debuf.mlir ==
  match          body#[0, 1]  cudnnConvolutionTranspose2D_f32_memref
  total: 1 matched / 1 bodies
",0,[],0,0,0,0,/home/arjaiswal/Polygeist/issues/aten_c_kernels/results/aten_conv_transpose2d/debuf.mlir,3747,0,2,2,304.1037507355213,0,64844,0.03886595368385315,0,8,0,0,"[{""body_indices"": [0, 1], ""symbol"": ""cudnnConvolutionTranspose2D_f32_memref""}]",1,0,8,0.0,8
aten,aten_conv_transpose2d,/home/arjaiswal/Polygeist/issues/aten_c_kernels/results/aten_conv_transpose2d/debuf.mlir,d1318c5cf23c158e43ca2a5c71195631f74317b943887700c655ae6be4fd9813,egglog,4,ok,0,858.0228053033352,0,"[""/usr/bin/python3"", ""/home/arjaiswal/Polygeist/scripts/correctness/kernel_match_rewrite.py"", ""/home/arjaiswal/Polygeist/issues/aten_c_kernels/results/aten_conv_transpose2d/debuf.mlir"", ""--dry-run"", ""--matcher-mode"", ""egglog"", ""--telemetry-json"", ""/home/arjaiswal/Polygeist/issues/equality_saturation_eval/campaign_20260908/aten-aten_conv_transpose2d-egglog-mw23873o.json"", ""--disable-semantic-fallback""]","== match report for /home/arjaiswal/Polygeist/issues/aten_c_kernels/results/aten_conv_transpose2d/debuf.mlir ==
  match          body#[0, 1]  cudnnConvolutionTranspose2D_f32_memref
  total: 1 matched / 1 bodies
",0,[],0,0,0,0,/home/arjaiswal/Polygeist/issues/aten_c_kernels/results/aten_conv_transpose2d/debuf.mlir,3747,8,2,2,400.2075456082821,0,69964,87.17886731028557,8,8,0,8,"[{""body_indices"": [0, 1], ""symbol"": ""cudnnConvolutionTranspose2D_f32_memref""}]",1,0,0,0.0,8
aten,aten_conv_transpose2d,/home/arjaiswal/Polygeist/issues/aten_c_kernels/results/aten_conv_transpose2d/debuf.mlir,d1318c5cf23c158e43ca2a5c71195631f74317b943887700c655ae6be4fd9813,egglog,5,ok,0,845.9571748971939,0,"[""/usr/bin/python3"", ""/home/arjaiswal/Polygeist/scripts/correctness/kernel_match_rewrite.py"", ""/home/arjaiswal/Polygeist/issues/aten_c_kernels/results/aten_conv_transpose2d/debuf.mlir"", ""--dry-run"", ""--matcher-mode"", ""egglog"", ""--telemetry-json"", ""/home/arjaiswal/Polygeist/issues/equality_saturation_eval/campaign_20260908/aten-aten_conv_transpose2d-egglog-y7i3rv8p.json"", ""--disable-semantic-fallback""]","== match report for /home/arjaiswal/Polygeist/issues/aten_c_kernels/results/aten_conv_transpose2d/debuf.mlir ==
  match          body#[0, 1]  cudnnConvolutionTranspose2D_f32_memref
  total: 1 matched / 1 bodies
",0,[],0,0,0,0,/home/arjaiswal/Polygeist/issues/aten_c_kernels/results/aten_conv_transpose2d/debuf.mlir,3747,8,2,2,407.86826238036156,0,69952,91.7062945663929,8,8,0,8,"[{""body_indices"": [0, 1], ""symbol"": ""cudnnConvolutionTranspose2D_f32_memref""}]",1,0,0,0.0,8
aten,aten_conv_transpose2d,/home/arjaiswal/Polygeist/issues/aten_c_kernels/results/aten_conv_transpose2d/debuf.mlir,d1318c5cf23c158e43ca2a5c71195631f74317b943887700c655ae6be4fd9813,syntactic,5,ok,0,732.5709760189056,0,"[""/usr/bin/python3"", ""/home/arjaiswal/Polygeist/scripts/correctness/kernel_match_rewrite.py"", ""/home/arjaiswal/Polygeist/issues/aten_c_kernels/results/aten_conv_transpose2d/debuf.mlir"", ""--dry-run"", ""--matcher-mode"", ""syntactic"", ""--telemetry-json"", ""/home/arjaiswal/Polygeist/issues/equality_saturation_eval/campaign_20260908/aten-aten_conv_transpose2d-syntactic-4s4_7idv.json"", ""--disable-semantic-fallback""]","== match report for /home/arjaiswal/Polygeist/issues/aten_c_kernels/results/aten_conv_transpose2d/debuf.mlir ==
  match          body#[0, 1]  cudnnConvolutionTranspose2D_f32_memref
  total: 1 matched / 1 bodies
",0,[],0,0,0,0,/home/arjaiswal/Polygeist/issues/aten_c_kernels/results/aten_conv_transpose2d/debuf.mlir,3747,0,2,2,304.9571104347706,0,64984,0.03882497549057007,0,8,0,0,"[{""body_indices"": [0, 1], ""symbol"": ""cudnnConvolutionTranspose2D_f32_memref""}]",1,0,8,0.0,8
aten,aten_conv_transpose3d_backward_cpu,/home/arjaiswal/Polygeist/issues/aten_c_kernels/results/aten_conv_transpose3d_backward_cpu/debuf.mlir,35acee9a86bd3b519c68b1442a36eb84cb918aaa0df990fc810f2f9d7377dfe6,syntactic,1,ok,0,746.0397444665432,0,"[""/usr/bin/python3"", ""/home/arjaiswal/Polygeist/scripts/correctness/kernel_match_rewrite.py"", ""/home/arjaiswal/Polygeist/issues/aten_c_kernels/results/aten_conv_transpose3d_backward_cpu/debuf.mlir"", ""--dry-run"", ""--matcher-mode"", ""syntactic"", ""--telemetry-json"", ""/home/arjaiswal/Polygeist/issues/equality_saturation_eval/campaign_20260908/aten-aten_conv_transpose3d_backward_cpu-syntactic-w_yihtep.json"", ""--disable-semantic-fallback""]","== match report for /home/arjaiswal/Polygeist/issues/aten_c_kernels/results/aten_conv_transpose3d_backward_cpu/debuf.mlir ==
  match          body#[0, 1]  cudnnConvolution3D_f32
  total: 1 matched / 1 bodies
",0,[],0,0,0,0,/home/arjaiswal/Polygeist/issues/aten_c_kernels/results/aten_conv_transpose3d_backward_cpu/debuf.mlir,3638,0,2,2,309.17802825570107,0,65812,0.06848946213722229,0,16,0,0,"[{""body_indices"": [0, 1], ""symbol"": ""cudnnConvolution3D_f32""}]",1,0,18,0.0,18
aten,aten_conv_transpose3d_backward_cpu,/home/arjaiswal/Polygeist/issues/aten_c_kernels/results/aten_conv_transpose3d_backward_cpu/debuf.mlir,35acee9a86bd3b519c68b1442a36eb84cb918aaa0df990fc810f2f9d7377dfe6,egglog,1,ok,0,909.5656722784042,0,"[""/usr/bin/python3"", ""/home/arjaiswal/Polygeist/scripts/correctness/kernel_match_rewrite.py"", ""/home/arjaiswal/Polygeist/issues/aten_c_kernels/results/aten_conv_transpose3d_backward_cpu/debuf.mlir"", ""--dry-run"", ""--matcher-mode"", ""egglog"", ""--telemetry-json"", ""/home/arjaiswal/Polygeist/issues/equality_saturation_eval/campaign_20260908/aten-aten_conv_transpose3d_backward_cpu-egglog-okg828b8.json"", ""--disable-semantic-fallback""]","== match report for /home/arjaiswal/Polygeist/issues/aten_c_kernels/results/aten_conv_transpose3d_backward_cpu/debuf.mlir ==
  match          body#[0, 1]  cudnnConvolution3D_f32
  total: 1 matched / 1 bodies
",0,[],0,0,0,0,/home/arjaiswal/Polygeist/issues/aten_c_kernels/results/aten_conv_transpose3d_backward_cpu/debuf.mlir,3638,8,2,2,495.5442100763321,0,69860,177.4674467742443,16,16,0,8,"[{""body_indices"": [0, 1], ""symbol"": ""cudnnConvolution3D_f32""}]",1,0,0,0.0,18
aten,aten_conv_transpose3d_backward_cpu,/home/arjaiswal/Polygeist/issues/aten_c_kernels/results/aten_conv_transpose3d_backward_cpu/debuf.mlir,35acee9a86bd3b519c68b1442a36eb84cb918aaa0df990fc810f2f9d7377dfe6,egglog,2,ok,0,923.1092557311058,0,"[""/usr/bin/python3"", ""/home/arjaiswal/Polygeist/scripts/correctness/kernel_match_rewrite.py"", ""/home/arjaiswal/Polygeist/issues/aten_c_kernels/results/aten_conv_transpose3d_backward_cpu/debuf.mlir"", ""--dry-run"", ""--matcher-mode"", ""egglog"", ""--telemetry-json"", ""/home/arjaiswal/Polygeist/issues/equality_saturation_eval/campaign_20260908/aten-aten_conv_transpose3d_backward_cpu-egglog-istku5q_.json"", ""--disable-semantic-fallback""]","== match report for /home/arjaiswal/Polygeist/issues/aten_c_kernels/results/aten_conv_transpose3d_backward_cpu/debuf.mlir ==
  match          body#[0, 1]  cudnnConvolution3D_f32
  total: 1 matched / 1 bodies
",0,[],0,0,0,0,/home/arjaiswal/Polygeist/issues/aten_c_kernels/results/aten_conv_transpose3d_backward_cpu/debuf.mlir,3638,8,2,2,507.3690712451935,0,69904,185.2904073894024,16,16,0,8,"[{""body_indices"": [0, 1], ""symbol"": ""cudnnConvolution3D_f32""}]",1,0,0,0.0,18
aten,aten_conv_transpose3d_backward_cpu,/home/arjaiswal/Polygeist/issues/aten_c_kernels/results/aten_conv_transpose3d_backward_cpu/debuf.mlir,35acee9a86bd3b519c68b1442a36eb84cb918aaa0df990fc810f2f9d7377dfe6,syntactic,2,ok,0,733.9826449751854,0,"[""/usr/bin/python3"", ""/home/arjaiswal/Polygeist/scripts/correctness/kernel_match_rewrite.py"", ""/home/arjaiswal/Polygeist/issues/aten_c_kernels/results/aten_conv_transpose3d_backward_cpu/debuf.mlir"", ""--dry-run"", ""--matcher-mode"", ""syntactic"", ""--telemetry-json"", ""/home/arjaiswal/Polygeist/issues/equality_saturation_eval/campaign_20260908/aten-aten_conv_transpose3d_backward_cpu-syntactic-90nadu1w.json"", ""--disable-semantic-fallback""]","== match report for /home/arjaiswal/Polygeist/issues/aten_c_kernels/results/aten_conv_transpose3d_backward_cpu/debuf.mlir ==
  match          body#[0, 1]  cudnnConvolution3D_f32
  total: 1 matched / 1 bodies
",0,[],0,0,0,0,/home/arjaiswal/Polygeist/issues/aten_c_kernels/results/aten_conv_transpose3d_backward_cpu/debuf.mlir,3638,0,2,2,306.84125050902367,0,65668,0.06975606083869934,0,16,0,0,"[{""body_indices"": [0, 1], ""symbol"": ""cudnnConvolution3D_f32""}]",1,0,18,0.0,18
aten,aten_conv_transpose3d_backward_cpu,/home/arjaiswal/Polygeist/issues/aten_c_kernels/results/aten_conv_transpose3d_backward_cpu/debuf.mlir,35acee9a86bd3b519c68b1442a36eb84cb918aaa0df990fc810f2f9d7377dfe6,syntactic,3,ok,0,720.032624900341,0,"[""/usr/bin/python3"", ""/home/arjaiswal/Polygeist/scripts/correctness/kernel_match_rewrite.py"", ""/home/arjaiswal/Polygeist/issues/aten_c_kernels/results/aten_conv_transpose3d_backward_cpu/debuf.mlir"", ""--dry-run"", ""--matcher-mode"", ""syntactic"", ""--telemetry-json"", ""/home/arjaiswal/Polygeist/issues/equality_saturation_eval/campaign_20260908/aten-aten_conv_transpose3d_backward_cpu-syntactic-x7srcilt.json"", ""--disable-semantic-fallback""]","== match report for /home/arjaiswal/Polygeist/issues/aten_c_kernels/results/aten_conv_transpose3d_backward_cpu/debuf.mlir ==
  match          body#[0, 1]  cudnnConvolution3D_f32
  total: 1 matched / 1 bodies
",0,[],0,0,0,0,/home/arjaiswal/Polygeist/issues/aten_c_kernels/results/aten_conv_transpose3d_backward_cpu/debuf.mlir,3638,0,2,2,287.9311218857765,0,65452,0.06570667028427124,0,16,0,0,"[{""body_indices"": [0, 1], ""symbol"": ""cudnnConvolution3D_f32""}]",1,0,18,0.0,18
aten,aten_conv_transpose3d_backward_cpu,/home/arjaiswal/Polygeist/issues/aten_c_kernels/results/aten_conv_transpose3d_backward_cpu/debuf.mlir,35acee9a86bd3b519c68b1442a36eb84cb918aaa0df990fc810f2f9d7377dfe6,egglog,3,ok,0,906.7392572760582,0,"[""/usr/bin/python3"", ""/home/arjaiswal/Polygeist/scripts/correctness/kernel_match_rewrite.py"", ""/home/arjaiswal/Polygeist/issues/aten_c_kernels/results/aten_conv_transpose3d_backward_cpu/debuf.mlir"", ""--dry-run"", ""--matcher-mode"", ""egglog"", ""--telemetry-json"", ""/home/arjaiswal/Polygeist/issues/equality_saturation_eval/campaign_20260908/aten-aten_conv_transpose3d_backward_cpu-egglog-xxwenut2.json"", ""--disable-semantic-fallback""]","== match report for /home/arjaiswal/Polygeist/issues/aten_c_kernels/results/aten_conv_transpose3d_backward_cpu/debuf.mlir ==
  match          body#[0, 1]  cudnnConvolution3D_f32
  total: 1 matched / 1 bodies
",0,[],0,0,0,0,/home/arjaiswal/Polygeist/issues/aten_c_kernels/results/aten_conv_transpose3d_backward_cpu/debuf.mlir,3638,8,2,2,472.8977829217911,0,69776,166.00080206990242,16,16,0,8,"[{""body_indices"": [0, 1], ""symbol"": ""cudnnConvolution3D_f32""}]",1,0,0,0.0,18
aten,aten_conv_transpose3d_backward_cpu,/home/arjaiswal/Polygeist/issues/aten_c_kernels/results/aten_conv_transpose3d_backward_cpu/debuf.mlir,35acee9a86bd3b519c68b1442a36eb84cb918aaa0df990fc810f2f9d7377dfe6,egglog,4,ok,0,872.4701926112175,0,"[""/usr/bin/python3"", ""/home/arjaiswal/Polygeist/scripts/correctness/kernel_match_rewrite.py"", ""/home/arjaiswal/Polygeist/issues/aten_c_kernels/results/aten_conv_transpose3d_backward_cpu/debuf.mlir"", ""--dry-run"", ""--matcher-mode"", ""egglog"", ""--telemetry-json"", ""/home/arjaiswal/Polygeist/issues/equality_saturation_eval/campaign_20260908/aten-aten_conv_transpose3d_backward_cpu-egglog-4eu130xb.json"", ""--disable-semantic-fallback""]","== match report for /home/arjaiswal/Polygeist/issues/aten_c_kernels/results/aten_conv_transpose3d_backward_cpu/debuf.mlir ==
  match          body#[0, 1]  cudnnConvolution3D_f32
  total: 1 matched / 1 bodies
",0,[],0,0,0,0,/home/arjaiswal/Polygeist/issues/aten_c_kernels/results/aten_conv_transpose3d_backward_cpu/debuf.mlir,3638,8,2,2,457.2887420654297,0,69876,156.46792203187943,16,16,0,8,"[{""body_indices"": [0, 1], ""symbol"": ""cudnnConvolution3D_f32""}]",1,0,0,0.0,18
aten,aten_conv_transpose3d_backward_cpu,/home/arjaiswal/Polygeist/issues/aten_c_kernels/results/aten_conv_transpose3d_backward_cpu/debuf.mlir,35acee9a86bd3b519c68b1442a36eb84cb918aaa0df990fc810f2f9d7377dfe6,syntactic,4,ok,0,740.6090907752514,0,"[""/usr/bin/python3"", ""/home/arjaiswal/Polygeist/scripts/correctness/kernel_match_rewrite.py"", ""/home/arjaiswal/Polygeist/issues/aten_c_kernels/results/aten_conv_transpose3d_backward_cpu/debuf.mlir"", ""--dry-run"", ""--matcher-mode"", ""syntactic"", ""--telemetry-json"", ""/home/arjaiswal/Polygeist/issues/equality_saturation_eval/campaign_20260908/aten-aten_conv_transpose3d_backward_cpu-syntactic-wwu7eesb.json"", ""--disable-semantic-fallback""]","== match report for /home/arjaiswal/Polygeist/issues/aten_c_kernels/results/aten_conv_transpose3d_backward_cpu/debuf.mlir ==
  match          body#[0, 1]  cudnnConvolution3D_f32
  total: 1 matched / 1 bodies
",0,[],0,0,0,0,/home/arjaiswal/Polygeist/issues/aten_c_kernels/results/aten_conv_transpose3d_backward_cpu/debuf.mlir,3638,0,2,2,309.0972639620304,0,65644,0.06733089685440063,0,16,0,0,"[{""body_indices"": [0, 1], ""symbol"": ""cudnnConvolution3D_f32""}]",1,0,18,0.0,18
aten,aten_conv_transpose3d_backward_cpu,/home/arjaiswal/Polygeist/issues/aten_c_kernels/results/aten_conv_transpose3d_backward_cpu/debuf.mlir,35acee9a86bd3b519c68b1442a36eb84cb918aaa0df990fc810f2f9d7377dfe6,syntactic,5,ok,0,749.6038265526295,0,"[""/usr/bin/python3"", ""/home/arjaiswal/Polygeist/scripts/correctness/kernel_match_rewrite.py"", ""/home/arjaiswal/Polygeist/issues/aten_c_kernels/results/aten_conv_transpose3d_backward_cpu/debuf.mlir"", ""--dry-run"", ""--matcher-mode"", ""syntactic"", ""--telemetry-json"", ""/home/arjaiswal/Polygeist/issues/equality_saturation_eval/campaign_20260908/aten-aten_conv_transpose3d_backward_cpu-syntactic-hln7jq8e.json"", ""--disable-semantic-fallback""]","== match report for /home/arjaiswal/Polygeist/issues/aten_c_kernels/results/aten_conv_transpose3d_backward_cpu/debuf.mlir ==
  match          body#[0, 1]  cudnnConvolution3D_f32
  total: 1 matched / 1 bodies
",0,[],0,0,0,0,/home/arjaiswal/Polygeist/issues/aten_c_kernels/results/aten_conv_transpose3d_backward_cpu/debuf.mlir,3638,0,2,2,306.0566484928131,0,65564,0.06705150008201599,0,16,0,0,"[{""body_indices"": [0, 1], ""symbol"": ""cudnnConvolution3D_f32""}]",1,0,18,0.0,18
aten,aten_conv_transpose3d_backward_cpu,/home/arjaiswal/Polygeist/issues/aten_c_kernels/results/aten_conv_transpose3d_backward_cpu/debuf.mlir,35acee9a86bd3b519c68b1442a36eb84cb918aaa0df990fc810f2f9d7377dfe6,egglog,5,ok,0,951.7945721745491,0,"[""/usr/bin/python3"", ""/home/arjaiswal/Polygeist/scripts/correctness/kernel_match_rewrite.py"", ""/home/arjaiswal/Polygeist/issues/aten_c_kernels/results/aten_conv_transpose3d_backward_cpu/debuf.mlir"", ""--dry-run"", ""--matcher-mode"", ""egglog"", ""--telemetry-json"", ""/home/arjaiswal/Polygeist/issues/equality_saturation_eval/campaign_20260908/aten-aten_conv_transpose3d_backward_cpu-egglog-mew8big6.json"", ""--disable-semantic-fallback""]","== match report for /home/arjaiswal/Polygeist/issues/aten_c_kernels/results/aten_conv_transpose3d_backward_cpu/debuf.mlir ==
  match          body#[0, 1]  cudnnConvolution3D_f32
  total: 1 matched / 1 bodies
",0,[],0,0,0,0,/home/arjaiswal/Polygeist/issues/aten_c_kernels/results/aten_conv_transpose3d_backward_cpu/debuf.mlir,3638,8,2,2,506.9790929555893,0,69636,171.85213044285774,16,16,0,8,"[{""body_indices"": [0, 1], ""symbol"": ""cudnnConvolution3D_f32""}]",1,0,0,0.0,18
aten,aten_conv_transpose3d_cpu,/home/arjaiswal/Polygeist/issues/aten_c_kernels/results/aten_conv_transpose3d_cpu/debuf.mlir,f3351152464d5d7d4ab0e7cee954c6d870974997386032687b4ec55ebbc1a759,egglog,1,ok,0,715.8505581319332,0,"[""/usr/bin/python3"", ""/home/arjaiswal/Polygeist/scripts/correctness/kernel_match_rewrite.py"", ""/home/arjaiswal/Polygeist/issues/aten_c_kernels/results/aten_conv_transpose3d_cpu/debuf.mlir"", ""--dry-run"", ""--matcher-mode"", ""egglog"", ""--telemetry-json"", ""/home/arjaiswal/Polygeist/issues/equality_saturation_eval/campaign_20260908/aten-aten_conv_transpose3d_cpu-egglog-acs6w4g2.json"", ""--disable-semantic-fallback""]","== match report for /home/arjaiswal/Polygeist/issues/aten_c_kernels/results/aten_conv_transpose3d_cpu/debuf.mlir ==
  match          body#[0]  cudnnConvolutionTranspose3D_f32_memref
  total: 1 matched / 1 bodies
",0,[],0,0,0,0,/home/arjaiswal/Polygeist/issues/aten_c_kernels/results/aten_conv_transpose3d_cpu/debuf.mlir,3044,8,1,1,301.07155814766884,0,69560,22.505424916744232,2,2,0,8,"[{""body_indices"": [0], ""symbol"": ""cudnnConvolutionTranspose3D_f32_memref""}]",1,0,0,0.0,2
aten,aten_conv_transpose3d_cpu,/home/arjaiswal/Polygeist/issues/aten_c_kernels/results/aten_conv_transpose3d_cpu/debuf.mlir,f3351152464d5d7d4ab0e7cee954c6d870974997386032687b4ec55ebbc1a759,syntactic,1,ok,0,683.855552226305,0,"[""/usr/bin/python3"", ""/home/arjaiswal/Polygeist/scripts/correctness/kernel_match_rewrite.py"", ""/home/arjaiswal/Polygeist/issues/aten_c_kernels/results/aten_conv_transpose3d_cpu/debuf.mlir"", ""--dry-run"", ""--matcher-mode"", ""syntactic"", ""--telemetry-json"", ""/home/arjaiswal/Polygeist/issues/equality_saturation_eval/campaign_20260908/aten-aten_conv_transpose3d_cpu-syntactic-v8s0kh27.json"", ""--disable-semantic-fallback""]","== match report for /home/arjaiswal/Polygeist/issues/aten_c_kernels/results/aten_conv_transpose3d_cpu/debuf.mlir ==
  match          body#[0]  cudnnConvolutionTranspose3D_f32_memref
  total: 1 matched / 1 bodies
",0,[],0,0,0,0,/home/arjaiswal/Polygeist/issues/aten_c_kernels/results/aten_conv_transpose3d_cpu/debuf.mlir,3044,0,1,1,264.7317722439766,0,64688,0.021129846572875977,0,2,0,0,"[{""body_indices"": [0], ""symbol"": ""cudnnConvolutionTranspose3D_f32_memref""}]",1,0,2,0.0,2
aten,aten_conv_transpose3d_cpu,/home/arjaiswal/Polygeist/issues/aten_c_kernels/results/aten_conv_transpose3d_cpu/debuf.mlir,f3351152464d5d7d4ab0e7cee954c6d870974997386032687b4ec55ebbc1a759,syntactic,2,ok,0,679.5329600572586,0,"[""/usr/bin/python3"", ""/home/arjaiswal/Polygeist/scripts/correctness/kernel_match_rewrite.py"", ""/home/arjaiswal/Polygeist/issues/aten_c_kernels/results/aten_conv_transpose3d_cpu/debuf.mlir"", ""--dry-run"", ""--matcher-mode"", ""syntactic"", ""--telemetry-json"", ""/home/arjaiswal/Polygeist/issues/equality_saturation_eval/campaign_20260908/aten-aten_conv_transpose3d_cpu-syntactic-f42u38qh.json"", ""--disable-semantic-fallback""]","== match report for /home/arjaiswal/Polygeist/issues/aten_c_kernels/results/aten_conv_transpose3d_cpu/debuf.mlir ==
  match          body#[0]  cudnnConvolutionTranspose3D_f32_memref
  total: 1 matched / 1 bodies
",0,[],0,0,0,0,/home/arjaiswal/Polygeist/issues/aten_c_kernels/results/aten_conv_transpose3d_cpu/debuf.mlir,3044,0,1,1,266.9335715472698,0,64456,0.020232051610946655,0,2,0,0,"[{""body_indices"": [0], ""symbol"": ""cudnnConvolutionTranspose3D_f32_memref""}]",1,0,2,0.0,2
aten,aten_conv_transpose3d_cpu,/home/arjaiswal/Polygeist/issues/aten_c_kernels/results/aten_conv_transpose3d_cpu/debuf.mlir,f3351152464d5d7d4ab0e7cee954c6d870974997386032687b4ec55ebbc1a759,egglog,2,ok,0,700.8193507790565,0,"[""/usr/bin/python3"", ""/home/arjaiswal/Polygeist/scripts/correctness/kernel_match_rewrite.py"", ""/home/arjaiswal/Polygeist/issues/aten_c_kernels/results/aten_conv_transpose3d_cpu/debuf.mlir"", ""--dry-run"", ""--matcher-mode"", ""egglog"", ""--telemetry-json"", ""/home/arjaiswal/Polygeist/issues/equality_saturation_eval/campaign_20260908/aten-aten_conv_transpose3d_cpu-egglog-do5thgib.json"", ""--disable-semantic-fallback""]","== match report for /home/arjaiswal/Polygeist/issues/aten_c_kernels/results/aten_conv_transpose3d_cpu/debuf.mlir ==
  match          body#[0]  cudnnConvolutionTranspose3D_f32_memref
  total: 1 matched / 1 bodies
",0,[],0,0,0,0,/home/arjaiswal/Polygeist/issues/aten_c_kernels/results/aten_conv_transpose3d_cpu/debuf.mlir,3044,8,1,1,298.0772405862808,0,69592,24.531200528144836,2,2,0,8,"[{""body_indices"": [0], ""symbol"": ""cudnnConvolutionTranspose3D_f32_memref""}]",1,0,0,0.0,2
aten,aten_conv_transpose3d_cpu,/home/arjaiswal/Polygeist/issues/aten_c_kernels/results/aten_conv_transpose3d_cpu/debuf.mlir,f3351152464d5d7d4ab0e7cee954c6d870974997386032687b4ec55ebbc1a759,egglog,3,ok,0,707.5623273849487,0,"[""/usr/bin/python3"", ""/home/arjaiswal/Polygeist/scripts/correctness/kernel_match_rewrite.py"", ""/home/arjaiswal/Polygeist/issues/aten_c_kernels/results/aten_conv_transpose3d_cpu/debuf.mlir"", ""--dry-run"", ""--matcher-mode"", ""egglog"", ""--telemetry-json"", ""/home/arjaiswal/Polygeist/issues/equality_saturation_eval/campaign_20260908/aten-aten_conv_transpose3d_cpu-egglog-ms90m3s4.json"", ""--disable-semantic-fallback""]","== match report for /home/arjaiswal/Polygeist/issues/aten_c_kernels/results/aten_conv_transpose3d_cpu/debuf.mlir ==
  match          body#[0]  cudnnConvolutionTranspose3D_f32_memref
  total: 1 matched / 1 bodies
",0,[],0,0,0,0,/home/arjaiswal/Polygeist/issues/aten_c_kernels/results/aten_conv_transpose3d_cpu/debuf.mlir,3044,8,1,1,285.6912985444069,0,69596,22.22646400332451,2,2,0,8,"[{""body_indices"": [0], ""symbol"": ""cudnnConvolutionTranspose3D_f32_memref""}]",1,0,0,0.0,2
aten,aten_conv_transpose3d_cpu,/home/arjaiswal/Polygeist/issues/aten_c_kernels/results/aten_conv_transpose3d_cpu/debuf.mlir,f3351152464d5d7d4ab0e7cee954c6d870974997386032687b4ec55ebbc1a759,syntactic,3,ok,0,727.666974067688,0,"[""/usr/bin/python3"", ""/home/arjaiswal/Polygeist/scripts/correctness/kernel_match_rewrite.py"", ""/home/arjaiswal/Polygeist/issues/aten_c_kernels/results/aten_conv_transpose3d_cpu/debuf.mlir"", ""--dry-run"", ""--matcher-mode"", ""syntactic"", ""--telemetry-json"", ""/home/arjaiswal/Polygeist/issues/equality_saturation_eval/campaign_20260908/aten-aten_conv_transpose3d_cpu-syntactic-26_9l7jt.json"", ""--disable-semantic-fallback""]","== match report for /home/arjaiswal/Polygeist/issues/aten_c_kernels/results/aten_conv_transpose3d_cpu/debuf.mlir ==
  match          body#[0]  cudnnConvolutionTranspose3D_f32_memref
  total: 1 matched / 1 bodies
",0,[],0,0,0,0,/home/arjaiswal/Polygeist/issues/aten_c_kernels/results/aten_conv_transpose3d_cpu/debuf.mlir,3044,0,1,1,288.6952646076679,0,64688,0.029731541872024536,0,2,0,0,"[{""body_indices"": [0], ""symbol"": ""cudnnConvolutionTranspose3D_f32_memref""}]",1,0,2,0.0,2
aten,aten_conv_transpose3d_cpu,/home/arjaiswal/Polygeist/issues/aten_c_kernels/results/aten_conv_transpose3d_cpu/debuf.mlir,f3351152464d5d7d4ab0e7cee954c6d870974997386032687b4ec55ebbc1a759,syntactic,4,ok,0,700.4071101546288,0,"[""/usr/bin/python3"", ""/home/arjaiswal/Polygeist/scripts/correctness/kernel_match_rewrite.py"", ""/home/arjaiswal/Polygeist/issues/aten_c_kernels/results/aten_conv_transpose3d_cpu/debuf.mlir"", ""--dry-run"", ""--matcher-mode"", ""syntactic"", ""--telemetry-json"", ""/home/arjaiswal/Polygeist/issues/equality_saturation_eval/campaign_20260908/aten-aten_conv_transpose3d_cpu-syntactic-yzn_6_p_.json"", ""--disable-semantic-fallback""]","== match report for /home/arjaiswal/Polygeist/issues/aten_c_kernels/results/aten_conv_transpose3d_cpu/debuf.mlir ==
  match          body#[0]  cudnnConvolutionTranspose3D_f32_memref
  total: 1 matched / 1 bodies
",0,[],0,0,0,0,/home/arjaiswal/Polygeist/issues/aten_c_kernels/results/aten_conv_transpose3d_cpu/debuf.mlir,3044,0,1,1,282.71160647273064,0,64764,0.020675361156463623,0,2,0,0,"[{""body_indices"": [0], ""symbol"": ""cudnnConvolutionTranspose3D_f32_memref""}]",1,0,2,0.0,2
aten,aten_conv_transpose3d_cpu,/home/arjaiswal/Polygeist/issues/aten_c_kernels/results/aten_conv_transpose3d_cpu/debuf.mlir,f3351152464d5d7d4ab0e7cee954c6d870974997386032687b4ec55ebbc1a759,egglog,4,ok,0,732.4776574969292,0,"[""/usr/bin/python3"", ""/home/arjaiswal/Polygeist/scripts/correctness/kernel_match_rewrite.py"", ""/home/arjaiswal/Polygeist/issues/aten_c_kernels/results/aten_conv_transpose3d_cpu/debuf.mlir"", ""--dry-run"", ""--matcher-mode"", ""egglog"", ""--telemetry-json"", ""/home/arjaiswal/Polygeist/issues/equality_saturation_eval/campaign_20260908/aten-aten_conv_transpose3d_cpu-egglog-l7z370nb.json"", ""--disable-semantic-fallback""]","== match report for /home/arjaiswal/Polygeist/issues/aten_c_kernels/results/aten_conv_transpose3d_cpu/debuf.mlir ==
  match          body#[0]  cudnnConvolutionTranspose3D_f32_memref
  total: 1 matched / 1 bodies
",0,[],0,0,0,0,/home/arjaiswal/Polygeist/issues/aten_c_kernels/results/aten_conv_transpose3d_cpu/debuf.mlir,3044,8,1,1,295.1280400156975,0,69200,22.742025554180145,2,2,0,8,"[{""body_indices"": [0], ""symbol"": ""cudnnConvolutionTranspose3D_f32_memref""}]",1,0,0,0.0,2
aten,aten_conv_transpose3d_cpu,/home/arjaiswal/Polygeist/issues/aten_c_kernels/results/aten_conv_transpose3d_cpu/debuf.mlir,f3351152464d5d7d4ab0e7cee954c6d870974997386032687b4ec55ebbc1a759,egglog,5,ok,0,748.3802996575832,0,"[""/usr/bin/python3"", ""/home/arjaiswal/Polygeist/scripts/correctness/kernel_match_rewrite.py"", ""/home/arjaiswal/Polygeist/issues/aten_c_kernels/results/aten_conv_transpose3d_cpu/debuf.mlir"", ""--dry-run"", ""--matcher-mode"", ""egglog"", ""--telemetry-json"", ""/home/arjaiswal/Polygeist/issues/equality_saturation_eval/campaign_20260908/aten-aten_conv_transpose3d_cpu-egglog-iump5xxg.json"", ""--disable-semantic-fallback""]","== match report for /home/arjaiswal/Polygeist/issues/aten_c_kernels/results/aten_conv_transpose3d_cpu/debuf.mlir ==
  match          body#[0]  cudnnConvolutionTranspose3D_f32_memref
  total: 1 matched / 1 bodies
",0,[],0,0,0,0,/home/arjaiswal/Polygeist/issues/aten_c_kernels/results/aten_conv_transpose3d_cpu/debuf.mlir,3044,8,1,1,309.82354283332825,0,69540,28.88685092329979,2,2,0,8,"[{""body_indices"": [0], ""symbol"": ""cudnnConvolutionTranspose3D_f32_memref""}]",1,0,0,0.0,2
aten,aten_conv_transpose3d_cpu,/home/arjaiswal/Polygeist/issues/aten_c_kernels/results/aten_conv_transpose3d_cpu/debuf.mlir,f3351152464d5d7d4ab0e7cee954c6d870974997386032687b4ec55ebbc1a759,syntactic,5,ok,0,704.8064358532429,0,"[""/usr/bin/python3"", ""/home/arjaiswal/Polygeist/scripts/correctness/kernel_match_rewrite.py"", ""/home/arjaiswal/Polygeist/issues/aten_c_kernels/results/aten_conv_transpose3d_cpu/debuf.mlir"", ""--dry-run"", ""--matcher-mode"", ""syntactic"", ""--telemetry-json"", ""/home/arjaiswal/Polygeist/issues/equality_saturation_eval/campaign_20260908/aten-aten_conv_transpose3d_cpu-syntactic-up_pgwi1.json"", ""--disable-semantic-fallback""]","== match report for /home/arjaiswal/Polygeist/issues/aten_c_kernels/results/aten_conv_transpose3d_cpu/debuf.mlir ==
  match          body#[0]  cudnnConvolutionTranspose3D_f32_memref
  total: 1 matched / 1 bodies
",0,[],0,0,0,0,/home/arjaiswal/Polygeist/issues/aten_c_kernels/results/aten_conv_transpose3d_cpu/debuf.mlir,3044,0,1,1,287.1425449848175,0,64476,0.020526349544525146,0,2,0,0,"[{""body_indices"": [0], ""symbol"": ""cudnnConvolutionTranspose3D_f32_memref""}]",1,0,2,0.0,2
aten,aten_conv_transpose3d_grad_weight_cpu,/home/arjaiswal/Polygeist/issues/aten_c_kernels/results/aten_conv_transpose3d_grad_weight_cpu/debuf.mlir,cc9503494ed303af3f4a8e3b17bee56c5c38649ea2b38b79c9dc1876acfb9cca,syntactic,1,ok,0,713.106743991375,0,"[""/usr/bin/python3"", ""/home/arjaiswal/Polygeist/scripts/correctness/kernel_match_rewrite.py"", ""/home/arjaiswal/Polygeist/issues/aten_c_kernels/results/aten_conv_transpose3d_grad_weight_cpu/debuf.mlir"", ""--dry-run"", ""--matcher-mode"", ""syntactic"", ""--telemetry-json"", ""/home/arjaiswal/Polygeist/issues/equality_saturation_eval/campaign_20260908/aten-aten_conv_transpose3d_grad_weight_cpu-syntactic-_d82olyw.json"", ""--disable-semantic-fallback""]","== match report for /home/arjaiswal/Polygeist/issues/aten_c_kernels/results/aten_conv_transpose3d_grad_weight_cpu/debuf.mlir ==
  match          body#[0]  cudnnConvolutionBackwardFilter3D_f32_memref
  total: 1 matched / 1 bodies
",0,[],0,0,0,0,/home/arjaiswal/Polygeist/issues/aten_c_kernels/results/aten_conv_transpose3d_grad_weight_cpu/debuf.mlir,3080,0,1,1,271.20089903473854,0,64668,0.021371990442276,0,2,0,0,"[{""body_indices"": [0], ""symbol"": ""cudnnConvolutionBackwardFilter3D_f32_memref""}]",1,0,2,0.0,2
aten,aten_conv_transpose3d_grad_weight_cpu,/home/arjaiswal/Polygeist/issues/aten_c_kernels/results/aten_conv_transpose3d_grad_weight_cpu/debuf.mlir,cc9503494ed303af3f4a8e3b17bee56c5c38649ea2b38b79c9dc1876acfb9cca,egglog,1,ok,0,781.0818254947662,0,"[""/usr/bin/python3"", ""/home/arjaiswal/Polygeist/scripts/correctness/kernel_match_rewrite.py"", ""/home/arjaiswal/Polygeist/issues/aten_c_kernels/results/aten_conv_transpose3d_grad_weight_cpu/debuf.mlir"", ""--dry-run"", ""--matcher-mode"", ""egglog"", ""--telemetry-json"", ""/home/arjaiswal/Polygeist/issues/equality_saturation_eval/campaign_20260908/aten-aten_conv_transpose3d_grad_weight_cpu-egglog-8gwvxfqx.json"", ""--disable-semantic-fallback""]","== match report for /home/arjaiswal/Polygeist/issues/aten_c_kernels/results/aten_conv_transpose3d_grad_weight_cpu/debuf.mlir ==
  match          body#[0]  cudnnConvolutionBackwardFilter3D_f32_memref
  total: 1 matched / 1 bodies
",0,[],0,0,0,0,/home/arjaiswal/Polygeist/issues/aten_c_kernels/results/aten_conv_transpose3d_grad_weight_cpu/debuf.mlir,3080,8,1,1,324.6254585683346,0,69328,24.051029235124588,2,2,0,8,"[{""body_indices"": [0], ""symbol"": ""cudnnConvolutionBackwardFilter3D_f32_memref""}]",1,0,0,0.0,2
aten,aten_conv_transpose3d_grad_weight_cpu,/home/arjaiswal/Polygeist/issues/aten_c_kernels/results/aten_conv_transpose3d_grad_weight_cpu/debuf.mlir,cc9503494ed303af3f4a8e3b17bee56c5c38649ea2b38b79c9dc1876acfb9cca,egglog,2,ok,0,844.371996819973,0,"[""/usr/bin/python3"", ""/home/arjaiswal/Polygeist/scripts/correctness/kernel_match_rewrite.py"", ""/home/arjaiswal/Polygeist/issues/aten_c_kernels/results/aten_conv_transpose3d_grad_weight_cpu/debuf.mlir"", ""--dry-run"", ""--matcher-mode"", ""egglog"", ""--telemetry-json"", ""/home/arjaiswal/Polygeist/issues/equality_saturation_eval/campaign_20260908/aten-aten_conv_transpose3d_grad_weight_cpu-egglog-etqwau6k.json"", ""--disable-semantic-fallback""]","== match report for /home/arjaiswal/Polygeist/issues/aten_c_kernels/results/aten_conv_transpose3d_grad_weight_cpu/debuf.mlir ==
  match          body#[0]  cudnnConvolutionBackwardFilter3D_f32_memref
  total: 1 matched / 1 bodies
",0,[],0,0,0,0,/home/arjaiswal/Polygeist/issues/aten_c_kernels/results/aten_conv_transpose3d_grad_weight_cpu/debuf.mlir,3080,8,1,1,362.22464218735695,0,69416,22.518590092658997,2,2,0,8,"[{""body_indices"": [0], ""symbol"": ""cudnnConvolutionBackwardFilter3D_f32_memref""}]",1,0,0,0.0,2
aten,aten_conv_transpose3d_grad_weight_cpu,/home/arjaiswal/Polygeist/issues/aten_c_kernels/results/aten_conv_transpose3d_grad_weight_cpu/debuf.mlir,cc9503494ed303af3f4a8e3b17bee56c5c38649ea2b38b79c9dc1876acfb9cca,syntactic,2,ok,0,785.7072912156582,0,"[""/usr/bin/python3"", ""/home/arjaiswal/Polygeist/scripts/correctness/kernel_match_rewrite.py"", ""/home/arjaiswal/Polygeist/issues/aten_c_kernels/results/aten_conv_transpose3d_grad_weight_cpu/debuf.mlir"", ""--dry-run"", ""--matcher-mode"", ""syntactic"", ""--telemetry-json"", ""/home/arjaiswal/Polygeist/issues/equality_saturation_eval/campaign_20260908/aten-aten_conv_transpose3d_grad_weight_cpu-syntactic-9v7wloks.json"", ""--disable-semantic-fallback""]","== match report for /home/arjaiswal/Polygeist/issues/aten_c_kernels/results/aten_conv_transpose3d_grad_weight_cpu/debuf.mlir ==
  match          body#[0]  cudnnConvolutionBackwardFilter3D_f32_memref
  total: 1 matched / 1 bodies
",0,[],0,0,0,0,/home/arjaiswal/Polygeist/issues/aten_c_kernels/results/aten_conv_transpose3d_grad_weight_cpu/debuf.mlir,3080,0,1,1,337.6697413623333,0,64688,0.027261674404144287,0,2,0,0,"[{""body_indices"": [0], ""symbol"": ""cudnnConvolutionBackwardFilter3D_f32_memref""}]",1,0,2,0.0,2
aten,aten_conv_transpose3d_grad_weight_cpu,/home/arjaiswal/Polygeist/issues/aten_c_kernels/results/aten_conv_transpose3d_grad_weight_cpu/debuf.mlir,cc9503494ed303af3f4a8e3b17bee56c5c38649ea2b38b79c9dc1876acfb9cca,syntactic,3,ok,0,718.2283811271191,0,"[""/usr/bin/python3"", ""/home/arjaiswal/Polygeist/scripts/correctness/kernel_match_rewrite.py"", ""/home/arjaiswal/Polygeist/issues/aten_c_kernels/results/aten_conv_transpose3d_grad_weight_cpu/debuf.mlir"", ""--dry-run"", ""--matcher-mode"", ""syntactic"", ""--telemetry-json"", ""/home/arjaiswal/Polygeist/issues/equality_saturation_eval/campaign_20260908/aten-aten_conv_transpose3d_grad_weight_cpu-syntactic-noe561th.json"", ""--disable-semantic-fallback""]","== match report for /home/arjaiswal/Polygeist/issues/aten_c_kernels/results/aten_conv_transpose3d_grad_weight_cpu/debuf.mlir ==
  match          body#[0]  cudnnConvolutionBackwardFilter3D_f32_memref
  total: 1 matched / 1 bodies
",0,[],0,0,0,0,/home/arjaiswal/Polygeist/issues/aten_c_kernels/results/aten_conv_transpose3d_grad_weight_cpu/debuf.mlir,3080,0,1,1,282.7606089413166,0,64736,0.02250075340270996,0,2,0,0,"[{""body_indices"": [0], ""symbol"": ""cudnnConvolutionBackwardFilter3D_f32_memref""}]",1,0,2,0.0,2
aten,aten_conv_transpose3d_grad_weight_cpu,/home/arjaiswal/Polygeist/issues/aten_c_kernels/results/aten_conv_transpose3d_grad_weight_cpu/debuf.mlir,cc9503494ed303af3f4a8e3b17bee56c5c38649ea2b38b79c9dc1876acfb9cca,egglog,3,ok,0,758.4629245102406,0,"[""/usr/bin/python3"", ""/home/arjaiswal/Polygeist/scripts/correctness/kernel_match_rewrite.py"", ""/home/arjaiswal/Polygeist/issues/aten_c_kernels/results/aten_conv_transpose3d_grad_weight_cpu/debuf.mlir"", ""--dry-run"", ""--matcher-mode"", ""egglog"", ""--telemetry-json"", ""/home/arjaiswal/Polygeist/issues/equality_saturation_eval/campaign_20260908/aten-aten_conv_transpose3d_grad_weight_cpu-egglog-p2yo5cb5.json"", ""--disable-semantic-fallback""]","== match report for /home/arjaiswal/Polygeist/issues/aten_c_kernels/results/aten_conv_transpose3d_grad_weight_cpu/debuf.mlir ==
  match          body#[0]  cudnnConvolutionBackwardFilter3D_f32_memref
  total: 1 matched / 1 bodies
",0,[],0,0,0,0,/home/arjaiswal/Polygeist/issues/aten_c_kernels/results/aten_conv_transpose3d_grad_weight_cpu/debuf.mlir,3080,8,1,1,321.547944098711,0,69356,23.915842175483704,2,2,0,8,"[{""body_indices"": [0], ""symbol"": ""cudnnConvolutionBackwardFilter3D_f32_memref""}]",1,0,0,0.0,2
aten,aten_conv_transpose3d_grad_weight_cpu,/home/arjaiswal/Polygeist/issues/aten_c_kernels/results/aten_conv_transpose3d_grad_weight_cpu/debuf.mlir,cc9503494ed303af3f4a8e3b17bee56c5c38649ea2b38b79c9dc1876acfb9cca,egglog,4,ok,0,782.0735014975071,0,"[""/usr/bin/python3"", ""/home/arjaiswal/Polygeist/scripts/correctness/kernel_match_rewrite.py"", ""/home/arjaiswal/Polygeist/issues/aten_c_kernels/results/aten_conv_transpose3d_grad_weight_cpu/debuf.mlir"", ""--dry-run"", ""--matcher-mode"", ""egglog"", ""--telemetry-json"", ""/home/arjaiswal/Polygeist/issues/equality_saturation_eval/campaign_20260908/aten-aten_conv_transpose3d_grad_weight_cpu-egglog-cmncm8we.json"", ""--disable-semantic-fallback""]","== match report for /home/arjaiswal/Polygeist/issues/aten_c_kernels/results/aten_conv_transpose3d_grad_weight_cpu/debuf.mlir ==
  match          body#[0]  cudnnConvolutionBackwardFilter3D_f32_memref
  total: 1 matched / 1 bodies
",0,[],0,0,0,0,/home/arjaiswal/Polygeist/issues/aten_c_kernels/results/aten_conv_transpose3d_grad_weight_cpu/debuf.mlir,3080,8,1,1,327.25929096341133,0,69448,25.810308754444122,2,2,0,8,"[{""body_indices"": [0], ""symbol"": ""cudnnConvolutionBackwardFilter3D_f32_memref""}]",1,0,0,0.0,2
aten,aten_conv_transpose3d_grad_weight_cpu,/home/arjaiswal/Polygeist/issues/aten_c_kernels/results/aten_conv_transpose3d_grad_weight_cpu/debuf.mlir,cc9503494ed303af3f4a8e3b17bee56c5c38649ea2b38b79c9dc1876acfb9cca,syntactic,4,ok,0,881.7336782813072,0,"[""/usr/bin/python3"", ""/home/arjaiswal/Polygeist/scripts/correctness/kernel_match_rewrite.py"", ""/home/arjaiswal/Polygeist/issues/aten_c_kernels/results/aten_conv_transpose3d_grad_weight_cpu/debuf.mlir"", ""--dry-run"", ""--matcher-mode"", ""syntactic"", ""--telemetry-json"", ""/home/arjaiswal/Polygeist/issues/equality_saturation_eval/campaign_20260908/aten-aten_conv_transpose3d_grad_weight_cpu-syntactic-93eahm4p.json"", ""--disable-semantic-fallback""]","== match report for /home/arjaiswal/Polygeist/issues/aten_c_kernels/results/aten_conv_transpose3d_grad_weight_cpu/debuf.mlir ==
  match          body#[0]  cudnnConvolutionBackwardFilter3D_f32_memref
  total: 1 matched / 1 bodies
",0,[],0,0,0,0,/home/arjaiswal/Polygeist/issues/aten_c_kernels/results/aten_conv_transpose3d_grad_weight_cpu/debuf.mlir,3080,0,1,1,280.16041964292526,0,64768,0.02333521842956543,0,2,0,0,"[{""body_indices"": [0], ""symbol"": ""cudnnConvolutionBackwardFilter3D_f32_memref""}]",1,0,2,0.0,2
aten,aten_conv_transpose3d_grad_weight_cpu,/home/arjaiswal/Polygeist/issues/aten_c_kernels/results/aten_conv_transpose3d_grad_weight_cpu/debuf.mlir,cc9503494ed303af3f4a8e3b17bee56c5c38649ea2b38b79c9dc1876acfb9cca,syntactic,5,ok,0,746.1861856281757,0,"[""/usr/bin/python3"", ""/home/arjaiswal/Polygeist/scripts/correctness/kernel_match_rewrite.py"", ""/home/arjaiswal/Polygeist/issues/aten_c_kernels/results/aten_conv_transpose3d_grad_weight_cpu/debuf.mlir"", ""--dry-run"", ""--matcher-mode"", ""syntactic"", ""--telemetry-json"", ""/home/arjaiswal/Polygeist/issues/equality_saturation_eval/campaign_20260908/aten-aten_conv_transpose3d_grad_weight_cpu-syntactic-g8w8uhm4.json"", ""--disable-semantic-fallback""]","== match report for /home/arjaiswal/Polygeist/issues/aten_c_kernels/results/aten_conv_transpose3d_grad_weight_cpu/debuf.mlir ==
  match          body#[0]  cudnnConvolutionBackwardFilter3D_f32_memref
  total: 1 matched / 1 bodies
",0,[],0,0,0,0,/home/arjaiswal/Polygeist/issues/aten_c_kernels/results/aten_conv_transpose3d_grad_weight_cpu/debuf.mlir,3080,0,1,1,300.4489205777645,0,64536,0.0209808349609375,0,2,0,0,"[{""body_indices"": [0], ""symbol"": ""cudnnConvolutionBackwardFilter3D_f32_memref""}]",1,0,2,0.0,2
aten,aten_conv_transpose3d_grad_weight_cpu,/home/arjaiswal/Polygeist/issues/aten_c_kernels/results/aten_conv_transpose3d_grad_weight_cpu/debuf.mlir,cc9503494ed303af3f4a8e3b17bee56c5c38649ea2b38b79c9dc1876acfb9cca,egglog,5,ok,0,744.706280529499,0,"[""/usr/bin/python3"", ""/home/arjaiswal/Polygeist/scripts/correctness/kernel_match_rewrite.py"", ""/home/arjaiswal/Polygeist/issues/aten_c_kernels/results/aten_conv_transpose3d_grad_weight_cpu/debuf.mlir"", ""--dry-run"", ""--matcher-mode"", ""egglog"", ""--telemetry-json"", ""/home/arjaiswal/Polygeist/issues/equality_saturation_eval/campaign_20260908/aten-aten_conv_transpose3d_grad_weight_cpu-egglog-j26yqxp5.json"", ""--disable-semantic-fallback""]","== match report for /home/arjaiswal/Polygeist/issues/aten_c_kernels/results/aten_conv_transpose3d_grad_weight_cpu/debuf.mlir ==
  match          body#[0]  cudnnConvolutionBackwardFilter3D_f32_memref
  total: 1 matched / 1 bodies
",0,[],0,0,0,0,/home/arjaiswal/Polygeist/issues/aten_c_kernels/results/aten_conv_transpose3d_grad_weight_cpu/debuf.mlir,3080,8,1,1,304.8309087753296,0,69460,22.756144404411316,2,2,0,8,"[{""body_indices"": [0], ""symbol"": ""cudnnConvolutionBackwardFilter3D_f32_memref""}]",1,0,0,0.0,2
aten,aten_convert_coo_to_csr_cpu,/home/arjaiswal/Polygeist/issues/aten_c_kernels/results/aten_convert_coo_to_csr_cpu/debuf.mlir,2068a1c631c7a4e6e0e2d763861df7f47beb287e5db4cfeaec282b31a37a64be,egglog,1,ok,0,697.612326592207,0,"[""/usr/bin/python3"", ""/home/arjaiswal/Polygeist/scripts/correctness/kernel_match_rewrite.py"", ""/home/arjaiswal/Polygeist/issues/aten_c_kernels/results/aten_convert_coo_to_csr_cpu/debuf.mlir"", ""--dry-run"", ""--matcher-mode"", ""egglog"", ""--telemetry-json"", ""/home/arjaiswal/Polygeist/issues/equality_saturation_eval/campaign_20260908/aten-aten_convert_coo_to_csr_cpu-egglog-56vv2ifm.json"", ""--disable-semantic-fallback""]","== match report for /home/arjaiswal/Polygeist/issues/aten_c_kernels/results/aten_convert_coo_to_csr_cpu/debuf.mlir ==
  total: 0 matched / 0 bodies
",0,[],0,0,0,0,/home/arjaiswal/Polygeist/issues/aten_c_kernels/results/aten_convert_coo_to_csr_cpu/debuf.mlir,2728,8,0,0,279.28053587675095,0,64404,0.0,0,0,0,0,[],0,0,0,0.0,0
aten,aten_convert_coo_to_csr_cpu,/home/arjaiswal/Polygeist/issues/aten_c_kernels/results/aten_convert_coo_to_csr_cpu/debuf.mlir,2068a1c631c7a4e6e0e2d763861df7f47beb287e5db4cfeaec282b31a37a64be,syntactic,1,ok,0,699.4149275124073,0,"[""/usr/bin/python3"", ""/home/arjaiswal/Polygeist/scripts/correctness/kernel_match_rewrite.py"", ""/home/arjaiswal/Polygeist/issues/aten_c_kernels/results/aten_convert_coo_to_csr_cpu/debuf.mlir"", ""--dry-run"", ""--matcher-mode"", ""syntactic"", ""--telemetry-json"", ""/home/arjaiswal/Polygeist/issues/equality_saturation_eval/campaign_20260908/aten-aten_convert_coo_to_csr_cpu-syntactic-nfsyorqi.json"", ""--disable-semantic-fallback""]","== match report for /home/arjaiswal/Polygeist/issues/aten_c_kernels/results/aten_convert_coo_to_csr_cpu/debuf.mlir ==
  total: 0 matched / 0 bodies
",0,[],0,0,0,0,/home/arjaiswal/Polygeist/issues/aten_c_kernels/results/aten_convert_coo_to_csr_cpu/debuf.mlir,2728,0,0,0,286.58613935112953,0,64868,0.0,0,0,0,0,[],0,0,0,0.0,0
aten,aten_convert_coo_to_csr_cpu,/home/arjaiswal/Polygeist/issues/aten_c_kernels/results/aten_convert_coo_to_csr_cpu/debuf.mlir,2068a1c631c7a4e6e0e2d763861df7f47beb287e5db4cfeaec282b31a37a64be,syntactic,2,ok,0,684.4238713383675,0,"[""/usr/bin/python3"", ""/home/arjaiswal/Polygeist/scripts/correctness/kernel_match_rewrite.py"", ""/home/arjaiswal/Polygeist/issues/aten_c_kernels/results/aten_convert_coo_to_csr_cpu/debuf.mlir"", ""--dry-run"", ""--matcher-mode"", ""syntactic"", ""--telemetry-json"", ""/home/arjaiswal/Polygeist/issues/equality_saturation_eval/campaign_20260908/aten-aten_convert_coo_to_csr_cpu-syntactic-jmb0prkr.json"", ""--disable-semantic-fallback""]","== match report for /home/arjaiswal/Polygeist/issues/aten_c_kernels/results/aten_convert_coo_to_csr_cpu/debuf.mlir ==
  total: 0 matched / 0 bodies
",0,[],0,0,0,0,/home/arjaiswal/Polygeist/issues/aten_c_kernels/results/aten_convert_coo_to_csr_cpu/debuf.mlir,2728,0,0,0,262.0483264327049,0,64768,0.0,0,0,0,0,[],0,0,0,0.0,0
aten,aten_convert_coo_to_csr_cpu,/home/arjaiswal/Polygeist/issues/aten_c_kernels/results/aten_convert_coo_to_csr_cpu/debuf.mlir,2068a1c631c7a4e6e0e2d763861df7f47beb287e5db4cfeaec282b31a37a64be,egglog,2,ok,0,716.8356999754906,0,"[""/usr/bin/python3"", ""/home/arjaiswal/Polygeist/scripts/correctness/kernel_match_rewrite.py"", ""/home/arjaiswal/Polygeist/issues/aten_c_kernels/results/aten_convert_coo_to_csr_cpu/debuf.mlir"", ""--dry-run"", ""--matcher-mode"", ""egglog"", ""--telemetry-json"", ""/home/arjaiswal/Polygeist/issues/equality_saturation_eval/campaign_20260908/aten-aten_convert_coo_to_csr_cpu-egglog-8yvnnb5t.json"", ""--disable-semantic-fallback""]","== match report for /home/arjaiswal/Polygeist/issues/aten_c_kernels/results/aten_convert_coo_to_csr_cpu/debuf.mlir ==
  total: 0 matched / 0 bodies
",0,[],0,0,0,0,/home/arjaiswal/Polygeist/issues/aten_c_kernels/results/aten_convert_coo_to_csr_cpu/debuf.mlir,2728,8,0,0,267.85019040107727,0,64868,0.0,0,0,0,0,[],0,0,0,0.0,0
aten,aten_convert_coo_to_csr_cpu,/home/arjaiswal/Polygeist/issues/aten_c_kernels/results/aten_convert_coo_to_csr_cpu/debuf.mlir,2068a1c631c7a4e6e0e2d763861df7f47beb287e5db4cfeaec282b31a37a64be,egglog,3,ok,0,742.1494424343109,0,"[""/usr/bin/python3"", ""/home/arjaiswal/Polygeist/scripts/correctness/kernel_match_rewrite.py"", ""/home/arjaiswal/Polygeist/issues/aten_c_kernels/results/aten_convert_coo_to_csr_cpu/debuf.mlir"", ""--dry-run"", ""--matcher-mode"", ""egglog"", ""--telemetry-json"", ""/home/arjaiswal/Polygeist/issues/equality_saturation_eval/campaign_20260908/aten-aten_convert_coo_to_csr_cpu-egglog-ubevnyqq.json"", ""--disable-semantic-fallback""]","== match report for /home/arjaiswal/Polygeist/issues/aten_c_kernels/results/aten_convert_coo_to_csr_cpu/debuf.mlir ==
  total: 0 matched / 0 bodies
",0,[],0,0,0,0,/home/arjaiswal/Polygeist/issues/aten_c_kernels/results/aten_convert_coo_to_csr_cpu/debuf.mlir,2728,8,0,0,283.09718146920204,0,64596,0.0,0,0,0,0,[],0,0,0,0.0,0
aten,aten_convert_coo_to_csr_cpu,/home/arjaiswal/Polygeist/issues/aten_c_kernels/results/aten_convert_coo_to_csr_cpu/debuf.mlir,2068a1c631c7a4e6e0e2d763861df7f47beb287e5db4cfeaec282b31a37a64be,syntactic,3,ok,0,732.5263731181622,0,"[""/usr/bin/python3"", ""/home/arjaiswal/Polygeist/scripts/correctness/kernel_match_rewrite.py"", ""/home/arjaiswal/Polygeist/issues/aten_c_kernels/results/aten_convert_coo_to_csr_cpu/debuf.mlir"", ""--dry-run"", ""--matcher-mode"", ""syntactic"", ""--telemetry-json"", ""/home/arjaiswal/Polygeist/issues/equality_saturation_eval/campaign_20260908/aten-aten_convert_coo_to_csr_cpu-syntactic-u71f7e2f.json"", ""--disable-semantic-fallback""]","== match report for /home/arjaiswal/Polygeist/issues/aten_c_kernels/results/aten_convert_coo_to_csr_cpu/debuf.mlir ==
  total: 0 matched / 0 bodies
",0,[],0,0,0,0,/home/arjaiswal/Polygeist/issues/aten_c_kernels/results/aten_convert_coo_to_csr_cpu/debuf.mlir,2728,0,0,0,272.0103710889816,0,64736,0.0,0,0,0,0,[],0,0,0,0.0,0
aten,aten_convert_coo_to_csr_cpu,/home/arjaiswal/Polygeist/issues/aten_c_kernels/results/aten_convert_coo_to_csr_cpu/debuf.mlir,2068a1c631c7a4e6e0e2d763861df7f47beb287e5db4cfeaec282b31a37a64be,syntactic,4,ok,0,725.3659665584564,0,"[""/usr/bin/python3"", ""/home/arjaiswal/Polygeist/scripts/correctness/kernel_match_rewrite.py"", ""/home/arjaiswal/Polygeist/issues/aten_c_kernels/results/aten_convert_coo_to_csr_cpu/debuf.mlir"", ""--dry-run"", ""--matcher-mode"", ""syntactic"", ""--telemetry-json"", ""/home/arjaiswal/Polygeist/issues/equality_saturation_eval/campaign_20260908/aten-aten_convert_coo_to_csr_cpu-syntactic-_m4i746n.json"", ""--disable-semantic-fallback""]","== match report for /home/arjaiswal/Polygeist/issues/aten_c_kernels/results/aten_convert_coo_to_csr_cpu/debuf.mlir ==
  total: 0 matched / 0 bodies
",0,[],0,0,0,0,/home/arjaiswal/Polygeist/issues/aten_c_kernels/results/aten_convert_coo_to_csr_cpu/debuf.mlir,2728,0,0,0,274.66117963194847,0,64632,0.0,0,0,0,0,[],0,0,0,0.0,0
aten,aten_convert_coo_to_csr_cpu,/home/arjaiswal/Polygeist/issues/aten_c_kernels/results/aten_convert_coo_to_csr_cpu/debuf.mlir,2068a1c631c7a4e6e0e2d763861df7f47beb287e5db4cfeaec282b31a37a64be,egglog,4,ok,0,728.4069582819939,0,"[""/usr/bin/python3"", ""/home/arjaiswal/Polygeist/scripts/correctness/kernel_match_rewrite.py"", ""/home/arjaiswal/Polygeist/issues/aten_c_kernels/results/aten_convert_coo_to_csr_cpu/debuf.mlir"", ""--dry-run"", ""--matcher-mode"", ""egglog"", ""--telemetry-json"", ""/home/arjaiswal/Polygeist/issues/equality_saturation_eval/campaign_20260908/aten-aten_convert_coo_to_csr_cpu-egglog-qo9o4dl1.json"", ""--disable-semantic-fallback""]","== match report for /home/arjaiswal/Polygeist/issues/aten_c_kernels/results/aten_convert_coo_to_csr_cpu/debuf.mlir ==
  total: 0 matched / 0 bodies
",0,[],0,0,0,0,/home/arjaiswal/Polygeist/issues/aten_c_kernels/results/aten_convert_coo_to_csr_cpu/debuf.mlir,2728,8,0,0,268.072746694088,0,64752,0.0,0,0,0,0,[],0,0,0,0.0,0
aten,aten_convert_coo_to_csr_cpu,/home/arjaiswal/Polygeist/issues/aten_c_kernels/results/aten_convert_coo_to_csr_cpu/debuf.mlir,2068a1c631c7a4e6e0e2d763861df7f47beb287e5db4cfeaec282b31a37a64be,egglog,5,ok,0,795.2057421207428,0,"[""/usr/bin/python3"", ""/home/arjaiswal/Polygeist/scripts/correctness/kernel_match_rewrite.py"", ""/home/arjaiswal/Polygeist/issues/aten_c_kernels/results/aten_convert_coo_to_csr_cpu/debuf.mlir"", ""--dry-run"", ""--matcher-mode"", ""egglog"", ""--telemetry-json"", ""/home/arjaiswal/Polygeist/issues/equality_saturation_eval/campaign_20260908/aten-aten_convert_coo_to_csr_cpu-egglog-bb4vuord.json"", ""--disable-semantic-fallback""]","== match report for /home/arjaiswal/Polygeist/issues/aten_c_kernels/results/aten_convert_coo_to_csr_cpu/debuf.mlir ==
  total: 0 matched / 0 bodies
",0,[],0,0,0,0,/home/arjaiswal/Polygeist/issues/aten_c_kernels/results/aten_convert_coo_to_csr_cpu/debuf.mlir,2728,8,0,0,305.94508722424507,0,64544,0.0,0,0,0,0,[],0,0,0,0.0,0
aten,aten_convert_coo_to_csr_cpu,/home/arjaiswal/Polygeist/issues/aten_c_kernels/results/aten_convert_coo_to_csr_cpu/debuf.mlir,2068a1c631c7a4e6e0e2d763861df7f47beb287e5db4cfeaec282b31a37a64be,syntactic,5,ok,0,767.4139887094498,0,"[""/usr/bin/python3"", ""/home/arjaiswal/Polygeist/scripts/correctness/kernel_match_rewrite.py"", ""/home/arjaiswal/Polygeist/issues/aten_c_kernels/results/aten_convert_coo_to_csr_cpu/debuf.mlir"", ""--dry-run"", ""--matcher-mode"", ""syntactic"", ""--telemetry-json"", ""/home/arjaiswal/Polygeist/issues/equality_saturation_eval/campaign_20260908/aten-aten_convert_coo_to_csr_cpu-syntactic-wls5c6wj.json"", ""--disable-semantic-fallback""]","== match report for /home/arjaiswal/Polygeist/issues/aten_c_kernels/results/aten_convert_coo_to_csr_cpu/debuf.mlir ==
  total: 0 matched / 0 bodies
",0,[],0,0,0,0,/home/arjaiswal/Polygeist/issues/aten_c_kernels/results/aten_convert_coo_to_csr_cpu/debuf.mlir,2728,0,0,0,283.147968351841,0,64712,0.0,0,0,0,0,[],0,0,0,0.0,0
aten,aten_convert_csr_to_coo_cpu,/home/arjaiswal/Polygeist/issues/aten_c_kernels/results/aten_convert_csr_to_coo_cpu/debuf.mlir,ffd9a906e894b93d2cad57f18537b721cc50c7d4f92a3d8e19027dc4cbc5ba78,syntactic,1,ok,0,754.9713961780071,0,"[""/usr/bin/python3"", ""/home/arjaiswal/Polygeist/scripts/correctness/kernel_match_rewrite.py"", ""/home/arjaiswal/Polygeist/issues/aten_c_kernels/results/aten_convert_csr_to_coo_cpu/debuf.mlir"", ""--dry-run"", ""--matcher-mode"", ""syntactic"", ""--telemetry-json"", ""/home/arjaiswal/Polygeist/issues/equality_saturation_eval/campaign_20260908/aten-aten_convert_csr_to_coo_cpu-syntactic-ldv63qvp.json"", ""--disable-semantic-fallback""]","== match report for /home/arjaiswal/Polygeist/issues/aten_c_kernels/results/aten_convert_csr_to_coo_cpu/debuf.mlir ==
  total: 0 matched / 0 bodies
",0,[],0,0,0,0,/home/arjaiswal/Polygeist/issues/aten_c_kernels/results/aten_convert_csr_to_coo_cpu/debuf.mlir,2404,0,0,0,295.20805180072784,0,64884,0.0,0,0,0,0,[],0,0,0,0.0,0
aten,aten_convert_csr_to_coo_cpu,/home/arjaiswal/Polygeist/issues/aten_c_kernels/results/aten_convert_csr_to_coo_cpu/debuf.mlir,ffd9a906e894b93d2cad57f18537b721cc50c7d4f92a3d8e19027dc4cbc5ba78,egglog,1,ok,0,716.5369912981987,0,"[""/usr/bin/python3"", ""/home/arjaiswal/Polygeist/scripts/correctness/kernel_match_rewrite.py"", ""/home/arjaiswal/Polygeist/issues/aten_c_kernels/results/aten_convert_csr_to_coo_cpu/debuf.mlir"", ""--dry-run"", ""--matcher-mode"", ""egglog"", ""--telemetry-json"", ""/home/arjaiswal/Polygeist/issues/equality_saturation_eval/campaign_20260908/aten-aten_convert_csr_to_coo_cpu-egglog-_6rvjovw.json"", ""--disable-semantic-fallback""]","== match report for /home/arjaiswal/Polygeist/issues/aten_c_kernels/results/aten_convert_csr_to_coo_cpu/debuf.mlir ==
  total: 0 matched / 0 bodies
",0,[],0,0,0,0,/home/arjaiswal/Polygeist/issues/aten_c_kernels/results/aten_convert_csr_to_coo_cpu/debuf.mlir,2404,8,0,0,263.95362988114357,0,64768,0.0,0,0,0,0,[],0,0,0,0.0,0
aten,aten_convert_csr_to_coo_cpu,/home/arjaiswal/Polygeist/issues/aten_c_kernels/results/aten_convert_csr_to_coo_cpu/debuf.mlir,ffd9a906e894b93d2cad57f18537b721cc50c7d4f92a3d8e19027dc4cbc5ba78,egglog,2,ok,0,718.6177410185337,0,"[""/usr/bin/python3"", ""/home/arjaiswal/Polygeist/scripts/correctness/kernel_match_rewrite.py"", ""/home/arjaiswal/Polygeist/issues/aten_c_kernels/results/aten_convert_csr_to_coo_cpu/debuf.mlir"", ""--dry-run"", ""--matcher-mode"", ""egglog"", ""--telemetry-json"", ""/home/arjaiswal/Polygeist/issues/equality_saturation_eval/campaign_20260908/aten-aten_convert_csr_to_coo_cpu-egglog-yc99ncq0.json"", ""--disable-semantic-fallback""]","== match report for /home/arjaiswal/Polygeist/issues/aten_c_kernels/results/aten_convert_csr_to_coo_cpu/debuf.mlir ==
  total: 0 matched / 0 bodies
",0,[],0,0,0,0,/home/arjaiswal/Polygeist/issues/aten_c_kernels/results/aten_convert_csr_to_coo_cpu/debuf.mlir,2404,8,0,0,281.0307592153549,0,64744,0.0,0,0,0,0,[],0,0,0,0.0,0
aten,aten_convert_csr_to_coo_cpu,/home/arjaiswal/Polygeist/issues/aten_c_kernels/results/aten_convert_csr_to_coo_cpu/debuf.mlir,ffd9a906e894b93d2cad57f18537b721cc50c7d4f92a3d8e19027dc4cbc5ba78,syntactic,2,ok,0,713.9322385191917,0,"[""/usr/bin/python3"", ""/home/arjaiswal/Polygeist/scripts/correctness/kernel_match_rewrite.py"", ""/home/arjaiswal/Polygeist/issues/aten_c_kernels/results/aten_convert_csr_to_coo_cpu/debuf.mlir"", ""--dry-run"", ""--matcher-mode"", ""syntactic"", ""--telemetry-json"", ""/home/arjaiswal/Polygeist/issues/equality_saturation_eval/campaign_20260908/aten-aten_convert_csr_to_coo_cpu-syntactic-as166p2q.json"", ""--disable-semantic-fallback""]","== match report for /home/arjaiswal/Polygeist/issues/aten_c_kernels/results/aten_convert_csr_to_coo_cpu/debuf.mlir ==
  total: 0 matched / 0 bodies
",0,[],0,0,0,0,/home/arjaiswal/Polygeist/issues/aten_c_kernels/results/aten_convert_csr_to_coo_cpu/debuf.mlir,2404,0,0,0,270.97276598215103,0,64760,0.0,0,0,0,0,[],0,0,0,0.0,0
aten,aten_convert_csr_to_coo_cpu,/home/arjaiswal/Polygeist/issues/aten_c_kernels/results/aten_convert_csr_to_coo_cpu/debuf.mlir,ffd9a906e894b93d2cad57f18537b721cc50c7d4f92a3d8e19027dc4cbc5ba78,syntactic,3,ok,0,736.6992682218552,0,"[""/usr/bin/python3"", ""/home/arjaiswal/Polygeist/scripts/correctness/kernel_match_rewrite.py"", ""/home/arjaiswal/Polygeist/issues/aten_c_kernels/results/aten_convert_csr_to_coo_cpu/debuf.mlir"", ""--dry-run"", ""--matcher-mode"", ""syntactic"", ""--telemetry-json"", ""/home/arjaiswal/Polygeist/issues/equality_saturation_eval/campaign_20260908/aten-aten_convert_csr_to_coo_cpu-syntactic-7z5l_a82.json"", ""--disable-semantic-fallback""]","== match report for /home/arjaiswal/Polygeist/issues/aten_c_kernels/results/aten_convert_csr_to_coo_cpu/debuf.mlir ==
  total: 0 matched / 0 bodies
",0,[],0,0,0,0,/home/arjaiswal/Polygeist/issues/aten_c_kernels/results/aten_convert_csr_to_coo_cpu/debuf.mlir,2404,0,0,0,277.92663127183914,0,64848,0.0,0,0,0,0,[],0,0,0,0.0,0
aten,aten_convert_csr_to_coo_cpu,/home/arjaiswal/Polygeist/issues/aten_c_kernels/results/aten_convert_csr_to_coo_cpu/debuf.mlir,ffd9a906e894b93d2cad57f18537b721cc50c7d4f92a3d8e19027dc4cbc5ba78,egglog,3,ok,0,683.3521351218224,0,"[""/usr/bin/python3"", ""/home/arjaiswal/Polygeist/scripts/correctness/kernel_match_rewrite.py"", ""/home/arjaiswal/Polygeist/issues/aten_c_kernels/results/aten_convert_csr_to_coo_cpu/debuf.mlir"", ""--dry-run"", ""--matcher-mode"", ""egglog"", ""--telemetry-json"", ""/home/arjaiswal/Polygeist/issues/equality_saturation_eval/campaign_20260908/aten-aten_convert_csr_to_coo_cpu-egglog-wgze4q55.json"", ""--disable-semantic-fallback""]","== match report for /home/arjaiswal/Polygeist/issues/aten_c_kernels/results/aten_convert_csr_to_coo_cpu/debuf.mlir ==
  total: 0 matched / 0 bodies
",0,[],0,0,0,0,/home/arjaiswal/Polygeist/issues/aten_c_kernels/results/aten_convert_csr_to_coo_cpu/debuf.mlir,2404,8,0,0,262.4262757599354,0,64624,0.0,0,0,0,0,[],0,0,0,0.0,0
aten,aten_convert_csr_to_coo_cpu,/home/arjaiswal/Polygeist/issues/aten_c_kernels/results/aten_convert_csr_to_coo_cpu/debuf.mlir,ffd9a906e894b93d2cad57f18537b721cc50c7d4f92a3d8e19027dc4cbc5ba78,egglog,4,ok,0,707.5151391327381,0,"[""/usr/bin/python3"", ""/home/arjaiswal/Polygeist/scripts/correctness/kernel_match_rewrite.py"", ""/home/arjaiswal/Polygeist/issues/aten_c_kernels/results/aten_convert_csr_to_coo_cpu/debuf.mlir"", ""--dry-run"", ""--matcher-mode"", ""egglog"", ""--telemetry-json"", ""/home/arjaiswal/Polygeist/issues/equality_saturation_eval/campaign_20260908/aten-aten_convert_csr_to_coo_cpu-egglog-cootqbzs.json"", ""--disable-semantic-fallback""]","== match report for /home/arjaiswal/Polygeist/issues/aten_c_kernels/results/aten_convert_csr_to_coo_cpu/debuf.mlir ==
  total: 0 matched / 0 bodies
",0,[],0,0,0,0,/home/arjaiswal/Polygeist/issues/aten_c_kernels/results/aten_convert_csr_to_coo_cpu/debuf.mlir,2404,8,0,0,264.7915706038475,0,64576,0.0,0,0,0,0,[],0,0,0,0.0,0
aten,aten_convert_csr_to_coo_cpu,/home/arjaiswal/Polygeist/issues/aten_c_kernels/results/aten_convert_csr_to_coo_cpu/debuf.mlir,ffd9a906e894b93d2cad57f18537b721cc50c7d4f92a3d8e19027dc4cbc5ba78,syntactic,4,ok,0,721.4531823992729,0,"[""/usr/bin/python3"", ""/home/arjaiswal/Polygeist/scripts/correctness/kernel_match_rewrite.py"", ""/home/arjaiswal/Polygeist/issues/aten_c_kernels/results/aten_convert_csr_to_coo_cpu/debuf.mlir"", ""--dry-run"", ""--matcher-mode"", ""syntactic"", ""--telemetry-json"", ""/home/arjaiswal/Polygeist/issues/equality_saturation_eval/campaign_20260908/aten-aten_convert_csr_to_coo_cpu-syntactic-1pzttgve.json"", ""--disable-semantic-fallback""]","== match report for /home/arjaiswal/Polygeist/issues/aten_c_kernels/results/aten_convert_csr_to_coo_cpu/debuf.mlir ==
  total: 0 matched / 0 bodies
",0,[],0,0,0,0,/home/arjaiswal/Polygeist/issues/aten_c_kernels/results/aten_convert_csr_to_coo_cpu/debuf.mlir,2404,0,0,0,272.5665345788002,0,64704,0.0,0,0,0,0,[],0,0,0,0.0,0
aten,aten_convert_csr_to_coo_cpu,/home/arjaiswal/Polygeist/issues/aten_c_kernels/results/aten_convert_csr_to_coo_cpu/debuf.mlir,ffd9a906e894b93d2cad57f18537b721cc50c7d4f92a3d8e19027dc4cbc5ba78,syntactic,5,ok,0,716.8236151337624,0,"[""/usr/bin/python3"", ""/home/arjaiswal/Polygeist/scripts/correctness/kernel_match_rewrite.py"", ""/home/arjaiswal/Polygeist/issues/aten_c_kernels/results/aten_convert_csr_to_coo_cpu/debuf.mlir"", ""--dry-run"", ""--matcher-mode"", ""syntactic"", ""--telemetry-json"", ""/home/arjaiswal/Polygeist/issues/equality_saturation_eval/campaign_20260908/aten-aten_convert_csr_to_coo_cpu-syntactic-lv66u_wl.json"", ""--disable-semantic-fallback""]","== match report for /home/arjaiswal/Polygeist/issues/aten_c_kernels/results/aten_convert_csr_to_coo_cpu/debuf.mlir ==
  total: 0 matched / 0 bodies
",0,[],0,0,0,0,/home/arjaiswal/Polygeist/issues/aten_c_kernels/results/aten_convert_csr_to_coo_cpu/debuf.mlir,2404,0,0,0,265.8786103129387,0,64748,0.0,0,0,0,0,[],0,0,0,0.0,0
aten,aten_convert_csr_to_coo_cpu,/home/arjaiswal/Polygeist/issues/aten_c_kernels/results/aten_convert_csr_to_coo_cpu/debuf.mlir,ffd9a906e894b93d2cad57f18537b721cc50c7d4f92a3d8e19027dc4cbc5ba78,egglog,5,ok,0,827.1218873560429,0,"[""/usr/bin/python3"", ""/home/arjaiswal/Polygeist/scripts/correctness/kernel_match_rewrite.py"", ""/home/arjaiswal/Polygeist/issues/aten_c_kernels/results/aten_convert_csr_to_coo_cpu/debuf.mlir"", ""--dry-run"", ""--matcher-mode"", ""egglog"", ""--telemetry-json"", ""/home/arjaiswal/Polygeist/issues/equality_saturation_eval/campaign_20260908/aten-aten_convert_csr_to_coo_cpu-egglog-r3l2hiix.json"", ""--disable-semantic-fallback""]","== match report for /home/arjaiswal/Polygeist/issues/aten_c_kernels/results/aten_convert_csr_to_coo_cpu/debuf.mlir ==
  total: 0 matched / 0 bodies
",0,[],0,0,0,0,/home/arjaiswal/Polygeist/issues/aten_c_kernels/results/aten_convert_csr_to_coo_cpu/debuf.mlir,2404,8,0,0,290.79466685652733,0,64812,0.0,0,0,0,0,[],0,0,0,0.0,0
aten,aten_copy_cpu,/home/arjaiswal/Polygeist/issues/aten_c_kernels/results/aten_copy_cpu/debuf.mlir,a3f7280ccd2c5d60de565813517dfd9c89318c2ee92d8685cceb4a8c84bbfa36,egglog,1,ok,0,944.0075233578682,0,"[""/usr/bin/python3"", ""/home/arjaiswal/Polygeist/scripts/correctness/kernel_match_rewrite.py"", ""/home/arjaiswal/Polygeist/issues/aten_c_kernels/results/aten_copy_cpu/debuf.mlir"", ""--dry-run"", ""--matcher-mode"", ""egglog"", ""--telemetry-json"", ""/home/arjaiswal/Polygeist/issues/equality_saturation_eval/campaign_20260908/aten-aten_copy_cpu-egglog-6erulwdj.json"", ""--disable-semantic-fallback""]","== match report for /home/arjaiswal/Polygeist/issues/aten_c_kernels/results/aten_copy_cpu/debuf.mlir ==
  match          body#[0]  cudaCopy1D_f32_tensor
  total: 1 matched / 1 bodies
",0,[],0,0,0,0,/home/arjaiswal/Polygeist/issues/aten_c_kernels/results/aten_copy_cpu/debuf.mlir,1736,8,1,1,473.04408997297287,0,69712,36.95858642458916,2,2,0,0,"[{""body_indices"": [0], ""symbol"": ""cudaCopy1D_f32_tensor""}]",1,0,0,0.0,52
aten,aten_copy_cpu,/home/arjaiswal/Polygeist/issues/aten_c_kernels/results/aten_copy_cpu/debuf.mlir,a3f7280ccd2c5d60de565813517dfd9c89318c2ee92d8685cceb4a8c84bbfa36,syntactic,1,ok,0,793.7041372060776,0,"[""/usr/bin/python3"", ""/home/arjaiswal/Polygeist/scripts/correctness/kernel_match_rewrite.py"", ""/home/arjaiswal/Polygeist/issues/aten_c_kernels/results/aten_copy_cpu/debuf.mlir"", ""--dry-run"", ""--matcher-mode"", ""syntactic"", ""--telemetry-json"", ""/home/arjaiswal/Polygeist/issues/equality_saturation_eval/campaign_20260908/aten-aten_copy_cpu-syntactic-nnpyfhxv.json"", ""--disable-semantic-fallback""]","== match report for /home/arjaiswal/Polygeist/issues/aten_c_kernels/results/aten_copy_cpu/debuf.mlir ==
  match          body#[0]  cudaCopy1D_f32_tensor
  total: 1 matched / 1 bodies
",0,[],0,0,0,0,/home/arjaiswal/Polygeist/issues/aten_c_kernels/results/aten_copy_cpu/debuf.mlir,1736,0,1,1,380.3790956735611,0,65904,0.14534592628479004,0,2,0,0,"[{""body_indices"": [0], ""symbol"": ""cudaCopy1D_f32_tensor""}]",1,0,52,0.0,52
aten,aten_copy_cpu,/home/arjaiswal/Polygeist/issues/aten_c_kernels/results/aten_copy_cpu/debuf.mlir,a3f7280ccd2c5d60de565813517dfd9c89318c2ee92d8685cceb4a8c84bbfa36,syntactic,2,ok,0,823.7228728830814,0,"[""/usr/bin/python3"", ""/home/arjaiswal/Polygeist/scripts/correctness/kernel_match_rewrite.py"", ""/home/arjaiswal/Polygeist/issues/aten_c_kernels/results/aten_copy_cpu/debuf.mlir"", ""--dry-run"", ""--matcher-mode"", ""syntactic"", ""--telemetry-json"", ""/home/arjaiswal/Polygeist/issues/equality_saturation_eval/campaign_20260908/aten-aten_copy_cpu-syntactic-wqm4uxzn.json"", ""--disable-semantic-fallback""]","== match report for /home/arjaiswal/Polygeist/issues/aten_c_kernels/results/aten_copy_cpu/debuf.mlir ==
  match          body#[0]  cudaCopy1D_f32_tensor
  total: 1 matched / 1 bodies
",0,[],0,0,0,0,/home/arjaiswal/Polygeist/issues/aten_c_kernels/results/aten_copy_cpu/debuf.mlir,1736,0,1,1,372.43231385946274,0,66100,0.11955946683883667,0,2,0,0,"[{""body_indices"": [0], ""symbol"": ""cudaCopy1D_f32_tensor""}]",1,0,52,0.0,52
aten,aten_copy_cpu,/home/arjaiswal/Polygeist/issues/aten_c_kernels/results/aten_copy_cpu/debuf.mlir,a3f7280ccd2c5d60de565813517dfd9c89318c2ee92d8685cceb4a8c84bbfa36,egglog,2,ok,0,835.6522396206856,0,"[""/usr/bin/python3"", ""/home/arjaiswal/Polygeist/scripts/correctness/kernel_match_rewrite.py"", ""/home/arjaiswal/Polygeist/issues/aten_c_kernels/results/aten_copy_cpu/debuf.mlir"", ""--dry-run"", ""--matcher-mode"", ""egglog"", ""--telemetry-json"", ""/home/arjaiswal/Polygeist/issues/equality_saturation_eval/campaign_20260908/aten-aten_copy_cpu-egglog-2npnw82n.json"", ""--disable-semantic-fallback""]","== match report for /home/arjaiswal/Polygeist/issues/aten_c_kernels/results/aten_copy_cpu/debuf.mlir ==
  match          body#[0]  cudaCopy1D_f32_tensor
  total: 1 matched / 1 bodies
",0,[],0,0,0,0,/home/arjaiswal/Polygeist/issues/aten_c_kernels/results/aten_copy_cpu/debuf.mlir,1736,8,1,1,410.6713831424713,0,69864,22.17121794819832,2,2,0,0,"[{""body_indices"": [0], ""symbol"": ""cudaCopy1D_f32_tensor""}]",1,0,0,0.0,52
aten,aten_copy_cpu,/home/arjaiswal/Polygeist/issues/aten_c_kernels/results/aten_copy_cpu/debuf.mlir,a3f7280ccd2c5d60de565813517dfd9c89318c2ee92d8685cceb4a8c84bbfa36,egglog,3,ok,0,820.4292841255665,0,"[""/usr/bin/python3"", ""/home/arjaiswal/Polygeist/scripts/correctness/kernel_match_rewrite.py"", ""/home/arjaiswal/Polygeist/issues/aten_c_kernels/results/aten_copy_cpu/debuf.mlir"", ""--dry-run"", ""--matcher-mode"", ""egglog"", ""--telemetry-json"", ""/home/arjaiswal/Polygeist/issues/equality_saturation_eval/campaign_20260908/aten-aten_copy_cpu-egglog-2bjz8biu.json"", ""--disable-semantic-fallback""]","== match report for /home/arjaiswal/Polygeist/issues/aten_c_kernels/results/aten_copy_cpu/debuf.mlir ==
  match          body#[0]  cudaCopy1D_f32_tensor
  total: 1 matched / 1 bodies
",0,[],0,0,0,0,/home/arjaiswal/Polygeist/issues/aten_c_kernels/results/aten_copy_cpu/debuf.mlir,1736,8,1,1,400.4335626959801,0,69620,21.317999809980392,2,2,0,0,"[{""body_indices"": [0], ""symbol"": ""cudaCopy1D_f32_tensor""}]",1,0,0,0.0,52
aten,aten_copy_cpu,/home/arjaiswal/Polygeist/issues/aten_c_kernels/results/aten_copy_cpu/debuf.mlir,a3f7280ccd2c5d60de565813517dfd9c89318c2ee92d8685cceb4a8c84bbfa36,syntactic,3,ok,0,796.3921427726746,0,"[""/usr/bin/python3"", ""/home/arjaiswal/Polygeist/scripts/correctness/kernel_match_rewrite.py"", ""/home/arjaiswal/Polygeist/issues/aten_c_kernels/results/aten_copy_cpu/debuf.mlir"", ""--dry-run"", ""--matcher-mode"", ""syntactic"", ""--telemetry-json"", ""/home/arjaiswal/Polygeist/issues/equality_saturation_eval/campaign_20260908/aten-aten_copy_cpu-syntactic-theyn98q.json"", ""--disable-semantic-fallback""]","== match report for /home/arjaiswal/Polygeist/issues/aten_c_kernels/results/aten_copy_cpu/debuf.mlir ==
  match          body#[0]  cudaCopy1D_f32_tensor
  total: 1 matched / 1 bodies
",0,[],0,0,0,0,/home/arjaiswal/Polygeist/issues/aten_c_kernels/results/aten_copy_cpu/debuf.mlir,1736,0,1,1,373.6111894249916,0,65912,0.12127682566642761,0,2,0,0,"[{""body_indices"": [0], ""symbol"": ""cudaCopy1D_f32_tensor""}]",1,0,52,0.0,52
aten,aten_copy_cpu,/home/arjaiswal/Polygeist/issues/aten_c_kernels/results/aten_copy_cpu/debuf.mlir,a3f7280ccd2c5d60de565813517dfd9c89318c2ee92d8685cceb4a8c84bbfa36,syntactic,4,ok,0,894.6319371461868,0,"[""/usr/bin/python3"", ""/home/arjaiswal/Polygeist/scripts/correctness/kernel_match_rewrite.py"", ""/home/arjaiswal/Polygeist/issues/aten_c_kernels/results/aten_copy_cpu/debuf.mlir"", ""--dry-run"", ""--matcher-mode"", ""syntactic"", ""--telemetry-json"", ""/home/arjaiswal/Polygeist/issues/equality_saturation_eval/campaign_20260908/aten-aten_copy_cpu-syntactic-bwrzj8hd.json"", ""--disable-semantic-fallback""]","== match report for /home/arjaiswal/Polygeist/issues/aten_c_kernels/results/aten_copy_cpu/debuf.mlir ==
  match          body#[0]  cudaCopy1D_f32_tensor
  total: 1 matched / 1 bodies
",0,[],0,0,0,0,/home/arjaiswal/Polygeist/issues/aten_c_kernels/results/aten_copy_cpu/debuf.mlir,1736,0,1,1,390.1936337351799,0,65884,0.13919174671173096,0,2,0,0,"[{""body_indices"": [0], ""symbol"": ""cudaCopy1D_f32_tensor""}]",1,0,52,0.0,52
aten,aten_copy_cpu,/home/arjaiswal/Polygeist/issues/aten_c_kernels/results/aten_copy_cpu/debuf.mlir,a3f7280ccd2c5d60de565813517dfd9c89318c2ee92d8685cceb4a8c84bbfa36,egglog,4,ok,0,875.8658394217491,0,"[""/usr/bin/python3"", ""/home/arjaiswal/Polygeist/scripts/correctness/kernel_match_rewrite.py"", ""/home/arjaiswal/Polygeist/issues/aten_c_kernels/results/aten_copy_cpu/debuf.mlir"", ""--dry-run"", ""--matcher-mode"", ""egglog"", ""--telemetry-json"", ""/home/arjaiswal/Polygeist/issues/equality_saturation_eval/campaign_20260908/aten-aten_copy_cpu-egglog-u00r7iq1.json"", ""--disable-semantic-fallback""]","== match report for /home/arjaiswal/Polygeist/issues/aten_c_kernels/results/aten_copy_cpu/debuf.mlir ==
  match          body#[0]  cudaCopy1D_f32_tensor
  total: 1 matched / 1 bodies
",0,[],0,0,0,0,/home/arjaiswal/Polygeist/issues/aten_c_kernels/results/aten_copy_cpu/debuf.mlir,1736,8,1,1,419.58174109458923,0,69896,21.87352627515793,2,2,0,0,"[{""body_indices"": [0], ""symbol"": ""cudaCopy1D_f32_tensor""}]",1,0,0,0.0,52
aten,aten_copy_cpu,/home/arjaiswal/Polygeist/issues/aten_c_kernels/results/aten_copy_cpu/debuf.mlir,a3f7280ccd2c5d60de565813517dfd9c89318c2ee92d8685cceb4a8c84bbfa36,egglog,5,ok,0,841.8444581329823,0,"[""/usr/bin/python3"", ""/home/arjaiswal/Polygeist/scripts/correctness/kernel_match_rewrite.py"", ""/home/arjaiswal/Polygeist/issues/aten_c_kernels/results/aten_copy_cpu/debuf.mlir"", ""--dry-run"", ""--matcher-mode"", ""egglog"", ""--telemetry-json"", ""/home/arjaiswal/Polygeist/issues/equality_saturation_eval/campaign_20260908/aten-aten_copy_cpu-egglog-dtkntz4v.json"", ""--disable-semantic-fallback""]","== match report for /home/arjaiswal/Polygeist/issues/aten_c_kernels/results/aten_copy_cpu/debuf.mlir ==
  match          body#[0]  cudaCopy1D_f32_tensor
  total: 1 matched / 1 bodies
",0,[],0,0,0,0,/home/arjaiswal/Polygeist/issues/aten_c_kernels/results/aten_copy_cpu/debuf.mlir,1736,8,1,1,414.045512676239,0,69780,26.839997619390488,2,2,0,0,"[{""body_indices"": [0], ""symbol"": ""cudaCopy1D_f32_tensor""}]",1,0,0,0.0,52
aten,aten_copy_cpu,/home/arjaiswal/Polygeist/issues/aten_c_kernels/results/aten_copy_cpu/debuf.mlir,a3f7280ccd2c5d60de565813517dfd9c89318c2ee92d8685cceb4a8c84bbfa36,syntactic,5,ok,0,829.7634646296501,0,"[""/usr/bin/python3"", ""/home/arjaiswal/Polygeist/scripts/correctness/kernel_match_rewrite.py"", ""/home/arjaiswal/Polygeist/issues/aten_c_kernels/results/aten_copy_cpu/debuf.mlir"", ""--dry-run"", ""--matcher-mode"", ""syntactic"", ""--telemetry-json"", ""/home/arjaiswal/Polygeist/issues/equality_saturation_eval/campaign_20260908/aten-aten_copy_cpu-syntactic-ednvn6im.json"", ""--disable-semantic-fallback""]","== match report for /home/arjaiswal/Polygeist/issues/aten_c_kernels/results/aten_copy_cpu/debuf.mlir ==
  match          body#[0]  cudaCopy1D_f32_tensor
  total: 1 matched / 1 bodies
",0,[],0,0,0,0,/home/arjaiswal/Polygeist/issues/aten_c_kernels/results/aten_copy_cpu/debuf.mlir,1736,0,1,1,409.53534096479416,0,65836,0.12922286987304688,0,2,0,0,"[{""body_indices"": [0], ""symbol"": ""cudaCopy1D_f32_tensor""}]",1,0,52,0.0,52
aten,aten_copy_tensor_array_cpu,/home/arjaiswal/Polygeist/issues/aten_c_kernels/results/aten_copy_tensor_array_cpu/debuf.mlir,f560a970736309c21051f3dbfe57ebec9c846daa087a007f784ce1771b5bff7b,syntactic,1,ok,0,807.7552355825901,0,"[""/usr/bin/python3"", ""/home/arjaiswal/Polygeist/scripts/correctness/kernel_match_rewrite.py"", ""/home/arjaiswal/Polygeist/issues/aten_c_kernels/results/aten_copy_tensor_array_cpu/debuf.mlir"", ""--dry-run"", ""--matcher-mode"", ""syntactic"", ""--telemetry-json"", ""/home/arjaiswal/Polygeist/issues/equality_saturation_eval/campaign_20260908/aten-aten_copy_tensor_array_cpu-syntactic-tctnggtr.json"", ""--disable-semantic-fallback""]","== match report for /home/arjaiswal/Polygeist/issues/aten_c_kernels/results/aten_copy_tensor_array_cpu/debuf.mlir ==
  match          body#[0]  cudaCopy2D_f32_tensor
  total: 1 matched / 1 bodies
",0,[],0,0,0,0,/home/arjaiswal/Polygeist/issues/aten_c_kernels/results/aten_copy_tensor_array_cpu/debuf.mlir,2251,0,1,1,382.3624476790428,0,65616,0.13915449380874634,0,2,0,0,"[{""body_indices"": [0], ""symbol"": ""cudaCopy2D_f32_tensor""}]",1,0,50,0.0,50
aten,aten_copy_tensor_array_cpu,/home/arjaiswal/Polygeist/issues/aten_c_kernels/results/aten_copy_tensor_array_cpu/debuf.mlir,f560a970736309c21051f3dbfe57ebec9c846daa087a007f784ce1771b5bff7b,egglog,1,ok,0,844.2265391349792,0,"[""/usr/bin/python3"", ""/home/arjaiswal/Polygeist/scripts/correctness/kernel_match_rewrite.py"", ""/home/arjaiswal/Polygeist/issues/aten_c_kernels/results/aten_copy_tensor_array_cpu/debuf.mlir"", ""--dry-run"", ""--matcher-mode"", ""egglog"", ""--telemetry-json"", ""/home/arjaiswal/Polygeist/issues/equality_saturation_eval/campaign_20260908/aten-aten_copy_tensor_array_cpu-egglog-3duu_xpk.json"", ""--disable-semantic-fallback""]","== match report for /home/arjaiswal/Polygeist/issues/aten_c_kernels/results/aten_copy_tensor_array_cpu/debuf.mlir ==
  match          body#[0]  cudaCopy2D_f32_tensor
  total: 1 matched / 1 bodies
",0,[],0,0,0,0,/home/arjaiswal/Polygeist/issues/aten_c_kernels/results/aten_copy_tensor_array_cpu/debuf.mlir,2251,8,1,1,423.65317046642303,0,69652,21.44646644592285,2,2,0,0,"[{""body_indices"": [0], ""symbol"": ""cudaCopy2D_f32_tensor""}]",1,0,0,0.0,50
aten,aten_copy_tensor_array_cpu,/home/arjaiswal/Polygeist/issues/aten_c_kernels/results/aten_copy_tensor_array_cpu/debuf.mlir,f560a970736309c21051f3dbfe57ebec9c846daa087a007f784ce1771b5bff7b,egglog,2,ok,0,859.5800697803497,0,"[""/usr/bin/python3"", ""/home/arjaiswal/Polygeist/scripts/correctness/kernel_match_rewrite.py"", ""/home/arjaiswal/Polygeist/issues/aten_c_kernels/results/aten_copy_tensor_array_cpu/debuf.mlir"", ""--dry-run"", ""--matcher-mode"", ""egglog"", ""--telemetry-json"", ""/home/arjaiswal/Polygeist/issues/equality_saturation_eval/campaign_20260908/aten-aten_copy_tensor_array_cpu-egglog-nz7h20rq.json"", ""--disable-semantic-fallback""]","== match report for /home/arjaiswal/Polygeist/issues/aten_c_kernels/results/aten_copy_tensor_array_cpu/debuf.mlir ==
  match          body#[0]  cudaCopy2D_f32_tensor
  total: 1 matched / 1 bodies
",0,[],0,0,0,0,/home/arjaiswal/Polygeist/issues/aten_c_kernels/results/aten_copy_tensor_array_cpu/debuf.mlir,2251,8,1,1,403.59000489115715,0,69880,22.919911891222,2,2,0,0,"[{""body_indices"": [0], ""symbol"": ""cudaCopy2D_f32_tensor""}]",1,0,0,0.0,50
aten,aten_copy_tensor_array_cpu,/home/arjaiswal/Polygeist/issues/aten_c_kernels/results/aten_copy_tensor_array_cpu/debuf.mlir,f560a970736309c21051f3dbfe57ebec9c846daa087a007f784ce1771b5bff7b,syntactic,2,ok,0,807.0307038724422,0,"[""/usr/bin/python3"", ""/home/arjaiswal/Polygeist/scripts/correctness/kernel_match_rewrite.py"", ""/home/arjaiswal/Polygeist/issues/aten_c_kernels/results/aten_copy_tensor_array_cpu/debuf.mlir"", ""--dry-run"", ""--matcher-mode"", ""syntactic"", ""--telemetry-json"", ""/home/arjaiswal/Polygeist/issues/equality_saturation_eval/campaign_20260908/aten-aten_copy_tensor_array_cpu-syntactic-3v0w6vrc.json"", ""--disable-semantic-fallback""]","== match report for /home/arjaiswal/Polygeist/issues/aten_c_kernels/results/aten_copy_tensor_array_cpu/debuf.mlir ==
  match          body#[0]  cudaCopy2D_f32_tensor
  total: 1 matched / 1 bodies
",0,[],0,0,0,0,/home/arjaiswal/Polygeist/issues/aten_c_kernels/results/aten_copy_tensor_array_cpu/debuf.mlir,2251,0,1,1,381.1628520488739,0,65528,0.12085959315299988,0,2,0,0,"[{""body_indices"": [0], ""symbol"": ""cudaCopy2D_f32_tensor""}]",1,0,50,0.0,50
aten,aten_copy_tensor_array_cpu,/home/arjaiswal/Polygeist/issues/aten_c_kernels/results/aten_copy_tensor_array_cpu/debuf.mlir,f560a970736309c21051f3dbfe57ebec9c846daa087a007f784ce1771b5bff7b,syntactic,3,ok,0,819.5809945464134,0,"[""/usr/bin/python3"", ""/home/arjaiswal/Polygeist/scripts/correctness/kernel_match_rewrite.py"", ""/home/arjaiswal/Polygeist/issues/aten_c_kernels/results/aten_copy_tensor_array_cpu/debuf.mlir"", ""--dry-run"", ""--matcher-mode"", ""syntactic"", ""--telemetry-json"", ""/home/arjaiswal/Polygeist/issues/equality_saturation_eval/campaign_20260908/aten-aten_copy_tensor_array_cpu-syntactic-osg72m5v.json"", ""--disable-semantic-fallback""]","== match report for /home/arjaiswal/Polygeist/issues/aten_c_kernels/results/aten_copy_tensor_array_cpu/debuf.mlir ==
  match          body#[0]  cudaCopy2D_f32_tensor
  total: 1 matched / 1 bodies
",0,[],0,0,0,0,/home/arjaiswal/Polygeist/issues/aten_c_kernels/results/aten_copy_tensor_array_cpu/debuf.mlir,2251,0,1,1,383.2622691988945,0,65572,0.12412294745445251,0,2,0,0,"[{""body_indices"": [0], ""symbol"": ""cudaCopy2D_f32_tensor""}]",1,0,50,0.0,50
aten,aten_copy_tensor_array_cpu,/home/arjaiswal/Polygeist/issues/aten_c_kernels/results/aten_copy_tensor_array_cpu/debuf.mlir,f560a970736309c21051f3dbfe57ebec9c846daa087a007f784ce1771b5bff7b,egglog,3,ok,0,863.0717359483242,0,"[""/usr/bin/python3"", ""/home/arjaiswal/Polygeist/scripts/correctness/kernel_match_rewrite.py"", ""/home/arjaiswal/Polygeist/issues/aten_c_kernels/results/aten_copy_tensor_array_cpu/debuf.mlir"", ""--dry-run"", ""--matcher-mode"", ""egglog"", ""--telemetry-json"", ""/home/arjaiswal/Polygeist/issues/equality_saturation_eval/campaign_20260908/aten-aten_copy_tensor_array_cpu-egglog-8k8t8_jo.json"", ""--disable-semantic-fallback""]","== match report for /home/arjaiswal/Polygeist/issues/aten_c_kernels/results/aten_copy_tensor_array_cpu/debuf.mlir ==
  match          body#[0]  cudaCopy2D_f32_tensor
  total: 1 matched / 1 bodies
",0,[],0,0,0,0,/home/arjaiswal/Polygeist/issues/aten_c_kernels/results/aten_copy_tensor_array_cpu/debuf.mlir,2251,8,1,1,430.8285117149353,0,69816,21.58185839653015,2,2,0,0,"[{""body_indices"": [0], ""symbol"": ""cudaCopy2D_f32_tensor""}]",1,0,0,0.0,50
aten,aten_copy_tensor_array_cpu,/home/arjaiswal/Polygeist/issues/aten_c_kernels/results/aten_copy_tensor_array_cpu/debuf.mlir,f560a970736309c21051f3dbfe57ebec9c846daa087a007f784ce1771b5bff7b,egglog,4,ok,0,812.3216070234776,0,"[""/usr/bin/python3"", ""/home/arjaiswal/Polygeist/scripts/correctness/kernel_match_rewrite.py"", ""/home/arjaiswal/Polygeist/issues/aten_c_kernels/results/aten_copy_tensor_array_cpu/debuf.mlir"", ""--dry-run"", ""--matcher-mode"", ""egglog"", ""--telemetry-json"", ""/home/arjaiswal/Polygeist/issues/equality_saturation_eval/campaign_20260908/aten-aten_copy_tensor_array_cpu-egglog-8tjd1rwc.json"", ""--disable-semantic-fallback""]","== match report for /home/arjaiswal/Polygeist/issues/aten_c_kernels/results/aten_copy_tensor_array_cpu/debuf.mlir ==
  match          body#[0]  cudaCopy2D_f32_tensor
  total: 1 matched / 1 bodies
",0,[],0,0,0,0,/home/arjaiswal/Polygeist/issues/aten_c_kernels/results/aten_copy_tensor_array_cpu/debuf.mlir,2251,8,1,1,398.36055412888527,0,69756,21.355364471673965,2,2,0,0,"[{""body_indices"": [0], ""symbol"": ""cudaCopy2D_f32_tensor""}]",1,0,0,0.0,50
aten,aten_copy_tensor_array_cpu,/home/arjaiswal/Polygeist/issues/aten_c_kernels/results/aten_copy_tensor_array_cpu/debuf.mlir,f560a970736309c21051f3dbfe57ebec9c846daa087a007f784ce1771b5bff7b,syntactic,4,ok,0,798.727735877037,0,"[""/usr/bin/python3"", ""/home/arjaiswal/Polygeist/scripts/correctness/kernel_match_rewrite.py"", ""/home/arjaiswal/Polygeist/issues/aten_c_kernels/results/aten_copy_tensor_array_cpu/debuf.mlir"", ""--dry-run"", ""--matcher-mode"", ""syntactic"", ""--telemetry-json"", ""/home/arjaiswal/Polygeist/issues/equality_saturation_eval/campaign_20260908/aten-aten_copy_tensor_array_cpu-syntactic-9a0o_1ad.json"", ""--disable-semantic-fallback""]","== match report for /home/arjaiswal/Polygeist/issues/aten_c_kernels/results/aten_copy_tensor_array_cpu/debuf.mlir ==
  match          body#[0]  cudaCopy2D_f32_tensor
  total: 1 matched / 1 bodies
",0,[],0,0,0,0,/home/arjaiswal/Polygeist/issues/aten_c_kernels/results/aten_copy_tensor_array_cpu/debuf.mlir,2251,0,1,1,366.1496713757515,0,65700,0.1220703125,0,2,0,0,"[{""body_indices"": [0], ""symbol"": ""cudaCopy2D_f32_tensor""}]",1,0,50,0.0,50
aten,aten_copy_tensor_array_cpu,/home/arjaiswal/Polygeist/issues/aten_c_kernels/results/aten_copy_tensor_array_cpu/debuf.mlir,f560a970736309c21051f3dbfe57ebec9c846daa087a007f784ce1771b5bff7b,syntactic,5,ok,0,807.280171662569,0,"[""/usr/bin/python3"", ""/home/arjaiswal/Polygeist/scripts/correctness/kernel_match_rewrite.py"", ""/home/arjaiswal/Polygeist/issues/aten_c_kernels/results/aten_copy_tensor_array_cpu/debuf.mlir"", ""--dry-run"", ""--matcher-mode"", ""syntactic"", ""--telemetry-json"", ""/home/arjaiswal/Polygeist/issues/equality_saturation_eval/campaign_20260908/aten-aten_copy_tensor_array_cpu-syntactic-_mbqpcyl.json"", ""--disable-semantic-fallback""]","== match report for /home/arjaiswal/Polygeist/issues/aten_c_kernels/results/aten_copy_tensor_array_cpu/debuf.mlir ==
  match          body#[0]  cudaCopy2D_f32_tensor
  total: 1 matched / 1 bodies
",0,[],0,0,0,0,/home/arjaiswal/Polygeist/issues/aten_c_kernels/results/aten_copy_tensor_array_cpu/debuf.mlir,2251,0,1,1,380.8478154242039,0,65636,0.1270398497581482,0,2,0,0,"[{""body_indices"": [0], ""symbol"": ""cudaCopy2D_f32_tensor""}]",1,0,50,0.0,50
aten,aten_copy_tensor_array_cpu,/home/arjaiswal/Polygeist/issues/aten_c_kernels/results/aten_copy_tensor_array_cpu/debuf.mlir,f560a970736309c21051f3dbfe57ebec9c846daa087a007f784ce1771b5bff7b,egglog,5,ok,0,838.3715264499187,0,"[""/usr/bin/python3"", ""/home/arjaiswal/Polygeist/scripts/correctness/kernel_match_rewrite.py"", ""/home/arjaiswal/Polygeist/issues/aten_c_kernels/results/aten_copy_tensor_array_cpu/debuf.mlir"", ""--dry-run"", ""--matcher-mode"", ""egglog"", ""--telemetry-json"", ""/home/arjaiswal/Polygeist/issues/equality_saturation_eval/campaign_20260908/aten-aten_copy_tensor_array_cpu-egglog-0dyttzq9.json"", ""--disable-semantic-fallback""]","== match report for /home/arjaiswal/Polygeist/issues/aten_c_kernels/results/aten_copy_tensor_array_cpu/debuf.mlir ==
  match          body#[0]  cudaCopy2D_f32_tensor
  total: 1 matched / 1 bodies
",0,[],0,0,0,0,/home/arjaiswal/Polygeist/issues/aten_c_kernels/results/aten_copy_tensor_array_cpu/debuf.mlir,2251,8,1,1,405.4024778306484,0,69832,22.199712693691254,2,2,0,0,"[{""body_indices"": [0], ""symbol"": ""cudaCopy2D_f32_tensor""}]",1,0,0,0.0,50
aten,aten_copysign,/home/arjaiswal/Polygeist/issues/aten_c_kernels/results/aten_copysign/debuf.mlir,a78e03ff4e2959b27306354ea1cfdcc9df70f0b571a74de3fca9da06d43e59ae,egglog,1,ok,0,728.7038303911686,0,"[""/usr/bin/python3"", ""/home/arjaiswal/Polygeist/scripts/correctness/kernel_match_rewrite.py"", ""/home/arjaiswal/Polygeist/issues/aten_c_kernels/results/aten_copysign/debuf.mlir"", ""--dry-run"", ""--matcher-mode"", ""egglog"", ""--telemetry-json"", ""/home/arjaiswal/Polygeist/issues/equality_saturation_eval/campaign_20260908/aten-aten_copysign-egglog-ki9q4ojj.json"", ""--disable-semantic-fallback""]","== match report for /home/arjaiswal/Polygeist/issues/aten_c_kernels/results/aten_copysign/debuf.mlir ==
  no_match       body#0  ?
  total: 0 matched / 1 bodies
",0,[],0,0,0,0,/home/arjaiswal/Polygeist/issues/aten_c_kernels/results/aten_copysign/debuf.mlir,2007,8,1,0,307.72045627236366,1,65772,0.0,0,0,0,0,[],0,0,0,0.0,6
aten,aten_copysign,/home/arjaiswal/Polygeist/issues/aten_c_kernels/results/aten_copysign/debuf.mlir,a78e03ff4e2959b27306354ea1cfdcc9df70f0b571a74de3fca9da06d43e59ae,syntactic,1,ok,0,716.7892344295979,0,"[""/usr/bin/python3"", ""/home/arjaiswal/Polygeist/scripts/correctness/kernel_match_rewrite.py"", ""/home/arjaiswal/Polygeist/issues/aten_c_kernels/results/aten_copysign/debuf.mlir"", ""--dry-run"", ""--matcher-mode"", ""syntactic"", ""--telemetry-json"", ""/home/arjaiswal/Polygeist/issues/equality_saturation_eval/campaign_20260908/aten-aten_copysign-syntactic-21be340j.json"", ""--disable-semantic-fallback""]","== match report for /home/arjaiswal/Polygeist/issues/aten_c_kernels/results/aten_copysign/debuf.mlir ==
  no_match       body#0  ?
  total: 0 matched / 1 bodies
",0,[],0,0,0,0,/home/arjaiswal/Polygeist/issues/aten_c_kernels/results/aten_copysign/debuf.mlir,2007,0,1,0,295.5729104578495,1,65592,0.025231391191482544,0,0,0,0,[],0,0,6,0.0,6
aten,aten_copysign,/home/arjaiswal/Polygeist/issues/aten_c_kernels/results/aten_copysign/debuf.mlir,a78e03ff4e2959b27306354ea1cfdcc9df70f0b571a74de3fca9da06d43e59ae,syntactic,2,ok,0,740.4746189713478,0,"[""/usr/bin/python3"", ""/home/arjaiswal/Polygeist/scripts/correctness/kernel_match_rewrite.py"", ""/home/arjaiswal/Polygeist/issues/aten_c_kernels/results/aten_copysign/debuf.mlir"", ""--dry-run"", ""--matcher-mode"", ""syntactic"", ""--telemetry-json"", ""/home/arjaiswal/Polygeist/issues/equality_saturation_eval/campaign_20260908/aten-aten_copysign-syntactic-hpyta_pf.json"", ""--disable-semantic-fallback""]","== match report for /home/arjaiswal/Polygeist/issues/aten_c_kernels/results/aten_copysign/debuf.mlir ==
  no_match       body#0  ?
  total: 0 matched / 1 bodies
",0,[],0,0,0,0,/home/arjaiswal/Polygeist/issues/aten_c_kernels/results/aten_copysign/debuf.mlir,2007,0,1,0,281.25036135315895,1,65792,0.018615275621414185,0,0,0,0,[],0,0,6,0.0,6
aten,aten_copysign,/home/arjaiswal/Polygeist/issues/aten_c_kernels/results/aten_copysign/debuf.mlir,a78e03ff4e2959b27306354ea1cfdcc9df70f0b571a74de3fca9da06d43e59ae,egglog,2,ok,0,717.8345546126366,0,"[""/usr/bin/python3"", ""/home/arjaiswal/Polygeist/scripts/correctness/kernel_match_rewrite.py"", ""/home/arjaiswal/Polygeist/issues/aten_c_kernels/results/aten_copysign/debuf.mlir"", ""--dry-run"", ""--matcher-mode"", ""egglog"", ""--telemetry-json"", ""/home/arjaiswal/Polygeist/issues/equality_saturation_eval/campaign_20260908/aten-aten_copysign-egglog-jk9eoyxs.json"", ""--disable-semantic-fallback""]","== match report for /home/arjaiswal/Polygeist/issues/aten_c_kernels/results/aten_copysign/debuf.mlir ==
  no_match       body#0  ?
  total: 0 matched / 1 bodies
",0,[],0,0,0,0,/home/arjaiswal/Polygeist/issues/aten_c_kernels/results/aten_copysign/debuf.mlir,2007,8,1,0,289.67614844441414,1,65696,0.0,0,0,0,0,[],0,0,0,0.0,6
aten,aten_copysign,/home/arjaiswal/Polygeist/issues/aten_c_kernels/results/aten_copysign/debuf.mlir,a78e03ff4e2959b27306354ea1cfdcc9df70f0b571a74de3fca9da06d43e59ae,egglog,3,ok,0,728.7700846791267,0,"[""/usr/bin/python3"", ""/home/arjaiswal/Polygeist/scripts/correctness/kernel_match_rewrite.py"", ""/home/arjaiswal/Polygeist/issues/aten_c_kernels/results/aten_copysign/debuf.mlir"", ""--dry-run"", ""--matcher-mode"", ""egglog"", ""--telemetry-json"", ""/home/arjaiswal/Polygeist/issues/equality_saturation_eval/campaign_20260908/aten-aten_copysign-egglog-gi27m9va.json"", ""--disable-semantic-fallback""]","== match report for /home/arjaiswal/Polygeist/issues/aten_c_kernels/results/aten_copysign/debuf.mlir ==
  no_match       body#0  ?
  total: 0 matched / 1 bodies
",0,[],0,0,0,0,/home/arjaiswal/Polygeist/issues/aten_c_kernels/results/aten_copysign/debuf.mlir,2007,8,1,0,300.0211752951145,1,65768,0.0,0,0,0,0,[],0,0,0,0.0,6
aten,aten_copysign,/home/arjaiswal/Polygeist/issues/aten_c_kernels/results/aten_copysign/debuf.mlir,a78e03ff4e2959b27306354ea1cfdcc9df70f0b571a74de3fca9da06d43e59ae,syntactic,3,ok,0,727.9091216623783,0,"[""/usr/bin/python3"", ""/home/arjaiswal/Polygeist/scripts/correctness/kernel_match_rewrite.py"", ""/home/arjaiswal/Polygeist/issues/aten_c_kernels/results/aten_copysign/debuf.mlir"", ""--dry-run"", ""--matcher-mode"", ""syntactic"", ""--telemetry-json"", ""/home/arjaiswal/Polygeist/issues/equality_saturation_eval/campaign_20260908/aten-aten_copysign-syntactic-5rgqcn6i.json"", ""--disable-semantic-fallback""]","== match report for /home/arjaiswal/Polygeist/issues/aten_c_kernels/results/aten_copysign/debuf.mlir ==
  no_match       body#0  ?
  total: 0 matched / 1 bodies
",0,[],0,0,0,0,/home/arjaiswal/Polygeist/issues/aten_c_kernels/results/aten_copysign/debuf.mlir,2007,0,1,0,297.70492762327194,1,65704,0.02064928412437439,0,0,0,0,[],0,0,6,0.0,6
aten,aten_copysign,/home/arjaiswal/Polygeist/issues/aten_c_kernels/results/aten_copysign/debuf.mlir,a78e03ff4e2959b27306354ea1cfdcc9df70f0b571a74de3fca9da06d43e59ae,syntactic,4,ok,0,708.2040570676327,0,"[""/usr/bin/python3"", ""/home/arjaiswal/Polygeist/scripts/correctness/kernel_match_rewrite.py"", ""/home/arjaiswal/Polygeist/issues/aten_c_kernels/results/aten_copysign/debuf.mlir"", ""--dry-run"", ""--matcher-mode"", ""syntactic"", ""--telemetry-json"", ""/home/arjaiswal/Polygeist/issues/equality_saturation_eval/campaign_20260908/aten-aten_copysign-syntactic-ob9f8si5.json"", ""--disable-semantic-fallback""]","== match report for /home/arjaiswal/Polygeist/issues/aten_c_kernels/results/aten_copysign/debuf.mlir ==
  no_match       body#0  ?
  total: 0 matched / 1 bodies
",0,[],0,0,0,0,/home/arjaiswal/Polygeist/issues/aten_c_kernels/results/aten_copysign/debuf.mlir,2007,0,1,0,285.4692377150059,1,65772,0.018361955881118774,0,0,0,0,[],0,0,6,0.0,6
aten,aten_copysign,/home/arjaiswal/Polygeist/issues/aten_c_kernels/results/aten_copysign/debuf.mlir,a78e03ff4e2959b27306354ea1cfdcc9df70f0b571a74de3fca9da06d43e59ae,egglog,4,ok,0,705.2293606102467,0,"[""/usr/bin/python3"", ""/home/arjaiswal/Polygeist/scripts/correctness/kernel_match_rewrite.py"", ""/home/arjaiswal/Polygeist/issues/aten_c_kernels/results/aten_copysign/debuf.mlir"", ""--dry-run"", ""--matcher-mode"", ""egglog"", ""--telemetry-json"", ""/home/arjaiswal/Polygeist/issues/equality_saturation_eval/campaign_20260908/aten-aten_copysign-egglog-pr81ided.json"", ""--disable-semantic-fallback""]","== match report for /home/arjaiswal/Polygeist/issues/aten_c_kernels/results/aten_copysign/debuf.mlir ==
  no_match       body#0  ?
  total: 0 matched / 1 bodies
",0,[],0,0,0,0,/home/arjaiswal/Polygeist/issues/aten_c_kernels/results/aten_copysign/debuf.mlir,2007,8,1,0,283.2797095179558,1,65804,0.0,0,0,0,0,[],0,0,0,0.0,6
aten,aten_copysign,/home/arjaiswal/Polygeist/issues/aten_c_kernels/results/aten_copysign/debuf.mlir,a78e03ff4e2959b27306354ea1cfdcc9df70f0b571a74de3fca9da06d43e59ae,egglog,5,ok,0,694.2453160881996,0,"[""/usr/bin/python3"", ""/home/arjaiswal/Polygeist/scripts/correctness/kernel_match_rewrite.py"", ""/home/arjaiswal/Polygeist/issues/aten_c_kernels/results/aten_copysign/debuf.mlir"", ""--dry-run"", ""--matcher-mode"", ""egglog"", ""--telemetry-json"", ""/home/arjaiswal/Polygeist/issues/equality_saturation_eval/campaign_20260908/aten-aten_copysign-egglog-lxp96k88.json"", ""--disable-semantic-fallback""]","== match report for /home/arjaiswal/Polygeist/issues/aten_c_kernels/results/aten_copysign/debuf.mlir ==
  no_match       body#0  ?
  total: 0 matched / 1 bodies
",0,[],0,0,0,0,/home/arjaiswal/Polygeist/issues/aten_c_kernels/results/aten_copysign/debuf.mlir,2007,8,1,0,278.346948325634,1,65692,0.0,0,0,0,0,[],0,0,0,0.0,6
aten,aten_copysign,/home/arjaiswal/Polygeist/issues/aten_c_kernels/results/aten_copysign/debuf.mlir,a78e03ff4e2959b27306354ea1cfdcc9df70f0b571a74de3fca9da06d43e59ae,syntactic,5,ok,0,736.008808016777,0,"[""/usr/bin/python3"", ""/home/arjaiswal/Polygeist/scripts/correctness/kernel_match_rewrite.py"", ""/home/arjaiswal/Polygeist/issues/aten_c_kernels/results/aten_copysign/debuf.mlir"", ""--dry-run"", ""--matcher-mode"", ""syntactic"", ""--telemetry-json"", ""/home/arjaiswal/Polygeist/issues/equality_saturation_eval/campaign_20260908/aten-aten_copysign-syntactic-h4ilnobo.json"", ""--disable-semantic-fallback""]","== match report for /home/arjaiswal/Polygeist/issues/aten_c_kernels/results/aten_copysign/debuf.mlir ==
  no_match       body#0  ?
  total: 0 matched / 1 bodies
",0,[],0,0,0,0,/home/arjaiswal/Polygeist/issues/aten_c_kernels/results/aten_copysign/debuf.mlir,2007,0,1,0,313.5242313146591,1,65648,0.02325698733329773,0,0,0,0,[],0,0,6,0.0,6
aten,aten_cos,/home/arjaiswal/Polygeist/issues/aten_c_kernels/results/aten_cos/debuf.mlir,3c547eb2e9a9508ea922614ec8f8e026825dbec2f539e43c2afa3c85be342c65,syntactic,1,ok,0,756.1837770044804,0,"[""/usr/bin/python3"", ""/home/arjaiswal/Polygeist/scripts/correctness/kernel_match_rewrite.py"", ""/home/arjaiswal/Polygeist/issues/aten_c_kernels/results/aten_cos/debuf.mlir"", ""--dry-run"", ""--matcher-mode"", ""syntactic"", ""--telemetry-json"", ""/home/arjaiswal/Polygeist/issues/equality_saturation_eval/campaign_20260908/aten-aten_cos-syntactic-og7c5hez.json"", ""--disable-semantic-fallback""]","== match report for /home/arjaiswal/Polygeist/issues/aten_c_kernels/results/aten_cos/debuf.mlir ==
  match          body#[0]  cutensorUnary_cos_f32
  total: 1 matched / 1 bodies
",0,[],0,0,0,0,/home/arjaiswal/Polygeist/issues/aten_c_kernels/results/aten_cos/debuf.mlir,1866,0,1,1,329.08350229263306,0,65644,0.11904165148735046,0,2,0,0,"[{""body_indices"": [0], ""symbol"": ""cutensorUnary_cos_f32""}]",1,0,16,0.0,16
aten,aten_cos,/home/arjaiswal/Polygeist/issues/aten_c_kernels/results/aten_cos/debuf.mlir,3c547eb2e9a9508ea922614ec8f8e026825dbec2f539e43c2afa3c85be342c65,egglog,1,ok,0,782.8375957906246,0,"[""/usr/bin/python3"", ""/home/arjaiswal/Polygeist/scripts/correctness/kernel_match_rewrite.py"", ""/home/arjaiswal/Polygeist/issues/aten_c_kernels/results/aten_cos/debuf.mlir"", ""--dry-run"", ""--matcher-mode"", ""egglog"", ""--telemetry-json"", ""/home/arjaiswal/Polygeist/issues/equality_saturation_eval/campaign_20260908/aten-aten_cos-egglog-g1ahvniz.json"", ""--disable-semantic-fallback""]","== match report for /home/arjaiswal/Polygeist/issues/aten_c_kernels/results/aten_cos/debuf.mlir ==
  match          body#[0]  cutensorUnary_cos_f32
  total: 1 matched / 1 bodies
",0,[],0,0,0,0,/home/arjaiswal/Polygeist/issues/aten_c_kernels/results/aten_cos/debuf.mlir,1866,8,1,1,348.2072353363037,0,69796,22.65772596001625,2,2,0,0,"[{""body_indices"": [0], ""symbol"": ""cutensorUnary_cos_f32""}]",1,0,0,0.0,16
aten,aten_cos,/home/arjaiswal/Polygeist/issues/aten_c_kernels/results/aten_cos/debuf.mlir,3c547eb2e9a9508ea922614ec8f8e026825dbec2f539e43c2afa3c85be342c65,egglog,2,ok,0,752.0473152399063,0,"[""/usr/bin/python3"", ""/home/arjaiswal/Polygeist/scripts/correctness/kernel_match_rewrite.py"", ""/home/arjaiswal/Polygeist/issues/aten_c_kernels/results/aten_cos/debuf.mlir"", ""--dry-run"", ""--matcher-mode"", ""egglog"", ""--telemetry-json"", ""/home/arjaiswal/Polygeist/issues/equality_saturation_eval/campaign_20260908/aten-aten_cos-egglog-_lyp9q6q.json"", ""--disable-semantic-fallback""]","== match report for /home/arjaiswal/Polygeist/issues/aten_c_kernels/results/aten_cos/debuf.mlir ==
  match          body#[0]  cutensorUnary_cos_f32
  total: 1 matched / 1 bodies
",0,[],0,0,0,0,/home/arjaiswal/Polygeist/issues/aten_c_kernels/results/aten_cos/debuf.mlir,1866,8,1,1,331.9583907723427,0,69532,21.808598190546036,2,2,0,0,"[{""body_indices"": [0], ""symbol"": ""cutensorUnary_cos_f32""}]",1,0,0,0.0,16
aten,aten_cos,/home/arjaiswal/Polygeist/issues/aten_c_kernels/results/aten_cos/debuf.mlir,3c547eb2e9a9508ea922614ec8f8e026825dbec2f539e43c2afa3c85be342c65,syntactic,2,ok,0,727.1167747676373,0,"[""/usr/bin/python3"", ""/home/arjaiswal/Polygeist/scripts/correctness/kernel_match_rewrite.py"", ""/home/arjaiswal/Polygeist/issues/aten_c_kernels/results/aten_cos/debuf.mlir"", ""--dry-run"", ""--matcher-mode"", ""syntactic"", ""--telemetry-json"", ""/home/arjaiswal/Polygeist/issues/equality_saturation_eval/campaign_20260908/aten-aten_cos-syntactic-gr5rtvu1.json"", ""--disable-semantic-fallback""]","== match report for /home/arjaiswal/Polygeist/issues/aten_c_kernels/results/aten_cos/debuf.mlir ==
  match          body#[0]  cutensorUnary_cos_f32
  total: 1 matched / 1 bodies
",0,[],0,0,0,0,/home/arjaiswal/Polygeist/issues/aten_c_kernels/results/aten_cos/debuf.mlir,1866,0,1,1,299.3815951049328,0,65784,0.0859573483467102,0,2,0,0,"[{""body_indices"": [0], ""symbol"": ""cutensorUnary_cos_f32""}]",1,0,16,0.0,16
aten,aten_cos,/home/arjaiswal/Polygeist/issues/aten_c_kernels/results/aten_cos/debuf.mlir,3c547eb2e9a9508ea922614ec8f8e026825dbec2f539e43c2afa3c85be342c65,syntactic,3,ok,0,726.7935499548912,0,"[""/usr/bin/python3"", ""/home/arjaiswal/Polygeist/scripts/correctness/kernel_match_rewrite.py"", ""/home/arjaiswal/Polygeist/issues/aten_c_kernels/results/aten_cos/debuf.mlir"", ""--dry-run"", ""--matcher-mode"", ""syntactic"", ""--telemetry-json"", ""/home/arjaiswal/Polygeist/issues/equality_saturation_eval/campaign_20260908/aten-aten_cos-syntactic-h_n95_x8.json"", ""--disable-semantic-fallback""]","== match report for /home/arjaiswal/Polygeist/issues/aten_c_kernels/results/aten_cos/debuf.mlir ==
  match          body#[0]  cutensorUnary_cos_f32
  total: 1 matched / 1 bodies
",0,[],0,0,0,0,/home/arjaiswal/Polygeist/issues/aten_c_kernels/results/aten_cos/debuf.mlir,1866,0,1,1,305.9229776263237,0,65788,0.09191036224365234,0,2,0,0,"[{""body_indices"": [0], ""symbol"": ""cutensorUnary_cos_f32""}]",1,0,16,0.0,16
aten,aten_cos,/home/arjaiswal/Polygeist/issues/aten_c_kernels/results/aten_cos/debuf.mlir,3c547eb2e9a9508ea922614ec8f8e026825dbec2f539e43c2afa3c85be342c65,egglog,3,ok,0,795.7400903105736,0,"[""/usr/bin/python3"", ""/home/arjaiswal/Polygeist/scripts/correctness/kernel_match_rewrite.py"", ""/home/arjaiswal/Polygeist/issues/aten_c_kernels/results/aten_cos/debuf.mlir"", ""--dry-run"", ""--matcher-mode"", ""egglog"", ""--telemetry-json"", ""/home/arjaiswal/Polygeist/issues/equality_saturation_eval/campaign_20260908/aten-aten_cos-egglog-g0gmb8qh.json"", ""--disable-semantic-fallback""]","== match report for /home/arjaiswal/Polygeist/issues/aten_c_kernels/results/aten_cos/debuf.mlir ==
  match          body#[0]  cutensorUnary_cos_f32
  total: 1 matched / 1 bodies
",0,[],0,0,0,0,/home/arjaiswal/Polygeist/issues/aten_c_kernels/results/aten_cos/debuf.mlir,1866,8,1,1,337.4098651111126,0,69380,21.698828786611557,2,2,0,0,"[{""body_indices"": [0], ""symbol"": ""cutensorUnary_cos_f32""}]",1,0,0,0.0,16
aten,aten_cos,/home/arjaiswal/Polygeist/issues/aten_c_kernels/results/aten_cos/debuf.mlir,3c547eb2e9a9508ea922614ec8f8e026825dbec2f539e43c2afa3c85be342c65,egglog,4,ok,0,765.4975168406963,0,"[""/usr/bin/python3"", ""/home/arjaiswal/Polygeist/scripts/correctness/kernel_match_rewrite.py"", ""/home/arjaiswal/Polygeist/issues/aten_c_kernels/results/aten_cos/debuf.mlir"", ""--dry-run"", ""--matcher-mode"", ""egglog"", ""--telemetry-json"", ""/home/arjaiswal/Polygeist/issues/equality_saturation_eval/campaign_20260908/aten-aten_cos-egglog-41q_lfix.json"", ""--disable-semantic-fallback""]","== match report for /home/arjaiswal/Polygeist/issues/aten_c_kernels/results/aten_cos/debuf.mlir ==
  match          body#[0]  cutensorUnary_cos_f32
  total: 1 matched / 1 bodies
",0,[],0,0,0,0,/home/arjaiswal/Polygeist/issues/aten_c_kernels/results/aten_cos/debuf.mlir,1866,8,1,1,338.4144864976406,0,69436,22.608783096075058,2,2,0,0,"[{""body_indices"": [0], ""symbol"": ""cutensorUnary_cos_f32""}]",1,0,0,0.0,16
aten,aten_cos,/home/arjaiswal/Polygeist/issues/aten_c_kernels/results/aten_cos/debuf.mlir,3c547eb2e9a9508ea922614ec8f8e026825dbec2f539e43c2afa3c85be342c65,syntactic,4,ok,0,728.6817282438278,0,"[""/usr/bin/python3"", ""/home/arjaiswal/Polygeist/scripts/correctness/kernel_match_rewrite.py"", ""/home/arjaiswal/Polygeist/issues/aten_c_kernels/results/aten_cos/debuf.mlir"", ""--dry-run"", ""--matcher-mode"", ""syntactic"", ""--telemetry-json"", ""/home/arjaiswal/Polygeist/issues/equality_saturation_eval/campaign_20260908/aten-aten_cos-syntactic-x_mk56x5.json"", ""--disable-semantic-fallback""]","== match report for /home/arjaiswal/Polygeist/issues/aten_c_kernels/results/aten_cos/debuf.mlir ==
  match          body#[0]  cutensorUnary_cos_f32
  total: 1 matched / 1 bodies
",0,[],0,0,0,0,/home/arjaiswal/Polygeist/issues/aten_c_kernels/results/aten_cos/debuf.mlir,1866,0,1,1,299.0056313574314,0,65964,0.10404735803604126,0,2,0,0,"[{""body_indices"": [0], ""symbol"": ""cutensorUnary_cos_f32""}]",1,0,16,0.0,16
aten,aten_cos,/home/arjaiswal/Polygeist/issues/aten_c_kernels/results/aten_cos/debuf.mlir,3c547eb2e9a9508ea922614ec8f8e026825dbec2f539e43c2afa3c85be342c65,syntactic,5,ok,0,752.5637485086918,0,"[""/usr/bin/python3"", ""/home/arjaiswal/Polygeist/scripts/correctness/kernel_match_rewrite.py"", ""/home/arjaiswal/Polygeist/issues/aten_c_kernels/results/aten_cos/debuf.mlir"", ""--dry-run"", ""--matcher-mode"", ""syntactic"", ""--telemetry-json"", ""/home/arjaiswal/Polygeist/issues/equality_saturation_eval/campaign_20260908/aten-aten_cos-syntactic-7l0t1oic.json"", ""--disable-semantic-fallback""]","== match report for /home/arjaiswal/Polygeist/issues/aten_c_kernels/results/aten_cos/debuf.mlir ==
  match          body#[0]  cutensorUnary_cos_f32
  total: 1 matched / 1 bodies
",0,[],0,0,0,0,/home/arjaiswal/Polygeist/issues/aten_c_kernels/results/aten_cos/debuf.mlir,1866,0,1,1,328.527994453907,0,65636,0.08861720561981201,0,2,0,0,"[{""body_indices"": [0], ""symbol"": ""cutensorUnary_cos_f32""}]",1,0,16,0.0,16
aten,aten_cos,/home/arjaiswal/Polygeist/issues/aten_c_kernels/results/aten_cos/debuf.mlir,3c547eb2e9a9508ea922614ec8f8e026825dbec2f539e43c2afa3c85be342c65,egglog,5,ok,0,775.2276919782162,0,"[""/usr/bin/python3"", ""/home/arjaiswal/Polygeist/scripts/correctness/kernel_match_rewrite.py"", ""/home/arjaiswal/Polygeist/issues/aten_c_kernels/results/aten_cos/debuf.mlir"", ""--dry-run"", ""--matcher-mode"", ""egglog"", ""--telemetry-json"", ""/home/arjaiswal/Polygeist/issues/equality_saturation_eval/campaign_20260908/aten-aten_cos-egglog-l2q224sb.json"", ""--disable-semantic-fallback""]","== match report for /home/arjaiswal/Polygeist/issues/aten_c_kernels/results/aten_cos/debuf.mlir ==
  match          body#[0]  cutensorUnary_cos_f32
  total: 1 matched / 1 bodies
",0,[],0,0,0,0,/home/arjaiswal/Polygeist/issues/aten_c_kernels/results/aten_cos/debuf.mlir,1866,8,1,1,341.06262400746346,0,69484,21.88650891184807,2,2,0,0,"[{""body_indices"": [0], ""symbol"": ""cutensorUnary_cos_f32""}]",1,0,0,0.0,16
aten,aten_cosh,/home/arjaiswal/Polygeist/issues/aten_c_kernels/results/aten_cosh/debuf.mlir,8b496132dcfbf7066833e523743b306efc35549f3895abaae88569f62f92f3ea,egglog,1,ok,0,761.1923925578594,0,"[""/usr/bin/python3"", ""/home/arjaiswal/Polygeist/scripts/correctness/kernel_match_rewrite.py"", ""/home/arjaiswal/Polygeist/issues/aten_c_kernels/results/aten_cosh/debuf.mlir"", ""--dry-run"", ""--matcher-mode"", ""egglog"", ""--telemetry-json"", ""/home/arjaiswal/Polygeist/issues/equality_saturation_eval/campaign_20260908/aten-aten_cosh-egglog-s74gxacr.json"", ""--disable-semantic-fallback""]","== match report for /home/arjaiswal/Polygeist/issues/aten_c_kernels/results/aten_cosh/debuf.mlir ==
  match          body#[0]  cutensorUnary_cosh_f32
  total: 1 matched / 1 bodies
",0,[],0,0,0,0,/home/arjaiswal/Polygeist/issues/aten_c_kernels/results/aten_cosh/debuf.mlir,1886,8,1,1,337.32593059539795,0,69760,21.874137222766876,2,2,0,0,"[{""body_indices"": [0], ""symbol"": ""cutensorUnary_cosh_f32""}]",1,0,0,0.0,18
aten,aten_cosh,/home/arjaiswal/Polygeist/issues/aten_c_kernels/results/aten_cosh/debuf.mlir,8b496132dcfbf7066833e523743b306efc35549f3895abaae88569f62f92f3ea,syntactic,1,ok,0,743.6470799148083,0,"[""/usr/bin/python3"", ""/home/arjaiswal/Polygeist/scripts/correctness/kernel_match_rewrite.py"", ""/home/arjaiswal/Polygeist/issues/aten_c_kernels/results/aten_cosh/debuf.mlir"", ""--dry-run"", ""--matcher-mode"", ""syntactic"", ""--telemetry-json"", ""/home/arjaiswal/Polygeist/issues/equality_saturation_eval/campaign_20260908/aten-aten_cosh-syntactic-s8jfzqt8.json"", ""--disable-semantic-fallback""]","== match report for /home/arjaiswal/Polygeist/issues/aten_c_kernels/results/aten_cosh/debuf.mlir ==
  match          body#[0]  cutensorUnary_cosh_f32
  total: 1 matched / 1 bodies
",0,[],0,0,0,0,/home/arjaiswal/Polygeist/issues/aten_c_kernels/results/aten_cosh/debuf.mlir,1886,0,1,1,311.8160404264927,0,65736,0.10016933083534241,0,2,0,0,"[{""body_indices"": [0], ""symbol"": ""cutensorUnary_cosh_f32""}]",1,0,18,0.0,18
aten,aten_cosh,/home/arjaiswal/Polygeist/issues/aten_c_kernels/results/aten_cosh/debuf.mlir,8b496132dcfbf7066833e523743b306efc35549f3895abaae88569f62f92f3ea,syntactic,2,ok,0,738.5449893772602,0,"[""/usr/bin/python3"", ""/home/arjaiswal/Polygeist/scripts/correctness/kernel_match_rewrite.py"", ""/home/arjaiswal/Polygeist/issues/aten_c_kernels/results/aten_cosh/debuf.mlir"", ""--dry-run"", ""--matcher-mode"", ""syntactic"", ""--telemetry-json"", ""/home/arjaiswal/Polygeist/issues/equality_saturation_eval/campaign_20260908/aten-aten_cosh-syntactic-dy9w2alm.json"", ""--disable-semantic-fallback""]","== match report for /home/arjaiswal/Polygeist/issues/aten_c_kernels/results/aten_cosh/debuf.mlir ==
  match          body#[0]  cutensorUnary_cosh_f32
  total: 1 matched / 1 bodies
",0,[],0,0,0,0,/home/arjaiswal/Polygeist/issues/aten_c_kernels/results/aten_cosh/debuf.mlir,1886,0,1,1,306.5625913441181,0,65620,0.10196864604949951,0,2,0,0,"[{""body_indices"": [0], ""symbol"": ""cutensorUnary_cosh_f32""}]",1,0,18,0.0,18
aten,aten_cosh,/home/arjaiswal/Polygeist/issues/aten_c_kernels/results/aten_cosh/debuf.mlir,8b496132dcfbf7066833e523743b306efc35549f3895abaae88569f62f92f3ea,egglog,2,ok,0,781.3255861401558,0,"[""/usr/bin/python3"", ""/home/arjaiswal/Polygeist/scripts/correctness/kernel_match_rewrite.py"", ""/home/arjaiswal/Polygeist/issues/aten_c_kernels/results/aten_cosh/debuf.mlir"", ""--dry-run"", ""--matcher-mode"", ""egglog"", ""--telemetry-json"", ""/home/arjaiswal/Polygeist/issues/equality_saturation_eval/campaign_20260908/aten-aten_cosh-egglog-2iux7z94.json"", ""--disable-semantic-fallback""]","== match report for /home/arjaiswal/Polygeist/issues/aten_c_kernels/results/aten_cosh/debuf.mlir ==
  match          body#[0]  cutensorUnary_cosh_f32
  total: 1 matched / 1 bodies
",0,[],0,0,0,0,/home/arjaiswal/Polygeist/issues/aten_c_kernels/results/aten_cosh/debuf.mlir,1886,8,1,1,342.96080097556114,0,69192,22.668644785881042,2,2,0,0,"[{""body_indices"": [0], ""symbol"": ""cutensorUnary_cosh_f32""}]",1,0,0,0.0,18
aten,aten_cosh,/home/arjaiswal/Polygeist/issues/aten_c_kernels/results/aten_cosh/debuf.mlir,8b496132dcfbf7066833e523743b306efc35549f3895abaae88569f62f92f3ea,egglog,3,ok,0,760.5836056172848,0,"[""/usr/bin/python3"", ""/home/arjaiswal/Polygeist/scripts/correctness/kernel_match_rewrite.py"", ""/home/arjaiswal/Polygeist/issues/aten_c_kernels/results/aten_cosh/debuf.mlir"", ""--dry-run"", ""--matcher-mode"", ""egglog"", ""--telemetry-json"", ""/home/arjaiswal/Polygeist/issues/equality_saturation_eval/campaign_20260908/aten-aten_cosh-egglog-mnmc0xfn.json"", ""--disable-semantic-fallback""]","== match report for /home/arjaiswal/Polygeist/issues/aten_c_kernels/results/aten_cosh/debuf.mlir ==
  match          body#[0]  cutensorUnary_cosh_f32
  total: 1 matched / 1 bodies
",0,[],0,0,0,0,/home/arjaiswal/Polygeist/issues/aten_c_kernels/results/aten_cosh/debuf.mlir,1886,8,1,1,338.10385689139366,0,69492,22.410131990909576,2,2,0,0,"[{""body_indices"": [0], ""symbol"": ""cutensorUnary_cosh_f32""}]",1,0,0,0.0,18
aten,aten_cosh,/home/arjaiswal/Polygeist/issues/aten_c_kernels/results/aten_cosh/debuf.mlir,8b496132dcfbf7066833e523743b306efc35549f3895abaae88569f62f92f3ea,syntactic,3,ok,0,754.6884827315807,0,"[""/usr/bin/python3"", ""/home/arjaiswal/Polygeist/scripts/correctness/kernel_match_rewrite.py"", ""/home/arjaiswal/Polygeist/issues/aten_c_kernels/results/aten_cosh/debuf.mlir"", ""--dry-run"", ""--matcher-mode"", ""syntactic"", ""--telemetry-json"", ""/home/arjaiswal/Polygeist/issues/equality_saturation_eval/campaign_20260908/aten-aten_cosh-syntactic-wl4d2eft.json"", ""--disable-semantic-fallback""]","== match report for /home/arjaiswal/Polygeist/issues/aten_c_kernels/results/aten_cosh/debuf.mlir ==
  match          body#[0]  cutensorUnary_cosh_f32
  total: 1 matched / 1 bodies
",0,[],0,0,0,0,/home/arjaiswal/Polygeist/issues/aten_c_kernels/results/aten_cosh/debuf.mlir,1886,0,1,1,316.90532714128494,0,65496,0.10186433792114258,0,2,0,0,"[{""body_indices"": [0], ""symbol"": ""cutensorUnary_cosh_f32""}]",1,0,18,0.0,18
aten,aten_cosh,/home/arjaiswal/Polygeist/issues/aten_c_kernels/results/aten_cosh/debuf.mlir,8b496132dcfbf7066833e523743b306efc35549f3895abaae88569f62f92f3ea,syntactic,4,ok,0,766.8545879423618,0,"[""/usr/bin/python3"", ""/home/arjaiswal/Polygeist/scripts/correctness/kernel_match_rewrite.py"", ""/home/arjaiswal/Polygeist/issues/aten_c_kernels/results/aten_cosh/debuf.mlir"", ""--dry-run"", ""--matcher-mode"", ""syntactic"", ""--telemetry-json"", ""/home/arjaiswal/Polygeist/issues/equality_saturation_eval/campaign_20260908/aten-aten_cosh-syntactic-1w5gmlk1.json"", ""--disable-semantic-fallback""]","== match report for /home/arjaiswal/Polygeist/issues/aten_c_kernels/results/aten_cosh/debuf.mlir ==
  match          body#[0]  cutensorUnary_cosh_f32
  total: 1 matched / 1 bodies
",0,[],0,0,0,0,/home/arjaiswal/Polygeist/issues/aten_c_kernels/results/aten_cosh/debuf.mlir,1886,0,1,1,321.8762055039406,0,65748,0.10107085108757019,0,2,0,0,"[{""body_indices"": [0], ""symbol"": ""cutensorUnary_cosh_f32""}]",1,0,18,0.0,18
aten,aten_cosh,/home/arjaiswal/Polygeist/issues/aten_c_kernels/results/aten_cosh/debuf.mlir,8b496132dcfbf7066833e523743b306efc35549f3895abaae88569f62f92f3ea,egglog,4,ok,0,786.4956967532635,0,"[""/usr/bin/python3"", ""/home/arjaiswal/Polygeist/scripts/correctness/kernel_match_rewrite.py"", ""/home/arjaiswal/Polygeist/issues/aten_c_kernels/results/aten_cosh/debuf.mlir"", ""--dry-run"", ""--matcher-mode"", ""egglog"", ""--telemetry-json"", ""/home/arjaiswal/Polygeist/issues/equality_saturation_eval/campaign_20260908/aten-aten_cosh-egglog-as7rgvff.json"", ""--disable-semantic-fallback""]","== match report for /home/arjaiswal/Polygeist/issues/aten_c_kernels/results/aten_cosh/debuf.mlir ==
  match          body#[0]  cutensorUnary_cosh_f32
  total: 1 matched / 1 bodies
",0,[],0,0,0,0,/home/arjaiswal/Polygeist/issues/aten_c_kernels/results/aten_cosh/debuf.mlir,1886,8,1,1,340.27108177542686,0,69152,22.22755178809166,2,2,0,0,"[{""body_indices"": [0], ""symbol"": ""cutensorUnary_cosh_f32""}]",1,0,0,0.0,18
aten,aten_cosh,/home/arjaiswal/Polygeist/issues/aten_c_kernels/results/aten_cosh/debuf.mlir,8b496132dcfbf7066833e523743b306efc35549f3895abaae88569f62f92f3ea,egglog,5,ok,0,755.8053694665432,0,"[""/usr/bin/python3"", ""/home/arjaiswal/Polygeist/scripts/correctness/kernel_match_rewrite.py"", ""/home/arjaiswal/Polygeist/issues/aten_c_kernels/results/aten_cosh/debuf.mlir"", ""--dry-run"", ""--matcher-mode"", ""egglog"", ""--telemetry-json"", ""/home/arjaiswal/Polygeist/issues/equality_saturation_eval/campaign_20260908/aten-aten_cosh-egglog-qjlej9c0.json"", ""--disable-semantic-fallback""]","== match report for /home/arjaiswal/Polygeist/issues/aten_c_kernels/results/aten_cosh/debuf.mlir ==
  match          body#[0]  cutensorUnary_cosh_f32
  total: 1 matched / 1 bodies
",0,[],0,0,0,0,/home/arjaiswal/Polygeist/issues/aten_c_kernels/results/aten_cosh/debuf.mlir,1886,8,1,1,342.82801300287247,0,69804,22.43340015411377,2,2,0,0,"[{""body_indices"": [0], ""symbol"": ""cutensorUnary_cosh_f32""}]",1,0,0,0.0,18
aten,aten_cosh,/home/arjaiswal/Polygeist/issues/aten_c_kernels/results/aten_cosh/debuf.mlir,8b496132dcfbf7066833e523743b306efc35549f3895abaae88569f62f92f3ea,syntactic,5,ok,0,751.6387291252613,0,"[""/usr/bin/python3"", ""/home/arjaiswal/Polygeist/scripts/correctness/kernel_match_rewrite.py"", ""/home/arjaiswal/Polygeist/issues/aten_c_kernels/results/aten_cosh/debuf.mlir"", ""--dry-run"", ""--matcher-mode"", ""syntactic"", ""--telemetry-json"", ""/home/arjaiswal/Polygeist/issues/equality_saturation_eval/campaign_20260908/aten-aten_cosh-syntactic-0fhqtmjl.json"", ""--disable-semantic-fallback""]","== match report for /home/arjaiswal/Polygeist/issues/aten_c_kernels/results/aten_cosh/debuf.mlir ==
  match          body#[0]  cutensorUnary_cosh_f32
  total: 1 matched / 1 bodies
",0,[],0,0,0,0,/home/arjaiswal/Polygeist/issues/aten_c_kernels/results/aten_cosh/debuf.mlir,1886,0,1,1,327.3288533091545,0,65516,0.12170523405075073,0,2,0,0,"[{""body_indices"": [0], ""symbol"": ""cutensorUnary_cosh_f32""}]",1,0,18,0.0,18
aten,aten_count_nonzero_cpu,/home/arjaiswal/Polygeist/issues/aten_c_kernels/results/aten_count_nonzero_cpu/debuf.mlir,8f560b8ce6b7d58317ba226fabc8604ecf37fd3957498a3ea96ca363bb7aef0e,syntactic,1,ok,0,738.8822324573994,0,"[""/usr/bin/python3"", ""/home/arjaiswal/Polygeist/scripts/correctness/kernel_match_rewrite.py"", ""/home/arjaiswal/Polygeist/issues/aten_c_kernels/results/aten_count_nonzero_cpu/debuf.mlir"", ""--dry-run"", ""--matcher-mode"", ""syntactic"", ""--telemetry-json"", ""/home/arjaiswal/Polygeist/issues/equality_saturation_eval/campaign_20260908/aten-aten_count_nonzero_cpu-syntactic-2957d8fz.json"", ""--disable-semantic-fallback""]","== match report for /home/arjaiswal/Polygeist/issues/aten_c_kernels/results/aten_count_nonzero_cpu/debuf.mlir ==
  match          body#[0]  cubCountNonzero1D_f32_tensor
  total: 1 matched / 1 bodies
",0,[],0,0,0,0,/home/arjaiswal/Polygeist/issues/aten_c_kernels/results/aten_count_nonzero_cpu/debuf.mlir,2302,0,1,1,285.6627255678177,0,64448,0.0,0,0,0,0,"[{""body_indices"": [0], ""symbol"": ""cubCountNonzero1D_f32_tensor""}]",1,0,0,0.0,0
aten,aten_count_nonzero_cpu,/home/arjaiswal/Polygeist/issues/aten_c_kernels/results/aten_count_nonzero_cpu/debuf.mlir,8f560b8ce6b7d58317ba226fabc8604ecf37fd3957498a3ea96ca363bb7aef0e,egglog,1,ok,0,742.1409673988819,0,"[""/usr/bin/python3"", ""/home/arjaiswal/Polygeist/scripts/correctness/kernel_match_rewrite.py"", ""/home/arjaiswal/Polygeist/issues/aten_c_kernels/results/aten_count_nonzero_cpu/debuf.mlir"", ""--dry-run"", ""--matcher-mode"", ""egglog"", ""--telemetry-json"", ""/home/arjaiswal/Polygeist/issues/equality_saturation_eval/campaign_20260908/aten-aten_count_nonzero_cpu-egglog-i9gujdnt.json"", ""--disable-semantic-fallback""]","== match report for /home/arjaiswal/Polygeist/issues/aten_c_kernels/results/aten_count_nonzero_cpu/debuf.mlir ==
  match          body#[0]  cubCountNonzero1D_f32_tensor
  total: 1 matched / 1 bodies
",0,[],0,0,0,0,/home/arjaiswal/Polygeist/issues/aten_c_kernels/results/aten_count_nonzero_cpu/debuf.mlir,2302,8,1,1,304.18114736676216,0,64688,0.0,0,0,0,0,"[{""body_indices"": [0], ""symbol"": ""cubCountNonzero1D_f32_tensor""}]",1,0,0,0.0,0
aten,aten_count_nonzero_cpu,/home/arjaiswal/Polygeist/issues/aten_c_kernels/results/aten_count_nonzero_cpu/debuf.mlir,8f560b8ce6b7d58317ba226fabc8604ecf37fd3957498a3ea96ca363bb7aef0e,egglog,2,ok,0,688.9744214713573,0,"[""/usr/bin/python3"", ""/home/arjaiswal/Polygeist/scripts/correctness/kernel_match_rewrite.py"", ""/home/arjaiswal/Polygeist/issues/aten_c_kernels/results/aten_count_nonzero_cpu/debuf.mlir"", ""--dry-run"", ""--matcher-mode"", ""egglog"", ""--telemetry-json"", ""/home/arjaiswal/Polygeist/issues/equality_saturation_eval/campaign_20260908/aten-aten_count_nonzero_cpu-egglog-ds7oath1.json"", ""--disable-semantic-fallback""]","== match report for /home/arjaiswal/Polygeist/issues/aten_c_kernels/results/aten_count_nonzero_cpu/debuf.mlir ==
  match          body#[0]  cubCountNonzero1D_f32_tensor
  total: 1 matched / 1 bodies
",0,[],0,0,0,0,/home/arjaiswal/Polygeist/issues/aten_c_kernels/results/aten_count_nonzero_cpu/debuf.mlir,2302,8,1,1,253.3755786716938,0,64616,0.0,0,0,0,0,"[{""body_indices"": [0], ""symbol"": ""cubCountNonzero1D_f32_tensor""}]",1,0,0,0.0,0
aten,aten_count_nonzero_cpu,/home/arjaiswal/Polygeist/issues/aten_c_kernels/results/aten_count_nonzero_cpu/debuf.mlir,8f560b8ce6b7d58317ba226fabc8604ecf37fd3957498a3ea96ca363bb7aef0e,syntactic,2,ok,0,695.4023465514183,0,"[""/usr/bin/python3"", ""/home/arjaiswal/Polygeist/scripts/correctness/kernel_match_rewrite.py"", ""/home/arjaiswal/Polygeist/issues/aten_c_kernels/results/aten_count_nonzero_cpu/debuf.mlir"", ""--dry-run"", ""--matcher-mode"", ""syntactic"", ""--telemetry-json"", ""/home/arjaiswal/Polygeist/issues/equality_saturation_eval/campaign_20260908/aten-aten_count_nonzero_cpu-syntactic-ibfxzd3p.json"", ""--disable-semantic-fallback""]","== match report for /home/arjaiswal/Polygeist/issues/aten_c_kernels/results/aten_count_nonzero_cpu/debuf.mlir ==
  match          body#[0]  cubCountNonzero1D_f32_tensor
  total: 1 matched / 1 bodies
",0,[],0,0,0,0,/home/arjaiswal/Polygeist/issues/aten_c_kernels/results/aten_count_nonzero_cpu/debuf.mlir,2302,0,1,1,263.2720582187176,0,64672,0.0,0,0,0,0,"[{""body_indices"": [0], ""symbol"": ""cubCountNonzero1D_f32_tensor""}]",1,0,0,0.0,0
aten,aten_count_nonzero_cpu,/home/arjaiswal/Polygeist/issues/aten_c_kernels/results/aten_count_nonzero_cpu/debuf.mlir,8f560b8ce6b7d58317ba226fabc8604ecf37fd3957498a3ea96ca363bb7aef0e,syntactic,3,ok,0,712.3371697962284,0,"[""/usr/bin/python3"", ""/home/arjaiswal/Polygeist/scripts/correctness/kernel_match_rewrite.py"", ""/home/arjaiswal/Polygeist/issues/aten_c_kernels/results/aten_count_nonzero_cpu/debuf.mlir"", ""--dry-run"", ""--matcher-mode"", ""syntactic"", ""--telemetry-json"", ""/home/arjaiswal/Polygeist/issues/equality_saturation_eval/campaign_20260908/aten-aten_count_nonzero_cpu-syntactic-fhjd5zsr.json"", ""--disable-semantic-fallback""]","== match report for /home/arjaiswal/Polygeist/issues/aten_c_kernels/results/aten_count_nonzero_cpu/debuf.mlir ==
  match          body#[0]  cubCountNonzero1D_f32_tensor
  total: 1 matched / 1 bodies
",0,[],0,0,0,0,/home/arjaiswal/Polygeist/issues/aten_c_kernels/results/aten_count_nonzero_cpu/debuf.mlir,2302,0,1,1,306.11713603138924,0,64596,0.0,0,0,0,0,"[{""body_indices"": [0], ""symbol"": ""cubCountNonzero1D_f32_tensor""}]",1,0,0,0.0,0
aten,aten_count_nonzero_cpu,/home/arjaiswal/Polygeist/issues/aten_c_kernels/results/aten_count_nonzero_cpu/debuf.mlir,8f560b8ce6b7d58317ba226fabc8604ecf37fd3957498a3ea96ca363bb7aef0e,egglog,3,ok,0,682.3219694197178,0,"[""/usr/bin/python3"", ""/home/arjaiswal/Polygeist/scripts/correctness/kernel_match_rewrite.py"", ""/home/arjaiswal/Polygeist/issues/aten_c_kernels/results/aten_count_nonzero_cpu/debuf.mlir"", ""--dry-run"", ""--matcher-mode"", ""egglog"", ""--telemetry-json"", ""/home/arjaiswal/Polygeist/issues/equality_saturation_eval/campaign_20260908/aten-aten_count_nonzero_cpu-egglog-vqettge2.json"", ""--disable-semantic-fallback""]","== match report for /home/arjaiswal/Polygeist/issues/aten_c_kernels/results/aten_count_nonzero_cpu/debuf.mlir ==
  match          body#[0]  cubCountNonzero1D_f32_tensor
  total: 1 matched / 1 bodies
",0,[],0,0,0,0,/home/arjaiswal/Polygeist/issues/aten_c_kernels/results/aten_count_nonzero_cpu/debuf.mlir,2302,8,1,1,258.8447853922844,0,64612,0.0,0,0,0,0,"[{""body_indices"": [0], ""symbol"": ""cubCountNonzero1D_f32_tensor""}]",1,0,0,0.0,0
aten,aten_count_nonzero_cpu,/home/arjaiswal/Polygeist/issues/aten_c_kernels/results/aten_count_nonzero_cpu/debuf.mlir,8f560b8ce6b7d58317ba226fabc8604ecf37fd3957498a3ea96ca363bb7aef0e,egglog,4,ok,0,681.048084050417,0,"[""/usr/bin/python3"", ""/home/arjaiswal/Polygeist/scripts/correctness/kernel_match_rewrite.py"", ""/home/arjaiswal/Polygeist/issues/aten_c_kernels/results/aten_count_nonzero_cpu/debuf.mlir"", ""--dry-run"", ""--matcher-mode"", ""egglog"", ""--telemetry-json"", ""/home/arjaiswal/Polygeist/issues/equality_saturation_eval/campaign_20260908/aten-aten_count_nonzero_cpu-egglog-1o_a6_mx.json"", ""--disable-semantic-fallback""]","== match report for /home/arjaiswal/Polygeist/issues/aten_c_kernels/results/aten_count_nonzero_cpu/debuf.mlir ==
  match          body#[0]  cubCountNonzero1D_f32_tensor
  total: 1 matched / 1 bodies
",0,[],0,0,0,0,/home/arjaiswal/Polygeist/issues/aten_c_kernels/results/aten_count_nonzero_cpu/debuf.mlir,2302,8,1,1,263.93191143870354,0,65008,0.0,0,0,0,0,"[{""body_indices"": [0], ""symbol"": ""cubCountNonzero1D_f32_tensor""}]",1,0,0,0.0,0
aten,aten_count_nonzero_cpu,/home/arjaiswal/Polygeist/issues/aten_c_kernels/results/aten_count_nonzero_cpu/debuf.mlir,8f560b8ce6b7d58317ba226fabc8604ecf37fd3957498a3ea96ca363bb7aef0e,syntactic,4,ok,0,757.9435892403126,0,"[""/usr/bin/python3"", ""/home/arjaiswal/Polygeist/scripts/correctness/kernel_match_rewrite.py"", ""/home/arjaiswal/Polygeist/issues/aten_c_kernels/results/aten_count_nonzero_cpu/debuf.mlir"", ""--dry-run"", ""--matcher-mode"", ""syntactic"", ""--telemetry-json"", ""/home/arjaiswal/Polygeist/issues/equality_saturation_eval/campaign_20260908/aten-aten_count_nonzero_cpu-syntactic-qsuwutyf.json"", ""--disable-semantic-fallback""]","== match report for /home/arjaiswal/Polygeist/issues/aten_c_kernels/results/aten_count_nonzero_cpu/debuf.mlir ==
  match          body#[0]  cubCountNonzero1D_f32_tensor
  total: 1 matched / 1 bodies
",0,[],0,0,0,0,/home/arjaiswal/Polygeist/issues/aten_c_kernels/results/aten_count_nonzero_cpu/debuf.mlir,2302,0,1,1,276.9499458372593,0,64936,0.0,0,0,0,0,"[{""body_indices"": [0], ""symbol"": ""cubCountNonzero1D_f32_tensor""}]",1,0,0,0.0,0
aten,aten_count_nonzero_cpu,/home/arjaiswal/Polygeist/issues/aten_c_kernels/results/aten_count_nonzero_cpu/debuf.mlir,8f560b8ce6b7d58317ba226fabc8604ecf37fd3957498a3ea96ca363bb7aef0e,syntactic,5,ok,0,693.8165500760078,0,"[""/usr/bin/python3"", ""/home/arjaiswal/Polygeist/scripts/correctness/kernel_match_rewrite.py"", ""/home/arjaiswal/Polygeist/issues/aten_c_kernels/results/aten_count_nonzero_cpu/debuf.mlir"", ""--dry-run"", ""--matcher-mode"", ""syntactic"", ""--telemetry-json"", ""/home/arjaiswal/Polygeist/issues/equality_saturation_eval/campaign_20260908/aten-aten_count_nonzero_cpu-syntactic-s7xlvwrf.json"", ""--disable-semantic-fallback""]","== match report for /home/arjaiswal/Polygeist/issues/aten_c_kernels/results/aten_count_nonzero_cpu/debuf.mlir ==
  match          body#[0]  cubCountNonzero1D_f32_tensor
  total: 1 matched / 1 bodies
",0,[],0,0,0,0,/home/arjaiswal/Polygeist/issues/aten_c_kernels/results/aten_count_nonzero_cpu/debuf.mlir,2302,0,1,1,264.6963968873024,0,64772,0.0,0,0,0,0,"[{""body_indices"": [0], ""symbol"": ""cubCountNonzero1D_f32_tensor""}]",1,0,0,0.0,0
aten,aten_count_nonzero_cpu,/home/arjaiswal/Polygeist/issues/aten_c_kernels/results/aten_count_nonzero_cpu/debuf.mlir,8f560b8ce6b7d58317ba226fabc8604ecf37fd3957498a3ea96ca363bb7aef0e,egglog,5,ok,0,711.738221347332,0,"[""/usr/bin/python3"", ""/home/arjaiswal/Polygeist/scripts/correctness/kernel_match_rewrite.py"", ""/home/arjaiswal/Polygeist/issues/aten_c_kernels/results/aten_count_nonzero_cpu/debuf.mlir"", ""--dry-run"", ""--matcher-mode"", ""egglog"", ""--telemetry-json"", ""/home/arjaiswal/Polygeist/issues/equality_saturation_eval/campaign_20260908/aten-aten_count_nonzero_cpu-egglog-fpnlnrrx.json"", ""--disable-semantic-fallback""]","== match report for /home/arjaiswal/Polygeist/issues/aten_c_kernels/results/aten_count_nonzero_cpu/debuf.mlir ==
  match          body#[0]  cubCountNonzero1D_f32_tensor
  total: 1 matched / 1 bodies
",0,[],0,0,0,0,/home/arjaiswal/Polygeist/issues/aten_c_kernels/results/aten_count_nonzero_cpu/debuf.mlir,2302,8,1,1,283.6546115577221,0,64792,0.0,0,0,0,0,"[{""body_indices"": [0], ""symbol"": ""cubCountNonzero1D_f32_tensor""}]",1,0,0,0.0,0
aten,aten_count_nonzero_impl_cpu,/home/arjaiswal/Polygeist/issues/aten_c_kernels/results/aten_count_nonzero_impl_cpu/debuf.mlir,8a1c9892f9940042028d17836b8d75c88733d7d0480139d6c9bc267e2f5c246b,egglog,1,ok,0,775.172982364893,0,"[""/usr/bin/python3"", ""/home/arjaiswal/Polygeist/scripts/correctness/kernel_match_rewrite.py"", ""/home/arjaiswal/Polygeist/issues/aten_c_kernels/results/aten_count_nonzero_impl_cpu/debuf.mlir"", ""--dry-run"", ""--matcher-mode"", ""egglog"", ""--telemetry-json"", ""/home/arjaiswal/Polygeist/issues/equality_saturation_eval/campaign_20260908/aten-aten_count_nonzero_impl_cpu-egglog-wdl6s0lu.json"", ""--disable-semantic-fallback""]","== match report for /home/arjaiswal/Polygeist/issues/aten_c_kernels/results/aten_count_nonzero_impl_cpu/debuf.mlir ==
  match          body#[0, 1]  cubSegmentedCountNonzero2D_f32_tensor
  total: 1 matched / 1 bodies
",0,[],0,0,0,0,/home/arjaiswal/Polygeist/issues/aten_c_kernels/results/aten_count_nonzero_impl_cpu/debuf.mlir,2689,8,2,2,345.77541053295135,0,69332,42.226988822221756,4,4,0,4,"[{""body_indices"": [0, 1], ""symbol"": ""cubSegmentedCountNonzero2D_f32_tensor""}]",1,0,0,0.0,4
aten,aten_count_nonzero_impl_cpu,/home/arjaiswal/Polygeist/issues/aten_c_kernels/results/aten_count_nonzero_impl_cpu/debuf.mlir,8a1c9892f9940042028d17836b8d75c88733d7d0480139d6c9bc267e2f5c246b,syntactic,1,ok,0,697.6791992783546,0,"[""/usr/bin/python3"", ""/home/arjaiswal/Polygeist/scripts/correctness/kernel_match_rewrite.py"", ""/home/arjaiswal/Polygeist/issues/aten_c_kernels/results/aten_count_nonzero_impl_cpu/debuf.mlir"", ""--dry-run"", ""--matcher-mode"", ""syntactic"", ""--telemetry-json"", ""/home/arjaiswal/Polygeist/issues/equality_saturation_eval/campaign_20260908/aten-aten_count_nonzero_impl_cpu-syntactic-ud_qi1jn.json"", ""--disable-semantic-fallback""]","== match report for /home/arjaiswal/Polygeist/issues/aten_c_kernels/results/aten_count_nonzero_impl_cpu/debuf.mlir ==
  match          body#[0, 1]  cubSegmentedCountNonzero2D_f32_tensor
  total: 1 matched / 1 bodies
",0,[],0,0,0,0,/home/arjaiswal/Polygeist/issues/aten_c_kernels/results/aten_count_nonzero_impl_cpu/debuf.mlir,2689,0,2,2,270.3182026743889,0,64600,0.029280781745910645,0,4,0,0,"[{""body_indices"": [0, 1], ""symbol"": ""cubSegmentedCountNonzero2D_f32_tensor""}]",1,0,4,0.0,4
aten,aten_count_nonzero_impl_cpu,/home/arjaiswal/Polygeist/issues/aten_c_kernels/results/aten_count_nonzero_impl_cpu/debuf.mlir,8a1c9892f9940042028d17836b8d75c88733d7d0480139d6c9bc267e2f5c246b,syntactic,2,ok,0,700.2226896584034,0,"[""/usr/bin/python3"", ""/home/arjaiswal/Polygeist/scripts/correctness/kernel_match_rewrite.py"", ""/home/arjaiswal/Polygeist/issues/aten_c_kernels/results/aten_count_nonzero_impl_cpu/debuf.mlir"", ""--dry-run"", ""--matcher-mode"", ""syntactic"", ""--telemetry-json"", ""/home/arjaiswal/Polygeist/issues/equality_saturation_eval/campaign_20260908/aten-aten_count_nonzero_impl_cpu-syntactic-wr42u6zn.json"", ""--disable-semantic-fallback""]","== match report for /home/arjaiswal/Polygeist/issues/aten_c_kernels/results/aten_count_nonzero_impl_cpu/debuf.mlir ==
  match          body#[0, 1]  cubSegmentedCountNonzero2D_f32_tensor
  total: 1 matched / 1 bodies
",0,[],0,0,0,0,/home/arjaiswal/Polygeist/issues/aten_c_kernels/results/aten_count_nonzero_impl_cpu/debuf.mlir,2689,0,2,2,273.86847510933876,0,64588,0.027585774660110474,0,4,0,0,"[{""body_indices"": [0, 1], ""symbol"": ""cubSegmentedCountNonzero2D_f32_tensor""}]",1,0,4,0.0,4
aten,aten_count_nonzero_impl_cpu,/home/arjaiswal/Polygeist/issues/aten_c_kernels/results/aten_count_nonzero_impl_cpu/debuf.mlir,8a1c9892f9940042028d17836b8d75c88733d7d0480139d6c9bc267e2f5c246b,egglog,2,ok,0,741.7299412190914,0,"[""/usr/bin/python3"", ""/home/arjaiswal/Polygeist/scripts/correctness/kernel_match_rewrite.py"", ""/home/arjaiswal/Polygeist/issues/aten_c_kernels/results/aten_count_nonzero_impl_cpu/debuf.mlir"", ""--dry-run"", ""--matcher-mode"", ""egglog"", ""--telemetry-json"", ""/home/arjaiswal/Polygeist/issues/equality_saturation_eval/campaign_20260908/aten-aten_count_nonzero_impl_cpu-egglog-hplae2j6.json"", ""--disable-semantic-fallback""]","== match report for /home/arjaiswal/Polygeist/issues/aten_c_kernels/results/aten_count_nonzero_impl_cpu/debuf.mlir ==
  match          body#[0, 1]  cubSegmentedCountNonzero2D_f32_tensor
  total: 1 matched / 1 bodies
",0,[],0,0,0,0,/home/arjaiswal/Polygeist/issues/aten_c_kernels/results/aten_count_nonzero_impl_cpu/debuf.mlir,2689,8,2,2,321.47882878780365,0,69540,44.96794193983078,4,4,0,4,"[{""body_indices"": [0, 1], ""symbol"": ""cubSegmentedCountNonzero2D_f32_tensor""}]",1,0,0,0.0,4
aten,aten_count_nonzero_impl_cpu,/home/arjaiswal/Polygeist/issues/aten_c_kernels/results/aten_count_nonzero_impl_cpu/debuf.mlir,8a1c9892f9940042028d17836b8d75c88733d7d0480139d6c9bc267e2f5c246b,egglog,3,ok,0,805.8527633547783,0,"[""/usr/bin/python3"", ""/home/arjaiswal/Polygeist/scripts/correctness/kernel_match_rewrite.py"", ""/home/arjaiswal/Polygeist/issues/aten_c_kernels/results/aten_count_nonzero_impl_cpu/debuf.mlir"", ""--dry-run"", ""--matcher-mode"", ""egglog"", ""--telemetry-json"", ""/home/arjaiswal/Polygeist/issues/equality_saturation_eval/campaign_20260908/aten-aten_count_nonzero_impl_cpu-egglog-sk6li9aa.json"", ""--disable-semantic-fallback""]","== match report for /home/arjaiswal/Polygeist/issues/aten_c_kernels/results/aten_count_nonzero_impl_cpu/debuf.mlir ==
  match          body#[0, 1]  cubSegmentedCountNonzero2D_f32_tensor
  total: 1 matched / 1 bodies
",0,[],0,0,0,0,/home/arjaiswal/Polygeist/issues/aten_c_kernels/results/aten_count_nonzero_impl_cpu/debuf.mlir,2689,8,2,2,313.5659694671631,0,69436,42.45760664343834,4,4,0,4,"[{""body_indices"": [0, 1], ""symbol"": ""cubSegmentedCountNonzero2D_f32_tensor""}]",1,0,0,0.0,4
aten,aten_count_nonzero_impl_cpu,/home/arjaiswal/Polygeist/issues/aten_c_kernels/results/aten_count_nonzero_impl_cpu/debuf.mlir,8a1c9892f9940042028d17836b8d75c88733d7d0480139d6c9bc267e2f5c246b,syntactic,3,ok,0,698.0232782661915,0,"[""/usr/bin/python3"", ""/home/arjaiswal/Polygeist/scripts/correctness/kernel_match_rewrite.py"", ""/home/arjaiswal/Polygeist/issues/aten_c_kernels/results/aten_count_nonzero_impl_cpu/debuf.mlir"", ""--dry-run"", ""--matcher-mode"", ""syntactic"", ""--telemetry-json"", ""/home/arjaiswal/Polygeist/issues/equality_saturation_eval/campaign_20260908/aten-aten_count_nonzero_impl_cpu-syntactic-oi_fm7xf.json"", ""--disable-semantic-fallback""]","== match report for /home/arjaiswal/Polygeist/issues/aten_c_kernels/results/aten_count_nonzero_impl_cpu/debuf.mlir ==
  match          body#[0, 1]  cubSegmentedCountNonzero2D_f32_tensor
  total: 1 matched / 1 bodies
",0,[],0,0,0,0,/home/arjaiswal/Polygeist/issues/aten_c_kernels/results/aten_count_nonzero_impl_cpu/debuf.mlir,2689,0,2,2,267.4429453909397,0,64504,0.03061816096305847,0,4,0,0,"[{""body_indices"": [0, 1], ""symbol"": ""cubSegmentedCountNonzero2D_f32_tensor""}]",1,0,4,0.0,4
aten,aten_count_nonzero_impl_cpu,/home/arjaiswal/Polygeist/issues/aten_c_kernels/results/aten_count_nonzero_impl_cpu/debuf.mlir,8a1c9892f9940042028d17836b8d75c88733d7d0480139d6c9bc267e2f5c246b,syntactic,4,ok,0,710.1133987307549,0,"[""/usr/bin/python3"", ""/home/arjaiswal/Polygeist/scripts/correctness/kernel_match_rewrite.py"", ""/home/arjaiswal/Polygeist/issues/aten_c_kernels/results/aten_count_nonzero_impl_cpu/debuf.mlir"", ""--dry-run"", ""--matcher-mode"", ""syntactic"", ""--telemetry-json"", ""/home/arjaiswal/Polygeist/issues/equality_saturation_eval/campaign_20260908/aten-aten_count_nonzero_impl_cpu-syntactic-7a522vyx.json"", ""--disable-semantic-fallback""]","== match report for /home/arjaiswal/Polygeist/issues/aten_c_kernels/results/aten_count_nonzero_impl_cpu/debuf.mlir ==
  match          body#[0, 1]  cubSegmentedCountNonzero2D_f32_tensor
  total: 1 matched / 1 bodies
",0,[],0,0,0,0,/home/arjaiswal/Polygeist/issues/aten_c_kernels/results/aten_count_nonzero_impl_cpu/debuf.mlir,2689,0,2,2,298.6726835370064,0,64728,0.030469149351119995,0,4,0,0,"[{""body_indices"": [0, 1], ""symbol"": ""cubSegmentedCountNonzero2D_f32_tensor""}]",1,0,4,0.0,4
aten,aten_count_nonzero_impl_cpu,/home/arjaiswal/Polygeist/issues/aten_c_kernels/results/aten_count_nonzero_impl_cpu/debuf.mlir,8a1c9892f9940042028d17836b8d75c88733d7d0480139d6c9bc267e2f5c246b,egglog,4,ok,0,765.2030698955059,0,"[""/usr/bin/python3"", ""/home/arjaiswal/Polygeist/scripts/correctness/kernel_match_rewrite.py"", ""/home/arjaiswal/Polygeist/issues/aten_c_kernels/results/aten_count_nonzero_impl_cpu/debuf.mlir"", ""--dry-run"", ""--matcher-mode"", ""egglog"", ""--telemetry-json"", ""/home/arjaiswal/Polygeist/issues/equality_saturation_eval/campaign_20260908/aten-aten_count_nonzero_impl_cpu-egglog-vvct9ryp.json"", ""--disable-semantic-fallback""]","== match report for /home/arjaiswal/Polygeist/issues/aten_c_kernels/results/aten_count_nonzero_impl_cpu/debuf.mlir ==
  match          body#[0, 1]  cubSegmentedCountNonzero2D_f32_tensor
  total: 1 matched / 1 bodies
",0,[],0,0,0,0,/home/arjaiswal/Polygeist/issues/aten_c_kernels/results/aten_count_nonzero_impl_cpu/debuf.mlir,2689,8,2,2,336.75722777843475,0,69568,47.31466621160507,4,4,0,4,"[{""body_indices"": [0, 1], ""symbol"": ""cubSegmentedCountNonzero2D_f32_tensor""}]",1,0,0,0.0,4
aten,aten_count_nonzero_impl_cpu,/home/arjaiswal/Polygeist/issues/aten_c_kernels/results/aten_count_nonzero_impl_cpu/debuf.mlir,8a1c9892f9940042028d17836b8d75c88733d7d0480139d6c9bc267e2f5c246b,egglog,5,ok,0,769.3016640841961,0,"[""/usr/bin/python3"", ""/home/arjaiswal/Polygeist/scripts/correctness/kernel_match_rewrite.py"", ""/home/arjaiswal/Polygeist/issues/aten_c_kernels/results/aten_count_nonzero_impl_cpu/debuf.mlir"", ""--dry-run"", ""--matcher-mode"", ""egglog"", ""--telemetry-json"", ""/home/arjaiswal/Polygeist/issues/equality_saturation_eval/campaign_20260908/aten-aten_count_nonzero_impl_cpu-egglog-se1ud6xe.json"", ""--disable-semantic-fallback""]","== match report for /home/arjaiswal/Polygeist/issues/aten_c_kernels/results/aten_count_nonzero_impl_cpu/debuf.mlir ==
  match          body#[0, 1]  cubSegmentedCountNonzero2D_f32_tensor
  total: 1 matched / 1 bodies
",0,[],0,0,0,0,/home/arjaiswal/Polygeist/issues/aten_c_kernels/results/aten_count_nonzero_impl_cpu/debuf.mlir,2689,8,2,2,343.36819872260094,0,69436,46.721041202545166,4,4,0,4,"[{""body_indices"": [0, 1], ""symbol"": ""cubSegmentedCountNonzero2D_f32_tensor""}]",1,0,0,0.0,4
aten,aten_count_nonzero_impl_cpu,/home/arjaiswal/Polygeist/issues/aten_c_kernels/results/aten_count_nonzero_impl_cpu/debuf.mlir,8a1c9892f9940042028d17836b8d75c88733d7d0480139d6c9bc267e2f5c246b,syntactic,5,ok,0,699.9265030026436,0,"[""/usr/bin/python3"", ""/home/arjaiswal/Polygeist/scripts/correctness/kernel_match_rewrite.py"", ""/home/arjaiswal/Polygeist/issues/aten_c_kernels/results/aten_count_nonzero_impl_cpu/debuf.mlir"", ""--dry-run"", ""--matcher-mode"", ""syntactic"", ""--telemetry-json"", ""/home/arjaiswal/Polygeist/issues/equality_saturation_eval/campaign_20260908/aten-aten_count_nonzero_impl_cpu-syntactic-we1_mz_1.json"", ""--disable-semantic-fallback""]","== match report for /home/arjaiswal/Polygeist/issues/aten_c_kernels/results/aten_count_nonzero_impl_cpu/debuf.mlir ==
  match          body#[0, 1]  cubSegmentedCountNonzero2D_f32_tensor
  total: 1 matched / 1 bodies
",0,[],0,0,0,0,/home/arjaiswal/Polygeist/issues/aten_c_kernels/results/aten_count_nonzero_impl_cpu/debuf.mlir,2689,0,2,2,284.346591681242,0,64928,0.02810731530189514,0,4,0,0,"[{""body_indices"": [0, 1], ""symbol"": ""cubSegmentedCountNonzero2D_f32_tensor""}]",1,0,4,0.0,4
aten,aten_cpu_blas_gemm_batched_cpu,/home/arjaiswal/Polygeist/issues/aten_c_kernels/results/aten_cpu_blas_gemm_batched_cpu/debuf.mlir,6897a07f4cb97b69bd1e02fbdcd80d46ac8dc2bd6a723c78a0763aee487b474b,syntactic,1,ok,0,700.2120837569237,0,"[""/usr/bin/python3"", ""/home/arjaiswal/Polygeist/scripts/correctness/kernel_match_rewrite.py"", ""/home/arjaiswal/Polygeist/issues/aten_c_kernels/results/aten_cpu_blas_gemm_batched_cpu/debuf.mlir"", ""--dry-run"", ""--matcher-mode"", ""syntactic"", ""--telemetry-json"", ""/home/arjaiswal/Polygeist/issues/equality_saturation_eval/campaign_20260908/aten-aten_cpu_blas_gemm_batched_cpu-syntactic-825b06ay.json"", ""--disable-semantic-fallback""]","== match report for /home/arjaiswal/Polygeist/issues/aten_c_kernels/results/aten_cpu_blas_gemm_batched_cpu/debuf.mlir ==
  match          body#[0, 1]  cublasSgemm_strided_batched_nn_zero
  total: 1 matched / 1 bodies
",0,[],0,0,0,0,/home/arjaiswal/Polygeist/issues/aten_c_kernels/results/aten_cpu_blas_gemm_batched_cpu/debuf.mlir,3239,0,2,2,268.77737790346146,0,64848,0.03425776958465576,0,6,0,0,"[{""body_indices"": [0, 1], ""symbol"": ""cublasSgemm_strided_batched_nn_zero""}]",1,0,6,0.0,6
aten,aten_cpu_blas_gemm_batched_cpu,/home/arjaiswal/Polygeist/issues/aten_c_kernels/results/aten_cpu_blas_gemm_batched_cpu/debuf.mlir,6897a07f4cb97b69bd1e02fbdcd80d46ac8dc2bd6a723c78a0763aee487b474b,egglog,1,ok,0,781.7911244928837,0,"[""/usr/bin/python3"", ""/home/arjaiswal/Polygeist/scripts/correctness/kernel_match_rewrite.py"", ""/home/arjaiswal/Polygeist/issues/aten_c_kernels/results/aten_cpu_blas_gemm_batched_cpu/debuf.mlir"", ""--dry-run"", ""--matcher-mode"", ""egglog"", ""--telemetry-json"", ""/home/arjaiswal/Polygeist/issues/equality_saturation_eval/campaign_20260908/aten-aten_cpu_blas_gemm_batched_cpu-egglog-_zuqp7nz.json"", ""--disable-semantic-fallback""]","== match report for /home/arjaiswal/Polygeist/issues/aten_c_kernels/results/aten_cpu_blas_gemm_batched_cpu/debuf.mlir ==
  match          body#[0, 1]  cublasSgemm_strided_batched_nn_zero
  total: 1 matched / 1 bodies
",0,[],0,0,0,0,/home/arjaiswal/Polygeist/issues/aten_c_kernels/results/aten_cpu_blas_gemm_batched_cpu/debuf.mlir,3239,8,2,2,339.64043855667114,0,69192,61.45554408431053,6,6,0,8,"[{""body_indices"": [0, 1], ""symbol"": ""cublasSgemm_strided_batched_nn_zero""}]",1,0,0,0.0,6
aten,aten_cpu_blas_gemm_batched_cpu,/home/arjaiswal/Polygeist/issues/aten_c_kernels/results/aten_cpu_blas_gemm_batched_cpu/debuf.mlir,6897a07f4cb97b69bd1e02fbdcd80d46ac8dc2bd6a723c78a0763aee487b474b,egglog,2,ok,0,748.4891787171364,0,"[""/usr/bin/python3"", ""/home/arjaiswal/Polygeist/scripts/correctness/kernel_match_rewrite.py"", ""/home/arjaiswal/Polygeist/issues/aten_c_kernels/results/aten_cpu_blas_gemm_batched_cpu/debuf.mlir"", ""--dry-run"", ""--matcher-mode"", ""egglog"", ""--telemetry-json"", ""/home/arjaiswal/Polygeist/issues/equality_saturation_eval/campaign_20260908/aten-aten_cpu_blas_gemm_batched_cpu-egglog-6ic4ojoc.json"", ""--disable-semantic-fallback""]","== match report for /home/arjaiswal/Polygeist/issues/aten_c_kernels/results/aten_cpu_blas_gemm_batched_cpu/debuf.mlir ==
  match          body#[0, 1]  cublasSgemm_strided_batched_nn_zero
  total: 1 matched / 1 bodies
",0,[],0,0,0,0,/home/arjaiswal/Polygeist/issues/aten_c_kernels/results/aten_cpu_blas_gemm_batched_cpu/debuf.mlir,3239,8,2,2,338.9730118215084,0,69884,63.22888284921646,6,6,0,8,"[{""body_indices"": [0, 1], ""symbol"": ""cublasSgemm_strided_batched_nn_zero""}]",1,0,0,0.0,6
aten,aten_cpu_blas_gemm_batched_cpu,/home/arjaiswal/Polygeist/issues/aten_c_kernels/results/aten_cpu_blas_gemm_batched_cpu/debuf.mlir,6897a07f4cb97b69bd1e02fbdcd80d46ac8dc2bd6a723c78a0763aee487b474b,syntactic,2,ok,0,721.2769128382206,0,"[""/usr/bin/python3"", ""/home/arjaiswal/Polygeist/scripts/correctness/kernel_match_rewrite.py"", ""/home/arjaiswal/Polygeist/issues/aten_c_kernels/results/aten_cpu_blas_gemm_batched_cpu/debuf.mlir"", ""--dry-run"", ""--matcher-mode"", ""syntactic"", ""--telemetry-json"", ""/home/arjaiswal/Polygeist/issues/equality_saturation_eval/campaign_20260908/aten-aten_cpu_blas_gemm_batched_cpu-syntactic-cvo774x9.json"", ""--disable-semantic-fallback""]","== match report for /home/arjaiswal/Polygeist/issues/aten_c_kernels/results/aten_cpu_blas_gemm_batched_cpu/debuf.mlir ==
  match          body#[0, 1]  cublasSgemm_strided_batched_nn_zero
  total: 1 matched / 1 bodies
",0,[],0,0,0,0,/home/arjaiswal/Polygeist/issues/aten_c_kernels/results/aten_cpu_blas_gemm_batched_cpu/debuf.mlir,3239,0,2,2,286.4815965294838,0,65476,0.0351443886756897,0,6,0,0,"[{""body_indices"": [0, 1], ""symbol"": ""cublasSgemm_strided_batched_nn_zero""}]",1,0,6,0.0,6
aten,aten_cpu_blas_gemm_batched_cpu,/home/arjaiswal/Polygeist/issues/aten_c_kernels/results/aten_cpu_blas_gemm_batched_cpu/debuf.mlir,6897a07f4cb97b69bd1e02fbdcd80d46ac8dc2bd6a723c78a0763aee487b474b,syntactic,3,ok,0,692.3545636236668,0,"[""/usr/bin/python3"", ""/home/arjaiswal/Polygeist/scripts/correctness/kernel_match_rewrite.py"", ""/home/arjaiswal/Polygeist/issues/aten_c_kernels/results/aten_cpu_blas_gemm_batched_cpu/debuf.mlir"", ""--dry-run"", ""--matcher-mode"", ""syntactic"", ""--telemetry-json"", ""/home/arjaiswal/Polygeist/issues/equality_saturation_eval/campaign_20260908/aten-aten_cpu_blas_gemm_batched_cpu-syntactic-l61pjvy_.json"", ""--disable-semantic-fallback""]","== match report for /home/arjaiswal/Polygeist/issues/aten_c_kernels/results/aten_cpu_blas_gemm_batched_cpu/debuf.mlir ==
  match          body#[0, 1]  cublasSgemm_strided_batched_nn_zero
  total: 1 matched / 1 bodies
",0,[],0,0,0,0,/home/arjaiswal/Polygeist/issues/aten_c_kernels/results/aten_cpu_blas_gemm_batched_cpu/debuf.mlir,3239,0,2,2,276.20039135217667,0,64620,0.03548711538314819,0,6,0,0,"[{""body_indices"": [0, 1], ""symbol"": ""cublasSgemm_strided_batched_nn_zero""}]",1,0,6,0.0,6
aten,aten_cpu_blas_gemm_batched_cpu,/home/arjaiswal/Polygeist/issues/aten_c_kernels/results/aten_cpu_blas_gemm_batched_cpu/debuf.mlir,6897a07f4cb97b69bd1e02fbdcd80d46ac8dc2bd6a723c78a0763aee487b474b,egglog,3,ok,0,805.5803254246712,0,"[""/usr/bin/python3"", ""/home/arjaiswal/Polygeist/scripts/correctness/kernel_match_rewrite.py"", ""/home/arjaiswal/Polygeist/issues/aten_c_kernels/results/aten_cpu_blas_gemm_batched_cpu/debuf.mlir"", ""--dry-run"", ""--matcher-mode"", ""egglog"", ""--telemetry-json"", ""/home/arjaiswal/Polygeist/issues/equality_saturation_eval/campaign_20260908/aten-aten_cpu_blas_gemm_batched_cpu-egglog-uepta1sp.json"", ""--disable-semantic-fallback""]","== match report for /home/arjaiswal/Polygeist/issues/aten_c_kernels/results/aten_cpu_blas_gemm_batched_cpu/debuf.mlir ==
  match          body#[0, 1]  cublasSgemm_strided_batched_nn_zero
  total: 1 matched / 1 bodies
",0,[],0,0,0,0,/home/arjaiswal/Polygeist/issues/aten_c_kernels/results/aten_cpu_blas_gemm_batched_cpu/debuf.mlir,3239,8,2,2,371.3833726942539,0,69308,69.96472179889679,6,6,0,8,"[{""body_indices"": [0, 1], ""symbol"": ""cublasSgemm_strided_batched_nn_zero""}]",1,0,0,0.0,6
aten,aten_cpu_blas_gemm_batched_cpu,/home/arjaiswal/Polygeist/issues/aten_c_kernels/results/aten_cpu_blas_gemm_batched_cpu/debuf.mlir,6897a07f4cb97b69bd1e02fbdcd80d46ac8dc2bd6a723c78a0763aee487b474b,egglog,4,ok,0,777.5489501655102,0,"[""/usr/bin/python3"", ""/home/arjaiswal/Polygeist/scripts/correctness/kernel_match_rewrite.py"", ""/home/arjaiswal/Polygeist/issues/aten_c_kernels/results/aten_cpu_blas_gemm_batched_cpu/debuf.mlir"", ""--dry-run"", ""--matcher-mode"", ""egglog"", ""--telemetry-json"", ""/home/arjaiswal/Polygeist/issues/equality_saturation_eval/campaign_20260908/aten-aten_cpu_blas_gemm_batched_cpu-egglog-rw5mk6ln.json"", ""--disable-semantic-fallback""]","== match report for /home/arjaiswal/Polygeist/issues/aten_c_kernels/results/aten_cpu_blas_gemm_batched_cpu/debuf.mlir ==
  match          body#[0, 1]  cublasSgemm_strided_batched_nn_zero
  total: 1 matched / 1 bodies
",0,[],0,0,0,0,/home/arjaiswal/Polygeist/issues/aten_c_kernels/results/aten_cpu_blas_gemm_batched_cpu/debuf.mlir,3239,8,2,2,350.5687229335308,0,69796,62.21644952893257,6,6,0,8,"[{""body_indices"": [0, 1], ""symbol"": ""cublasSgemm_strided_batched_nn_zero""}]",1,0,0,0.0,6
aten,aten_cpu_blas_gemm_batched_cpu,/home/arjaiswal/Polygeist/issues/aten_c_kernels/results/aten_cpu_blas_gemm_batched_cpu/debuf.mlir,6897a07f4cb97b69bd1e02fbdcd80d46ac8dc2bd6a723c78a0763aee487b474b,syntactic,4,ok,0,711.4589624106884,0,"[""/usr/bin/python3"", ""/home/arjaiswal/Polygeist/scripts/correctness/kernel_match_rewrite.py"", ""/home/arjaiswal/Polygeist/issues/aten_c_kernels/results/aten_cpu_blas_gemm_batched_cpu/debuf.mlir"", ""--dry-run"", ""--matcher-mode"", ""syntactic"", ""--telemetry-json"", ""/home/arjaiswal/Polygeist/issues/equality_saturation_eval/campaign_20260908/aten-aten_cpu_blas_gemm_batched_cpu-syntactic-avh9cb96.json"", ""--disable-semantic-fallback""]","== match report for /home/arjaiswal/Polygeist/issues/aten_c_kernels/results/aten_cpu_blas_gemm_batched_cpu/debuf.mlir ==
  match          body#[0, 1]  cublasSgemm_strided_batched_nn_zero
  total: 1 matched / 1 bodies
",0,[],0,0,0,0,/home/arjaiswal/Polygeist/issues/aten_c_kernels/results/aten_cpu_blas_gemm_batched_cpu/debuf.mlir,3239,0,2,2,294.31885853409767,0,64552,0.03280118107795715,0,6,0,0,"[{""body_indices"": [0, 1], ""symbol"": ""cublasSgemm_strided_batched_nn_zero""}]",1,0,6,0.0,6
aten,aten_cpu_blas_gemm_batched_cpu,/home/arjaiswal/Polygeist/issues/aten_c_kernels/results/aten_cpu_blas_gemm_batched_cpu/debuf.mlir,6897a07f4cb97b69bd1e02fbdcd80d46ac8dc2bd6a723c78a0763aee487b474b,syntactic,5,ok,0,691.809393465519,0,"[""/usr/bin/python3"", ""/home/arjaiswal/Polygeist/scripts/correctness/kernel_match_rewrite.py"", ""/home/arjaiswal/Polygeist/issues/aten_c_kernels/results/aten_cpu_blas_gemm_batched_cpu/debuf.mlir"", ""--dry-run"", ""--matcher-mode"", ""syntactic"", ""--telemetry-json"", ""/home/arjaiswal/Polygeist/issues/equality_saturation_eval/campaign_20260908/aten-aten_cpu_blas_gemm_batched_cpu-syntactic-_7gxnl99.json"", ""--disable-semantic-fallback""]","== match report for /home/arjaiswal/Polygeist/issues/aten_c_kernels/results/aten_cpu_blas_gemm_batched_cpu/debuf.mlir ==
  match          body#[0, 1]  cublasSgemm_strided_batched_nn_zero
  total: 1 matched / 1 bodies
",0,[],0,0,0,0,/home/arjaiswal/Polygeist/issues/aten_c_kernels/results/aten_cpu_blas_gemm_batched_cpu/debuf.mlir,3239,0,2,2,283.71332585811615,0,64772,0.03273040056228638,0,6,0,0,"[{""body_indices"": [0, 1], ""symbol"": ""cublasSgemm_strided_batched_nn_zero""}]",1,0,6,0.0,6
aten,aten_cpu_blas_gemm_batched_cpu,/home/arjaiswal/Polygeist/issues/aten_c_kernels/results/aten_cpu_blas_gemm_batched_cpu/debuf.mlir,6897a07f4cb97b69bd1e02fbdcd80d46ac8dc2bd6a723c78a0763aee487b474b,egglog,5,ok,0,783.3260409533978,0,"[""/usr/bin/python3"", ""/home/arjaiswal/Polygeist/scripts/correctness/kernel_match_rewrite.py"", ""/home/arjaiswal/Polygeist/issues/aten_c_kernels/results/aten_cpu_blas_gemm_batched_cpu/debuf.mlir"", ""--dry-run"", ""--matcher-mode"", ""egglog"", ""--telemetry-json"", ""/home/arjaiswal/Polygeist/issues/equality_saturation_eval/campaign_20260908/aten-aten_cpu_blas_gemm_batched_cpu-egglog-0qps9bjx.json"", ""--disable-semantic-fallback""]","== match report for /home/arjaiswal/Polygeist/issues/aten_c_kernels/results/aten_cpu_blas_gemm_batched_cpu/debuf.mlir ==
  match          body#[0, 1]  cublasSgemm_strided_batched_nn_zero
  total: 1 matched / 1 bodies
",0,[],0,0,0,0,/home/arjaiswal/Polygeist/issues/aten_c_kernels/results/aten_cpu_blas_gemm_batched_cpu/debuf.mlir,3239,8,2,2,355.1034405827522,0,69388,61.54199689626694,6,6,0,8,"[{""body_indices"": [0, 1], ""symbol"": ""cublasSgemm_strided_batched_nn_zero""}]",1,0,0,0.0,6
aten,aten_cpu_blas_gemm_cpu,/home/arjaiswal/Polygeist/issues/aten_c_kernels/results/aten_cpu_blas_gemm_cpu/debuf.mlir,f9c45661ccd875042c6393fc2d1ed84018c2e4f7f373eb23c26095bf94a398c1,egglog,1,ok,0,773.8212123513222,0,"[""/usr/bin/python3"", ""/home/arjaiswal/Polygeist/scripts/correctness/kernel_match_rewrite.py"", ""/home/arjaiswal/Polygeist/issues/aten_c_kernels/results/aten_cpu_blas_gemm_cpu/debuf.mlir"", ""--dry-run"", ""--matcher-mode"", ""egglog"", ""--telemetry-json"", ""/home/arjaiswal/Polygeist/issues/equality_saturation_eval/campaign_20260908/aten-aten_cpu_blas_gemm_cpu-egglog-le4upgm8.json"", ""--disable-semantic-fallback""]","== match report for /home/arjaiswal/Polygeist/issues/aten_c_kernels/results/aten_cpu_blas_gemm_cpu/debuf.mlir ==
  match          body#[0, 1]  cublasSgemm_nn_zero
  total: 1 matched / 1 bodies
",0,[],0,0,0,0,/home/arjaiswal/Polygeist/issues/aten_c_kernels/results/aten_cpu_blas_gemm_cpu/debuf.mlir,3037,8,2,2,352.7907505631447,0,69292,60.8883760869503,6,6,0,8,"[{""body_indices"": [0, 1], ""symbol"": ""cublasSgemm_nn_zero""}]",1,0,0,0.0,8
aten,aten_cpu_blas_gemm_cpu,/home/arjaiswal/Polygeist/issues/aten_c_kernels/results/aten_cpu_blas_gemm_cpu/debuf.mlir,f9c45661ccd875042c6393fc2d1ed84018c2e4f7f373eb23c26095bf94a398c1,syntactic,1,ok,0,714.0883952379227,0,"[""/usr/bin/python3"", ""/home/arjaiswal/Polygeist/scripts/correctness/kernel_match_rewrite.py"", ""/home/arjaiswal/Polygeist/issues/aten_c_kernels/results/aten_cpu_blas_gemm_cpu/debuf.mlir"", ""--dry-run"", ""--matcher-mode"", ""syntactic"", ""--telemetry-json"", ""/home/arjaiswal/Polygeist/issues/equality_saturation_eval/campaign_20260908/aten-aten_cpu_blas_gemm_cpu-syntactic-c8afi15g.json"", ""--disable-semantic-fallback""]","== match report for /home/arjaiswal/Polygeist/issues/aten_c_kernels/results/aten_cpu_blas_gemm_cpu/debuf.mlir ==
  match          body#[0, 1]  cublasSgemm_nn_zero
  total: 1 matched / 1 bodies
",0,[],0,0,0,0,/home/arjaiswal/Polygeist/issues/aten_c_kernels/results/aten_cpu_blas_gemm_cpu/debuf.mlir,3037,0,2,2,294.6509011089802,0,65808,0.0417269766330719,0,6,0,0,"[{""body_indices"": [0, 1], ""symbol"": ""cublasSgemm_nn_zero""}]",1,0,8,0.0,8
aten,aten_cpu_blas_gemm_cpu,/home/arjaiswal/Polygeist/issues/aten_c_kernels/results/aten_cpu_blas_gemm_cpu/debuf.mlir,f9c45661ccd875042c6393fc2d1ed84018c2e4f7f373eb23c26095bf94a398c1,syntactic,2,ok,0,719.7197452187538,0,"[""/usr/bin/python3"", ""/home/arjaiswal/Polygeist/scripts/correctness/kernel_match_rewrite.py"", ""/home/arjaiswal/Polygeist/issues/aten_c_kernels/results/aten_cpu_blas_gemm_cpu/debuf.mlir"", ""--dry-run"", ""--matcher-mode"", ""syntactic"", ""--telemetry-json"", ""/home/arjaiswal/Polygeist/issues/equality_saturation_eval/campaign_20260908/aten-aten_cpu_blas_gemm_cpu-syntactic-xq04uw2j.json"", ""--disable-semantic-fallback""]","== match report for /home/arjaiswal/Polygeist/issues/aten_c_kernels/results/aten_cpu_blas_gemm_cpu/debuf.mlir ==
  match          body#[0, 1]  cublasSgemm_nn_zero
  total: 1 matched / 1 bodies
",0,[],0,0,0,0,/home/arjaiswal/Polygeist/issues/aten_c_kernels/results/aten_cpu_blas_gemm_cpu/debuf.mlir,3037,0,2,2,292.18554496765137,0,65484,0.04144012928009033,0,6,0,0,"[{""body_indices"": [0, 1], ""symbol"": ""cublasSgemm_nn_zero""}]",1,0,8,0.0,8
aten,aten_cpu_blas_gemm_cpu,/home/arjaiswal/Polygeist/issues/aten_c_kernels/results/aten_cpu_blas_gemm_cpu/debuf.mlir,f9c45661ccd875042c6393fc2d1ed84018c2e4f7f373eb23c26095bf94a398c1,egglog,2,ok,0,860.9612919390202,0,"[""/usr/bin/python3"", ""/home/arjaiswal/Polygeist/scripts/correctness/kernel_match_rewrite.py"", ""/home/arjaiswal/Polygeist/issues/aten_c_kernels/results/aten_cpu_blas_gemm_cpu/debuf.mlir"", ""--dry-run"", ""--matcher-mode"", ""egglog"", ""--telemetry-json"", ""/home/arjaiswal/Polygeist/issues/equality_saturation_eval/campaign_20260908/aten-aten_cpu_blas_gemm_cpu-egglog-hj1nq16n.json"", ""--disable-semantic-fallback""]","== match report for /home/arjaiswal/Polygeist/issues/aten_c_kernels/results/aten_cpu_blas_gemm_cpu/debuf.mlir ==
  match          body#[0, 1]  cublasSgemm_nn_zero
  total: 1 matched / 1 bodies
",0,[],0,0,0,0,/home/arjaiswal/Polygeist/issues/aten_c_kernels/results/aten_cpu_blas_gemm_cpu/debuf.mlir,3037,8,2,2,390.18332958221436,0,69536,64.67250362038612,6,6,0,8,"[{""body_indices"": [0, 1], ""symbol"": ""cublasSgemm_nn_zero""}]",1,0,0,0.0,8
aten,aten_cpu_blas_gemm_cpu,/home/arjaiswal/Polygeist/issues/aten_c_kernels/results/aten_cpu_blas_gemm_cpu/debuf.mlir,f9c45661ccd875042c6393fc2d1ed84018c2e4f7f373eb23c26095bf94a398c1,egglog,3,ok,0,790.5910313129425,0,"[""/usr/bin/python3"", ""/home/arjaiswal/Polygeist/scripts/correctness/kernel_match_rewrite.py"", ""/home/arjaiswal/Polygeist/issues/aten_c_kernels/results/aten_cpu_blas_gemm_cpu/debuf.mlir"", ""--dry-run"", ""--matcher-mode"", ""egglog"", ""--telemetry-json"", ""/home/arjaiswal/Polygeist/issues/equality_saturation_eval/campaign_20260908/aten-aten_cpu_blas_gemm_cpu-egglog-raltgwrk.json"", ""--disable-semantic-fallback""]","== match report for /home/arjaiswal/Polygeist/issues/aten_c_kernels/results/aten_cpu_blas_gemm_cpu/debuf.mlir ==
  match          body#[0, 1]  cublasSgemm_nn_zero
  total: 1 matched / 1 bodies
",0,[],0,0,0,0,/home/arjaiswal/Polygeist/issues/aten_c_kernels/results/aten_cpu_blas_gemm_cpu/debuf.mlir,3037,8,2,2,350.9850911796093,0,69448,60.18970534205437,6,6,0,8,"[{""body_indices"": [0, 1], ""symbol"": ""cublasSgemm_nn_zero""}]",1,0,0,0.0,8
aten,aten_cpu_blas_gemm_cpu,/home/arjaiswal/Polygeist/issues/aten_c_kernels/results/aten_cpu_blas_gemm_cpu/debuf.mlir,f9c45661ccd875042c6393fc2d1ed84018c2e4f7f373eb23c26095bf94a398c1,syntactic,3,ok,0,717.7239805459976,0,"[""/usr/bin/python3"", ""/home/arjaiswal/Polygeist/scripts/correctness/kernel_match_rewrite.py"", ""/home/arjaiswal/Polygeist/issues/aten_c_kernels/results/aten_cpu_blas_gemm_cpu/debuf.mlir"", ""--dry-run"", ""--matcher-mode"", ""syntactic"", ""--telemetry-json"", ""/home/arjaiswal/Polygeist/issues/equality_saturation_eval/campaign_20260908/aten-aten_cpu_blas_gemm_cpu-syntactic-xpxu2ua_.json"", ""--disable-semantic-fallback""]","== match report for /home/arjaiswal/Polygeist/issues/aten_c_kernels/results/aten_cpu_blas_gemm_cpu/debuf.mlir ==
  match          body#[0, 1]  cublasSgemm_nn_zero
  total: 1 matched / 1 bodies
",0,[],0,0,0,0,/home/arjaiswal/Polygeist/issues/aten_c_kernels/results/aten_cpu_blas_gemm_cpu/debuf.mlir,3037,0,2,2,285.7425659894943,0,65508,0.04028156399726868,0,6,0,0,"[{""body_indices"": [0, 1], ""symbol"": ""cublasSgemm_nn_zero""}]",1,0,8,0.0,8
aten,aten_cpu_blas_gemm_cpu,/home/arjaiswal/Polygeist/issues/aten_c_kernels/results/aten_cpu_blas_gemm_cpu/debuf.mlir,f9c45661ccd875042c6393fc2d1ed84018c2e4f7f373eb23c26095bf94a398c1,syntactic,4,ok,0,723.5297970473766,0,"[""/usr/bin/python3"", ""/home/arjaiswal/Polygeist/scripts/correctness/kernel_match_rewrite.py"", ""/home/arjaiswal/Polygeist/issues/aten_c_kernels/results/aten_cpu_blas_gemm_cpu/debuf.mlir"", ""--dry-run"", ""--matcher-mode"", ""syntactic"", ""--telemetry-json"", ""/home/arjaiswal/Polygeist/issues/equality_saturation_eval/campaign_20260908/aten-aten_cpu_blas_gemm_cpu-syntactic-w2lyuaqs.json"", ""--disable-semantic-fallback""]","== match report for /home/arjaiswal/Polygeist/issues/aten_c_kernels/results/aten_cpu_blas_gemm_cpu/debuf.mlir ==
  match          body#[0, 1]  cublasSgemm_nn_zero
  total: 1 matched / 1 bodies
",0,[],0,0,0,0,/home/arjaiswal/Polygeist/issues/aten_c_kernels/results/aten_cpu_blas_gemm_cpu/debuf.mlir,3037,0,2,2,296.4496687054634,0,65692,0.041890889406204224,0,6,0,0,"[{""body_indices"": [0, 1], ""symbol"": ""cublasSgemm_nn_zero""}]",1,0,8,0.0,8
aten,aten_cpu_blas_gemm_cpu,/home/arjaiswal/Polygeist/issues/aten_c_kernels/results/aten_cpu_blas_gemm_cpu/debuf.mlir,f9c45661ccd875042c6393fc2d1ed84018c2e4f7f373eb23c26095bf94a398c1,egglog,4,ok,0,776.1387825012207,0,"[""/usr/bin/python3"", ""/home/arjaiswal/Polygeist/scripts/correctness/kernel_match_rewrite.py"", ""/home/arjaiswal/Polygeist/issues/aten_c_kernels/results/aten_cpu_blas_gemm_cpu/debuf.mlir"", ""--dry-run"", ""--matcher-mode"", ""egglog"", ""--telemetry-json"", ""/home/arjaiswal/Polygeist/issues/equality_saturation_eval/campaign_20260908/aten-aten_cpu_blas_gemm_cpu-egglog-dvml69lk.json"", ""--disable-semantic-fallback""]","== match report for /home/arjaiswal/Polygeist/issues/aten_c_kernels/results/aten_cpu_blas_gemm_cpu/debuf.mlir ==
  match          body#[0, 1]  cublasSgemm_nn_zero
  total: 1 matched / 1 bodies
",0,[],0,0,0,0,/home/arjaiswal/Polygeist/issues/aten_c_kernels/results/aten_cpu_blas_gemm_cpu/debuf.mlir,3037,8,2,2,343.6262384057045,0,69460,59.682343155145645,6,6,0,8,"[{""body_indices"": [0, 1], ""symbol"": ""cublasSgemm_nn_zero""}]",1,0,0,0.0,8
aten,aten_cpu_blas_gemm_cpu,/home/arjaiswal/Polygeist/issues/aten_c_kernels/results/aten_cpu_blas_gemm_cpu/debuf.mlir,f9c45661ccd875042c6393fc2d1ed84018c2e4f7f373eb23c26095bf94a398c1,egglog,5,ok,0,769.4727368652821,0,"[""/usr/bin/python3"", ""/home/arjaiswal/Polygeist/scripts/correctness/kernel_match_rewrite.py"", ""/home/arjaiswal/Polygeist/issues/aten_c_kernels/results/aten_cpu_blas_gemm_cpu/debuf.mlir"", ""--dry-run"", ""--matcher-mode"", ""egglog"", ""--telemetry-json"", ""/home/arjaiswal/Polygeist/issues/equality_saturation_eval/campaign_20260908/aten-aten_cpu_blas_gemm_cpu-egglog-aejdxjsw.json"", ""--disable-semantic-fallback""]","== match report for /home/arjaiswal/Polygeist/issues/aten_c_kernels/results/aten_cpu_blas_gemm_cpu/debuf.mlir ==
  match          body#[0, 1]  cublasSgemm_nn_zero
  total: 1 matched / 1 bodies
",0,[],0,0,0,0,/home/arjaiswal/Polygeist/issues/aten_c_kernels/results/aten_cpu_blas_gemm_cpu/debuf.mlir,3037,8,2,2,348.94657135009766,0,69356,65.14554843306541,6,6,0,8,"[{""body_indices"": [0, 1], ""symbol"": ""cublasSgemm_nn_zero""}]",1,0,0,0.0,8
aten,aten_cpu_blas_gemm_cpu,/home/arjaiswal/Polygeist/issues/aten_c_kernels/results/aten_cpu_blas_gemm_cpu/debuf.mlir,f9c45661ccd875042c6393fc2d1ed84018c2e4f7f373eb23c26095bf94a398c1,syntactic,5,ok,0,676.1362254619598,0,"[""/usr/bin/python3"", ""/home/arjaiswal/Polygeist/scripts/correctness/kernel_match_rewrite.py"", ""/home/arjaiswal/Polygeist/issues/aten_c_kernels/results/aten_cpu_blas_gemm_cpu/debuf.mlir"", ""--dry-run"", ""--matcher-mode"", ""syntactic"", ""--telemetry-json"", ""/home/arjaiswal/Polygeist/issues/equality_saturation_eval/campaign_20260908/aten-aten_cpu_blas_gemm_cpu-syntactic-2iyw0c_p.json"", ""--disable-semantic-fallback""]","== match report for /home/arjaiswal/Polygeist/issues/aten_c_kernels/results/aten_cpu_blas_gemm_cpu/debuf.mlir ==
  match          body#[0, 1]  cublasSgemm_nn_zero
  total: 1 matched / 1 bodies
",0,[],0,0,0,0,/home/arjaiswal/Polygeist/issues/aten_c_kernels/results/aten_cpu_blas_gemm_cpu/debuf.mlir,3037,0,2,2,273.9529088139534,0,65756,0.03992021083831787,0,6,0,0,"[{""body_indices"": [0, 1], ""symbol"": ""cublasSgemm_nn_zero""}]",1,0,8,0.0,8
aten,aten_cpu_blas_gemm_strided_batched_cpu,/home/arjaiswal/Polygeist/issues/aten_c_kernels/results/aten_cpu_blas_gemm_strided_batched_cpu/debuf.mlir,eabe95b01764f5da9f963c36a28f30dae68fbd5b8b767736d66ac9bfa9ad8cf3,syntactic,1,ok,0,693.6888732016087,0,"[""/usr/bin/python3"", ""/home/arjaiswal/Polygeist/scripts/correctness/kernel_match_rewrite.py"", ""/home/arjaiswal/Polygeist/issues/aten_c_kernels/results/aten_cpu_blas_gemm_strided_batched_cpu/debuf.mlir"", ""--dry-run"", ""--matcher-mode"", ""syntactic"", ""--telemetry-json"", ""/home/arjaiswal/Polygeist/issues/equality_saturation_eval/campaign_20260908/aten-aten_cpu_blas_gemm_strided_batched_cpu-syntactic-83cl1smz.json"", ""--disable-semantic-fallback""]","== match report for /home/arjaiswal/Polygeist/issues/aten_c_kernels/results/aten_cpu_blas_gemm_strided_batched_cpu/debuf.mlir ==
  match          body#[0, 1]  cublasSgemm_strided_batched_nn_zero
  total: 1 matched / 1 bodies
",0,[],0,0,0,0,/home/arjaiswal/Polygeist/issues/aten_c_kernels/results/aten_cpu_blas_gemm_strided_batched_cpu/debuf.mlir,3247,0,2,2,265.2313560247421,0,64288,0.03300607204437256,0,6,0,0,"[{""body_indices"": [0, 1], ""symbol"": ""cublasSgemm_strided_batched_nn_zero""}]",1,0,6,0.0,6
aten,aten_cpu_blas_gemm_strided_batched_cpu,/home/arjaiswal/Polygeist/issues/aten_c_kernels/results/aten_cpu_blas_gemm_strided_batched_cpu/debuf.mlir,eabe95b01764f5da9f963c36a28f30dae68fbd5b8b767736d66ac9bfa9ad8cf3,egglog,1,ok,0,772.5267857313156,0,"[""/usr/bin/python3"", ""/home/arjaiswal/Polygeist/scripts/correctness/kernel_match_rewrite.py"", ""/home/arjaiswal/Polygeist/issues/aten_c_kernels/results/aten_cpu_blas_gemm_strided_batched_cpu/debuf.mlir"", ""--dry-run"", ""--matcher-mode"", ""egglog"", ""--telemetry-json"", ""/home/arjaiswal/Polygeist/issues/equality_saturation_eval/campaign_20260908/aten-aten_cpu_blas_gemm_strided_batched_cpu-egglog-0flwe1w9.json"", ""--disable-semantic-fallback""]","== match report for /home/arjaiswal/Polygeist/issues/aten_c_kernels/results/aten_cpu_blas_gemm_strided_batched_cpu/debuf.mlir ==
  match          body#[0, 1]  cublasSgemm_strided_batched_nn_zero
  total: 1 matched / 1 bodies
",0,[],0,0,0,0,/home/arjaiswal/Polygeist/issues/aten_c_kernels/results/aten_cpu_blas_gemm_strided_batched_cpu/debuf.mlir,3247,8,2,2,360.36550626158714,0,69748,69.14418563246727,6,6,0,8,"[{""body_indices"": [0, 1], ""symbol"": ""cublasSgemm_strided_batched_nn_zero""}]",1,0,0,0.0,6
aten,aten_cpu_blas_gemm_strided_batched_cpu,/home/arjaiswal/Polygeist/issues/aten_c_kernels/results/aten_cpu_blas_gemm_strided_batched_cpu/debuf.mlir,eabe95b01764f5da9f963c36a28f30dae68fbd5b8b767736d66ac9bfa9ad8cf3,egglog,2,ok,0,778.5265296697617,0,"[""/usr/bin/python3"", ""/home/arjaiswal/Polygeist/scripts/correctness/kernel_match_rewrite.py"", ""/home/arjaiswal/Polygeist/issues/aten_c_kernels/results/aten_cpu_blas_gemm_strided_batched_cpu/debuf.mlir"", ""--dry-run"", ""--matcher-mode"", ""egglog"", ""--telemetry-json"", ""/home/arjaiswal/Polygeist/issues/equality_saturation_eval/campaign_20260908/aten-aten_cpu_blas_gemm_strided_batched_cpu-egglog-1x6gg9op.json"", ""--disable-semantic-fallback""]","== match report for /home/arjaiswal/Polygeist/issues/aten_c_kernels/results/aten_cpu_blas_gemm_strided_batched_cpu/debuf.mlir ==
  match          body#[0, 1]  cublasSgemm_strided_batched_nn_zero
  total: 1 matched / 1 bodies
",0,[],0,0,0,0,/home/arjaiswal/Polygeist/issues/aten_c_kernels/results/aten_cpu_blas_gemm_strided_batched_cpu/debuf.mlir,3247,8,2,2,337.96244487166405,0,69644,60.31695380806923,6,6,0,8,"[{""body_indices"": [0, 1], ""symbol"": ""cublasSgemm_strided_batched_nn_zero""}]",1,0,0,0.0,6
aten,aten_cpu_blas_gemm_strided_batched_cpu,/home/arjaiswal/Polygeist/issues/aten_c_kernels/results/aten_cpu_blas_gemm_strided_batched_cpu/debuf.mlir,eabe95b01764f5da9f963c36a28f30dae68fbd5b8b767736d66ac9bfa9ad8cf3,syntactic,2,ok,0,673.8608703017235,0,"[""/usr/bin/python3"", ""/home/arjaiswal/Polygeist/scripts/correctness/kernel_match_rewrite.py"", ""/home/arjaiswal/Polygeist/issues/aten_c_kernels/results/aten_cpu_blas_gemm_strided_batched_cpu/debuf.mlir"", ""--dry-run"", ""--matcher-mode"", ""syntactic"", ""--telemetry-json"", ""/home/arjaiswal/Polygeist/issues/equality_saturation_eval/campaign_20260908/aten-aten_cpu_blas_gemm_strided_batched_cpu-syntactic-5wk9gl4y.json"", ""--disable-semantic-fallback""]","== match report for /home/arjaiswal/Polygeist/issues/aten_c_kernels/results/aten_cpu_blas_gemm_strided_batched_cpu/debuf.mlir ==
  match          body#[0, 1]  cublasSgemm_strided_batched_nn_zero
  total: 1 matched / 1 bodies
",0,[],0,0,0,0,/home/arjaiswal/Polygeist/issues/aten_c_kernels/results/aten_cpu_blas_gemm_strided_batched_cpu/debuf.mlir,3247,0,2,2,270.627286285162,0,64680,0.031009316444396973,0,6,0,0,"[{""body_indices"": [0, 1], ""symbol"": ""cublasSgemm_strided_batched_nn_zero""}]",1,0,6,0.0,6
aten,aten_cpu_blas_gemm_strided_batched_cpu,/home/arjaiswal/Polygeist/issues/aten_c_kernels/results/aten_cpu_blas_gemm_strided_batched_cpu/debuf.mlir,eabe95b01764f5da9f963c36a28f30dae68fbd5b8b767736d66ac9bfa9ad8cf3,syntactic,3,ok,0,671.6155670583248,0,"[""/usr/bin/python3"", ""/home/arjaiswal/Polygeist/scripts/correctness/kernel_match_rewrite.py"", ""/home/arjaiswal/Polygeist/issues/aten_c_kernels/results/aten_cpu_blas_gemm_strided_batched_cpu/debuf.mlir"", ""--dry-run"", ""--matcher-mode"", ""syntactic"", ""--telemetry-json"", ""/home/arjaiswal/Polygeist/issues/equality_saturation_eval/campaign_20260908/aten-aten_cpu_blas_gemm_strided_batched_cpu-syntactic-9pkmdlq3.json"", ""--disable-semantic-fallback""]","== match report for /home/arjaiswal/Polygeist/issues/aten_c_kernels/results/aten_cpu_blas_gemm_strided_batched_cpu/debuf.mlir ==
  match          body#[0, 1]  cublasSgemm_strided_batched_nn_zero
  total: 1 matched / 1 bodies
",0,[],0,0,0,0,/home/arjaiswal/Polygeist/issues/aten_c_kernels/results/aten_cpu_blas_gemm_strided_batched_cpu/debuf.mlir,3247,0,2,2,269.2812494933605,0,64456,0.031117349863052368,0,6,0,0,"[{""body_indices"": [0, 1], ""symbol"": ""cublasSgemm_strided_batched_nn_zero""}]",1,0,6,0.0,6
aten,aten_cpu_blas_gemm_strided_batched_cpu,/home/arjaiswal/Polygeist/issues/aten_c_kernels/results/aten_cpu_blas_gemm_strided_batched_cpu/debuf.mlir,eabe95b01764f5da9f963c36a28f30dae68fbd5b8b767736d66ac9bfa9ad8cf3,egglog,3,ok,0,781.4160995185375,0,"[""/usr/bin/python3"", ""/home/arjaiswal/Polygeist/scripts/correctness/kernel_match_rewrite.py"", ""/home/arjaiswal/Polygeist/issues/aten_c_kernels/results/aten_cpu_blas_gemm_strided_batched_cpu/debuf.mlir"", ""--dry-run"", ""--matcher-mode"", ""egglog"", ""--telemetry-json"", ""/home/arjaiswal/Polygeist/issues/equality_saturation_eval/campaign_20260908/aten-aten_cpu_blas_gemm_strided_batched_cpu-egglog-i5o5sr3l.json"", ""--disable-semantic-fallback""]","== match report for /home/arjaiswal/Polygeist/issues/aten_c_kernels/results/aten_cpu_blas_gemm_strided_batched_cpu/debuf.mlir ==
  match          body#[0, 1]  cublasSgemm_strided_batched_nn_zero
  total: 1 matched / 1 bodies
",0,[],0,0,0,0,/home/arjaiswal/Polygeist/issues/aten_c_kernels/results/aten_cpu_blas_gemm_strided_batched_cpu/debuf.mlir,3247,8,2,2,352.42095962166786,0,69568,60.09975075721741,6,6,0,8,"[{""body_indices"": [0, 1], ""symbol"": ""cublasSgemm_strided_batched_nn_zero""}]",1,0,0,0.0,6
aten,aten_cpu_blas_gemm_strided_batched_cpu,/home/arjaiswal/Polygeist/issues/aten_c_kernels/results/aten_cpu_blas_gemm_strided_batched_cpu/debuf.mlir,eabe95b01764f5da9f963c36a28f30dae68fbd5b8b767736d66ac9bfa9ad8cf3,egglog,4,ok,0,803.4600615501404,0,"[""/usr/bin/python3"", ""/home/arjaiswal/Polygeist/scripts/correctness/kernel_match_rewrite.py"", ""/home/arjaiswal/Polygeist/issues/aten_c_kernels/results/aten_cpu_blas_gemm_strided_batched_cpu/debuf.mlir"", ""--dry-run"", ""--matcher-mode"", ""egglog"", ""--telemetry-json"", ""/home/arjaiswal/Polygeist/issues/equality_saturation_eval/campaign_20260908/aten-aten_cpu_blas_gemm_strided_batched_cpu-egglog-hzwqzoh_.json"", ""--disable-semantic-fallback""]","== match report for /home/arjaiswal/Polygeist/issues/aten_c_kernels/results/aten_cpu_blas_gemm_strided_batched_cpu/debuf.mlir ==
  match          body#[0, 1]  cublasSgemm_strided_batched_nn_zero
  total: 1 matched / 1 bodies
",0,[],0,0,0,0,/home/arjaiswal/Polygeist/issues/aten_c_kernels/results/aten_cpu_blas_gemm_strided_batched_cpu/debuf.mlir,3247,8,2,2,361.5552484989166,0,69408,68.84409114718437,6,6,0,8,"[{""body_indices"": [0, 1], ""symbol"": ""cublasSgemm_strided_batched_nn_zero""}]",1,0,0,0.0,6
aten,aten_cpu_blas_gemm_strided_batched_cpu,/home/arjaiswal/Polygeist/issues/aten_c_kernels/results/aten_cpu_blas_gemm_strided_batched_cpu/debuf.mlir,eabe95b01764f5da9f963c36a28f30dae68fbd5b8b767736d66ac9bfa9ad8cf3,syntactic,4,ok,0,728.1087972223759,0,"[""/usr/bin/python3"", ""/home/arjaiswal/Polygeist/scripts/correctness/kernel_match_rewrite.py"", ""/home/arjaiswal/Polygeist/issues/aten_c_kernels/results/aten_cpu_blas_gemm_strided_batched_cpu/debuf.mlir"", ""--dry-run"", ""--matcher-mode"", ""syntactic"", ""--telemetry-json"", ""/home/arjaiswal/Polygeist/issues/equality_saturation_eval/campaign_20260908/aten-aten_cpu_blas_gemm_strided_batched_cpu-syntactic-vhvgyxnc.json"", ""--disable-semantic-fallback""]","== match report for /home/arjaiswal/Polygeist/issues/aten_c_kernels/results/aten_cpu_blas_gemm_strided_batched_cpu/debuf.mlir ==
  match          body#[0, 1]  cublasSgemm_strided_batched_nn_zero
  total: 1 matched / 1 bodies
",0,[],0,0,0,0,/home/arjaiswal/Polygeist/issues/aten_c_kernels/results/aten_cpu_blas_gemm_strided_batched_cpu/debuf.mlir,3247,0,2,2,306.9402240216732,0,64576,0.032160431146621704,0,6,0,0,"[{""body_indices"": [0, 1], ""symbol"": ""cublasSgemm_strided_batched_nn_zero""}]",1,0,6,0.0,6
aten,aten_cpu_blas_gemm_strided_batched_cpu,/home/arjaiswal/Polygeist/issues/aten_c_kernels/results/aten_cpu_blas_gemm_strided_batched_cpu/debuf.mlir,eabe95b01764f5da9f963c36a28f30dae68fbd5b8b767736d66ac9bfa9ad8cf3,syntactic,5,ok,0,704.2877525091171,0,"[""/usr/bin/python3"", ""/home/arjaiswal/Polygeist/scripts/correctness/kernel_match_rewrite.py"", ""/home/arjaiswal/Polygeist/issues/aten_c_kernels/results/aten_cpu_blas_gemm_strided_batched_cpu/debuf.mlir"", ""--dry-run"", ""--matcher-mode"", ""syntactic"", ""--telemetry-json"", ""/home/arjaiswal/Polygeist/issues/equality_saturation_eval/campaign_20260908/aten-aten_cpu_blas_gemm_strided_batched_cpu-syntactic-n1r3fo1t.json"", ""--disable-semantic-fallback""]","== match report for /home/arjaiswal/Polygeist/issues/aten_c_kernels/results/aten_cpu_blas_gemm_strided_batched_cpu/debuf.mlir ==
  match          body#[0, 1]  cublasSgemm_strided_batched_nn_zero
  total: 1 matched / 1 bodies
",0,[],0,0,0,0,/home/arjaiswal/Polygeist/issues/aten_c_kernels/results/aten_cpu_blas_gemm_strided_batched_cpu/debuf.mlir,3247,0,2,2,279.5325554907322,0,64636,0.032357871532440186,0,6,0,0,"[{""body_indices"": [0, 1], ""symbol"": ""cublasSgemm_strided_batched_nn_zero""}]",1,0,6,0.0,6
aten,aten_cpu_blas_gemm_strided_batched_cpu,/home/arjaiswal/Polygeist/issues/aten_c_kernels/results/aten_cpu_blas_gemm_strided_batched_cpu/debuf.mlir,eabe95b01764f5da9f963c36a28f30dae68fbd5b8b767736d66ac9bfa9ad8cf3,egglog,5,ok,0,795.8790585398674,0,"[""/usr/bin/python3"", ""/home/arjaiswal/Polygeist/scripts/correctness/kernel_match_rewrite.py"", ""/home/arjaiswal/Polygeist/issues/aten_c_kernels/results/aten_cpu_blas_gemm_strided_batched_cpu/debuf.mlir"", ""--dry-run"", ""--matcher-mode"", ""egglog"", ""--telemetry-json"", ""/home/arjaiswal/Polygeist/issues/equality_saturation_eval/campaign_20260908/aten-aten_cpu_blas_gemm_strided_batched_cpu-egglog-_4g3uid5.json"", ""--disable-semantic-fallback""]","== match report for /home/arjaiswal/Polygeist/issues/aten_c_kernels/results/aten_cpu_blas_gemm_strided_batched_cpu/debuf.mlir ==
  match          body#[0, 1]  cublasSgemm_strided_batched_nn_zero
  total: 1 matched / 1 bodies
",0,[],0,0,0,0,/home/arjaiswal/Polygeist/issues/aten_c_kernels/results/aten_cpu_blas_gemm_strided_batched_cpu/debuf.mlir,3247,8,2,2,362.2010797262192,0,69584,61.6275854408741,6,6,0,8,"[{""body_indices"": [0, 1], ""symbol"": ""cublasSgemm_strided_batched_nn_zero""}]",1,0,0,0.0,6
aten,aten_cross,/home/arjaiswal/Polygeist/issues/aten_c_kernels/results/aten_cross/debuf.mlir,4e1860b2b43dc7105b0713735c04c4d5e4239f7e187ef713ae609cb6378d0906,egglog,1,ok,0,710.0517265498638,0,"[""/usr/bin/python3"", ""/home/arjaiswal/Polygeist/scripts/correctness/kernel_match_rewrite.py"", ""/home/arjaiswal/Polygeist/issues/aten_c_kernels/results/aten_cross/debuf.mlir"", ""--dry-run"", ""--matcher-mode"", ""egglog"", ""--telemetry-json"", ""/home/arjaiswal/Polygeist/issues/equality_saturation_eval/campaign_20260908/aten-aten_cross-egglog-r_3wjoh5.json"", ""--disable-semantic-fallback""]","== match report for /home/arjaiswal/Polygeist/issues/aten_c_kernels/results/aten_cross/debuf.mlir ==
  match          body#[0]  cudnnPointwiseGraph_f32
  match          body#[1]  cudnnPointwiseGraph_f32
  match          body#[2]  cudnnPointwiseGraph_f32
  total: 3 matched / 3 bodies
",0,[],0,0,0,0,/home/arjaiswal/Polygeist/issues/aten_c_kernels/results/aten_cross/debuf.mlir,5323,8,3,3,288.9271229505539,0,65576,0.0,0,0,0,0,"[{""body_indices"": [0], ""symbol"": ""cudnnPointwiseGraph_f32""}, {""body_indices"": [1], ""symbol"": ""cudnnPointwiseGraph_f32""}, {""body_indices"": [2], ""symbol"": ""cudnnPointwiseGraph_f32""}]",3,0,0,0.0,0
aten,aten_cross,/home/arjaiswal/Polygeist/issues/aten_c_kernels/results/aten_cross/debuf.mlir,4e1860b2b43dc7105b0713735c04c4d5e4239f7e187ef713ae609cb6378d0906,syntactic,1,ok,0,742.3275634646416,0,"[""/usr/bin/python3"", ""/home/arjaiswal/Polygeist/scripts/correctness/kernel_match_rewrite.py"", ""/home/arjaiswal/Polygeist/issues/aten_c_kernels/results/aten_cross/debuf.mlir"", ""--dry-run"", ""--matcher-mode"", ""syntactic"", ""--telemetry-json"", ""/home/arjaiswal/Polygeist/issues/equality_saturation_eval/campaign_20260908/aten-aten_cross-syntactic-wu9d4cns.json"", ""--disable-semantic-fallback""]","== match report for /home/arjaiswal/Polygeist/issues/aten_c_kernels/results/aten_cross/debuf.mlir ==
  match          body#[0]  cudnnPointwiseGraph_f32
  match          body#[1]  cudnnPointwiseGraph_f32
  match          body#[2]  cudnnPointwiseGraph_f32
  total: 3 matched / 3 bodies
",0,[],0,0,0,0,/home/arjaiswal/Polygeist/issues/aten_c_kernels/results/aten_cross/debuf.mlir,5323,0,3,3,317.4421340227127,0,65760,0.0,0,0,0,0,"[{""body_indices"": [0], ""symbol"": ""cudnnPointwiseGraph_f32""}, {""body_indices"": [1], ""symbol"": ""cudnnPointwiseGraph_f32""}, {""body_indices"": [2], ""symbol"": ""cudnnPointwiseGraph_f32""}]",3,0,0,0.0,0
aten,aten_cross,/home/arjaiswal/Polygeist/issues/aten_c_kernels/results/aten_cross/debuf.mlir,4e1860b2b43dc7105b0713735c04c4d5e4239f7e187ef713ae609cb6378d0906,syntactic,2,ok,0,725.3015637397766,0,"[""/usr/bin/python3"", ""/home/arjaiswal/Polygeist/scripts/correctness/kernel_match_rewrite.py"", ""/home/arjaiswal/Polygeist/issues/aten_c_kernels/results/aten_cross/debuf.mlir"", ""--dry-run"", ""--matcher-mode"", ""syntactic"", ""--telemetry-json"", ""/home/arjaiswal/Polygeist/issues/equality_saturation_eval/campaign_20260908/aten-aten_cross-syntactic-bra7tjgn.json"", ""--disable-semantic-fallback""]","== match report for /home/arjaiswal/Polygeist/issues/aten_c_kernels/results/aten_cross/debuf.mlir ==
  match          body#[0]  cudnnPointwiseGraph_f32
  match          body#[1]  cudnnPointwiseGraph_f32
  match          body#[2]  cudnnPointwiseGraph_f32
  total: 3 matched / 3 bodies
",0,[],0,0,0,0,/home/arjaiswal/Polygeist/issues/aten_c_kernels/results/aten_cross/debuf.mlir,5323,0,3,3,313.19161131978035,0,65760,0.0,0,0,0,0,"[{""body_indices"": [0], ""symbol"": ""cudnnPointwiseGraph_f32""}, {""body_indices"": [1], ""symbol"": ""cudnnPointwiseGraph_f32""}, {""body_indices"": [2], ""symbol"": ""cudnnPointwiseGraph_f32""}]",3,0,0,0.0,0
aten,aten_cross,/home/arjaiswal/Polygeist/issues/aten_c_kernels/results/aten_cross/debuf.mlir,4e1860b2b43dc7105b0713735c04c4d5e4239f7e187ef713ae609cb6378d0906,egglog,2,ok,0,701.9698359072208,0,"[""/usr/bin/python3"", ""/home/arjaiswal/Polygeist/scripts/correctness/kernel_match_rewrite.py"", ""/home/arjaiswal/Polygeist/issues/aten_c_kernels/results/aten_cross/debuf.mlir"", ""--dry-run"", ""--matcher-mode"", ""egglog"", ""--telemetry-json"", ""/home/arjaiswal/Polygeist/issues/equality_saturation_eval/campaign_20260908/aten-aten_cross-egglog-j482gjsj.json"", ""--disable-semantic-fallback""]","== match report for /home/arjaiswal/Polygeist/issues/aten_c_kernels/results/aten_cross/debuf.mlir ==
  match          body#[0]  cudnnPointwiseGraph_f32
  match          body#[1]  cudnnPointwiseGraph_f32
  match          body#[2]  cudnnPointwiseGraph_f32
  total: 3 matched / 3 bodies
",0,[],0,0,0,0,/home/arjaiswal/Polygeist/issues/aten_c_kernels/results/aten_cross/debuf.mlir,5323,8,3,3,285.58482229709625,0,65672,0.0,0,0,0,0,"[{""body_indices"": [0], ""symbol"": ""cudnnPointwiseGraph_f32""}, {""body_indices"": [1], ""symbol"": ""cudnnPointwiseGraph_f32""}, {""body_indices"": [2], ""symbol"": ""cudnnPointwiseGraph_f32""}]",3,0,0,0.0,0
aten,aten_cross,/home/arjaiswal/Polygeist/issues/aten_c_kernels/results/aten_cross/debuf.mlir,4e1860b2b43dc7105b0713735c04c4d5e4239f7e187ef713ae609cb6378d0906,egglog,3,ok,0,745.0633719563484,0,"[""/usr/bin/python3"", ""/home/arjaiswal/Polygeist/scripts/correctness/kernel_match_rewrite.py"", ""/home/arjaiswal/Polygeist/issues/aten_c_kernels/results/aten_cross/debuf.mlir"", ""--dry-run"", ""--matcher-mode"", ""egglog"", ""--telemetry-json"", ""/home/arjaiswal/Polygeist/issues/equality_saturation_eval/campaign_20260908/aten-aten_cross-egglog-08xr3iu2.json"", ""--disable-semantic-fallback""]","== match report for /home/arjaiswal/Polygeist/issues/aten_c_kernels/results/aten_cross/debuf.mlir ==
  match          body#[0]  cudnnPointwiseGraph_f32
  match          body#[1]  cudnnPointwiseGraph_f32
  match          body#[2]  cudnnPointwiseGraph_f32
  total: 3 matched / 3 bodies
",0,[],0,0,0,0,/home/arjaiswal/Polygeist/issues/aten_c_kernels/results/aten_cross/debuf.mlir,5323,8,3,3,309.22919511795044,0,65804,0.0,0,0,0,0,"[{""body_indices"": [0], ""symbol"": ""cudnnPointwiseGraph_f32""}, {""body_indices"": [1], ""symbol"": ""cudnnPointwiseGraph_f32""}, {""body_indices"": [2], ""symbol"": ""cudnnPointwiseGraph_f32""}]",3,0,0,0.0,0
aten,aten_cross,/home/arjaiswal/Polygeist/issues/aten_c_kernels/results/aten_cross/debuf.mlir,4e1860b2b43dc7105b0713735c04c4d5e4239f7e187ef713ae609cb6378d0906,syntactic,3,ok,0,746.3344596326351,0,"[""/usr/bin/python3"", ""/home/arjaiswal/Polygeist/scripts/correctness/kernel_match_rewrite.py"", ""/home/arjaiswal/Polygeist/issues/aten_c_kernels/results/aten_cross/debuf.mlir"", ""--dry-run"", ""--matcher-mode"", ""syntactic"", ""--telemetry-json"", ""/home/arjaiswal/Polygeist/issues/equality_saturation_eval/campaign_20260908/aten-aten_cross-syntactic-rsdxg93f.json"", ""--disable-semantic-fallback""]","== match report for /home/arjaiswal/Polygeist/issues/aten_c_kernels/results/aten_cross/debuf.mlir ==
  match          body#[0]  cudnnPointwiseGraph_f32
  match          body#[1]  cudnnPointwiseGraph_f32
  match          body#[2]  cudnnPointwiseGraph_f32
  total: 3 matched / 3 bodies
",0,[],0,0,0,0,/home/arjaiswal/Polygeist/issues/aten_c_kernels/results/aten_cross/debuf.mlir,5323,0,3,3,308.3079941570759,0,65708,0.0,0,0,0,0,"[{""body_indices"": [0], ""symbol"": ""cudnnPointwiseGraph_f32""}, {""body_indices"": [1], ""symbol"": ""cudnnPointwiseGraph_f32""}, {""body_indices"": [2], ""symbol"": ""cudnnPointwiseGraph_f32""}]",3,0,0,0.0,0
aten,aten_cross,/home/arjaiswal/Polygeist/issues/aten_c_kernels/results/aten_cross/debuf.mlir,4e1860b2b43dc7105b0713735c04c4d5e4239f7e187ef713ae609cb6378d0906,syntactic,4,ok,0,740.2730844914913,0,"[""/usr/bin/python3"", ""/home/arjaiswal/Polygeist/scripts/correctness/kernel_match_rewrite.py"", ""/home/arjaiswal/Polygeist/issues/aten_c_kernels/results/aten_cross/debuf.mlir"", ""--dry-run"", ""--matcher-mode"", ""syntactic"", ""--telemetry-json"", ""/home/arjaiswal/Polygeist/issues/equality_saturation_eval/campaign_20260908/aten-aten_cross-syntactic-wlem2670.json"", ""--disable-semantic-fallback""]","== match report for /home/arjaiswal/Polygeist/issues/aten_c_kernels/results/aten_cross/debuf.mlir ==
  match          body#[0]  cudnnPointwiseGraph_f32
  match          body#[1]  cudnnPointwiseGraph_f32
  match          body#[2]  cudnnPointwiseGraph_f32
  total: 3 matched / 3 bodies
",0,[],0,0,0,0,/home/arjaiswal/Polygeist/issues/aten_c_kernels/results/aten_cross/debuf.mlir,5323,0,3,3,296.65207117795944,0,65560,0.0,0,0,0,0,"[{""body_indices"": [0], ""symbol"": ""cudnnPointwiseGraph_f32""}, {""body_indices"": [1], ""symbol"": ""cudnnPointwiseGraph_f32""}, {""body_indices"": [2], ""symbol"": ""cudnnPointwiseGraph_f32""}]",3,0,0,0.0,0
aten,aten_cross,/home/arjaiswal/Polygeist/issues/aten_c_kernels/results/aten_cross/debuf.mlir,4e1860b2b43dc7105b0713735c04c4d5e4239f7e187ef713ae609cb6378d0906,egglog,4,ok,0,763.3137255907059,0,"[""/usr/bin/python3"", ""/home/arjaiswal/Polygeist/scripts/correctness/kernel_match_rewrite.py"", ""/home/arjaiswal/Polygeist/issues/aten_c_kernels/results/aten_cross/debuf.mlir"", ""--dry-run"", ""--matcher-mode"", ""egglog"", ""--telemetry-json"", ""/home/arjaiswal/Polygeist/issues/equality_saturation_eval/campaign_20260908/aten-aten_cross-egglog-pptfvrj9.json"", ""--disable-semantic-fallback""]","== match report for /home/arjaiswal/Polygeist/issues/aten_c_kernels/results/aten_cross/debuf.mlir ==
  match          body#[0]  cudnnPointwiseGraph_f32
  match          body#[1]  cudnnPointwiseGraph_f32
  match          body#[2]  cudnnPointwiseGraph_f32
  total: 3 matched / 3 bodies
",0,[],0,0,0,0,/home/arjaiswal/Polygeist/issues/aten_c_kernels/results/aten_cross/debuf.mlir,5323,8,3,3,315.0564692914486,0,65800,0.0,0,0,0,0,"[{""body_indices"": [0], ""symbol"": ""cudnnPointwiseGraph_f32""}, {""body_indices"": [1], ""symbol"": ""cudnnPointwiseGraph_f32""}, {""body_indices"": [2], ""symbol"": ""cudnnPointwiseGraph_f32""}]",3,0,0,0.0,0
aten,aten_cross,/home/arjaiswal/Polygeist/issues/aten_c_kernels/results/aten_cross/debuf.mlir,4e1860b2b43dc7105b0713735c04c4d5e4239f7e187ef713ae609cb6378d0906,egglog,5,ok,0,743.252657353878,0,"[""/usr/bin/python3"", ""/home/arjaiswal/Polygeist/scripts/correctness/kernel_match_rewrite.py"", ""/home/arjaiswal/Polygeist/issues/aten_c_kernels/results/aten_cross/debuf.mlir"", ""--dry-run"", ""--matcher-mode"", ""egglog"", ""--telemetry-json"", ""/home/arjaiswal/Polygeist/issues/equality_saturation_eval/campaign_20260908/aten-aten_cross-egglog-9a6uy901.json"", ""--disable-semantic-fallback""]","== match report for /home/arjaiswal/Polygeist/issues/aten_c_kernels/results/aten_cross/debuf.mlir ==
  match          body#[0]  cudnnPointwiseGraph_f32
  match          body#[1]  cudnnPointwiseGraph_f32
  match          body#[2]  cudnnPointwiseGraph_f32
  total: 3 matched / 3 bodies
",0,[],0,0,0,0,/home/arjaiswal/Polygeist/issues/aten_c_kernels/results/aten_cross/debuf.mlir,5323,8,3,3,321.90730795264244,0,65740,0.0,0,0,0,0,"[{""body_indices"": [0], ""symbol"": ""cudnnPointwiseGraph_f32""}, {""body_indices"": [1], ""symbol"": ""cudnnPointwiseGraph_f32""}, {""body_indices"": [2], ""symbol"": ""cudnnPointwiseGraph_f32""}]",3,0,0,0.0,0
aten,aten_cross,/home/arjaiswal/Polygeist/issues/aten_c_kernels/results/aten_cross/debuf.mlir,4e1860b2b43dc7105b0713735c04c4d5e4239f7e187ef713ae609cb6378d0906,syntactic,5,ok,0,722.1680507063866,0,"[""/usr/bin/python3"", ""/home/arjaiswal/Polygeist/scripts/correctness/kernel_match_rewrite.py"", ""/home/arjaiswal/Polygeist/issues/aten_c_kernels/results/aten_cross/debuf.mlir"", ""--dry-run"", ""--matcher-mode"", ""syntactic"", ""--telemetry-json"", ""/home/arjaiswal/Polygeist/issues/equality_saturation_eval/campaign_20260908/aten-aten_cross-syntactic-qa5d4ek9.json"", ""--disable-semantic-fallback""]","== match report for /home/arjaiswal/Polygeist/issues/aten_c_kernels/results/aten_cross/debuf.mlir ==
  match          body#[0]  cudnnPointwiseGraph_f32
  match          body#[1]  cudnnPointwiseGraph_f32
  match          body#[2]  cudnnPointwiseGraph_f32
  total: 3 matched / 3 bodies
",0,[],0,0,0,0,/home/arjaiswal/Polygeist/issues/aten_c_kernels/results/aten_cross/debuf.mlir,5323,0,3,3,297.1624471247196,0,65696,0.0,0,0,0,0,"[{""body_indices"": [0], ""symbol"": ""cudnnPointwiseGraph_f32""}, {""body_indices"": [1], ""symbol"": ""cudnnPointwiseGraph_f32""}, {""body_indices"": [2], ""symbol"": ""cudnnPointwiseGraph_f32""}]",3,0,0,0.0,0
aten,aten_cross_cpu_backend,/home/arjaiswal/Polygeist/issues/aten_c_kernels/results/aten_cross_cpu_backend/debuf.mlir,14d6da0d644c5dc7318ba22282e95c948a2348f9317d51901ed7b481c4d4a3a9,syntactic,1,ok,0,750.1469925045967,0,"[""/usr/bin/python3"", ""/home/arjaiswal/Polygeist/scripts/correctness/kernel_match_rewrite.py"", ""/home/arjaiswal/Polygeist/issues/aten_c_kernels/results/aten_cross_cpu_backend/debuf.mlir"", ""--dry-run"", ""--matcher-mode"", ""syntactic"", ""--telemetry-json"", ""/home/arjaiswal/Polygeist/issues/equality_saturation_eval/campaign_20260908/aten-aten_cross_cpu_backend-syntactic-u3zwqij3.json"", ""--disable-semantic-fallback""]","== match report for /home/arjaiswal/Polygeist/issues/aten_c_kernels/results/aten_cross_cpu_backend/debuf.mlir ==
  match          body#[0]  cudnnPointwiseGraph_f32
  match          body#[1]  cudnnPointwiseGraph_f32
  match          body#[2]  cudnnPointwiseGraph_f32
  total: 3 matched / 3 bodies
",0,[],0,0,0,0,/home/arjaiswal/Polygeist/issues/aten_c_kernels/results/aten_cross_cpu_backend/debuf.mlir,5355,0,3,3,311.6551674902439,0,65784,0.0,0,0,0,0,"[{""body_indices"": [0], ""symbol"": ""cudnnPointwiseGraph_f32""}, {""body_indices"": [1], ""symbol"": ""cudnnPointwiseGraph_f32""}, {""body_indices"": [2], ""symbol"": ""cudnnPointwiseGraph_f32""}]",3,0,0,0.0,0
aten,aten_cross_cpu_backend,/home/arjaiswal/Polygeist/issues/aten_c_kernels/results/aten_cross_cpu_backend/debuf.mlir,14d6da0d644c5dc7318ba22282e95c948a2348f9317d51901ed7b481c4d4a3a9,egglog,1,ok,0,750.1651681959629,0,"[""/usr/bin/python3"", ""/home/arjaiswal/Polygeist/scripts/correctness/kernel_match_rewrite.py"", ""/home/arjaiswal/Polygeist/issues/aten_c_kernels/results/aten_cross_cpu_backend/debuf.mlir"", ""--dry-run"", ""--matcher-mode"", ""egglog"", ""--telemetry-json"", ""/home/arjaiswal/Polygeist/issues/equality_saturation_eval/campaign_20260908/aten-aten_cross_cpu_backend-egglog-tlmfuq9i.json"", ""--disable-semantic-fallback""]","== match report for /home/arjaiswal/Polygeist/issues/aten_c_kernels/results/aten_cross_cpu_backend/debuf.mlir ==
  match          body#[0]  cudnnPointwiseGraph_f32
  match          body#[1]  cudnnPointwiseGraph_f32
  match          body#[2]  cudnnPointwiseGraph_f32
  total: 3 matched / 3 bodies
",0,[],0,0,0,0,/home/arjaiswal/Polygeist/issues/aten_c_kernels/results/aten_cross_cpu_backend/debuf.mlir,5355,8,3,3,313.2956027984619,0,65564,0.0,0,0,0,0,"[{""body_indices"": [0], ""symbol"": ""cudnnPointwiseGraph_f32""}, {""body_indices"": [1], ""symbol"": ""cudnnPointwiseGraph_f32""}, {""body_indices"": [2], ""symbol"": ""cudnnPointwiseGraph_f32""}]",3,0,0,0.0,0
aten,aten_cross_cpu_backend,/home/arjaiswal/Polygeist/issues/aten_c_kernels/results/aten_cross_cpu_backend/debuf.mlir,14d6da0d644c5dc7318ba22282e95c948a2348f9317d51901ed7b481c4d4a3a9,egglog,2,ok,0,740.9050986170769,0,"[""/usr/bin/python3"", ""/home/arjaiswal/Polygeist/scripts/correctness/kernel_match_rewrite.py"", ""/home/arjaiswal/Polygeist/issues/aten_c_kernels/results/aten_cross_cpu_backend/debuf.mlir"", ""--dry-run"", ""--matcher-mode"", ""egglog"", ""--telemetry-json"", ""/home/arjaiswal/Polygeist/issues/equality_saturation_eval/campaign_20260908/aten-aten_cross_cpu_backend-egglog-0l6rhbua.json"", ""--disable-semantic-fallback""]","== match report for /home/arjaiswal/Polygeist/issues/aten_c_kernels/results/aten_cross_cpu_backend/debuf.mlir ==
  match          body#[0]  cudnnPointwiseGraph_f32
  match          body#[1]  cudnnPointwiseGraph_f32
  match          body#[2]  cudnnPointwiseGraph_f32
  total: 3 matched / 3 bodies
",0,[],0,0,0,0,/home/arjaiswal/Polygeist/issues/aten_c_kernels/results/aten_cross_cpu_backend/debuf.mlir,5355,8,3,3,299.5148003101349,0,65576,0.0,0,0,0,0,"[{""body_indices"": [0], ""symbol"": ""cudnnPointwiseGraph_f32""}, {""body_indices"": [1], ""symbol"": ""cudnnPointwiseGraph_f32""}, {""body_indices"": [2], ""symbol"": ""cudnnPointwiseGraph_f32""}]",3,0,0,0.0,0
aten,aten_cross_cpu_backend,/home/arjaiswal/Polygeist/issues/aten_c_kernels/results/aten_cross_cpu_backend/debuf.mlir,14d6da0d644c5dc7318ba22282e95c948a2348f9317d51901ed7b481c4d4a3a9,syntactic,2,ok,0,749.0886487066746,0,"[""/usr/bin/python3"", ""/home/arjaiswal/Polygeist/scripts/correctness/kernel_match_rewrite.py"", ""/home/arjaiswal/Polygeist/issues/aten_c_kernels/results/aten_cross_cpu_backend/debuf.mlir"", ""--dry-run"", ""--matcher-mode"", ""syntactic"", ""--telemetry-json"", ""/home/arjaiswal/Polygeist/issues/equality_saturation_eval/campaign_20260908/aten-aten_cross_cpu_backend-syntactic-qv5kxbgn.json"", ""--disable-semantic-fallback""]","== match report for /home/arjaiswal/Polygeist/issues/aten_c_kernels/results/aten_cross_cpu_backend/debuf.mlir ==
  match          body#[0]  cudnnPointwiseGraph_f32
  match          body#[1]  cudnnPointwiseGraph_f32
  match          body#[2]  cudnnPointwiseGraph_f32
  total: 3 matched / 3 bodies
",0,[],0,0,0,0,/home/arjaiswal/Polygeist/issues/aten_c_kernels/results/aten_cross_cpu_backend/debuf.mlir,5355,0,3,3,323.22535663843155,0,65672,0.0,0,0,0,0,"[{""body_indices"": [0], ""symbol"": ""cudnnPointwiseGraph_f32""}, {""body_indices"": [1], ""symbol"": ""cudnnPointwiseGraph_f32""}, {""body_indices"": [2], ""symbol"": ""cudnnPointwiseGraph_f32""}]",3,0,0,0.0,0
aten,aten_cross_cpu_backend,/home/arjaiswal/Polygeist/issues/aten_c_kernels/results/aten_cross_cpu_backend/debuf.mlir,14d6da0d644c5dc7318ba22282e95c948a2348f9317d51901ed7b481c4d4a3a9,syntactic,3,ok,0,721.014391630888,0,"[""/usr/bin/python3"", ""/home/arjaiswal/Polygeist/scripts/correctness/kernel_match_rewrite.py"", ""/home/arjaiswal/Polygeist/issues/aten_c_kernels/results/aten_cross_cpu_backend/debuf.mlir"", ""--dry-run"", ""--matcher-mode"", ""syntactic"", ""--telemetry-json"", ""/home/arjaiswal/Polygeist/issues/equality_saturation_eval/campaign_20260908/aten-aten_cross_cpu_backend-syntactic-qa4ph09i.json"", ""--disable-semantic-fallback""]","== match report for /home/arjaiswal/Polygeist/issues/aten_c_kernels/results/aten_cross_cpu_backend/debuf.mlir ==
  match          body#[0]  cudnnPointwiseGraph_f32
  match          body#[1]  cudnnPointwiseGraph_f32
  match          body#[2]  cudnnPointwiseGraph_f32
  total: 3 matched / 3 bodies
",0,[],0,0,0,0,/home/arjaiswal/Polygeist/issues/aten_c_kernels/results/aten_cross_cpu_backend/debuf.mlir,5355,0,3,3,291.9622138142586,0,65648,0.0,0,0,0,0,"[{""body_indices"": [0], ""symbol"": ""cudnnPointwiseGraph_f32""}, {""body_indices"": [1], ""symbol"": ""cudnnPointwiseGraph_f32""}, {""body_indices"": [2], ""symbol"": ""cudnnPointwiseGraph_f32""}]",3,0,0,0.0,0
aten,aten_cross_cpu_backend,/home/arjaiswal/Polygeist/issues/aten_c_kernels/results/aten_cross_cpu_backend/debuf.mlir,14d6da0d644c5dc7318ba22282e95c948a2348f9317d51901ed7b481c4d4a3a9,egglog,3,ok,0,720.4051315784454,0,"[""/usr/bin/python3"", ""/home/arjaiswal/Polygeist/scripts/correctness/kernel_match_rewrite.py"", ""/home/arjaiswal/Polygeist/issues/aten_c_kernels/results/aten_cross_cpu_backend/debuf.mlir"", ""--dry-run"", ""--matcher-mode"", ""egglog"", ""--telemetry-json"", ""/home/arjaiswal/Polygeist/issues/equality_saturation_eval/campaign_20260908/aten-aten_cross_cpu_backend-egglog-j_rmqorf.json"", ""--disable-semantic-fallback""]","== match report for /home/arjaiswal/Polygeist/issues/aten_c_kernels/results/aten_cross_cpu_backend/debuf.mlir ==
  match          body#[0]  cudnnPointwiseGraph_f32
  match          body#[1]  cudnnPointwiseGraph_f32
  match          body#[2]  cudnnPointwiseGraph_f32
  total: 3 matched / 3 bodies
",0,[],0,0,0,0,/home/arjaiswal/Polygeist/issues/aten_c_kernels/results/aten_cross_cpu_backend/debuf.mlir,5355,8,3,3,299.25092309713364,0,65756,0.0,0,0,0,0,"[{""body_indices"": [0], ""symbol"": ""cudnnPointwiseGraph_f32""}, {""body_indices"": [1], ""symbol"": ""cudnnPointwiseGraph_f32""}, {""body_indices"": [2], ""symbol"": ""cudnnPointwiseGraph_f32""}]",3,0,0,0.0,0
aten,aten_cross_cpu_backend,/home/arjaiswal/Polygeist/issues/aten_c_kernels/results/aten_cross_cpu_backend/debuf.mlir,14d6da0d644c5dc7318ba22282e95c948a2348f9317d51901ed7b481c4d4a3a9,egglog,4,ok,0,866.7931631207466,0,"[""/usr/bin/python3"", ""/home/arjaiswal/Polygeist/scripts/correctness/kernel_match_rewrite.py"", ""/home/arjaiswal/Polygeist/issues/aten_c_kernels/results/aten_cross_cpu_backend/debuf.mlir"", ""--dry-run"", ""--matcher-mode"", ""egglog"", ""--telemetry-json"", ""/home/arjaiswal/Polygeist/issues/equality_saturation_eval/campaign_20260908/aten-aten_cross_cpu_backend-egglog-r550hk9g.json"", ""--disable-semantic-fallback""]","== match report for /home/arjaiswal/Polygeist/issues/aten_c_kernels/results/aten_cross_cpu_backend/debuf.mlir ==
  match          body#[0]  cudnnPointwiseGraph_f32
  match          body#[1]  cudnnPointwiseGraph_f32
  match          body#[2]  cudnnPointwiseGraph_f32
  total: 3 matched / 3 bodies
",0,[],0,0,0,0,/home/arjaiswal/Polygeist/issues/aten_c_kernels/results/aten_cross_cpu_backend/debuf.mlir,5355,8,3,3,338.2391892373562,0,65600,0.0,0,0,0,0,"[{""body_indices"": [0], ""symbol"": ""cudnnPointwiseGraph_f32""}, {""body_indices"": [1], ""symbol"": ""cudnnPointwiseGraph_f32""}, {""body_indices"": [2], ""symbol"": ""cudnnPointwiseGraph_f32""}]",3,0,0,0.0,0
aten,aten_cross_cpu_backend,/home/arjaiswal/Polygeist/issues/aten_c_kernels/results/aten_cross_cpu_backend/debuf.mlir,14d6da0d644c5dc7318ba22282e95c948a2348f9317d51901ed7b481c4d4a3a9,syntactic,4,ok,0,850.3935933113098,0,"[""/usr/bin/python3"", ""/home/arjaiswal/Polygeist/scripts/correctness/kernel_match_rewrite.py"", ""/home/arjaiswal/Polygeist/issues/aten_c_kernels/results/aten_cross_cpu_backend/debuf.mlir"", ""--dry-run"", ""--matcher-mode"", ""syntactic"", ""--telemetry-json"", ""/home/arjaiswal/Polygeist/issues/equality_saturation_eval/campaign_20260908/aten-aten_cross_cpu_backend-syntactic-y5zrocch.json"", ""--disable-semantic-fallback""]","== match report for /home/arjaiswal/Polygeist/issues/aten_c_kernels/results/aten_cross_cpu_backend/debuf.mlir ==
  match          body#[0]  cudnnPointwiseGraph_f32
  match          body#[1]  cudnnPointwiseGraph_f32
  match          body#[2]  cudnnPointwiseGraph_f32
  total: 3 matched / 3 bodies
",0,[],0,0,0,0,/home/arjaiswal/Polygeist/issues/aten_c_kernels/results/aten_cross_cpu_backend/debuf.mlir,5355,0,3,3,326.2364864349365,0,65744,0.0,0,0,0,0,"[{""body_indices"": [0], ""symbol"": ""cudnnPointwiseGraph_f32""}, {""body_indices"": [1], ""symbol"": ""cudnnPointwiseGraph_f32""}, {""body_indices"": [2], ""symbol"": ""cudnnPointwiseGraph_f32""}]",3,0,0,0.0,0
aten,aten_cross_cpu_backend,/home/arjaiswal/Polygeist/issues/aten_c_kernels/results/aten_cross_cpu_backend/debuf.mlir,14d6da0d644c5dc7318ba22282e95c948a2348f9317d51901ed7b481c4d4a3a9,syntactic,5,ok,0,773.8069444894791,0,"[""/usr/bin/python3"", ""/home/arjaiswal/Polygeist/scripts/correctness/kernel_match_rewrite.py"", ""/home/arjaiswal/Polygeist/issues/aten_c_kernels/results/aten_cross_cpu_backend/debuf.mlir"", ""--dry-run"", ""--matcher-mode"", ""syntactic"", ""--telemetry-json"", ""/home/arjaiswal/Polygeist/issues/equality_saturation_eval/campaign_20260908/aten-aten_cross_cpu_backend-syntactic-pjx66uci.json"", ""--disable-semantic-fallback""]","== match report for /home/arjaiswal/Polygeist/issues/aten_c_kernels/results/aten_cross_cpu_backend/debuf.mlir ==
  match          body#[0]  cudnnPointwiseGraph_f32
  match          body#[1]  cudnnPointwiseGraph_f32
  match          body#[2]  cudnnPointwiseGraph_f32
  total: 3 matched / 3 bodies
",0,[],0,0,0,0,/home/arjaiswal/Polygeist/issues/aten_c_kernels/results/aten_cross_cpu_backend/debuf.mlir,5355,0,3,3,328.8320042192936,0,65712,0.0,0,0,0,0,"[{""body_indices"": [0], ""symbol"": ""cudnnPointwiseGraph_f32""}, {""body_indices"": [1], ""symbol"": ""cudnnPointwiseGraph_f32""}, {""body_indices"": [2], ""symbol"": ""cudnnPointwiseGraph_f32""}]",3,0,0,0.0,0
aten,aten_cross_cpu_backend,/home/arjaiswal/Polygeist/issues/aten_c_kernels/results/aten_cross_cpu_backend/debuf.mlir,14d6da0d644c5dc7318ba22282e95c948a2348f9317d51901ed7b481c4d4a3a9,egglog,5,ok,0,853.8961708545685,0,"[""/usr/bin/python3"", ""/home/arjaiswal/Polygeist/scripts/correctness/kernel_match_rewrite.py"", ""/home/arjaiswal/Polygeist/issues/aten_c_kernels/results/aten_cross_cpu_backend/debuf.mlir"", ""--dry-run"", ""--matcher-mode"", ""egglog"", ""--telemetry-json"", ""/home/arjaiswal/Polygeist/issues/equality_saturation_eval/campaign_20260908/aten-aten_cross_cpu_backend-egglog-qt9czfjk.json"", ""--disable-semantic-fallback""]","== match report for /home/arjaiswal/Polygeist/issues/aten_c_kernels/results/aten_cross_cpu_backend/debuf.mlir ==
  match          body#[0]  cudnnPointwiseGraph_f32
  match          body#[1]  cudnnPointwiseGraph_f32
  match          body#[2]  cudnnPointwiseGraph_f32
  total: 3 matched / 3 bodies
",0,[],0,0,0,0,/home/arjaiswal/Polygeist/issues/aten_c_kernels/results/aten_cross_cpu_backend/debuf.mlir,5355,8,3,3,357.02209547162056,0,65668,0.0,0,0,0,0,"[{""body_indices"": [0], ""symbol"": ""cudnnPointwiseGraph_f32""}, {""body_indices"": [1], ""symbol"": ""cudnnPointwiseGraph_f32""}, {""body_indices"": [2], ""symbol"": ""cudnnPointwiseGraph_f32""}]",3,0,0,0.0,0
aten,aten_ctc_loss_backward_cpu,/home/arjaiswal/Polygeist/issues/aten_c_kernels/results/aten_ctc_loss_backward_cpu/debuf.mlir,c5017178cf691788f48b85f5219fc9820a66e668b8b666922dfdf56a6ff4c246,egglog,1,ok,0,835.695032030344,0,"[""/usr/bin/python3"", ""/home/arjaiswal/Polygeist/scripts/correctness/kernel_match_rewrite.py"", ""/home/arjaiswal/Polygeist/issues/aten_c_kernels/results/aten_ctc_loss_backward_cpu/debuf.mlir"", ""--dry-run"", ""--matcher-mode"", ""egglog"", ""--telemetry-json"", ""/home/arjaiswal/Polygeist/issues/equality_saturation_eval/campaign_20260908/aten-aten_ctc_loss_backward_cpu-egglog-4uzghdmp.json"", ""--disable-semantic-fallback""]","== match report for /home/arjaiswal/Polygeist/issues/aten_c_kernels/results/aten_ctc_loss_backward_cpu/debuf.mlir ==
  no_match       body#0  ?
  match          body#[1]  memset_zero_2D_f32
  total: 1 matched / 2 bodies
",0,[],0,0,0,0,/home/arjaiswal/Polygeist/issues/aten_c_kernels/results/aten_ctc_loss_backward_cpu/debuf.mlir,10599,8,2,1,371.9235993921757,1,69624,21.664541214704514,2,2,0,0,"[{""body_indices"": [1], ""symbol"": ""memset_zero_2D_f32""}]",1,0,0,0.0,6
aten,aten_ctc_loss_backward_cpu,/home/arjaiswal/Polygeist/issues/aten_c_kernels/results/aten_ctc_loss_backward_cpu/debuf.mlir,c5017178cf691788f48b85f5219fc9820a66e668b8b666922dfdf56a6ff4c246,syntactic,1,ok,0,723.6723564565182,0,"[""/usr/bin/python3"", ""/home/arjaiswal/Polygeist/scripts/correctness/kernel_match_rewrite.py"", ""/home/arjaiswal/Polygeist/issues/aten_c_kernels/results/aten_ctc_loss_backward_cpu/debuf.mlir"", ""--dry-run"", ""--matcher-mode"", ""syntactic"", ""--telemetry-json"", ""/home/arjaiswal/Polygeist/issues/equality_saturation_eval/campaign_20260908/aten-aten_ctc_loss_backward_cpu-syntactic-_znrb6mp.json"", ""--disable-semantic-fallback""]","== match report for /home/arjaiswal/Polygeist/issues/aten_c_kernels/results/aten_ctc_loss_backward_cpu/debuf.mlir ==
  no_match       body#0  ?
  match          body#[1]  memset_zero_2D_f32
  total: 1 matched / 2 bodies
",0,[],0,0,0,0,/home/arjaiswal/Polygeist/issues/aten_c_kernels/results/aten_ctc_loss_backward_cpu/debuf.mlir,10599,0,2,1,307.8353479504585,1,65828,0.02146512269973755,0,2,0,0,"[{""body_indices"": [1], ""symbol"": ""memset_zero_2D_f32""}]",1,0,6,0.0,6
aten,aten_ctc_loss_backward_cpu,/home/arjaiswal/Polygeist/issues/aten_c_kernels/results/aten_ctc_loss_backward_cpu/debuf.mlir,c5017178cf691788f48b85f5219fc9820a66e668b8b666922dfdf56a6ff4c246,syntactic,2,ok,0,700.2465464174747,0,"[""/usr/bin/python3"", ""/home/arjaiswal/Polygeist/scripts/correctness/kernel_match_rewrite.py"", ""/home/arjaiswal/Polygeist/issues/aten_c_kernels/results/aten_ctc_loss_backward_cpu/debuf.mlir"", ""--dry-run"", ""--matcher-mode"", ""syntactic"", ""--telemetry-json"", ""/home/arjaiswal/Polygeist/issues/equality_saturation_eval/campaign_20260908/aten-aten_ctc_loss_backward_cpu-syntactic-jmig63z2.json"", ""--disable-semantic-fallback""]","== match report for /home/arjaiswal/Polygeist/issues/aten_c_kernels/results/aten_ctc_loss_backward_cpu/debuf.mlir ==
  no_match       body#0  ?
  match          body#[1]  memset_zero_2D_f32
  total: 1 matched / 2 bodies
",0,[],0,0,0,0,/home/arjaiswal/Polygeist/issues/aten_c_kernels/results/aten_ctc_loss_backward_cpu/debuf.mlir,10599,0,2,1,286.8128754198551,1,65852,0.021852552890777588,0,2,0,0,"[{""body_indices"": [1], ""symbol"": ""memset_zero_2D_f32""}]",1,0,6,0.0,6
aten,aten_ctc_loss_backward_cpu,/home/arjaiswal/Polygeist/issues/aten_c_kernels/results/aten_ctc_loss_backward_cpu/debuf.mlir,c5017178cf691788f48b85f5219fc9820a66e668b8b666922dfdf56a6ff4c246,egglog,2,ok,0,735.7616387307644,0,"[""/usr/bin/python3"", ""/home/arjaiswal/Polygeist/scripts/correctness/kernel_match_rewrite.py"", ""/home/arjaiswal/Polygeist/issues/aten_c_kernels/results/aten_ctc_loss_backward_cpu/debuf.mlir"", ""--dry-run"", ""--matcher-mode"", ""egglog"", ""--telemetry-json"", ""/home/arjaiswal/Polygeist/issues/equality_saturation_eval/campaign_20260908/aten-aten_ctc_loss_backward_cpu-egglog-lxkmngsk.json"", ""--disable-semantic-fallback""]","== match report for /home/arjaiswal/Polygeist/issues/aten_c_kernels/results/aten_ctc_loss_backward_cpu/debuf.mlir ==
  no_match       body#0  ?
  match          body#[1]  memset_zero_2D_f32
  total: 1 matched / 2 bodies
",0,[],0,0,0,0,/home/arjaiswal/Polygeist/issues/aten_c_kernels/results/aten_ctc_loss_backward_cpu/debuf.mlir,10599,8,2,1,316.2092939019203,1,69360,20.101603120565414,2,2,0,0,"[{""body_indices"": [1], ""symbol"": ""memset_zero_2D_f32""}]",1,0,0,0.0,6
aten,aten_ctc_loss_backward_cpu,/home/arjaiswal/Polygeist/issues/aten_c_kernels/results/aten_ctc_loss_backward_cpu/debuf.mlir,c5017178cf691788f48b85f5219fc9820a66e668b8b666922dfdf56a6ff4c246,egglog,3,ok,0,765.9318633377552,0,"[""/usr/bin/python3"", ""/home/arjaiswal/Polygeist/scripts/correctness/kernel_match_rewrite.py"", ""/home/arjaiswal/Polygeist/issues/aten_c_kernels/results/aten_ctc_loss_backward_cpu/debuf.mlir"", ""--dry-run"", ""--matcher-mode"", ""egglog"", ""--telemetry-json"", ""/home/arjaiswal/Polygeist/issues/equality_saturation_eval/campaign_20260908/aten-aten_ctc_loss_backward_cpu-egglog-8tez1zku.json"", ""--disable-semantic-fallback""]","== match report for /home/arjaiswal/Polygeist/issues/aten_c_kernels/results/aten_ctc_loss_backward_cpu/debuf.mlir ==
  no_match       body#0  ?
  match          body#[1]  memset_zero_2D_f32
  total: 1 matched / 2 bodies
",0,[],0,0,0,0,/home/arjaiswal/Polygeist/issues/aten_c_kernels/results/aten_ctc_loss_backward_cpu/debuf.mlir,10599,8,2,1,319.5730522274971,1,69380,21.25612646341324,2,2,0,0,"[{""body_indices"": [1], ""symbol"": ""memset_zero_2D_f32""}]",1,0,0,0.0,6
aten,aten_ctc_loss_backward_cpu,/home/arjaiswal/Polygeist/issues/aten_c_kernels/results/aten_ctc_loss_backward_cpu/debuf.mlir,c5017178cf691788f48b85f5219fc9820a66e668b8b666922dfdf56a6ff4c246,syntactic,3,ok,0,740.5596226453781,0,"[""/usr/bin/python3"", ""/home/arjaiswal/Polygeist/scripts/correctness/kernel_match_rewrite.py"", ""/home/arjaiswal/Polygeist/issues/aten_c_kernels/results/aten_ctc_loss_backward_cpu/debuf.mlir"", ""--dry-run"", ""--matcher-mode"", ""syntactic"", ""--telemetry-json"", ""/home/arjaiswal/Polygeist/issues/equality_saturation_eval/campaign_20260908/aten-aten_ctc_loss_backward_cpu-syntactic-qtpt2qqw.json"", ""--disable-semantic-fallback""]","== match report for /home/arjaiswal/Polygeist/issues/aten_c_kernels/results/aten_ctc_loss_backward_cpu/debuf.mlir ==
  no_match       body#0  ?
  match          body#[1]  memset_zero_2D_f32
  total: 1 matched / 2 bodies
",0,[],0,0,0,0,/home/arjaiswal/Polygeist/issues/aten_c_kernels/results/aten_ctc_loss_backward_cpu/debuf.mlir,10599,0,2,1,306.98883906006813,1,65868,0.02283230423927307,0,2,0,0,"[{""body_indices"": [1], ""symbol"": ""memset_zero_2D_f32""}]",1,0,6,0.0,6
aten,aten_ctc_loss_backward_cpu,/home/arjaiswal/Polygeist/issues/aten_c_kernels/results/aten_ctc_loss_backward_cpu/debuf.mlir,c5017178cf691788f48b85f5219fc9820a66e668b8b666922dfdf56a6ff4c246,syntactic,4,ok,0,739.6109364926815,0,"[""/usr/bin/python3"", ""/home/arjaiswal/Polygeist/scripts/correctness/kernel_match_rewrite.py"", ""/home/arjaiswal/Polygeist/issues/aten_c_kernels/results/aten_ctc_loss_backward_cpu/debuf.mlir"", ""--dry-run"", ""--matcher-mode"", ""syntactic"", ""--telemetry-json"", ""/home/arjaiswal/Polygeist/issues/equality_saturation_eval/campaign_20260908/aten-aten_ctc_loss_backward_cpu-syntactic-01sqpmpa.json"", ""--disable-semantic-fallback""]","== match report for /home/arjaiswal/Polygeist/issues/aten_c_kernels/results/aten_ctc_loss_backward_cpu/debuf.mlir ==
  no_match       body#0  ?
  match          body#[1]  memset_zero_2D_f32
  total: 1 matched / 2 bodies
",0,[],0,0,0,0,/home/arjaiswal/Polygeist/issues/aten_c_kernels/results/aten_ctc_loss_backward_cpu/debuf.mlir,10599,0,2,1,315.49571454524994,1,65940,0.02310052514076233,0,2,0,0,"[{""body_indices"": [1], ""symbol"": ""memset_zero_2D_f32""}]",1,0,6,0.0,6
aten,aten_ctc_loss_backward_cpu,/home/arjaiswal/Polygeist/issues/aten_c_kernels/results/aten_ctc_loss_backward_cpu/debuf.mlir,c5017178cf691788f48b85f5219fc9820a66e668b8b666922dfdf56a6ff4c246,egglog,4,ok,0,788.561400026083,0,"[""/usr/bin/python3"", ""/home/arjaiswal/Polygeist/scripts/correctness/kernel_match_rewrite.py"", ""/home/arjaiswal/Polygeist/issues/aten_c_kernels/results/aten_ctc_loss_backward_cpu/debuf.mlir"", ""--dry-run"", ""--matcher-mode"", ""egglog"", ""--telemetry-json"", ""/home/arjaiswal/Polygeist/issues/equality_saturation_eval/campaign_20260908/aten-aten_ctc_loss_backward_cpu-egglog-_14vh7nf.json"", ""--disable-semantic-fallback""]","== match report for /home/arjaiswal/Polygeist/issues/aten_c_kernels/results/aten_ctc_loss_backward_cpu/debuf.mlir ==
  no_match       body#0  ?
  match          body#[1]  memset_zero_2D_f32
  total: 1 matched / 2 bodies
",0,[],0,0,0,0,/home/arjaiswal/Polygeist/issues/aten_c_kernels/results/aten_ctc_loss_backward_cpu/debuf.mlir,10599,8,2,1,344.6938246488571,1,68864,30.123740434646606,2,2,0,0,"[{""body_indices"": [1], ""symbol"": ""memset_zero_2D_f32""}]",1,0,0,0.0,6
aten,aten_ctc_loss_backward_cpu,/home/arjaiswal/Polygeist/issues/aten_c_kernels/results/aten_ctc_loss_backward_cpu/debuf.mlir,c5017178cf691788f48b85f5219fc9820a66e668b8b666922dfdf56a6ff4c246,egglog,5,ok,0,749.1904646158218,0,"[""/usr/bin/python3"", ""/home/arjaiswal/Polygeist/scripts/correctness/kernel_match_rewrite.py"", ""/home/arjaiswal/Polygeist/issues/aten_c_kernels/results/aten_ctc_loss_backward_cpu/debuf.mlir"", ""--dry-run"", ""--matcher-mode"", ""egglog"", ""--telemetry-json"", ""/home/arjaiswal/Polygeist/issues/equality_saturation_eval/campaign_20260908/aten-aten_ctc_loss_backward_cpu-egglog-95p5kmy0.json"", ""--disable-semantic-fallback""]","== match report for /home/arjaiswal/Polygeist/issues/aten_c_kernels/results/aten_ctc_loss_backward_cpu/debuf.mlir ==
  no_match       body#0  ?
  match          body#[1]  memset_zero_2D_f32
  total: 1 matched / 2 bodies
",0,[],0,0,0,0,/home/arjaiswal/Polygeist/issues/aten_c_kernels/results/aten_ctc_loss_backward_cpu/debuf.mlir,10599,8,2,1,314.1435757279396,1,69484,20.473409444093704,2,2,0,0,"[{""body_indices"": [1], ""symbol"": ""memset_zero_2D_f32""}]",1,0,0,0.0,6
aten,aten_ctc_loss_backward_cpu,/home/arjaiswal/Polygeist/issues/aten_c_kernels/results/aten_ctc_loss_backward_cpu/debuf.mlir,c5017178cf691788f48b85f5219fc9820a66e668b8b666922dfdf56a6ff4c246,syntactic,5,ok,0,733.9649312198162,0,"[""/usr/bin/python3"", ""/home/arjaiswal/Polygeist/scripts/correctness/kernel_match_rewrite.py"", ""/home/arjaiswal/Polygeist/issues/aten_c_kernels/results/aten_ctc_loss_backward_cpu/debuf.mlir"", ""--dry-run"", ""--matcher-mode"", ""syntactic"", ""--telemetry-json"", ""/home/arjaiswal/Polygeist/issues/equality_saturation_eval/campaign_20260908/aten-aten_ctc_loss_backward_cpu-syntactic-75mwtr0o.json"", ""--disable-semantic-fallback""]","== match report for /home/arjaiswal/Polygeist/issues/aten_c_kernels/results/aten_ctc_loss_backward_cpu/debuf.mlir ==
  no_match       body#0  ?
  match          body#[1]  memset_zero_2D_f32
  total: 1 matched / 2 bodies
",0,[],0,0,0,0,/home/arjaiswal/Polygeist/issues/aten_c_kernels/results/aten_ctc_loss_backward_cpu/debuf.mlir,10599,0,2,1,297.4303849041462,1,65892,0.022914260625839233,0,2,0,0,"[{""body_indices"": [1], ""symbol"": ""memset_zero_2D_f32""}]",1,0,6,0.0,6
aten,aten_ctc_loss_cpu,/home/arjaiswal/Polygeist/issues/aten_c_kernels/results/aten_ctc_loss_cpu/debuf.mlir,257dc9980234f17c2c533997adaace3ecdf723571d7e7c708e29aec6a04f02dd,syntactic,1,ok,0,913.3172072470188,0,"[""/usr/bin/python3"", ""/home/arjaiswal/Polygeist/scripts/correctness/kernel_match_rewrite.py"", ""/home/arjaiswal/Polygeist/issues/aten_c_kernels/results/aten_ctc_loss_cpu/debuf.mlir"", ""--dry-run"", ""--matcher-mode"", ""syntactic"", ""--telemetry-json"", ""/home/arjaiswal/Polygeist/issues/equality_saturation_eval/campaign_20260908/aten-aten_ctc_loss_cpu-syntactic-yggyilib.json"", ""--disable-semantic-fallback""]","== match report for /home/arjaiswal/Polygeist/issues/aten_c_kernels/results/aten_ctc_loss_cpu/debuf.mlir ==
  no_match       body#0  ?
  match          body#[1]  cutensorUnary_exp_f32
  match          body#[2]  cudnnPointwiseGraph_f32
  total: 2 matched / 3 bodies
",0,[],0,0,0,0,/home/arjaiswal/Polygeist/issues/aten_c_kernels/results/aten_ctc_loss_cpu/debuf.mlir,8210,0,3,2,422.66103625297546,1,66012,0.12526661157608032,0,16,0,0,"[{""body_indices"": [1], ""symbol"": ""cutensorUnary_exp_f32""}, {""body_indices"": [2], ""symbol"": ""cudnnPointwiseGraph_f32""}]",2,0,44,0.0,44
aten,aten_ctc_loss_cpu,/home/arjaiswal/Polygeist/issues/aten_c_kernels/results/aten_ctc_loss_cpu/debuf.mlir,257dc9980234f17c2c533997adaace3ecdf723571d7e7c708e29aec6a04f02dd,egglog,1,ok,0,1049.1010174155235,0,"[""/usr/bin/python3"", ""/home/arjaiswal/Polygeist/scripts/correctness/kernel_match_rewrite.py"", ""/home/arjaiswal/Polygeist/issues/aten_c_kernels/results/aten_ctc_loss_cpu/debuf.mlir"", ""--dry-run"", ""--matcher-mode"", ""egglog"", ""--telemetry-json"", ""/home/arjaiswal/Polygeist/issues/equality_saturation_eval/campaign_20260908/aten-aten_ctc_loss_cpu-egglog-hknkcxrt.json"", ""--disable-semantic-fallback""]","== match report for /home/arjaiswal/Polygeist/issues/aten_c_kernels/results/aten_ctc_loss_cpu/debuf.mlir ==
  no_match       body#0  ?
  match          body#[1]  cutensorUnary_exp_f32
  match          body#[2]  cudnnPointwiseGraph_f32
  total: 2 matched / 3 bodies
",0,[],0,0,0,0,/home/arjaiswal/Polygeist/issues/aten_c_kernels/results/aten_ctc_loss_cpu/debuf.mlir,8210,8,3,2,611.929927021265,1,70032,167.86814108490944,16,16,0,0,"[{""body_indices"": [1], ""symbol"": ""cutensorUnary_exp_f32""}, {""body_indices"": [2], ""symbol"": ""cudnnPointwiseGraph_f32""}]",2,0,0,0.0,44
aten,aten_ctc_loss_cpu,/home/arjaiswal/Polygeist/issues/aten_c_kernels/results/aten_ctc_loss_cpu/debuf.mlir,257dc9980234f17c2c533997adaace3ecdf723571d7e7c708e29aec6a04f02dd,egglog,2,ok,0,976.1940464377403,0,"[""/usr/bin/python3"", ""/home/arjaiswal/Polygeist/scripts/correctness/kernel_match_rewrite.py"", ""/home/arjaiswal/Polygeist/issues/aten_c_kernels/results/aten_ctc_loss_cpu/debuf.mlir"", ""--dry-run"", ""--matcher-mode"", ""egglog"", ""--telemetry-json"", ""/home/arjaiswal/Polygeist/issues/equality_saturation_eval/campaign_20260908/aten-aten_ctc_loss_cpu-egglog-mhbssgwp.json"", ""--disable-semantic-fallback""]","== match report for /home/arjaiswal/Polygeist/issues/aten_c_kernels/results/aten_ctc_loss_cpu/debuf.mlir ==
  no_match       body#0  ?
  match          body#[1]  cutensorUnary_exp_f32
  match          body#[2]  cudnnPointwiseGraph_f32
  total: 2 matched / 3 bodies
",0,[],0,0,0,0,/home/arjaiswal/Polygeist/issues/aten_c_kernels/results/aten_ctc_loss_cpu/debuf.mlir,8210,8,3,2,555.060364305973,1,69740,156.789418309927,16,16,0,0,"[{""body_indices"": [1], ""symbol"": ""cutensorUnary_exp_f32""}, {""body_indices"": [2], ""symbol"": ""cudnnPointwiseGraph_f32""}]",2,0,0,0.0,44
aten,aten_ctc_loss_cpu,/home/arjaiswal/Polygeist/issues/aten_c_kernels/results/aten_ctc_loss_cpu/debuf.mlir,257dc9980234f17c2c533997adaace3ecdf723571d7e7c708e29aec6a04f02dd,syntactic,2,ok,0,786.1366905272007,0,"[""/usr/bin/python3"", ""/home/arjaiswal/Polygeist/scripts/correctness/kernel_match_rewrite.py"", ""/home/arjaiswal/Polygeist/issues/aten_c_kernels/results/aten_ctc_loss_cpu/debuf.mlir"", ""--dry-run"", ""--matcher-mode"", ""syntactic"", ""--telemetry-json"", ""/home/arjaiswal/Polygeist/issues/equality_saturation_eval/campaign_20260908/aten-aten_ctc_loss_cpu-syntactic-rfyxi7by.json"", ""--disable-semantic-fallback""]","== match report for /home/arjaiswal/Polygeist/issues/aten_c_kernels/results/aten_ctc_loss_cpu/debuf.mlir ==
  no_match       body#0  ?
  match          body#[1]  cutensorUnary_exp_f32
  match          body#[2]  cudnnPointwiseGraph_f32
  total: 2 matched / 3 bodies
",0,[],0,0,0,0,/home/arjaiswal/Polygeist/issues/aten_c_kernels/results/aten_ctc_loss_cpu/debuf.mlir,8210,0,3,2,379.94997575879097,1,65832,0.11150166392326355,0,16,0,0,"[{""body_indices"": [1], ""symbol"": ""cutensorUnary_exp_f32""}, {""body_indices"": [2], ""symbol"": ""cudnnPointwiseGraph_f32""}]",2,0,44,0.0,44
aten,aten_ctc_loss_cpu,/home/arjaiswal/Polygeist/issues/aten_c_kernels/results/aten_ctc_loss_cpu/debuf.mlir,257dc9980234f17c2c533997adaace3ecdf723571d7e7c708e29aec6a04f02dd,syntactic,3,ok,0,800.1401424407959,0,"[""/usr/bin/python3"", ""/home/arjaiswal/Polygeist/scripts/correctness/kernel_match_rewrite.py"", ""/home/arjaiswal/Polygeist/issues/aten_c_kernels/results/aten_ctc_loss_cpu/debuf.mlir"", ""--dry-run"", ""--matcher-mode"", ""syntactic"", ""--telemetry-json"", ""/home/arjaiswal/Polygeist/issues/equality_saturation_eval/campaign_20260908/aten-aten_ctc_loss_cpu-syntactic-klsh4nlm.json"", ""--disable-semantic-fallback""]","== match report for /home/arjaiswal/Polygeist/issues/aten_c_kernels/results/aten_ctc_loss_cpu/debuf.mlir ==
  no_match       body#0  ?
  match          body#[1]  cutensorUnary_exp_f32
  match          body#[2]  cudnnPointwiseGraph_f32
  total: 2 matched / 3 bodies
",0,[],0,0,0,0,/home/arjaiswal/Polygeist/issues/aten_c_kernels/results/aten_ctc_loss_cpu/debuf.mlir,8210,0,3,2,379.0476955473423,1,66020,0.12960284948349,0,16,0,0,"[{""body_indices"": [1], ""symbol"": ""cutensorUnary_exp_f32""}, {""body_indices"": [2], ""symbol"": ""cudnnPointwiseGraph_f32""}]",2,0,44,0.0,44
aten,aten_ctc_loss_cpu,/home/arjaiswal/Polygeist/issues/aten_c_kernels/results/aten_ctc_loss_cpu/debuf.mlir,257dc9980234f17c2c533997adaace3ecdf723571d7e7c708e29aec6a04f02dd,egglog,3,ok,0,963.7063294649124,0,"[""/usr/bin/python3"", ""/home/arjaiswal/Polygeist/scripts/correctness/kernel_match_rewrite.py"", ""/home/arjaiswal/Polygeist/issues/aten_c_kernels/results/aten_ctc_loss_cpu/debuf.mlir"", ""--dry-run"", ""--matcher-mode"", ""egglog"", ""--telemetry-json"", ""/home/arjaiswal/Polygeist/issues/equality_saturation_eval/campaign_20260908/aten-aten_ctc_loss_cpu-egglog-rb540s_4.json"", ""--disable-semantic-fallback""]","== match report for /home/arjaiswal/Polygeist/issues/aten_c_kernels/results/aten_ctc_loss_cpu/debuf.mlir ==
  no_match       body#0  ?
  match          body#[1]  cutensorUnary_exp_f32
  match          body#[2]  cudnnPointwiseGraph_f32
  total: 2 matched / 3 bodies
",0,[],0,0,0,0,/home/arjaiswal/Polygeist/issues/aten_c_kernels/results/aten_ctc_loss_cpu/debuf.mlir,8210,8,3,2,553.6564067006111,1,69996,158.38763862848282,16,16,0,0,"[{""body_indices"": [1], ""symbol"": ""cutensorUnary_exp_f32""}, {""body_indices"": [2], ""symbol"": ""cudnnPointwiseGraph_f32""}]",2,0,0,0.0,44
aten,aten_ctc_loss_cpu,/home/arjaiswal/Polygeist/issues/aten_c_kernels/results/aten_ctc_loss_cpu/debuf.mlir,257dc9980234f17c2c533997adaace3ecdf723571d7e7c708e29aec6a04f02dd,egglog,4,ok,0,993.8816949725151,0,"[""/usr/bin/python3"", ""/home/arjaiswal/Polygeist/scripts/correctness/kernel_match_rewrite.py"", ""/home/arjaiswal/Polygeist/issues/aten_c_kernels/results/aten_ctc_loss_cpu/debuf.mlir"", ""--dry-run"", ""--matcher-mode"", ""egglog"", ""--telemetry-json"", ""/home/arjaiswal/Polygeist/issues/equality_saturation_eval/campaign_20260908/aten-aten_ctc_loss_cpu-egglog-pgvasupu.json"", ""--disable-semantic-fallback""]","== match report for /home/arjaiswal/Polygeist/issues/aten_c_kernels/results/aten_ctc_loss_cpu/debuf.mlir ==
  no_match       body#0  ?
  match          body#[1]  cutensorUnary_exp_f32
  match          body#[2]  cudnnPointwiseGraph_f32
  total: 2 matched / 3 bodies
",0,[],0,0,0,0,/home/arjaiswal/Polygeist/issues/aten_c_kernels/results/aten_ctc_loss_cpu/debuf.mlir,8210,8,3,2,573.1270797550678,1,70212,166.655745357275,16,16,0,0,"[{""body_indices"": [1], ""symbol"": ""cutensorUnary_exp_f32""}, {""body_indices"": [2], ""symbol"": ""cudnnPointwiseGraph_f32""}]",2,0,0,0.0,44
aten,aten_ctc_loss_cpu,/home/arjaiswal/Polygeist/issues/aten_c_kernels/results/aten_ctc_loss_cpu/debuf.mlir,257dc9980234f17c2c533997adaace3ecdf723571d7e7c708e29aec6a04f02dd,syntactic,4,ok,0,827.3647837340832,0,"[""/usr/bin/python3"", ""/home/arjaiswal/Polygeist/scripts/correctness/kernel_match_rewrite.py"", ""/home/arjaiswal/Polygeist/issues/aten_c_kernels/results/aten_ctc_loss_cpu/debuf.mlir"", ""--dry-run"", ""--matcher-mode"", ""syntactic"", ""--telemetry-json"", ""/home/arjaiswal/Polygeist/issues/equality_saturation_eval/campaign_20260908/aten-aten_ctc_loss_cpu-syntactic-r04p3vp7.json"", ""--disable-semantic-fallback""]","== match report for /home/arjaiswal/Polygeist/issues/aten_c_kernels/results/aten_ctc_loss_cpu/debuf.mlir ==
  no_match       body#0  ?
  match          body#[1]  cutensorUnary_exp_f32
  match          body#[2]  cudnnPointwiseGraph_f32
  total: 2 matched / 3 bodies
",0,[],0,0,0,0,/home/arjaiswal/Polygeist/issues/aten_c_kernels/results/aten_ctc_loss_cpu/debuf.mlir,8210,0,3,2,396.7001810669899,1,65796,0.12292712926864624,0,16,0,0,"[{""body_indices"": [1], ""symbol"": ""cutensorUnary_exp_f32""}, {""body_indices"": [2], ""symbol"": ""cudnnPointwiseGraph_f32""}]",2,0,44,0.0,44
aten,aten_ctc_loss_cpu,/home/arjaiswal/Polygeist/issues/aten_c_kernels/results/aten_ctc_loss_cpu/debuf.mlir,257dc9980234f17c2c533997adaace3ecdf723571d7e7c708e29aec6a04f02dd,syntactic,5,ok,0,817.6902085542679,0,"[""/usr/bin/python3"", ""/home/arjaiswal/Polygeist/scripts/correctness/kernel_match_rewrite.py"", ""/home/arjaiswal/Polygeist/issues/aten_c_kernels/results/aten_ctc_loss_cpu/debuf.mlir"", ""--dry-run"", ""--matcher-mode"", ""syntactic"", ""--telemetry-json"", ""/home/arjaiswal/Polygeist/issues/equality_saturation_eval/campaign_20260908/aten-aten_ctc_loss_cpu-syntactic-plh79_w3.json"", ""--disable-semantic-fallback""]","== match report for /home/arjaiswal/Polygeist/issues/aten_c_kernels/results/aten_ctc_loss_cpu/debuf.mlir ==
  no_match       body#0  ?
  match          body#[1]  cutensorUnary_exp_f32
  match          body#[2]  cudnnPointwiseGraph_f32
  total: 2 matched / 3 bodies
",0,[],0,0,0,0,/home/arjaiswal/Polygeist/issues/aten_c_kernels/results/aten_ctc_loss_cpu/debuf.mlir,8210,0,3,2,405.0678014755249,1,65892,0.11960044503211975,0,16,0,0,"[{""body_indices"": [1], ""symbol"": ""cutensorUnary_exp_f32""}, {""body_indices"": [2], ""symbol"": ""cudnnPointwiseGraph_f32""}]",2,0,44,0.0,44
aten,aten_ctc_loss_cpu,/home/arjaiswal/Polygeist/issues/aten_c_kernels/results/aten_ctc_loss_cpu/debuf.mlir,257dc9980234f17c2c533997adaace3ecdf723571d7e7c708e29aec6a04f02dd,egglog,5,ok,0,1015.906885266304,0,"[""/usr/bin/python3"", ""/home/arjaiswal/Polygeist/scripts/correctness/kernel_match_rewrite.py"", ""/home/arjaiswal/Polygeist/issues/aten_c_kernels/results/aten_ctc_loss_cpu/debuf.mlir"", ""--dry-run"", ""--matcher-mode"", ""egglog"", ""--telemetry-json"", ""/home/arjaiswal/Polygeist/issues/equality_saturation_eval/campaign_20260908/aten-aten_ctc_loss_cpu-egglog-l16a6wsa.json"", ""--disable-semantic-fallback""]","== match report for /home/arjaiswal/Polygeist/issues/aten_c_kernels/results/aten_ctc_loss_cpu/debuf.mlir ==
  no_match       body#0  ?
  match          body#[1]  cutensorUnary_exp_f32
  match          body#[2]  cudnnPointwiseGraph_f32
  total: 2 matched / 3 bodies
",0,[],0,0,0,0,/home/arjaiswal/Polygeist/issues/aten_c_kernels/results/aten_ctc_loss_cpu/debuf.mlir,8210,8,3,2,579.2763195931911,1,70068,179.92891743779182,16,16,0,0,"[{""body_indices"": [1], ""symbol"": ""cutensorUnary_exp_f32""}, {""body_indices"": [2], ""symbol"": ""cudnnPointwiseGraph_f32""}]",2,0,0,0.0,44
aten,aten_cummax_cummin_cpu,/home/arjaiswal/Polygeist/issues/aten_c_kernels/results/aten_cummax_cummin_cpu/debuf.mlir,21fd96f3b4530ac01d636f9997870841aadb0bd386a39b73898bd41100215983,egglog,1,ok,0,1099.4318015873432,0,"[""/usr/bin/python3"", ""/home/arjaiswal/Polygeist/scripts/correctness/kernel_match_rewrite.py"", ""/home/arjaiswal/Polygeist/issues/aten_c_kernels/results/aten_cummax_cummin_cpu/debuf.mlir"", ""--dry-run"", ""--matcher-mode"", ""egglog"", ""--telemetry-json"", ""/home/arjaiswal/Polygeist/issues/equality_saturation_eval/campaign_20260908/aten-aten_cummax_cummin_cpu-egglog-x1toxgwc.json"", ""--disable-semantic-fallback""]","== match report for /home/arjaiswal/Polygeist/issues/aten_c_kernels/results/aten_cummax_cummin_cpu/debuf.mlir ==
  rank_or_dtype_reject body#0  memset_zero_1D
  match          body#[1]  cudaCopy1D_f32_tensor
  no_match       body#2  ?
  total: 1 matched / 3 bodies
",0,[],0,0,0,0,/home/arjaiswal/Polygeist/issues/aten_c_kernels/results/aten_cummax_cummin_cpu/debuf.mlir,4815,8,3,1,680.4136708378792,1,70292,224.10441935062408,22,22,0,0,"[{""body_indices"": [1], ""symbol"": ""cudaCopy1D_f32_tensor""}]",1,0,0,0.0,78
aten,aten_cummax_cummin_cpu,/home/arjaiswal/Polygeist/issues/aten_c_kernels/results/aten_cummax_cummin_cpu/debuf.mlir,21fd96f3b4530ac01d636f9997870841aadb0bd386a39b73898bd41100215983,syntactic,1,ok,0,907.2874076664448,0,"[""/usr/bin/python3"", ""/home/arjaiswal/Polygeist/scripts/correctness/kernel_match_rewrite.py"", ""/home/arjaiswal/Polygeist/issues/aten_c_kernels/results/aten_cummax_cummin_cpu/debuf.mlir"", ""--dry-run"", ""--matcher-mode"", ""syntactic"", ""--telemetry-json"", ""/home/arjaiswal/Polygeist/issues/equality_saturation_eval/campaign_20260908/aten-aten_cummax_cummin_cpu-syntactic-5d5qbq35.json"", ""--disable-semantic-fallback""]","== match report for /home/arjaiswal/Polygeist/issues/aten_c_kernels/results/aten_cummax_cummin_cpu/debuf.mlir ==
  rank_or_dtype_reject body#0  memset_zero_1D
  match          body#[1]  cudaCopy1D_f32_tensor
  no_match       body#2  ?
  total: 1 matched / 3 bodies
",0,[],0,0,0,0,/home/arjaiswal/Polygeist/issues/aten_c_kernels/results/aten_cummax_cummin_cpu/debuf.mlir,4815,0,3,1,480.8841347694397,1,66240,0.21228939294815063,0,22,0,0,"[{""body_indices"": [1], ""symbol"": ""cudaCopy1D_f32_tensor""}]",1,0,78,0.0,78
aten,aten_cummax_cummin_cpu,/home/arjaiswal/Polygeist/issues/aten_c_kernels/results/aten_cummax_cummin_cpu/debuf.mlir,21fd96f3b4530ac01d636f9997870841aadb0bd386a39b73898bd41100215983,syntactic,2,ok,0,874.3971288204193,0,"[""/usr/bin/python3"", ""/home/arjaiswal/Polygeist/scripts/correctness/kernel_match_rewrite.py"", ""/home/arjaiswal/Polygeist/issues/aten_c_kernels/results/aten_cummax_cummin_cpu/debuf.mlir"", ""--dry-run"", ""--matcher-mode"", ""syntactic"", ""--telemetry-json"", ""/home/arjaiswal/Polygeist/issues/equality_saturation_eval/campaign_20260908/aten-aten_cummax_cummin_cpu-syntactic-uuhbqayv.json"", ""--disable-semantic-fallback""]","== match report for /home/arjaiswal/Polygeist/issues/aten_c_kernels/results/aten_cummax_cummin_cpu/debuf.mlir ==
  rank_or_dtype_reject body#0  memset_zero_1D
  match          body#[1]  cudaCopy1D_f32_tensor
  no_match       body#2  ?
  total: 1 matched / 3 bodies
",0,[],0,0,0,0,/home/arjaiswal/Polygeist/issues/aten_c_kernels/results/aten_cummax_cummin_cpu/debuf.mlir,4815,0,3,1,466.0535305738449,1,66140,0.20018592476844788,0,22,0,0,"[{""body_indices"": [1], ""symbol"": ""cudaCopy1D_f32_tensor""}]",1,0,78,0.0,78
aten,aten_cummax_cummin_cpu,/home/arjaiswal/Polygeist/issues/aten_c_kernels/results/aten_cummax_cummin_cpu/debuf.mlir,21fd96f3b4530ac01d636f9997870841aadb0bd386a39b73898bd41100215983,egglog,2,ok,0,1190.2205869555473,0,"[""/usr/bin/python3"", ""/home/arjaiswal/Polygeist/scripts/correctness/kernel_match_rewrite.py"", ""/home/arjaiswal/Polygeist/issues/aten_c_kernels/results/aten_cummax_cummin_cpu/debuf.mlir"", ""--dry-run"", ""--matcher-mode"", ""egglog"", ""--telemetry-json"", ""/home/arjaiswal/Polygeist/issues/equality_saturation_eval/campaign_20260908/aten-aten_cummax_cummin_cpu-egglog-qsol60kf.json"", ""--disable-semantic-fallback""]","== match report for /home/arjaiswal/Polygeist/issues/aten_c_kernels/results/aten_cummax_cummin_cpu/debuf.mlir ==
  rank_or_dtype_reject body#0  memset_zero_1D
  match          body#[1]  cudaCopy1D_f32_tensor
  no_match       body#2  ?
  total: 1 matched / 3 bodies
",0,[],0,0,0,0,/home/arjaiswal/Polygeist/issues/aten_c_kernels/results/aten_cummax_cummin_cpu/debuf.mlir,4815,8,3,1,745.6667348742485,1,70436,232.00510814785957,22,22,0,0,"[{""body_indices"": [1], ""symbol"": ""cudaCopy1D_f32_tensor""}]",1,0,0,0.0,78
aten,aten_cummax_cummin_cpu,/home/arjaiswal/Polygeist/issues/aten_c_kernels/results/aten_cummax_cummin_cpu/debuf.mlir,21fd96f3b4530ac01d636f9997870841aadb0bd386a39b73898bd41100215983,egglog,3,ok,0,1127.1648854017258,0,"[""/usr/bin/python3"", ""/home/arjaiswal/Polygeist/scripts/correctness/kernel_match_rewrite.py"", ""/home/arjaiswal/Polygeist/issues/aten_c_kernels/results/aten_cummax_cummin_cpu/debuf.mlir"", ""--dry-run"", ""--matcher-mode"", ""egglog"", ""--telemetry-json"", ""/home/arjaiswal/Polygeist/issues/equality_saturation_eval/campaign_20260908/aten-aten_cummax_cummin_cpu-egglog-tstu3t8a.json"", ""--disable-semantic-fallback""]","== match report for /home/arjaiswal/Polygeist/issues/aten_c_kernels/results/aten_cummax_cummin_cpu/debuf.mlir ==
  rank_or_dtype_reject body#0  memset_zero_1D
  match          body#[1]  cudaCopy1D_f32_tensor
  no_match       body#2  ?
  total: 1 matched / 3 bodies
",0,[],0,0,0,0,/home/arjaiswal/Polygeist/issues/aten_c_kernels/results/aten_cummax_cummin_cpu/debuf.mlir,4815,8,3,1,698.7120769917965,1,70464,227.186918258667,22,22,0,0,"[{""body_indices"": [1], ""symbol"": ""cudaCopy1D_f32_tensor""}]",1,0,0,0.0,78
aten,aten_cummax_cummin_cpu,/home/arjaiswal/Polygeist/issues/aten_c_kernels/results/aten_cummax_cummin_cpu/debuf.mlir,21fd96f3b4530ac01d636f9997870841aadb0bd386a39b73898bd41100215983,syntactic,3,ok,0,899.2967754602432,0,"[""/usr/bin/python3"", ""/home/arjaiswal/Polygeist/scripts/correctness/kernel_match_rewrite.py"", ""/home/arjaiswal/Polygeist/issues/aten_c_kernels/results/aten_cummax_cummin_cpu/debuf.mlir"", ""--dry-run"", ""--matcher-mode"", ""syntactic"", ""--telemetry-json"", ""/home/arjaiswal/Polygeist/issues/equality_saturation_eval/campaign_20260908/aten-aten_cummax_cummin_cpu-syntactic-95ppc1fn.json"", ""--disable-semantic-fallback""]","== match report for /home/arjaiswal/Polygeist/issues/aten_c_kernels/results/aten_cummax_cummin_cpu/debuf.mlir ==
  rank_or_dtype_reject body#0  memset_zero_1D
  match          body#[1]  cudaCopy1D_f32_tensor
  no_match       body#2  ?
  total: 1 matched / 3 bodies
",0,[],0,0,0,0,/home/arjaiswal/Polygeist/issues/aten_c_kernels/results/aten_cummax_cummin_cpu/debuf.mlir,4815,0,3,1,476.36838629841805,1,66128,0.20423531532287598,0,22,0,0,"[{""body_indices"": [1], ""symbol"": ""cudaCopy1D_f32_tensor""}]",1,0,78,0.0,78
aten,aten_cummax_cummin_cpu,/home/arjaiswal/Polygeist/issues/aten_c_kernels/results/aten_cummax_cummin_cpu/debuf.mlir,21fd96f3b4530ac01d636f9997870841aadb0bd386a39b73898bd41100215983,syntactic,4,ok,0,894.3947702646255,0,"[""/usr/bin/python3"", ""/home/arjaiswal/Polygeist/scripts/correctness/kernel_match_rewrite.py"", ""/home/arjaiswal/Polygeist/issues/aten_c_kernels/results/aten_cummax_cummin_cpu/debuf.mlir"", ""--dry-run"", ""--matcher-mode"", ""syntactic"", ""--telemetry-json"", ""/home/arjaiswal/Polygeist/issues/equality_saturation_eval/campaign_20260908/aten-aten_cummax_cummin_cpu-syntactic-4j5psgz3.json"", ""--disable-semantic-fallback""]","== match report for /home/arjaiswal/Polygeist/issues/aten_c_kernels/results/aten_cummax_cummin_cpu/debuf.mlir ==
  rank_or_dtype_reject body#0  memset_zero_1D
  match          body#[1]  cudaCopy1D_f32_tensor
  no_match       body#2  ?
  total: 1 matched / 3 bodies
",0,[],0,0,0,0,/home/arjaiswal/Polygeist/issues/aten_c_kernels/results/aten_cummax_cummin_cpu/debuf.mlir,4815,0,3,1,467.0679681003094,1,66296,0.21070614457130432,0,22,0,0,"[{""body_indices"": [1], ""symbol"": ""cudaCopy1D_f32_tensor""}]",1,0,78,0.0,78
aten,aten_cummax_cummin_cpu,/home/arjaiswal/Polygeist/issues/aten_c_kernels/results/aten_cummax_cummin_cpu/debuf.mlir,21fd96f3b4530ac01d636f9997870841aadb0bd386a39b73898bd41100215983,egglog,4,ok,0,1135.2794505655766,0,"[""/usr/bin/python3"", ""/home/arjaiswal/Polygeist/scripts/correctness/kernel_match_rewrite.py"", ""/home/arjaiswal/Polygeist/issues/aten_c_kernels/results/aten_cummax_cummin_cpu/debuf.mlir"", ""--dry-run"", ""--matcher-mode"", ""egglog"", ""--telemetry-json"", ""/home/arjaiswal/Polygeist/issues/equality_saturation_eval/campaign_20260908/aten-aten_cummax_cummin_cpu-egglog-1y4wmwjy.json"", ""--disable-semantic-fallback""]","== match report for /home/arjaiswal/Polygeist/issues/aten_c_kernels/results/aten_cummax_cummin_cpu/debuf.mlir ==
  rank_or_dtype_reject body#0  memset_zero_1D
  match          body#[1]  cudaCopy1D_f32_tensor
  no_match       body#2  ?
  total: 1 matched / 3 bodies
",0,[],0,0,0,0,/home/arjaiswal/Polygeist/issues/aten_c_kernels/results/aten_cummax_cummin_cpu/debuf.mlir,4815,8,3,1,703.6289982497692,1,70316,232.00274631381035,22,22,0,0,"[{""body_indices"": [1], ""symbol"": ""cudaCopy1D_f32_tensor""}]",1,0,0,0.0,78
aten,aten_cummax_cummin_cpu,/home/arjaiswal/Polygeist/issues/aten_c_kernels/results/aten_cummax_cummin_cpu/debuf.mlir,21fd96f3b4530ac01d636f9997870841aadb0bd386a39b73898bd41100215983,egglog,5,ok,0,1198.588341474533,0,"[""/usr/bin/python3"", ""/home/arjaiswal/Polygeist/scripts/correctness/kernel_match_rewrite.py"", ""/home/arjaiswal/Polygeist/issues/aten_c_kernels/results/aten_cummax_cummin_cpu/debuf.mlir"", ""--dry-run"", ""--matcher-mode"", ""egglog"", ""--telemetry-json"", ""/home/arjaiswal/Polygeist/issues/equality_saturation_eval/campaign_20260908/aten-aten_cummax_cummin_cpu-egglog-v7ty5oik.json"", ""--disable-semantic-fallback""]","== match report for /home/arjaiswal/Polygeist/issues/aten_c_kernels/results/aten_cummax_cummin_cpu/debuf.mlir ==
  rank_or_dtype_reject body#0  memset_zero_1D
  match          body#[1]  cudaCopy1D_f32_tensor
  no_match       body#2  ?
  total: 1 matched / 3 bodies
",0,[],0,0,0,0,/home/arjaiswal/Polygeist/issues/aten_c_kernels/results/aten_cummax_cummin_cpu/debuf.mlir,4815,8,3,1,724.9962761998177,1,70484,236.04795336723328,22,22,0,0,"[{""body_indices"": [1], ""symbol"": ""cudaCopy1D_f32_tensor""}]",1,0,0,0.0,78
aten,aten_cummax_cummin_cpu,/home/arjaiswal/Polygeist/issues/aten_c_kernels/results/aten_cummax_cummin_cpu/debuf.mlir,21fd96f3b4530ac01d636f9997870841aadb0bd386a39b73898bd41100215983,syntactic,5,ok,0,901.0159783065319,0,"[""/usr/bin/python3"", ""/home/arjaiswal/Polygeist/scripts/correctness/kernel_match_rewrite.py"", ""/home/arjaiswal/Polygeist/issues/aten_c_kernels/results/aten_cummax_cummin_cpu/debuf.mlir"", ""--dry-run"", ""--matcher-mode"", ""syntactic"", ""--telemetry-json"", ""/home/arjaiswal/Polygeist/issues/equality_saturation_eval/campaign_20260908/aten-aten_cummax_cummin_cpu-syntactic-s3saa0_d.json"", ""--disable-semantic-fallback""]","== match report for /home/arjaiswal/Polygeist/issues/aten_c_kernels/results/aten_cummax_cummin_cpu/debuf.mlir ==
  rank_or_dtype_reject body#0  memset_zero_1D
  match          body#[1]  cudaCopy1D_f32_tensor
  no_match       body#2  ?
  total: 1 matched / 3 bodies
",0,[],0,0,0,0,/home/arjaiswal/Polygeist/issues/aten_c_kernels/results/aten_cummax_cummin_cpu/debuf.mlir,4815,0,3,1,461.0110707581043,1,66136,0.1958310604095459,0,22,0,0,"[{""body_indices"": [1], ""symbol"": ""cudaCopy1D_f32_tensor""}]",1,0,78,0.0,78
aten,aten_cumprod_backward_cpu,/home/arjaiswal/Polygeist/issues/aten_c_kernels/results/aten_cumprod_backward_cpu/debuf.mlir,3f51fc65cadf60888bfb1e05e4a04b0b21226ab532c389cf0081e7b74e33ebf4,syntactic,1,ok,0,823.4864696860313,0,"[""/usr/bin/python3"", ""/home/arjaiswal/Polygeist/scripts/correctness/kernel_match_rewrite.py"", ""/home/arjaiswal/Polygeist/issues/aten_c_kernels/results/aten_cumprod_backward_cpu/debuf.mlir"", ""--dry-run"", ""--matcher-mode"", ""syntactic"", ""--telemetry-json"", ""/home/arjaiswal/Polygeist/issues/equality_saturation_eval/campaign_20260908/aten-aten_cumprod_backward_cpu-syntactic-065istms.json"", ""--disable-semantic-fallback""]","== match report for /home/arjaiswal/Polygeist/issues/aten_c_kernels/results/aten_cumprod_backward_cpu/debuf.mlir ==
  match          body#[0]  memset_zero_1D_f32
  no_match       body#1  ?
  total: 1 matched / 2 bodies
",0,[],0,0,0,0,/home/arjaiswal/Polygeist/issues/aten_c_kernels/results/aten_cumprod_backward_cpu/debuf.mlir,3509,0,2,1,377.27973237633705,1,66056,0.1229308545589447,0,20,0,0,"[{""body_indices"": [0], ""symbol"": ""memset_zero_1D_f32""}]",1,0,36,0.0,36
aten,aten_cumprod_backward_cpu,/home/arjaiswal/Polygeist/issues/aten_c_kernels/results/aten_cumprod_backward_cpu/debuf.mlir,3f51fc65cadf60888bfb1e05e4a04b0b21226ab532c389cf0081e7b74e33ebf4,egglog,1,ok,0,1134.015928953886,0,"[""/usr/bin/python3"", ""/home/arjaiswal/Polygeist/scripts/correctness/kernel_match_rewrite.py"", ""/home/arjaiswal/Polygeist/issues/aten_c_kernels/results/aten_cumprod_backward_cpu/debuf.mlir"", ""--dry-run"", ""--matcher-mode"", ""egglog"", ""--telemetry-json"", ""/home/arjaiswal/Polygeist/issues/equality_saturation_eval/campaign_20260908/aten-aten_cumprod_backward_cpu-egglog-6skywkgd.json"", ""--disable-semantic-fallback""]","== match report for /home/arjaiswal/Polygeist/issues/aten_c_kernels/results/aten_cumprod_backward_cpu/debuf.mlir ==
  match          body#[0]  memset_zero_1D_f32
  no_match       body#1  ?
  total: 1 matched / 2 bodies
",0,[],0,0,0,0,/home/arjaiswal/Polygeist/issues/aten_c_kernels/results/aten_cumprod_backward_cpu/debuf.mlir,3509,8,2,1,686.3900013267994,1,70212,249.79613348841667,20,20,0,0,"[{""body_indices"": [0], ""symbol"": ""memset_zero_1D_f32""}]",1,0,0,0.0,36
aten,aten_cumprod_backward_cpu,/home/arjaiswal/Polygeist/issues/aten_c_kernels/results/aten_cumprod_backward_cpu/debuf.mlir,3f51fc65cadf60888bfb1e05e4a04b0b21226ab532c389cf0081e7b74e33ebf4,egglog,2,ok,0,1160.300835967064,0,"[""/usr/bin/python3"", ""/home/arjaiswal/Polygeist/scripts/correctness/kernel_match_rewrite.py"", ""/home/arjaiswal/Polygeist/issues/aten_c_kernels/results/aten_cumprod_backward_cpu/debuf.mlir"", ""--dry-run"", ""--matcher-mode"", ""egglog"", ""--telemetry-json"", ""/home/arjaiswal/Polygeist/issues/equality_saturation_eval/campaign_20260908/aten-aten_cumprod_backward_cpu-egglog-pfzm78wn.json"", ""--disable-semantic-fallback""]","== match report for /home/arjaiswal/Polygeist/issues/aten_c_kernels/results/aten_cumprod_backward_cpu/debuf.mlir ==
  match          body#[0]  memset_zero_1D_f32
  no_match       body#1  ?
  total: 1 matched / 2 bodies
",0,[],0,0,0,0,/home/arjaiswal/Polygeist/issues/aten_c_kernels/results/aten_cumprod_backward_cpu/debuf.mlir,3509,8,2,1,654.8544056713581,1,70468,244.33839693665504,20,20,0,0,"[{""body_indices"": [0], ""symbol"": ""memset_zero_1D_f32""}]",1,0,0,0.0,36
aten,aten_cumprod_backward_cpu,/home/arjaiswal/Polygeist/issues/aten_c_kernels/results/aten_cumprod_backward_cpu/debuf.mlir,3f51fc65cadf60888bfb1e05e4a04b0b21226ab532c389cf0081e7b74e33ebf4,syntactic,2,ok,0,848.5442213714123,0,"[""/usr/bin/python3"", ""/home/arjaiswal/Polygeist/scripts/correctness/kernel_match_rewrite.py"", ""/home/arjaiswal/Polygeist/issues/aten_c_kernels/results/aten_cumprod_backward_cpu/debuf.mlir"", ""--dry-run"", ""--matcher-mode"", ""syntactic"", ""--telemetry-json"", ""/home/arjaiswal/Polygeist/issues/equality_saturation_eval/campaign_20260908/aten-aten_cumprod_backward_cpu-syntactic-doki72b3.json"", ""--disable-semantic-fallback""]","== match report for /home/arjaiswal/Polygeist/issues/aten_c_kernels/results/aten_cumprod_backward_cpu/debuf.mlir ==
  match          body#[0]  memset_zero_1D_f32
  no_match       body#1  ?
  total: 1 matched / 2 bodies
",0,[],0,0,0,0,/home/arjaiswal/Polygeist/issues/aten_c_kernels/results/aten_cumprod_backward_cpu/debuf.mlir,3509,0,2,1,404.32407334446907,1,66188,0.13379380106925964,0,20,0,0,"[{""body_indices"": [0], ""symbol"": ""memset_zero_1D_f32""}]",1,0,36,0.0,36
aten,aten_cumprod_backward_cpu,/home/arjaiswal/Polygeist/issues/aten_c_kernels/results/aten_cumprod_backward_cpu/debuf.mlir,3f51fc65cadf60888bfb1e05e4a04b0b21226ab532c389cf0081e7b74e33ebf4,syntactic,3,ok,0,816.1422088742256,0,"[""/usr/bin/python3"", ""/home/arjaiswal/Polygeist/scripts/correctness/kernel_match_rewrite.py"", ""/home/arjaiswal/Polygeist/issues/aten_c_kernels/results/aten_cumprod_backward_cpu/debuf.mlir"", ""--dry-run"", ""--matcher-mode"", ""syntactic"", ""--telemetry-json"", ""/home/arjaiswal/Polygeist/issues/equality_saturation_eval/campaign_20260908/aten-aten_cumprod_backward_cpu-syntactic-p_ufdt59.json"", ""--disable-semantic-fallback""]","== match report for /home/arjaiswal/Polygeist/issues/aten_c_kernels/results/aten_cumprod_backward_cpu/debuf.mlir ==
  match          body#[0]  memset_zero_1D_f32
  no_match       body#1  ?
  total: 1 matched / 2 bodies
",0,[],0,0,0,0,/home/arjaiswal/Polygeist/issues/aten_c_kernels/results/aten_cumprod_backward_cpu/debuf.mlir,3509,0,2,1,384.13265720009804,1,66380,0.1301690936088562,0,20,0,0,"[{""body_indices"": [0], ""symbol"": ""memset_zero_1D_f32""}]",1,0,36,0.0,36
aten,aten_cumprod_backward_cpu,/home/arjaiswal/Polygeist/issues/aten_c_kernels/results/aten_cumprod_backward_cpu/debuf.mlir,3f51fc65cadf60888bfb1e05e4a04b0b21226ab532c389cf0081e7b74e33ebf4,egglog,3,ok,0,1063.97869810462,0,"[""/usr/bin/python3"", ""/home/arjaiswal/Polygeist/scripts/correctness/kernel_match_rewrite.py"", ""/home/arjaiswal/Polygeist/issues/aten_c_kernels/results/aten_cumprod_backward_cpu/debuf.mlir"", ""--dry-run"", ""--matcher-mode"", ""egglog"", ""--telemetry-json"", ""/home/arjaiswal/Polygeist/issues/equality_saturation_eval/campaign_20260908/aten-aten_cumprod_backward_cpu-egglog-e67f1ydd.json"", ""--disable-semantic-fallback""]","== match report for /home/arjaiswal/Polygeist/issues/aten_c_kernels/results/aten_cumprod_backward_cpu/debuf.mlir ==
  match          body#[0]  memset_zero_1D_f32
  no_match       body#1  ?
  total: 1 matched / 2 bodies
",0,[],0,0,0,0,/home/arjaiswal/Polygeist/issues/aten_c_kernels/results/aten_cumprod_backward_cpu/debuf.mlir,3509,8,2,1,628.5853162407875,1,70020,214.47428315877914,20,20,0,0,"[{""body_indices"": [0], ""symbol"": ""memset_zero_1D_f32""}]",1,0,0,0.0,36
aten,aten_cumprod_backward_cpu,/home/arjaiswal/Polygeist/issues/aten_c_kernels/results/aten_cumprod_backward_cpu/debuf.mlir,3f51fc65cadf60888bfb1e05e4a04b0b21226ab532c389cf0081e7b74e33ebf4,egglog,4,ok,0,1030.4171070456505,0,"[""/usr/bin/python3"", ""/home/arjaiswal/Polygeist/scripts/correctness/kernel_match_rewrite.py"", ""/home/arjaiswal/Polygeist/issues/aten_c_kernels/results/aten_cumprod_backward_cpu/debuf.mlir"", ""--dry-run"", ""--matcher-mode"", ""egglog"", ""--telemetry-json"", ""/home/arjaiswal/Polygeist/issues/equality_saturation_eval/campaign_20260908/aten-aten_cumprod_backward_cpu-egglog-8ogpethc.json"", ""--disable-semantic-fallback""]","== match report for /home/arjaiswal/Polygeist/issues/aten_c_kernels/results/aten_cumprod_backward_cpu/debuf.mlir ==
  match          body#[0]  memset_zero_1D_f32
  no_match       body#1  ?
  total: 1 matched / 2 bodies
",0,[],0,0,0,0,/home/arjaiswal/Polygeist/issues/aten_c_kernels/results/aten_cumprod_backward_cpu/debuf.mlir,3509,8,2,1,605.0404720008373,1,70368,201.66859775781631,20,20,0,0,"[{""body_indices"": [0], ""symbol"": ""memset_zero_1D_f32""}]",1,0,0,0.0,36
aten,aten_cumprod_backward_cpu,/home/arjaiswal/Polygeist/issues/aten_c_kernels/results/aten_cumprod_backward_cpu/debuf.mlir,3f51fc65cadf60888bfb1e05e4a04b0b21226ab532c389cf0081e7b74e33ebf4,syntactic,4,ok,0,809.7924627363682,0,"[""/usr/bin/python3"", ""/home/arjaiswal/Polygeist/scripts/correctness/kernel_match_rewrite.py"", ""/home/arjaiswal/Polygeist/issues/aten_c_kernels/results/aten_cumprod_backward_cpu/debuf.mlir"", ""--dry-run"", ""--matcher-mode"", ""syntactic"", ""--telemetry-json"", ""/home/arjaiswal/Polygeist/issues/equality_saturation_eval/campaign_20260908/aten-aten_cumprod_backward_cpu-syntactic-sg5dohht.json"", ""--disable-semantic-fallback""]","== match report for /home/arjaiswal/Polygeist/issues/aten_c_kernels/results/aten_cumprod_backward_cpu/debuf.mlir ==
  match          body#[0]  memset_zero_1D_f32
  no_match       body#1  ?
  total: 1 matched / 2 bodies
",0,[],0,0,0,0,/home/arjaiswal/Polygeist/issues/aten_c_kernels/results/aten_cumprod_backward_cpu/debuf.mlir,3509,0,2,1,377.7835927903652,1,66236,0.1315586268901825,0,20,0,0,"[{""body_indices"": [0], ""symbol"": ""memset_zero_1D_f32""}]",1,0,36,0.0,36
aten,aten_cumprod_backward_cpu,/home/arjaiswal/Polygeist/issues/aten_c_kernels/results/aten_cumprod_backward_cpu/debuf.mlir,3f51fc65cadf60888bfb1e05e4a04b0b21226ab532c389cf0081e7b74e33ebf4,syntactic,5,ok,0,800.1182712614536,0,"[""/usr/bin/python3"", ""/home/arjaiswal/Polygeist/scripts/correctness/kernel_match_rewrite.py"", ""/home/arjaiswal/Polygeist/issues/aten_c_kernels/results/aten_cumprod_backward_cpu/debuf.mlir"", ""--dry-run"", ""--matcher-mode"", ""syntactic"", ""--telemetry-json"", ""/home/arjaiswal/Polygeist/issues/equality_saturation_eval/campaign_20260908/aten-aten_cumprod_backward_cpu-syntactic-iig5b8gr.json"", ""--disable-semantic-fallback""]","== match report for /home/arjaiswal/Polygeist/issues/aten_c_kernels/results/aten_cumprod_backward_cpu/debuf.mlir ==
  match          body#[0]  memset_zero_1D_f32
  no_match       body#1  ?
  total: 1 matched / 2 bodies
",0,[],0,0,0,0,/home/arjaiswal/Polygeist/issues/aten_c_kernels/results/aten_cumprod_backward_cpu/debuf.mlir,3509,0,2,1,382.4087306857109,1,66340,0.1445673406124115,0,20,0,0,"[{""body_indices"": [0], ""symbol"": ""memset_zero_1D_f32""}]",1,0,36,0.0,36
aten,aten_cumprod_backward_cpu,/home/arjaiswal/Polygeist/issues/aten_c_kernels/results/aten_cumprod_backward_cpu/debuf.mlir,3f51fc65cadf60888bfb1e05e4a04b0b21226ab532c389cf0081e7b74e33ebf4,egglog,5,ok,0,1029.6766497194767,0,"[""/usr/bin/python3"", ""/home/arjaiswal/Polygeist/scripts/correctness/kernel_match_rewrite.py"", ""/home/arjaiswal/Polygeist/issues/aten_c_kernels/results/aten_cumprod_backward_cpu/debuf.mlir"", ""--dry-run"", ""--matcher-mode"", ""egglog"", ""--telemetry-json"", ""/home/arjaiswal/Polygeist/issues/equality_saturation_eval/campaign_20260908/aten-aten_cumprod_backward_cpu-egglog-0l1ujwxg.json"", ""--disable-semantic-fallback""]","== match report for /home/arjaiswal/Polygeist/issues/aten_c_kernels/results/aten_cumprod_backward_cpu/debuf.mlir ==
  match          body#[0]  memset_zero_1D_f32
  no_match       body#1  ?
  total: 1 matched / 2 bodies
",0,[],0,0,0,0,/home/arjaiswal/Polygeist/issues/aten_c_kernels/results/aten_cumprod_backward_cpu/debuf.mlir,3509,8,2,1,597.1718281507492,1,70216,201.60488039255142,20,20,0,0,"[{""body_indices"": [0], ""symbol"": ""memset_zero_1D_f32""}]",1,0,0,0.0,36
aten,aten_cumprod_cpu,/home/arjaiswal/Polygeist/issues/aten_c_kernels/results/aten_cumprod_cpu/debuf.mlir,a1c2ce97c3b863b1fa6aca2db933d3326a2069800a12670c8af885cb8dfd081e,egglog,1,ok,0,791.5388680994511,0,"[""/usr/bin/python3"", ""/home/arjaiswal/Polygeist/scripts/correctness/kernel_match_rewrite.py"", ""/home/arjaiswal/Polygeist/issues/aten_c_kernels/results/aten_cumprod_cpu/debuf.mlir"", ""--dry-run"", ""--matcher-mode"", ""egglog"", ""--telemetry-json"", ""/home/arjaiswal/Polygeist/issues/equality_saturation_eval/campaign_20260908/aten-aten_cumprod_cpu-egglog-9hgibpd4.json"", ""--disable-semantic-fallback""]","== match report for /home/arjaiswal/Polygeist/issues/aten_c_kernels/results/aten_cumprod_cpu/debuf.mlir ==
  match          body#[0, 1]  cubSegmentedInclusiveProduct2D_f32_tensor
  total: 1 matched / 1 bodies
",0,[],0,0,0,0,/home/arjaiswal/Polygeist/issues/aten_c_kernels/results/aten_cumprod_cpu/debuf.mlir,2838,8,2,2,348.40308502316475,0,69492,61.27622723579407,6,6,0,8,"[{""body_indices"": [0, 1], ""symbol"": ""cubSegmentedInclusiveProduct2D_f32_tensor""}]",1,0,0,0.0,8
aten,aten_cumprod_cpu,/home/arjaiswal/Polygeist/issues/aten_c_kernels/results/aten_cumprod_cpu/debuf.mlir,a1c2ce97c3b863b1fa6aca2db933d3326a2069800a12670c8af885cb8dfd081e,syntactic,1,ok,0,742.2268912196159,0,"[""/usr/bin/python3"", ""/home/arjaiswal/Polygeist/scripts/correctness/kernel_match_rewrite.py"", ""/home/arjaiswal/Polygeist/issues/aten_c_kernels/results/aten_cumprod_cpu/debuf.mlir"", ""--dry-run"", ""--matcher-mode"", ""syntactic"", ""--telemetry-json"", ""/home/arjaiswal/Polygeist/issues/equality_saturation_eval/campaign_20260908/aten-aten_cumprod_cpu-syntactic-9y652eec.json"", ""--disable-semantic-fallback""]","== match report for /home/arjaiswal/Polygeist/issues/aten_c_kernels/results/aten_cumprod_cpu/debuf.mlir ==
  match          body#[0, 1]  cubSegmentedInclusiveProduct2D_f32_tensor
  total: 1 matched / 1 bodies
",0,[],0,0,0,0,/home/arjaiswal/Polygeist/issues/aten_c_kernels/results/aten_cumprod_cpu/debuf.mlir,2838,0,2,2,301.9947111606598,0,64780,0.049892812967300415,0,6,0,0,"[{""body_indices"": [0, 1], ""symbol"": ""cubSegmentedInclusiveProduct2D_f32_tensor""}]",1,0,8,0.0,8
aten,aten_cumprod_cpu,/home/arjaiswal/Polygeist/issues/aten_c_kernels/results/aten_cumprod_cpu/debuf.mlir,a1c2ce97c3b863b1fa6aca2db933d3326a2069800a12670c8af885cb8dfd081e,syntactic,2,ok,0,728.5476550459862,0,"[""/usr/bin/python3"", ""/home/arjaiswal/Polygeist/scripts/correctness/kernel_match_rewrite.py"", ""/home/arjaiswal/Polygeist/issues/aten_c_kernels/results/aten_cumprod_cpu/debuf.mlir"", ""--dry-run"", ""--matcher-mode"", ""syntactic"", ""--telemetry-json"", ""/home/arjaiswal/Polygeist/issues/equality_saturation_eval/campaign_20260908/aten-aten_cumprod_cpu-syntactic-5z8uxdd7.json"", ""--disable-semantic-fallback""]","== match report for /home/arjaiswal/Polygeist/issues/aten_c_kernels/results/aten_cumprod_cpu/debuf.mlir ==
  match          body#[0, 1]  cubSegmentedInclusiveProduct2D_f32_tensor
  total: 1 matched / 1 bodies
",0,[],0,0,0,0,/home/arjaiswal/Polygeist/issues/aten_c_kernels/results/aten_cumprod_cpu/debuf.mlir,2838,0,2,2,296.37113586068153,0,64884,0.04515796899795532,0,6,0,0,"[{""body_indices"": [0, 1], ""symbol"": ""cubSegmentedInclusiveProduct2D_f32_tensor""}]",1,0,8,0.0,8
aten,aten_cumprod_cpu,/home/arjaiswal/Polygeist/issues/aten_c_kernels/results/aten_cumprod_cpu/debuf.mlir,a1c2ce97c3b863b1fa6aca2db933d3326a2069800a12670c8af885cb8dfd081e,egglog,2,ok,0,830.3033970296383,0,"[""/usr/bin/python3"", ""/home/arjaiswal/Polygeist/scripts/correctness/kernel_match_rewrite.py"", ""/home/arjaiswal/Polygeist/issues/aten_c_kernels/results/aten_cumprod_cpu/debuf.mlir"", ""--dry-run"", ""--matcher-mode"", ""egglog"", ""--telemetry-json"", ""/home/arjaiswal/Polygeist/issues/equality_saturation_eval/campaign_20260908/aten-aten_cumprod_cpu-egglog-nxnf0c82.json"", ""--disable-semantic-fallback""]","== match report for /home/arjaiswal/Polygeist/issues/aten_c_kernels/results/aten_cumprod_cpu/debuf.mlir ==
  match          body#[0, 1]  cubSegmentedInclusiveProduct2D_f32_tensor
  total: 1 matched / 1 bodies
",0,[],0,0,0,0,/home/arjaiswal/Polygeist/issues/aten_c_kernels/results/aten_cumprod_cpu/debuf.mlir,2838,8,2,2,384.77419316768646,0,69252,64.06660377979279,6,6,0,8,"[{""body_indices"": [0, 1], ""symbol"": ""cubSegmentedInclusiveProduct2D_f32_tensor""}]",1,0,0,0.0,8
aten,aten_cumprod_cpu,/home/arjaiswal/Polygeist/issues/aten_c_kernels/results/aten_cumprod_cpu/debuf.mlir,a1c2ce97c3b863b1fa6aca2db933d3326a2069800a12670c8af885cb8dfd081e,egglog,3,ok,0,790.921188890934,0,"[""/usr/bin/python3"", ""/home/arjaiswal/Polygeist/scripts/correctness/kernel_match_rewrite.py"", ""/home/arjaiswal/Polygeist/issues/aten_c_kernels/results/aten_cumprod_cpu/debuf.mlir"", ""--dry-run"", ""--matcher-mode"", ""egglog"", ""--telemetry-json"", ""/home/arjaiswal/Polygeist/issues/equality_saturation_eval/campaign_20260908/aten-aten_cumprod_cpu-egglog-yht56dey.json"", ""--disable-semantic-fallback""]","== match report for /home/arjaiswal/Polygeist/issues/aten_c_kernels/results/aten_cumprod_cpu/debuf.mlir ==
  match          body#[0, 1]  cubSegmentedInclusiveProduct2D_f32_tensor
  total: 1 matched / 1 bodies
",0,[],0,0,0,0,/home/arjaiswal/Polygeist/issues/aten_c_kernels/results/aten_cumprod_cpu/debuf.mlir,2838,8,2,2,353.46417129039764,0,69592,60.23799255490303,6,6,0,8,"[{""body_indices"": [0, 1], ""symbol"": ""cubSegmentedInclusiveProduct2D_f32_tensor""}]",1,0,0,0.0,8
aten,aten_cumprod_cpu,/home/arjaiswal/Polygeist/issues/aten_c_kernels/results/aten_cumprod_cpu/debuf.mlir,a1c2ce97c3b863b1fa6aca2db933d3326a2069800a12670c8af885cb8dfd081e,syntactic,3,ok,0,708.1035114824772,0,"[""/usr/bin/python3"", ""/home/arjaiswal/Polygeist/scripts/correctness/kernel_match_rewrite.py"", ""/home/arjaiswal/Polygeist/issues/aten_c_kernels/results/aten_cumprod_cpu/debuf.mlir"", ""--dry-run"", ""--matcher-mode"", ""syntactic"", ""--telemetry-json"", ""/home/arjaiswal/Polygeist/issues/equality_saturation_eval/campaign_20260908/aten-aten_cumprod_cpu-syntactic-yfg1aapk.json"", ""--disable-semantic-fallback""]","== match report for /home/arjaiswal/Polygeist/issues/aten_c_kernels/results/aten_cumprod_cpu/debuf.mlir ==
  match          body#[0, 1]  cubSegmentedInclusiveProduct2D_f32_tensor
  total: 1 matched / 1 bodies
",0,[],0,0,0,0,/home/arjaiswal/Polygeist/issues/aten_c_kernels/results/aten_cumprod_cpu/debuf.mlir,2838,0,2,2,288.22650015354156,0,64668,0.04256516695022583,0,6,0,0,"[{""body_indices"": [0, 1], ""symbol"": ""cubSegmentedInclusiveProduct2D_f32_tensor""}]",1,0,8,0.0,8
aten,aten_cumprod_cpu,/home/arjaiswal/Polygeist/issues/aten_c_kernels/results/aten_cumprod_cpu/debuf.mlir,a1c2ce97c3b863b1fa6aca2db933d3326a2069800a12670c8af885cb8dfd081e,syntactic,4,ok,0,721.3811539113522,0,"[""/usr/bin/python3"", ""/home/arjaiswal/Polygeist/scripts/correctness/kernel_match_rewrite.py"", ""/home/arjaiswal/Polygeist/issues/aten_c_kernels/results/aten_cumprod_cpu/debuf.mlir"", ""--dry-run"", ""--matcher-mode"", ""syntactic"", ""--telemetry-json"", ""/home/arjaiswal/Polygeist/issues/equality_saturation_eval/campaign_20260908/aten-aten_cumprod_cpu-syntactic-0csrd2m1.json"", ""--disable-semantic-fallback""]","== match report for /home/arjaiswal/Polygeist/issues/aten_c_kernels/results/aten_cumprod_cpu/debuf.mlir ==
  match          body#[0, 1]  cubSegmentedInclusiveProduct2D_f32_tensor
  total: 1 matched / 1 bodies
",0,[],0,0,0,0,/home/arjaiswal/Polygeist/issues/aten_c_kernels/results/aten_cumprod_cpu/debuf.mlir,2838,0,2,2,287.8333777189255,0,64504,0.04943087697029114,0,6,0,0,"[{""body_indices"": [0, 1], ""symbol"": ""cubSegmentedInclusiveProduct2D_f32_tensor""}]",1,0,8,0.0,8
aten,aten_cumprod_cpu,/home/arjaiswal/Polygeist/issues/aten_c_kernels/results/aten_cumprod_cpu/debuf.mlir,a1c2ce97c3b863b1fa6aca2db933d3326a2069800a12670c8af885cb8dfd081e,egglog,4,ok,0,761.4211291074753,0,"[""/usr/bin/python3"", ""/home/arjaiswal/Polygeist/scripts/correctness/kernel_match_rewrite.py"", ""/home/arjaiswal/Polygeist/issues/aten_c_kernels/results/aten_cumprod_cpu/debuf.mlir"", ""--dry-run"", ""--matcher-mode"", ""egglog"", ""--telemetry-json"", ""/home/arjaiswal/Polygeist/issues/equality_saturation_eval/campaign_20260908/aten-aten_cumprod_cpu-egglog-whhavytr.json"", ""--disable-semantic-fallback""]","== match report for /home/arjaiswal/Polygeist/issues/aten_c_kernels/results/aten_cumprod_cpu/debuf.mlir ==
  match          body#[0, 1]  cubSegmentedInclusiveProduct2D_f32_tensor
  total: 1 matched / 1 bodies
",0,[],0,0,0,0,/home/arjaiswal/Polygeist/issues/aten_c_kernels/results/aten_cumprod_cpu/debuf.mlir,2838,8,2,2,340.9837409853935,0,69336,61.63708493113518,6,6,0,8,"[{""body_indices"": [0, 1], ""symbol"": ""cubSegmentedInclusiveProduct2D_f32_tensor""}]",1,0,0,0.0,8
aten,aten_cumprod_cpu,/home/arjaiswal/Polygeist/issues/aten_c_kernels/results/aten_cumprod_cpu/debuf.mlir,a1c2ce97c3b863b1fa6aca2db933d3326a2069800a12670c8af885cb8dfd081e,egglog,5,ok,0,775.1399800181389,0,"[""/usr/bin/python3"", ""/home/arjaiswal/Polygeist/scripts/correctness/kernel_match_rewrite.py"", ""/home/arjaiswal/Polygeist/issues/aten_c_kernels/results/aten_cumprod_cpu/debuf.mlir"", ""--dry-run"", ""--matcher-mode"", ""egglog"", ""--telemetry-json"", ""/home/arjaiswal/Polygeist/issues/equality_saturation_eval/campaign_20260908/aten-aten_cumprod_cpu-egglog-xv6wr0ab.json"", ""--disable-semantic-fallback""]","== match report for /home/arjaiswal/Polygeist/issues/aten_c_kernels/results/aten_cumprod_cpu/debuf.mlir ==
  match          body#[0, 1]  cubSegmentedInclusiveProduct2D_f32_tensor
  total: 1 matched / 1 bodies
",0,[],0,0,0,0,/home/arjaiswal/Polygeist/issues/aten_c_kernels/results/aten_cumprod_cpu/debuf.mlir,2838,8,2,2,349.79675710201263,0,69524,63.023898750543594,6,6,0,8,"[{""body_indices"": [0, 1], ""symbol"": ""cubSegmentedInclusiveProduct2D_f32_tensor""}]",1,0,0,0.0,8
aten,aten_cumprod_cpu,/home/arjaiswal/Polygeist/issues/aten_c_kernels/results/aten_cumprod_cpu/debuf.mlir,a1c2ce97c3b863b1fa6aca2db933d3326a2069800a12670c8af885cb8dfd081e,syntactic,5,ok,0,750.8491389453411,0,"[""/usr/bin/python3"", ""/home/arjaiswal/Polygeist/scripts/correctness/kernel_match_rewrite.py"", ""/home/arjaiswal/Polygeist/issues/aten_c_kernels/results/aten_cumprod_cpu/debuf.mlir"", ""--dry-run"", ""--matcher-mode"", ""syntactic"", ""--telemetry-json"", ""/home/arjaiswal/Polygeist/issues/equality_saturation_eval/campaign_20260908/aten-aten_cumprod_cpu-syntactic-pounyr2y.json"", ""--disable-semantic-fallback""]","== match report for /home/arjaiswal/Polygeist/issues/aten_c_kernels/results/aten_cumprod_cpu/debuf.mlir ==
  match          body#[0, 1]  cubSegmentedInclusiveProduct2D_f32_tensor
  total: 1 matched / 1 bodies
",0,[],0,0,0,0,/home/arjaiswal/Polygeist/issues/aten_c_kernels/results/aten_cumprod_cpu/debuf.mlir,2838,0,2,2,305.98119273781776,0,64392,0.04630163311958313,0,6,0,0,"[{""body_indices"": [0, 1], ""symbol"": ""cubSegmentedInclusiveProduct2D_f32_tensor""}]",1,0,8,0.0,8
aten,aten_cumsum,/home/arjaiswal/Polygeist/issues/aten_c_kernels/results/aten_cumsum/debuf.mlir,f0394057585da9379c8b6f448d4d2c754deede20f4ffda3eb4f4cee4e00581c5,syntactic,1,ok,0,725.9001471102238,0,"[""/usr/bin/python3"", ""/home/arjaiswal/Polygeist/scripts/correctness/kernel_match_rewrite.py"", ""/home/arjaiswal/Polygeist/issues/aten_c_kernels/results/aten_cumsum/debuf.mlir"", ""--dry-run"", ""--matcher-mode"", ""syntactic"", ""--telemetry-json"", ""/home/arjaiswal/Polygeist/issues/equality_saturation_eval/campaign_20260908/aten-aten_cumsum-syntactic-2chewuyk.json"", ""--disable-semantic-fallback""]","== match report for /home/arjaiswal/Polygeist/issues/aten_c_kernels/results/aten_cumsum/debuf.mlir ==
  match          body#[0]  cubInclusiveSum1D_f32_tensor
  total: 1 matched / 1 bodies
",0,[],0,0,0,0,/home/arjaiswal/Polygeist/issues/aten_c_kernels/results/aten_cumsum/debuf.mlir,2393,0,1,1,270.05869150161743,0,64632,0.0,0,0,0,0,"[{""body_indices"": [0], ""symbol"": ""cubInclusiveSum1D_f32_tensor""}]",1,0,0,0.0,0
aten,aten_cumsum,/home/arjaiswal/Polygeist/issues/aten_c_kernels/results/aten_cumsum/debuf.mlir,f0394057585da9379c8b6f448d4d2c754deede20f4ffda3eb4f4cee4e00581c5,egglog,1,ok,0,706.3316404819489,0,"[""/usr/bin/python3"", ""/home/arjaiswal/Polygeist/scripts/correctness/kernel_match_rewrite.py"", ""/home/arjaiswal/Polygeist/issues/aten_c_kernels/results/aten_cumsum/debuf.mlir"", ""--dry-run"", ""--matcher-mode"", ""egglog"", ""--telemetry-json"", ""/home/arjaiswal/Polygeist/issues/equality_saturation_eval/campaign_20260908/aten-aten_cumsum-egglog-8b7hfwh1.json"", ""--disable-semantic-fallback""]","== match report for /home/arjaiswal/Polygeist/issues/aten_c_kernels/results/aten_cumsum/debuf.mlir ==
  match          body#[0]  cubInclusiveSum1D_f32_tensor
  total: 1 matched / 1 bodies
",0,[],0,0,0,0,/home/arjaiswal/Polygeist/issues/aten_c_kernels/results/aten_cumsum/debuf.mlir,2393,8,1,1,272.86964654922485,0,64488,0.0,0,0,0,0,"[{""body_indices"": [0], ""symbol"": ""cubInclusiveSum1D_f32_tensor""}]",1,0,0,0.0,0
aten,aten_cumsum,/home/arjaiswal/Polygeist/issues/aten_c_kernels/results/aten_cumsum/debuf.mlir,f0394057585da9379c8b6f448d4d2c754deede20f4ffda3eb4f4cee4e00581c5,egglog,2,ok,0,715.4849991202354,0,"[""/usr/bin/python3"", ""/home/arjaiswal/Polygeist/scripts/correctness/kernel_match_rewrite.py"", ""/home/arjaiswal/Polygeist/issues/aten_c_kernels/results/aten_cumsum/debuf.mlir"", ""--dry-run"", ""--matcher-mode"", ""egglog"", ""--telemetry-json"", ""/home/arjaiswal/Polygeist/issues/equality_saturation_eval/campaign_20260908/aten-aten_cumsum-egglog-d9dpj3p8.json"", ""--disable-semantic-fallback""]","== match report for /home/arjaiswal/Polygeist/issues/aten_c_kernels/results/aten_cumsum/debuf.mlir ==
  match          body#[0]  cubInclusiveSum1D_f32_tensor
  total: 1 matched / 1 bodies
",0,[],0,0,0,0,/home/arjaiswal/Polygeist/issues/aten_c_kernels/results/aten_cumsum/debuf.mlir,2393,8,1,1,253.29721346497536,0,64572,0.0,0,0,0,0,"[{""body_indices"": [0], ""symbol"": ""cubInclusiveSum1D_f32_tensor""}]",1,0,0,0.0,0
aten,aten_cumsum,/home/arjaiswal/Polygeist/issues/aten_c_kernels/results/aten_cumsum/debuf.mlir,f0394057585da9379c8b6f448d4d2c754deede20f4ffda3eb4f4cee4e00581c5,syntactic,2,ok,0,673.1718629598618,0,"[""/usr/bin/python3"", ""/home/arjaiswal/Polygeist/scripts/correctness/kernel_match_rewrite.py"", ""/home/arjaiswal/Polygeist/issues/aten_c_kernels/results/aten_cumsum/debuf.mlir"", ""--dry-run"", ""--matcher-mode"", ""syntactic"", ""--telemetry-json"", ""/home/arjaiswal/Polygeist/issues/equality_saturation_eval/campaign_20260908/aten-aten_cumsum-syntactic-opbwo0vd.json"", ""--disable-semantic-fallback""]","== match report for /home/arjaiswal/Polygeist/issues/aten_c_kernels/results/aten_cumsum/debuf.mlir ==
  match          body#[0]  cubInclusiveSum1D_f32_tensor
  total: 1 matched / 1 bodies
",0,[],0,0,0,0,/home/arjaiswal/Polygeist/issues/aten_c_kernels/results/aten_cumsum/debuf.mlir,2393,0,1,1,252.65608355402946,0,64932,0.0,0,0,0,0,"[{""body_indices"": [0], ""symbol"": ""cubInclusiveSum1D_f32_tensor""}]",1,0,0,0.0,0
aten,aten_cumsum,/home/arjaiswal/Polygeist/issues/aten_c_kernels/results/aten_cumsum/debuf.mlir,f0394057585da9379c8b6f448d4d2c754deede20f4ffda3eb4f4cee4e00581c5,syntactic,3,ok,0,758.3312131464481,0,"[""/usr/bin/python3"", ""/home/arjaiswal/Polygeist/scripts/correctness/kernel_match_rewrite.py"", ""/home/arjaiswal/Polygeist/issues/aten_c_kernels/results/aten_cumsum/debuf.mlir"", ""--dry-run"", ""--matcher-mode"", ""syntactic"", ""--telemetry-json"", ""/home/arjaiswal/Polygeist/issues/equality_saturation_eval/campaign_20260908/aten-aten_cumsum-syntactic-3iaxit2_.json"", ""--disable-semantic-fallback""]","== match report for /home/arjaiswal/Polygeist/issues/aten_c_kernels/results/aten_cumsum/debuf.mlir ==
  match          body#[0]  cubInclusiveSum1D_f32_tensor
  total: 1 matched / 1 bodies
",0,[],0,0,0,0,/home/arjaiswal/Polygeist/issues/aten_c_kernels/results/aten_cumsum/debuf.mlir,2393,0,1,1,308.92397463321686,0,64564,0.0,0,0,0,0,"[{""body_indices"": [0], ""symbol"": ""cubInclusiveSum1D_f32_tensor""}]",1,0,0,0.0,0
aten,aten_cumsum,/home/arjaiswal/Polygeist/issues/aten_c_kernels/results/aten_cumsum/debuf.mlir,f0394057585da9379c8b6f448d4d2c754deede20f4ffda3eb4f4cee4e00581c5,egglog,3,ok,0,659.7332544624805,0,"[""/usr/bin/python3"", ""/home/arjaiswal/Polygeist/scripts/correctness/kernel_match_rewrite.py"", ""/home/arjaiswal/Polygeist/issues/aten_c_kernels/results/aten_cumsum/debuf.mlir"", ""--dry-run"", ""--matcher-mode"", ""egglog"", ""--telemetry-json"", ""/home/arjaiswal/Polygeist/issues/equality_saturation_eval/campaign_20260908/aten-aten_cumsum-egglog-e0z3wjzd.json"", ""--disable-semantic-fallback""]","== match report for /home/arjaiswal/Polygeist/issues/aten_c_kernels/results/aten_cumsum/debuf.mlir ==
  match          body#[0]  cubInclusiveSum1D_f32_tensor
  total: 1 matched / 1 bodies
",0,[],0,0,0,0,/home/arjaiswal/Polygeist/issues/aten_c_kernels/results/aten_cumsum/debuf.mlir,2393,8,1,1,250.00851601362228,0,64756,0.0,0,0,0,0,"[{""body_indices"": [0], ""symbol"": ""cubInclusiveSum1D_f32_tensor""}]",1,0,0,0.0,0
aten,aten_cumsum,/home/arjaiswal/Polygeist/issues/aten_c_kernels/results/aten_cumsum/debuf.mlir,f0394057585da9379c8b6f448d4d2c754deede20f4ffda3eb4f4cee4e00581c5,egglog,4,ok,0,676.0568358004093,0,"[""/usr/bin/python3"", ""/home/arjaiswal/Polygeist/scripts/correctness/kernel_match_rewrite.py"", ""/home/arjaiswal/Polygeist/issues/aten_c_kernels/results/aten_cumsum/debuf.mlir"", ""--dry-run"", ""--matcher-mode"", ""egglog"", ""--telemetry-json"", ""/home/arjaiswal/Polygeist/issues/equality_saturation_eval/campaign_20260908/aten-aten_cumsum-egglog-fvwyp1ce.json"", ""--disable-semantic-fallback""]","== match report for /home/arjaiswal/Polygeist/issues/aten_c_kernels/results/aten_cumsum/debuf.mlir ==
  match          body#[0]  cubInclusiveSum1D_f32_tensor
  total: 1 matched / 1 bodies
",0,[],0,0,0,0,/home/arjaiswal/Polygeist/issues/aten_c_kernels/results/aten_cumsum/debuf.mlir,2393,8,1,1,251.89490616321564,0,64764,0.0,0,0,0,0,"[{""body_indices"": [0], ""symbol"": ""cubInclusiveSum1D_f32_tensor""}]",1,0,0,0.0,0
aten,aten_cumsum,/home/arjaiswal/Polygeist/issues/aten_c_kernels/results/aten_cumsum/debuf.mlir,f0394057585da9379c8b6f448d4d2c754deede20f4ffda3eb4f4cee4e00581c5,syntactic,4,ok,0,682.080801576376,0,"[""/usr/bin/python3"", ""/home/arjaiswal/Polygeist/scripts/correctness/kernel_match_rewrite.py"", ""/home/arjaiswal/Polygeist/issues/aten_c_kernels/results/aten_cumsum/debuf.mlir"", ""--dry-run"", ""--matcher-mode"", ""syntactic"", ""--telemetry-json"", ""/home/arjaiswal/Polygeist/issues/equality_saturation_eval/campaign_20260908/aten-aten_cumsum-syntactic-cwe73rno.json"", ""--disable-semantic-fallback""]","== match report for /home/arjaiswal/Polygeist/issues/aten_c_kernels/results/aten_cumsum/debuf.mlir ==
  match          body#[0]  cubInclusiveSum1D_f32_tensor
  total: 1 matched / 1 bodies
",0,[],0,0,0,0,/home/arjaiswal/Polygeist/issues/aten_c_kernels/results/aten_cumsum/debuf.mlir,2393,0,1,1,264.340840280056,0,64656,0.0,0,0,0,0,"[{""body_indices"": [0], ""symbol"": ""cubInclusiveSum1D_f32_tensor""}]",1,0,0,0.0,0
aten,aten_cumsum,/home/arjaiswal/Polygeist/issues/aten_c_kernels/results/aten_cumsum/debuf.mlir,f0394057585da9379c8b6f448d4d2c754deede20f4ffda3eb4f4cee4e00581c5,syntactic,5,ok,0,675.9746186435223,0,"[""/usr/bin/python3"", ""/home/arjaiswal/Polygeist/scripts/correctness/kernel_match_rewrite.py"", ""/home/arjaiswal/Polygeist/issues/aten_c_kernels/results/aten_cumsum/debuf.mlir"", ""--dry-run"", ""--matcher-mode"", ""syntactic"", ""--telemetry-json"", ""/home/arjaiswal/Polygeist/issues/equality_saturation_eval/campaign_20260908/aten-aten_cumsum-syntactic-2ayz2vhr.json"", ""--disable-semantic-fallback""]","== match report for /home/arjaiswal/Polygeist/issues/aten_c_kernels/results/aten_cumsum/debuf.mlir ==
  match          body#[0]  cubInclusiveSum1D_f32_tensor
  total: 1 matched / 1 bodies
",0,[],0,0,0,0,/home/arjaiswal/Polygeist/issues/aten_c_kernels/results/aten_cumsum/debuf.mlir,2393,0,1,1,256.05203583836555,0,64644,0.0,0,0,0,0,"[{""body_indices"": [0], ""symbol"": ""cubInclusiveSum1D_f32_tensor""}]",1,0,0,0.0,0
aten,aten_cumsum,/home/arjaiswal/Polygeist/issues/aten_c_kernels/results/aten_cumsum/debuf.mlir,f0394057585da9379c8b6f448d4d2c754deede20f4ffda3eb4f4cee4e00581c5,egglog,5,ok,0,699.2467045783997,0,"[""/usr/bin/python3"", ""/home/arjaiswal/Polygeist/scripts/correctness/kernel_match_rewrite.py"", ""/home/arjaiswal/Polygeist/issues/aten_c_kernels/results/aten_cumsum/debuf.mlir"", ""--dry-run"", ""--matcher-mode"", ""egglog"", ""--telemetry-json"", ""/home/arjaiswal/Polygeist/issues/equality_saturation_eval/campaign_20260908/aten-aten_cumsum-egglog-gmmdle0y.json"", ""--disable-semantic-fallback""]","== match report for /home/arjaiswal/Polygeist/issues/aten_c_kernels/results/aten_cumsum/debuf.mlir ==
  match          body#[0]  cubInclusiveSum1D_f32_tensor
  total: 1 matched / 1 bodies
",0,[],0,0,0,0,/home/arjaiswal/Polygeist/issues/aten_c_kernels/results/aten_cumsum/debuf.mlir,2393,8,1,1,251.43185257911682,0,64424,0.0,0,0,0,0,"[{""body_indices"": [0], ""symbol"": ""cubInclusiveSum1D_f32_tensor""}]",1,0,0,0.0,0
aten,aten_dense_sparse_add_cpu,/home/arjaiswal/Polygeist/issues/aten_c_kernels/results/aten_dense_sparse_add_cpu/debuf.mlir,12481a0a18acf079625fea5deb8741c49e02efb65112b97f47ed25defd343b92,egglog,1,ok,0,967.636838555336,0,"[""/usr/bin/python3"", ""/home/arjaiswal/Polygeist/scripts/correctness/kernel_match_rewrite.py"", ""/home/arjaiswal/Polygeist/issues/aten_c_kernels/results/aten_dense_sparse_add_cpu/debuf.mlir"", ""--dry-run"", ""--matcher-mode"", ""egglog"", ""--telemetry-json"", ""/home/arjaiswal/Polygeist/issues/equality_saturation_eval/campaign_20260908/aten-aten_dense_sparse_add_cpu-egglog-54lsuxrm.json"", ""--disable-semantic-fallback""]","== match report for /home/arjaiswal/Polygeist/issues/aten_c_kernels/results/aten_dense_sparse_add_cpu/debuf.mlir ==
  match          body#[0]  cudaCopy2D_f32_tensor
  total: 1 matched / 1 bodies
",0,[],0,0,0,0,/home/arjaiswal/Polygeist/issues/aten_c_kernels/results/aten_dense_sparse_add_cpu/debuf.mlir,3079,8,1,1,430.14881759881973,0,69952,22.76483178138733,2,2,0,0,"[{""body_indices"": [0], ""symbol"": ""cudaCopy2D_f32_tensor""}]",1,0,0,0.0,50
aten,aten_dense_sparse_add_cpu,/home/arjaiswal/Polygeist/issues/aten_c_kernels/results/aten_dense_sparse_add_cpu/debuf.mlir,12481a0a18acf079625fea5deb8741c49e02efb65112b97f47ed25defd343b92,syntactic,1,ok,0,1508.4181874990463,0,"[""/usr/bin/python3"", ""/home/arjaiswal/Polygeist/scripts/correctness/kernel_match_rewrite.py"", ""/home/arjaiswal/Polygeist/issues/aten_c_kernels/results/aten_dense_sparse_add_cpu/debuf.mlir"", ""--dry-run"", ""--matcher-mode"", ""syntactic"", ""--telemetry-json"", ""/home/arjaiswal/Polygeist/issues/equality_saturation_eval/campaign_20260908/aten-aten_dense_sparse_add_cpu-syntactic-ev1h0llu.json"", ""--disable-semantic-fallback""]","== match report for /home/arjaiswal/Polygeist/issues/aten_c_kernels/results/aten_dense_sparse_add_cpu/debuf.mlir ==
  match          body#[0]  cudaCopy2D_f32_tensor
  total: 1 matched / 1 bodies
",0,[],0,0,0,0,/home/arjaiswal/Polygeist/issues/aten_c_kernels/results/aten_dense_sparse_add_cpu/debuf.mlir,3079,0,1,1,567.1386234462261,0,65716,0.1260228455066681,0,2,0,0,"[{""body_indices"": [0], ""symbol"": ""cudaCopy2D_f32_tensor""}]",1,0,50,0.0,50
aten,aten_dense_sparse_add_cpu,/home/arjaiswal/Polygeist/issues/aten_c_kernels/results/aten_dense_sparse_add_cpu/debuf.mlir,12481a0a18acf079625fea5deb8741c49e02efb65112b97f47ed25defd343b92,syntactic,2,ok,0,939.1352459788322,0,"[""/usr/bin/python3"", ""/home/arjaiswal/Polygeist/scripts/correctness/kernel_match_rewrite.py"", ""/home/arjaiswal/Polygeist/issues/aten_c_kernels/results/aten_dense_sparse_add_cpu/debuf.mlir"", ""--dry-run"", ""--matcher-mode"", ""syntactic"", ""--telemetry-json"", ""/home/arjaiswal/Polygeist/issues/equality_saturation_eval/campaign_20260908/aten-aten_dense_sparse_add_cpu-syntactic-w5yldone.json"", ""--disable-semantic-fallback""]","== match report for /home/arjaiswal/Polygeist/issues/aten_c_kernels/results/aten_dense_sparse_add_cpu/debuf.mlir ==
  match          body#[0]  cudaCopy2D_f32_tensor
  total: 1 matched / 1 bodies
",0,[],0,0,0,0,/home/arjaiswal/Polygeist/issues/aten_c_kernels/results/aten_dense_sparse_add_cpu/debuf.mlir,3079,0,1,1,410.3108011186123,0,65604,0.1276060938835144,0,2,0,0,"[{""body_indices"": [0], ""symbol"": ""cudaCopy2D_f32_tensor""}]",1,0,50,0.0,50
aten,aten_dense_sparse_add_cpu,/home/arjaiswal/Polygeist/issues/aten_c_kernels/results/aten_dense_sparse_add_cpu/debuf.mlir,12481a0a18acf079625fea5deb8741c49e02efb65112b97f47ed25defd343b92,egglog,2,ok,0,958.1071883440018,0,"[""/usr/bin/python3"", ""/home/arjaiswal/Polygeist/scripts/correctness/kernel_match_rewrite.py"", ""/home/arjaiswal/Polygeist/issues/aten_c_kernels/results/aten_dense_sparse_add_cpu/debuf.mlir"", ""--dry-run"", ""--matcher-mode"", ""egglog"", ""--telemetry-json"", ""/home/arjaiswal/Polygeist/issues/equality_saturation_eval/campaign_20260908/aten-aten_dense_sparse_add_cpu-egglog-4irqd83z.json"", ""--disable-semantic-fallback""]","== match report for /home/arjaiswal/Polygeist/issues/aten_c_kernels/results/aten_dense_sparse_add_cpu/debuf.mlir ==
  match          body#[0]  cudaCopy2D_f32_tensor
  total: 1 matched / 1 bodies
",0,[],0,0,0,0,/home/arjaiswal/Polygeist/issues/aten_c_kernels/results/aten_dense_sparse_add_cpu/debuf.mlir,3079,8,1,1,450.387891381979,0,69876,22.705193608999252,2,2,0,0,"[{""body_indices"": [0], ""symbol"": ""cudaCopy2D_f32_tensor""}]",1,0,0,0.0,50
aten,aten_dense_sparse_add_cpu,/home/arjaiswal/Polygeist/issues/aten_c_kernels/results/aten_dense_sparse_add_cpu/debuf.mlir,12481a0a18acf079625fea5deb8741c49e02efb65112b97f47ed25defd343b92,egglog,3,ok,0,1237.0351068675518,0,"[""/usr/bin/python3"", ""/home/arjaiswal/Polygeist/scripts/correctness/kernel_match_rewrite.py"", ""/home/arjaiswal/Polygeist/issues/aten_c_kernels/results/aten_dense_sparse_add_cpu/debuf.mlir"", ""--dry-run"", ""--matcher-mode"", ""egglog"", ""--telemetry-json"", ""/home/arjaiswal/Polygeist/issues/equality_saturation_eval/campaign_20260908/aten-aten_dense_sparse_add_cpu-egglog-jjj6d9w_.json"", ""--disable-semantic-fallback""]","== match report for /home/arjaiswal/Polygeist/issues/aten_c_kernels/results/aten_dense_sparse_add_cpu/debuf.mlir ==
  match          body#[0]  cudaCopy2D_f32_tensor
  total: 1 matched / 1 bodies
",0,[],0,0,0,0,/home/arjaiswal/Polygeist/issues/aten_c_kernels/results/aten_dense_sparse_add_cpu/debuf.mlir,3079,8,1,1,697.3256655037403,0,69660,26.56509354710579,2,2,0,0,"[{""body_indices"": [0], ""symbol"": ""cudaCopy2D_f32_tensor""}]",1,0,0,0.0,50
aten,aten_dense_sparse_add_cpu,/home/arjaiswal/Polygeist/issues/aten_c_kernels/results/aten_dense_sparse_add_cpu/debuf.mlir,12481a0a18acf079625fea5deb8741c49e02efb65112b97f47ed25defd343b92,syntactic,3,ok,0,1440.294485539198,0,"[""/usr/bin/python3"", ""/home/arjaiswal/Polygeist/scripts/correctness/kernel_match_rewrite.py"", ""/home/arjaiswal/Polygeist/issues/aten_c_kernels/results/aten_dense_sparse_add_cpu/debuf.mlir"", ""--dry-run"", ""--matcher-mode"", ""syntactic"", ""--telemetry-json"", ""/home/arjaiswal/Polygeist/issues/equality_saturation_eval/campaign_20260908/aten-aten_dense_sparse_add_cpu-syntactic-6do_5hgv.json"", ""--disable-semantic-fallback""]","== match report for /home/arjaiswal/Polygeist/issues/aten_c_kernels/results/aten_dense_sparse_add_cpu/debuf.mlir ==
  match          body#[0]  cudaCopy2D_f32_tensor
  total: 1 matched / 1 bodies
",0,[],0,0,0,0,/home/arjaiswal/Polygeist/issues/aten_c_kernels/results/aten_dense_sparse_add_cpu/debuf.mlir,3079,0,1,1,804.961122572422,0,65664,0.15416741371154785,0,2,0,0,"[{""body_indices"": [0], ""symbol"": ""cudaCopy2D_f32_tensor""}]",1,0,50,0.0,50
aten,aten_dense_sparse_add_cpu,/home/arjaiswal/Polygeist/issues/aten_c_kernels/results/aten_dense_sparse_add_cpu/debuf.mlir,12481a0a18acf079625fea5deb8741c49e02efb65112b97f47ed25defd343b92,syntactic,4,ok,0,1833.6667940020561,0,"[""/usr/bin/python3"", ""/home/arjaiswal/Polygeist/scripts/correctness/kernel_match_rewrite.py"", ""/home/arjaiswal/Polygeist/issues/aten_c_kernels/results/aten_dense_sparse_add_cpu/debuf.mlir"", ""--dry-run"", ""--matcher-mode"", ""syntactic"", ""--telemetry-json"", ""/home/arjaiswal/Polygeist/issues/equality_saturation_eval/campaign_20260908/aten-aten_dense_sparse_add_cpu-syntactic-pfwpoomj.json"", ""--disable-semantic-fallback""]","== match report for /home/arjaiswal/Polygeist/issues/aten_c_kernels/results/aten_dense_sparse_add_cpu/debuf.mlir ==
  match          body#[0]  cudaCopy2D_f32_tensor
  total: 1 matched / 1 bodies
",0,[],0,0,0,0,/home/arjaiswal/Polygeist/issues/aten_c_kernels/results/aten_dense_sparse_add_cpu/debuf.mlir,3079,0,1,1,817.0015849173069,0,65568,0.16072392463684082,0,2,0,0,"[{""body_indices"": [0], ""symbol"": ""cudaCopy2D_f32_tensor""}]",1,0,50,0.0,50
aten,aten_dense_sparse_add_cpu,/home/arjaiswal/Polygeist/issues/aten_c_kernels/results/aten_dense_sparse_add_cpu/debuf.mlir,12481a0a18acf079625fea5deb8741c49e02efb65112b97f47ed25defd343b92,egglog,4,ok,0,1383.6999759078026,0,"[""/usr/bin/python3"", ""/home/arjaiswal/Polygeist/scripts/correctness/kernel_match_rewrite.py"", ""/home/arjaiswal/Polygeist/issues/aten_c_kernels/results/aten_dense_sparse_add_cpu/debuf.mlir"", ""--dry-run"", ""--matcher-mode"", ""egglog"", ""--telemetry-json"", ""/home/arjaiswal/Polygeist/issues/equality_saturation_eval/campaign_20260908/aten-aten_dense_sparse_add_cpu-egglog-nmlr67ry.json"", ""--disable-semantic-fallback""]","== match report for /home/arjaiswal/Polygeist/issues/aten_c_kernels/results/aten_dense_sparse_add_cpu/debuf.mlir ==
  match          body#[0]  cudaCopy2D_f32_tensor
  total: 1 matched / 1 bodies
",0,[],0,0,0,0,/home/arjaiswal/Polygeist/issues/aten_c_kernels/results/aten_dense_sparse_add_cpu/debuf.mlir,3079,8,1,1,517.3903442919254,0,69836,30.77075257897377,2,2,0,0,"[{""body_indices"": [0], ""symbol"": ""cudaCopy2D_f32_tensor""}]",1,0,0,0.0,50
aten,aten_dense_sparse_add_cpu,/home/arjaiswal/Polygeist/issues/aten_c_kernels/results/aten_dense_sparse_add_cpu/debuf.mlir,12481a0a18acf079625fea5deb8741c49e02efb65112b97f47ed25defd343b92,egglog,5,ok,0,1758.813951164484,0,"[""/usr/bin/python3"", ""/home/arjaiswal/Polygeist/scripts/correctness/kernel_match_rewrite.py"", ""/home/arjaiswal/Polygeist/issues/aten_c_kernels/results/aten_dense_sparse_add_cpu/debuf.mlir"", ""--dry-run"", ""--matcher-mode"", ""egglog"", ""--telemetry-json"", ""/home/arjaiswal/Polygeist/issues/equality_saturation_eval/campaign_20260908/aten-aten_dense_sparse_add_cpu-egglog-v0fbzvdk.json"", ""--disable-semantic-fallback""]","== match report for /home/arjaiswal/Polygeist/issues/aten_c_kernels/results/aten_dense_sparse_add_cpu/debuf.mlir ==
  match          body#[0]  cudaCopy2D_f32_tensor
  total: 1 matched / 1 bodies
",0,[],0,0,0,0,/home/arjaiswal/Polygeist/issues/aten_c_kernels/results/aten_dense_sparse_add_cpu/debuf.mlir,3079,8,1,1,944.5139355957508,0,69612,49.3943877518177,2,2,0,0,"[{""body_indices"": [0], ""symbol"": ""cudaCopy2D_f32_tensor""}]",1,0,0,0.0,50
aten,aten_dense_sparse_add_cpu,/home/arjaiswal/Polygeist/issues/aten_c_kernels/results/aten_dense_sparse_add_cpu/debuf.mlir,12481a0a18acf079625fea5deb8741c49e02efb65112b97f47ed25defd343b92,syntactic,5,ok,0,2627.2759288549423,0,"[""/usr/bin/python3"", ""/home/arjaiswal/Polygeist/scripts/correctness/kernel_match_rewrite.py"", ""/home/arjaiswal/Polygeist/issues/aten_c_kernels/results/aten_dense_sparse_add_cpu/debuf.mlir"", ""--dry-run"", ""--matcher-mode"", ""syntactic"", ""--telemetry-json"", ""/home/arjaiswal/Polygeist/issues/equality_saturation_eval/campaign_20260908/aten-aten_dense_sparse_add_cpu-syntactic-u5gpexxd.json"", ""--disable-semantic-fallback""]","== match report for /home/arjaiswal/Polygeist/issues/aten_c_kernels/results/aten_dense_sparse_add_cpu/debuf.mlir ==
  match          body#[0]  cudaCopy2D_f32_tensor
  total: 1 matched / 1 bodies
",0,[],0,0,0,0,/home/arjaiswal/Polygeist/issues/aten_c_kernels/results/aten_dense_sparse_add_cpu/debuf.mlir,3079,0,1,1,1211.392518132925,0,65760,0.1759640872478485,0,2,0,0,"[{""body_indices"": [0], ""symbol"": ""cudaCopy2D_f32_tensor""}]",1,0,50,0.0,50
aten,aten_depthwise_conv3x3_cpu,/home/arjaiswal/Polygeist/issues/aten_c_kernels/results/aten_depthwise_conv3x3_cpu/debuf.mlir,9fa4b5052a99f3e1e4ba6a67f9276326760f6911de88f89841e967a1664073af,syntactic,1,ok,0,1816.4869211614132,0,"[""/usr/bin/python3"", ""/home/arjaiswal/Polygeist/scripts/correctness/kernel_match_rewrite.py"", ""/home/arjaiswal/Polygeist/issues/aten_c_kernels/results/aten_depthwise_conv3x3_cpu/debuf.mlir"", ""--dry-run"", ""--matcher-mode"", ""syntactic"", ""--telemetry-json"", ""/home/arjaiswal/Polygeist/issues/equality_saturation_eval/campaign_20260908/aten-aten_depthwise_conv3x3_cpu-syntactic-rkkt6z7j.json"", ""--disable-semantic-fallback""]","== match report for /home/arjaiswal/Polygeist/issues/aten_c_kernels/results/aten_depthwise_conv3x3_cpu/debuf.mlir ==
  match          body#[0, 1]  cudnnDepthwiseConvolution2D_f32_memref
  total: 1 matched / 1 bodies
",0,[],0,0,0,0,/home/arjaiswal/Polygeist/issues/aten_c_kernels/results/aten_depthwise_conv3x3_cpu/debuf.mlir,4505,0,2,2,743.4643134474754,0,64880,0.013634562492370605,0,2,0,0,"[{""body_indices"": [0, 1], ""symbol"": ""cudnnDepthwiseConvolution2D_f32_memref""}]",1,0,2,0.0,2
aten,aten_depthwise_conv3x3_cpu,/home/arjaiswal/Polygeist/issues/aten_c_kernels/results/aten_depthwise_conv3x3_cpu/debuf.mlir,9fa4b5052a99f3e1e4ba6a67f9276326760f6911de88f89841e967a1664073af,egglog,1,ok,0,2054.122507572174,0,"[""/usr/bin/python3"", ""/home/arjaiswal/Polygeist/scripts/correctness/kernel_match_rewrite.py"", ""/home/arjaiswal/Polygeist/issues/aten_c_kernels/results/aten_depthwise_conv3x3_cpu/debuf.mlir"", ""--dry-run"", ""--matcher-mode"", ""egglog"", ""--telemetry-json"", ""/home/arjaiswal/Polygeist/issues/equality_saturation_eval/campaign_20260908/aten-aten_depthwise_conv3x3_cpu-egglog-yk7ofx1g.json"", ""--disable-semantic-fallback""]","== match report for /home/arjaiswal/Polygeist/issues/aten_c_kernels/results/aten_depthwise_conv3x3_cpu/debuf.mlir ==
  match          body#[0, 1]  cudnnDepthwiseConvolution2D_f32_memref
  total: 1 matched / 1 bodies
",0,[],0,0,0,0,/home/arjaiswal/Polygeist/issues/aten_c_kernels/results/aten_depthwise_conv3x3_cpu/debuf.mlir,4505,8,2,2,950.4721648991108,0,69344,103.79135981202126,2,2,0,0,"[{""body_indices"": [0, 1], ""symbol"": ""cudnnDepthwiseConvolution2D_f32_memref""}]",1,0,0,0.0,2
aten,aten_depthwise_conv3x3_cpu,/home/arjaiswal/Polygeist/issues/aten_c_kernels/results/aten_depthwise_conv3x3_cpu/debuf.mlir,9fa4b5052a99f3e1e4ba6a67f9276326760f6911de88f89841e967a1664073af,egglog,2,ok,0,2078.5773433744907,0,"[""/usr/bin/python3"", ""/home/arjaiswal/Polygeist/scripts/correctness/kernel_match_rewrite.py"", ""/home/arjaiswal/Polygeist/issues/aten_c_kernels/results/aten_depthwise_conv3x3_cpu/debuf.mlir"", ""--dry-run"", ""--matcher-mode"", ""egglog"", ""--telemetry-json"", ""/home/arjaiswal/Polygeist/issues/equality_saturation_eval/campaign_20260908/aten-aten_depthwise_conv3x3_cpu-egglog-115iwins.json"", ""--disable-semantic-fallback""]","== match report for /home/arjaiswal/Polygeist/issues/aten_c_kernels/results/aten_depthwise_conv3x3_cpu/debuf.mlir ==
  match          body#[0, 1]  cudnnDepthwiseConvolution2D_f32_memref
  total: 1 matched / 1 bodies
",0,[],0,0,0,0,/home/arjaiswal/Polygeist/issues/aten_c_kernels/results/aten_depthwise_conv3x3_cpu/debuf.mlir,4505,8,2,2,954.6539038419724,0,69200,71.07661291956902,2,2,0,0,"[{""body_indices"": [0, 1], ""symbol"": ""cudnnDepthwiseConvolution2D_f32_memref""}]",1,0,0,0.0,2
aten,aten_depthwise_conv3x3_cpu,/home/arjaiswal/Polygeist/issues/aten_c_kernels/results/aten_depthwise_conv3x3_cpu/debuf.mlir,9fa4b5052a99f3e1e4ba6a67f9276326760f6911de88f89841e967a1664073af,syntactic,2,ok,0,2671.1302287876606,0,"[""/usr/bin/python3"", ""/home/arjaiswal/Polygeist/scripts/correctness/kernel_match_rewrite.py"", ""/home/arjaiswal/Polygeist/issues/aten_c_kernels/results/aten_depthwise_conv3x3_cpu/debuf.mlir"", ""--dry-run"", ""--matcher-mode"", ""syntactic"", ""--telemetry-json"", ""/home/arjaiswal/Polygeist/issues/equality_saturation_eval/campaign_20260908/aten-aten_depthwise_conv3x3_cpu-syntactic-xskoi_pt.json"", ""--disable-semantic-fallback""]","== match report for /home/arjaiswal/Polygeist/issues/aten_c_kernels/results/aten_depthwise_conv3x3_cpu/debuf.mlir ==
  match          body#[0, 1]  cudnnDepthwiseConvolution2D_f32_memref
  total: 1 matched / 1 bodies
",0,[],0,0,0,0,/home/arjaiswal/Polygeist/issues/aten_c_kernels/results/aten_depthwise_conv3x3_cpu/debuf.mlir,4505,0,2,2,1091.4210006594658,0,64984,0.009559094905853271,0,2,0,0,"[{""body_indices"": [0, 1], ""symbol"": ""cudnnDepthwiseConvolution2D_f32_memref""}]",1,0,2,0.0,2
aten,aten_depthwise_conv3x3_cpu,/home/arjaiswal/Polygeist/issues/aten_c_kernels/results/aten_depthwise_conv3x3_cpu/debuf.mlir,9fa4b5052a99f3e1e4ba6a67f9276326760f6911de88f89841e967a1664073af,syntactic,3,ok,0,2731.1931885778904,0,"[""/usr/bin/python3"", ""/home/arjaiswal/Polygeist/scripts/correctness/kernel_match_rewrite.py"", ""/home/arjaiswal/Polygeist/issues/aten_c_kernels/results/aten_depthwise_conv3x3_cpu/debuf.mlir"", ""--dry-run"", ""--matcher-mode"", ""syntactic"", ""--telemetry-json"", ""/home/arjaiswal/Polygeist/issues/equality_saturation_eval/campaign_20260908/aten-aten_depthwise_conv3x3_cpu-syntactic-00mv_s4m.json"", ""--disable-semantic-fallback""]","== match report for /home/arjaiswal/Polygeist/issues/aten_c_kernels/results/aten_depthwise_conv3x3_cpu/debuf.mlir ==
  match          body#[0, 1]  cudnnDepthwiseConvolution2D_f32_memref
  total: 1 matched / 1 bodies
",0,[],0,0,0,0,/home/arjaiswal/Polygeist/issues/aten_c_kernels/results/aten_depthwise_conv3x3_cpu/debuf.mlir,4505,0,2,2,1178.450521081686,0,64720,0.012073665857315063,0,2,0,0,"[{""body_indices"": [0, 1], ""symbol"": ""cudnnDepthwiseConvolution2D_f32_memref""}]",1,0,2,0.0,2
aten,aten_depthwise_conv3x3_cpu,/home/arjaiswal/Polygeist/issues/aten_c_kernels/results/aten_depthwise_conv3x3_cpu/debuf.mlir,9fa4b5052a99f3e1e4ba6a67f9276326760f6911de88f89841e967a1664073af,egglog,3,ok,0,3023.30244705081,0,"[""/usr/bin/python3"", ""/home/arjaiswal/Polygeist/scripts/correctness/kernel_match_rewrite.py"", ""/home/arjaiswal/Polygeist/issues/aten_c_kernels/results/aten_depthwise_conv3x3_cpu/debuf.mlir"", ""--dry-run"", ""--matcher-mode"", ""egglog"", ""--telemetry-json"", ""/home/arjaiswal/Polygeist/issues/equality_saturation_eval/campaign_20260908/aten-aten_depthwise_conv3x3_cpu-egglog-3_yjb422.json"", ""--disable-semantic-fallback""]","== match report for /home/arjaiswal/Polygeist/issues/aten_c_kernels/results/aten_depthwise_conv3x3_cpu/debuf.mlir ==
  match          body#[0, 1]  cudnnDepthwiseConvolution2D_f32_memref
  total: 1 matched / 1 bodies
",0,[],0,0,0,0,/home/arjaiswal/Polygeist/issues/aten_c_kernels/results/aten_depthwise_conv3x3_cpu/debuf.mlir,4505,8,2,2,1264.4804455339909,0,69352,77.35585421323776,2,2,0,0,"[{""body_indices"": [0, 1], ""symbol"": ""cudnnDepthwiseConvolution2D_f32_memref""}]",1,0,0,0.0,2
aten,aten_depthwise_conv3x3_cpu,/home/arjaiswal/Polygeist/issues/aten_c_kernels/results/aten_depthwise_conv3x3_cpu/debuf.mlir,9fa4b5052a99f3e1e4ba6a67f9276326760f6911de88f89841e967a1664073af,egglog,4,ok,0,1987.9730567336082,0,"[""/usr/bin/python3"", ""/home/arjaiswal/Polygeist/scripts/correctness/kernel_match_rewrite.py"", ""/home/arjaiswal/Polygeist/issues/aten_c_kernels/results/aten_depthwise_conv3x3_cpu/debuf.mlir"", ""--dry-run"", ""--matcher-mode"", ""egglog"", ""--telemetry-json"", ""/home/arjaiswal/Polygeist/issues/equality_saturation_eval/campaign_20260908/aten-aten_depthwise_conv3x3_cpu-egglog-4bvpkc5s.json"", ""--disable-semantic-fallback""]","== match report for /home/arjaiswal/Polygeist/issues/aten_c_kernels/results/aten_depthwise_conv3x3_cpu/debuf.mlir ==
  match          body#[0, 1]  cudnnDepthwiseConvolution2D_f32_memref
  total: 1 matched / 1 bodies
",0,[],0,0,0,0,/home/arjaiswal/Polygeist/issues/aten_c_kernels/results/aten_depthwise_conv3x3_cpu/debuf.mlir,4505,8,2,2,501.6214996576309,0,69136,25.90586245059967,2,2,0,0,"[{""body_indices"": [0, 1], ""symbol"": ""cudnnDepthwiseConvolution2D_f32_memref""}]",1,0,0,0.0,2
aten,aten_depthwise_conv3x3_cpu,/home/arjaiswal/Polygeist/issues/aten_c_kernels/results/aten_depthwise_conv3x3_cpu/debuf.mlir,9fa4b5052a99f3e1e4ba6a67f9276326760f6911de88f89841e967a1664073af,syntactic,4,ok,0,1513.8868987560272,0,"[""/usr/bin/python3"", ""/home/arjaiswal/Polygeist/scripts/correctness/kernel_match_rewrite.py"", ""/home/arjaiswal/Polygeist/issues/aten_c_kernels/results/aten_depthwise_conv3x3_cpu/debuf.mlir"", ""--dry-run"", ""--matcher-mode"", ""syntactic"", ""--telemetry-json"", ""/home/arjaiswal/Polygeist/issues/equality_saturation_eval/campaign_20260908/aten-aten_depthwise_conv3x3_cpu-syntactic-708ckhla.json"", ""--disable-semantic-fallback""]","== match report for /home/arjaiswal/Polygeist/issues/aten_c_kernels/results/aten_depthwise_conv3x3_cpu/debuf.mlir ==
  match          body#[0, 1]  cudnnDepthwiseConvolution2D_f32_memref
  total: 1 matched / 1 bodies
",0,[],0,0,0,0,/home/arjaiswal/Polygeist/issues/aten_c_kernels/results/aten_depthwise_conv3x3_cpu/debuf.mlir,4505,0,2,2,697.6764425635338,0,64808,0.010889023542404175,0,2,0,0,"[{""body_indices"": [0, 1], ""symbol"": ""cudnnDepthwiseConvolution2D_f32_memref""}]",1,0,2,0.0,2
aten,aten_depthwise_conv3x3_cpu,/home/arjaiswal/Polygeist/issues/aten_c_kernels/results/aten_depthwise_conv3x3_cpu/debuf.mlir,9fa4b5052a99f3e1e4ba6a67f9276326760f6911de88f89841e967a1664073af,syntactic,5,ok,0,1652.6857316493988,0,"[""/usr/bin/python3"", ""/home/arjaiswal/Polygeist/scripts/correctness/kernel_match_rewrite.py"", ""/home/arjaiswal/Polygeist/issues/aten_c_kernels/results/aten_depthwise_conv3x3_cpu/debuf.mlir"", ""--dry-run"", ""--matcher-mode"", ""syntactic"", ""--telemetry-json"", ""/home/arjaiswal/Polygeist/issues/equality_saturation_eval/campaign_20260908/aten-aten_depthwise_conv3x3_cpu-syntactic-cjcmmdfl.json"", ""--disable-semantic-fallback""]","== match report for /home/arjaiswal/Polygeist/issues/aten_c_kernels/results/aten_depthwise_conv3x3_cpu/debuf.mlir ==
  match          body#[0, 1]  cudnnDepthwiseConvolution2D_f32_memref
  total: 1 matched / 1 bodies
",0,[],0,0,0,0,/home/arjaiswal/Polygeist/issues/aten_c_kernels/results/aten_depthwise_conv3x3_cpu/debuf.mlir,4505,0,2,2,659.20689702034,0,64952,0.008828938007354736,0,2,0,0,"[{""body_indices"": [0, 1], ""symbol"": ""cudnnDepthwiseConvolution2D_f32_memref""}]",1,0,2,0.0,2
aten,aten_depthwise_conv3x3_cpu,/home/arjaiswal/Polygeist/issues/aten_c_kernels/results/aten_depthwise_conv3x3_cpu/debuf.mlir,9fa4b5052a99f3e1e4ba6a67f9276326760f6911de88f89841e967a1664073af,egglog,5,ok,0,1749.2977604269981,0,"[""/usr/bin/python3"", ""/home/arjaiswal/Polygeist/scripts/correctness/kernel_match_rewrite.py"", ""/home/arjaiswal/Polygeist/issues/aten_c_kernels/results/aten_depthwise_conv3x3_cpu/debuf.mlir"", ""--dry-run"", ""--matcher-mode"", ""egglog"", ""--telemetry-json"", ""/home/arjaiswal/Polygeist/issues/equality_saturation_eval/campaign_20260908/aten-aten_depthwise_conv3x3_cpu-egglog-ourm60n3.json"", ""--disable-semantic-fallback""]","== match report for /home/arjaiswal/Polygeist/issues/aten_c_kernels/results/aten_depthwise_conv3x3_cpu/debuf.mlir ==
  match          body#[0, 1]  cudnnDepthwiseConvolution2D_f32_memref
  total: 1 matched / 1 bodies
",0,[],0,0,0,0,/home/arjaiswal/Polygeist/issues/aten_c_kernels/results/aten_depthwise_conv3x3_cpu/debuf.mlir,4505,8,2,2,718.103788793087,0,69416,62.68880143761635,2,2,0,0,"[{""body_indices"": [0, 1], ""symbol"": ""cudnnDepthwiseConvolution2D_f32_memref""}]",1,0,0,0.0,2
aten,aten_diff_cpu,/home/arjaiswal/Polygeist/issues/aten_c_kernels/results/aten_diff_cpu/debuf.mlir,8198a2013e3091c4b0c5ffb39b7478454a4bf9d1fd47abcecc6544414dd2510c,egglog,1,ok,0,1746.1861856281757,0,"[""/usr/bin/python3"", ""/home/arjaiswal/Polygeist/scripts/correctness/kernel_match_rewrite.py"", ""/home/arjaiswal/Polygeist/issues/aten_c_kernels/results/aten_diff_cpu/debuf.mlir"", ""--dry-run"", ""--matcher-mode"", ""egglog"", ""--telemetry-json"", ""/home/arjaiswal/Polygeist/issues/equality_saturation_eval/campaign_20260908/aten-aten_diff_cpu-egglog-spix2v3s.json"", ""--disable-semantic-fallback""]","== match report for /home/arjaiswal/Polygeist/issues/aten_c_kernels/results/aten_diff_cpu/debuf.mlir ==
  match          body#[0]  cudnnPointwiseGraph_f32
  total: 1 matched / 1 bodies
",0,[],0,0,0,0,/home/arjaiswal/Polygeist/issues/aten_c_kernels/results/aten_diff_cpu/debuf.mlir,2301,8,1,1,670.7320772111416,0,65864,0.0,0,0,0,0,"[{""body_indices"": [0], ""symbol"": ""cudnnPointwiseGraph_f32""}]",1,0,0,0.0,6
aten,aten_diff_cpu,/home/arjaiswal/Polygeist/issues/aten_c_kernels/results/aten_diff_cpu/debuf.mlir,8198a2013e3091c4b0c5ffb39b7478454a4bf9d1fd47abcecc6544414dd2510c,syntactic,1,ok,0,1892.4934640526772,0,"[""/usr/bin/python3"", ""/home/arjaiswal/Polygeist/scripts/correctness/kernel_match_rewrite.py"", ""/home/arjaiswal/Polygeist/issues/aten_c_kernels/results/aten_diff_cpu/debuf.mlir"", ""--dry-run"", ""--matcher-mode"", ""syntactic"", ""--telemetry-json"", ""/home/arjaiswal/Polygeist/issues/equality_saturation_eval/campaign_20260908/aten-aten_diff_cpu-syntactic-893ae40f.json"", ""--disable-semantic-fallback""]","== match report for /home/arjaiswal/Polygeist/issues/aten_c_kernels/results/aten_diff_cpu/debuf.mlir ==
  match          body#[0]  cudnnPointwiseGraph_f32
  total: 1 matched / 1 bodies
",0,[],0,0,0,0,/home/arjaiswal/Polygeist/issues/aten_c_kernels/results/aten_diff_cpu/debuf.mlir,2301,0,1,1,875.0906810164452,0,65640,0.025276094675064087,0,0,0,0,"[{""body_indices"": [0], ""symbol"": ""cudnnPointwiseGraph_f32""}]",1,0,6,0.0,6
aten,aten_diff_cpu,/home/arjaiswal/Polygeist/issues/aten_c_kernels/results/aten_diff_cpu/debuf.mlir,8198a2013e3091c4b0c5ffb39b7478454a4bf9d1fd47abcecc6544414dd2510c,syntactic,2,ok,0,2670.285440981388,0,"[""/usr/bin/python3"", ""/home/arjaiswal/Polygeist/scripts/correctness/kernel_match_rewrite.py"", ""/home/arjaiswal/Polygeist/issues/aten_c_kernels/results/aten_diff_cpu/debuf.mlir"", ""--dry-run"", ""--matcher-mode"", ""syntactic"", ""--telemetry-json"", ""/home/arjaiswal/Polygeist/issues/equality_saturation_eval/campaign_20260908/aten-aten_diff_cpu-syntactic-wgcb9wco.json"", ""--disable-semantic-fallback""]","== match report for /home/arjaiswal/Polygeist/issues/aten_c_kernels/results/aten_diff_cpu/debuf.mlir ==
  match          body#[0]  cudnnPointwiseGraph_f32
  total: 1 matched / 1 bodies
",0,[],0,0,0,0,/home/arjaiswal/Polygeist/issues/aten_c_kernels/results/aten_diff_cpu/debuf.mlir,2301,0,1,1,922.9608923196793,0,65644,0.02498924732208252,0,0,0,0,"[{""body_indices"": [0], ""symbol"": ""cudnnPointwiseGraph_f32""}]",1,0,6,0.0,6
aten,aten_diff_cpu,/home/arjaiswal/Polygeist/issues/aten_c_kernels/results/aten_diff_cpu/debuf.mlir,8198a2013e3091c4b0c5ffb39b7478454a4bf9d1fd47abcecc6544414dd2510c,egglog,2,ok,0,2387.174967676401,0,"[""/usr/bin/python3"", ""/home/arjaiswal/Polygeist/scripts/correctness/kernel_match_rewrite.py"", ""/home/arjaiswal/Polygeist/issues/aten_c_kernels/results/aten_diff_cpu/debuf.mlir"", ""--dry-run"", ""--matcher-mode"", ""egglog"", ""--telemetry-json"", ""/home/arjaiswal/Polygeist/issues/equality_saturation_eval/campaign_20260908/aten-aten_diff_cpu-egglog-_0dh4qb3.json"", ""--disable-semantic-fallback""]","== match report for /home/arjaiswal/Polygeist/issues/aten_c_kernels/results/aten_diff_cpu/debuf.mlir ==
  match          body#[0]  cudnnPointwiseGraph_f32
  total: 1 matched / 1 bodies
",0,[],0,0,0,0,/home/arjaiswal/Polygeist/issues/aten_c_kernels/results/aten_diff_cpu/debuf.mlir,2301,8,1,1,911.47181391716,0,65492,0.0,0,0,0,0,"[{""body_indices"": [0], ""symbol"": ""cudnnPointwiseGraph_f32""}]",1,0,0,0.0,6
aten,aten_diff_cpu,/home/arjaiswal/Polygeist/issues/aten_c_kernels/results/aten_diff_cpu/debuf.mlir,8198a2013e3091c4b0c5ffb39b7478454a4bf9d1fd47abcecc6544414dd2510c,egglog,3,ok,0,2675.2698980271816,0,"[""/usr/bin/python3"", ""/home/arjaiswal/Polygeist/scripts/correctness/kernel_match_rewrite.py"", ""/home/arjaiswal/Polygeist/issues/aten_c_kernels/results/aten_diff_cpu/debuf.mlir"", ""--dry-run"", ""--matcher-mode"", ""egglog"", ""--telemetry-json"", ""/home/arjaiswal/Polygeist/issues/equality_saturation_eval/campaign_20260908/aten-aten_diff_cpu-egglog-kufptl5r.json"", ""--disable-semantic-fallback""]","== match report for /home/arjaiswal/Polygeist/issues/aten_c_kernels/results/aten_diff_cpu/debuf.mlir ==
  match          body#[0]  cudnnPointwiseGraph_f32
  total: 1 matched / 1 bodies
",0,[],0,0,0,0,/home/arjaiswal/Polygeist/issues/aten_c_kernels/results/aten_diff_cpu/debuf.mlir,2301,8,1,1,1167.1631708741188,0,65844,0.0,0,0,0,0,"[{""body_indices"": [0], ""symbol"": ""cudnnPointwiseGraph_f32""}]",1,0,0,0.0,6
aten,aten_diff_cpu,/home/arjaiswal/Polygeist/issues/aten_c_kernels/results/aten_diff_cpu/debuf.mlir,8198a2013e3091c4b0c5ffb39b7478454a4bf9d1fd47abcecc6544414dd2510c,syntactic,3,ok,0,2274.0635834634304,0,"[""/usr/bin/python3"", ""/home/arjaiswal/Polygeist/scripts/correctness/kernel_match_rewrite.py"", ""/home/arjaiswal/Polygeist/issues/aten_c_kernels/results/aten_diff_cpu/debuf.mlir"", ""--dry-run"", ""--matcher-mode"", ""syntactic"", ""--telemetry-json"", ""/home/arjaiswal/Polygeist/issues/equality_saturation_eval/campaign_20260908/aten-aten_diff_cpu-syntactic-369301mq.json"", ""--disable-semantic-fallback""]","== match report for /home/arjaiswal/Polygeist/issues/aten_c_kernels/results/aten_diff_cpu/debuf.mlir ==
  match          body#[0]  cudnnPointwiseGraph_f32
  total: 1 matched / 1 bodies
",0,[],0,0,0,0,/home/arjaiswal/Polygeist/issues/aten_c_kernels/results/aten_diff_cpu/debuf.mlir,2301,0,1,1,858.3238758146763,0,65464,0.023711472749710083,0,0,0,0,"[{""body_indices"": [0], ""symbol"": ""cudnnPointwiseGraph_f32""}]",1,0,6,0.0,6
aten,aten_diff_cpu,/home/arjaiswal/Polygeist/issues/aten_c_kernels/results/aten_diff_cpu/debuf.mlir,8198a2013e3091c4b0c5ffb39b7478454a4bf9d1fd47abcecc6544414dd2510c,syntactic,4,ok,0,1137.2360065579414,0,"[""/usr/bin/python3"", ""/home/arjaiswal/Polygeist/scripts/correctness/kernel_match_rewrite.py"", ""/home/arjaiswal/Polygeist/issues/aten_c_kernels/results/aten_diff_cpu/debuf.mlir"", ""--dry-run"", ""--matcher-mode"", ""syntactic"", ""--telemetry-json"", ""/home/arjaiswal/Polygeist/issues/equality_saturation_eval/campaign_20260908/aten-aten_diff_cpu-syntactic-w0ie8xwv.json"", ""--disable-semantic-fallback""]","== match report for /home/arjaiswal/Polygeist/issues/aten_c_kernels/results/aten_diff_cpu/debuf.mlir ==
  match          body#[0]  cudnnPointwiseGraph_f32
  total: 1 matched / 1 bodies
",0,[],0,0,0,0,/home/arjaiswal/Polygeist/issues/aten_c_kernels/results/aten_diff_cpu/debuf.mlir,2301,0,1,1,329.32382822036743,0,65704,0.022508203983306885,0,0,0,0,"[{""body_indices"": [0], ""symbol"": ""cudnnPointwiseGraph_f32""}]",1,0,6,0.0,6
aten,aten_diff_cpu,/home/arjaiswal/Polygeist/issues/aten_c_kernels/results/aten_diff_cpu/debuf.mlir,8198a2013e3091c4b0c5ffb39b7478454a4bf9d1fd47abcecc6544414dd2510c,egglog,4,ok,0,2241.4051070809364,0,"[""/usr/bin/python3"", ""/home/arjaiswal/Polygeist/scripts/correctness/kernel_match_rewrite.py"", ""/home/arjaiswal/Polygeist/issues/aten_c_kernels/results/aten_diff_cpu/debuf.mlir"", ""--dry-run"", ""--matcher-mode"", ""egglog"", ""--telemetry-json"", ""/home/arjaiswal/Polygeist/issues/equality_saturation_eval/campaign_20260908/aten-aten_diff_cpu-egglog-8kgj01ob.json"", ""--disable-semantic-fallback""]","== match report for /home/arjaiswal/Polygeist/issues/aten_c_kernels/results/aten_diff_cpu/debuf.mlir ==
  match          body#[0]  cudnnPointwiseGraph_f32
  total: 1 matched / 1 bodies
",0,[],0,0,0,0,/home/arjaiswal/Polygeist/issues/aten_c_kernels/results/aten_diff_cpu/debuf.mlir,2301,8,1,1,813.6062249541283,0,65672,0.0,0,0,0,0,"[{""body_indices"": [0], ""symbol"": ""cudnnPointwiseGraph_f32""}]",1,0,0,0.0,6
aten,aten_diff_cpu,/home/arjaiswal/Polygeist/issues/aten_c_kernels/results/aten_diff_cpu/debuf.mlir,8198a2013e3091c4b0c5ffb39b7478454a4bf9d1fd47abcecc6544414dd2510c,egglog,5,ok,0,1805.1290921866894,0,"[""/usr/bin/python3"", ""/home/arjaiswal/Polygeist/scripts/correctness/kernel_match_rewrite.py"", ""/home/arjaiswal/Polygeist/issues/aten_c_kernels/results/aten_diff_cpu/debuf.mlir"", ""--dry-run"", ""--matcher-mode"", ""egglog"", ""--telemetry-json"", ""/home/arjaiswal/Polygeist/issues/equality_saturation_eval/campaign_20260908/aten-aten_diff_cpu-egglog-s528u30y.json"", ""--disable-semantic-fallback""]","== match report for /home/arjaiswal/Polygeist/issues/aten_c_kernels/results/aten_diff_cpu/debuf.mlir ==
  match          body#[0]  cudnnPointwiseGraph_f32
  total: 1 matched / 1 bodies
",0,[],0,0,0,0,/home/arjaiswal/Polygeist/issues/aten_c_kernels/results/aten_diff_cpu/debuf.mlir,2301,8,1,1,729.9244068562984,0,65512,0.0,0,0,0,0,"[{""body_indices"": [0], ""symbol"": ""cudnnPointwiseGraph_f32""}]",1,0,0,0.0,6
aten,aten_diff_cpu,/home/arjaiswal/Polygeist/issues/aten_c_kernels/results/aten_diff_cpu/debuf.mlir,8198a2013e3091c4b0c5ffb39b7478454a4bf9d1fd47abcecc6544414dd2510c,syntactic,5,ok,0,1739.6072708070278,0,"[""/usr/bin/python3"", ""/home/arjaiswal/Polygeist/scripts/correctness/kernel_match_rewrite.py"", ""/home/arjaiswal/Polygeist/issues/aten_c_kernels/results/aten_diff_cpu/debuf.mlir"", ""--dry-run"", ""--matcher-mode"", ""syntactic"", ""--telemetry-json"", ""/home/arjaiswal/Polygeist/issues/equality_saturation_eval/campaign_20260908/aten-aten_diff_cpu-syntactic-cgav7pk4.json"", ""--disable-semantic-fallback""]","== match report for /home/arjaiswal/Polygeist/issues/aten_c_kernels/results/aten_diff_cpu/debuf.mlir ==
  match          body#[0]  cudnnPointwiseGraph_f32
  total: 1 matched / 1 bodies
",0,[],0,0,0,0,/home/arjaiswal/Polygeist/issues/aten_c_kernels/results/aten_diff_cpu/debuf.mlir,2301,0,1,1,661.3203398883343,0,65788,0.024713575839996338,0,0,0,0,"[{""body_indices"": [0], ""symbol"": ""cudnnPointwiseGraph_f32""}]",1,0,6,0.0,6
aten,aten_digamma,/home/arjaiswal/Polygeist/issues/aten_c_kernels/results/aten_digamma/debuf.mlir,6551108ce2f24c5df34bc0c92284f50fb10e3522f0d7ae3d4e42a39974b0eafb,syntactic,1,ok,0,1644.4930508732796,0,"[""/usr/bin/python3"", ""/home/arjaiswal/Polygeist/scripts/correctness/kernel_match_rewrite.py"", ""/home/arjaiswal/Polygeist/issues/aten_c_kernels/results/aten_digamma/debuf.mlir"", ""--dry-run"", ""--matcher-mode"", ""syntactic"", ""--telemetry-json"", ""/home/arjaiswal/Polygeist/issues/equality_saturation_eval/campaign_20260908/aten-aten_digamma-syntactic-ajh9qrrj.json"", ""--disable-semantic-fallback""]","== match report for /home/arjaiswal/Polygeist/issues/aten_c_kernels/results/aten_digamma/debuf.mlir ==
  no_match       body#0  ?
  total: 0 matched / 1 bodies
",0,[],0,0,0,0,/home/arjaiswal/Polygeist/issues/aten_c_kernels/results/aten_digamma/debuf.mlir,1905,0,1,0,998.7368918955326,1,65584,0.22641941905021667,0,0,0,0,[],0,0,56,0.0,56
aten,aten_digamma,/home/arjaiswal/Polygeist/issues/aten_c_kernels/results/aten_digamma/debuf.mlir,6551108ce2f24c5df34bc0c92284f50fb10e3522f0d7ae3d4e42a39974b0eafb,egglog,1,ok,0,1526.9296132028103,0,"[""/usr/bin/python3"", ""/home/arjaiswal/Polygeist/scripts/correctness/kernel_match_rewrite.py"", ""/home/arjaiswal/Polygeist/issues/aten_c_kernels/results/aten_digamma/debuf.mlir"", ""--dry-run"", ""--matcher-mode"", ""egglog"", ""--telemetry-json"", ""/home/arjaiswal/Polygeist/issues/equality_saturation_eval/campaign_20260908/aten-aten_digamma-egglog-ul7vslqz.json"", ""--disable-semantic-fallback""]","== match report for /home/arjaiswal/Polygeist/issues/aten_c_kernels/results/aten_digamma/debuf.mlir ==
  no_match       body#0  ?
  total: 0 matched / 1 bodies
",0,[],0,0,0,0,/home/arjaiswal/Polygeist/issues/aten_c_kernels/results/aten_digamma/debuf.mlir,1905,8,1,0,725.1133322715759,1,65744,0.0,0,0,0,0,[],0,0,0,0.0,56
aten,aten_digamma,/home/arjaiswal/Polygeist/issues/aten_c_kernels/results/aten_digamma/debuf.mlir,6551108ce2f24c5df34bc0c92284f50fb10e3522f0d7ae3d4e42a39974b0eafb,egglog,2,ok,0,1863.4019047021866,0,"[""/usr/bin/python3"", ""/home/arjaiswal/Polygeist/scripts/correctness/kernel_match_rewrite.py"", ""/home/arjaiswal/Polygeist/issues/aten_c_kernels/results/aten_digamma/debuf.mlir"", ""--dry-run"", ""--matcher-mode"", ""egglog"", ""--telemetry-json"", ""/home/arjaiswal/Polygeist/issues/equality_saturation_eval/campaign_20260908/aten-aten_digamma-egglog-ox3_t7l5.json"", ""--disable-semantic-fallback""]","== match report for /home/arjaiswal/Polygeist/issues/aten_c_kernels/results/aten_digamma/debuf.mlir ==
  no_match       body#0  ?
  total: 0 matched / 1 bodies
",0,[],0,0,0,0,/home/arjaiswal/Polygeist/issues/aten_c_kernels/results/aten_digamma/debuf.mlir,1905,8,1,0,857.4081547558308,1,65640,0.0,0,0,0,0,[],0,0,0,0.0,56
aten,aten_digamma,/home/arjaiswal/Polygeist/issues/aten_c_kernels/results/aten_digamma/debuf.mlir,6551108ce2f24c5df34bc0c92284f50fb10e3522f0d7ae3d4e42a39974b0eafb,syntactic,2,ok,0,2036.6499833762646,0,"[""/usr/bin/python3"", ""/home/arjaiswal/Polygeist/scripts/correctness/kernel_match_rewrite.py"", ""/home/arjaiswal/Polygeist/issues/aten_c_kernels/results/aten_digamma/debuf.mlir"", ""--dry-run"", ""--matcher-mode"", ""syntactic"", ""--telemetry-json"", ""/home/arjaiswal/Polygeist/issues/equality_saturation_eval/campaign_20260908/aten-aten_digamma-syntactic-ra45yytt.json"", ""--disable-semantic-fallback""]","== match report for /home/arjaiswal/Polygeist/issues/aten_c_kernels/results/aten_digamma/debuf.mlir ==
  no_match       body#0  ?
  total: 0 matched / 1 bodies
",0,[],0,0,0,0,/home/arjaiswal/Polygeist/issues/aten_c_kernels/results/aten_digamma/debuf.mlir,1905,0,1,0,1006.1684735119343,1,65488,0.23445487022399902,0,0,0,0,[],0,0,56,0.0,56
aten,aten_digamma,/home/arjaiswal/Polygeist/issues/aten_c_kernels/results/aten_digamma/debuf.mlir,6551108ce2f24c5df34bc0c92284f50fb10e3522f0d7ae3d4e42a39974b0eafb,syntactic,3,ok,0,1734.012346714735,0,"[""/usr/bin/python3"", ""/home/arjaiswal/Polygeist/scripts/correctness/kernel_match_rewrite.py"", ""/home/arjaiswal/Polygeist/issues/aten_c_kernels/results/aten_digamma/debuf.mlir"", ""--dry-run"", ""--matcher-mode"", ""syntactic"", ""--telemetry-json"", ""/home/arjaiswal/Polygeist/issues/equality_saturation_eval/campaign_20260908/aten-aten_digamma-syntactic-v2c0sxgn.json"", ""--disable-semantic-fallback""]","== match report for /home/arjaiswal/Polygeist/issues/aten_c_kernels/results/aten_digamma/debuf.mlir ==
  no_match       body#0  ?
  total: 0 matched / 1 bodies
",0,[],0,0,0,0,/home/arjaiswal/Polygeist/issues/aten_c_kernels/results/aten_digamma/debuf.mlir,1905,0,1,0,691.6506588459015,1,65564,0.16591697931289673,0,0,0,0,[],0,0,56,0.0,56
aten,aten_digamma,/home/arjaiswal/Polygeist/issues/aten_c_kernels/results/aten_digamma/debuf.mlir,6551108ce2f24c5df34bc0c92284f50fb10e3522f0d7ae3d4e42a39974b0eafb,egglog,3,ok,0,2042.9019182920456,0,"[""/usr/bin/python3"", ""/home/arjaiswal/Polygeist/scripts/correctness/kernel_match_rewrite.py"", ""/home/arjaiswal/Polygeist/issues/aten_c_kernels/results/aten_digamma/debuf.mlir"", ""--dry-run"", ""--matcher-mode"", ""egglog"", ""--telemetry-json"", ""/home/arjaiswal/Polygeist/issues/equality_saturation_eval/campaign_20260908/aten-aten_digamma-egglog-j5kfbm_2.json"", ""--disable-semantic-fallback""]","== match report for /home/arjaiswal/Polygeist/issues/aten_c_kernels/results/aten_digamma/debuf.mlir ==
  no_match       body#0  ?
  total: 0 matched / 1 bodies
",0,[],0,0,0,0,/home/arjaiswal/Polygeist/issues/aten_c_kernels/results/aten_digamma/debuf.mlir,1905,8,1,0,1262.2263990342617,1,65348,0.0,0,0,0,0,[],0,0,0,0.0,56
aten,aten_digamma,/home/arjaiswal/Polygeist/issues/aten_c_kernels/results/aten_digamma/debuf.mlir,6551108ce2f24c5df34bc0c92284f50fb10e3522f0d7ae3d4e42a39974b0eafb,egglog,4,ok,0,3381.2026008963585,0,"[""/usr/bin/python3"", ""/home/arjaiswal/Polygeist/scripts/correctness/kernel_match_rewrite.py"", ""/home/arjaiswal/Polygeist/issues/aten_c_kernels/results/aten_digamma/debuf.mlir"", ""--dry-run"", ""--matcher-mode"", ""egglog"", ""--telemetry-json"", ""/home/arjaiswal/Polygeist/issues/equality_saturation_eval/campaign_20260908/aten-aten_digamma-egglog-hijeev5w.json"", ""--disable-semantic-fallback""]","== match report for /home/arjaiswal/Polygeist/issues/aten_c_kernels/results/aten_digamma/debuf.mlir ==
  no_match       body#0  ?
  total: 0 matched / 1 bodies
",0,[],0,0,0,0,/home/arjaiswal/Polygeist/issues/aten_c_kernels/results/aten_digamma/debuf.mlir,1905,8,1,0,1540.6134948134422,1,65492,0.0,0,0,0,0,[],0,0,0,0.0,56
aten,aten_digamma,/home/arjaiswal/Polygeist/issues/aten_c_kernels/results/aten_digamma/debuf.mlir,6551108ce2f24c5df34bc0c92284f50fb10e3522f0d7ae3d4e42a39974b0eafb,syntactic,4,ok,0,2357.417181134224,0,"[""/usr/bin/python3"", ""/home/arjaiswal/Polygeist/scripts/correctness/kernel_match_rewrite.py"", ""/home/arjaiswal/Polygeist/issues/aten_c_kernels/results/aten_digamma/debuf.mlir"", ""--dry-run"", ""--matcher-mode"", ""syntactic"", ""--telemetry-json"", ""/home/arjaiswal/Polygeist/issues/equality_saturation_eval/campaign_20260908/aten-aten_digamma-syntactic-fds9p7ff.json"", ""--disable-semantic-fallback""]","== match report for /home/arjaiswal/Polygeist/issues/aten_c_kernels/results/aten_digamma/debuf.mlir ==
  no_match       body#0  ?
  total: 0 matched / 1 bodies
",0,[],0,0,0,0,/home/arjaiswal/Polygeist/issues/aten_c_kernels/results/aten_digamma/debuf.mlir,1905,0,1,0,1308.6850382387638,1,65620,0.2025812864303589,0,0,0,0,[],0,0,56,0.0,56
aten,aten_digamma,/home/arjaiswal/Polygeist/issues/aten_c_kernels/results/aten_digamma/debuf.mlir,6551108ce2f24c5df34bc0c92284f50fb10e3522f0d7ae3d4e42a39974b0eafb,syntactic,5,ok,0,2275.538556277752,0,"[""/usr/bin/python3"", ""/home/arjaiswal/Polygeist/scripts/correctness/kernel_match_rewrite.py"", ""/home/arjaiswal/Polygeist/issues/aten_c_kernels/results/aten_digamma/debuf.mlir"", ""--dry-run"", ""--matcher-mode"", ""syntactic"", ""--telemetry-json"", ""/home/arjaiswal/Polygeist/issues/equality_saturation_eval/campaign_20260908/aten-aten_digamma-syntactic-vn3lrzl9.json"", ""--disable-semantic-fallback""]","== match report for /home/arjaiswal/Polygeist/issues/aten_c_kernels/results/aten_digamma/debuf.mlir ==
  no_match       body#0  ?
  total: 0 matched / 1 bodies
",0,[],0,0,0,0,/home/arjaiswal/Polygeist/issues/aten_c_kernels/results/aten_digamma/debuf.mlir,1905,0,1,0,1168.8997447490692,1,66040,0.2213791012763977,0,0,0,0,[],0,0,56,0.0,56
aten,aten_digamma,/home/arjaiswal/Polygeist/issues/aten_c_kernels/results/aten_digamma/debuf.mlir,6551108ce2f24c5df34bc0c92284f50fb10e3522f0d7ae3d4e42a39974b0eafb,egglog,5,ok,0,2535.867378115654,0,"[""/usr/bin/python3"", ""/home/arjaiswal/Polygeist/scripts/correctness/kernel_match_rewrite.py"", ""/home/arjaiswal/Polygeist/issues/aten_c_kernels/results/aten_digamma/debuf.mlir"", ""--dry-run"", ""--matcher-mode"", ""egglog"", ""--telemetry-json"", ""/home/arjaiswal/Polygeist/issues/equality_saturation_eval/campaign_20260908/aten-aten_digamma-egglog-zl25675o.json"", ""--disable-semantic-fallback""]","== match report for /home/arjaiswal/Polygeist/issues/aten_c_kernels/results/aten_digamma/debuf.mlir ==
  no_match       body#0  ?
  total: 0 matched / 1 bodies
",0,[],0,0,0,0,/home/arjaiswal/Polygeist/issues/aten_c_kernels/results/aten_digamma/debuf.mlir,1905,8,1,0,1178.3974058926105,1,65564,0.0,0,0,0,0,[],0,0,0,0.0,56
aten,aten_dilated_convolution_cpu,/home/arjaiswal/Polygeist/issues/aten_c_kernels/results/aten_dilated_convolution_cpu/debuf.mlir,da9d1ec6337ab0623b1ade2ca4c6f0a1a4e3ec190aa7f12edee506b6f23008bb,egglog,1,ok,0,2491.520144045353,0,"[""/usr/bin/python3"", ""/home/arjaiswal/Polygeist/scripts/correctness/kernel_match_rewrite.py"", ""/home/arjaiswal/Polygeist/issues/aten_c_kernels/results/aten_dilated_convolution_cpu/debuf.mlir"", ""--dry-run"", ""--matcher-mode"", ""egglog"", ""--telemetry-json"", ""/home/arjaiswal/Polygeist/issues/equality_saturation_eval/campaign_20260908/aten-aten_dilated_convolution_cpu-egglog-bckfx9bi.json"", ""--disable-semantic-fallback""]","== match report for /home/arjaiswal/Polygeist/issues/aten_c_kernels/results/aten_dilated_convolution_cpu/debuf.mlir ==
  match          body#[0, 1]  cudnnConvolution2D_f32_dilated
  total: 1 matched / 1 bodies
",0,[],0,0,0,0,/home/arjaiswal/Polygeist/issues/aten_c_kernels/results/aten_dilated_convolution_cpu/debuf.mlir,3386,8,2,2,1186.569944024086,0,64812,0.0,0,0,0,0,"[{""body_indices"": [0, 1], ""symbol"": ""cudnnConvolution2D_f32_dilated""}]",1,0,0,0.0,0
aten,aten_dilated_convolution_cpu,/home/arjaiswal/Polygeist/issues/aten_c_kernels/results/aten_dilated_convolution_cpu/debuf.mlir,da9d1ec6337ab0623b1ade2ca4c6f0a1a4e3ec190aa7f12edee506b6f23008bb,syntactic,1,ok,0,2348.96581992507,0,"[""/usr/bin/python3"", ""/home/arjaiswal/Polygeist/scripts/correctness/kernel_match_rewrite.py"", ""/home/arjaiswal/Polygeist/issues/aten_c_kernels/results/aten_dilated_convolution_cpu/debuf.mlir"", ""--dry-run"", ""--matcher-mode"", ""syntactic"", ""--telemetry-json"", ""/home/arjaiswal/Polygeist/issues/equality_saturation_eval/campaign_20260908/aten-aten_dilated_convolution_cpu-syntactic-894qyjkz.json"", ""--disable-semantic-fallback""]","== match report for /home/arjaiswal/Polygeist/issues/aten_c_kernels/results/aten_dilated_convolution_cpu/debuf.mlir ==
  match          body#[0, 1]  cudnnConvolution2D_f32_dilated
  total: 1 matched / 1 bodies
",0,[],0,0,0,0,/home/arjaiswal/Polygeist/issues/aten_c_kernels/results/aten_dilated_convolution_cpu/debuf.mlir,3386,0,2,2,897.0362134277821,0,64360,0.0,0,0,0,0,"[{""body_indices"": [0, 1], ""symbol"": ""cudnnConvolution2D_f32_dilated""}]",1,0,0,0.0,0
aten,aten_dilated_convolution_cpu,/home/arjaiswal/Polygeist/issues/aten_c_kernels/results/aten_dilated_convolution_cpu/debuf.mlir,da9d1ec6337ab0623b1ade2ca4c6f0a1a4e3ec190aa7f12edee506b6f23008bb,syntactic,2,ok,0,2199.2844454944134,0,"[""/usr/bin/python3"", ""/home/arjaiswal/Polygeist/scripts/correctness/kernel_match_rewrite.py"", ""/home/arjaiswal/Polygeist/issues/aten_c_kernels/results/aten_dilated_convolution_cpu/debuf.mlir"", ""--dry-run"", ""--matcher-mode"", ""syntactic"", ""--telemetry-json"", ""/home/arjaiswal/Polygeist/issues/equality_saturation_eval/campaign_20260908/aten-aten_dilated_convolution_cpu-syntactic-4fxtl2q4.json"", ""--disable-semantic-fallback""]","== match report for /home/arjaiswal/Polygeist/issues/aten_c_kernels/results/aten_dilated_convolution_cpu/debuf.mlir ==
  match          body#[0, 1]  cudnnConvolution2D_f32_dilated
  total: 1 matched / 1 bodies
",0,[],0,0,0,0,/home/arjaiswal/Polygeist/issues/aten_c_kernels/results/aten_dilated_convolution_cpu/debuf.mlir,3386,0,2,2,795.6932857632637,0,64852,0.0,0,0,0,0,"[{""body_indices"": [0, 1], ""symbol"": ""cudnnConvolution2D_f32_dilated""}]",1,0,0,0.0,0
aten,aten_dilated_convolution_cpu,/home/arjaiswal/Polygeist/issues/aten_c_kernels/results/aten_dilated_convolution_cpu/debuf.mlir,da9d1ec6337ab0623b1ade2ca4c6f0a1a4e3ec190aa7f12edee506b6f23008bb,egglog,2,ok,0,1640.9651413559914,0,"[""/usr/bin/python3"", ""/home/arjaiswal/Polygeist/scripts/correctness/kernel_match_rewrite.py"", ""/home/arjaiswal/Polygeist/issues/aten_c_kernels/results/aten_dilated_convolution_cpu/debuf.mlir"", ""--dry-run"", ""--matcher-mode"", ""egglog"", ""--telemetry-json"", ""/home/arjaiswal/Polygeist/issues/equality_saturation_eval/campaign_20260908/aten-aten_dilated_convolution_cpu-egglog-kno21ndg.json"", ""--disable-semantic-fallback""]","== match report for /home/arjaiswal/Polygeist/issues/aten_c_kernels/results/aten_dilated_convolution_cpu/debuf.mlir ==
  match          body#[0, 1]  cudnnConvolution2D_f32_dilated
  total: 1 matched / 1 bodies
",0,[],0,0,0,0,/home/arjaiswal/Polygeist/issues/aten_c_kernels/results/aten_dilated_convolution_cpu/debuf.mlir,3386,8,2,2,575.784120708704,0,64836,0.0,0,0,0,0,"[{""body_indices"": [0, 1], ""symbol"": ""cudnnConvolution2D_f32_dilated""}]",1,0,0,0.0,0
aten,aten_dilated_convolution_cpu,/home/arjaiswal/Polygeist/issues/aten_c_kernels/results/aten_dilated_convolution_cpu/debuf.mlir,da9d1ec6337ab0623b1ade2ca4c6f0a1a4e3ec190aa7f12edee506b6f23008bb,egglog,3,ok,0,951.8349841237068,0,"[""/usr/bin/python3"", ""/home/arjaiswal/Polygeist/scripts/correctness/kernel_match_rewrite.py"", ""/home/arjaiswal/Polygeist/issues/aten_c_kernels/results/aten_dilated_convolution_cpu/debuf.mlir"", ""--dry-run"", ""--matcher-mode"", ""egglog"", ""--telemetry-json"", ""/home/arjaiswal/Polygeist/issues/equality_saturation_eval/campaign_20260908/aten-aten_dilated_convolution_cpu-egglog-p6_tu9cy.json"", ""--disable-semantic-fallback""]","== match report for /home/arjaiswal/Polygeist/issues/aten_c_kernels/results/aten_dilated_convolution_cpu/debuf.mlir ==
  match          body#[0, 1]  cudnnConvolution2D_f32_dilated
  total: 1 matched / 1 bodies
",0,[],0,0,0,0,/home/arjaiswal/Polygeist/issues/aten_c_kernels/results/aten_dilated_convolution_cpu/debuf.mlir,3386,8,2,2,367.2379069030285,0,64736,0.0,0,0,0,0,"[{""body_indices"": [0, 1], ""symbol"": ""cudnnConvolution2D_f32_dilated""}]",1,0,0,0.0,0
aten,aten_dilated_convolution_cpu,/home/arjaiswal/Polygeist/issues/aten_c_kernels/results/aten_dilated_convolution_cpu/debuf.mlir,da9d1ec6337ab0623b1ade2ca4c6f0a1a4e3ec190aa7f12edee506b6f23008bb,syntactic,3,ok,0,835.1001366972923,0,"[""/usr/bin/python3"", ""/home/arjaiswal/Polygeist/scripts/correctness/kernel_match_rewrite.py"", ""/home/arjaiswal/Polygeist/issues/aten_c_kernels/results/aten_dilated_convolution_cpu/debuf.mlir"", ""--dry-run"", ""--matcher-mode"", ""syntactic"", ""--telemetry-json"", ""/home/arjaiswal/Polygeist/issues/equality_saturation_eval/campaign_20260908/aten-aten_dilated_convolution_cpu-syntactic-7vyyggnj.json"", ""--disable-semantic-fallback""]","== match report for /home/arjaiswal/Polygeist/issues/aten_c_kernels/results/aten_dilated_convolution_cpu/debuf.mlir ==
  match          body#[0, 1]  cudnnConvolution2D_f32_dilated
  total: 1 matched / 1 bodies
",0,[],0,0,0,0,/home/arjaiswal/Polygeist/issues/aten_c_kernels/results/aten_dilated_convolution_cpu/debuf.mlir,3386,0,2,2,283.13398733735085,0,64504,0.0,0,0,0,0,"[{""body_indices"": [0, 1], ""symbol"": ""cudnnConvolution2D_f32_dilated""}]",1,0,0,0.0,0
aten,aten_dilated_convolution_cpu,/home/arjaiswal/Polygeist/issues/aten_c_kernels/results/aten_dilated_convolution_cpu/debuf.mlir,da9d1ec6337ab0623b1ade2ca4c6f0a1a4e3ec190aa7f12edee506b6f23008bb,syntactic,4,ok,0,1091.784916818142,0,"[""/usr/bin/python3"", ""/home/arjaiswal/Polygeist/scripts/correctness/kernel_match_rewrite.py"", ""/home/arjaiswal/Polygeist/issues/aten_c_kernels/results/aten_dilated_convolution_cpu/debuf.mlir"", ""--dry-run"", ""--matcher-mode"", ""syntactic"", ""--telemetry-json"", ""/home/arjaiswal/Polygeist/issues/equality_saturation_eval/campaign_20260908/aten-aten_dilated_convolution_cpu-syntactic-_5928pg5.json"", ""--disable-semantic-fallback""]","== match report for /home/arjaiswal/Polygeist/issues/aten_c_kernels/results/aten_dilated_convolution_cpu/debuf.mlir ==
  match          body#[0, 1]  cudnnConvolution2D_f32_dilated
  total: 1 matched / 1 bodies
",0,[],0,0,0,0,/home/arjaiswal/Polygeist/issues/aten_c_kernels/results/aten_dilated_convolution_cpu/debuf.mlir,3386,0,2,2,543.8213273882866,0,64864,0.0,0,0,0,0,"[{""body_indices"": [0, 1], ""symbol"": ""cudnnConvolution2D_f32_dilated""}]",1,0,0,0.0,0
aten,aten_dilated_convolution_cpu,/home/arjaiswal/Polygeist/issues/aten_c_kernels/results/aten_dilated_convolution_cpu/debuf.mlir,da9d1ec6337ab0623b1ade2ca4c6f0a1a4e3ec190aa7f12edee506b6f23008bb,egglog,4,ok,0,1807.9683147370815,0,"[""/usr/bin/python3"", ""/home/arjaiswal/Polygeist/scripts/correctness/kernel_match_rewrite.py"", ""/home/arjaiswal/Polygeist/issues/aten_c_kernels/results/aten_dilated_convolution_cpu/debuf.mlir"", ""--dry-run"", ""--matcher-mode"", ""egglog"", ""--telemetry-json"", ""/home/arjaiswal/Polygeist/issues/equality_saturation_eval/campaign_20260908/aten-aten_dilated_convolution_cpu-egglog-x23c8yvl.json"", ""--disable-semantic-fallback""]","== match report for /home/arjaiswal/Polygeist/issues/aten_c_kernels/results/aten_dilated_convolution_cpu/debuf.mlir ==
  match          body#[0, 1]  cudnnConvolution2D_f32_dilated
  total: 1 matched / 1 bodies
",0,[],0,0,0,0,/home/arjaiswal/Polygeist/issues/aten_c_kernels/results/aten_dilated_convolution_cpu/debuf.mlir,3386,8,2,2,740.5867129564285,0,64948,0.0,0,0,0,0,"[{""body_indices"": [0, 1], ""symbol"": ""cudnnConvolution2D_f32_dilated""}]",1,0,0,0.0,0
aten,aten_dilated_convolution_cpu,/home/arjaiswal/Polygeist/issues/aten_c_kernels/results/aten_dilated_convolution_cpu/debuf.mlir,da9d1ec6337ab0623b1ade2ca4c6f0a1a4e3ec190aa7f12edee506b6f23008bb,egglog,5,ok,0,2091.5777422487736,0,"[""/usr/bin/python3"", ""/home/arjaiswal/Polygeist/scripts/correctness/kernel_match_rewrite.py"", ""/home/arjaiswal/Polygeist/issues/aten_c_kernels/results/aten_dilated_convolution_cpu/debuf.mlir"", ""--dry-run"", ""--matcher-mode"", ""egglog"", ""--telemetry-json"", ""/home/arjaiswal/Polygeist/issues/equality_saturation_eval/campaign_20260908/aten-aten_dilated_convolution_cpu-egglog-psbhd73k.json"", ""--disable-semantic-fallback""]","== match report for /home/arjaiswal/Polygeist/issues/aten_c_kernels/results/aten_dilated_convolution_cpu/debuf.mlir ==
  match          body#[0, 1]  cudnnConvolution2D_f32_dilated
  total: 1 matched / 1 bodies
",0,[],0,0,0,0,/home/arjaiswal/Polygeist/issues/aten_c_kernels/results/aten_dilated_convolution_cpu/debuf.mlir,3386,8,2,2,697.5975260138512,0,64824,0.0,0,0,0,0,"[{""body_indices"": [0, 1], ""symbol"": ""cudnnConvolution2D_f32_dilated""}]",1,0,0,0.0,0
aten,aten_dilated_convolution_cpu,/home/arjaiswal/Polygeist/issues/aten_c_kernels/results/aten_dilated_convolution_cpu/debuf.mlir,da9d1ec6337ab0623b1ade2ca4c6f0a1a4e3ec190aa7f12edee506b6f23008bb,syntactic,5,ok,0,2367.9278194904327,0,"[""/usr/bin/python3"", ""/home/arjaiswal/Polygeist/scripts/correctness/kernel_match_rewrite.py"", ""/home/arjaiswal/Polygeist/issues/aten_c_kernels/results/aten_dilated_convolution_cpu/debuf.mlir"", ""--dry-run"", ""--matcher-mode"", ""syntactic"", ""--telemetry-json"", ""/home/arjaiswal/Polygeist/issues/equality_saturation_eval/campaign_20260908/aten-aten_dilated_convolution_cpu-syntactic-v3wfy7sk.json"", ""--disable-semantic-fallback""]","== match report for /home/arjaiswal/Polygeist/issues/aten_c_kernels/results/aten_dilated_convolution_cpu/debuf.mlir ==
  match          body#[0, 1]  cudnnConvolution2D_f32_dilated
  total: 1 matched / 1 bodies
",0,[],0,0,0,0,/home/arjaiswal/Polygeist/issues/aten_c_kernels/results/aten_dilated_convolution_cpu/debuf.mlir,3386,0,2,2,920.3299954533577,0,64640,0.0,0,0,0,0,"[{""body_indices"": [0, 1], ""symbol"": ""cudnnConvolution2D_f32_dilated""}]",1,0,0,0.0,0
aten,aten_dirichlet_grad_cpu,/home/arjaiswal/Polygeist/issues/aten_c_kernels/results/aten_dirichlet_grad_cpu/debuf.mlir,1b503890efeaeb6738f28aa04dcf1cacd9d33bedcc5a7b46e79a9184530b1f0b,syntactic,1,ok,0,862.874124199152,0,"[""/usr/bin/python3"", ""/home/arjaiswal/Polygeist/scripts/correctness/kernel_match_rewrite.py"", ""/home/arjaiswal/Polygeist/issues/aten_c_kernels/results/aten_dirichlet_grad_cpu/debuf.mlir"", ""--dry-run"", ""--matcher-mode"", ""syntactic"", ""--telemetry-json"", ""/home/arjaiswal/Polygeist/issues/equality_saturation_eval/campaign_20260908/aten-aten_dirichlet_grad_cpu-syntactic-t71hgmqd.json"", ""--disable-semantic-fallback""]","== match report for /home/arjaiswal/Polygeist/issues/aten_c_kernels/results/aten_dirichlet_grad_cpu/debuf.mlir ==
  match          body#[0]  cudnnPointwiseGraph_f32
  total: 1 matched / 1 bodies
",0,[],0,0,0,0,/home/arjaiswal/Polygeist/issues/aten_c_kernels/results/aten_dirichlet_grad_cpu/debuf.mlir,2289,0,1,1,305.50747364759445,0,64680,0.0,0,0,0,0,"[{""body_indices"": [0], ""symbol"": ""cudnnPointwiseGraph_f32""}]",1,0,0,0.0,0
aten,aten_dirichlet_grad_cpu,/home/arjaiswal/Polygeist/issues/aten_c_kernels/results/aten_dirichlet_grad_cpu/debuf.mlir,1b503890efeaeb6738f28aa04dcf1cacd9d33bedcc5a7b46e79a9184530b1f0b,egglog,1,ok,0,882.8493170440197,0,"[""/usr/bin/python3"", ""/home/arjaiswal/Polygeist/scripts/correctness/kernel_match_rewrite.py"", ""/home/arjaiswal/Polygeist/issues/aten_c_kernels/results/aten_dirichlet_grad_cpu/debuf.mlir"", ""--dry-run"", ""--matcher-mode"", ""egglog"", ""--telemetry-json"", ""/home/arjaiswal/Polygeist/issues/equality_saturation_eval/campaign_20260908/aten-aten_dirichlet_grad_cpu-egglog-a0kmsff6.json"", ""--disable-semantic-fallback""]","== match report for /home/arjaiswal/Polygeist/issues/aten_c_kernels/results/aten_dirichlet_grad_cpu/debuf.mlir ==
  match          body#[0]  cudnnPointwiseGraph_f32
  total: 1 matched / 1 bodies
",0,[],0,0,0,0,/home/arjaiswal/Polygeist/issues/aten_c_kernels/results/aten_dirichlet_grad_cpu/debuf.mlir,2289,8,1,1,311.3505244255066,0,64820,0.0,0,0,0,0,"[{""body_indices"": [0], ""symbol"": ""cudnnPointwiseGraph_f32""}]",1,0,0,0.0,0
aten,aten_dirichlet_grad_cpu,/home/arjaiswal/Polygeist/issues/aten_c_kernels/results/aten_dirichlet_grad_cpu/debuf.mlir,1b503890efeaeb6738f28aa04dcf1cacd9d33bedcc5a7b46e79a9184530b1f0b,egglog,2,ok,0,2409.5956794917583,0,"[""/usr/bin/python3"", ""/home/arjaiswal/Polygeist/scripts/correctness/kernel_match_rewrite.py"", ""/home/arjaiswal/Polygeist/issues/aten_c_kernels/results/aten_dirichlet_grad_cpu/debuf.mlir"", ""--dry-run"", ""--matcher-mode"", ""egglog"", ""--telemetry-json"", ""/home/arjaiswal/Polygeist/issues/equality_saturation_eval/campaign_20260908/aten-aten_dirichlet_grad_cpu-egglog-8kvoqncx.json"", ""--disable-semantic-fallback""]","== match report for /home/arjaiswal/Polygeist/issues/aten_c_kernels/results/aten_dirichlet_grad_cpu/debuf.mlir ==
  match          body#[0]  cudnnPointwiseGraph_f32
  total: 1 matched / 1 bodies
",0,[],0,0,0,0,/home/arjaiswal/Polygeist/issues/aten_c_kernels/results/aten_dirichlet_grad_cpu/debuf.mlir,2289,8,1,1,956.0452401638031,0,64520,0.0,0,0,0,0,"[{""body_indices"": [0], ""symbol"": ""cudnnPointwiseGraph_f32""}]",1,0,0,0.0,0
aten,aten_dirichlet_grad_cpu,/home/arjaiswal/Polygeist/issues/aten_c_kernels/results/aten_dirichlet_grad_cpu/debuf.mlir,1b503890efeaeb6738f28aa04dcf1cacd9d33bedcc5a7b46e79a9184530b1f0b,syntactic,2,ok,0,2644.967880100012,0,"[""/usr/bin/python3"", ""/home/arjaiswal/Polygeist/scripts/correctness/kernel_match_rewrite.py"", ""/home/arjaiswal/Polygeist/issues/aten_c_kernels/results/aten_dirichlet_grad_cpu/debuf.mlir"", ""--dry-run"", ""--matcher-mode"", ""syntactic"", ""--telemetry-json"", ""/home/arjaiswal/Polygeist/issues/equality_saturation_eval/campaign_20260908/aten-aten_dirichlet_grad_cpu-syntactic-faq1soeo.json"", ""--disable-semantic-fallback""]","== match report for /home/arjaiswal/Polygeist/issues/aten_c_kernels/results/aten_dirichlet_grad_cpu/debuf.mlir ==
  match          body#[0]  cudnnPointwiseGraph_f32
  total: 1 matched / 1 bodies
",0,[],0,0,0,0,/home/arjaiswal/Polygeist/issues/aten_c_kernels/results/aten_dirichlet_grad_cpu/debuf.mlir,2289,0,1,1,989.7088818252087,0,64804,0.0,0,0,0,0,"[{""body_indices"": [0], ""symbol"": ""cudnnPointwiseGraph_f32""}]",1,0,0,0.0,0
aten,aten_dirichlet_grad_cpu,/home/arjaiswal/Polygeist/issues/aten_c_kernels/results/aten_dirichlet_grad_cpu/debuf.mlir,1b503890efeaeb6738f28aa04dcf1cacd9d33bedcc5a7b46e79a9184530b1f0b,syntactic,3,ok,0,2542.83482208848,0,"[""/usr/bin/python3"", ""/home/arjaiswal/Polygeist/scripts/correctness/kernel_match_rewrite.py"", ""/home/arjaiswal/Polygeist/issues/aten_c_kernels/results/aten_dirichlet_grad_cpu/debuf.mlir"", ""--dry-run"", ""--matcher-mode"", ""syntactic"", ""--telemetry-json"", ""/home/arjaiswal/Polygeist/issues/equality_saturation_eval/campaign_20260908/aten-aten_dirichlet_grad_cpu-syntactic-um381jph.json"", ""--disable-semantic-fallback""]","== match report for /home/arjaiswal/Polygeist/issues/aten_c_kernels/results/aten_dirichlet_grad_cpu/debuf.mlir ==
  match          body#[0]  cudnnPointwiseGraph_f32
  total: 1 matched / 1 bodies
",0,[],0,0,0,0,/home/arjaiswal/Polygeist/issues/aten_c_kernels/results/aten_dirichlet_grad_cpu/debuf.mlir,2289,0,1,1,1034.3771167099476,0,64852,0.0,0,0,0,0,"[{""body_indices"": [0], ""symbol"": ""cudnnPointwiseGraph_f32""}]",1,0,0,0.0,0
aten,aten_dirichlet_grad_cpu,/home/arjaiswal/Polygeist/issues/aten_c_kernels/results/aten_dirichlet_grad_cpu/debuf.mlir,1b503890efeaeb6738f28aa04dcf1cacd9d33bedcc5a7b46e79a9184530b1f0b,egglog,3,ok,0,1727.0827516913414,0,"[""/usr/bin/python3"", ""/home/arjaiswal/Polygeist/scripts/correctness/kernel_match_rewrite.py"", ""/home/arjaiswal/Polygeist/issues/aten_c_kernels/results/aten_dirichlet_grad_cpu/debuf.mlir"", ""--dry-run"", ""--matcher-mode"", ""egglog"", ""--telemetry-json"", ""/home/arjaiswal/Polygeist/issues/equality_saturation_eval/campaign_20260908/aten-aten_dirichlet_grad_cpu-egglog-vye73v8f.json"", ""--disable-semantic-fallback""]","== match report for /home/arjaiswal/Polygeist/issues/aten_c_kernels/results/aten_dirichlet_grad_cpu/debuf.mlir ==
  match          body#[0]  cudnnPointwiseGraph_f32
  total: 1 matched / 1 bodies
",0,[],0,0,0,0,/home/arjaiswal/Polygeist/issues/aten_c_kernels/results/aten_dirichlet_grad_cpu/debuf.mlir,2289,8,1,1,487.34961450099945,0,64680,0.0,0,0,0,0,"[{""body_indices"": [0], ""symbol"": ""cudnnPointwiseGraph_f32""}]",1,0,0,0.0,0
aten,aten_dirichlet_grad_cpu,/home/arjaiswal/Polygeist/issues/aten_c_kernels/results/aten_dirichlet_grad_cpu/debuf.mlir,1b503890efeaeb6738f28aa04dcf1cacd9d33bedcc5a7b46e79a9184530b1f0b,egglog,4,ok,0,823.5590904951096,0,"[""/usr/bin/python3"", ""/home/arjaiswal/Polygeist/scripts/correctness/kernel_match_rewrite.py"", ""/home/arjaiswal/Polygeist/issues/aten_c_kernels/results/aten_dirichlet_grad_cpu/debuf.mlir"", ""--dry-run"", ""--matcher-mode"", ""egglog"", ""--telemetry-json"", ""/home/arjaiswal/Polygeist/issues/equality_saturation_eval/campaign_20260908/aten-aten_dirichlet_grad_cpu-egglog-2k0e4inh.json"", ""--disable-semantic-fallback""]","== match report for /home/arjaiswal/Polygeist/issues/aten_c_kernels/results/aten_dirichlet_grad_cpu/debuf.mlir ==
  match          body#[0]  cudnnPointwiseGraph_f32
  total: 1 matched / 1 bodies
",0,[],0,0,0,0,/home/arjaiswal/Polygeist/issues/aten_c_kernels/results/aten_dirichlet_grad_cpu/debuf.mlir,2289,8,1,1,325.1417502760887,0,64844,0.0,0,0,0,0,"[{""body_indices"": [0], ""symbol"": ""cudnnPointwiseGraph_f32""}]",1,0,0,0.0,0
aten,aten_dirichlet_grad_cpu,/home/arjaiswal/Polygeist/issues/aten_c_kernels/results/aten_dirichlet_grad_cpu/debuf.mlir,1b503890efeaeb6738f28aa04dcf1cacd9d33bedcc5a7b46e79a9184530b1f0b,syntactic,4,ok,0,893.9528726041317,0,"[""/usr/bin/python3"", ""/home/arjaiswal/Polygeist/scripts/correctness/kernel_match_rewrite.py"", ""/home/arjaiswal/Polygeist/issues/aten_c_kernels/results/aten_dirichlet_grad_cpu/debuf.mlir"", ""--dry-run"", ""--matcher-mode"", ""syntactic"", ""--telemetry-json"", ""/home/arjaiswal/Polygeist/issues/equality_saturation_eval/campaign_20260908/aten-aten_dirichlet_grad_cpu-syntactic-dskc6whq.json"", ""--disable-semantic-fallback""]","== match report for /home/arjaiswal/Polygeist/issues/aten_c_kernels/results/aten_dirichlet_grad_cpu/debuf.mlir ==
  match          body#[0]  cudnnPointwiseGraph_f32
  total: 1 matched / 1 bodies
",0,[],0,0,0,0,/home/arjaiswal/Polygeist/issues/aten_c_kernels/results/aten_dirichlet_grad_cpu/debuf.mlir,2289,0,1,1,329.1909508407116,0,64776,0.0,0,0,0,0,"[{""body_indices"": [0], ""symbol"": ""cudnnPointwiseGraph_f32""}]",1,0,0,0.0,0
aten,aten_dirichlet_grad_cpu,/home/arjaiswal/Polygeist/issues/aten_c_kernels/results/aten_dirichlet_grad_cpu/debuf.mlir,1b503890efeaeb6738f28aa04dcf1cacd9d33bedcc5a7b46e79a9184530b1f0b,syntactic,5,ok,0,1478.5706475377083,0,"[""/usr/bin/python3"", ""/home/arjaiswal/Polygeist/scripts/correctness/kernel_match_rewrite.py"", ""/home/arjaiswal/Polygeist/issues/aten_c_kernels/results/aten_dirichlet_grad_cpu/debuf.mlir"", ""--dry-run"", ""--matcher-mode"", ""syntactic"", ""--telemetry-json"", ""/home/arjaiswal/Polygeist/issues/equality_saturation_eval/campaign_20260908/aten-aten_dirichlet_grad_cpu-syntactic-gtntux72.json"", ""--disable-semantic-fallback""]","== match report for /home/arjaiswal/Polygeist/issues/aten_c_kernels/results/aten_dirichlet_grad_cpu/debuf.mlir ==
  match          body#[0]  cudnnPointwiseGraph_f32
  total: 1 matched / 1 bodies
",0,[],0,0,0,0,/home/arjaiswal/Polygeist/issues/aten_c_kernels/results/aten_dirichlet_grad_cpu/debuf.mlir,2289,0,1,1,634.6723958849907,0,64672,0.0,0,0,0,0,"[{""body_indices"": [0], ""symbol"": ""cudnnPointwiseGraph_f32""}]",1,0,0,0.0,0
aten,aten_dirichlet_grad_cpu,/home/arjaiswal/Polygeist/issues/aten_c_kernels/results/aten_dirichlet_grad_cpu/debuf.mlir,1b503890efeaeb6738f28aa04dcf1cacd9d33bedcc5a7b46e79a9184530b1f0b,egglog,5,ok,0,1261.3431625068188,0,"[""/usr/bin/python3"", ""/home/arjaiswal/Polygeist/scripts/correctness/kernel_match_rewrite.py"", ""/home/arjaiswal/Polygeist/issues/aten_c_kernels/results/aten_dirichlet_grad_cpu/debuf.mlir"", ""--dry-run"", ""--matcher-mode"", ""egglog"", ""--telemetry-json"", ""/home/arjaiswal/Polygeist/issues/equality_saturation_eval/campaign_20260908/aten-aten_dirichlet_grad_cpu-egglog-9a0hgohx.json"", ""--disable-semantic-fallback""]","== match report for /home/arjaiswal/Polygeist/issues/aten_c_kernels/results/aten_dirichlet_grad_cpu/debuf.mlir ==
  match          body#[0]  cudnnPointwiseGraph_f32
  total: 1 matched / 1 bodies
",0,[],0,0,0,0,/home/arjaiswal/Polygeist/issues/aten_c_kernels/results/aten_dirichlet_grad_cpu/debuf.mlir,2289,8,1,1,341.8939672410488,0,64660,0.0,0,0,0,0,"[{""body_indices"": [0], ""symbol"": ""cudnnPointwiseGraph_f32""}]",1,0,0,0.0,0
aten,aten_dirichlet_transform_cpu,/home/arjaiswal/Polygeist/issues/aten_c_kernels/results/aten_dirichlet_transform_cpu/debuf.mlir,dff0b11d92597fc4db686b96283f759af4147f57c2d34b422874602aeacab886,egglog,1,ok,0,1678.9256669580936,0,"[""/usr/bin/python3"", ""/home/arjaiswal/Polygeist/scripts/correctness/kernel_match_rewrite.py"", ""/home/arjaiswal/Polygeist/issues/aten_c_kernels/results/aten_dirichlet_transform_cpu/debuf.mlir"", ""--dry-run"", ""--matcher-mode"", ""egglog"", ""--telemetry-json"", ""/home/arjaiswal/Polygeist/issues/equality_saturation_eval/campaign_20260908/aten-aten_dirichlet_transform_cpu-egglog-lq4qmy71.json"", ""--disable-semantic-fallback""]","== match report for /home/arjaiswal/Polygeist/issues/aten_c_kernels/results/aten_dirichlet_transform_cpu/debuf.mlir ==
  match          body#[0]  cudnnReduceSum_f32
  match          body#[1]  cudnnPointwiseGraph_f32
  total: 2 matched / 2 bodies
",0,[],0,0,0,0,/home/arjaiswal/Polygeist/issues/aten_c_kernels/results/aten_dirichlet_transform_cpu/debuf.mlir,3168,8,2,2,741.373136639595,0,69620,25.462709367275238,2,2,0,4,"[{""body_indices"": [0], ""symbol"": ""cudnnReduceSum_f32""}, {""body_indices"": [1], ""symbol"": ""cudnnPointwiseGraph_f32""}]",2,0,0,0.0,66
aten,aten_dirichlet_transform_cpu,/home/arjaiswal/Polygeist/issues/aten_c_kernels/results/aten_dirichlet_transform_cpu/debuf.mlir,dff0b11d92597fc4db686b96283f759af4147f57c2d34b422874602aeacab886,syntactic,1,ok,0,2588.116206228733,0,"[""/usr/bin/python3"", ""/home/arjaiswal/Polygeist/scripts/correctness/kernel_match_rewrite.py"", ""/home/arjaiswal/Polygeist/issues/aten_c_kernels/results/aten_dirichlet_transform_cpu/debuf.mlir"", ""--dry-run"", ""--matcher-mode"", ""syntactic"", ""--telemetry-json"", ""/home/arjaiswal/Polygeist/issues/equality_saturation_eval/campaign_20260908/aten-aten_dirichlet_transform_cpu-syntactic-izf67u1c.json"", ""--disable-semantic-fallback""]","== match report for /home/arjaiswal/Polygeist/issues/aten_c_kernels/results/aten_dirichlet_transform_cpu/debuf.mlir ==
  match          body#[0]  cudnnReduceSum_f32
  match          body#[1]  cudnnPointwiseGraph_f32
  total: 2 matched / 2 bodies
",0,[],0,0,0,0,/home/arjaiswal/Polygeist/issues/aten_c_kernels/results/aten_dirichlet_transform_cpu/debuf.mlir,3168,0,2,2,1143.6858475208282,0,65972,0.27953460812568665,0,2,0,0,"[{""body_indices"": [0], ""symbol"": ""cudnnReduceSum_f32""}, {""body_indices"": [1], ""symbol"": ""cudnnPointwiseGraph_f32""}]",2,0,66,0.0,66
aten,aten_dirichlet_transform_cpu,/home/arjaiswal/Polygeist/issues/aten_c_kernels/results/aten_dirichlet_transform_cpu/debuf.mlir,dff0b11d92597fc4db686b96283f759af4147f57c2d34b422874602aeacab886,syntactic,2,ok,0,2241.6712529957294,0,"[""/usr/bin/python3"", ""/home/arjaiswal/Polygeist/scripts/correctness/kernel_match_rewrite.py"", ""/home/arjaiswal/Polygeist/issues/aten_c_kernels/results/aten_dirichlet_transform_cpu/debuf.mlir"", ""--dry-run"", ""--matcher-mode"", ""syntactic"", ""--telemetry-json"", ""/home/arjaiswal/Polygeist/issues/equality_saturation_eval/campaign_20260908/aten-aten_dirichlet_transform_cpu-syntactic-7zipq66o.json"", ""--disable-semantic-fallback""]","== match report for /home/arjaiswal/Polygeist/issues/aten_c_kernels/results/aten_dirichlet_transform_cpu/debuf.mlir ==
  match          body#[0]  cudnnReduceSum_f32
  match          body#[1]  cudnnPointwiseGraph_f32
  total: 2 matched / 2 bodies
",0,[],0,0,0,0,/home/arjaiswal/Polygeist/issues/aten_c_kernels/results/aten_dirichlet_transform_cpu/debuf.mlir,3168,0,2,2,1098.3749330043793,0,65840,0.2651624381542206,0,2,0,0,"[{""body_indices"": [0], ""symbol"": ""cudnnReduceSum_f32""}, {""body_indices"": [1], ""symbol"": ""cudnnPointwiseGraph_f32""}]",2,0,66,0.0,66
aten,aten_dirichlet_transform_cpu,/home/arjaiswal/Polygeist/issues/aten_c_kernels/results/aten_dirichlet_transform_cpu/debuf.mlir,dff0b11d92597fc4db686b96283f759af4147f57c2d34b422874602aeacab886,egglog,2,ok,0,2119.3090304732323,0,"[""/usr/bin/python3"", ""/home/arjaiswal/Polygeist/scripts/correctness/kernel_match_rewrite.py"", ""/home/arjaiswal/Polygeist/issues/aten_c_kernels/results/aten_dirichlet_transform_cpu/debuf.mlir"", ""--dry-run"", ""--matcher-mode"", ""egglog"", ""--telemetry-json"", ""/home/arjaiswal/Polygeist/issues/equality_saturation_eval/campaign_20260908/aten-aten_dirichlet_transform_cpu-egglog-uhd2jz40.json"", ""--disable-semantic-fallback""]","== match report for /home/arjaiswal/Polygeist/issues/aten_c_kernels/results/aten_dirichlet_transform_cpu/debuf.mlir ==
  match          body#[0]  cudnnReduceSum_f32
  match          body#[1]  cudnnPointwiseGraph_f32
  total: 2 matched / 2 bodies
",0,[],0,0,0,0,/home/arjaiswal/Polygeist/issues/aten_c_kernels/results/aten_dirichlet_transform_cpu/debuf.mlir,3168,8,2,2,1044.3810038268566,0,69836,52.560269832611084,2,2,0,4,"[{""body_indices"": [0], ""symbol"": ""cudnnReduceSum_f32""}, {""body_indices"": [1], ""symbol"": ""cudnnPointwiseGraph_f32""}]",2,0,0,0.0,66
aten,aten_dirichlet_transform_cpu,/home/arjaiswal/Polygeist/issues/aten_c_kernels/results/aten_dirichlet_transform_cpu/debuf.mlir,dff0b11d92597fc4db686b96283f759af4147f57c2d34b422874602aeacab886,egglog,3,ok,0,2125.2448819577694,0,"[""/usr/bin/python3"", ""/home/arjaiswal/Polygeist/scripts/correctness/kernel_match_rewrite.py"", ""/home/arjaiswal/Polygeist/issues/aten_c_kernels/results/aten_dirichlet_transform_cpu/debuf.mlir"", ""--dry-run"", ""--matcher-mode"", ""egglog"", ""--telemetry-json"", ""/home/arjaiswal/Polygeist/issues/equality_saturation_eval/campaign_20260908/aten-aten_dirichlet_transform_cpu-egglog-9opx28oc.json"", ""--disable-semantic-fallback""]","== match report for /home/arjaiswal/Polygeist/issues/aten_c_kernels/results/aten_dirichlet_transform_cpu/debuf.mlir ==
  match          body#[0]  cudnnReduceSum_f32
  match          body#[1]  cudnnPointwiseGraph_f32
  total: 2 matched / 2 bodies
",0,[],0,0,0,0,/home/arjaiswal/Polygeist/issues/aten_c_kernels/results/aten_dirichlet_transform_cpu/debuf.mlir,3168,8,2,2,1212.6904353499413,0,69572,95.14866769313812,2,2,0,4,"[{""body_indices"": [0], ""symbol"": ""cudnnReduceSum_f32""}, {""body_indices"": [1], ""symbol"": ""cudnnPointwiseGraph_f32""}]",2,0,0,0.0,66
aten,aten_dirichlet_transform_cpu,/home/arjaiswal/Polygeist/issues/aten_c_kernels/results/aten_dirichlet_transform_cpu/debuf.mlir,dff0b11d92597fc4db686b96283f759af4147f57c2d34b422874602aeacab886,syntactic,3,ok,0,1048.0868332087994,0,"[""/usr/bin/python3"", ""/home/arjaiswal/Polygeist/scripts/correctness/kernel_match_rewrite.py"", ""/home/arjaiswal/Polygeist/issues/aten_c_kernels/results/aten_dirichlet_transform_cpu/debuf.mlir"", ""--dry-run"", ""--matcher-mode"", ""syntactic"", ""--telemetry-json"", ""/home/arjaiswal/Polygeist/issues/equality_saturation_eval/campaign_20260908/aten-aten_dirichlet_transform_cpu-syntactic-s2kgts3o.json"", ""--disable-semantic-fallback""]","== match report for /home/arjaiswal/Polygeist/issues/aten_c_kernels/results/aten_dirichlet_transform_cpu/debuf.mlir ==
  match          body#[0]  cudnnReduceSum_f32
  match          body#[1]  cudnnPointwiseGraph_f32
  total: 2 matched / 2 bodies
",0,[],0,0,0,0,/home/arjaiswal/Polygeist/issues/aten_c_kernels/results/aten_dirichlet_transform_cpu/debuf.mlir,3168,0,2,2,476.8470302224159,0,65748,0.2338513731956482,0,2,0,0,"[{""body_indices"": [0], ""symbol"": ""cudnnReduceSum_f32""}, {""body_indices"": [1], ""symbol"": ""cudnnPointwiseGraph_f32""}]",2,0,66,0.0,66
aten,aten_dirichlet_transform_cpu,/home/arjaiswal/Polygeist/issues/aten_c_kernels/results/aten_dirichlet_transform_cpu/debuf.mlir,dff0b11d92597fc4db686b96283f759af4147f57c2d34b422874602aeacab886,syntactic,4,ok,0,1104.521319270134,0,"[""/usr/bin/python3"", ""/home/arjaiswal/Polygeist/scripts/correctness/kernel_match_rewrite.py"", ""/home/arjaiswal/Polygeist/issues/aten_c_kernels/results/aten_dirichlet_transform_cpu/debuf.mlir"", ""--dry-run"", ""--matcher-mode"", ""syntactic"", ""--telemetry-json"", ""/home/arjaiswal/Polygeist/issues/equality_saturation_eval/campaign_20260908/aten-aten_dirichlet_transform_cpu-syntactic-tu72sb09.json"", ""--disable-semantic-fallback""]","== match report for /home/arjaiswal/Polygeist/issues/aten_c_kernels/results/aten_dirichlet_transform_cpu/debuf.mlir ==
  match          body#[0]  cudnnReduceSum_f32
  match          body#[1]  cudnnPointwiseGraph_f32
  total: 2 matched / 2 bodies
",0,[],0,0,0,0,/home/arjaiswal/Polygeist/issues/aten_c_kernels/results/aten_dirichlet_transform_cpu/debuf.mlir,3168,0,2,2,548.4723262488842,0,65948,0.26992708444595337,0,2,0,0,"[{""body_indices"": [0], ""symbol"": ""cudnnReduceSum_f32""}, {""body_indices"": [1], ""symbol"": ""cudnnPointwiseGraph_f32""}]",2,0,66,0.0,66
aten,aten_dirichlet_transform_cpu,/home/arjaiswal/Polygeist/issues/aten_c_kernels/results/aten_dirichlet_transform_cpu/debuf.mlir,dff0b11d92597fc4db686b96283f759af4147f57c2d34b422874602aeacab886,egglog,4,ok,0,1091.1852419376373,0,"[""/usr/bin/python3"", ""/home/arjaiswal/Polygeist/scripts/correctness/kernel_match_rewrite.py"", ""/home/arjaiswal/Polygeist/issues/aten_c_kernels/results/aten_dirichlet_transform_cpu/debuf.mlir"", ""--dry-run"", ""--matcher-mode"", ""egglog"", ""--telemetry-json"", ""/home/arjaiswal/Polygeist/issues/equality_saturation_eval/campaign_20260908/aten-aten_dirichlet_transform_cpu-egglog-qfgz3b8k.json"", ""--disable-semantic-fallback""]","== match report for /home/arjaiswal/Polygeist/issues/aten_c_kernels/results/aten_dirichlet_transform_cpu/debuf.mlir ==
  match          body#[0]  cudnnReduceSum_f32
  match          body#[1]  cudnnPointwiseGraph_f32
  total: 2 matched / 2 bodies
",0,[],0,0,0,0,/home/arjaiswal/Polygeist/issues/aten_c_kernels/results/aten_dirichlet_transform_cpu/debuf.mlir,3168,8,2,2,509.7099840641022,0,69760,23.46218004822731,2,2,0,4,"[{""body_indices"": [0], ""symbol"": ""cudnnReduceSum_f32""}, {""body_indices"": [1], ""symbol"": ""cudnnPointwiseGraph_f32""}]",2,0,0,0.0,66
aten,aten_dirichlet_transform_cpu,/home/arjaiswal/Polygeist/issues/aten_c_kernels/results/aten_dirichlet_transform_cpu/debuf.mlir,dff0b11d92597fc4db686b96283f759af4147f57c2d34b422874602aeacab886,egglog,5,ok,0,2220.761977136135,0,"[""/usr/bin/python3"", ""/home/arjaiswal/Polygeist/scripts/correctness/kernel_match_rewrite.py"", ""/home/arjaiswal/Polygeist/issues/aten_c_kernels/results/aten_dirichlet_transform_cpu/debuf.mlir"", ""--dry-run"", ""--matcher-mode"", ""egglog"", ""--telemetry-json"", ""/home/arjaiswal/Polygeist/issues/equality_saturation_eval/campaign_20260908/aten-aten_dirichlet_transform_cpu-egglog-ke4fe5bo.json"", ""--disable-semantic-fallback""]","== match report for /home/arjaiswal/Polygeist/issues/aten_c_kernels/results/aten_dirichlet_transform_cpu/debuf.mlir ==
  match          body#[0]  cudnnReduceSum_f32
  match          body#[1]  cudnnPointwiseGraph_f32
  total: 2 matched / 2 bodies
",0,[],0,0,0,0,/home/arjaiswal/Polygeist/issues/aten_c_kernels/results/aten_dirichlet_transform_cpu/debuf.mlir,3168,8,2,2,1218.2792946696281,0,69952,72.83584028482437,2,2,0,4,"[{""body_indices"": [0], ""symbol"": ""cudnnReduceSum_f32""}, {""body_indices"": [1], ""symbol"": ""cudnnPointwiseGraph_f32""}]",2,0,0,0.0,66
aten,aten_dirichlet_transform_cpu,/home/arjaiswal/Polygeist/issues/aten_c_kernels/results/aten_dirichlet_transform_cpu/debuf.mlir,dff0b11d92597fc4db686b96283f759af4147f57c2d34b422874602aeacab886,syntactic,5,ok,0,1727.790031582117,0,"[""/usr/bin/python3"", ""/home/arjaiswal/Polygeist/scripts/correctness/kernel_match_rewrite.py"", ""/home/arjaiswal/Polygeist/issues/aten_c_kernels/results/aten_dirichlet_transform_cpu/debuf.mlir"", ""--dry-run"", ""--matcher-mode"", ""syntactic"", ""--telemetry-json"", ""/home/arjaiswal/Polygeist/issues/equality_saturation_eval/campaign_20260908/aten-aten_dirichlet_transform_cpu-syntactic-k1tczpjs.json"", ""--disable-semantic-fallback""]","== match report for /home/arjaiswal/Polygeist/issues/aten_c_kernels/results/aten_dirichlet_transform_cpu/debuf.mlir ==
  match          body#[0]  cudnnReduceSum_f32
  match          body#[1]  cudnnPointwiseGraph_f32
  total: 2 matched / 2 bodies
",0,[],0,0,0,0,/home/arjaiswal/Polygeist/issues/aten_c_kernels/results/aten_dirichlet_transform_cpu/debuf.mlir,3168,0,2,2,821.2039656937122,0,65808,0.24387240409851074,0,2,0,0,"[{""body_indices"": [0], ""symbol"": ""cudnnReduceSum_f32""}, {""body_indices"": [1], ""symbol"": ""cudnnPointwiseGraph_f32""}]",2,0,66,0.0,66
aten,aten_div,/home/arjaiswal/Polygeist/issues/aten_c_kernels/results/aten_div/debuf.mlir,8caaad602dea879cd98bd508c66c2e28eab9d6e68368f01091ab9ced196d738d,syntactic,1,ok,0,844.954963773489,0,"[""/usr/bin/python3"", ""/home/arjaiswal/Polygeist/scripts/correctness/kernel_match_rewrite.py"", ""/home/arjaiswal/Polygeist/issues/aten_c_kernels/results/aten_div/debuf.mlir"", ""--dry-run"", ""--matcher-mode"", ""syntactic"", ""--telemetry-json"", ""/home/arjaiswal/Polygeist/issues/equality_saturation_eval/campaign_20260908/aten-aten_div-syntactic-4q37u6o0.json"", ""--disable-semantic-fallback""]","== match report for /home/arjaiswal/Polygeist/issues/aten_c_kernels/results/aten_div/debuf.mlir ==
  match          body#[0]  cudnnPointwiseGraph_f32
  total: 1 matched / 1 bodies
",0,[],0,0,0,0,/home/arjaiswal/Polygeist/issues/aten_c_kernels/results/aten_div/debuf.mlir,1883,0,1,1,318.1355260312557,0,65648,0.02442300319671631,0,0,0,0,"[{""body_indices"": [0], ""symbol"": ""cudnnPointwiseGraph_f32""}]",1,0,6,0.0,6
aten,aten_div,/home/arjaiswal/Polygeist/issues/aten_c_kernels/results/aten_div/debuf.mlir,8caaad602dea879cd98bd508c66c2e28eab9d6e68368f01091ab9ced196d738d,egglog,1,ok,0,1801.324237138033,0,"[""/usr/bin/python3"", ""/home/arjaiswal/Polygeist/scripts/correctness/kernel_match_rewrite.py"", ""/home/arjaiswal/Polygeist/issues/aten_c_kernels/results/aten_div/debuf.mlir"", ""--dry-run"", ""--matcher-mode"", ""egglog"", ""--telemetry-json"", ""/home/arjaiswal/Polygeist/issues/equality_saturation_eval/campaign_20260908/aten-aten_div-egglog-amugu0l0.json"", ""--disable-semantic-fallback""]","== match report for /home/arjaiswal/Polygeist/issues/aten_c_kernels/results/aten_div/debuf.mlir ==
  match          body#[0]  cudnnPointwiseGraph_f32
  total: 1 matched / 1 bodies
",0,[],0,0,0,0,/home/arjaiswal/Polygeist/issues/aten_c_kernels/results/aten_div/debuf.mlir,1883,8,1,1,544.7212979197502,0,65896,0.0,0,0,0,0,"[{""body_indices"": [0], ""symbol"": ""cudnnPointwiseGraph_f32""}]",1,0,0,0.0,6
aten,aten_div,/home/arjaiswal/Polygeist/issues/aten_c_kernels/results/aten_div/debuf.mlir,8caaad602dea879cd98bd508c66c2e28eab9d6e68368f01091ab9ced196d738d,egglog,2,ok,0,1684.5698617398739,0,"[""/usr/bin/python3"", ""/home/arjaiswal/Polygeist/scripts/correctness/kernel_match_rewrite.py"", ""/home/arjaiswal/Polygeist/issues/aten_c_kernels/results/aten_div/debuf.mlir"", ""--dry-run"", ""--matcher-mode"", ""egglog"", ""--telemetry-json"", ""/home/arjaiswal/Polygeist/issues/equality_saturation_eval/campaign_20260908/aten-aten_div-egglog-6likiba0.json"", ""--disable-semantic-fallback""]","== match report for /home/arjaiswal/Polygeist/issues/aten_c_kernels/results/aten_div/debuf.mlir ==
  match          body#[0]  cudnnPointwiseGraph_f32
  total: 1 matched / 1 bodies
",0,[],0,0,0,0,/home/arjaiswal/Polygeist/issues/aten_c_kernels/results/aten_div/debuf.mlir,1883,8,1,1,413.76494616270065,0,65740,0.0,0,0,0,0,"[{""body_indices"": [0], ""symbol"": ""cudnnPointwiseGraph_f32""}]",1,0,0,0.0,6
aten,aten_div,/home/arjaiswal/Polygeist/issues/aten_c_kernels/results/aten_div/debuf.mlir,8caaad602dea879cd98bd508c66c2e28eab9d6e68368f01091ab9ced196d738d,syntactic,2,ok,0,1435.8378164470196,0,"[""/usr/bin/python3"", ""/home/arjaiswal/Polygeist/scripts/correctness/kernel_match_rewrite.py"", ""/home/arjaiswal/Polygeist/issues/aten_c_kernels/results/aten_div/debuf.mlir"", ""--dry-run"", ""--matcher-mode"", ""syntactic"", ""--telemetry-json"", ""/home/arjaiswal/Polygeist/issues/equality_saturation_eval/campaign_20260908/aten-aten_div-syntactic-4j8qq9l0.json"", ""--disable-semantic-fallback""]","== match report for /home/arjaiswal/Polygeist/issues/aten_c_kernels/results/aten_div/debuf.mlir ==
  match          body#[0]  cudnnPointwiseGraph_f32
  total: 1 matched / 1 bodies
",0,[],0,0,0,0,/home/arjaiswal/Polygeist/issues/aten_c_kernels/results/aten_div/debuf.mlir,1883,0,1,1,501.7072483897209,0,65480,0.0216066837310791,0,0,0,0,"[{""body_indices"": [0], ""symbol"": ""cudnnPointwiseGraph_f32""}]",1,0,6,0.0,6
aten,aten_div,/home/arjaiswal/Polygeist/issues/aten_c_kernels/results/aten_div/debuf.mlir,8caaad602dea879cd98bd508c66c2e28eab9d6e68368f01091ab9ced196d738d,syntactic,3,ok,0,813.3249431848526,0,"[""/usr/bin/python3"", ""/home/arjaiswal/Polygeist/scripts/correctness/kernel_match_rewrite.py"", ""/home/arjaiswal/Polygeist/issues/aten_c_kernels/results/aten_div/debuf.mlir"", ""--dry-run"", ""--matcher-mode"", ""syntactic"", ""--telemetry-json"", ""/home/arjaiswal/Polygeist/issues/equality_saturation_eval/campaign_20260908/aten-aten_div-syntactic-m5h5n4an.json"", ""--disable-semantic-fallback""]","== match report for /home/arjaiswal/Polygeist/issues/aten_c_kernels/results/aten_div/debuf.mlir ==
  match          body#[0]  cudnnPointwiseGraph_f32
  total: 1 matched / 1 bodies
",0,[],0,0,0,0,/home/arjaiswal/Polygeist/issues/aten_c_kernels/results/aten_div/debuf.mlir,1883,0,1,1,295.41613906621933,0,65648,0.022817403078079224,0,0,0,0,"[{""body_indices"": [0], ""symbol"": ""cudnnPointwiseGraph_f32""}]",1,0,6,0.0,6
aten,aten_div,/home/arjaiswal/Polygeist/issues/aten_c_kernels/results/aten_div/debuf.mlir,8caaad602dea879cd98bd508c66c2e28eab9d6e68368f01091ab9ced196d738d,egglog,3,ok,0,870.9874078631401,0,"[""/usr/bin/python3"", ""/home/arjaiswal/Polygeist/scripts/correctness/kernel_match_rewrite.py"", ""/home/arjaiswal/Polygeist/issues/aten_c_kernels/results/aten_div/debuf.mlir"", ""--dry-run"", ""--matcher-mode"", ""egglog"", ""--telemetry-json"", ""/home/arjaiswal/Polygeist/issues/equality_saturation_eval/campaign_20260908/aten-aten_div-egglog-1ha008l3.json"", ""--disable-semantic-fallback""]","== match report for /home/arjaiswal/Polygeist/issues/aten_c_kernels/results/aten_div/debuf.mlir ==
  match          body#[0]  cudnnPointwiseGraph_f32
  total: 1 matched / 1 bodies
",0,[],0,0,0,0,/home/arjaiswal/Polygeist/issues/aten_c_kernels/results/aten_div/debuf.mlir,1883,8,1,1,317.44031608104706,0,65712,0.0,0,0,0,0,"[{""body_indices"": [0], ""symbol"": ""cudnnPointwiseGraph_f32""}]",1,0,0,0.0,6
aten,aten_div,/home/arjaiswal/Polygeist/issues/aten_c_kernels/results/aten_div/debuf.mlir,8caaad602dea879cd98bd508c66c2e28eab9d6e68368f01091ab9ced196d738d,egglog,4,ok,0,1365.3097078204155,0,"[""/usr/bin/python3"", ""/home/arjaiswal/Polygeist/scripts/correctness/kernel_match_rewrite.py"", ""/home/arjaiswal/Polygeist/issues/aten_c_kernels/results/aten_div/debuf.mlir"", ""--dry-run"", ""--matcher-mode"", ""egglog"", ""--telemetry-json"", ""/home/arjaiswal/Polygeist/issues/equality_saturation_eval/campaign_20260908/aten-aten_div-egglog-i2l4inv0.json"", ""--disable-semantic-fallback""]","== match report for /home/arjaiswal/Polygeist/issues/aten_c_kernels/results/aten_div/debuf.mlir ==
  match          body#[0]  cudnnPointwiseGraph_f32
  total: 1 matched / 1 bodies
",0,[],0,0,0,0,/home/arjaiswal/Polygeist/issues/aten_c_kernels/results/aten_div/debuf.mlir,1883,8,1,1,428.3655807375908,0,65604,0.0,0,0,0,0,"[{""body_indices"": [0], ""symbol"": ""cudnnPointwiseGraph_f32""}]",1,0,0,0.0,6
aten,aten_div,/home/arjaiswal/Polygeist/issues/aten_c_kernels/results/aten_div/debuf.mlir,8caaad602dea879cd98bd508c66c2e28eab9d6e68368f01091ab9ced196d738d,syntactic,4,ok,0,859.2168129980564,0,"[""/usr/bin/python3"", ""/home/arjaiswal/Polygeist/scripts/correctness/kernel_match_rewrite.py"", ""/home/arjaiswal/Polygeist/issues/aten_c_kernels/results/aten_div/debuf.mlir"", ""--dry-run"", ""--matcher-mode"", ""syntactic"", ""--telemetry-json"", ""/home/arjaiswal/Polygeist/issues/equality_saturation_eval/campaign_20260908/aten-aten_div-syntactic-0fph8ahp.json"", ""--disable-semantic-fallback""]","== match report for /home/arjaiswal/Polygeist/issues/aten_c_kernels/results/aten_div/debuf.mlir ==
  match          body#[0]  cudnnPointwiseGraph_f32
  total: 1 matched / 1 bodies
",0,[],0,0,0,0,/home/arjaiswal/Polygeist/issues/aten_c_kernels/results/aten_div/debuf.mlir,1883,0,1,1,333.64470303058624,0,65580,0.02084299921989441,0,0,0,0,"[{""body_indices"": [0], ""symbol"": ""cudnnPointwiseGraph_f32""}]",1,0,6,0.0,6
aten,aten_div,/home/arjaiswal/Polygeist/issues/aten_c_kernels/results/aten_div/debuf.mlir,8caaad602dea879cd98bd508c66c2e28eab9d6e68368f01091ab9ced196d738d,syntactic,5,ok,0,839.1843773424625,0,"[""/usr/bin/python3"", ""/home/arjaiswal/Polygeist/scripts/correctness/kernel_match_rewrite.py"", ""/home/arjaiswal/Polygeist/issues/aten_c_kernels/results/aten_div/debuf.mlir"", ""--dry-run"", ""--matcher-mode"", ""syntactic"", ""--telemetry-json"", ""/home/arjaiswal/Polygeist/issues/equality_saturation_eval/campaign_20260908/aten-aten_div-syntactic-gas7jq3h.json"", ""--disable-semantic-fallback""]","== match report for /home/arjaiswal/Polygeist/issues/aten_c_kernels/results/aten_div/debuf.mlir ==
  match          body#[0]  cudnnPointwiseGraph_f32
  total: 1 matched / 1 bodies
",0,[],0,0,0,0,/home/arjaiswal/Polygeist/issues/aten_c_kernels/results/aten_div/debuf.mlir,1883,0,1,1,300.59125646948814,0,65408,0.021636486053466797,0,0,0,0,"[{""body_indices"": [0], ""symbol"": ""cudnnPointwiseGraph_f32""}]",1,0,6,0.0,6
aten,aten_div,/home/arjaiswal/Polygeist/issues/aten_c_kernels/results/aten_div/debuf.mlir,8caaad602dea879cd98bd508c66c2e28eab9d6e68368f01091ab9ced196d738d,egglog,5,ok,0,776.4826640486717,0,"[""/usr/bin/python3"", ""/home/arjaiswal/Polygeist/scripts/correctness/kernel_match_rewrite.py"", ""/home/arjaiswal/Polygeist/issues/aten_c_kernels/results/aten_div/debuf.mlir"", ""--dry-run"", ""--matcher-mode"", ""egglog"", ""--telemetry-json"", ""/home/arjaiswal/Polygeist/issues/equality_saturation_eval/campaign_20260908/aten-aten_div-egglog-lxrl7qmo.json"", ""--disable-semantic-fallback""]","== match report for /home/arjaiswal/Polygeist/issues/aten_c_kernels/results/aten_div/debuf.mlir ==
  match          body#[0]  cudnnPointwiseGraph_f32
  total: 1 matched / 1 bodies
",0,[],0,0,0,0,/home/arjaiswal/Polygeist/issues/aten_c_kernels/results/aten_div/debuf.mlir,1883,8,1,1,314.9223141372204,0,65776,0.0,0,0,0,0,"[{""body_indices"": [0], ""symbol"": ""cudnnPointwiseGraph_f32""}]",1,0,0,0.0,6
aten,aten_div_floor,/home/arjaiswal/Polygeist/issues/aten_c_kernels/results/aten_div_floor/debuf.mlir,65dd35d6a472cc6f70a721e72d14def0922beb6ae4f3d7e6b3de526100a0a2fd,egglog,1,ok,0,1277.958557009697,0,"[""/usr/bin/python3"", ""/home/arjaiswal/Polygeist/scripts/correctness/kernel_match_rewrite.py"", ""/home/arjaiswal/Polygeist/issues/aten_c_kernels/results/aten_div_floor/debuf.mlir"", ""--dry-run"", ""--matcher-mode"", ""egglog"", ""--telemetry-json"", ""/home/arjaiswal/Polygeist/issues/equality_saturation_eval/campaign_20260908/aten-aten_div_floor-egglog-50mpkm9o.json"", ""--disable-semantic-fallback""]","== match report for /home/arjaiswal/Polygeist/issues/aten_c_kernels/results/aten_div_floor/debuf.mlir ==
  match          body#[0]  cudnnPointwiseGraph_f32
  total: 1 matched / 1 bodies
",0,[],0,0,0,0,/home/arjaiswal/Polygeist/issues/aten_c_kernels/results/aten_div_floor/debuf.mlir,2028,8,1,1,666.167214512825,0,65724,0.0,0,0,0,0,"[{""body_indices"": [0], ""symbol"": ""cudnnPointwiseGraph_f32""}]",1,0,0,0.0,6
aten,aten_div_floor,/home/arjaiswal/Polygeist/issues/aten_c_kernels/results/aten_div_floor/debuf.mlir,65dd35d6a472cc6f70a721e72d14def0922beb6ae4f3d7e6b3de526100a0a2fd,syntactic,1,ok,0,1645.8806358277798,0,"[""/usr/bin/python3"", ""/home/arjaiswal/Polygeist/scripts/correctness/kernel_match_rewrite.py"", ""/home/arjaiswal/Polygeist/issues/aten_c_kernels/results/aten_div_floor/debuf.mlir"", ""--dry-run"", ""--matcher-mode"", ""syntactic"", ""--telemetry-json"", ""/home/arjaiswal/Polygeist/issues/equality_saturation_eval/campaign_20260908/aten-aten_div_floor-syntactic-lkofribj.json"", ""--disable-semantic-fallback""]","== match report for /home/arjaiswal/Polygeist/issues/aten_c_kernels/results/aten_div_floor/debuf.mlir ==
  match          body#[0]  cudnnPointwiseGraph_f32
  total: 1 matched / 1 bodies
",0,[],0,0,0,0,/home/arjaiswal/Polygeist/issues/aten_c_kernels/results/aten_div_floor/debuf.mlir,2028,0,1,1,671.468161046505,0,65744,0.02247840166091919,0,0,0,0,"[{""body_indices"": [0], ""symbol"": ""cudnnPointwiseGraph_f32""}]",1,0,6,0.0,6
aten,aten_div_floor,/home/arjaiswal/Polygeist/issues/aten_c_kernels/results/aten_div_floor/debuf.mlir,65dd35d6a472cc6f70a721e72d14def0922beb6ae4f3d7e6b3de526100a0a2fd,syntactic,2,ok,0,1596.2259024381638,0,"[""/usr/bin/python3"", ""/home/arjaiswal/Polygeist/scripts/correctness/kernel_match_rewrite.py"", ""/home/arjaiswal/Polygeist/issues/aten_c_kernels/results/aten_div_floor/debuf.mlir"", ""--dry-run"", ""--matcher-mode"", ""syntactic"", ""--telemetry-json"", ""/home/arjaiswal/Polygeist/issues/equality_saturation_eval/campaign_20260908/aten-aten_div_floor-syntactic-x9qwiofv.json"", ""--disable-semantic-fallback""]","== match report for /home/arjaiswal/Polygeist/issues/aten_c_kernels/results/aten_div_floor/debuf.mlir ==
  match          body#[0]  cudnnPointwiseGraph_f32
  total: 1 matched / 1 bodies
",0,[],0,0,0,0,/home/arjaiswal/Polygeist/issues/aten_c_kernels/results/aten_div_floor/debuf.mlir,2028,0,1,1,663.9362201094627,0,65756,0.021316111087799072,0,0,0,0,"[{""body_indices"": [0], ""symbol"": ""cudnnPointwiseGraph_f32""}]",1,0,6,0.0,6
aten,aten_div_floor,/home/arjaiswal/Polygeist/issues/aten_c_kernels/results/aten_div_floor/debuf.mlir,65dd35d6a472cc6f70a721e72d14def0922beb6ae4f3d7e6b3de526100a0a2fd,egglog,2,ok,0,1409.973420202732,0,"[""/usr/bin/python3"", ""/home/arjaiswal/Polygeist/scripts/correctness/kernel_match_rewrite.py"", ""/home/arjaiswal/Polygeist/issues/aten_c_kernels/results/aten_div_floor/debuf.mlir"", ""--dry-run"", ""--matcher-mode"", ""egglog"", ""--telemetry-json"", ""/home/arjaiswal/Polygeist/issues/equality_saturation_eval/campaign_20260908/aten-aten_div_floor-egglog-tsfl__hh.json"", ""--disable-semantic-fallback""]","== match report for /home/arjaiswal/Polygeist/issues/aten_c_kernels/results/aten_div_floor/debuf.mlir ==
  match          body#[0]  cudnnPointwiseGraph_f32
  total: 1 matched / 1 bodies
",0,[],0,0,0,0,/home/arjaiswal/Polygeist/issues/aten_c_kernels/results/aten_div_floor/debuf.mlir,2028,8,1,1,482.5984723865986,0,65764,0.0,0,0,0,0,"[{""body_indices"": [0], ""symbol"": ""cudnnPointwiseGraph_f32""}]",1,0,0,0.0,6
aten,aten_div_floor,/home/arjaiswal/Polygeist/issues/aten_c_kernels/results/aten_div_floor/debuf.mlir,65dd35d6a472cc6f70a721e72d14def0922beb6ae4f3d7e6b3de526100a0a2fd,egglog,3,ok,0,1214.040756225586,0,"[""/usr/bin/python3"", ""/home/arjaiswal/Polygeist/scripts/correctness/kernel_match_rewrite.py"", ""/home/arjaiswal/Polygeist/issues/aten_c_kernels/results/aten_div_floor/debuf.mlir"", ""--dry-run"", ""--matcher-mode"", ""egglog"", ""--telemetry-json"", ""/home/arjaiswal/Polygeist/issues/equality_saturation_eval/campaign_20260908/aten-aten_div_floor-egglog-4u_3ccm3.json"", ""--disable-semantic-fallback""]","== match report for /home/arjaiswal/Polygeist/issues/aten_c_kernels/results/aten_div_floor/debuf.mlir ==
  match          body#[0]  cudnnPointwiseGraph_f32
  total: 1 matched / 1 bodies
",0,[],0,0,0,0,/home/arjaiswal/Polygeist/issues/aten_c_kernels/results/aten_div_floor/debuf.mlir,2028,8,1,1,569.4988742470741,0,65656,0.0,0,0,0,0,"[{""body_indices"": [0], ""symbol"": ""cudnnPointwiseGraph_f32""}]",1,0,0,0.0,6
aten,aten_div_floor,/home/arjaiswal/Polygeist/issues/aten_c_kernels/results/aten_div_floor/debuf.mlir,65dd35d6a472cc6f70a721e72d14def0922beb6ae4f3d7e6b3de526100a0a2fd,syntactic,3,ok,0,994.6841932833195,0,"[""/usr/bin/python3"", ""/home/arjaiswal/Polygeist/scripts/correctness/kernel_match_rewrite.py"", ""/home/arjaiswal/Polygeist/issues/aten_c_kernels/results/aten_div_floor/debuf.mlir"", ""--dry-run"", ""--matcher-mode"", ""syntactic"", ""--telemetry-json"", ""/home/arjaiswal/Polygeist/issues/equality_saturation_eval/campaign_20260908/aten-aten_div_floor-syntactic-9cwz4hhs.json"", ""--disable-semantic-fallback""]","== match report for /home/arjaiswal/Polygeist/issues/aten_c_kernels/results/aten_div_floor/debuf.mlir ==
  match          body#[0]  cudnnPointwiseGraph_f32
  total: 1 matched / 1 bodies
",0,[],0,0,0,0,/home/arjaiswal/Polygeist/issues/aten_c_kernels/results/aten_div_floor/debuf.mlir,2028,0,1,1,342.7347391843796,0,65552,0.030003488063812256,0,0,0,0,"[{""body_indices"": [0], ""symbol"": ""cudnnPointwiseGraph_f32""}]",1,0,6,0.0,6
aten,aten_div_floor,/home/arjaiswal/Polygeist/issues/aten_c_kernels/results/aten_div_floor/debuf.mlir,65dd35d6a472cc6f70a721e72d14def0922beb6ae4f3d7e6b3de526100a0a2fd,syntactic,4,ok,0,3118.140548467636,0,"[""/usr/bin/python3"", ""/home/arjaiswal/Polygeist/scripts/correctness/kernel_match_rewrite.py"", ""/home/arjaiswal/Polygeist/issues/aten_c_kernels/results/aten_div_floor/debuf.mlir"", ""--dry-run"", ""--matcher-mode"", ""syntactic"", ""--telemetry-json"", ""/home/arjaiswal/Polygeist/issues/equality_saturation_eval/campaign_20260908/aten-aten_div_floor-syntactic-vscj93hg.json"", ""--disable-semantic-fallback""]","== match report for /home/arjaiswal/Polygeist/issues/aten_c_kernels/results/aten_div_floor/debuf.mlir ==
  match          body#[0]  cudnnPointwiseGraph_f32
  total: 1 matched / 1 bodies
",0,[],0,0,0,0,/home/arjaiswal/Polygeist/issues/aten_c_kernels/results/aten_div_floor/debuf.mlir,2028,0,1,1,1510.7035003602505,0,65640,0.025957822799682617,0,0,0,0,"[{""body_indices"": [0], ""symbol"": ""cudnnPointwiseGraph_f32""}]",1,0,6,0.0,6
aten,aten_div_floor,/home/arjaiswal/Polygeist/issues/aten_c_kernels/results/aten_div_floor/debuf.mlir,65dd35d6a472cc6f70a721e72d14def0922beb6ae4f3d7e6b3de526100a0a2fd,egglog,4,ok,0,2843.9177870750427,0,"[""/usr/bin/python3"", ""/home/arjaiswal/Polygeist/scripts/correctness/kernel_match_rewrite.py"", ""/home/arjaiswal/Polygeist/issues/aten_c_kernels/results/aten_div_floor/debuf.mlir"", ""--dry-run"", ""--matcher-mode"", ""egglog"", ""--telemetry-json"", ""/home/arjaiswal/Polygeist/issues/equality_saturation_eval/campaign_20260908/aten-aten_div_floor-egglog-4m7kyl1w.json"", ""--disable-semantic-fallback""]","== match report for /home/arjaiswal/Polygeist/issues/aten_c_kernels/results/aten_div_floor/debuf.mlir ==
  match          body#[0]  cudnnPointwiseGraph_f32
  total: 1 matched / 1 bodies
",0,[],0,0,0,0,/home/arjaiswal/Polygeist/issues/aten_c_kernels/results/aten_div_floor/debuf.mlir,2028,8,1,1,1043.4959903359413,0,65644,0.0,0,0,0,0,"[{""body_indices"": [0], ""symbol"": ""cudnnPointwiseGraph_f32""}]",1,0,0,0.0,6
aten,aten_div_floor,/home/arjaiswal/Polygeist/issues/aten_c_kernels/results/aten_div_floor/debuf.mlir,65dd35d6a472cc6f70a721e72d14def0922beb6ae4f3d7e6b3de526100a0a2fd,egglog,5,ok,0,2495.252560824156,0,"[""/usr/bin/python3"", ""/home/arjaiswal/Polygeist/scripts/correctness/kernel_match_rewrite.py"", ""/home/arjaiswal/Polygeist/issues/aten_c_kernels/results/aten_div_floor/debuf.mlir"", ""--dry-run"", ""--matcher-mode"", ""egglog"", ""--telemetry-json"", ""/home/arjaiswal/Polygeist/issues/equality_saturation_eval/campaign_20260908/aten-aten_div_floor-egglog-etk29hhe.json"", ""--disable-semantic-fallback""]","== match report for /home/arjaiswal/Polygeist/issues/aten_c_kernels/results/aten_div_floor/debuf.mlir ==
  match          body#[0]  cudnnPointwiseGraph_f32
  total: 1 matched / 1 bodies
",0,[],0,0,0,0,/home/arjaiswal/Polygeist/issues/aten_c_kernels/results/aten_div_floor/debuf.mlir,2028,8,1,1,1130.524381995201,0,65352,0.0,0,0,0,0,"[{""body_indices"": [0], ""symbol"": ""cudnnPointwiseGraph_f32""}]",1,0,0,0.0,6
aten,aten_div_floor,/home/arjaiswal/Polygeist/issues/aten_c_kernels/results/aten_div_floor/debuf.mlir,65dd35d6a472cc6f70a721e72d14def0922beb6ae4f3d7e6b3de526100a0a2fd,syntactic,5,ok,0,2543.292723596096,0,"[""/usr/bin/python3"", ""/home/arjaiswal/Polygeist/scripts/correctness/kernel_match_rewrite.py"", ""/home/arjaiswal/Polygeist/issues/aten_c_kernels/results/aten_div_floor/debuf.mlir"", ""--dry-run"", ""--matcher-mode"", ""syntactic"", ""--telemetry-json"", ""/home/arjaiswal/Polygeist/issues/equality_saturation_eval/campaign_20260908/aten-aten_div_floor-syntactic-lxsle4f7.json"", ""--disable-semantic-fallback""]","== match report for /home/arjaiswal/Polygeist/issues/aten_c_kernels/results/aten_div_floor/debuf.mlir ==
  match          body#[0]  cudnnPointwiseGraph_f32
  total: 1 matched / 1 bodies
",0,[],0,0,0,0,/home/arjaiswal/Polygeist/issues/aten_c_kernels/results/aten_div_floor/debuf.mlir,2028,0,1,1,995.047327131033,0,65628,0.02446398138999939,0,0,0,0,"[{""body_indices"": [0], ""symbol"": ""cudnnPointwiseGraph_f32""}]",1,0,6,0.0,6
aten,aten_div_trunc,/home/arjaiswal/Polygeist/issues/aten_c_kernels/results/aten_div_trunc/debuf.mlir,6d9a1a9673564e980681516aa7aede38e4450361cefdacdb2a9dc7b973c60d2e,syntactic,1,ok,0,2579.259265214205,0,"[""/usr/bin/python3"", ""/home/arjaiswal/Polygeist/scripts/correctness/kernel_match_rewrite.py"", ""/home/arjaiswal/Polygeist/issues/aten_c_kernels/results/aten_div_trunc/debuf.mlir"", ""--dry-run"", ""--matcher-mode"", ""syntactic"", ""--telemetry-json"", ""/home/arjaiswal/Polygeist/issues/equality_saturation_eval/campaign_20260908/aten-aten_div_trunc-syntactic-x6cdqai7.json"", ""--disable-semantic-fallback""]","== match report for /home/arjaiswal/Polygeist/issues/aten_c_kernels/results/aten_div_trunc/debuf.mlir ==
  match          body#[0]  cudnnPointwiseGraph_f32
  total: 1 matched / 1 bodies
",0,[],0,0,0,0,/home/arjaiswal/Polygeist/issues/aten_c_kernels/results/aten_div_trunc/debuf.mlir,2028,0,1,1,1062.968149781227,0,65728,0.027414411306381226,0,0,0,0,"[{""body_indices"": [0], ""symbol"": ""cudnnPointwiseGraph_f32""}]",1,0,6,0.0,6
aten,aten_div_trunc,/home/arjaiswal/Polygeist/issues/aten_c_kernels/results/aten_div_trunc/debuf.mlir,6d9a1a9673564e980681516aa7aede38e4450361cefdacdb2a9dc7b973c60d2e,egglog,1,ok,0,2599.285237491131,0,"[""/usr/bin/python3"", ""/home/arjaiswal/Polygeist/scripts/correctness/kernel_match_rewrite.py"", ""/home/arjaiswal/Polygeist/issues/aten_c_kernels/results/aten_div_trunc/debuf.mlir"", ""--dry-run"", ""--matcher-mode"", ""egglog"", ""--telemetry-json"", ""/home/arjaiswal/Polygeist/issues/equality_saturation_eval/campaign_20260908/aten-aten_div_trunc-egglog-cwic6kf3.json"", ""--disable-semantic-fallback""]","== match report for /home/arjaiswal/Polygeist/issues/aten_c_kernels/results/aten_div_trunc/debuf.mlir ==
  match          body#[0]  cudnnPointwiseGraph_f32
  total: 1 matched / 1 bodies
",0,[],0,0,0,0,/home/arjaiswal/Polygeist/issues/aten_c_kernels/results/aten_div_trunc/debuf.mlir,2028,8,1,1,1045.4341508448124,0,65572,0.0,0,0,0,0,"[{""body_indices"": [0], ""symbol"": ""cudnnPointwiseGraph_f32""}]",1,0,0,0.0,6
aten,aten_div_trunc,/home/arjaiswal/Polygeist/issues/aten_c_kernels/results/aten_div_trunc/debuf.mlir,6d9a1a9673564e980681516aa7aede38e4450361cefdacdb2a9dc7b973c60d2e,egglog,2,ok,0,2767.249885946512,0,"[""/usr/bin/python3"", ""/home/arjaiswal/Polygeist/scripts/correctness/kernel_match_rewrite.py"", ""/home/arjaiswal/Polygeist/issues/aten_c_kernels/results/aten_div_trunc/debuf.mlir"", ""--dry-run"", ""--matcher-mode"", ""egglog"", ""--telemetry-json"", ""/home/arjaiswal/Polygeist/issues/equality_saturation_eval/campaign_20260908/aten-aten_div_trunc-egglog-gsil0vk7.json"", ""--disable-semantic-fallback""]","== match report for /home/arjaiswal/Polygeist/issues/aten_c_kernels/results/aten_div_trunc/debuf.mlir ==
  match          body#[0]  cudnnPointwiseGraph_f32
  total: 1 matched / 1 bodies
",0,[],0,0,0,0,/home/arjaiswal/Polygeist/issues/aten_c_kernels/results/aten_div_trunc/debuf.mlir,2028,8,1,1,1176.0509088635445,0,65652,0.0,0,0,0,0,"[{""body_indices"": [0], ""symbol"": ""cudnnPointwiseGraph_f32""}]",1,0,0,0.0,6
aten,aten_div_trunc,/home/arjaiswal/Polygeist/issues/aten_c_kernels/results/aten_div_trunc/debuf.mlir,6d9a1a9673564e980681516aa7aede38e4450361cefdacdb2a9dc7b973c60d2e,syntactic,2,ok,0,2651.458762586117,0,"[""/usr/bin/python3"", ""/home/arjaiswal/Polygeist/scripts/correctness/kernel_match_rewrite.py"", ""/home/arjaiswal/Polygeist/issues/aten_c_kernels/results/aten_div_trunc/debuf.mlir"", ""--dry-run"", ""--matcher-mode"", ""syntactic"", ""--telemetry-json"", ""/home/arjaiswal/Polygeist/issues/equality_saturation_eval/campaign_20260908/aten-aten_div_trunc-syntactic-ifqo73uf.json"", ""--disable-semantic-fallback""]","== match report for /home/arjaiswal/Polygeist/issues/aten_c_kernels/results/aten_div_trunc/debuf.mlir ==
  match          body#[0]  cudnnPointwiseGraph_f32
  total: 1 matched / 1 bodies
",0,[],0,0,0,0,/home/arjaiswal/Polygeist/issues/aten_c_kernels/results/aten_div_trunc/debuf.mlir,2028,0,1,1,1101.0480411350727,0,65600,0.02457946538925171,0,0,0,0,"[{""body_indices"": [0], ""symbol"": ""cudnnPointwiseGraph_f32""}]",1,0,6,0.0,6
aten,aten_div_trunc,/home/arjaiswal/Polygeist/issues/aten_c_kernels/results/aten_div_trunc/debuf.mlir,6d9a1a9673564e980681516aa7aede38e4450361cefdacdb2a9dc7b973c60d2e,syntactic,3,ok,0,2682.755619287491,0,"[""/usr/bin/python3"", ""/home/arjaiswal/Polygeist/scripts/correctness/kernel_match_rewrite.py"", ""/home/arjaiswal/Polygeist/issues/aten_c_kernels/results/aten_div_trunc/debuf.mlir"", ""--dry-run"", ""--matcher-mode"", ""syntactic"", ""--telemetry-json"", ""/home/arjaiswal/Polygeist/issues/equality_saturation_eval/campaign_20260908/aten-aten_div_trunc-syntactic-qu1o49gx.json"", ""--disable-semantic-fallback""]","== match report for /home/arjaiswal/Polygeist/issues/aten_c_kernels/results/aten_div_trunc/debuf.mlir ==
  match          body#[0]  cudnnPointwiseGraph_f32
  total: 1 matched / 1 bodies
",0,[],0,0,0,0,/home/arjaiswal/Polygeist/issues/aten_c_kernels/results/aten_div_trunc/debuf.mlir,2028,0,1,1,1123.845562338829,0,65804,0.026009976863861084,0,0,0,0,"[{""body_indices"": [0], ""symbol"": ""cudnnPointwiseGraph_f32""}]",1,0,6,0.0,6
aten,aten_div_trunc,/home/arjaiswal/Polygeist/issues/aten_c_kernels/results/aten_div_trunc/debuf.mlir,6d9a1a9673564e980681516aa7aede38e4450361cefdacdb2a9dc7b973c60d2e,egglog,3,ok,0,2779.2889662086964,0,"[""/usr/bin/python3"", ""/home/arjaiswal/Polygeist/scripts/correctness/kernel_match_rewrite.py"", ""/home/arjaiswal/Polygeist/issues/aten_c_kernels/results/aten_div_trunc/debuf.mlir"", ""--dry-run"", ""--matcher-mode"", ""egglog"", ""--telemetry-json"", ""/home/arjaiswal/Polygeist/issues/equality_saturation_eval/campaign_20260908/aten-aten_div_trunc-egglog-_4hc3p7j.json"", ""--disable-semantic-fallback""]","== match report for /home/arjaiswal/Polygeist/issues/aten_c_kernels/results/aten_div_trunc/debuf.mlir ==
  match          body#[0]  cudnnPointwiseGraph_f32
  total: 1 matched / 1 bodies
",0,[],0,0,0,0,/home/arjaiswal/Polygeist/issues/aten_c_kernels/results/aten_div_trunc/debuf.mlir,2028,8,1,1,1121.1659535765648,0,65812,0.0,0,0,0,0,"[{""body_indices"": [0], ""symbol"": ""cudnnPointwiseGraph_f32""}]",1,0,0,0.0,6
aten,aten_div_trunc,/home/arjaiswal/Polygeist/issues/aten_c_kernels/results/aten_div_trunc/debuf.mlir,6d9a1a9673564e980681516aa7aede38e4450361cefdacdb2a9dc7b973c60d2e,egglog,4,ok,0,2619.223527610302,0,"[""/usr/bin/python3"", ""/home/arjaiswal/Polygeist/scripts/correctness/kernel_match_rewrite.py"", ""/home/arjaiswal/Polygeist/issues/aten_c_kernels/results/aten_div_trunc/debuf.mlir"", ""--dry-run"", ""--matcher-mode"", ""egglog"", ""--telemetry-json"", ""/home/arjaiswal/Polygeist/issues/equality_saturation_eval/campaign_20260908/aten-aten_div_trunc-egglog-jakqnnm0.json"", ""--disable-semantic-fallback""]","== match report for /home/arjaiswal/Polygeist/issues/aten_c_kernels/results/aten_div_trunc/debuf.mlir ==
  match          body#[0]  cudnnPointwiseGraph_f32
  total: 1 matched / 1 bodies
",0,[],0,0,0,0,/home/arjaiswal/Polygeist/issues/aten_c_kernels/results/aten_div_trunc/debuf.mlir,2028,8,1,1,1103.1433045864105,0,65748,0.0,0,0,0,0,"[{""body_indices"": [0], ""symbol"": ""cudnnPointwiseGraph_f32""}]",1,0,0,0.0,6
aten,aten_div_trunc,/home/arjaiswal/Polygeist/issues/aten_c_kernels/results/aten_div_trunc/debuf.mlir,6d9a1a9673564e980681516aa7aede38e4450361cefdacdb2a9dc7b973c60d2e,syntactic,4,ok,0,2707.211747765541,0,"[""/usr/bin/python3"", ""/home/arjaiswal/Polygeist/scripts/correctness/kernel_match_rewrite.py"", ""/home/arjaiswal/Polygeist/issues/aten_c_kernels/results/aten_div_trunc/debuf.mlir"", ""--dry-run"", ""--matcher-mode"", ""syntactic"", ""--telemetry-json"", ""/home/arjaiswal/Polygeist/issues/equality_saturation_eval/campaign_20260908/aten-aten_div_trunc-syntactic-d8dpvyno.json"", ""--disable-semantic-fallback""]","== match report for /home/arjaiswal/Polygeist/issues/aten_c_kernels/results/aten_div_trunc/debuf.mlir ==
  match          body#[0]  cudnnPointwiseGraph_f32
  total: 1 matched / 1 bodies
",0,[],0,0,0,0,/home/arjaiswal/Polygeist/issues/aten_c_kernels/results/aten_div_trunc/debuf.mlir,2028,0,1,1,1097.2248502075672,0,65636,0.02393871545791626,0,0,0,0,"[{""body_indices"": [0], ""symbol"": ""cudnnPointwiseGraph_f32""}]",1,0,6,0.0,6
aten,aten_div_trunc,/home/arjaiswal/Polygeist/issues/aten_c_kernels/results/aten_div_trunc/debuf.mlir,6d9a1a9673564e980681516aa7aede38e4450361cefdacdb2a9dc7b973c60d2e,syntactic,5,ok,0,1563.9277957379818,0,"[""/usr/bin/python3"", ""/home/arjaiswal/Polygeist/scripts/correctness/kernel_match_rewrite.py"", ""/home/arjaiswal/Polygeist/issues/aten_c_kernels/results/aten_div_trunc/debuf.mlir"", ""--dry-run"", ""--matcher-mode"", ""syntactic"", ""--telemetry-json"", ""/home/arjaiswal/Polygeist/issues/equality_saturation_eval/campaign_20260908/aten-aten_div_trunc-syntactic-4m3sz9xu.json"", ""--disable-semantic-fallback""]","== match report for /home/arjaiswal/Polygeist/issues/aten_c_kernels/results/aten_div_trunc/debuf.mlir ==
  match          body#[0]  cudnnPointwiseGraph_f32
  total: 1 matched / 1 bodies
",0,[],0,0,0,0,/home/arjaiswal/Polygeist/issues/aten_c_kernels/results/aten_div_trunc/debuf.mlir,2028,0,1,1,348.47330674529076,0,65648,0.024300068616867065,0,0,0,0,"[{""body_indices"": [0], ""symbol"": ""cudnnPointwiseGraph_f32""}]",1,0,6,0.0,6
aten,aten_div_trunc,/home/arjaiswal/Polygeist/issues/aten_c_kernels/results/aten_div_trunc/debuf.mlir,6d9a1a9673564e980681516aa7aede38e4450361cefdacdb2a9dc7b973c60d2e,egglog,5,ok,0,1734.3884222209454,0,"[""/usr/bin/python3"", ""/home/arjaiswal/Polygeist/scripts/correctness/kernel_match_rewrite.py"", ""/home/arjaiswal/Polygeist/issues/aten_c_kernels/results/aten_div_trunc/debuf.mlir"", ""--dry-run"", ""--matcher-mode"", ""egglog"", ""--telemetry-json"", ""/home/arjaiswal/Polygeist/issues/equality_saturation_eval/campaign_20260908/aten-aten_div_trunc-egglog-6dqboqh7.json"", ""--disable-semantic-fallback""]","== match report for /home/arjaiswal/Polygeist/issues/aten_c_kernels/results/aten_div_trunc/debuf.mlir ==
  match          body#[0]  cudnnPointwiseGraph_f32
  total: 1 matched / 1 bodies
",0,[],0,0,0,0,/home/arjaiswal/Polygeist/issues/aten_c_kernels/results/aten_div_trunc/debuf.mlir,2028,8,1,1,692.2167055308819,0,65440,0.0,0,0,0,0,"[{""body_indices"": [0], ""symbol"": ""cudnnPointwiseGraph_f32""}]",1,0,0,0.0,6
aten,aten_dot,/home/arjaiswal/Polygeist/issues/aten_c_kernels/results/aten_dot/debuf.mlir,a7a0ff6ac01880a1993dca8a04eb710220cc3f510cbce4c39383cf31e512f5c1,egglog,1,ok,0,1697.9336105287075,0,"[""/usr/bin/python3"", ""/home/arjaiswal/Polygeist/scripts/correctness/kernel_match_rewrite.py"", ""/home/arjaiswal/Polygeist/issues/aten_c_kernels/results/aten_dot/debuf.mlir"", ""--dry-run"", ""--matcher-mode"", ""egglog"", ""--telemetry-json"", ""/home/arjaiswal/Polygeist/issues/equality_saturation_eval/campaign_20260908/aten-aten_dot-egglog-_ttpzcdq.json"", ""--disable-semantic-fallback""]","== match report for /home/arjaiswal/Polygeist/issues/aten_c_kernels/results/aten_dot/debuf.mlir ==
  match          body#[0]  cublasDdot
  total: 1 matched / 1 bodies
",0,[],0,0,0,0,/home/arjaiswal/Polygeist/issues/aten_c_kernels/results/aten_dot/debuf.mlir,2320,8,1,1,725.1671105623245,0,69252,58.65800008177757,2,2,0,8,"[{""body_indices"": [0], ""symbol"": ""cublasDdot""}]",1,0,0,0.0,2
aten,aten_dot,/home/arjaiswal/Polygeist/issues/aten_c_kernels/results/aten_dot/debuf.mlir,a7a0ff6ac01880a1993dca8a04eb710220cc3f510cbce4c39383cf31e512f5c1,syntactic,1,ok,0,1657.779697328806,0,"[""/usr/bin/python3"", ""/home/arjaiswal/Polygeist/scripts/correctness/kernel_match_rewrite.py"", ""/home/arjaiswal/Polygeist/issues/aten_c_kernels/results/aten_dot/debuf.mlir"", ""--dry-run"", ""--matcher-mode"", ""syntactic"", ""--telemetry-json"", ""/home/arjaiswal/Polygeist/issues/equality_saturation_eval/campaign_20260908/aten-aten_dot-syntactic-9oi07pvz.json"", ""--disable-semantic-fallback""]","== match report for /home/arjaiswal/Polygeist/issues/aten_c_kernels/results/aten_dot/debuf.mlir ==
  match          body#[0]  cublasDdot
  total: 1 matched / 1 bodies
",0,[],0,0,0,0,/home/arjaiswal/Polygeist/issues/aten_c_kernels/results/aten_dot/debuf.mlir,2320,0,1,1,647.2127735614777,0,64776,0.029396265745162964,0,2,0,0,"[{""body_indices"": [0], ""symbol"": ""cublasDdot""}]",1,0,2,0.0,2
aten,aten_dot,/home/arjaiswal/Polygeist/issues/aten_c_kernels/results/aten_dot/debuf.mlir,a7a0ff6ac01880a1993dca8a04eb710220cc3f510cbce4c39383cf31e512f5c1,syntactic,2,ok,0,1821.0700191557407,0,"[""/usr/bin/python3"", ""/home/arjaiswal/Polygeist/scripts/correctness/kernel_match_rewrite.py"", ""/home/arjaiswal/Polygeist/issues/aten_c_kernels/results/aten_dot/debuf.mlir"", ""--dry-run"", ""--matcher-mode"", ""syntactic"", ""--telemetry-json"", ""/home/arjaiswal/Polygeist/issues/equality_saturation_eval/campaign_20260908/aten-aten_dot-syntactic-sekmeb2q.json"", ""--disable-semantic-fallback""]","== match report for /home/arjaiswal/Polygeist/issues/aten_c_kernels/results/aten_dot/debuf.mlir ==
  match          body#[0]  cublasDdot
  total: 1 matched / 1 bodies
",0,[],0,0,0,0,/home/arjaiswal/Polygeist/issues/aten_c_kernels/results/aten_dot/debuf.mlir,2320,0,1,1,766.0987563431263,0,64736,0.024847686290740967,0,2,0,0,"[{""body_indices"": [0], ""symbol"": ""cublasDdot""}]",1,0,2,0.0,2
aten,aten_dot,/home/arjaiswal/Polygeist/issues/aten_c_kernels/results/aten_dot/debuf.mlir,a7a0ff6ac01880a1993dca8a04eb710220cc3f510cbce4c39383cf31e512f5c1,egglog,2,ok,0,2537.3663678765297,0,"[""/usr/bin/python3"", ""/home/arjaiswal/Polygeist/scripts/correctness/kernel_match_rewrite.py"", ""/home/arjaiswal/Polygeist/issues/aten_c_kernels/results/aten_dot/debuf.mlir"", ""--dry-run"", ""--matcher-mode"", ""egglog"", ""--telemetry-json"", ""/home/arjaiswal/Polygeist/issues/equality_saturation_eval/campaign_20260908/aten-aten_dot-egglog-7l4kpth_.json"", ""--disable-semantic-fallback""]","== match report for /home/arjaiswal/Polygeist/issues/aten_c_kernels/results/aten_dot/debuf.mlir ==
  match          body#[0]  cublasDdot
  total: 1 matched / 1 bodies
",0,[],0,0,0,0,/home/arjaiswal/Polygeist/issues/aten_c_kernels/results/aten_dot/debuf.mlir,2320,8,1,1,1021.3209167122841,0,69512,99.07642006874084,2,2,0,8,"[{""body_indices"": [0], ""symbol"": ""cublasDdot""}]",1,0,0,0.0,2
aten,aten_dot,/home/arjaiswal/Polygeist/issues/aten_c_kernels/results/aten_dot/debuf.mlir,a7a0ff6ac01880a1993dca8a04eb710220cc3f510cbce4c39383cf31e512f5c1,egglog,3,ok,0,2551.035515964031,0,"[""/usr/bin/python3"", ""/home/arjaiswal/Polygeist/scripts/correctness/kernel_match_rewrite.py"", ""/home/arjaiswal/Polygeist/issues/aten_c_kernels/results/aten_dot/debuf.mlir"", ""--dry-run"", ""--matcher-mode"", ""egglog"", ""--telemetry-json"", ""/home/arjaiswal/Polygeist/issues/equality_saturation_eval/campaign_20260908/aten-aten_dot-egglog-goyi953r.json"", ""--disable-semantic-fallback""]","== match report for /home/arjaiswal/Polygeist/issues/aten_c_kernels/results/aten_dot/debuf.mlir ==
  match          body#[0]  cublasDdot
  total: 1 matched / 1 bodies
",0,[],0,0,0,0,/home/arjaiswal/Polygeist/issues/aten_c_kernels/results/aten_dot/debuf.mlir,2320,8,1,1,1082.8787125647068,0,69376,73.80419969558716,2,2,0,8,"[{""body_indices"": [0], ""symbol"": ""cublasDdot""}]",1,0,0,0.0,2
aten,aten_dot,/home/arjaiswal/Polygeist/issues/aten_c_kernels/results/aten_dot/debuf.mlir,a7a0ff6ac01880a1993dca8a04eb710220cc3f510cbce4c39383cf31e512f5c1,syntactic,3,ok,0,2155.417986214161,0,"[""/usr/bin/python3"", ""/home/arjaiswal/Polygeist/scripts/correctness/kernel_match_rewrite.py"", ""/home/arjaiswal/Polygeist/issues/aten_c_kernels/results/aten_dot/debuf.mlir"", ""--dry-run"", ""--matcher-mode"", ""syntactic"", ""--telemetry-json"", ""/home/arjaiswal/Polygeist/issues/equality_saturation_eval/campaign_20260908/aten-aten_dot-syntactic-hjz75pn6.json"", ""--disable-semantic-fallback""]","== match report for /home/arjaiswal/Polygeist/issues/aten_c_kernels/results/aten_dot/debuf.mlir ==
  match          body#[0]  cublasDdot
  total: 1 matched / 1 bodies
",0,[],0,0,0,0,/home/arjaiswal/Polygeist/issues/aten_c_kernels/results/aten_dot/debuf.mlir,2320,0,1,1,731.3178330659866,0,64776,0.0245608389377594,0,2,0,0,"[{""body_indices"": [0], ""symbol"": ""cublasDdot""}]",1,0,2,0.0,2
aten,aten_dot,/home/arjaiswal/Polygeist/issues/aten_c_kernels/results/aten_dot/debuf.mlir,a7a0ff6ac01880a1993dca8a04eb710220cc3f510cbce4c39383cf31e512f5c1,syntactic,4,ok,0,1953.684251755476,0,"[""/usr/bin/python3"", ""/home/arjaiswal/Polygeist/scripts/correctness/kernel_match_rewrite.py"", ""/home/arjaiswal/Polygeist/issues/aten_c_kernels/results/aten_dot/debuf.mlir"", ""--dry-run"", ""--matcher-mode"", ""syntactic"", ""--telemetry-json"", ""/home/arjaiswal/Polygeist/issues/equality_saturation_eval/campaign_20260908/aten-aten_dot-syntactic-8xqcmjk_.json"", ""--disable-semantic-fallback""]","== match report for /home/arjaiswal/Polygeist/issues/aten_c_kernels/results/aten_dot/debuf.mlir ==
  match          body#[0]  cublasDdot
  total: 1 matched / 1 bodies
",0,[],0,0,0,0,/home/arjaiswal/Polygeist/issues/aten_c_kernels/results/aten_dot/debuf.mlir,2320,0,1,1,942.2772936522961,0,64596,0.02562999725341797,0,2,0,0,"[{""body_indices"": [0], ""symbol"": ""cublasDdot""}]",1,0,2,0.0,2
aten,aten_dot,/home/arjaiswal/Polygeist/issues/aten_c_kernels/results/aten_dot/debuf.mlir,a7a0ff6ac01880a1993dca8a04eb710220cc3f510cbce4c39383cf31e512f5c1,egglog,4,ok,0,2450.943596661091,0,"[""/usr/bin/python3"", ""/home/arjaiswal/Polygeist/scripts/correctness/kernel_match_rewrite.py"", ""/home/arjaiswal/Polygeist/issues/aten_c_kernels/results/aten_dot/debuf.mlir"", ""--dry-run"", ""--matcher-mode"", ""egglog"", ""--telemetry-json"", ""/home/arjaiswal/Polygeist/issues/equality_saturation_eval/campaign_20260908/aten-aten_dot-egglog-uc83nhwe.json"", ""--disable-semantic-fallback""]","== match report for /home/arjaiswal/Polygeist/issues/aten_c_kernels/results/aten_dot/debuf.mlir ==
  match          body#[0]  cublasDdot
  total: 1 matched / 1 bodies
",0,[],0,0,0,0,/home/arjaiswal/Polygeist/issues/aten_c_kernels/results/aten_dot/debuf.mlir,2320,8,1,1,1052.150133997202,0,69440,81.01363852620125,2,2,0,8,"[{""body_indices"": [0], ""symbol"": ""cublasDdot""}]",1,0,0,0.0,2
aten,aten_dot,/home/arjaiswal/Polygeist/issues/aten_c_kernels/results/aten_dot/debuf.mlir,a7a0ff6ac01880a1993dca8a04eb710220cc3f510cbce4c39383cf31e512f5c1,egglog,5,ok,0,2591.197121888399,0,"[""/usr/bin/python3"", ""/home/arjaiswal/Polygeist/scripts/correctness/kernel_match_rewrite.py"", ""/home/arjaiswal/Polygeist/issues/aten_c_kernels/results/aten_dot/debuf.mlir"", ""--dry-run"", ""--matcher-mode"", ""egglog"", ""--telemetry-json"", ""/home/arjaiswal/Polygeist/issues/equality_saturation_eval/campaign_20260908/aten-aten_dot-egglog-xn0yp716.json"", ""--disable-semantic-fallback""]","== match report for /home/arjaiswal/Polygeist/issues/aten_c_kernels/results/aten_dot/debuf.mlir ==
  match          body#[0]  cublasDdot
  total: 1 matched / 1 bodies
",0,[],0,0,0,0,/home/arjaiswal/Polygeist/issues/aten_c_kernels/results/aten_dot/debuf.mlir,2320,8,1,1,1113.1272204220295,0,69408,82.33337476849556,2,2,0,8,"[{""body_indices"": [0], ""symbol"": ""cublasDdot""}]",1,0,0,0.0,2
aten,aten_dot,/home/arjaiswal/Polygeist/issues/aten_c_kernels/results/aten_dot/debuf.mlir,a7a0ff6ac01880a1993dca8a04eb710220cc3f510cbce4c39383cf31e512f5c1,syntactic,5,ok,0,3227.277185767889,0,"[""/usr/bin/python3"", ""/home/arjaiswal/Polygeist/scripts/correctness/kernel_match_rewrite.py"", ""/home/arjaiswal/Polygeist/issues/aten_c_kernels/results/aten_dot/debuf.mlir"", ""--dry-run"", ""--matcher-mode"", ""syntactic"", ""--telemetry-json"", ""/home/arjaiswal/Polygeist/issues/equality_saturation_eval/campaign_20260908/aten-aten_dot-syntactic-bhiuy3cz.json"", ""--disable-semantic-fallback""]","== match report for /home/arjaiswal/Polygeist/issues/aten_c_kernels/results/aten_dot/debuf.mlir ==
  match          body#[0]  cublasDdot
  total: 1 matched / 1 bodies
",0,[],0,0,0,0,/home/arjaiswal/Polygeist/issues/aten_c_kernels/results/aten_dot/debuf.mlir,2320,0,1,1,1237.9837669432163,0,64624,0.024139881134033203,0,2,0,0,"[{""body_indices"": [0], ""symbol"": ""cublasDdot""}]",1,0,2,0.0,2
aten,aten_dropout_feature_noise_cpu,/home/arjaiswal/Polygeist/issues/aten_c_kernels/results/aten_dropout_feature_noise_cpu/debuf.mlir,69524e69a48085698636b3973a67a073d5e30d2ff89f9f936e44aaf023fe77bb,syntactic,1,ok,0,2419.2588962614536,0,"[""/usr/bin/python3"", ""/home/arjaiswal/Polygeist/scripts/correctness/kernel_match_rewrite.py"", ""/home/arjaiswal/Polygeist/issues/aten_c_kernels/results/aten_dropout_feature_noise_cpu/debuf.mlir"", ""--dry-run"", ""--matcher-mode"", ""syntactic"", ""--telemetry-json"", ""/home/arjaiswal/Polygeist/issues/equality_saturation_eval/campaign_20260908/aten-aten_dropout_feature_noise_cpu-syntactic-lpr8z3sn.json"", ""--disable-semantic-fallback""]","== match report for /home/arjaiswal/Polygeist/issues/aten_c_kernels/results/aten_dropout_feature_noise_cpu/debuf.mlir ==
  match          body#[0]  cudnnFeatureMaskScale_f32_tensor
  total: 1 matched / 1 bodies
",0,[],0,0,0,0,/home/arjaiswal/Polygeist/issues/aten_c_kernels/results/aten_dropout_feature_noise_cpu/debuf.mlir,2813,0,1,1,874.8327866196632,0,64968,0.0,0,0,0,0,"[{""body_indices"": [0], ""symbol"": ""cudnnFeatureMaskScale_f32_tensor""}]",1,0,0,0.0,0
aten,aten_dropout_feature_noise_cpu,/home/arjaiswal/Polygeist/issues/aten_c_kernels/results/aten_dropout_feature_noise_cpu/debuf.mlir,69524e69a48085698636b3973a67a073d5e30d2ff89f9f936e44aaf023fe77bb,egglog,1,ok,0,2503.105867654085,0,"[""/usr/bin/python3"", ""/home/arjaiswal/Polygeist/scripts/correctness/kernel_match_rewrite.py"", ""/home/arjaiswal/Polygeist/issues/aten_c_kernels/results/aten_dropout_feature_noise_cpu/debuf.mlir"", ""--dry-run"", ""--matcher-mode"", ""egglog"", ""--telemetry-json"", ""/home/arjaiswal/Polygeist/issues/equality_saturation_eval/campaign_20260908/aten-aten_dropout_feature_noise_cpu-egglog-a2wrnwko.json"", ""--disable-semantic-fallback""]","== match report for /home/arjaiswal/Polygeist/issues/aten_c_kernels/results/aten_dropout_feature_noise_cpu/debuf.mlir ==
  match          body#[0]  cudnnFeatureMaskScale_f32_tensor
  total: 1 matched / 1 bodies
",0,[],0,0,0,0,/home/arjaiswal/Polygeist/issues/aten_c_kernels/results/aten_dropout_feature_noise_cpu/debuf.mlir,2813,8,1,1,948.8714747130871,0,64528,0.0,0,0,0,0,"[{""body_indices"": [0], ""symbol"": ""cudnnFeatureMaskScale_f32_tensor""}]",1,0,0,0.0,0
aten,aten_dropout_feature_noise_cpu,/home/arjaiswal/Polygeist/issues/aten_c_kernels/results/aten_dropout_feature_noise_cpu/debuf.mlir,69524e69a48085698636b3973a67a073d5e30d2ff89f9f936e44aaf023fe77bb,egglog,2,ok,0,2519.2787498235703,0,"[""/usr/bin/python3"", ""/home/arjaiswal/Polygeist/scripts/correctness/kernel_match_rewrite.py"", ""/home/arjaiswal/Polygeist/issues/aten_c_kernels/results/aten_dropout_feature_noise_cpu/debuf.mlir"", ""--dry-run"", ""--matcher-mode"", ""egglog"", ""--telemetry-json"", ""/home/arjaiswal/Polygeist/issues/equality_saturation_eval/campaign_20260908/aten-aten_dropout_feature_noise_cpu-egglog-9prnhdzq.json"", ""--disable-semantic-fallback""]","== match report for /home/arjaiswal/Polygeist/issues/aten_c_kernels/results/aten_dropout_feature_noise_cpu/debuf.mlir ==
  match          body#[0]  cudnnFeatureMaskScale_f32_tensor
  total: 1 matched / 1 bodies
",0,[],0,0,0,0,/home/arjaiswal/Polygeist/issues/aten_c_kernels/results/aten_dropout_feature_noise_cpu/debuf.mlir,2813,8,1,1,989.7457212209702,0,64848,0.0,0,0,0,0,"[{""body_indices"": [0], ""symbol"": ""cudnnFeatureMaskScale_f32_tensor""}]",1,0,0,0.0,0
aten,aten_dropout_feature_noise_cpu,/home/arjaiswal/Polygeist/issues/aten_c_kernels/results/aten_dropout_feature_noise_cpu/debuf.mlir,69524e69a48085698636b3973a67a073d5e30d2ff89f9f936e44aaf023fe77bb,syntactic,2,ok,0,2455.3656354546547,0,"[""/usr/bin/python3"", ""/home/arjaiswal/Polygeist/scripts/correctness/kernel_match_rewrite.py"", ""/home/arjaiswal/Polygeist/issues/aten_c_kernels/results/aten_dropout_feature_noise_cpu/debuf.mlir"", ""--dry-run"", ""--matcher-mode"", ""syntactic"", ""--telemetry-json"", ""/home/arjaiswal/Polygeist/issues/equality_saturation_eval/campaign_20260908/aten-aten_dropout_feature_noise_cpu-syntactic-64mp8kea.json"", ""--disable-semantic-fallback""]","== match report for /home/arjaiswal/Polygeist/issues/aten_c_kernels/results/aten_dropout_feature_noise_cpu/debuf.mlir ==
  match          body#[0]  cudnnFeatureMaskScale_f32_tensor
  total: 1 matched / 1 bodies
",0,[],0,0,0,0,/home/arjaiswal/Polygeist/issues/aten_c_kernels/results/aten_dropout_feature_noise_cpu/debuf.mlir,2813,0,1,1,993.7965013086796,0,64944,0.0,0,0,0,0,"[{""body_indices"": [0], ""symbol"": ""cudnnFeatureMaskScale_f32_tensor""}]",1,0,0,0.0,0
aten,aten_dropout_feature_noise_cpu,/home/arjaiswal/Polygeist/issues/aten_c_kernels/results/aten_dropout_feature_noise_cpu/debuf.mlir,69524e69a48085698636b3973a67a073d5e30d2ff89f9f936e44aaf023fe77bb,syntactic,3,ok,0,1754.8827901482582,0,"[""/usr/bin/python3"", ""/home/arjaiswal/Polygeist/scripts/correctness/kernel_match_rewrite.py"", ""/home/arjaiswal/Polygeist/issues/aten_c_kernels/results/aten_dropout_feature_noise_cpu/debuf.mlir"", ""--dry-run"", ""--matcher-mode"", ""syntactic"", ""--telemetry-json"", ""/home/arjaiswal/Polygeist/issues/equality_saturation_eval/campaign_20260908/aten-aten_dropout_feature_noise_cpu-syntactic-1zjoa0wk.json"", ""--disable-semantic-fallback""]","== match report for /home/arjaiswal/Polygeist/issues/aten_c_kernels/results/aten_dropout_feature_noise_cpu/debuf.mlir ==
  match          body#[0]  cudnnFeatureMaskScale_f32_tensor
  total: 1 matched / 1 bodies
",0,[],0,0,0,0,/home/arjaiswal/Polygeist/issues/aten_c_kernels/results/aten_dropout_feature_noise_cpu/debuf.mlir,2813,0,1,1,367.57462099194527,0,64792,0.0,0,0,0,0,"[{""body_indices"": [0], ""symbol"": ""cudnnFeatureMaskScale_f32_tensor""}]",1,0,0,0.0,0
aten,aten_dropout_feature_noise_cpu,/home/arjaiswal/Polygeist/issues/aten_c_kernels/results/aten_dropout_feature_noise_cpu/debuf.mlir,69524e69a48085698636b3973a67a073d5e30d2ff89f9f936e44aaf023fe77bb,egglog,3,ok,0,1393.1306302547455,0,"[""/usr/bin/python3"", ""/home/arjaiswal/Polygeist/scripts/correctness/kernel_match_rewrite.py"", ""/home/arjaiswal/Polygeist/issues/aten_c_kernels/results/aten_dropout_feature_noise_cpu/debuf.mlir"", ""--dry-run"", ""--matcher-mode"", ""egglog"", ""--telemetry-json"", ""/home/arjaiswal/Polygeist/issues/equality_saturation_eval/campaign_20260908/aten-aten_dropout_feature_noise_cpu-egglog-mueg1fqy.json"", ""--disable-semantic-fallback""]","== match report for /home/arjaiswal/Polygeist/issues/aten_c_kernels/results/aten_dropout_feature_noise_cpu/debuf.mlir ==
  match          body#[0]  cudnnFeatureMaskScale_f32_tensor
  total: 1 matched / 1 bodies
",0,[],0,0,0,0,/home/arjaiswal/Polygeist/issues/aten_c_kernels/results/aten_dropout_feature_noise_cpu/debuf.mlir,2813,8,1,1,577.5853842496872,0,64768,0.0,0,0,0,0,"[{""body_indices"": [0], ""symbol"": ""cudnnFeatureMaskScale_f32_tensor""}]",1,0,0,0.0,0
aten,aten_dropout_feature_noise_cpu,/home/arjaiswal/Polygeist/issues/aten_c_kernels/results/aten_dropout_feature_noise_cpu/debuf.mlir,69524e69a48085698636b3973a67a073d5e30d2ff89f9f936e44aaf023fe77bb,egglog,4,ok,0,1324.027955532074,0,"[""/usr/bin/python3"", ""/home/arjaiswal/Polygeist/scripts/correctness/kernel_match_rewrite.py"", ""/home/arjaiswal/Polygeist/issues/aten_c_kernels/results/aten_dropout_feature_noise_cpu/debuf.mlir"", ""--dry-run"", ""--matcher-mode"", ""egglog"", ""--telemetry-json"", ""/home/arjaiswal/Polygeist/issues/equality_saturation_eval/campaign_20260908/aten-aten_dropout_feature_noise_cpu-egglog-hvk8ilq4.json"", ""--disable-semantic-fallback""]","== match report for /home/arjaiswal/Polygeist/issues/aten_c_kernels/results/aten_dropout_feature_noise_cpu/debuf.mlir ==
  match          body#[0]  cudnnFeatureMaskScale_f32_tensor
  total: 1 matched / 1 bodies
",0,[],0,0,0,0,/home/arjaiswal/Polygeist/issues/aten_c_kernels/results/aten_dropout_feature_noise_cpu/debuf.mlir,2813,8,1,1,428.77403274178505,0,64704,0.0,0,0,0,0,"[{""body_indices"": [0], ""symbol"": ""cudnnFeatureMaskScale_f32_tensor""}]",1,0,0,0.0,0
aten,aten_dropout_feature_noise_cpu,/home/arjaiswal/Polygeist/issues/aten_c_kernels/results/aten_dropout_feature_noise_cpu/debuf.mlir,69524e69a48085698636b3973a67a073d5e30d2ff89f9f936e44aaf023fe77bb,syntactic,4,ok,0,2400.6015956401825,0,"[""/usr/bin/python3"", ""/home/arjaiswal/Polygeist/scripts/correctness/kernel_match_rewrite.py"", ""/home/arjaiswal/Polygeist/issues/aten_c_kernels/results/aten_dropout_feature_noise_cpu/debuf.mlir"", ""--dry-run"", ""--matcher-mode"", ""syntactic"", ""--telemetry-json"", ""/home/arjaiswal/Polygeist/issues/equality_saturation_eval/campaign_20260908/aten-aten_dropout_feature_noise_cpu-syntactic-ny2a18lv.json"", ""--disable-semantic-fallback""]","== match report for /home/arjaiswal/Polygeist/issues/aten_c_kernels/results/aten_dropout_feature_noise_cpu/debuf.mlir ==
  match          body#[0]  cudnnFeatureMaskScale_f32_tensor
  total: 1 matched / 1 bodies
",0,[],0,0,0,0,/home/arjaiswal/Polygeist/issues/aten_c_kernels/results/aten_dropout_feature_noise_cpu/debuf.mlir,2813,0,1,1,921.4639514684677,0,64776,0.0,0,0,0,0,"[{""body_indices"": [0], ""symbol"": ""cudnnFeatureMaskScale_f32_tensor""}]",1,0,0,0.0,0
aten,aten_dropout_feature_noise_cpu,/home/arjaiswal/Polygeist/issues/aten_c_kernels/results/aten_dropout_feature_noise_cpu/debuf.mlir,69524e69a48085698636b3973a67a073d5e30d2ff89f9f936e44aaf023fe77bb,syntactic,5,ok,0,2320.601988583803,0,"[""/usr/bin/python3"", ""/home/arjaiswal/Polygeist/scripts/correctness/kernel_match_rewrite.py"", ""/home/arjaiswal/Polygeist/issues/aten_c_kernels/results/aten_dropout_feature_noise_cpu/debuf.mlir"", ""--dry-run"", ""--matcher-mode"", ""syntactic"", ""--telemetry-json"", ""/home/arjaiswal/Polygeist/issues/equality_saturation_eval/campaign_20260908/aten-aten_dropout_feature_noise_cpu-syntactic-l5pvhthv.json"", ""--disable-semantic-fallback""]","== match report for /home/arjaiswal/Polygeist/issues/aten_c_kernels/results/aten_dropout_feature_noise_cpu/debuf.mlir ==
  match          body#[0]  cudnnFeatureMaskScale_f32_tensor
  total: 1 matched / 1 bodies
",0,[],0,0,0,0,/home/arjaiswal/Polygeist/issues/aten_c_kernels/results/aten_dropout_feature_noise_cpu/debuf.mlir,2813,0,1,1,841.5948674082756,0,64676,0.0,0,0,0,0,"[{""body_indices"": [0], ""symbol"": ""cudnnFeatureMaskScale_f32_tensor""}]",1,0,0,0.0,0
aten,aten_dropout_feature_noise_cpu,/home/arjaiswal/Polygeist/issues/aten_c_kernels/results/aten_dropout_feature_noise_cpu/debuf.mlir,69524e69a48085698636b3973a67a073d5e30d2ff89f9f936e44aaf023fe77bb,egglog,5,ok,0,2443.617183715105,0,"[""/usr/bin/python3"", ""/home/arjaiswal/Polygeist/scripts/correctness/kernel_match_rewrite.py"", ""/home/arjaiswal/Polygeist/issues/aten_c_kernels/results/aten_dropout_feature_noise_cpu/debuf.mlir"", ""--dry-run"", ""--matcher-mode"", ""egglog"", ""--telemetry-json"", ""/home/arjaiswal/Polygeist/issues/equality_saturation_eval/campaign_20260908/aten-aten_dropout_feature_noise_cpu-egglog-ibe7b1x2.json"", ""--disable-semantic-fallback""]","== match report for /home/arjaiswal/Polygeist/issues/aten_c_kernels/results/aten_dropout_feature_noise_cpu/debuf.mlir ==
  match          body#[0]  cudnnFeatureMaskScale_f32_tensor
  total: 1 matched / 1 bodies
",0,[],0,0,0,0,/home/arjaiswal/Polygeist/issues/aten_c_kernels/results/aten_dropout_feature_noise_cpu/debuf.mlir,2813,8,1,1,923.1121204793453,0,64892,0.0,0,0,0,0,"[{""body_indices"": [0], ""symbol"": ""cudnnFeatureMaskScale_f32_tensor""}]",1,0,0,0.0,0
aten,aten_dyn_quant_matmul_4bit_cpu,/home/arjaiswal/Polygeist/issues/aten_c_kernels/results/aten_dyn_quant_matmul_4bit_cpu/debuf.mlir,90e219a6c36442cd60450dcebb6988821111ee6a48b1e54068cc9fc42ce0c786,egglog,1,ok,0,2393.168669193983,0,"[""/usr/bin/python3"", ""/home/arjaiswal/Polygeist/scripts/correctness/kernel_match_rewrite.py"", ""/home/arjaiswal/Polygeist/issues/aten_c_kernels/results/aten_dyn_quant_matmul_4bit_cpu/debuf.mlir"", ""--dry-run"", ""--matcher-mode"", ""egglog"", ""--telemetry-json"", ""/home/arjaiswal/Polygeist/issues/equality_saturation_eval/campaign_20260908/aten-aten_dyn_quant_matmul_4bit_cpu-egglog-jhn3vdnx.json"", ""--disable-semantic-fallback""]","== match report for /home/arjaiswal/Polygeist/issues/aten_c_kernels/results/aten_dyn_quant_matmul_4bit_cpu/debuf.mlir ==
  match          body#[0]  memset_zero_1D_f32
  no_match       body#1  ?
  total: 1 matched / 2 bodies
",0,[],0,0,0,0,/home/arjaiswal/Polygeist/issues/aten_c_kernels/results/aten_dyn_quant_matmul_4bit_cpu/debuf.mlir,4685,8,2,1,1443.6205066740513,1,70612,432.403065264225,20,20,0,0,"[{""body_indices"": [0], ""symbol"": ""memset_zero_1D_f32""}]",1,0,0,0.0,38
aten,aten_dyn_quant_matmul_4bit_cpu,/home/arjaiswal/Polygeist/issues/aten_c_kernels/results/aten_dyn_quant_matmul_4bit_cpu/debuf.mlir,90e219a6c36442cd60450dcebb6988821111ee6a48b1e54068cc9fc42ce0c786,syntactic,1,ok,0,1999.434806406498,0,"[""/usr/bin/python3"", ""/home/arjaiswal/Polygeist/scripts/correctness/kernel_match_rewrite.py"", ""/home/arjaiswal/Polygeist/issues/aten_c_kernels/results/aten_dyn_quant_matmul_4bit_cpu/debuf.mlir"", ""--dry-run"", ""--matcher-mode"", ""syntactic"", ""--telemetry-json"", ""/home/arjaiswal/Polygeist/issues/equality_saturation_eval/campaign_20260908/aten-aten_dyn_quant_matmul_4bit_cpu-syntactic-i3ktc0gr.json"", ""--disable-semantic-fallback""]","== match report for /home/arjaiswal/Polygeist/issues/aten_c_kernels/results/aten_dyn_quant_matmul_4bit_cpu/debuf.mlir ==
  match          body#[0]  memset_zero_1D_f32
  no_match       body#1  ?
  total: 1 matched / 2 bodies
",0,[],0,0,0,0,/home/arjaiswal/Polygeist/issues/aten_c_kernels/results/aten_dyn_quant_matmul_4bit_cpu/debuf.mlir,4685,0,2,1,983.272559940815,1,66412,0.2490803599357605,0,20,0,0,"[{""body_indices"": [0], ""symbol"": ""memset_zero_1D_f32""}]",1,0,38,0.0,38
aten,aten_dyn_quant_matmul_4bit_cpu,/home/arjaiswal/Polygeist/issues/aten_c_kernels/results/aten_dyn_quant_matmul_4bit_cpu/debuf.mlir,90e219a6c36442cd60450dcebb6988821111ee6a48b1e54068cc9fc42ce0c786,syntactic,2,ok,0,3876.2713745236397,0,"[""/usr/bin/python3"", ""/home/arjaiswal/Polygeist/scripts/correctness/kernel_match_rewrite.py"", ""/home/arjaiswal/Polygeist/issues/aten_c_kernels/results/aten_dyn_quant_matmul_4bit_cpu/debuf.mlir"", ""--dry-run"", ""--matcher-mode"", ""syntactic"", ""--telemetry-json"", ""/home/arjaiswal/Polygeist/issues/equality_saturation_eval/campaign_20260908/aten-aten_dyn_quant_matmul_4bit_cpu-syntactic-ot6shug4.json"", ""--disable-semantic-fallback""]","== match report for /home/arjaiswal/Polygeist/issues/aten_c_kernels/results/aten_dyn_quant_matmul_4bit_cpu/debuf.mlir ==
  match          body#[0]  memset_zero_1D_f32
  no_match       body#1  ?
  total: 1 matched / 2 bodies
",0,[],0,0,0,0,/home/arjaiswal/Polygeist/issues/aten_c_kernels/results/aten_dyn_quant_matmul_4bit_cpu/debuf.mlir,4685,0,2,1,2100.27938708663,1,66560,0.25622546672821045,0,20,0,0,"[{""body_indices"": [0], ""symbol"": ""memset_zero_1D_f32""}]",1,0,38,0.0,38
aten,aten_dyn_quant_matmul_4bit_cpu,/home/arjaiswal/Polygeist/issues/aten_c_kernels/results/aten_dyn_quant_matmul_4bit_cpu/debuf.mlir,90e219a6c36442cd60450dcebb6988821111ee6a48b1e54068cc9fc42ce0c786,egglog,2,ok,0,3803.2665699720383,0,"[""/usr/bin/python3"", ""/home/arjaiswal/Polygeist/scripts/correctness/kernel_match_rewrite.py"", ""/home/arjaiswal/Polygeist/issues/aten_c_kernels/results/aten_dyn_quant_matmul_4bit_cpu/debuf.mlir"", ""--dry-run"", ""--matcher-mode"", ""egglog"", ""--telemetry-json"", ""/home/arjaiswal/Polygeist/issues/equality_saturation_eval/campaign_20260908/aten-aten_dyn_quant_matmul_4bit_cpu-egglog-s66_ny2c.json"", ""--disable-semantic-fallback""]","== match report for /home/arjaiswal/Polygeist/issues/aten_c_kernels/results/aten_dyn_quant_matmul_4bit_cpu/debuf.mlir ==
  match          body#[0]  memset_zero_1D_f32
  no_match       body#1  ?
  total: 1 matched / 2 bodies
",0,[],0,0,0,0,/home/arjaiswal/Polygeist/issues/aten_c_kernels/results/aten_dyn_quant_matmul_4bit_cpu/debuf.mlir,4685,8,2,1,2301.3463839888573,1,70720,687.1581636369228,20,20,0,0,"[{""body_indices"": [0], ""symbol"": ""memset_zero_1D_f32""}]",1,0,0,0.0,38
aten,aten_dyn_quant_matmul_4bit_cpu,/home/arjaiswal/Polygeist/issues/aten_c_kernels/results/aten_dyn_quant_matmul_4bit_cpu/debuf.mlir,90e219a6c36442cd60450dcebb6988821111ee6a48b1e54068cc9fc42ce0c786,egglog,3,ok,0,1354.909561574459,0,"[""/usr/bin/python3"", ""/home/arjaiswal/Polygeist/scripts/correctness/kernel_match_rewrite.py"", ""/home/arjaiswal/Polygeist/issues/aten_c_kernels/results/aten_dyn_quant_matmul_4bit_cpu/debuf.mlir"", ""--dry-run"", ""--matcher-mode"", ""egglog"", ""--telemetry-json"", ""/home/arjaiswal/Polygeist/issues/equality_saturation_eval/campaign_20260908/aten-aten_dyn_quant_matmul_4bit_cpu-egglog-lgvk0o9u.json"", ""--disable-semantic-fallback""]","== match report for /home/arjaiswal/Polygeist/issues/aten_c_kernels/results/aten_dyn_quant_matmul_4bit_cpu/debuf.mlir ==
  match          body#[0]  memset_zero_1D_f32
  no_match       body#1  ?
  total: 1 matched / 2 bodies
",0,[],0,0,0,0,/home/arjaiswal/Polygeist/issues/aten_c_kernels/results/aten_dyn_quant_matmul_4bit_cpu/debuf.mlir,4685,8,2,1,705.9468738734722,1,70484,221.77115455269814,20,20,0,0,"[{""body_indices"": [0], ""symbol"": ""memset_zero_1D_f32""}]",1,0,0,0.0,38
aten,aten_dyn_quant_matmul_4bit_cpu,/home/arjaiswal/Polygeist/issues/aten_c_kernels/results/aten_dyn_quant_matmul_4bit_cpu/debuf.mlir,90e219a6c36442cd60450dcebb6988821111ee6a48b1e54068cc9fc42ce0c786,syntactic,3,ok,0,2468.003783375025,0,"[""/usr/bin/python3"", ""/home/arjaiswal/Polygeist/scripts/correctness/kernel_match_rewrite.py"", ""/home/arjaiswal/Polygeist/issues/aten_c_kernels/results/aten_dyn_quant_matmul_4bit_cpu/debuf.mlir"", ""--dry-run"", ""--matcher-mode"", ""syntactic"", ""--telemetry-json"", ""/home/arjaiswal/Polygeist/issues/equality_saturation_eval/campaign_20260908/aten-aten_dyn_quant_matmul_4bit_cpu-syntactic-mo1ocak7.json"", ""--disable-semantic-fallback""]","== match report for /home/arjaiswal/Polygeist/issues/aten_c_kernels/results/aten_dyn_quant_matmul_4bit_cpu/debuf.mlir ==
  match          body#[0]  memset_zero_1D_f32
  no_match       body#1  ?
  total: 1 matched / 2 bodies
",0,[],0,0,0,0,/home/arjaiswal/Polygeist/issues/aten_c_kernels/results/aten_dyn_quant_matmul_4bit_cpu/debuf.mlir,4685,0,2,1,1320.0676292181015,1,66556,0.2534836530685425,0,20,0,0,"[{""body_indices"": [0], ""symbol"": ""memset_zero_1D_f32""}]",1,0,38,0.0,38
aten,aten_dyn_quant_matmul_4bit_cpu,/home/arjaiswal/Polygeist/issues/aten_c_kernels/results/aten_dyn_quant_matmul_4bit_cpu/debuf.mlir,90e219a6c36442cd60450dcebb6988821111ee6a48b1e54068cc9fc42ce0c786,syntactic,4,ok,0,1377.2115148603916,0,"[""/usr/bin/python3"", ""/home/arjaiswal/Polygeist/scripts/correctness/kernel_match_rewrite.py"", ""/home/arjaiswal/Polygeist/issues/aten_c_kernels/results/aten_dyn_quant_matmul_4bit_cpu/debuf.mlir"", ""--dry-run"", ""--matcher-mode"", ""syntactic"", ""--telemetry-json"", ""/home/arjaiswal/Polygeist/issues/equality_saturation_eval/campaign_20260908/aten-aten_dyn_quant_matmul_4bit_cpu-syntactic-_oa4ellp.json"", ""--disable-semantic-fallback""]","== match report for /home/arjaiswal/Polygeist/issues/aten_c_kernels/results/aten_dyn_quant_matmul_4bit_cpu/debuf.mlir ==
  match          body#[0]  memset_zero_1D_f32
  no_match       body#1  ?
  total: 1 matched / 2 bodies
",0,[],0,0,0,0,/home/arjaiswal/Polygeist/issues/aten_c_kernels/results/aten_dyn_quant_matmul_4bit_cpu/debuf.mlir,4685,0,2,1,479.7176718711853,1,66700,0.20254775881767273,0,20,0,0,"[{""body_indices"": [0], ""symbol"": ""memset_zero_1D_f32""}]",1,0,38,0.0,38
aten,aten_dyn_quant_matmul_4bit_cpu,/home/arjaiswal/Polygeist/issues/aten_c_kernels/results/aten_dyn_quant_matmul_4bit_cpu/debuf.mlir,90e219a6c36442cd60450dcebb6988821111ee6a48b1e54068cc9fc42ce0c786,egglog,4,ok,0,3876.086711883545,0,"[""/usr/bin/python3"", ""/home/arjaiswal/Polygeist/scripts/correctness/kernel_match_rewrite.py"", ""/home/arjaiswal/Polygeist/issues/aten_c_kernels/results/aten_dyn_quant_matmul_4bit_cpu/debuf.mlir"", ""--dry-run"", ""--matcher-mode"", ""egglog"", ""--telemetry-json"", ""/home/arjaiswal/Polygeist/issues/equality_saturation_eval/campaign_20260908/aten-aten_dyn_quant_matmul_4bit_cpu-egglog-luyqv30a.json"", ""--disable-semantic-fallback""]","== match report for /home/arjaiswal/Polygeist/issues/aten_c_kernels/results/aten_dyn_quant_matmul_4bit_cpu/debuf.mlir ==
  match          body#[0]  memset_zero_1D_f32
  no_match       body#1  ?
  total: 1 matched / 2 bodies
",0,[],0,0,0,0,/home/arjaiswal/Polygeist/issues/aten_c_kernels/results/aten_dyn_quant_matmul_4bit_cpu/debuf.mlir,4685,8,2,1,2298.5120862722397,1,70680,615.2181662619114,20,20,0,0,"[{""body_indices"": [0], ""symbol"": ""memset_zero_1D_f32""}]",1,0,0,0.0,38
aten,aten_dyn_quant_matmul_4bit_cpu,/home/arjaiswal/Polygeist/issues/aten_c_kernels/results/aten_dyn_quant_matmul_4bit_cpu/debuf.mlir,90e219a6c36442cd60450dcebb6988821111ee6a48b1e54068cc9fc42ce0c786,egglog,5,ok,0,4107.386041432619,0,"[""/usr/bin/python3"", ""/home/arjaiswal/Polygeist/scripts/correctness/kernel_match_rewrite.py"", ""/home/arjaiswal/Polygeist/issues/aten_c_kernels/results/aten_dyn_quant_matmul_4bit_cpu/debuf.mlir"", ""--dry-run"", ""--matcher-mode"", ""egglog"", ""--telemetry-json"", ""/home/arjaiswal/Polygeist/issues/equality_saturation_eval/campaign_20260908/aten-aten_dyn_quant_matmul_4bit_cpu-egglog-w6kmzj4z.json"", ""--disable-semantic-fallback""]","== match report for /home/arjaiswal/Polygeist/issues/aten_c_kernels/results/aten_dyn_quant_matmul_4bit_cpu/debuf.mlir ==
  match          body#[0]  memset_zero_1D_f32
  no_match       body#1  ?
  total: 1 matched / 2 bodies
",0,[],0,0,0,0,/home/arjaiswal/Polygeist/issues/aten_c_kernels/results/aten_dyn_quant_matmul_4bit_cpu/debuf.mlir,4685,8,2,1,2362.3602613806725,1,70556,664.3343679606915,20,20,0,0,"[{""body_indices"": [0], ""symbol"": ""memset_zero_1D_f32""}]",1,0,0,0.0,38
aten,aten_dyn_quant_matmul_4bit_cpu,/home/arjaiswal/Polygeist/issues/aten_c_kernels/results/aten_dyn_quant_matmul_4bit_cpu/debuf.mlir,90e219a6c36442cd60450dcebb6988821111ee6a48b1e54068cc9fc42ce0c786,syntactic,5,ok,0,1841.0860300064087,0,"[""/usr/bin/python3"", ""/home/arjaiswal/Polygeist/scripts/correctness/kernel_match_rewrite.py"", ""/home/arjaiswal/Polygeist/issues/aten_c_kernels/results/aten_dyn_quant_matmul_4bit_cpu/debuf.mlir"", ""--dry-run"", ""--matcher-mode"", ""syntactic"", ""--telemetry-json"", ""/home/arjaiswal/Polygeist/issues/equality_saturation_eval/campaign_20260908/aten-aten_dyn_quant_matmul_4bit_cpu-syntactic-8sfwbufs.json"", ""--disable-semantic-fallback""]","== match report for /home/arjaiswal/Polygeist/issues/aten_c_kernels/results/aten_dyn_quant_matmul_4bit_cpu/debuf.mlir ==
  match          body#[0]  memset_zero_1D_f32
  no_match       body#1  ?
  total: 1 matched / 2 bodies
",0,[],0,0,0,0,/home/arjaiswal/Polygeist/issues/aten_c_kernels/results/aten_dyn_quant_matmul_4bit_cpu/debuf.mlir,4685,0,2,1,1038.0843617022038,1,66460,0.2484545111656189,0,20,0,0,"[{""body_indices"": [0], ""symbol"": ""memset_zero_1D_f32""}]",1,0,38,0.0,38
aten,aten_dyn_quant_pack_4bit_weight_cpu,/home/arjaiswal/Polygeist/issues/aten_c_kernels/results/aten_dyn_quant_pack_4bit_weight_cpu/debuf.mlir,e92fbcef1cff4acdc560636d1f6e0ea989318320476d9fb60953a8902da82696,syntactic,1,ok,0,1683.5276149213314,0,"[""/usr/bin/python3"", ""/home/arjaiswal/Polygeist/scripts/correctness/kernel_match_rewrite.py"", ""/home/arjaiswal/Polygeist/issues/aten_c_kernels/results/aten_dyn_quant_pack_4bit_weight_cpu/debuf.mlir"", ""--dry-run"", ""--matcher-mode"", ""syntactic"", ""--telemetry-json"", ""/home/arjaiswal/Polygeist/issues/equality_saturation_eval/campaign_20260908/aten-aten_dyn_quant_pack_4bit_weight_cpu-syntactic-l258vkau.json"", ""--disable-semantic-fallback""]","== match report for /home/arjaiswal/Polygeist/issues/aten_c_kernels/results/aten_dyn_quant_pack_4bit_weight_cpu/debuf.mlir ==
  match          body#[0]  cudnnReduceMinMax_f32
  total: 1 matched / 1 bodies
",0,[],0,0,0,0,/home/arjaiswal/Polygeist/issues/aten_c_kernels/results/aten_dyn_quant_pack_4bit_weight_cpu/debuf.mlir,6539,0,1,1,694.578617811203,0,65504,0.08475035429000854,0,4,0,0,"[{""body_indices"": [0], ""symbol"": ""cudnnReduceMinMax_f32""}]",1,0,6,0.0,6
aten,aten_dyn_quant_pack_4bit_weight_cpu,/home/arjaiswal/Polygeist/issues/aten_c_kernels/results/aten_dyn_quant_pack_4bit_weight_cpu/debuf.mlir,e92fbcef1cff4acdc560636d1f6e0ea989318320476d9fb60953a8902da82696,egglog,1,ok,0,2044.1715121269226,0,"[""/usr/bin/python3"", ""/home/arjaiswal/Polygeist/scripts/correctness/kernel_match_rewrite.py"", ""/home/arjaiswal/Polygeist/issues/aten_c_kernels/results/aten_dyn_quant_pack_4bit_weight_cpu/debuf.mlir"", ""--dry-run"", ""--matcher-mode"", ""egglog"", ""--telemetry-json"", ""/home/arjaiswal/Polygeist/issues/equality_saturation_eval/campaign_20260908/aten-aten_dyn_quant_pack_4bit_weight_cpu-egglog-22b21bvb.json"", ""--disable-semantic-fallback""]","== match report for /home/arjaiswal/Polygeist/issues/aten_c_kernels/results/aten_dyn_quant_pack_4bit_weight_cpu/debuf.mlir ==
  match          body#[0]  cudnnReduceMinMax_f32
  total: 1 matched / 1 bodies
",0,[],0,0,0,0,/home/arjaiswal/Polygeist/issues/aten_c_kernels/results/aten_dyn_quant_pack_4bit_weight_cpu/debuf.mlir,6539,8,1,1,1005.272526293993,0,69632,92.77686849236488,4,4,0,0,"[{""body_indices"": [0], ""symbol"": ""cudnnReduceMinMax_f32""}]",1,0,0,0.0,6
aten,aten_dyn_quant_pack_4bit_weight_cpu,/home/arjaiswal/Polygeist/issues/aten_c_kernels/results/aten_dyn_quant_pack_4bit_weight_cpu/debuf.mlir,e92fbcef1cff4acdc560636d1f6e0ea989318320476d9fb60953a8902da82696,egglog,2,ok,0,995.2713325619698,0,"[""/usr/bin/python3"", ""/home/arjaiswal/Polygeist/scripts/correctness/kernel_match_rewrite.py"", ""/home/arjaiswal/Polygeist/issues/aten_c_kernels/results/aten_dyn_quant_pack_4bit_weight_cpu/debuf.mlir"", ""--dry-run"", ""--matcher-mode"", ""egglog"", ""--telemetry-json"", ""/home/arjaiswal/Polygeist/issues/equality_saturation_eval/campaign_20260908/aten-aten_dyn_quant_pack_4bit_weight_cpu-egglog-bx1q8q14.json"", ""--disable-semantic-fallback""]","== match report for /home/arjaiswal/Polygeist/issues/aten_c_kernels/results/aten_dyn_quant_pack_4bit_weight_cpu/debuf.mlir ==
  match          body#[0]  cudnnReduceMinMax_f32
  total: 1 matched / 1 bodies
",0,[],0,0,0,0,/home/arjaiswal/Polygeist/issues/aten_c_kernels/results/aten_dyn_quant_pack_4bit_weight_cpu/debuf.mlir,6539,8,1,1,368.4186302125454,0,69744,56.99603632092476,4,4,0,0,"[{""body_indices"": [0], ""symbol"": ""cudnnReduceMinMax_f32""}]",1,0,0,0.0,6
aten,aten_dyn_quant_pack_4bit_weight_cpu,/home/arjaiswal/Polygeist/issues/aten_c_kernels/results/aten_dyn_quant_pack_4bit_weight_cpu/debuf.mlir,e92fbcef1cff4acdc560636d1f6e0ea989318320476d9fb60953a8902da82696,syntactic,2,ok,0,1070.4632364213467,0,"[""/usr/bin/python3"", ""/home/arjaiswal/Polygeist/scripts/correctness/kernel_match_rewrite.py"", ""/home/arjaiswal/Polygeist/issues/aten_c_kernels/results/aten_dyn_quant_pack_4bit_weight_cpu/debuf.mlir"", ""--dry-run"", ""--matcher-mode"", ""syntactic"", ""--telemetry-json"", ""/home/arjaiswal/Polygeist/issues/equality_saturation_eval/campaign_20260908/aten-aten_dyn_quant_pack_4bit_weight_cpu-syntactic-qv6rsyrl.json"", ""--disable-semantic-fallback""]","== match report for /home/arjaiswal/Polygeist/issues/aten_c_kernels/results/aten_dyn_quant_pack_4bit_weight_cpu/debuf.mlir ==
  match          body#[0]  cudnnReduceMinMax_f32
  total: 1 matched / 1 bodies
",0,[],0,0,0,0,/home/arjaiswal/Polygeist/issues/aten_c_kernels/results/aten_dyn_quant_pack_4bit_weight_cpu/debuf.mlir,6539,0,1,1,423.70542138814926,0,65636,0.05359575152397156,0,4,0,0,"[{""body_indices"": [0], ""symbol"": ""cudnnReduceMinMax_f32""}]",1,0,6,0.0,6
aten,aten_dyn_quant_pack_4bit_weight_cpu,/home/arjaiswal/Polygeist/issues/aten_c_kernels/results/aten_dyn_quant_pack_4bit_weight_cpu/debuf.mlir,e92fbcef1cff4acdc560636d1f6e0ea989318320476d9fb60953a8902da82696,syntactic,3,ok,0,840.3507955372334,0,"[""/usr/bin/python3"", ""/home/arjaiswal/Polygeist/scripts/correctness/kernel_match_rewrite.py"", ""/home/arjaiswal/Polygeist/issues/aten_c_kernels/results/aten_dyn_quant_pack_4bit_weight_cpu/debuf.mlir"", ""--dry-run"", ""--matcher-mode"", ""syntactic"", ""--telemetry-json"", ""/home/arjaiswal/Polygeist/issues/equality_saturation_eval/campaign_20260908/aten-aten_dyn_quant_pack_4bit_weight_cpu-syntactic-qvmn4jbq.json"", ""--disable-semantic-fallback""]","== match report for /home/arjaiswal/Polygeist/issues/aten_c_kernels/results/aten_dyn_quant_pack_4bit_weight_cpu/debuf.mlir ==
  match          body#[0]  cudnnReduceMinMax_f32
  total: 1 matched / 1 bodies
",0,[],0,0,0,0,/home/arjaiswal/Polygeist/issues/aten_c_kernels/results/aten_dyn_quant_pack_4bit_weight_cpu/debuf.mlir,6539,0,1,1,318.8815489411354,0,65712,0.05702301859855652,0,4,0,0,"[{""body_indices"": [0], ""symbol"": ""cudnnReduceMinMax_f32""}]",1,0,6,0.0,6
aten,aten_dyn_quant_pack_4bit_weight_cpu,/home/arjaiswal/Polygeist/issues/aten_c_kernels/results/aten_dyn_quant_pack_4bit_weight_cpu/debuf.mlir,e92fbcef1cff4acdc560636d1f6e0ea989318320476d9fb60953a8902da82696,egglog,3,ok,0,1585.1356536149979,0,"[""/usr/bin/python3"", ""/home/arjaiswal/Polygeist/scripts/correctness/kernel_match_rewrite.py"", ""/home/arjaiswal/Polygeist/issues/aten_c_kernels/results/aten_dyn_quant_pack_4bit_weight_cpu/debuf.mlir"", ""--dry-run"", ""--matcher-mode"", ""egglog"", ""--telemetry-json"", ""/home/arjaiswal/Polygeist/issues/equality_saturation_eval/campaign_20260908/aten-aten_dyn_quant_pack_4bit_weight_cpu-egglog-hlu6sza8.json"", ""--disable-semantic-fallback""]","== match report for /home/arjaiswal/Polygeist/issues/aten_c_kernels/results/aten_dyn_quant_pack_4bit_weight_cpu/debuf.mlir ==
  match          body#[0]  cudnnReduceMinMax_f32
  total: 1 matched / 1 bodies
",0,[],0,0,0,0,/home/arjaiswal/Polygeist/issues/aten_c_kernels/results/aten_dyn_quant_pack_4bit_weight_cpu/debuf.mlir,6539,8,1,1,797.8585064411163,0,69800,143.82749050855637,4,4,0,0,"[{""body_indices"": [0], ""symbol"": ""cudnnReduceMinMax_f32""}]",1,0,0,0.0,6
aten,aten_dyn_quant_pack_4bit_weight_cpu,/home/arjaiswal/Polygeist/issues/aten_c_kernels/results/aten_dyn_quant_pack_4bit_weight_cpu/debuf.mlir,e92fbcef1cff4acdc560636d1f6e0ea989318320476d9fb60953a8902da82696,egglog,4,ok,0,2215.8663161098957,0,"[""/usr/bin/python3"", ""/home/arjaiswal/Polygeist/scripts/correctness/kernel_match_rewrite.py"", ""/home/arjaiswal/Polygeist/issues/aten_c_kernels/results/aten_dyn_quant_pack_4bit_weight_cpu/debuf.mlir"", ""--dry-run"", ""--matcher-mode"", ""egglog"", ""--telemetry-json"", ""/home/arjaiswal/Polygeist/issues/equality_saturation_eval/campaign_20260908/aten-aten_dyn_quant_pack_4bit_weight_cpu-egglog-4oki1zwg.json"", ""--disable-semantic-fallback""]","== match report for /home/arjaiswal/Polygeist/issues/aten_c_kernels/results/aten_dyn_quant_pack_4bit_weight_cpu/debuf.mlir ==
  match          body#[0]  cudnnReduceMinMax_f32
  total: 1 matched / 1 bodies
",0,[],0,0,0,0,/home/arjaiswal/Polygeist/issues/aten_c_kernels/results/aten_dyn_quant_pack_4bit_weight_cpu/debuf.mlir,6539,8,1,1,1063.4954012930393,0,69856,75.88083669543266,4,4,0,0,"[{""body_indices"": [0], ""symbol"": ""cudnnReduceMinMax_f32""}]",1,0,0,0.0,6
aten,aten_dyn_quant_pack_4bit_weight_cpu,/home/arjaiswal/Polygeist/issues/aten_c_kernels/results/aten_dyn_quant_pack_4bit_weight_cpu/debuf.mlir,e92fbcef1cff4acdc560636d1f6e0ea989318320476d9fb60953a8902da82696,syntactic,4,ok,0,2057.702351361513,0,"[""/usr/bin/python3"", ""/home/arjaiswal/Polygeist/scripts/correctness/kernel_match_rewrite.py"", ""/home/arjaiswal/Polygeist/issues/aten_c_kernels/results/aten_dyn_quant_pack_4bit_weight_cpu/debuf.mlir"", ""--dry-run"", ""--matcher-mode"", ""syntactic"", ""--telemetry-json"", ""/home/arjaiswal/Polygeist/issues/equality_saturation_eval/campaign_20260908/aten-aten_dyn_quant_pack_4bit_weight_cpu-syntactic-x25d41qc.json"", ""--disable-semantic-fallback""]","== match report for /home/arjaiswal/Polygeist/issues/aten_c_kernels/results/aten_dyn_quant_pack_4bit_weight_cpu/debuf.mlir ==
  match          body#[0]  cudnnReduceMinMax_f32
  total: 1 matched / 1 bodies
",0,[],0,0,0,0,/home/arjaiswal/Polygeist/issues/aten_c_kernels/results/aten_dyn_quant_pack_4bit_weight_cpu/debuf.mlir,6539,0,1,1,683.4356561303139,0,65616,0.06460398435592651,0,4,0,0,"[{""body_indices"": [0], ""symbol"": ""cudnnReduceMinMax_f32""}]",1,0,6,0.0,6
aten,aten_dyn_quant_pack_4bit_weight_cpu,/home/arjaiswal/Polygeist/issues/aten_c_kernels/results/aten_dyn_quant_pack_4bit_weight_cpu/debuf.mlir,e92fbcef1cff4acdc560636d1f6e0ea989318320476d9fb60953a8902da82696,syntactic,5,ok,0,1367.8232207894325,0,"[""/usr/bin/python3"", ""/home/arjaiswal/Polygeist/scripts/correctness/kernel_match_rewrite.py"", ""/home/arjaiswal/Polygeist/issues/aten_c_kernels/results/aten_dyn_quant_pack_4bit_weight_cpu/debuf.mlir"", ""--dry-run"", ""--matcher-mode"", ""syntactic"", ""--telemetry-json"", ""/home/arjaiswal/Polygeist/issues/equality_saturation_eval/campaign_20260908/aten-aten_dyn_quant_pack_4bit_weight_cpu-syntactic-ph06dpqk.json"", ""--disable-semantic-fallback""]","== match report for /home/arjaiswal/Polygeist/issues/aten_c_kernels/results/aten_dyn_quant_pack_4bit_weight_cpu/debuf.mlir ==
  match          body#[0]  cudnnReduceMinMax_f32
  total: 1 matched / 1 bodies
",0,[],0,0,0,0,/home/arjaiswal/Polygeist/issues/aten_c_kernels/results/aten_dyn_quant_pack_4bit_weight_cpu/debuf.mlir,6539,0,1,1,445.7790218293667,0,65468,0.06087496876716614,0,4,0,0,"[{""body_indices"": [0], ""symbol"": ""cudnnReduceMinMax_f32""}]",1,0,6,0.0,6
aten,aten_dyn_quant_pack_4bit_weight_cpu,/home/arjaiswal/Polygeist/issues/aten_c_kernels/results/aten_dyn_quant_pack_4bit_weight_cpu/debuf.mlir,e92fbcef1cff4acdc560636d1f6e0ea989318320476d9fb60953a8902da82696,egglog,5,ok,0,1102.686908096075,0,"[""/usr/bin/python3"", ""/home/arjaiswal/Polygeist/scripts/correctness/kernel_match_rewrite.py"", ""/home/arjaiswal/Polygeist/issues/aten_c_kernels/results/aten_dyn_quant_pack_4bit_weight_cpu/debuf.mlir"", ""--dry-run"", ""--matcher-mode"", ""egglog"", ""--telemetry-json"", ""/home/arjaiswal/Polygeist/issues/equality_saturation_eval/campaign_20260908/aten-aten_dyn_quant_pack_4bit_weight_cpu-egglog-tnlvhd3n.json"", ""--disable-semantic-fallback""]","== match report for /home/arjaiswal/Polygeist/issues/aten_c_kernels/results/aten_dyn_quant_pack_4bit_weight_cpu/debuf.mlir ==
  match          body#[0]  cudnnReduceMinMax_f32
  total: 1 matched / 1 bodies
",0,[],0,0,0,0,/home/arjaiswal/Polygeist/issues/aten_c_kernels/results/aten_dyn_quant_pack_4bit_weight_cpu/debuf.mlir,6539,8,1,1,428.3144697546959,0,69780,62.08128109574318,4,4,0,0,"[{""body_indices"": [0], ""symbol"": ""cudnnReduceMinMax_f32""}]",1,0,0,0.0,6
aten,aten_eig_complex_vectors_cpu,/home/arjaiswal/Polygeist/issues/aten_c_kernels/results/aten_eig_complex_vectors_cpu/debuf.mlir,b3a5716f1dcaf277f3698ee56e03db311a7e304cc099e2a5b5b033c10feb04d3,egglog,1,ok,0,765.0418765842915,0,"[""/usr/bin/python3"", ""/home/arjaiswal/Polygeist/scripts/correctness/kernel_match_rewrite.py"", ""/home/arjaiswal/Polygeist/issues/aten_c_kernels/results/aten_eig_complex_vectors_cpu/debuf.mlir"", ""--dry-run"", ""--matcher-mode"", ""egglog"", ""--telemetry-json"", ""/home/arjaiswal/Polygeist/issues/equality_saturation_eval/campaign_20260908/aten-aten_eig_complex_vectors_cpu-egglog-578dzz4_.json"", ""--disable-semantic-fallback""]","== match report for /home/arjaiswal/Polygeist/issues/aten_c_kernels/results/aten_eig_complex_vectors_cpu/debuf.mlir ==
  total: 0 matched / 0 bodies
",0,[],0,0,0,0,/home/arjaiswal/Polygeist/issues/aten_c_kernels/results/aten_eig_complex_vectors_cpu/debuf.mlir,3088,8,0,0,275.4795737564564,0,64432,0.0,0,0,0,0,[],0,0,0,0.0,0
aten,aten_eig_complex_vectors_cpu,/home/arjaiswal/Polygeist/issues/aten_c_kernels/results/aten_eig_complex_vectors_cpu/debuf.mlir,b3a5716f1dcaf277f3698ee56e03db311a7e304cc099e2a5b5b033c10feb04d3,syntactic,1,ok,0,1622.8879876434803,0,"[""/usr/bin/python3"", ""/home/arjaiswal/Polygeist/scripts/correctness/kernel_match_rewrite.py"", ""/home/arjaiswal/Polygeist/issues/aten_c_kernels/results/aten_eig_complex_vectors_cpu/debuf.mlir"", ""--dry-run"", ""--matcher-mode"", ""syntactic"", ""--telemetry-json"", ""/home/arjaiswal/Polygeist/issues/equality_saturation_eval/campaign_20260908/aten-aten_eig_complex_vectors_cpu-syntactic-1e9mzmmf.json"", ""--disable-semantic-fallback""]","== match report for /home/arjaiswal/Polygeist/issues/aten_c_kernels/results/aten_eig_complex_vectors_cpu/debuf.mlir ==
  total: 0 matched / 0 bodies
",0,[],0,0,0,0,/home/arjaiswal/Polygeist/issues/aten_c_kernels/results/aten_eig_complex_vectors_cpu/debuf.mlir,3088,0,0,0,584.1969326138496,0,64508,0.0,0,0,0,0,[],0,0,0,0.0,0
aten,aten_eig_complex_vectors_cpu,/home/arjaiswal/Polygeist/issues/aten_c_kernels/results/aten_eig_complex_vectors_cpu/debuf.mlir,b3a5716f1dcaf277f3698ee56e03db311a7e304cc099e2a5b5b033c10feb04d3,syntactic,2,ok,0,1300.8793964982033,0,"[""/usr/bin/python3"", ""/home/arjaiswal/Polygeist/scripts/correctness/kernel_match_rewrite.py"", ""/home/arjaiswal/Polygeist/issues/aten_c_kernels/results/aten_eig_complex_vectors_cpu/debuf.mlir"", ""--dry-run"", ""--matcher-mode"", ""syntactic"", ""--telemetry-json"", ""/home/arjaiswal/Polygeist/issues/equality_saturation_eval/campaign_20260908/aten-aten_eig_complex_vectors_cpu-syntactic-rst94jmx.json"", ""--disable-semantic-fallback""]","== match report for /home/arjaiswal/Polygeist/issues/aten_c_kernels/results/aten_eig_complex_vectors_cpu/debuf.mlir ==
  total: 0 matched / 0 bodies
",0,[],0,0,0,0,/home/arjaiswal/Polygeist/issues/aten_c_kernels/results/aten_eig_complex_vectors_cpu/debuf.mlir,3088,0,0,0,312.8650262951851,0,64424,0.0,0,0,0,0,[],0,0,0,0.0,0
aten,aten_eig_complex_vectors_cpu,/home/arjaiswal/Polygeist/issues/aten_c_kernels/results/aten_eig_complex_vectors_cpu/debuf.mlir,b3a5716f1dcaf277f3698ee56e03db311a7e304cc099e2a5b5b033c10feb04d3,egglog,2,ok,0,883.8531747460365,0,"[""/usr/bin/python3"", ""/home/arjaiswal/Polygeist/scripts/correctness/kernel_match_rewrite.py"", ""/home/arjaiswal/Polygeist/issues/aten_c_kernels/results/aten_eig_complex_vectors_cpu/debuf.mlir"", ""--dry-run"", ""--matcher-mode"", ""egglog"", ""--telemetry-json"", ""/home/arjaiswal/Polygeist/issues/equality_saturation_eval/campaign_20260908/aten-aten_eig_complex_vectors_cpu-egglog-m1aftlu1.json"", ""--disable-semantic-fallback""]","== match report for /home/arjaiswal/Polygeist/issues/aten_c_kernels/results/aten_eig_complex_vectors_cpu/debuf.mlir ==
  total: 0 matched / 0 bodies
",0,[],0,0,0,0,/home/arjaiswal/Polygeist/issues/aten_c_kernels/results/aten_eig_complex_vectors_cpu/debuf.mlir,3088,8,0,0,327.7182877063751,0,64612,0.0,0,0,0,0,[],0,0,0,0.0,0
aten,aten_eig_complex_vectors_cpu,/home/arjaiswal/Polygeist/issues/aten_c_kernels/results/aten_eig_complex_vectors_cpu/debuf.mlir,b3a5716f1dcaf277f3698ee56e03db311a7e304cc099e2a5b5b033c10feb04d3,egglog,3,ok,0,798.5058352351189,0,"[""/usr/bin/python3"", ""/home/arjaiswal/Polygeist/scripts/correctness/kernel_match_rewrite.py"", ""/home/arjaiswal/Polygeist/issues/aten_c_kernels/results/aten_eig_complex_vectors_cpu/debuf.mlir"", ""--dry-run"", ""--matcher-mode"", ""egglog"", ""--telemetry-json"", ""/home/arjaiswal/Polygeist/issues/equality_saturation_eval/campaign_20260908/aten-aten_eig_complex_vectors_cpu-egglog-zyzpcgw_.json"", ""--disable-semantic-fallback""]","== match report for /home/arjaiswal/Polygeist/issues/aten_c_kernels/results/aten_eig_complex_vectors_cpu/debuf.mlir ==
  total: 0 matched / 0 bodies
",0,[],0,0,0,0,/home/arjaiswal/Polygeist/issues/aten_c_kernels/results/aten_eig_complex_vectors_cpu/debuf.mlir,3088,8,0,0,263.9976926147938,0,64676,0.0,0,0,0,0,[],0,0,0,0.0,0
aten,aten_eig_complex_vectors_cpu,/home/arjaiswal/Polygeist/issues/aten_c_kernels/results/aten_eig_complex_vectors_cpu/debuf.mlir,b3a5716f1dcaf277f3698ee56e03db311a7e304cc099e2a5b5b033c10feb04d3,syntactic,3,ok,0,880.534403026104,0,"[""/usr/bin/python3"", ""/home/arjaiswal/Polygeist/scripts/correctness/kernel_match_rewrite.py"", ""/home/arjaiswal/Polygeist/issues/aten_c_kernels/results/aten_eig_complex_vectors_cpu/debuf.mlir"", ""--dry-run"", ""--matcher-mode"", ""syntactic"", ""--telemetry-json"", ""/home/arjaiswal/Polygeist/issues/equality_saturation_eval/campaign_20260908/aten-aten_eig_complex_vectors_cpu-syntactic-fufyr2di.json"", ""--disable-semantic-fallback""]","== match report for /home/arjaiswal/Polygeist/issues/aten_c_kernels/results/aten_eig_complex_vectors_cpu/debuf.mlir ==
  total: 0 matched / 0 bodies
",0,[],0,0,0,0,/home/arjaiswal/Polygeist/issues/aten_c_kernels/results/aten_eig_complex_vectors_cpu/debuf.mlir,3088,0,0,0,340.0784134864807,0,64532,0.0,0,0,0,0,[],0,0,0,0.0,0
aten,aten_eig_complex_vectors_cpu,/home/arjaiswal/Polygeist/issues/aten_c_kernels/results/aten_eig_complex_vectors_cpu/debuf.mlir,b3a5716f1dcaf277f3698ee56e03db311a7e304cc099e2a5b5b033c10feb04d3,syntactic,4,ok,0,943.8947811722755,0,"[""/usr/bin/python3"", ""/home/arjaiswal/Polygeist/scripts/correctness/kernel_match_rewrite.py"", ""/home/arjaiswal/Polygeist/issues/aten_c_kernels/results/aten_eig_complex_vectors_cpu/debuf.mlir"", ""--dry-run"", ""--matcher-mode"", ""syntactic"", ""--telemetry-json"", ""/home/arjaiswal/Polygeist/issues/equality_saturation_eval/campaign_20260908/aten-aten_eig_complex_vectors_cpu-syntactic-hknqw0du.json"", ""--disable-semantic-fallback""]","== match report for /home/arjaiswal/Polygeist/issues/aten_c_kernels/results/aten_eig_complex_vectors_cpu/debuf.mlir ==
  total: 0 matched / 0 bodies
",0,[],0,0,0,0,/home/arjaiswal/Polygeist/issues/aten_c_kernels/results/aten_eig_complex_vectors_cpu/debuf.mlir,3088,0,0,0,305.6952953338623,0,64404,0.0,0,0,0,0,[],0,0,0,0.0,0
aten,aten_eig_complex_vectors_cpu,/home/arjaiswal/Polygeist/issues/aten_c_kernels/results/aten_eig_complex_vectors_cpu/debuf.mlir,b3a5716f1dcaf277f3698ee56e03db311a7e304cc099e2a5b5b033c10feb04d3,egglog,4,ok,0,1624.8898915946484,0,"[""/usr/bin/python3"", ""/home/arjaiswal/Polygeist/scripts/correctness/kernel_match_rewrite.py"", ""/home/arjaiswal/Polygeist/issues/aten_c_kernels/results/aten_eig_complex_vectors_cpu/debuf.mlir"", ""--dry-run"", ""--matcher-mode"", ""egglog"", ""--telemetry-json"", ""/home/arjaiswal/Polygeist/issues/equality_saturation_eval/campaign_20260908/aten-aten_eig_complex_vectors_cpu-egglog-6ypqtme_.json"", ""--disable-semantic-fallback""]","== match report for /home/arjaiswal/Polygeist/issues/aten_c_kernels/results/aten_eig_complex_vectors_cpu/debuf.mlir ==
  total: 0 matched / 0 bodies
",0,[],0,0,0,0,/home/arjaiswal/Polygeist/issues/aten_c_kernels/results/aten_eig_complex_vectors_cpu/debuf.mlir,3088,8,0,0,602.0671129226685,0,64760,0.0,0,0,0,0,[],0,0,0,0.0,0
aten,aten_eig_complex_vectors_cpu,/home/arjaiswal/Polygeist/issues/aten_c_kernels/results/aten_eig_complex_vectors_cpu/debuf.mlir,b3a5716f1dcaf277f3698ee56e03db311a7e304cc099e2a5b5b033c10feb04d3,egglog,5,ok,0,1547.087013721466,0,"[""/usr/bin/python3"", ""/home/arjaiswal/Polygeist/scripts/correctness/kernel_match_rewrite.py"", ""/home/arjaiswal/Polygeist/issues/aten_c_kernels/results/aten_eig_complex_vectors_cpu/debuf.mlir"", ""--dry-run"", ""--matcher-mode"", ""egglog"", ""--telemetry-json"", ""/home/arjaiswal/Polygeist/issues/equality_saturation_eval/campaign_20260908/aten-aten_eig_complex_vectors_cpu-egglog-ehu4q5jt.json"", ""--disable-semantic-fallback""]","== match report for /home/arjaiswal/Polygeist/issues/aten_c_kernels/results/aten_eig_complex_vectors_cpu/debuf.mlir ==
  total: 0 matched / 0 bodies
",0,[],0,0,0,0,/home/arjaiswal/Polygeist/issues/aten_c_kernels/results/aten_eig_complex_vectors_cpu/debuf.mlir,3088,8,0,0,569.3825371563435,0,64656,0.0,0,0,0,0,[],0,0,0,0.0,0
aten,aten_eig_complex_vectors_cpu,/home/arjaiswal/Polygeist/issues/aten_c_kernels/results/aten_eig_complex_vectors_cpu/debuf.mlir,b3a5716f1dcaf277f3698ee56e03db311a7e304cc099e2a5b5b033c10feb04d3,syntactic,5,ok,0,1623.4022080898285,0,"[""/usr/bin/python3"", ""/home/arjaiswal/Polygeist/scripts/correctness/kernel_match_rewrite.py"", ""/home/arjaiswal/Polygeist/issues/aten_c_kernels/results/aten_eig_complex_vectors_cpu/debuf.mlir"", ""--dry-run"", ""--matcher-mode"", ""syntactic"", ""--telemetry-json"", ""/home/arjaiswal/Polygeist/issues/equality_saturation_eval/campaign_20260908/aten-aten_eig_complex_vectors_cpu-syntactic-gwnl9rgq.json"", ""--disable-semantic-fallback""]","== match report for /home/arjaiswal/Polygeist/issues/aten_c_kernels/results/aten_eig_complex_vectors_cpu/debuf.mlir ==
  total: 0 matched / 0 bodies
",0,[],0,0,0,0,/home/arjaiswal/Polygeist/issues/aten_c_kernels/results/aten_eig_complex_vectors_cpu/debuf.mlir,3088,0,0,0,657.2488732635975,0,64524,0.0,0,0,0,0,[],0,0,0,0.0,0
aten,aten_elu,/home/arjaiswal/Polygeist/issues/aten_c_kernels/results/aten_elu/debuf.mlir,b6d58c3ee58194bf6689a43ab596c0ca4f0b33cc0321fa746d77c478d87710a2,syntactic,1,ok,0,2342.308834195137,0,"[""/usr/bin/python3"", ""/home/arjaiswal/Polygeist/scripts/correctness/kernel_match_rewrite.py"", ""/home/arjaiswal/Polygeist/issues/aten_c_kernels/results/aten_elu/debuf.mlir"", ""--dry-run"", ""--matcher-mode"", ""syntactic"", ""--telemetry-json"", ""/home/arjaiswal/Polygeist/issues/equality_saturation_eval/campaign_20260908/aten-aten_elu-syntactic-z7qnr3qw.json"", ""--disable-semantic-fallback""]","== match report for /home/arjaiswal/Polygeist/issues/aten_c_kernels/results/aten_elu/debuf.mlir ==
  match          body#[0]  cudnnPointwiseGraph_f32
  total: 1 matched / 1 bodies
",0,[],0,0,0,0,/home/arjaiswal/Polygeist/issues/aten_c_kernels/results/aten_elu/debuf.mlir,2076,0,1,1,1298.0140820145607,0,66136,0.25490298867225647,0,0,0,0,"[{""body_indices"": [0], ""symbol"": ""cudnnPointwiseGraph_f32""}]",1,0,56,0.0,56
aten,aten_elu,/home/arjaiswal/Polygeist/issues/aten_c_kernels/results/aten_elu/debuf.mlir,b6d58c3ee58194bf6689a43ab596c0ca4f0b33cc0321fa746d77c478d87710a2,egglog,1,ok,0,2322.1703432500362,0,"[""/usr/bin/python3"", ""/home/arjaiswal/Polygeist/scripts/correctness/kernel_match_rewrite.py"", ""/home/arjaiswal/Polygeist/issues/aten_c_kernels/results/aten_elu/debuf.mlir"", ""--dry-run"", ""--matcher-mode"", ""egglog"", ""--telemetry-json"", ""/home/arjaiswal/Polygeist/issues/equality_saturation_eval/campaign_20260908/aten-aten_elu-egglog-zm3955u1.json"", ""--disable-semantic-fallback""]","== match report for /home/arjaiswal/Polygeist/issues/aten_c_kernels/results/aten_elu/debuf.mlir ==
  match          body#[0]  cudnnPointwiseGraph_f32
  total: 1 matched / 1 bodies
",0,[],0,0,0,0,/home/arjaiswal/Polygeist/issues/aten_c_kernels/results/aten_elu/debuf.mlir,2076,8,1,1,1335.0279219448566,0,66320,0.0,0,0,0,0,"[{""body_indices"": [0], ""symbol"": ""cudnnPointwiseGraph_f32""}]",1,0,0,0.0,56
aten,aten_elu,/home/arjaiswal/Polygeist/issues/aten_c_kernels/results/aten_elu/debuf.mlir,b6d58c3ee58194bf6689a43ab596c0ca4f0b33cc0321fa746d77c478d87710a2,egglog,2,ok,0,1987.8742024302483,0,"[""/usr/bin/python3"", ""/home/arjaiswal/Polygeist/scripts/correctness/kernel_match_rewrite.py"", ""/home/arjaiswal/Polygeist/issues/aten_c_kernels/results/aten_elu/debuf.mlir"", ""--dry-run"", ""--matcher-mode"", ""egglog"", ""--telemetry-json"", ""/home/arjaiswal/Polygeist/issues/equality_saturation_eval/campaign_20260908/aten-aten_elu-egglog-j4dhdr6u.json"", ""--disable-semantic-fallback""]","== match report for /home/arjaiswal/Polygeist/issues/aten_c_kernels/results/aten_elu/debuf.mlir ==
  match          body#[0]  cudnnPointwiseGraph_f32
  total: 1 matched / 1 bodies
",0,[],0,0,0,0,/home/arjaiswal/Polygeist/issues/aten_c_kernels/results/aten_elu/debuf.mlir,2076,8,1,1,1003.4531131386757,0,66200,0.0,0,0,0,0,"[{""body_indices"": [0], ""symbol"": ""cudnnPointwiseGraph_f32""}]",1,0,0,0.0,56
aten,aten_elu,/home/arjaiswal/Polygeist/issues/aten_c_kernels/results/aten_elu/debuf.mlir,b6d58c3ee58194bf6689a43ab596c0ca4f0b33cc0321fa746d77c478d87710a2,syntactic,2,ok,0,1714.701022952795,0,"[""/usr/bin/python3"", ""/home/arjaiswal/Polygeist/scripts/correctness/kernel_match_rewrite.py"", ""/home/arjaiswal/Polygeist/issues/aten_c_kernels/results/aten_elu/debuf.mlir"", ""--dry-run"", ""--matcher-mode"", ""syntactic"", ""--telemetry-json"", ""/home/arjaiswal/Polygeist/issues/equality_saturation_eval/campaign_20260908/aten-aten_elu-syntactic-_w0ven81.json"", ""--disable-semantic-fallback""]","== match report for /home/arjaiswal/Polygeist/issues/aten_c_kernels/results/aten_elu/debuf.mlir ==
  match          body#[0]  cudnnPointwiseGraph_f32
  total: 1 matched / 1 bodies
",0,[],0,0,0,0,/home/arjaiswal/Polygeist/issues/aten_c_kernels/results/aten_elu/debuf.mlir,2076,0,1,1,723.7934917211533,0,66272,0.19391626119613647,0,0,0,0,"[{""body_indices"": [0], ""symbol"": ""cudnnPointwiseGraph_f32""}]",1,0,56,0.0,56
aten,aten_elu,/home/arjaiswal/Polygeist/issues/aten_c_kernels/results/aten_elu/debuf.mlir,b6d58c3ee58194bf6689a43ab596c0ca4f0b33cc0321fa746d77c478d87710a2,syntactic,3,ok,0,3897.249922156334,0,"[""/usr/bin/python3"", ""/home/arjaiswal/Polygeist/scripts/correctness/kernel_match_rewrite.py"", ""/home/arjaiswal/Polygeist/issues/aten_c_kernels/results/aten_elu/debuf.mlir"", ""--dry-run"", ""--matcher-mode"", ""syntactic"", ""--telemetry-json"", ""/home/arjaiswal/Polygeist/issues/equality_saturation_eval/campaign_20260908/aten-aten_elu-syntactic-a42nry7j.json"", ""--disable-semantic-fallback""]","== match report for /home/arjaiswal/Polygeist/issues/aten_c_kernels/results/aten_elu/debuf.mlir ==
  match          body#[0]  cudnnPointwiseGraph_f32
  total: 1 matched / 1 bodies
",0,[],0,0,0,0,/home/arjaiswal/Polygeist/issues/aten_c_kernels/results/aten_elu/debuf.mlir,2076,0,1,1,2419.7252094745636,0,66096,0.24322420358657837,0,0,0,0,"[{""body_indices"": [0], ""symbol"": ""cudnnPointwiseGraph_f32""}]",1,0,56,0.0,56
aten,aten_elu,/home/arjaiswal/Polygeist/issues/aten_c_kernels/results/aten_elu/debuf.mlir,b6d58c3ee58194bf6689a43ab596c0ca4f0b33cc0321fa746d77c478d87710a2,egglog,3,ok,0,3994.703024625778,0,"[""/usr/bin/python3"", ""/home/arjaiswal/Polygeist/scripts/correctness/kernel_match_rewrite.py"", ""/home/arjaiswal/Polygeist/issues/aten_c_kernels/results/aten_elu/debuf.mlir"", ""--dry-run"", ""--matcher-mode"", ""egglog"", ""--telemetry-json"", ""/home/arjaiswal/Polygeist/issues/equality_saturation_eval/campaign_20260908/aten-aten_elu-egglog-75l31el1.json"", ""--disable-semantic-fallback""]","== match report for /home/arjaiswal/Polygeist/issues/aten_c_kernels/results/aten_elu/debuf.mlir ==
  match          body#[0]  cudnnPointwiseGraph_f32
  total: 1 matched / 1 bodies
",0,[],0,0,0,0,/home/arjaiswal/Polygeist/issues/aten_c_kernels/results/aten_elu/debuf.mlir,2076,8,1,1,2360.9943240880966,0,66052,0.0,0,0,0,0,"[{""body_indices"": [0], ""symbol"": ""cudnnPointwiseGraph_f32""}]",1,0,0,0.0,56
aten,aten_elu,/home/arjaiswal/Polygeist/issues/aten_c_kernels/results/aten_elu/debuf.mlir,b6d58c3ee58194bf6689a43ab596c0ca4f0b33cc0321fa746d77c478d87710a2,egglog,4,ok,0,2471.6400131583214,0,"[""/usr/bin/python3"", ""/home/arjaiswal/Polygeist/scripts/correctness/kernel_match_rewrite.py"", ""/home/arjaiswal/Polygeist/issues/aten_c_kernels/results/aten_elu/debuf.mlir"", ""--dry-run"", ""--matcher-mode"", ""egglog"", ""--telemetry-json"", ""/home/arjaiswal/Polygeist/issues/equality_saturation_eval/campaign_20260908/aten-aten_elu-egglog-uxjrxza1.json"", ""--disable-semantic-fallback""]","== match report for /home/arjaiswal/Polygeist/issues/aten_c_kernels/results/aten_elu/debuf.mlir ==
  match          body#[0]  cudnnPointwiseGraph_f32
  total: 1 matched / 1 bodies
",0,[],0,0,0,0,/home/arjaiswal/Polygeist/issues/aten_c_kernels/results/aten_elu/debuf.mlir,2076,8,1,1,1387.669924646616,0,66200,0.0,0,0,0,0,"[{""body_indices"": [0], ""symbol"": ""cudnnPointwiseGraph_f32""}]",1,0,0,0.0,56
aten,aten_elu,/home/arjaiswal/Polygeist/issues/aten_c_kernels/results/aten_elu/debuf.mlir,b6d58c3ee58194bf6689a43ab596c0ca4f0b33cc0321fa746d77c478d87710a2,syntactic,4,ok,0,2391.4119489490986,0,"[""/usr/bin/python3"", ""/home/arjaiswal/Polygeist/scripts/correctness/kernel_match_rewrite.py"", ""/home/arjaiswal/Polygeist/issues/aten_c_kernels/results/aten_elu/debuf.mlir"", ""--dry-run"", ""--matcher-mode"", ""syntactic"", ""--telemetry-json"", ""/home/arjaiswal/Polygeist/issues/equality_saturation_eval/campaign_20260908/aten-aten_elu-syntactic-twe7ho8n.json"", ""--disable-semantic-fallback""]","== match report for /home/arjaiswal/Polygeist/issues/aten_c_kernels/results/aten_elu/debuf.mlir ==
  match          body#[0]  cudnnPointwiseGraph_f32
  total: 1 matched / 1 bodies
",0,[],0,0,0,0,/home/arjaiswal/Polygeist/issues/aten_c_kernels/results/aten_elu/debuf.mlir,2076,0,1,1,1371.1346201598644,0,66108,0.23447349667549133,0,0,0,0,"[{""body_indices"": [0], ""symbol"": ""cudnnPointwiseGraph_f32""}]",1,0,56,0.0,56
aten,aten_elu,/home/arjaiswal/Polygeist/issues/aten_c_kernels/results/aten_elu/debuf.mlir,b6d58c3ee58194bf6689a43ab596c0ca4f0b33cc0321fa746d77c478d87710a2,syntactic,5,ok,0,3086.5956842899323,0,"[""/usr/bin/python3"", ""/home/arjaiswal/Polygeist/scripts/correctness/kernel_match_rewrite.py"", ""/home/arjaiswal/Polygeist/issues/aten_c_kernels/results/aten_elu/debuf.mlir"", ""--dry-run"", ""--matcher-mode"", ""syntactic"", ""--telemetry-json"", ""/home/arjaiswal/Polygeist/issues/equality_saturation_eval/campaign_20260908/aten-aten_elu-syntactic-4vgefkj8.json"", ""--disable-semantic-fallback""]","== match report for /home/arjaiswal/Polygeist/issues/aten_c_kernels/results/aten_elu/debuf.mlir ==
  match          body#[0]  cudnnPointwiseGraph_f32
  total: 1 matched / 1 bodies
",0,[],0,0,0,0,/home/arjaiswal/Polygeist/issues/aten_c_kernels/results/aten_elu/debuf.mlir,2076,0,1,1,1675.6373718380928,0,66132,0.24615228176116943,0,0,0,0,"[{""body_indices"": [0], ""symbol"": ""cudnnPointwiseGraph_f32""}]",1,0,56,0.0,56
aten,aten_elu,/home/arjaiswal/Polygeist/issues/aten_c_kernels/results/aten_elu/debuf.mlir,b6d58c3ee58194bf6689a43ab596c0ca4f0b33cc0321fa746d77c478d87710a2,egglog,5,ok,0,1373.2806891202927,0,"[""/usr/bin/python3"", ""/home/arjaiswal/Polygeist/scripts/correctness/kernel_match_rewrite.py"", ""/home/arjaiswal/Polygeist/issues/aten_c_kernels/results/aten_elu/debuf.mlir"", ""--dry-run"", ""--matcher-mode"", ""egglog"", ""--telemetry-json"", ""/home/arjaiswal/Polygeist/issues/equality_saturation_eval/campaign_20260908/aten-aten_elu-egglog-7ptzixt8.json"", ""--disable-semantic-fallback""]","== match report for /home/arjaiswal/Polygeist/issues/aten_c_kernels/results/aten_elu/debuf.mlir ==
  match          body#[0]  cudnnPointwiseGraph_f32
  total: 1 matched / 1 bodies
",0,[],0,0,0,0,/home/arjaiswal/Polygeist/issues/aten_c_kernels/results/aten_elu/debuf.mlir,2076,8,1,1,662.5221520662308,0,66340,0.0,0,0,0,0,"[{""body_indices"": [0], ""symbol"": ""cudnnPointwiseGraph_f32""}]",1,0,0,0.0,56
aten,aten_elu_backward,/home/arjaiswal/Polygeist/issues/aten_c_kernels/results/aten_elu_backward/debuf.mlir,c2aa02d50eae98b4705df5131d6c78b2a445628f3e3b9ef788ea9adc0b96c10e,egglog,1,ok,0,1563.2639713585377,0,"[""/usr/bin/python3"", ""/home/arjaiswal/Polygeist/scripts/correctness/kernel_match_rewrite.py"", ""/home/arjaiswal/Polygeist/issues/aten_c_kernels/results/aten_elu_backward/debuf.mlir"", ""--dry-run"", ""--matcher-mode"", ""egglog"", ""--telemetry-json"", ""/home/arjaiswal/Polygeist/issues/equality_saturation_eval/campaign_20260908/aten-aten_elu_backward-egglog-dqy154ef.json"", ""--disable-semantic-fallback""]","== match report for /home/arjaiswal/Polygeist/issues/aten_c_kernels/results/aten_elu_backward/debuf.mlir ==
  match          body#[0]  cudnnPointwiseGraph_f32
  total: 1 matched / 1 bodies
",0,[],0,0,0,0,/home/arjaiswal/Polygeist/issues/aten_c_kernels/results/aten_elu_backward/debuf.mlir,2201,8,1,1,565.547775477171,0,65756,0.0,0,0,0,0,"[{""body_indices"": [0], ""symbol"": ""cudnnPointwiseGraph_f32""}]",1,0,0,0.0,0
aten,aten_elu_backward,/home/arjaiswal/Polygeist/issues/aten_c_kernels/results/aten_elu_backward/debuf.mlir,c2aa02d50eae98b4705df5131d6c78b2a445628f3e3b9ef788ea9adc0b96c10e,syntactic,1,ok,0,812.2223131358624,0,"[""/usr/bin/python3"", ""/home/arjaiswal/Polygeist/scripts/correctness/kernel_match_rewrite.py"", ""/home/arjaiswal/Polygeist/issues/aten_c_kernels/results/aten_elu_backward/debuf.mlir"", ""--dry-run"", ""--matcher-mode"", ""syntactic"", ""--telemetry-json"", ""/home/arjaiswal/Polygeist/issues/equality_saturation_eval/campaign_20260908/aten-aten_elu_backward-syntactic-70ixoq99.json"", ""--disable-semantic-fallback""]","== match report for /home/arjaiswal/Polygeist/issues/aten_c_kernels/results/aten_elu_backward/debuf.mlir ==
  match          body#[0]  cudnnPointwiseGraph_f32
  total: 1 matched / 1 bodies
",0,[],0,0,0,0,/home/arjaiswal/Polygeist/issues/aten_c_kernels/results/aten_elu_backward/debuf.mlir,2201,0,1,1,315.31962007284164,0,65636,0.0,0,0,0,0,"[{""body_indices"": [0], ""symbol"": ""cudnnPointwiseGraph_f32""}]",1,0,0,0.0,0
aten,aten_elu_backward,/home/arjaiswal/Polygeist/issues/aten_c_kernels/results/aten_elu_backward/debuf.mlir,c2aa02d50eae98b4705df5131d6c78b2a445628f3e3b9ef788ea9adc0b96c10e,syntactic,2,ok,0,843.498770147562,0,"[""/usr/bin/python3"", ""/home/arjaiswal/Polygeist/scripts/correctness/kernel_match_rewrite.py"", ""/home/arjaiswal/Polygeist/issues/aten_c_kernels/results/aten_elu_backward/debuf.mlir"", ""--dry-run"", ""--matcher-mode"", ""syntactic"", ""--telemetry-json"", ""/home/arjaiswal/Polygeist/issues/equality_saturation_eval/campaign_20260908/aten-aten_elu_backward-syntactic-e06mt5p7.json"", ""--disable-semantic-fallback""]","== match report for /home/arjaiswal/Polygeist/issues/aten_c_kernels/results/aten_elu_backward/debuf.mlir ==
  match          body#[0]  cudnnPointwiseGraph_f32
  total: 1 matched / 1 bodies
",0,[],0,0,0,0,/home/arjaiswal/Polygeist/issues/aten_c_kernels/results/aten_elu_backward/debuf.mlir,2201,0,1,1,302.040733397007,0,65484,0.0,0,0,0,0,"[{""body_indices"": [0], ""symbol"": ""cudnnPointwiseGraph_f32""}]",1,0,0,0.0,0
aten,aten_elu_backward,/home/arjaiswal/Polygeist/issues/aten_c_kernels/results/aten_elu_backward/debuf.mlir,c2aa02d50eae98b4705df5131d6c78b2a445628f3e3b9ef788ea9adc0b96c10e,egglog,2,ok,0,788.3922569453716,0,"[""/usr/bin/python3"", ""/home/arjaiswal/Polygeist/scripts/correctness/kernel_match_rewrite.py"", ""/home/arjaiswal/Polygeist/issues/aten_c_kernels/results/aten_elu_backward/debuf.mlir"", ""--dry-run"", ""--matcher-mode"", ""egglog"", ""--telemetry-json"", ""/home/arjaiswal/Polygeist/issues/equality_saturation_eval/campaign_20260908/aten-aten_elu_backward-egglog-5dmpfvhq.json"", ""--disable-semantic-fallback""]","== match report for /home/arjaiswal/Polygeist/issues/aten_c_kernels/results/aten_elu_backward/debuf.mlir ==
  match          body#[0]  cudnnPointwiseGraph_f32
  total: 1 matched / 1 bodies
",0,[],0,0,0,0,/home/arjaiswal/Polygeist/issues/aten_c_kernels/results/aten_elu_backward/debuf.mlir,2201,8,1,1,319.09487396478653,0,65768,0.0,0,0,0,0,"[{""body_indices"": [0], ""symbol"": ""cudnnPointwiseGraph_f32""}]",1,0,0,0.0,0
aten,aten_elu_backward,/home/arjaiswal/Polygeist/issues/aten_c_kernels/results/aten_elu_backward/debuf.mlir,c2aa02d50eae98b4705df5131d6c78b2a445628f3e3b9ef788ea9adc0b96c10e,egglog,3,ok,0,810.5794079601765,0,"[""/usr/bin/python3"", ""/home/arjaiswal/Polygeist/scripts/correctness/kernel_match_rewrite.py"", ""/home/arjaiswal/Polygeist/issues/aten_c_kernels/results/aten_elu_backward/debuf.mlir"", ""--dry-run"", ""--matcher-mode"", ""egglog"", ""--telemetry-json"", ""/home/arjaiswal/Polygeist/issues/equality_saturation_eval/campaign_20260908/aten-aten_elu_backward-egglog-anakkmad.json"", ""--disable-semantic-fallback""]","== match report for /home/arjaiswal/Polygeist/issues/aten_c_kernels/results/aten_elu_backward/debuf.mlir ==
  match          body#[0]  cudnnPointwiseGraph_f32
  total: 1 matched / 1 bodies
",0,[],0,0,0,0,/home/arjaiswal/Polygeist/issues/aten_c_kernels/results/aten_elu_backward/debuf.mlir,2201,8,1,1,318.1694783270359,0,65812,0.0,0,0,0,0,"[{""body_indices"": [0], ""symbol"": ""cudnnPointwiseGraph_f32""}]",1,0,0,0.0,0
aten,aten_elu_backward,/home/arjaiswal/Polygeist/issues/aten_c_kernels/results/aten_elu_backward/debuf.mlir,c2aa02d50eae98b4705df5131d6c78b2a445628f3e3b9ef788ea9adc0b96c10e,syntactic,3,ok,0,896.0777223110199,0,"[""/usr/bin/python3"", ""/home/arjaiswal/Polygeist/scripts/correctness/kernel_match_rewrite.py"", ""/home/arjaiswal/Polygeist/issues/aten_c_kernels/results/aten_elu_backward/debuf.mlir"", ""--dry-run"", ""--matcher-mode"", ""syntactic"", ""--telemetry-json"", ""/home/arjaiswal/Polygeist/issues/equality_saturation_eval/campaign_20260908/aten-aten_elu_backward-syntactic-av8ict5g.json"", ""--disable-semantic-fallback""]","== match report for /home/arjaiswal/Polygeist/issues/aten_c_kernels/results/aten_elu_backward/debuf.mlir ==
  match          body#[0]  cudnnPointwiseGraph_f32
  total: 1 matched / 1 bodies
",0,[],0,0,0,0,/home/arjaiswal/Polygeist/issues/aten_c_kernels/results/aten_elu_backward/debuf.mlir,2201,0,1,1,352.78406739234924,0,65664,0.0,0,0,0,0,"[{""body_indices"": [0], ""symbol"": ""cudnnPointwiseGraph_f32""}]",1,0,0,0.0,0
aten,aten_elu_backward,/home/arjaiswal/Polygeist/issues/aten_c_kernels/results/aten_elu_backward/debuf.mlir,c2aa02d50eae98b4705df5131d6c78b2a445628f3e3b9ef788ea9adc0b96c10e,syntactic,4,ok,0,864.5637519657612,0,"[""/usr/bin/python3"", ""/home/arjaiswal/Polygeist/scripts/correctness/kernel_match_rewrite.py"", ""/home/arjaiswal/Polygeist/issues/aten_c_kernels/results/aten_elu_backward/debuf.mlir"", ""--dry-run"", ""--matcher-mode"", ""syntactic"", ""--telemetry-json"", ""/home/arjaiswal/Polygeist/issues/equality_saturation_eval/campaign_20260908/aten-aten_elu_backward-syntactic-u7fgl1i8.json"", ""--disable-semantic-fallback""]","== match report for /home/arjaiswal/Polygeist/issues/aten_c_kernels/results/aten_elu_backward/debuf.mlir ==
  match          body#[0]  cudnnPointwiseGraph_f32
  total: 1 matched / 1 bodies
",0,[],0,0,0,0,/home/arjaiswal/Polygeist/issues/aten_c_kernels/results/aten_elu_backward/debuf.mlir,2201,0,1,1,322.76956364512444,0,65664,0.0,0,0,0,0,"[{""body_indices"": [0], ""symbol"": ""cudnnPointwiseGraph_f32""}]",1,0,0,0.0,0
aten,aten_elu_backward,/home/arjaiswal/Polygeist/issues/aten_c_kernels/results/aten_elu_backward/debuf.mlir,c2aa02d50eae98b4705df5131d6c78b2a445628f3e3b9ef788ea9adc0b96c10e,egglog,4,ok,0,893.2815790176392,0,"[""/usr/bin/python3"", ""/home/arjaiswal/Polygeist/scripts/correctness/kernel_match_rewrite.py"", ""/home/arjaiswal/Polygeist/issues/aten_c_kernels/results/aten_elu_backward/debuf.mlir"", ""--dry-run"", ""--matcher-mode"", ""egglog"", ""--telemetry-json"", ""/home/arjaiswal/Polygeist/issues/equality_saturation_eval/campaign_20260908/aten-aten_elu_backward-egglog-l73ojj31.json"", ""--disable-semantic-fallback""]","== match report for /home/arjaiswal/Polygeist/issues/aten_c_kernels/results/aten_elu_backward/debuf.mlir ==
  match          body#[0]  cudnnPointwiseGraph_f32
  total: 1 matched / 1 bodies
",0,[],0,0,0,0,/home/arjaiswal/Polygeist/issues/aten_c_kernels/results/aten_elu_backward/debuf.mlir,2201,8,1,1,359.21134427189827,0,65896,0.0,0,0,0,0,"[{""body_indices"": [0], ""symbol"": ""cudnnPointwiseGraph_f32""}]",1,0,0,0.0,0
aten,aten_elu_backward,/home/arjaiswal/Polygeist/issues/aten_c_kernels/results/aten_elu_backward/debuf.mlir,c2aa02d50eae98b4705df5131d6c78b2a445628f3e3b9ef788ea9adc0b96c10e,egglog,5,ok,0,1847.9430489242077,0,"[""/usr/bin/python3"", ""/home/arjaiswal/Polygeist/scripts/correctness/kernel_match_rewrite.py"", ""/home/arjaiswal/Polygeist/issues/aten_c_kernels/results/aten_elu_backward/debuf.mlir"", ""--dry-run"", ""--matcher-mode"", ""egglog"", ""--telemetry-json"", ""/home/arjaiswal/Polygeist/issues/equality_saturation_eval/campaign_20260908/aten-aten_elu_backward-egglog-j4r22dns.json"", ""--disable-semantic-fallback""]","== match report for /home/arjaiswal/Polygeist/issues/aten_c_kernels/results/aten_elu_backward/debuf.mlir ==
  match          body#[0]  cudnnPointwiseGraph_f32
  total: 1 matched / 1 bodies
",0,[],0,0,0,0,/home/arjaiswal/Polygeist/issues/aten_c_kernels/results/aten_elu_backward/debuf.mlir,2201,8,1,1,700.7613107562065,0,65800,0.0,0,0,0,0,"[{""body_indices"": [0], ""symbol"": ""cudnnPointwiseGraph_f32""}]",1,0,0,0.0,0
aten,aten_elu_backward,/home/arjaiswal/Polygeist/issues/aten_c_kernels/results/aten_elu_backward/debuf.mlir,c2aa02d50eae98b4705df5131d6c78b2a445628f3e3b9ef788ea9adc0b96c10e,syntactic,5,ok,0,913.041815161705,0,"[""/usr/bin/python3"", ""/home/arjaiswal/Polygeist/scripts/correctness/kernel_match_rewrite.py"", ""/home/arjaiswal/Polygeist/issues/aten_c_kernels/results/aten_elu_backward/debuf.mlir"", ""--dry-run"", ""--matcher-mode"", ""syntactic"", ""--telemetry-json"", ""/home/arjaiswal/Polygeist/issues/equality_saturation_eval/campaign_20260908/aten-aten_elu_backward-syntactic-_vmmty0c.json"", ""--disable-semantic-fallback""]","== match report for /home/arjaiswal/Polygeist/issues/aten_c_kernels/results/aten_elu_backward/debuf.mlir ==
  match          body#[0]  cudnnPointwiseGraph_f32
  total: 1 matched / 1 bodies
",0,[],0,0,0,0,/home/arjaiswal/Polygeist/issues/aten_c_kernels/results/aten_elu_backward/debuf.mlir,2201,0,1,1,344.2382477223873,0,65868,0.0,0,0,0,0,"[{""body_indices"": [0], ""symbol"": ""cudnnPointwiseGraph_f32""}]",1,0,0,0.0,0
aten,aten_embedding,/home/arjaiswal/Polygeist/issues/aten_c_kernels/results/aten_embedding/debuf.mlir,d885fb447d4f8508a6b1ed21474f3a2641a3dea91771e9192ee8334f57b44a5e,syntactic,1,ok,0,1099.1185531020164,0,"[""/usr/bin/python3"", ""/home/arjaiswal/Polygeist/scripts/correctness/kernel_match_rewrite.py"", ""/home/arjaiswal/Polygeist/issues/aten_c_kernels/results/aten_embedding/debuf.mlir"", ""--dry-run"", ""--matcher-mode"", ""syntactic"", ""--telemetry-json"", ""/home/arjaiswal/Polygeist/issues/equality_saturation_eval/campaign_20260908/aten-aten_embedding-syntactic-j2n3nssc.json"", ""--disable-semantic-fallback""]","== match report for /home/arjaiswal/Polygeist/issues/aten_c_kernels/results/aten_embedding/debuf.mlir ==
  no_match       body#0  ?
  total: 0 matched / 1 bodies
",0,[],0,0,0,0,/home/arjaiswal/Polygeist/issues/aten_c_kernels/results/aten_embedding/debuf.mlir,2251,0,1,0,478.1435690820217,1,64832,0.02395734190940857,0,0,0,0,[],0,0,4,0.0,4
aten,aten_embedding,/home/arjaiswal/Polygeist/issues/aten_c_kernels/results/aten_embedding/debuf.mlir,d885fb447d4f8508a6b1ed21474f3a2641a3dea91771e9192ee8334f57b44a5e,egglog,1,ok,0,1876.425538212061,0,"[""/usr/bin/python3"", ""/home/arjaiswal/Polygeist/scripts/correctness/kernel_match_rewrite.py"", ""/home/arjaiswal/Polygeist/issues/aten_c_kernels/results/aten_embedding/debuf.mlir"", ""--dry-run"", ""--matcher-mode"", ""egglog"", ""--telemetry-json"", ""/home/arjaiswal/Polygeist/issues/equality_saturation_eval/campaign_20260908/aten-aten_embedding-egglog-rj069hhc.json"", ""--disable-semantic-fallback""]","== match report for /home/arjaiswal/Polygeist/issues/aten_c_kernels/results/aten_embedding/debuf.mlir ==
  no_match       body#0  ?
  total: 0 matched / 1 bodies
",0,[],0,0,0,0,/home/arjaiswal/Polygeist/issues/aten_c_kernels/results/aten_embedding/debuf.mlir,2251,8,1,0,805.8343939483166,1,64620,0.0,0,0,0,0,[],0,0,0,0.0,4
aten,aten_embedding,/home/arjaiswal/Polygeist/issues/aten_c_kernels/results/aten_embedding/debuf.mlir,d885fb447d4f8508a6b1ed21474f3a2641a3dea91771e9192ee8334f57b44a5e,egglog,2,ok,0,2565.08556753397,0,"[""/usr/bin/python3"", ""/home/arjaiswal/Polygeist/scripts/correctness/kernel_match_rewrite.py"", ""/home/arjaiswal/Polygeist/issues/aten_c_kernels/results/aten_embedding/debuf.mlir"", ""--dry-run"", ""--matcher-mode"", ""egglog"", ""--telemetry-json"", ""/home/arjaiswal/Polygeist/issues/equality_saturation_eval/campaign_20260908/aten-aten_embedding-egglog-v63qu1pm.json"", ""--disable-semantic-fallback""]","== match report for /home/arjaiswal/Polygeist/issues/aten_c_kernels/results/aten_embedding/debuf.mlir ==
  no_match       body#0  ?
  total: 0 matched / 1 bodies
",0,[],0,0,0,0,/home/arjaiswal/Polygeist/issues/aten_c_kernels/results/aten_embedding/debuf.mlir,2251,8,1,0,993.7930554151535,1,64800,0.0,0,0,0,0,[],0,0,0,0.0,4
aten,aten_embedding,/home/arjaiswal/Polygeist/issues/aten_c_kernels/results/aten_embedding/debuf.mlir,d885fb447d4f8508a6b1ed21474f3a2641a3dea91771e9192ee8334f57b44a5e,syntactic,2,ok,0,1291.7417846620083,0,"[""/usr/bin/python3"", ""/home/arjaiswal/Polygeist/scripts/correctness/kernel_match_rewrite.py"", ""/home/arjaiswal/Polygeist/issues/aten_c_kernels/results/aten_embedding/debuf.mlir"", ""--dry-run"", ""--matcher-mode"", ""syntactic"", ""--telemetry-json"", ""/home/arjaiswal/Polygeist/issues/equality_saturation_eval/campaign_20260908/aten-aten_embedding-syntactic-uswy8163.json"", ""--disable-semantic-fallback""]","== match report for /home/arjaiswal/Polygeist/issues/aten_c_kernels/results/aten_embedding/debuf.mlir ==
  no_match       body#0  ?
  total: 0 matched / 1 bodies
",0,[],0,0,0,0,/home/arjaiswal/Polygeist/issues/aten_c_kernels/results/aten_embedding/debuf.mlir,2251,0,1,0,320.8037056028843,1,64868,0.018831342458724976,0,0,0,0,[],0,0,4,0.0,4
aten,aten_embedding,/home/arjaiswal/Polygeist/issues/aten_c_kernels/results/aten_embedding/debuf.mlir,d885fb447d4f8508a6b1ed21474f3a2641a3dea91771e9192ee8334f57b44a5e,syntactic,3,ok,0,2084.0113684535027,0,"[""/usr/bin/python3"", ""/home/arjaiswal/Polygeist/scripts/correctness/kernel_match_rewrite.py"", ""/home/arjaiswal/Polygeist/issues/aten_c_kernels/results/aten_embedding/debuf.mlir"", ""--dry-run"", ""--matcher-mode"", ""syntactic"", ""--telemetry-json"", ""/home/arjaiswal/Polygeist/issues/equality_saturation_eval/campaign_20260908/aten-aten_embedding-syntactic-wqr25dex.json"", ""--disable-semantic-fallback""]","== match report for /home/arjaiswal/Polygeist/issues/aten_c_kernels/results/aten_embedding/debuf.mlir ==
  no_match       body#0  ?
  total: 0 matched / 1 bodies
",0,[],0,0,0,0,/home/arjaiswal/Polygeist/issues/aten_c_kernels/results/aten_embedding/debuf.mlir,2251,0,1,0,822.1184574067593,1,64776,0.0193864107131958,0,0,0,0,[],0,0,4,0.0,4
aten,aten_embedding,/home/arjaiswal/Polygeist/issues/aten_c_kernels/results/aten_embedding/debuf.mlir,d885fb447d4f8508a6b1ed21474f3a2641a3dea91771e9192ee8334f57b44a5e,egglog,3,ok,0,1873.8462589681149,0,"[""/usr/bin/python3"", ""/home/arjaiswal/Polygeist/scripts/correctness/kernel_match_rewrite.py"", ""/home/arjaiswal/Polygeist/issues/aten_c_kernels/results/aten_embedding/debuf.mlir"", ""--dry-run"", ""--matcher-mode"", ""egglog"", ""--telemetry-json"", ""/home/arjaiswal/Polygeist/issues/equality_saturation_eval/campaign_20260908/aten-aten_embedding-egglog-67pb0zgo.json"", ""--disable-semantic-fallback""]","== match report for /home/arjaiswal/Polygeist/issues/aten_c_kernels/results/aten_embedding/debuf.mlir ==
  no_match       body#0  ?
  total: 0 matched / 1 bodies
",0,[],0,0,0,0,/home/arjaiswal/Polygeist/issues/aten_c_kernels/results/aten_embedding/debuf.mlir,2251,8,1,0,815.9429952502251,1,64772,0.0,0,0,0,0,[],0,0,0,0.0,4
aten,aten_embedding,/home/arjaiswal/Polygeist/issues/aten_c_kernels/results/aten_embedding/debuf.mlir,d885fb447d4f8508a6b1ed21474f3a2641a3dea91771e9192ee8334f57b44a5e,egglog,4,ok,0,2558.0468848347664,0,"[""/usr/bin/python3"", ""/home/arjaiswal/Polygeist/scripts/correctness/kernel_match_rewrite.py"", ""/home/arjaiswal/Polygeist/issues/aten_c_kernels/results/aten_embedding/debuf.mlir"", ""--dry-run"", ""--matcher-mode"", ""egglog"", ""--telemetry-json"", ""/home/arjaiswal/Polygeist/issues/equality_saturation_eval/campaign_20260908/aten-aten_embedding-egglog-qmsn6bt2.json"", ""--disable-semantic-fallback""]","== match report for /home/arjaiswal/Polygeist/issues/aten_c_kernels/results/aten_embedding/debuf.mlir ==
  no_match       body#0  ?
  total: 0 matched / 1 bodies
",0,[],0,0,0,0,/home/arjaiswal/Polygeist/issues/aten_c_kernels/results/aten_embedding/debuf.mlir,2251,8,1,0,976.1568047106266,1,64892,0.0,0,0,0,0,[],0,0,0,0.0,4
aten,aten_embedding,/home/arjaiswal/Polygeist/issues/aten_c_kernels/results/aten_embedding/debuf.mlir,d885fb447d4f8508a6b1ed21474f3a2641a3dea91771e9192ee8334f57b44a5e,syntactic,4,ok,0,2453.3021077513695,0,"[""/usr/bin/python3"", ""/home/arjaiswal/Polygeist/scripts/correctness/kernel_match_rewrite.py"", ""/home/arjaiswal/Polygeist/issues/aten_c_kernels/results/aten_embedding/debuf.mlir"", ""--dry-run"", ""--matcher-mode"", ""syntactic"", ""--telemetry-json"", ""/home/arjaiswal/Polygeist/issues/equality_saturation_eval/campaign_20260908/aten-aten_embedding-syntactic-yil0_gk1.json"", ""--disable-semantic-fallback""]","== match report for /home/arjaiswal/Polygeist/issues/aten_c_kernels/results/aten_embedding/debuf.mlir ==
  no_match       body#0  ?
  total: 0 matched / 1 bodies
",0,[],0,0,0,0,/home/arjaiswal/Polygeist/issues/aten_c_kernels/results/aten_embedding/debuf.mlir,2251,0,1,0,964.903861284256,1,64848,0.023227185010910034,0,0,0,0,[],0,0,4,0.0,4
aten,aten_embedding,/home/arjaiswal/Polygeist/issues/aten_c_kernels/results/aten_embedding/debuf.mlir,d885fb447d4f8508a6b1ed21474f3a2641a3dea91771e9192ee8334f57b44a5e,syntactic,5,ok,0,2136.311002075672,0,"[""/usr/bin/python3"", ""/home/arjaiswal/Polygeist/scripts/correctness/kernel_match_rewrite.py"", ""/home/arjaiswal/Polygeist/issues/aten_c_kernels/results/aten_embedding/debuf.mlir"", ""--dry-run"", ""--matcher-mode"", ""syntactic"", ""--telemetry-json"", ""/home/arjaiswal/Polygeist/issues/equality_saturation_eval/campaign_20260908/aten-aten_embedding-syntactic-ux4uwd49.json"", ""--disable-semantic-fallback""]","== match report for /home/arjaiswal/Polygeist/issues/aten_c_kernels/results/aten_embedding/debuf.mlir ==
  no_match       body#0  ?
  total: 0 matched / 1 bodies
",0,[],0,0,0,0,/home/arjaiswal/Polygeist/issues/aten_c_kernels/results/aten_embedding/debuf.mlir,2251,0,1,0,727.2270657122135,1,64676,0.020246952772140503,0,0,0,0,[],0,0,4,0.0,4
aten,aten_embedding,/home/arjaiswal/Polygeist/issues/aten_c_kernels/results/aten_embedding/debuf.mlir,d885fb447d4f8508a6b1ed21474f3a2641a3dea91771e9192ee8334f57b44a5e,egglog,5,ok,0,1110.047448426485,0,"[""/usr/bin/python3"", ""/home/arjaiswal/Polygeist/scripts/correctness/kernel_match_rewrite.py"", ""/home/arjaiswal/Polygeist/issues/aten_c_kernels/results/aten_embedding/debuf.mlir"", ""--dry-run"", ""--matcher-mode"", ""egglog"", ""--telemetry-json"", ""/home/arjaiswal/Polygeist/issues/equality_saturation_eval/campaign_20260908/aten-aten_embedding-egglog-ktty26pb.json"", ""--disable-semantic-fallback""]","== match report for /home/arjaiswal/Polygeist/issues/aten_c_kernels/results/aten_embedding/debuf.mlir ==
  no_match       body#0  ?
  total: 0 matched / 1 bodies
",0,[],0,0,0,0,/home/arjaiswal/Polygeist/issues/aten_c_kernels/results/aten_embedding/debuf.mlir,2251,8,1,0,316.4477124810219,1,65000,0.0,0,0,0,0,[],0,0,0,0.0,4
aten,aten_embedding_bag_backward_max_cpu,/home/arjaiswal/Polygeist/issues/aten_c_kernels/results/aten_embedding_bag_backward_max_cpu/debuf.mlir,4417ba9fdcd816ba0705fc1a8c8053af0e542dde7ac3c3c2de183150acffd2a3,egglog,1,ok,0,838.6574313044548,0,"[""/usr/bin/python3"", ""/home/arjaiswal/Polygeist/scripts/correctness/kernel_match_rewrite.py"", ""/home/arjaiswal/Polygeist/issues/aten_c_kernels/results/aten_embedding_bag_backward_max_cpu/debuf.mlir"", ""--dry-run"", ""--matcher-mode"", ""egglog"", ""--telemetry-json"", ""/home/arjaiswal/Polygeist/issues/equality_saturation_eval/campaign_20260908/aten-aten_embedding_bag_backward_max_cpu-egglog-3xy2a3kh.json"", ""--disable-semantic-fallback""]","== match report for /home/arjaiswal/Polygeist/issues/aten_c_kernels/results/aten_embedding_bag_backward_max_cpu/debuf.mlir ==
  match          body#[0]  memset_zero_1D_f32
  total: 1 matched / 1 bodies
",0,[],0,0,0,0,/home/arjaiswal/Polygeist/issues/aten_c_kernels/results/aten_embedding_bag_backward_max_cpu/debuf.mlir,2849,8,1,1,325.3507874906063,0,69476,22.79892936348915,2,2,0,0,"[{""body_indices"": [0], ""symbol"": ""memset_zero_1D_f32""}]",1,0,0,0.0,4
aten,aten_embedding_bag_backward_max_cpu,/home/arjaiswal/Polygeist/issues/aten_c_kernels/results/aten_embedding_bag_backward_max_cpu/debuf.mlir,4417ba9fdcd816ba0705fc1a8c8053af0e542dde7ac3c3c2de183150acffd2a3,syntactic,1,ok,0,1285.4499071836472,0,"[""/usr/bin/python3"", ""/home/arjaiswal/Polygeist/scripts/correctness/kernel_match_rewrite.py"", ""/home/arjaiswal/Polygeist/issues/aten_c_kernels/results/aten_embedding_bag_backward_max_cpu/debuf.mlir"", ""--dry-run"", ""--matcher-mode"", ""syntactic"", ""--telemetry-json"", ""/home/arjaiswal/Polygeist/issues/equality_saturation_eval/campaign_20260908/aten-aten_embedding_bag_backward_max_cpu-syntactic-h9olkgc6.json"", ""--disable-semantic-fallback""]","== match report for /home/arjaiswal/Polygeist/issues/aten_c_kernels/results/aten_embedding_bag_backward_max_cpu/debuf.mlir ==
  match          body#[0]  memset_zero_1D_f32
  total: 1 matched / 1 bodies
",0,[],0,0,0,0,/home/arjaiswal/Polygeist/issues/aten_c_kernels/results/aten_embedding_bag_backward_max_cpu/debuf.mlir,2849,0,1,1,657.3030538856983,0,64712,0.021360814571380615,0,2,0,0,"[{""body_indices"": [0], ""symbol"": ""memset_zero_1D_f32""}]",1,0,4,0.0,4
aten,aten_embedding_bag_backward_max_cpu,/home/arjaiswal/Polygeist/issues/aten_c_kernels/results/aten_embedding_bag_backward_max_cpu/debuf.mlir,4417ba9fdcd816ba0705fc1a8c8053af0e542dde7ac3c3c2de183150acffd2a3,syntactic,2,ok,0,1639.211855828762,0,"[""/usr/bin/python3"", ""/home/arjaiswal/Polygeist/scripts/correctness/kernel_match_rewrite.py"", ""/home/arjaiswal/Polygeist/issues/aten_c_kernels/results/aten_embedding_bag_backward_max_cpu/debuf.mlir"", ""--dry-run"", ""--matcher-mode"", ""syntactic"", ""--telemetry-json"", ""/home/arjaiswal/Polygeist/issues/equality_saturation_eval/campaign_20260908/aten-aten_embedding_bag_backward_max_cpu-syntactic-l32270tj.json"", ""--disable-semantic-fallback""]","== match report for /home/arjaiswal/Polygeist/issues/aten_c_kernels/results/aten_embedding_bag_backward_max_cpu/debuf.mlir ==
  match          body#[0]  memset_zero_1D_f32
  total: 1 matched / 1 bodies
",0,[],0,0,0,0,/home/arjaiswal/Polygeist/issues/aten_c_kernels/results/aten_embedding_bag_backward_max_cpu/debuf.mlir,2849,0,1,1,627.1839998662472,0,64888,0.021692365407943726,0,2,0,0,"[{""body_indices"": [0], ""symbol"": ""memset_zero_1D_f32""}]",1,0,4,0.0,4
aten,aten_embedding_bag_backward_max_cpu,/home/arjaiswal/Polygeist/issues/aten_c_kernels/results/aten_embedding_bag_backward_max_cpu/debuf.mlir,4417ba9fdcd816ba0705fc1a8c8053af0e542dde7ac3c3c2de183150acffd2a3,egglog,2,ok,0,2404.6297036111355,0,"[""/usr/bin/python3"", ""/home/arjaiswal/Polygeist/scripts/correctness/kernel_match_rewrite.py"", ""/home/arjaiswal/Polygeist/issues/aten_c_kernels/results/aten_embedding_bag_backward_max_cpu/debuf.mlir"", ""--dry-run"", ""--matcher-mode"", ""egglog"", ""--telemetry-json"", ""/home/arjaiswal/Polygeist/issues/equality_saturation_eval/campaign_20260908/aten-aten_embedding_bag_backward_max_cpu-egglog-3y9ef60u.json"", ""--disable-semantic-fallback""]","== match report for /home/arjaiswal/Polygeist/issues/aten_c_kernels/results/aten_embedding_bag_backward_max_cpu/debuf.mlir ==
  match          body#[0]  memset_zero_1D_f32
  total: 1 matched / 1 bodies
",0,[],0,0,0,0,/home/arjaiswal/Polygeist/issues/aten_c_kernels/results/aten_embedding_bag_backward_max_cpu/debuf.mlir,2849,8,1,1,1058.5324205458164,0,69588,71.44545763731003,2,2,0,0,"[{""body_indices"": [0], ""symbol"": ""memset_zero_1D_f32""}]",1,0,0,0.0,4
aten,aten_embedding_bag_backward_max_cpu,/home/arjaiswal/Polygeist/issues/aten_c_kernels/results/aten_embedding_bag_backward_max_cpu/debuf.mlir,4417ba9fdcd816ba0705fc1a8c8053af0e542dde7ac3c3c2de183150acffd2a3,egglog,3,ok,0,1776.276856660843,0,"[""/usr/bin/python3"", ""/home/arjaiswal/Polygeist/scripts/correctness/kernel_match_rewrite.py"", ""/home/arjaiswal/Polygeist/issues/aten_c_kernels/results/aten_embedding_bag_backward_max_cpu/debuf.mlir"", ""--dry-run"", ""--matcher-mode"", ""egglog"", ""--telemetry-json"", ""/home/arjaiswal/Polygeist/issues/equality_saturation_eval/campaign_20260908/aten-aten_embedding_bag_backward_max_cpu-egglog-2f752hmd.json"", ""--disable-semantic-fallback""]","== match report for /home/arjaiswal/Polygeist/issues/aten_c_kernels/results/aten_embedding_bag_backward_max_cpu/debuf.mlir ==
  match          body#[0]  memset_zero_1D_f32
  total: 1 matched / 1 bodies
",0,[],0,0,0,0,/home/arjaiswal/Polygeist/issues/aten_c_kernels/results/aten_embedding_bag_backward_max_cpu/debuf.mlir,2849,8,1,1,675.7148616015911,0,69472,40.92935472726822,2,2,0,0,"[{""body_indices"": [0], ""symbol"": ""memset_zero_1D_f32""}]",1,0,0,0.0,4
aten,aten_embedding_bag_backward_max_cpu,/home/arjaiswal/Polygeist/issues/aten_c_kernels/results/aten_embedding_bag_backward_max_cpu/debuf.mlir,4417ba9fdcd816ba0705fc1a8c8053af0e542dde7ac3c3c2de183150acffd2a3,syntactic,3,ok,0,1662.5426597893238,0,"[""/usr/bin/python3"", ""/home/arjaiswal/Polygeist/scripts/correctness/kernel_match_rewrite.py"", ""/home/arjaiswal/Polygeist/issues/aten_c_kernels/results/aten_embedding_bag_backward_max_cpu/debuf.mlir"", ""--dry-run"", ""--matcher-mode"", ""syntactic"", ""--telemetry-json"", ""/home/arjaiswal/Polygeist/issues/equality_saturation_eval/campaign_20260908/aten-aten_embedding_bag_backward_max_cpu-syntactic-ssaor3in.json"", ""--disable-semantic-fallback""]","== match report for /home/arjaiswal/Polygeist/issues/aten_c_kernels/results/aten_embedding_bag_backward_max_cpu/debuf.mlir ==
  match          body#[0]  memset_zero_1D_f32
  total: 1 matched / 1 bodies
",0,[],0,0,0,0,/home/arjaiswal/Polygeist/issues/aten_c_kernels/results/aten_embedding_bag_backward_max_cpu/debuf.mlir,2849,0,1,1,626.8347464501858,0,64616,0.020541250705718994,0,2,0,0,"[{""body_indices"": [0], ""symbol"": ""memset_zero_1D_f32""}]",1,0,4,0.0,4
aten,aten_embedding_bag_backward_max_cpu,/home/arjaiswal/Polygeist/issues/aten_c_kernels/results/aten_embedding_bag_backward_max_cpu/debuf.mlir,4417ba9fdcd816ba0705fc1a8c8053af0e542dde7ac3c3c2de183150acffd2a3,syntactic,4,ok,0,1674.3948608636856,0,"[""/usr/bin/python3"", ""/home/arjaiswal/Polygeist/scripts/correctness/kernel_match_rewrite.py"", ""/home/arjaiswal/Polygeist/issues/aten_c_kernels/results/aten_embedding_bag_backward_max_cpu/debuf.mlir"", ""--dry-run"", ""--matcher-mode"", ""syntactic"", ""--telemetry-json"", ""/home/arjaiswal/Polygeist/issues/equality_saturation_eval/campaign_20260908/aten-aten_embedding_bag_backward_max_cpu-syntactic-01q48ko0.json"", ""--disable-semantic-fallback""]","== match report for /home/arjaiswal/Polygeist/issues/aten_c_kernels/results/aten_embedding_bag_backward_max_cpu/debuf.mlir ==
  match          body#[0]  memset_zero_1D_f32
  total: 1 matched / 1 bodies
",0,[],0,0,0,0,/home/arjaiswal/Polygeist/issues/aten_c_kernels/results/aten_embedding_bag_backward_max_cpu/debuf.mlir,2849,0,1,1,647.8878259658813,0,64648,0.020366162061691284,0,2,0,0,"[{""body_indices"": [0], ""symbol"": ""memset_zero_1D_f32""}]",1,0,4,0.0,4
aten,aten_embedding_bag_backward_max_cpu,/home/arjaiswal/Polygeist/issues/aten_c_kernels/results/aten_embedding_bag_backward_max_cpu/debuf.mlir,4417ba9fdcd816ba0705fc1a8c8053af0e542dde7ac3c3c2de183150acffd2a3,egglog,4,ok,0,2118.5208410024643,0,"[""/usr/bin/python3"", ""/home/arjaiswal/Polygeist/scripts/correctness/kernel_match_rewrite.py"", ""/home/arjaiswal/Polygeist/issues/aten_c_kernels/results/aten_embedding_bag_backward_max_cpu/debuf.mlir"", ""--dry-run"", ""--matcher-mode"", ""egglog"", ""--telemetry-json"", ""/home/arjaiswal/Polygeist/issues/equality_saturation_eval/campaign_20260908/aten-aten_embedding_bag_backward_max_cpu-egglog-5wqjcrae.json"", ""--disable-semantic-fallback""]","== match report for /home/arjaiswal/Polygeist/issues/aten_c_kernels/results/aten_embedding_bag_backward_max_cpu/debuf.mlir ==
  match          body#[0]  memset_zero_1D_f32
  total: 1 matched / 1 bodies
",0,[],0,0,0,0,/home/arjaiswal/Polygeist/issues/aten_c_kernels/results/aten_embedding_bag_backward_max_cpu/debuf.mlir,2849,8,1,1,811.5693144500256,0,69344,38.425035774707794,2,2,0,0,"[{""body_indices"": [0], ""symbol"": ""memset_zero_1D_f32""}]",1,0,0,0.0,4
aten,aten_embedding_bag_backward_max_cpu,/home/arjaiswal/Polygeist/issues/aten_c_kernels/results/aten_embedding_bag_backward_max_cpu/debuf.mlir,4417ba9fdcd816ba0705fc1a8c8053af0e542dde7ac3c3c2de183150acffd2a3,egglog,5,ok,0,1706.7188024520874,0,"[""/usr/bin/python3"", ""/home/arjaiswal/Polygeist/scripts/correctness/kernel_match_rewrite.py"", ""/home/arjaiswal/Polygeist/issues/aten_c_kernels/results/aten_embedding_bag_backward_max_cpu/debuf.mlir"", ""--dry-run"", ""--matcher-mode"", ""egglog"", ""--telemetry-json"", ""/home/arjaiswal/Polygeist/issues/equality_saturation_eval/campaign_20260908/aten-aten_embedding_bag_backward_max_cpu-egglog-287m9ix9.json"", ""--disable-semantic-fallback""]","== match report for /home/arjaiswal/Polygeist/issues/aten_c_kernels/results/aten_embedding_bag_backward_max_cpu/debuf.mlir ==
  match          body#[0]  memset_zero_1D_f32
  total: 1 matched / 1 bodies
",0,[],0,0,0,0,/home/arjaiswal/Polygeist/issues/aten_c_kernels/results/aten_embedding_bag_backward_max_cpu/debuf.mlir,2849,8,1,1,683.5138015449047,0,69424,58.580901473760605,2,2,0,0,"[{""body_indices"": [0], ""symbol"": ""memset_zero_1D_f32""}]",1,0,0,0.0,4
aten,aten_embedding_bag_backward_max_cpu,/home/arjaiswal/Polygeist/issues/aten_c_kernels/results/aten_embedding_bag_backward_max_cpu/debuf.mlir,4417ba9fdcd816ba0705fc1a8c8053af0e542dde7ac3c3c2de183150acffd2a3,syntactic,5,ok,0,1668.4205830097198,0,"[""/usr/bin/python3"", ""/home/arjaiswal/Polygeist/scripts/correctness/kernel_match_rewrite.py"", ""/home/arjaiswal/Polygeist/issues/aten_c_kernels/results/aten_embedding_bag_backward_max_cpu/debuf.mlir"", ""--dry-run"", ""--matcher-mode"", ""syntactic"", ""--telemetry-json"", ""/home/arjaiswal/Polygeist/issues/equality_saturation_eval/campaign_20260908/aten-aten_embedding_bag_backward_max_cpu-syntactic-ak1q_y86.json"", ""--disable-semantic-fallback""]","== match report for /home/arjaiswal/Polygeist/issues/aten_c_kernels/results/aten_embedding_bag_backward_max_cpu/debuf.mlir ==
  match          body#[0]  memset_zero_1D_f32
  total: 1 matched / 1 bodies
",0,[],0,0,0,0,/home/arjaiswal/Polygeist/issues/aten_c_kernels/results/aten_embedding_bag_backward_max_cpu/debuf.mlir,2849,0,1,1,651.1575654149055,0,64480,0.02171844244003296,0,2,0,0,"[{""body_indices"": [0], ""symbol"": ""memset_zero_1D_f32""}]",1,0,4,0.0,4
aten,aten_embedding_bag_backward_sum_cpu,/home/arjaiswal/Polygeist/issues/aten_c_kernels/results/aten_embedding_bag_backward_sum_cpu/debuf.mlir,4d12a87db3a13faa74258cbb140b5c194d963067aa6cb693fe41f3b484107feb,syntactic,1,ok,0,819.6620531380177,0,"[""/usr/bin/python3"", ""/home/arjaiswal/Polygeist/scripts/correctness/kernel_match_rewrite.py"", ""/home/arjaiswal/Polygeist/issues/aten_c_kernels/results/aten_embedding_bag_backward_sum_cpu/debuf.mlir"", ""--dry-run"", ""--matcher-mode"", ""syntactic"", ""--telemetry-json"", ""/home/arjaiswal/Polygeist/issues/equality_saturation_eval/campaign_20260908/aten-aten_embedding_bag_backward_sum_cpu-syntactic-dzdcn_t8.json"", ""--disable-semantic-fallback""]","== match report for /home/arjaiswal/Polygeist/issues/aten_c_kernels/results/aten_embedding_bag_backward_sum_cpu/debuf.mlir ==
  match          body#[0]  memset_zero_1D_f32
  total: 1 matched / 1 bodies
",0,[],0,0,0,0,/home/arjaiswal/Polygeist/issues/aten_c_kernels/results/aten_embedding_bag_backward_sum_cpu/debuf.mlir,3005,0,1,1,277.8369374573231,0,64920,0.018734484910964966,0,2,0,0,"[{""body_indices"": [0], ""symbol"": ""memset_zero_1D_f32""}]",1,0,4,0.0,4
aten,aten_embedding_bag_backward_sum_cpu,/home/arjaiswal/Polygeist/issues/aten_c_kernels/results/aten_embedding_bag_backward_sum_cpu/debuf.mlir,4d12a87db3a13faa74258cbb140b5c194d963067aa6cb693fe41f3b484107feb,egglog,1,ok,0,876.5952810645103,0,"[""/usr/bin/python3"", ""/home/arjaiswal/Polygeist/scripts/correctness/kernel_match_rewrite.py"", ""/home/arjaiswal/Polygeist/issues/aten_c_kernels/results/aten_embedding_bag_backward_sum_cpu/debuf.mlir"", ""--dry-run"", ""--matcher-mode"", ""egglog"", ""--telemetry-json"", ""/home/arjaiswal/Polygeist/issues/equality_saturation_eval/campaign_20260908/aten-aten_embedding_bag_backward_sum_cpu-egglog-b6szbxas.json"", ""--disable-semantic-fallback""]","== match report for /home/arjaiswal/Polygeist/issues/aten_c_kernels/results/aten_embedding_bag_backward_sum_cpu/debuf.mlir ==
  match          body#[0]  memset_zero_1D_f32
  total: 1 matched / 1 bodies
",0,[],0,0,0,0,/home/arjaiswal/Polygeist/issues/aten_c_kernels/results/aten_embedding_bag_backward_sum_cpu/debuf.mlir,3005,8,1,1,317.1488679945469,0,69516,22.577758878469467,2,2,0,0,"[{""body_indices"": [0], ""symbol"": ""memset_zero_1D_f32""}]",1,0,0,0.0,4
aten,aten_embedding_bag_backward_sum_cpu,/home/arjaiswal/Polygeist/issues/aten_c_kernels/results/aten_embedding_bag_backward_sum_cpu/debuf.mlir,4d12a87db3a13faa74258cbb140b5c194d963067aa6cb693fe41f3b484107feb,egglog,2,ok,0,822.1415355801582,0,"[""/usr/bin/python3"", ""/home/arjaiswal/Polygeist/scripts/correctness/kernel_match_rewrite.py"", ""/home/arjaiswal/Polygeist/issues/aten_c_kernels/results/aten_embedding_bag_backward_sum_cpu/debuf.mlir"", ""--dry-run"", ""--matcher-mode"", ""egglog"", ""--telemetry-json"", ""/home/arjaiswal/Polygeist/issues/equality_saturation_eval/campaign_20260908/aten-aten_embedding_bag_backward_sum_cpu-egglog-g4vadi29.json"", ""--disable-semantic-fallback""]","== match report for /home/arjaiswal/Polygeist/issues/aten_c_kernels/results/aten_embedding_bag_backward_sum_cpu/debuf.mlir ==
  match          body#[0]  memset_zero_1D_f32
  total: 1 matched / 1 bodies
",0,[],0,0,0,0,/home/arjaiswal/Polygeist/issues/aten_c_kernels/results/aten_embedding_bag_backward_sum_cpu/debuf.mlir,3005,8,1,1,332.6183892786503,0,69360,23.16899597644806,2,2,0,0,"[{""body_indices"": [0], ""symbol"": ""memset_zero_1D_f32""}]",1,0,0,0.0,4
aten,aten_embedding_bag_backward_sum_cpu,/home/arjaiswal/Polygeist/issues/aten_c_kernels/results/aten_embedding_bag_backward_sum_cpu/debuf.mlir,4d12a87db3a13faa74258cbb140b5c194d963067aa6cb693fe41f3b484107feb,syntactic,2,ok,0,839.7405073046684,0,"[""/usr/bin/python3"", ""/home/arjaiswal/Polygeist/scripts/correctness/kernel_match_rewrite.py"", ""/home/arjaiswal/Polygeist/issues/aten_c_kernels/results/aten_embedding_bag_backward_sum_cpu/debuf.mlir"", ""--dry-run"", ""--matcher-mode"", ""syntactic"", ""--telemetry-json"", ""/home/arjaiswal/Polygeist/issues/equality_saturation_eval/campaign_20260908/aten-aten_embedding_bag_backward_sum_cpu-syntactic-pbu1lf4a.json"", ""--disable-semantic-fallback""]","== match report for /home/arjaiswal/Polygeist/issues/aten_c_kernels/results/aten_embedding_bag_backward_sum_cpu/debuf.mlir ==
  match          body#[0]  memset_zero_1D_f32
  total: 1 matched / 1 bodies
",0,[],0,0,0,0,/home/arjaiswal/Polygeist/issues/aten_c_kernels/results/aten_embedding_bag_backward_sum_cpu/debuf.mlir,3005,0,1,1,287.5785455107689,0,64764,0.03794580698013306,0,2,0,0,"[{""body_indices"": [0], ""symbol"": ""memset_zero_1D_f32""}]",1,0,4,0.0,4
aten,aten_embedding_bag_backward_sum_cpu,/home/arjaiswal/Polygeist/issues/aten_c_kernels/results/aten_embedding_bag_backward_sum_cpu/debuf.mlir,4d12a87db3a13faa74258cbb140b5c194d963067aa6cb693fe41f3b484107feb,syntactic,3,ok,0,968.4534929692745,0,"[""/usr/bin/python3"", ""/home/arjaiswal/Polygeist/scripts/correctness/kernel_match_rewrite.py"", ""/home/arjaiswal/Polygeist/issues/aten_c_kernels/results/aten_embedding_bag_backward_sum_cpu/debuf.mlir"", ""--dry-run"", ""--matcher-mode"", ""syntactic"", ""--telemetry-json"", ""/home/arjaiswal/Polygeist/issues/equality_saturation_eval/campaign_20260908/aten-aten_embedding_bag_backward_sum_cpu-syntactic-f2lauf73.json"", ""--disable-semantic-fallback""]","== match report for /home/arjaiswal/Polygeist/issues/aten_c_kernels/results/aten_embedding_bag_backward_sum_cpu/debuf.mlir ==
  match          body#[0]  memset_zero_1D_f32
  total: 1 matched / 1 bodies
",0,[],0,0,0,0,/home/arjaiswal/Polygeist/issues/aten_c_kernels/results/aten_embedding_bag_backward_sum_cpu/debuf.mlir,3005,0,1,1,311.8218518793583,0,64632,0.022802501916885376,0,2,0,0,"[{""body_indices"": [0], ""symbol"": ""memset_zero_1D_f32""}]",1,0,4,0.0,4
aten,aten_embedding_bag_backward_sum_cpu,/home/arjaiswal/Polygeist/issues/aten_c_kernels/results/aten_embedding_bag_backward_sum_cpu/debuf.mlir,4d12a87db3a13faa74258cbb140b5c194d963067aa6cb693fe41f3b484107feb,egglog,3,ok,0,1266.3303390145302,0,"[""/usr/bin/python3"", ""/home/arjaiswal/Polygeist/scripts/correctness/kernel_match_rewrite.py"", ""/home/arjaiswal/Polygeist/issues/aten_c_kernels/results/aten_embedding_bag_backward_sum_cpu/debuf.mlir"", ""--dry-run"", ""--matcher-mode"", ""egglog"", ""--telemetry-json"", ""/home/arjaiswal/Polygeist/issues/equality_saturation_eval/campaign_20260908/aten-aten_embedding_bag_backward_sum_cpu-egglog-x5w880f8.json"", ""--disable-semantic-fallback""]","== match report for /home/arjaiswal/Polygeist/issues/aten_c_kernels/results/aten_embedding_bag_backward_sum_cpu/debuf.mlir ==
  match          body#[0]  memset_zero_1D_f32
  total: 1 matched / 1 bodies
",0,[],0,0,0,0,/home/arjaiswal/Polygeist/issues/aten_c_kernels/results/aten_embedding_bag_backward_sum_cpu/debuf.mlir,3005,8,1,1,340.04296362400055,0,69164,23.164052516222,2,2,0,0,"[{""body_indices"": [0], ""symbol"": ""memset_zero_1D_f32""}]",1,0,0,0.0,4
aten,aten_embedding_bag_backward_sum_cpu,/home/arjaiswal/Polygeist/issues/aten_c_kernels/results/aten_embedding_bag_backward_sum_cpu/debuf.mlir,4d12a87db3a13faa74258cbb140b5c194d963067aa6cb693fe41f3b484107feb,egglog,4,ok,0,862.6643307507038,0,"[""/usr/bin/python3"", ""/home/arjaiswal/Polygeist/scripts/correctness/kernel_match_rewrite.py"", ""/home/arjaiswal/Polygeist/issues/aten_c_kernels/results/aten_embedding_bag_backward_sum_cpu/debuf.mlir"", ""--dry-run"", ""--matcher-mode"", ""egglog"", ""--telemetry-json"", ""/home/arjaiswal/Polygeist/issues/equality_saturation_eval/campaign_20260908/aten-aten_embedding_bag_backward_sum_cpu-egglog-7q4l6ufx.json"", ""--disable-semantic-fallback""]","== match report for /home/arjaiswal/Polygeist/issues/aten_c_kernels/results/aten_embedding_bag_backward_sum_cpu/debuf.mlir ==
  match          body#[0]  memset_zero_1D_f32
  total: 1 matched / 1 bodies
",0,[],0,0,0,0,/home/arjaiswal/Polygeist/issues/aten_c_kernels/results/aten_embedding_bag_backward_sum_cpu/debuf.mlir,3005,8,1,1,329.7283723950386,0,69468,21.664775907993317,2,2,0,0,"[{""body_indices"": [0], ""symbol"": ""memset_zero_1D_f32""}]",1,0,0,0.0,4
aten,aten_embedding_bag_backward_sum_cpu,/home/arjaiswal/Polygeist/issues/aten_c_kernels/results/aten_embedding_bag_backward_sum_cpu/debuf.mlir,4d12a87db3a13faa74258cbb140b5c194d963067aa6cb693fe41f3b484107feb,syntactic,4,ok,0,878.2810904085636,0,"[""/usr/bin/python3"", ""/home/arjaiswal/Polygeist/scripts/correctness/kernel_match_rewrite.py"", ""/home/arjaiswal/Polygeist/issues/aten_c_kernels/results/aten_embedding_bag_backward_sum_cpu/debuf.mlir"", ""--dry-run"", ""--matcher-mode"", ""syntactic"", ""--telemetry-json"", ""/home/arjaiswal/Polygeist/issues/equality_saturation_eval/campaign_20260908/aten-aten_embedding_bag_backward_sum_cpu-syntactic-6y_w1xo5.json"", ""--disable-semantic-fallback""]","== match report for /home/arjaiswal/Polygeist/issues/aten_c_kernels/results/aten_embedding_bag_backward_sum_cpu/debuf.mlir ==
  match          body#[0]  memset_zero_1D_f32
  total: 1 matched / 1 bodies
",0,[],0,0,0,0,/home/arjaiswal/Polygeist/issues/aten_c_kernels/results/aten_embedding_bag_backward_sum_cpu/debuf.mlir,3005,0,1,1,299.1511896252632,0,64792,0.02107769250869751,0,2,0,0,"[{""body_indices"": [0], ""symbol"": ""memset_zero_1D_f32""}]",1,0,4,0.0,4
aten,aten_embedding_bag_backward_sum_cpu,/home/arjaiswal/Polygeist/issues/aten_c_kernels/results/aten_embedding_bag_backward_sum_cpu/debuf.mlir,4d12a87db3a13faa74258cbb140b5c194d963067aa6cb693fe41f3b484107feb,syntactic,5,ok,0,1508.9449621737003,0,"[""/usr/bin/python3"", ""/home/arjaiswal/Polygeist/scripts/correctness/kernel_match_rewrite.py"", ""/home/arjaiswal/Polygeist/issues/aten_c_kernels/results/aten_embedding_bag_backward_sum_cpu/debuf.mlir"", ""--dry-run"", ""--matcher-mode"", ""syntactic"", ""--telemetry-json"", ""/home/arjaiswal/Polygeist/issues/equality_saturation_eval/campaign_20260908/aten-aten_embedding_bag_backward_sum_cpu-syntactic-rgtjrcj_.json"", ""--disable-semantic-fallback""]","== match report for /home/arjaiswal/Polygeist/issues/aten_c_kernels/results/aten_embedding_bag_backward_sum_cpu/debuf.mlir ==
  match          body#[0]  memset_zero_1D_f32
  total: 1 matched / 1 bodies
",0,[],0,0,0,0,/home/arjaiswal/Polygeist/issues/aten_c_kernels/results/aten_embedding_bag_backward_sum_cpu/debuf.mlir,3005,0,1,1,518.6424478888512,0,64584,0.021632760763168335,0,2,0,0,"[{""body_indices"": [0], ""symbol"": ""memset_zero_1D_f32""}]",1,0,4,0.0,4
aten,aten_embedding_bag_backward_sum_cpu,/home/arjaiswal/Polygeist/issues/aten_c_kernels/results/aten_embedding_bag_backward_sum_cpu/debuf.mlir,4d12a87db3a13faa74258cbb140b5c194d963067aa6cb693fe41f3b484107feb,egglog,5,ok,0,2475.404977798462,0,"[""/usr/bin/python3"", ""/home/arjaiswal/Polygeist/scripts/correctness/kernel_match_rewrite.py"", ""/home/arjaiswal/Polygeist/issues/aten_c_kernels/results/aten_embedding_bag_backward_sum_cpu/debuf.mlir"", ""--dry-run"", ""--matcher-mode"", ""egglog"", ""--telemetry-json"", ""/home/arjaiswal/Polygeist/issues/equality_saturation_eval/campaign_20260908/aten-aten_embedding_bag_backward_sum_cpu-egglog-6x2ef4_g.json"", ""--disable-semantic-fallback""]","== match report for /home/arjaiswal/Polygeist/issues/aten_c_kernels/results/aten_embedding_bag_backward_sum_cpu/debuf.mlir ==
  match          body#[0]  memset_zero_1D_f32
  total: 1 matched / 1 bodies
",0,[],0,0,0,0,/home/arjaiswal/Polygeist/issues/aten_c_kernels/results/aten_embedding_bag_backward_sum_cpu/debuf.mlir,3005,8,1,1,1043.9728647470474,0,69460,69.7871632874012,2,2,0,0,"[{""body_indices"": [0], ""symbol"": ""memset_zero_1D_f32""}]",1,0,0,0.0,4
aten,aten_embedding_bag_counts_cpu,/home/arjaiswal/Polygeist/issues/aten_c_kernels/results/aten_embedding_bag_counts_cpu/debuf.mlir,ebf4b48ac0f5e6f70088ed188b9fbf7bea7df0d23e979d0a04036fb94c41cefe,egglog,1,ok,0,1748.5133148729801,0,"[""/usr/bin/python3"", ""/home/arjaiswal/Polygeist/scripts/correctness/kernel_match_rewrite.py"", ""/home/arjaiswal/Polygeist/issues/aten_c_kernels/results/aten_embedding_bag_counts_cpu/debuf.mlir"", ""--dry-run"", ""--matcher-mode"", ""egglog"", ""--telemetry-json"", ""/home/arjaiswal/Polygeist/issues/equality_saturation_eval/campaign_20260908/aten-aten_embedding_bag_counts_cpu-egglog-r4zolwz6.json"", ""--disable-semantic-fallback""]","== match report for /home/arjaiswal/Polygeist/issues/aten_c_kernels/results/aten_embedding_bag_counts_cpu/debuf.mlir ==
  rank_or_dtype_reject body#0  memset_zero_1D
  total: 0 matched / 1 bodies
",0,[],0,0,0,0,/home/arjaiswal/Polygeist/issues/aten_c_kernels/results/aten_embedding_bag_counts_cpu/debuf.mlir,2213,8,1,0,559.5800429582596,0,69472,28.065767139196396,2,2,0,0,[],0,0,0,0.0,4
aten,aten_embedding_bag_counts_cpu,/home/arjaiswal/Polygeist/issues/aten_c_kernels/results/aten_embedding_bag_counts_cpu/debuf.mlir,ebf4b48ac0f5e6f70088ed188b9fbf7bea7df0d23e979d0a04036fb94c41cefe,syntactic,1,ok,0,816.6123926639557,0,"[""/usr/bin/python3"", ""/home/arjaiswal/Polygeist/scripts/correctness/kernel_match_rewrite.py"", ""/home/arjaiswal/Polygeist/issues/aten_c_kernels/results/aten_embedding_bag_counts_cpu/debuf.mlir"", ""--dry-run"", ""--matcher-mode"", ""syntactic"", ""--telemetry-json"", ""/home/arjaiswal/Polygeist/issues/equality_saturation_eval/campaign_20260908/aten-aten_embedding_bag_counts_cpu-syntactic-1tyr3st2.json"", ""--disable-semantic-fallback""]","== match report for /home/arjaiswal/Polygeist/issues/aten_c_kernels/results/aten_embedding_bag_counts_cpu/debuf.mlir ==
  rank_or_dtype_reject body#0  memset_zero_1D
  total: 0 matched / 1 bodies
",0,[],0,0,0,0,/home/arjaiswal/Polygeist/issues/aten_c_kernels/results/aten_embedding_bag_counts_cpu/debuf.mlir,2213,0,1,0,295.3455187380314,0,64488,0.02035871148109436,0,2,0,0,[],0,0,4,0.0,4
aten,aten_embedding_bag_counts_cpu,/home/arjaiswal/Polygeist/issues/aten_c_kernels/results/aten_embedding_bag_counts_cpu/debuf.mlir,ebf4b48ac0f5e6f70088ed188b9fbf7bea7df0d23e979d0a04036fb94c41cefe,syntactic,2,ok,0,1053.5580515861511,0,"[""/usr/bin/python3"", ""/home/arjaiswal/Polygeist/scripts/correctness/kernel_match_rewrite.py"", ""/home/arjaiswal/Polygeist/issues/aten_c_kernels/results/aten_embedding_bag_counts_cpu/debuf.mlir"", ""--dry-run"", ""--matcher-mode"", ""syntactic"", ""--telemetry-json"", ""/home/arjaiswal/Polygeist/issues/equality_saturation_eval/campaign_20260908/aten-aten_embedding_bag_counts_cpu-syntactic-5_gumnba.json"", ""--disable-semantic-fallback""]","== match report for /home/arjaiswal/Polygeist/issues/aten_c_kernels/results/aten_embedding_bag_counts_cpu/debuf.mlir ==
  rank_or_dtype_reject body#0  memset_zero_1D
  total: 0 matched / 1 bodies
",0,[],0,0,0,0,/home/arjaiswal/Polygeist/issues/aten_c_kernels/results/aten_embedding_bag_counts_cpu/debuf.mlir,2213,0,1,0,329.55674082040787,0,64740,0.020604580640792847,0,2,0,0,[],0,0,4,0.0,4
aten,aten_embedding_bag_counts_cpu,/home/arjaiswal/Polygeist/issues/aten_c_kernels/results/aten_embedding_bag_counts_cpu/debuf.mlir,ebf4b48ac0f5e6f70088ed188b9fbf7bea7df0d23e979d0a04036fb94c41cefe,egglog,2,ok,0,858.7957806885242,0,"[""/usr/bin/python3"", ""/home/arjaiswal/Polygeist/scripts/correctness/kernel_match_rewrite.py"", ""/home/arjaiswal/Polygeist/issues/aten_c_kernels/results/aten_embedding_bag_counts_cpu/debuf.mlir"", ""--dry-run"", ""--matcher-mode"", ""egglog"", ""--telemetry-json"", ""/home/arjaiswal/Polygeist/issues/equality_saturation_eval/campaign_20260908/aten-aten_embedding_bag_counts_cpu-egglog-dtd31v0a.json"", ""--disable-semantic-fallback""]","== match report for /home/arjaiswal/Polygeist/issues/aten_c_kernels/results/aten_embedding_bag_counts_cpu/debuf.mlir ==
  rank_or_dtype_reject body#0  memset_zero_1D
  total: 0 matched / 1 bodies
",0,[],0,0,0,0,/home/arjaiswal/Polygeist/issues/aten_c_kernels/results/aten_embedding_bag_counts_cpu/debuf.mlir,2213,8,1,0,318.69902461767197,0,69280,22.8562168776989,2,2,0,0,[],0,0,0,0.0,4
aten,aten_embedding_bag_counts_cpu,/home/arjaiswal/Polygeist/issues/aten_c_kernels/results/aten_embedding_bag_counts_cpu/debuf.mlir,ebf4b48ac0f5e6f70088ed188b9fbf7bea7df0d23e979d0a04036fb94c41cefe,egglog,3,ok,0,821.202740073204,0,"[""/usr/bin/python3"", ""/home/arjaiswal/Polygeist/scripts/correctness/kernel_match_rewrite.py"", ""/home/arjaiswal/Polygeist/issues/aten_c_kernels/results/aten_embedding_bag_counts_cpu/debuf.mlir"", ""--dry-run"", ""--matcher-mode"", ""egglog"", ""--telemetry-json"", ""/home/arjaiswal/Polygeist/issues/equality_saturation_eval/campaign_20260908/aten-aten_embedding_bag_counts_cpu-egglog-68bthe53.json"", ""--disable-semantic-fallback""]","== match report for /home/arjaiswal/Polygeist/issues/aten_c_kernels/results/aten_embedding_bag_counts_cpu/debuf.mlir ==
  rank_or_dtype_reject body#0  memset_zero_1D
  total: 0 matched / 1 bodies
",0,[],0,0,0,0,/home/arjaiswal/Polygeist/issues/aten_c_kernels/results/aten_embedding_bag_counts_cpu/debuf.mlir,2213,8,1,0,308.51510539650917,0,69512,22.785581648349762,2,2,0,0,[],0,0,0,0.0,4
aten,aten_embedding_bag_counts_cpu,/home/arjaiswal/Polygeist/issues/aten_c_kernels/results/aten_embedding_bag_counts_cpu/debuf.mlir,ebf4b48ac0f5e6f70088ed188b9fbf7bea7df0d23e979d0a04036fb94c41cefe,syntactic,3,ok,0,784.7282849252224,0,"[""/usr/bin/python3"", ""/home/arjaiswal/Polygeist/scripts/correctness/kernel_match_rewrite.py"", ""/home/arjaiswal/Polygeist/issues/aten_c_kernels/results/aten_embedding_bag_counts_cpu/debuf.mlir"", ""--dry-run"", ""--matcher-mode"", ""syntactic"", ""--telemetry-json"", ""/home/arjaiswal/Polygeist/issues/equality_saturation_eval/campaign_20260908/aten-aten_embedding_bag_counts_cpu-syntactic-sa771e7t.json"", ""--disable-semantic-fallback""]","== match report for /home/arjaiswal/Polygeist/issues/aten_c_kernels/results/aten_embedding_bag_counts_cpu/debuf.mlir ==
  rank_or_dtype_reject body#0  memset_zero_1D
  total: 0 matched / 1 bodies
",0,[],0,0,0,0,/home/arjaiswal/Polygeist/issues/aten_c_kernels/results/aten_embedding_bag_counts_cpu/debuf.mlir,2213,0,1,0,300.4720248281956,0,64684,0.01879781484603882,0,2,0,0,[],0,0,4,0.0,4
aten,aten_embedding_bag_counts_cpu,/home/arjaiswal/Polygeist/issues/aten_c_kernels/results/aten_embedding_bag_counts_cpu/debuf.mlir,ebf4b48ac0f5e6f70088ed188b9fbf7bea7df0d23e979d0a04036fb94c41cefe,syntactic,4,ok,0,2321.8851052224636,0,"[""/usr/bin/python3"", ""/home/arjaiswal/Polygeist/scripts/correctness/kernel_match_rewrite.py"", ""/home/arjaiswal/Polygeist/issues/aten_c_kernels/results/aten_embedding_bag_counts_cpu/debuf.mlir"", ""--dry-run"", ""--matcher-mode"", ""syntactic"", ""--telemetry-json"", ""/home/arjaiswal/Polygeist/issues/equality_saturation_eval/campaign_20260908/aten-aten_embedding_bag_counts_cpu-syntactic-hk40cr3_.json"", ""--disable-semantic-fallback""]","== match report for /home/arjaiswal/Polygeist/issues/aten_c_kernels/results/aten_embedding_bag_counts_cpu/debuf.mlir ==
  rank_or_dtype_reject body#0  memset_zero_1D
  total: 0 matched / 1 bodies
",0,[],0,0,0,0,/home/arjaiswal/Polygeist/issues/aten_c_kernels/results/aten_embedding_bag_counts_cpu/debuf.mlir,2213,0,1,0,1108.4741987287998,0,64348,0.027224421501159668,0,2,0,0,[],0,0,4,0.0,4
aten,aten_embedding_bag_counts_cpu,/home/arjaiswal/Polygeist/issues/aten_c_kernels/results/aten_embedding_bag_counts_cpu/debuf.mlir,ebf4b48ac0f5e6f70088ed188b9fbf7bea7df0d23e979d0a04036fb94c41cefe,egglog,4,ok,0,2542.6503494381905,0,"[""/usr/bin/python3"", ""/home/arjaiswal/Polygeist/scripts/correctness/kernel_match_rewrite.py"", ""/home/arjaiswal/Polygeist/issues/aten_c_kernels/results/aten_embedding_bag_counts_cpu/debuf.mlir"", ""--dry-run"", ""--matcher-mode"", ""egglog"", ""--telemetry-json"", ""/home/arjaiswal/Polygeist/issues/equality_saturation_eval/campaign_20260908/aten-aten_embedding_bag_counts_cpu-egglog-wz2bu9lt.json"", ""--disable-semantic-fallback""]","== match report for /home/arjaiswal/Polygeist/issues/aten_c_kernels/results/aten_embedding_bag_counts_cpu/debuf.mlir ==
  rank_or_dtype_reject body#0  memset_zero_1D
  total: 0 matched / 1 bodies
",0,[],0,0,0,0,/home/arjaiswal/Polygeist/issues/aten_c_kernels/results/aten_embedding_bag_counts_cpu/debuf.mlir,2213,8,1,0,1186.6510547697544,0,69272,79.16762307286263,2,2,0,0,[],0,0,0,0.0,4
aten,aten_embedding_bag_counts_cpu,/home/arjaiswal/Polygeist/issues/aten_c_kernels/results/aten_embedding_bag_counts_cpu/debuf.mlir,ebf4b48ac0f5e6f70088ed188b9fbf7bea7df0d23e979d0a04036fb94c41cefe,egglog,5,ok,0,858.1087775528431,0,"[""/usr/bin/python3"", ""/home/arjaiswal/Polygeist/scripts/correctness/kernel_match_rewrite.py"", ""/home/arjaiswal/Polygeist/issues/aten_c_kernels/results/aten_embedding_bag_counts_cpu/debuf.mlir"", ""--dry-run"", ""--matcher-mode"", ""egglog"", ""--telemetry-json"", ""/home/arjaiswal/Polygeist/issues/equality_saturation_eval/campaign_20260908/aten-aten_embedding_bag_counts_cpu-egglog-kopj3wp3.json"", ""--disable-semantic-fallback""]","== match report for /home/arjaiswal/Polygeist/issues/aten_c_kernels/results/aten_embedding_bag_counts_cpu/debuf.mlir ==
  rank_or_dtype_reject body#0  memset_zero_1D
  total: 0 matched / 1 bodies
",0,[],0,0,0,0,/home/arjaiswal/Polygeist/issues/aten_c_kernels/results/aten_embedding_bag_counts_cpu/debuf.mlir,2213,8,1,0,325.8255422115326,0,69360,22.48750999569893,2,2,0,0,[],0,0,0,0.0,4
aten,aten_embedding_bag_counts_cpu,/home/arjaiswal/Polygeist/issues/aten_c_kernels/results/aten_embedding_bag_counts_cpu/debuf.mlir,ebf4b48ac0f5e6f70088ed188b9fbf7bea7df0d23e979d0a04036fb94c41cefe,syntactic,5,ok,0,869.1646307706833,0,"[""/usr/bin/python3"", ""/home/arjaiswal/Polygeist/scripts/correctness/kernel_match_rewrite.py"", ""/home/arjaiswal/Polygeist/issues/aten_c_kernels/results/aten_embedding_bag_counts_cpu/debuf.mlir"", ""--dry-run"", ""--matcher-mode"", ""syntactic"", ""--telemetry-json"", ""/home/arjaiswal/Polygeist/issues/equality_saturation_eval/campaign_20260908/aten-aten_embedding_bag_counts_cpu-syntactic-b2trsbvs.json"", ""--disable-semantic-fallback""]","== match report for /home/arjaiswal/Polygeist/issues/aten_c_kernels/results/aten_embedding_bag_counts_cpu/debuf.mlir ==
  rank_or_dtype_reject body#0  memset_zero_1D
  total: 0 matched / 1 bodies
",0,[],0,0,0,0,/home/arjaiswal/Polygeist/issues/aten_c_kernels/results/aten_embedding_bag_counts_cpu/debuf.mlir,2213,0,1,0,321.9172731041908,0,64640,0.0223405659198761,0,2,0,0,[],0,0,4,0.0,4
aten,aten_embedding_bag_counts_uniq_cpu,/home/arjaiswal/Polygeist/issues/aten_c_kernels/results/aten_embedding_bag_counts_uniq_cpu/debuf.mlir,6548e4fb52bbf311bb8e2b9f831fa26a07998237e4efcad5a6ad86a894dc1e47,syntactic,1,ok,0,797.5955195724964,0,"[""/usr/bin/python3"", ""/home/arjaiswal/Polygeist/scripts/correctness/kernel_match_rewrite.py"", ""/home/arjaiswal/Polygeist/issues/aten_c_kernels/results/aten_embedding_bag_counts_uniq_cpu/debuf.mlir"", ""--dry-run"", ""--matcher-mode"", ""syntactic"", ""--telemetry-json"", ""/home/arjaiswal/Polygeist/issues/equality_saturation_eval/campaign_20260908/aten-aten_embedding_bag_counts_uniq_cpu-syntactic-cwcr9ees.json"", ""--disable-semantic-fallback""]","== match report for /home/arjaiswal/Polygeist/issues/aten_c_kernels/results/aten_embedding_bag_counts_uniq_cpu/debuf.mlir ==
  rank_or_dtype_reject body#0  memset_zero_1D
  no_match       body#1  ?
  total: 0 matched / 2 bodies
",0,[],0,0,0,0,/home/arjaiswal/Polygeist/issues/aten_c_kernels/results/aten_embedding_bag_counts_uniq_cpu/debuf.mlir,2638,0,2,0,286.31509095430374,1,64980,0.020738691091537476,0,2,0,0,[],0,0,4,0.0,4
aten,aten_embedding_bag_counts_uniq_cpu,/home/arjaiswal/Polygeist/issues/aten_c_kernels/results/aten_embedding_bag_counts_uniq_cpu/debuf.mlir,6548e4fb52bbf311bb8e2b9f831fa26a07998237e4efcad5a6ad86a894dc1e47,egglog,1,ok,0,874.6299222111702,0,"[""/usr/bin/python3"", ""/home/arjaiswal/Polygeist/scripts/correctness/kernel_match_rewrite.py"", ""/home/arjaiswal/Polygeist/issues/aten_c_kernels/results/aten_embedding_bag_counts_uniq_cpu/debuf.mlir"", ""--dry-run"", ""--matcher-mode"", ""egglog"", ""--telemetry-json"", ""/home/arjaiswal/Polygeist/issues/equality_saturation_eval/campaign_20260908/aten-aten_embedding_bag_counts_uniq_cpu-egglog-gu3bfi55.json"", ""--disable-semantic-fallback""]","== match report for /home/arjaiswal/Polygeist/issues/aten_c_kernels/results/aten_embedding_bag_counts_uniq_cpu/debuf.mlir ==
  rank_or_dtype_reject body#0  memset_zero_1D
  no_match       body#1  ?
  total: 0 matched / 2 bodies
",0,[],0,0,0,0,/home/arjaiswal/Polygeist/issues/aten_c_kernels/results/aten_embedding_bag_counts_uniq_cpu/debuf.mlir,2638,8,2,0,405.1519148051739,1,69264,21.758411079645157,2,2,0,0,[],0,0,0,0.0,4
aten,aten_embedding_bag_counts_uniq_cpu,/home/arjaiswal/Polygeist/issues/aten_c_kernels/results/aten_embedding_bag_counts_uniq_cpu/debuf.mlir,6548e4fb52bbf311bb8e2b9f831fa26a07998237e4efcad5a6ad86a894dc1e47,egglog,2,ok,0,1105.2680127322674,0,"[""/usr/bin/python3"", ""/home/arjaiswal/Polygeist/scripts/correctness/kernel_match_rewrite.py"", ""/home/arjaiswal/Polygeist/issues/aten_c_kernels/results/aten_embedding_bag_counts_uniq_cpu/debuf.mlir"", ""--dry-run"", ""--matcher-mode"", ""egglog"", ""--telemetry-json"", ""/home/arjaiswal/Polygeist/issues/equality_saturation_eval/campaign_20260908/aten-aten_embedding_bag_counts_uniq_cpu-egglog-775k3xaz.json"", ""--disable-semantic-fallback""]","== match report for /home/arjaiswal/Polygeist/issues/aten_c_kernels/results/aten_embedding_bag_counts_uniq_cpu/debuf.mlir ==
  rank_or_dtype_reject body#0  memset_zero_1D
  no_match       body#1  ?
  total: 0 matched / 2 bodies
",0,[],0,0,0,0,/home/arjaiswal/Polygeist/issues/aten_c_kernels/results/aten_embedding_bag_counts_uniq_cpu/debuf.mlir,2638,8,2,0,457.18496665358543,1,69360,40.14919698238373,2,2,0,0,[],0,0,0,0.0,4
aten,aten_embedding_bag_counts_uniq_cpu,/home/arjaiswal/Polygeist/issues/aten_c_kernels/results/aten_embedding_bag_counts_uniq_cpu/debuf.mlir,6548e4fb52bbf311bb8e2b9f831fa26a07998237e4efcad5a6ad86a894dc1e47,syntactic,2,ok,0,1890.2361392974854,0,"[""/usr/bin/python3"", ""/home/arjaiswal/Polygeist/scripts/correctness/kernel_match_rewrite.py"", ""/home/arjaiswal/Polygeist/issues/aten_c_kernels/results/aten_embedding_bag_counts_uniq_cpu/debuf.mlir"", ""--dry-run"", ""--matcher-mode"", ""syntactic"", ""--telemetry-json"", ""/home/arjaiswal/Polygeist/issues/equality_saturation_eval/campaign_20260908/aten-aten_embedding_bag_counts_uniq_cpu-syntactic-jg_fgbxc.json"", ""--disable-semantic-fallback""]","== match report for /home/arjaiswal/Polygeist/issues/aten_c_kernels/results/aten_embedding_bag_counts_uniq_cpu/debuf.mlir ==
  rank_or_dtype_reject body#0  memset_zero_1D
  no_match       body#1  ?
  total: 0 matched / 2 bodies
",0,[],0,0,0,0,/home/arjaiswal/Polygeist/issues/aten_c_kernels/results/aten_embedding_bag_counts_uniq_cpu/debuf.mlir,2638,0,2,0,823.9644505083561,1,64980,0.02251937985420227,0,2,0,0,[],0,0,4,0.0,4
aten,aten_embedding_bag_counts_uniq_cpu,/home/arjaiswal/Polygeist/issues/aten_c_kernels/results/aten_embedding_bag_counts_uniq_cpu/debuf.mlir,6548e4fb52bbf311bb8e2b9f831fa26a07998237e4efcad5a6ad86a894dc1e47,syntactic,3,ok,0,2049.3416860699654,0,"[""/usr/bin/python3"", ""/home/arjaiswal/Polygeist/scripts/correctness/kernel_match_rewrite.py"", ""/home/arjaiswal/Polygeist/issues/aten_c_kernels/results/aten_embedding_bag_counts_uniq_cpu/debuf.mlir"", ""--dry-run"", ""--matcher-mode"", ""syntactic"", ""--telemetry-json"", ""/home/arjaiswal/Polygeist/issues/equality_saturation_eval/campaign_20260908/aten-aten_embedding_bag_counts_uniq_cpu-syntactic-5ffkmxv0.json"", ""--disable-semantic-fallback""]","== match report for /home/arjaiswal/Polygeist/issues/aten_c_kernels/results/aten_embedding_bag_counts_uniq_cpu/debuf.mlir ==
  rank_or_dtype_reject body#0  memset_zero_1D
  no_match       body#1  ?
  total: 0 matched / 2 bodies
",0,[],0,0,0,0,/home/arjaiswal/Polygeist/issues/aten_c_kernels/results/aten_embedding_bag_counts_uniq_cpu/debuf.mlir,2638,0,2,0,686.6616606712341,1,64724,0.018775463104248047,0,2,0,0,[],0,0,4,0.0,4
aten,aten_embedding_bag_counts_uniq_cpu,/home/arjaiswal/Polygeist/issues/aten_c_kernels/results/aten_embedding_bag_counts_uniq_cpu/debuf.mlir,6548e4fb52bbf311bb8e2b9f831fa26a07998237e4efcad5a6ad86a894dc1e47,egglog,3,ok,0,1701.327834278345,0,"[""/usr/bin/python3"", ""/home/arjaiswal/Polygeist/scripts/correctness/kernel_match_rewrite.py"", ""/home/arjaiswal/Polygeist/issues/aten_c_kernels/results/aten_embedding_bag_counts_uniq_cpu/debuf.mlir"", ""--dry-run"", ""--matcher-mode"", ""egglog"", ""--telemetry-json"", ""/home/arjaiswal/Polygeist/issues/equality_saturation_eval/campaign_20260908/aten-aten_embedding_bag_counts_uniq_cpu-egglog-3dzllqp8.json"", ""--disable-semantic-fallback""]","== match report for /home/arjaiswal/Polygeist/issues/aten_c_kernels/results/aten_embedding_bag_counts_uniq_cpu/debuf.mlir ==
  rank_or_dtype_reject body#0  memset_zero_1D
  no_match       body#1  ?
  total: 0 matched / 2 bodies
",0,[],0,0,0,0,/home/arjaiswal/Polygeist/issues/aten_c_kernels/results/aten_embedding_bag_counts_uniq_cpu/debuf.mlir,2638,8,2,0,685.0035600364208,1,69644,47.50695824623108,2,2,0,0,[],0,0,0,0.0,4
aten,aten_embedding_bag_counts_uniq_cpu,/home/arjaiswal/Polygeist/issues/aten_c_kernels/results/aten_embedding_bag_counts_uniq_cpu/debuf.mlir,6548e4fb52bbf311bb8e2b9f831fa26a07998237e4efcad5a6ad86a894dc1e47,egglog,4,ok,0,1689.5238421857357,0,"[""/usr/bin/python3"", ""/home/arjaiswal/Polygeist/scripts/correctness/kernel_match_rewrite.py"", ""/home/arjaiswal/Polygeist/issues/aten_c_kernels/results/aten_embedding_bag_counts_uniq_cpu/debuf.mlir"", ""--dry-run"", ""--matcher-mode"", ""egglog"", ""--telemetry-json"", ""/home/arjaiswal/Polygeist/issues/equality_saturation_eval/campaign_20260908/aten-aten_embedding_bag_counts_uniq_cpu-egglog-lmn8a_rm.json"", ""--disable-semantic-fallback""]","== match report for /home/arjaiswal/Polygeist/issues/aten_c_kernels/results/aten_embedding_bag_counts_uniq_cpu/debuf.mlir ==
  rank_or_dtype_reject body#0  memset_zero_1D
  no_match       body#1  ?
  total: 0 matched / 2 bodies
",0,[],0,0,0,0,/home/arjaiswal/Polygeist/issues/aten_c_kernels/results/aten_embedding_bag_counts_uniq_cpu/debuf.mlir,2638,8,2,0,723.188366740942,1,69500,35.76585650444031,2,2,0,0,[],0,0,0,0.0,4
aten,aten_embedding_bag_counts_uniq_cpu,/home/arjaiswal/Polygeist/issues/aten_c_kernels/results/aten_embedding_bag_counts_uniq_cpu/debuf.mlir,6548e4fb52bbf311bb8e2b9f831fa26a07998237e4efcad5a6ad86a894dc1e47,syntactic,4,ok,0,1202.1419182419777,0,"[""/usr/bin/python3"", ""/home/arjaiswal/Polygeist/scripts/correctness/kernel_match_rewrite.py"", ""/home/arjaiswal/Polygeist/issues/aten_c_kernels/results/aten_embedding_bag_counts_uniq_cpu/debuf.mlir"", ""--dry-run"", ""--matcher-mode"", ""syntactic"", ""--telemetry-json"", ""/home/arjaiswal/Polygeist/issues/equality_saturation_eval/campaign_20260908/aten-aten_embedding_bag_counts_uniq_cpu-syntactic-6e6lhi3x.json"", ""--disable-semantic-fallback""]","== match report for /home/arjaiswal/Polygeist/issues/aten_c_kernels/results/aten_embedding_bag_counts_uniq_cpu/debuf.mlir ==
  rank_or_dtype_reject body#0  memset_zero_1D
  no_match       body#1  ?
  total: 0 matched / 2 bodies
",0,[],0,0,0,0,/home/arjaiswal/Polygeist/issues/aten_c_kernels/results/aten_embedding_bag_counts_uniq_cpu/debuf.mlir,2638,0,2,0,335.88339015841484,1,64768,0.019356608390808105,0,2,0,0,[],0,0,4,0.0,4
aten,aten_embedding_bag_counts_uniq_cpu,/home/arjaiswal/Polygeist/issues/aten_c_kernels/results/aten_embedding_bag_counts_uniq_cpu/debuf.mlir,6548e4fb52bbf311bb8e2b9f831fa26a07998237e4efcad5a6ad86a894dc1e47,syntactic,5,ok,0,796.820692718029,0,"[""/usr/bin/python3"", ""/home/arjaiswal/Polygeist/scripts/correctness/kernel_match_rewrite.py"", ""/home/arjaiswal/Polygeist/issues/aten_c_kernels/results/aten_embedding_bag_counts_uniq_cpu/debuf.mlir"", ""--dry-run"", ""--matcher-mode"", ""syntactic"", ""--telemetry-json"", ""/home/arjaiswal/Polygeist/issues/equality_saturation_eval/campaign_20260908/aten-aten_embedding_bag_counts_uniq_cpu-syntactic-1e69yva1.json"", ""--disable-semantic-fallback""]","== match report for /home/arjaiswal/Polygeist/issues/aten_c_kernels/results/aten_embedding_bag_counts_uniq_cpu/debuf.mlir ==
  rank_or_dtype_reject body#0  memset_zero_1D
  no_match       body#1  ?
  total: 0 matched / 2 bodies
",0,[],0,0,0,0,/home/arjaiswal/Polygeist/issues/aten_c_kernels/results/aten_embedding_bag_counts_uniq_cpu/debuf.mlir,2638,0,2,0,311.0688738524914,1,64688,0.02029910683631897,0,2,0,0,[],0,0,4,0.0,4
aten,aten_embedding_bag_counts_uniq_cpu,/home/arjaiswal/Polygeist/issues/aten_c_kernels/results/aten_embedding_bag_counts_uniq_cpu/debuf.mlir,6548e4fb52bbf311bb8e2b9f831fa26a07998237e4efcad5a6ad86a894dc1e47,egglog,5,ok,0,905.7340882718563,0,"[""/usr/bin/python3"", ""/home/arjaiswal/Polygeist/scripts/correctness/kernel_match_rewrite.py"", ""/home/arjaiswal/Polygeist/issues/aten_c_kernels/results/aten_embedding_bag_counts_uniq_cpu/debuf.mlir"", ""--dry-run"", ""--matcher-mode"", ""egglog"", ""--telemetry-json"", ""/home/arjaiswal/Polygeist/issues/equality_saturation_eval/campaign_20260908/aten-aten_embedding_bag_counts_uniq_cpu-egglog-_ogyocq2.json"", ""--disable-semantic-fallback""]","== match report for /home/arjaiswal/Polygeist/issues/aten_c_kernels/results/aten_embedding_bag_counts_uniq_cpu/debuf.mlir ==
  rank_or_dtype_reject body#0  memset_zero_1D
  no_match       body#1  ?
  total: 0 matched / 2 bodies
",0,[],0,0,0,0,/home/arjaiswal/Polygeist/issues/aten_c_kernels/results/aten_embedding_bag_counts_uniq_cpu/debuf.mlir,2638,8,2,0,329.2097710072994,1,69360,22.832848131656647,2,2,0,0,[],0,0,0,0.0,4
aten,aten_embedding_bag_max_cpu,/home/arjaiswal/Polygeist/issues/aten_c_kernels/results/aten_embedding_bag_max_cpu/debuf.mlir,a3a6e9c7cdc3f753265971830641d99e9cb44338b46c5f7cbc5732b1dbca2b4e,egglog,1,ok,0,2447.210043668747,0,"[""/usr/bin/python3"", ""/home/arjaiswal/Polygeist/scripts/correctness/kernel_match_rewrite.py"", ""/home/arjaiswal/Polygeist/issues/aten_c_kernels/results/aten_embedding_bag_max_cpu/debuf.mlir"", ""--dry-run"", ""--matcher-mode"", ""egglog"", ""--telemetry-json"", ""/home/arjaiswal/Polygeist/issues/equality_saturation_eval/campaign_20260908/aten-aten_embedding_bag_max_cpu-egglog-ddvmoo5f.json"", ""--disable-semantic-fallback""]","== match report for /home/arjaiswal/Polygeist/issues/aten_c_kernels/results/aten_embedding_bag_max_cpu/debuf.mlir ==
  total: 0 matched / 0 bodies
",0,[],0,0,0,0,/home/arjaiswal/Polygeist/issues/aten_c_kernels/results/aten_embedding_bag_max_cpu/debuf.mlir,3156,8,0,0,925.1197017729282,0,64808,0.0,0,0,0,0,[],0,0,0,0.0,0
aten,aten_embedding_bag_max_cpu,/home/arjaiswal/Polygeist/issues/aten_c_kernels/results/aten_embedding_bag_max_cpu/debuf.mlir,a3a6e9c7cdc3f753265971830641d99e9cb44338b46c5f7cbc5732b1dbca2b4e,syntactic,1,ok,0,1259.3557313084602,0,"[""/usr/bin/python3"", ""/home/arjaiswal/Polygeist/scripts/correctness/kernel_match_rewrite.py"", ""/home/arjaiswal/Polygeist/issues/aten_c_kernels/results/aten_embedding_bag_max_cpu/debuf.mlir"", ""--dry-run"", ""--matcher-mode"", ""syntactic"", ""--telemetry-json"", ""/home/arjaiswal/Polygeist/issues/equality_saturation_eval/campaign_20260908/aten-aten_embedding_bag_max_cpu-syntactic-1p9ih2ur.json"", ""--disable-semantic-fallback""]","== match report for /home/arjaiswal/Polygeist/issues/aten_c_kernels/results/aten_embedding_bag_max_cpu/debuf.mlir ==
  total: 0 matched / 0 bodies
",0,[],0,0,0,0,/home/arjaiswal/Polygeist/issues/aten_c_kernels/results/aten_embedding_bag_max_cpu/debuf.mlir,3156,0,0,0,443.85505095124245,0,64868,0.0,0,0,0,0,[],0,0,0,0.0,0
aten,aten_embedding_bag_max_cpu,/home/arjaiswal/Polygeist/issues/aten_c_kernels/results/aten_embedding_bag_max_cpu/debuf.mlir,a3a6e9c7cdc3f753265971830641d99e9cb44338b46c5f7cbc5732b1dbca2b4e,syntactic,2,ok,0,1625.2955682575703,0,"[""/usr/bin/python3"", ""/home/arjaiswal/Polygeist/scripts/correctness/kernel_match_rewrite.py"", ""/home/arjaiswal/Polygeist/issues/aten_c_kernels/results/aten_embedding_bag_max_cpu/debuf.mlir"", ""--dry-run"", ""--matcher-mode"", ""syntactic"", ""--telemetry-json"", ""/home/arjaiswal/Polygeist/issues/equality_saturation_eval/campaign_20260908/aten-aten_embedding_bag_max_cpu-syntactic-k1dr37oi.json"", ""--disable-semantic-fallback""]","== match report for /home/arjaiswal/Polygeist/issues/aten_c_kernels/results/aten_embedding_bag_max_cpu/debuf.mlir ==
  total: 0 matched / 0 bodies
",0,[],0,0,0,0,/home/arjaiswal/Polygeist/issues/aten_c_kernels/results/aten_embedding_bag_max_cpu/debuf.mlir,3156,0,0,0,613.7977540493011,0,64804,0.0,0,0,0,0,[],0,0,0,0.0,0
aten,aten_embedding_bag_max_cpu,/home/arjaiswal/Polygeist/issues/aten_c_kernels/results/aten_embedding_bag_max_cpu/debuf.mlir,a3a6e9c7cdc3f753265971830641d99e9cb44338b46c5f7cbc5732b1dbca2b4e,egglog,2,ok,0,1933.4383942186832,0,"[""/usr/bin/python3"", ""/home/arjaiswal/Polygeist/scripts/correctness/kernel_match_rewrite.py"", ""/home/arjaiswal/Polygeist/issues/aten_c_kernels/results/aten_embedding_bag_max_cpu/debuf.mlir"", ""--dry-run"", ""--matcher-mode"", ""egglog"", ""--telemetry-json"", ""/home/arjaiswal/Polygeist/issues/equality_saturation_eval/campaign_20260908/aten-aten_embedding_bag_max_cpu-egglog-gnjtan55.json"", ""--disable-semantic-fallback""]","== match report for /home/arjaiswal/Polygeist/issues/aten_c_kernels/results/aten_embedding_bag_max_cpu/debuf.mlir ==
  total: 0 matched / 0 bodies
",0,[],0,0,0,0,/home/arjaiswal/Polygeist/issues/aten_c_kernels/results/aten_embedding_bag_max_cpu/debuf.mlir,3156,8,0,0,888.2767222821712,0,64492,0.0,0,0,0,0,[],0,0,0,0.0,0
aten,aten_embedding_bag_max_cpu,/home/arjaiswal/Polygeist/issues/aten_c_kernels/results/aten_embedding_bag_max_cpu/debuf.mlir,a3a6e9c7cdc3f753265971830641d99e9cb44338b46c5f7cbc5732b1dbca2b4e,egglog,3,ok,0,1273.3747176826,0,"[""/usr/bin/python3"", ""/home/arjaiswal/Polygeist/scripts/correctness/kernel_match_rewrite.py"", ""/home/arjaiswal/Polygeist/issues/aten_c_kernels/results/aten_embedding_bag_max_cpu/debuf.mlir"", ""--dry-run"", ""--matcher-mode"", ""egglog"", ""--telemetry-json"", ""/home/arjaiswal/Polygeist/issues/equality_saturation_eval/campaign_20260908/aten-aten_embedding_bag_max_cpu-egglog-af95e6ap.json"", ""--disable-semantic-fallback""]","== match report for /home/arjaiswal/Polygeist/issues/aten_c_kernels/results/aten_embedding_bag_max_cpu/debuf.mlir ==
  total: 0 matched / 0 bodies
",0,[],0,0,0,0,/home/arjaiswal/Polygeist/issues/aten_c_kernels/results/aten_embedding_bag_max_cpu/debuf.mlir,3156,8,0,0,396.831750869751,0,64896,0.0,0,0,0,0,[],0,0,0,0.0,0
aten,aten_embedding_bag_max_cpu,/home/arjaiswal/Polygeist/issues/aten_c_kernels/results/aten_embedding_bag_max_cpu/debuf.mlir,a3a6e9c7cdc3f753265971830641d99e9cb44338b46c5f7cbc5732b1dbca2b4e,syntactic,3,ok,0,740.3948865830898,0,"[""/usr/bin/python3"", ""/home/arjaiswal/Polygeist/scripts/correctness/kernel_match_rewrite.py"", ""/home/arjaiswal/Polygeist/issues/aten_c_kernels/results/aten_embedding_bag_max_cpu/debuf.mlir"", ""--dry-run"", ""--matcher-mode"", ""syntactic"", ""--telemetry-json"", ""/home/arjaiswal/Polygeist/issues/equality_saturation_eval/campaign_20260908/aten-aten_embedding_bag_max_cpu-syntactic-qi33k2sy.json"", ""--disable-semantic-fallback""]","== match report for /home/arjaiswal/Polygeist/issues/aten_c_kernels/results/aten_embedding_bag_max_cpu/debuf.mlir ==
  total: 0 matched / 0 bodies
",0,[],0,0,0,0,/home/arjaiswal/Polygeist/issues/aten_c_kernels/results/aten_embedding_bag_max_cpu/debuf.mlir,3156,0,0,0,269.0453268587589,0,64460,0.0,0,0,0,0,[],0,0,0,0.0,0
aten,aten_embedding_bag_max_cpu,/home/arjaiswal/Polygeist/issues/aten_c_kernels/results/aten_embedding_bag_max_cpu/debuf.mlir,a3a6e9c7cdc3f753265971830641d99e9cb44338b46c5f7cbc5732b1dbca2b4e,syntactic,4,ok,0,824.9281570315361,0,"[""/usr/bin/python3"", ""/home/arjaiswal/Polygeist/scripts/correctness/kernel_match_rewrite.py"", ""/home/arjaiswal/Polygeist/issues/aten_c_kernels/results/aten_embedding_bag_max_cpu/debuf.mlir"", ""--dry-run"", ""--matcher-mode"", ""syntactic"", ""--telemetry-json"", ""/home/arjaiswal/Polygeist/issues/equality_saturation_eval/campaign_20260908/aten-aten_embedding_bag_max_cpu-syntactic-c01k9wam.json"", ""--disable-semantic-fallback""]","== match report for /home/arjaiswal/Polygeist/issues/aten_c_kernels/results/aten_embedding_bag_max_cpu/debuf.mlir ==
  total: 0 matched / 0 bodies
",0,[],0,0,0,0,/home/arjaiswal/Polygeist/issues/aten_c_kernels/results/aten_embedding_bag_max_cpu/debuf.mlir,3156,0,0,0,293.26338320970535,0,64424,0.0,0,0,0,0,[],0,0,0,0.0,0
aten,aten_embedding_bag_max_cpu,/home/arjaiswal/Polygeist/issues/aten_c_kernels/results/aten_embedding_bag_max_cpu/debuf.mlir,a3a6e9c7cdc3f753265971830641d99e9cb44338b46c5f7cbc5732b1dbca2b4e,egglog,4,ok,0,1004.6573802828789,0,"[""/usr/bin/python3"", ""/home/arjaiswal/Polygeist/scripts/correctness/kernel_match_rewrite.py"", ""/home/arjaiswal/Polygeist/issues/aten_c_kernels/results/aten_embedding_bag_max_cpu/debuf.mlir"", ""--dry-run"", ""--matcher-mode"", ""egglog"", ""--telemetry-json"", ""/home/arjaiswal/Polygeist/issues/equality_saturation_eval/campaign_20260908/aten-aten_embedding_bag_max_cpu-egglog-77tgz9nm.json"", ""--disable-semantic-fallback""]","== match report for /home/arjaiswal/Polygeist/issues/aten_c_kernels/results/aten_embedding_bag_max_cpu/debuf.mlir ==
  total: 0 matched / 0 bodies
",0,[],0,0,0,0,/home/arjaiswal/Polygeist/issues/aten_c_kernels/results/aten_embedding_bag_max_cpu/debuf.mlir,3156,8,0,0,401.6417860984802,0,64608,0.0,0,0,0,0,[],0,0,0,0.0,0
aten,aten_embedding_bag_max_cpu,/home/arjaiswal/Polygeist/issues/aten_c_kernels/results/aten_embedding_bag_max_cpu/debuf.mlir,a3a6e9c7cdc3f753265971830641d99e9cb44338b46c5f7cbc5732b1dbca2b4e,egglog,5,ok,0,1118.2563714683056,0,"[""/usr/bin/python3"", ""/home/arjaiswal/Polygeist/scripts/correctness/kernel_match_rewrite.py"", ""/home/arjaiswal/Polygeist/issues/aten_c_kernels/results/aten_embedding_bag_max_cpu/debuf.mlir"", ""--dry-run"", ""--matcher-mode"", ""egglog"", ""--telemetry-json"", ""/home/arjaiswal/Polygeist/issues/equality_saturation_eval/campaign_20260908/aten-aten_embedding_bag_max_cpu-egglog-9ufoc6vw.json"", ""--disable-semantic-fallback""]","== match report for /home/arjaiswal/Polygeist/issues/aten_c_kernels/results/aten_embedding_bag_max_cpu/debuf.mlir ==
  total: 0 matched / 0 bodies
",0,[],0,0,0,0,/home/arjaiswal/Polygeist/issues/aten_c_kernels/results/aten_embedding_bag_max_cpu/debuf.mlir,3156,8,0,0,547.5327111780643,0,64660,0.0,0,0,0,0,[],0,0,0,0.0,0
aten,aten_embedding_bag_max_cpu,/home/arjaiswal/Polygeist/issues/aten_c_kernels/results/aten_embedding_bag_max_cpu/debuf.mlir,a3a6e9c7cdc3f753265971830641d99e9cb44338b46c5f7cbc5732b1dbca2b4e,syntactic,5,ok,0,1583.6922749876976,0,"[""/usr/bin/python3"", ""/home/arjaiswal/Polygeist/scripts/correctness/kernel_match_rewrite.py"", ""/home/arjaiswal/Polygeist/issues/aten_c_kernels/results/aten_embedding_bag_max_cpu/debuf.mlir"", ""--dry-run"", ""--matcher-mode"", ""syntactic"", ""--telemetry-json"", ""/home/arjaiswal/Polygeist/issues/equality_saturation_eval/campaign_20260908/aten-aten_embedding_bag_max_cpu-syntactic-yp32hryi.json"", ""--disable-semantic-fallback""]","== match report for /home/arjaiswal/Polygeist/issues/aten_c_kernels/results/aten_embedding_bag_max_cpu/debuf.mlir ==
  total: 0 matched / 0 bodies
",0,[],0,0,0,0,/home/arjaiswal/Polygeist/issues/aten_c_kernels/results/aten_embedding_bag_max_cpu/debuf.mlir,3156,0,0,0,625.800684094429,0,64288,0.0,0,0,0,0,[],0,0,0,0.0,0
aten,aten_embedding_bag_per_sample_backward_cpu,/home/arjaiswal/Polygeist/issues/aten_c_kernels/results/aten_embedding_bag_per_sample_backward_cpu/debuf.mlir,30822be1cc550e19027ec6b011d3e2af16247c8b2e72c21bd7bf3d718972af3e,syntactic,1,ok,0,1767.2791853547096,0,"[""/usr/bin/python3"", ""/home/arjaiswal/Polygeist/scripts/correctness/kernel_match_rewrite.py"", ""/home/arjaiswal/Polygeist/issues/aten_c_kernels/results/aten_embedding_bag_per_sample_backward_cpu/debuf.mlir"", ""--dry-run"", ""--matcher-mode"", ""syntactic"", ""--telemetry-json"", ""/home/arjaiswal/Polygeist/issues/equality_saturation_eval/campaign_20260908/aten-aten_embedding_bag_per_sample_backward_cpu-syntactic-y6ia0dlx.json"", ""--disable-semantic-fallback""]","== match report for /home/arjaiswal/Polygeist/issues/aten_c_kernels/results/aten_embedding_bag_per_sample_backward_cpu/debuf.mlir ==
  match          body#[0]  memset_zero_1D_f32
  no_match       body#1  ?
  total: 1 matched / 2 bodies
",0,[],0,0,0,0,/home/arjaiswal/Polygeist/issues/aten_c_kernels/results/aten_embedding_bag_per_sample_backward_cpu/debuf.mlir,3573,0,2,1,798.6680828034878,1,65408,16.203850507736206,0,20,0,0,"[{""body_indices"": [0], ""symbol"": ""memset_zero_1D_f32""}]",1,0,36,0.0,36
aten,aten_embedding_bag_per_sample_backward_cpu,/home/arjaiswal/Polygeist/issues/aten_c_kernels/results/aten_embedding_bag_per_sample_backward_cpu/debuf.mlir,30822be1cc550e19027ec6b011d3e2af16247c8b2e72c21bd7bf3d718972af3e,egglog,1,ok,0,3457.123938947916,0,"[""/usr/bin/python3"", ""/home/arjaiswal/Polygeist/scripts/correctness/kernel_match_rewrite.py"", ""/home/arjaiswal/Polygeist/issues/aten_c_kernels/results/aten_embedding_bag_per_sample_backward_cpu/debuf.mlir"", ""--dry-run"", ""--matcher-mode"", ""egglog"", ""--telemetry-json"", ""/home/arjaiswal/Polygeist/issues/equality_saturation_eval/campaign_20260908/aten-aten_embedding_bag_per_sample_backward_cpu-egglog-4f93e5fq.json"", ""--disable-semantic-fallback""]","== match report for /home/arjaiswal/Polygeist/issues/aten_c_kernels/results/aten_embedding_bag_per_sample_backward_cpu/debuf.mlir ==
  match          body#[0]  memset_zero_1D_f32
  no_match       body#1  ?
  total: 1 matched / 2 bodies
",0,[],0,0,0,0,/home/arjaiswal/Polygeist/issues/aten_c_kernels/results/aten_embedding_bag_per_sample_backward_cpu/debuf.mlir,3573,8,2,1,2019.966647028923,1,69668,718.3801680803299,20,20,0,0,"[{""body_indices"": [0], ""symbol"": ""memset_zero_1D_f32""}]",1,0,0,0.0,36
aten,aten_embedding_bag_per_sample_backward_cpu,/home/arjaiswal/Polygeist/issues/aten_c_kernels/results/aten_embedding_bag_per_sample_backward_cpu/debuf.mlir,30822be1cc550e19027ec6b011d3e2af16247c8b2e72c21bd7bf3d718972af3e,egglog,2,ok,0,3175.6948828697205,0,"[""/usr/bin/python3"", ""/home/arjaiswal/Polygeist/scripts/correctness/kernel_match_rewrite.py"", ""/home/arjaiswal/Polygeist/issues/aten_c_kernels/results/aten_embedding_bag_per_sample_backward_cpu/debuf.mlir"", ""--dry-run"", ""--matcher-mode"", ""egglog"", ""--telemetry-json"", ""/home/arjaiswal/Polygeist/issues/equality_saturation_eval/campaign_20260908/aten-aten_embedding_bag_per_sample_backward_cpu-egglog-t8646fln.json"", ""--disable-semantic-fallback""]","== match report for /home/arjaiswal/Polygeist/issues/aten_c_kernels/results/aten_embedding_bag_per_sample_backward_cpu/debuf.mlir ==
  match          body#[0]  memset_zero_1D_f32
  no_match       body#1  ?
  total: 1 matched / 2 bodies
",0,[],0,0,0,0,/home/arjaiswal/Polygeist/issues/aten_c_kernels/results/aten_embedding_bag_per_sample_backward_cpu/debuf.mlir,3573,8,2,1,1800.767045468092,1,69836,450.08111000061035,20,20,0,0,"[{""body_indices"": [0], ""symbol"": ""memset_zero_1D_f32""}]",1,0,0,0.0,36
aten,aten_embedding_bag_per_sample_backward_cpu,/home/arjaiswal/Polygeist/issues/aten_c_kernels/results/aten_embedding_bag_per_sample_backward_cpu/debuf.mlir,30822be1cc550e19027ec6b011d3e2af16247c8b2e72c21bd7bf3d718972af3e,syntactic,2,ok,0,1847.8249199688435,0,"[""/usr/bin/python3"", ""/home/arjaiswal/Polygeist/scripts/correctness/kernel_match_rewrite.py"", ""/home/arjaiswal/Polygeist/issues/aten_c_kernels/results/aten_embedding_bag_per_sample_backward_cpu/debuf.mlir"", ""--dry-run"", ""--matcher-mode"", ""syntactic"", ""--telemetry-json"", ""/home/arjaiswal/Polygeist/issues/equality_saturation_eval/campaign_20260908/aten-aten_embedding_bag_per_sample_backward_cpu-syntactic-43d7fsmp.json"", ""--disable-semantic-fallback""]","== match report for /home/arjaiswal/Polygeist/issues/aten_c_kernels/results/aten_embedding_bag_per_sample_backward_cpu/debuf.mlir ==
  match          body#[0]  memset_zero_1D_f32
  no_match       body#1  ?
  total: 1 matched / 2 bodies
",0,[],0,0,0,0,/home/arjaiswal/Polygeist/issues/aten_c_kernels/results/aten_embedding_bag_per_sample_backward_cpu/debuf.mlir,3573,0,2,1,874.9504536390305,1,65796,0.194646418094635,0,20,0,0,"[{""body_indices"": [0], ""symbol"": ""memset_zero_1D_f32""}]",1,0,36,0.0,36
aten,aten_embedding_bag_per_sample_backward_cpu,/home/arjaiswal/Polygeist/issues/aten_c_kernels/results/aten_embedding_bag_per_sample_backward_cpu/debuf.mlir,30822be1cc550e19027ec6b011d3e2af16247c8b2e72c21bd7bf3d718972af3e,syntactic,3,ok,0,1742.2298267483711,0,"[""/usr/bin/python3"", ""/home/arjaiswal/Polygeist/scripts/correctness/kernel_match_rewrite.py"", ""/home/arjaiswal/Polygeist/issues/aten_c_kernels/results/aten_embedding_bag_per_sample_backward_cpu/debuf.mlir"", ""--dry-run"", ""--matcher-mode"", ""syntactic"", ""--telemetry-json"", ""/home/arjaiswal/Polygeist/issues/equality_saturation_eval/campaign_20260908/aten-aten_embedding_bag_per_sample_backward_cpu-syntactic-6jlx2ldx.json"", ""--disable-semantic-fallback""]","== match report for /home/arjaiswal/Polygeist/issues/aten_c_kernels/results/aten_embedding_bag_per_sample_backward_cpu/debuf.mlir ==
  match          body#[0]  memset_zero_1D_f32
  no_match       body#1  ?
  total: 1 matched / 2 bodies
",0,[],0,0,0,0,/home/arjaiswal/Polygeist/issues/aten_c_kernels/results/aten_embedding_bag_per_sample_backward_cpu/debuf.mlir,3573,0,2,1,788.3740663528442,1,65864,0.1646280288696289,0,20,0,0,"[{""body_indices"": [0], ""symbol"": ""memset_zero_1D_f32""}]",1,0,36,0.0,36
aten,aten_embedding_bag_per_sample_backward_cpu,/home/arjaiswal/Polygeist/issues/aten_c_kernels/results/aten_embedding_bag_per_sample_backward_cpu/debuf.mlir,30822be1cc550e19027ec6b011d3e2af16247c8b2e72c21bd7bf3d718972af3e,egglog,3,ok,0,2453.8542963564396,0,"[""/usr/bin/python3"", ""/home/arjaiswal/Polygeist/scripts/correctness/kernel_match_rewrite.py"", ""/home/arjaiswal/Polygeist/issues/aten_c_kernels/results/aten_embedding_bag_per_sample_backward_cpu/debuf.mlir"", ""--dry-run"", ""--matcher-mode"", ""egglog"", ""--telemetry-json"", ""/home/arjaiswal/Polygeist/issues/equality_saturation_eval/campaign_20260908/aten-aten_embedding_bag_per_sample_backward_cpu-egglog-7kdwb8lr.json"", ""--disable-semantic-fallback""]","== match report for /home/arjaiswal/Polygeist/issues/aten_c_kernels/results/aten_embedding_bag_per_sample_backward_cpu/debuf.mlir ==
  match          body#[0]  memset_zero_1D_f32
  no_match       body#1  ?
  total: 1 matched / 2 bodies
",0,[],0,0,0,0,/home/arjaiswal/Polygeist/issues/aten_c_kernels/results/aten_embedding_bag_per_sample_backward_cpu/debuf.mlir,3573,8,2,1,1454.161498695612,1,69900,521.3956907391548,20,20,0,0,"[{""body_indices"": [0], ""symbol"": ""memset_zero_1D_f32""}]",1,0,0,0.0,36
aten,aten_embedding_bag_per_sample_backward_cpu,/home/arjaiswal/Polygeist/issues/aten_c_kernels/results/aten_embedding_bag_per_sample_backward_cpu/debuf.mlir,30822be1cc550e19027ec6b011d3e2af16247c8b2e72c21bd7bf3d718972af3e,egglog,4,ok,0,2084.511447697878,0,"[""/usr/bin/python3"", ""/home/arjaiswal/Polygeist/scripts/correctness/kernel_match_rewrite.py"", ""/home/arjaiswal/Polygeist/issues/aten_c_kernels/results/aten_embedding_bag_per_sample_backward_cpu/debuf.mlir"", ""--dry-run"", ""--matcher-mode"", ""egglog"", ""--telemetry-json"", ""/home/arjaiswal/Polygeist/issues/equality_saturation_eval/campaign_20260908/aten-aten_embedding_bag_per_sample_backward_cpu-egglog-549obeq4.json"", ""--disable-semantic-fallback""]","== match report for /home/arjaiswal/Polygeist/issues/aten_c_kernels/results/aten_embedding_bag_per_sample_backward_cpu/debuf.mlir ==
  match          body#[0]  memset_zero_1D_f32
  no_match       body#1  ?
  total: 1 matched / 2 bodies
",0,[],0,0,0,0,/home/arjaiswal/Polygeist/issues/aten_c_kernels/results/aten_embedding_bag_per_sample_backward_cpu/debuf.mlir,3573,8,2,1,1077.953066676855,1,69904,306.02119863033295,20,20,0,0,"[{""body_indices"": [0], ""symbol"": ""memset_zero_1D_f32""}]",1,0,0,0.0,36
aten,aten_embedding_bag_per_sample_backward_cpu,/home/arjaiswal/Polygeist/issues/aten_c_kernels/results/aten_embedding_bag_per_sample_backward_cpu/debuf.mlir,30822be1cc550e19027ec6b011d3e2af16247c8b2e72c21bd7bf3d718972af3e,syntactic,4,ok,0,1803.0938729643822,0,"[""/usr/bin/python3"", ""/home/arjaiswal/Polygeist/scripts/correctness/kernel_match_rewrite.py"", ""/home/arjaiswal/Polygeist/issues/aten_c_kernels/results/aten_embedding_bag_per_sample_backward_cpu/debuf.mlir"", ""--dry-run"", ""--matcher-mode"", ""syntactic"", ""--telemetry-json"", ""/home/arjaiswal/Polygeist/issues/equality_saturation_eval/campaign_20260908/aten-aten_embedding_bag_per_sample_backward_cpu-syntactic-sh9t6h1h.json"", ""--disable-semantic-fallback""]","== match report for /home/arjaiswal/Polygeist/issues/aten_c_kernels/results/aten_embedding_bag_per_sample_backward_cpu/debuf.mlir ==
  match          body#[0]  memset_zero_1D_f32
  no_match       body#1  ?
  total: 1 matched / 2 bodies
",0,[],0,0,0,0,/home/arjaiswal/Polygeist/issues/aten_c_kernels/results/aten_embedding_bag_per_sample_backward_cpu/debuf.mlir,3573,0,2,1,810.1578615605831,1,65540,0.15547126531600952,0,20,0,0,"[{""body_indices"": [0], ""symbol"": ""memset_zero_1D_f32""}]",1,0,36,0.0,36
aten,aten_embedding_bag_per_sample_backward_cpu,/home/arjaiswal/Polygeist/issues/aten_c_kernels/results/aten_embedding_bag_per_sample_backward_cpu/debuf.mlir,30822be1cc550e19027ec6b011d3e2af16247c8b2e72c21bd7bf3d718972af3e,syntactic,5,ok,0,1363.8335391879082,0,"[""/usr/bin/python3"", ""/home/arjaiswal/Polygeist/scripts/correctness/kernel_match_rewrite.py"", ""/home/arjaiswal/Polygeist/issues/aten_c_kernels/results/aten_embedding_bag_per_sample_backward_cpu/debuf.mlir"", ""--dry-run"", ""--matcher-mode"", ""syntactic"", ""--telemetry-json"", ""/home/arjaiswal/Polygeist/issues/equality_saturation_eval/campaign_20260908/aten-aten_embedding_bag_per_sample_backward_cpu-syntactic-gbo49lyq.json"", ""--disable-semantic-fallback""]","== match report for /home/arjaiswal/Polygeist/issues/aten_c_kernels/results/aten_embedding_bag_per_sample_backward_cpu/debuf.mlir ==
  match          body#[0]  memset_zero_1D_f32
  no_match       body#1  ?
  total: 1 matched / 2 bodies
",0,[],0,0,0,0,/home/arjaiswal/Polygeist/issues/aten_c_kernels/results/aten_embedding_bag_per_sample_backward_cpu/debuf.mlir,3573,0,2,1,415.1977710425854,1,65520,0.13256818056106567,0,20,0,0,"[{""body_indices"": [0], ""symbol"": ""memset_zero_1D_f32""}]",1,0,36,0.0,36
aten,aten_embedding_bag_per_sample_backward_cpu,/home/arjaiswal/Polygeist/issues/aten_c_kernels/results/aten_embedding_bag_per_sample_backward_cpu/debuf.mlir,30822be1cc550e19027ec6b011d3e2af16247c8b2e72c21bd7bf3d718972af3e,egglog,5,ok,0,1205.095611512661,0,"[""/usr/bin/python3"", ""/home/arjaiswal/Polygeist/scripts/correctness/kernel_match_rewrite.py"", ""/home/arjaiswal/Polygeist/issues/aten_c_kernels/results/aten_embedding_bag_per_sample_backward_cpu/debuf.mlir"", ""--dry-run"", ""--matcher-mode"", ""egglog"", ""--telemetry-json"", ""/home/arjaiswal/Polygeist/issues/equality_saturation_eval/campaign_20260908/aten-aten_embedding_bag_per_sample_backward_cpu-egglog-3yt3qj61.json"", ""--disable-semantic-fallback""]","== match report for /home/arjaiswal/Polygeist/issues/aten_c_kernels/results/aten_embedding_bag_per_sample_backward_cpu/debuf.mlir ==
  match          body#[0]  memset_zero_1D_f32
  no_match       body#1  ?
  total: 1 matched / 2 bodies
",0,[],0,0,0,0,/home/arjaiswal/Polygeist/issues/aten_c_kernels/results/aten_embedding_bag_per_sample_backward_cpu/debuf.mlir,3573,8,2,1,646.9141505658627,1,69840,227.91775315999985,20,20,0,0,"[{""body_indices"": [0], ""symbol"": ""memset_zero_1D_f32""}]",1,0,0,0.0,36
aten,aten_entr,/home/arjaiswal/Polygeist/issues/aten_c_kernels/results/aten_entr/debuf.mlir,0b231701d5a1379229e8541a7faf30bbc66e33a2a7b20fe5d74cf981a273d9e5,egglog,1,ok,0,936.4941455423832,0,"[""/usr/bin/python3"", ""/home/arjaiswal/Polygeist/scripts/correctness/kernel_match_rewrite.py"", ""/home/arjaiswal/Polygeist/issues/aten_c_kernels/results/aten_entr/debuf.mlir"", ""--dry-run"", ""--matcher-mode"", ""egglog"", ""--telemetry-json"", ""/home/arjaiswal/Polygeist/issues/equality_saturation_eval/campaign_20260908/aten-aten_entr-egglog-j9mfl_3w.json"", ""--disable-semantic-fallback""]","== match report for /home/arjaiswal/Polygeist/issues/aten_c_kernels/results/aten_entr/debuf.mlir ==
  no_match       body#0  ?
  total: 0 matched / 1 bodies
",0,[],0,0,0,0,/home/arjaiswal/Polygeist/issues/aten_c_kernels/results/aten_entr/debuf.mlir,2727,8,1,0,434.63944643735886,1,64988,0.0,0,0,0,0,[],0,0,0,0.0,4
aten,aten_entr,/home/arjaiswal/Polygeist/issues/aten_c_kernels/results/aten_entr/debuf.mlir,0b231701d5a1379229e8541a7faf30bbc66e33a2a7b20fe5d74cf981a273d9e5,syntactic,1,ok,0,1687.9639066755772,0,"[""/usr/bin/python3"", ""/home/arjaiswal/Polygeist/scripts/correctness/kernel_match_rewrite.py"", ""/home/arjaiswal/Polygeist/issues/aten_c_kernels/results/aten_entr/debuf.mlir"", ""--dry-run"", ""--matcher-mode"", ""syntactic"", ""--telemetry-json"", ""/home/arjaiswal/Polygeist/issues/equality_saturation_eval/campaign_20260908/aten-aten_entr-syntactic-veq0lovs.json"", ""--disable-semantic-fallback""]","== match report for /home/arjaiswal/Polygeist/issues/aten_c_kernels/results/aten_entr/debuf.mlir ==
  no_match       body#0  ?
  total: 0 matched / 1 bodies
",0,[],0,0,0,0,/home/arjaiswal/Polygeist/issues/aten_c_kernels/results/aten_entr/debuf.mlir,2727,0,1,0,663.1843820214272,1,64772,0.018302351236343384,0,0,0,0,[],0,0,4,0.0,4
aten,aten_entr,/home/arjaiswal/Polygeist/issues/aten_c_kernels/results/aten_entr/debuf.mlir,0b231701d5a1379229e8541a7faf30bbc66e33a2a7b20fe5d74cf981a273d9e5,syntactic,2,ok,0,2381.3498467206955,0,"[""/usr/bin/python3"", ""/home/arjaiswal/Polygeist/scripts/correctness/kernel_match_rewrite.py"", ""/home/arjaiswal/Polygeist/issues/aten_c_kernels/results/aten_entr/debuf.mlir"", ""--dry-run"", ""--matcher-mode"", ""syntactic"", ""--telemetry-json"", ""/home/arjaiswal/Polygeist/issues/equality_saturation_eval/campaign_20260908/aten-aten_entr-syntactic-329yycpz.json"", ""--disable-semantic-fallback""]","== match report for /home/arjaiswal/Polygeist/issues/aten_c_kernels/results/aten_entr/debuf.mlir ==
  no_match       body#0  ?
  total: 0 matched / 1 bodies
",0,[],0,0,0,0,/home/arjaiswal/Polygeist/issues/aten_c_kernels/results/aten_entr/debuf.mlir,2727,0,1,0,970.7002006471157,1,64596,0.019554048776626587,0,0,0,0,[],0,0,4,0.0,4
aten,aten_entr,/home/arjaiswal/Polygeist/issues/aten_c_kernels/results/aten_entr/debuf.mlir,0b231701d5a1379229e8541a7faf30bbc66e33a2a7b20fe5d74cf981a273d9e5,egglog,2,ok,0,2341.5944278240204,0,"[""/usr/bin/python3"", ""/home/arjaiswal/Polygeist/scripts/correctness/kernel_match_rewrite.py"", ""/home/arjaiswal/Polygeist/issues/aten_c_kernels/results/aten_entr/debuf.mlir"", ""--dry-run"", ""--matcher-mode"", ""egglog"", ""--telemetry-json"", ""/home/arjaiswal/Polygeist/issues/equality_saturation_eval/campaign_20260908/aten-aten_entr-egglog-_w3gt1yl.json"", ""--disable-semantic-fallback""]","== match report for /home/arjaiswal/Polygeist/issues/aten_c_kernels/results/aten_entr/debuf.mlir ==
  no_match       body#0  ?
  total: 0 matched / 1 bodies
",0,[],0,0,0,0,/home/arjaiswal/Polygeist/issues/aten_c_kernels/results/aten_entr/debuf.mlir,2727,8,1,0,996.8422912061214,1,64684,0.0,0,0,0,0,[],0,0,0,0.0,4
aten,aten_entr,/home/arjaiswal/Polygeist/issues/aten_c_kernels/results/aten_entr/debuf.mlir,0b231701d5a1379229e8541a7faf30bbc66e33a2a7b20fe5d74cf981a273d9e5,egglog,3,ok,0,1112.6549616456032,0,"[""/usr/bin/python3"", ""/home/arjaiswal/Polygeist/scripts/correctness/kernel_match_rewrite.py"", ""/home/arjaiswal/Polygeist/issues/aten_c_kernels/results/aten_entr/debuf.mlir"", ""--dry-run"", ""--matcher-mode"", ""egglog"", ""--telemetry-json"", ""/home/arjaiswal/Polygeist/issues/equality_saturation_eval/campaign_20260908/aten-aten_entr-egglog-ka0moucv.json"", ""--disable-semantic-fallback""]","== match report for /home/arjaiswal/Polygeist/issues/aten_c_kernels/results/aten_entr/debuf.mlir ==
  no_match       body#0  ?
  total: 0 matched / 1 bodies
",0,[],0,0,0,0,/home/arjaiswal/Polygeist/issues/aten_c_kernels/results/aten_entr/debuf.mlir,2727,8,1,0,291.1963686347008,1,64716,0.0,0,0,0,0,[],0,0,0,0.0,4
aten,aten_entr,/home/arjaiswal/Polygeist/issues/aten_c_kernels/results/aten_entr/debuf.mlir,0b231701d5a1379229e8541a7faf30bbc66e33a2a7b20fe5d74cf981a273d9e5,syntactic,3,ok,0,2635.2477557957172,0,"[""/usr/bin/python3"", ""/home/arjaiswal/Polygeist/scripts/correctness/kernel_match_rewrite.py"", ""/home/arjaiswal/Polygeist/issues/aten_c_kernels/results/aten_entr/debuf.mlir"", ""--dry-run"", ""--matcher-mode"", ""syntactic"", ""--telemetry-json"", ""/home/arjaiswal/Polygeist/issues/equality_saturation_eval/campaign_20260908/aten-aten_entr-syntactic-icnlc_10.json"", ""--disable-semantic-fallback""]","== match report for /home/arjaiswal/Polygeist/issues/aten_c_kernels/results/aten_entr/debuf.mlir ==
  no_match       body#0  ?
  total: 0 matched / 1 bodies
",0,[],0,0,0,0,/home/arjaiswal/Polygeist/issues/aten_c_kernels/results/aten_entr/debuf.mlir,2727,0,1,0,1044.9371933937073,1,64580,0.02084672451019287,0,0,0,0,[],0,0,4,0.0,4
aten,aten_entr,/home/arjaiswal/Polygeist/issues/aten_c_kernels/results/aten_entr/debuf.mlir,0b231701d5a1379229e8541a7faf30bbc66e33a2a7b20fe5d74cf981a273d9e5,syntactic,4,ok,0,1327.2417187690735,0,"[""/usr/bin/python3"", ""/home/arjaiswal/Polygeist/scripts/correctness/kernel_match_rewrite.py"", ""/home/arjaiswal/Polygeist/issues/aten_c_kernels/results/aten_entr/debuf.mlir"", ""--dry-run"", ""--matcher-mode"", ""syntactic"", ""--telemetry-json"", ""/home/arjaiswal/Polygeist/issues/equality_saturation_eval/campaign_20260908/aten-aten_entr-syntactic-nrihw1hd.json"", ""--disable-semantic-fallback""]","== match report for /home/arjaiswal/Polygeist/issues/aten_c_kernels/results/aten_entr/debuf.mlir ==
  no_match       body#0  ?
  total: 0 matched / 1 bodies
",0,[],0,0,0,0,/home/arjaiswal/Polygeist/issues/aten_c_kernels/results/aten_entr/debuf.mlir,2727,0,1,0,348.56755286455154,1,64792,0.023037195205688477,0,0,0,0,[],0,0,4,0.0,4
aten,aten_entr,/home/arjaiswal/Polygeist/issues/aten_c_kernels/results/aten_entr/debuf.mlir,0b231701d5a1379229e8541a7faf30bbc66e33a2a7b20fe5d74cf981a273d9e5,egglog,4,ok,0,2587.1775820851326,0,"[""/usr/bin/python3"", ""/home/arjaiswal/Polygeist/scripts/correctness/kernel_match_rewrite.py"", ""/home/arjaiswal/Polygeist/issues/aten_c_kernels/results/aten_entr/debuf.mlir"", ""--dry-run"", ""--matcher-mode"", ""egglog"", ""--telemetry-json"", ""/home/arjaiswal/Polygeist/issues/equality_saturation_eval/campaign_20260908/aten-aten_entr-egglog-pi_m64h2.json"", ""--disable-semantic-fallback""]","== match report for /home/arjaiswal/Polygeist/issues/aten_c_kernels/results/aten_entr/debuf.mlir ==
  no_match       body#0  ?
  total: 0 matched / 1 bodies
",0,[],0,0,0,0,/home/arjaiswal/Polygeist/issues/aten_c_kernels/results/aten_entr/debuf.mlir,2727,8,1,0,1015.9444957971573,1,64568,0.0,0,0,0,0,[],0,0,0,0.0,4
aten,aten_entr,/home/arjaiswal/Polygeist/issues/aten_c_kernels/results/aten_entr/debuf.mlir,0b231701d5a1379229e8541a7faf30bbc66e33a2a7b20fe5d74cf981a273d9e5,egglog,5,ok,0,1901.4130607247353,0,"[""/usr/bin/python3"", ""/home/arjaiswal/Polygeist/scripts/correctness/kernel_match_rewrite.py"", ""/home/arjaiswal/Polygeist/issues/aten_c_kernels/results/aten_entr/debuf.mlir"", ""--dry-run"", ""--matcher-mode"", ""egglog"", ""--telemetry-json"", ""/home/arjaiswal/Polygeist/issues/equality_saturation_eval/campaign_20260908/aten-aten_entr-egglog-bm908isw.json"", ""--disable-semantic-fallback""]","== match report for /home/arjaiswal/Polygeist/issues/aten_c_kernels/results/aten_entr/debuf.mlir ==
  no_match       body#0  ?
  total: 0 matched / 1 bodies
",0,[],0,0,0,0,/home/arjaiswal/Polygeist/issues/aten_c_kernels/results/aten_entr/debuf.mlir,2727,8,1,0,701.6331255435944,1,64664,0.0,0,0,0,0,[],0,0,0,0.0,4
aten,aten_entr,/home/arjaiswal/Polygeist/issues/aten_c_kernels/results/aten_entr/debuf.mlir,0b231701d5a1379229e8541a7faf30bbc66e33a2a7b20fe5d74cf981a273d9e5,syntactic,5,ok,0,2041.6240505874157,0,"[""/usr/bin/python3"", ""/home/arjaiswal/Polygeist/scripts/correctness/kernel_match_rewrite.py"", ""/home/arjaiswal/Polygeist/issues/aten_c_kernels/results/aten_entr/debuf.mlir"", ""--dry-run"", ""--matcher-mode"", ""syntactic"", ""--telemetry-json"", ""/home/arjaiswal/Polygeist/issues/equality_saturation_eval/campaign_20260908/aten-aten_entr-syntactic-z4fvpyjy.json"", ""--disable-semantic-fallback""]","== match report for /home/arjaiswal/Polygeist/issues/aten_c_kernels/results/aten_entr/debuf.mlir ==
  no_match       body#0  ?
  total: 0 matched / 1 bodies
",0,[],0,0,0,0,/home/arjaiswal/Polygeist/issues/aten_c_kernels/results/aten_entr/debuf.mlir,2727,0,1,0,922.6716533303261,1,64868,0.019397586584091187,0,0,0,0,[],0,0,4,0.0,4
aten,aten_eq,/home/arjaiswal/Polygeist/issues/aten_c_kernels/results/aten_eq/debuf.mlir,c75ea1ec7a4dffbfaada835a38d9a597f3e1e5a06b3e72177c2c2d6037c556c1,syntactic,1,ok,0,1915.7194830477238,0,"[""/usr/bin/python3"", ""/home/arjaiswal/Polygeist/scripts/correctness/kernel_match_rewrite.py"", ""/home/arjaiswal/Polygeist/issues/aten_c_kernels/results/aten_eq/debuf.mlir"", ""--dry-run"", ""--matcher-mode"", ""syntactic"", ""--telemetry-json"", ""/home/arjaiswal/Polygeist/issues/equality_saturation_eval/campaign_20260908/aten-aten_eq-syntactic-domx1919.json"", ""--disable-semantic-fallback""]","== match report for /home/arjaiswal/Polygeist/issues/aten_c_kernels/results/aten_eq/debuf.mlir ==
  no_match       body#0  ?
  total: 0 matched / 1 bodies
",0,[],0,0,0,0,/home/arjaiswal/Polygeist/issues/aten_c_kernels/results/aten_eq/debuf.mlir,1965,0,1,0,806.6321946680546,1,65760,0.03244727849960327,0,0,0,0,[],0,0,8,0.0,8
aten,aten_eq,/home/arjaiswal/Polygeist/issues/aten_c_kernels/results/aten_eq/debuf.mlir,c75ea1ec7a4dffbfaada835a38d9a597f3e1e5a06b3e72177c2c2d6037c556c1,egglog,1,ok,0,1715.4189459979534,0,"[""/usr/bin/python3"", ""/home/arjaiswal/Polygeist/scripts/correctness/kernel_match_rewrite.py"", ""/home/arjaiswal/Polygeist/issues/aten_c_kernels/results/aten_eq/debuf.mlir"", ""--dry-run"", ""--matcher-mode"", ""egglog"", ""--telemetry-json"", ""/home/arjaiswal/Polygeist/issues/equality_saturation_eval/campaign_20260908/aten-aten_eq-egglog-o_mbtq_1.json"", ""--disable-semantic-fallback""]","== match report for /home/arjaiswal/Polygeist/issues/aten_c_kernels/results/aten_eq/debuf.mlir ==
  no_match       body#0  ?
  total: 0 matched / 1 bodies
",0,[],0,0,0,0,/home/arjaiswal/Polygeist/issues/aten_c_kernels/results/aten_eq/debuf.mlir,1965,8,1,0,749.5790682733059,1,65696,0.0,0,0,0,0,[],0,0,0,0.0,8
aten,aten_eq,/home/arjaiswal/Polygeist/issues/aten_c_kernels/results/aten_eq/debuf.mlir,c75ea1ec7a4dffbfaada835a38d9a597f3e1e5a06b3e72177c2c2d6037c556c1,egglog,2,ok,0,2455.6444250047207,0,"[""/usr/bin/python3"", ""/home/arjaiswal/Polygeist/scripts/correctness/kernel_match_rewrite.py"", ""/home/arjaiswal/Polygeist/issues/aten_c_kernels/results/aten_eq/debuf.mlir"", ""--dry-run"", ""--matcher-mode"", ""egglog"", ""--telemetry-json"", ""/home/arjaiswal/Polygeist/issues/equality_saturation_eval/campaign_20260908/aten-aten_eq-egglog-ucb199v8.json"", ""--disable-semantic-fallback""]","== match report for /home/arjaiswal/Polygeist/issues/aten_c_kernels/results/aten_eq/debuf.mlir ==
  no_match       body#0  ?
  total: 0 matched / 1 bodies
",0,[],0,0,0,0,/home/arjaiswal/Polygeist/issues/aten_c_kernels/results/aten_eq/debuf.mlir,1965,8,1,0,1052.3279570043087,1,65660,0.0,0,0,0,0,[],0,0,0,0.0,8
aten,aten_eq,/home/arjaiswal/Polygeist/issues/aten_c_kernels/results/aten_eq/debuf.mlir,c75ea1ec7a4dffbfaada835a38d9a597f3e1e5a06b3e72177c2c2d6037c556c1,syntactic,2,ok,0,1896.0073962807655,0,"[""/usr/bin/python3"", ""/home/arjaiswal/Polygeist/scripts/correctness/kernel_match_rewrite.py"", ""/home/arjaiswal/Polygeist/issues/aten_c_kernels/results/aten_eq/debuf.mlir"", ""--dry-run"", ""--matcher-mode"", ""syntactic"", ""--telemetry-json"", ""/home/arjaiswal/Polygeist/issues/equality_saturation_eval/campaign_20260908/aten-aten_eq-syntactic-6t6as85x.json"", ""--disable-semantic-fallback""]","== match report for /home/arjaiswal/Polygeist/issues/aten_c_kernels/results/aten_eq/debuf.mlir ==
  no_match       body#0  ?
  total: 0 matched / 1 bodies
",0,[],0,0,0,0,/home/arjaiswal/Polygeist/issues/aten_c_kernels/results/aten_eq/debuf.mlir,1965,0,1,0,720.5297015607357,1,65788,0.03368780016899109,0,0,0,0,[],0,0,8,0.0,8
aten,aten_eq,/home/arjaiswal/Polygeist/issues/aten_c_kernels/results/aten_eq/debuf.mlir,c75ea1ec7a4dffbfaada835a38d9a597f3e1e5a06b3e72177c2c2d6037c556c1,syntactic,3,ok,0,1692.0342557132244,0,"[""/usr/bin/python3"", ""/home/arjaiswal/Polygeist/scripts/correctness/kernel_match_rewrite.py"", ""/home/arjaiswal/Polygeist/issues/aten_c_kernels/results/aten_eq/debuf.mlir"", ""--dry-run"", ""--matcher-mode"", ""syntactic"", ""--telemetry-json"", ""/home/arjaiswal/Polygeist/issues/equality_saturation_eval/campaign_20260908/aten-aten_eq-syntactic-8kg1sgvd.json"", ""--disable-semantic-fallback""]","== match report for /home/arjaiswal/Polygeist/issues/aten_c_kernels/results/aten_eq/debuf.mlir ==
  no_match       body#0  ?
  total: 0 matched / 1 bodies
",0,[],0,0,0,0,/home/arjaiswal/Polygeist/issues/aten_c_kernels/results/aten_eq/debuf.mlir,1965,0,1,0,693.9080879092216,1,65744,0.03667175769805908,0,0,0,0,[],0,0,8,0.0,8
aten,aten_eq,/home/arjaiswal/Polygeist/issues/aten_c_kernels/results/aten_eq/debuf.mlir,c75ea1ec7a4dffbfaada835a38d9a597f3e1e5a06b3e72177c2c2d6037c556c1,egglog,3,ok,0,1714.0977829694748,0,"[""/usr/bin/python3"", ""/home/arjaiswal/Polygeist/scripts/correctness/kernel_match_rewrite.py"", ""/home/arjaiswal/Polygeist/issues/aten_c_kernels/results/aten_eq/debuf.mlir"", ""--dry-run"", ""--matcher-mode"", ""egglog"", ""--telemetry-json"", ""/home/arjaiswal/Polygeist/issues/equality_saturation_eval/campaign_20260908/aten-aten_eq-egglog-uvy5753l.json"", ""--disable-semantic-fallback""]","== match report for /home/arjaiswal/Polygeist/issues/aten_c_kernels/results/aten_eq/debuf.mlir ==
  no_match       body#0  ?
  total: 0 matched / 1 bodies
",0,[],0,0,0,0,/home/arjaiswal/Polygeist/issues/aten_c_kernels/results/aten_eq/debuf.mlir,1965,8,1,0,752.7346536517143,1,65736,0.0,0,0,0,0,[],0,0,0,0.0,8
aten,aten_eq,/home/arjaiswal/Polygeist/issues/aten_c_kernels/results/aten_eq/debuf.mlir,c75ea1ec7a4dffbfaada835a38d9a597f3e1e5a06b3e72177c2c2d6037c556c1,egglog,4,ok,0,1881.9838389754295,0,"[""/usr/bin/python3"", ""/home/arjaiswal/Polygeist/scripts/correctness/kernel_match_rewrite.py"", ""/home/arjaiswal/Polygeist/issues/aten_c_kernels/results/aten_eq/debuf.mlir"", ""--dry-run"", ""--matcher-mode"", ""egglog"", ""--telemetry-json"", ""/home/arjaiswal/Polygeist/issues/equality_saturation_eval/campaign_20260908/aten-aten_eq-egglog-xsk7k5dr.json"", ""--disable-semantic-fallback""]","== match report for /home/arjaiswal/Polygeist/issues/aten_c_kernels/results/aten_eq/debuf.mlir ==
  no_match       body#0  ?
  total: 0 matched / 1 bodies
",0,[],0,0,0,0,/home/arjaiswal/Polygeist/issues/aten_c_kernels/results/aten_eq/debuf.mlir,1965,8,1,0,739.1548343002796,1,65688,0.0,0,0,0,0,[],0,0,0,0.0,8
aten,aten_eq,/home/arjaiswal/Polygeist/issues/aten_c_kernels/results/aten_eq/debuf.mlir,c75ea1ec7a4dffbfaada835a38d9a597f3e1e5a06b3e72177c2c2d6037c556c1,syntactic,4,ok,0,1544.4500520825386,0,"[""/usr/bin/python3"", ""/home/arjaiswal/Polygeist/scripts/correctness/kernel_match_rewrite.py"", ""/home/arjaiswal/Polygeist/issues/aten_c_kernels/results/aten_eq/debuf.mlir"", ""--dry-run"", ""--matcher-mode"", ""syntactic"", ""--telemetry-json"", ""/home/arjaiswal/Polygeist/issues/equality_saturation_eval/campaign_20260908/aten-aten_eq-syntactic-7ok3efzc.json"", ""--disable-semantic-fallback""]","== match report for /home/arjaiswal/Polygeist/issues/aten_c_kernels/results/aten_eq/debuf.mlir ==
  no_match       body#0  ?
  total: 0 matched / 1 bodies
",0,[],0,0,0,0,/home/arjaiswal/Polygeist/issues/aten_c_kernels/results/aten_eq/debuf.mlir,1965,0,1,0,614.2176054418087,1,65524,0.026553869247436523,0,0,0,0,[],0,0,8,0.0,8
aten,aten_eq,/home/arjaiswal/Polygeist/issues/aten_c_kernels/results/aten_eq/debuf.mlir,c75ea1ec7a4dffbfaada835a38d9a597f3e1e5a06b3e72177c2c2d6037c556c1,syntactic,5,ok,0,1260.66592335701,0,"[""/usr/bin/python3"", ""/home/arjaiswal/Polygeist/scripts/correctness/kernel_match_rewrite.py"", ""/home/arjaiswal/Polygeist/issues/aten_c_kernels/results/aten_eq/debuf.mlir"", ""--dry-run"", ""--matcher-mode"", ""syntactic"", ""--telemetry-json"", ""/home/arjaiswal/Polygeist/issues/equality_saturation_eval/campaign_20260908/aten-aten_eq-syntactic-ajvtedvj.json"", ""--disable-semantic-fallback""]","== match report for /home/arjaiswal/Polygeist/issues/aten_c_kernels/results/aten_eq/debuf.mlir ==
  no_match       body#0  ?
  total: 0 matched / 1 bodies
",0,[],0,0,0,0,/home/arjaiswal/Polygeist/issues/aten_c_kernels/results/aten_eq/debuf.mlir,1965,0,1,0,334.7129300236702,1,65588,0.02820417284965515,0,0,0,0,[],0,0,8,0.0,8
aten,aten_eq,/home/arjaiswal/Polygeist/issues/aten_c_kernels/results/aten_eq/debuf.mlir,c75ea1ec7a4dffbfaada835a38d9a597f3e1e5a06b3e72177c2c2d6037c556c1,egglog,5,ok,0,1439.196303486824,0,"[""/usr/bin/python3"", ""/home/arjaiswal/Polygeist/scripts/correctness/kernel_match_rewrite.py"", ""/home/arjaiswal/Polygeist/issues/aten_c_kernels/results/aten_eq/debuf.mlir"", ""--dry-run"", ""--matcher-mode"", ""egglog"", ""--telemetry-json"", ""/home/arjaiswal/Polygeist/issues/equality_saturation_eval/campaign_20260908/aten-aten_eq-egglog-wc52hrfx.json"", ""--disable-semantic-fallback""]","== match report for /home/arjaiswal/Polygeist/issues/aten_c_kernels/results/aten_eq/debuf.mlir ==
  no_match       body#0  ?
  total: 0 matched / 1 bodies
",0,[],0,0,0,0,/home/arjaiswal/Polygeist/issues/aten_c_kernels/results/aten_eq/debuf.mlir,1965,8,1,0,445.67696377635,1,65808,0.0,0,0,0,0,[],0,0,0,0.0,8
aten,aten_equal_cpu,/home/arjaiswal/Polygeist/issues/aten_c_kernels/results/aten_equal_cpu/debuf.mlir,ebda6769817344f37a31725a8c5527d38ef9426bd8b478f1217c62e8a648fd24,egglog,1,ok,0,878.0227676033974,0,"[""/usr/bin/python3"", ""/home/arjaiswal/Polygeist/scripts/correctness/kernel_match_rewrite.py"", ""/home/arjaiswal/Polygeist/issues/aten_c_kernels/results/aten_equal_cpu/debuf.mlir"", ""--dry-run"", ""--matcher-mode"", ""egglog"", ""--telemetry-json"", ""/home/arjaiswal/Polygeist/issues/equality_saturation_eval/campaign_20260908/aten-aten_equal_cpu-egglog-bf8my4b1.json"", ""--disable-semantic-fallback""]","== match report for /home/arjaiswal/Polygeist/issues/aten_c_kernels/results/aten_equal_cpu/debuf.mlir ==
  match          body#[0]  cubEqualAll1D_f32_tensor
  total: 1 matched / 1 bodies
",0,[],0,0,0,0,/home/arjaiswal/Polygeist/issues/aten_c_kernels/results/aten_equal_cpu/debuf.mlir,2488,8,1,1,286.5658029913902,0,64612,0.0,0,0,0,0,"[{""body_indices"": [0], ""symbol"": ""cubEqualAll1D_f32_tensor""}]",1,0,0,0.0,0
aten,aten_equal_cpu,/home/arjaiswal/Polygeist/issues/aten_c_kernels/results/aten_equal_cpu/debuf.mlir,ebda6769817344f37a31725a8c5527d38ef9426bd8b478f1217c62e8a648fd24,syntactic,1,ok,0,1718.8707627356052,0,"[""/usr/bin/python3"", ""/home/arjaiswal/Polygeist/scripts/correctness/kernel_match_rewrite.py"", ""/home/arjaiswal/Polygeist/issues/aten_c_kernels/results/aten_equal_cpu/debuf.mlir"", ""--dry-run"", ""--matcher-mode"", ""syntactic"", ""--telemetry-json"", ""/home/arjaiswal/Polygeist/issues/equality_saturation_eval/campaign_20260908/aten-aten_equal_cpu-syntactic-7czpdvlo.json"", ""--disable-semantic-fallback""]","== match report for /home/arjaiswal/Polygeist/issues/aten_c_kernels/results/aten_equal_cpu/debuf.mlir ==
  match          body#[0]  cubEqualAll1D_f32_tensor
  total: 1 matched / 1 bodies
",0,[],0,0,0,0,/home/arjaiswal/Polygeist/issues/aten_c_kernels/results/aten_equal_cpu/debuf.mlir,2488,0,1,1,612.0081767439842,0,64824,0.0,0,0,0,0,"[{""body_indices"": [0], ""symbol"": ""cubEqualAll1D_f32_tensor""}]",1,0,0,0.0,0
aten,aten_equal_cpu,/home/arjaiswal/Polygeist/issues/aten_c_kernels/results/aten_equal_cpu/debuf.mlir,ebda6769817344f37a31725a8c5527d38ef9426bd8b478f1217c62e8a648fd24,syntactic,2,ok,0,1108.0413721501827,0,"[""/usr/bin/python3"", ""/home/arjaiswal/Polygeist/scripts/correctness/kernel_match_rewrite.py"", ""/home/arjaiswal/Polygeist/issues/aten_c_kernels/results/aten_equal_cpu/debuf.mlir"", ""--dry-run"", ""--matcher-mode"", ""syntactic"", ""--telemetry-json"", ""/home/arjaiswal/Polygeist/issues/equality_saturation_eval/campaign_20260908/aten-aten_equal_cpu-syntactic-mfh166t8.json"", ""--disable-semantic-fallback""]","== match report for /home/arjaiswal/Polygeist/issues/aten_c_kernels/results/aten_equal_cpu/debuf.mlir ==
  match          body#[0]  cubEqualAll1D_f32_tensor
  total: 1 matched / 1 bodies
",0,[],0,0,0,0,/home/arjaiswal/Polygeist/issues/aten_c_kernels/results/aten_equal_cpu/debuf.mlir,2488,0,1,1,298.655416816473,0,64824,0.0,0,0,0,0,"[{""body_indices"": [0], ""symbol"": ""cubEqualAll1D_f32_tensor""}]",1,0,0,0.0,0
aten,aten_equal_cpu,/home/arjaiswal/Polygeist/issues/aten_c_kernels/results/aten_equal_cpu/debuf.mlir,ebda6769817344f37a31725a8c5527d38ef9426bd8b478f1217c62e8a648fd24,egglog,2,ok,0,2461.3442793488503,0,"[""/usr/bin/python3"", ""/home/arjaiswal/Polygeist/scripts/correctness/kernel_match_rewrite.py"", ""/home/arjaiswal/Polygeist/issues/aten_c_kernels/results/aten_equal_cpu/debuf.mlir"", ""--dry-run"", ""--matcher-mode"", ""egglog"", ""--telemetry-json"", ""/home/arjaiswal/Polygeist/issues/equality_saturation_eval/campaign_20260908/aten-aten_equal_cpu-egglog-kp5rr7ep.json"", ""--disable-semantic-fallback""]","== match report for /home/arjaiswal/Polygeist/issues/aten_c_kernels/results/aten_equal_cpu/debuf.mlir ==
  match          body#[0]  cubEqualAll1D_f32_tensor
  total: 1 matched / 1 bodies
",0,[],0,0,0,0,/home/arjaiswal/Polygeist/issues/aten_c_kernels/results/aten_equal_cpu/debuf.mlir,2488,8,1,1,932.8743368387222,0,64600,0.0,0,0,0,0,"[{""body_indices"": [0], ""symbol"": ""cubEqualAll1D_f32_tensor""}]",1,0,0,0.0,0
aten,aten_equal_cpu,/home/arjaiswal/Polygeist/issues/aten_c_kernels/results/aten_equal_cpu/debuf.mlir,ebda6769817344f37a31725a8c5527d38ef9426bd8b478f1217c62e8a648fd24,egglog,3,ok,0,1131.2722861766815,0,"[""/usr/bin/python3"", ""/home/arjaiswal/Polygeist/scripts/correctness/kernel_match_rewrite.py"", ""/home/arjaiswal/Polygeist/issues/aten_c_kernels/results/aten_equal_cpu/debuf.mlir"", ""--dry-run"", ""--matcher-mode"", ""egglog"", ""--telemetry-json"", ""/home/arjaiswal/Polygeist/issues/equality_saturation_eval/campaign_20260908/aten-aten_equal_cpu-egglog-4uu1xyib.json"", ""--disable-semantic-fallback""]","== match report for /home/arjaiswal/Polygeist/issues/aten_c_kernels/results/aten_equal_cpu/debuf.mlir ==
  match          body#[0]  cubEqualAll1D_f32_tensor
  total: 1 matched / 1 bodies
",0,[],0,0,0,0,/home/arjaiswal/Polygeist/issues/aten_c_kernels/results/aten_equal_cpu/debuf.mlir,2488,8,1,1,280.5807925760746,0,64776,0.0,0,0,0,0,"[{""body_indices"": [0], ""symbol"": ""cubEqualAll1D_f32_tensor""}]",1,0,0,0.0,0
aten,aten_equal_cpu,/home/arjaiswal/Polygeist/issues/aten_c_kernels/results/aten_equal_cpu/debuf.mlir,ebda6769817344f37a31725a8c5527d38ef9426bd8b478f1217c62e8a648fd24,syntactic,3,ok,0,1444.8027610778809,0,"[""/usr/bin/python3"", ""/home/arjaiswal/Polygeist/scripts/correctness/kernel_match_rewrite.py"", ""/home/arjaiswal/Polygeist/issues/aten_c_kernels/results/aten_equal_cpu/debuf.mlir"", ""--dry-run"", ""--matcher-mode"", ""syntactic"", ""--telemetry-json"", ""/home/arjaiswal/Polygeist/issues/equality_saturation_eval/campaign_20260908/aten-aten_equal_cpu-syntactic-ud7zqbfu.json"", ""--disable-semantic-fallback""]","== match report for /home/arjaiswal/Polygeist/issues/aten_c_kernels/results/aten_equal_cpu/debuf.mlir ==
  match          body#[0]  cubEqualAll1D_f32_tensor
  total: 1 matched / 1 bodies
",0,[],0,0,0,0,/home/arjaiswal/Polygeist/issues/aten_c_kernels/results/aten_equal_cpu/debuf.mlir,2488,0,1,1,654.8661440610886,0,64896,0.0,0,0,0,0,"[{""body_indices"": [0], ""symbol"": ""cubEqualAll1D_f32_tensor""}]",1,0,0,0.0,0
aten,aten_equal_cpu,/home/arjaiswal/Polygeist/issues/aten_c_kernels/results/aten_equal_cpu/debuf.mlir,ebda6769817344f37a31725a8c5527d38ef9426bd8b478f1217c62e8a648fd24,syntactic,4,ok,0,1239.3615543842316,0,"[""/usr/bin/python3"", ""/home/arjaiswal/Polygeist/scripts/correctness/kernel_match_rewrite.py"", ""/home/arjaiswal/Polygeist/issues/aten_c_kernels/results/aten_equal_cpu/debuf.mlir"", ""--dry-run"", ""--matcher-mode"", ""syntactic"", ""--telemetry-json"", ""/home/arjaiswal/Polygeist/issues/equality_saturation_eval/campaign_20260908/aten-aten_equal_cpu-syntactic-djs8wde0.json"", ""--disable-semantic-fallback""]","== match report for /home/arjaiswal/Polygeist/issues/aten_c_kernels/results/aten_equal_cpu/debuf.mlir ==
  match          body#[0]  cubEqualAll1D_f32_tensor
  total: 1 matched / 1 bodies
",0,[],0,0,0,0,/home/arjaiswal/Polygeist/issues/aten_c_kernels/results/aten_equal_cpu/debuf.mlir,2488,0,1,1,328.7801370024681,0,64856,0.0,0,0,0,0,"[{""body_indices"": [0], ""symbol"": ""cubEqualAll1D_f32_tensor""}]",1,0,0,0.0,0
aten,aten_equal_cpu,/home/arjaiswal/Polygeist/issues/aten_c_kernels/results/aten_equal_cpu/debuf.mlir,ebda6769817344f37a31725a8c5527d38ef9426bd8b478f1217c62e8a648fd24,egglog,4,ok,0,828.0352205038071,0,"[""/usr/bin/python3"", ""/home/arjaiswal/Polygeist/scripts/correctness/kernel_match_rewrite.py"", ""/home/arjaiswal/Polygeist/issues/aten_c_kernels/results/aten_equal_cpu/debuf.mlir"", ""--dry-run"", ""--matcher-mode"", ""egglog"", ""--telemetry-json"", ""/home/arjaiswal/Polygeist/issues/equality_saturation_eval/campaign_20260908/aten-aten_equal_cpu-egglog-k4k_okf7.json"", ""--disable-semantic-fallback""]","== match report for /home/arjaiswal/Polygeist/issues/aten_c_kernels/results/aten_equal_cpu/debuf.mlir ==
  match          body#[0]  cubEqualAll1D_f32_tensor
  total: 1 matched / 1 bodies
",0,[],0,0,0,0,/home/arjaiswal/Polygeist/issues/aten_c_kernels/results/aten_equal_cpu/debuf.mlir,2488,8,1,1,295.7739122211933,0,64604,0.0,0,0,0,0,"[{""body_indices"": [0], ""symbol"": ""cubEqualAll1D_f32_tensor""}]",1,0,0,0.0,0
aten,aten_equal_cpu,/home/arjaiswal/Polygeist/issues/aten_c_kernels/results/aten_equal_cpu/debuf.mlir,ebda6769817344f37a31725a8c5527d38ef9426bd8b478f1217c62e8a648fd24,egglog,5,ok,0,2806.337099522352,0,"[""/usr/bin/python3"", ""/home/arjaiswal/Polygeist/scripts/correctness/kernel_match_rewrite.py"", ""/home/arjaiswal/Polygeist/issues/aten_c_kernels/results/aten_equal_cpu/debuf.mlir"", ""--dry-run"", ""--matcher-mode"", ""egglog"", ""--telemetry-json"", ""/home/arjaiswal/Polygeist/issues/equality_saturation_eval/campaign_20260908/aten-aten_equal_cpu-egglog-2qjklz6e.json"", ""--disable-semantic-fallback""]","== match report for /home/arjaiswal/Polygeist/issues/aten_c_kernels/results/aten_equal_cpu/debuf.mlir ==
  match          body#[0]  cubEqualAll1D_f32_tensor
  total: 1 matched / 1 bodies
",0,[],0,0,0,0,/home/arjaiswal/Polygeist/issues/aten_c_kernels/results/aten_equal_cpu/debuf.mlir,2488,8,1,1,1042.7790991961956,0,64780,0.0,0,0,0,0,"[{""body_indices"": [0], ""symbol"": ""cubEqualAll1D_f32_tensor""}]",1,0,0,0.0,0
aten,aten_equal_cpu,/home/arjaiswal/Polygeist/issues/aten_c_kernels/results/aten_equal_cpu/debuf.mlir,ebda6769817344f37a31725a8c5527d38ef9426bd8b478f1217c62e8a648fd24,syntactic,5,ok,0,2443.251885473728,0,"[""/usr/bin/python3"", ""/home/arjaiswal/Polygeist/scripts/correctness/kernel_match_rewrite.py"", ""/home/arjaiswal/Polygeist/issues/aten_c_kernels/results/aten_equal_cpu/debuf.mlir"", ""--dry-run"", ""--matcher-mode"", ""syntactic"", ""--telemetry-json"", ""/home/arjaiswal/Polygeist/issues/equality_saturation_eval/campaign_20260908/aten-aten_equal_cpu-syntactic-4dbq0lyi.json"", ""--disable-semantic-fallback""]","== match report for /home/arjaiswal/Polygeist/issues/aten_c_kernels/results/aten_equal_cpu/debuf.mlir ==
  match          body#[0]  cubEqualAll1D_f32_tensor
  total: 1 matched / 1 bodies
",0,[],0,0,0,0,/home/arjaiswal/Polygeist/issues/aten_c_kernels/results/aten_equal_cpu/debuf.mlir,2488,0,1,1,954.6376802027225,0,64652,0.0,0,0,0,0,"[{""body_indices"": [0], ""symbol"": ""cubEqualAll1D_f32_tensor""}]",1,0,0,0.0,0
aten,aten_erf,/home/arjaiswal/Polygeist/issues/aten_c_kernels/results/aten_erf/debuf.mlir,baacc6f7b6b2281c0bdc902fd8c78901d7d438244a3e94d7efb505f3804f0ebc,syntactic,1,ok,0,2181.141886860132,0,"[""/usr/bin/python3"", ""/home/arjaiswal/Polygeist/scripts/correctness/kernel_match_rewrite.py"", ""/home/arjaiswal/Polygeist/issues/aten_c_kernels/results/aten_erf/debuf.mlir"", ""--dry-run"", ""--matcher-mode"", ""syntactic"", ""--telemetry-json"", ""/home/arjaiswal/Polygeist/issues/equality_saturation_eval/campaign_20260908/aten-aten_erf-syntactic-y1cxbnl_.json"", ""--disable-semantic-fallback""]","== match report for /home/arjaiswal/Polygeist/issues/aten_c_kernels/results/aten_erf/debuf.mlir ==
  match          body#[0]  cudnnPointwiseGraph_f32
  total: 1 matched / 1 bodies
",0,[],0,0,0,0,/home/arjaiswal/Polygeist/issues/aten_c_kernels/results/aten_erf/debuf.mlir,1866,0,1,1,864.6514639258385,0,65920,0.3374740481376648,0,0,0,0,"[{""body_indices"": [0], ""symbol"": ""cudnnPointwiseGraph_f32""}]",1,0,56,0.0,56
aten,aten_erf,/home/arjaiswal/Polygeist/issues/aten_c_kernels/results/aten_erf/debuf.mlir,baacc6f7b6b2281c0bdc902fd8c78901d7d438244a3e94d7efb505f3804f0ebc,egglog,1,ok,0,1866.2130422890186,0,"[""/usr/bin/python3"", ""/home/arjaiswal/Polygeist/scripts/correctness/kernel_match_rewrite.py"", ""/home/arjaiswal/Polygeist/issues/aten_c_kernels/results/aten_erf/debuf.mlir"", ""--dry-run"", ""--matcher-mode"", ""egglog"", ""--telemetry-json"", ""/home/arjaiswal/Polygeist/issues/equality_saturation_eval/campaign_20260908/aten-aten_erf-egglog-gq4vkuw7.json"", ""--disable-semantic-fallback""]","== match report for /home/arjaiswal/Polygeist/issues/aten_c_kernels/results/aten_erf/debuf.mlir ==
  match          body#[0]  cudnnPointwiseGraph_f32
  total: 1 matched / 1 bodies
",0,[],0,0,0,0,/home/arjaiswal/Polygeist/issues/aten_c_kernels/results/aten_erf/debuf.mlir,1866,8,1,1,938.3602775633335,0,65660,0.0,0,0,0,0,"[{""body_indices"": [0], ""symbol"": ""cudnnPointwiseGraph_f32""}]",1,0,0,0.0,56
aten,aten_erf,/home/arjaiswal/Polygeist/issues/aten_c_kernels/results/aten_erf/debuf.mlir,baacc6f7b6b2281c0bdc902fd8c78901d7d438244a3e94d7efb505f3804f0ebc,egglog,2,ok,0,2000.476885586977,0,"[""/usr/bin/python3"", ""/home/arjaiswal/Polygeist/scripts/correctness/kernel_match_rewrite.py"", ""/home/arjaiswal/Polygeist/issues/aten_c_kernels/results/aten_erf/debuf.mlir"", ""--dry-run"", ""--matcher-mode"", ""egglog"", ""--telemetry-json"", ""/home/arjaiswal/Polygeist/issues/equality_saturation_eval/campaign_20260908/aten-aten_erf-egglog-wpfvo4qf.json"", ""--disable-semantic-fallback""]","== match report for /home/arjaiswal/Polygeist/issues/aten_c_kernels/results/aten_erf/debuf.mlir ==
  match          body#[0]  cudnnPointwiseGraph_f32
  total: 1 matched / 1 bodies
",0,[],0,0,0,0,/home/arjaiswal/Polygeist/issues/aten_c_kernels/results/aten_erf/debuf.mlir,1866,8,1,1,1231.3653081655502,0,65820,0.0,0,0,0,0,"[{""body_indices"": [0], ""symbol"": ""cudnnPointwiseGraph_f32""}]",1,0,0,0.0,56
aten,aten_erf,/home/arjaiswal/Polygeist/issues/aten_c_kernels/results/aten_erf/debuf.mlir,baacc6f7b6b2281c0bdc902fd8c78901d7d438244a3e94d7efb505f3804f0ebc,syntactic,2,ok,0,2926.9871786236763,0,"[""/usr/bin/python3"", ""/home/arjaiswal/Polygeist/scripts/correctness/kernel_match_rewrite.py"", ""/home/arjaiswal/Polygeist/issues/aten_c_kernels/results/aten_erf/debuf.mlir"", ""--dry-run"", ""--matcher-mode"", ""syntactic"", ""--telemetry-json"", ""/home/arjaiswal/Polygeist/issues/equality_saturation_eval/campaign_20260908/aten-aten_erf-syntactic-1pmffoy5.json"", ""--disable-semantic-fallback""]","== match report for /home/arjaiswal/Polygeist/issues/aten_c_kernels/results/aten_erf/debuf.mlir ==
  match          body#[0]  cudnnPointwiseGraph_f32
  total: 1 matched / 1 bodies
",0,[],0,0,0,0,/home/arjaiswal/Polygeist/issues/aten_c_kernels/results/aten_erf/debuf.mlir,1866,0,1,1,1448.0293840169907,0,65972,0.3291964530944824,0,0,0,0,"[{""body_indices"": [0], ""symbol"": ""cudnnPointwiseGraph_f32""}]",1,0,56,0.0,56
aten,aten_erf,/home/arjaiswal/Polygeist/issues/aten_c_kernels/results/aten_erf/debuf.mlir,baacc6f7b6b2281c0bdc902fd8c78901d7d438244a3e94d7efb505f3804f0ebc,syntactic,3,ok,0,2351.625192910433,0,"[""/usr/bin/python3"", ""/home/arjaiswal/Polygeist/scripts/correctness/kernel_match_rewrite.py"", ""/home/arjaiswal/Polygeist/issues/aten_c_kernels/results/aten_erf/debuf.mlir"", ""--dry-run"", ""--matcher-mode"", ""syntactic"", ""--telemetry-json"", ""/home/arjaiswal/Polygeist/issues/equality_saturation_eval/campaign_20260908/aten-aten_erf-syntactic-1w72rd6b.json"", ""--disable-semantic-fallback""]","== match report for /home/arjaiswal/Polygeist/issues/aten_c_kernels/results/aten_erf/debuf.mlir ==
  match          body#[0]  cudnnPointwiseGraph_f32
  total: 1 matched / 1 bodies
",0,[],0,0,0,0,/home/arjaiswal/Polygeist/issues/aten_c_kernels/results/aten_erf/debuf.mlir,1866,0,1,1,1109.4020381569862,0,66008,20.339500159025192,0,0,0,0,"[{""body_indices"": [0], ""symbol"": ""cudnnPointwiseGraph_f32""}]",1,0,56,0.0,56
aten,aten_erf,/home/arjaiswal/Polygeist/issues/aten_c_kernels/results/aten_erf/debuf.mlir,baacc6f7b6b2281c0bdc902fd8c78901d7d438244a3e94d7efb505f3804f0ebc,egglog,3,ok,0,1392.2922126948833,0,"[""/usr/bin/python3"", ""/home/arjaiswal/Polygeist/scripts/correctness/kernel_match_rewrite.py"", ""/home/arjaiswal/Polygeist/issues/aten_c_kernels/results/aten_erf/debuf.mlir"", ""--dry-run"", ""--matcher-mode"", ""egglog"", ""--telemetry-json"", ""/home/arjaiswal/Polygeist/issues/equality_saturation_eval/campaign_20260908/aten-aten_erf-egglog-cuzoyu8l.json"", ""--disable-semantic-fallback""]","== match report for /home/arjaiswal/Polygeist/issues/aten_c_kernels/results/aten_erf/debuf.mlir ==
  match          body#[0]  cudnnPointwiseGraph_f32
  total: 1 matched / 1 bodies
",0,[],0,0,0,0,/home/arjaiswal/Polygeist/issues/aten_c_kernels/results/aten_erf/debuf.mlir,1866,8,1,1,717.044148594141,0,65892,0.0,0,0,0,0,"[{""body_indices"": [0], ""symbol"": ""cudnnPointwiseGraph_f32""}]",1,0,0,0.0,56
aten,aten_erf,/home/arjaiswal/Polygeist/issues/aten_c_kernels/results/aten_erf/debuf.mlir,baacc6f7b6b2281c0bdc902fd8c78901d7d438244a3e94d7efb505f3804f0ebc,egglog,4,ok,0,3603.22642698884,0,"[""/usr/bin/python3"", ""/home/arjaiswal/Polygeist/scripts/correctness/kernel_match_rewrite.py"", ""/home/arjaiswal/Polygeist/issues/aten_c_kernels/results/aten_erf/debuf.mlir"", ""--dry-run"", ""--matcher-mode"", ""egglog"", ""--telemetry-json"", ""/home/arjaiswal/Polygeist/issues/equality_saturation_eval/campaign_20260908/aten-aten_erf-egglog-0qyiqtzm.json"", ""--disable-semantic-fallback""]","== match report for /home/arjaiswal/Polygeist/issues/aten_c_kernels/results/aten_erf/debuf.mlir ==
  match          body#[0]  cudnnPointwiseGraph_f32
  total: 1 matched / 1 bodies
",0,[],0,0,0,0,/home/arjaiswal/Polygeist/issues/aten_c_kernels/results/aten_erf/debuf.mlir,1866,8,1,1,1878.0069015920162,0,65848,0.0,0,0,0,0,"[{""body_indices"": [0], ""symbol"": ""cudnnPointwiseGraph_f32""}]",1,0,0,0.0,56
aten,aten_erf,/home/arjaiswal/Polygeist/issues/aten_c_kernels/results/aten_erf/debuf.mlir,baacc6f7b6b2281c0bdc902fd8c78901d7d438244a3e94d7efb505f3804f0ebc,syntactic,4,ok,0,1885.6896571815014,0,"[""/usr/bin/python3"", ""/home/arjaiswal/Polygeist/scripts/correctness/kernel_match_rewrite.py"", ""/home/arjaiswal/Polygeist/issues/aten_c_kernels/results/aten_erf/debuf.mlir"", ""--dry-run"", ""--matcher-mode"", ""syntactic"", ""--telemetry-json"", ""/home/arjaiswal/Polygeist/issues/equality_saturation_eval/campaign_20260908/aten-aten_erf-syntactic-ytxqrsi6.json"", ""--disable-semantic-fallback""]","== match report for /home/arjaiswal/Polygeist/issues/aten_c_kernels/results/aten_erf/debuf.mlir ==
  match          body#[0]  cudnnPointwiseGraph_f32
  total: 1 matched / 1 bodies
",0,[],0,0,0,0,/home/arjaiswal/Polygeist/issues/aten_c_kernels/results/aten_erf/debuf.mlir,1866,0,1,1,936.297170817852,0,65840,0.28897449374198914,0,0,0,0,"[{""body_indices"": [0], ""symbol"": ""cudnnPointwiseGraph_f32""}]",1,0,56,0.0,56
aten,aten_erf,/home/arjaiswal/Polygeist/issues/aten_c_kernels/results/aten_erf/debuf.mlir,baacc6f7b6b2281c0bdc902fd8c78901d7d438244a3e94d7efb505f3804f0ebc,syntactic,5,ok,0,2355.10616004467,0,"[""/usr/bin/python3"", ""/home/arjaiswal/Polygeist/scripts/correctness/kernel_match_rewrite.py"", ""/home/arjaiswal/Polygeist/issues/aten_c_kernels/results/aten_erf/debuf.mlir"", ""--dry-run"", ""--matcher-mode"", ""syntactic"", ""--telemetry-json"", ""/home/arjaiswal/Polygeist/issues/equality_saturation_eval/campaign_20260908/aten-aten_erf-syntactic-22om_6c_.json"", ""--disable-semantic-fallback""]","== match report for /home/arjaiswal/Polygeist/issues/aten_c_kernels/results/aten_erf/debuf.mlir ==
  match          body#[0]  cudnnPointwiseGraph_f32
  total: 1 matched / 1 bodies
",0,[],0,0,0,0,/home/arjaiswal/Polygeist/issues/aten_c_kernels/results/aten_erf/debuf.mlir,1866,0,1,1,1299.4152270257473,0,65896,0.33627450466156006,0,0,0,0,"[{""body_indices"": [0], ""symbol"": ""cudnnPointwiseGraph_f32""}]",1,0,56,0.0,56
aten,aten_erf,/home/arjaiswal/Polygeist/issues/aten_c_kernels/results/aten_erf/debuf.mlir,baacc6f7b6b2281c0bdc902fd8c78901d7d438244a3e94d7efb505f3804f0ebc,egglog,5,ok,0,2180.877659469843,0,"[""/usr/bin/python3"", ""/home/arjaiswal/Polygeist/scripts/correctness/kernel_match_rewrite.py"", ""/home/arjaiswal/Polygeist/issues/aten_c_kernels/results/aten_erf/debuf.mlir"", ""--dry-run"", ""--matcher-mode"", ""egglog"", ""--telemetry-json"", ""/home/arjaiswal/Polygeist/issues/equality_saturation_eval/campaign_20260908/aten-aten_erf-egglog-7vnw7bj8.json"", ""--disable-semantic-fallback""]","== match report for /home/arjaiswal/Polygeist/issues/aten_c_kernels/results/aten_erf/debuf.mlir ==
  match          body#[0]  cudnnPointwiseGraph_f32
  total: 1 matched / 1 bodies
",0,[],0,0,0,0,/home/arjaiswal/Polygeist/issues/aten_c_kernels/results/aten_erf/debuf.mlir,1866,8,1,1,1099.1863198578358,0,65856,0.0,0,0,0,0,"[{""body_indices"": [0], ""symbol"": ""cudnnPointwiseGraph_f32""}]",1,0,0,0.0,56
aten,aten_erfc,/home/arjaiswal/Polygeist/issues/aten_c_kernels/results/aten_erfc/debuf.mlir,280ff61d37069a0a4a7d93ecc2fa6c8cef35353b6bd92e3ea8d6e50330d06ded,egglog,1,ok,0,2102.045975625515,0,"[""/usr/bin/python3"", ""/home/arjaiswal/Polygeist/scripts/correctness/kernel_match_rewrite.py"", ""/home/arjaiswal/Polygeist/issues/aten_c_kernels/results/aten_erfc/debuf.mlir"", ""--dry-run"", ""--matcher-mode"", ""egglog"", ""--telemetry-json"", ""/home/arjaiswal/Polygeist/issues/equality_saturation_eval/campaign_20260908/aten-aten_erfc-egglog-yq3vncm6.json"", ""--disable-semantic-fallback""]","== match report for /home/arjaiswal/Polygeist/issues/aten_c_kernels/results/aten_erfc/debuf.mlir ==
  match          body#[0]  cudnnPointwiseGraph_f32
  total: 1 matched / 1 bodies
",0,[],0,0,0,0,/home/arjaiswal/Polygeist/issues/aten_c_kernels/results/aten_erfc/debuf.mlir,1886,8,1,1,714.097298681736,0,65696,0.0,0,0,0,0,"[{""body_indices"": [0], ""symbol"": ""cudnnPointwiseGraph_f32""}]",1,0,0,0.0,56
aten,aten_erfc,/home/arjaiswal/Polygeist/issues/aten_c_kernels/results/aten_erfc/debuf.mlir,280ff61d37069a0a4a7d93ecc2fa6c8cef35353b6bd92e3ea8d6e50330d06ded,syntactic,1,ok,0,1014.4289173185825,0,"[""/usr/bin/python3"", ""/home/arjaiswal/Polygeist/scripts/correctness/kernel_match_rewrite.py"", ""/home/arjaiswal/Polygeist/issues/aten_c_kernels/results/aten_erfc/debuf.mlir"", ""--dry-run"", ""--matcher-mode"", ""syntactic"", ""--telemetry-json"", ""/home/arjaiswal/Polygeist/issues/equality_saturation_eval/campaign_20260908/aten-aten_erfc-syntactic-wy049rgu.json"", ""--disable-semantic-fallback""]","== match report for /home/arjaiswal/Polygeist/issues/aten_c_kernels/results/aten_erfc/debuf.mlir ==
  match          body#[0]  cudnnPointwiseGraph_f32
  total: 1 matched / 1 bodies
",0,[],0,0,0,0,/home/arjaiswal/Polygeist/issues/aten_c_kernels/results/aten_erfc/debuf.mlir,1886,0,1,1,500.3867708146572,0,65980,0.308942049741745,0,0,0,0,"[{""body_indices"": [0], ""symbol"": ""cudnnPointwiseGraph_f32""}]",1,0,56,0.0,56
aten,aten_erfc,/home/arjaiswal/Polygeist/issues/aten_c_kernels/results/aten_erfc/debuf.mlir,280ff61d37069a0a4a7d93ecc2fa6c8cef35353b6bd92e3ea8d6e50330d06ded,syntactic,2,ok,0,1170.1959148049355,0,"[""/usr/bin/python3"", ""/home/arjaiswal/Polygeist/scripts/correctness/kernel_match_rewrite.py"", ""/home/arjaiswal/Polygeist/issues/aten_c_kernels/results/aten_erfc/debuf.mlir"", ""--dry-run"", ""--matcher-mode"", ""syntactic"", ""--telemetry-json"", ""/home/arjaiswal/Polygeist/issues/equality_saturation_eval/campaign_20260908/aten-aten_erfc-syntactic-amf4pcem.json"", ""--disable-semantic-fallback""]","== match report for /home/arjaiswal/Polygeist/issues/aten_c_kernels/results/aten_erfc/debuf.mlir ==
  match          body#[0]  cudnnPointwiseGraph_f32
  total: 1 matched / 1 bodies
",0,[],0,0,0,0,/home/arjaiswal/Polygeist/issues/aten_c_kernels/results/aten_erfc/debuf.mlir,1886,0,1,1,460.1861871778965,0,65884,0.25741755962371826,0,0,0,0,"[{""body_indices"": [0], ""symbol"": ""cudnnPointwiseGraph_f32""}]",1,0,56,0.0,56
aten,aten_erfc,/home/arjaiswal/Polygeist/issues/aten_c_kernels/results/aten_erfc/debuf.mlir,280ff61d37069a0a4a7d93ecc2fa6c8cef35353b6bd92e3ea8d6e50330d06ded,egglog,2,ok,0,1658.1347547471523,0,"[""/usr/bin/python3"", ""/home/arjaiswal/Polygeist/scripts/correctness/kernel_match_rewrite.py"", ""/home/arjaiswal/Polygeist/issues/aten_c_kernels/results/aten_erfc/debuf.mlir"", ""--dry-run"", ""--matcher-mode"", ""egglog"", ""--telemetry-json"", ""/home/arjaiswal/Polygeist/issues/equality_saturation_eval/campaign_20260908/aten-aten_erfc-egglog-c782uct3.json"", ""--disable-semantic-fallback""]","== match report for /home/arjaiswal/Polygeist/issues/aten_c_kernels/results/aten_erfc/debuf.mlir ==
  match          body#[0]  cudnnPointwiseGraph_f32
  total: 1 matched / 1 bodies
",0,[],0,0,0,0,/home/arjaiswal/Polygeist/issues/aten_c_kernels/results/aten_erfc/debuf.mlir,1886,8,1,1,707.59417116642,0,65948,0.0,0,0,0,0,"[{""body_indices"": [0], ""symbol"": ""cudnnPointwiseGraph_f32""}]",1,0,0,0.0,56
aten,aten_erfc,/home/arjaiswal/Polygeist/issues/aten_c_kernels/results/aten_erfc/debuf.mlir,280ff61d37069a0a4a7d93ecc2fa6c8cef35353b6bd92e3ea8d6e50330d06ded,egglog,3,ok,0,2879.1076205670834,0,"[""/usr/bin/python3"", ""/home/arjaiswal/Polygeist/scripts/correctness/kernel_match_rewrite.py"", ""/home/arjaiswal/Polygeist/issues/aten_c_kernels/results/aten_erfc/debuf.mlir"", ""--dry-run"", ""--matcher-mode"", ""egglog"", ""--telemetry-json"", ""/home/arjaiswal/Polygeist/issues/equality_saturation_eval/campaign_20260908/aten-aten_erfc-egglog-fpcv6jay.json"", ""--disable-semantic-fallback""]","== match report for /home/arjaiswal/Polygeist/issues/aten_c_kernels/results/aten_erfc/debuf.mlir ==
  match          body#[0]  cudnnPointwiseGraph_f32
  total: 1 matched / 1 bodies
",0,[],0,0,0,0,/home/arjaiswal/Polygeist/issues/aten_c_kernels/results/aten_erfc/debuf.mlir,1886,8,1,1,1433.3160296082497,0,65676,0.0,0,0,0,0,"[{""body_indices"": [0], ""symbol"": ""cudnnPointwiseGraph_f32""}]",1,0,0,0.0,56
aten,aten_erfc,/home/arjaiswal/Polygeist/issues/aten_c_kernels/results/aten_erfc/debuf.mlir,280ff61d37069a0a4a7d93ecc2fa6c8cef35353b6bd92e3ea8d6e50330d06ded,syntactic,3,ok,0,2189.558546990156,0,"[""/usr/bin/python3"", ""/home/arjaiswal/Polygeist/scripts/correctness/kernel_match_rewrite.py"", ""/home/arjaiswal/Polygeist/issues/aten_c_kernels/results/aten_erfc/debuf.mlir"", ""--dry-run"", ""--matcher-mode"", ""syntactic"", ""--telemetry-json"", ""/home/arjaiswal/Polygeist/issues/equality_saturation_eval/campaign_20260908/aten-aten_erfc-syntactic-18dxwpec.json"", ""--disable-semantic-fallback""]","== match report for /home/arjaiswal/Polygeist/issues/aten_c_kernels/results/aten_erfc/debuf.mlir ==
  match          body#[0]  cudnnPointwiseGraph_f32
  total: 1 matched / 1 bodies
",0,[],0,0,0,0,/home/arjaiswal/Polygeist/issues/aten_c_kernels/results/aten_erfc/debuf.mlir,1886,0,1,1,827.0729705691338,0,65780,0.3005973994731903,0,0,0,0,"[{""body_indices"": [0], ""symbol"": ""cudnnPointwiseGraph_f32""}]",1,0,56,0.0,56
aten,aten_erfc,/home/arjaiswal/Polygeist/issues/aten_c_kernels/results/aten_erfc/debuf.mlir,280ff61d37069a0a4a7d93ecc2fa6c8cef35353b6bd92e3ea8d6e50330d06ded,syntactic,4,ok,0,1130.8525316417217,0,"[""/usr/bin/python3"", ""/home/arjaiswal/Polygeist/scripts/correctness/kernel_match_rewrite.py"", ""/home/arjaiswal/Polygeist/issues/aten_c_kernels/results/aten_erfc/debuf.mlir"", ""--dry-run"", ""--matcher-mode"", ""syntactic"", ""--telemetry-json"", ""/home/arjaiswal/Polygeist/issues/equality_saturation_eval/campaign_20260908/aten-aten_erfc-syntactic-r8ivoqgn.json"", ""--disable-semantic-fallback""]","== match report for /home/arjaiswal/Polygeist/issues/aten_c_kernels/results/aten_erfc/debuf.mlir ==
  match          body#[0]  cudnnPointwiseGraph_f32
  total: 1 matched / 1 bodies
",0,[],0,0,0,0,/home/arjaiswal/Polygeist/issues/aten_c_kernels/results/aten_erfc/debuf.mlir,1886,0,1,1,568.4772990643978,0,65788,0.3096237778663635,0,0,0,0,"[{""body_indices"": [0], ""symbol"": ""cudnnPointwiseGraph_f32""}]",1,0,56,0.0,56
aten,aten_erfc,/home/arjaiswal/Polygeist/issues/aten_c_kernels/results/aten_erfc/debuf.mlir,280ff61d37069a0a4a7d93ecc2fa6c8cef35353b6bd92e3ea8d6e50330d06ded,egglog,4,ok,0,2032.361887395382,0,"[""/usr/bin/python3"", ""/home/arjaiswal/Polygeist/scripts/correctness/kernel_match_rewrite.py"", ""/home/arjaiswal/Polygeist/issues/aten_c_kernels/results/aten_erfc/debuf.mlir"", ""--dry-run"", ""--matcher-mode"", ""egglog"", ""--telemetry-json"", ""/home/arjaiswal/Polygeist/issues/equality_saturation_eval/campaign_20260908/aten-aten_erfc-egglog-xw17hoxr.json"", ""--disable-semantic-fallback""]","== match report for /home/arjaiswal/Polygeist/issues/aten_c_kernels/results/aten_erfc/debuf.mlir ==
  match          body#[0]  cudnnPointwiseGraph_f32
  total: 1 matched / 1 bodies
",0,[],0,0,0,0,/home/arjaiswal/Polygeist/issues/aten_c_kernels/results/aten_erfc/debuf.mlir,1886,8,1,1,1021.8167677521706,0,66008,0.0,0,0,0,0,"[{""body_indices"": [0], ""symbol"": ""cudnnPointwiseGraph_f32""}]",1,0,0,0.0,56
aten,aten_erfc,/home/arjaiswal/Polygeist/issues/aten_c_kernels/results/aten_erfc/debuf.mlir,280ff61d37069a0a4a7d93ecc2fa6c8cef35353b6bd92e3ea8d6e50330d06ded,egglog,5,ok,0,1532.8184589743614,0,"[""/usr/bin/python3"", ""/home/arjaiswal/Polygeist/scripts/correctness/kernel_match_rewrite.py"", ""/home/arjaiswal/Polygeist/issues/aten_c_kernels/results/aten_erfc/debuf.mlir"", ""--dry-run"", ""--matcher-mode"", ""egglog"", ""--telemetry-json"", ""/home/arjaiswal/Polygeist/issues/equality_saturation_eval/campaign_20260908/aten-aten_erfc-egglog-b8l_v4s3.json"", ""--disable-semantic-fallback""]","== match report for /home/arjaiswal/Polygeist/issues/aten_c_kernels/results/aten_erfc/debuf.mlir ==
  match          body#[0]  cudnnPointwiseGraph_f32
  total: 1 matched / 1 bodies
",0,[],0,0,0,0,/home/arjaiswal/Polygeist/issues/aten_c_kernels/results/aten_erfc/debuf.mlir,1886,8,1,1,565.8956579864025,0,66032,0.0,0,0,0,0,"[{""body_indices"": [0], ""symbol"": ""cudnnPointwiseGraph_f32""}]",1,0,0,0.0,56
aten,aten_erfc,/home/arjaiswal/Polygeist/issues/aten_c_kernels/results/aten_erfc/debuf.mlir,280ff61d37069a0a4a7d93ecc2fa6c8cef35353b6bd92e3ea8d6e50330d06ded,syntactic,5,ok,0,2070.285804569721,0,"[""/usr/bin/python3"", ""/home/arjaiswal/Polygeist/scripts/correctness/kernel_match_rewrite.py"", ""/home/arjaiswal/Polygeist/issues/aten_c_kernels/results/aten_erfc/debuf.mlir"", ""--dry-run"", ""--matcher-mode"", ""syntactic"", ""--telemetry-json"", ""/home/arjaiswal/Polygeist/issues/equality_saturation_eval/campaign_20260908/aten-aten_erfc-syntactic-a6s35cgm.json"", ""--disable-semantic-fallback""]","== match report for /home/arjaiswal/Polygeist/issues/aten_c_kernels/results/aten_erfc/debuf.mlir ==
  match          body#[0]  cudnnPointwiseGraph_f32
  total: 1 matched / 1 bodies
",0,[],0,0,0,0,/home/arjaiswal/Polygeist/issues/aten_c_kernels/results/aten_erfc/debuf.mlir,1886,0,1,1,1004.974041134119,0,65948,0.32479315996170044,0,0,0,0,"[{""body_indices"": [0], ""symbol"": ""cudnnPointwiseGraph_f32""}]",1,0,56,0.0,56
aten,aten_erfcx,/home/arjaiswal/Polygeist/issues/aten_c_kernels/results/aten_erfcx/debuf.mlir,9519e54a71ac495693fe0b417a2df661cd4450cf166a98c17516127539ae9cb4,syntactic,1,ok,0,1130.8682821691036,0,"[""/usr/bin/python3"", ""/home/arjaiswal/Polygeist/scripts/correctness/kernel_match_rewrite.py"", ""/home/arjaiswal/Polygeist/issues/aten_c_kernels/results/aten_erfcx/debuf.mlir"", ""--dry-run"", ""--matcher-mode"", ""syntactic"", ""--telemetry-json"", ""/home/arjaiswal/Polygeist/issues/equality_saturation_eval/campaign_20260908/aten-aten_erfcx-syntactic-z0zfthld.json"", ""--disable-semantic-fallback""]","== match report for /home/arjaiswal/Polygeist/issues/aten_c_kernels/results/aten_erfcx/debuf.mlir ==
  no_match       body#0  ?
  total: 0 matched / 1 bodies
",0,[],0,0,0,0,/home/arjaiswal/Polygeist/issues/aten_c_kernels/results/aten_erfcx/debuf.mlir,1899,0,1,0,512.3914442956448,1,65840,0.15932321548461914,0,0,0,0,[],0,0,56,0.0,56
aten,aten_erfcx,/home/arjaiswal/Polygeist/issues/aten_c_kernels/results/aten_erfcx/debuf.mlir,9519e54a71ac495693fe0b417a2df661cd4450cf166a98c17516127539ae9cb4,egglog,1,ok,0,1136.156726628542,0,"[""/usr/bin/python3"", ""/home/arjaiswal/Polygeist/scripts/correctness/kernel_match_rewrite.py"", ""/home/arjaiswal/Polygeist/issues/aten_c_kernels/results/aten_erfcx/debuf.mlir"", ""--dry-run"", ""--matcher-mode"", ""egglog"", ""--telemetry-json"", ""/home/arjaiswal/Polygeist/issues/equality_saturation_eval/campaign_20260908/aten-aten_erfcx-egglog-lkj432r7.json"", ""--disable-semantic-fallback""]","== match report for /home/arjaiswal/Polygeist/issues/aten_c_kernels/results/aten_erfcx/debuf.mlir ==
  no_match       body#0  ?
  total: 0 matched / 1 bodies
",0,[],0,0,0,0,/home/arjaiswal/Polygeist/issues/aten_c_kernels/results/aten_erfcx/debuf.mlir,1899,8,1,0,604.5016348361969,1,66016,0.0,0,0,0,0,[],0,0,0,0.0,56
aten,aten_erfcx,/home/arjaiswal/Polygeist/issues/aten_c_kernels/results/aten_erfcx/debuf.mlir,9519e54a71ac495693fe0b417a2df661cd4450cf166a98c17516127539ae9cb4,egglog,2,ok,0,2379.679039120674,0,"[""/usr/bin/python3"", ""/home/arjaiswal/Polygeist/scripts/correctness/kernel_match_rewrite.py"", ""/home/arjaiswal/Polygeist/issues/aten_c_kernels/results/aten_erfcx/debuf.mlir"", ""--dry-run"", ""--matcher-mode"", ""egglog"", ""--telemetry-json"", ""/home/arjaiswal/Polygeist/issues/equality_saturation_eval/campaign_20260908/aten-aten_erfcx-egglog-jhgbyxku.json"", ""--disable-semantic-fallback""]","== match report for /home/arjaiswal/Polygeist/issues/aten_c_kernels/results/aten_erfcx/debuf.mlir ==
  no_match       body#0  ?
  total: 0 matched / 1 bodies
",0,[],0,0,0,0,/home/arjaiswal/Polygeist/issues/aten_c_kernels/results/aten_erfcx/debuf.mlir,1899,8,1,0,1283.41618552804,1,65620,0.0,0,0,0,0,[],0,0,0,0.0,56
aten,aten_erfcx,/home/arjaiswal/Polygeist/issues/aten_c_kernels/results/aten_erfcx/debuf.mlir,9519e54a71ac495693fe0b417a2df661cd4450cf166a98c17516127539ae9cb4,syntactic,2,ok,0,2006.2140114605427,0,"[""/usr/bin/python3"", ""/home/arjaiswal/Polygeist/scripts/correctness/kernel_match_rewrite.py"", ""/home/arjaiswal/Polygeist/issues/aten_c_kernels/results/aten_erfcx/debuf.mlir"", ""--dry-run"", ""--matcher-mode"", ""syntactic"", ""--telemetry-json"", ""/home/arjaiswal/Polygeist/issues/equality_saturation_eval/campaign_20260908/aten-aten_erfcx-syntactic-2aco2y1a.json"", ""--disable-semantic-fallback""]","== match report for /home/arjaiswal/Polygeist/issues/aten_c_kernels/results/aten_erfcx/debuf.mlir ==
  no_match       body#0  ?
  total: 0 matched / 1 bodies
",0,[],0,0,0,0,/home/arjaiswal/Polygeist/issues/aten_c_kernels/results/aten_erfcx/debuf.mlir,1899,0,1,0,970.1101295650005,1,65948,0.2125948667526245,0,0,0,0,[],0,0,56,0.0,56
aten,aten_erfcx,/home/arjaiswal/Polygeist/issues/aten_c_kernels/results/aten_erfcx/debuf.mlir,9519e54a71ac495693fe0b417a2df661cd4450cf166a98c17516127539ae9cb4,syntactic,3,ok,0,2058.6644299328327,0,"[""/usr/bin/python3"", ""/home/arjaiswal/Polygeist/scripts/correctness/kernel_match_rewrite.py"", ""/home/arjaiswal/Polygeist/issues/aten_c_kernels/results/aten_erfcx/debuf.mlir"", ""--dry-run"", ""--matcher-mode"", ""syntactic"", ""--telemetry-json"", ""/home/arjaiswal/Polygeist/issues/equality_saturation_eval/campaign_20260908/aten-aten_erfcx-syntactic-0wnfepff.json"", ""--disable-semantic-fallback""]","== match report for /home/arjaiswal/Polygeist/issues/aten_c_kernels/results/aten_erfcx/debuf.mlir ==
  no_match       body#0  ?
  total: 0 matched / 1 bodies
",0,[],0,0,0,0,/home/arjaiswal/Polygeist/issues/aten_c_kernels/results/aten_erfcx/debuf.mlir,1899,0,1,0,1058.8505640625954,1,65980,0.21099671721458435,0,0,0,0,[],0,0,56,0.0,56
aten,aten_erfcx,/home/arjaiswal/Polygeist/issues/aten_c_kernels/results/aten_erfcx/debuf.mlir,9519e54a71ac495693fe0b417a2df661cd4450cf166a98c17516127539ae9cb4,egglog,3,ok,0,1644.2798860371113,0,"[""/usr/bin/python3"", ""/home/arjaiswal/Polygeist/scripts/correctness/kernel_match_rewrite.py"", ""/home/arjaiswal/Polygeist/issues/aten_c_kernels/results/aten_erfcx/debuf.mlir"", ""--dry-run"", ""--matcher-mode"", ""egglog"", ""--telemetry-json"", ""/home/arjaiswal/Polygeist/issues/equality_saturation_eval/campaign_20260908/aten-aten_erfcx-egglog-m_fz_33c.json"", ""--disable-semantic-fallback""]","== match report for /home/arjaiswal/Polygeist/issues/aten_c_kernels/results/aten_erfcx/debuf.mlir ==
  no_match       body#0  ?
  total: 0 matched / 1 bodies
",0,[],0,0,0,0,/home/arjaiswal/Polygeist/issues/aten_c_kernels/results/aten_erfcx/debuf.mlir,1899,8,1,0,704.1339129209518,1,65516,0.0,0,0,0,0,[],0,0,0,0.0,56
aten,aten_erfcx,/home/arjaiswal/Polygeist/issues/aten_c_kernels/results/aten_erfcx/debuf.mlir,9519e54a71ac495693fe0b417a2df661cd4450cf166a98c17516127539ae9cb4,egglog,4,ok,0,936.25358492136,0,"[""/usr/bin/python3"", ""/home/arjaiswal/Polygeist/scripts/correctness/kernel_match_rewrite.py"", ""/home/arjaiswal/Polygeist/issues/aten_c_kernels/results/aten_erfcx/debuf.mlir"", ""--dry-run"", ""--matcher-mode"", ""egglog"", ""--telemetry-json"", ""/home/arjaiswal/Polygeist/issues/equality_saturation_eval/campaign_20260908/aten-aten_erfcx-egglog-2x5d2vt_.json"", ""--disable-semantic-fallback""]","== match report for /home/arjaiswal/Polygeist/issues/aten_c_kernels/results/aten_erfcx/debuf.mlir ==
  no_match       body#0  ?
  total: 0 matched / 1 bodies
",0,[],0,0,0,0,/home/arjaiswal/Polygeist/issues/aten_c_kernels/results/aten_erfcx/debuf.mlir,1899,8,1,0,441.03723391890526,1,65640,0.0,0,0,0,0,[],0,0,0,0.0,56
aten,aten_erfcx,/home/arjaiswal/Polygeist/issues/aten_c_kernels/results/aten_erfcx/debuf.mlir,9519e54a71ac495693fe0b417a2df661cd4450cf166a98c17516127539ae9cb4,syntactic,4,ok,0,1865.2798421680927,0,"[""/usr/bin/python3"", ""/home/arjaiswal/Polygeist/scripts/correctness/kernel_match_rewrite.py"", ""/home/arjaiswal/Polygeist/issues/aten_c_kernels/results/aten_erfcx/debuf.mlir"", ""--dry-run"", ""--matcher-mode"", ""syntactic"", ""--telemetry-json"", ""/home/arjaiswal/Polygeist/issues/equality_saturation_eval/campaign_20260908/aten-aten_erfcx-syntactic-qrgxsh9d.json"", ""--disable-semantic-fallback""]","== match report for /home/arjaiswal/Polygeist/issues/aten_c_kernels/results/aten_erfcx/debuf.mlir ==
  no_match       body#0  ?
  total: 0 matched / 1 bodies
",0,[],0,0,0,0,/home/arjaiswal/Polygeist/issues/aten_c_kernels/results/aten_erfcx/debuf.mlir,1899,0,1,0,948.9654749631882,1,66084,0.22907182574272156,0,0,0,0,[],0,0,56,0.0,56
aten,aten_erfcx,/home/arjaiswal/Polygeist/issues/aten_c_kernels/results/aten_erfcx/debuf.mlir,9519e54a71ac495693fe0b417a2df661cd4450cf166a98c17516127539ae9cb4,syntactic,5,ok,0,3076.6609609127045,0,"[""/usr/bin/python3"", ""/home/arjaiswal/Polygeist/scripts/correctness/kernel_match_rewrite.py"", ""/home/arjaiswal/Polygeist/issues/aten_c_kernels/results/aten_erfcx/debuf.mlir"", ""--dry-run"", ""--matcher-mode"", ""syntactic"", ""--telemetry-json"", ""/home/arjaiswal/Polygeist/issues/equality_saturation_eval/campaign_20260908/aten-aten_erfcx-syntactic-s51loo3s.json"", ""--disable-semantic-fallback""]","== match report for /home/arjaiswal/Polygeist/issues/aten_c_kernels/results/aten_erfcx/debuf.mlir ==
  no_match       body#0  ?
  total: 0 matched / 1 bodies
",0,[],0,0,0,0,/home/arjaiswal/Polygeist/issues/aten_c_kernels/results/aten_erfcx/debuf.mlir,1899,0,1,0,1614.2291687428951,1,66088,0.20287185907363892,0,0,0,0,[],0,0,56,0.0,56
aten,aten_erfcx,/home/arjaiswal/Polygeist/issues/aten_c_kernels/results/aten_erfcx/debuf.mlir,9519e54a71ac495693fe0b417a2df661cd4450cf166a98c17516127539ae9cb4,egglog,5,ok,0,2431.565038859844,0,"[""/usr/bin/python3"", ""/home/arjaiswal/Polygeist/scripts/correctness/kernel_match_rewrite.py"", ""/home/arjaiswal/Polygeist/issues/aten_c_kernels/results/aten_erfcx/debuf.mlir"", ""--dry-run"", ""--matcher-mode"", ""egglog"", ""--telemetry-json"", ""/home/arjaiswal/Polygeist/issues/equality_saturation_eval/campaign_20260908/aten-aten_erfcx-egglog-klkhe5y0.json"", ""--disable-semantic-fallback""]","== match report for /home/arjaiswal/Polygeist/issues/aten_c_kernels/results/aten_erfcx/debuf.mlir ==
  no_match       body#0  ?
  total: 0 matched / 1 bodies
",0,[],0,0,0,0,/home/arjaiswal/Polygeist/issues/aten_c_kernels/results/aten_erfcx/debuf.mlir,1899,8,1,0,909.8206534981728,1,65648,0.0,0,0,0,0,[],0,0,0,0.0,56
aten,aten_erfinv,/home/arjaiswal/Polygeist/issues/aten_c_kernels/results/aten_erfinv/debuf.mlir,50158e4f5414df73b8f622cc8909de894188cff420f2eea3f5ccdc8c83e8c9ba,egglog,1,ok,0,1968.9295552670956,0,"[""/usr/bin/python3"", ""/home/arjaiswal/Polygeist/scripts/correctness/kernel_match_rewrite.py"", ""/home/arjaiswal/Polygeist/issues/aten_c_kernels/results/aten_erfinv/debuf.mlir"", ""--dry-run"", ""--matcher-mode"", ""egglog"", ""--telemetry-json"", ""/home/arjaiswal/Polygeist/issues/equality_saturation_eval/campaign_20260908/aten-aten_erfinv-egglog-pyoha0p0.json"", ""--disable-semantic-fallback""]","== match report for /home/arjaiswal/Polygeist/issues/aten_c_kernels/results/aten_erfinv/debuf.mlir ==
  no_match       body#0  ?
  total: 0 matched / 1 bodies
",0,[],0,0,0,0,/home/arjaiswal/Polygeist/issues/aten_c_kernels/results/aten_erfinv/debuf.mlir,1902,8,1,0,977.3566909134388,1,65532,0.0,0,0,0,0,[],0,0,0,0.0,56
aten,aten_erfinv,/home/arjaiswal/Polygeist/issues/aten_c_kernels/results/aten_erfinv/debuf.mlir,50158e4f5414df73b8f622cc8909de894188cff420f2eea3f5ccdc8c83e8c9ba,syntactic,1,ok,0,2267.544202506542,0,"[""/usr/bin/python3"", ""/home/arjaiswal/Polygeist/scripts/correctness/kernel_match_rewrite.py"", ""/home/arjaiswal/Polygeist/issues/aten_c_kernels/results/aten_erfinv/debuf.mlir"", ""--dry-run"", ""--matcher-mode"", ""syntactic"", ""--telemetry-json"", ""/home/arjaiswal/Polygeist/issues/equality_saturation_eval/campaign_20260908/aten-aten_erfinv-syntactic-k3hs0bnr.json"", ""--disable-semantic-fallback""]","== match report for /home/arjaiswal/Polygeist/issues/aten_c_kernels/results/aten_erfinv/debuf.mlir ==
  no_match       body#0  ?
  total: 0 matched / 1 bodies
",0,[],0,0,0,0,/home/arjaiswal/Polygeist/issues/aten_c_kernels/results/aten_erfinv/debuf.mlir,1902,0,1,0,1265.2988582849503,1,65560,0.18882006406784058,0,0,0,0,[],0,0,56,0.0,56
aten,aten_erfinv,/home/arjaiswal/Polygeist/issues/aten_c_kernels/results/aten_erfinv/debuf.mlir,50158e4f5414df73b8f622cc8909de894188cff420f2eea3f5ccdc8c83e8c9ba,syntactic,2,ok,0,1370.2613711357117,0,"[""/usr/bin/python3"", ""/home/arjaiswal/Polygeist/scripts/correctness/kernel_match_rewrite.py"", ""/home/arjaiswal/Polygeist/issues/aten_c_kernels/results/aten_erfinv/debuf.mlir"", ""--dry-run"", ""--matcher-mode"", ""syntactic"", ""--telemetry-json"", ""/home/arjaiswal/Polygeist/issues/equality_saturation_eval/campaign_20260908/aten-aten_erfinv-syntactic-iru5a77v.json"", ""--disable-semantic-fallback""]","== match report for /home/arjaiswal/Polygeist/issues/aten_c_kernels/results/aten_erfinv/debuf.mlir ==
  no_match       body#0  ?
  total: 0 matched / 1 bodies
",0,[],0,0,0,0,/home/arjaiswal/Polygeist/issues/aten_c_kernels/results/aten_erfinv/debuf.mlir,1902,0,1,0,478.0430346727371,1,65692,0.1941882073879242,0,0,0,0,[],0,0,56,0.0,56
aten,aten_erfinv,/home/arjaiswal/Polygeist/issues/aten_c_kernels/results/aten_erfinv/debuf.mlir,50158e4f5414df73b8f622cc8909de894188cff420f2eea3f5ccdc8c83e8c9ba,egglog,2,ok,0,1541.94850102067,0,"[""/usr/bin/python3"", ""/home/arjaiswal/Polygeist/scripts/correctness/kernel_match_rewrite.py"", ""/home/arjaiswal/Polygeist/issues/aten_c_kernels/results/aten_erfinv/debuf.mlir"", ""--dry-run"", ""--matcher-mode"", ""egglog"", ""--telemetry-json"", ""/home/arjaiswal/Polygeist/issues/equality_saturation_eval/campaign_20260908/aten-aten_erfinv-egglog-upoj8wgx.json"", ""--disable-semantic-fallback""]","== match report for /home/arjaiswal/Polygeist/issues/aten_c_kernels/results/aten_erfinv/debuf.mlir ==
  no_match       body#0  ?
  total: 0 matched / 1 bodies
",0,[],0,0,0,0,/home/arjaiswal/Polygeist/issues/aten_c_kernels/results/aten_erfinv/debuf.mlir,1902,8,1,0,873.159509152174,1,65580,0.0,0,0,0,0,[],0,0,0,0.0,56
aten,aten_erfinv,/home/arjaiswal/Polygeist/issues/aten_c_kernels/results/aten_erfinv/debuf.mlir,50158e4f5414df73b8f622cc8909de894188cff420f2eea3f5ccdc8c83e8c9ba,egglog,3,ok,0,2030.7735465466976,0,"[""/usr/bin/python3"", ""/home/arjaiswal/Polygeist/scripts/correctness/kernel_match_rewrite.py"", ""/home/arjaiswal/Polygeist/issues/aten_c_kernels/results/aten_erfinv/debuf.mlir"", ""--dry-run"", ""--matcher-mode"", ""egglog"", ""--telemetry-json"", ""/home/arjaiswal/Polygeist/issues/equality_saturation_eval/campaign_20260908/aten-aten_erfinv-egglog-s1kryfvp.json"", ""--disable-semantic-fallback""]","== match report for /home/arjaiswal/Polygeist/issues/aten_c_kernels/results/aten_erfinv/debuf.mlir ==
  no_match       body#0  ?
  total: 0 matched / 1 bodies
",0,[],0,0,0,0,/home/arjaiswal/Polygeist/issues/aten_c_kernels/results/aten_erfinv/debuf.mlir,1902,8,1,0,976.168792694807,1,65848,0.0,0,0,0,0,[],0,0,0,0.0,56
aten,aten_erfinv,/home/arjaiswal/Polygeist/issues/aten_c_kernels/results/aten_erfinv/debuf.mlir,50158e4f5414df73b8f622cc8909de894188cff420f2eea3f5ccdc8c83e8c9ba,syntactic,3,ok,0,2205.8845572173595,0,"[""/usr/bin/python3"", ""/home/arjaiswal/Polygeist/scripts/correctness/kernel_match_rewrite.py"", ""/home/arjaiswal/Polygeist/issues/aten_c_kernels/results/aten_erfinv/debuf.mlir"", ""--dry-run"", ""--matcher-mode"", ""syntactic"", ""--telemetry-json"", ""/home/arjaiswal/Polygeist/issues/equality_saturation_eval/campaign_20260908/aten-aten_erfinv-syntactic-n04uiu98.json"", ""--disable-semantic-fallback""]","== match report for /home/arjaiswal/Polygeist/issues/aten_c_kernels/results/aten_erfinv/debuf.mlir ==
  no_match       body#0  ?
  total: 0 matched / 1 bodies
",0,[],0,0,0,0,/home/arjaiswal/Polygeist/issues/aten_c_kernels/results/aten_erfinv/debuf.mlir,1902,0,1,0,1098.7984202802181,1,65568,0.19379332661628723,0,0,0,0,[],0,0,56,0.0,56
aten,aten_erfinv,/home/arjaiswal/Polygeist/issues/aten_c_kernels/results/aten_erfinv/debuf.mlir,50158e4f5414df73b8f622cc8909de894188cff420f2eea3f5ccdc8c83e8c9ba,syntactic,4,ok,0,2632.9702995717525,0,"[""/usr/bin/python3"", ""/home/arjaiswal/Polygeist/scripts/correctness/kernel_match_rewrite.py"", ""/home/arjaiswal/Polygeist/issues/aten_c_kernels/results/aten_erfinv/debuf.mlir"", ""--dry-run"", ""--matcher-mode"", ""syntactic"", ""--telemetry-json"", ""/home/arjaiswal/Polygeist/issues/equality_saturation_eval/campaign_20260908/aten-aten_erfinv-syntactic-lgikxx04.json"", ""--disable-semantic-fallback""]","== match report for /home/arjaiswal/Polygeist/issues/aten_c_kernels/results/aten_erfinv/debuf.mlir ==
  no_match       body#0  ?
  total: 0 matched / 1 bodies
",0,[],0,0,0,0,/home/arjaiswal/Polygeist/issues/aten_c_kernels/results/aten_erfinv/debuf.mlir,1902,0,1,0,1448.158074170351,1,65728,0.21529942750930786,0,0,0,0,[],0,0,56,0.0,56
aten,aten_erfinv,/home/arjaiswal/Polygeist/issues/aten_c_kernels/results/aten_erfinv/debuf.mlir,50158e4f5414df73b8f622cc8909de894188cff420f2eea3f5ccdc8c83e8c9ba,egglog,4,ok,0,2219.7947911918163,0,"[""/usr/bin/python3"", ""/home/arjaiswal/Polygeist/scripts/correctness/kernel_match_rewrite.py"", ""/home/arjaiswal/Polygeist/issues/aten_c_kernels/results/aten_erfinv/debuf.mlir"", ""--dry-run"", ""--matcher-mode"", ""egglog"", ""--telemetry-json"", ""/home/arjaiswal/Polygeist/issues/equality_saturation_eval/campaign_20260908/aten-aten_erfinv-egglog-7kdt5jr1.json"", ""--disable-semantic-fallback""]","== match report for /home/arjaiswal/Polygeist/issues/aten_c_kernels/results/aten_erfinv/debuf.mlir ==
  no_match       body#0  ?
  total: 0 matched / 1 bodies
",0,[],0,0,0,0,/home/arjaiswal/Polygeist/issues/aten_c_kernels/results/aten_erfinv/debuf.mlir,1902,8,1,0,1261.6837322711945,1,65628,0.0,0,0,0,0,[],0,0,0,0.0,56
aten,aten_erfinv,/home/arjaiswal/Polygeist/issues/aten_c_kernels/results/aten_erfinv/debuf.mlir,50158e4f5414df73b8f622cc8909de894188cff420f2eea3f5ccdc8c83e8c9ba,egglog,5,ok,0,2648.7962305545807,0,"[""/usr/bin/python3"", ""/home/arjaiswal/Polygeist/scripts/correctness/kernel_match_rewrite.py"", ""/home/arjaiswal/Polygeist/issues/aten_c_kernels/results/aten_erfinv/debuf.mlir"", ""--dry-run"", ""--matcher-mode"", ""egglog"", ""--telemetry-json"", ""/home/arjaiswal/Polygeist/issues/equality_saturation_eval/campaign_20260908/aten-aten_erfinv-egglog-m4kfa0c_.json"", ""--disable-semantic-fallback""]","== match report for /home/arjaiswal/Polygeist/issues/aten_c_kernels/results/aten_erfinv/debuf.mlir ==
  no_match       body#0  ?
  total: 0 matched / 1 bodies
",0,[],0,0,0,0,/home/arjaiswal/Polygeist/issues/aten_c_kernels/results/aten_erfinv/debuf.mlir,1902,8,1,0,1408.4389582276344,1,65532,0.0,0,0,0,0,[],0,0,0,0.0,56
aten,aten_erfinv,/home/arjaiswal/Polygeist/issues/aten_c_kernels/results/aten_erfinv/debuf.mlir,50158e4f5414df73b8f622cc8909de894188cff420f2eea3f5ccdc8c83e8c9ba,syntactic,5,ok,0,2503.269784152508,0,"[""/usr/bin/python3"", ""/home/arjaiswal/Polygeist/scripts/correctness/kernel_match_rewrite.py"", ""/home/arjaiswal/Polygeist/issues/aten_c_kernels/results/aten_erfinv/debuf.mlir"", ""--dry-run"", ""--matcher-mode"", ""syntactic"", ""--telemetry-json"", ""/home/arjaiswal/Polygeist/issues/equality_saturation_eval/campaign_20260908/aten-aten_erfinv-syntactic-caaxe1oq.json"", ""--disable-semantic-fallback""]","== match report for /home/arjaiswal/Polygeist/issues/aten_c_kernels/results/aten_erfinv/debuf.mlir ==
  no_match       body#0  ?
  total: 0 matched / 1 bodies
",0,[],0,0,0,0,/home/arjaiswal/Polygeist/issues/aten_c_kernels/results/aten_erfinv/debuf.mlir,1902,0,1,0,1272.918164730072,1,65456,0.21492689847946167,0,0,0,0,[],0,0,56,0.0,56
aten,aten_exp,/home/arjaiswal/Polygeist/issues/aten_c_kernels/results/aten_exp/debuf.mlir,f9832d9c7faf526e77036130f47a8824fbcd7ccf5027e9f17831eecd136f2101,syntactic,1,ok,0,2623.411748558283,0,"[""/usr/bin/python3"", ""/home/arjaiswal/Polygeist/scripts/correctness/kernel_match_rewrite.py"", ""/home/arjaiswal/Polygeist/issues/aten_c_kernels/results/aten_exp/debuf.mlir"", ""--dry-run"", ""--matcher-mode"", ""syntactic"", ""--telemetry-json"", ""/home/arjaiswal/Polygeist/issues/equality_saturation_eval/campaign_20260908/aten-aten_exp-syntactic-dwfgnm4z.json"", ""--disable-semantic-fallback""]","== match report for /home/arjaiswal/Polygeist/issues/aten_c_kernels/results/aten_exp/debuf.mlir ==
  match          body#[0]  cutensorUnary_exp_f32
  total: 1 matched / 1 bodies
",0,[],0,0,0,0,/home/arjaiswal/Polygeist/issues/aten_c_kernels/results/aten_exp/debuf.mlir,1760,0,1,1,1176.1587411165237,0,65740,0.09757652878761292,0,2,0,0,"[{""body_indices"": [0], ""symbol"": ""cutensorUnary_exp_f32""}]",1,0,20,0.0,20
aten,aten_exp,/home/arjaiswal/Polygeist/issues/aten_c_kernels/results/aten_exp/debuf.mlir,f9832d9c7faf526e77036130f47a8824fbcd7ccf5027e9f17831eecd136f2101,egglog,1,ok,0,2519.107408821583,0,"[""/usr/bin/python3"", ""/home/arjaiswal/Polygeist/scripts/correctness/kernel_match_rewrite.py"", ""/home/arjaiswal/Polygeist/issues/aten_c_kernels/results/aten_exp/debuf.mlir"", ""--dry-run"", ""--matcher-mode"", ""egglog"", ""--telemetry-json"", ""/home/arjaiswal/Polygeist/issues/equality_saturation_eval/campaign_20260908/aten-aten_exp-egglog-ox9drl31.json"", ""--disable-semantic-fallback""]","== match report for /home/arjaiswal/Polygeist/issues/aten_c_kernels/results/aten_exp/debuf.mlir ==
  match          body#[0]  cutensorUnary_exp_f32
  total: 1 matched / 1 bodies
",0,[],0,0,0,0,/home/arjaiswal/Polygeist/issues/aten_c_kernels/results/aten_exp/debuf.mlir,1760,8,1,1,1155.3497798740864,0,69404,80.02359792590141,2,2,0,0,"[{""body_indices"": [0], ""symbol"": ""cutensorUnary_exp_f32""}]",1,0,0,0.0,20
aten,aten_exp,/home/arjaiswal/Polygeist/issues/aten_c_kernels/results/aten_exp/debuf.mlir,f9832d9c7faf526e77036130f47a8824fbcd7ccf5027e9f17831eecd136f2101,egglog,2,ok,0,855.2771583199501,0,"[""/usr/bin/python3"", ""/home/arjaiswal/Polygeist/scripts/correctness/kernel_match_rewrite.py"", ""/home/arjaiswal/Polygeist/issues/aten_c_kernels/results/aten_exp/debuf.mlir"", ""--dry-run"", ""--matcher-mode"", ""egglog"", ""--telemetry-json"", ""/home/arjaiswal/Polygeist/issues/equality_saturation_eval/campaign_20260908/aten-aten_exp-egglog-4ff5y0pk.json"", ""--disable-semantic-fallback""]","== match report for /home/arjaiswal/Polygeist/issues/aten_c_kernels/results/aten_exp/debuf.mlir ==
  match          body#[0]  cutensorUnary_exp_f32
  total: 1 matched / 1 bodies
",0,[],0,0,0,0,/home/arjaiswal/Polygeist/issues/aten_c_kernels/results/aten_exp/debuf.mlir,1760,8,1,1,350.876122713089,0,69304,22.86650240421295,2,2,0,0,"[{""body_indices"": [0], ""symbol"": ""cutensorUnary_exp_f32""}]",1,0,0,0.0,20
aten,aten_exp,/home/arjaiswal/Polygeist/issues/aten_c_kernels/results/aten_exp/debuf.mlir,f9832d9c7faf526e77036130f47a8824fbcd7ccf5027e9f17831eecd136f2101,syntactic,2,ok,0,2115.563165396452,0,"[""/usr/bin/python3"", ""/home/arjaiswal/Polygeist/scripts/correctness/kernel_match_rewrite.py"", ""/home/arjaiswal/Polygeist/issues/aten_c_kernels/results/aten_exp/debuf.mlir"", ""--dry-run"", ""--matcher-mode"", ""syntactic"", ""--telemetry-json"", ""/home/arjaiswal/Polygeist/issues/equality_saturation_eval/campaign_20260908/aten-aten_exp-syntactic-ffropnrj.json"", ""--disable-semantic-fallback""]","== match report for /home/arjaiswal/Polygeist/issues/aten_c_kernels/results/aten_exp/debuf.mlir ==
  match          body#[0]  cutensorUnary_exp_f32
  total: 1 matched / 1 bodies
",0,[],0,0,0,0,/home/arjaiswal/Polygeist/issues/aten_c_kernels/results/aten_exp/debuf.mlir,1760,0,1,1,818.1739039719105,0,65756,0.07532909512519836,0,2,0,0,"[{""body_indices"": [0], ""symbol"": ""cutensorUnary_exp_f32""}]",1,0,20,0.0,20
aten,aten_exp,/home/arjaiswal/Polygeist/issues/aten_c_kernels/results/aten_exp/debuf.mlir,f9832d9c7faf526e77036130f47a8824fbcd7ccf5027e9f17831eecd136f2101,syntactic,3,ok,0,1451.3180665671825,0,"[""/usr/bin/python3"", ""/home/arjaiswal/Polygeist/scripts/correctness/kernel_match_rewrite.py"", ""/home/arjaiswal/Polygeist/issues/aten_c_kernels/results/aten_exp/debuf.mlir"", ""--dry-run"", ""--matcher-mode"", ""syntactic"", ""--telemetry-json"", ""/home/arjaiswal/Polygeist/issues/equality_saturation_eval/campaign_20260908/aten-aten_exp-syntactic-agxo3yhz.json"", ""--disable-semantic-fallback""]","== match report for /home/arjaiswal/Polygeist/issues/aten_c_kernels/results/aten_exp/debuf.mlir ==
  match          body#[0]  cutensorUnary_exp_f32
  total: 1 matched / 1 bodies
",0,[],0,0,0,0,/home/arjaiswal/Polygeist/issues/aten_c_kernels/results/aten_exp/debuf.mlir,1760,0,1,1,721.7598035931587,0,65780,0.0789053738117218,0,2,0,0,"[{""body_indices"": [0], ""symbol"": ""cutensorUnary_exp_f32""}]",1,0,20,0.0,20
aten,aten_exp,/home/arjaiswal/Polygeist/issues/aten_c_kernels/results/aten_exp/debuf.mlir,f9832d9c7faf526e77036130f47a8824fbcd7ccf5027e9f17831eecd136f2101,egglog,3,ok,0,1108.7348125874996,0,"[""/usr/bin/python3"", ""/home/arjaiswal/Polygeist/scripts/correctness/kernel_match_rewrite.py"", ""/home/arjaiswal/Polygeist/issues/aten_c_kernels/results/aten_exp/debuf.mlir"", ""--dry-run"", ""--matcher-mode"", ""egglog"", ""--telemetry-json"", ""/home/arjaiswal/Polygeist/issues/equality_saturation_eval/campaign_20260908/aten-aten_exp-egglog-rszecadz.json"", ""--disable-semantic-fallback""]","== match report for /home/arjaiswal/Polygeist/issues/aten_c_kernels/results/aten_exp/debuf.mlir ==
  match          body#[0]  cutensorUnary_exp_f32
  total: 1 matched / 1 bodies
",0,[],0,0,0,0,/home/arjaiswal/Polygeist/issues/aten_c_kernels/results/aten_exp/debuf.mlir,1760,8,1,1,394.36546340584755,0,69496,24.533528834581375,2,2,0,0,"[{""body_indices"": [0], ""symbol"": ""cutensorUnary_exp_f32""}]",1,0,0,0.0,20
aten,aten_exp,/home/arjaiswal/Polygeist/issues/aten_c_kernels/results/aten_exp/debuf.mlir,f9832d9c7faf526e77036130f47a8824fbcd7ccf5027e9f17831eecd136f2101,egglog,4,ok,0,1160.8917452394962,0,"[""/usr/bin/python3"", ""/home/arjaiswal/Polygeist/scripts/correctness/kernel_match_rewrite.py"", ""/home/arjaiswal/Polygeist/issues/aten_c_kernels/results/aten_exp/debuf.mlir"", ""--dry-run"", ""--matcher-mode"", ""egglog"", ""--telemetry-json"", ""/home/arjaiswal/Polygeist/issues/equality_saturation_eval/campaign_20260908/aten-aten_exp-egglog-w__03jk_.json"", ""--disable-semantic-fallback""]","== match report for /home/arjaiswal/Polygeist/issues/aten_c_kernels/results/aten_exp/debuf.mlir ==
  match          body#[0]  cutensorUnary_exp_f32
  total: 1 matched / 1 bodies
",0,[],0,0,0,0,/home/arjaiswal/Polygeist/issues/aten_c_kernels/results/aten_exp/debuf.mlir,1760,8,1,1,376.920647919178,0,69308,23.321963846683502,2,2,0,0,"[{""body_indices"": [0], ""symbol"": ""cutensorUnary_exp_f32""}]",1,0,0,0.0,20
aten,aten_exp,/home/arjaiswal/Polygeist/issues/aten_c_kernels/results/aten_exp/debuf.mlir,f9832d9c7faf526e77036130f47a8824fbcd7ccf5027e9f17831eecd136f2101,syntactic,4,ok,0,895.6936597824097,0,"[""/usr/bin/python3"", ""/home/arjaiswal/Polygeist/scripts/correctness/kernel_match_rewrite.py"", ""/home/arjaiswal/Polygeist/issues/aten_c_kernels/results/aten_exp/debuf.mlir"", ""--dry-run"", ""--matcher-mode"", ""syntactic"", ""--telemetry-json"", ""/home/arjaiswal/Polygeist/issues/equality_saturation_eval/campaign_20260908/aten-aten_exp-syntactic-ddmrvdmx.json"", ""--disable-semantic-fallback""]","== match report for /home/arjaiswal/Polygeist/issues/aten_c_kernels/results/aten_exp/debuf.mlir ==
  match          body#[0]  cutensorUnary_exp_f32
  total: 1 matched / 1 bodies
",0,[],0,0,0,0,/home/arjaiswal/Polygeist/issues/aten_c_kernels/results/aten_exp/debuf.mlir,1760,0,1,1,332.9724669456482,0,65708,0.0580325722694397,0,2,0,0,"[{""body_indices"": [0], ""symbol"": ""cutensorUnary_exp_f32""}]",1,0,20,0.0,20
aten,aten_exp,/home/arjaiswal/Polygeist/issues/aten_c_kernels/results/aten_exp/debuf.mlir,f9832d9c7faf526e77036130f47a8824fbcd7ccf5027e9f17831eecd136f2101,syntactic,5,ok,0,1114.8735396564007,0,"[""/usr/bin/python3"", ""/home/arjaiswal/Polygeist/scripts/correctness/kernel_match_rewrite.py"", ""/home/arjaiswal/Polygeist/issues/aten_c_kernels/results/aten_exp/debuf.mlir"", ""--dry-run"", ""--matcher-mode"", ""syntactic"", ""--telemetry-json"", ""/home/arjaiswal/Polygeist/issues/equality_saturation_eval/campaign_20260908/aten-aten_exp-syntactic-7q3w7m38.json"", ""--disable-semantic-fallback""]","== match report for /home/arjaiswal/Polygeist/issues/aten_c_kernels/results/aten_exp/debuf.mlir ==
  match          body#[0]  cutensorUnary_exp_f32
  total: 1 matched / 1 bodies
",0,[],0,0,0,0,/home/arjaiswal/Polygeist/issues/aten_c_kernels/results/aten_exp/debuf.mlir,1760,0,1,1,525.0244922935963,0,65868,0.07104501128196716,0,2,0,0,"[{""body_indices"": [0], ""symbol"": ""cutensorUnary_exp_f32""}]",1,0,20,0.0,20
aten,aten_exp,/home/arjaiswal/Polygeist/issues/aten_c_kernels/results/aten_exp/debuf.mlir,f9832d9c7faf526e77036130f47a8824fbcd7ccf5027e9f17831eecd136f2101,egglog,5,ok,0,1356.832791119814,0,"[""/usr/bin/python3"", ""/home/arjaiswal/Polygeist/scripts/correctness/kernel_match_rewrite.py"", ""/home/arjaiswal/Polygeist/issues/aten_c_kernels/results/aten_exp/debuf.mlir"", ""--dry-run"", ""--matcher-mode"", ""egglog"", ""--telemetry-json"", ""/home/arjaiswal/Polygeist/issues/equality_saturation_eval/campaign_20260908/aten-aten_exp-egglog-gdbg8onn.json"", ""--disable-semantic-fallback""]","== match report for /home/arjaiswal/Polygeist/issues/aten_c_kernels/results/aten_exp/debuf.mlir ==
  match          body#[0]  cutensorUnary_exp_f32
  total: 1 matched / 1 bodies
",0,[],0,0,0,0,/home/arjaiswal/Polygeist/issues/aten_c_kernels/results/aten_exp/debuf.mlir,1760,8,1,1,567.0307949185371,0,69368,58.15288797020912,2,2,0,0,"[{""body_indices"": [0], ""symbol"": ""cutensorUnary_exp_f32""}]",1,0,0,0.0,20
aten,aten_exp2,/home/arjaiswal/Polygeist/issues/aten_c_kernels/results/aten_exp2/debuf.mlir,dd0ed7690977cc611fd0e350decd055165d46a7831e53f7eec87f6ab63db7c8d,egglog,1,ok,0,2482.5678691267967,0,"[""/usr/bin/python3"", ""/home/arjaiswal/Polygeist/scripts/correctness/kernel_match_rewrite.py"", ""/home/arjaiswal/Polygeist/issues/aten_c_kernels/results/aten_exp2/debuf.mlir"", ""--dry-run"", ""--matcher-mode"", ""egglog"", ""--telemetry-json"", ""/home/arjaiswal/Polygeist/issues/equality_saturation_eval/campaign_20260908/aten-aten_exp2-egglog-latb09xn.json"", ""--disable-semantic-fallback""]","== match report for /home/arjaiswal/Polygeist/issues/aten_c_kernels/results/aten_exp2/debuf.mlir ==
  match          body#[0]  cudnnPointwiseGraph_f32
  total: 1 matched / 1 bodies
",0,[],0,0,0,0,/home/arjaiswal/Polygeist/issues/aten_c_kernels/results/aten_exp2/debuf.mlir,1869,8,1,1,1440.476082265377,0,65968,0.0,0,0,0,0,"[{""body_indices"": [0], ""symbol"": ""cudnnPointwiseGraph_f32""}]",1,0,0,0.0,56
aten,aten_exp2,/home/arjaiswal/Polygeist/issues/aten_c_kernels/results/aten_exp2/debuf.mlir,dd0ed7690977cc611fd0e350decd055165d46a7831e53f7eec87f6ab63db7c8d,syntactic,1,ok,0,2154.6870544552803,0,"[""/usr/bin/python3"", ""/home/arjaiswal/Polygeist/scripts/correctness/kernel_match_rewrite.py"", ""/home/arjaiswal/Polygeist/issues/aten_c_kernels/results/aten_exp2/debuf.mlir"", ""--dry-run"", ""--matcher-mode"", ""syntactic"", ""--telemetry-json"", ""/home/arjaiswal/Polygeist/issues/equality_saturation_eval/campaign_20260908/aten-aten_exp2-syntactic-z6e4xwgw.json"", ""--disable-semantic-fallback""]","== match report for /home/arjaiswal/Polygeist/issues/aten_c_kernels/results/aten_exp2/debuf.mlir ==
  match          body#[0]  cudnnPointwiseGraph_f32
  total: 1 matched / 1 bodies
",0,[],0,0,0,0,/home/arjaiswal/Polygeist/issues/aten_c_kernels/results/aten_exp2/debuf.mlir,1869,0,1,1,998.6343532800674,0,66104,0.2818554639816284,0,0,0,0,"[{""body_indices"": [0], ""symbol"": ""cudnnPointwiseGraph_f32""}]",1,0,56,0.0,56
aten,aten_exp2,/home/arjaiswal/Polygeist/issues/aten_c_kernels/results/aten_exp2/debuf.mlir,dd0ed7690977cc611fd0e350decd055165d46a7831e53f7eec87f6ab63db7c8d,syntactic,2,ok,0,1659.665621817112,0,"[""/usr/bin/python3"", ""/home/arjaiswal/Polygeist/scripts/correctness/kernel_match_rewrite.py"", ""/home/arjaiswal/Polygeist/issues/aten_c_kernels/results/aten_exp2/debuf.mlir"", ""--dry-run"", ""--matcher-mode"", ""syntactic"", ""--telemetry-json"", ""/home/arjaiswal/Polygeist/issues/equality_saturation_eval/campaign_20260908/aten-aten_exp2-syntactic-9rzz4q4o.json"", ""--disable-semantic-fallback""]","== match report for /home/arjaiswal/Polygeist/issues/aten_c_kernels/results/aten_exp2/debuf.mlir ==
  match          body#[0]  cudnnPointwiseGraph_f32
  total: 1 matched / 1 bodies
",0,[],0,0,0,0,/home/arjaiswal/Polygeist/issues/aten_c_kernels/results/aten_exp2/debuf.mlir,1869,0,1,1,839.550968259573,0,65872,0.30222535133361816,0,0,0,0,"[{""body_indices"": [0], ""symbol"": ""cudnnPointwiseGraph_f32""}]",1,0,56,0.0,56
aten,aten_exp2,/home/arjaiswal/Polygeist/issues/aten_c_kernels/results/aten_exp2/debuf.mlir,dd0ed7690977cc611fd0e350decd055165d46a7831e53f7eec87f6ab63db7c8d,egglog,2,ok,0,2522.520247846842,0,"[""/usr/bin/python3"", ""/home/arjaiswal/Polygeist/scripts/correctness/kernel_match_rewrite.py"", ""/home/arjaiswal/Polygeist/issues/aten_c_kernels/results/aten_exp2/debuf.mlir"", ""--dry-run"", ""--matcher-mode"", ""egglog"", ""--telemetry-json"", ""/home/arjaiswal/Polygeist/issues/equality_saturation_eval/campaign_20260908/aten-aten_exp2-egglog-liwxvtkj.json"", ""--disable-semantic-fallback""]","== match report for /home/arjaiswal/Polygeist/issues/aten_c_kernels/results/aten_exp2/debuf.mlir ==
  match          body#[0]  cudnnPointwiseGraph_f32
  total: 1 matched / 1 bodies
",0,[],0,0,0,0,/home/arjaiswal/Polygeist/issues/aten_c_kernels/results/aten_exp2/debuf.mlir,1869,8,1,1,1346.5733416378498,0,65908,0.0,0,0,0,0,"[{""body_indices"": [0], ""symbol"": ""cudnnPointwiseGraph_f32""}]",1,0,0,0.0,56
aten,aten_exp2,/home/arjaiswal/Polygeist/issues/aten_c_kernels/results/aten_exp2/debuf.mlir,dd0ed7690977cc611fd0e350decd055165d46a7831e53f7eec87f6ab63db7c8d,egglog,3,ok,0,2975.2418026328087,0,"[""/usr/bin/python3"", ""/home/arjaiswal/Polygeist/scripts/correctness/kernel_match_rewrite.py"", ""/home/arjaiswal/Polygeist/issues/aten_c_kernels/results/aten_exp2/debuf.mlir"", ""--dry-run"", ""--matcher-mode"", ""egglog"", ""--telemetry-json"", ""/home/arjaiswal/Polygeist/issues/equality_saturation_eval/campaign_20260908/aten-aten_exp2-egglog-3t3zy_yk.json"", ""--disable-semantic-fallback""]","== match report for /home/arjaiswal/Polygeist/issues/aten_c_kernels/results/aten_exp2/debuf.mlir ==
  match          body#[0]  cudnnPointwiseGraph_f32
  total: 1 matched / 1 bodies
",0,[],0,0,0,0,/home/arjaiswal/Polygeist/issues/aten_c_kernels/results/aten_exp2/debuf.mlir,1869,8,1,1,1538.3690744638443,0,65932,0.0,0,0,0,0,"[{""body_indices"": [0], ""symbol"": ""cudnnPointwiseGraph_f32""}]",1,0,0,0.0,56
aten,aten_exp2,/home/arjaiswal/Polygeist/issues/aten_c_kernels/results/aten_exp2/debuf.mlir,dd0ed7690977cc611fd0e350decd055165d46a7831e53f7eec87f6ab63db7c8d,syntactic,3,ok,0,1480.2241325378418,0,"[""/usr/bin/python3"", ""/home/arjaiswal/Polygeist/scripts/correctness/kernel_match_rewrite.py"", ""/home/arjaiswal/Polygeist/issues/aten_c_kernels/results/aten_exp2/debuf.mlir"", ""--dry-run"", ""--matcher-mode"", ""syntactic"", ""--telemetry-json"", ""/home/arjaiswal/Polygeist/issues/equality_saturation_eval/campaign_20260908/aten-aten_exp2-syntactic-5hn89o1f.json"", ""--disable-semantic-fallback""]","== match report for /home/arjaiswal/Polygeist/issues/aten_c_kernels/results/aten_exp2/debuf.mlir ==
  match          body#[0]  cudnnPointwiseGraph_f32
  total: 1 matched / 1 bodies
",0,[],0,0,0,0,/home/arjaiswal/Polygeist/issues/aten_c_kernels/results/aten_exp2/debuf.mlir,1869,0,1,1,563.3104890584946,0,66104,0.29130280017852783,0,0,0,0,"[{""body_indices"": [0], ""symbol"": ""cudnnPointwiseGraph_f32""}]",1,0,56,0.0,56
aten,aten_exp2,/home/arjaiswal/Polygeist/issues/aten_c_kernels/results/aten_exp2/debuf.mlir,dd0ed7690977cc611fd0e350decd055165d46a7831e53f7eec87f6ab63db7c8d,syntactic,4,ok,0,1304.1161000728607,0,"[""/usr/bin/python3"", ""/home/arjaiswal/Polygeist/scripts/correctness/kernel_match_rewrite.py"", ""/home/arjaiswal/Polygeist/issues/aten_c_kernels/results/aten_exp2/debuf.mlir"", ""--dry-run"", ""--matcher-mode"", ""syntactic"", ""--telemetry-json"", ""/home/arjaiswal/Polygeist/issues/equality_saturation_eval/campaign_20260908/aten-aten_exp2-syntactic-39lip40y.json"", ""--disable-semantic-fallback""]","== match report for /home/arjaiswal/Polygeist/issues/aten_c_kernels/results/aten_exp2/debuf.mlir ==
  match          body#[0]  cudnnPointwiseGraph_f32
  total: 1 matched / 1 bodies
",0,[],0,0,0,0,/home/arjaiswal/Polygeist/issues/aten_c_kernels/results/aten_exp2/debuf.mlir,1869,0,1,1,574.7958421707153,0,65912,0.2637840807437897,0,0,0,0,"[{""body_indices"": [0], ""symbol"": ""cudnnPointwiseGraph_f32""}]",1,0,56,0.0,56
aten,aten_exp2,/home/arjaiswal/Polygeist/issues/aten_c_kernels/results/aten_exp2/debuf.mlir,dd0ed7690977cc611fd0e350decd055165d46a7831e53f7eec87f6ab63db7c8d,egglog,4,ok,0,2001.9863583147526,0,"[""/usr/bin/python3"", ""/home/arjaiswal/Polygeist/scripts/correctness/kernel_match_rewrite.py"", ""/home/arjaiswal/Polygeist/issues/aten_c_kernels/results/aten_exp2/debuf.mlir"", ""--dry-run"", ""--matcher-mode"", ""egglog"", ""--telemetry-json"", ""/home/arjaiswal/Polygeist/issues/equality_saturation_eval/campaign_20260908/aten-aten_exp2-egglog-3lk2edjm.json"", ""--disable-semantic-fallback""]","== match report for /home/arjaiswal/Polygeist/issues/aten_c_kernels/results/aten_exp2/debuf.mlir ==
  match          body#[0]  cudnnPointwiseGraph_f32
  total: 1 matched / 1 bodies
",0,[],0,0,0,0,/home/arjaiswal/Polygeist/issues/aten_c_kernels/results/aten_exp2/debuf.mlir,1869,8,1,1,960.1844549179077,0,65912,0.0,0,0,0,0,"[{""body_indices"": [0], ""symbol"": ""cudnnPointwiseGraph_f32""}]",1,0,0,0.0,56
aten,aten_exp2,/home/arjaiswal/Polygeist/issues/aten_c_kernels/results/aten_exp2/debuf.mlir,dd0ed7690977cc611fd0e350decd055165d46a7831e53f7eec87f6ab63db7c8d,egglog,5,ok,0,1329.977098852396,0,"[""/usr/bin/python3"", ""/home/arjaiswal/Polygeist/scripts/correctness/kernel_match_rewrite.py"", ""/home/arjaiswal/Polygeist/issues/aten_c_kernels/results/aten_exp2/debuf.mlir"", ""--dry-run"", ""--matcher-mode"", ""egglog"", ""--telemetry-json"", ""/home/arjaiswal/Polygeist/issues/equality_saturation_eval/campaign_20260908/aten-aten_exp2-egglog-s_bgea5j.json"", ""--disable-semantic-fallback""]","== match report for /home/arjaiswal/Polygeist/issues/aten_c_kernels/results/aten_exp2/debuf.mlir ==
  match          body#[0]  cudnnPointwiseGraph_f32
  total: 1 matched / 1 bodies
",0,[],0,0,0,0,/home/arjaiswal/Polygeist/issues/aten_c_kernels/results/aten_exp2/debuf.mlir,1869,8,1,1,611.6838343441486,0,66044,0.0,0,0,0,0,"[{""body_indices"": [0], ""symbol"": ""cudnnPointwiseGraph_f32""}]",1,0,0,0.0,56
aten,aten_exp2,/home/arjaiswal/Polygeist/issues/aten_c_kernels/results/aten_exp2/debuf.mlir,dd0ed7690977cc611fd0e350decd055165d46a7831e53f7eec87f6ab63db7c8d,syntactic,5,ok,0,999.865148216486,0,"[""/usr/bin/python3"", ""/home/arjaiswal/Polygeist/scripts/correctness/kernel_match_rewrite.py"", ""/home/arjaiswal/Polygeist/issues/aten_c_kernels/results/aten_exp2/debuf.mlir"", ""--dry-run"", ""--matcher-mode"", ""syntactic"", ""--telemetry-json"", ""/home/arjaiswal/Polygeist/issues/equality_saturation_eval/campaign_20260908/aten-aten_exp2-syntactic-_nwir_2y.json"", ""--disable-semantic-fallback""]","== match report for /home/arjaiswal/Polygeist/issues/aten_c_kernels/results/aten_exp2/debuf.mlir ==
  match          body#[0]  cudnnPointwiseGraph_f32
  total: 1 matched / 1 bodies
",0,[],0,0,0,0,/home/arjaiswal/Polygeist/issues/aten_c_kernels/results/aten_exp2/debuf.mlir,1869,0,1,1,484.94458943605423,0,65964,0.2949908375740051,0,0,0,0,"[{""body_indices"": [0], ""symbol"": ""cudnnPointwiseGraph_f32""}]",1,0,56,0.0,56
aten,aten_expm1,/home/arjaiswal/Polygeist/issues/aten_c_kernels/results/aten_expm1/debuf.mlir,b044eef8b5dbe2fd4ba8f7451e75a570a715fa28a6a4374599035ec3d292dbd2,syntactic,1,ok,0,1580.4618373513222,0,"[""/usr/bin/python3"", ""/home/arjaiswal/Polygeist/scripts/correctness/kernel_match_rewrite.py"", ""/home/arjaiswal/Polygeist/issues/aten_c_kernels/results/aten_expm1/debuf.mlir"", ""--dry-run"", ""--matcher-mode"", ""syntactic"", ""--telemetry-json"", ""/home/arjaiswal/Polygeist/issues/equality_saturation_eval/campaign_20260908/aten-aten_expm1-syntactic-3zkeuecc.json"", ""--disable-semantic-fallback""]","== match report for /home/arjaiswal/Polygeist/issues/aten_c_kernels/results/aten_expm1/debuf.mlir ==
  match          body#[0]  cudnnPointwiseGraph_f32
  total: 1 matched / 1 bodies
",0,[],0,0,0,0,/home/arjaiswal/Polygeist/issues/aten_c_kernels/results/aten_expm1/debuf.mlir,1872,0,1,1,964.1164466738701,0,65860,0.2782009541988373,0,0,0,0,"[{""body_indices"": [0], ""symbol"": ""cudnnPointwiseGraph_f32""}]",1,0,56,0.0,56
aten,aten_expm1,/home/arjaiswal/Polygeist/issues/aten_c_kernels/results/aten_expm1/debuf.mlir,b044eef8b5dbe2fd4ba8f7451e75a570a715fa28a6a4374599035ec3d292dbd2,egglog,1,ok,0,1792.2762520611286,0,"[""/usr/bin/python3"", ""/home/arjaiswal/Polygeist/scripts/correctness/kernel_match_rewrite.py"", ""/home/arjaiswal/Polygeist/issues/aten_c_kernels/results/aten_expm1/debuf.mlir"", ""--dry-run"", ""--matcher-mode"", ""egglog"", ""--telemetry-json"", ""/home/arjaiswal/Polygeist/issues/equality_saturation_eval/campaign_20260908/aten-aten_expm1-egglog-6qla7_qf.json"", ""--disable-semantic-fallback""]","== match report for /home/arjaiswal/Polygeist/issues/aten_c_kernels/results/aten_expm1/debuf.mlir ==
  match          body#[0]  cudnnPointwiseGraph_f32
  total: 1 matched / 1 bodies
",0,[],0,0,0,0,/home/arjaiswal/Polygeist/issues/aten_c_kernels/results/aten_expm1/debuf.mlir,1872,8,1,1,840.9533463418484,0,66036,0.0,0,0,0,0,"[{""body_indices"": [0], ""symbol"": ""cudnnPointwiseGraph_f32""}]",1,0,0,0.0,56
aten,aten_expm1,/home/arjaiswal/Polygeist/issues/aten_c_kernels/results/aten_expm1/debuf.mlir,b044eef8b5dbe2fd4ba8f7451e75a570a715fa28a6a4374599035ec3d292dbd2,egglog,2,ok,0,1315.1028975844383,0,"[""/usr/bin/python3"", ""/home/arjaiswal/Polygeist/scripts/correctness/kernel_match_rewrite.py"", ""/home/arjaiswal/Polygeist/issues/aten_c_kernels/results/aten_expm1/debuf.mlir"", ""--dry-run"", ""--matcher-mode"", ""egglog"", ""--telemetry-json"", ""/home/arjaiswal/Polygeist/issues/equality_saturation_eval/campaign_20260908/aten-aten_expm1-egglog-t_ai3cp0.json"", ""--disable-semantic-fallback""]","== match report for /home/arjaiswal/Polygeist/issues/aten_c_kernels/results/aten_expm1/debuf.mlir ==
  match          body#[0]  cudnnPointwiseGraph_f32
  total: 1 matched / 1 bodies
",0,[],0,0,0,0,/home/arjaiswal/Polygeist/issues/aten_c_kernels/results/aten_expm1/debuf.mlir,1872,8,1,1,793.691772967577,0,66060,0.0,0,0,0,0,"[{""body_indices"": [0], ""symbol"": ""cudnnPointwiseGraph_f32""}]",1,0,0,0.0,56
aten,aten_expm1,/home/arjaiswal/Polygeist/issues/aten_c_kernels/results/aten_expm1/debuf.mlir,b044eef8b5dbe2fd4ba8f7451e75a570a715fa28a6a4374599035ec3d292dbd2,syntactic,2,ok,0,2999.2505572736263,0,"[""/usr/bin/python3"", ""/home/arjaiswal/Polygeist/scripts/correctness/kernel_match_rewrite.py"", ""/home/arjaiswal/Polygeist/issues/aten_c_kernels/results/aten_expm1/debuf.mlir"", ""--dry-run"", ""--matcher-mode"", ""syntactic"", ""--telemetry-json"", ""/home/arjaiswal/Polygeist/issues/equality_saturation_eval/campaign_20260908/aten-aten_expm1-syntactic-pa4uxkjl.json"", ""--disable-semantic-fallback""]","== match report for /home/arjaiswal/Polygeist/issues/aten_c_kernels/results/aten_expm1/debuf.mlir ==
  match          body#[0]  cudnnPointwiseGraph_f32
  total: 1 matched / 1 bodies
",0,[],0,0,0,0,/home/arjaiswal/Polygeist/issues/aten_c_kernels/results/aten_expm1/debuf.mlir,1872,0,1,1,1537.5173911452293,0,66052,0.3378242254257202,0,0,0,0,"[{""body_indices"": [0], ""symbol"": ""cudnnPointwiseGraph_f32""}]",1,0,56,0.0,56
aten,aten_expm1,/home/arjaiswal/Polygeist/issues/aten_c_kernels/results/aten_expm1/debuf.mlir,b044eef8b5dbe2fd4ba8f7451e75a570a715fa28a6a4374599035ec3d292dbd2,syntactic,3,ok,0,3079.199232161045,0,"[""/usr/bin/python3"", ""/home/arjaiswal/Polygeist/scripts/correctness/kernel_match_rewrite.py"", ""/home/arjaiswal/Polygeist/issues/aten_c_kernels/results/aten_expm1/debuf.mlir"", ""--dry-run"", ""--matcher-mode"", ""syntactic"", ""--telemetry-json"", ""/home/arjaiswal/Polygeist/issues/equality_saturation_eval/campaign_20260908/aten-aten_expm1-syntactic-1v44itft.json"", ""--disable-semantic-fallback""]","== match report for /home/arjaiswal/Polygeist/issues/aten_c_kernels/results/aten_expm1/debuf.mlir ==
  match          body#[0]  cudnnPointwiseGraph_f32
  total: 1 matched / 1 bodies
",0,[],0,0,0,0,/home/arjaiswal/Polygeist/issues/aten_c_kernels/results/aten_expm1/debuf.mlir,1872,0,1,1,1550.977736711502,0,66064,0.3609806299209595,0,0,0,0,"[{""body_indices"": [0], ""symbol"": ""cudnnPointwiseGraph_f32""}]",1,0,56,0.0,56
aten,aten_expm1,/home/arjaiswal/Polygeist/issues/aten_c_kernels/results/aten_expm1/debuf.mlir,b044eef8b5dbe2fd4ba8f7451e75a570a715fa28a6a4374599035ec3d292dbd2,egglog,3,ok,0,2685.947470366955,0,"[""/usr/bin/python3"", ""/home/arjaiswal/Polygeist/scripts/correctness/kernel_match_rewrite.py"", ""/home/arjaiswal/Polygeist/issues/aten_c_kernels/results/aten_expm1/debuf.mlir"", ""--dry-run"", ""--matcher-mode"", ""egglog"", ""--telemetry-json"", ""/home/arjaiswal/Polygeist/issues/equality_saturation_eval/campaign_20260908/aten-aten_expm1-egglog-oyf_h1x0.json"", ""--disable-semantic-fallback""]","== match report for /home/arjaiswal/Polygeist/issues/aten_c_kernels/results/aten_expm1/debuf.mlir ==
  match          body#[0]  cudnnPointwiseGraph_f32
  total: 1 matched / 1 bodies
",0,[],0,0,0,0,/home/arjaiswal/Polygeist/issues/aten_c_kernels/results/aten_expm1/debuf.mlir,1872,8,1,1,1031.5189100801945,0,65836,0.0,0,0,0,0,"[{""body_indices"": [0], ""symbol"": ""cudnnPointwiseGraph_f32""}]",1,0,0,0.0,56
aten,aten_expm1,/home/arjaiswal/Polygeist/issues/aten_c_kernels/results/aten_expm1/debuf.mlir,b044eef8b5dbe2fd4ba8f7451e75a570a715fa28a6a4374599035ec3d292dbd2,egglog,4,ok,0,1967.9549187421799,0,"[""/usr/bin/python3"", ""/home/arjaiswal/Polygeist/scripts/correctness/kernel_match_rewrite.py"", ""/home/arjaiswal/Polygeist/issues/aten_c_kernels/results/aten_expm1/debuf.mlir"", ""--dry-run"", ""--matcher-mode"", ""egglog"", ""--telemetry-json"", ""/home/arjaiswal/Polygeist/issues/equality_saturation_eval/campaign_20260908/aten-aten_expm1-egglog-x9kkjtqc.json"", ""--disable-semantic-fallback""]","== match report for /home/arjaiswal/Polygeist/issues/aten_c_kernels/results/aten_expm1/debuf.mlir ==
  match          body#[0]  cudnnPointwiseGraph_f32
  total: 1 matched / 1 bodies
",0,[],0,0,0,0,/home/arjaiswal/Polygeist/issues/aten_c_kernels/results/aten_expm1/debuf.mlir,1872,8,1,1,1021.7896401882172,0,66008,0.0,0,0,0,0,"[{""body_indices"": [0], ""symbol"": ""cudnnPointwiseGraph_f32""}]",1,0,0,0.0,56
aten,aten_expm1,/home/arjaiswal/Polygeist/issues/aten_c_kernels/results/aten_expm1/debuf.mlir,b044eef8b5dbe2fd4ba8f7451e75a570a715fa28a6a4374599035ec3d292dbd2,syntactic,4,ok,0,1394.7119265794754,0,"[""/usr/bin/python3"", ""/home/arjaiswal/Polygeist/scripts/correctness/kernel_match_rewrite.py"", ""/home/arjaiswal/Polygeist/issues/aten_c_kernels/results/aten_expm1/debuf.mlir"", ""--dry-run"", ""--matcher-mode"", ""syntactic"", ""--telemetry-json"", ""/home/arjaiswal/Polygeist/issues/equality_saturation_eval/campaign_20260908/aten-aten_expm1-syntactic-57qm1zn9.json"", ""--disable-semantic-fallback""]","== match report for /home/arjaiswal/Polygeist/issues/aten_c_kernels/results/aten_expm1/debuf.mlir ==
  match          body#[0]  cudnnPointwiseGraph_f32
  total: 1 matched / 1 bodies
",0,[],0,0,0,0,/home/arjaiswal/Polygeist/issues/aten_c_kernels/results/aten_expm1/debuf.mlir,1872,0,1,1,721.3079258799553,0,66040,0.30997395515441895,0,0,0,0,"[{""body_indices"": [0], ""symbol"": ""cudnnPointwiseGraph_f32""}]",1,0,56,0.0,56
aten,aten_expm1,/home/arjaiswal/Polygeist/issues/aten_c_kernels/results/aten_expm1/debuf.mlir,b044eef8b5dbe2fd4ba8f7451e75a570a715fa28a6a4374599035ec3d292dbd2,syntactic,5,ok,0,1920.4487726092339,0,"[""/usr/bin/python3"", ""/home/arjaiswal/Polygeist/scripts/correctness/kernel_match_rewrite.py"", ""/home/arjaiswal/Polygeist/issues/aten_c_kernels/results/aten_expm1/debuf.mlir"", ""--dry-run"", ""--matcher-mode"", ""syntactic"", ""--telemetry-json"", ""/home/arjaiswal/Polygeist/issues/equality_saturation_eval/campaign_20260908/aten-aten_expm1-syntactic-lfg4oz6s.json"", ""--disable-semantic-fallback""]","== match report for /home/arjaiswal/Polygeist/issues/aten_c_kernels/results/aten_expm1/debuf.mlir ==
  match          body#[0]  cudnnPointwiseGraph_f32
  total: 1 matched / 1 bodies
",0,[],0,0,0,0,/home/arjaiswal/Polygeist/issues/aten_c_kernels/results/aten_expm1/debuf.mlir,1872,0,1,1,957.3021419346333,0,66016,0.29402226209640503,0,0,0,0,"[{""body_indices"": [0], ""symbol"": ""cudnnPointwiseGraph_f32""}]",1,0,56,0.0,56
aten,aten_expm1,/home/arjaiswal/Polygeist/issues/aten_c_kernels/results/aten_expm1/debuf.mlir,b044eef8b5dbe2fd4ba8f7451e75a570a715fa28a6a4374599035ec3d292dbd2,egglog,5,ok,0,1052.4374023079872,0,"[""/usr/bin/python3"", ""/home/arjaiswal/Polygeist/scripts/correctness/kernel_match_rewrite.py"", ""/home/arjaiswal/Polygeist/issues/aten_c_kernels/results/aten_expm1/debuf.mlir"", ""--dry-run"", ""--matcher-mode"", ""egglog"", ""--telemetry-json"", ""/home/arjaiswal/Polygeist/issues/equality_saturation_eval/campaign_20260908/aten-aten_expm1-egglog-u48801zw.json"", ""--disable-semantic-fallback""]","== match report for /home/arjaiswal/Polygeist/issues/aten_c_kernels/results/aten_expm1/debuf.mlir ==
  match          body#[0]  cudnnPointwiseGraph_f32
  total: 1 matched / 1 bodies
",0,[],0,0,0,0,/home/arjaiswal/Polygeist/issues/aten_c_kernels/results/aten_expm1/debuf.mlir,1872,8,1,1,485.13027653098106,0,65972,0.0,0,0,0,0,"[{""body_indices"": [0], ""symbol"": ""cudnnPointwiseGraph_f32""}]",1,0,0,0.0,56
aten,aten_exponential_cpu,/home/arjaiswal/Polygeist/issues/aten_c_kernels/results/aten_exponential_cpu/debuf.mlir,cb8ed9a0ce83dd277b25b893115a0bec847fd30715542b32e767d0053f0a1652,egglog,1,ok,0,3150.576300919056,0,"[""/usr/bin/python3"", ""/home/arjaiswal/Polygeist/scripts/correctness/kernel_match_rewrite.py"", ""/home/arjaiswal/Polygeist/issues/aten_c_kernels/results/aten_exponential_cpu/debuf.mlir"", ""--dry-run"", ""--matcher-mode"", ""egglog"", ""--telemetry-json"", ""/home/arjaiswal/Polygeist/issues/equality_saturation_eval/campaign_20260908/aten-aten_exponential_cpu-egglog-_eyqb0m9.json"", ""--disable-semantic-fallback""]","== match report for /home/arjaiswal/Polygeist/issues/aten_c_kernels/results/aten_exponential_cpu/debuf.mlir ==
  match          body#[0]  cudnnPointwiseGraph_f32
  total: 1 matched / 1 bodies
",0,[],0,0,0,0,/home/arjaiswal/Polygeist/issues/aten_c_kernels/results/aten_exponential_cpu/debuf.mlir,1978,8,1,1,1656.1836190521717,0,66072,0.0,0,0,0,0,"[{""body_indices"": [0], ""symbol"": ""cudnnPointwiseGraph_f32""}]",1,0,0,0.0,56
aten,aten_exponential_cpu,/home/arjaiswal/Polygeist/issues/aten_c_kernels/results/aten_exponential_cpu/debuf.mlir,cb8ed9a0ce83dd277b25b893115a0bec847fd30715542b32e767d0053f0a1652,syntactic,1,ok,0,2222.3967649042606,0,"[""/usr/bin/python3"", ""/home/arjaiswal/Polygeist/scripts/correctness/kernel_match_rewrite.py"", ""/home/arjaiswal/Polygeist/issues/aten_c_kernels/results/aten_exponential_cpu/debuf.mlir"", ""--dry-run"", ""--matcher-mode"", ""syntactic"", ""--telemetry-json"", ""/home/arjaiswal/Polygeist/issues/equality_saturation_eval/campaign_20260908/aten-aten_exponential_cpu-syntactic-g5bc98tx.json"", ""--disable-semantic-fallback""]","== match report for /home/arjaiswal/Polygeist/issues/aten_c_kernels/results/aten_exponential_cpu/debuf.mlir ==
  match          body#[0]  cudnnPointwiseGraph_f32
  total: 1 matched / 1 bodies
",0,[],0,0,0,0,/home/arjaiswal/Polygeist/issues/aten_c_kernels/results/aten_exponential_cpu/debuf.mlir,1978,0,1,1,1229.374222457409,0,65872,0.24944916367530823,0,0,0,0,"[{""body_indices"": [0], ""symbol"": ""cudnnPointwiseGraph_f32""}]",1,0,56,0.0,56
aten,aten_exponential_cpu,/home/arjaiswal/Polygeist/issues/aten_c_kernels/results/aten_exponential_cpu/debuf.mlir,cb8ed9a0ce83dd277b25b893115a0bec847fd30715542b32e767d0053f0a1652,syntactic,2,ok,0,2570.2492520213127,0,"[""/usr/bin/python3"", ""/home/arjaiswal/Polygeist/scripts/correctness/kernel_match_rewrite.py"", ""/home/arjaiswal/Polygeist/issues/aten_c_kernels/results/aten_exponential_cpu/debuf.mlir"", ""--dry-run"", ""--matcher-mode"", ""syntactic"", ""--telemetry-json"", ""/home/arjaiswal/Polygeist/issues/equality_saturation_eval/campaign_20260908/aten-aten_exponential_cpu-syntactic-l988tv67.json"", ""--disable-semantic-fallback""]","== match report for /home/arjaiswal/Polygeist/issues/aten_c_kernels/results/aten_exponential_cpu/debuf.mlir ==
  match          body#[0]  cudnnPointwiseGraph_f32
  total: 1 matched / 1 bodies
",0,[],0,0,0,0,/home/arjaiswal/Polygeist/issues/aten_c_kernels/results/aten_exponential_cpu/debuf.mlir,1978,0,1,1,1314.9005845189095,0,66064,0.2832263708114624,0,0,0,0,"[{""body_indices"": [0], ""symbol"": ""cudnnPointwiseGraph_f32""}]",1,0,56,0.0,56
aten,aten_exponential_cpu,/home/arjaiswal/Polygeist/issues/aten_c_kernels/results/aten_exponential_cpu/debuf.mlir,cb8ed9a0ce83dd277b25b893115a0bec847fd30715542b32e767d0053f0a1652,egglog,2,ok,0,2246.6508485376835,0,"[""/usr/bin/python3"", ""/home/arjaiswal/Polygeist/scripts/correctness/kernel_match_rewrite.py"", ""/home/arjaiswal/Polygeist/issues/aten_c_kernels/results/aten_exponential_cpu/debuf.mlir"", ""--dry-run"", ""--matcher-mode"", ""egglog"", ""--telemetry-json"", ""/home/arjaiswal/Polygeist/issues/equality_saturation_eval/campaign_20260908/aten-aten_exponential_cpu-egglog-5v6gm25p.json"", ""--disable-semantic-fallback""]","== match report for /home/arjaiswal/Polygeist/issues/aten_c_kernels/results/aten_exponential_cpu/debuf.mlir ==
  match          body#[0]  cudnnPointwiseGraph_f32
  total: 1 matched / 1 bodies
",0,[],0,0,0,0,/home/arjaiswal/Polygeist/issues/aten_c_kernels/results/aten_exponential_cpu/debuf.mlir,1978,8,1,1,778.3414870500565,0,66060,0.0,0,0,0,0,"[{""body_indices"": [0], ""symbol"": ""cudnnPointwiseGraph_f32""}]",1,0,0,0.0,56
aten,aten_exponential_cpu,/home/arjaiswal/Polygeist/issues/aten_c_kernels/results/aten_exponential_cpu/debuf.mlir,cb8ed9a0ce83dd277b25b893115a0bec847fd30715542b32e767d0053f0a1652,egglog,3,ok,0,1447.2842365503311,0,"[""/usr/bin/python3"", ""/home/arjaiswal/Polygeist/scripts/correctness/kernel_match_rewrite.py"", ""/home/arjaiswal/Polygeist/issues/aten_c_kernels/results/aten_exponential_cpu/debuf.mlir"", ""--dry-run"", ""--matcher-mode"", ""egglog"", ""--telemetry-json"", ""/home/arjaiswal/Polygeist/issues/equality_saturation_eval/campaign_20260908/aten-aten_exponential_cpu-egglog-_9sri78g.json"", ""--disable-semantic-fallback""]","== match report for /home/arjaiswal/Polygeist/issues/aten_c_kernels/results/aten_exponential_cpu/debuf.mlir ==
  match          body#[0]  cudnnPointwiseGraph_f32
  total: 1 matched / 1 bodies
",0,[],0,0,0,0,/home/arjaiswal/Polygeist/issues/aten_c_kernels/results/aten_exponential_cpu/debuf.mlir,1978,8,1,1,713.9435447752476,0,66016,0.0,0,0,0,0,"[{""body_indices"": [0], ""symbol"": ""cudnnPointwiseGraph_f32""}]",1,0,0,0.0,56
aten,aten_exponential_cpu,/home/arjaiswal/Polygeist/issues/aten_c_kernels/results/aten_exponential_cpu/debuf.mlir,cb8ed9a0ce83dd277b25b893115a0bec847fd30715542b32e767d0053f0a1652,syntactic,3,ok,0,1725.3371737897396,0,"[""/usr/bin/python3"", ""/home/arjaiswal/Polygeist/scripts/correctness/kernel_match_rewrite.py"", ""/home/arjaiswal/Polygeist/issues/aten_c_kernels/results/aten_exponential_cpu/debuf.mlir"", ""--dry-run"", ""--matcher-mode"", ""syntactic"", ""--telemetry-json"", ""/home/arjaiswal/Polygeist/issues/equality_saturation_eval/campaign_20260908/aten-aten_exponential_cpu-syntactic-1rigmbve.json"", ""--disable-semantic-fallback""]","== match report for /home/arjaiswal/Polygeist/issues/aten_c_kernels/results/aten_exponential_cpu/debuf.mlir ==
  match          body#[0]  cudnnPointwiseGraph_f32
  total: 1 matched / 1 bodies
",0,[],0,0,0,0,/home/arjaiswal/Polygeist/issues/aten_c_kernels/results/aten_exponential_cpu/debuf.mlir,1978,0,1,1,864.5562417805195,0,66024,0.24393945932388306,0,0,0,0,"[{""body_indices"": [0], ""symbol"": ""cudnnPointwiseGraph_f32""}]",1,0,56,0.0,56
aten,aten_exponential_cpu,/home/arjaiswal/Polygeist/issues/aten_c_kernels/results/aten_exponential_cpu/debuf.mlir,cb8ed9a0ce83dd277b25b893115a0bec847fd30715542b32e767d0053f0a1652,syntactic,4,ok,0,1144.2236378788948,0,"[""/usr/bin/python3"", ""/home/arjaiswal/Polygeist/scripts/correctness/kernel_match_rewrite.py"", ""/home/arjaiswal/Polygeist/issues/aten_c_kernels/results/aten_exponential_cpu/debuf.mlir"", ""--dry-run"", ""--matcher-mode"", ""syntactic"", ""--telemetry-json"", ""/home/arjaiswal/Polygeist/issues/equality_saturation_eval/campaign_20260908/aten-aten_exponential_cpu-syntactic-w7z1wdmt.json"", ""--disable-semantic-fallback""]","== match report for /home/arjaiswal/Polygeist/issues/aten_c_kernels/results/aten_exponential_cpu/debuf.mlir ==
  match          body#[0]  cudnnPointwiseGraph_f32
  total: 1 matched / 1 bodies
",0,[],0,0,0,0,/home/arjaiswal/Polygeist/issues/aten_c_kernels/results/aten_exponential_cpu/debuf.mlir,1978,0,1,1,596.7933721840382,0,65892,0.22825226187705994,0,0,0,0,"[{""body_indices"": [0], ""symbol"": ""cudnnPointwiseGraph_f32""}]",1,0,56,0.0,56
aten,aten_exponential_cpu,/home/arjaiswal/Polygeist/issues/aten_c_kernels/results/aten_exponential_cpu/debuf.mlir,cb8ed9a0ce83dd277b25b893115a0bec847fd30715542b32e767d0053f0a1652,egglog,4,ok,0,1894.3894654512405,0,"[""/usr/bin/python3"", ""/home/arjaiswal/Polygeist/scripts/correctness/kernel_match_rewrite.py"", ""/home/arjaiswal/Polygeist/issues/aten_c_kernels/results/aten_exponential_cpu/debuf.mlir"", ""--dry-run"", ""--matcher-mode"", ""egglog"", ""--telemetry-json"", ""/home/arjaiswal/Polygeist/issues/equality_saturation_eval/campaign_20260908/aten-aten_exponential_cpu-egglog-shgkm1ej.json"", ""--disable-semantic-fallback""]","== match report for /home/arjaiswal/Polygeist/issues/aten_c_kernels/results/aten_exponential_cpu/debuf.mlir ==
  match          body#[0]  cudnnPointwiseGraph_f32
  total: 1 matched / 1 bodies
",0,[],0,0,0,0,/home/arjaiswal/Polygeist/issues/aten_c_kernels/results/aten_exponential_cpu/debuf.mlir,1978,8,1,1,1184.1224506497383,0,65796,0.0,0,0,0,0,"[{""body_indices"": [0], ""symbol"": ""cudnnPointwiseGraph_f32""}]",1,0,0,0.0,56
aten,aten_exponential_cpu,/home/arjaiswal/Polygeist/issues/aten_c_kernels/results/aten_exponential_cpu/debuf.mlir,cb8ed9a0ce83dd277b25b893115a0bec847fd30715542b32e767d0053f0a1652,egglog,5,ok,0,1861.1445687711239,0,"[""/usr/bin/python3"", ""/home/arjaiswal/Polygeist/scripts/correctness/kernel_match_rewrite.py"", ""/home/arjaiswal/Polygeist/issues/aten_c_kernels/results/aten_exponential_cpu/debuf.mlir"", ""--dry-run"", ""--matcher-mode"", ""egglog"", ""--telemetry-json"", ""/home/arjaiswal/Polygeist/issues/equality_saturation_eval/campaign_20260908/aten-aten_exponential_cpu-egglog-0_lxyvlf.json"", ""--disable-semantic-fallback""]","== match report for /home/arjaiswal/Polygeist/issues/aten_c_kernels/results/aten_exponential_cpu/debuf.mlir ==
  match          body#[0]  cudnnPointwiseGraph_f32
  total: 1 matched / 1 bodies
",0,[],0,0,0,0,/home/arjaiswal/Polygeist/issues/aten_c_kernels/results/aten_exponential_cpu/debuf.mlir,1978,8,1,1,757.2814524173737,0,65880,0.0,0,0,0,0,"[{""body_indices"": [0], ""symbol"": ""cudnnPointwiseGraph_f32""}]",1,0,0,0.0,56
aten,aten_exponential_cpu,/home/arjaiswal/Polygeist/issues/aten_c_kernels/results/aten_exponential_cpu/debuf.mlir,cb8ed9a0ce83dd277b25b893115a0bec847fd30715542b32e767d0053f0a1652,syntactic,5,ok,0,1419.2619882524014,0,"[""/usr/bin/python3"", ""/home/arjaiswal/Polygeist/scripts/correctness/kernel_match_rewrite.py"", ""/home/arjaiswal/Polygeist/issues/aten_c_kernels/results/aten_exponential_cpu/debuf.mlir"", ""--dry-run"", ""--matcher-mode"", ""syntactic"", ""--telemetry-json"", ""/home/arjaiswal/Polygeist/issues/equality_saturation_eval/campaign_20260908/aten-aten_exponential_cpu-syntactic-eec35eyg.json"", ""--disable-semantic-fallback""]","== match report for /home/arjaiswal/Polygeist/issues/aten_c_kernels/results/aten_exponential_cpu/debuf.mlir ==
  match          body#[0]  cudnnPointwiseGraph_f32
  total: 1 matched / 1 bodies
",0,[],0,0,0,0,/home/arjaiswal/Polygeist/issues/aten_c_kernels/results/aten_exponential_cpu/debuf.mlir,1978,0,1,1,897.3187208175659,0,65980,0.2342723309993744,0,0,0,0,"[{""body_indices"": [0], ""symbol"": ""cudnnPointwiseGraph_f32""}]",1,0,56,0.0,56
aten,aten_eye_cpu,/home/arjaiswal/Polygeist/issues/aten_c_kernels/results/aten_eye_cpu/debuf.mlir,99a01e6389f342f840cdc91971c552044f3f4388fe404dba5cd6adfe735935f5,syntactic,1,ok,0,803.1897470355034,0,"[""/usr/bin/python3"", ""/home/arjaiswal/Polygeist/scripts/correctness/kernel_match_rewrite.py"", ""/home/arjaiswal/Polygeist/issues/aten_c_kernels/results/aten_eye_cpu/debuf.mlir"", ""--dry-run"", ""--matcher-mode"", ""syntactic"", ""--telemetry-json"", ""/home/arjaiswal/Polygeist/issues/equality_saturation_eval/campaign_20260908/aten-aten_eye_cpu-syntactic-599gjwpz.json"", ""--disable-semantic-fallback""]","== match report for /home/arjaiswal/Polygeist/issues/aten_c_kernels/results/aten_eye_cpu/debuf.mlir ==
  no_match       body#0  ?
  total: 0 matched / 1 bodies
",0,[],0,0,0,0,/home/arjaiswal/Polygeist/issues/aten_c_kernels/results/aten_eye_cpu/debuf.mlir,2227,0,1,0,293.5151942074299,1,64652,0.01819431781768799,0,0,0,0,[],0,0,4,0.0,4
aten,aten_eye_cpu,/home/arjaiswal/Polygeist/issues/aten_c_kernels/results/aten_eye_cpu/debuf.mlir,99a01e6389f342f840cdc91971c552044f3f4388fe404dba5cd6adfe735935f5,egglog,1,ok,0,874.4204938411713,0,"[""/usr/bin/python3"", ""/home/arjaiswal/Polygeist/scripts/correctness/kernel_match_rewrite.py"", ""/home/arjaiswal/Polygeist/issues/aten_c_kernels/results/aten_eye_cpu/debuf.mlir"", ""--dry-run"", ""--matcher-mode"", ""egglog"", ""--telemetry-json"", ""/home/arjaiswal/Polygeist/issues/equality_saturation_eval/campaign_20260908/aten-aten_eye_cpu-egglog-1x4147ae.json"", ""--disable-semantic-fallback""]","== match report for /home/arjaiswal/Polygeist/issues/aten_c_kernels/results/aten_eye_cpu/debuf.mlir ==
  no_match       body#0  ?
  total: 0 matched / 1 bodies
",0,[],0,0,0,0,/home/arjaiswal/Polygeist/issues/aten_c_kernels/results/aten_eye_cpu/debuf.mlir,2227,8,1,0,346.1838401854038,1,64432,0.0,0,0,0,0,[],0,0,0,0.0,4
aten,aten_eye_cpu,/home/arjaiswal/Polygeist/issues/aten_c_kernels/results/aten_eye_cpu/debuf.mlir,99a01e6389f342f840cdc91971c552044f3f4388fe404dba5cd6adfe735935f5,egglog,2,ok,0,1993.9872585237026,0,"[""/usr/bin/python3"", ""/home/arjaiswal/Polygeist/scripts/correctness/kernel_match_rewrite.py"", ""/home/arjaiswal/Polygeist/issues/aten_c_kernels/results/aten_eye_cpu/debuf.mlir"", ""--dry-run"", ""--matcher-mode"", ""egglog"", ""--telemetry-json"", ""/home/arjaiswal/Polygeist/issues/equality_saturation_eval/campaign_20260908/aten-aten_eye_cpu-egglog-mfbefwre.json"", ""--disable-semantic-fallback""]","== match report for /home/arjaiswal/Polygeist/issues/aten_c_kernels/results/aten_eye_cpu/debuf.mlir ==
  no_match       body#0  ?
  total: 0 matched / 1 bodies
",0,[],0,0,0,0,/home/arjaiswal/Polygeist/issues/aten_c_kernels/results/aten_eye_cpu/debuf.mlir,2227,8,1,0,893.9245380461216,1,64984,0.0,0,0,0,0,[],0,0,0,0.0,4
aten,aten_eye_cpu,/home/arjaiswal/Polygeist/issues/aten_c_kernels/results/aten_eye_cpu/debuf.mlir,99a01e6389f342f840cdc91971c552044f3f4388fe404dba5cd6adfe735935f5,syntactic,2,ok,0,2492.9865784943104,0,"[""/usr/bin/python3"", ""/home/arjaiswal/Polygeist/scripts/correctness/kernel_match_rewrite.py"", ""/home/arjaiswal/Polygeist/issues/aten_c_kernels/results/aten_eye_cpu/debuf.mlir"", ""--dry-run"", ""--matcher-mode"", ""syntactic"", ""--telemetry-json"", ""/home/arjaiswal/Polygeist/issues/equality_saturation_eval/campaign_20260908/aten-aten_eye_cpu-syntactic-m7dj5ds3.json"", ""--disable-semantic-fallback""]","== match report for /home/arjaiswal/Polygeist/issues/aten_c_kernels/results/aten_eye_cpu/debuf.mlir ==
  no_match       body#0  ?
  total: 0 matched / 1 bodies
",0,[],0,0,0,0,/home/arjaiswal/Polygeist/issues/aten_c_kernels/results/aten_eye_cpu/debuf.mlir,2227,0,1,0,962.3098634183407,1,64848,0.02000853419303894,0,0,0,0,[],0,0,4,0.0,4
aten,aten_eye_cpu,/home/arjaiswal/Polygeist/issues/aten_c_kernels/results/aten_eye_cpu/debuf.mlir,99a01e6389f342f840cdc91971c552044f3f4388fe404dba5cd6adfe735935f5,syntactic,3,ok,0,1697.5114531815052,0,"[""/usr/bin/python3"", ""/home/arjaiswal/Polygeist/scripts/correctness/kernel_match_rewrite.py"", ""/home/arjaiswal/Polygeist/issues/aten_c_kernels/results/aten_eye_cpu/debuf.mlir"", ""--dry-run"", ""--matcher-mode"", ""syntactic"", ""--telemetry-json"", ""/home/arjaiswal/Polygeist/issues/equality_saturation_eval/campaign_20260908/aten-aten_eye_cpu-syntactic-z9xrryho.json"", ""--disable-semantic-fallback""]","== match report for /home/arjaiswal/Polygeist/issues/aten_c_kernels/results/aten_eye_cpu/debuf.mlir ==
  no_match       body#0  ?
  total: 0 matched / 1 bodies
",0,[],0,0,0,0,/home/arjaiswal/Polygeist/issues/aten_c_kernels/results/aten_eye_cpu/debuf.mlir,2227,0,1,0,699.1277448832989,1,64808,0.020712614059448242,0,0,0,0,[],0,0,4,0.0,4
aten,aten_eye_cpu,/home/arjaiswal/Polygeist/issues/aten_c_kernels/results/aten_eye_cpu/debuf.mlir,99a01e6389f342f840cdc91971c552044f3f4388fe404dba5cd6adfe735935f5,egglog,3,ok,0,1733.0001331865788,0,"[""/usr/bin/python3"", ""/home/arjaiswal/Polygeist/scripts/correctness/kernel_match_rewrite.py"", ""/home/arjaiswal/Polygeist/issues/aten_c_kernels/results/aten_eye_cpu/debuf.mlir"", ""--dry-run"", ""--matcher-mode"", ""egglog"", ""--telemetry-json"", ""/home/arjaiswal/Polygeist/issues/equality_saturation_eval/campaign_20260908/aten-aten_eye_cpu-egglog-sxjxcmc1.json"", ""--disable-semantic-fallback""]","== match report for /home/arjaiswal/Polygeist/issues/aten_c_kernels/results/aten_eye_cpu/debuf.mlir ==
  no_match       body#0  ?
  total: 0 matched / 1 bodies
",0,[],0,0,0,0,/home/arjaiswal/Polygeist/issues/aten_c_kernels/results/aten_eye_cpu/debuf.mlir,2227,8,1,0,667.0983135700226,1,64568,0.0,0,0,0,0,[],0,0,0,0.0,4
aten,aten_eye_cpu,/home/arjaiswal/Polygeist/issues/aten_c_kernels/results/aten_eye_cpu/debuf.mlir,99a01e6389f342f840cdc91971c552044f3f4388fe404dba5cd6adfe735935f5,egglog,4,ok,0,1271.8168795108795,0,"[""/usr/bin/python3"", ""/home/arjaiswal/Polygeist/scripts/correctness/kernel_match_rewrite.py"", ""/home/arjaiswal/Polygeist/issues/aten_c_kernels/results/aten_eye_cpu/debuf.mlir"", ""--dry-run"", ""--matcher-mode"", ""egglog"", ""--telemetry-json"", ""/home/arjaiswal/Polygeist/issues/equality_saturation_eval/campaign_20260908/aten-aten_eye_cpu-egglog-ouqa92by.json"", ""--disable-semantic-fallback""]","== match report for /home/arjaiswal/Polygeist/issues/aten_c_kernels/results/aten_eye_cpu/debuf.mlir ==
  no_match       body#0  ?
  total: 0 matched / 1 bodies
",0,[],0,0,0,0,/home/arjaiswal/Polygeist/issues/aten_c_kernels/results/aten_eye_cpu/debuf.mlir,2227,8,1,0,373.15161526203156,1,64516,0.0,0,0,0,0,[],0,0,0,0.0,4
aten,aten_eye_cpu,/home/arjaiswal/Polygeist/issues/aten_c_kernels/results/aten_eye_cpu/debuf.mlir,99a01e6389f342f840cdc91971c552044f3f4388fe404dba5cd6adfe735935f5,syntactic,4,ok,0,974.0699864923954,0,"[""/usr/bin/python3"", ""/home/arjaiswal/Polygeist/scripts/correctness/kernel_match_rewrite.py"", ""/home/arjaiswal/Polygeist/issues/aten_c_kernels/results/aten_eye_cpu/debuf.mlir"", ""--dry-run"", ""--matcher-mode"", ""syntactic"", ""--telemetry-json"", ""/home/arjaiswal/Polygeist/issues/equality_saturation_eval/campaign_20260908/aten-aten_eye_cpu-syntactic-aseujwkn.json"", ""--disable-semantic-fallback""]","== match report for /home/arjaiswal/Polygeist/issues/aten_c_kernels/results/aten_eye_cpu/debuf.mlir ==
  no_match       body#0  ?
  total: 0 matched / 1 bodies
",0,[],0,0,0,0,/home/arjaiswal/Polygeist/issues/aten_c_kernels/results/aten_eye_cpu/debuf.mlir,2227,0,1,0,315.16092270612717,1,64864,0.01961737871170044,0,0,0,0,[],0,0,4,0.0,4
aten,aten_eye_cpu,/home/arjaiswal/Polygeist/issues/aten_c_kernels/results/aten_eye_cpu/debuf.mlir,99a01e6389f342f840cdc91971c552044f3f4388fe404dba5cd6adfe735935f5,syntactic,5,ok,0,874.9210797250271,0,"[""/usr/bin/python3"", ""/home/arjaiswal/Polygeist/scripts/correctness/kernel_match_rewrite.py"", ""/home/arjaiswal/Polygeist/issues/aten_c_kernels/results/aten_eye_cpu/debuf.mlir"", ""--dry-run"", ""--matcher-mode"", ""syntactic"", ""--telemetry-json"", ""/home/arjaiswal/Polygeist/issues/equality_saturation_eval/campaign_20260908/aten-aten_eye_cpu-syntactic-0f9j7si0.json"", ""--disable-semantic-fallback""]","== match report for /home/arjaiswal/Polygeist/issues/aten_c_kernels/results/aten_eye_cpu/debuf.mlir ==
  no_match       body#0  ?
  total: 0 matched / 1 bodies
",0,[],0,0,0,0,/home/arjaiswal/Polygeist/issues/aten_c_kernels/results/aten_eye_cpu/debuf.mlir,2227,0,1,0,312.84889578819275,1,64784,0.017870217561721802,0,0,0,0,[],0,0,4,0.0,4
aten,aten_eye_cpu,/home/arjaiswal/Polygeist/issues/aten_c_kernels/results/aten_eye_cpu/debuf.mlir,99a01e6389f342f840cdc91971c552044f3f4388fe404dba5cd6adfe735935f5,egglog,5,ok,0,1157.6408669352531,0,"[""/usr/bin/python3"", ""/home/arjaiswal/Polygeist/scripts/correctness/kernel_match_rewrite.py"", ""/home/arjaiswal/Polygeist/issues/aten_c_kernels/results/aten_eye_cpu/debuf.mlir"", ""--dry-run"", ""--matcher-mode"", ""egglog"", ""--telemetry-json"", ""/home/arjaiswal/Polygeist/issues/equality_saturation_eval/campaign_20260908/aten-aten_eye_cpu-egglog-amu3atfs.json"", ""--disable-semantic-fallback""]","== match report for /home/arjaiswal/Polygeist/issues/aten_c_kernels/results/aten_eye_cpu/debuf.mlir ==
  no_match       body#0  ?
  total: 0 matched / 1 bodies
",0,[],0,0,0,0,/home/arjaiswal/Polygeist/issues/aten_c_kernels/results/aten_eye_cpu/debuf.mlir,2227,8,1,0,555.8125488460064,1,64480,0.0,0,0,0,0,[],0,0,0,0.0,4
aten,aten_fast_cat_dim0_cpu,/home/arjaiswal/Polygeist/issues/aten_c_kernels/results/aten_fast_cat_dim0_cpu/debuf.mlir,2e292dffc0c66a9661d2eef08085620ec7f31546e525454c9987bd757b2cad35,egglog,1,ok,0,1956.5636478364468,0,"[""/usr/bin/python3"", ""/home/arjaiswal/Polygeist/scripts/correctness/kernel_match_rewrite.py"", ""/home/arjaiswal/Polygeist/issues/aten_c_kernels/results/aten_fast_cat_dim0_cpu/debuf.mlir"", ""--dry-run"", ""--matcher-mode"", ""egglog"", ""--telemetry-json"", ""/home/arjaiswal/Polygeist/issues/equality_saturation_eval/campaign_20260908/aten-aten_fast_cat_dim0_cpu-egglog-sdubxgji.json"", ""--disable-semantic-fallback""]","== match report for /home/arjaiswal/Polygeist/issues/aten_c_kernels/results/aten_fast_cat_dim0_cpu/debuf.mlir ==
  match          body#[0]  cutensorPermute_f32_r2_tensor
  total: 1 matched / 1 bodies
",0,[],0,0,0,0,/home/arjaiswal/Polygeist/issues/aten_c_kernels/results/aten_fast_cat_dim0_cpu/debuf.mlir,2267,8,1,1,855.3578667342663,0,68480,23.790590465068817,1,1,0,0,"[{""body_indices"": [0], ""symbol"": ""cutensorPermute_f32_r2_tensor""}]",1,0,0,0.0,25
aten,aten_fast_cat_dim0_cpu,/home/arjaiswal/Polygeist/issues/aten_c_kernels/results/aten_fast_cat_dim0_cpu/debuf.mlir,2e292dffc0c66a9661d2eef08085620ec7f31546e525454c9987bd757b2cad35,syntactic,1,ok,0,1111.6426065564156,0,"[""/usr/bin/python3"", ""/home/arjaiswal/Polygeist/scripts/correctness/kernel_match_rewrite.py"", ""/home/arjaiswal/Polygeist/issues/aten_c_kernels/results/aten_fast_cat_dim0_cpu/debuf.mlir"", ""--dry-run"", ""--matcher-mode"", ""syntactic"", ""--telemetry-json"", ""/home/arjaiswal/Polygeist/issues/equality_saturation_eval/campaign_20260908/aten-aten_fast_cat_dim0_cpu-syntactic-y4bepoj6.json"", ""--disable-semantic-fallback""]","== match report for /home/arjaiswal/Polygeist/issues/aten_c_kernels/results/aten_fast_cat_dim0_cpu/debuf.mlir ==
  match          body#[0]  cutensorPermute_f32_r2_tensor
  total: 1 matched / 1 bodies
",0,[],0,0,0,0,/home/arjaiswal/Polygeist/issues/aten_c_kernels/results/aten_fast_cat_dim0_cpu/debuf.mlir,2267,0,1,1,407.41150826215744,0,65620,0.06175786256790161,0,1,0,0,"[{""body_indices"": [0], ""symbol"": ""cutensorPermute_f32_r2_tensor""}]",1,0,25,0.0,25
aten,aten_fast_cat_dim0_cpu,/home/arjaiswal/Polygeist/issues/aten_c_kernels/results/aten_fast_cat_dim0_cpu/debuf.mlir,2e292dffc0c66a9661d2eef08085620ec7f31546e525454c9987bd757b2cad35,syntactic,2,ok,0,1744.6424178779125,0,"[""/usr/bin/python3"", ""/home/arjaiswal/Polygeist/scripts/correctness/kernel_match_rewrite.py"", ""/home/arjaiswal/Polygeist/issues/aten_c_kernels/results/aten_fast_cat_dim0_cpu/debuf.mlir"", ""--dry-run"", ""--matcher-mode"", ""syntactic"", ""--telemetry-json"", ""/home/arjaiswal/Polygeist/issues/equality_saturation_eval/campaign_20260908/aten-aten_fast_cat_dim0_cpu-syntactic-0tbdx_c7.json"", ""--disable-semantic-fallback""]","== match report for /home/arjaiswal/Polygeist/issues/aten_c_kernels/results/aten_fast_cat_dim0_cpu/debuf.mlir ==
  match          body#[0]  cutensorPermute_f32_r2_tensor
  total: 1 matched / 1 bodies
",0,[],0,0,0,0,/home/arjaiswal/Polygeist/issues/aten_c_kernels/results/aten_fast_cat_dim0_cpu/debuf.mlir,2267,0,1,1,752.4643987417221,0,65368,0.08777901530265808,0,1,0,0,"[{""body_indices"": [0], ""symbol"": ""cutensorPermute_f32_r2_tensor""}]",1,0,25,0.0,25
aten,aten_fast_cat_dim0_cpu,/home/arjaiswal/Polygeist/issues/aten_c_kernels/results/aten_fast_cat_dim0_cpu/debuf.mlir,2e292dffc0c66a9661d2eef08085620ec7f31546e525454c9987bd757b2cad35,egglog,2,ok,0,2000.0566579401493,0,"[""/usr/bin/python3"", ""/home/arjaiswal/Polygeist/scripts/correctness/kernel_match_rewrite.py"", ""/home/arjaiswal/Polygeist/issues/aten_c_kernels/results/aten_fast_cat_dim0_cpu/debuf.mlir"", ""--dry-run"", ""--matcher-mode"", ""egglog"", ""--telemetry-json"", ""/home/arjaiswal/Polygeist/issues/equality_saturation_eval/campaign_20260908/aten-aten_fast_cat_dim0_cpu-egglog-9ursxcwg.json"", ""--disable-semantic-fallback""]","== match report for /home/arjaiswal/Polygeist/issues/aten_c_kernels/results/aten_fast_cat_dim0_cpu/debuf.mlir ==
  match          body#[0]  cutensorPermute_f32_r2_tensor
  total: 1 matched / 1 bodies
",0,[],0,0,0,0,/home/arjaiswal/Polygeist/issues/aten_c_kernels/results/aten_fast_cat_dim0_cpu/debuf.mlir,2267,8,1,1,830.0461322069168,0,68484,42.80965030193329,1,1,0,0,"[{""body_indices"": [0], ""symbol"": ""cutensorPermute_f32_r2_tensor""}]",1,0,0,0.0,25
aten,aten_fast_cat_dim0_cpu,/home/arjaiswal/Polygeist/issues/aten_c_kernels/results/aten_fast_cat_dim0_cpu/debuf.mlir,2e292dffc0c66a9661d2eef08085620ec7f31546e525454c9987bd757b2cad35,egglog,3,ok,0,2931.004162877798,0,"[""/usr/bin/python3"", ""/home/arjaiswal/Polygeist/scripts/correctness/kernel_match_rewrite.py"", ""/home/arjaiswal/Polygeist/issues/aten_c_kernels/results/aten_fast_cat_dim0_cpu/debuf.mlir"", ""--dry-run"", ""--matcher-mode"", ""egglog"", ""--telemetry-json"", ""/home/arjaiswal/Polygeist/issues/equality_saturation_eval/campaign_20260908/aten-aten_fast_cat_dim0_cpu-egglog-aelzrofb.json"", ""--disable-semantic-fallback""]","== match report for /home/arjaiswal/Polygeist/issues/aten_c_kernels/results/aten_fast_cat_dim0_cpu/debuf.mlir ==
  match          body#[0]  cutensorPermute_f32_r2_tensor
  total: 1 matched / 1 bodies
",0,[],0,0,0,0,/home/arjaiswal/Polygeist/issues/aten_c_kernels/results/aten_fast_cat_dim0_cpu/debuf.mlir,2267,8,1,1,1299.8886704444885,0,68532,32.4116051197052,1,1,0,0,"[{""body_indices"": [0], ""symbol"": ""cutensorPermute_f32_r2_tensor""}]",1,0,0,0.0,25
aten,aten_fast_cat_dim0_cpu,/home/arjaiswal/Polygeist/issues/aten_c_kernels/results/aten_fast_cat_dim0_cpu/debuf.mlir,2e292dffc0c66a9661d2eef08085620ec7f31546e525454c9987bd757b2cad35,syntactic,3,ok,0,2882.329262793064,0,"[""/usr/bin/python3"", ""/home/arjaiswal/Polygeist/scripts/correctness/kernel_match_rewrite.py"", ""/home/arjaiswal/Polygeist/issues/aten_c_kernels/results/aten_fast_cat_dim0_cpu/debuf.mlir"", ""--dry-run"", ""--matcher-mode"", ""syntactic"", ""--telemetry-json"", ""/home/arjaiswal/Polygeist/issues/equality_saturation_eval/campaign_20260908/aten-aten_fast_cat_dim0_cpu-syntactic-e_we1qqs.json"", ""--disable-semantic-fallback""]","== match report for /home/arjaiswal/Polygeist/issues/aten_c_kernels/results/aten_fast_cat_dim0_cpu/debuf.mlir ==
  match          body#[0]  cutensorPermute_f32_r2_tensor
  total: 1 matched / 1 bodies
",0,[],0,0,0,0,/home/arjaiswal/Polygeist/issues/aten_c_kernels/results/aten_fast_cat_dim0_cpu/debuf.mlir,2267,0,1,1,1161.006823182106,0,65744,0.1129545271396637,0,1,0,0,"[{""body_indices"": [0], ""symbol"": ""cutensorPermute_f32_r2_tensor""}]",1,0,25,0.0,25
aten,aten_fast_cat_dim0_cpu,/home/arjaiswal/Polygeist/issues/aten_c_kernels/results/aten_fast_cat_dim0_cpu/debuf.mlir,2e292dffc0c66a9661d2eef08085620ec7f31546e525454c9987bd757b2cad35,syntactic,4,ok,0,2774.0913406014442,0,"[""/usr/bin/python3"", ""/home/arjaiswal/Polygeist/scripts/correctness/kernel_match_rewrite.py"", ""/home/arjaiswal/Polygeist/issues/aten_c_kernels/results/aten_fast_cat_dim0_cpu/debuf.mlir"", ""--dry-run"", ""--matcher-mode"", ""syntactic"", ""--telemetry-json"", ""/home/arjaiswal/Polygeist/issues/equality_saturation_eval/campaign_20260908/aten-aten_fast_cat_dim0_cpu-syntactic-ngdzo4aa.json"", ""--disable-semantic-fallback""]","== match report for /home/arjaiswal/Polygeist/issues/aten_c_kernels/results/aten_fast_cat_dim0_cpu/debuf.mlir ==
  match          body#[0]  cutensorPermute_f32_r2_tensor
  total: 1 matched / 1 bodies
",0,[],0,0,0,0,/home/arjaiswal/Polygeist/issues/aten_c_kernels/results/aten_fast_cat_dim0_cpu/debuf.mlir,2267,0,1,1,1196.1153224110603,0,65616,0.09796023368835449,0,1,0,0,"[{""body_indices"": [0], ""symbol"": ""cutensorPermute_f32_r2_tensor""}]",1,0,25,0.0,25
aten,aten_fast_cat_dim0_cpu,/home/arjaiswal/Polygeist/issues/aten_c_kernels/results/aten_fast_cat_dim0_cpu/debuf.mlir,2e292dffc0c66a9661d2eef08085620ec7f31546e525454c9987bd757b2cad35,egglog,4,ok,0,1893.0262848734856,0,"[""/usr/bin/python3"", ""/home/arjaiswal/Polygeist/scripts/correctness/kernel_match_rewrite.py"", ""/home/arjaiswal/Polygeist/issues/aten_c_kernels/results/aten_fast_cat_dim0_cpu/debuf.mlir"", ""--dry-run"", ""--matcher-mode"", ""egglog"", ""--telemetry-json"", ""/home/arjaiswal/Polygeist/issues/equality_saturation_eval/campaign_20260908/aten-aten_fast_cat_dim0_cpu-egglog-0c1aopl4.json"", ""--disable-semantic-fallback""]","== match report for /home/arjaiswal/Polygeist/issues/aten_c_kernels/results/aten_fast_cat_dim0_cpu/debuf.mlir ==
  match          body#[0]  cutensorPermute_f32_r2_tensor
  total: 1 matched / 1 bodies
",0,[],0,0,0,0,/home/arjaiswal/Polygeist/issues/aten_c_kernels/results/aten_fast_cat_dim0_cpu/debuf.mlir,2267,8,1,1,689.5862445235252,0,68492,47.073788940906525,1,1,0,0,"[{""body_indices"": [0], ""symbol"": ""cutensorPermute_f32_r2_tensor""}]",1,0,0,0.0,25
aten,aten_fast_cat_dim0_cpu,/home/arjaiswal/Polygeist/issues/aten_c_kernels/results/aten_fast_cat_dim0_cpu/debuf.mlir,2e292dffc0c66a9661d2eef08085620ec7f31546e525454c9987bd757b2cad35,egglog,5,ok,0,3279.6820625662804,0,"[""/usr/bin/python3"", ""/home/arjaiswal/Polygeist/scripts/correctness/kernel_match_rewrite.py"", ""/home/arjaiswal/Polygeist/issues/aten_c_kernels/results/aten_fast_cat_dim0_cpu/debuf.mlir"", ""--dry-run"", ""--matcher-mode"", ""egglog"", ""--telemetry-json"", ""/home/arjaiswal/Polygeist/issues/equality_saturation_eval/campaign_20260908/aten-aten_fast_cat_dim0_cpu-egglog-5uk00t1h.json"", ""--disable-semantic-fallback""]","== match report for /home/arjaiswal/Polygeist/issues/aten_c_kernels/results/aten_fast_cat_dim0_cpu/debuf.mlir ==
  match          body#[0]  cutensorPermute_f32_r2_tensor
  total: 1 matched / 1 bodies
",0,[],0,0,0,0,/home/arjaiswal/Polygeist/issues/aten_c_kernels/results/aten_fast_cat_dim0_cpu/debuf.mlir,2267,8,1,1,1767.8485289216042,0,68612,40.95473513007164,1,1,0,0,"[{""body_indices"": [0], ""symbol"": ""cutensorPermute_f32_r2_tensor""}]",1,0,0,0.0,25
aten,aten_fast_cat_dim0_cpu,/home/arjaiswal/Polygeist/issues/aten_c_kernels/results/aten_fast_cat_dim0_cpu/debuf.mlir,2e292dffc0c66a9661d2eef08085620ec7f31546e525454c9987bd757b2cad35,syntactic,5,ok,0,2325.755424797535,0,"[""/usr/bin/python3"", ""/home/arjaiswal/Polygeist/scripts/correctness/kernel_match_rewrite.py"", ""/home/arjaiswal/Polygeist/issues/aten_c_kernels/results/aten_fast_cat_dim0_cpu/debuf.mlir"", ""--dry-run"", ""--matcher-mode"", ""syntactic"", ""--telemetry-json"", ""/home/arjaiswal/Polygeist/issues/equality_saturation_eval/campaign_20260908/aten-aten_fast_cat_dim0_cpu-syntactic-fylitz6t.json"", ""--disable-semantic-fallback""]","== match report for /home/arjaiswal/Polygeist/issues/aten_c_kernels/results/aten_fast_cat_dim0_cpu/debuf.mlir ==
  match          body#[0]  cutensorPermute_f32_r2_tensor
  total: 1 matched / 1 bodies
",0,[],0,0,0,0,/home/arjaiswal/Polygeist/issues/aten_c_kernels/results/aten_fast_cat_dim0_cpu/debuf.mlir,2267,0,1,1,908.4726050496101,0,65868,0.0970400869846344,0,1,0,0,"[{""body_indices"": [0], ""symbol"": ""cutensorPermute_f32_r2_tensor""}]",1,0,25,0.0,25
aten,aten_fft_conjugate_symmetry_cpu,/home/arjaiswal/Polygeist/issues/aten_c_kernels/results/aten_fft_conjugate_symmetry_cpu/debuf.mlir,bdec4ab1454da900e35cc7b05e49d7abbd73634e3becc4f766516c10b700933a,syntactic,1,ok,0,2186.968754976988,0,"[""/usr/bin/python3"", ""/home/arjaiswal/Polygeist/scripts/correctness/kernel_match_rewrite.py"", ""/home/arjaiswal/Polygeist/issues/aten_c_kernels/results/aten_fft_conjugate_symmetry_cpu/debuf.mlir"", ""--dry-run"", ""--matcher-mode"", ""syntactic"", ""--telemetry-json"", ""/home/arjaiswal/Polygeist/issues/equality_saturation_eval/campaign_20260908/aten-aten_fft_conjugate_symmetry_cpu-syntactic-2qqappbk.json"", ""--disable-semantic-fallback""]","== match report for /home/arjaiswal/Polygeist/issues/aten_c_kernels/results/aten_fft_conjugate_symmetry_cpu/debuf.mlir ==
  copy_layout_reject body#0  cublasDcopy_tensor
  rank_dtype_or_layout_reject body#1  cutensorUnary_neg_f32
  total: 0 matched / 2 bodies
",0,[],0,0,0,0,/home/arjaiswal/Polygeist/issues/aten_c_kernels/results/aten_fft_conjugate_symmetry_cpu/debuf.mlir,2886,0,2,0,1155.268881469965,0,66068,0.3485642373561859,0,8,0,0,[],0,0,92,0.0,92
aten,aten_fft_conjugate_symmetry_cpu,/home/arjaiswal/Polygeist/issues/aten_c_kernels/results/aten_fft_conjugate_symmetry_cpu/debuf.mlir,bdec4ab1454da900e35cc7b05e49d7abbd73634e3becc4f766516c10b700933a,egglog,1,ok,0,2491.0326041281223,0,"[""/usr/bin/python3"", ""/home/arjaiswal/Polygeist/scripts/correctness/kernel_match_rewrite.py"", ""/home/arjaiswal/Polygeist/issues/aten_c_kernels/results/aten_fft_conjugate_symmetry_cpu/debuf.mlir"", ""--dry-run"", ""--matcher-mode"", ""egglog"", ""--telemetry-json"", ""/home/arjaiswal/Polygeist/issues/equality_saturation_eval/campaign_20260908/aten-aten_fft_conjugate_symmetry_cpu-egglog-dt1b2s9r.json"", ""--disable-semantic-fallback""]","== match report for /home/arjaiswal/Polygeist/issues/aten_c_kernels/results/aten_fft_conjugate_symmetry_cpu/debuf.mlir ==
  copy_layout_reject body#0  cublasDcopy_tensor
  rank_dtype_or_layout_reject body#1  cutensorUnary_neg_f32
  total: 0 matched / 2 bodies
",0,[],0,0,0,0,/home/arjaiswal/Polygeist/issues/aten_c_kernels/results/aten_fft_conjugate_symmetry_cpu/debuf.mlir,2886,8,2,0,1465.955726802349,0,70136,203.20400595664978,8,8,0,0,[],0,0,0,0.0,92
aten,aten_fft_conjugate_symmetry_cpu,/home/arjaiswal/Polygeist/issues/aten_c_kernels/results/aten_fft_conjugate_symmetry_cpu/debuf.mlir,bdec4ab1454da900e35cc7b05e49d7abbd73634e3becc4f766516c10b700933a,egglog,2,ok,0,2409.376662224531,0,"[""/usr/bin/python3"", ""/home/arjaiswal/Polygeist/scripts/correctness/kernel_match_rewrite.py"", ""/home/arjaiswal/Polygeist/issues/aten_c_kernels/results/aten_fft_conjugate_symmetry_cpu/debuf.mlir"", ""--dry-run"", ""--matcher-mode"", ""egglog"", ""--telemetry-json"", ""/home/arjaiswal/Polygeist/issues/equality_saturation_eval/campaign_20260908/aten-aten_fft_conjugate_symmetry_cpu-egglog-_x29yovb.json"", ""--disable-semantic-fallback""]","== match report for /home/arjaiswal/Polygeist/issues/aten_c_kernels/results/aten_fft_conjugate_symmetry_cpu/debuf.mlir ==
  copy_layout_reject body#0  cublasDcopy_tensor
  rank_dtype_or_layout_reject body#1  cutensorUnary_neg_f32
  total: 0 matched / 2 bodies
",0,[],0,0,0,0,/home/arjaiswal/Polygeist/issues/aten_c_kernels/results/aten_fft_conjugate_symmetry_cpu/debuf.mlir,2886,8,2,0,1402.068369090557,0,70060,221.5680181980133,8,8,0,0,[],0,0,0,0.0,92
aten,aten_fft_conjugate_symmetry_cpu,/home/arjaiswal/Polygeist/issues/aten_c_kernels/results/aten_fft_conjugate_symmetry_cpu/debuf.mlir,bdec4ab1454da900e35cc7b05e49d7abbd73634e3becc4f766516c10b700933a,syntactic,2,ok,0,2936.397034674883,0,"[""/usr/bin/python3"", ""/home/arjaiswal/Polygeist/scripts/correctness/kernel_match_rewrite.py"", ""/home/arjaiswal/Polygeist/issues/aten_c_kernels/results/aten_fft_conjugate_symmetry_cpu/debuf.mlir"", ""--dry-run"", ""--matcher-mode"", ""syntactic"", ""--telemetry-json"", ""/home/arjaiswal/Polygeist/issues/equality_saturation_eval/campaign_20260908/aten-aten_fft_conjugate_symmetry_cpu-syntactic-u71t_n3k.json"", ""--disable-semantic-fallback""]","== match report for /home/arjaiswal/Polygeist/issues/aten_c_kernels/results/aten_fft_conjugate_symmetry_cpu/debuf.mlir ==
  copy_layout_reject body#0  cublasDcopy_tensor
  rank_dtype_or_layout_reject body#1  cutensorUnary_neg_f32
  total: 0 matched / 2 bodies
",0,[],0,0,0,0,/home/arjaiswal/Polygeist/issues/aten_c_kernels/results/aten_fft_conjugate_symmetry_cpu/debuf.mlir,2886,0,2,0,1749.2946237325668,0,65856,0.32445043325424194,0,8,0,0,[],0,0,92,0.0,92
aten,aten_fft_conjugate_symmetry_cpu,/home/arjaiswal/Polygeist/issues/aten_c_kernels/results/aten_fft_conjugate_symmetry_cpu/debuf.mlir,bdec4ab1454da900e35cc7b05e49d7abbd73634e3becc4f766516c10b700933a,syntactic,3,ok,0,1015.0831155478954,0,"[""/usr/bin/python3"", ""/home/arjaiswal/Polygeist/scripts/correctness/kernel_match_rewrite.py"", ""/home/arjaiswal/Polygeist/issues/aten_c_kernels/results/aten_fft_conjugate_symmetry_cpu/debuf.mlir"", ""--dry-run"", ""--matcher-mode"", ""syntactic"", ""--telemetry-json"", ""/home/arjaiswal/Polygeist/issues/equality_saturation_eval/campaign_20260908/aten-aten_fft_conjugate_symmetry_cpu-syntactic-d4_fqs8b.json"", ""--disable-semantic-fallback""]","== match report for /home/arjaiswal/Polygeist/issues/aten_c_kernels/results/aten_fft_conjugate_symmetry_cpu/debuf.mlir ==
  copy_layout_reject body#0  cublasDcopy_tensor
  rank_dtype_or_layout_reject body#1  cutensorUnary_neg_f32
  total: 0 matched / 2 bodies
",0,[],0,0,0,0,/home/arjaiswal/Polygeist/issues/aten_c_kernels/results/aten_fft_conjugate_symmetry_cpu/debuf.mlir,2886,0,2,0,529.1644372045994,0,65672,0.2838447690010071,0,8,0,0,[],0,0,92,0.0,92
aten,aten_fft_conjugate_symmetry_cpu,/home/arjaiswal/Polygeist/issues/aten_c_kernels/results/aten_fft_conjugate_symmetry_cpu/debuf.mlir,bdec4ab1454da900e35cc7b05e49d7abbd73634e3becc4f766516c10b700933a,egglog,3,ok,0,1094.7685278952122,0,"[""/usr/bin/python3"", ""/home/arjaiswal/Polygeist/scripts/correctness/kernel_match_rewrite.py"", ""/home/arjaiswal/Polygeist/issues/aten_c_kernels/results/aten_fft_conjugate_symmetry_cpu/debuf.mlir"", ""--dry-run"", ""--matcher-mode"", ""egglog"", ""--telemetry-json"", ""/home/arjaiswal/Polygeist/issues/equality_saturation_eval/campaign_20260908/aten-aten_fft_conjugate_symmetry_cpu-egglog-zca3hvu9.json"", ""--disable-semantic-fallback""]","== match report for /home/arjaiswal/Polygeist/issues/aten_c_kernels/results/aten_fft_conjugate_symmetry_cpu/debuf.mlir ==
  copy_layout_reject body#0  cublasDcopy_tensor
  rank_dtype_or_layout_reject body#1  cutensorUnary_neg_f32
  total: 0 matched / 2 bodies
",0,[],0,0,0,0,/home/arjaiswal/Polygeist/issues/aten_c_kernels/results/aten_fft_conjugate_symmetry_cpu/debuf.mlir,2886,8,2,0,631.8194903433323,0,70072,98.23903441429138,8,8,0,0,[],0,0,0,0.0,92
aten,aten_fft_conjugate_symmetry_cpu,/home/arjaiswal/Polygeist/issues/aten_c_kernels/results/aten_fft_conjugate_symmetry_cpu/debuf.mlir,bdec4ab1454da900e35cc7b05e49d7abbd73634e3becc4f766516c10b700933a,egglog,4,ok,0,1135.676957666874,0,"[""/usr/bin/python3"", ""/home/arjaiswal/Polygeist/scripts/correctness/kernel_match_rewrite.py"", ""/home/arjaiswal/Polygeist/issues/aten_c_kernels/results/aten_fft_conjugate_symmetry_cpu/debuf.mlir"", ""--dry-run"", ""--matcher-mode"", ""egglog"", ""--telemetry-json"", ""/home/arjaiswal/Polygeist/issues/equality_saturation_eval/campaign_20260908/aten-aten_fft_conjugate_symmetry_cpu-egglog-52a0s1l1.json"", ""--disable-semantic-fallback""]","== match report for /home/arjaiswal/Polygeist/issues/aten_c_kernels/results/aten_fft_conjugate_symmetry_cpu/debuf.mlir ==
  copy_layout_reject body#0  cublasDcopy_tensor
  rank_dtype_or_layout_reject body#1  cutensorUnary_neg_f32
  total: 0 matched / 2 bodies
",0,[],0,0,0,0,/home/arjaiswal/Polygeist/issues/aten_c_kernels/results/aten_fft_conjugate_symmetry_cpu/debuf.mlir,2886,8,2,0,637.2305452823639,0,70124,90.30408412218094,8,8,0,0,[],0,0,0,0.0,92
aten,aten_fft_conjugate_symmetry_cpu,/home/arjaiswal/Polygeist/issues/aten_c_kernels/results/aten_fft_conjugate_symmetry_cpu/debuf.mlir,bdec4ab1454da900e35cc7b05e49d7abbd73634e3becc4f766516c10b700933a,syntactic,4,ok,0,1066.862627863884,0,"[""/usr/bin/python3"", ""/home/arjaiswal/Polygeist/scripts/correctness/kernel_match_rewrite.py"", ""/home/arjaiswal/Polygeist/issues/aten_c_kernels/results/aten_fft_conjugate_symmetry_cpu/debuf.mlir"", ""--dry-run"", ""--matcher-mode"", ""syntactic"", ""--telemetry-json"", ""/home/arjaiswal/Polygeist/issues/equality_saturation_eval/campaign_20260908/aten-aten_fft_conjugate_symmetry_cpu-syntactic-25vx_x6d.json"", ""--disable-semantic-fallback""]","== match report for /home/arjaiswal/Polygeist/issues/aten_c_kernels/results/aten_fft_conjugate_symmetry_cpu/debuf.mlir ==
  copy_layout_reject body#0  cublasDcopy_tensor
  rank_dtype_or_layout_reject body#1  cutensorUnary_neg_f32
  total: 0 matched / 2 bodies
",0,[],0,0,0,0,/home/arjaiswal/Polygeist/issues/aten_c_kernels/results/aten_fft_conjugate_symmetry_cpu/debuf.mlir,2886,0,2,0,583.0597057938576,0,65988,0.3453157842159271,0,8,0,0,[],0,0,92,0.0,92
aten,aten_fft_conjugate_symmetry_cpu,/home/arjaiswal/Polygeist/issues/aten_c_kernels/results/aten_fft_conjugate_symmetry_cpu/debuf.mlir,bdec4ab1454da900e35cc7b05e49d7abbd73634e3becc4f766516c10b700933a,syntactic,5,ok,0,2539.5649820566177,0,"[""/usr/bin/python3"", ""/home/arjaiswal/Polygeist/scripts/correctness/kernel_match_rewrite.py"", ""/home/arjaiswal/Polygeist/issues/aten_c_kernels/results/aten_fft_conjugate_symmetry_cpu/debuf.mlir"", ""--dry-run"", ""--matcher-mode"", ""syntactic"", ""--telemetry-json"", ""/home/arjaiswal/Polygeist/issues/equality_saturation_eval/campaign_20260908/aten-aten_fft_conjugate_symmetry_cpu-syntactic-mbzz364_.json"", ""--disable-semantic-fallback""]","== match report for /home/arjaiswal/Polygeist/issues/aten_c_kernels/results/aten_fft_conjugate_symmetry_cpu/debuf.mlir ==
  copy_layout_reject body#0  cublasDcopy_tensor
  rank_dtype_or_layout_reject body#1  cutensorUnary_neg_f32
  total: 0 matched / 2 bodies
",0,[],0,0,0,0,/home/arjaiswal/Polygeist/issues/aten_c_kernels/results/aten_fft_conjugate_symmetry_cpu/debuf.mlir,2886,0,2,0,1736.753422766924,0,65976,0.45107677578926086,0,8,0,0,[],0,0,92,0.0,92
aten,aten_fft_conjugate_symmetry_cpu,/home/arjaiswal/Polygeist/issues/aten_c_kernels/results/aten_fft_conjugate_symmetry_cpu/debuf.mlir,bdec4ab1454da900e35cc7b05e49d7abbd73634e3becc4f766516c10b700933a,egglog,5,ok,0,5794.968780130148,0,"[""/usr/bin/python3"", ""/home/arjaiswal/Polygeist/scripts/correctness/kernel_match_rewrite.py"", ""/home/arjaiswal/Polygeist/issues/aten_c_kernels/results/aten_fft_conjugate_symmetry_cpu/debuf.mlir"", ""--dry-run"", ""--matcher-mode"", ""egglog"", ""--telemetry-json"", ""/home/arjaiswal/Polygeist/issues/equality_saturation_eval/campaign_20260908/aten-aten_fft_conjugate_symmetry_cpu-egglog-0gv3b5yu.json"", ""--disable-semantic-fallback""]","== match report for /home/arjaiswal/Polygeist/issues/aten_c_kernels/results/aten_fft_conjugate_symmetry_cpu/debuf.mlir ==
  copy_layout_reject body#0  cublasDcopy_tensor
  rank_dtype_or_layout_reject body#1  cutensorUnary_neg_f32
  total: 0 matched / 2 bodies
",0,[],0,0,0,0,/home/arjaiswal/Polygeist/issues/aten_c_kernels/results/aten_fft_conjugate_symmetry_cpu/debuf.mlir,2886,8,2,0,3444.703157991171,0,70212,465.6593091785908,8,8,0,0,[],0,0,0,0.0,92
aten,aten_fftshift_cpu,/home/arjaiswal/Polygeist/issues/aten_c_kernels/results/aten_fftshift_cpu/debuf.mlir,2bc851cf1a5493637d52399f22cbeed7295036426a7899b9cc6058be7ed4476f,egglog,1,ok,0,4046.8093790113926,0,"[""/usr/bin/python3"", ""/home/arjaiswal/Polygeist/scripts/correctness/kernel_match_rewrite.py"", ""/home/arjaiswal/Polygeist/issues/aten_c_kernels/results/aten_fftshift_cpu/debuf.mlir"", ""--dry-run"", ""--matcher-mode"", ""egglog"", ""--telemetry-json"", ""/home/arjaiswal/Polygeist/issues/equality_saturation_eval/campaign_20260908/aten-aten_fftshift_cpu-egglog-gza6zjs1.json"", ""--disable-semantic-fallback""]","== match report for /home/arjaiswal/Polygeist/issues/aten_c_kernels/results/aten_fftshift_cpu/debuf.mlir ==
  no_match       body#0  ?
  total: 0 matched / 1 bodies
",0,[],0,0,0,0,/home/arjaiswal/Polygeist/issues/aten_c_kernels/results/aten_fftshift_cpu/debuf.mlir,2377,8,1,0,1797.8695891797543,1,64504,0.0,0,0,0,0,[],0,0,0,0.0,4
aten,aten_fftshift_cpu,/home/arjaiswal/Polygeist/issues/aten_c_kernels/results/aten_fftshift_cpu/debuf.mlir,2bc851cf1a5493637d52399f22cbeed7295036426a7899b9cc6058be7ed4476f,syntactic,1,ok,0,4114.984065294266,0,"[""/usr/bin/python3"", ""/home/arjaiswal/Polygeist/scripts/correctness/kernel_match_rewrite.py"", ""/home/arjaiswal/Polygeist/issues/aten_c_kernels/results/aten_fftshift_cpu/debuf.mlir"", ""--dry-run"", ""--matcher-mode"", ""syntactic"", ""--telemetry-json"", ""/home/arjaiswal/Polygeist/issues/equality_saturation_eval/campaign_20260908/aten-aten_fftshift_cpu-syntactic-skow9ahc.json"", ""--disable-semantic-fallback""]","== match report for /home/arjaiswal/Polygeist/issues/aten_c_kernels/results/aten_fftshift_cpu/debuf.mlir ==
  no_match       body#0  ?
  total: 0 matched / 1 bodies
",0,[],0,0,0,0,/home/arjaiswal/Polygeist/issues/aten_c_kernels/results/aten_fftshift_cpu/debuf.mlir,2377,0,1,0,1868.5833290219307,1,64732,0.03073364496231079,0,0,0,0,[],0,0,4,0.0,4
aten,aten_fftshift_cpu,/home/arjaiswal/Polygeist/issues/aten_c_kernels/results/aten_fftshift_cpu/debuf.mlir,2bc851cf1a5493637d52399f22cbeed7295036426a7899b9cc6058be7ed4476f,syntactic,2,ok,0,3126.816313713789,0,"[""/usr/bin/python3"", ""/home/arjaiswal/Polygeist/scripts/correctness/kernel_match_rewrite.py"", ""/home/arjaiswal/Polygeist/issues/aten_c_kernels/results/aten_fftshift_cpu/debuf.mlir"", ""--dry-run"", ""--matcher-mode"", ""syntactic"", ""--telemetry-json"", ""/home/arjaiswal/Polygeist/issues/equality_saturation_eval/campaign_20260908/aten-aten_fftshift_cpu-syntactic-g9guduru.json"", ""--disable-semantic-fallback""]","== match report for /home/arjaiswal/Polygeist/issues/aten_c_kernels/results/aten_fftshift_cpu/debuf.mlir ==
  no_match       body#0  ?
  total: 0 matched / 1 bodies
",0,[],0,0,0,0,/home/arjaiswal/Polygeist/issues/aten_c_kernels/results/aten_fftshift_cpu/debuf.mlir,2377,0,1,0,1033.026847988367,1,64716,0.01858919858932495,0,0,0,0,[],0,0,4,0.0,4
aten,aten_fftshift_cpu,/home/arjaiswal/Polygeist/issues/aten_c_kernels/results/aten_fftshift_cpu/debuf.mlir,2bc851cf1a5493637d52399f22cbeed7295036426a7899b9cc6058be7ed4476f,egglog,2,ok,0,2483.3236895501614,0,"[""/usr/bin/python3"", ""/home/arjaiswal/Polygeist/scripts/correctness/kernel_match_rewrite.py"", ""/home/arjaiswal/Polygeist/issues/aten_c_kernels/results/aten_fftshift_cpu/debuf.mlir"", ""--dry-run"", ""--matcher-mode"", ""egglog"", ""--telemetry-json"", ""/home/arjaiswal/Polygeist/issues/equality_saturation_eval/campaign_20260908/aten-aten_fftshift_cpu-egglog-qcl_5_7r.json"", ""--disable-semantic-fallback""]","== match report for /home/arjaiswal/Polygeist/issues/aten_c_kernels/results/aten_fftshift_cpu/debuf.mlir ==
  no_match       body#0  ?
  total: 0 matched / 1 bodies
",0,[],0,0,0,0,/home/arjaiswal/Polygeist/issues/aten_c_kernels/results/aten_fftshift_cpu/debuf.mlir,2377,8,1,0,949.2399282753468,1,64988,0.0,0,0,0,0,[],0,0,0,0.0,4
aten,aten_fftshift_cpu,/home/arjaiswal/Polygeist/issues/aten_c_kernels/results/aten_fftshift_cpu/debuf.mlir,2bc851cf1a5493637d52399f22cbeed7295036426a7899b9cc6058be7ed4476f,egglog,3,ok,0,2522.825937718153,0,"[""/usr/bin/python3"", ""/home/arjaiswal/Polygeist/scripts/correctness/kernel_match_rewrite.py"", ""/home/arjaiswal/Polygeist/issues/aten_c_kernels/results/aten_fftshift_cpu/debuf.mlir"", ""--dry-run"", ""--matcher-mode"", ""egglog"", ""--telemetry-json"", ""/home/arjaiswal/Polygeist/issues/equality_saturation_eval/campaign_20260908/aten-aten_fftshift_cpu-egglog-2n69cp98.json"", ""--disable-semantic-fallback""]","== match report for /home/arjaiswal/Polygeist/issues/aten_c_kernels/results/aten_fftshift_cpu/debuf.mlir ==
  no_match       body#0  ?
  total: 0 matched / 1 bodies
",0,[],0,0,0,0,/home/arjaiswal/Polygeist/issues/aten_c_kernels/results/aten_fftshift_cpu/debuf.mlir,2377,8,1,0,1106.6488176584244,1,64496,0.0,0,0,0,0,[],0,0,0,0.0,4
aten,aten_fftshift_cpu,/home/arjaiswal/Polygeist/issues/aten_c_kernels/results/aten_fftshift_cpu/debuf.mlir,2bc851cf1a5493637d52399f22cbeed7295036426a7899b9cc6058be7ed4476f,syntactic,3,ok,0,2875.2088993787766,0,"[""/usr/bin/python3"", ""/home/arjaiswal/Polygeist/scripts/correctness/kernel_match_rewrite.py"", ""/home/arjaiswal/Polygeist/issues/aten_c_kernels/results/aten_fftshift_cpu/debuf.mlir"", ""--dry-run"", ""--matcher-mode"", ""syntactic"", ""--telemetry-json"", ""/home/arjaiswal/Polygeist/issues/equality_saturation_eval/campaign_20260908/aten-aten_fftshift_cpu-syntactic-1en_c0fd.json"", ""--disable-semantic-fallback""]","== match report for /home/arjaiswal/Polygeist/issues/aten_c_kernels/results/aten_fftshift_cpu/debuf.mlir ==
  no_match       body#0  ?
  total: 0 matched / 1 bodies
",0,[],0,0,0,0,/home/arjaiswal/Polygeist/issues/aten_c_kernels/results/aten_fftshift_cpu/debuf.mlir,2377,0,1,0,1155.3551144897938,1,64752,0.019904226064682007,0,0,0,0,[],0,0,4,0.0,4
aten,aten_fftshift_cpu,/home/arjaiswal/Polygeist/issues/aten_c_kernels/results/aten_fftshift_cpu/debuf.mlir,2bc851cf1a5493637d52399f22cbeed7295036426a7899b9cc6058be7ed4476f,syntactic,4,ok,0,2771.2524570524693,0,"[""/usr/bin/python3"", ""/home/arjaiswal/Polygeist/scripts/correctness/kernel_match_rewrite.py"", ""/home/arjaiswal/Polygeist/issues/aten_c_kernels/results/aten_fftshift_cpu/debuf.mlir"", ""--dry-run"", ""--matcher-mode"", ""syntactic"", ""--telemetry-json"", ""/home/arjaiswal/Polygeist/issues/equality_saturation_eval/campaign_20260908/aten-aten_fftshift_cpu-syntactic-a29b_vdq.json"", ""--disable-semantic-fallback""]","== match report for /home/arjaiswal/Polygeist/issues/aten_c_kernels/results/aten_fftshift_cpu/debuf.mlir ==
  no_match       body#0  ?
  total: 0 matched / 1 bodies
",0,[],0,0,0,0,/home/arjaiswal/Polygeist/issues/aten_c_kernels/results/aten_fftshift_cpu/debuf.mlir,2377,0,1,0,1095.6402570009232,1,64676,0.02267584204673767,0,0,0,0,[],0,0,4,0.0,4
aten,aten_fftshift_cpu,/home/arjaiswal/Polygeist/issues/aten_c_kernels/results/aten_fftshift_cpu/debuf.mlir,2bc851cf1a5493637d52399f22cbeed7295036426a7899b9cc6058be7ed4476f,egglog,4,ok,0,1097.1348322927952,0,"[""/usr/bin/python3"", ""/home/arjaiswal/Polygeist/scripts/correctness/kernel_match_rewrite.py"", ""/home/arjaiswal/Polygeist/issues/aten_c_kernels/results/aten_fftshift_cpu/debuf.mlir"", ""--dry-run"", ""--matcher-mode"", ""egglog"", ""--telemetry-json"", ""/home/arjaiswal/Polygeist/issues/equality_saturation_eval/campaign_20260908/aten-aten_fftshift_cpu-egglog-a50oznfj.json"", ""--disable-semantic-fallback""]","== match report for /home/arjaiswal/Polygeist/issues/aten_c_kernels/results/aten_fftshift_cpu/debuf.mlir ==
  no_match       body#0  ?
  total: 0 matched / 1 bodies
",0,[],0,0,0,0,/home/arjaiswal/Polygeist/issues/aten_c_kernels/results/aten_fftshift_cpu/debuf.mlir,2377,8,1,0,305.06812408566475,1,64384,0.0,0,0,0,0,[],0,0,0,0.0,4
aten,aten_fftshift_cpu,/home/arjaiswal/Polygeist/issues/aten_c_kernels/results/aten_fftshift_cpu/debuf.mlir,2bc851cf1a5493637d52399f22cbeed7295036426a7899b9cc6058be7ed4476f,egglog,5,ok,0,2050.4411682486534,0,"[""/usr/bin/python3"", ""/home/arjaiswal/Polygeist/scripts/correctness/kernel_match_rewrite.py"", ""/home/arjaiswal/Polygeist/issues/aten_c_kernels/results/aten_fftshift_cpu/debuf.mlir"", ""--dry-run"", ""--matcher-mode"", ""egglog"", ""--telemetry-json"", ""/home/arjaiswal/Polygeist/issues/equality_saturation_eval/campaign_20260908/aten-aten_fftshift_cpu-egglog-s5jh8fcu.json"", ""--disable-semantic-fallback""]","== match report for /home/arjaiswal/Polygeist/issues/aten_c_kernels/results/aten_fftshift_cpu/debuf.mlir ==
  no_match       body#0  ?
  total: 0 matched / 1 bodies
",0,[],0,0,0,0,/home/arjaiswal/Polygeist/issues/aten_c_kernels/results/aten_fftshift_cpu/debuf.mlir,2377,8,1,0,972.1149913966656,1,64712,0.0,0,0,0,0,[],0,0,0,0.0,4
aten,aten_fftshift_cpu,/home/arjaiswal/Polygeist/issues/aten_c_kernels/results/aten_fftshift_cpu/debuf.mlir,2bc851cf1a5493637d52399f22cbeed7295036426a7899b9cc6058be7ed4476f,syntactic,5,ok,0,1471.9710312783718,0,"[""/usr/bin/python3"", ""/home/arjaiswal/Polygeist/scripts/correctness/kernel_match_rewrite.py"", ""/home/arjaiswal/Polygeist/issues/aten_c_kernels/results/aten_fftshift_cpu/debuf.mlir"", ""--dry-run"", ""--matcher-mode"", ""syntactic"", ""--telemetry-json"", ""/home/arjaiswal/Polygeist/issues/equality_saturation_eval/campaign_20260908/aten-aten_fftshift_cpu-syntactic-hyikks87.json"", ""--disable-semantic-fallback""]","== match report for /home/arjaiswal/Polygeist/issues/aten_c_kernels/results/aten_fftshift_cpu/debuf.mlir ==
  no_match       body#0  ?
  total: 0 matched / 1 bodies
",0,[],0,0,0,0,/home/arjaiswal/Polygeist/issues/aten_c_kernels/results/aten_fftshift_cpu/debuf.mlir,2377,0,1,0,739.6593429148197,1,64620,0.023968517780303955,0,0,0,0,[],0,0,4,0.0,4
aten,aten_fill,/home/arjaiswal/Polygeist/issues/aten_c_kernels/results/aten_fill/debuf.mlir,bfb1a0a115a8dda95d7a1bbb35b9f1ea2f9cbe06adacfa598527e9e449e5403f,syntactic,1,ok,0,1787.716068327427,0,"[""/usr/bin/python3"", ""/home/arjaiswal/Polygeist/scripts/correctness/kernel_match_rewrite.py"", ""/home/arjaiswal/Polygeist/issues/aten_c_kernels/results/aten_fill/debuf.mlir"", ""--dry-run"", ""--matcher-mode"", ""syntactic"", ""--telemetry-json"", ""/home/arjaiswal/Polygeist/issues/equality_saturation_eval/campaign_20260908/aten-aten_fill-syntactic-38yu5jwz.json"", ""--disable-semantic-fallback""]","== match report for /home/arjaiswal/Polygeist/issues/aten_c_kernels/results/aten_fill/debuf.mlir ==
  no_match       body#0  ?
  total: 0 matched / 1 bodies
",0,[],0,0,0,0,/home/arjaiswal/Polygeist/issues/aten_c_kernels/results/aten_fill/debuf.mlir,1629,0,1,0,743.4192523360252,1,64556,0.021323561668395996,0,0,0,0,[],0,0,4,0.0,4
aten,aten_fill,/home/arjaiswal/Polygeist/issues/aten_c_kernels/results/aten_fill/debuf.mlir,bfb1a0a115a8dda95d7a1bbb35b9f1ea2f9cbe06adacfa598527e9e449e5403f,egglog,1,ok,0,2122.783552855253,0,"[""/usr/bin/python3"", ""/home/arjaiswal/Polygeist/scripts/correctness/kernel_match_rewrite.py"", ""/home/arjaiswal/Polygeist/issues/aten_c_kernels/results/aten_fill/debuf.mlir"", ""--dry-run"", ""--matcher-mode"", ""egglog"", ""--telemetry-json"", ""/home/arjaiswal/Polygeist/issues/equality_saturation_eval/campaign_20260908/aten-aten_fill-egglog-uzq3r7gl.json"", ""--disable-semantic-fallback""]","== match report for /home/arjaiswal/Polygeist/issues/aten_c_kernels/results/aten_fill/debuf.mlir ==
  no_match       body#0  ?
  total: 0 matched / 1 bodies
",0,[],0,0,0,0,/home/arjaiswal/Polygeist/issues/aten_c_kernels/results/aten_fill/debuf.mlir,1629,8,1,0,728.4688167273998,1,64680,0.0,0,0,0,0,[],0,0,0,0.0,4
aten,aten_fill,/home/arjaiswal/Polygeist/issues/aten_c_kernels/results/aten_fill/debuf.mlir,bfb1a0a115a8dda95d7a1bbb35b9f1ea2f9cbe06adacfa598527e9e449e5403f,egglog,2,ok,0,1663.1236895918846,0,"[""/usr/bin/python3"", ""/home/arjaiswal/Polygeist/scripts/correctness/kernel_match_rewrite.py"", ""/home/arjaiswal/Polygeist/issues/aten_c_kernels/results/aten_fill/debuf.mlir"", ""--dry-run"", ""--matcher-mode"", ""egglog"", ""--telemetry-json"", ""/home/arjaiswal/Polygeist/issues/equality_saturation_eval/campaign_20260908/aten-aten_fill-egglog-jz8zcm1a.json"", ""--disable-semantic-fallback""]","== match report for /home/arjaiswal/Polygeist/issues/aten_c_kernels/results/aten_fill/debuf.mlir ==
  no_match       body#0  ?
  total: 0 matched / 1 bodies
",0,[],0,0,0,0,/home/arjaiswal/Polygeist/issues/aten_c_kernels/results/aten_fill/debuf.mlir,1629,8,1,0,655.2166864275932,1,64804,0.0,0,0,0,0,[],0,0,0,0.0,4
aten,aten_fill,/home/arjaiswal/Polygeist/issues/aten_c_kernels/results/aten_fill/debuf.mlir,bfb1a0a115a8dda95d7a1bbb35b9f1ea2f9cbe06adacfa598527e9e449e5403f,syntactic,2,ok,0,1696.6419704258442,0,"[""/usr/bin/python3"", ""/home/arjaiswal/Polygeist/scripts/correctness/kernel_match_rewrite.py"", ""/home/arjaiswal/Polygeist/issues/aten_c_kernels/results/aten_fill/debuf.mlir"", ""--dry-run"", ""--matcher-mode"", ""syntactic"", ""--telemetry-json"", ""/home/arjaiswal/Polygeist/issues/equality_saturation_eval/campaign_20260908/aten-aten_fill-syntactic-96diq6hy.json"", ""--disable-semantic-fallback""]","== match report for /home/arjaiswal/Polygeist/issues/aten_c_kernels/results/aten_fill/debuf.mlir ==
  no_match       body#0  ?
  total: 0 matched / 1 bodies
",0,[],0,0,0,0,/home/arjaiswal/Polygeist/issues/aten_c_kernels/results/aten_fill/debuf.mlir,1629,0,1,0,680.7841546833515,1,64804,0.020269304513931274,0,0,0,0,[],0,0,4,0.0,4
aten,aten_fill,/home/arjaiswal/Polygeist/issues/aten_c_kernels/results/aten_fill/debuf.mlir,bfb1a0a115a8dda95d7a1bbb35b9f1ea2f9cbe06adacfa598527e9e449e5403f,syntactic,3,ok,0,1689.9513863027096,0,"[""/usr/bin/python3"", ""/home/arjaiswal/Polygeist/scripts/correctness/kernel_match_rewrite.py"", ""/home/arjaiswal/Polygeist/issues/aten_c_kernels/results/aten_fill/debuf.mlir"", ""--dry-run"", ""--matcher-mode"", ""syntactic"", ""--telemetry-json"", ""/home/arjaiswal/Polygeist/issues/equality_saturation_eval/campaign_20260908/aten-aten_fill-syntactic-svhqjnjx.json"", ""--disable-semantic-fallback""]","== match report for /home/arjaiswal/Polygeist/issues/aten_c_kernels/results/aten_fill/debuf.mlir ==
  no_match       body#0  ?
  total: 0 matched / 1 bodies
",0,[],0,0,0,0,/home/arjaiswal/Polygeist/issues/aten_c_kernels/results/aten_fill/debuf.mlir,1629,0,1,0,680.7532571256161,1,64640,0.018768012523651123,0,0,0,0,[],0,0,4,0.0,4
aten,aten_fill,/home/arjaiswal/Polygeist/issues/aten_c_kernels/results/aten_fill/debuf.mlir,bfb1a0a115a8dda95d7a1bbb35b9f1ea2f9cbe06adacfa598527e9e449e5403f,egglog,3,ok,0,1477.6398725807667,0,"[""/usr/bin/python3"", ""/home/arjaiswal/Polygeist/scripts/correctness/kernel_match_rewrite.py"", ""/home/arjaiswal/Polygeist/issues/aten_c_kernels/results/aten_fill/debuf.mlir"", ""--dry-run"", ""--matcher-mode"", ""egglog"", ""--telemetry-json"", ""/home/arjaiswal/Polygeist/issues/equality_saturation_eval/campaign_20260908/aten-aten_fill-egglog-nhv0zx6h.json"", ""--disable-semantic-fallback""]","== match report for /home/arjaiswal/Polygeist/issues/aten_c_kernels/results/aten_fill/debuf.mlir ==
  no_match       body#0  ?
  total: 0 matched / 1 bodies
",0,[],0,0,0,0,/home/arjaiswal/Polygeist/issues/aten_c_kernels/results/aten_fill/debuf.mlir,1629,8,1,0,515.1009522378445,1,64504,0.0,0,0,0,0,[],0,0,0,0.0,4
aten,aten_fill,/home/arjaiswal/Polygeist/issues/aten_c_kernels/results/aten_fill/debuf.mlir,bfb1a0a115a8dda95d7a1bbb35b9f1ea2f9cbe06adacfa598527e9e449e5403f,egglog,4,ok,0,812.1628947556019,0,"[""/usr/bin/python3"", ""/home/arjaiswal/Polygeist/scripts/correctness/kernel_match_rewrite.py"", ""/home/arjaiswal/Polygeist/issues/aten_c_kernels/results/aten_fill/debuf.mlir"", ""--dry-run"", ""--matcher-mode"", ""egglog"", ""--telemetry-json"", ""/home/arjaiswal/Polygeist/issues/equality_saturation_eval/campaign_20260908/aten-aten_fill-egglog-ubm8c4yz.json"", ""--disable-semantic-fallback""]","== match report for /home/arjaiswal/Polygeist/issues/aten_c_kernels/results/aten_fill/debuf.mlir ==
  no_match       body#0  ?
  total: 0 matched / 1 bodies
",0,[],0,0,0,0,/home/arjaiswal/Polygeist/issues/aten_c_kernels/results/aten_fill/debuf.mlir,1629,8,1,0,300.723172724247,1,64800,0.0,0,0,0,0,[],0,0,0,0.0,4
aten,aten_fill,/home/arjaiswal/Polygeist/issues/aten_c_kernels/results/aten_fill/debuf.mlir,bfb1a0a115a8dda95d7a1bbb35b9f1ea2f9cbe06adacfa598527e9e449e5403f,syntactic,4,ok,0,797.4664159119129,0,"[""/usr/bin/python3"", ""/home/arjaiswal/Polygeist/scripts/correctness/kernel_match_rewrite.py"", ""/home/arjaiswal/Polygeist/issues/aten_c_kernels/results/aten_fill/debuf.mlir"", ""--dry-run"", ""--matcher-mode"", ""syntactic"", ""--telemetry-json"", ""/home/arjaiswal/Polygeist/issues/equality_saturation_eval/campaign_20260908/aten-aten_fill-syntactic-3z6mqmrp.json"", ""--disable-semantic-fallback""]","== match report for /home/arjaiswal/Polygeist/issues/aten_c_kernels/results/aten_fill/debuf.mlir ==
  no_match       body#0  ?
  total: 0 matched / 1 bodies
",0,[],0,0,0,0,/home/arjaiswal/Polygeist/issues/aten_c_kernels/results/aten_fill/debuf.mlir,1629,0,1,0,296.1694449186325,1,64780,0.016674399375915527,0,0,0,0,[],0,0,4,0.0,4
aten,aten_fill,/home/arjaiswal/Polygeist/issues/aten_c_kernels/results/aten_fill/debuf.mlir,bfb1a0a115a8dda95d7a1bbb35b9f1ea2f9cbe06adacfa598527e9e449e5403f,syntactic,5,ok,0,799.272932112217,0,"[""/usr/bin/python3"", ""/home/arjaiswal/Polygeist/scripts/correctness/kernel_match_rewrite.py"", ""/home/arjaiswal/Polygeist/issues/aten_c_kernels/results/aten_fill/debuf.mlir"", ""--dry-run"", ""--matcher-mode"", ""syntactic"", ""--telemetry-json"", ""/home/arjaiswal/Polygeist/issues/equality_saturation_eval/campaign_20260908/aten-aten_fill-syntactic-h9q2zv4x.json"", ""--disable-semantic-fallback""]","== match report for /home/arjaiswal/Polygeist/issues/aten_c_kernels/results/aten_fill/debuf.mlir ==
  no_match       body#0  ?
  total: 0 matched / 1 bodies
",0,[],0,0,0,0,/home/arjaiswal/Polygeist/issues/aten_c_kernels/results/aten_fill/debuf.mlir,1629,0,1,0,291.84774309396744,1,64512,0.022709369659423828,0,0,0,0,[],0,0,4,0.0,4
aten,aten_fill,/home/arjaiswal/Polygeist/issues/aten_c_kernels/results/aten_fill/debuf.mlir,bfb1a0a115a8dda95d7a1bbb35b9f1ea2f9cbe06adacfa598527e9e449e5403f,egglog,5,ok,0,801.3640753924847,0,"[""/usr/bin/python3"", ""/home/arjaiswal/Polygeist/scripts/correctness/kernel_match_rewrite.py"", ""/home/arjaiswal/Polygeist/issues/aten_c_kernels/results/aten_fill/debuf.mlir"", ""--dry-run"", ""--matcher-mode"", ""egglog"", ""--telemetry-json"", ""/home/arjaiswal/Polygeist/issues/equality_saturation_eval/campaign_20260908/aten-aten_fill-egglog-rtn7r41b.json"", ""--disable-semantic-fallback""]","== match report for /home/arjaiswal/Polygeist/issues/aten_c_kernels/results/aten_fill/debuf.mlir ==
  no_match       body#0  ?
  total: 0 matched / 1 bodies
",0,[],0,0,0,0,/home/arjaiswal/Polygeist/issues/aten_c_kernels/results/aten_fill/debuf.mlir,1629,8,1,0,281.58876299858093,1,64888,0.0,0,0,0,0,[],0,0,0,0.0,4
aten,aten_fill_diagonal_cpu,/home/arjaiswal/Polygeist/issues/aten_c_kernels/results/aten_fill_diagonal_cpu/debuf.mlir,4862fb98f15c2f1eeee69546df28b5ec2ac75945ab99f597a83eb8a4a900ccb8,egglog,1,ok,0,1996.1772710084915,0,"[""/usr/bin/python3"", ""/home/arjaiswal/Polygeist/scripts/correctness/kernel_match_rewrite.py"", ""/home/arjaiswal/Polygeist/issues/aten_c_kernels/results/aten_fill_diagonal_cpu/debuf.mlir"", ""--dry-run"", ""--matcher-mode"", ""egglog"", ""--telemetry-json"", ""/home/arjaiswal/Polygeist/issues/equality_saturation_eval/campaign_20260908/aten-aten_fill_diagonal_cpu-egglog-jzolmzwj.json"", ""--disable-semantic-fallback""]","== match report for /home/arjaiswal/Polygeist/issues/aten_c_kernels/results/aten_fill_diagonal_cpu/debuf.mlir ==
  no_match       body#0  ?
  total: 0 matched / 1 bodies
",0,[],0,0,0,0,/home/arjaiswal/Polygeist/issues/aten_c_kernels/results/aten_fill_diagonal_cpu/debuf.mlir,1959,8,1,0,867.8764514625072,1,64712,0.0,0,0,0,0,[],0,0,0,0.0,4
aten,aten_fill_diagonal_cpu,/home/arjaiswal/Polygeist/issues/aten_c_kernels/results/aten_fill_diagonal_cpu/debuf.mlir,4862fb98f15c2f1eeee69546df28b5ec2ac75945ab99f597a83eb8a4a900ccb8,syntactic,1,ok,0,2462.4925144016743,0,"[""/usr/bin/python3"", ""/home/arjaiswal/Polygeist/scripts/correctness/kernel_match_rewrite.py"", ""/home/arjaiswal/Polygeist/issues/aten_c_kernels/results/aten_fill_diagonal_cpu/debuf.mlir"", ""--dry-run"", ""--matcher-mode"", ""syntactic"", ""--telemetry-json"", ""/home/arjaiswal/Polygeist/issues/equality_saturation_eval/campaign_20260908/aten-aten_fill_diagonal_cpu-syntactic-8r5ll60y.json"", ""--disable-semantic-fallback""]","== match report for /home/arjaiswal/Polygeist/issues/aten_c_kernels/results/aten_fill_diagonal_cpu/debuf.mlir ==
  no_match       body#0  ?
  total: 0 matched / 1 bodies
",0,[],0,0,0,0,/home/arjaiswal/Polygeist/issues/aten_c_kernels/results/aten_fill_diagonal_cpu/debuf.mlir,1959,0,1,0,940.0659203529358,1,64784,0.02070888876914978,0,0,0,0,[],0,0,4,0.0,4
aten,aten_fill_diagonal_cpu,/home/arjaiswal/Polygeist/issues/aten_c_kernels/results/aten_fill_diagonal_cpu/debuf.mlir,4862fb98f15c2f1eeee69546df28b5ec2ac75945ab99f597a83eb8a4a900ccb8,syntactic,2,ok,0,2638.074815273285,0,"[""/usr/bin/python3"", ""/home/arjaiswal/Polygeist/scripts/correctness/kernel_match_rewrite.py"", ""/home/arjaiswal/Polygeist/issues/aten_c_kernels/results/aten_fill_diagonal_cpu/debuf.mlir"", ""--dry-run"", ""--matcher-mode"", ""syntactic"", ""--telemetry-json"", ""/home/arjaiswal/Polygeist/issues/equality_saturation_eval/campaign_20260908/aten-aten_fill_diagonal_cpu-syntactic-xb6t3l_a.json"", ""--disable-semantic-fallback""]","== match report for /home/arjaiswal/Polygeist/issues/aten_c_kernels/results/aten_fill_diagonal_cpu/debuf.mlir ==
  no_match       body#0  ?
  total: 0 matched / 1 bodies
",0,[],0,0,0,0,/home/arjaiswal/Polygeist/issues/aten_c_kernels/results/aten_fill_diagonal_cpu/debuf.mlir,1959,0,1,0,1002.9561445116997,1,64624,0.01934915781021118,0,0,0,0,[],0,0,4,0.0,4
aten,aten_fill_diagonal_cpu,/home/arjaiswal/Polygeist/issues/aten_c_kernels/results/aten_fill_diagonal_cpu/debuf.mlir,4862fb98f15c2f1eeee69546df28b5ec2ac75945ab99f597a83eb8a4a900ccb8,egglog,2,ok,0,2627.067659050226,0,"[""/usr/bin/python3"", ""/home/arjaiswal/Polygeist/scripts/correctness/kernel_match_rewrite.py"", ""/home/arjaiswal/Polygeist/issues/aten_c_kernels/results/aten_fill_diagonal_cpu/debuf.mlir"", ""--dry-run"", ""--matcher-mode"", ""egglog"", ""--telemetry-json"", ""/home/arjaiswal/Polygeist/issues/equality_saturation_eval/campaign_20260908/aten-aten_fill_diagonal_cpu-egglog-j74uc_w4.json"", ""--disable-semantic-fallback""]","== match report for /home/arjaiswal/Polygeist/issues/aten_c_kernels/results/aten_fill_diagonal_cpu/debuf.mlir ==
  no_match       body#0  ?
  total: 0 matched / 1 bodies
",0,[],0,0,0,0,/home/arjaiswal/Polygeist/issues/aten_c_kernels/results/aten_fill_diagonal_cpu/debuf.mlir,1959,8,1,0,1020.7644961774349,1,64944,0.0,0,0,0,0,[],0,0,0,0.0,4
aten,aten_fill_diagonal_cpu,/home/arjaiswal/Polygeist/issues/aten_c_kernels/results/aten_fill_diagonal_cpu/debuf.mlir,4862fb98f15c2f1eeee69546df28b5ec2ac75945ab99f597a83eb8a4a900ccb8,egglog,3,ok,0,2647.2269520163536,0,"[""/usr/bin/python3"", ""/home/arjaiswal/Polygeist/scripts/correctness/kernel_match_rewrite.py"", ""/home/arjaiswal/Polygeist/issues/aten_c_kernels/results/aten_fill_diagonal_cpu/debuf.mlir"", ""--dry-run"", ""--matcher-mode"", ""egglog"", ""--telemetry-json"", ""/home/arjaiswal/Polygeist/issues/equality_saturation_eval/campaign_20260908/aten-aten_fill_diagonal_cpu-egglog-vv4roi4z.json"", ""--disable-semantic-fallback""]","== match report for /home/arjaiswal/Polygeist/issues/aten_c_kernels/results/aten_fill_diagonal_cpu/debuf.mlir ==
  no_match       body#0  ?
  total: 0 matched / 1 bodies
",0,[],0,0,0,0,/home/arjaiswal/Polygeist/issues/aten_c_kernels/results/aten_fill_diagonal_cpu/debuf.mlir,1959,8,1,0,1042.1542935073376,1,64492,0.0,0,0,0,0,[],0,0,0,0.0,4
aten,aten_fill_diagonal_cpu,/home/arjaiswal/Polygeist/issues/aten_c_kernels/results/aten_fill_diagonal_cpu/debuf.mlir,4862fb98f15c2f1eeee69546df28b5ec2ac75945ab99f597a83eb8a4a900ccb8,syntactic,3,ok,0,2563.307411968708,0,"[""/usr/bin/python3"", ""/home/arjaiswal/Polygeist/scripts/correctness/kernel_match_rewrite.py"", ""/home/arjaiswal/Polygeist/issues/aten_c_kernels/results/aten_fill_diagonal_cpu/debuf.mlir"", ""--dry-run"", ""--matcher-mode"", ""syntactic"", ""--telemetry-json"", ""/home/arjaiswal/Polygeist/issues/equality_saturation_eval/campaign_20260908/aten-aten_fill_diagonal_cpu-syntactic-vzpfrrsh.json"", ""--disable-semantic-fallback""]","== match report for /home/arjaiswal/Polygeist/issues/aten_c_kernels/results/aten_fill_diagonal_cpu/debuf.mlir ==
  no_match       body#0  ?
  total: 0 matched / 1 bodies
",0,[],0,0,0,0,/home/arjaiswal/Polygeist/issues/aten_c_kernels/results/aten_fill_diagonal_cpu/debuf.mlir,1959,0,1,0,1024.387575685978,1,64940,0.018991529941558838,0,0,0,0,[],0,0,4,0.0,4
aten,aten_fill_diagonal_cpu,/home/arjaiswal/Polygeist/issues/aten_c_kernels/results/aten_fill_diagonal_cpu/debuf.mlir,4862fb98f15c2f1eeee69546df28b5ec2ac75945ab99f597a83eb8a4a900ccb8,syntactic,4,ok,0,2479.6700663864613,0,"[""/usr/bin/python3"", ""/home/arjaiswal/Polygeist/scripts/correctness/kernel_match_rewrite.py"", ""/home/arjaiswal/Polygeist/issues/aten_c_kernels/results/aten_fill_diagonal_cpu/debuf.mlir"", ""--dry-run"", ""--matcher-mode"", ""syntactic"", ""--telemetry-json"", ""/home/arjaiswal/Polygeist/issues/equality_saturation_eval/campaign_20260908/aten-aten_fill_diagonal_cpu-syntactic-r0skd6r7.json"", ""--disable-semantic-fallback""]","== match report for /home/arjaiswal/Polygeist/issues/aten_c_kernels/results/aten_fill_diagonal_cpu/debuf.mlir ==
  no_match       body#0  ?
  total: 0 matched / 1 bodies
",0,[],0,0,0,0,/home/arjaiswal/Polygeist/issues/aten_c_kernels/results/aten_fill_diagonal_cpu/debuf.mlir,1959,0,1,0,1037.599716335535,1,64784,0.020351260900497437,0,0,0,0,[],0,0,4,0.0,4
aten,aten_fill_diagonal_cpu,/home/arjaiswal/Polygeist/issues/aten_c_kernels/results/aten_fill_diagonal_cpu/debuf.mlir,4862fb98f15c2f1eeee69546df28b5ec2ac75945ab99f597a83eb8a4a900ccb8,egglog,4,ok,0,1266.7117044329643,0,"[""/usr/bin/python3"", ""/home/arjaiswal/Polygeist/scripts/correctness/kernel_match_rewrite.py"", ""/home/arjaiswal/Polygeist/issues/aten_c_kernels/results/aten_fill_diagonal_cpu/debuf.mlir"", ""--dry-run"", ""--matcher-mode"", ""egglog"", ""--telemetry-json"", ""/home/arjaiswal/Polygeist/issues/equality_saturation_eval/campaign_20260908/aten-aten_fill_diagonal_cpu-egglog-jtacpywf.json"", ""--disable-semantic-fallback""]","== match report for /home/arjaiswal/Polygeist/issues/aten_c_kernels/results/aten_fill_diagonal_cpu/debuf.mlir ==
  no_match       body#0  ?
  total: 0 matched / 1 bodies
",0,[],0,0,0,0,/home/arjaiswal/Polygeist/issues/aten_c_kernels/results/aten_fill_diagonal_cpu/debuf.mlir,1959,8,1,0,359.6448376774788,1,64528,0.0,0,0,0,0,[],0,0,0,0.0,4
aten,aten_fill_diagonal_cpu,/home/arjaiswal/Polygeist/issues/aten_c_kernels/results/aten_fill_diagonal_cpu/debuf.mlir,4862fb98f15c2f1eeee69546df28b5ec2ac75945ab99f597a83eb8a4a900ccb8,egglog,5,ok,0,1634.8748579621315,0,"[""/usr/bin/python3"", ""/home/arjaiswal/Polygeist/scripts/correctness/kernel_match_rewrite.py"", ""/home/arjaiswal/Polygeist/issues/aten_c_kernels/results/aten_fill_diagonal_cpu/debuf.mlir"", ""--dry-run"", ""--matcher-mode"", ""egglog"", ""--telemetry-json"", ""/home/arjaiswal/Polygeist/issues/equality_saturation_eval/campaign_20260908/aten-aten_fill_diagonal_cpu-egglog-wuijav72.json"", ""--disable-semantic-fallback""]","== match report for /home/arjaiswal/Polygeist/issues/aten_c_kernels/results/aten_fill_diagonal_cpu/debuf.mlir ==
  no_match       body#0  ?
  total: 0 matched / 1 bodies
",0,[],0,0,0,0,/home/arjaiswal/Polygeist/issues/aten_c_kernels/results/aten_fill_diagonal_cpu/debuf.mlir,1959,8,1,0,642.6197364926338,1,64996,0.0,0,0,0,0,[],0,0,0,0.0,4
aten,aten_fill_diagonal_cpu,/home/arjaiswal/Polygeist/issues/aten_c_kernels/results/aten_fill_diagonal_cpu/debuf.mlir,4862fb98f15c2f1eeee69546df28b5ec2ac75945ab99f597a83eb8a4a900ccb8,syntactic,5,ok,0,1903.837539255619,0,"[""/usr/bin/python3"", ""/home/arjaiswal/Polygeist/scripts/correctness/kernel_match_rewrite.py"", ""/home/arjaiswal/Polygeist/issues/aten_c_kernels/results/aten_fill_diagonal_cpu/debuf.mlir"", ""--dry-run"", ""--matcher-mode"", ""syntactic"", ""--telemetry-json"", ""/home/arjaiswal/Polygeist/issues/equality_saturation_eval/campaign_20260908/aten-aten_fill_diagonal_cpu-syntactic-6ljymn35.json"", ""--disable-semantic-fallback""]","== match report for /home/arjaiswal/Polygeist/issues/aten_c_kernels/results/aten_fill_diagonal_cpu/debuf.mlir ==
  no_match       body#0  ?
  total: 0 matched / 1 bodies
",0,[],0,0,0,0,/home/arjaiswal/Polygeist/issues/aten_c_kernels/results/aten_fill_diagonal_cpu/debuf.mlir,1959,0,1,0,745.1763786375523,1,64720,0.02300739288330078,0,0,0,0,[],0,0,4,0.0,4
aten,aten_flash_attention_backward_cpu,/home/arjaiswal/Polygeist/issues/aten_c_kernels/results/aten_flash_attention_backward_cpu/debuf.mlir,16aae1f9c1a379be381f4ab467a755c4ae9989d7fdaa8c01b02a52049ced71ae,syntactic,1,ok,0,1245.3411556780338,0,"[""/usr/bin/python3"", ""/home/arjaiswal/Polygeist/scripts/correctness/kernel_match_rewrite.py"", ""/home/arjaiswal/Polygeist/issues/aten_c_kernels/results/aten_flash_attention_backward_cpu/debuf.mlir"", ""--dry-run"", ""--matcher-mode"", ""syntactic"", ""--telemetry-json"", ""/home/arjaiswal/Polygeist/issues/equality_saturation_eval/campaign_20260908/aten-aten_flash_attention_backward_cpu-syntactic-mt3z94tw.json"", ""--disable-semantic-fallback""]","== match report for /home/arjaiswal/Polygeist/issues/aten_c_kernels/results/aten_flash_attention_backward_cpu/debuf.mlir ==
  profitability_reject body#[0]  cublasSdot_memref[iterations=32,minimum=256]
  no_match       body#1  ?
  no_match       body#2  ?
  no_match       body#3  ?
  no_match       body#4  ?
  total: 0 matched / 5 bodies
",0,[],0,0,0,0,/home/arjaiswal/Polygeist/issues/aten_c_kernels/results/aten_flash_attention_backward_cpu/debuf.mlir,8777,0,5,0,327.70583406090736,4,65012,0.023584812879562378,0,2,0,0,[],0,0,2,0.0,2
aten,aten_flash_attention_backward_cpu,/home/arjaiswal/Polygeist/issues/aten_c_kernels/results/aten_flash_attention_backward_cpu/debuf.mlir,16aae1f9c1a379be381f4ab467a755c4ae9989d7fdaa8c01b02a52049ced71ae,egglog,1,ok,0,844.5551246404648,0,"[""/usr/bin/python3"", ""/home/arjaiswal/Polygeist/scripts/correctness/kernel_match_rewrite.py"", ""/home/arjaiswal/Polygeist/issues/aten_c_kernels/results/aten_flash_attention_backward_cpu/debuf.mlir"", ""--dry-run"", ""--matcher-mode"", ""egglog"", ""--telemetry-json"", ""/home/arjaiswal/Polygeist/issues/equality_saturation_eval/campaign_20260908/aten-aten_flash_attention_backward_cpu-egglog-4etidj4m.json"", ""--disable-semantic-fallback""]","== match report for /home/arjaiswal/Polygeist/issues/aten_c_kernels/results/aten_flash_attention_backward_cpu/debuf.mlir ==
  profitability_reject body#[0]  cublasSdot_memref[iterations=32,minimum=256]
  no_match       body#1  ?
  no_match       body#2  ?
  no_match       body#3  ?
  no_match       body#4  ?
  total: 0 matched / 5 bodies
",0,[],0,0,0,0,/home/arjaiswal/Polygeist/issues/aten_c_kernels/results/aten_flash_attention_backward_cpu/debuf.mlir,8777,8,5,0,370.67411094903946,4,69704,22.976066917181015,2,2,0,8,[],0,0,0,0.0,2
aten,aten_flash_attention_backward_cpu,/home/arjaiswal/Polygeist/issues/aten_c_kernels/results/aten_flash_attention_backward_cpu/debuf.mlir,16aae1f9c1a379be381f4ab467a755c4ae9989d7fdaa8c01b02a52049ced71ae,egglog,2,ok,0,1069.0537057816982,0,"[""/usr/bin/python3"", ""/home/arjaiswal/Polygeist/scripts/correctness/kernel_match_rewrite.py"", ""/home/arjaiswal/Polygeist/issues/aten_c_kernels/results/aten_flash_attention_backward_cpu/debuf.mlir"", ""--dry-run"", ""--matcher-mode"", ""egglog"", ""--telemetry-json"", ""/home/arjaiswal/Polygeist/issues/equality_saturation_eval/campaign_20260908/aten-aten_flash_attention_backward_cpu-egglog-hc35nij7.json"", ""--disable-semantic-fallback""]","== match report for /home/arjaiswal/Polygeist/issues/aten_c_kernels/results/aten_flash_attention_backward_cpu/debuf.mlir ==
  profitability_reject body#[0]  cublasSdot_memref[iterations=32,minimum=256]
  no_match       body#1  ?
  no_match       body#2  ?
  no_match       body#3  ?
  no_match       body#4  ?
  total: 0 matched / 5 bodies
",0,[],0,0,0,0,/home/arjaiswal/Polygeist/issues/aten_c_kernels/results/aten_flash_attention_backward_cpu/debuf.mlir,8777,8,5,0,418.6960645020008,4,69704,56.040532886981964,2,2,0,8,[],0,0,0,0.0,2
aten,aten_flash_attention_backward_cpu,/home/arjaiswal/Polygeist/issues/aten_c_kernels/results/aten_flash_attention_backward_cpu/debuf.mlir,16aae1f9c1a379be381f4ab467a755c4ae9989d7fdaa8c01b02a52049ced71ae,syntactic,2,ok,0,1868.1691512465477,0,"[""/usr/bin/python3"", ""/home/arjaiswal/Polygeist/scripts/correctness/kernel_match_rewrite.py"", ""/home/arjaiswal/Polygeist/issues/aten_c_kernels/results/aten_flash_attention_backward_cpu/debuf.mlir"", ""--dry-run"", ""--matcher-mode"", ""syntactic"", ""--telemetry-json"", ""/home/arjaiswal/Polygeist/issues/equality_saturation_eval/campaign_20260908/aten-aten_flash_attention_backward_cpu-syntactic-dmthfb2d.json"", ""--disable-semantic-fallback""]","== match report for /home/arjaiswal/Polygeist/issues/aten_c_kernels/results/aten_flash_attention_backward_cpu/debuf.mlir ==
  profitability_reject body#[0]  cublasSdot_memref[iterations=32,minimum=256]
  no_match       body#1  ?
  no_match       body#2  ?
  no_match       body#3  ?
  no_match       body#4  ?
  total: 0 matched / 5 bodies
",0,[],0,0,0,0,/home/arjaiswal/Polygeist/issues/aten_c_kernels/results/aten_flash_attention_backward_cpu/debuf.mlir,8777,0,5,0,739.3933087587357,4,64908,0.023242086172103882,0,2,0,0,[],0,0,2,0.0,2
aten,aten_flash_attention_backward_cpu,/home/arjaiswal/Polygeist/issues/aten_c_kernels/results/aten_flash_attention_backward_cpu/debuf.mlir,16aae1f9c1a379be381f4ab467a755c4ae9989d7fdaa8c01b02a52049ced71ae,syntactic,3,ok,0,1820.6428587436676,0,"[""/usr/bin/python3"", ""/home/arjaiswal/Polygeist/scripts/correctness/kernel_match_rewrite.py"", ""/home/arjaiswal/Polygeist/issues/aten_c_kernels/results/aten_flash_attention_backward_cpu/debuf.mlir"", ""--dry-run"", ""--matcher-mode"", ""syntactic"", ""--telemetry-json"", ""/home/arjaiswal/Polygeist/issues/equality_saturation_eval/campaign_20260908/aten-aten_flash_attention_backward_cpu-syntactic-53qa74dr.json"", ""--disable-semantic-fallback""]","== match report for /home/arjaiswal/Polygeist/issues/aten_c_kernels/results/aten_flash_attention_backward_cpu/debuf.mlir ==
  profitability_reject body#[0]  cublasSdot_memref[iterations=32,minimum=256]
  no_match       body#1  ?
  no_match       body#2  ?
  no_match       body#3  ?
  no_match       body#4  ?
  total: 0 matched / 5 bodies
",0,[],0,0,0,0,/home/arjaiswal/Polygeist/issues/aten_c_kernels/results/aten_flash_attention_backward_cpu/debuf.mlir,8777,0,5,0,788.2169373333454,4,65876,0.023368746042251587,0,2,0,0,[],0,0,2,0.0,2
aten,aten_flash_attention_backward_cpu,/home/arjaiswal/Polygeist/issues/aten_c_kernels/results/aten_flash_attention_backward_cpu/debuf.mlir,16aae1f9c1a379be381f4ab467a755c4ae9989d7fdaa8c01b02a52049ced71ae,egglog,3,ok,0,2149.037715047598,0,"[""/usr/bin/python3"", ""/home/arjaiswal/Polygeist/scripts/correctness/kernel_match_rewrite.py"", ""/home/arjaiswal/Polygeist/issues/aten_c_kernels/results/aten_flash_attention_backward_cpu/debuf.mlir"", ""--dry-run"", ""--matcher-mode"", ""egglog"", ""--telemetry-json"", ""/home/arjaiswal/Polygeist/issues/equality_saturation_eval/campaign_20260908/aten-aten_flash_attention_backward_cpu-egglog-1v98ocjk.json"", ""--disable-semantic-fallback""]","== match report for /home/arjaiswal/Polygeist/issues/aten_c_kernels/results/aten_flash_attention_backward_cpu/debuf.mlir ==
  profitability_reject body#[0]  cublasSdot_memref[iterations=32,minimum=256]
  no_match       body#1  ?
  no_match       body#2  ?
  no_match       body#3  ?
  no_match       body#4  ?
  total: 0 matched / 5 bodies
",0,[],0,0,0,0,/home/arjaiswal/Polygeist/issues/aten_c_kernels/results/aten_flash_attention_backward_cpu/debuf.mlir,8777,8,5,0,1152.7651399374008,4,69832,24.69681203365326,2,2,0,8,[],0,0,0,0.0,2
aten,aten_flash_attention_backward_cpu,/home/arjaiswal/Polygeist/issues/aten_c_kernels/results/aten_flash_attention_backward_cpu/debuf.mlir,16aae1f9c1a379be381f4ab467a755c4ae9989d7fdaa8c01b02a52049ced71ae,egglog,4,ok,0,924.3903383612633,0,"[""/usr/bin/python3"", ""/home/arjaiswal/Polygeist/scripts/correctness/kernel_match_rewrite.py"", ""/home/arjaiswal/Polygeist/issues/aten_c_kernels/results/aten_flash_attention_backward_cpu/debuf.mlir"", ""--dry-run"", ""--matcher-mode"", ""egglog"", ""--telemetry-json"", ""/home/arjaiswal/Polygeist/issues/equality_saturation_eval/campaign_20260908/aten-aten_flash_attention_backward_cpu-egglog-rb9fpw8b.json"", ""--disable-semantic-fallback""]","== match report for /home/arjaiswal/Polygeist/issues/aten_c_kernels/results/aten_flash_attention_backward_cpu/debuf.mlir ==
  profitability_reject body#[0]  cublasSdot_memref[iterations=32,minimum=256]
  no_match       body#1  ?
  no_match       body#2  ?
  no_match       body#3  ?
  no_match       body#4  ?
  total: 0 matched / 5 bodies
",0,[],0,0,0,0,/home/arjaiswal/Polygeist/issues/aten_c_kernels/results/aten_flash_attention_backward_cpu/debuf.mlir,8777,8,5,0,365.10706692934036,4,69824,22.614430636167526,2,2,0,8,[],0,0,0,0.0,2
aten,aten_flash_attention_backward_cpu,/home/arjaiswal/Polygeist/issues/aten_c_kernels/results/aten_flash_attention_backward_cpu/debuf.mlir,16aae1f9c1a379be381f4ab467a755c4ae9989d7fdaa8c01b02a52049ced71ae,syntactic,4,ok,0,880.8468580245972,0,"[""/usr/bin/python3"", ""/home/arjaiswal/Polygeist/scripts/correctness/kernel_match_rewrite.py"", ""/home/arjaiswal/Polygeist/issues/aten_c_kernels/results/aten_flash_attention_backward_cpu/debuf.mlir"", ""--dry-run"", ""--matcher-mode"", ""syntactic"", ""--telemetry-json"", ""/home/arjaiswal/Polygeist/issues/equality_saturation_eval/campaign_20260908/aten-aten_flash_attention_backward_cpu-syntactic-t2aac6zs.json"", ""--disable-semantic-fallback""]","== match report for /home/arjaiswal/Polygeist/issues/aten_c_kernels/results/aten_flash_attention_backward_cpu/debuf.mlir ==
  profitability_reject body#[0]  cublasSdot_memref[iterations=32,minimum=256]
  no_match       body#1  ?
  no_match       body#2  ?
  no_match       body#3  ?
  no_match       body#4  ?
  total: 0 matched / 5 bodies
",0,[],0,0,0,0,/home/arjaiswal/Polygeist/issues/aten_c_kernels/results/aten_flash_attention_backward_cpu/debuf.mlir,8777,0,5,0,338.62727507948875,4,64944,0.023934990167617798,0,2,0,0,[],0,0,2,0.0,2
aten,aten_flash_attention_backward_cpu,/home/arjaiswal/Polygeist/issues/aten_c_kernels/results/aten_flash_attention_backward_cpu/debuf.mlir,16aae1f9c1a379be381f4ab467a755c4ae9989d7fdaa8c01b02a52049ced71ae,syntactic,5,ok,0,1689.1727522015572,0,"[""/usr/bin/python3"", ""/home/arjaiswal/Polygeist/scripts/correctness/kernel_match_rewrite.py"", ""/home/arjaiswal/Polygeist/issues/aten_c_kernels/results/aten_flash_attention_backward_cpu/debuf.mlir"", ""--dry-run"", ""--matcher-mode"", ""syntactic"", ""--telemetry-json"", ""/home/arjaiswal/Polygeist/issues/equality_saturation_eval/campaign_20260908/aten-aten_flash_attention_backward_cpu-syntactic-_o4krn3u.json"", ""--disable-semantic-fallback""]","== match report for /home/arjaiswal/Polygeist/issues/aten_c_kernels/results/aten_flash_attention_backward_cpu/debuf.mlir ==
  profitability_reject body#[0]  cublasSdot_memref[iterations=32,minimum=256]
  no_match       body#1  ?
  no_match       body#2  ?
  no_match       body#3  ?
  no_match       body#4  ?
  total: 0 matched / 5 bodies
",0,[],0,0,0,0,/home/arjaiswal/Polygeist/issues/aten_c_kernels/results/aten_flash_attention_backward_cpu/debuf.mlir,8777,0,5,0,721.7654623091221,4,65072,0.023089349269866943,0,2,0,0,[],0,0,2,0.0,2
aten,aten_flash_attention_backward_cpu,/home/arjaiswal/Polygeist/issues/aten_c_kernels/results/aten_flash_attention_backward_cpu/debuf.mlir,16aae1f9c1a379be381f4ab467a755c4ae9989d7fdaa8c01b02a52049ced71ae,egglog,5,ok,0,2510.666899383068,0,"[""/usr/bin/python3"", ""/home/arjaiswal/Polygeist/scripts/correctness/kernel_match_rewrite.py"", ""/home/arjaiswal/Polygeist/issues/aten_c_kernels/results/aten_flash_attention_backward_cpu/debuf.mlir"", ""--dry-run"", ""--matcher-mode"", ""egglog"", ""--telemetry-json"", ""/home/arjaiswal/Polygeist/issues/equality_saturation_eval/campaign_20260908/aten-aten_flash_attention_backward_cpu-egglog-ilavsyac.json"", ""--disable-semantic-fallback""]","== match report for /home/arjaiswal/Polygeist/issues/aten_c_kernels/results/aten_flash_attention_backward_cpu/debuf.mlir ==
  profitability_reject body#[0]  cublasSdot_memref[iterations=32,minimum=256]
  no_match       body#1  ?
  no_match       body#2  ?
  no_match       body#3  ?
  no_match       body#4  ?
  total: 0 matched / 5 bodies
",0,[],0,0,0,0,/home/arjaiswal/Polygeist/issues/aten_c_kernels/results/aten_flash_attention_backward_cpu/debuf.mlir,8777,8,5,0,1052.56849527359,4,69584,49.696747213602066,2,2,0,8,[],0,0,0,0.0,2
aten,aten_flash_attention_cpu,/home/arjaiswal/Polygeist/issues/aten_c_kernels/results/aten_flash_attention_cpu/debuf.mlir,949e2d444a79550c523ff753348784ae1d9e1fe3cd0ae64578e2e9ee54577e2f,egglog,1,ok,0,3443.714663386345,0,"[""/usr/bin/python3"", ""/home/arjaiswal/Polygeist/scripts/correctness/kernel_match_rewrite.py"", ""/home/arjaiswal/Polygeist/issues/aten_c_kernels/results/aten_flash_attention_cpu/debuf.mlir"", ""--dry-run"", ""--matcher-mode"", ""egglog"", ""--telemetry-json"", ""/home/arjaiswal/Polygeist/issues/equality_saturation_eval/campaign_20260908/aten-aten_flash_attention_cpu-egglog-mxq54e0s.json"", ""--disable-semantic-fallback""]","== match report for /home/arjaiswal/Polygeist/issues/aten_c_kernels/results/aten_flash_attention_cpu/debuf.mlir ==
  match          body#[0]  cublasSdot
  no_match       body#1  ?
  match          body#[2]  memset_zero_1D_f32
  no_match       body#3  ?
  total: 2 matched / 4 bodies
",0,[],0,0,0,0,/home/arjaiswal/Polygeist/issues/aten_c_kernels/results/aten_flash_attention_cpu/debuf.mlir,7683,8,4,2,2041.4577908813953,2,70088,528.2914899289608,22,22,0,8,"[{""body_indices"": [0], ""symbol"": ""cublasSdot""}, {""body_indices"": [2], ""symbol"": ""memset_zero_1D_f32""}]",2,0,0,0.0,40
aten,aten_flash_attention_cpu,/home/arjaiswal/Polygeist/issues/aten_c_kernels/results/aten_flash_attention_cpu/debuf.mlir,949e2d444a79550c523ff753348784ae1d9e1fe3cd0ae64578e2e9ee54577e2f,syntactic,1,ok,0,1954.386856406927,0,"[""/usr/bin/python3"", ""/home/arjaiswal/Polygeist/scripts/correctness/kernel_match_rewrite.py"", ""/home/arjaiswal/Polygeist/issues/aten_c_kernels/results/aten_flash_attention_cpu/debuf.mlir"", ""--dry-run"", ""--matcher-mode"", ""syntactic"", ""--telemetry-json"", ""/home/arjaiswal/Polygeist/issues/equality_saturation_eval/campaign_20260908/aten-aten_flash_attention_cpu-syntactic-zqx0ye7z.json"", ""--disable-semantic-fallback""]","== match report for /home/arjaiswal/Polygeist/issues/aten_c_kernels/results/aten_flash_attention_cpu/debuf.mlir ==
  match          body#[0]  cublasSdot
  no_match       body#1  ?
  match          body#[2]  memset_zero_1D_f32
  no_match       body#3  ?
  total: 2 matched / 4 bodies
",0,[],0,0,0,0,/home/arjaiswal/Polygeist/issues/aten_c_kernels/results/aten_flash_attention_cpu/debuf.mlir,7683,0,4,2,906.7408107221127,2,66132,0.2558380365371704,0,22,0,0,"[{""body_indices"": [0], ""symbol"": ""cublasSdot""}, {""body_indices"": [2], ""symbol"": ""memset_zero_1D_f32""}]",2,0,40,0.0,40
aten,aten_flash_attention_cpu,/home/arjaiswal/Polygeist/issues/aten_c_kernels/results/aten_flash_attention_cpu/debuf.mlir,949e2d444a79550c523ff753348784ae1d9e1fe3cd0ae64578e2e9ee54577e2f,syntactic,2,ok,0,1546.3942028582096,0,"[""/usr/bin/python3"", ""/home/arjaiswal/Polygeist/scripts/correctness/kernel_match_rewrite.py"", ""/home/arjaiswal/Polygeist/issues/aten_c_kernels/results/aten_flash_attention_cpu/debuf.mlir"", ""--dry-run"", ""--matcher-mode"", ""syntactic"", ""--telemetry-json"", ""/home/arjaiswal/Polygeist/issues/equality_saturation_eval/campaign_20260908/aten-aten_flash_attention_cpu-syntactic-0u7aecq1.json"", ""--disable-semantic-fallback""]","== match report for /home/arjaiswal/Polygeist/issues/aten_c_kernels/results/aten_flash_attention_cpu/debuf.mlir ==
  match          body#[0]  cublasSdot
  no_match       body#1  ?
  match          body#[2]  memset_zero_1D_f32
  no_match       body#3  ?
  total: 2 matched / 4 bodies
",0,[],0,0,0,0,/home/arjaiswal/Polygeist/issues/aten_c_kernels/results/aten_flash_attention_cpu/debuf.mlir,7683,0,4,2,580.391637980938,2,65860,0.2241171896457672,0,22,0,0,"[{""body_indices"": [0], ""symbol"": ""cublasSdot""}, {""body_indices"": [2], ""symbol"": ""memset_zero_1D_f32""}]",2,0,40,0.0,40
aten,aten_flash_attention_cpu,/home/arjaiswal/Polygeist/issues/aten_c_kernels/results/aten_flash_attention_cpu/debuf.mlir,949e2d444a79550c523ff753348784ae1d9e1fe3cd0ae64578e2e9ee54577e2f,egglog,2,ok,0,2266.0378254950047,0,"[""/usr/bin/python3"", ""/home/arjaiswal/Polygeist/scripts/correctness/kernel_match_rewrite.py"", ""/home/arjaiswal/Polygeist/issues/aten_c_kernels/results/aten_flash_attention_cpu/debuf.mlir"", ""--dry-run"", ""--matcher-mode"", ""egglog"", ""--telemetry-json"", ""/home/arjaiswal/Polygeist/issues/equality_saturation_eval/campaign_20260908/aten-aten_flash_attention_cpu-egglog-4btzb2di.json"", ""--disable-semantic-fallback""]","== match report for /home/arjaiswal/Polygeist/issues/aten_c_kernels/results/aten_flash_attention_cpu/debuf.mlir ==
  match          body#[0]  cublasSdot
  no_match       body#1  ?
  match          body#[2]  memset_zero_1D_f32
  no_match       body#3  ?
  total: 2 matched / 4 bodies
",0,[],0,0,0,0,/home/arjaiswal/Polygeist/issues/aten_c_kernels/results/aten_flash_attention_cpu/debuf.mlir,7683,8,4,2,1335.928201675415,2,70404,377.7927756309509,22,22,0,8,"[{""body_indices"": [0], ""symbol"": ""cublasSdot""}, {""body_indices"": [2], ""symbol"": ""memset_zero_1D_f32""}]",2,0,0,0.0,40
aten,aten_flash_attention_cpu,/home/arjaiswal/Polygeist/issues/aten_c_kernels/results/aten_flash_attention_cpu/debuf.mlir,949e2d444a79550c523ff753348784ae1d9e1fe3cd0ae64578e2e9ee54577e2f,egglog,3,ok,0,1262.9862278699875,0,"[""/usr/bin/python3"", ""/home/arjaiswal/Polygeist/scripts/correctness/kernel_match_rewrite.py"", ""/home/arjaiswal/Polygeist/issues/aten_c_kernels/results/aten_flash_attention_cpu/debuf.mlir"", ""--dry-run"", ""--matcher-mode"", ""egglog"", ""--telemetry-json"", ""/home/arjaiswal/Polygeist/issues/equality_saturation_eval/campaign_20260908/aten-aten_flash_attention_cpu-egglog-sbouai0t.json"", ""--disable-semantic-fallback""]","== match report for /home/arjaiswal/Polygeist/issues/aten_c_kernels/results/aten_flash_attention_cpu/debuf.mlir ==
  match          body#[0]  cublasSdot
  no_match       body#1  ?
  match          body#[2]  memset_zero_1D_f32
  no_match       body#3  ?
  total: 2 matched / 4 bodies
",0,[],0,0,0,0,/home/arjaiswal/Polygeist/issues/aten_c_kernels/results/aten_flash_attention_cpu/debuf.mlir,7683,8,4,2,712.2747749090195,2,70296,253.05921211838722,22,22,0,8,"[{""body_indices"": [0], ""symbol"": ""cublasSdot""}, {""body_indices"": [2], ""symbol"": ""memset_zero_1D_f32""}]",2,0,0,0.0,40
aten,aten_flash_attention_cpu,/home/arjaiswal/Polygeist/issues/aten_c_kernels/results/aten_flash_attention_cpu/debuf.mlir,949e2d444a79550c523ff753348784ae1d9e1fe3cd0ae64578e2e9ee54577e2f,syntactic,3,ok,0,980.0818748772144,0,"[""/usr/bin/python3"", ""/home/arjaiswal/Polygeist/scripts/correctness/kernel_match_rewrite.py"", ""/home/arjaiswal/Polygeist/issues/aten_c_kernels/results/aten_flash_attention_cpu/debuf.mlir"", ""--dry-run"", ""--matcher-mode"", ""syntactic"", ""--telemetry-json"", ""/home/arjaiswal/Polygeist/issues/equality_saturation_eval/campaign_20260908/aten-aten_flash_attention_cpu-syntactic-jauxok3g.json"", ""--disable-semantic-fallback""]","== match report for /home/arjaiswal/Polygeist/issues/aten_c_kernels/results/aten_flash_attention_cpu/debuf.mlir ==
  match          body#[0]  cublasSdot
  no_match       body#1  ?
  match          body#[2]  memset_zero_1D_f32
  no_match       body#3  ?
  total: 2 matched / 4 bodies
",0,[],0,0,0,0,/home/arjaiswal/Polygeist/issues/aten_c_kernels/results/aten_flash_attention_cpu/debuf.mlir,7683,0,4,2,436.98664382100105,2,66004,0.22647902369499207,0,22,0,0,"[{""body_indices"": [0], ""symbol"": ""cublasSdot""}, {""body_indices"": [2], ""symbol"": ""memset_zero_1D_f32""}]",2,0,40,0.0,40
aten,aten_flash_attention_cpu,/home/arjaiswal/Polygeist/issues/aten_c_kernels/results/aten_flash_attention_cpu/debuf.mlir,949e2d444a79550c523ff753348784ae1d9e1fe3cd0ae64578e2e9ee54577e2f,syntactic,4,ok,0,940.527006983757,0,"[""/usr/bin/python3"", ""/home/arjaiswal/Polygeist/scripts/correctness/kernel_match_rewrite.py"", ""/home/arjaiswal/Polygeist/issues/aten_c_kernels/results/aten_flash_attention_cpu/debuf.mlir"", ""--dry-run"", ""--matcher-mode"", ""syntactic"", ""--telemetry-json"", ""/home/arjaiswal/Polygeist/issues/equality_saturation_eval/campaign_20260908/aten-aten_flash_attention_cpu-syntactic-5e5h0eu2.json"", ""--disable-semantic-fallback""]","== match report for /home/arjaiswal/Polygeist/issues/aten_c_kernels/results/aten_flash_attention_cpu/debuf.mlir ==
  match          body#[0]  cublasSdot
  no_match       body#1  ?
  match          body#[2]  memset_zero_1D_f32
  no_match       body#3  ?
  total: 2 matched / 4 bodies
",0,[],0,0,0,0,/home/arjaiswal/Polygeist/issues/aten_c_kernels/results/aten_flash_attention_cpu/debuf.mlir,7683,0,4,2,453.0407711863518,2,65856,0.23180246353149414,0,22,0,0,"[{""body_indices"": [0], ""symbol"": ""cublasSdot""}, {""body_indices"": [2], ""symbol"": ""memset_zero_1D_f32""}]",2,0,40,0.0,40
aten,aten_flash_attention_cpu,/home/arjaiswal/Polygeist/issues/aten_c_kernels/results/aten_flash_attention_cpu/debuf.mlir,949e2d444a79550c523ff753348784ae1d9e1fe3cd0ae64578e2e9ee54577e2f,egglog,4,ok,0,1300.840500742197,0,"[""/usr/bin/python3"", ""/home/arjaiswal/Polygeist/scripts/correctness/kernel_match_rewrite.py"", ""/home/arjaiswal/Polygeist/issues/aten_c_kernels/results/aten_flash_attention_cpu/debuf.mlir"", ""--dry-run"", ""--matcher-mode"", ""egglog"", ""--telemetry-json"", ""/home/arjaiswal/Polygeist/issues/equality_saturation_eval/campaign_20260908/aten-aten_flash_attention_cpu-egglog-kzj7hrie.json"", ""--disable-semantic-fallback""]","== match report for /home/arjaiswal/Polygeist/issues/aten_c_kernels/results/aten_flash_attention_cpu/debuf.mlir ==
  match          body#[0]  cublasSdot
  no_match       body#1  ?
  match          body#[2]  memset_zero_1D_f32
  no_match       body#3  ?
  total: 2 matched / 4 bodies
",0,[],0,0,0,0,/home/arjaiswal/Polygeist/issues/aten_c_kernels/results/aten_flash_attention_cpu/debuf.mlir,7683,8,4,2,771.0899226367474,2,70332,279.41935509443283,22,22,0,8,"[{""body_indices"": [0], ""symbol"": ""cublasSdot""}, {""body_indices"": [2], ""symbol"": ""memset_zero_1D_f32""}]",2,0,0,0.0,40
aten,aten_flash_attention_cpu,/home/arjaiswal/Polygeist/issues/aten_c_kernels/results/aten_flash_attention_cpu/debuf.mlir,949e2d444a79550c523ff753348784ae1d9e1fe3cd0ae64578e2e9ee54577e2f,egglog,5,ok,0,2497.5708797574043,0,"[""/usr/bin/python3"", ""/home/arjaiswal/Polygeist/scripts/correctness/kernel_match_rewrite.py"", ""/home/arjaiswal/Polygeist/issues/aten_c_kernels/results/aten_flash_attention_cpu/debuf.mlir"", ""--dry-run"", ""--matcher-mode"", ""egglog"", ""--telemetry-json"", ""/home/arjaiswal/Polygeist/issues/equality_saturation_eval/campaign_20260908/aten-aten_flash_attention_cpu-egglog-90xcvor5.json"", ""--disable-semantic-fallback""]","== match report for /home/arjaiswal/Polygeist/issues/aten_c_kernels/results/aten_flash_attention_cpu/debuf.mlir ==
  match          body#[0]  cublasSdot
  no_match       body#1  ?
  match          body#[2]  memset_zero_1D_f32
  no_match       body#3  ?
  total: 2 matched / 4 bodies
",0,[],0,0,0,0,/home/arjaiswal/Polygeist/issues/aten_c_kernels/results/aten_flash_attention_cpu/debuf.mlir,7683,8,4,2,1408.3130732178688,2,70320,542.441014200449,22,22,0,8,"[{""body_indices"": [0], ""symbol"": ""cublasSdot""}, {""body_indices"": [2], ""symbol"": ""memset_zero_1D_f32""}]",2,0,0,0.0,40
aten,aten_flash_attention_cpu,/home/arjaiswal/Polygeist/issues/aten_c_kernels/results/aten_flash_attention_cpu/debuf.mlir,949e2d444a79550c523ff753348784ae1d9e1fe3cd0ae64578e2e9ee54577e2f,syntactic,5,ok,0,1955.853097140789,0,"[""/usr/bin/python3"", ""/home/arjaiswal/Polygeist/scripts/correctness/kernel_match_rewrite.py"", ""/home/arjaiswal/Polygeist/issues/aten_c_kernels/results/aten_flash_attention_cpu/debuf.mlir"", ""--dry-run"", ""--matcher-mode"", ""syntactic"", ""--telemetry-json"", ""/home/arjaiswal/Polygeist/issues/equality_saturation_eval/campaign_20260908/aten-aten_flash_attention_cpu-syntactic-qplbsglx.json"", ""--disable-semantic-fallback""]","== match report for /home/arjaiswal/Polygeist/issues/aten_c_kernels/results/aten_flash_attention_cpu/debuf.mlir ==
  match          body#[0]  cublasSdot
  no_match       body#1  ?
  match          body#[2]  memset_zero_1D_f32
  no_match       body#3  ?
  total: 2 matched / 4 bodies
",0,[],0,0,0,0,/home/arjaiswal/Polygeist/issues/aten_c_kernels/results/aten_flash_attention_cpu/debuf.mlir,7683,0,4,2,961.6109095513821,2,65984,0.2635158598423004,0,22,0,0,"[{""body_indices"": [0], ""symbol"": ""cublasSdot""}, {""body_indices"": [2], ""symbol"": ""memset_zero_1D_f32""}]",2,0,40,0.0,40
aten,aten_flatten_indices_launch_cpu,/home/arjaiswal/Polygeist/issues/aten_c_kernels/results/aten_flatten_indices_launch_cpu/debuf.mlir,f719d3ac20898f678a4393b2fb108f70d51502860707abdd584180277ad0b394,syntactic,1,ok,0,1895.89087292552,0,"[""/usr/bin/python3"", ""/home/arjaiswal/Polygeist/scripts/correctness/kernel_match_rewrite.py"", ""/home/arjaiswal/Polygeist/issues/aten_c_kernels/results/aten_flatten_indices_launch_cpu/debuf.mlir"", ""--dry-run"", ""--matcher-mode"", ""syntactic"", ""--telemetry-json"", ""/home/arjaiswal/Polygeist/issues/equality_saturation_eval/campaign_20260908/aten-aten_flatten_indices_launch_cpu-syntactic-080am8z3.json"", ""--disable-semantic-fallback""]","== match report for /home/arjaiswal/Polygeist/issues/aten_c_kernels/results/aten_flatten_indices_launch_cpu/debuf.mlir ==
  rank_or_dtype_reject body#0  memset_zero_1D
  no_match       body#1  ?
  total: 0 matched / 2 bodies
",0,[],0,0,0,0,/home/arjaiswal/Polygeist/issues/aten_c_kernels/results/aten_flatten_indices_launch_cpu/debuf.mlir,2874,0,2,0,821.0990093648434,1,65696,0.18441304564476013,0,14,0,0,[],0,0,30,0.0,30
aten,aten_flatten_indices_launch_cpu,/home/arjaiswal/Polygeist/issues/aten_c_kernels/results/aten_flatten_indices_launch_cpu/debuf.mlir,f719d3ac20898f678a4393b2fb108f70d51502860707abdd584180277ad0b394,egglog,1,ok,0,2042.991477996111,0,"[""/usr/bin/python3"", ""/home/arjaiswal/Polygeist/scripts/correctness/kernel_match_rewrite.py"", ""/home/arjaiswal/Polygeist/issues/aten_c_kernels/results/aten_flatten_indices_launch_cpu/debuf.mlir"", ""--dry-run"", ""--matcher-mode"", ""egglog"", ""--telemetry-json"", ""/home/arjaiswal/Polygeist/issues/equality_saturation_eval/campaign_20260908/aten-aten_flatten_indices_launch_cpu-egglog-u39syzdd.json"", ""--disable-semantic-fallback""]","== match report for /home/arjaiswal/Polygeist/issues/aten_c_kernels/results/aten_flatten_indices_launch_cpu/debuf.mlir ==
  rank_or_dtype_reject body#0  memset_zero_1D
  no_match       body#1  ?
  total: 0 matched / 2 bodies
",0,[],0,0,0,0,/home/arjaiswal/Polygeist/issues/aten_c_kernels/results/aten_flatten_indices_launch_cpu/debuf.mlir,2874,8,2,0,1130.184955894947,1,69876,312.43161857128143,14,14,0,0,[],0,0,0,0.0,30
aten,aten_flatten_indices_launch_cpu,/home/arjaiswal/Polygeist/issues/aten_c_kernels/results/aten_flatten_indices_launch_cpu/debuf.mlir,f719d3ac20898f678a4393b2fb108f70d51502860707abdd584180277ad0b394,egglog,2,ok,0,2050.21870136261,0,"[""/usr/bin/python3"", ""/home/arjaiswal/Polygeist/scripts/correctness/kernel_match_rewrite.py"", ""/home/arjaiswal/Polygeist/issues/aten_c_kernels/results/aten_flatten_indices_launch_cpu/debuf.mlir"", ""--dry-run"", ""--matcher-mode"", ""egglog"", ""--telemetry-json"", ""/home/arjaiswal/Polygeist/issues/equality_saturation_eval/campaign_20260908/aten-aten_flatten_indices_launch_cpu-egglog-5itfwjof.json"", ""--disable-semantic-fallback""]","== match report for /home/arjaiswal/Polygeist/issues/aten_c_kernels/results/aten_flatten_indices_launch_cpu/debuf.mlir ==
  rank_or_dtype_reject body#0  memset_zero_1D
  no_match       body#1  ?
  total: 0 matched / 2 bodies
",0,[],0,0,0,0,/home/arjaiswal/Polygeist/issues/aten_c_kernels/results/aten_flatten_indices_launch_cpu/debuf.mlir,2874,8,2,0,1137.9378363490105,1,70220,278.91551703214645,14,14,0,0,[],0,0,0,0.0,30
aten,aten_flatten_indices_launch_cpu,/home/arjaiswal/Polygeist/issues/aten_c_kernels/results/aten_flatten_indices_launch_cpu/debuf.mlir,f719d3ac20898f678a4393b2fb108f70d51502860707abdd584180277ad0b394,syntactic,2,ok,0,871.160201728344,0,"[""/usr/bin/python3"", ""/home/arjaiswal/Polygeist/scripts/correctness/kernel_match_rewrite.py"", ""/home/arjaiswal/Polygeist/issues/aten_c_kernels/results/aten_flatten_indices_launch_cpu/debuf.mlir"", ""--dry-run"", ""--matcher-mode"", ""syntactic"", ""--telemetry-json"", ""/home/arjaiswal/Polygeist/issues/equality_saturation_eval/campaign_20260908/aten-aten_flatten_indices_launch_cpu-syntactic-9ruv_mcy.json"", ""--disable-semantic-fallback""]","== match report for /home/arjaiswal/Polygeist/issues/aten_c_kernels/results/aten_flatten_indices_launch_cpu/debuf.mlir ==
  rank_or_dtype_reject body#0  memset_zero_1D
  no_match       body#1  ?
  total: 0 matched / 2 bodies
",0,[],0,0,0,0,/home/arjaiswal/Polygeist/issues/aten_c_kernels/results/aten_flatten_indices_launch_cpu/debuf.mlir,2874,0,2,0,376.8397197127342,1,65812,0.14859065413475037,0,14,0,0,[],0,0,30,0.0,30
aten,aten_flatten_indices_launch_cpu,/home/arjaiswal/Polygeist/issues/aten_c_kernels/results/aten_flatten_indices_launch_cpu/debuf.mlir,f719d3ac20898f678a4393b2fb108f70d51502860707abdd584180277ad0b394,syntactic,3,ok,0,1087.4772258102894,0,"[""/usr/bin/python3"", ""/home/arjaiswal/Polygeist/scripts/correctness/kernel_match_rewrite.py"", ""/home/arjaiswal/Polygeist/issues/aten_c_kernels/results/aten_flatten_indices_launch_cpu/debuf.mlir"", ""--dry-run"", ""--matcher-mode"", ""syntactic"", ""--telemetry-json"", ""/home/arjaiswal/Polygeist/issues/equality_saturation_eval/campaign_20260908/aten-aten_flatten_indices_launch_cpu-syntactic-q_3o6bfu.json"", ""--disable-semantic-fallback""]","== match report for /home/arjaiswal/Polygeist/issues/aten_c_kernels/results/aten_flatten_indices_launch_cpu/debuf.mlir ==
  rank_or_dtype_reject body#0  memset_zero_1D
  no_match       body#1  ?
  total: 0 matched / 2 bodies
",0,[],0,0,0,0,/home/arjaiswal/Polygeist/issues/aten_c_kernels/results/aten_flatten_indices_launch_cpu/debuf.mlir,2874,0,2,0,386.14263385534286,1,65704,0.1697354018688202,0,14,0,0,[],0,0,30,0.0,30
aten,aten_flatten_indices_launch_cpu,/home/arjaiswal/Polygeist/issues/aten_c_kernels/results/aten_flatten_indices_launch_cpu/debuf.mlir,f719d3ac20898f678a4393b2fb108f70d51502860707abdd584180277ad0b394,egglog,3,ok,0,1181.2649071216583,0,"[""/usr/bin/python3"", ""/home/arjaiswal/Polygeist/scripts/correctness/kernel_match_rewrite.py"", ""/home/arjaiswal/Polygeist/issues/aten_c_kernels/results/aten_flatten_indices_launch_cpu/debuf.mlir"", ""--dry-run"", ""--matcher-mode"", ""egglog"", ""--telemetry-json"", ""/home/arjaiswal/Polygeist/issues/equality_saturation_eval/campaign_20260908/aten-aten_flatten_indices_launch_cpu-egglog-2u9e640w.json"", ""--disable-semantic-fallback""]","== match report for /home/arjaiswal/Polygeist/issues/aten_c_kernels/results/aten_flatten_indices_launch_cpu/debuf.mlir ==
  rank_or_dtype_reject body#0  memset_zero_1D
  no_match       body#1  ?
  total: 0 matched / 2 bodies
",0,[],0,0,0,0,/home/arjaiswal/Polygeist/issues/aten_c_kernels/results/aten_flatten_indices_launch_cpu/debuf.mlir,2874,8,2,0,670.9516197443008,1,70104,185.24552881717682,14,14,0,0,[],0,0,0,0.0,30
aten,aten_flatten_indices_launch_cpu,/home/arjaiswal/Polygeist/issues/aten_c_kernels/results/aten_flatten_indices_launch_cpu/debuf.mlir,f719d3ac20898f678a4393b2fb108f70d51502860707abdd584180277ad0b394,egglog,4,ok,0,2434.3054331839085,0,"[""/usr/bin/python3"", ""/home/arjaiswal/Polygeist/scripts/correctness/kernel_match_rewrite.py"", ""/home/arjaiswal/Polygeist/issues/aten_c_kernels/results/aten_flatten_indices_launch_cpu/debuf.mlir"", ""--dry-run"", ""--matcher-mode"", ""egglog"", ""--telemetry-json"", ""/home/arjaiswal/Polygeist/issues/equality_saturation_eval/campaign_20260908/aten-aten_flatten_indices_launch_cpu-egglog-dib0zb_g.json"", ""--disable-semantic-fallback""]","== match report for /home/arjaiswal/Polygeist/issues/aten_c_kernels/results/aten_flatten_indices_launch_cpu/debuf.mlir ==
  rank_or_dtype_reject body#0  memset_zero_1D
  no_match       body#1  ?
  total: 0 matched / 2 bodies
",0,[],0,0,0,0,/home/arjaiswal/Polygeist/issues/aten_c_kernels/results/aten_flatten_indices_launch_cpu/debuf.mlir,2874,8,2,0,1264.389593154192,1,70080,343.3954082429409,14,14,0,0,[],0,0,0,0.0,30
aten,aten_flatten_indices_launch_cpu,/home/arjaiswal/Polygeist/issues/aten_c_kernels/results/aten_flatten_indices_launch_cpu/debuf.mlir,f719d3ac20898f678a4393b2fb108f70d51502860707abdd584180277ad0b394,syntactic,4,ok,0,1775.5731381475925,0,"[""/usr/bin/python3"", ""/home/arjaiswal/Polygeist/scripts/correctness/kernel_match_rewrite.py"", ""/home/arjaiswal/Polygeist/issues/aten_c_kernels/results/aten_flatten_indices_launch_cpu/debuf.mlir"", ""--dry-run"", ""--matcher-mode"", ""syntactic"", ""--telemetry-json"", ""/home/arjaiswal/Polygeist/issues/equality_saturation_eval/campaign_20260908/aten-aten_flatten_indices_launch_cpu-syntactic-d_sj_gbm.json"", ""--disable-semantic-fallback""]","== match report for /home/arjaiswal/Polygeist/issues/aten_c_kernels/results/aten_flatten_indices_launch_cpu/debuf.mlir ==
  rank_or_dtype_reject body#0  memset_zero_1D
  no_match       body#1  ?
  total: 0 matched / 2 bodies
",0,[],0,0,0,0,/home/arjaiswal/Polygeist/issues/aten_c_kernels/results/aten_flatten_indices_launch_cpu/debuf.mlir,2874,0,2,0,790.7276190817356,1,65520,0.2986527979373932,0,14,0,0,[],0,0,30,0.0,30
aten,aten_flatten_indices_launch_cpu,/home/arjaiswal/Polygeist/issues/aten_c_kernels/results/aten_flatten_indices_launch_cpu/debuf.mlir,f719d3ac20898f678a4393b2fb108f70d51502860707abdd584180277ad0b394,syntactic,5,ok,0,2293.4157699346542,0,"[""/usr/bin/python3"", ""/home/arjaiswal/Polygeist/scripts/correctness/kernel_match_rewrite.py"", ""/home/arjaiswal/Polygeist/issues/aten_c_kernels/results/aten_flatten_indices_launch_cpu/debuf.mlir"", ""--dry-run"", ""--matcher-mode"", ""syntactic"", ""--telemetry-json"", ""/home/arjaiswal/Polygeist/issues/equality_saturation_eval/campaign_20260908/aten-aten_flatten_indices_launch_cpu-syntactic-zp6z9j20.json"", ""--disable-semantic-fallback""]","== match report for /home/arjaiswal/Polygeist/issues/aten_c_kernels/results/aten_flatten_indices_launch_cpu/debuf.mlir ==
  rank_or_dtype_reject body#0  memset_zero_1D
  no_match       body#1  ?
  total: 0 matched / 2 bodies
",0,[],0,0,0,0,/home/arjaiswal/Polygeist/issues/aten_c_kernels/results/aten_flatten_indices_launch_cpu/debuf.mlir,2874,0,2,0,1087.5103138387203,1,65432,0.18085911870002747,0,14,0,0,[],0,0,30,0.0,30
aten,aten_flatten_indices_launch_cpu,/home/arjaiswal/Polygeist/issues/aten_c_kernels/results/aten_flatten_indices_launch_cpu/debuf.mlir,f719d3ac20898f678a4393b2fb108f70d51502860707abdd584180277ad0b394,egglog,5,ok,0,2372.1208088099957,0,"[""/usr/bin/python3"", ""/home/arjaiswal/Polygeist/scripts/correctness/kernel_match_rewrite.py"", ""/home/arjaiswal/Polygeist/issues/aten_c_kernels/results/aten_flatten_indices_launch_cpu/debuf.mlir"", ""--dry-run"", ""--matcher-mode"", ""egglog"", ""--telemetry-json"", ""/home/arjaiswal/Polygeist/issues/equality_saturation_eval/campaign_20260908/aten-aten_flatten_indices_launch_cpu-egglog-cvcr709u.json"", ""--disable-semantic-fallback""]","== match report for /home/arjaiswal/Polygeist/issues/aten_c_kernels/results/aten_flatten_indices_launch_cpu/debuf.mlir ==
  rank_or_dtype_reject body#0  memset_zero_1D
  no_match       body#1  ?
  total: 0 matched / 2 bodies
",0,[],0,0,0,0,/home/arjaiswal/Polygeist/issues/aten_c_kernels/results/aten_flatten_indices_launch_cpu/debuf.mlir,2874,8,2,0,1309.957068413496,1,70040,288.97738456726074,14,14,0,0,[],0,0,0,0.0,30
aten,aten_flatten_nd_linear_cpu,/home/arjaiswal/Polygeist/issues/aten_c_kernels/results/aten_flatten_nd_linear_cpu/debuf.mlir,97e29fcd1a0bd5253c7ec05f540e66fb8e238c3ea411f019426862855edc3e23,egglog,1,ok,0,2197.2939521074295,0,"[""/usr/bin/python3"", ""/home/arjaiswal/Polygeist/scripts/correctness/kernel_match_rewrite.py"", ""/home/arjaiswal/Polygeist/issues/aten_c_kernels/results/aten_flatten_nd_linear_cpu/debuf.mlir"", ""--dry-run"", ""--matcher-mode"", ""egglog"", ""--telemetry-json"", ""/home/arjaiswal/Polygeist/issues/equality_saturation_eval/campaign_20260908/aten-aten_flatten_nd_linear_cpu-egglog-fdkzx9fm.json"", ""--disable-semantic-fallback""]","== match report for /home/arjaiswal/Polygeist/issues/aten_c_kernels/results/aten_flatten_nd_linear_cpu/debuf.mlir ==
  match          body#[0, 1]  cublasSgemm_strided_batched_broadcast_rhs
  total: 1 matched / 1 bodies
",0,[],0,0,0,0,/home/arjaiswal/Polygeist/issues/aten_c_kernels/results/aten_flatten_nd_linear_cpu/debuf.mlir,3212,8,2,2,824.1692073643208,0,69708,117.17080697417259,6,6,0,8,"[{""body_indices"": [0, 1], ""symbol"": ""cublasSgemm_strided_batched_broadcast_rhs""}]",1,0,0,0.0,6
aten,aten_flatten_nd_linear_cpu,/home/arjaiswal/Polygeist/issues/aten_c_kernels/results/aten_flatten_nd_linear_cpu/debuf.mlir,97e29fcd1a0bd5253c7ec05f540e66fb8e238c3ea411f019426862855edc3e23,syntactic,1,ok,0,1504.6261809766293,0,"[""/usr/bin/python3"", ""/home/arjaiswal/Polygeist/scripts/correctness/kernel_match_rewrite.py"", ""/home/arjaiswal/Polygeist/issues/aten_c_kernels/results/aten_flatten_nd_linear_cpu/debuf.mlir"", ""--dry-run"", ""--matcher-mode"", ""syntactic"", ""--telemetry-json"", ""/home/arjaiswal/Polygeist/issues/equality_saturation_eval/campaign_20260908/aten-aten_flatten_nd_linear_cpu-syntactic-1zwt0bd4.json"", ""--disable-semantic-fallback""]","== match report for /home/arjaiswal/Polygeist/issues/aten_c_kernels/results/aten_flatten_nd_linear_cpu/debuf.mlir ==
  match          body#[0, 1]  cublasSgemm_strided_batched_broadcast_rhs
  total: 1 matched / 1 bodies
",0,[],0,0,0,0,/home/arjaiswal/Polygeist/issues/aten_c_kernels/results/aten_flatten_nd_linear_cpu/debuf.mlir,3212,0,2,2,585.4344703257084,0,64884,0.04067271947860718,0,6,0,0,"[{""body_indices"": [0, 1], ""symbol"": ""cublasSgemm_strided_batched_broadcast_rhs""}]",1,0,6,0.0,6
aten,aten_flatten_nd_linear_cpu,/home/arjaiswal/Polygeist/issues/aten_c_kernels/results/aten_flatten_nd_linear_cpu/debuf.mlir,97e29fcd1a0bd5253c7ec05f540e66fb8e238c3ea411f019426862855edc3e23,syntactic,2,ok,0,887.0743401348591,0,"[""/usr/bin/python3"", ""/home/arjaiswal/Polygeist/scripts/correctness/kernel_match_rewrite.py"", ""/home/arjaiswal/Polygeist/issues/aten_c_kernels/results/aten_flatten_nd_linear_cpu/debuf.mlir"", ""--dry-run"", ""--matcher-mode"", ""syntactic"", ""--telemetry-json"", ""/home/arjaiswal/Polygeist/issues/equality_saturation_eval/campaign_20260908/aten-aten_flatten_nd_linear_cpu-syntactic-7c41091j.json"", ""--disable-semantic-fallback""]","== match report for /home/arjaiswal/Polygeist/issues/aten_c_kernels/results/aten_flatten_nd_linear_cpu/debuf.mlir ==
  match          body#[0, 1]  cublasSgemm_strided_batched_broadcast_rhs
  total: 1 matched / 1 bodies
",0,[],0,0,0,0,/home/arjaiswal/Polygeist/issues/aten_c_kernels/results/aten_flatten_nd_linear_cpu/debuf.mlir,3212,0,2,2,294.6854941546917,0,64724,0.03802776336669922,0,6,0,0,"[{""body_indices"": [0, 1], ""symbol"": ""cublasSgemm_strided_batched_broadcast_rhs""}]",1,0,6,0.0,6
aten,aten_flatten_nd_linear_cpu,/home/arjaiswal/Polygeist/issues/aten_c_kernels/results/aten_flatten_nd_linear_cpu/debuf.mlir,97e29fcd1a0bd5253c7ec05f540e66fb8e238c3ea411f019426862855edc3e23,egglog,2,ok,0,1890.1503831148148,0,"[""/usr/bin/python3"", ""/home/arjaiswal/Polygeist/scripts/correctness/kernel_match_rewrite.py"", ""/home/arjaiswal/Polygeist/issues/aten_c_kernels/results/aten_flatten_nd_linear_cpu/debuf.mlir"", ""--dry-run"", ""--matcher-mode"", ""egglog"", ""--telemetry-json"", ""/home/arjaiswal/Polygeist/issues/equality_saturation_eval/campaign_20260908/aten-aten_flatten_nd_linear_cpu-egglog-xcpc8e87.json"", ""--disable-semantic-fallback""]","== match report for /home/arjaiswal/Polygeist/issues/aten_c_kernels/results/aten_flatten_nd_linear_cpu/debuf.mlir ==
  match          body#[0, 1]  cublasSgemm_strided_batched_broadcast_rhs
  total: 1 matched / 1 bodies
",0,[],0,0,0,0,/home/arjaiswal/Polygeist/issues/aten_c_kernels/results/aten_flatten_nd_linear_cpu/debuf.mlir,3212,8,2,2,854.7793589532375,0,69784,159.06022116541862,6,6,0,8,"[{""body_indices"": [0, 1], ""symbol"": ""cublasSgemm_strided_batched_broadcast_rhs""}]",1,0,0,0.0,6
aten,aten_flatten_nd_linear_cpu,/home/arjaiswal/Polygeist/issues/aten_c_kernels/results/aten_flatten_nd_linear_cpu/debuf.mlir,97e29fcd1a0bd5253c7ec05f540e66fb8e238c3ea411f019426862855edc3e23,egglog,3,ok,0,1622.1762262284756,0,"[""/usr/bin/python3"", ""/home/arjaiswal/Polygeist/scripts/correctness/kernel_match_rewrite.py"", ""/home/arjaiswal/Polygeist/issues/aten_c_kernels/results/aten_flatten_nd_linear_cpu/debuf.mlir"", ""--dry-run"", ""--matcher-mode"", ""egglog"", ""--telemetry-json"", ""/home/arjaiswal/Polygeist/issues/equality_saturation_eval/campaign_20260908/aten-aten_flatten_nd_linear_cpu-egglog-2_1g6jv3.json"", ""--disable-semantic-fallback""]","== match report for /home/arjaiswal/Polygeist/issues/aten_c_kernels/results/aten_flatten_nd_linear_cpu/debuf.mlir ==
  match          body#[0, 1]  cublasSgemm_strided_batched_broadcast_rhs
  total: 1 matched / 1 bodies
",0,[],0,0,0,0,/home/arjaiswal/Polygeist/issues/aten_c_kernels/results/aten_flatten_nd_linear_cpu/debuf.mlir,3212,8,2,2,687.0423518121243,0,69712,74.7845210134983,6,6,0,8,"[{""body_indices"": [0, 1], ""symbol"": ""cublasSgemm_strided_batched_broadcast_rhs""}]",1,0,0,0.0,6
aten,aten_flatten_nd_linear_cpu,/home/arjaiswal/Polygeist/issues/aten_c_kernels/results/aten_flatten_nd_linear_cpu/debuf.mlir,97e29fcd1a0bd5253c7ec05f540e66fb8e238c3ea411f019426862855edc3e23,syntactic,3,ok,0,1621.4738003909588,0,"[""/usr/bin/python3"", ""/home/arjaiswal/Polygeist/scripts/correctness/kernel_match_rewrite.py"", ""/home/arjaiswal/Polygeist/issues/aten_c_kernels/results/aten_flatten_nd_linear_cpu/debuf.mlir"", ""--dry-run"", ""--matcher-mode"", ""syntactic"", ""--telemetry-json"", ""/home/arjaiswal/Polygeist/issues/equality_saturation_eval/campaign_20260908/aten-aten_flatten_nd_linear_cpu-syntactic-ruxdhzc9.json"", ""--disable-semantic-fallback""]","== match report for /home/arjaiswal/Polygeist/issues/aten_c_kernels/results/aten_flatten_nd_linear_cpu/debuf.mlir ==
  match          body#[0, 1]  cublasSgemm_strided_batched_broadcast_rhs
  total: 1 matched / 1 bodies
",0,[],0,0,0,0,/home/arjaiswal/Polygeist/issues/aten_c_kernels/results/aten_flatten_nd_linear_cpu/debuf.mlir,3212,0,2,2,647.3529599606991,0,64496,0.05776062607765198,0,6,0,0,"[{""body_indices"": [0, 1], ""symbol"": ""cublasSgemm_strided_batched_broadcast_rhs""}]",1,0,6,0.0,6
aten,aten_flatten_nd_linear_cpu,/home/arjaiswal/Polygeist/issues/aten_c_kernels/results/aten_flatten_nd_linear_cpu/debuf.mlir,97e29fcd1a0bd5253c7ec05f540e66fb8e238c3ea411f019426862855edc3e23,syntactic,4,ok,0,1595.7114771008492,0,"[""/usr/bin/python3"", ""/home/arjaiswal/Polygeist/scripts/correctness/kernel_match_rewrite.py"", ""/home/arjaiswal/Polygeist/issues/aten_c_kernels/results/aten_flatten_nd_linear_cpu/debuf.mlir"", ""--dry-run"", ""--matcher-mode"", ""syntactic"", ""--telemetry-json"", ""/home/arjaiswal/Polygeist/issues/equality_saturation_eval/campaign_20260908/aten-aten_flatten_nd_linear_cpu-syntactic-oeufnagi.json"", ""--disable-semantic-fallback""]","== match report for /home/arjaiswal/Polygeist/issues/aten_c_kernels/results/aten_flatten_nd_linear_cpu/debuf.mlir ==
  match          body#[0, 1]  cublasSgemm_strided_batched_broadcast_rhs
  total: 1 matched / 1 bodies
",0,[],0,0,0,0,/home/arjaiswal/Polygeist/issues/aten_c_kernels/results/aten_flatten_nd_linear_cpu/debuf.mlir,3212,0,2,2,601.9367948174477,0,64572,0.03923848271369934,0,6,0,0,"[{""body_indices"": [0, 1], ""symbol"": ""cublasSgemm_strided_batched_broadcast_rhs""}]",1,0,6,0.0,6
aten,aten_flatten_nd_linear_cpu,/home/arjaiswal/Polygeist/issues/aten_c_kernels/results/aten_flatten_nd_linear_cpu/debuf.mlir,97e29fcd1a0bd5253c7ec05f540e66fb8e238c3ea411f019426862855edc3e23,egglog,4,ok,0,1404.0356017649174,0,"[""/usr/bin/python3"", ""/home/arjaiswal/Polygeist/scripts/correctness/kernel_match_rewrite.py"", ""/home/arjaiswal/Polygeist/issues/aten_c_kernels/results/aten_flatten_nd_linear_cpu/debuf.mlir"", ""--dry-run"", ""--matcher-mode"", ""egglog"", ""--telemetry-json"", ""/home/arjaiswal/Polygeist/issues/equality_saturation_eval/campaign_20260908/aten-aten_flatten_nd_linear_cpu-egglog-bpq148ma.json"", ""--disable-semantic-fallback""]","== match report for /home/arjaiswal/Polygeist/issues/aten_c_kernels/results/aten_flatten_nd_linear_cpu/debuf.mlir ==
  match          body#[0, 1]  cublasSgemm_strided_batched_broadcast_rhs
  total: 1 matched / 1 bodies
",0,[],0,0,0,0,/home/arjaiswal/Polygeist/issues/aten_c_kernels/results/aten_flatten_nd_linear_cpu/debuf.mlir,3212,8,2,2,451.32123306393623,0,69432,100.86162760853767,6,6,0,8,"[{""body_indices"": [0, 1], ""symbol"": ""cublasSgemm_strided_batched_broadcast_rhs""}]",1,0,0,0.0,6
aten,aten_flatten_nd_linear_cpu,/home/arjaiswal/Polygeist/issues/aten_c_kernels/results/aten_flatten_nd_linear_cpu/debuf.mlir,97e29fcd1a0bd5253c7ec05f540e66fb8e238c3ea411f019426862855edc3e23,egglog,5,ok,0,1808.0261088907719,0,"[""/usr/bin/python3"", ""/home/arjaiswal/Polygeist/scripts/correctness/kernel_match_rewrite.py"", ""/home/arjaiswal/Polygeist/issues/aten_c_kernels/results/aten_flatten_nd_linear_cpu/debuf.mlir"", ""--dry-run"", ""--matcher-mode"", ""egglog"", ""--telemetry-json"", ""/home/arjaiswal/Polygeist/issues/equality_saturation_eval/campaign_20260908/aten-aten_flatten_nd_linear_cpu-egglog-6wdx3_dn.json"", ""--disable-semantic-fallback""]","== match report for /home/arjaiswal/Polygeist/issues/aten_c_kernels/results/aten_flatten_nd_linear_cpu/debuf.mlir ==
  match          body#[0, 1]  cublasSgemm_strided_batched_broadcast_rhs
  total: 1 matched / 1 bodies
",0,[],0,0,0,0,/home/arjaiswal/Polygeist/issues/aten_c_kernels/results/aten_flatten_nd_linear_cpu/debuf.mlir,3212,8,2,2,814.6976977586746,0,69936,101.55752301216125,6,6,0,8,"[{""body_indices"": [0, 1], ""symbol"": ""cublasSgemm_strided_batched_broadcast_rhs""}]",1,0,0,0.0,6
aten,aten_flatten_nd_linear_cpu,/home/arjaiswal/Polygeist/issues/aten_c_kernels/results/aten_flatten_nd_linear_cpu/debuf.mlir,97e29fcd1a0bd5253c7ec05f540e66fb8e238c3ea411f019426862855edc3e23,syntactic,5,ok,0,1625.395368784666,0,"[""/usr/bin/python3"", ""/home/arjaiswal/Polygeist/scripts/correctness/kernel_match_rewrite.py"", ""/home/arjaiswal/Polygeist/issues/aten_c_kernels/results/aten_flatten_nd_linear_cpu/debuf.mlir"", ""--dry-run"", ""--matcher-mode"", ""syntactic"", ""--telemetry-json"", ""/home/arjaiswal/Polygeist/issues/equality_saturation_eval/campaign_20260908/aten-aten_flatten_nd_linear_cpu-syntactic-t8kds74v.json"", ""--disable-semantic-fallback""]","== match report for /home/arjaiswal/Polygeist/issues/aten_c_kernels/results/aten_flatten_nd_linear_cpu/debuf.mlir ==
  match          body#[0, 1]  cublasSgemm_strided_batched_broadcast_rhs
  total: 1 matched / 1 bodies
",0,[],0,0,0,0,/home/arjaiswal/Polygeist/issues/aten_c_kernels/results/aten_flatten_nd_linear_cpu/debuf.mlir,3212,0,2,2,647.1691429615021,0,64716,0.039286911487579346,0,6,0,0,"[{""body_indices"": [0, 1], ""symbol"": ""cublasSgemm_strided_batched_broadcast_rhs""}]",1,0,6,0.0,6
aten,aten_flip_cpu,/home/arjaiswal/Polygeist/issues/aten_c_kernels/results/aten_flip_cpu/debuf.mlir,339d2a10676a841144951c194ac6a367e69a7f4028be9200ec3ab92fea667236,syntactic,1,ok,0,1704.3351121246815,0,"[""/usr/bin/python3"", ""/home/arjaiswal/Polygeist/scripts/correctness/kernel_match_rewrite.py"", ""/home/arjaiswal/Polygeist/issues/aten_c_kernels/results/aten_flip_cpu/debuf.mlir"", ""--dry-run"", ""--matcher-mode"", ""syntactic"", ""--telemetry-json"", ""/home/arjaiswal/Polygeist/issues/equality_saturation_eval/campaign_20260908/aten-aten_flip_cpu-syntactic-wuekdz6u.json"", ""--disable-semantic-fallback""]","== match report for /home/arjaiswal/Polygeist/issues/aten_c_kernels/results/aten_flip_cpu/debuf.mlir ==
  no_match       body#0  ?
  total: 0 matched / 1 bodies
",0,[],0,0,0,0,/home/arjaiswal/Polygeist/issues/aten_c_kernels/results/aten_flip_cpu/debuf.mlir,2727,0,1,0,641.9628784060478,1,64988,0.01761689782142639,0,0,0,0,[],0,0,4,0.0,4
aten,aten_flip_cpu,/home/arjaiswal/Polygeist/issues/aten_c_kernels/results/aten_flip_cpu/debuf.mlir,339d2a10676a841144951c194ac6a367e69a7f4028be9200ec3ab92fea667236,egglog,1,ok,0,1025.5198739469051,0,"[""/usr/bin/python3"", ""/home/arjaiswal/Polygeist/scripts/correctness/kernel_match_rewrite.py"", ""/home/arjaiswal/Polygeist/issues/aten_c_kernels/results/aten_flip_cpu/debuf.mlir"", ""--dry-run"", ""--matcher-mode"", ""egglog"", ""--telemetry-json"", ""/home/arjaiswal/Polygeist/issues/equality_saturation_eval/campaign_20260908/aten-aten_flip_cpu-egglog-2n207da9.json"", ""--disable-semantic-fallback""]","== match report for /home/arjaiswal/Polygeist/issues/aten_c_kernels/results/aten_flip_cpu/debuf.mlir ==
  no_match       body#0  ?
  total: 0 matched / 1 bodies
",0,[],0,0,0,0,/home/arjaiswal/Polygeist/issues/aten_c_kernels/results/aten_flip_cpu/debuf.mlir,2727,8,1,0,313.37207183241844,1,64300,0.0,0,0,0,0,[],0,0,0,0.0,4
aten,aten_flip_cpu,/home/arjaiswal/Polygeist/issues/aten_c_kernels/results/aten_flip_cpu/debuf.mlir,339d2a10676a841144951c194ac6a367e69a7f4028be9200ec3ab92fea667236,egglog,2,ok,0,2663.1651744246483,0,"[""/usr/bin/python3"", ""/home/arjaiswal/Polygeist/scripts/correctness/kernel_match_rewrite.py"", ""/home/arjaiswal/Polygeist/issues/aten_c_kernels/results/aten_flip_cpu/debuf.mlir"", ""--dry-run"", ""--matcher-mode"", ""egglog"", ""--telemetry-json"", ""/home/arjaiswal/Polygeist/issues/equality_saturation_eval/campaign_20260908/aten-aten_flip_cpu-egglog-7jd2_58e.json"", ""--disable-semantic-fallback""]","== match report for /home/arjaiswal/Polygeist/issues/aten_c_kernels/results/aten_flip_cpu/debuf.mlir ==
  no_match       body#0  ?
  total: 0 matched / 1 bodies
",0,[],0,0,0,0,/home/arjaiswal/Polygeist/issues/aten_c_kernels/results/aten_flip_cpu/debuf.mlir,2727,8,1,0,1072.337880730629,1,64344,0.0,0,0,0,0,[],0,0,0,0.0,4
aten,aten_flip_cpu,/home/arjaiswal/Polygeist/issues/aten_c_kernels/results/aten_flip_cpu/debuf.mlir,339d2a10676a841144951c194ac6a367e69a7f4028be9200ec3ab92fea667236,syntactic,2,ok,0,3407.2040505707264,0,"[""/usr/bin/python3"", ""/home/arjaiswal/Polygeist/scripts/correctness/kernel_match_rewrite.py"", ""/home/arjaiswal/Polygeist/issues/aten_c_kernels/results/aten_flip_cpu/debuf.mlir"", ""--dry-run"", ""--matcher-mode"", ""syntactic"", ""--telemetry-json"", ""/home/arjaiswal/Polygeist/issues/equality_saturation_eval/campaign_20260908/aten-aten_flip_cpu-syntactic-g8cx8dji.json"", ""--disable-semantic-fallback""]","== match report for /home/arjaiswal/Polygeist/issues/aten_c_kernels/results/aten_flip_cpu/debuf.mlir ==
  no_match       body#0  ?
  total: 0 matched / 1 bodies
",0,[],0,0,0,0,/home/arjaiswal/Polygeist/issues/aten_c_kernels/results/aten_flip_cpu/debuf.mlir,2727,0,1,0,1500.6166063249111,1,64820,0.020448118448257446,0,0,0,0,[],0,0,4,0.0,4
aten,aten_flip_cpu,/home/arjaiswal/Polygeist/issues/aten_c_kernels/results/aten_flip_cpu/debuf.mlir,339d2a10676a841144951c194ac6a367e69a7f4028be9200ec3ab92fea667236,syntactic,3,ok,0,2659.223910421133,0,"[""/usr/bin/python3"", ""/home/arjaiswal/Polygeist/scripts/correctness/kernel_match_rewrite.py"", ""/home/arjaiswal/Polygeist/issues/aten_c_kernels/results/aten_flip_cpu/debuf.mlir"", ""--dry-run"", ""--matcher-mode"", ""syntactic"", ""--telemetry-json"", ""/home/arjaiswal/Polygeist/issues/equality_saturation_eval/campaign_20260908/aten-aten_flip_cpu-syntactic-b9d59oln.json"", ""--disable-semantic-fallback""]","== match report for /home/arjaiswal/Polygeist/issues/aten_c_kernels/results/aten_flip_cpu/debuf.mlir ==
  no_match       body#0  ?
  total: 0 matched / 1 bodies
",0,[],0,0,0,0,/home/arjaiswal/Polygeist/issues/aten_c_kernels/results/aten_flip_cpu/debuf.mlir,2727,0,1,0,1067.5930045545101,1,64888,0.02498924732208252,0,0,0,0,[],0,0,4,0.0,4
aten,aten_flip_cpu,/home/arjaiswal/Polygeist/issues/aten_c_kernels/results/aten_flip_cpu/debuf.mlir,339d2a10676a841144951c194ac6a367e69a7f4028be9200ec3ab92fea667236,egglog,3,ok,0,1533.6311049759388,0,"[""/usr/bin/python3"", ""/home/arjaiswal/Polygeist/scripts/correctness/kernel_match_rewrite.py"", ""/home/arjaiswal/Polygeist/issues/aten_c_kernels/results/aten_flip_cpu/debuf.mlir"", ""--dry-run"", ""--matcher-mode"", ""egglog"", ""--telemetry-json"", ""/home/arjaiswal/Polygeist/issues/equality_saturation_eval/campaign_20260908/aten-aten_flip_cpu-egglog-dxynza17.json"", ""--disable-semantic-fallback""]","== match report for /home/arjaiswal/Polygeist/issues/aten_c_kernels/results/aten_flip_cpu/debuf.mlir ==
  no_match       body#0  ?
  total: 0 matched / 1 bodies
",0,[],0,0,0,0,/home/arjaiswal/Polygeist/issues/aten_c_kernels/results/aten_flip_cpu/debuf.mlir,2727,8,1,0,690.9721195697784,1,64620,0.0,0,0,0,0,[],0,0,0,0.0,4
aten,aten_flip_cpu,/home/arjaiswal/Polygeist/issues/aten_c_kernels/results/aten_flip_cpu/debuf.mlir,339d2a10676a841144951c194ac6a367e69a7f4028be9200ec3ab92fea667236,egglog,4,ok,0,1719.1007286310196,0,"[""/usr/bin/python3"", ""/home/arjaiswal/Polygeist/scripts/correctness/kernel_match_rewrite.py"", ""/home/arjaiswal/Polygeist/issues/aten_c_kernels/results/aten_flip_cpu/debuf.mlir"", ""--dry-run"", ""--matcher-mode"", ""egglog"", ""--telemetry-json"", ""/home/arjaiswal/Polygeist/issues/equality_saturation_eval/campaign_20260908/aten-aten_flip_cpu-egglog-hkyiwr1m.json"", ""--disable-semantic-fallback""]","== match report for /home/arjaiswal/Polygeist/issues/aten_c_kernels/results/aten_flip_cpu/debuf.mlir ==
  no_match       body#0  ?
  total: 0 matched / 1 bodies
",0,[],0,0,0,0,/home/arjaiswal/Polygeist/issues/aten_c_kernels/results/aten_flip_cpu/debuf.mlir,2727,8,1,0,666.2620529532433,1,64640,0.0,0,0,0,0,[],0,0,0,0.0,4
aten,aten_flip_cpu,/home/arjaiswal/Polygeist/issues/aten_c_kernels/results/aten_flip_cpu/debuf.mlir,339d2a10676a841144951c194ac6a367e69a7f4028be9200ec3ab92fea667236,syntactic,4,ok,0,1205.3632959723473,0,"[""/usr/bin/python3"", ""/home/arjaiswal/Polygeist/scripts/correctness/kernel_match_rewrite.py"", ""/home/arjaiswal/Polygeist/issues/aten_c_kernels/results/aten_flip_cpu/debuf.mlir"", ""--dry-run"", ""--matcher-mode"", ""syntactic"", ""--telemetry-json"", ""/home/arjaiswal/Polygeist/issues/equality_saturation_eval/campaign_20260908/aten-aten_flip_cpu-syntactic-zua_v0ny.json"", ""--disable-semantic-fallback""]","== match report for /home/arjaiswal/Polygeist/issues/aten_c_kernels/results/aten_flip_cpu/debuf.mlir ==
  no_match       body#0  ?
  total: 0 matched / 1 bodies
",0,[],0,0,0,0,/home/arjaiswal/Polygeist/issues/aten_c_kernels/results/aten_flip_cpu/debuf.mlir,2727,0,1,0,494.5950619876385,1,64788,0.018417835235595703,0,0,0,0,[],0,0,4,0.0,4
aten,aten_flip_cpu,/home/arjaiswal/Polygeist/issues/aten_c_kernels/results/aten_flip_cpu/debuf.mlir,339d2a10676a841144951c194ac6a367e69a7f4028be9200ec3ab92fea667236,syntactic,5,ok,0,1615.2309738099575,0,"[""/usr/bin/python3"", ""/home/arjaiswal/Polygeist/scripts/correctness/kernel_match_rewrite.py"", ""/home/arjaiswal/Polygeist/issues/aten_c_kernels/results/aten_flip_cpu/debuf.mlir"", ""--dry-run"", ""--matcher-mode"", ""syntactic"", ""--telemetry-json"", ""/home/arjaiswal/Polygeist/issues/equality_saturation_eval/campaign_20260908/aten-aten_flip_cpu-syntactic-ctiz2glt.json"", ""--disable-semantic-fallback""]","== match report for /home/arjaiswal/Polygeist/issues/aten_c_kernels/results/aten_flip_cpu/debuf.mlir ==
  no_match       body#0  ?
  total: 0 matched / 1 bodies
",0,[],0,0,0,0,/home/arjaiswal/Polygeist/issues/aten_c_kernels/results/aten_flip_cpu/debuf.mlir,2727,0,1,0,661.0816679894924,1,64920,0.021580606698989868,0,0,0,0,[],0,0,4,0.0,4
aten,aten_flip_cpu,/home/arjaiswal/Polygeist/issues/aten_c_kernels/results/aten_flip_cpu/debuf.mlir,339d2a10676a841144951c194ac6a367e69a7f4028be9200ec3ab92fea667236,egglog,5,ok,0,787.456352263689,0,"[""/usr/bin/python3"", ""/home/arjaiswal/Polygeist/scripts/correctness/kernel_match_rewrite.py"", ""/home/arjaiswal/Polygeist/issues/aten_c_kernels/results/aten_flip_cpu/debuf.mlir"", ""--dry-run"", ""--matcher-mode"", ""egglog"", ""--telemetry-json"", ""/home/arjaiswal/Polygeist/issues/equality_saturation_eval/campaign_20260908/aten-aten_flip_cpu-egglog-fjlh46f1.json"", ""--disable-semantic-fallback""]","== match report for /home/arjaiswal/Polygeist/issues/aten_c_kernels/results/aten_flip_cpu/debuf.mlir ==
  no_match       body#0  ?
  total: 0 matched / 1 bodies
",0,[],0,0,0,0,/home/arjaiswal/Polygeist/issues/aten_c_kernels/results/aten_flip_cpu/debuf.mlir,2727,8,1,0,300.1742921769619,1,64648,0.0,0,0,0,0,[],0,0,0,0.0,4
aten,aten_flip_tensor_transform_cpu,/home/arjaiswal/Polygeist/issues/aten_c_kernels/results/aten_flip_tensor_transform_cpu/debuf.mlir,08c5f89c37f350d08f6f073b5951c8eb880d4293b99c1205185aae0ee2551cf3,egglog,1,ok,0,808.1950843334198,0,"[""/usr/bin/python3"", ""/home/arjaiswal/Polygeist/scripts/correctness/kernel_match_rewrite.py"", ""/home/arjaiswal/Polygeist/issues/aten_c_kernels/results/aten_flip_tensor_transform_cpu/debuf.mlir"", ""--dry-run"", ""--matcher-mode"", ""egglog"", ""--telemetry-json"", ""/home/arjaiswal/Polygeist/issues/equality_saturation_eval/campaign_20260908/aten-aten_flip_tensor_transform_cpu-egglog-iwwn1kpo.json"", ""--disable-semantic-fallback""]","== match report for /home/arjaiswal/Polygeist/issues/aten_c_kernels/results/aten_flip_tensor_transform_cpu/debuf.mlir ==
  match          body#[0]  cutensorPermute_f32_r2_tensor
  total: 1 matched / 1 bodies
",0,[],0,0,0,0,/home/arjaiswal/Polygeist/issues/aten_c_kernels/results/aten_flip_tensor_transform_cpu/debuf.mlir,2295,8,1,1,343.9734913408756,0,68396,11.212021112442017,1,1,0,0,"[{""body_indices"": [0], ""symbol"": ""cutensorPermute_f32_r2_tensor""}]",1,0,0,0.0,25
aten,aten_flip_tensor_transform_cpu,/home/arjaiswal/Polygeist/issues/aten_c_kernels/results/aten_flip_tensor_transform_cpu/debuf.mlir,08c5f89c37f350d08f6f073b5951c8eb880d4293b99c1205185aae0ee2551cf3,syntactic,1,ok,0,843.0209755897522,0,"[""/usr/bin/python3"", ""/home/arjaiswal/Polygeist/scripts/correctness/kernel_match_rewrite.py"", ""/home/arjaiswal/Polygeist/issues/aten_c_kernels/results/aten_flip_tensor_transform_cpu/debuf.mlir"", ""--dry-run"", ""--matcher-mode"", ""syntactic"", ""--telemetry-json"", ""/home/arjaiswal/Polygeist/issues/equality_saturation_eval/campaign_20260908/aten-aten_flip_tensor_transform_cpu-syntactic-t1mpucx9.json"", ""--disable-semantic-fallback""]","== match report for /home/arjaiswal/Polygeist/issues/aten_c_kernels/results/aten_flip_tensor_transform_cpu/debuf.mlir ==
  match          body#[0]  cutensorPermute_f32_r2_tensor
  total: 1 matched / 1 bodies
",0,[],0,0,0,0,/home/arjaiswal/Polygeist/issues/aten_c_kernels/results/aten_flip_tensor_transform_cpu/debuf.mlir,2295,0,1,1,366.58499017357826,0,65600,0.07282570004463196,0,1,0,0,"[{""body_indices"": [0], ""symbol"": ""cutensorPermute_f32_r2_tensor""}]",1,0,25,0.0,25
aten,aten_flip_tensor_transform_cpu,/home/arjaiswal/Polygeist/issues/aten_c_kernels/results/aten_flip_tensor_transform_cpu/debuf.mlir,08c5f89c37f350d08f6f073b5951c8eb880d4293b99c1205185aae0ee2551cf3,syntactic,2,ok,0,846.8372598290443,0,"[""/usr/bin/python3"", ""/home/arjaiswal/Polygeist/scripts/correctness/kernel_match_rewrite.py"", ""/home/arjaiswal/Polygeist/issues/aten_c_kernels/results/aten_flip_tensor_transform_cpu/debuf.mlir"", ""--dry-run"", ""--matcher-mode"", ""syntactic"", ""--telemetry-json"", ""/home/arjaiswal/Polygeist/issues/equality_saturation_eval/campaign_20260908/aten-aten_flip_tensor_transform_cpu-syntactic-wagz7_q1.json"", ""--disable-semantic-fallback""]","== match report for /home/arjaiswal/Polygeist/issues/aten_c_kernels/results/aten_flip_tensor_transform_cpu/debuf.mlir ==
  match          body#[0]  cutensorPermute_f32_r2_tensor
  total: 1 matched / 1 bodies
",0,[],0,0,0,0,/home/arjaiswal/Polygeist/issues/aten_c_kernels/results/aten_flip_tensor_transform_cpu/debuf.mlir,2295,0,1,1,339.6756462752819,0,65776,0.0672265887260437,0,1,0,0,"[{""body_indices"": [0], ""symbol"": ""cutensorPermute_f32_r2_tensor""}]",1,0,25,0.0,25
aten,aten_flip_tensor_transform_cpu,/home/arjaiswal/Polygeist/issues/aten_c_kernels/results/aten_flip_tensor_transform_cpu/debuf.mlir,08c5f89c37f350d08f6f073b5951c8eb880d4293b99c1205185aae0ee2551cf3,egglog,2,ok,0,1132.51568749547,0,"[""/usr/bin/python3"", ""/home/arjaiswal/Polygeist/scripts/correctness/kernel_match_rewrite.py"", ""/home/arjaiswal/Polygeist/issues/aten_c_kernels/results/aten_flip_tensor_transform_cpu/debuf.mlir"", ""--dry-run"", ""--matcher-mode"", ""egglog"", ""--telemetry-json"", ""/home/arjaiswal/Polygeist/issues/equality_saturation_eval/campaign_20260908/aten-aten_flip_tensor_transform_cpu-egglog-ism6ttm3.json"", ""--disable-semantic-fallback""]","== match report for /home/arjaiswal/Polygeist/issues/aten_c_kernels/results/aten_flip_tensor_transform_cpu/debuf.mlir ==
  match          body#[0]  cutensorPermute_f32_r2_tensor
  total: 1 matched / 1 bodies
",0,[],0,0,0,0,/home/arjaiswal/Polygeist/issues/aten_c_kernels/results/aten_flip_tensor_transform_cpu/debuf.mlir,2295,8,1,1,566.7331479489803,0,68112,28.154388070106506,1,1,0,0,"[{""body_indices"": [0], ""symbol"": ""cutensorPermute_f32_r2_tensor""}]",1,0,0,0.0,25
aten,aten_flip_tensor_transform_cpu,/home/arjaiswal/Polygeist/issues/aten_c_kernels/results/aten_flip_tensor_transform_cpu/debuf.mlir,08c5f89c37f350d08f6f073b5951c8eb880d4293b99c1205185aae0ee2551cf3,egglog,3,ok,0,1766.4258517324924,0,"[""/usr/bin/python3"", ""/home/arjaiswal/Polygeist/scripts/correctness/kernel_match_rewrite.py"", ""/home/arjaiswal/Polygeist/issues/aten_c_kernels/results/aten_flip_tensor_transform_cpu/debuf.mlir"", ""--dry-run"", ""--matcher-mode"", ""egglog"", ""--telemetry-json"", ""/home/arjaiswal/Polygeist/issues/equality_saturation_eval/campaign_20260908/aten-aten_flip_tensor_transform_cpu-egglog-kg14g__y.json"", ""--disable-semantic-fallback""]","== match report for /home/arjaiswal/Polygeist/issues/aten_c_kernels/results/aten_flip_tensor_transform_cpu/debuf.mlir ==
  match          body#[0]  cutensorPermute_f32_r2_tensor
  total: 1 matched / 1 bodies
",0,[],0,0,0,0,/home/arjaiswal/Polygeist/issues/aten_c_kernels/results/aten_flip_tensor_transform_cpu/debuf.mlir,2295,8,1,1,758.3361268043518,0,68428,17.351392656564713,1,1,0,0,"[{""body_indices"": [0], ""symbol"": ""cutensorPermute_f32_r2_tensor""}]",1,0,0,0.0,25
aten,aten_flip_tensor_transform_cpu,/home/arjaiswal/Polygeist/issues/aten_c_kernels/results/aten_flip_tensor_transform_cpu/debuf.mlir,08c5f89c37f350d08f6f073b5951c8eb880d4293b99c1205185aae0ee2551cf3,syntactic,3,ok,0,1680.1180951297283,0,"[""/usr/bin/python3"", ""/home/arjaiswal/Polygeist/scripts/correctness/kernel_match_rewrite.py"", ""/home/arjaiswal/Polygeist/issues/aten_c_kernels/results/aten_flip_tensor_transform_cpu/debuf.mlir"", ""--dry-run"", ""--matcher-mode"", ""syntactic"", ""--telemetry-json"", ""/home/arjaiswal/Polygeist/issues/equality_saturation_eval/campaign_20260908/aten-aten_flip_tensor_transform_cpu-syntactic-utcic9sz.json"", ""--disable-semantic-fallback""]","== match report for /home/arjaiswal/Polygeist/issues/aten_c_kernels/results/aten_flip_tensor_transform_cpu/debuf.mlir ==
  match          body#[0]  cutensorPermute_f32_r2_tensor
  total: 1 matched / 1 bodies
",0,[],0,0,0,0,/home/arjaiswal/Polygeist/issues/aten_c_kernels/results/aten_flip_tensor_transform_cpu/debuf.mlir,2295,0,1,1,679.3878339231014,0,65636,0.08800998330116272,0,1,0,0,"[{""body_indices"": [0], ""symbol"": ""cutensorPermute_f32_r2_tensor""}]",1,0,25,0.0,25
aten,aten_flip_tensor_transform_cpu,/home/arjaiswal/Polygeist/issues/aten_c_kernels/results/aten_flip_tensor_transform_cpu/debuf.mlir,08c5f89c37f350d08f6f073b5951c8eb880d4293b99c1205185aae0ee2551cf3,syntactic,4,ok,0,1304.5142702758312,0,"[""/usr/bin/python3"", ""/home/arjaiswal/Polygeist/scripts/correctness/kernel_match_rewrite.py"", ""/home/arjaiswal/Polygeist/issues/aten_c_kernels/results/aten_flip_tensor_transform_cpu/debuf.mlir"", ""--dry-run"", ""--matcher-mode"", ""syntactic"", ""--telemetry-json"", ""/home/arjaiswal/Polygeist/issues/equality_saturation_eval/campaign_20260908/aten-aten_flip_tensor_transform_cpu-syntactic-aan99wsa.json"", ""--disable-semantic-fallback""]","== match report for /home/arjaiswal/Polygeist/issues/aten_c_kernels/results/aten_flip_tensor_transform_cpu/debuf.mlir ==
  match          body#[0]  cutensorPermute_f32_r2_tensor
  total: 1 matched / 1 bodies
",0,[],0,0,0,0,/home/arjaiswal/Polygeist/issues/aten_c_kernels/results/aten_flip_tensor_transform_cpu/debuf.mlir,2295,0,1,1,353.79890725016594,0,65632,0.061824917793273926,0,1,0,0,"[{""body_indices"": [0], ""symbol"": ""cutensorPermute_f32_r2_tensor""}]",1,0,25,0.0,25
aten,aten_flip_tensor_transform_cpu,/home/arjaiswal/Polygeist/issues/aten_c_kernels/results/aten_flip_tensor_transform_cpu/debuf.mlir,08c5f89c37f350d08f6f073b5951c8eb880d4293b99c1205185aae0ee2551cf3,egglog,4,ok,0,1864.2157390713692,0,"[""/usr/bin/python3"", ""/home/arjaiswal/Polygeist/scripts/correctness/kernel_match_rewrite.py"", ""/home/arjaiswal/Polygeist/issues/aten_c_kernels/results/aten_flip_tensor_transform_cpu/debuf.mlir"", ""--dry-run"", ""--matcher-mode"", ""egglog"", ""--telemetry-json"", ""/home/arjaiswal/Polygeist/issues/equality_saturation_eval/campaign_20260908/aten-aten_flip_tensor_transform_cpu-egglog-imkt5s5r.json"", ""--disable-semantic-fallback""]","== match report for /home/arjaiswal/Polygeist/issues/aten_c_kernels/results/aten_flip_tensor_transform_cpu/debuf.mlir ==
  match          body#[0]  cutensorPermute_f32_r2_tensor
  total: 1 matched / 1 bodies
",0,[],0,0,0,0,/home/arjaiswal/Polygeist/issues/aten_c_kernels/results/aten_flip_tensor_transform_cpu/debuf.mlir,2295,8,1,1,784.2087037861347,0,68184,31.836822628974915,1,1,0,0,"[{""body_indices"": [0], ""symbol"": ""cutensorPermute_f32_r2_tensor""}]",1,0,0,0.0,25
aten,aten_flip_tensor_transform_cpu,/home/arjaiswal/Polygeist/issues/aten_c_kernels/results/aten_flip_tensor_transform_cpu/debuf.mlir,08c5f89c37f350d08f6f073b5951c8eb880d4293b99c1205185aae0ee2551cf3,egglog,5,ok,0,2746.555406600237,0,"[""/usr/bin/python3"", ""/home/arjaiswal/Polygeist/scripts/correctness/kernel_match_rewrite.py"", ""/home/arjaiswal/Polygeist/issues/aten_c_kernels/results/aten_flip_tensor_transform_cpu/debuf.mlir"", ""--dry-run"", ""--matcher-mode"", ""egglog"", ""--telemetry-json"", ""/home/arjaiswal/Polygeist/issues/equality_saturation_eval/campaign_20260908/aten-aten_flip_tensor_transform_cpu-egglog-qle6_59o.json"", ""--disable-semantic-fallback""]","== match report for /home/arjaiswal/Polygeist/issues/aten_c_kernels/results/aten_flip_tensor_transform_cpu/debuf.mlir ==
  match          body#[0]  cutensorPermute_f32_r2_tensor
  total: 1 matched / 1 bodies
",0,[],0,0,0,0,/home/arjaiswal/Polygeist/issues/aten_c_kernels/results/aten_flip_tensor_transform_cpu/debuf.mlir,2295,8,1,1,1639.4033543765545,0,67980,40.85276648402214,1,1,0,0,"[{""body_indices"": [0], ""symbol"": ""cutensorPermute_f32_r2_tensor""}]",1,0,0,0.0,25
aten,aten_flip_tensor_transform_cpu,/home/arjaiswal/Polygeist/issues/aten_c_kernels/results/aten_flip_tensor_transform_cpu/debuf.mlir,08c5f89c37f350d08f6f073b5951c8eb880d4293b99c1205185aae0ee2551cf3,syntactic,5,ok,0,2863.0696572363377,0,"[""/usr/bin/python3"", ""/home/arjaiswal/Polygeist/scripts/correctness/kernel_match_rewrite.py"", ""/home/arjaiswal/Polygeist/issues/aten_c_kernels/results/aten_flip_tensor_transform_cpu/debuf.mlir"", ""--dry-run"", ""--matcher-mode"", ""syntactic"", ""--telemetry-json"", ""/home/arjaiswal/Polygeist/issues/equality_saturation_eval/campaign_20260908/aten-aten_flip_tensor_transform_cpu-syntactic-47v2wky5.json"", ""--disable-semantic-fallback""]","== match report for /home/arjaiswal/Polygeist/issues/aten_c_kernels/results/aten_flip_tensor_transform_cpu/debuf.mlir ==
  match          body#[0]  cutensorPermute_f32_r2_tensor
  total: 1 matched / 1 bodies
",0,[],0,0,0,0,/home/arjaiswal/Polygeist/issues/aten_c_kernels/results/aten_flip_tensor_transform_cpu/debuf.mlir,2295,0,1,1,1262.2528672218323,0,65684,0.09708106517791748,0,1,0,0,"[{""body_indices"": [0], ""symbol"": ""cutensorPermute_f32_r2_tensor""}]",1,0,25,0.0,25
aten,aten_floor,/home/arjaiswal/Polygeist/issues/aten_c_kernels/results/aten_floor/debuf.mlir,414e380dbb1fb53bc5c8bdee2b2b25b7f137dcc7114ccbee72545a9a52e25b84,syntactic,1,ok,0,1187.0279349386692,0,"[""/usr/bin/python3"", ""/home/arjaiswal/Polygeist/scripts/correctness/kernel_match_rewrite.py"", ""/home/arjaiswal/Polygeist/issues/aten_c_kernels/results/aten_floor/debuf.mlir"", ""--dry-run"", ""--matcher-mode"", ""syntactic"", ""--telemetry-json"", ""/home/arjaiswal/Polygeist/issues/equality_saturation_eval/campaign_20260908/aten-aten_floor-syntactic-6bva8p6b.json"", ""--disable-semantic-fallback""]","== match report for /home/arjaiswal/Polygeist/issues/aten_c_kernels/results/aten_floor/debuf.mlir ==
  match          body#[0]  cutensorUnary_floor_f32
  total: 1 matched / 1 bodies
",0,[],0,0,0,0,/home/arjaiswal/Polygeist/issues/aten_c_kernels/results/aten_floor/debuf.mlir,1872,0,1,1,366.52708798646927,0,65516,0.14113634824752808,0,2,0,0,"[{""body_indices"": [0], ""symbol"": ""cutensorUnary_floor_f32""}]",1,0,22,0.0,22
aten,aten_floor,/home/arjaiswal/Polygeist/issues/aten_c_kernels/results/aten_floor/debuf.mlir,414e380dbb1fb53bc5c8bdee2b2b25b7f137dcc7114ccbee72545a9a52e25b84,egglog,1,ok,0,1812.1729120612144,0,"[""/usr/bin/python3"", ""/home/arjaiswal/Polygeist/scripts/correctness/kernel_match_rewrite.py"", ""/home/arjaiswal/Polygeist/issues/aten_c_kernels/results/aten_floor/debuf.mlir"", ""--dry-run"", ""--matcher-mode"", ""egglog"", ""--telemetry-json"", ""/home/arjaiswal/Polygeist/issues/equality_saturation_eval/campaign_20260908/aten-aten_floor-egglog-anzfqx1z.json"", ""--disable-semantic-fallback""]","== match report for /home/arjaiswal/Polygeist/issues/aten_c_kernels/results/aten_floor/debuf.mlir ==
  match          body#[0]  cutensorUnary_floor_f32
  total: 1 matched / 1 bodies
",0,[],0,0,0,0,/home/arjaiswal/Polygeist/issues/aten_c_kernels/results/aten_floor/debuf.mlir,1872,8,1,1,785.0949019193649,0,69056,51.26598849892616,2,2,0,0,"[{""body_indices"": [0], ""symbol"": ""cutensorUnary_floor_f32""}]",1,0,0,0.0,22
aten,aten_floor,/home/arjaiswal/Polygeist/issues/aten_c_kernels/results/aten_floor/debuf.mlir,414e380dbb1fb53bc5c8bdee2b2b25b7f137dcc7114ccbee72545a9a52e25b84,egglog,2,ok,0,2167.7298732101917,0,"[""/usr/bin/python3"", ""/home/arjaiswal/Polygeist/scripts/correctness/kernel_match_rewrite.py"", ""/home/arjaiswal/Polygeist/issues/aten_c_kernels/results/aten_floor/debuf.mlir"", ""--dry-run"", ""--matcher-mode"", ""egglog"", ""--telemetry-json"", ""/home/arjaiswal/Polygeist/issues/equality_saturation_eval/campaign_20260908/aten-aten_floor-egglog-l_oarg28.json"", ""--disable-semantic-fallback""]","== match report for /home/arjaiswal/Polygeist/issues/aten_c_kernels/results/aten_floor/debuf.mlir ==
  match          body#[0]  cutensorUnary_floor_f32
  total: 1 matched / 1 bodies
",0,[],0,0,0,0,/home/arjaiswal/Polygeist/issues/aten_c_kernels/results/aten_floor/debuf.mlir,1872,8,1,1,1070.6247501075268,0,68748,49.163203686475754,2,2,0,0,"[{""body_indices"": [0], ""symbol"": ""cutensorUnary_floor_f32""}]",1,0,0,0.0,22
aten,aten_floor,/home/arjaiswal/Polygeist/issues/aten_c_kernels/results/aten_floor/debuf.mlir,414e380dbb1fb53bc5c8bdee2b2b25b7f137dcc7114ccbee72545a9a52e25b84,syntactic,2,ok,0,1687.8722012043,0,"[""/usr/bin/python3"", ""/home/arjaiswal/Polygeist/scripts/correctness/kernel_match_rewrite.py"", ""/home/arjaiswal/Polygeist/issues/aten_c_kernels/results/aten_floor/debuf.mlir"", ""--dry-run"", ""--matcher-mode"", ""syntactic"", ""--telemetry-json"", ""/home/arjaiswal/Polygeist/issues/equality_saturation_eval/campaign_20260908/aten-aten_floor-syntactic-7a04f6hb.json"", ""--disable-semantic-fallback""]","== match report for /home/arjaiswal/Polygeist/issues/aten_c_kernels/results/aten_floor/debuf.mlir ==
  match          body#[0]  cutensorUnary_floor_f32
  total: 1 matched / 1 bodies
",0,[],0,0,0,0,/home/arjaiswal/Polygeist/issues/aten_c_kernels/results/aten_floor/debuf.mlir,1872,0,1,1,702.0229026675224,0,65588,0.15262141823768616,0,2,0,0,"[{""body_indices"": [0], ""symbol"": ""cutensorUnary_floor_f32""}]",1,0,22,0.0,22
aten,aten_floor,/home/arjaiswal/Polygeist/issues/aten_c_kernels/results/aten_floor/debuf.mlir,414e380dbb1fb53bc5c8bdee2b2b25b7f137dcc7114ccbee72545a9a52e25b84,syntactic,3,ok,0,1754.6855583786964,0,"[""/usr/bin/python3"", ""/home/arjaiswal/Polygeist/scripts/correctness/kernel_match_rewrite.py"", ""/home/arjaiswal/Polygeist/issues/aten_c_kernels/results/aten_floor/debuf.mlir"", ""--dry-run"", ""--matcher-mode"", ""syntactic"", ""--telemetry-json"", ""/home/arjaiswal/Polygeist/issues/equality_saturation_eval/campaign_20260908/aten-aten_floor-syntactic-gbz1iw2u.json"", ""--disable-semantic-fallback""]","== match report for /home/arjaiswal/Polygeist/issues/aten_c_kernels/results/aten_floor/debuf.mlir ==
  match          body#[0]  cutensorUnary_floor_f32
  total: 1 matched / 1 bodies
",0,[],0,0,0,0,/home/arjaiswal/Polygeist/issues/aten_c_kernels/results/aten_floor/debuf.mlir,1872,0,1,1,744.3250864744186,0,65644,0.14987587928771973,0,2,0,0,"[{""body_indices"": [0], ""symbol"": ""cutensorUnary_floor_f32""}]",1,0,22,0.0,22
aten,aten_floor,/home/arjaiswal/Polygeist/issues/aten_c_kernels/results/aten_floor/debuf.mlir,414e380dbb1fb53bc5c8bdee2b2b25b7f137dcc7114ccbee72545a9a52e25b84,egglog,3,ok,0,1172.6834811270237,0,"[""/usr/bin/python3"", ""/home/arjaiswal/Polygeist/scripts/correctness/kernel_match_rewrite.py"", ""/home/arjaiswal/Polygeist/issues/aten_c_kernels/results/aten_floor/debuf.mlir"", ""--dry-run"", ""--matcher-mode"", ""egglog"", ""--telemetry-json"", ""/home/arjaiswal/Polygeist/issues/equality_saturation_eval/campaign_20260908/aten-aten_floor-egglog-ghrilde0.json"", ""--disable-semantic-fallback""]","== match report for /home/arjaiswal/Polygeist/issues/aten_c_kernels/results/aten_floor/debuf.mlir ==
  match          body#[0]  cutensorUnary_floor_f32
  total: 1 matched / 1 bodies
",0,[],0,0,0,0,/home/arjaiswal/Polygeist/issues/aten_c_kernels/results/aten_floor/debuf.mlir,1872,8,1,1,386.02326437830925,0,69008,24.517033249139786,2,2,0,0,"[{""body_indices"": [0], ""symbol"": ""cutensorUnary_floor_f32""}]",1,0,0,0.0,22
aten,aten_floor,/home/arjaiswal/Polygeist/issues/aten_c_kernels/results/aten_floor/debuf.mlir,414e380dbb1fb53bc5c8bdee2b2b25b7f137dcc7114ccbee72545a9a52e25b84,egglog,4,ok,0,1453.6402486264706,0,"[""/usr/bin/python3"", ""/home/arjaiswal/Polygeist/scripts/correctness/kernel_match_rewrite.py"", ""/home/arjaiswal/Polygeist/issues/aten_c_kernels/results/aten_floor/debuf.mlir"", ""--dry-run"", ""--matcher-mode"", ""egglog"", ""--telemetry-json"", ""/home/arjaiswal/Polygeist/issues/equality_saturation_eval/campaign_20260908/aten-aten_floor-egglog-k70wmg1e.json"", ""--disable-semantic-fallback""]","== match report for /home/arjaiswal/Polygeist/issues/aten_c_kernels/results/aten_floor/debuf.mlir ==
  match          body#[0]  cutensorUnary_floor_f32
  total: 1 matched / 1 bodies
",0,[],0,0,0,0,/home/arjaiswal/Polygeist/issues/aten_c_kernels/results/aten_floor/debuf.mlir,1872,8,1,1,799.679659307003,0,68984,39.580702781677246,2,2,0,0,"[{""body_indices"": [0], ""symbol"": ""cutensorUnary_floor_f32""}]",1,0,0,0.0,22
aten,aten_floor,/home/arjaiswal/Polygeist/issues/aten_c_kernels/results/aten_floor/debuf.mlir,414e380dbb1fb53bc5c8bdee2b2b25b7f137dcc7114ccbee72545a9a52e25b84,syntactic,4,ok,0,1843.1920111179352,0,"[""/usr/bin/python3"", ""/home/arjaiswal/Polygeist/scripts/correctness/kernel_match_rewrite.py"", ""/home/arjaiswal/Polygeist/issues/aten_c_kernels/results/aten_floor/debuf.mlir"", ""--dry-run"", ""--matcher-mode"", ""syntactic"", ""--telemetry-json"", ""/home/arjaiswal/Polygeist/issues/equality_saturation_eval/campaign_20260908/aten-aten_floor-syntactic-tmluh3lj.json"", ""--disable-semantic-fallback""]","== match report for /home/arjaiswal/Polygeist/issues/aten_c_kernels/results/aten_floor/debuf.mlir ==
  match          body#[0]  cutensorUnary_floor_f32
  total: 1 matched / 1 bodies
",0,[],0,0,0,0,/home/arjaiswal/Polygeist/issues/aten_c_kernels/results/aten_floor/debuf.mlir,1872,0,1,1,829.4899202883244,0,65684,0.17135217785835266,0,2,0,0,"[{""body_indices"": [0], ""symbol"": ""cutensorUnary_floor_f32""}]",1,0,22,0.0,22
aten,aten_floor,/home/arjaiswal/Polygeist/issues/aten_c_kernels/results/aten_floor/debuf.mlir,414e380dbb1fb53bc5c8bdee2b2b25b7f137dcc7114ccbee72545a9a52e25b84,syntactic,5,ok,0,1717.9946973919868,0,"[""/usr/bin/python3"", ""/home/arjaiswal/Polygeist/scripts/correctness/kernel_match_rewrite.py"", ""/home/arjaiswal/Polygeist/issues/aten_c_kernels/results/aten_floor/debuf.mlir"", ""--dry-run"", ""--matcher-mode"", ""syntactic"", ""--telemetry-json"", ""/home/arjaiswal/Polygeist/issues/equality_saturation_eval/campaign_20260908/aten-aten_floor-syntactic-vvoytbph.json"", ""--disable-semantic-fallback""]","== match report for /home/arjaiswal/Polygeist/issues/aten_c_kernels/results/aten_floor/debuf.mlir ==
  match          body#[0]  cutensorUnary_floor_f32
  total: 1 matched / 1 bodies
",0,[],0,0,0,0,/home/arjaiswal/Polygeist/issues/aten_c_kernels/results/aten_floor/debuf.mlir,1872,0,1,1,708.0321125686169,0,65404,0.13219937682151794,0,2,0,0,"[{""body_indices"": [0], ""symbol"": ""cutensorUnary_floor_f32""}]",1,0,22,0.0,22
aten,aten_floor,/home/arjaiswal/Polygeist/issues/aten_c_kernels/results/aten_floor/debuf.mlir,414e380dbb1fb53bc5c8bdee2b2b25b7f137dcc7114ccbee72545a9a52e25b84,egglog,5,ok,0,2198.1190107762814,0,"[""/usr/bin/python3"", ""/home/arjaiswal/Polygeist/scripts/correctness/kernel_match_rewrite.py"", ""/home/arjaiswal/Polygeist/issues/aten_c_kernels/results/aten_floor/debuf.mlir"", ""--dry-run"", ""--matcher-mode"", ""egglog"", ""--telemetry-json"", ""/home/arjaiswal/Polygeist/issues/equality_saturation_eval/campaign_20260908/aten-aten_floor-egglog-ngbg0zpa.json"", ""--disable-semantic-fallback""]","== match report for /home/arjaiswal/Polygeist/issues/aten_c_kernels/results/aten_floor/debuf.mlir ==
  match          body#[0]  cutensorUnary_floor_f32
  total: 1 matched / 1 bodies
",0,[],0,0,0,0,/home/arjaiswal/Polygeist/issues/aten_c_kernels/results/aten_floor/debuf.mlir,1872,8,1,1,1140.8593580126762,0,69992,38.426563143730164,2,2,0,0,"[{""body_indices"": [0], ""symbol"": ""cutensorUnary_floor_f32""}]",1,0,0,0.0,22
aten,aten_fmax,/home/arjaiswal/Polygeist/issues/aten_c_kernels/results/aten_fmax/debuf.mlir,f973482457fd7ebf7a8365eeaae7e6be2226a2fc75b582e67db2d37732dc3a2c,egglog,1,ok,0,763.4636573493481,0,"[""/usr/bin/python3"", ""/home/arjaiswal/Polygeist/scripts/correctness/kernel_match_rewrite.py"", ""/home/arjaiswal/Polygeist/issues/aten_c_kernels/results/aten_fmax/debuf.mlir"", ""--dry-run"", ""--matcher-mode"", ""egglog"", ""--telemetry-json"", ""/home/arjaiswal/Polygeist/issues/equality_saturation_eval/campaign_20260908/aten-aten_fmax-egglog-e3o1a5_v.json"", ""--disable-semantic-fallback""]","== match report for /home/arjaiswal/Polygeist/issues/aten_c_kernels/results/aten_fmax/debuf.mlir ==
  match          body#[0]  cudnnPointwiseGraph_f32
  total: 1 matched / 1 bodies
",0,[],0,0,0,0,/home/arjaiswal/Polygeist/issues/aten_c_kernels/results/aten_fmax/debuf.mlir,2017,8,1,1,316.57686457037926,0,65616,0.0,0,0,0,0,"[{""body_indices"": [0], ""symbol"": ""cudnnPointwiseGraph_f32""}]",1,0,0,0.0,6
aten,aten_fmax,/home/arjaiswal/Polygeist/issues/aten_c_kernels/results/aten_fmax/debuf.mlir,f973482457fd7ebf7a8365eeaae7e6be2226a2fc75b582e67db2d37732dc3a2c,syntactic,1,ok,0,1150.106318295002,0,"[""/usr/bin/python3"", ""/home/arjaiswal/Polygeist/scripts/correctness/kernel_match_rewrite.py"", ""/home/arjaiswal/Polygeist/issues/aten_c_kernels/results/aten_fmax/debuf.mlir"", ""--dry-run"", ""--matcher-mode"", ""syntactic"", ""--telemetry-json"", ""/home/arjaiswal/Polygeist/issues/equality_saturation_eval/campaign_20260908/aten-aten_fmax-syntactic-688f409h.json"", ""--disable-semantic-fallback""]","== match report for /home/arjaiswal/Polygeist/issues/aten_c_kernels/results/aten_fmax/debuf.mlir ==
  match          body#[0]  cudnnPointwiseGraph_f32
  total: 1 matched / 1 bodies
",0,[],0,0,0,0,/home/arjaiswal/Polygeist/issues/aten_c_kernels/results/aten_fmax/debuf.mlir,2017,0,1,1,647.8739120066166,0,65512,0.02323836088180542,0,0,0,0,"[{""body_indices"": [0], ""symbol"": ""cudnnPointwiseGraph_f32""}]",1,0,6,0.0,6
aten,aten_fmax,/home/arjaiswal/Polygeist/issues/aten_c_kernels/results/aten_fmax/debuf.mlir,f973482457fd7ebf7a8365eeaae7e6be2226a2fc75b582e67db2d37732dc3a2c,syntactic,2,ok,0,840.1477038860321,0,"[""/usr/bin/python3"", ""/home/arjaiswal/Polygeist/scripts/correctness/kernel_match_rewrite.py"", ""/home/arjaiswal/Polygeist/issues/aten_c_kernels/results/aten_fmax/debuf.mlir"", ""--dry-run"", ""--matcher-mode"", ""syntactic"", ""--telemetry-json"", ""/home/arjaiswal/Polygeist/issues/equality_saturation_eval/campaign_20260908/aten-aten_fmax-syntactic-506g83ce.json"", ""--disable-semantic-fallback""]","== match report for /home/arjaiswal/Polygeist/issues/aten_c_kernels/results/aten_fmax/debuf.mlir ==
  match          body#[0]  cudnnPointwiseGraph_f32
  total: 1 matched / 1 bodies
",0,[],0,0,0,0,/home/arjaiswal/Polygeist/issues/aten_c_kernels/results/aten_fmax/debuf.mlir,2017,0,1,1,332.18982070684433,0,65704,0.02413615584373474,0,0,0,0,"[{""body_indices"": [0], ""symbol"": ""cudnnPointwiseGraph_f32""}]",1,0,6,0.0,6
aten,aten_fmax,/home/arjaiswal/Polygeist/issues/aten_c_kernels/results/aten_fmax/debuf.mlir,f973482457fd7ebf7a8365eeaae7e6be2226a2fc75b582e67db2d37732dc3a2c,egglog,2,ok,0,1955.9980668127537,0,"[""/usr/bin/python3"", ""/home/arjaiswal/Polygeist/scripts/correctness/kernel_match_rewrite.py"", ""/home/arjaiswal/Polygeist/issues/aten_c_kernels/results/aten_fmax/debuf.mlir"", ""--dry-run"", ""--matcher-mode"", ""egglog"", ""--telemetry-json"", ""/home/arjaiswal/Polygeist/issues/equality_saturation_eval/campaign_20260908/aten-aten_fmax-egglog-ibitjlgm.json"", ""--disable-semantic-fallback""]","== match report for /home/arjaiswal/Polygeist/issues/aten_c_kernels/results/aten_fmax/debuf.mlir ==
  match          body#[0]  cudnnPointwiseGraph_f32
  total: 1 matched / 1 bodies
",0,[],0,0,0,0,/home/arjaiswal/Polygeist/issues/aten_c_kernels/results/aten_fmax/debuf.mlir,2017,8,1,1,789.5685099065304,0,65680,0.0,0,0,0,0,"[{""body_indices"": [0], ""symbol"": ""cudnnPointwiseGraph_f32""}]",1,0,0,0.0,6
aten,aten_fmax,/home/arjaiswal/Polygeist/issues/aten_c_kernels/results/aten_fmax/debuf.mlir,f973482457fd7ebf7a8365eeaae7e6be2226a2fc75b582e67db2d37732dc3a2c,egglog,3,ok,0,3095.9716476500034,0,"[""/usr/bin/python3"", ""/home/arjaiswal/Polygeist/scripts/correctness/kernel_match_rewrite.py"", ""/home/arjaiswal/Polygeist/issues/aten_c_kernels/results/aten_fmax/debuf.mlir"", ""--dry-run"", ""--matcher-mode"", ""egglog"", ""--telemetry-json"", ""/home/arjaiswal/Polygeist/issues/equality_saturation_eval/campaign_20260908/aten-aten_fmax-egglog-e2tcjln6.json"", ""--disable-semantic-fallback""]","== match report for /home/arjaiswal/Polygeist/issues/aten_c_kernels/results/aten_fmax/debuf.mlir ==
  match          body#[0]  cudnnPointwiseGraph_f32
  total: 1 matched / 1 bodies
",0,[],0,0,0,0,/home/arjaiswal/Polygeist/issues/aten_c_kernels/results/aten_fmax/debuf.mlir,2017,8,1,1,1409.6728935837746,0,65768,0.0,0,0,0,0,"[{""body_indices"": [0], ""symbol"": ""cudnnPointwiseGraph_f32""}]",1,0,0,0.0,6
aten,aten_fmax,/home/arjaiswal/Polygeist/issues/aten_c_kernels/results/aten_fmax/debuf.mlir,f973482457fd7ebf7a8365eeaae7e6be2226a2fc75b582e67db2d37732dc3a2c,syntactic,3,ok,0,3086.3592475652695,0,"[""/usr/bin/python3"", ""/home/arjaiswal/Polygeist/scripts/correctness/kernel_match_rewrite.py"", ""/home/arjaiswal/Polygeist/issues/aten_c_kernels/results/aten_fmax/debuf.mlir"", ""--dry-run"", ""--matcher-mode"", ""syntactic"", ""--telemetry-json"", ""/home/arjaiswal/Polygeist/issues/equality_saturation_eval/campaign_20260908/aten-aten_fmax-syntactic-5ytfs9gp.json"", ""--disable-semantic-fallback""]","== match report for /home/arjaiswal/Polygeist/issues/aten_c_kernels/results/aten_fmax/debuf.mlir ==
  match          body#[0]  cudnnPointwiseGraph_f32
  total: 1 matched / 1 bodies
",0,[],0,0,0,0,/home/arjaiswal/Polygeist/issues/aten_c_kernels/results/aten_fmax/debuf.mlir,2017,0,1,1,1110.4621849954128,0,65728,0.02779066562652588,0,0,0,0,"[{""body_indices"": [0], ""symbol"": ""cudnnPointwiseGraph_f32""}]",1,0,6,0.0,6
aten,aten_fmax,/home/arjaiswal/Polygeist/issues/aten_c_kernels/results/aten_fmax/debuf.mlir,f973482457fd7ebf7a8365eeaae7e6be2226a2fc75b582e67db2d37732dc3a2c,syntactic,4,ok,0,2679.313685745001,0,"[""/usr/bin/python3"", ""/home/arjaiswal/Polygeist/scripts/correctness/kernel_match_rewrite.py"", ""/home/arjaiswal/Polygeist/issues/aten_c_kernels/results/aten_fmax/debuf.mlir"", ""--dry-run"", ""--matcher-mode"", ""syntactic"", ""--telemetry-json"", ""/home/arjaiswal/Polygeist/issues/equality_saturation_eval/campaign_20260908/aten-aten_fmax-syntactic-as5zbs3d.json"", ""--disable-semantic-fallback""]","== match report for /home/arjaiswal/Polygeist/issues/aten_c_kernels/results/aten_fmax/debuf.mlir ==
  match          body#[0]  cudnnPointwiseGraph_f32
  total: 1 matched / 1 bodies
",0,[],0,0,0,0,/home/arjaiswal/Polygeist/issues/aten_c_kernels/results/aten_fmax/debuf.mlir,2017,0,1,1,1117.6836639642715,0,65724,0.024590641260147095,0,0,0,0,"[{""body_indices"": [0], ""symbol"": ""cudnnPointwiseGraph_f32""}]",1,0,6,0.0,6
aten,aten_fmax,/home/arjaiswal/Polygeist/issues/aten_c_kernels/results/aten_fmax/debuf.mlir,f973482457fd7ebf7a8365eeaae7e6be2226a2fc75b582e67db2d37732dc3a2c,egglog,4,ok,0,2791.2024743855,0,"[""/usr/bin/python3"", ""/home/arjaiswal/Polygeist/scripts/correctness/kernel_match_rewrite.py"", ""/home/arjaiswal/Polygeist/issues/aten_c_kernels/results/aten_fmax/debuf.mlir"", ""--dry-run"", ""--matcher-mode"", ""egglog"", ""--telemetry-json"", ""/home/arjaiswal/Polygeist/issues/equality_saturation_eval/campaign_20260908/aten-aten_fmax-egglog-jl2p_sg3.json"", ""--disable-semantic-fallback""]","== match report for /home/arjaiswal/Polygeist/issues/aten_c_kernels/results/aten_fmax/debuf.mlir ==
  match          body#[0]  cudnnPointwiseGraph_f32
  total: 1 matched / 1 bodies
",0,[],0,0,0,0,/home/arjaiswal/Polygeist/issues/aten_c_kernels/results/aten_fmax/debuf.mlir,2017,8,1,1,1079.1617333889008,0,65636,0.0,0,0,0,0,"[{""body_indices"": [0], ""symbol"": ""cudnnPointwiseGraph_f32""}]",1,0,0,0.0,6
aten,aten_fmax,/home/arjaiswal/Polygeist/issues/aten_c_kernels/results/aten_fmax/debuf.mlir,f973482457fd7ebf7a8365eeaae7e6be2226a2fc75b582e67db2d37732dc3a2c,egglog,5,ok,0,3127.285700291395,0,"[""/usr/bin/python3"", ""/home/arjaiswal/Polygeist/scripts/correctness/kernel_match_rewrite.py"", ""/home/arjaiswal/Polygeist/issues/aten_c_kernels/results/aten_fmax/debuf.mlir"", ""--dry-run"", ""--matcher-mode"", ""egglog"", ""--telemetry-json"", ""/home/arjaiswal/Polygeist/issues/equality_saturation_eval/campaign_20260908/aten-aten_fmax-egglog-fuwo54wt.json"", ""--disable-semantic-fallback""]","== match report for /home/arjaiswal/Polygeist/issues/aten_c_kernels/results/aten_fmax/debuf.mlir ==
  match          body#[0]  cudnnPointwiseGraph_f32
  total: 1 matched / 1 bodies
",0,[],0,0,0,0,/home/arjaiswal/Polygeist/issues/aten_c_kernels/results/aten_fmax/debuf.mlir,2017,8,1,1,1266.2765644490719,0,65904,0.0,0,0,0,0,"[{""body_indices"": [0], ""symbol"": ""cudnnPointwiseGraph_f32""}]",1,0,0,0.0,6
aten,aten_fmax,/home/arjaiswal/Polygeist/issues/aten_c_kernels/results/aten_fmax/debuf.mlir,f973482457fd7ebf7a8365eeaae7e6be2226a2fc75b582e67db2d37732dc3a2c,syntactic,5,ok,0,2995.002046227455,0,"[""/usr/bin/python3"", ""/home/arjaiswal/Polygeist/scripts/correctness/kernel_match_rewrite.py"", ""/home/arjaiswal/Polygeist/issues/aten_c_kernels/results/aten_fmax/debuf.mlir"", ""--dry-run"", ""--matcher-mode"", ""syntactic"", ""--telemetry-json"", ""/home/arjaiswal/Polygeist/issues/equality_saturation_eval/campaign_20260908/aten-aten_fmax-syntactic-lck9jpno.json"", ""--disable-semantic-fallback""]","== match report for /home/arjaiswal/Polygeist/issues/aten_c_kernels/results/aten_fmax/debuf.mlir ==
  match          body#[0]  cudnnPointwiseGraph_f32
  total: 1 matched / 1 bodies
",0,[],0,0,0,0,/home/arjaiswal/Polygeist/issues/aten_c_kernels/results/aten_fmax/debuf.mlir,2017,0,1,1,1290.213007479906,0,65636,0.028092414140701294,0,0,0,0,"[{""body_indices"": [0], ""symbol"": ""cudnnPointwiseGraph_f32""}]",1,0,6,0.0,6
aten,aten_fmin,/home/arjaiswal/Polygeist/issues/aten_c_kernels/results/aten_fmin/debuf.mlir,6609113fa7ea4cc968ebf775697569eb24be6ba48a168297d0d797bd72e5f261,syntactic,1,ok,0,4032.6211787760258,0,"[""/usr/bin/python3"", ""/home/arjaiswal/Polygeist/scripts/correctness/kernel_match_rewrite.py"", ""/home/arjaiswal/Polygeist/issues/aten_c_kernels/results/aten_fmin/debuf.mlir"", ""--dry-run"", ""--matcher-mode"", ""syntactic"", ""--telemetry-json"", ""/home/arjaiswal/Polygeist/issues/equality_saturation_eval/campaign_20260908/aten-aten_fmin-syntactic-0st0376l.json"", ""--disable-semantic-fallback""]","== match report for /home/arjaiswal/Polygeist/issues/aten_c_kernels/results/aten_fmin/debuf.mlir ==
  match          body#[0]  cudnnPointwiseGraph_f32
  total: 1 matched / 1 bodies
",0,[],0,0,0,0,/home/arjaiswal/Polygeist/issues/aten_c_kernels/results/aten_fmin/debuf.mlir,2017,0,1,1,1612.919919192791,0,65520,0.028718262910842896,0,0,0,0,"[{""body_indices"": [0], ""symbol"": ""cudnnPointwiseGraph_f32""}]",1,0,6,0.0,6
aten,aten_fmin,/home/arjaiswal/Polygeist/issues/aten_c_kernels/results/aten_fmin/debuf.mlir,6609113fa7ea4cc968ebf775697569eb24be6ba48a168297d0d797bd72e5f261,egglog,1,ok,0,1656.1932638287544,0,"[""/usr/bin/python3"", ""/home/arjaiswal/Polygeist/scripts/correctness/kernel_match_rewrite.py"", ""/home/arjaiswal/Polygeist/issues/aten_c_kernels/results/aten_fmin/debuf.mlir"", ""--dry-run"", ""--matcher-mode"", ""egglog"", ""--telemetry-json"", ""/home/arjaiswal/Polygeist/issues/equality_saturation_eval/campaign_20260908/aten-aten_fmin-egglog-e1t9z459.json"", ""--disable-semantic-fallback""]","== match report for /home/arjaiswal/Polygeist/issues/aten_c_kernels/results/aten_fmin/debuf.mlir ==
  match          body#[0]  cudnnPointwiseGraph_f32
  total: 1 matched / 1 bodies
",0,[],0,0,0,0,/home/arjaiswal/Polygeist/issues/aten_c_kernels/results/aten_fmin/debuf.mlir,2017,8,1,1,664.2579697072506,0,65804,0.0,0,0,0,0,"[{""body_indices"": [0], ""symbol"": ""cudnnPointwiseGraph_f32""}]",1,0,0,0.0,6
aten,aten_fmin,/home/arjaiswal/Polygeist/issues/aten_c_kernels/results/aten_fmin/debuf.mlir,6609113fa7ea4cc968ebf775697569eb24be6ba48a168297d0d797bd72e5f261,egglog,2,ok,0,1734.6331179141998,0,"[""/usr/bin/python3"", ""/home/arjaiswal/Polygeist/scripts/correctness/kernel_match_rewrite.py"", ""/home/arjaiswal/Polygeist/issues/aten_c_kernels/results/aten_fmin/debuf.mlir"", ""--dry-run"", ""--matcher-mode"", ""egglog"", ""--telemetry-json"", ""/home/arjaiswal/Polygeist/issues/equality_saturation_eval/campaign_20260908/aten-aten_fmin-egglog-vaxcfeeg.json"", ""--disable-semantic-fallback""]","== match report for /home/arjaiswal/Polygeist/issues/aten_c_kernels/results/aten_fmin/debuf.mlir ==
  match          body#[0]  cudnnPointwiseGraph_f32
  total: 1 matched / 1 bodies
",0,[],0,0,0,0,/home/arjaiswal/Polygeist/issues/aten_c_kernels/results/aten_fmin/debuf.mlir,2017,8,1,1,681.6274300217628,0,65864,0.0,0,0,0,0,"[{""body_indices"": [0], ""symbol"": ""cudnnPointwiseGraph_f32""}]",1,0,0,0.0,6
aten,aten_fmin,/home/arjaiswal/Polygeist/issues/aten_c_kernels/results/aten_fmin/debuf.mlir,6609113fa7ea4cc968ebf775697569eb24be6ba48a168297d0d797bd72e5f261,syntactic,2,ok,0,1724.2778725922108,0,"[""/usr/bin/python3"", ""/home/arjaiswal/Polygeist/scripts/correctness/kernel_match_rewrite.py"", ""/home/arjaiswal/Polygeist/issues/aten_c_kernels/results/aten_fmin/debuf.mlir"", ""--dry-run"", ""--matcher-mode"", ""syntactic"", ""--telemetry-json"", ""/home/arjaiswal/Polygeist/issues/equality_saturation_eval/campaign_20260908/aten-aten_fmin-syntactic-fjfqtze6.json"", ""--disable-semantic-fallback""]","== match report for /home/arjaiswal/Polygeist/issues/aten_c_kernels/results/aten_fmin/debuf.mlir ==
  match          body#[0]  cudnnPointwiseGraph_f32
  total: 1 matched / 1 bodies
",0,[],0,0,0,0,/home/arjaiswal/Polygeist/issues/aten_c_kernels/results/aten_fmin/debuf.mlir,2017,0,1,1,673.5600307583809,0,65564,0.02070516347885132,0,0,0,0,"[{""body_indices"": [0], ""symbol"": ""cudnnPointwiseGraph_f32""}]",1,0,6,0.0,6
aten,aten_fmin,/home/arjaiswal/Polygeist/issues/aten_c_kernels/results/aten_fmin/debuf.mlir,6609113fa7ea4cc968ebf775697569eb24be6ba48a168297d0d797bd72e5f261,syntactic,3,ok,0,868.5621060431004,0,"[""/usr/bin/python3"", ""/home/arjaiswal/Polygeist/scripts/correctness/kernel_match_rewrite.py"", ""/home/arjaiswal/Polygeist/issues/aten_c_kernels/results/aten_fmin/debuf.mlir"", ""--dry-run"", ""--matcher-mode"", ""syntactic"", ""--telemetry-json"", ""/home/arjaiswal/Polygeist/issues/equality_saturation_eval/campaign_20260908/aten-aten_fmin-syntactic-wu9_1git.json"", ""--disable-semantic-fallback""]","== match report for /home/arjaiswal/Polygeist/issues/aten_c_kernels/results/aten_fmin/debuf.mlir ==
  match          body#[0]  cudnnPointwiseGraph_f32
  total: 1 matched / 1 bodies
",0,[],0,0,0,0,/home/arjaiswal/Polygeist/issues/aten_c_kernels/results/aten_fmin/debuf.mlir,2017,0,1,1,331.118144094944,0,65680,0.021964311599731445,0,0,0,0,"[{""body_indices"": [0], ""symbol"": ""cudnnPointwiseGraph_f32""}]",1,0,6,0.0,6
aten,aten_fmin,/home/arjaiswal/Polygeist/issues/aten_c_kernels/results/aten_fmin/debuf.mlir,6609113fa7ea4cc968ebf775697569eb24be6ba48a168297d0d797bd72e5f261,egglog,3,ok,0,1415.1090011000633,0,"[""/usr/bin/python3"", ""/home/arjaiswal/Polygeist/scripts/correctness/kernel_match_rewrite.py"", ""/home/arjaiswal/Polygeist/issues/aten_c_kernels/results/aten_fmin/debuf.mlir"", ""--dry-run"", ""--matcher-mode"", ""egglog"", ""--telemetry-json"", ""/home/arjaiswal/Polygeist/issues/equality_saturation_eval/campaign_20260908/aten-aten_fmin-egglog-cvy6zh3u.json"", ""--disable-semantic-fallback""]","== match report for /home/arjaiswal/Polygeist/issues/aten_c_kernels/results/aten_fmin/debuf.mlir ==
  match          body#[0]  cudnnPointwiseGraph_f32
  total: 1 matched / 1 bodies
",0,[],0,0,0,0,/home/arjaiswal/Polygeist/issues/aten_c_kernels/results/aten_fmin/debuf.mlir,2017,8,1,1,669.5479862391949,0,65620,0.0,0,0,0,0,"[{""body_indices"": [0], ""symbol"": ""cudnnPointwiseGraph_f32""}]",1,0,0,0.0,6
aten,aten_fmin,/home/arjaiswal/Polygeist/issues/aten_c_kernels/results/aten_fmin/debuf.mlir,6609113fa7ea4cc968ebf775697569eb24be6ba48a168297d0d797bd72e5f261,egglog,4,ok,0,1774.4357250630856,0,"[""/usr/bin/python3"", ""/home/arjaiswal/Polygeist/scripts/correctness/kernel_match_rewrite.py"", ""/home/arjaiswal/Polygeist/issues/aten_c_kernels/results/aten_fmin/debuf.mlir"", ""--dry-run"", ""--matcher-mode"", ""egglog"", ""--telemetry-json"", ""/home/arjaiswal/Polygeist/issues/equality_saturation_eval/campaign_20260908/aten-aten_fmin-egglog-cv_8pxz8.json"", ""--disable-semantic-fallback""]","== match report for /home/arjaiswal/Polygeist/issues/aten_c_kernels/results/aten_fmin/debuf.mlir ==
  match          body#[0]  cudnnPointwiseGraph_f32
  total: 1 matched / 1 bodies
",0,[],0,0,0,0,/home/arjaiswal/Polygeist/issues/aten_c_kernels/results/aten_fmin/debuf.mlir,2017,8,1,1,704.1684165596962,0,65840,0.0,0,0,0,0,"[{""body_indices"": [0], ""symbol"": ""cudnnPointwiseGraph_f32""}]",1,0,0,0.0,6
aten,aten_fmin,/home/arjaiswal/Polygeist/issues/aten_c_kernels/results/aten_fmin/debuf.mlir,6609113fa7ea4cc968ebf775697569eb24be6ba48a168297d0d797bd72e5f261,syntactic,4,ok,0,1626.2638047337532,0,"[""/usr/bin/python3"", ""/home/arjaiswal/Polygeist/scripts/correctness/kernel_match_rewrite.py"", ""/home/arjaiswal/Polygeist/issues/aten_c_kernels/results/aten_fmin/debuf.mlir"", ""--dry-run"", ""--matcher-mode"", ""syntactic"", ""--telemetry-json"", ""/home/arjaiswal/Polygeist/issues/equality_saturation_eval/campaign_20260908/aten-aten_fmin-syntactic-w2sw40qd.json"", ""--disable-semantic-fallback""]","== match report for /home/arjaiswal/Polygeist/issues/aten_c_kernels/results/aten_fmin/debuf.mlir ==
  match          body#[0]  cudnnPointwiseGraph_f32
  total: 1 matched / 1 bodies
",0,[],0,0,0,0,/home/arjaiswal/Polygeist/issues/aten_c_kernels/results/aten_fmin/debuf.mlir,2017,0,1,1,652.8377868235111,0,65552,0.023066997528076172,0,0,0,0,"[{""body_indices"": [0], ""symbol"": ""cudnnPointwiseGraph_f32""}]",1,0,6,0.0,6
aten,aten_fmin,/home/arjaiswal/Polygeist/issues/aten_c_kernels/results/aten_fmin/debuf.mlir,6609113fa7ea4cc968ebf775697569eb24be6ba48a168297d0d797bd72e5f261,syntactic,5,ok,0,1057.7429123222828,0,"[""/usr/bin/python3"", ""/home/arjaiswal/Polygeist/scripts/correctness/kernel_match_rewrite.py"", ""/home/arjaiswal/Polygeist/issues/aten_c_kernels/results/aten_fmin/debuf.mlir"", ""--dry-run"", ""--matcher-mode"", ""syntactic"", ""--telemetry-json"", ""/home/arjaiswal/Polygeist/issues/equality_saturation_eval/campaign_20260908/aten-aten_fmin-syntactic-11r_80ez.json"", ""--disable-semantic-fallback""]","== match report for /home/arjaiswal/Polygeist/issues/aten_c_kernels/results/aten_fmin/debuf.mlir ==
  match          body#[0]  cudnnPointwiseGraph_f32
  total: 1 matched / 1 bodies
",0,[],0,0,0,0,/home/arjaiswal/Polygeist/issues/aten_c_kernels/results/aten_fmin/debuf.mlir,2017,0,1,1,302.3494519293308,0,65564,0.025503337383270264,0,0,0,0,"[{""body_indices"": [0], ""symbol"": ""cudnnPointwiseGraph_f32""}]",1,0,6,0.0,6
aten,aten_fmin,/home/arjaiswal/Polygeist/issues/aten_c_kernels/results/aten_fmin/debuf.mlir,6609113fa7ea4cc968ebf775697569eb24be6ba48a168297d0d797bd72e5f261,egglog,5,ok,0,1094.6401804685593,0,"[""/usr/bin/python3"", ""/home/arjaiswal/Polygeist/scripts/correctness/kernel_match_rewrite.py"", ""/home/arjaiswal/Polygeist/issues/aten_c_kernels/results/aten_fmin/debuf.mlir"", ""--dry-run"", ""--matcher-mode"", ""egglog"", ""--telemetry-json"", ""/home/arjaiswal/Polygeist/issues/equality_saturation_eval/campaign_20260908/aten-aten_fmin-egglog-0hd00imv.json"", ""--disable-semantic-fallback""]","== match report for /home/arjaiswal/Polygeist/issues/aten_c_kernels/results/aten_fmin/debuf.mlir ==
  match          body#[0]  cudnnPointwiseGraph_f32
  total: 1 matched / 1 bodies
",0,[],0,0,0,0,/home/arjaiswal/Polygeist/issues/aten_c_kernels/results/aten_fmin/debuf.mlir,2017,8,1,1,516.1657147109509,0,65660,0.0,0,0,0,0,"[{""body_indices"": [0], ""symbol"": ""cudnnPointwiseGraph_f32""}]",1,0,0,0.0,6
aten,aten_fmod,/home/arjaiswal/Polygeist/issues/aten_c_kernels/results/aten_fmod/debuf.mlir,af62b6336a6871707e32e02a7761446a56e9f6be6247be48f8ffac924d21d032,egglog,1,ok,0,871.1766228079796,0,"[""/usr/bin/python3"", ""/home/arjaiswal/Polygeist/scripts/correctness/kernel_match_rewrite.py"", ""/home/arjaiswal/Polygeist/issues/aten_c_kernels/results/aten_fmod/debuf.mlir"", ""--dry-run"", ""--matcher-mode"", ""egglog"", ""--telemetry-json"", ""/home/arjaiswal/Polygeist/issues/equality_saturation_eval/campaign_20260908/aten-aten_fmod-egglog-mte_epgo.json"", ""--disable-semantic-fallback""]","== match report for /home/arjaiswal/Polygeist/issues/aten_c_kernels/results/aten_fmod/debuf.mlir ==
  match          body#[0]  cudnnPointwiseGraph_f32
  total: 1 matched / 1 bodies
",0,[],0,0,0,0,/home/arjaiswal/Polygeist/issues/aten_c_kernels/results/aten_fmod/debuf.mlir,2017,8,1,1,336.47409453988075,0,65652,0.0,0,0,0,0,"[{""body_indices"": [0], ""symbol"": ""cudnnPointwiseGraph_f32""}]",1,0,0,0.0,6
aten,aten_fmod,/home/arjaiswal/Polygeist/issues/aten_c_kernels/results/aten_fmod/debuf.mlir,af62b6336a6871707e32e02a7761446a56e9f6be6247be48f8ffac924d21d032,syntactic,1,ok,0,1358.361840248108,0,"[""/usr/bin/python3"", ""/home/arjaiswal/Polygeist/scripts/correctness/kernel_match_rewrite.py"", ""/home/arjaiswal/Polygeist/issues/aten_c_kernels/results/aten_fmod/debuf.mlir"", ""--dry-run"", ""--matcher-mode"", ""syntactic"", ""--telemetry-json"", ""/home/arjaiswal/Polygeist/issues/equality_saturation_eval/campaign_20260908/aten-aten_fmod-syntactic-0ac_uq2k.json"", ""--disable-semantic-fallback""]","== match report for /home/arjaiswal/Polygeist/issues/aten_c_kernels/results/aten_fmod/debuf.mlir ==
  match          body#[0]  cudnnPointwiseGraph_f32
  total: 1 matched / 1 bodies
",0,[],0,0,0,0,/home/arjaiswal/Polygeist/issues/aten_c_kernels/results/aten_fmod/debuf.mlir,2017,0,1,1,652.4704061448574,0,65800,0.02483278512954712,0,0,0,0,"[{""body_indices"": [0], ""symbol"": ""cudnnPointwiseGraph_f32""}]",1,0,6,0.0,6
aten,aten_fmod,/home/arjaiswal/Polygeist/issues/aten_c_kernels/results/aten_fmod/debuf.mlir,af62b6336a6871707e32e02a7761446a56e9f6be6247be48f8ffac924d21d032,syntactic,2,ok,0,1830.0361521542072,0,"[""/usr/bin/python3"", ""/home/arjaiswal/Polygeist/scripts/correctness/kernel_match_rewrite.py"", ""/home/arjaiswal/Polygeist/issues/aten_c_kernels/results/aten_fmod/debuf.mlir"", ""--dry-run"", ""--matcher-mode"", ""syntactic"", ""--telemetry-json"", ""/home/arjaiswal/Polygeist/issues/equality_saturation_eval/campaign_20260908/aten-aten_fmod-syntactic-db9pgoh9.json"", ""--disable-semantic-fallback""]","== match report for /home/arjaiswal/Polygeist/issues/aten_c_kernels/results/aten_fmod/debuf.mlir ==
  match          body#[0]  cudnnPointwiseGraph_f32
  total: 1 matched / 1 bodies
",0,[],0,0,0,0,/home/arjaiswal/Polygeist/issues/aten_c_kernels/results/aten_fmod/debuf.mlir,2017,0,1,1,725.4601083695889,0,65816,0.022664666175842285,0,0,0,0,"[{""body_indices"": [0], ""symbol"": ""cudnnPointwiseGraph_f32""}]",1,0,6,0.0,6
aten,aten_fmod,/home/arjaiswal/Polygeist/issues/aten_c_kernels/results/aten_fmod/debuf.mlir,af62b6336a6871707e32e02a7761446a56e9f6be6247be48f8ffac924d21d032,egglog,2,ok,0,2832.918804138899,0,"[""/usr/bin/python3"", ""/home/arjaiswal/Polygeist/scripts/correctness/kernel_match_rewrite.py"", ""/home/arjaiswal/Polygeist/issues/aten_c_kernels/results/aten_fmod/debuf.mlir"", ""--dry-run"", ""--matcher-mode"", ""egglog"", ""--telemetry-json"", ""/home/arjaiswal/Polygeist/issues/equality_saturation_eval/campaign_20260908/aten-aten_fmod-egglog-ov9fw00z.json"", ""--disable-semantic-fallback""]","== match report for /home/arjaiswal/Polygeist/issues/aten_c_kernels/results/aten_fmod/debuf.mlir ==
  match          body#[0]  cudnnPointwiseGraph_f32
  total: 1 matched / 1 bodies
",0,[],0,0,0,0,/home/arjaiswal/Polygeist/issues/aten_c_kernels/results/aten_fmod/debuf.mlir,2017,8,1,1,1358.7104752659798,0,65660,0.0,0,0,0,0,"[{""body_indices"": [0], ""symbol"": ""cudnnPointwiseGraph_f32""}]",1,0,0,0.0,6
aten,aten_fmod,/home/arjaiswal/Polygeist/issues/aten_c_kernels/results/aten_fmod/debuf.mlir,af62b6336a6871707e32e02a7761446a56e9f6be6247be48f8ffac924d21d032,egglog,3,ok,0,1942.5154626369476,0,"[""/usr/bin/python3"", ""/home/arjaiswal/Polygeist/scripts/correctness/kernel_match_rewrite.py"", ""/home/arjaiswal/Polygeist/issues/aten_c_kernels/results/aten_fmod/debuf.mlir"", ""--dry-run"", ""--matcher-mode"", ""egglog"", ""--telemetry-json"", ""/home/arjaiswal/Polygeist/issues/equality_saturation_eval/campaign_20260908/aten-aten_fmod-egglog-_rihc61v.json"", ""--disable-semantic-fallback""]","== match report for /home/arjaiswal/Polygeist/issues/aten_c_kernels/results/aten_fmod/debuf.mlir ==
  match          body#[0]  cudnnPointwiseGraph_f32
  total: 1 matched / 1 bodies
",0,[],0,0,0,0,/home/arjaiswal/Polygeist/issues/aten_c_kernels/results/aten_fmod/debuf.mlir,2017,8,1,1,571.6453343629837,0,65592,0.0,0,0,0,0,"[{""body_indices"": [0], ""symbol"": ""cudnnPointwiseGraph_f32""}]",1,0,0,0.0,6
aten,aten_fmod,/home/arjaiswal/Polygeist/issues/aten_c_kernels/results/aten_fmod/debuf.mlir,af62b6336a6871707e32e02a7761446a56e9f6be6247be48f8ffac924d21d032,syntactic,3,ok,0,1121.839564293623,0,"[""/usr/bin/python3"", ""/home/arjaiswal/Polygeist/scripts/correctness/kernel_match_rewrite.py"", ""/home/arjaiswal/Polygeist/issues/aten_c_kernels/results/aten_fmod/debuf.mlir"", ""--dry-run"", ""--matcher-mode"", ""syntactic"", ""--telemetry-json"", ""/home/arjaiswal/Polygeist/issues/equality_saturation_eval/campaign_20260908/aten-aten_fmod-syntactic-lpejphph.json"", ""--disable-semantic-fallback""]","== match report for /home/arjaiswal/Polygeist/issues/aten_c_kernels/results/aten_fmod/debuf.mlir ==
  match          body#[0]  cudnnPointwiseGraph_f32
  total: 1 matched / 1 bodies
",0,[],0,0,0,0,/home/arjaiswal/Polygeist/issues/aten_c_kernels/results/aten_fmod/debuf.mlir,2017,0,1,1,595.5641530454159,0,65856,0.02250075340270996,0,0,0,0,"[{""body_indices"": [0], ""symbol"": ""cudnnPointwiseGraph_f32""}]",1,0,6,0.0,6
aten,aten_fmod,/home/arjaiswal/Polygeist/issues/aten_c_kernels/results/aten_fmod/debuf.mlir,af62b6336a6871707e32e02a7761446a56e9f6be6247be48f8ffac924d21d032,syntactic,4,ok,0,1481.4199805259705,0,"[""/usr/bin/python3"", ""/home/arjaiswal/Polygeist/scripts/correctness/kernel_match_rewrite.py"", ""/home/arjaiswal/Polygeist/issues/aten_c_kernels/results/aten_fmod/debuf.mlir"", ""--dry-run"", ""--matcher-mode"", ""syntactic"", ""--telemetry-json"", ""/home/arjaiswal/Polygeist/issues/equality_saturation_eval/campaign_20260908/aten-aten_fmod-syntactic-mhi556e_.json"", ""--disable-semantic-fallback""]","== match report for /home/arjaiswal/Polygeist/issues/aten_c_kernels/results/aten_fmod/debuf.mlir ==
  match          body#[0]  cudnnPointwiseGraph_f32
  total: 1 matched / 1 bodies
",0,[],0,0,0,0,/home/arjaiswal/Polygeist/issues/aten_c_kernels/results/aten_fmod/debuf.mlir,2017,0,1,1,701.7142176628113,0,65620,0.024359673261642456,0,0,0,0,"[{""body_indices"": [0], ""symbol"": ""cudnnPointwiseGraph_f32""}]",1,0,6,0.0,6
aten,aten_fmod,/home/arjaiswal/Polygeist/issues/aten_c_kernels/results/aten_fmod/debuf.mlir,af62b6336a6871707e32e02a7761446a56e9f6be6247be48f8ffac924d21d032,egglog,4,ok,0,2137.9680298268795,0,"[""/usr/bin/python3"", ""/home/arjaiswal/Polygeist/scripts/correctness/kernel_match_rewrite.py"", ""/home/arjaiswal/Polygeist/issues/aten_c_kernels/results/aten_fmod/debuf.mlir"", ""--dry-run"", ""--matcher-mode"", ""egglog"", ""--telemetry-json"", ""/home/arjaiswal/Polygeist/issues/equality_saturation_eval/campaign_20260908/aten-aten_fmod-egglog-s0jgu1oj.json"", ""--disable-semantic-fallback""]","== match report for /home/arjaiswal/Polygeist/issues/aten_c_kernels/results/aten_fmod/debuf.mlir ==
  match          body#[0]  cudnnPointwiseGraph_f32
  total: 1 matched / 1 bodies
",0,[],0,0,0,0,/home/arjaiswal/Polygeist/issues/aten_c_kernels/results/aten_fmod/debuf.mlir,2017,8,1,1,1024.0393355488777,0,65696,0.0,0,0,0,0,"[{""body_indices"": [0], ""symbol"": ""cudnnPointwiseGraph_f32""}]",1,0,0,0.0,6
aten,aten_fmod,/home/arjaiswal/Polygeist/issues/aten_c_kernels/results/aten_fmod/debuf.mlir,af62b6336a6871707e32e02a7761446a56e9f6be6247be48f8ffac924d21d032,egglog,5,ok,0,1514.049880206585,0,"[""/usr/bin/python3"", ""/home/arjaiswal/Polygeist/scripts/correctness/kernel_match_rewrite.py"", ""/home/arjaiswal/Polygeist/issues/aten_c_kernels/results/aten_fmod/debuf.mlir"", ""--dry-run"", ""--matcher-mode"", ""egglog"", ""--telemetry-json"", ""/home/arjaiswal/Polygeist/issues/equality_saturation_eval/campaign_20260908/aten-aten_fmod-egglog-rddbjrsn.json"", ""--disable-semantic-fallback""]","== match report for /home/arjaiswal/Polygeist/issues/aten_c_kernels/results/aten_fmod/debuf.mlir ==
  match          body#[0]  cudnnPointwiseGraph_f32
  total: 1 matched / 1 bodies
",0,[],0,0,0,0,/home/arjaiswal/Polygeist/issues/aten_c_kernels/results/aten_fmod/debuf.mlir,2017,8,1,1,625.4968456923962,0,65772,0.0,0,0,0,0,"[{""body_indices"": [0], ""symbol"": ""cudnnPointwiseGraph_f32""}]",1,0,0,0.0,6
aten,aten_fmod,/home/arjaiswal/Polygeist/issues/aten_c_kernels/results/aten_fmod/debuf.mlir,af62b6336a6871707e32e02a7761446a56e9f6be6247be48f8ffac924d21d032,syntactic,5,ok,0,804.0736168622971,0,"[""/usr/bin/python3"", ""/home/arjaiswal/Polygeist/scripts/correctness/kernel_match_rewrite.py"", ""/home/arjaiswal/Polygeist/issues/aten_c_kernels/results/aten_fmod/debuf.mlir"", ""--dry-run"", ""--matcher-mode"", ""syntactic"", ""--telemetry-json"", ""/home/arjaiswal/Polygeist/issues/equality_saturation_eval/campaign_20260908/aten-aten_fmod-syntactic-9giq6j0f.json"", ""--disable-semantic-fallback""]","== match report for /home/arjaiswal/Polygeist/issues/aten_c_kernels/results/aten_fmod/debuf.mlir ==
  match          body#[0]  cudnnPointwiseGraph_f32
  total: 1 matched / 1 bodies
",0,[],0,0,0,0,/home/arjaiswal/Polygeist/issues/aten_c_kernels/results/aten_fmod/debuf.mlir,2017,0,1,1,303.2786138355732,0,65500,0.02464279532432556,0,0,0,0,"[{""body_indices"": [0], ""symbol"": ""cudnnPointwiseGraph_f32""}]",1,0,6,0.0,6
aten,aten_fp16_dot_cpu,/home/arjaiswal/Polygeist/issues/aten_c_kernels/results/aten_fp16_dot_cpu/debuf.mlir,a6fa53b94ee4d977f3422fc16c40cbacae2e270df7fe9d03e7eb88d67bdf363a,syntactic,1,ok,0,964.3178656697273,0,"[""/usr/bin/python3"", ""/home/arjaiswal/Polygeist/scripts/correctness/kernel_match_rewrite.py"", ""/home/arjaiswal/Polygeist/issues/aten_c_kernels/results/aten_fp16_dot_cpu/debuf.mlir"", ""--dry-run"", ""--matcher-mode"", ""syntactic"", ""--telemetry-json"", ""/home/arjaiswal/Polygeist/issues/equality_saturation_eval/campaign_20260908/aten-aten_fp16_dot_cpu-syntactic-nzse5c5b.json"", ""--disable-semantic-fallback""]","== match report for /home/arjaiswal/Polygeist/issues/aten_c_kernels/results/aten_fp16_dot_cpu/debuf.mlir ==
  match          body#[0]  cublasSdot
  total: 1 matched / 1 bodies
",0,[],0,0,0,0,/home/arjaiswal/Polygeist/issues/aten_c_kernels/results/aten_fp16_dot_cpu/debuf.mlir,2329,0,1,1,305.1180839538574,0,64712,0.023066997528076172,0,2,0,0,"[{""body_indices"": [0], ""symbol"": ""cublasSdot""}]",1,0,2,0.0,2
aten,aten_fp16_dot_cpu,/home/arjaiswal/Polygeist/issues/aten_c_kernels/results/aten_fp16_dot_cpu/debuf.mlir,a6fa53b94ee4d977f3422fc16c40cbacae2e270df7fe9d03e7eb88d67bdf363a,egglog,1,ok,0,1835.300900042057,0,"[""/usr/bin/python3"", ""/home/arjaiswal/Polygeist/scripts/correctness/kernel_match_rewrite.py"", ""/home/arjaiswal/Polygeist/issues/aten_c_kernels/results/aten_fp16_dot_cpu/debuf.mlir"", ""--dry-run"", ""--matcher-mode"", ""egglog"", ""--telemetry-json"", ""/home/arjaiswal/Polygeist/issues/equality_saturation_eval/campaign_20260908/aten-aten_fp16_dot_cpu-egglog-iq5k91ce.json"", ""--disable-semantic-fallback""]","== match report for /home/arjaiswal/Polygeist/issues/aten_c_kernels/results/aten_fp16_dot_cpu/debuf.mlir ==
  match          body#[0]  cublasSdot
  total: 1 matched / 1 bodies
",0,[],0,0,0,0,/home/arjaiswal/Polygeist/issues/aten_c_kernels/results/aten_fp16_dot_cpu/debuf.mlir,2329,8,1,1,618.4125691652298,0,69500,69.31234523653984,2,2,0,8,"[{""body_indices"": [0], ""symbol"": ""cublasSdot""}]",1,0,0,0.0,2
aten,aten_fp16_dot_cpu,/home/arjaiswal/Polygeist/issues/aten_c_kernels/results/aten_fp16_dot_cpu/debuf.mlir,a6fa53b94ee4d977f3422fc16c40cbacae2e270df7fe9d03e7eb88d67bdf363a,egglog,2,ok,0,1710.4787677526474,0,"[""/usr/bin/python3"", ""/home/arjaiswal/Polygeist/scripts/correctness/kernel_match_rewrite.py"", ""/home/arjaiswal/Polygeist/issues/aten_c_kernels/results/aten_fp16_dot_cpu/debuf.mlir"", ""--dry-run"", ""--matcher-mode"", ""egglog"", ""--telemetry-json"", ""/home/arjaiswal/Polygeist/issues/equality_saturation_eval/campaign_20260908/aten-aten_fp16_dot_cpu-egglog-86cpivxs.json"", ""--disable-semantic-fallback""]","== match report for /home/arjaiswal/Polygeist/issues/aten_c_kernels/results/aten_fp16_dot_cpu/debuf.mlir ==
  match          body#[0]  cublasSdot
  total: 1 matched / 1 bodies
",0,[],0,0,0,0,/home/arjaiswal/Polygeist/issues/aten_c_kernels/results/aten_fp16_dot_cpu/debuf.mlir,2329,8,1,1,703.9850614964962,0,69268,78.52254435420036,2,2,0,8,"[{""body_indices"": [0], ""symbol"": ""cublasSdot""}]",1,0,0,0.0,2
aten,aten_fp16_dot_cpu,/home/arjaiswal/Polygeist/issues/aten_c_kernels/results/aten_fp16_dot_cpu/debuf.mlir,a6fa53b94ee4d977f3422fc16c40cbacae2e270df7fe9d03e7eb88d67bdf363a,syntactic,2,ok,0,1602.340642362833,0,"[""/usr/bin/python3"", ""/home/arjaiswal/Polygeist/scripts/correctness/kernel_match_rewrite.py"", ""/home/arjaiswal/Polygeist/issues/aten_c_kernels/results/aten_fp16_dot_cpu/debuf.mlir"", ""--dry-run"", ""--matcher-mode"", ""syntactic"", ""--telemetry-json"", ""/home/arjaiswal/Polygeist/issues/equality_saturation_eval/campaign_20260908/aten-aten_fp16_dot_cpu-syntactic-cygltl6t.json"", ""--disable-semantic-fallback""]","== match report for /home/arjaiswal/Polygeist/issues/aten_c_kernels/results/aten_fp16_dot_cpu/debuf.mlir ==
  match          body#[0]  cublasSdot
  total: 1 matched / 1 bodies
",0,[],0,0,0,0,/home/arjaiswal/Polygeist/issues/aten_c_kernels/results/aten_fp16_dot_cpu/debuf.mlir,2329,0,1,1,608.6784936487675,0,64860,0.024102628231048584,0,2,0,0,"[{""body_indices"": [0], ""symbol"": ""cublasSdot""}]",1,0,2,0.0,2
aten,aten_fp16_dot_cpu,/home/arjaiswal/Polygeist/issues/aten_c_kernels/results/aten_fp16_dot_cpu/debuf.mlir,a6fa53b94ee4d977f3422fc16c40cbacae2e270df7fe9d03e7eb88d67bdf363a,syntactic,3,ok,0,1981.7260913550854,0,"[""/usr/bin/python3"", ""/home/arjaiswal/Polygeist/scripts/correctness/kernel_match_rewrite.py"", ""/home/arjaiswal/Polygeist/issues/aten_c_kernels/results/aten_fp16_dot_cpu/debuf.mlir"", ""--dry-run"", ""--matcher-mode"", ""syntactic"", ""--telemetry-json"", ""/home/arjaiswal/Polygeist/issues/equality_saturation_eval/campaign_20260908/aten-aten_fp16_dot_cpu-syntactic-p718vq9t.json"", ""--disable-semantic-fallback""]","== match report for /home/arjaiswal/Polygeist/issues/aten_c_kernels/results/aten_fp16_dot_cpu/debuf.mlir ==
  match          body#[0]  cublasSdot
  total: 1 matched / 1 bodies
",0,[],0,0,0,0,/home/arjaiswal/Polygeist/issues/aten_c_kernels/results/aten_fp16_dot_cpu/debuf.mlir,2329,0,1,1,841.871228069067,0,64424,0.037979334592819214,0,2,0,0,"[{""body_indices"": [0], ""symbol"": ""cublasSdot""}]",1,0,2,0.0,2
aten,aten_fp16_dot_cpu,/home/arjaiswal/Polygeist/issues/aten_c_kernels/results/aten_fp16_dot_cpu/debuf.mlir,a6fa53b94ee4d977f3422fc16c40cbacae2e270df7fe9d03e7eb88d67bdf363a,egglog,3,ok,0,1773.3005732297897,0,"[""/usr/bin/python3"", ""/home/arjaiswal/Polygeist/scripts/correctness/kernel_match_rewrite.py"", ""/home/arjaiswal/Polygeist/issues/aten_c_kernels/results/aten_fp16_dot_cpu/debuf.mlir"", ""--dry-run"", ""--matcher-mode"", ""egglog"", ""--telemetry-json"", ""/home/arjaiswal/Polygeist/issues/equality_saturation_eval/campaign_20260908/aten-aten_fp16_dot_cpu-egglog-7lzjzowh.json"", ""--disable-semantic-fallback""]","== match report for /home/arjaiswal/Polygeist/issues/aten_c_kernels/results/aten_fp16_dot_cpu/debuf.mlir ==
  match          body#[0]  cublasSdot
  total: 1 matched / 1 bodies
",0,[],0,0,0,0,/home/arjaiswal/Polygeist/issues/aten_c_kernels/results/aten_fp16_dot_cpu/debuf.mlir,2329,8,1,1,711.2076431512833,0,69396,57.18841776251793,2,2,0,8,"[{""body_indices"": [0], ""symbol"": ""cublasSdot""}]",1,0,0,0.0,2
aten,aten_fp16_dot_cpu,/home/arjaiswal/Polygeist/issues/aten_c_kernels/results/aten_fp16_dot_cpu/debuf.mlir,a6fa53b94ee4d977f3422fc16c40cbacae2e270df7fe9d03e7eb88d67bdf363a,egglog,4,ok,0,1444.9007771909237,0,"[""/usr/bin/python3"", ""/home/arjaiswal/Polygeist/scripts/correctness/kernel_match_rewrite.py"", ""/home/arjaiswal/Polygeist/issues/aten_c_kernels/results/aten_fp16_dot_cpu/debuf.mlir"", ""--dry-run"", ""--matcher-mode"", ""egglog"", ""--telemetry-json"", ""/home/arjaiswal/Polygeist/issues/equality_saturation_eval/campaign_20260908/aten-aten_fp16_dot_cpu-egglog-es99833o.json"", ""--disable-semantic-fallback""]","== match report for /home/arjaiswal/Polygeist/issues/aten_c_kernels/results/aten_fp16_dot_cpu/debuf.mlir ==
  match          body#[0]  cublasSdot
  total: 1 matched / 1 bodies
",0,[],0,0,0,0,/home/arjaiswal/Polygeist/issues/aten_c_kernels/results/aten_fp16_dot_cpu/debuf.mlir,2329,8,1,1,519.5474103093147,0,69640,27.262695133686066,2,2,0,8,"[{""body_indices"": [0], ""symbol"": ""cublasSdot""}]",1,0,0,0.0,2
aten,aten_fp16_dot_cpu,/home/arjaiswal/Polygeist/issues/aten_c_kernels/results/aten_fp16_dot_cpu/debuf.mlir,a6fa53b94ee4d977f3422fc16c40cbacae2e270df7fe9d03e7eb88d67bdf363a,syntactic,4,ok,0,848.7408608198166,0,"[""/usr/bin/python3"", ""/home/arjaiswal/Polygeist/scripts/correctness/kernel_match_rewrite.py"", ""/home/arjaiswal/Polygeist/issues/aten_c_kernels/results/aten_fp16_dot_cpu/debuf.mlir"", ""--dry-run"", ""--matcher-mode"", ""syntactic"", ""--telemetry-json"", ""/home/arjaiswal/Polygeist/issues/equality_saturation_eval/campaign_20260908/aten-aten_fp16_dot_cpu-syntactic-nbolzz69.json"", ""--disable-semantic-fallback""]","== match report for /home/arjaiswal/Polygeist/issues/aten_c_kernels/results/aten_fp16_dot_cpu/debuf.mlir ==
  match          body#[0]  cublasSdot
  total: 1 matched / 1 bodies
",0,[],0,0,0,0,/home/arjaiswal/Polygeist/issues/aten_c_kernels/results/aten_fp16_dot_cpu/debuf.mlir,2329,0,1,1,303.4806475043297,0,64876,0.022705644369125366,0,2,0,0,"[{""body_indices"": [0], ""symbol"": ""cublasSdot""}]",1,0,2,0.0,2
aten,aten_fp16_dot_cpu,/home/arjaiswal/Polygeist/issues/aten_c_kernels/results/aten_fp16_dot_cpu/debuf.mlir,a6fa53b94ee4d977f3422fc16c40cbacae2e270df7fe9d03e7eb88d67bdf363a,syntactic,5,ok,0,1154.6598076820374,0,"[""/usr/bin/python3"", ""/home/arjaiswal/Polygeist/scripts/correctness/kernel_match_rewrite.py"", ""/home/arjaiswal/Polygeist/issues/aten_c_kernels/results/aten_fp16_dot_cpu/debuf.mlir"", ""--dry-run"", ""--matcher-mode"", ""syntactic"", ""--telemetry-json"", ""/home/arjaiswal/Polygeist/issues/equality_saturation_eval/campaign_20260908/aten-aten_fp16_dot_cpu-syntactic-a4uko21z.json"", ""--disable-semantic-fallback""]","== match report for /home/arjaiswal/Polygeist/issues/aten_c_kernels/results/aten_fp16_dot_cpu/debuf.mlir ==
  match          body#[0]  cublasSdot
  total: 1 matched / 1 bodies
",0,[],0,0,0,0,/home/arjaiswal/Polygeist/issues/aten_c_kernels/results/aten_fp16_dot_cpu/debuf.mlir,2329,0,1,1,300.14993250370026,0,64700,0.022701919078826904,0,2,0,0,"[{""body_indices"": [0], ""symbol"": ""cublasSdot""}]",1,0,2,0.0,2
aten,aten_fp16_dot_cpu,/home/arjaiswal/Polygeist/issues/aten_c_kernels/results/aten_fp16_dot_cpu/debuf.mlir,a6fa53b94ee4d977f3422fc16c40cbacae2e270df7fe9d03e7eb88d67bdf363a,egglog,5,ok,0,843.6012230813503,0,"[""/usr/bin/python3"", ""/home/arjaiswal/Polygeist/scripts/correctness/kernel_match_rewrite.py"", ""/home/arjaiswal/Polygeist/issues/aten_c_kernels/results/aten_fp16_dot_cpu/debuf.mlir"", ""--dry-run"", ""--matcher-mode"", ""egglog"", ""--telemetry-json"", ""/home/arjaiswal/Polygeist/issues/equality_saturation_eval/campaign_20260908/aten-aten_fp16_dot_cpu-egglog-9rwaueso.json"", ""--disable-semantic-fallback""]","== match report for /home/arjaiswal/Polygeist/issues/aten_c_kernels/results/aten_fp16_dot_cpu/debuf.mlir ==
  match          body#[0]  cublasSdot
  total: 1 matched / 1 bodies
",0,[],0,0,0,0,/home/arjaiswal/Polygeist/issues/aten_c_kernels/results/aten_fp16_dot_cpu/debuf.mlir,2329,8,1,1,337.3376801609993,0,69488,24.679068475961685,2,2,0,8,"[{""body_indices"": [0], ""symbol"": ""cublasSdot""}]",1,0,0,0.0,2
aten,aten_fp16_gemv_f16arith_cpu,/home/arjaiswal/Polygeist/issues/aten_c_kernels/results/aten_fp16_gemv_f16arith_cpu/debuf.mlir,76f032100e1af6bdc399201baf8c0a694bb727ff68845d3b57277025b5db40a6,egglog,1,ok,0,1174.014862626791,0,"[""/usr/bin/python3"", ""/home/arjaiswal/Polygeist/scripts/correctness/kernel_match_rewrite.py"", ""/home/arjaiswal/Polygeist/issues/aten_c_kernels/results/aten_fp16_gemv_f16arith_cpu/debuf.mlir"", ""--dry-run"", ""--matcher-mode"", ""egglog"", ""--telemetry-json"", ""/home/arjaiswal/Polygeist/issues/equality_saturation_eval/campaign_20260908/aten-aten_fp16_gemv_f16arith_cpu-egglog-rue1ql1h.json"", ""--disable-semantic-fallback""]","== match report for /home/arjaiswal/Polygeist/issues/aten_c_kernels/results/aten_fp16_gemv_f16arith_cpu/debuf.mlir ==
  match          body#[0, 1]  cublasSgemv
  total: 1 matched / 1 bodies
",0,[],0,0,0,0,/home/arjaiswal/Polygeist/issues/aten_c_kernels/results/aten_fp16_gemv_f16arith_cpu/debuf.mlir,2871,8,2,2,513.2312439382076,0,69696,161.7819108068943,14,14,0,8,"[{""body_indices"": [0, 1], ""symbol"": ""cublasSgemv""}]",1,0,0,0.0,16
aten,aten_fp16_gemv_f16arith_cpu,/home/arjaiswal/Polygeist/issues/aten_c_kernels/results/aten_fp16_gemv_f16arith_cpu/debuf.mlir,76f032100e1af6bdc399201baf8c0a694bb727ff68845d3b57277025b5db40a6,syntactic,1,ok,0,1232.8472770750523,0,"[""/usr/bin/python3"", ""/home/arjaiswal/Polygeist/scripts/correctness/kernel_match_rewrite.py"", ""/home/arjaiswal/Polygeist/issues/aten_c_kernels/results/aten_fp16_gemv_f16arith_cpu/debuf.mlir"", ""--dry-run"", ""--matcher-mode"", ""syntactic"", ""--telemetry-json"", ""/home/arjaiswal/Polygeist/issues/equality_saturation_eval/campaign_20260908/aten-aten_fp16_gemv_f16arith_cpu-syntactic-szwnprcc.json"", ""--disable-semantic-fallback""]","== match report for /home/arjaiswal/Polygeist/issues/aten_c_kernels/results/aten_fp16_gemv_f16arith_cpu/debuf.mlir ==
  match          body#[0, 1]  cublasSgemv
  total: 1 matched / 1 bodies
",0,[],0,0,0,0,/home/arjaiswal/Polygeist/issues/aten_c_kernels/results/aten_fp16_gemv_f16arith_cpu/debuf.mlir,2871,0,2,2,349.52574595808983,0,65772,0.0668838620185852,0,14,0,0,"[{""body_indices"": [0, 1], ""symbol"": ""cublasSgemv""}]",1,0,16,0.0,16
aten,aten_fp16_gemv_f16arith_cpu,/home/arjaiswal/Polygeist/issues/aten_c_kernels/results/aten_fp16_gemv_f16arith_cpu/debuf.mlir,76f032100e1af6bdc399201baf8c0a694bb727ff68845d3b57277025b5db40a6,syntactic,2,ok,0,798.3034886419773,0,"[""/usr/bin/python3"", ""/home/arjaiswal/Polygeist/scripts/correctness/kernel_match_rewrite.py"", ""/home/arjaiswal/Polygeist/issues/aten_c_kernels/results/aten_fp16_gemv_f16arith_cpu/debuf.mlir"", ""--dry-run"", ""--matcher-mode"", ""syntactic"", ""--telemetry-json"", ""/home/arjaiswal/Polygeist/issues/equality_saturation_eval/campaign_20260908/aten-aten_fp16_gemv_f16arith_cpu-syntactic-so7nr7vg.json"", ""--disable-semantic-fallback""]","== match report for /home/arjaiswal/Polygeist/issues/aten_c_kernels/results/aten_fp16_gemv_f16arith_cpu/debuf.mlir ==
  match          body#[0, 1]  cublasSgemv
  total: 1 matched / 1 bodies
",0,[],0,0,0,0,/home/arjaiswal/Polygeist/issues/aten_c_kernels/results/aten_fp16_gemv_f16arith_cpu/debuf.mlir,2871,0,2,2,319.558996707201,0,65648,0.06226077675819397,0,14,0,0,"[{""body_indices"": [0, 1], ""symbol"": ""cublasSgemv""}]",1,0,16,0.0,16
aten,aten_fp16_gemv_f16arith_cpu,/home/arjaiswal/Polygeist/issues/aten_c_kernels/results/aten_fp16_gemv_f16arith_cpu/debuf.mlir,76f032100e1af6bdc399201baf8c0a694bb727ff68845d3b57277025b5db40a6,egglog,2,ok,0,1211.27525344491,0,"[""/usr/bin/python3"", ""/home/arjaiswal/Polygeist/scripts/correctness/kernel_match_rewrite.py"", ""/home/arjaiswal/Polygeist/issues/aten_c_kernels/results/aten_fp16_gemv_f16arith_cpu/debuf.mlir"", ""--dry-run"", ""--matcher-mode"", ""egglog"", ""--telemetry-json"", ""/home/arjaiswal/Polygeist/issues/equality_saturation_eval/campaign_20260908/aten-aten_fp16_gemv_f16arith_cpu-egglog-8i5ioesi.json"", ""--disable-semantic-fallback""]","== match report for /home/arjaiswal/Polygeist/issues/aten_c_kernels/results/aten_fp16_gemv_f16arith_cpu/debuf.mlir ==
  match          body#[0, 1]  cublasSgemv
  total: 1 matched / 1 bodies
",0,[],0,0,0,0,/home/arjaiswal/Polygeist/issues/aten_c_kernels/results/aten_fp16_gemv_f16arith_cpu/debuf.mlir,2871,8,2,2,579.9645818769932,0,69840,200.9848691523075,14,14,0,8,"[{""body_indices"": [0, 1], ""symbol"": ""cublasSgemv""}]",1,0,0,0.0,16
aten,aten_fp16_gemv_f16arith_cpu,/home/arjaiswal/Polygeist/issues/aten_c_kernels/results/aten_fp16_gemv_f16arith_cpu/debuf.mlir,76f032100e1af6bdc399201baf8c0a694bb727ff68845d3b57277025b5db40a6,egglog,3,ok,0,2110.962353646755,0,"[""/usr/bin/python3"", ""/home/arjaiswal/Polygeist/scripts/correctness/kernel_match_rewrite.py"", ""/home/arjaiswal/Polygeist/issues/aten_c_kernels/results/aten_fp16_gemv_f16arith_cpu/debuf.mlir"", ""--dry-run"", ""--matcher-mode"", ""egglog"", ""--telemetry-json"", ""/home/arjaiswal/Polygeist/issues/equality_saturation_eval/campaign_20260908/aten-aten_fp16_gemv_f16arith_cpu-egglog-vatmm4f9.json"", ""--disable-semantic-fallback""]","== match report for /home/arjaiswal/Polygeist/issues/aten_c_kernels/results/aten_fp16_gemv_f16arith_cpu/debuf.mlir ==
  match          body#[0, 1]  cublasSgemv
  total: 1 matched / 1 bodies
",0,[],0,0,0,0,/home/arjaiswal/Polygeist/issues/aten_c_kernels/results/aten_fp16_gemv_f16arith_cpu/debuf.mlir,2871,8,2,2,1080.6773230433464,0,69688,342.7649475634098,14,14,0,8,"[{""body_indices"": [0, 1], ""symbol"": ""cublasSgemv""}]",1,0,0,0.0,16
aten,aten_fp16_gemv_f16arith_cpu,/home/arjaiswal/Polygeist/issues/aten_c_kernels/results/aten_fp16_gemv_f16arith_cpu/debuf.mlir,76f032100e1af6bdc399201baf8c0a694bb727ff68845d3b57277025b5db40a6,syntactic,3,ok,0,1157.1093164384365,0,"[""/usr/bin/python3"", ""/home/arjaiswal/Polygeist/scripts/correctness/kernel_match_rewrite.py"", ""/home/arjaiswal/Polygeist/issues/aten_c_kernels/results/aten_fp16_gemv_f16arith_cpu/debuf.mlir"", ""--dry-run"", ""--matcher-mode"", ""syntactic"", ""--telemetry-json"", ""/home/arjaiswal/Polygeist/issues/equality_saturation_eval/campaign_20260908/aten-aten_fp16_gemv_f16arith_cpu-syntactic-4j80lj0i.json"", ""--disable-semantic-fallback""]","== match report for /home/arjaiswal/Polygeist/issues/aten_c_kernels/results/aten_fp16_gemv_f16arith_cpu/debuf.mlir ==
  match          body#[0, 1]  cublasSgemv
  total: 1 matched / 1 bodies
",0,[],0,0,0,0,/home/arjaiswal/Polygeist/issues/aten_c_kernels/results/aten_fp16_gemv_f16arith_cpu/debuf.mlir,2871,0,2,2,314.983244985342,0,65740,0.06502494215965271,0,14,0,0,"[{""body_indices"": [0, 1], ""symbol"": ""cublasSgemv""}]",1,0,16,0.0,16
aten,aten_fp16_gemv_f16arith_cpu,/home/arjaiswal/Polygeist/issues/aten_c_kernels/results/aten_fp16_gemv_f16arith_cpu/debuf.mlir,76f032100e1af6bdc399201baf8c0a694bb727ff68845d3b57277025b5db40a6,syntactic,4,ok,0,927.3269176483154,0,"[""/usr/bin/python3"", ""/home/arjaiswal/Polygeist/scripts/correctness/kernel_match_rewrite.py"", ""/home/arjaiswal/Polygeist/issues/aten_c_kernels/results/aten_fp16_gemv_f16arith_cpu/debuf.mlir"", ""--dry-run"", ""--matcher-mode"", ""syntactic"", ""--telemetry-json"", ""/home/arjaiswal/Polygeist/issues/equality_saturation_eval/campaign_20260908/aten-aten_fp16_gemv_f16arith_cpu-syntactic-ahtbsdr8.json"", ""--disable-semantic-fallback""]","== match report for /home/arjaiswal/Polygeist/issues/aten_c_kernels/results/aten_fp16_gemv_f16arith_cpu/debuf.mlir ==
  match          body#[0, 1]  cublasSgemv
  total: 1 matched / 1 bodies
",0,[],0,0,0,0,/home/arjaiswal/Polygeist/issues/aten_c_kernels/results/aten_fp16_gemv_f16arith_cpu/debuf.mlir,2871,0,2,2,300.25099590420723,0,65616,0.06397441029548645,0,14,0,0,"[{""body_indices"": [0, 1], ""symbol"": ""cublasSgemv""}]",1,0,16,0.0,16
aten,aten_fp16_gemv_f16arith_cpu,/home/arjaiswal/Polygeist/issues/aten_c_kernels/results/aten_fp16_gemv_f16arith_cpu/debuf.mlir,76f032100e1af6bdc399201baf8c0a694bb727ff68845d3b57277025b5db40a6,egglog,4,ok,0,1090.2144834399223,0,"[""/usr/bin/python3"", ""/home/arjaiswal/Polygeist/scripts/correctness/kernel_match_rewrite.py"", ""/home/arjaiswal/Polygeist/issues/aten_c_kernels/results/aten_fp16_gemv_f16arith_cpu/debuf.mlir"", ""--dry-run"", ""--matcher-mode"", ""egglog"", ""--telemetry-json"", ""/home/arjaiswal/Polygeist/issues/equality_saturation_eval/campaign_20260908/aten-aten_fp16_gemv_f16arith_cpu-egglog-a99h_jza.json"", ""--disable-semantic-fallback""]","== match report for /home/arjaiswal/Polygeist/issues/aten_c_kernels/results/aten_fp16_gemv_f16arith_cpu/debuf.mlir ==
  match          body#[0, 1]  cublasSgemv
  total: 1 matched / 1 bodies
",0,[],0,0,0,0,/home/arjaiswal/Polygeist/issues/aten_c_kernels/results/aten_fp16_gemv_f16arith_cpu/debuf.mlir,2871,8,2,2,529.114481061697,0,69920,179.15018275380135,14,14,0,8,"[{""body_indices"": [0, 1], ""symbol"": ""cublasSgemv""}]",1,0,0,0.0,16
aten,aten_fp16_gemv_f16arith_cpu,/home/arjaiswal/Polygeist/issues/aten_c_kernels/results/aten_fp16_gemv_f16arith_cpu/debuf.mlir,76f032100e1af6bdc399201baf8c0a694bb727ff68845d3b57277025b5db40a6,egglog,5,ok,0,1525.8097760379314,0,"[""/usr/bin/python3"", ""/home/arjaiswal/Polygeist/scripts/correctness/kernel_match_rewrite.py"", ""/home/arjaiswal/Polygeist/issues/aten_c_kernels/results/aten_fp16_gemv_f16arith_cpu/debuf.mlir"", ""--dry-run"", ""--matcher-mode"", ""egglog"", ""--telemetry-json"", ""/home/arjaiswal/Polygeist/issues/equality_saturation_eval/campaign_20260908/aten-aten_fp16_gemv_f16arith_cpu-egglog-8n38092h.json"", ""--disable-semantic-fallback""]","== match report for /home/arjaiswal/Polygeist/issues/aten_c_kernels/results/aten_fp16_gemv_f16arith_cpu/debuf.mlir ==
  match          body#[0, 1]  cublasSgemv
  total: 1 matched / 1 bodies
",0,[],0,0,0,0,/home/arjaiswal/Polygeist/issues/aten_c_kernels/results/aten_fp16_gemv_f16arith_cpu/debuf.mlir,2871,8,2,2,887.604296207428,0,69772,233.1627793610096,14,14,0,8,"[{""body_indices"": [0, 1], ""symbol"": ""cublasSgemv""}]",1,0,0,0.0,16
aten,aten_fp16_gemv_f16arith_cpu,/home/arjaiswal/Polygeist/issues/aten_c_kernels/results/aten_fp16_gemv_f16arith_cpu/debuf.mlir,76f032100e1af6bdc399201baf8c0a694bb727ff68845d3b57277025b5db40a6,syntactic,5,ok,0,1974.2748998105526,0,"[""/usr/bin/python3"", ""/home/arjaiswal/Polygeist/scripts/correctness/kernel_match_rewrite.py"", ""/home/arjaiswal/Polygeist/issues/aten_c_kernels/results/aten_fp16_gemv_f16arith_cpu/debuf.mlir"", ""--dry-run"", ""--matcher-mode"", ""syntactic"", ""--telemetry-json"", ""/home/arjaiswal/Polygeist/issues/equality_saturation_eval/campaign_20260908/aten-aten_fp16_gemv_f16arith_cpu-syntactic-i055ckh4.json"", ""--disable-semantic-fallback""]","== match report for /home/arjaiswal/Polygeist/issues/aten_c_kernels/results/aten_fp16_gemv_f16arith_cpu/debuf.mlir ==
  match          body#[0, 1]  cublasSgemv
  total: 1 matched / 1 bodies
",0,[],0,0,0,0,/home/arjaiswal/Polygeist/issues/aten_c_kernels/results/aten_fp16_gemv_f16arith_cpu/debuf.mlir,2871,0,2,2,933.9355006814003,0,65668,0.08615851402282715,0,14,0,0,"[{""body_indices"": [0, 1], ""symbol"": ""cublasSgemv""}]",1,0,16,0.0,16
aten,aten_fp16_gemv_f32arith_cpu,/home/arjaiswal/Polygeist/issues/aten_c_kernels/results/aten_fp16_gemv_f32arith_cpu/debuf.mlir,9caa1d9ff1952ead442b9f45156cdf609ec927fb51b63fae65681b484ecc993c,syntactic,1,ok,0,2507.7690929174423,0,"[""/usr/bin/python3"", ""/home/arjaiswal/Polygeist/scripts/correctness/kernel_match_rewrite.py"", ""/home/arjaiswal/Polygeist/issues/aten_c_kernels/results/aten_fp16_gemv_f32arith_cpu/debuf.mlir"", ""--dry-run"", ""--matcher-mode"", ""syntactic"", ""--telemetry-json"", ""/home/arjaiswal/Polygeist/issues/equality_saturation_eval/campaign_20260908/aten-aten_fp16_gemv_f32arith_cpu-syntactic-gnp5ywad.json"", ""--disable-semantic-fallback""]","== match report for /home/arjaiswal/Polygeist/issues/aten_c_kernels/results/aten_fp16_gemv_f32arith_cpu/debuf.mlir ==
  match          body#[0, 1]  cublasSgemv
  total: 1 matched / 1 bodies
",0,[],0,0,0,0,/home/arjaiswal/Polygeist/issues/aten_c_kernels/results/aten_fp16_gemv_f32arith_cpu/debuf.mlir,2871,0,2,2,1020.4620473086834,0,65940,0.07479637861251831,0,14,0,0,"[{""body_indices"": [0, 1], ""symbol"": ""cublasSgemv""}]",1,0,16,0.0,16
aten,aten_fp16_gemv_f32arith_cpu,/home/arjaiswal/Polygeist/issues/aten_c_kernels/results/aten_fp16_gemv_f32arith_cpu/debuf.mlir,9caa1d9ff1952ead442b9f45156cdf609ec927fb51b63fae65681b484ecc993c,egglog,1,ok,0,2510.0995153188705,0,"[""/usr/bin/python3"", ""/home/arjaiswal/Polygeist/scripts/correctness/kernel_match_rewrite.py"", ""/home/arjaiswal/Polygeist/issues/aten_c_kernels/results/aten_fp16_gemv_f32arith_cpu/debuf.mlir"", ""--dry-run"", ""--matcher-mode"", ""egglog"", ""--telemetry-json"", ""/home/arjaiswal/Polygeist/issues/equality_saturation_eval/campaign_20260908/aten-aten_fp16_gemv_f32arith_cpu-egglog-iwhdt9y6.json"", ""--disable-semantic-fallback""]","== match report for /home/arjaiswal/Polygeist/issues/aten_c_kernels/results/aten_fp16_gemv_f32arith_cpu/debuf.mlir ==
  match          body#[0, 1]  cublasSgemv
  total: 1 matched / 1 bodies
",0,[],0,0,0,0,/home/arjaiswal/Polygeist/issues/aten_c_kernels/results/aten_fp16_gemv_f32arith_cpu/debuf.mlir,2871,8,2,2,1153.7299454212189,0,69668,366.77077412605286,14,14,0,8,"[{""body_indices"": [0, 1], ""symbol"": ""cublasSgemv""}]",1,0,0,0.0,16
aten,aten_fp16_gemv_f32arith_cpu,/home/arjaiswal/Polygeist/issues/aten_c_kernels/results/aten_fp16_gemv_f32arith_cpu/debuf.mlir,9caa1d9ff1952ead442b9f45156cdf609ec927fb51b63fae65681b484ecc993c,egglog,2,ok,0,3466.986048966646,0,"[""/usr/bin/python3"", ""/home/arjaiswal/Polygeist/scripts/correctness/kernel_match_rewrite.py"", ""/home/arjaiswal/Polygeist/issues/aten_c_kernels/results/aten_fp16_gemv_f32arith_cpu/debuf.mlir"", ""--dry-run"", ""--matcher-mode"", ""egglog"", ""--telemetry-json"", ""/home/arjaiswal/Polygeist/issues/equality_saturation_eval/campaign_20260908/aten-aten_fp16_gemv_f32arith_cpu-egglog-6dpbfrfe.json"", ""--disable-semantic-fallback""]","== match report for /home/arjaiswal/Polygeist/issues/aten_c_kernels/results/aten_fp16_gemv_f32arith_cpu/debuf.mlir ==
  match          body#[0, 1]  cublasSgemv
  total: 1 matched / 1 bodies
",0,[],0,0,0,0,/home/arjaiswal/Polygeist/issues/aten_c_kernels/results/aten_fp16_gemv_f32arith_cpu/debuf.mlir,2871,8,2,2,1752.4702586233616,0,69720,464.92949873209,14,14,0,8,"[{""body_indices"": [0, 1], ""symbol"": ""cublasSgemv""}]",1,0,0,0.0,16
aten,aten_fp16_gemv_f32arith_cpu,/home/arjaiswal/Polygeist/issues/aten_c_kernels/results/aten_fp16_gemv_f32arith_cpu/debuf.mlir,9caa1d9ff1952ead442b9f45156cdf609ec927fb51b63fae65681b484ecc993c,syntactic,2,ok,0,1866.3661144673824,0,"[""/usr/bin/python3"", ""/home/arjaiswal/Polygeist/scripts/correctness/kernel_match_rewrite.py"", ""/home/arjaiswal/Polygeist/issues/aten_c_kernels/results/aten_fp16_gemv_f32arith_cpu/debuf.mlir"", ""--dry-run"", ""--matcher-mode"", ""syntactic"", ""--telemetry-json"", ""/home/arjaiswal/Polygeist/issues/equality_saturation_eval/campaign_20260908/aten-aten_fp16_gemv_f32arith_cpu-syntactic-hxhlaa5e.json"", ""--disable-semantic-fallback""]","== match report for /home/arjaiswal/Polygeist/issues/aten_c_kernels/results/aten_fp16_gemv_f32arith_cpu/debuf.mlir ==
  match          body#[0, 1]  cublasSgemv
  total: 1 matched / 1 bodies
",0,[],0,0,0,0,/home/arjaiswal/Polygeist/issues/aten_c_kernels/results/aten_fp16_gemv_f32arith_cpu/debuf.mlir,2871,0,2,2,374.65081363916397,0,65788,0.08426234126091003,0,14,0,0,"[{""body_indices"": [0, 1], ""symbol"": ""cublasSgemv""}]",1,0,16,0.0,16
aten,aten_fp16_gemv_f32arith_cpu,/home/arjaiswal/Polygeist/issues/aten_c_kernels/results/aten_fp16_gemv_f32arith_cpu/debuf.mlir,9caa1d9ff1952ead442b9f45156cdf609ec927fb51b63fae65681b484ecc993c,syntactic,3,ok,0,1505.6341104209423,0,"[""/usr/bin/python3"", ""/home/arjaiswal/Polygeist/scripts/correctness/kernel_match_rewrite.py"", ""/home/arjaiswal/Polygeist/issues/aten_c_kernels/results/aten_fp16_gemv_f32arith_cpu/debuf.mlir"", ""--dry-run"", ""--matcher-mode"", ""syntactic"", ""--telemetry-json"", ""/home/arjaiswal/Polygeist/issues/equality_saturation_eval/campaign_20260908/aten-aten_fp16_gemv_f32arith_cpu-syntactic-ji9biwyq.json"", ""--disable-semantic-fallback""]","== match report for /home/arjaiswal/Polygeist/issues/aten_c_kernels/results/aten_fp16_gemv_f32arith_cpu/debuf.mlir ==
  match          body#[0, 1]  cublasSgemv
  total: 1 matched / 1 bodies
",0,[],0,0,0,0,/home/arjaiswal/Polygeist/issues/aten_c_kernels/results/aten_fp16_gemv_f32arith_cpu/debuf.mlir,2871,0,2,2,460.143331438303,0,65736,0.09465217590332031,0,14,0,0,"[{""body_indices"": [0, 1], ""symbol"": ""cublasSgemv""}]",1,0,16,0.0,16
aten,aten_fp16_gemv_f32arith_cpu,/home/arjaiswal/Polygeist/issues/aten_c_kernels/results/aten_fp16_gemv_f32arith_cpu/debuf.mlir,9caa1d9ff1952ead442b9f45156cdf609ec927fb51b63fae65681b484ecc993c,egglog,3,ok,0,2172.8605404496193,0,"[""/usr/bin/python3"", ""/home/arjaiswal/Polygeist/scripts/correctness/kernel_match_rewrite.py"", ""/home/arjaiswal/Polygeist/issues/aten_c_kernels/results/aten_fp16_gemv_f32arith_cpu/debuf.mlir"", ""--dry-run"", ""--matcher-mode"", ""egglog"", ""--telemetry-json"", ""/home/arjaiswal/Polygeist/issues/equality_saturation_eval/campaign_20260908/aten-aten_fp16_gemv_f32arith_cpu-egglog-nackzfcp.json"", ""--disable-semantic-fallback""]","== match report for /home/arjaiswal/Polygeist/issues/aten_c_kernels/results/aten_fp16_gemv_f32arith_cpu/debuf.mlir ==
  match          body#[0, 1]  cublasSgemv
  total: 1 matched / 1 bodies
",0,[],0,0,0,0,/home/arjaiswal/Polygeist/issues/aten_c_kernels/results/aten_fp16_gemv_f32arith_cpu/debuf.mlir,2871,8,2,2,1118.0344820022583,0,69828,317.0154504477978,14,14,0,8,"[{""body_indices"": [0, 1], ""symbol"": ""cublasSgemv""}]",1,0,0,0.0,16
aten,aten_fp16_gemv_f32arith_cpu,/home/arjaiswal/Polygeist/issues/aten_c_kernels/results/aten_fp16_gemv_f32arith_cpu/debuf.mlir,9caa1d9ff1952ead442b9f45156cdf609ec927fb51b63fae65681b484ecc993c,egglog,4,ok,0,2352.937411516905,0,"[""/usr/bin/python3"", ""/home/arjaiswal/Polygeist/scripts/correctness/kernel_match_rewrite.py"", ""/home/arjaiswal/Polygeist/issues/aten_c_kernels/results/aten_fp16_gemv_f32arith_cpu/debuf.mlir"", ""--dry-run"", ""--matcher-mode"", ""egglog"", ""--telemetry-json"", ""/home/arjaiswal/Polygeist/issues/equality_saturation_eval/campaign_20260908/aten-aten_fp16_gemv_f32arith_cpu-egglog-ncv4sknx.json"", ""--disable-semantic-fallback""]","== match report for /home/arjaiswal/Polygeist/issues/aten_c_kernels/results/aten_fp16_gemv_f32arith_cpu/debuf.mlir ==
  match          body#[0, 1]  cublasSgemv
  total: 1 matched / 1 bodies
",0,[],0,0,0,0,/home/arjaiswal/Polygeist/issues/aten_c_kernels/results/aten_fp16_gemv_f32arith_cpu/debuf.mlir,2871,8,2,2,1320.5527365207672,0,69780,398.7460285425186,14,14,0,8,"[{""body_indices"": [0, 1], ""symbol"": ""cublasSgemv""}]",1,0,0,0.0,16
aten,aten_fp16_gemv_f32arith_cpu,/home/arjaiswal/Polygeist/issues/aten_c_kernels/results/aten_fp16_gemv_f32arith_cpu/debuf.mlir,9caa1d9ff1952ead442b9f45156cdf609ec927fb51b63fae65681b484ecc993c,syntactic,4,ok,0,1793.8219830393791,0,"[""/usr/bin/python3"", ""/home/arjaiswal/Polygeist/scripts/correctness/kernel_match_rewrite.py"", ""/home/arjaiswal/Polygeist/issues/aten_c_kernels/results/aten_fp16_gemv_f32arith_cpu/debuf.mlir"", ""--dry-run"", ""--matcher-mode"", ""syntactic"", ""--telemetry-json"", ""/home/arjaiswal/Polygeist/issues/equality_saturation_eval/campaign_20260908/aten-aten_fp16_gemv_f32arith_cpu-syntactic-eejqi1b4.json"", ""--disable-semantic-fallback""]","== match report for /home/arjaiswal/Polygeist/issues/aten_c_kernels/results/aten_fp16_gemv_f32arith_cpu/debuf.mlir ==
  match          body#[0, 1]  cublasSgemv
  total: 1 matched / 1 bodies
",0,[],0,0,0,0,/home/arjaiswal/Polygeist/issues/aten_c_kernels/results/aten_fp16_gemv_f32arith_cpu/debuf.mlir,2871,0,2,2,723.0783067643642,0,65624,0.08198246359825134,0,14,0,0,"[{""body_indices"": [0, 1], ""symbol"": ""cublasSgemv""}]",1,0,16,0.0,16
aten,aten_fp16_gemv_f32arith_cpu,/home/arjaiswal/Polygeist/issues/aten_c_kernels/results/aten_fp16_gemv_f32arith_cpu/debuf.mlir,9caa1d9ff1952ead442b9f45156cdf609ec927fb51b63fae65681b484ecc993c,syntactic,5,ok,0,1861.3236583769321,0,"[""/usr/bin/python3"", ""/home/arjaiswal/Polygeist/scripts/correctness/kernel_match_rewrite.py"", ""/home/arjaiswal/Polygeist/issues/aten_c_kernels/results/aten_fp16_gemv_f32arith_cpu/debuf.mlir"", ""--dry-run"", ""--matcher-mode"", ""syntactic"", ""--telemetry-json"", ""/home/arjaiswal/Polygeist/issues/equality_saturation_eval/campaign_20260908/aten-aten_fp16_gemv_f32arith_cpu-syntactic-dywskmjn.json"", ""--disable-semantic-fallback""]","== match report for /home/arjaiswal/Polygeist/issues/aten_c_kernels/results/aten_fp16_gemv_f32arith_cpu/debuf.mlir ==
  match          body#[0, 1]  cublasSgemv
  total: 1 matched / 1 bodies
",0,[],0,0,0,0,/home/arjaiswal/Polygeist/issues/aten_c_kernels/results/aten_fp16_gemv_f32arith_cpu/debuf.mlir,2871,0,2,2,839.9267494678497,0,65576,0.0737607479095459,0,14,0,0,"[{""body_indices"": [0, 1], ""symbol"": ""cublasSgemv""}]",1,0,16,0.0,16
aten,aten_fp16_gemv_f32arith_cpu,/home/arjaiswal/Polygeist/issues/aten_c_kernels/results/aten_fp16_gemv_f32arith_cpu/debuf.mlir,9caa1d9ff1952ead442b9f45156cdf609ec927fb51b63fae65681b484ecc993c,egglog,5,ok,0,1168.78791898489,0,"[""/usr/bin/python3"", ""/home/arjaiswal/Polygeist/scripts/correctness/kernel_match_rewrite.py"", ""/home/arjaiswal/Polygeist/issues/aten_c_kernels/results/aten_fp16_gemv_f32arith_cpu/debuf.mlir"", ""--dry-run"", ""--matcher-mode"", ""egglog"", ""--telemetry-json"", ""/home/arjaiswal/Polygeist/issues/equality_saturation_eval/campaign_20260908/aten-aten_fp16_gemv_f32arith_cpu-egglog-agub8qb8.json"", ""--disable-semantic-fallback""]","== match report for /home/arjaiswal/Polygeist/issues/aten_c_kernels/results/aten_fp16_gemv_f32arith_cpu/debuf.mlir ==
  match          body#[0, 1]  cublasSgemv
  total: 1 matched / 1 bodies
",0,[],0,0,0,0,/home/arjaiswal/Polygeist/issues/aten_c_kernels/results/aten_fp16_gemv_f32arith_cpu/debuf.mlir,2871,8,2,2,574.7643671929836,0,69716,183.64329263567924,14,14,0,8,"[{""body_indices"": [0, 1], ""symbol"": ""cublasSgemv""}]",1,0,0,0.0,16
aten,aten_fp16_gemv_notrans_cpu,/home/arjaiswal/Polygeist/issues/aten_c_kernels/results/aten_fp16_gemv_notrans_cpu/debuf.mlir,f690cdeb2c16fbcf9474c0416d2ecbc90749aac9754b785e32a7f9aad33a5b85,egglog,1,ok,0,1223.4006561338902,0,"[""/usr/bin/python3"", ""/home/arjaiswal/Polygeist/scripts/correctness/kernel_match_rewrite.py"", ""/home/arjaiswal/Polygeist/issues/aten_c_kernels/results/aten_fp16_gemv_notrans_cpu/debuf.mlir"", ""--dry-run"", ""--matcher-mode"", ""egglog"", ""--telemetry-json"", ""/home/arjaiswal/Polygeist/issues/equality_saturation_eval/campaign_20260908/aten-aten_fp16_gemv_notrans_cpu-egglog-p9xhh7l6.json"", ""--disable-semantic-fallback""]","== match report for /home/arjaiswal/Polygeist/issues/aten_c_kernels/results/aten_fp16_gemv_notrans_cpu/debuf.mlir ==
  match          body#[0, 1]  cublasSgemv
  total: 1 matched / 1 bodies
",0,[],0,0,0,0,/home/arjaiswal/Polygeist/issues/aten_c_kernels/results/aten_fp16_gemv_notrans_cpu/debuf.mlir,2870,8,2,2,531.0586355626583,0,69844,176.27262324094772,14,14,0,8,"[{""body_indices"": [0, 1], ""symbol"": ""cublasSgemv""}]",1,0,0,0.0,16
aten,aten_fp16_gemv_notrans_cpu,/home/arjaiswal/Polygeist/issues/aten_c_kernels/results/aten_fp16_gemv_notrans_cpu/debuf.mlir,f690cdeb2c16fbcf9474c0416d2ecbc90749aac9754b785e32a7f9aad33a5b85,syntactic,1,ok,0,1118.806641548872,0,"[""/usr/bin/python3"", ""/home/arjaiswal/Polygeist/scripts/correctness/kernel_match_rewrite.py"", ""/home/arjaiswal/Polygeist/issues/aten_c_kernels/results/aten_fp16_gemv_notrans_cpu/debuf.mlir"", ""--dry-run"", ""--matcher-mode"", ""syntactic"", ""--telemetry-json"", ""/home/arjaiswal/Polygeist/issues/equality_saturation_eval/campaign_20260908/aten-aten_fp16_gemv_notrans_cpu-syntactic-m3h1muvq.json"", ""--disable-semantic-fallback""]","== match report for /home/arjaiswal/Polygeist/issues/aten_c_kernels/results/aten_fp16_gemv_notrans_cpu/debuf.mlir ==
  match          body#[0, 1]  cublasSgemv
  total: 1 matched / 1 bodies
",0,[],0,0,0,0,/home/arjaiswal/Polygeist/issues/aten_c_kernels/results/aten_fp16_gemv_notrans_cpu/debuf.mlir,2870,0,2,2,550.8912838995457,0,65508,0.0966005027294159,0,14,0,0,"[{""body_indices"": [0, 1], ""symbol"": ""cublasSgemv""}]",1,0,16,0.0,16
aten,aten_fp16_gemv_notrans_cpu,/home/arjaiswal/Polygeist/issues/aten_c_kernels/results/aten_fp16_gemv_notrans_cpu/debuf.mlir,f690cdeb2c16fbcf9474c0416d2ecbc90749aac9754b785e32a7f9aad33a5b85,syntactic,2,ok,0,2449.6719799935818,0,"[""/usr/bin/python3"", ""/home/arjaiswal/Polygeist/scripts/correctness/kernel_match_rewrite.py"", ""/home/arjaiswal/Polygeist/issues/aten_c_kernels/results/aten_fp16_gemv_notrans_cpu/debuf.mlir"", ""--dry-run"", ""--matcher-mode"", ""syntactic"", ""--telemetry-json"", ""/home/arjaiswal/Polygeist/issues/equality_saturation_eval/campaign_20260908/aten-aten_fp16_gemv_notrans_cpu-syntactic-3wqqk6kl.json"", ""--disable-semantic-fallback""]","== match report for /home/arjaiswal/Polygeist/issues/aten_c_kernels/results/aten_fp16_gemv_notrans_cpu/debuf.mlir ==
  match          body#[0, 1]  cublasSgemv
  total: 1 matched / 1 bodies
",0,[],0,0,0,0,/home/arjaiswal/Polygeist/issues/aten_c_kernels/results/aten_fp16_gemv_notrans_cpu/debuf.mlir,2870,0,2,2,1056.3243068754673,0,65792,0.07833540439605713,0,14,0,0,"[{""body_indices"": [0, 1], ""symbol"": ""cublasSgemv""}]",1,0,16,0.0,16
aten,aten_fp16_gemv_notrans_cpu,/home/arjaiswal/Polygeist/issues/aten_c_kernels/results/aten_fp16_gemv_notrans_cpu/debuf.mlir,f690cdeb2c16fbcf9474c0416d2ecbc90749aac9754b785e32a7f9aad33a5b85,egglog,2,ok,0,1713.376473635435,0,"[""/usr/bin/python3"", ""/home/arjaiswal/Polygeist/scripts/correctness/kernel_match_rewrite.py"", ""/home/arjaiswal/Polygeist/issues/aten_c_kernels/results/aten_fp16_gemv_notrans_cpu/debuf.mlir"", ""--dry-run"", ""--matcher-mode"", ""egglog"", ""--telemetry-json"", ""/home/arjaiswal/Polygeist/issues/equality_saturation_eval/campaign_20260908/aten-aten_fp16_gemv_notrans_cpu-egglog-ga8kcsfy.json"", ""--disable-semantic-fallback""]","== match report for /home/arjaiswal/Polygeist/issues/aten_c_kernels/results/aten_fp16_gemv_notrans_cpu/debuf.mlir ==
  match          body#[0, 1]  cublasSgemv
  total: 1 matched / 1 bodies
",0,[],0,0,0,0,/home/arjaiswal/Polygeist/issues/aten_c_kernels/results/aten_fp16_gemv_notrans_cpu/debuf.mlir,2870,8,2,2,507.6713524758816,0,69732,159.22755748033524,14,14,0,8,"[{""body_indices"": [0, 1], ""symbol"": ""cublasSgemv""}]",1,0,0,0.0,16
aten,aten_fp16_gemv_notrans_cpu,/home/arjaiswal/Polygeist/issues/aten_c_kernels/results/aten_fp16_gemv_notrans_cpu/debuf.mlir,f690cdeb2c16fbcf9474c0416d2ecbc90749aac9754b785e32a7f9aad33a5b85,egglog,3,ok,0,1039.3419489264488,0,"[""/usr/bin/python3"", ""/home/arjaiswal/Polygeist/scripts/correctness/kernel_match_rewrite.py"", ""/home/arjaiswal/Polygeist/issues/aten_c_kernels/results/aten_fp16_gemv_notrans_cpu/debuf.mlir"", ""--dry-run"", ""--matcher-mode"", ""egglog"", ""--telemetry-json"", ""/home/arjaiswal/Polygeist/issues/equality_saturation_eval/campaign_20260908/aten-aten_fp16_gemv_notrans_cpu-egglog-cf3y0_6q.json"", ""--disable-semantic-fallback""]","== match report for /home/arjaiswal/Polygeist/issues/aten_c_kernels/results/aten_fp16_gemv_notrans_cpu/debuf.mlir ==
  match          body#[0, 1]  cublasSgemv
  total: 1 matched / 1 bodies
",0,[],0,0,0,0,/home/arjaiswal/Polygeist/issues/aten_c_kernels/results/aten_fp16_gemv_notrans_cpu/debuf.mlir,2870,8,2,2,514.8649513721466,0,69844,166.14486649632454,14,14,0,8,"[{""body_indices"": [0, 1], ""symbol"": ""cublasSgemv""}]",1,0,0,0.0,16
aten,aten_fp16_gemv_notrans_cpu,/home/arjaiswal/Polygeist/issues/aten_c_kernels/results/aten_fp16_gemv_notrans_cpu/debuf.mlir,f690cdeb2c16fbcf9474c0416d2ecbc90749aac9754b785e32a7f9aad33a5b85,syntactic,3,ok,0,1045.4227440059185,0,"[""/usr/bin/python3"", ""/home/arjaiswal/Polygeist/scripts/correctness/kernel_match_rewrite.py"", ""/home/arjaiswal/Polygeist/issues/aten_c_kernels/results/aten_fp16_gemv_notrans_cpu/debuf.mlir"", ""--dry-run"", ""--matcher-mode"", ""syntactic"", ""--telemetry-json"", ""/home/arjaiswal/Polygeist/issues/equality_saturation_eval/campaign_20260908/aten-aten_fp16_gemv_notrans_cpu-syntactic-huvk4tly.json"", ""--disable-semantic-fallback""]","== match report for /home/arjaiswal/Polygeist/issues/aten_c_kernels/results/aten_fp16_gemv_notrans_cpu/debuf.mlir ==
  match          body#[0, 1]  cublasSgemv
  total: 1 matched / 1 bodies
",0,[],0,0,0,0,/home/arjaiswal/Polygeist/issues/aten_c_kernels/results/aten_fp16_gemv_notrans_cpu/debuf.mlir,2870,0,2,2,509.13214683532715,0,65636,0.10383874177932739,0,14,0,0,"[{""body_indices"": [0, 1], ""symbol"": ""cublasSgemv""}]",1,0,16,0.0,16
aten,aten_fp16_gemv_notrans_cpu,/home/arjaiswal/Polygeist/issues/aten_c_kernels/results/aten_fp16_gemv_notrans_cpu/debuf.mlir,f690cdeb2c16fbcf9474c0416d2ecbc90749aac9754b785e32a7f9aad33a5b85,syntactic,4,ok,0,1244.1000826656818,0,"[""/usr/bin/python3"", ""/home/arjaiswal/Polygeist/scripts/correctness/kernel_match_rewrite.py"", ""/home/arjaiswal/Polygeist/issues/aten_c_kernels/results/aten_fp16_gemv_notrans_cpu/debuf.mlir"", ""--dry-run"", ""--matcher-mode"", ""syntactic"", ""--telemetry-json"", ""/home/arjaiswal/Polygeist/issues/equality_saturation_eval/campaign_20260908/aten-aten_fp16_gemv_notrans_cpu-syntactic-964o67j5.json"", ""--disable-semantic-fallback""]","== match report for /home/arjaiswal/Polygeist/issues/aten_c_kernels/results/aten_fp16_gemv_notrans_cpu/debuf.mlir ==
  match          body#[0, 1]  cublasSgemv
  total: 1 matched / 1 bodies
",0,[],0,0,0,0,/home/arjaiswal/Polygeist/issues/aten_c_kernels/results/aten_fp16_gemv_notrans_cpu/debuf.mlir,2870,0,2,2,491.9770695269108,0,65716,0.11541694402694702,0,14,0,0,"[{""body_indices"": [0, 1], ""symbol"": ""cublasSgemv""}]",1,0,16,0.0,16
aten,aten_fp16_gemv_notrans_cpu,/home/arjaiswal/Polygeist/issues/aten_c_kernels/results/aten_fp16_gemv_notrans_cpu/debuf.mlir,f690cdeb2c16fbcf9474c0416d2ecbc90749aac9754b785e32a7f9aad33a5b85,egglog,4,ok,0,2363.5047152638435,0,"[""/usr/bin/python3"", ""/home/arjaiswal/Polygeist/scripts/correctness/kernel_match_rewrite.py"", ""/home/arjaiswal/Polygeist/issues/aten_c_kernels/results/aten_fp16_gemv_notrans_cpu/debuf.mlir"", ""--dry-run"", ""--matcher-mode"", ""egglog"", ""--telemetry-json"", ""/home/arjaiswal/Polygeist/issues/equality_saturation_eval/campaign_20260908/aten-aten_fp16_gemv_notrans_cpu-egglog-rradj5vc.json"", ""--disable-semantic-fallback""]","== match report for /home/arjaiswal/Polygeist/issues/aten_c_kernels/results/aten_fp16_gemv_notrans_cpu/debuf.mlir ==
  match          body#[0, 1]  cublasSgemv
  total: 1 matched / 1 bodies
",0,[],0,0,0,0,/home/arjaiswal/Polygeist/issues/aten_c_kernels/results/aten_fp16_gemv_notrans_cpu/debuf.mlir,2870,8,2,2,1036.0744819045067,0,69688,249.005027115345,14,14,0,8,"[{""body_indices"": [0, 1], ""symbol"": ""cublasSgemv""}]",1,0,0,0.0,16
aten,aten_fp16_gemv_notrans_cpu,/home/arjaiswal/Polygeist/issues/aten_c_kernels/results/aten_fp16_gemv_notrans_cpu/debuf.mlir,f690cdeb2c16fbcf9474c0416d2ecbc90749aac9754b785e32a7f9aad33a5b85,egglog,5,ok,0,2228.0248254537582,0,"[""/usr/bin/python3"", ""/home/arjaiswal/Polygeist/scripts/correctness/kernel_match_rewrite.py"", ""/home/arjaiswal/Polygeist/issues/aten_c_kernels/results/aten_fp16_gemv_notrans_cpu/debuf.mlir"", ""--dry-run"", ""--matcher-mode"", ""egglog"", ""--telemetry-json"", ""/home/arjaiswal/Polygeist/issues/equality_saturation_eval/campaign_20260908/aten-aten_fp16_gemv_notrans_cpu-egglog-jksn2hjo.json"", ""--disable-semantic-fallback""]","== match report for /home/arjaiswal/Polygeist/issues/aten_c_kernels/results/aten_fp16_gemv_notrans_cpu/debuf.mlir ==
  match          body#[0, 1]  cublasSgemv
  total: 1 matched / 1 bodies
",0,[],0,0,0,0,/home/arjaiswal/Polygeist/issues/aten_c_kernels/results/aten_fp16_gemv_notrans_cpu/debuf.mlir,2870,8,2,2,1135.0294314324856,0,69824,481.23426735401154,14,14,0,8,"[{""body_indices"": [0, 1], ""symbol"": ""cublasSgemv""}]",1,0,0,0.0,16
aten,aten_fp16_gemv_notrans_cpu,/home/arjaiswal/Polygeist/issues/aten_c_kernels/results/aten_fp16_gemv_notrans_cpu/debuf.mlir,f690cdeb2c16fbcf9474c0416d2ecbc90749aac9754b785e32a7f9aad33a5b85,syntactic,5,ok,0,2179.206430912018,0,"[""/usr/bin/python3"", ""/home/arjaiswal/Polygeist/scripts/correctness/kernel_match_rewrite.py"", ""/home/arjaiswal/Polygeist/issues/aten_c_kernels/results/aten_fp16_gemv_notrans_cpu/debuf.mlir"", ""--dry-run"", ""--matcher-mode"", ""syntactic"", ""--telemetry-json"", ""/home/arjaiswal/Polygeist/issues/equality_saturation_eval/campaign_20260908/aten-aten_fp16_gemv_notrans_cpu-syntactic-amq0k6zl.json"", ""--disable-semantic-fallback""]","== match report for /home/arjaiswal/Polygeist/issues/aten_c_kernels/results/aten_fp16_gemv_notrans_cpu/debuf.mlir ==
  match          body#[0, 1]  cublasSgemv
  total: 1 matched / 1 bodies
",0,[],0,0,0,0,/home/arjaiswal/Polygeist/issues/aten_c_kernels/results/aten_fp16_gemv_notrans_cpu/debuf.mlir,2870,0,2,2,898.3779363334179,0,65736,0.09036064147949219,0,14,0,0,"[{""body_indices"": [0, 1], ""symbol"": ""cublasSgemv""}]",1,0,16,0.0,16
aten,aten_fp16_gemv_trans_cpu,/home/arjaiswal/Polygeist/issues/aten_c_kernels/results/aten_fp16_gemv_trans_cpu/debuf.mlir,e30b3d0692e5f744eb368ead2642140989293535ff0214fffe7ae6508c7655ee,syntactic,1,ok,0,1887.2650749981403,0,"[""/usr/bin/python3"", ""/home/arjaiswal/Polygeist/scripts/correctness/kernel_match_rewrite.py"", ""/home/arjaiswal/Polygeist/issues/aten_c_kernels/results/aten_fp16_gemv_trans_cpu/debuf.mlir"", ""--dry-run"", ""--matcher-mode"", ""syntactic"", ""--telemetry-json"", ""/home/arjaiswal/Polygeist/issues/equality_saturation_eval/campaign_20260908/aten-aten_fp16_gemv_trans_cpu-syntactic-vnns4ej2.json"", ""--disable-semantic-fallback""]","== match report for /home/arjaiswal/Polygeist/issues/aten_c_kernels/results/aten_fp16_gemv_trans_cpu/debuf.mlir ==
  match          body#[0, 1]  cublasSgemv_T
  total: 1 matched / 1 bodies
",0,[],0,0,0,0,/home/arjaiswal/Polygeist/issues/aten_c_kernels/results/aten_fp16_gemv_trans_cpu/debuf.mlir,2876,0,2,2,770.274218171835,0,65692,4.082929342985153,0,14,0,0,"[{""body_indices"": [0, 1], ""symbol"": ""cublasSgemv_T""}]",1,0,16,0.0,16
aten,aten_fp16_gemv_trans_cpu,/home/arjaiswal/Polygeist/issues/aten_c_kernels/results/aten_fp16_gemv_trans_cpu/debuf.mlir,e30b3d0692e5f744eb368ead2642140989293535ff0214fffe7ae6508c7655ee,egglog,1,ok,0,1370.9547594189644,0,"[""/usr/bin/python3"", ""/home/arjaiswal/Polygeist/scripts/correctness/kernel_match_rewrite.py"", ""/home/arjaiswal/Polygeist/issues/aten_c_kernels/results/aten_fp16_gemv_trans_cpu/debuf.mlir"", ""--dry-run"", ""--matcher-mode"", ""egglog"", ""--telemetry-json"", ""/home/arjaiswal/Polygeist/issues/equality_saturation_eval/campaign_20260908/aten-aten_fp16_gemv_trans_cpu-egglog-wxn87h3g.json"", ""--disable-semantic-fallback""]","== match report for /home/arjaiswal/Polygeist/issues/aten_c_kernels/results/aten_fp16_gemv_trans_cpu/debuf.mlir ==
  match          body#[0, 1]  cublasSgemv_T
  total: 1 matched / 1 bodies
",0,[],0,0,0,0,/home/arjaiswal/Polygeist/issues/aten_c_kernels/results/aten_fp16_gemv_trans_cpu/debuf.mlir,2876,8,2,2,581.9675289094448,0,69888,184.12576615810394,14,14,0,8,"[{""body_indices"": [0, 1], ""symbol"": ""cublasSgemv_T""}]",1,0,0,0.0,16
aten,aten_fp16_gemv_trans_cpu,/home/arjaiswal/Polygeist/issues/aten_c_kernels/results/aten_fp16_gemv_trans_cpu/debuf.mlir,e30b3d0692e5f744eb368ead2642140989293535ff0214fffe7ae6508c7655ee,egglog,2,ok,0,1142.8701989352703,0,"[""/usr/bin/python3"", ""/home/arjaiswal/Polygeist/scripts/correctness/kernel_match_rewrite.py"", ""/home/arjaiswal/Polygeist/issues/aten_c_kernels/results/aten_fp16_gemv_trans_cpu/debuf.mlir"", ""--dry-run"", ""--matcher-mode"", ""egglog"", ""--telemetry-json"", ""/home/arjaiswal/Polygeist/issues/equality_saturation_eval/campaign_20260908/aten-aten_fp16_gemv_trans_cpu-egglog-5a6jlgwd.json"", ""--disable-semantic-fallback""]","== match report for /home/arjaiswal/Polygeist/issues/aten_c_kernels/results/aten_fp16_gemv_trans_cpu/debuf.mlir ==
  match          body#[0, 1]  cublasSgemv_T
  total: 1 matched / 1 bodies
",0,[],0,0,0,0,/home/arjaiswal/Polygeist/issues/aten_c_kernels/results/aten_fp16_gemv_trans_cpu/debuf.mlir,2876,8,2,2,541.9569574296474,0,69716,158.6148478090763,14,14,0,8,"[{""body_indices"": [0, 1], ""symbol"": ""cublasSgemv_T""}]",1,0,0,0.0,16
aten,aten_fp16_gemv_trans_cpu,/home/arjaiswal/Polygeist/issues/aten_c_kernels/results/aten_fp16_gemv_trans_cpu/debuf.mlir,e30b3d0692e5f744eb368ead2642140989293535ff0214fffe7ae6508c7655ee,syntactic,2,ok,0,1007.7258683741093,0,"[""/usr/bin/python3"", ""/home/arjaiswal/Polygeist/scripts/correctness/kernel_match_rewrite.py"", ""/home/arjaiswal/Polygeist/issues/aten_c_kernels/results/aten_fp16_gemv_trans_cpu/debuf.mlir"", ""--dry-run"", ""--matcher-mode"", ""syntactic"", ""--telemetry-json"", ""/home/arjaiswal/Polygeist/issues/equality_saturation_eval/campaign_20260908/aten-aten_fp16_gemv_trans_cpu-syntactic-2z5bzeqn.json"", ""--disable-semantic-fallback""]","== match report for /home/arjaiswal/Polygeist/issues/aten_c_kernels/results/aten_fp16_gemv_trans_cpu/debuf.mlir ==
  match          body#[0, 1]  cublasSgemv_T
  total: 1 matched / 1 bodies
",0,[],0,0,0,0,/home/arjaiswal/Polygeist/issues/aten_c_kernels/results/aten_fp16_gemv_trans_cpu/debuf.mlir,2876,0,2,2,450.7862888276577,0,65616,0.06762146949768066,0,14,0,0,"[{""body_indices"": [0, 1], ""symbol"": ""cublasSgemv_T""}]",1,0,16,0.0,16
aten,aten_fp16_gemv_trans_cpu,/home/arjaiswal/Polygeist/issues/aten_c_kernels/results/aten_fp16_gemv_trans_cpu/debuf.mlir,e30b3d0692e5f744eb368ead2642140989293535ff0214fffe7ae6508c7655ee,syntactic,3,ok,0,803.2118491828442,0,"[""/usr/bin/python3"", ""/home/arjaiswal/Polygeist/scripts/correctness/kernel_match_rewrite.py"", ""/home/arjaiswal/Polygeist/issues/aten_c_kernels/results/aten_fp16_gemv_trans_cpu/debuf.mlir"", ""--dry-run"", ""--matcher-mode"", ""syntactic"", ""--telemetry-json"", ""/home/arjaiswal/Polygeist/issues/equality_saturation_eval/campaign_20260908/aten-aten_fp16_gemv_trans_cpu-syntactic-k68oshzf.json"", ""--disable-semantic-fallback""]","== match report for /home/arjaiswal/Polygeist/issues/aten_c_kernels/results/aten_fp16_gemv_trans_cpu/debuf.mlir ==
  match          body#[0, 1]  cublasSgemv_T
  total: 1 matched / 1 bodies
",0,[],0,0,0,0,/home/arjaiswal/Polygeist/issues/aten_c_kernels/results/aten_fp16_gemv_trans_cpu/debuf.mlir,2876,0,2,2,322.3845958709717,0,65708,0.06825104355812073,0,14,0,0,"[{""body_indices"": [0, 1], ""symbol"": ""cublasSgemv_T""}]",1,0,16,0.0,16
aten,aten_fp16_gemv_trans_cpu,/home/arjaiswal/Polygeist/issues/aten_c_kernels/results/aten_fp16_gemv_trans_cpu/debuf.mlir,e30b3d0692e5f744eb368ead2642140989293535ff0214fffe7ae6508c7655ee,egglog,3,ok,0,1155.2566662430763,0,"[""/usr/bin/python3"", ""/home/arjaiswal/Polygeist/scripts/correctness/kernel_match_rewrite.py"", ""/home/arjaiswal/Polygeist/issues/aten_c_kernels/results/aten_fp16_gemv_trans_cpu/debuf.mlir"", ""--dry-run"", ""--matcher-mode"", ""egglog"", ""--telemetry-json"", ""/home/arjaiswal/Polygeist/issues/equality_saturation_eval/campaign_20260908/aten-aten_fp16_gemv_trans_cpu-egglog-5w9u0wvl.json"", ""--disable-semantic-fallback""]","== match report for /home/arjaiswal/Polygeist/issues/aten_c_kernels/results/aten_fp16_gemv_trans_cpu/debuf.mlir ==
  match          body#[0, 1]  cublasSgemv_T
  total: 1 matched / 1 bodies
",0,[],0,0,0,0,/home/arjaiswal/Polygeist/issues/aten_c_kernels/results/aten_fp16_gemv_trans_cpu/debuf.mlir,2876,8,2,2,582.6127342879772,0,69808,160.00457480549812,14,14,0,8,"[{""body_indices"": [0, 1], ""symbol"": ""cublasSgemv_T""}]",1,0,0,0.0,16
aten,aten_fp16_gemv_trans_cpu,/home/arjaiswal/Polygeist/issues/aten_c_kernels/results/aten_fp16_gemv_trans_cpu/debuf.mlir,e30b3d0692e5f744eb368ead2642140989293535ff0214fffe7ae6508c7655ee,egglog,4,ok,0,951.1469602584839,0,"[""/usr/bin/python3"", ""/home/arjaiswal/Polygeist/scripts/correctness/kernel_match_rewrite.py"", ""/home/arjaiswal/Polygeist/issues/aten_c_kernels/results/aten_fp16_gemv_trans_cpu/debuf.mlir"", ""--dry-run"", ""--matcher-mode"", ""egglog"", ""--telemetry-json"", ""/home/arjaiswal/Polygeist/issues/equality_saturation_eval/campaign_20260908/aten-aten_fp16_gemv_trans_cpu-egglog-n9ahjpe2.json"", ""--disable-semantic-fallback""]","== match report for /home/arjaiswal/Polygeist/issues/aten_c_kernels/results/aten_fp16_gemv_trans_cpu/debuf.mlir ==
  match          body#[0, 1]  cublasSgemv_T
  total: 1 matched / 1 bodies
",0,[],0,0,0,0,/home/arjaiswal/Polygeist/issues/aten_c_kernels/results/aten_fp16_gemv_trans_cpu/debuf.mlir,2876,8,2,2,492.51844361424446,0,69856,153.9696455001831,14,14,0,8,"[{""body_indices"": [0, 1], ""symbol"": ""cublasSgemv_T""}]",1,0,0,0.0,16
aten,aten_fp16_gemv_trans_cpu,/home/arjaiswal/Polygeist/issues/aten_c_kernels/results/aten_fp16_gemv_trans_cpu/debuf.mlir,e30b3d0692e5f744eb368ead2642140989293535ff0214fffe7ae6508c7655ee,syntactic,4,ok,0,810.215201228857,0,"[""/usr/bin/python3"", ""/home/arjaiswal/Polygeist/scripts/correctness/kernel_match_rewrite.py"", ""/home/arjaiswal/Polygeist/issues/aten_c_kernels/results/aten_fp16_gemv_trans_cpu/debuf.mlir"", ""--dry-run"", ""--matcher-mode"", ""syntactic"", ""--telemetry-json"", ""/home/arjaiswal/Polygeist/issues/equality_saturation_eval/campaign_20260908/aten-aten_fp16_gemv_trans_cpu-syntactic-gnn591ux.json"", ""--disable-semantic-fallback""]","== match report for /home/arjaiswal/Polygeist/issues/aten_c_kernels/results/aten_fp16_gemv_trans_cpu/debuf.mlir ==
  match          body#[0, 1]  cublasSgemv_T
  total: 1 matched / 1 bodies
",0,[],0,0,0,0,/home/arjaiswal/Polygeist/issues/aten_c_kernels/results/aten_fp16_gemv_trans_cpu/debuf.mlir,2876,0,2,2,340.265367180109,0,65668,0.06612762808799744,0,14,0,0,"[{""body_indices"": [0, 1], ""symbol"": ""cublasSgemv_T""}]",1,0,16,0.0,16
aten,aten_fp16_gemv_trans_cpu,/home/arjaiswal/Polygeist/issues/aten_c_kernels/results/aten_fp16_gemv_trans_cpu/debuf.mlir,e30b3d0692e5f744eb368ead2642140989293535ff0214fffe7ae6508c7655ee,syntactic,5,ok,0,776.6586653888226,0,"[""/usr/bin/python3"", ""/home/arjaiswal/Polygeist/scripts/correctness/kernel_match_rewrite.py"", ""/home/arjaiswal/Polygeist/issues/aten_c_kernels/results/aten_fp16_gemv_trans_cpu/debuf.mlir"", ""--dry-run"", ""--matcher-mode"", ""syntactic"", ""--telemetry-json"", ""/home/arjaiswal/Polygeist/issues/equality_saturation_eval/campaign_20260908/aten-aten_fp16_gemv_trans_cpu-syntactic-ldoy96jb.json"", ""--disable-semantic-fallback""]","== match report for /home/arjaiswal/Polygeist/issues/aten_c_kernels/results/aten_fp16_gemv_trans_cpu/debuf.mlir ==
  match          body#[0, 1]  cublasSgemv_T
  total: 1 matched / 1 bodies
",0,[],0,0,0,0,/home/arjaiswal/Polygeist/issues/aten_c_kernels/results/aten_fp16_gemv_trans_cpu/debuf.mlir,2876,0,2,2,321.26545533537865,0,65696,0.07050111889839172,0,14,0,0,"[{""body_indices"": [0, 1], ""symbol"": ""cublasSgemv_T""}]",1,0,16,0.0,16
aten,aten_fp16_gemv_trans_cpu,/home/arjaiswal/Polygeist/issues/aten_c_kernels/results/aten_fp16_gemv_trans_cpu/debuf.mlir,e30b3d0692e5f744eb368ead2642140989293535ff0214fffe7ae6508c7655ee,egglog,5,ok,0,1010.4878544807434,0,"[""/usr/bin/python3"", ""/home/arjaiswal/Polygeist/scripts/correctness/kernel_match_rewrite.py"", ""/home/arjaiswal/Polygeist/issues/aten_c_kernels/results/aten_fp16_gemv_trans_cpu/debuf.mlir"", ""--dry-run"", ""--matcher-mode"", ""egglog"", ""--telemetry-json"", ""/home/arjaiswal/Polygeist/issues/equality_saturation_eval/campaign_20260908/aten-aten_fp16_gemv_trans_cpu-egglog-zv7_cob4.json"", ""--disable-semantic-fallback""]","== match report for /home/arjaiswal/Polygeist/issues/aten_c_kernels/results/aten_fp16_gemv_trans_cpu/debuf.mlir ==
  match          body#[0, 1]  cublasSgemv_T
  total: 1 matched / 1 bodies
",0,[],0,0,0,0,/home/arjaiswal/Polygeist/issues/aten_c_kernels/results/aten_fp16_gemv_trans_cpu/debuf.mlir,2876,8,2,2,549.0146055817604,0,69736,160.15704721212387,14,14,0,8,"[{""body_indices"": [0, 1], ""symbol"": ""cublasSgemv_T""}]",1,0,0,0.0,16
aten,aten_frac,/home/arjaiswal/Polygeist/issues/aten_c_kernels/results/aten_frac/debuf.mlir,85247397821c9ce4538b73ef5b6ecc2d53e06e32454e5c670c1b9ed03d0c00dd,egglog,1,ok,0,915.9653410315514,0,"[""/usr/bin/python3"", ""/home/arjaiswal/Polygeist/scripts/correctness/kernel_match_rewrite.py"", ""/home/arjaiswal/Polygeist/issues/aten_c_kernels/results/aten_frac/debuf.mlir"", ""--dry-run"", ""--matcher-mode"", ""egglog"", ""--telemetry-json"", ""/home/arjaiswal/Polygeist/issues/equality_saturation_eval/campaign_20260908/aten-aten_frac-egglog-hk6b6p_l.json"", ""--disable-semantic-fallback""]","== match report for /home/arjaiswal/Polygeist/issues/aten_c_kernels/results/aten_frac/debuf.mlir ==
  match          body#[0]  cudnnPointwiseGraph_f32
  total: 1 matched / 1 bodies
",0,[],0,0,0,0,/home/arjaiswal/Polygeist/issues/aten_c_kernels/results/aten_frac/debuf.mlir,1907,8,1,1,450.71418583393097,0,65972,0.0,0,0,0,0,"[{""body_indices"": [0], ""symbol"": ""cudnnPointwiseGraph_f32""}]",1,0,0,0.0,56
aten,aten_frac,/home/arjaiswal/Polygeist/issues/aten_c_kernels/results/aten_frac/debuf.mlir,85247397821c9ce4538b73ef5b6ecc2d53e06e32454e5c670c1b9ed03d0c00dd,syntactic,1,ok,0,876.8470734357834,0,"[""/usr/bin/python3"", ""/home/arjaiswal/Polygeist/scripts/correctness/kernel_match_rewrite.py"", ""/home/arjaiswal/Polygeist/issues/aten_c_kernels/results/aten_frac/debuf.mlir"", ""--dry-run"", ""--matcher-mode"", ""syntactic"", ""--telemetry-json"", ""/home/arjaiswal/Polygeist/issues/equality_saturation_eval/campaign_20260908/aten-aten_frac-syntactic-uiecg1hn.json"", ""--disable-semantic-fallback""]","== match report for /home/arjaiswal/Polygeist/issues/aten_c_kernels/results/aten_frac/debuf.mlir ==
  match          body#[0]  cudnnPointwiseGraph_f32
  total: 1 matched / 1 bodies
",0,[],0,0,0,0,/home/arjaiswal/Polygeist/issues/aten_c_kernels/results/aten_frac/debuf.mlir,1907,0,1,1,446.1327828466892,0,66044,0.14220178127288818,0,0,0,0,"[{""body_indices"": [0], ""symbol"": ""cudnnPointwiseGraph_f32""}]",1,0,56,0.0,56
aten,aten_frac,/home/arjaiswal/Polygeist/issues/aten_c_kernels/results/aten_frac/debuf.mlir,85247397821c9ce4538b73ef5b6ecc2d53e06e32454e5c670c1b9ed03d0c00dd,syntactic,2,ok,0,955.1698341965675,0,"[""/usr/bin/python3"", ""/home/arjaiswal/Polygeist/scripts/correctness/kernel_match_rewrite.py"", ""/home/arjaiswal/Polygeist/issues/aten_c_kernels/results/aten_frac/debuf.mlir"", ""--dry-run"", ""--matcher-mode"", ""syntactic"", ""--telemetry-json"", ""/home/arjaiswal/Polygeist/issues/equality_saturation_eval/campaign_20260908/aten-aten_frac-syntactic-__evdjer.json"", ""--disable-semantic-fallback""]","== match report for /home/arjaiswal/Polygeist/issues/aten_c_kernels/results/aten_frac/debuf.mlir ==
  match          body#[0]  cudnnPointwiseGraph_f32
  total: 1 matched / 1 bodies
",0,[],0,0,0,0,/home/arjaiswal/Polygeist/issues/aten_c_kernels/results/aten_frac/debuf.mlir,1907,0,1,1,505.755752325058,0,65976,0.17917901277542114,0,0,0,0,"[{""body_indices"": [0], ""symbol"": ""cudnnPointwiseGraph_f32""}]",1,0,56,0.0,56
aten,aten_frac,/home/arjaiswal/Polygeist/issues/aten_c_kernels/results/aten_frac/debuf.mlir,85247397821c9ce4538b73ef5b6ecc2d53e06e32454e5c670c1b9ed03d0c00dd,egglog,2,ok,0,990.1387766003609,0,"[""/usr/bin/python3"", ""/home/arjaiswal/Polygeist/scripts/correctness/kernel_match_rewrite.py"", ""/home/arjaiswal/Polygeist/issues/aten_c_kernels/results/aten_frac/debuf.mlir"", ""--dry-run"", ""--matcher-mode"", ""egglog"", ""--telemetry-json"", ""/home/arjaiswal/Polygeist/issues/equality_saturation_eval/campaign_20260908/aten-aten_frac-egglog-fbh0a9ki.json"", ""--disable-semantic-fallback""]","== match report for /home/arjaiswal/Polygeist/issues/aten_c_kernels/results/aten_frac/debuf.mlir ==
  match          body#[0]  cudnnPointwiseGraph_f32
  total: 1 matched / 1 bodies
",0,[],0,0,0,0,/home/arjaiswal/Polygeist/issues/aten_c_kernels/results/aten_frac/debuf.mlir,1907,8,1,1,504.9458183348179,0,65788,0.0,0,0,0,0,"[{""body_indices"": [0], ""symbol"": ""cudnnPointwiseGraph_f32""}]",1,0,0,0.0,56
aten,aten_frac,/home/arjaiswal/Polygeist/issues/aten_c_kernels/results/aten_frac/debuf.mlir,85247397821c9ce4538b73ef5b6ecc2d53e06e32454e5c670c1b9ed03d0c00dd,egglog,3,ok,0,922.8720292448997,0,"[""/usr/bin/python3"", ""/home/arjaiswal/Polygeist/scripts/correctness/kernel_match_rewrite.py"", ""/home/arjaiswal/Polygeist/issues/aten_c_kernels/results/aten_frac/debuf.mlir"", ""--dry-run"", ""--matcher-mode"", ""egglog"", ""--telemetry-json"", ""/home/arjaiswal/Polygeist/issues/equality_saturation_eval/campaign_20260908/aten-aten_frac-egglog-wtr0g7f9.json"", ""--disable-semantic-fallback""]","== match report for /home/arjaiswal/Polygeist/issues/aten_c_kernels/results/aten_frac/debuf.mlir ==
  match          body#[0]  cudnnPointwiseGraph_f32
  total: 1 matched / 1 bodies
",0,[],0,0,0,0,/home/arjaiswal/Polygeist/issues/aten_c_kernels/results/aten_frac/debuf.mlir,1907,8,1,1,488.8017550110817,0,66000,0.0,0,0,0,0,"[{""body_indices"": [0], ""symbol"": ""cudnnPointwiseGraph_f32""}]",1,0,0,0.0,56
aten,aten_frac,/home/arjaiswal/Polygeist/issues/aten_c_kernels/results/aten_frac/debuf.mlir,85247397821c9ce4538b73ef5b6ecc2d53e06e32454e5c670c1b9ed03d0c00dd,syntactic,3,ok,0,955.6022956967354,0,"[""/usr/bin/python3"", ""/home/arjaiswal/Polygeist/scripts/correctness/kernel_match_rewrite.py"", ""/home/arjaiswal/Polygeist/issues/aten_c_kernels/results/aten_frac/debuf.mlir"", ""--dry-run"", ""--matcher-mode"", ""syntactic"", ""--telemetry-json"", ""/home/arjaiswal/Polygeist/issues/equality_saturation_eval/campaign_20260908/aten-aten_frac-syntactic-gp1lfnt7.json"", ""--disable-semantic-fallback""]","== match report for /home/arjaiswal/Polygeist/issues/aten_c_kernels/results/aten_frac/debuf.mlir ==
  match          body#[0]  cudnnPointwiseGraph_f32
  total: 1 matched / 1 bodies
",0,[],0,0,0,0,/home/arjaiswal/Polygeist/issues/aten_c_kernels/results/aten_frac/debuf.mlir,1907,0,1,1,511.9296424090862,0,65832,0.17690658569335938,0,0,0,0,"[{""body_indices"": [0], ""symbol"": ""cudnnPointwiseGraph_f32""}]",1,0,56,0.0,56
aten,aten_frac,/home/arjaiswal/Polygeist/issues/aten_c_kernels/results/aten_frac/debuf.mlir,85247397821c9ce4538b73ef5b6ecc2d53e06e32454e5c670c1b9ed03d0c00dd,syntactic,4,ok,0,913.0764678120613,0,"[""/usr/bin/python3"", ""/home/arjaiswal/Polygeist/scripts/correctness/kernel_match_rewrite.py"", ""/home/arjaiswal/Polygeist/issues/aten_c_kernels/results/aten_frac/debuf.mlir"", ""--dry-run"", ""--matcher-mode"", ""syntactic"", ""--telemetry-json"", ""/home/arjaiswal/Polygeist/issues/equality_saturation_eval/campaign_20260908/aten-aten_frac-syntactic-no9buszz.json"", ""--disable-semantic-fallback""]","== match report for /home/arjaiswal/Polygeist/issues/aten_c_kernels/results/aten_frac/debuf.mlir ==
  match          body#[0]  cudnnPointwiseGraph_f32
  total: 1 matched / 1 bodies
",0,[],0,0,0,0,/home/arjaiswal/Polygeist/issues/aten_c_kernels/results/aten_frac/debuf.mlir,1907,0,1,1,479.26732525229454,0,65936,0.14689192175865173,0,0,0,0,"[{""body_indices"": [0], ""symbol"": ""cudnnPointwiseGraph_f32""}]",1,0,56,0.0,56
aten,aten_frac,/home/arjaiswal/Polygeist/issues/aten_c_kernels/results/aten_frac/debuf.mlir,85247397821c9ce4538b73ef5b6ecc2d53e06e32454e5c670c1b9ed03d0c00dd,egglog,4,ok,0,909.0871401131153,0,"[""/usr/bin/python3"", ""/home/arjaiswal/Polygeist/scripts/correctness/kernel_match_rewrite.py"", ""/home/arjaiswal/Polygeist/issues/aten_c_kernels/results/aten_frac/debuf.mlir"", ""--dry-run"", ""--matcher-mode"", ""egglog"", ""--telemetry-json"", ""/home/arjaiswal/Polygeist/issues/equality_saturation_eval/campaign_20260908/aten-aten_frac-egglog-96s_os54.json"", ""--disable-semantic-fallback""]","== match report for /home/arjaiswal/Polygeist/issues/aten_c_kernels/results/aten_frac/debuf.mlir ==
  match          body#[0]  cudnnPointwiseGraph_f32
  total: 1 matched / 1 bodies
",0,[],0,0,0,0,/home/arjaiswal/Polygeist/issues/aten_c_kernels/results/aten_frac/debuf.mlir,1907,8,1,1,481.6022217273712,0,65948,0.0,0,0,0,0,"[{""body_indices"": [0], ""symbol"": ""cudnnPointwiseGraph_f32""}]",1,0,0,0.0,56
aten,aten_frac,/home/arjaiswal/Polygeist/issues/aten_c_kernels/results/aten_frac/debuf.mlir,85247397821c9ce4538b73ef5b6ecc2d53e06e32454e5c670c1b9ed03d0c00dd,egglog,5,ok,0,908.4377884864807,0,"[""/usr/bin/python3"", ""/home/arjaiswal/Polygeist/scripts/correctness/kernel_match_rewrite.py"", ""/home/arjaiswal/Polygeist/issues/aten_c_kernels/results/aten_frac/debuf.mlir"", ""--dry-run"", ""--matcher-mode"", ""egglog"", ""--telemetry-json"", ""/home/arjaiswal/Polygeist/issues/equality_saturation_eval/campaign_20260908/aten-aten_frac-egglog-rddsaf2t.json"", ""--disable-semantic-fallback""]","== match report for /home/arjaiswal/Polygeist/issues/aten_c_kernels/results/aten_frac/debuf.mlir ==
  match          body#[0]  cudnnPointwiseGraph_f32
  total: 1 matched / 1 bodies
",0,[],0,0,0,0,/home/arjaiswal/Polygeist/issues/aten_c_kernels/results/aten_frac/debuf.mlir,1907,8,1,1,462.42114156484604,0,66120,0.0,0,0,0,0,"[{""body_indices"": [0], ""symbol"": ""cudnnPointwiseGraph_f32""}]",1,0,0,0.0,56
aten,aten_frac,/home/arjaiswal/Polygeist/issues/aten_c_kernels/results/aten_frac/debuf.mlir,85247397821c9ce4538b73ef5b6ecc2d53e06e32454e5c670c1b9ed03d0c00dd,syntactic,5,ok,0,950.7965222001076,0,"[""/usr/bin/python3"", ""/home/arjaiswal/Polygeist/scripts/correctness/kernel_match_rewrite.py"", ""/home/arjaiswal/Polygeist/issues/aten_c_kernels/results/aten_frac/debuf.mlir"", ""--dry-run"", ""--matcher-mode"", ""syntactic"", ""--telemetry-json"", ""/home/arjaiswal/Polygeist/issues/equality_saturation_eval/campaign_20260908/aten-aten_frac-syntactic-w4rfs3mv.json"", ""--disable-semantic-fallback""]","== match report for /home/arjaiswal/Polygeist/issues/aten_c_kernels/results/aten_frac/debuf.mlir ==
  match          body#[0]  cudnnPointwiseGraph_f32
  total: 1 matched / 1 bodies
",0,[],0,0,0,0,/home/arjaiswal/Polygeist/issues/aten_c_kernels/results/aten_frac/debuf.mlir,1907,0,1,1,469.9149839580059,0,65920,0.18048658967018127,0,0,0,0,"[{""body_indices"": [0], ""symbol"": ""cudnnPointwiseGraph_f32""}]",1,0,56,0.0,56
aten,aten_fractional_max_pool2d_backward_cpu,/home/arjaiswal/Polygeist/issues/aten_c_kernels/results/aten_fractional_max_pool2d_backward_cpu/debuf.mlir,87fcd921206fc89bb4330085a8f004f24f55485d4f9b15cd32b8a1ba8d66aca7,syntactic,1,ok,0,702.4670466780663,0,"[""/usr/bin/python3"", ""/home/arjaiswal/Polygeist/scripts/correctness/kernel_match_rewrite.py"", ""/home/arjaiswal/Polygeist/issues/aten_c_kernels/results/aten_fractional_max_pool2d_backward_cpu/debuf.mlir"", ""--dry-run"", ""--matcher-mode"", ""syntactic"", ""--telemetry-json"", ""/home/arjaiswal/Polygeist/issues/equality_saturation_eval/campaign_20260908/aten-aten_fractional_max_pool2d_backward_cpu-syntactic-hefp1tfi.json"", ""--disable-semantic-fallback""]","== match report for /home/arjaiswal/Polygeist/issues/aten_c_kernels/results/aten_fractional_max_pool2d_backward_cpu/debuf.mlir ==
  total: 0 matched / 0 bodies
",0,[],0,0,0,0,/home/arjaiswal/Polygeist/issues/aten_c_kernels/results/aten_fractional_max_pool2d_backward_cpu/debuf.mlir,2585,0,0,0,268.86138692498207,0,64724,0.0,0,0,0,0,[],0,0,0,0.0,0
aten,aten_fractional_max_pool2d_backward_cpu,/home/arjaiswal/Polygeist/issues/aten_c_kernels/results/aten_fractional_max_pool2d_backward_cpu/debuf.mlir,87fcd921206fc89bb4330085a8f004f24f55485d4f9b15cd32b8a1ba8d66aca7,egglog,1,ok,0,759.6410103142262,0,"[""/usr/bin/python3"", ""/home/arjaiswal/Polygeist/scripts/correctness/kernel_match_rewrite.py"", ""/home/arjaiswal/Polygeist/issues/aten_c_kernels/results/aten_fractional_max_pool2d_backward_cpu/debuf.mlir"", ""--dry-run"", ""--matcher-mode"", ""egglog"", ""--telemetry-json"", ""/home/arjaiswal/Polygeist/issues/equality_saturation_eval/campaign_20260908/aten-aten_fractional_max_pool2d_backward_cpu-egglog-1e5rmdip.json"", ""--disable-semantic-fallback""]","== match report for /home/arjaiswal/Polygeist/issues/aten_c_kernels/results/aten_fractional_max_pool2d_backward_cpu/debuf.mlir ==
  total: 0 matched / 0 bodies
",0,[],0,0,0,0,/home/arjaiswal/Polygeist/issues/aten_c_kernels/results/aten_fractional_max_pool2d_backward_cpu/debuf.mlir,2585,8,0,0,307.9092800617218,0,64816,0.0,0,0,0,0,[],0,0,0,0.0,0
aten,aten_fractional_max_pool2d_backward_cpu,/home/arjaiswal/Polygeist/issues/aten_c_kernels/results/aten_fractional_max_pool2d_backward_cpu/debuf.mlir,87fcd921206fc89bb4330085a8f004f24f55485d4f9b15cd32b8a1ba8d66aca7,egglog,2,ok,0,712.2542709112167,0,"[""/usr/bin/python3"", ""/home/arjaiswal/Polygeist/scripts/correctness/kernel_match_rewrite.py"", ""/home/arjaiswal/Polygeist/issues/aten_c_kernels/results/aten_fractional_max_pool2d_backward_cpu/debuf.mlir"", ""--dry-run"", ""--matcher-mode"", ""egglog"", ""--telemetry-json"", ""/home/arjaiswal/Polygeist/issues/equality_saturation_eval/campaign_20260908/aten-aten_fractional_max_pool2d_backward_cpu-egglog-vbdy5jww.json"", ""--disable-semantic-fallback""]","== match report for /home/arjaiswal/Polygeist/issues/aten_c_kernels/results/aten_fractional_max_pool2d_backward_cpu/debuf.mlir ==
  total: 0 matched / 0 bodies
",0,[],0,0,0,0,/home/arjaiswal/Polygeist/issues/aten_c_kernels/results/aten_fractional_max_pool2d_backward_cpu/debuf.mlir,2585,8,0,0,267.9034546017647,0,64972,0.0,0,0,0,0,[],0,0,0,0.0,0
aten,aten_fractional_max_pool2d_backward_cpu,/home/arjaiswal/Polygeist/issues/aten_c_kernels/results/aten_fractional_max_pool2d_backward_cpu/debuf.mlir,87fcd921206fc89bb4330085a8f004f24f55485d4f9b15cd32b8a1ba8d66aca7,syntactic,2,ok,0,697.9965902864933,0,"[""/usr/bin/python3"", ""/home/arjaiswal/Polygeist/scripts/correctness/kernel_match_rewrite.py"", ""/home/arjaiswal/Polygeist/issues/aten_c_kernels/results/aten_fractional_max_pool2d_backward_cpu/debuf.mlir"", ""--dry-run"", ""--matcher-mode"", ""syntactic"", ""--telemetry-json"", ""/home/arjaiswal/Polygeist/issues/equality_saturation_eval/campaign_20260908/aten-aten_fractional_max_pool2d_backward_cpu-syntactic-21_kb_jn.json"", ""--disable-semantic-fallback""]","== match report for /home/arjaiswal/Polygeist/issues/aten_c_kernels/results/aten_fractional_max_pool2d_backward_cpu/debuf.mlir ==
  total: 0 matched / 0 bodies
",0,[],0,0,0,0,/home/arjaiswal/Polygeist/issues/aten_c_kernels/results/aten_fractional_max_pool2d_backward_cpu/debuf.mlir,2585,0,0,0,267.5289995968342,0,64800,0.0,0,0,0,0,[],0,0,0,0.0,0
aten,aten_fractional_max_pool2d_backward_cpu,/home/arjaiswal/Polygeist/issues/aten_c_kernels/results/aten_fractional_max_pool2d_backward_cpu/debuf.mlir,87fcd921206fc89bb4330085a8f004f24f55485d4f9b15cd32b8a1ba8d66aca7,syntactic,3,ok,0,705.3822837769985,0,"[""/usr/bin/python3"", ""/home/arjaiswal/Polygeist/scripts/correctness/kernel_match_rewrite.py"", ""/home/arjaiswal/Polygeist/issues/aten_c_kernels/results/aten_fractional_max_pool2d_backward_cpu/debuf.mlir"", ""--dry-run"", ""--matcher-mode"", ""syntactic"", ""--telemetry-json"", ""/home/arjaiswal/Polygeist/issues/equality_saturation_eval/campaign_20260908/aten-aten_fractional_max_pool2d_backward_cpu-syntactic-90xtbb8_.json"", ""--disable-semantic-fallback""]","== match report for /home/arjaiswal/Polygeist/issues/aten_c_kernels/results/aten_fractional_max_pool2d_backward_cpu/debuf.mlir ==
  total: 0 matched / 0 bodies
",0,[],0,0,0,0,/home/arjaiswal/Polygeist/issues/aten_c_kernels/results/aten_fractional_max_pool2d_backward_cpu/debuf.mlir,2585,0,0,0,268.02967116236687,0,64668,0.0,0,0,0,0,[],0,0,0,0.0,0
aten,aten_fractional_max_pool2d_backward_cpu,/home/arjaiswal/Polygeist/issues/aten_c_kernels/results/aten_fractional_max_pool2d_backward_cpu/debuf.mlir,87fcd921206fc89bb4330085a8f004f24f55485d4f9b15cd32b8a1ba8d66aca7,egglog,3,ok,0,713.3166082203388,0,"[""/usr/bin/python3"", ""/home/arjaiswal/Polygeist/scripts/correctness/kernel_match_rewrite.py"", ""/home/arjaiswal/Polygeist/issues/aten_c_kernels/results/aten_fractional_max_pool2d_backward_cpu/debuf.mlir"", ""--dry-run"", ""--matcher-mode"", ""egglog"", ""--telemetry-json"", ""/home/arjaiswal/Polygeist/issues/equality_saturation_eval/campaign_20260908/aten-aten_fractional_max_pool2d_backward_cpu-egglog-uw_kysfr.json"", ""--disable-semantic-fallback""]","== match report for /home/arjaiswal/Polygeist/issues/aten_c_kernels/results/aten_fractional_max_pool2d_backward_cpu/debuf.mlir ==
  total: 0 matched / 0 bodies
",0,[],0,0,0,0,/home/arjaiswal/Polygeist/issues/aten_c_kernels/results/aten_fractional_max_pool2d_backward_cpu/debuf.mlir,2585,8,0,0,270.3080289065838,0,64780,0.0,0,0,0,0,[],0,0,0,0.0,0
aten,aten_fractional_max_pool2d_backward_cpu,/home/arjaiswal/Polygeist/issues/aten_c_kernels/results/aten_fractional_max_pool2d_backward_cpu/debuf.mlir,87fcd921206fc89bb4330085a8f004f24f55485d4f9b15cd32b8a1ba8d66aca7,egglog,4,ok,0,724.9016426503658,0,"[""/usr/bin/python3"", ""/home/arjaiswal/Polygeist/scripts/correctness/kernel_match_rewrite.py"", ""/home/arjaiswal/Polygeist/issues/aten_c_kernels/results/aten_fractional_max_pool2d_backward_cpu/debuf.mlir"", ""--dry-run"", ""--matcher-mode"", ""egglog"", ""--telemetry-json"", ""/home/arjaiswal/Polygeist/issues/equality_saturation_eval/campaign_20260908/aten-aten_fractional_max_pool2d_backward_cpu-egglog-6gj2u5kj.json"", ""--disable-semantic-fallback""]","== match report for /home/arjaiswal/Polygeist/issues/aten_c_kernels/results/aten_fractional_max_pool2d_backward_cpu/debuf.mlir ==
  total: 0 matched / 0 bodies
",0,[],0,0,0,0,/home/arjaiswal/Polygeist/issues/aten_c_kernels/results/aten_fractional_max_pool2d_backward_cpu/debuf.mlir,2585,8,0,0,281.5449461340904,0,64952,0.0,0,0,0,0,[],0,0,0,0.0,0
aten,aten_fractional_max_pool2d_backward_cpu,/home/arjaiswal/Polygeist/issues/aten_c_kernels/results/aten_fractional_max_pool2d_backward_cpu/debuf.mlir,87fcd921206fc89bb4330085a8f004f24f55485d4f9b15cd32b8a1ba8d66aca7,syntactic,4,ok,0,702.4827897548676,0,"[""/usr/bin/python3"", ""/home/arjaiswal/Polygeist/scripts/correctness/kernel_match_rewrite.py"", ""/home/arjaiswal/Polygeist/issues/aten_c_kernels/results/aten_fractional_max_pool2d_backward_cpu/debuf.mlir"", ""--dry-run"", ""--matcher-mode"", ""syntactic"", ""--telemetry-json"", ""/home/arjaiswal/Polygeist/issues/equality_saturation_eval/campaign_20260908/aten-aten_fractional_max_pool2d_backward_cpu-syntactic-ubjsp6dd.json"", ""--disable-semantic-fallback""]","== match report for /home/arjaiswal/Polygeist/issues/aten_c_kernels/results/aten_fractional_max_pool2d_backward_cpu/debuf.mlir ==
  total: 0 matched / 0 bodies
",0,[],0,0,0,0,/home/arjaiswal/Polygeist/issues/aten_c_kernels/results/aten_fractional_max_pool2d_backward_cpu/debuf.mlir,2585,0,0,0,258.9867077767849,0,64676,0.0,0,0,0,0,[],0,0,0,0.0,0
aten,aten_fractional_max_pool2d_backward_cpu,/home/arjaiswal/Polygeist/issues/aten_c_kernels/results/aten_fractional_max_pool2d_backward_cpu/debuf.mlir,87fcd921206fc89bb4330085a8f004f24f55485d4f9b15cd32b8a1ba8d66aca7,syntactic,5,ok,0,749.981589615345,0,"[""/usr/bin/python3"", ""/home/arjaiswal/Polygeist/scripts/correctness/kernel_match_rewrite.py"", ""/home/arjaiswal/Polygeist/issues/aten_c_kernels/results/aten_fractional_max_pool2d_backward_cpu/debuf.mlir"", ""--dry-run"", ""--matcher-mode"", ""syntactic"", ""--telemetry-json"", ""/home/arjaiswal/Polygeist/issues/equality_saturation_eval/campaign_20260908/aten-aten_fractional_max_pool2d_backward_cpu-syntactic-wippdayl.json"", ""--disable-semantic-fallback""]","== match report for /home/arjaiswal/Polygeist/issues/aten_c_kernels/results/aten_fractional_max_pool2d_backward_cpu/debuf.mlir ==
  total: 0 matched / 0 bodies
",0,[],0,0,0,0,/home/arjaiswal/Polygeist/issues/aten_c_kernels/results/aten_fractional_max_pool2d_backward_cpu/debuf.mlir,2585,0,0,0,264.81863111257553,0,64864,0.0,0,0,0,0,[],0,0,0,0.0,0
aten,aten_fractional_max_pool2d_backward_cpu,/home/arjaiswal/Polygeist/issues/aten_c_kernels/results/aten_fractional_max_pool2d_backward_cpu/debuf.mlir,87fcd921206fc89bb4330085a8f004f24f55485d4f9b15cd32b8a1ba8d66aca7,egglog,5,ok,0,753.442145884037,0,"[""/usr/bin/python3"", ""/home/arjaiswal/Polygeist/scripts/correctness/kernel_match_rewrite.py"", ""/home/arjaiswal/Polygeist/issues/aten_c_kernels/results/aten_fractional_max_pool2d_backward_cpu/debuf.mlir"", ""--dry-run"", ""--matcher-mode"", ""egglog"", ""--telemetry-json"", ""/home/arjaiswal/Polygeist/issues/equality_saturation_eval/campaign_20260908/aten-aten_fractional_max_pool2d_backward_cpu-egglog-drfky0af.json"", ""--disable-semantic-fallback""]","== match report for /home/arjaiswal/Polygeist/issues/aten_c_kernels/results/aten_fractional_max_pool2d_backward_cpu/debuf.mlir ==
  total: 0 matched / 0 bodies
",0,[],0,0,0,0,/home/arjaiswal/Polygeist/issues/aten_c_kernels/results/aten_fractional_max_pool2d_backward_cpu/debuf.mlir,2585,8,0,0,270.1820991933346,0,64716,0.0,0,0,0,0,[],0,0,0,0.0,0
aten,aten_fractional_max_pool2d_cpu,/home/arjaiswal/Polygeist/issues/aten_c_kernels/results/aten_fractional_max_pool2d_cpu/debuf.mlir,b12a6905bccca74fe1889f620bfbe534fd3c40e161b77d5d7d5ab2c8060a63eb,egglog,1,ok,0,1058.4662854671478,0,"[""/usr/bin/python3"", ""/home/arjaiswal/Polygeist/scripts/correctness/kernel_match_rewrite.py"", ""/home/arjaiswal/Polygeist/issues/aten_c_kernels/results/aten_fractional_max_pool2d_cpu/debuf.mlir"", ""--dry-run"", ""--matcher-mode"", ""egglog"", ""--telemetry-json"", ""/home/arjaiswal/Polygeist/issues/equality_saturation_eval/campaign_20260908/aten-aten_fractional_max_pool2d_cpu-egglog-sxkrhhnu.json"", ""--disable-semantic-fallback""]","== match report for /home/arjaiswal/Polygeist/issues/aten_c_kernels/results/aten_fractional_max_pool2d_cpu/debuf.mlir ==
  match          body#[0]  cudaCopy1D_f32_tensor
  rank_or_dtype_reject body#1  cublasDcopy_tensor
  total: 1 matched / 2 bodies
",0,[],0,0,0,0,/home/arjaiswal/Polygeist/issues/aten_c_kernels/results/aten_fractional_max_pool2d_cpu/debuf.mlir,4088,8,2,1,518.6401084065437,0,69536,87.41122111678123,8,8,0,0,"[{""body_indices"": [0], ""symbol"": ""cudaCopy1D_f32_tensor""}]",1,0,0,0.0,60
aten,aten_fractional_max_pool2d_cpu,/home/arjaiswal/Polygeist/issues/aten_c_kernels/results/aten_fractional_max_pool2d_cpu/debuf.mlir,b12a6905bccca74fe1889f620bfbe534fd3c40e161b77d5d7d5ab2c8060a63eb,syntactic,1,ok,0,828.5646624863148,0,"[""/usr/bin/python3"", ""/home/arjaiswal/Polygeist/scripts/correctness/kernel_match_rewrite.py"", ""/home/arjaiswal/Polygeist/issues/aten_c_kernels/results/aten_fractional_max_pool2d_cpu/debuf.mlir"", ""--dry-run"", ""--matcher-mode"", ""syntactic"", ""--telemetry-json"", ""/home/arjaiswal/Polygeist/issues/equality_saturation_eval/campaign_20260908/aten-aten_fractional_max_pool2d_cpu-syntactic-r7m8n2lt.json"", ""--disable-semantic-fallback""]","== match report for /home/arjaiswal/Polygeist/issues/aten_c_kernels/results/aten_fractional_max_pool2d_cpu/debuf.mlir ==
  match          body#[0]  cudaCopy1D_f32_tensor
  rank_or_dtype_reject body#1  cublasDcopy_tensor
  total: 1 matched / 2 bodies
",0,[],0,0,0,0,/home/arjaiswal/Polygeist/issues/aten_c_kernels/results/aten_fractional_max_pool2d_cpu/debuf.mlir,4088,0,2,1,398.79918098449707,0,65700,0.14896690845489502,0,8,0,0,"[{""body_indices"": [0], ""symbol"": ""cudaCopy1D_f32_tensor""}]",1,0,60,0.0,60
aten,aten_fractional_max_pool2d_cpu,/home/arjaiswal/Polygeist/issues/aten_c_kernels/results/aten_fractional_max_pool2d_cpu/debuf.mlir,b12a6905bccca74fe1889f620bfbe534fd3c40e161b77d5d7d5ab2c8060a63eb,syntactic,2,ok,0,861.3796532154083,0,"[""/usr/bin/python3"", ""/home/arjaiswal/Polygeist/scripts/correctness/kernel_match_rewrite.py"", ""/home/arjaiswal/Polygeist/issues/aten_c_kernels/results/aten_fractional_max_pool2d_cpu/debuf.mlir"", ""--dry-run"", ""--matcher-mode"", ""syntactic"", ""--telemetry-json"", ""/home/arjaiswal/Polygeist/issues/equality_saturation_eval/campaign_20260908/aten-aten_fractional_max_pool2d_cpu-syntactic-nq66jg_2.json"", ""--disable-semantic-fallback""]","== match report for /home/arjaiswal/Polygeist/issues/aten_c_kernels/results/aten_fractional_max_pool2d_cpu/debuf.mlir ==
  match          body#[0]  cudaCopy1D_f32_tensor
  rank_or_dtype_reject body#1  cublasDcopy_tensor
  total: 1 matched / 2 bodies
",0,[],0,0,0,0,/home/arjaiswal/Polygeist/issues/aten_c_kernels/results/aten_fractional_max_pool2d_cpu/debuf.mlir,4088,0,2,1,429.01696264743805,0,65564,0.15171244740486145,0,8,0,0,"[{""body_indices"": [0], ""symbol"": ""cudaCopy1D_f32_tensor""}]",1,0,60,0.0,60
aten,aten_fractional_max_pool2d_cpu,/home/arjaiswal/Polygeist/issues/aten_c_kernels/results/aten_fractional_max_pool2d_cpu/debuf.mlir,b12a6905bccca74fe1889f620bfbe534fd3c40e161b77d5d7d5ab2c8060a63eb,egglog,2,ok,0,960.0041918456554,0,"[""/usr/bin/python3"", ""/home/arjaiswal/Polygeist/scripts/correctness/kernel_match_rewrite.py"", ""/home/arjaiswal/Polygeist/issues/aten_c_kernels/results/aten_fractional_max_pool2d_cpu/debuf.mlir"", ""--dry-run"", ""--matcher-mode"", ""egglog"", ""--telemetry-json"", ""/home/arjaiswal/Polygeist/issues/equality_saturation_eval/campaign_20260908/aten-aten_fractional_max_pool2d_cpu-egglog-1_fe_4lu.json"", ""--disable-semantic-fallback""]","== match report for /home/arjaiswal/Polygeist/issues/aten_c_kernels/results/aten_fractional_max_pool2d_cpu/debuf.mlir ==
  match          body#[0]  cudaCopy1D_f32_tensor
  rank_or_dtype_reject body#1  cublasDcopy_tensor
  total: 1 matched / 2 bodies
",0,[],0,0,0,0,/home/arjaiswal/Polygeist/issues/aten_c_kernels/results/aten_fractional_max_pool2d_cpu/debuf.mlir,4088,8,2,1,536.6598293185234,0,69728,106.38866573572159,8,8,0,0,"[{""body_indices"": [0], ""symbol"": ""cudaCopy1D_f32_tensor""}]",1,0,0,0.0,60
aten,aten_fractional_max_pool2d_cpu,/home/arjaiswal/Polygeist/issues/aten_c_kernels/results/aten_fractional_max_pool2d_cpu/debuf.mlir,b12a6905bccca74fe1889f620bfbe534fd3c40e161b77d5d7d5ab2c8060a63eb,egglog,3,ok,0,1010.283213108778,0,"[""/usr/bin/python3"", ""/home/arjaiswal/Polygeist/scripts/correctness/kernel_match_rewrite.py"", ""/home/arjaiswal/Polygeist/issues/aten_c_kernels/results/aten_fractional_max_pool2d_cpu/debuf.mlir"", ""--dry-run"", ""--matcher-mode"", ""egglog"", ""--telemetry-json"", ""/home/arjaiswal/Polygeist/issues/equality_saturation_eval/campaign_20260908/aten-aten_fractional_max_pool2d_cpu-egglog-7btui_yb.json"", ""--disable-semantic-fallback""]","== match report for /home/arjaiswal/Polygeist/issues/aten_c_kernels/results/aten_fractional_max_pool2d_cpu/debuf.mlir ==
  match          body#[0]  cudaCopy1D_f32_tensor
  rank_or_dtype_reject body#1  cublasDcopy_tensor
  total: 1 matched / 2 bodies
",0,[],0,0,0,0,/home/arjaiswal/Polygeist/issues/aten_c_kernels/results/aten_fractional_max_pool2d_cpu/debuf.mlir,4088,8,2,1,535.2366417646408,0,69868,92.50904619693756,8,8,0,0,"[{""body_indices"": [0], ""symbol"": ""cudaCopy1D_f32_tensor""}]",1,0,0,0.0,60
aten,aten_fractional_max_pool2d_cpu,/home/arjaiswal/Polygeist/issues/aten_c_kernels/results/aten_fractional_max_pool2d_cpu/debuf.mlir,b12a6905bccca74fe1889f620bfbe534fd3c40e161b77d5d7d5ab2c8060a63eb,syntactic,3,ok,0,926.263477653265,0,"[""/usr/bin/python3"", ""/home/arjaiswal/Polygeist/scripts/correctness/kernel_match_rewrite.py"", ""/home/arjaiswal/Polygeist/issues/aten_c_kernels/results/aten_fractional_max_pool2d_cpu/debuf.mlir"", ""--dry-run"", ""--matcher-mode"", ""syntactic"", ""--telemetry-json"", ""/home/arjaiswal/Polygeist/issues/equality_saturation_eval/campaign_20260908/aten-aten_fractional_max_pool2d_cpu-syntactic-1s1tg3u6.json"", ""--disable-semantic-fallback""]","== match report for /home/arjaiswal/Polygeist/issues/aten_c_kernels/results/aten_fractional_max_pool2d_cpu/debuf.mlir ==
  match          body#[0]  cudaCopy1D_f32_tensor
  rank_or_dtype_reject body#1  cublasDcopy_tensor
  total: 1 matched / 2 bodies
",0,[],0,0,0,0,/home/arjaiswal/Polygeist/issues/aten_c_kernels/results/aten_fractional_max_pool2d_cpu/debuf.mlir,4088,0,2,1,497.77187407016754,0,66032,0.15098229050636292,0,8,0,0,"[{""body_indices"": [0], ""symbol"": ""cudaCopy1D_f32_tensor""}]",1,0,60,0.0,60
aten,aten_fractional_max_pool2d_cpu,/home/arjaiswal/Polygeist/issues/aten_c_kernels/results/aten_fractional_max_pool2d_cpu/debuf.mlir,b12a6905bccca74fe1889f620bfbe534fd3c40e161b77d5d7d5ab2c8060a63eb,syntactic,4,ok,0,901.2056775391102,0,"[""/usr/bin/python3"", ""/home/arjaiswal/Polygeist/scripts/correctness/kernel_match_rewrite.py"", ""/home/arjaiswal/Polygeist/issues/aten_c_kernels/results/aten_fractional_max_pool2d_cpu/debuf.mlir"", ""--dry-run"", ""--matcher-mode"", ""syntactic"", ""--telemetry-json"", ""/home/arjaiswal/Polygeist/issues/equality_saturation_eval/campaign_20260908/aten-aten_fractional_max_pool2d_cpu-syntactic-n_ddi_0g.json"", ""--disable-semantic-fallback""]","== match report for /home/arjaiswal/Polygeist/issues/aten_c_kernels/results/aten_fractional_max_pool2d_cpu/debuf.mlir ==
  match          body#[0]  cudaCopy1D_f32_tensor
  rank_or_dtype_reject body#1  cublasDcopy_tensor
  total: 1 matched / 2 bodies
",0,[],0,0,0,0,/home/arjaiswal/Polygeist/issues/aten_c_kernels/results/aten_fractional_max_pool2d_cpu/debuf.mlir,4088,0,2,1,441.9649541378021,0,65956,0.15838071703910828,0,8,0,0,"[{""body_indices"": [0], ""symbol"": ""cudaCopy1D_f32_tensor""}]",1,0,60,0.0,60
aten,aten_fractional_max_pool2d_cpu,/home/arjaiswal/Polygeist/issues/aten_c_kernels/results/aten_fractional_max_pool2d_cpu/debuf.mlir,b12a6905bccca74fe1889f620bfbe534fd3c40e161b77d5d7d5ab2c8060a63eb,egglog,4,ok,0,930.3733929991722,0,"[""/usr/bin/python3"", ""/home/arjaiswal/Polygeist/scripts/correctness/kernel_match_rewrite.py"", ""/home/arjaiswal/Polygeist/issues/aten_c_kernels/results/aten_fractional_max_pool2d_cpu/debuf.mlir"", ""--dry-run"", ""--matcher-mode"", ""egglog"", ""--telemetry-json"", ""/home/arjaiswal/Polygeist/issues/equality_saturation_eval/campaign_20260908/aten-aten_fractional_max_pool2d_cpu-egglog-fe7umkm4.json"", ""--disable-semantic-fallback""]","== match report for /home/arjaiswal/Polygeist/issues/aten_c_kernels/results/aten_fractional_max_pool2d_cpu/debuf.mlir ==
  match          body#[0]  cudaCopy1D_f32_tensor
  rank_or_dtype_reject body#1  cublasDcopy_tensor
  total: 1 matched / 2 bodies
",0,[],0,0,0,0,/home/arjaiswal/Polygeist/issues/aten_c_kernels/results/aten_fractional_max_pool2d_cpu/debuf.mlir,4088,8,2,1,506.27848505973816,0,69820,85.25143191218376,8,8,0,0,"[{""body_indices"": [0], ""symbol"": ""cudaCopy1D_f32_tensor""}]",1,0,0,0.0,60
aten,aten_fractional_max_pool2d_cpu,/home/arjaiswal/Polygeist/issues/aten_c_kernels/results/aten_fractional_max_pool2d_cpu/debuf.mlir,b12a6905bccca74fe1889f620bfbe534fd3c40e161b77d5d7d5ab2c8060a63eb,egglog,5,ok,0,970.6205688416958,0,"[""/usr/bin/python3"", ""/home/arjaiswal/Polygeist/scripts/correctness/kernel_match_rewrite.py"", ""/home/arjaiswal/Polygeist/issues/aten_c_kernels/results/aten_fractional_max_pool2d_cpu/debuf.mlir"", ""--dry-run"", ""--matcher-mode"", ""egglog"", ""--telemetry-json"", ""/home/arjaiswal/Polygeist/issues/equality_saturation_eval/campaign_20260908/aten-aten_fractional_max_pool2d_cpu-egglog-77k47rd_.json"", ""--disable-semantic-fallback""]","== match report for /home/arjaiswal/Polygeist/issues/aten_c_kernels/results/aten_fractional_max_pool2d_cpu/debuf.mlir ==
  match          body#[0]  cudaCopy1D_f32_tensor
  rank_or_dtype_reject body#1  cublasDcopy_tensor
  total: 1 matched / 2 bodies
",0,[],0,0,0,0,/home/arjaiswal/Polygeist/issues/aten_c_kernels/results/aten_fractional_max_pool2d_cpu/debuf.mlir,4088,8,2,1,536.9710363447666,0,69748,91.8230414390564,8,8,0,0,"[{""body_indices"": [0], ""symbol"": ""cudaCopy1D_f32_tensor""}]",1,0,0,0.0,60
aten,aten_fractional_max_pool2d_cpu,/home/arjaiswal/Polygeist/issues/aten_c_kernels/results/aten_fractional_max_pool2d_cpu/debuf.mlir,b12a6905bccca74fe1889f620bfbe534fd3c40e161b77d5d7d5ab2c8060a63eb,syntactic,5,ok,0,893.1836932897568,0,"[""/usr/bin/python3"", ""/home/arjaiswal/Polygeist/scripts/correctness/kernel_match_rewrite.py"", ""/home/arjaiswal/Polygeist/issues/aten_c_kernels/results/aten_fractional_max_pool2d_cpu/debuf.mlir"", ""--dry-run"", ""--matcher-mode"", ""syntactic"", ""--telemetry-json"", ""/home/arjaiswal/Polygeist/issues/equality_saturation_eval/campaign_20260908/aten-aten_fractional_max_pool2d_cpu-syntactic-6mu77yoo.json"", ""--disable-semantic-fallback""]","== match report for /home/arjaiswal/Polygeist/issues/aten_c_kernels/results/aten_fractional_max_pool2d_cpu/debuf.mlir ==
  match          body#[0]  cudaCopy1D_f32_tensor
  rank_or_dtype_reject body#1  cublasDcopy_tensor
  total: 1 matched / 2 bodies
",0,[],0,0,0,0,/home/arjaiswal/Polygeist/issues/aten_c_kernels/results/aten_fractional_max_pool2d_cpu/debuf.mlir,4088,0,2,1,429.8422560095787,0,66048,0.1733638346195221,0,8,0,0,"[{""body_indices"": [0], ""symbol"": ""cudaCopy1D_f32_tensor""}]",1,0,60,0.0,60
aten,aten_fractional_max_pool3d_backward_cpu,/home/arjaiswal/Polygeist/issues/aten_c_kernels/results/aten_fractional_max_pool3d_backward_cpu/debuf.mlir,ea0d64fea537a94f7abc879feee2dfb3316aec2e81c8babe1e0eaed006751257,syntactic,1,ok,0,729.0110848844051,0,"[""/usr/bin/python3"", ""/home/arjaiswal/Polygeist/scripts/correctness/kernel_match_rewrite.py"", ""/home/arjaiswal/Polygeist/issues/aten_c_kernels/results/aten_fractional_max_pool3d_backward_cpu/debuf.mlir"", ""--dry-run"", ""--matcher-mode"", ""syntactic"", ""--telemetry-json"", ""/home/arjaiswal/Polygeist/issues/equality_saturation_eval/campaign_20260908/aten-aten_fractional_max_pool3d_backward_cpu-syntactic-vfu8fc2p.json"", ""--disable-semantic-fallback""]","== match report for /home/arjaiswal/Polygeist/issues/aten_c_kernels/results/aten_fractional_max_pool3d_backward_cpu/debuf.mlir ==
  total: 0 matched / 0 bodies
",0,[],0,0,0,0,/home/arjaiswal/Polygeist/issues/aten_c_kernels/results/aten_fractional_max_pool3d_backward_cpu/debuf.mlir,2890,0,0,0,250.82072988152504,0,64588,0.0,0,0,0,0,[],0,0,0,0.0,0
aten,aten_fractional_max_pool3d_backward_cpu,/home/arjaiswal/Polygeist/issues/aten_c_kernels/results/aten_fractional_max_pool3d_backward_cpu/debuf.mlir,ea0d64fea537a94f7abc879feee2dfb3316aec2e81c8babe1e0eaed006751257,egglog,1,ok,0,713.0216583609581,0,"[""/usr/bin/python3"", ""/home/arjaiswal/Polygeist/scripts/correctness/kernel_match_rewrite.py"", ""/home/arjaiswal/Polygeist/issues/aten_c_kernels/results/aten_fractional_max_pool3d_backward_cpu/debuf.mlir"", ""--dry-run"", ""--matcher-mode"", ""egglog"", ""--telemetry-json"", ""/home/arjaiswal/Polygeist/issues/equality_saturation_eval/campaign_20260908/aten-aten_fractional_max_pool3d_backward_cpu-egglog-0rrxdn55.json"", ""--disable-semantic-fallback""]","== match report for /home/arjaiswal/Polygeist/issues/aten_c_kernels/results/aten_fractional_max_pool3d_backward_cpu/debuf.mlir ==
  total: 0 matched / 0 bodies
",0,[],0,0,0,0,/home/arjaiswal/Polygeist/issues/aten_c_kernels/results/aten_fractional_max_pool3d_backward_cpu/debuf.mlir,2890,8,0,0,270.1372392475605,0,64728,0.0,0,0,0,0,[],0,0,0,0.0,0
aten,aten_fractional_max_pool3d_backward_cpu,/home/arjaiswal/Polygeist/issues/aten_c_kernels/results/aten_fractional_max_pool3d_backward_cpu/debuf.mlir,ea0d64fea537a94f7abc879feee2dfb3316aec2e81c8babe1e0eaed006751257,egglog,2,ok,0,751.5019588172436,0,"[""/usr/bin/python3"", ""/home/arjaiswal/Polygeist/scripts/correctness/kernel_match_rewrite.py"", ""/home/arjaiswal/Polygeist/issues/aten_c_kernels/results/aten_fractional_max_pool3d_backward_cpu/debuf.mlir"", ""--dry-run"", ""--matcher-mode"", ""egglog"", ""--telemetry-json"", ""/home/arjaiswal/Polygeist/issues/equality_saturation_eval/campaign_20260908/aten-aten_fractional_max_pool3d_backward_cpu-egglog-skg4ocua.json"", ""--disable-semantic-fallback""]","== match report for /home/arjaiswal/Polygeist/issues/aten_c_kernels/results/aten_fractional_max_pool3d_backward_cpu/debuf.mlir ==
  total: 0 matched / 0 bodies
",0,[],0,0,0,0,/home/arjaiswal/Polygeist/issues/aten_c_kernels/results/aten_fractional_max_pool3d_backward_cpu/debuf.mlir,2890,8,0,0,292.94784367084503,0,64764,0.0,0,0,0,0,[],0,0,0,0.0,0
aten,aten_fractional_max_pool3d_backward_cpu,/home/arjaiswal/Polygeist/issues/aten_c_kernels/results/aten_fractional_max_pool3d_backward_cpu/debuf.mlir,ea0d64fea537a94f7abc879feee2dfb3316aec2e81c8babe1e0eaed006751257,syntactic,2,ok,0,714.5624831318855,0,"[""/usr/bin/python3"", ""/home/arjaiswal/Polygeist/scripts/correctness/kernel_match_rewrite.py"", ""/home/arjaiswal/Polygeist/issues/aten_c_kernels/results/aten_fractional_max_pool3d_backward_cpu/debuf.mlir"", ""--dry-run"", ""--matcher-mode"", ""syntactic"", ""--telemetry-json"", ""/home/arjaiswal/Polygeist/issues/equality_saturation_eval/campaign_20260908/aten-aten_fractional_max_pool3d_backward_cpu-syntactic-1czspl57.json"", ""--disable-semantic-fallback""]","== match report for /home/arjaiswal/Polygeist/issues/aten_c_kernels/results/aten_fractional_max_pool3d_backward_cpu/debuf.mlir ==
  total: 0 matched / 0 bodies
",0,[],0,0,0,0,/home/arjaiswal/Polygeist/issues/aten_c_kernels/results/aten_fractional_max_pool3d_backward_cpu/debuf.mlir,2890,0,0,0,281.70283883810043,0,64968,0.0,0,0,0,0,[],0,0,0,0.0,0
aten,aten_fractional_max_pool3d_backward_cpu,/home/arjaiswal/Polygeist/issues/aten_c_kernels/results/aten_fractional_max_pool3d_backward_cpu/debuf.mlir,ea0d64fea537a94f7abc879feee2dfb3316aec2e81c8babe1e0eaed006751257,syntactic,3,ok,0,742.049802094698,0,"[""/usr/bin/python3"", ""/home/arjaiswal/Polygeist/scripts/correctness/kernel_match_rewrite.py"", ""/home/arjaiswal/Polygeist/issues/aten_c_kernels/results/aten_fractional_max_pool3d_backward_cpu/debuf.mlir"", ""--dry-run"", ""--matcher-mode"", ""syntactic"", ""--telemetry-json"", ""/home/arjaiswal/Polygeist/issues/equality_saturation_eval/campaign_20260908/aten-aten_fractional_max_pool3d_backward_cpu-syntactic-gb_85si4.json"", ""--disable-semantic-fallback""]","== match report for /home/arjaiswal/Polygeist/issues/aten_c_kernels/results/aten_fractional_max_pool3d_backward_cpu/debuf.mlir ==
  total: 0 matched / 0 bodies
",0,[],0,0,0,0,/home/arjaiswal/Polygeist/issues/aten_c_kernels/results/aten_fractional_max_pool3d_backward_cpu/debuf.mlir,2890,0,0,0,286.47051751613617,0,64768,0.0,0,0,0,0,[],0,0,0,0.0,0
aten,aten_fractional_max_pool3d_backward_cpu,/home/arjaiswal/Polygeist/issues/aten_c_kernels/results/aten_fractional_max_pool3d_backward_cpu/debuf.mlir,ea0d64fea537a94f7abc879feee2dfb3316aec2e81c8babe1e0eaed006751257,egglog,3,ok,0,794.2906022071838,0,"[""/usr/bin/python3"", ""/home/arjaiswal/Polygeist/scripts/correctness/kernel_match_rewrite.py"", ""/home/arjaiswal/Polygeist/issues/aten_c_kernels/results/aten_fractional_max_pool3d_backward_cpu/debuf.mlir"", ""--dry-run"", ""--matcher-mode"", ""egglog"", ""--telemetry-json"", ""/home/arjaiswal/Polygeist/issues/equality_saturation_eval/campaign_20260908/aten-aten_fractional_max_pool3d_backward_cpu-egglog-xrj1ghsz.json"", ""--disable-semantic-fallback""]","== match report for /home/arjaiswal/Polygeist/issues/aten_c_kernels/results/aten_fractional_max_pool3d_backward_cpu/debuf.mlir ==
  total: 0 matched / 0 bodies
",0,[],0,0,0,0,/home/arjaiswal/Polygeist/issues/aten_c_kernels/results/aten_fractional_max_pool3d_backward_cpu/debuf.mlir,2890,8,0,0,329.04836162924767,0,64768,0.0,0,0,0,0,[],0,0,0,0.0,0
aten,aten_fractional_max_pool3d_backward_cpu,/home/arjaiswal/Polygeist/issues/aten_c_kernels/results/aten_fractional_max_pool3d_backward_cpu/debuf.mlir,ea0d64fea537a94f7abc879feee2dfb3316aec2e81c8babe1e0eaed006751257,egglog,4,ok,0,760.9308250248432,0,"[""/usr/bin/python3"", ""/home/arjaiswal/Polygeist/scripts/correctness/kernel_match_rewrite.py"", ""/home/arjaiswal/Polygeist/issues/aten_c_kernels/results/aten_fractional_max_pool3d_backward_cpu/debuf.mlir"", ""--dry-run"", ""--matcher-mode"", ""egglog"", ""--telemetry-json"", ""/home/arjaiswal/Polygeist/issues/equality_saturation_eval/campaign_20260908/aten-aten_fractional_max_pool3d_backward_cpu-egglog-flz5dqw6.json"", ""--disable-semantic-fallback""]","== match report for /home/arjaiswal/Polygeist/issues/aten_c_kernels/results/aten_fractional_max_pool3d_backward_cpu/debuf.mlir ==
  total: 0 matched / 0 bodies
",0,[],0,0,0,0,/home/arjaiswal/Polygeist/issues/aten_c_kernels/results/aten_fractional_max_pool3d_backward_cpu/debuf.mlir,2890,8,0,0,311.6038031876087,0,64820,0.0,0,0,0,0,[],0,0,0,0.0,0
aten,aten_fractional_max_pool3d_backward_cpu,/home/arjaiswal/Polygeist/issues/aten_c_kernels/results/aten_fractional_max_pool3d_backward_cpu/debuf.mlir,ea0d64fea537a94f7abc879feee2dfb3316aec2e81c8babe1e0eaed006751257,syntactic,4,ok,0,684.1540038585663,0,"[""/usr/bin/python3"", ""/home/arjaiswal/Polygeist/scripts/correctness/kernel_match_rewrite.py"", ""/home/arjaiswal/Polygeist/issues/aten_c_kernels/results/aten_fractional_max_pool3d_backward_cpu/debuf.mlir"", ""--dry-run"", ""--matcher-mode"", ""syntactic"", ""--telemetry-json"", ""/home/arjaiswal/Polygeist/issues/equality_saturation_eval/campaign_20260908/aten-aten_fractional_max_pool3d_backward_cpu-syntactic-9h5h0r0k.json"", ""--disable-semantic-fallback""]","== match report for /home/arjaiswal/Polygeist/issues/aten_c_kernels/results/aten_fractional_max_pool3d_backward_cpu/debuf.mlir ==
  total: 0 matched / 0 bodies
",0,[],0,0,0,0,/home/arjaiswal/Polygeist/issues/aten_c_kernels/results/aten_fractional_max_pool3d_backward_cpu/debuf.mlir,2890,0,0,0,260.88324934244156,0,64652,0.0,0,0,0,0,[],0,0,0,0.0,0
aten,aten_fractional_max_pool3d_backward_cpu,/home/arjaiswal/Polygeist/issues/aten_c_kernels/results/aten_fractional_max_pool3d_backward_cpu/debuf.mlir,ea0d64fea537a94f7abc879feee2dfb3316aec2e81c8babe1e0eaed006751257,syntactic,5,ok,0,725.1514419913292,0,"[""/usr/bin/python3"", ""/home/arjaiswal/Polygeist/scripts/correctness/kernel_match_rewrite.py"", ""/home/arjaiswal/Polygeist/issues/aten_c_kernels/results/aten_fractional_max_pool3d_backward_cpu/debuf.mlir"", ""--dry-run"", ""--matcher-mode"", ""syntactic"", ""--telemetry-json"", ""/home/arjaiswal/Polygeist/issues/equality_saturation_eval/campaign_20260908/aten-aten_fractional_max_pool3d_backward_cpu-syntactic-w7q06g6j.json"", ""--disable-semantic-fallback""]","== match report for /home/arjaiswal/Polygeist/issues/aten_c_kernels/results/aten_fractional_max_pool3d_backward_cpu/debuf.mlir ==
  total: 0 matched / 0 bodies
",0,[],0,0,0,0,/home/arjaiswal/Polygeist/issues/aten_c_kernels/results/aten_fractional_max_pool3d_backward_cpu/debuf.mlir,2890,0,0,0,279.99232709407806,0,64908,0.0,0,0,0,0,[],0,0,0,0.0,0
aten,aten_fractional_max_pool3d_backward_cpu,/home/arjaiswal/Polygeist/issues/aten_c_kernels/results/aten_fractional_max_pool3d_backward_cpu/debuf.mlir,ea0d64fea537a94f7abc879feee2dfb3316aec2e81c8babe1e0eaed006751257,egglog,5,ok,0,759.7915381193161,0,"[""/usr/bin/python3"", ""/home/arjaiswal/Polygeist/scripts/correctness/kernel_match_rewrite.py"", ""/home/arjaiswal/Polygeist/issues/aten_c_kernels/results/aten_fractional_max_pool3d_backward_cpu/debuf.mlir"", ""--dry-run"", ""--matcher-mode"", ""egglog"", ""--telemetry-json"", ""/home/arjaiswal/Polygeist/issues/equality_saturation_eval/campaign_20260908/aten-aten_fractional_max_pool3d_backward_cpu-egglog-ofqcnw5h.json"", ""--disable-semantic-fallback""]","== match report for /home/arjaiswal/Polygeist/issues/aten_c_kernels/results/aten_fractional_max_pool3d_backward_cpu/debuf.mlir ==
  total: 0 matched / 0 bodies
",0,[],0,0,0,0,/home/arjaiswal/Polygeist/issues/aten_c_kernels/results/aten_fractional_max_pool3d_backward_cpu/debuf.mlir,2890,8,0,0,275.5689062178135,0,64728,0.0,0,0,0,0,[],0,0,0,0.0,0
aten,aten_fractional_max_pool3d_cpu,/home/arjaiswal/Polygeist/issues/aten_c_kernels/results/aten_fractional_max_pool3d_cpu/debuf.mlir,eb48ed1e1a69332902a36c048e046fdc27ac4b97b54f9b92b1ff90f0942813f3,egglog,1,ok,0,990.8290952444077,0,"[""/usr/bin/python3"", ""/home/arjaiswal/Polygeist/scripts/correctness/kernel_match_rewrite.py"", ""/home/arjaiswal/Polygeist/issues/aten_c_kernels/results/aten_fractional_max_pool3d_cpu/debuf.mlir"", ""--dry-run"", ""--matcher-mode"", ""egglog"", ""--telemetry-json"", ""/home/arjaiswal/Polygeist/issues/equality_saturation_eval/campaign_20260908/aten-aten_fractional_max_pool3d_cpu-egglog-o33nvzi5.json"", ""--disable-semantic-fallback""]","== match report for /home/arjaiswal/Polygeist/issues/aten_c_kernels/results/aten_fractional_max_pool3d_cpu/debuf.mlir ==
  match          body#[0]  cudaCopy1D_f32_tensor
  rank_or_dtype_reject body#1  cublasDcopy_tensor
  total: 1 matched / 2 bodies
",0,[],0,0,0,0,/home/arjaiswal/Polygeist/issues/aten_c_kernels/results/aten_fractional_max_pool3d_cpu/debuf.mlir,4178,8,2,1,540.3144247829914,0,69912,88.68947625160217,8,8,0,0,"[{""body_indices"": [0], ""symbol"": ""cudaCopy1D_f32_tensor""}]",1,0,0,0.0,60
aten,aten_fractional_max_pool3d_cpu,/home/arjaiswal/Polygeist/issues/aten_c_kernels/results/aten_fractional_max_pool3d_cpu/debuf.mlir,eb48ed1e1a69332902a36c048e046fdc27ac4b97b54f9b92b1ff90f0942813f3,syntactic,1,ok,0,837.5103324651718,0,"[""/usr/bin/python3"", ""/home/arjaiswal/Polygeist/scripts/correctness/kernel_match_rewrite.py"", ""/home/arjaiswal/Polygeist/issues/aten_c_kernels/results/aten_fractional_max_pool3d_cpu/debuf.mlir"", ""--dry-run"", ""--matcher-mode"", ""syntactic"", ""--telemetry-json"", ""/home/arjaiswal/Polygeist/issues/equality_saturation_eval/campaign_20260908/aten-aten_fractional_max_pool3d_cpu-syntactic-5m3l_1gv.json"", ""--disable-semantic-fallback""]","== match report for /home/arjaiswal/Polygeist/issues/aten_c_kernels/results/aten_fractional_max_pool3d_cpu/debuf.mlir ==
  match          body#[0]  cudaCopy1D_f32_tensor
  rank_or_dtype_reject body#1  cublasDcopy_tensor
  total: 1 matched / 2 bodies
",0,[],0,0,0,0,/home/arjaiswal/Polygeist/issues/aten_c_kernels/results/aten_fractional_max_pool3d_cpu/debuf.mlir,4178,0,2,1,406.15425258874893,0,65496,0.14729425311088562,0,8,0,0,"[{""body_indices"": [0], ""symbol"": ""cudaCopy1D_f32_tensor""}]",1,0,60,0.0,60
aten,aten_fractional_max_pool3d_cpu,/home/arjaiswal/Polygeist/issues/aten_c_kernels/results/aten_fractional_max_pool3d_cpu/debuf.mlir,eb48ed1e1a69332902a36c048e046fdc27ac4b97b54f9b92b1ff90f0942813f3,syntactic,2,ok,0,835.5290554463863,0,"[""/usr/bin/python3"", ""/home/arjaiswal/Polygeist/scripts/correctness/kernel_match_rewrite.py"", ""/home/arjaiswal/Polygeist/issues/aten_c_kernels/results/aten_fractional_max_pool3d_cpu/debuf.mlir"", ""--dry-run"", ""--matcher-mode"", ""syntactic"", ""--telemetry-json"", ""/home/arjaiswal/Polygeist/issues/equality_saturation_eval/campaign_20260908/aten-aten_fractional_max_pool3d_cpu-syntactic-kg0gbc2d.json"", ""--disable-semantic-fallback""]","== match report for /home/arjaiswal/Polygeist/issues/aten_c_kernels/results/aten_fractional_max_pool3d_cpu/debuf.mlir ==
  match          body#[0]  cudaCopy1D_f32_tensor
  rank_or_dtype_reject body#1  cublasDcopy_tensor
  total: 1 matched / 2 bodies
",0,[],0,0,0,0,/home/arjaiswal/Polygeist/issues/aten_c_kernels/results/aten_fractional_max_pool3d_cpu/debuf.mlir,4178,0,2,1,394.9534446001053,0,65896,0.1576840877532959,0,8,0,0,"[{""body_indices"": [0], ""symbol"": ""cudaCopy1D_f32_tensor""}]",1,0,60,0.0,60
aten,aten_fractional_max_pool3d_cpu,/home/arjaiswal/Polygeist/issues/aten_c_kernels/results/aten_fractional_max_pool3d_cpu/debuf.mlir,eb48ed1e1a69332902a36c048e046fdc27ac4b97b54f9b92b1ff90f0942813f3,egglog,2,ok,0,930.1984533667564,0,"[""/usr/bin/python3"", ""/home/arjaiswal/Polygeist/scripts/correctness/kernel_match_rewrite.py"", ""/home/arjaiswal/Polygeist/issues/aten_c_kernels/results/aten_fractional_max_pool3d_cpu/debuf.mlir"", ""--dry-run"", ""--matcher-mode"", ""egglog"", ""--telemetry-json"", ""/home/arjaiswal/Polygeist/issues/equality_saturation_eval/campaign_20260908/aten-aten_fractional_max_pool3d_cpu-egglog-uu64p42l.json"", ""--disable-semantic-fallback""]","== match report for /home/arjaiswal/Polygeist/issues/aten_c_kernels/results/aten_fractional_max_pool3d_cpu/debuf.mlir ==
  match          body#[0]  cudaCopy1D_f32_tensor
  rank_or_dtype_reject body#1  cublasDcopy_tensor
  total: 1 matched / 2 bodies
",0,[],0,0,0,0,/home/arjaiswal/Polygeist/issues/aten_c_kernels/results/aten_fractional_max_pool3d_cpu/debuf.mlir,4178,8,2,1,501.8698386847973,0,69948,84.33034271001816,8,8,0,0,"[{""body_indices"": [0], ""symbol"": ""cudaCopy1D_f32_tensor""}]",1,0,0,0.0,60
aten,aten_fractional_max_pool3d_cpu,/home/arjaiswal/Polygeist/issues/aten_c_kernels/results/aten_fractional_max_pool3d_cpu/debuf.mlir,eb48ed1e1a69332902a36c048e046fdc27ac4b97b54f9b92b1ff90f0942813f3,egglog,3,ok,0,1010.6385909020901,0,"[""/usr/bin/python3"", ""/home/arjaiswal/Polygeist/scripts/correctness/kernel_match_rewrite.py"", ""/home/arjaiswal/Polygeist/issues/aten_c_kernels/results/aten_fractional_max_pool3d_cpu/debuf.mlir"", ""--dry-run"", ""--matcher-mode"", ""egglog"", ""--telemetry-json"", ""/home/arjaiswal/Polygeist/issues/equality_saturation_eval/campaign_20260908/aten-aten_fractional_max_pool3d_cpu-egglog-aw5y5jxa.json"", ""--disable-semantic-fallback""]","== match report for /home/arjaiswal/Polygeist/issues/aten_c_kernels/results/aten_fractional_max_pool3d_cpu/debuf.mlir ==
  match          body#[0]  cudaCopy1D_f32_tensor
  rank_or_dtype_reject body#1  cublasDcopy_tensor
  total: 1 matched / 2 bodies
",0,[],0,0,0,0,/home/arjaiswal/Polygeist/issues/aten_c_kernels/results/aten_fractional_max_pool3d_cpu/debuf.mlir,4178,8,2,1,541.2123873829842,0,69720,90.39973840117455,8,8,0,0,"[{""body_indices"": [0], ""symbol"": ""cudaCopy1D_f32_tensor""}]",1,0,0,0.0,60
aten,aten_fractional_max_pool3d_cpu,/home/arjaiswal/Polygeist/issues/aten_c_kernels/results/aten_fractional_max_pool3d_cpu/debuf.mlir,eb48ed1e1a69332902a36c048e046fdc27ac4b97b54f9b92b1ff90f0942813f3,syntactic,3,ok,0,1131.3343606889248,0,"[""/usr/bin/python3"", ""/home/arjaiswal/Polygeist/scripts/correctness/kernel_match_rewrite.py"", ""/home/arjaiswal/Polygeist/issues/aten_c_kernels/results/aten_fractional_max_pool3d_cpu/debuf.mlir"", ""--dry-run"", ""--matcher-mode"", ""syntactic"", ""--telemetry-json"", ""/home/arjaiswal/Polygeist/issues/equality_saturation_eval/campaign_20260908/aten-aten_fractional_max_pool3d_cpu-syntactic-1uz_bgj9.json"", ""--disable-semantic-fallback""]","== match report for /home/arjaiswal/Polygeist/issues/aten_c_kernels/results/aten_fractional_max_pool3d_cpu/debuf.mlir ==
  match          body#[0]  cudaCopy1D_f32_tensor
  rank_or_dtype_reject body#1  cublasDcopy_tensor
  total: 1 matched / 2 bodies
",0,[],0,0,0,0,/home/arjaiswal/Polygeist/issues/aten_c_kernels/results/aten_fractional_max_pool3d_cpu/debuf.mlir,4178,0,2,1,607.8672595322132,0,65516,0.19566714763641357,0,8,0,0,"[{""body_indices"": [0], ""symbol"": ""cudaCopy1D_f32_tensor""}]",1,0,60,0.0,60
aten,aten_fractional_max_pool3d_cpu,/home/arjaiswal/Polygeist/issues/aten_c_kernels/results/aten_fractional_max_pool3d_cpu/debuf.mlir,eb48ed1e1a69332902a36c048e046fdc27ac4b97b54f9b92b1ff90f0942813f3,syntactic,4,ok,0,1015.6912729144096,0,"[""/usr/bin/python3"", ""/home/arjaiswal/Polygeist/scripts/correctness/kernel_match_rewrite.py"", ""/home/arjaiswal/Polygeist/issues/aten_c_kernels/results/aten_fractional_max_pool3d_cpu/debuf.mlir"", ""--dry-run"", ""--matcher-mode"", ""syntactic"", ""--telemetry-json"", ""/home/arjaiswal/Polygeist/issues/equality_saturation_eval/campaign_20260908/aten-aten_fractional_max_pool3d_cpu-syntactic-02xg7w7i.json"", ""--disable-semantic-fallback""]","== match report for /home/arjaiswal/Polygeist/issues/aten_c_kernels/results/aten_fractional_max_pool3d_cpu/debuf.mlir ==
  match          body#[0]  cudaCopy1D_f32_tensor
  rank_or_dtype_reject body#1  cublasDcopy_tensor
  total: 1 matched / 2 bodies
",0,[],0,0,0,0,/home/arjaiswal/Polygeist/issues/aten_c_kernels/results/aten_fractional_max_pool3d_cpu/debuf.mlir,4178,0,2,1,489.9057112634182,0,65948,0.1587793231010437,0,8,0,0,"[{""body_indices"": [0], ""symbol"": ""cudaCopy1D_f32_tensor""}]",1,0,60,0.0,60
aten,aten_fractional_max_pool3d_cpu,/home/arjaiswal/Polygeist/issues/aten_c_kernels/results/aten_fractional_max_pool3d_cpu/debuf.mlir,eb48ed1e1a69332902a36c048e046fdc27ac4b97b54f9b92b1ff90f0942813f3,egglog,4,ok,0,2247.7559000253677,0,"[""/usr/bin/python3"", ""/home/arjaiswal/Polygeist/scripts/correctness/kernel_match_rewrite.py"", ""/home/arjaiswal/Polygeist/issues/aten_c_kernels/results/aten_fractional_max_pool3d_cpu/debuf.mlir"", ""--dry-run"", ""--matcher-mode"", ""egglog"", ""--telemetry-json"", ""/home/arjaiswal/Polygeist/issues/equality_saturation_eval/campaign_20260908/aten-aten_fractional_max_pool3d_cpu-egglog-7b1_af3p.json"", ""--disable-semantic-fallback""]","== match report for /home/arjaiswal/Polygeist/issues/aten_c_kernels/results/aten_fractional_max_pool3d_cpu/debuf.mlir ==
  match          body#[0]  cudaCopy1D_f32_tensor
  rank_or_dtype_reject body#1  cublasDcopy_tensor
  total: 1 matched / 2 bodies
",0,[],0,0,0,0,/home/arjaiswal/Polygeist/issues/aten_c_kernels/results/aten_fractional_max_pool3d_cpu/debuf.mlir,4178,8,2,1,1220.2653102576733,0,69520,211.75704523921013,8,8,0,0,"[{""body_indices"": [0], ""symbol"": ""cudaCopy1D_f32_tensor""}]",1,0,0,0.0,60
aten,aten_fractional_max_pool3d_cpu,/home/arjaiswal/Polygeist/issues/aten_c_kernels/results/aten_fractional_max_pool3d_cpu/debuf.mlir,eb48ed1e1a69332902a36c048e046fdc27ac4b97b54f9b92b1ff90f0942813f3,egglog,5,ok,0,2198.399595916271,0,"[""/usr/bin/python3"", ""/home/arjaiswal/Polygeist/scripts/correctness/kernel_match_rewrite.py"", ""/home/arjaiswal/Polygeist/issues/aten_c_kernels/results/aten_fractional_max_pool3d_cpu/debuf.mlir"", ""--dry-run"", ""--matcher-mode"", ""egglog"", ""--telemetry-json"", ""/home/arjaiswal/Polygeist/issues/equality_saturation_eval/campaign_20260908/aten-aten_fractional_max_pool3d_cpu-egglog-y701szes.json"", ""--disable-semantic-fallback""]","== match report for /home/arjaiswal/Polygeist/issues/aten_c_kernels/results/aten_fractional_max_pool3d_cpu/debuf.mlir ==
  match          body#[0]  cudaCopy1D_f32_tensor
  rank_or_dtype_reject body#1  cublasDcopy_tensor
  total: 1 matched / 2 bodies
",0,[],0,0,0,0,/home/arjaiswal/Polygeist/issues/aten_c_kernels/results/aten_fractional_max_pool3d_cpu/debuf.mlir,4178,8,2,1,1154.9348309636116,0,69840,193.56230646371841,8,8,0,0,"[{""body_indices"": [0], ""symbol"": ""cudaCopy1D_f32_tensor""}]",1,0,0,0.0,60
aten,aten_fractional_max_pool3d_cpu,/home/arjaiswal/Polygeist/issues/aten_c_kernels/results/aten_fractional_max_pool3d_cpu/debuf.mlir,eb48ed1e1a69332902a36c048e046fdc27ac4b97b54f9b92b1ff90f0942813f3,syntactic,5,ok,0,1948.1367319822311,0,"[""/usr/bin/python3"", ""/home/arjaiswal/Polygeist/scripts/correctness/kernel_match_rewrite.py"", ""/home/arjaiswal/Polygeist/issues/aten_c_kernels/results/aten_fractional_max_pool3d_cpu/debuf.mlir"", ""--dry-run"", ""--matcher-mode"", ""syntactic"", ""--telemetry-json"", ""/home/arjaiswal/Polygeist/issues/equality_saturation_eval/campaign_20260908/aten-aten_fractional_max_pool3d_cpu-syntactic-1hecvdz4.json"", ""--disable-semantic-fallback""]","== match report for /home/arjaiswal/Polygeist/issues/aten_c_kernels/results/aten_fractional_max_pool3d_cpu/debuf.mlir ==
  match          body#[0]  cudaCopy1D_f32_tensor
  rank_or_dtype_reject body#1  cublasDcopy_tensor
  total: 1 matched / 2 bodies
",0,[],0,0,0,0,/home/arjaiswal/Polygeist/issues/aten_c_kernels/results/aten_fractional_max_pool3d_cpu/debuf.mlir,4178,0,2,1,950.4362381994724,0,65912,0.19809231162071228,0,8,0,0,"[{""body_indices"": [0], ""symbol"": ""cudaCopy1D_f32_tensor""}]",1,0,60,0.0,60
aten,aten_fused_adagrad_cpu,/home/arjaiswal/Polygeist/issues/aten_c_kernels/results/aten_fused_adagrad_cpu/debuf.mlir,d0a70198a4c9c99fbb2e692192bad953760ff4d44c3e48dd01a325809dc5d246,syntactic,1,ok,0,2104.1347309947014,0,"[""/usr/bin/python3"", ""/home/arjaiswal/Polygeist/scripts/correctness/kernel_match_rewrite.py"", ""/home/arjaiswal/Polygeist/issues/aten_c_kernels/results/aten_fused_adagrad_cpu/debuf.mlir"", ""--dry-run"", ""--matcher-mode"", ""syntactic"", ""--telemetry-json"", ""/home/arjaiswal/Polygeist/issues/equality_saturation_eval/campaign_20260908/aten-aten_fused_adagrad_cpu-syntactic-6crs0jko.json"", ""--disable-semantic-fallback""]","== match report for /home/arjaiswal/Polygeist/issues/aten_c_kernels/results/aten_fused_adagrad_cpu/debuf.mlir ==
  no_match       body#0  ?
  total: 0 matched / 1 bodies
",0,[],0,0,0,0,/home/arjaiswal/Polygeist/issues/aten_c_kernels/results/aten_fused_adagrad_cpu/debuf.mlir,3104,0,1,0,1007.3416009545326,1,64772,0.0,0,0,0,0,[],0,0,0,0.0,0
aten,aten_fused_adagrad_cpu,/home/arjaiswal/Polygeist/issues/aten_c_kernels/results/aten_fused_adagrad_cpu/debuf.mlir,d0a70198a4c9c99fbb2e692192bad953760ff4d44c3e48dd01a325809dc5d246,egglog,1,ok,0,1930.713564157486,0,"[""/usr/bin/python3"", ""/home/arjaiswal/Polygeist/scripts/correctness/kernel_match_rewrite.py"", ""/home/arjaiswal/Polygeist/issues/aten_c_kernels/results/aten_fused_adagrad_cpu/debuf.mlir"", ""--dry-run"", ""--matcher-mode"", ""egglog"", ""--telemetry-json"", ""/home/arjaiswal/Polygeist/issues/equality_saturation_eval/campaign_20260908/aten-aten_fused_adagrad_cpu-egglog-95xbu1wl.json"", ""--disable-semantic-fallback""]","== match report for /home/arjaiswal/Polygeist/issues/aten_c_kernels/results/aten_fused_adagrad_cpu/debuf.mlir ==
  no_match       body#0  ?
  total: 0 matched / 1 bodies
",0,[],0,0,0,0,/home/arjaiswal/Polygeist/issues/aten_c_kernels/results/aten_fused_adagrad_cpu/debuf.mlir,3104,8,1,0,700.4009373486042,1,64660,0.0,0,0,0,0,[],0,0,0,0.0,0
aten,aten_fused_adagrad_cpu,/home/arjaiswal/Polygeist/issues/aten_c_kernels/results/aten_fused_adagrad_cpu/debuf.mlir,d0a70198a4c9c99fbb2e692192bad953760ff4d44c3e48dd01a325809dc5d246,egglog,2,ok,0,1983.940176665783,0,"[""/usr/bin/python3"", ""/home/arjaiswal/Polygeist/scripts/correctness/kernel_match_rewrite.py"", ""/home/arjaiswal/Polygeist/issues/aten_c_kernels/results/aten_fused_adagrad_cpu/debuf.mlir"", ""--dry-run"", ""--matcher-mode"", ""egglog"", ""--telemetry-json"", ""/home/arjaiswal/Polygeist/issues/equality_saturation_eval/campaign_20260908/aten-aten_fused_adagrad_cpu-egglog-xx7t22w1.json"", ""--disable-semantic-fallback""]","== match report for /home/arjaiswal/Polygeist/issues/aten_c_kernels/results/aten_fused_adagrad_cpu/debuf.mlir ==
  no_match       body#0  ?
  total: 0 matched / 1 bodies
",0,[],0,0,0,0,/home/arjaiswal/Polygeist/issues/aten_c_kernels/results/aten_fused_adagrad_cpu/debuf.mlir,3104,8,1,0,815.4754787683487,1,64484,0.0,0,0,0,0,[],0,0,0,0.0,0
aten,aten_fused_adagrad_cpu,/home/arjaiswal/Polygeist/issues/aten_c_kernels/results/aten_fused_adagrad_cpu/debuf.mlir,d0a70198a4c9c99fbb2e692192bad953760ff4d44c3e48dd01a325809dc5d246,syntactic,2,ok,0,1629.7282613813877,0,"[""/usr/bin/python3"", ""/home/arjaiswal/Polygeist/scripts/correctness/kernel_match_rewrite.py"", ""/home/arjaiswal/Polygeist/issues/aten_c_kernels/results/aten_fused_adagrad_cpu/debuf.mlir"", ""--dry-run"", ""--matcher-mode"", ""syntactic"", ""--telemetry-json"", ""/home/arjaiswal/Polygeist/issues/equality_saturation_eval/campaign_20260908/aten-aten_fused_adagrad_cpu-syntactic-s6qiugtc.json"", ""--disable-semantic-fallback""]","== match report for /home/arjaiswal/Polygeist/issues/aten_c_kernels/results/aten_fused_adagrad_cpu/debuf.mlir ==
  no_match       body#0  ?
  total: 0 matched / 1 bodies
",0,[],0,0,0,0,/home/arjaiswal/Polygeist/issues/aten_c_kernels/results/aten_fused_adagrad_cpu/debuf.mlir,3104,0,1,0,592.9734520614147,1,64880,0.0,0,0,0,0,[],0,0,0,0.0,0
aten,aten_fused_adagrad_cpu,/home/arjaiswal/Polygeist/issues/aten_c_kernels/results/aten_fused_adagrad_cpu/debuf.mlir,d0a70198a4c9c99fbb2e692192bad953760ff4d44c3e48dd01a325809dc5d246,syntactic,3,ok,0,1548.6749298870564,0,"[""/usr/bin/python3"", ""/home/arjaiswal/Polygeist/scripts/correctness/kernel_match_rewrite.py"", ""/home/arjaiswal/Polygeist/issues/aten_c_kernels/results/aten_fused_adagrad_cpu/debuf.mlir"", ""--dry-run"", ""--matcher-mode"", ""syntactic"", ""--telemetry-json"", ""/home/arjaiswal/Polygeist/issues/equality_saturation_eval/campaign_20260908/aten-aten_fused_adagrad_cpu-syntactic-93gdg78y.json"", ""--disable-semantic-fallback""]","== match report for /home/arjaiswal/Polygeist/issues/aten_c_kernels/results/aten_fused_adagrad_cpu/debuf.mlir ==
  no_match       body#0  ?
  total: 0 matched / 1 bodies
",0,[],0,0,0,0,/home/arjaiswal/Polygeist/issues/aten_c_kernels/results/aten_fused_adagrad_cpu/debuf.mlir,3104,0,1,0,584.5442302525043,1,64424,0.0,0,0,0,0,[],0,0,0,0.0,0
aten,aten_fused_adagrad_cpu,/home/arjaiswal/Polygeist/issues/aten_c_kernels/results/aten_fused_adagrad_cpu/debuf.mlir,d0a70198a4c9c99fbb2e692192bad953760ff4d44c3e48dd01a325809dc5d246,egglog,3,ok,0,1563.1698556244373,0,"[""/usr/bin/python3"", ""/home/arjaiswal/Polygeist/scripts/correctness/kernel_match_rewrite.py"", ""/home/arjaiswal/Polygeist/issues/aten_c_kernels/results/aten_fused_adagrad_cpu/debuf.mlir"", ""--dry-run"", ""--matcher-mode"", ""egglog"", ""--telemetry-json"", ""/home/arjaiswal/Polygeist/issues/equality_saturation_eval/campaign_20260908/aten-aten_fused_adagrad_cpu-egglog-wdgr2vhf.json"", ""--disable-semantic-fallback""]","== match report for /home/arjaiswal/Polygeist/issues/aten_c_kernels/results/aten_fused_adagrad_cpu/debuf.mlir ==
  no_match       body#0  ?
  total: 0 matched / 1 bodies
",0,[],0,0,0,0,/home/arjaiswal/Polygeist/issues/aten_c_kernels/results/aten_fused_adagrad_cpu/debuf.mlir,3104,8,1,0,606.8261004984379,1,64844,0.0,0,0,0,0,[],0,0,0,0.0,0
aten,aten_fused_adagrad_cpu,/home/arjaiswal/Polygeist/issues/aten_c_kernels/results/aten_fused_adagrad_cpu/debuf.mlir,d0a70198a4c9c99fbb2e692192bad953760ff4d44c3e48dd01a325809dc5d246,egglog,4,ok,0,1603.3200062811375,0,"[""/usr/bin/python3"", ""/home/arjaiswal/Polygeist/scripts/correctness/kernel_match_rewrite.py"", ""/home/arjaiswal/Polygeist/issues/aten_c_kernels/results/aten_fused_adagrad_cpu/debuf.mlir"", ""--dry-run"", ""--matcher-mode"", ""egglog"", ""--telemetry-json"", ""/home/arjaiswal/Polygeist/issues/equality_saturation_eval/campaign_20260908/aten-aten_fused_adagrad_cpu-egglog-fx4_jd1g.json"", ""--disable-semantic-fallback""]","== match report for /home/arjaiswal/Polygeist/issues/aten_c_kernels/results/aten_fused_adagrad_cpu/debuf.mlir ==
  no_match       body#0  ?
  total: 0 matched / 1 bodies
",0,[],0,0,0,0,/home/arjaiswal/Polygeist/issues/aten_c_kernels/results/aten_fused_adagrad_cpu/debuf.mlir,3104,8,1,0,624.4418397545815,1,64900,0.0,0,0,0,0,[],0,0,0,0.0,0
aten,aten_fused_adagrad_cpu,/home/arjaiswal/Polygeist/issues/aten_c_kernels/results/aten_fused_adagrad_cpu/debuf.mlir,d0a70198a4c9c99fbb2e692192bad953760ff4d44c3e48dd01a325809dc5d246,syntactic,4,ok,0,1593.8827507197857,0,"[""/usr/bin/python3"", ""/home/arjaiswal/Polygeist/scripts/correctness/kernel_match_rewrite.py"", ""/home/arjaiswal/Polygeist/issues/aten_c_kernels/results/aten_fused_adagrad_cpu/debuf.mlir"", ""--dry-run"", ""--matcher-mode"", ""syntactic"", ""--telemetry-json"", ""/home/arjaiswal/Polygeist/issues/equality_saturation_eval/campaign_20260908/aten-aten_fused_adagrad_cpu-syntactic-5oqnepyw.json"", ""--disable-semantic-fallback""]","== match report for /home/arjaiswal/Polygeist/issues/aten_c_kernels/results/aten_fused_adagrad_cpu/debuf.mlir ==
  no_match       body#0  ?
  total: 0 matched / 1 bodies
",0,[],0,0,0,0,/home/arjaiswal/Polygeist/issues/aten_c_kernels/results/aten_fused_adagrad_cpu/debuf.mlir,3104,0,1,0,601.8699891865253,1,64872,0.0,0,0,0,0,[],0,0,0,0.0,0
aten,aten_fused_adagrad_cpu,/home/arjaiswal/Polygeist/issues/aten_c_kernels/results/aten_fused_adagrad_cpu/debuf.mlir,d0a70198a4c9c99fbb2e692192bad953760ff4d44c3e48dd01a325809dc5d246,syntactic,5,ok,0,1609.2252843081951,0,"[""/usr/bin/python3"", ""/home/arjaiswal/Polygeist/scripts/correctness/kernel_match_rewrite.py"", ""/home/arjaiswal/Polygeist/issues/aten_c_kernels/results/aten_fused_adagrad_cpu/debuf.mlir"", ""--dry-run"", ""--matcher-mode"", ""syntactic"", ""--telemetry-json"", ""/home/arjaiswal/Polygeist/issues/equality_saturation_eval/campaign_20260908/aten-aten_fused_adagrad_cpu-syntactic-7rx9y3jx.json"", ""--disable-semantic-fallback""]","== match report for /home/arjaiswal/Polygeist/issues/aten_c_kernels/results/aten_fused_adagrad_cpu/debuf.mlir ==
  no_match       body#0  ?
  total: 0 matched / 1 bodies
",0,[],0,0,0,0,/home/arjaiswal/Polygeist/issues/aten_c_kernels/results/aten_fused_adagrad_cpu/debuf.mlir,3104,0,1,0,620.0022660195827,1,64708,0.0,0,0,0,0,[],0,0,0,0.0,0
aten,aten_fused_adagrad_cpu,/home/arjaiswal/Polygeist/issues/aten_c_kernels/results/aten_fused_adagrad_cpu/debuf.mlir,d0a70198a4c9c99fbb2e692192bad953760ff4d44c3e48dd01a325809dc5d246,egglog,5,ok,0,1693.1962966918945,0,"[""/usr/bin/python3"", ""/home/arjaiswal/Polygeist/scripts/correctness/kernel_match_rewrite.py"", ""/home/arjaiswal/Polygeist/issues/aten_c_kernels/results/aten_fused_adagrad_cpu/debuf.mlir"", ""--dry-run"", ""--matcher-mode"", ""egglog"", ""--telemetry-json"", ""/home/arjaiswal/Polygeist/issues/equality_saturation_eval/campaign_20260908/aten-aten_fused_adagrad_cpu-egglog-0cppv9dp.json"", ""--disable-semantic-fallback""]","== match report for /home/arjaiswal/Polygeist/issues/aten_c_kernels/results/aten_fused_adagrad_cpu/debuf.mlir ==
  no_match       body#0  ?
  total: 0 matched / 1 bodies
",0,[],0,0,0,0,/home/arjaiswal/Polygeist/issues/aten_c_kernels/results/aten_fused_adagrad_cpu/debuf.mlir,3104,8,1,0,654.9546830356121,1,64460,0.0,0,0,0,0,[],0,0,0,0.0,0
aten,aten_fused_adam_cpu,/home/arjaiswal/Polygeist/issues/aten_c_kernels/results/aten_fused_adam_cpu/debuf.mlir,37201be760492c765c44a58e0137eec7079f3544b51fe3e965455e8757b02558,egglog,1,ok,0,1698.5953785479069,0,"[""/usr/bin/python3"", ""/home/arjaiswal/Polygeist/scripts/correctness/kernel_match_rewrite.py"", ""/home/arjaiswal/Polygeist/issues/aten_c_kernels/results/aten_fused_adam_cpu/debuf.mlir"", ""--dry-run"", ""--matcher-mode"", ""egglog"", ""--telemetry-json"", ""/home/arjaiswal/Polygeist/issues/equality_saturation_eval/campaign_20260908/aten-aten_fused_adam_cpu-egglog-k4z9z6fc.json"", ""--disable-semantic-fallback""]","== match report for /home/arjaiswal/Polygeist/issues/aten_c_kernels/results/aten_fused_adam_cpu/debuf.mlir ==
  total: 0 matched / 0 bodies
",0,[],0,0,0,0,/home/arjaiswal/Polygeist/issues/aten_c_kernels/results/aten_fused_adam_cpu/debuf.mlir,4959,8,0,0,604.4353507459164,0,64776,0.0,0,0,0,0,[],0,0,0,0.0,0
aten,aten_fused_adam_cpu,/home/arjaiswal/Polygeist/issues/aten_c_kernels/results/aten_fused_adam_cpu/debuf.mlir,37201be760492c765c44a58e0137eec7079f3544b51fe3e965455e8757b02558,syntactic,1,ok,0,1698.780369013548,0,"[""/usr/bin/python3"", ""/home/arjaiswal/Polygeist/scripts/correctness/kernel_match_rewrite.py"", ""/home/arjaiswal/Polygeist/issues/aten_c_kernels/results/aten_fused_adam_cpu/debuf.mlir"", ""--dry-run"", ""--matcher-mode"", ""syntactic"", ""--telemetry-json"", ""/home/arjaiswal/Polygeist/issues/equality_saturation_eval/campaign_20260908/aten-aten_fused_adam_cpu-syntactic-benosgop.json"", ""--disable-semantic-fallback""]","== match report for /home/arjaiswal/Polygeist/issues/aten_c_kernels/results/aten_fused_adam_cpu/debuf.mlir ==
  total: 0 matched / 0 bodies
",0,[],0,0,0,0,/home/arjaiswal/Polygeist/issues/aten_c_kernels/results/aten_fused_adam_cpu/debuf.mlir,4959,0,0,0,620.2755495905876,0,64792,0.0,0,0,0,0,[],0,0,0,0.0,0
aten,aten_fused_adam_cpu,/home/arjaiswal/Polygeist/issues/aten_c_kernels/results/aten_fused_adam_cpu/debuf.mlir,37201be760492c765c44a58e0137eec7079f3544b51fe3e965455e8757b02558,syntactic,2,ok,0,2016.9608779251575,0,"[""/usr/bin/python3"", ""/home/arjaiswal/Polygeist/scripts/correctness/kernel_match_rewrite.py"", ""/home/arjaiswal/Polygeist/issues/aten_c_kernels/results/aten_fused_adam_cpu/debuf.mlir"", ""--dry-run"", ""--matcher-mode"", ""syntactic"", ""--telemetry-json"", ""/home/arjaiswal/Polygeist/issues/equality_saturation_eval/campaign_20260908/aten-aten_fused_adam_cpu-syntactic-7tq2cmga.json"", ""--disable-semantic-fallback""]","== match report for /home/arjaiswal/Polygeist/issues/aten_c_kernels/results/aten_fused_adam_cpu/debuf.mlir ==
  total: 0 matched / 0 bodies
",0,[],0,0,0,0,/home/arjaiswal/Polygeist/issues/aten_c_kernels/results/aten_fused_adam_cpu/debuf.mlir,4959,0,0,0,922.5308895111084,0,64688,0.0,0,0,0,0,[],0,0,0,0.0,0
aten,aten_fused_adam_cpu,/home/arjaiswal/Polygeist/issues/aten_c_kernels/results/aten_fused_adam_cpu/debuf.mlir,37201be760492c765c44a58e0137eec7079f3544b51fe3e965455e8757b02558,egglog,2,ok,0,2153.8999676704407,0,"[""/usr/bin/python3"", ""/home/arjaiswal/Polygeist/scripts/correctness/kernel_match_rewrite.py"", ""/home/arjaiswal/Polygeist/issues/aten_c_kernels/results/aten_fused_adam_cpu/debuf.mlir"", ""--dry-run"", ""--matcher-mode"", ""egglog"", ""--telemetry-json"", ""/home/arjaiswal/Polygeist/issues/equality_saturation_eval/campaign_20260908/aten-aten_fused_adam_cpu-egglog-a6ux3xdr.json"", ""--disable-semantic-fallback""]","== match report for /home/arjaiswal/Polygeist/issues/aten_c_kernels/results/aten_fused_adam_cpu/debuf.mlir ==
  total: 0 matched / 0 bodies
",0,[],0,0,0,0,/home/arjaiswal/Polygeist/issues/aten_c_kernels/results/aten_fused_adam_cpu/debuf.mlir,4959,8,0,0,635.2366991341114,0,64616,0.0,0,0,0,0,[],0,0,0,0.0,0
aten,aten_fused_adam_cpu,/home/arjaiswal/Polygeist/issues/aten_c_kernels/results/aten_fused_adam_cpu/debuf.mlir,37201be760492c765c44a58e0137eec7079f3544b51fe3e965455e8757b02558,egglog,3,ok,0,1549.4878888130188,0,"[""/usr/bin/python3"", ""/home/arjaiswal/Polygeist/scripts/correctness/kernel_match_rewrite.py"", ""/home/arjaiswal/Polygeist/issues/aten_c_kernels/results/aten_fused_adam_cpu/debuf.mlir"", ""--dry-run"", ""--matcher-mode"", ""egglog"", ""--telemetry-json"", ""/home/arjaiswal/Polygeist/issues/equality_saturation_eval/campaign_20260908/aten-aten_fused_adam_cpu-egglog-d3vbd2hr.json"", ""--disable-semantic-fallback""]","== match report for /home/arjaiswal/Polygeist/issues/aten_c_kernels/results/aten_fused_adam_cpu/debuf.mlir ==
  total: 0 matched / 0 bodies
",0,[],0,0,0,0,/home/arjaiswal/Polygeist/issues/aten_c_kernels/results/aten_fused_adam_cpu/debuf.mlir,4959,8,0,0,596.8379713594913,0,64760,0.0,0,0,0,0,[],0,0,0,0.0,0
aten,aten_fused_adam_cpu,/home/arjaiswal/Polygeist/issues/aten_c_kernels/results/aten_fused_adam_cpu/debuf.mlir,37201be760492c765c44a58e0137eec7079f3544b51fe3e965455e8757b02558,syntactic,3,ok,0,1256.7617855966091,0,"[""/usr/bin/python3"", ""/home/arjaiswal/Polygeist/scripts/correctness/kernel_match_rewrite.py"", ""/home/arjaiswal/Polygeist/issues/aten_c_kernels/results/aten_fused_adam_cpu/debuf.mlir"", ""--dry-run"", ""--matcher-mode"", ""syntactic"", ""--telemetry-json"", ""/home/arjaiswal/Polygeist/issues/equality_saturation_eval/campaign_20260908/aten-aten_fused_adam_cpu-syntactic-nnwggg6v.json"", ""--disable-semantic-fallback""]","== match report for /home/arjaiswal/Polygeist/issues/aten_c_kernels/results/aten_fused_adam_cpu/debuf.mlir ==
  total: 0 matched / 0 bodies
",0,[],0,0,0,0,/home/arjaiswal/Polygeist/issues/aten_c_kernels/results/aten_fused_adam_cpu/debuf.mlir,4959,0,0,0,290.40950164198875,0,64744,0.0,0,0,0,0,[],0,0,0,0.0,0
aten,aten_fused_adam_cpu,/home/arjaiswal/Polygeist/issues/aten_c_kernels/results/aten_fused_adam_cpu/debuf.mlir,37201be760492c765c44a58e0137eec7079f3544b51fe3e965455e8757b02558,syntactic,4,ok,0,845.963854342699,0,"[""/usr/bin/python3"", ""/home/arjaiswal/Polygeist/scripts/correctness/kernel_match_rewrite.py"", ""/home/arjaiswal/Polygeist/issues/aten_c_kernels/results/aten_fused_adam_cpu/debuf.mlir"", ""--dry-run"", ""--matcher-mode"", ""syntactic"", ""--telemetry-json"", ""/home/arjaiswal/Polygeist/issues/equality_saturation_eval/campaign_20260908/aten-aten_fused_adam_cpu-syntactic-hno4nmw1.json"", ""--disable-semantic-fallback""]","== match report for /home/arjaiswal/Polygeist/issues/aten_c_kernels/results/aten_fused_adam_cpu/debuf.mlir ==
  total: 0 matched / 0 bodies
",0,[],0,0,0,0,/home/arjaiswal/Polygeist/issues/aten_c_kernels/results/aten_fused_adam_cpu/debuf.mlir,4959,0,0,0,317.7201859652996,0,64692,0.0,0,0,0,0,[],0,0,0,0.0,0
aten,aten_fused_adam_cpu,/home/arjaiswal/Polygeist/issues/aten_c_kernels/results/aten_fused_adam_cpu/debuf.mlir,37201be760492c765c44a58e0137eec7079f3544b51fe3e965455e8757b02558,egglog,4,ok,0,1315.534234046936,0,"[""/usr/bin/python3"", ""/home/arjaiswal/Polygeist/scripts/correctness/kernel_match_rewrite.py"", ""/home/arjaiswal/Polygeist/issues/aten_c_kernels/results/aten_fused_adam_cpu/debuf.mlir"", ""--dry-run"", ""--matcher-mode"", ""egglog"", ""--telemetry-json"", ""/home/arjaiswal/Polygeist/issues/equality_saturation_eval/campaign_20260908/aten-aten_fused_adam_cpu-egglog-vyp66t2u.json"", ""--disable-semantic-fallback""]","== match report for /home/arjaiswal/Polygeist/issues/aten_c_kernels/results/aten_fused_adam_cpu/debuf.mlir ==
  total: 0 matched / 0 bodies
",0,[],0,0,0,0,/home/arjaiswal/Polygeist/issues/aten_c_kernels/results/aten_fused_adam_cpu/debuf.mlir,4959,8,0,0,558.8572658598423,0,64804,0.0,0,0,0,0,[],0,0,0,0.0,0
aten,aten_fused_adam_cpu,/home/arjaiswal/Polygeist/issues/aten_c_kernels/results/aten_fused_adam_cpu/debuf.mlir,37201be760492c765c44a58e0137eec7079f3544b51fe3e965455e8757b02558,egglog,5,ok,0,2193.407114595175,0,"[""/usr/bin/python3"", ""/home/arjaiswal/Polygeist/scripts/correctness/kernel_match_rewrite.py"", ""/home/arjaiswal/Polygeist/issues/aten_c_kernels/results/aten_fused_adam_cpu/debuf.mlir"", ""--dry-run"", ""--matcher-mode"", ""egglog"", ""--telemetry-json"", ""/home/arjaiswal/Polygeist/issues/equality_saturation_eval/campaign_20260908/aten-aten_fused_adam_cpu-egglog-aadm5s8a.json"", ""--disable-semantic-fallback""]","== match report for /home/arjaiswal/Polygeist/issues/aten_c_kernels/results/aten_fused_adam_cpu/debuf.mlir ==
  total: 0 matched / 0 bodies
",0,[],0,0,0,0,/home/arjaiswal/Polygeist/issues/aten_c_kernels/results/aten_fused_adam_cpu/debuf.mlir,4959,8,0,0,802.4145066738129,0,64808,0.0,0,0,0,0,[],0,0,0,0.0,0
aten,aten_fused_adam_cpu,/home/arjaiswal/Polygeist/issues/aten_c_kernels/results/aten_fused_adam_cpu/debuf.mlir,37201be760492c765c44a58e0137eec7079f3544b51fe3e965455e8757b02558,syntactic,5,ok,0,1565.649800002575,0,"[""/usr/bin/python3"", ""/home/arjaiswal/Polygeist/scripts/correctness/kernel_match_rewrite.py"", ""/home/arjaiswal/Polygeist/issues/aten_c_kernels/results/aten_fused_adam_cpu/debuf.mlir"", ""--dry-run"", ""--matcher-mode"", ""syntactic"", ""--telemetry-json"", ""/home/arjaiswal/Polygeist/issues/equality_saturation_eval/campaign_20260908/aten-aten_fused_adam_cpu-syntactic-xc5abm0b.json"", ""--disable-semantic-fallback""]","== match report for /home/arjaiswal/Polygeist/issues/aten_c_kernels/results/aten_fused_adam_cpu/debuf.mlir ==
  total: 0 matched / 0 bodies
",0,[],0,0,0,0,/home/arjaiswal/Polygeist/issues/aten_c_kernels/results/aten_fused_adam_cpu/debuf.mlir,4959,0,0,0,590.5371643602848,0,64852,0.0,0,0,0,0,[],0,0,0,0.0,0
aten,aten_fused_sgd_cpu,/home/arjaiswal/Polygeist/issues/aten_c_kernels/results/aten_fused_sgd_cpu/debuf.mlir,881b09425116b21058756429ddc4a6d312892908a35818f88607d15611c87074,syntactic,1,ok,0,1591.1280661821365,0,"[""/usr/bin/python3"", ""/home/arjaiswal/Polygeist/scripts/correctness/kernel_match_rewrite.py"", ""/home/arjaiswal/Polygeist/issues/aten_c_kernels/results/aten_fused_sgd_cpu/debuf.mlir"", ""--dry-run"", ""--matcher-mode"", ""syntactic"", ""--telemetry-json"", ""/home/arjaiswal/Polygeist/issues/equality_saturation_eval/campaign_20260908/aten-aten_fused_sgd_cpu-syntactic-7_kokcef.json"", ""--disable-semantic-fallback""]","== match report for /home/arjaiswal/Polygeist/issues/aten_c_kernels/results/aten_fused_sgd_cpu/debuf.mlir ==
  total: 0 matched / 0 bodies
",0,[],0,0,0,0,/home/arjaiswal/Polygeist/issues/aten_c_kernels/results/aten_fused_sgd_cpu/debuf.mlir,3819,0,0,0,581.6568918526173,0,64724,0.0,0,0,0,0,[],0,0,0,0.0,0
aten,aten_fused_sgd_cpu,/home/arjaiswal/Polygeist/issues/aten_c_kernels/results/aten_fused_sgd_cpu/debuf.mlir,881b09425116b21058756429ddc4a6d312892908a35818f88607d15611c87074,egglog,1,ok,0,1562.400408089161,0,"[""/usr/bin/python3"", ""/home/arjaiswal/Polygeist/scripts/correctness/kernel_match_rewrite.py"", ""/home/arjaiswal/Polygeist/issues/aten_c_kernels/results/aten_fused_sgd_cpu/debuf.mlir"", ""--dry-run"", ""--matcher-mode"", ""egglog"", ""--telemetry-json"", ""/home/arjaiswal/Polygeist/issues/equality_saturation_eval/campaign_20260908/aten-aten_fused_sgd_cpu-egglog-9zjubf_r.json"", ""--disable-semantic-fallback""]","== match report for /home/arjaiswal/Polygeist/issues/aten_c_kernels/results/aten_fused_sgd_cpu/debuf.mlir ==
  total: 0 matched / 0 bodies
",0,[],0,0,0,0,/home/arjaiswal/Polygeist/issues/aten_c_kernels/results/aten_fused_sgd_cpu/debuf.mlir,3819,8,0,0,587.8806598484516,0,64716,0.0,0,0,0,0,[],0,0,0,0.0,0
aten,aten_fused_sgd_cpu,/home/arjaiswal/Polygeist/issues/aten_c_kernels/results/aten_fused_sgd_cpu/debuf.mlir,881b09425116b21058756429ddc4a6d312892908a35818f88607d15611c87074,egglog,2,ok,0,1300.6731271743774,0,"[""/usr/bin/python3"", ""/home/arjaiswal/Polygeist/scripts/correctness/kernel_match_rewrite.py"", ""/home/arjaiswal/Polygeist/issues/aten_c_kernels/results/aten_fused_sgd_cpu/debuf.mlir"", ""--dry-run"", ""--matcher-mode"", ""egglog"", ""--telemetry-json"", ""/home/arjaiswal/Polygeist/issues/equality_saturation_eval/campaign_20260908/aten-aten_fused_sgd_cpu-egglog-j081a5fg.json"", ""--disable-semantic-fallback""]","== match report for /home/arjaiswal/Polygeist/issues/aten_c_kernels/results/aten_fused_sgd_cpu/debuf.mlir ==
  total: 0 matched / 0 bodies
",0,[],0,0,0,0,/home/arjaiswal/Polygeist/issues/aten_c_kernels/results/aten_fused_sgd_cpu/debuf.mlir,3819,8,0,0,359.94479805231094,0,64604,0.0,0,0,0,0,[],0,0,0,0.0,0
aten,aten_fused_sgd_cpu,/home/arjaiswal/Polygeist/issues/aten_c_kernels/results/aten_fused_sgd_cpu/debuf.mlir,881b09425116b21058756429ddc4a6d312892908a35818f88607d15611c87074,syntactic,2,ok,0,1140.7044976949692,0,"[""/usr/bin/python3"", ""/home/arjaiswal/Polygeist/scripts/correctness/kernel_match_rewrite.py"", ""/home/arjaiswal/Polygeist/issues/aten_c_kernels/results/aten_fused_sgd_cpu/debuf.mlir"", ""--dry-run"", ""--matcher-mode"", ""syntactic"", ""--telemetry-json"", ""/home/arjaiswal/Polygeist/issues/equality_saturation_eval/campaign_20260908/aten-aten_fused_sgd_cpu-syntactic-0m7px4pj.json"", ""--disable-semantic-fallback""]","== match report for /home/arjaiswal/Polygeist/issues/aten_c_kernels/results/aten_fused_sgd_cpu/debuf.mlir ==
  total: 0 matched / 0 bodies
",0,[],0,0,0,0,/home/arjaiswal/Polygeist/issues/aten_c_kernels/results/aten_fused_sgd_cpu/debuf.mlir,3819,0,0,0,546.0488498210907,0,64852,0.0,0,0,0,0,[],0,0,0,0.0,0
aten,aten_fused_sgd_cpu,/home/arjaiswal/Polygeist/issues/aten_c_kernels/results/aten_fused_sgd_cpu/debuf.mlir,881b09425116b21058756429ddc4a6d312892908a35818f88607d15611c87074,syntactic,3,ok,0,1769.8168382048607,0,"[""/usr/bin/python3"", ""/home/arjaiswal/Polygeist/scripts/correctness/kernel_match_rewrite.py"", ""/home/arjaiswal/Polygeist/issues/aten_c_kernels/results/aten_fused_sgd_cpu/debuf.mlir"", ""--dry-run"", ""--matcher-mode"", ""syntactic"", ""--telemetry-json"", ""/home/arjaiswal/Polygeist/issues/equality_saturation_eval/campaign_20260908/aten-aten_fused_sgd_cpu-syntactic-vber98du.json"", ""--disable-semantic-fallback""]","== match report for /home/arjaiswal/Polygeist/issues/aten_c_kernels/results/aten_fused_sgd_cpu/debuf.mlir ==
  total: 0 matched / 0 bodies
",0,[],0,0,0,0,/home/arjaiswal/Polygeist/issues/aten_c_kernels/results/aten_fused_sgd_cpu/debuf.mlir,3819,0,0,0,759.490255266428,0,64720,0.0,0,0,0,0,[],0,0,0,0.0,0
aten,aten_fused_sgd_cpu,/home/arjaiswal/Polygeist/issues/aten_c_kernels/results/aten_fused_sgd_cpu/debuf.mlir,881b09425116b21058756429ddc4a6d312892908a35818f88607d15611c87074,egglog,3,ok,0,1875.9846314787865,0,"[""/usr/bin/python3"", ""/home/arjaiswal/Polygeist/scripts/correctness/kernel_match_rewrite.py"", ""/home/arjaiswal/Polygeist/issues/aten_c_kernels/results/aten_fused_sgd_cpu/debuf.mlir"", ""--dry-run"", ""--matcher-mode"", ""egglog"", ""--telemetry-json"", ""/home/arjaiswal/Polygeist/issues/equality_saturation_eval/campaign_20260908/aten-aten_fused_sgd_cpu-egglog-gnj3lvpc.json"", ""--disable-semantic-fallback""]","== match report for /home/arjaiswal/Polygeist/issues/aten_c_kernels/results/aten_fused_sgd_cpu/debuf.mlir ==
  total: 0 matched / 0 bodies
",0,[],0,0,0,0,/home/arjaiswal/Polygeist/issues/aten_c_kernels/results/aten_fused_sgd_cpu/debuf.mlir,3819,8,0,0,631.7994482815266,0,64876,0.0,0,0,0,0,[],0,0,0,0.0,0
aten,aten_fused_sgd_cpu,/home/arjaiswal/Polygeist/issues/aten_c_kernels/results/aten_fused_sgd_cpu/debuf.mlir,881b09425116b21058756429ddc4a6d312892908a35818f88607d15611c87074,egglog,4,ok,0,1801.511760801077,0,"[""/usr/bin/python3"", ""/home/arjaiswal/Polygeist/scripts/correctness/kernel_match_rewrite.py"", ""/home/arjaiswal/Polygeist/issues/aten_c_kernels/results/aten_fused_sgd_cpu/debuf.mlir"", ""--dry-run"", ""--matcher-mode"", ""egglog"", ""--telemetry-json"", ""/home/arjaiswal/Polygeist/issues/equality_saturation_eval/campaign_20260908/aten-aten_fused_sgd_cpu-egglog-s3mq_h4t.json"", ""--disable-semantic-fallback""]","== match report for /home/arjaiswal/Polygeist/issues/aten_c_kernels/results/aten_fused_sgd_cpu/debuf.mlir ==
  total: 0 matched / 0 bodies
",0,[],0,0,0,0,/home/arjaiswal/Polygeist/issues/aten_c_kernels/results/aten_fused_sgd_cpu/debuf.mlir,3819,8,0,0,710.8651362359524,0,64888,0.0,0,0,0,0,[],0,0,0,0.0,0
aten,aten_fused_sgd_cpu,/home/arjaiswal/Polygeist/issues/aten_c_kernels/results/aten_fused_sgd_cpu/debuf.mlir,881b09425116b21058756429ddc4a6d312892908a35818f88607d15611c87074,syntactic,4,ok,0,1431.7331686615944,0,"[""/usr/bin/python3"", ""/home/arjaiswal/Polygeist/scripts/correctness/kernel_match_rewrite.py"", ""/home/arjaiswal/Polygeist/issues/aten_c_kernels/results/aten_fused_sgd_cpu/debuf.mlir"", ""--dry-run"", ""--matcher-mode"", ""syntactic"", ""--telemetry-json"", ""/home/arjaiswal/Polygeist/issues/equality_saturation_eval/campaign_20260908/aten-aten_fused_sgd_cpu-syntactic-iuvcl79n.json"", ""--disable-semantic-fallback""]","== match report for /home/arjaiswal/Polygeist/issues/aten_c_kernels/results/aten_fused_sgd_cpu/debuf.mlir ==
  total: 0 matched / 0 bodies
",0,[],0,0,0,0,/home/arjaiswal/Polygeist/issues/aten_c_kernels/results/aten_fused_sgd_cpu/debuf.mlir,3819,0,0,0,259.80647653341293,0,64632,0.0,0,0,0,0,[],0,0,0,0.0,0
aten,aten_fused_sgd_cpu,/home/arjaiswal/Polygeist/issues/aten_c_kernels/results/aten_fused_sgd_cpu/debuf.mlir,881b09425116b21058756429ddc4a6d312892908a35818f88607d15611c87074,syntactic,5,ok,0,798.0394773185253,0,"[""/usr/bin/python3"", ""/home/arjaiswal/Polygeist/scripts/correctness/kernel_match_rewrite.py"", ""/home/arjaiswal/Polygeist/issues/aten_c_kernels/results/aten_fused_sgd_cpu/debuf.mlir"", ""--dry-run"", ""--matcher-mode"", ""syntactic"", ""--telemetry-json"", ""/home/arjaiswal/Polygeist/issues/equality_saturation_eval/campaign_20260908/aten-aten_fused_sgd_cpu-syntactic-gq96jsg6.json"", ""--disable-semantic-fallback""]","== match report for /home/arjaiswal/Polygeist/issues/aten_c_kernels/results/aten_fused_sgd_cpu/debuf.mlir ==
  total: 0 matched / 0 bodies
",0,[],0,0,0,0,/home/arjaiswal/Polygeist/issues/aten_c_kernels/results/aten_fused_sgd_cpu/debuf.mlir,3819,0,0,0,286.9687080383301,0,64812,0.0,0,0,0,0,[],0,0,0,0.0,0
aten,aten_fused_sgd_cpu,/home/arjaiswal/Polygeist/issues/aten_c_kernels/results/aten_fused_sgd_cpu/debuf.mlir,881b09425116b21058756429ddc4a6d312892908a35818f88607d15611c87074,egglog,5,ok,0,912.0859205722809,0,"[""/usr/bin/python3"", ""/home/arjaiswal/Polygeist/scripts/correctness/kernel_match_rewrite.py"", ""/home/arjaiswal/Polygeist/issues/aten_c_kernels/results/aten_fused_sgd_cpu/debuf.mlir"", ""--dry-run"", ""--matcher-mode"", ""egglog"", ""--telemetry-json"", ""/home/arjaiswal/Polygeist/issues/equality_saturation_eval/campaign_20260908/aten-aten_fused_sgd_cpu-egglog-25f5aybl.json"", ""--disable-semantic-fallback""]","== match report for /home/arjaiswal/Polygeist/issues/aten_c_kernels/results/aten_fused_sgd_cpu/debuf.mlir ==
  total: 0 matched / 0 bodies
",0,[],0,0,0,0,/home/arjaiswal/Polygeist/issues/aten_c_kernels/results/aten_fused_sgd_cpu/debuf.mlir,3819,8,0,0,276.152390986681,0,64688,0.0,0,0,0,0,[],0,0,0,0.0,0
aten,aten_gamma_transform_cpu,/home/arjaiswal/Polygeist/issues/aten_c_kernels/results/aten_gamma_transform_cpu/debuf.mlir,45d11a71e48fa5d238a1ac33580b971cc2818eb2c020ee28f7f5ed47102b81ce,egglog,1,ok,0,1126.6550607979298,0,"[""/usr/bin/python3"", ""/home/arjaiswal/Polygeist/scripts/correctness/kernel_match_rewrite.py"", ""/home/arjaiswal/Polygeist/issues/aten_c_kernels/results/aten_gamma_transform_cpu/debuf.mlir"", ""--dry-run"", ""--matcher-mode"", ""egglog"", ""--telemetry-json"", ""/home/arjaiswal/Polygeist/issues/equality_saturation_eval/campaign_20260908/aten-aten_gamma_transform_cpu-egglog-8xq35f35.json"", ""--disable-semantic-fallback""]","== match report for /home/arjaiswal/Polygeist/issues/aten_c_kernels/results/aten_gamma_transform_cpu/debuf.mlir ==
  match          body#[0]  cudnnPointwiseGraph_f32
  total: 1 matched / 1 bodies
",0,[],0,0,0,0,/home/arjaiswal/Polygeist/issues/aten_c_kernels/results/aten_gamma_transform_cpu/debuf.mlir,2358,8,1,1,355.9563681483269,0,66120,0.0,0,0,0,0,"[{""body_indices"": [0], ""symbol"": ""cudnnPointwiseGraph_f32""}]",1,0,0,0.0,6
aten,aten_gamma_transform_cpu,/home/arjaiswal/Polygeist/issues/aten_c_kernels/results/aten_gamma_transform_cpu/debuf.mlir,45d11a71e48fa5d238a1ac33580b971cc2818eb2c020ee28f7f5ed47102b81ce,syntactic,1,ok,0,868.8038922846317,0,"[""/usr/bin/python3"", ""/home/arjaiswal/Polygeist/scripts/correctness/kernel_match_rewrite.py"", ""/home/arjaiswal/Polygeist/issues/aten_c_kernels/results/aten_gamma_transform_cpu/debuf.mlir"", ""--dry-run"", ""--matcher-mode"", ""syntactic"", ""--telemetry-json"", ""/home/arjaiswal/Polygeist/issues/equality_saturation_eval/campaign_20260908/aten-aten_gamma_transform_cpu-syntactic-6q16mkar.json"", ""--disable-semantic-fallback""]","== match report for /home/arjaiswal/Polygeist/issues/aten_c_kernels/results/aten_gamma_transform_cpu/debuf.mlir ==
  match          body#[0]  cudnnPointwiseGraph_f32
  total: 1 matched / 1 bodies
",0,[],0,0,0,0,/home/arjaiswal/Polygeist/issues/aten_c_kernels/results/aten_gamma_transform_cpu/debuf.mlir,2358,0,1,1,360.2162040770054,0,65956,0.029899179935455322,0,0,0,0,"[{""body_indices"": [0], ""symbol"": ""cudnnPointwiseGraph_f32""}]",1,0,6,0.0,6
aten,aten_gamma_transform_cpu,/home/arjaiswal/Polygeist/issues/aten_c_kernels/results/aten_gamma_transform_cpu/debuf.mlir,45d11a71e48fa5d238a1ac33580b971cc2818eb2c020ee28f7f5ed47102b81ce,syntactic,2,ok,0,2171.285007148981,0,"[""/usr/bin/python3"", ""/home/arjaiswal/Polygeist/scripts/correctness/kernel_match_rewrite.py"", ""/home/arjaiswal/Polygeist/issues/aten_c_kernels/results/aten_gamma_transform_cpu/debuf.mlir"", ""--dry-run"", ""--matcher-mode"", ""syntactic"", ""--telemetry-json"", ""/home/arjaiswal/Polygeist/issues/equality_saturation_eval/campaign_20260908/aten-aten_gamma_transform_cpu-syntactic-0sjjhnjo.json"", ""--disable-semantic-fallback""]","== match report for /home/arjaiswal/Polygeist/issues/aten_c_kernels/results/aten_gamma_transform_cpu/debuf.mlir ==
  match          body#[0]  cudnnPointwiseGraph_f32
  total: 1 matched / 1 bodies
",0,[],0,0,0,0,/home/arjaiswal/Polygeist/issues/aten_c_kernels/results/aten_gamma_transform_cpu/debuf.mlir,2358,0,1,1,1080.9091925621033,0,66124,0.03910437226295471,0,0,0,0,"[{""body_indices"": [0], ""symbol"": ""cudnnPointwiseGraph_f32""}]",1,0,6,0.0,6
aten,aten_gamma_transform_cpu,/home/arjaiswal/Polygeist/issues/aten_c_kernels/results/aten_gamma_transform_cpu/debuf.mlir,45d11a71e48fa5d238a1ac33580b971cc2818eb2c020ee28f7f5ed47102b81ce,egglog,2,ok,0,2295.2265180647373,0,"[""/usr/bin/python3"", ""/home/arjaiswal/Polygeist/scripts/correctness/kernel_match_rewrite.py"", ""/home/arjaiswal/Polygeist/issues/aten_c_kernels/results/aten_gamma_transform_cpu/debuf.mlir"", ""--dry-run"", ""--matcher-mode"", ""egglog"", ""--telemetry-json"", ""/home/arjaiswal/Polygeist/issues/equality_saturation_eval/campaign_20260908/aten-aten_gamma_transform_cpu-egglog-uh1j062y.json"", ""--disable-semantic-fallback""]","== match report for /home/arjaiswal/Polygeist/issues/aten_c_kernels/results/aten_gamma_transform_cpu/debuf.mlir ==
  match          body#[0]  cudnnPointwiseGraph_f32
  total: 1 matched / 1 bodies
",0,[],0,0,0,0,/home/arjaiswal/Polygeist/issues/aten_c_kernels/results/aten_gamma_transform_cpu/debuf.mlir,2358,8,1,1,913.3137241005898,0,66220,0.0,0,0,0,0,"[{""body_indices"": [0], ""symbol"": ""cudnnPointwiseGraph_f32""}]",1,0,0,0.0,6
aten,aten_gamma_transform_cpu,/home/arjaiswal/Polygeist/issues/aten_c_kernels/results/aten_gamma_transform_cpu/debuf.mlir,45d11a71e48fa5d238a1ac33580b971cc2818eb2c020ee28f7f5ed47102b81ce,egglog,3,ok,0,1694.4563835859299,0,"[""/usr/bin/python3"", ""/home/arjaiswal/Polygeist/scripts/correctness/kernel_match_rewrite.py"", ""/home/arjaiswal/Polygeist/issues/aten_c_kernels/results/aten_gamma_transform_cpu/debuf.mlir"", ""--dry-run"", ""--matcher-mode"", ""egglog"", ""--telemetry-json"", ""/home/arjaiswal/Polygeist/issues/equality_saturation_eval/campaign_20260908/aten-aten_gamma_transform_cpu-egglog-5tckkqlw.json"", ""--disable-semantic-fallback""]","== match report for /home/arjaiswal/Polygeist/issues/aten_c_kernels/results/aten_gamma_transform_cpu/debuf.mlir ==
  match          body#[0]  cudnnPointwiseGraph_f32
  total: 1 matched / 1 bodies
",0,[],0,0,0,0,/home/arjaiswal/Polygeist/issues/aten_c_kernels/results/aten_gamma_transform_cpu/debuf.mlir,2358,8,1,1,745.3520707786083,0,66072,0.0,0,0,0,0,"[{""body_indices"": [0], ""symbol"": ""cudnnPointwiseGraph_f32""}]",1,0,0,0.0,6
aten,aten_gamma_transform_cpu,/home/arjaiswal/Polygeist/issues/aten_c_kernels/results/aten_gamma_transform_cpu/debuf.mlir,45d11a71e48fa5d238a1ac33580b971cc2818eb2c020ee28f7f5ed47102b81ce,syntactic,3,ok,0,1741.382408887148,0,"[""/usr/bin/python3"", ""/home/arjaiswal/Polygeist/scripts/correctness/kernel_match_rewrite.py"", ""/home/arjaiswal/Polygeist/issues/aten_c_kernels/results/aten_gamma_transform_cpu/debuf.mlir"", ""--dry-run"", ""--matcher-mode"", ""syntactic"", ""--telemetry-json"", ""/home/arjaiswal/Polygeist/issues/equality_saturation_eval/campaign_20260908/aten-aten_gamma_transform_cpu-syntactic-84vtghky.json"", ""--disable-semantic-fallback""]","== match report for /home/arjaiswal/Polygeist/issues/aten_c_kernels/results/aten_gamma_transform_cpu/debuf.mlir ==
  match          body#[0]  cudnnPointwiseGraph_f32
  total: 1 matched / 1 bodies
",0,[],0,0,0,0,/home/arjaiswal/Polygeist/issues/aten_c_kernels/results/aten_gamma_transform_cpu/debuf.mlir,2358,0,1,1,769.353311508894,0,66324,0.03379210829734802,0,0,0,0,"[{""body_indices"": [0], ""symbol"": ""cudnnPointwiseGraph_f32""}]",1,0,6,0.0,6
aten,aten_gamma_transform_cpu,/home/arjaiswal/Polygeist/issues/aten_c_kernels/results/aten_gamma_transform_cpu/debuf.mlir,45d11a71e48fa5d238a1ac33580b971cc2818eb2c020ee28f7f5ed47102b81ce,syntactic,4,ok,0,2164.1983427107334,0,"[""/usr/bin/python3"", ""/home/arjaiswal/Polygeist/scripts/correctness/kernel_match_rewrite.py"", ""/home/arjaiswal/Polygeist/issues/aten_c_kernels/results/aten_gamma_transform_cpu/debuf.mlir"", ""--dry-run"", ""--matcher-mode"", ""syntactic"", ""--telemetry-json"", ""/home/arjaiswal/Polygeist/issues/equality_saturation_eval/campaign_20260908/aten-aten_gamma_transform_cpu-syntactic-i1hkd53i.json"", ""--disable-semantic-fallback""]","== match report for /home/arjaiswal/Polygeist/issues/aten_c_kernels/results/aten_gamma_transform_cpu/debuf.mlir ==
  match          body#[0]  cudnnPointwiseGraph_f32
  total: 1 matched / 1 bodies
",0,[],0,0,0,0,/home/arjaiswal/Polygeist/issues/aten_c_kernels/results/aten_gamma_transform_cpu/debuf.mlir,2358,0,1,1,587.3995684087276,0,66076,0.032395124435424805,0,0,0,0,"[{""body_indices"": [0], ""symbol"": ""cudnnPointwiseGraph_f32""}]",1,0,6,0.0,6
aten,aten_gamma_transform_cpu,/home/arjaiswal/Polygeist/issues/aten_c_kernels/results/aten_gamma_transform_cpu/debuf.mlir,45d11a71e48fa5d238a1ac33580b971cc2818eb2c020ee28f7f5ed47102b81ce,egglog,4,ok,0,1680.5627793073654,0,"[""/usr/bin/python3"", ""/home/arjaiswal/Polygeist/scripts/correctness/kernel_match_rewrite.py"", ""/home/arjaiswal/Polygeist/issues/aten_c_kernels/results/aten_gamma_transform_cpu/debuf.mlir"", ""--dry-run"", ""--matcher-mode"", ""egglog"", ""--telemetry-json"", ""/home/arjaiswal/Polygeist/issues/equality_saturation_eval/campaign_20260908/aten-aten_gamma_transform_cpu-egglog-ic337j78.json"", ""--disable-semantic-fallback""]","== match report for /home/arjaiswal/Polygeist/issues/aten_c_kernels/results/aten_gamma_transform_cpu/debuf.mlir ==
  match          body#[0]  cudnnPointwiseGraph_f32
  total: 1 matched / 1 bodies
",0,[],0,0,0,0,/home/arjaiswal/Polygeist/issues/aten_c_kernels/results/aten_gamma_transform_cpu/debuf.mlir,2358,8,1,1,824.3589587509632,0,66136,0.0,0,0,0,0,"[{""body_indices"": [0], ""symbol"": ""cudnnPointwiseGraph_f32""}]",1,0,0,0.0,6
aten,aten_gamma_transform_cpu,/home/arjaiswal/Polygeist/issues/aten_c_kernels/results/aten_gamma_transform_cpu/debuf.mlir,45d11a71e48fa5d238a1ac33580b971cc2818eb2c020ee28f7f5ed47102b81ce,egglog,5,ok,0,1053.8528263568878,0,"[""/usr/bin/python3"", ""/home/arjaiswal/Polygeist/scripts/correctness/kernel_match_rewrite.py"", ""/home/arjaiswal/Polygeist/issues/aten_c_kernels/results/aten_gamma_transform_cpu/debuf.mlir"", ""--dry-run"", ""--matcher-mode"", ""egglog"", ""--telemetry-json"", ""/home/arjaiswal/Polygeist/issues/equality_saturation_eval/campaign_20260908/aten-aten_gamma_transform_cpu-egglog-5rcx7ntc.json"", ""--disable-semantic-fallback""]","== match report for /home/arjaiswal/Polygeist/issues/aten_c_kernels/results/aten_gamma_transform_cpu/debuf.mlir ==
  match          body#[0]  cudnnPointwiseGraph_f32
  total: 1 matched / 1 bodies
",0,[],0,0,0,0,/home/arjaiswal/Polygeist/issues/aten_c_kernels/results/aten_gamma_transform_cpu/debuf.mlir,2358,8,1,1,400.61119571328163,0,66348,0.0,0,0,0,0,"[{""body_indices"": [0], ""symbol"": ""cudnnPointwiseGraph_f32""}]",1,0,0,0.0,6
aten,aten_gamma_transform_cpu,/home/arjaiswal/Polygeist/issues/aten_c_kernels/results/aten_gamma_transform_cpu/debuf.mlir,45d11a71e48fa5d238a1ac33580b971cc2818eb2c020ee28f7f5ed47102b81ce,syntactic,5,ok,0,833.8129259645939,0,"[""/usr/bin/python3"", ""/home/arjaiswal/Polygeist/scripts/correctness/kernel_match_rewrite.py"", ""/home/arjaiswal/Polygeist/issues/aten_c_kernels/results/aten_gamma_transform_cpu/debuf.mlir"", ""--dry-run"", ""--matcher-mode"", ""syntactic"", ""--telemetry-json"", ""/home/arjaiswal/Polygeist/issues/equality_saturation_eval/campaign_20260908/aten-aten_gamma_transform_cpu-syntactic-leopol04.json"", ""--disable-semantic-fallback""]","== match report for /home/arjaiswal/Polygeist/issues/aten_c_kernels/results/aten_gamma_transform_cpu/debuf.mlir ==
  match          body#[0]  cudnnPointwiseGraph_f32
  total: 1 matched / 1 bodies
",0,[],0,0,0,0,/home/arjaiswal/Polygeist/issues/aten_c_kernels/results/aten_gamma_transform_cpu/debuf.mlir,2358,0,1,1,355.1785573363304,0,66228,0.03135576844215393,0,0,0,0,"[{""body_indices"": [0], ""symbol"": ""cudnnPointwiseGraph_f32""}]",1,0,6,0.0,6
aten,aten_gather_cpu,/home/arjaiswal/Polygeist/issues/aten_c_kernels/results/aten_gather_cpu/debuf.mlir,0599ff296682c6cb246ad036fb1be0a2052d357e45b7094a376dd662842d8383,syntactic,1,ok,0,830.7265676558018,0,"[""/usr/bin/python3"", ""/home/arjaiswal/Polygeist/scripts/correctness/kernel_match_rewrite.py"", ""/home/arjaiswal/Polygeist/issues/aten_c_kernels/results/aten_gather_cpu/debuf.mlir"", ""--dry-run"", ""--matcher-mode"", ""syntactic"", ""--telemetry-json"", ""/home/arjaiswal/Polygeist/issues/equality_saturation_eval/campaign_20260908/aten-aten_gather_cpu-syntactic-__yipdbi.json"", ""--disable-semantic-fallback""]","== match report for /home/arjaiswal/Polygeist/issues/aten_c_kernels/results/aten_gather_cpu/debuf.mlir ==
  no_match       body#0  ?
  total: 0 matched / 1 bodies
",0,[],0,0,0,0,/home/arjaiswal/Polygeist/issues/aten_c_kernels/results/aten_gather_cpu/debuf.mlir,2268,0,1,0,304.15550246834755,1,64812,0.019311904907226562,0,0,0,0,[],0,0,4,0.0,4
aten,aten_gather_cpu,/home/arjaiswal/Polygeist/issues/aten_c_kernels/results/aten_gather_cpu/debuf.mlir,0599ff296682c6cb246ad036fb1be0a2052d357e45b7094a376dd662842d8383,egglog,1,ok,0,799.7043505311012,0,"[""/usr/bin/python3"", ""/home/arjaiswal/Polygeist/scripts/correctness/kernel_match_rewrite.py"", ""/home/arjaiswal/Polygeist/issues/aten_c_kernels/results/aten_gather_cpu/debuf.mlir"", ""--dry-run"", ""--matcher-mode"", ""egglog"", ""--telemetry-json"", ""/home/arjaiswal/Polygeist/issues/equality_saturation_eval/campaign_20260908/aten-aten_gather_cpu-egglog-z6br4lix.json"", ""--disable-semantic-fallback""]","== match report for /home/arjaiswal/Polygeist/issues/aten_c_kernels/results/aten_gather_cpu/debuf.mlir ==
  no_match       body#0  ?
  total: 0 matched / 1 bodies
",0,[],0,0,0,0,/home/arjaiswal/Polygeist/issues/aten_c_kernels/results/aten_gather_cpu/debuf.mlir,2268,8,1,0,315.36124274134636,1,64600,0.0,0,0,0,0,[],0,0,0,0.0,4
aten,aten_gather_cpu,/home/arjaiswal/Polygeist/issues/aten_c_kernels/results/aten_gather_cpu/debuf.mlir,0599ff296682c6cb246ad036fb1be0a2052d357e45b7094a376dd662842d8383,egglog,2,ok,0,1265.7660581171513,0,"[""/usr/bin/python3"", ""/home/arjaiswal/Polygeist/scripts/correctness/kernel_match_rewrite.py"", ""/home/arjaiswal/Polygeist/issues/aten_c_kernels/results/aten_gather_cpu/debuf.mlir"", ""--dry-run"", ""--matcher-mode"", ""egglog"", ""--telemetry-json"", ""/home/arjaiswal/Polygeist/issues/equality_saturation_eval/campaign_20260908/aten-aten_gather_cpu-egglog-n_5nfekz.json"", ""--disable-semantic-fallback""]","== match report for /home/arjaiswal/Polygeist/issues/aten_c_kernels/results/aten_gather_cpu/debuf.mlir ==
  no_match       body#0  ?
  total: 0 matched / 1 bodies
",0,[],0,0,0,0,/home/arjaiswal/Polygeist/issues/aten_c_kernels/results/aten_gather_cpu/debuf.mlir,2268,8,1,0,510.1899206638336,1,64532,0.0,0,0,0,0,[],0,0,0,0.0,4
aten,aten_gather_cpu,/home/arjaiswal/Polygeist/issues/aten_c_kernels/results/aten_gather_cpu/debuf.mlir,0599ff296682c6cb246ad036fb1be0a2052d357e45b7094a376dd662842d8383,syntactic,2,ok,0,1026.4256112277508,0,"[""/usr/bin/python3"", ""/home/arjaiswal/Polygeist/scripts/correctness/kernel_match_rewrite.py"", ""/home/arjaiswal/Polygeist/issues/aten_c_kernels/results/aten_gather_cpu/debuf.mlir"", ""--dry-run"", ""--matcher-mode"", ""syntactic"", ""--telemetry-json"", ""/home/arjaiswal/Polygeist/issues/equality_saturation_eval/campaign_20260908/aten-aten_gather_cpu-syntactic-3j03fue9.json"", ""--disable-semantic-fallback""]","== match report for /home/arjaiswal/Polygeist/issues/aten_c_kernels/results/aten_gather_cpu/debuf.mlir ==
  no_match       body#0  ?
  total: 0 matched / 1 bodies
",0,[],0,0,0,0,/home/arjaiswal/Polygeist/issues/aten_c_kernels/results/aten_gather_cpu/debuf.mlir,2268,0,1,0,289.4485630095005,1,64596,0.021062791347503662,0,0,0,0,[],0,0,4,0.0,4
aten,aten_gather_cpu,/home/arjaiswal/Polygeist/issues/aten_c_kernels/results/aten_gather_cpu/debuf.mlir,0599ff296682c6cb246ad036fb1be0a2052d357e45b7094a376dd662842d8383,syntactic,3,ok,0,1398.7466655671597,0,"[""/usr/bin/python3"", ""/home/arjaiswal/Polygeist/scripts/correctness/kernel_match_rewrite.py"", ""/home/arjaiswal/Polygeist/issues/aten_c_kernels/results/aten_gather_cpu/debuf.mlir"", ""--dry-run"", ""--matcher-mode"", ""syntactic"", ""--telemetry-json"", ""/home/arjaiswal/Polygeist/issues/equality_saturation_eval/campaign_20260908/aten-aten_gather_cpu-syntactic-98cot253.json"", ""--disable-semantic-fallback""]","== match report for /home/arjaiswal/Polygeist/issues/aten_c_kernels/results/aten_gather_cpu/debuf.mlir ==
  no_match       body#0  ?
  total: 0 matched / 1 bodies
",0,[],0,0,0,0,/home/arjaiswal/Polygeist/issues/aten_c_kernels/results/aten_gather_cpu/debuf.mlir,2268,0,1,0,470.56373581290245,1,64564,0.021755695343017578,0,0,0,0,[],0,0,4,0.0,4
aten,aten_gather_cpu,/home/arjaiswal/Polygeist/issues/aten_c_kernels/results/aten_gather_cpu/debuf.mlir,0599ff296682c6cb246ad036fb1be0a2052d357e45b7094a376dd662842d8383,egglog,3,ok,0,871.4882880449295,0,"[""/usr/bin/python3"", ""/home/arjaiswal/Polygeist/scripts/correctness/kernel_match_rewrite.py"", ""/home/arjaiswal/Polygeist/issues/aten_c_kernels/results/aten_gather_cpu/debuf.mlir"", ""--dry-run"", ""--matcher-mode"", ""egglog"", ""--telemetry-json"", ""/home/arjaiswal/Polygeist/issues/equality_saturation_eval/campaign_20260908/aten-aten_gather_cpu-egglog-an6traqr.json"", ""--disable-semantic-fallback""]","== match report for /home/arjaiswal/Polygeist/issues/aten_c_kernels/results/aten_gather_cpu/debuf.mlir ==
  no_match       body#0  ?
  total: 0 matched / 1 bodies
",0,[],0,0,0,0,/home/arjaiswal/Polygeist/issues/aten_c_kernels/results/aten_gather_cpu/debuf.mlir,2268,8,1,0,315.8862143754959,1,64672,0.0,0,0,0,0,[],0,0,0,0.0,4
aten,aten_gather_cpu,/home/arjaiswal/Polygeist/issues/aten_c_kernels/results/aten_gather_cpu/debuf.mlir,0599ff296682c6cb246ad036fb1be0a2052d357e45b7094a376dd662842d8383,egglog,4,ok,0,1661.7363542318344,0,"[""/usr/bin/python3"", ""/home/arjaiswal/Polygeist/scripts/correctness/kernel_match_rewrite.py"", ""/home/arjaiswal/Polygeist/issues/aten_c_kernels/results/aten_gather_cpu/debuf.mlir"", ""--dry-run"", ""--matcher-mode"", ""egglog"", ""--telemetry-json"", ""/home/arjaiswal/Polygeist/issues/equality_saturation_eval/campaign_20260908/aten-aten_gather_cpu-egglog-6xozw68z.json"", ""--disable-semantic-fallback""]","== match report for /home/arjaiswal/Polygeist/issues/aten_c_kernels/results/aten_gather_cpu/debuf.mlir ==
  no_match       body#0  ?
  total: 0 matched / 1 bodies
",0,[],0,0,0,0,/home/arjaiswal/Polygeist/issues/aten_c_kernels/results/aten_gather_cpu/debuf.mlir,2268,8,1,0,660.0616909563541,1,64864,0.0,0,0,0,0,[],0,0,0,0.0,4
aten,aten_gather_cpu,/home/arjaiswal/Polygeist/issues/aten_c_kernels/results/aten_gather_cpu/debuf.mlir,0599ff296682c6cb246ad036fb1be0a2052d357e45b7094a376dd662842d8383,syntactic,4,ok,0,1664.846271276474,0,"[""/usr/bin/python3"", ""/home/arjaiswal/Polygeist/scripts/correctness/kernel_match_rewrite.py"", ""/home/arjaiswal/Polygeist/issues/aten_c_kernels/results/aten_gather_cpu/debuf.mlir"", ""--dry-run"", ""--matcher-mode"", ""syntactic"", ""--telemetry-json"", ""/home/arjaiswal/Polygeist/issues/equality_saturation_eval/campaign_20260908/aten-aten_gather_cpu-syntactic-rm7qinoz.json"", ""--disable-semantic-fallback""]","== match report for /home/arjaiswal/Polygeist/issues/aten_c_kernels/results/aten_gather_cpu/debuf.mlir ==
  no_match       body#0  ?
  total: 0 matched / 1 bodies
",0,[],0,0,0,0,/home/arjaiswal/Polygeist/issues/aten_c_kernels/results/aten_gather_cpu/debuf.mlir,2268,0,1,0,677.214477211237,1,64452,0.020228326320648193,0,0,0,0,[],0,0,4,0.0,4
aten,aten_gather_cpu,/home/arjaiswal/Polygeist/issues/aten_c_kernels/results/aten_gather_cpu/debuf.mlir,0599ff296682c6cb246ad036fb1be0a2052d357e45b7094a376dd662842d8383,syntactic,5,ok,0,1639.328271150589,0,"[""/usr/bin/python3"", ""/home/arjaiswal/Polygeist/scripts/correctness/kernel_match_rewrite.py"", ""/home/arjaiswal/Polygeist/issues/aten_c_kernels/results/aten_gather_cpu/debuf.mlir"", ""--dry-run"", ""--matcher-mode"", ""syntactic"", ""--telemetry-json"", ""/home/arjaiswal/Polygeist/issues/equality_saturation_eval/campaign_20260908/aten-aten_gather_cpu-syntactic-6oc8wtq3.json"", ""--disable-semantic-fallback""]","== match report for /home/arjaiswal/Polygeist/issues/aten_c_kernels/results/aten_gather_cpu/debuf.mlir ==
  no_match       body#0  ?
  total: 0 matched / 1 bodies
",0,[],0,0,0,0,/home/arjaiswal/Polygeist/issues/aten_c_kernels/results/aten_gather_cpu/debuf.mlir,2268,0,1,0,646.2979391217232,1,64616,0.01901388168334961,0,0,0,0,[],0,0,4,0.0,4
aten,aten_gather_cpu,/home/arjaiswal/Polygeist/issues/aten_c_kernels/results/aten_gather_cpu/debuf.mlir,0599ff296682c6cb246ad036fb1be0a2052d357e45b7094a376dd662842d8383,egglog,5,ok,0,1730.3026020526886,0,"[""/usr/bin/python3"", ""/home/arjaiswal/Polygeist/scripts/correctness/kernel_match_rewrite.py"", ""/home/arjaiswal/Polygeist/issues/aten_c_kernels/results/aten_gather_cpu/debuf.mlir"", ""--dry-run"", ""--matcher-mode"", ""egglog"", ""--telemetry-json"", ""/home/arjaiswal/Polygeist/issues/equality_saturation_eval/campaign_20260908/aten-aten_gather_cpu-egglog-3cwe9hdv.json"", ""--disable-semantic-fallback""]","== match report for /home/arjaiswal/Polygeist/issues/aten_c_kernels/results/aten_gather_cpu/debuf.mlir ==
  no_match       body#0  ?
  total: 0 matched / 1 bodies
",0,[],0,0,0,0,/home/arjaiswal/Polygeist/issues/aten_c_kernels/results/aten_gather_cpu/debuf.mlir,2268,8,1,0,689.2833709716797,1,64892,0.0,0,0,0,0,[],0,0,0,0.0,4
aten,aten_gather_expanded_index_cpu,/home/arjaiswal/Polygeist/issues/aten_c_kernels/results/aten_gather_expanded_index_cpu/debuf.mlir,7b05f4d9c50be516720e8641629ae4a3703e13ee362ef983cd45738287ccd7f1,egglog,1,ok,0,1614.3578179180622,0,"[""/usr/bin/python3"", ""/home/arjaiswal/Polygeist/scripts/correctness/kernel_match_rewrite.py"", ""/home/arjaiswal/Polygeist/issues/aten_c_kernels/results/aten_gather_expanded_index_cpu/debuf.mlir"", ""--dry-run"", ""--matcher-mode"", ""egglog"", ""--telemetry-json"", ""/home/arjaiswal/Polygeist/issues/equality_saturation_eval/campaign_20260908/aten-aten_gather_expanded_index_cpu-egglog-3yv4w4lk.json"", ""--disable-semantic-fallback""]","== match report for /home/arjaiswal/Polygeist/issues/aten_c_kernels/results/aten_gather_expanded_index_cpu/debuf.mlir ==
  no_match       body#0  ?
  total: 0 matched / 1 bodies
",0,[],0,0,0,0,/home/arjaiswal/Polygeist/issues/aten_c_kernels/results/aten_gather_expanded_index_cpu/debuf.mlir,2283,8,1,0,600.100964307785,1,64776,0.0,0,0,0,0,[],0,0,0,0.0,4
aten,aten_gather_expanded_index_cpu,/home/arjaiswal/Polygeist/issues/aten_c_kernels/results/aten_gather_expanded_index_cpu/debuf.mlir,7b05f4d9c50be516720e8641629ae4a3703e13ee362ef983cd45738287ccd7f1,syntactic,1,ok,0,1169.2593693733215,0,"[""/usr/bin/python3"", ""/home/arjaiswal/Polygeist/scripts/correctness/kernel_match_rewrite.py"", ""/home/arjaiswal/Polygeist/issues/aten_c_kernels/results/aten_gather_expanded_index_cpu/debuf.mlir"", ""--dry-run"", ""--matcher-mode"", ""syntactic"", ""--telemetry-json"", ""/home/arjaiswal/Polygeist/issues/equality_saturation_eval/campaign_20260908/aten-aten_gather_expanded_index_cpu-syntactic-_5m0waei.json"", ""--disable-semantic-fallback""]","== match report for /home/arjaiswal/Polygeist/issues/aten_c_kernels/results/aten_gather_expanded_index_cpu/debuf.mlir ==
  no_match       body#0  ?
  total: 0 matched / 1 bodies
",0,[],0,0,0,0,/home/arjaiswal/Polygeist/issues/aten_c_kernels/results/aten_gather_expanded_index_cpu/debuf.mlir,2283,0,1,0,301.3254217803478,1,64516,0.016830861568450928,0,0,0,0,[],0,0,4,0.0,4
aten,aten_gather_expanded_index_cpu,/home/arjaiswal/Polygeist/issues/aten_c_kernels/results/aten_gather_expanded_index_cpu/debuf.mlir,7b05f4d9c50be516720e8641629ae4a3703e13ee362ef983cd45738287ccd7f1,syntactic,2,ok,0,1568.8562020659447,0,"[""/usr/bin/python3"", ""/home/arjaiswal/Polygeist/scripts/correctness/kernel_match_rewrite.py"", ""/home/arjaiswal/Polygeist/issues/aten_c_kernels/results/aten_gather_expanded_index_cpu/debuf.mlir"", ""--dry-run"", ""--matcher-mode"", ""syntactic"", ""--telemetry-json"", ""/home/arjaiswal/Polygeist/issues/equality_saturation_eval/campaign_20260908/aten-aten_gather_expanded_index_cpu-syntactic-8da4b8eb.json"", ""--disable-semantic-fallback""]","== match report for /home/arjaiswal/Polygeist/issues/aten_c_kernels/results/aten_gather_expanded_index_cpu/debuf.mlir ==
  no_match       body#0  ?
  total: 0 matched / 1 bodies
",0,[],0,0,0,0,/home/arjaiswal/Polygeist/issues/aten_c_kernels/results/aten_gather_expanded_index_cpu/debuf.mlir,2283,0,1,0,620.6858940422535,1,64788,0.018443912267684937,0,0,0,0,[],0,0,4,0.0,4
aten,aten_gather_expanded_index_cpu,/home/arjaiswal/Polygeist/issues/aten_c_kernels/results/aten_gather_expanded_index_cpu/debuf.mlir,7b05f4d9c50be516720e8641629ae4a3703e13ee362ef983cd45738287ccd7f1,egglog,2,ok,0,821.8721747398376,0,"[""/usr/bin/python3"", ""/home/arjaiswal/Polygeist/scripts/correctness/kernel_match_rewrite.py"", ""/home/arjaiswal/Polygeist/issues/aten_c_kernels/results/aten_gather_expanded_index_cpu/debuf.mlir"", ""--dry-run"", ""--matcher-mode"", ""egglog"", ""--telemetry-json"", ""/home/arjaiswal/Polygeist/issues/equality_saturation_eval/campaign_20260908/aten-aten_gather_expanded_index_cpu-egglog-la1lrbc3.json"", ""--disable-semantic-fallback""]","== match report for /home/arjaiswal/Polygeist/issues/aten_c_kernels/results/aten_gather_expanded_index_cpu/debuf.mlir ==
  no_match       body#0  ?
  total: 0 matched / 1 bodies
",0,[],0,0,0,0,/home/arjaiswal/Polygeist/issues/aten_c_kernels/results/aten_gather_expanded_index_cpu/debuf.mlir,2283,8,1,0,307.6135478913784,1,64844,0.0,0,0,0,0,[],0,0,0,0.0,4
aten,aten_gather_expanded_index_cpu,/home/arjaiswal/Polygeist/issues/aten_c_kernels/results/aten_gather_expanded_index_cpu/debuf.mlir,7b05f4d9c50be516720e8641629ae4a3703e13ee362ef983cd45738287ccd7f1,egglog,3,ok,0,837.8871195018291,0,"[""/usr/bin/python3"", ""/home/arjaiswal/Polygeist/scripts/correctness/kernel_match_rewrite.py"", ""/home/arjaiswal/Polygeist/issues/aten_c_kernels/results/aten_gather_expanded_index_cpu/debuf.mlir"", ""--dry-run"", ""--matcher-mode"", ""egglog"", ""--telemetry-json"", ""/home/arjaiswal/Polygeist/issues/equality_saturation_eval/campaign_20260908/aten-aten_gather_expanded_index_cpu-egglog-bl3_o1kb.json"", ""--disable-semantic-fallback""]","== match report for /home/arjaiswal/Polygeist/issues/aten_c_kernels/results/aten_gather_expanded_index_cpu/debuf.mlir ==
  no_match       body#0  ?
  total: 0 matched / 1 bodies
",0,[],0,0,0,0,/home/arjaiswal/Polygeist/issues/aten_c_kernels/results/aten_gather_expanded_index_cpu/debuf.mlir,2283,8,1,0,321.2614767253399,1,64600,0.0,0,0,0,0,[],0,0,0,0.0,4
aten,aten_gather_expanded_index_cpu,/home/arjaiswal/Polygeist/issues/aten_c_kernels/results/aten_gather_expanded_index_cpu/debuf.mlir,7b05f4d9c50be516720e8641629ae4a3703e13ee362ef983cd45738287ccd7f1,syntactic,3,ok,0,1660.7105731964111,0,"[""/usr/bin/python3"", ""/home/arjaiswal/Polygeist/scripts/correctness/kernel_match_rewrite.py"", ""/home/arjaiswal/Polygeist/issues/aten_c_kernels/results/aten_gather_expanded_index_cpu/debuf.mlir"", ""--dry-run"", ""--matcher-mode"", ""syntactic"", ""--telemetry-json"", ""/home/arjaiswal/Polygeist/issues/equality_saturation_eval/campaign_20260908/aten-aten_gather_expanded_index_cpu-syntactic-b1coadt7.json"", ""--disable-semantic-fallback""]","== match report for /home/arjaiswal/Polygeist/issues/aten_c_kernels/results/aten_gather_expanded_index_cpu/debuf.mlir ==
  no_match       body#0  ?
  total: 0 matched / 1 bodies
",0,[],0,0,0,0,/home/arjaiswal/Polygeist/issues/aten_c_kernels/results/aten_gather_expanded_index_cpu/debuf.mlir,2283,0,1,0,638.464979827404,1,64480,0.018067657947540283,0,0,0,0,[],0,0,4,0.0,4
aten,aten_gather_expanded_index_cpu,/home/arjaiswal/Polygeist/issues/aten_c_kernels/results/aten_gather_expanded_index_cpu/debuf.mlir,7b05f4d9c50be516720e8641629ae4a3703e13ee362ef983cd45738287ccd7f1,syntactic,4,ok,0,1542.8908355534077,0,"[""/usr/bin/python3"", ""/home/arjaiswal/Polygeist/scripts/correctness/kernel_match_rewrite.py"", ""/home/arjaiswal/Polygeist/issues/aten_c_kernels/results/aten_gather_expanded_index_cpu/debuf.mlir"", ""--dry-run"", ""--matcher-mode"", ""syntactic"", ""--telemetry-json"", ""/home/arjaiswal/Polygeist/issues/equality_saturation_eval/campaign_20260908/aten-aten_gather_expanded_index_cpu-syntactic-c9vdtbe6.json"", ""--disable-semantic-fallback""]","== match report for /home/arjaiswal/Polygeist/issues/aten_c_kernels/results/aten_gather_expanded_index_cpu/debuf.mlir ==
  no_match       body#0  ?
  total: 0 matched / 1 bodies
",0,[],0,0,0,0,/home/arjaiswal/Polygeist/issues/aten_c_kernels/results/aten_gather_expanded_index_cpu/debuf.mlir,2283,0,1,0,600.1049354672432,1,64456,0.018425285816192627,0,0,0,0,[],0,0,4,0.0,4
aten,aten_gather_expanded_index_cpu,/home/arjaiswal/Polygeist/issues/aten_c_kernels/results/aten_gather_expanded_index_cpu/debuf.mlir,7b05f4d9c50be516720e8641629ae4a3703e13ee362ef983cd45738287ccd7f1,egglog,4,ok,0,845.8139933645725,0,"[""/usr/bin/python3"", ""/home/arjaiswal/Polygeist/scripts/correctness/kernel_match_rewrite.py"", ""/home/arjaiswal/Polygeist/issues/aten_c_kernels/results/aten_gather_expanded_index_cpu/debuf.mlir"", ""--dry-run"", ""--matcher-mode"", ""egglog"", ""--telemetry-json"", ""/home/arjaiswal/Polygeist/issues/equality_saturation_eval/campaign_20260908/aten-aten_gather_expanded_index_cpu-egglog-h02s0uvc.json"", ""--disable-semantic-fallback""]","== match report for /home/arjaiswal/Polygeist/issues/aten_c_kernels/results/aten_gather_expanded_index_cpu/debuf.mlir ==
  no_match       body#0  ?
  total: 0 matched / 1 bodies
",0,[],0,0,0,0,/home/arjaiswal/Polygeist/issues/aten_c_kernels/results/aten_gather_expanded_index_cpu/debuf.mlir,2283,8,1,0,301.07999593019485,1,64692,0.0,0,0,0,0,[],0,0,0,0.0,4
aten,aten_gather_expanded_index_cpu,/home/arjaiswal/Polygeist/issues/aten_c_kernels/results/aten_gather_expanded_index_cpu/debuf.mlir,7b05f4d9c50be516720e8641629ae4a3703e13ee362ef983cd45738287ccd7f1,egglog,5,ok,0,1015.3491459786892,0,"[""/usr/bin/python3"", ""/home/arjaiswal/Polygeist/scripts/correctness/kernel_match_rewrite.py"", ""/home/arjaiswal/Polygeist/issues/aten_c_kernels/results/aten_gather_expanded_index_cpu/debuf.mlir"", ""--dry-run"", ""--matcher-mode"", ""egglog"", ""--telemetry-json"", ""/home/arjaiswal/Polygeist/issues/equality_saturation_eval/campaign_20260908/aten-aten_gather_expanded_index_cpu-egglog-837tl1v5.json"", ""--disable-semantic-fallback""]","== match report for /home/arjaiswal/Polygeist/issues/aten_c_kernels/results/aten_gather_expanded_index_cpu/debuf.mlir ==
  no_match       body#0  ?
  total: 0 matched / 1 bodies
",0,[],0,0,0,0,/home/arjaiswal/Polygeist/issues/aten_c_kernels/results/aten_gather_expanded_index_cpu/debuf.mlir,2283,8,1,0,310.8476288616657,1,64652,0.0,0,0,0,0,[],0,0,0,0.0,4
aten,aten_gather_expanded_index_cpu,/home/arjaiswal/Polygeist/issues/aten_c_kernels/results/aten_gather_expanded_index_cpu/debuf.mlir,7b05f4d9c50be516720e8641629ae4a3703e13ee362ef983cd45738287ccd7f1,syntactic,5,ok,0,1325.782336294651,0,"[""/usr/bin/python3"", ""/home/arjaiswal/Polygeist/scripts/correctness/kernel_match_rewrite.py"", ""/home/arjaiswal/Polygeist/issues/aten_c_kernels/results/aten_gather_expanded_index_cpu/debuf.mlir"", ""--dry-run"", ""--matcher-mode"", ""syntactic"", ""--telemetry-json"", ""/home/arjaiswal/Polygeist/issues/equality_saturation_eval/campaign_20260908/aten-aten_gather_expanded_index_cpu-syntactic-vbf98qcl.json"", ""--disable-semantic-fallback""]","== match report for /home/arjaiswal/Polygeist/issues/aten_c_kernels/results/aten_gather_expanded_index_cpu/debuf.mlir ==
  no_match       body#0  ?
  total: 0 matched / 1 bodies
",0,[],0,0,0,0,/home/arjaiswal/Polygeist/issues/aten_c_kernels/results/aten_gather_expanded_index_cpu/debuf.mlir,2283,0,1,0,436.0763654112816,1,64812,0.019997358322143555,0,0,0,0,[],0,0,4,0.0,4
aten,aten_gcd_i32,/home/arjaiswal/Polygeist/issues/aten_c_kernels/results/aten_gcd_i32/debuf.mlir,7f051cdaf77e0dc20b9ef879b7b4efa99a28e38c584e05c8e195dad157228e9c,syntactic,1,ok,0,784.3263074755669,0,"[""/usr/bin/python3"", ""/home/arjaiswal/Polygeist/scripts/correctness/kernel_match_rewrite.py"", ""/home/arjaiswal/Polygeist/issues/aten_c_kernels/results/aten_gcd_i32/debuf.mlir"", ""--dry-run"", ""--matcher-mode"", ""syntactic"", ""--telemetry-json"", ""/home/arjaiswal/Polygeist/issues/equality_saturation_eval/campaign_20260908/aten-aten_gcd_i32-syntactic-_7r4nvy4.json"", ""--disable-semantic-fallback""]","== match report for /home/arjaiswal/Polygeist/issues/aten_c_kernels/results/aten_gcd_i32/debuf.mlir ==
  total: 0 matched / 0 bodies
",0,[],0,0,0,0,/home/arjaiswal/Polygeist/issues/aten_c_kernels/results/aten_gcd_i32/debuf.mlir,2475,0,0,0,262.50337064266205,0,64520,0.0,0,0,0,0,[],0,0,0,0.0,0
aten,aten_gcd_i32,/home/arjaiswal/Polygeist/issues/aten_c_kernels/results/aten_gcd_i32/debuf.mlir,7f051cdaf77e0dc20b9ef879b7b4efa99a28e38c584e05c8e195dad157228e9c,egglog,1,ok,0,800.5500547587872,0,"[""/usr/bin/python3"", ""/home/arjaiswal/Polygeist/scripts/correctness/kernel_match_rewrite.py"", ""/home/arjaiswal/Polygeist/issues/aten_c_kernels/results/aten_gcd_i32/debuf.mlir"", ""--dry-run"", ""--matcher-mode"", ""egglog"", ""--telemetry-json"", ""/home/arjaiswal/Polygeist/issues/equality_saturation_eval/campaign_20260908/aten-aten_gcd_i32-egglog-uro2amp_.json"", ""--disable-semantic-fallback""]","== match report for /home/arjaiswal/Polygeist/issues/aten_c_kernels/results/aten_gcd_i32/debuf.mlir ==
  total: 0 matched / 0 bodies
",0,[],0,0,0,0,/home/arjaiswal/Polygeist/issues/aten_c_kernels/results/aten_gcd_i32/debuf.mlir,2475,8,0,0,286.72028332948685,0,64664,0.0,0,0,0,0,[],0,0,0,0.0,0
aten,aten_gcd_i32,/home/arjaiswal/Polygeist/issues/aten_c_kernels/results/aten_gcd_i32/debuf.mlir,7f051cdaf77e0dc20b9ef879b7b4efa99a28e38c584e05c8e195dad157228e9c,egglog,2,ok,0,732.1906723082066,0,"[""/usr/bin/python3"", ""/home/arjaiswal/Polygeist/scripts/correctness/kernel_match_rewrite.py"", ""/home/arjaiswal/Polygeist/issues/aten_c_kernels/results/aten_gcd_i32/debuf.mlir"", ""--dry-run"", ""--matcher-mode"", ""egglog"", ""--telemetry-json"", ""/home/arjaiswal/Polygeist/issues/equality_saturation_eval/campaign_20260908/aten-aten_gcd_i32-egglog-008l4207.json"", ""--disable-semantic-fallback""]","== match report for /home/arjaiswal/Polygeist/issues/aten_c_kernels/results/aten_gcd_i32/debuf.mlir ==
  total: 0 matched / 0 bodies
",0,[],0,0,0,0,/home/arjaiswal/Polygeist/issues/aten_c_kernels/results/aten_gcd_i32/debuf.mlir,2475,8,0,0,274.38515052199364,0,64676,0.0,0,0,0,0,[],0,0,0,0.0,0
aten,aten_gcd_i32,/home/arjaiswal/Polygeist/issues/aten_c_kernels/results/aten_gcd_i32/debuf.mlir,7f051cdaf77e0dc20b9ef879b7b4efa99a28e38c584e05c8e195dad157228e9c,syntactic,2,ok,0,733.8075339794159,0,"[""/usr/bin/python3"", ""/home/arjaiswal/Polygeist/scripts/correctness/kernel_match_rewrite.py"", ""/home/arjaiswal/Polygeist/issues/aten_c_kernels/results/aten_gcd_i32/debuf.mlir"", ""--dry-run"", ""--matcher-mode"", ""syntactic"", ""--telemetry-json"", ""/home/arjaiswal/Polygeist/issues/equality_saturation_eval/campaign_20260908/aten-aten_gcd_i32-syntactic-1358k4yv.json"", ""--disable-semantic-fallback""]","== match report for /home/arjaiswal/Polygeist/issues/aten_c_kernels/results/aten_gcd_i32/debuf.mlir ==
  total: 0 matched / 0 bodies
",0,[],0,0,0,0,/home/arjaiswal/Polygeist/issues/aten_c_kernels/results/aten_gcd_i32/debuf.mlir,2475,0,0,0,269.8294222354889,0,64540,0.0,0,0,0,0,[],0,0,0,0.0,0
aten,aten_gcd_i32,/home/arjaiswal/Polygeist/issues/aten_c_kernels/results/aten_gcd_i32/debuf.mlir,7f051cdaf77e0dc20b9ef879b7b4efa99a28e38c584e05c8e195dad157228e9c,syntactic,3,ok,0,862.834021449089,0,"[""/usr/bin/python3"", ""/home/arjaiswal/Polygeist/scripts/correctness/kernel_match_rewrite.py"", ""/home/arjaiswal/Polygeist/issues/aten_c_kernels/results/aten_gcd_i32/debuf.mlir"", ""--dry-run"", ""--matcher-mode"", ""syntactic"", ""--telemetry-json"", ""/home/arjaiswal/Polygeist/issues/equality_saturation_eval/campaign_20260908/aten-aten_gcd_i32-syntactic-ce1ry55w.json"", ""--disable-semantic-fallback""]","== match report for /home/arjaiswal/Polygeist/issues/aten_c_kernels/results/aten_gcd_i32/debuf.mlir ==
  total: 0 matched / 0 bodies
",0,[],0,0,0,0,/home/arjaiswal/Polygeist/issues/aten_c_kernels/results/aten_gcd_i32/debuf.mlir,2475,0,0,0,271.71358093619347,0,64708,0.0,0,0,0,0,[],0,0,0,0.0,0
aten,aten_gcd_i32,/home/arjaiswal/Polygeist/issues/aten_c_kernels/results/aten_gcd_i32/debuf.mlir,7f051cdaf77e0dc20b9ef879b7b4efa99a28e38c584e05c8e195dad157228e9c,egglog,3,ok,0,735.6973141431808,0,"[""/usr/bin/python3"", ""/home/arjaiswal/Polygeist/scripts/correctness/kernel_match_rewrite.py"", ""/home/arjaiswal/Polygeist/issues/aten_c_kernels/results/aten_gcd_i32/debuf.mlir"", ""--dry-run"", ""--matcher-mode"", ""egglog"", ""--telemetry-json"", ""/home/arjaiswal/Polygeist/issues/equality_saturation_eval/campaign_20260908/aten-aten_gcd_i32-egglog-bveu74gn.json"", ""--disable-semantic-fallback""]","== match report for /home/arjaiswal/Polygeist/issues/aten_c_kernels/results/aten_gcd_i32/debuf.mlir ==
  total: 0 matched / 0 bodies
",0,[],0,0,0,0,/home/arjaiswal/Polygeist/issues/aten_c_kernels/results/aten_gcd_i32/debuf.mlir,2475,8,0,0,276.136189699173,0,64588,0.0,0,0,0,0,[],0,0,0,0.0,0
aten,aten_gcd_i32,/home/arjaiswal/Polygeist/issues/aten_c_kernels/results/aten_gcd_i32/debuf.mlir,7f051cdaf77e0dc20b9ef879b7b4efa99a28e38c584e05c8e195dad157228e9c,egglog,4,ok,0,772.8313691914082,0,"[""/usr/bin/python3"", ""/home/arjaiswal/Polygeist/scripts/correctness/kernel_match_rewrite.py"", ""/home/arjaiswal/Polygeist/issues/aten_c_kernels/results/aten_gcd_i32/debuf.mlir"", ""--dry-run"", ""--matcher-mode"", ""egglog"", ""--telemetry-json"", ""/home/arjaiswal/Polygeist/issues/equality_saturation_eval/campaign_20260908/aten-aten_gcd_i32-egglog-3eto5li7.json"", ""--disable-semantic-fallback""]","== match report for /home/arjaiswal/Polygeist/issues/aten_c_kernels/results/aten_gcd_i32/debuf.mlir ==
  total: 0 matched / 0 bodies
",0,[],0,0,0,0,/home/arjaiswal/Polygeist/issues/aten_c_kernels/results/aten_gcd_i32/debuf.mlir,2475,8,0,0,291.20855405926704,0,64740,0.0,0,0,0,0,[],0,0,0,0.0,0
aten,aten_gcd_i32,/home/arjaiswal/Polygeist/issues/aten_c_kernels/results/aten_gcd_i32/debuf.mlir,7f051cdaf77e0dc20b9ef879b7b4efa99a28e38c584e05c8e195dad157228e9c,syntactic,4,ok,0,737.1929958462715,0,"[""/usr/bin/python3"", ""/home/arjaiswal/Polygeist/scripts/correctness/kernel_match_rewrite.py"", ""/home/arjaiswal/Polygeist/issues/aten_c_kernels/results/aten_gcd_i32/debuf.mlir"", ""--dry-run"", ""--matcher-mode"", ""syntactic"", ""--telemetry-json"", ""/home/arjaiswal/Polygeist/issues/equality_saturation_eval/campaign_20260908/aten-aten_gcd_i32-syntactic-c5uynvbv.json"", ""--disable-semantic-fallback""]","== match report for /home/arjaiswal/Polygeist/issues/aten_c_kernels/results/aten_gcd_i32/debuf.mlir ==
  total: 0 matched / 0 bodies
",0,[],0,0,0,0,/home/arjaiswal/Polygeist/issues/aten_c_kernels/results/aten_gcd_i32/debuf.mlir,2475,0,0,0,284.0552181005478,0,64796,0.0,0,0,0,0,[],0,0,0,0.0,0
aten,aten_gcd_i32,/home/arjaiswal/Polygeist/issues/aten_c_kernels/results/aten_gcd_i32/debuf.mlir,7f051cdaf77e0dc20b9ef879b7b4efa99a28e38c584e05c8e195dad157228e9c,syntactic,5,ok,0,769.256841391325,0,"[""/usr/bin/python3"", ""/home/arjaiswal/Polygeist/scripts/correctness/kernel_match_rewrite.py"", ""/home/arjaiswal/Polygeist/issues/aten_c_kernels/results/aten_gcd_i32/debuf.mlir"", ""--dry-run"", ""--matcher-mode"", ""syntactic"", ""--telemetry-json"", ""/home/arjaiswal/Polygeist/issues/equality_saturation_eval/campaign_20260908/aten-aten_gcd_i32-syntactic-1gp30o1_.json"", ""--disable-semantic-fallback""]","== match report for /home/arjaiswal/Polygeist/issues/aten_c_kernels/results/aten_gcd_i32/debuf.mlir ==
  total: 0 matched / 0 bodies
",0,[],0,0,0,0,/home/arjaiswal/Polygeist/issues/aten_c_kernels/results/aten_gcd_i32/debuf.mlir,2475,0,0,0,309.13442000746727,0,64504,0.0,0,0,0,0,[],0,0,0,0.0,0
aten,aten_gcd_i32,/home/arjaiswal/Polygeist/issues/aten_c_kernels/results/aten_gcd_i32/debuf.mlir,7f051cdaf77e0dc20b9ef879b7b4efa99a28e38c584e05c8e195dad157228e9c,egglog,5,ok,0,726.7728745937347,0,"[""/usr/bin/python3"", ""/home/arjaiswal/Polygeist/scripts/correctness/kernel_match_rewrite.py"", ""/home/arjaiswal/Polygeist/issues/aten_c_kernels/results/aten_gcd_i32/debuf.mlir"", ""--dry-run"", ""--matcher-mode"", ""egglog"", ""--telemetry-json"", ""/home/arjaiswal/Polygeist/issues/equality_saturation_eval/campaign_20260908/aten-aten_gcd_i32-egglog-xnfzmyy1.json"", ""--disable-semantic-fallback""]","== match report for /home/arjaiswal/Polygeist/issues/aten_c_kernels/results/aten_gcd_i32/debuf.mlir ==
  total: 0 matched / 0 bodies
",0,[],0,0,0,0,/home/arjaiswal/Polygeist/issues/aten_c_kernels/results/aten_gcd_i32/debuf.mlir,2475,8,0,0,283.65927934646606,0,64800,0.0,0,0,0,0,[],0,0,0,0.0,0
aten,aten_ge,/home/arjaiswal/Polygeist/issues/aten_c_kernels/results/aten_ge/debuf.mlir,1c907a00fa2bb8170a5c19e42d989a2431c84dedb8067b5f28bb6ee4f51c749b,egglog,1,ok,0,776.202879846096,0,"[""/usr/bin/python3"", ""/home/arjaiswal/Polygeist/scripts/correctness/kernel_match_rewrite.py"", ""/home/arjaiswal/Polygeist/issues/aten_c_kernels/results/aten_ge/debuf.mlir"", ""--dry-run"", ""--matcher-mode"", ""egglog"", ""--telemetry-json"", ""/home/arjaiswal/Polygeist/issues/equality_saturation_eval/campaign_20260908/aten-aten_ge-egglog-psmr4bz7.json"", ""--disable-semantic-fallback""]","== match report for /home/arjaiswal/Polygeist/issues/aten_c_kernels/results/aten_ge/debuf.mlir ==
  no_match       body#0  ?
  total: 0 matched / 1 bodies
",0,[],0,0,0,0,/home/arjaiswal/Polygeist/issues/aten_c_kernels/results/aten_ge/debuf.mlir,1965,8,1,0,315.15082716941833,1,65656,0.0,0,0,0,0,[],0,0,0,0.0,8
aten,aten_ge,/home/arjaiswal/Polygeist/issues/aten_c_kernels/results/aten_ge/debuf.mlir,1c907a00fa2bb8170a5c19e42d989a2431c84dedb8067b5f28bb6ee4f51c749b,syntactic,1,ok,0,768.7622681260109,0,"[""/usr/bin/python3"", ""/home/arjaiswal/Polygeist/scripts/correctness/kernel_match_rewrite.py"", ""/home/arjaiswal/Polygeist/issues/aten_c_kernels/results/aten_ge/debuf.mlir"", ""--dry-run"", ""--matcher-mode"", ""syntactic"", ""--telemetry-json"", ""/home/arjaiswal/Polygeist/issues/equality_saturation_eval/campaign_20260908/aten-aten_ge-syntactic-qwe4fchp.json"", ""--disable-semantic-fallback""]","== match report for /home/arjaiswal/Polygeist/issues/aten_c_kernels/results/aten_ge/debuf.mlir ==
  no_match       body#0  ?
  total: 0 matched / 1 bodies
",0,[],0,0,0,0,/home/arjaiswal/Polygeist/issues/aten_c_kernels/results/aten_ge/debuf.mlir,1965,0,1,0,310.58743223547935,1,65708,0.02472102642059326,0,0,0,0,[],0,0,8,0.0,8
aten,aten_ge,/home/arjaiswal/Polygeist/issues/aten_c_kernels/results/aten_ge/debuf.mlir,1c907a00fa2bb8170a5c19e42d989a2431c84dedb8067b5f28bb6ee4f51c749b,syntactic,2,ok,0,805.1224909722805,0,"[""/usr/bin/python3"", ""/home/arjaiswal/Polygeist/scripts/correctness/kernel_match_rewrite.py"", ""/home/arjaiswal/Polygeist/issues/aten_c_kernels/results/aten_ge/debuf.mlir"", ""--dry-run"", ""--matcher-mode"", ""syntactic"", ""--telemetry-json"", ""/home/arjaiswal/Polygeist/issues/equality_saturation_eval/campaign_20260908/aten-aten_ge-syntactic-r7xwm0rj.json"", ""--disable-semantic-fallback""]","== match report for /home/arjaiswal/Polygeist/issues/aten_c_kernels/results/aten_ge/debuf.mlir ==
  no_match       body#0  ?
  total: 0 matched / 1 bodies
",0,[],0,0,0,0,/home/arjaiswal/Polygeist/issues/aten_c_kernels/results/aten_ge/debuf.mlir,1965,0,1,0,302.8094135224819,1,65708,0.02216547727584839,0,0,0,0,[],0,0,8,0.0,8
aten,aten_ge,/home/arjaiswal/Polygeist/issues/aten_c_kernels/results/aten_ge/debuf.mlir,1c907a00fa2bb8170a5c19e42d989a2431c84dedb8067b5f28bb6ee4f51c749b,egglog,2,ok,0,742.9946288466454,0,"[""/usr/bin/python3"", ""/home/arjaiswal/Polygeist/scripts/correctness/kernel_match_rewrite.py"", ""/home/arjaiswal/Polygeist/issues/aten_c_kernels/results/aten_ge/debuf.mlir"", ""--dry-run"", ""--matcher-mode"", ""egglog"", ""--telemetry-json"", ""/home/arjaiswal/Polygeist/issues/equality_saturation_eval/campaign_20260908/aten-aten_ge-egglog-wansfp8o.json"", ""--disable-semantic-fallback""]","== match report for /home/arjaiswal/Polygeist/issues/aten_c_kernels/results/aten_ge/debuf.mlir ==
  no_match       body#0  ?
  total: 0 matched / 1 bodies
",0,[],0,0,0,0,/home/arjaiswal/Polygeist/issues/aten_c_kernels/results/aten_ge/debuf.mlir,1965,8,1,0,304.1480630636215,1,65524,0.0,0,0,0,0,[],0,0,0,0.0,8
aten,aten_ge,/home/arjaiswal/Polygeist/issues/aten_c_kernels/results/aten_ge/debuf.mlir,1c907a00fa2bb8170a5c19e42d989a2431c84dedb8067b5f28bb6ee4f51c749b,egglog,3,ok,0,738.778505474329,0,"[""/usr/bin/python3"", ""/home/arjaiswal/Polygeist/scripts/correctness/kernel_match_rewrite.py"", ""/home/arjaiswal/Polygeist/issues/aten_c_kernels/results/aten_ge/debuf.mlir"", ""--dry-run"", ""--matcher-mode"", ""egglog"", ""--telemetry-json"", ""/home/arjaiswal/Polygeist/issues/equality_saturation_eval/campaign_20260908/aten-aten_ge-egglog-78k3tn1m.json"", ""--disable-semantic-fallback""]","== match report for /home/arjaiswal/Polygeist/issues/aten_c_kernels/results/aten_ge/debuf.mlir ==
  no_match       body#0  ?
  total: 0 matched / 1 bodies
",0,[],0,0,0,0,/home/arjaiswal/Polygeist/issues/aten_c_kernels/results/aten_ge/debuf.mlir,1965,8,1,0,295.7458160817623,1,65492,0.0,0,0,0,0,[],0,0,0,0.0,8
aten,aten_ge,/home/arjaiswal/Polygeist/issues/aten_c_kernels/results/aten_ge/debuf.mlir,1c907a00fa2bb8170a5c19e42d989a2431c84dedb8067b5f28bb6ee4f51c749b,syntactic,3,ok,0,748.5519088804722,0,"[""/usr/bin/python3"", ""/home/arjaiswal/Polygeist/scripts/correctness/kernel_match_rewrite.py"", ""/home/arjaiswal/Polygeist/issues/aten_c_kernels/results/aten_ge/debuf.mlir"", ""--dry-run"", ""--matcher-mode"", ""syntactic"", ""--telemetry-json"", ""/home/arjaiswal/Polygeist/issues/equality_saturation_eval/campaign_20260908/aten-aten_ge-syntactic-onr8h0np.json"", ""--disable-semantic-fallback""]","== match report for /home/arjaiswal/Polygeist/issues/aten_c_kernels/results/aten_ge/debuf.mlir ==
  no_match       body#0  ?
  total: 0 matched / 1 bodies
",0,[],0,0,0,0,/home/arjaiswal/Polygeist/issues/aten_c_kernels/results/aten_ge/debuf.mlir,1965,0,1,0,308.54613706469536,1,65592,0.027664005756378174,0,0,0,0,[],0,0,8,0.0,8
aten,aten_ge,/home/arjaiswal/Polygeist/issues/aten_c_kernels/results/aten_ge/debuf.mlir,1c907a00fa2bb8170a5c19e42d989a2431c84dedb8067b5f28bb6ee4f51c749b,syntactic,4,ok,0,776.4117978513241,0,"[""/usr/bin/python3"", ""/home/arjaiswal/Polygeist/scripts/correctness/kernel_match_rewrite.py"", ""/home/arjaiswal/Polygeist/issues/aten_c_kernels/results/aten_ge/debuf.mlir"", ""--dry-run"", ""--matcher-mode"", ""syntactic"", ""--telemetry-json"", ""/home/arjaiswal/Polygeist/issues/equality_saturation_eval/campaign_20260908/aten-aten_ge-syntactic-bxt69k9t.json"", ""--disable-semantic-fallback""]","== match report for /home/arjaiswal/Polygeist/issues/aten_c_kernels/results/aten_ge/debuf.mlir ==
  no_match       body#0  ?
  total: 0 matched / 1 bodies
",0,[],0,0,0,0,/home/arjaiswal/Polygeist/issues/aten_c_kernels/results/aten_ge/debuf.mlir,1965,0,1,0,348.556749522686,1,65768,0.021070241928100586,0,0,0,0,[],0,0,8,0.0,8
aten,aten_ge,/home/arjaiswal/Polygeist/issues/aten_c_kernels/results/aten_ge/debuf.mlir,1c907a00fa2bb8170a5c19e42d989a2431c84dedb8067b5f28bb6ee4f51c749b,egglog,4,ok,0,740.1926591992378,0,"[""/usr/bin/python3"", ""/home/arjaiswal/Polygeist/scripts/correctness/kernel_match_rewrite.py"", ""/home/arjaiswal/Polygeist/issues/aten_c_kernels/results/aten_ge/debuf.mlir"", ""--dry-run"", ""--matcher-mode"", ""egglog"", ""--telemetry-json"", ""/home/arjaiswal/Polygeist/issues/equality_saturation_eval/campaign_20260908/aten-aten_ge-egglog-p91xnq0t.json"", ""--disable-semantic-fallback""]","== match report for /home/arjaiswal/Polygeist/issues/aten_c_kernels/results/aten_ge/debuf.mlir ==
  no_match       body#0  ?
  total: 0 matched / 1 bodies
",0,[],0,0,0,0,/home/arjaiswal/Polygeist/issues/aten_c_kernels/results/aten_ge/debuf.mlir,1965,8,1,0,310.8999617397785,1,65756,0.0,0,0,0,0,[],0,0,0,0.0,8
aten,aten_ge,/home/arjaiswal/Polygeist/issues/aten_c_kernels/results/aten_ge/debuf.mlir,1c907a00fa2bb8170a5c19e42d989a2431c84dedb8067b5f28bb6ee4f51c749b,egglog,5,ok,0,769.1245935857296,0,"[""/usr/bin/python3"", ""/home/arjaiswal/Polygeist/scripts/correctness/kernel_match_rewrite.py"", ""/home/arjaiswal/Polygeist/issues/aten_c_kernels/results/aten_ge/debuf.mlir"", ""--dry-run"", ""--matcher-mode"", ""egglog"", ""--telemetry-json"", ""/home/arjaiswal/Polygeist/issues/equality_saturation_eval/campaign_20260908/aten-aten_ge-egglog-8ri5b3dr.json"", ""--disable-semantic-fallback""]","== match report for /home/arjaiswal/Polygeist/issues/aten_c_kernels/results/aten_ge/debuf.mlir ==
  no_match       body#0  ?
  total: 0 matched / 1 bodies
",0,[],0,0,0,0,/home/arjaiswal/Polygeist/issues/aten_c_kernels/results/aten_ge/debuf.mlir,1965,8,1,0,319.9411518871784,1,65724,0.0,0,0,0,0,[],0,0,0,0.0,8
aten,aten_ge,/home/arjaiswal/Polygeist/issues/aten_c_kernels/results/aten_ge/debuf.mlir,1c907a00fa2bb8170a5c19e42d989a2431c84dedb8067b5f28bb6ee4f51c749b,syntactic,5,ok,0,821.6465823352337,0,"[""/usr/bin/python3"", ""/home/arjaiswal/Polygeist/scripts/correctness/kernel_match_rewrite.py"", ""/home/arjaiswal/Polygeist/issues/aten_c_kernels/results/aten_ge/debuf.mlir"", ""--dry-run"", ""--matcher-mode"", ""syntactic"", ""--telemetry-json"", ""/home/arjaiswal/Polygeist/issues/equality_saturation_eval/campaign_20260908/aten-aten_ge-syntactic-35rbpx6m.json"", ""--disable-semantic-fallback""]","== match report for /home/arjaiswal/Polygeist/issues/aten_c_kernels/results/aten_ge/debuf.mlir ==
  no_match       body#0  ?
  total: 0 matched / 1 bodies
",0,[],0,0,0,0,/home/arjaiswal/Polygeist/issues/aten_c_kernels/results/aten_ge/debuf.mlir,1965,0,1,0,352.14656963944435,1,65760,0.022642314434051514,0,0,0,0,[],0,0,8,0.0,8
aten,aten_gelu,/home/arjaiswal/Polygeist/issues/aten_c_kernels/results/aten_gelu/debuf.mlir,9fbe717a8c5a37c1c815b117e0efc15eb936298754b9daa5173975e298eb1586,syntactic,1,ok,0,1144.3706564605236,0,"[""/usr/bin/python3"", ""/home/arjaiswal/Polygeist/scripts/correctness/kernel_match_rewrite.py"", ""/home/arjaiswal/Polygeist/issues/aten_c_kernels/results/aten_gelu/debuf.mlir"", ""--dry-run"", ""--matcher-mode"", ""syntactic"", ""--telemetry-json"", ""/home/arjaiswal/Polygeist/issues/equality_saturation_eval/campaign_20260908/aten-aten_gelu-syntactic-j9z9f612.json"", ""--disable-semantic-fallback""]","== match report for /home/arjaiswal/Polygeist/issues/aten_c_kernels/results/aten_gelu/debuf.mlir ==
  match          body#[0]  cudnnPointwiseGraph_f32
  total: 1 matched / 1 bodies
",0,[],0,0,0,0,/home/arjaiswal/Polygeist/issues/aten_c_kernels/results/aten_gelu/debuf.mlir,2251,0,1,1,678.8267493247986,0,66784,0.15625357627868652,0,0,0,0,"[{""body_indices"": [0], ""symbol"": ""cudnnPointwiseGraph_f32""}]",1,0,56,0.0,56
aten,aten_gelu,/home/arjaiswal/Polygeist/issues/aten_c_kernels/results/aten_gelu/debuf.mlir,9fbe717a8c5a37c1c815b117e0efc15eb936298754b9daa5173975e298eb1586,egglog,1,ok,0,1107.6441891491413,0,"[""/usr/bin/python3"", ""/home/arjaiswal/Polygeist/scripts/correctness/kernel_match_rewrite.py"", ""/home/arjaiswal/Polygeist/issues/aten_c_kernels/results/aten_gelu/debuf.mlir"", ""--dry-run"", ""--matcher-mode"", ""egglog"", ""--telemetry-json"", ""/home/arjaiswal/Polygeist/issues/equality_saturation_eval/campaign_20260908/aten-aten_gelu-egglog-smv5qayf.json"", ""--disable-semantic-fallback""]","== match report for /home/arjaiswal/Polygeist/issues/aten_c_kernels/results/aten_gelu/debuf.mlir ==
  match          body#[0]  cudnnPointwiseGraph_f32
  total: 1 matched / 1 bodies
",0,[],0,0,0,0,/home/arjaiswal/Polygeist/issues/aten_c_kernels/results/aten_gelu/debuf.mlir,2251,8,1,1,651.0975621640682,0,66424,0.0,0,0,0,0,"[{""body_indices"": [0], ""symbol"": ""cudnnPointwiseGraph_f32""}]",1,0,0,0.0,56
aten,aten_gelu,/home/arjaiswal/Polygeist/issues/aten_c_kernels/results/aten_gelu/debuf.mlir,9fbe717a8c5a37c1c815b117e0efc15eb936298754b9daa5173975e298eb1586,egglog,2,ok,0,1056.0604184865952,0,"[""/usr/bin/python3"", ""/home/arjaiswal/Polygeist/scripts/correctness/kernel_match_rewrite.py"", ""/home/arjaiswal/Polygeist/issues/aten_c_kernels/results/aten_gelu/debuf.mlir"", ""--dry-run"", ""--matcher-mode"", ""egglog"", ""--telemetry-json"", ""/home/arjaiswal/Polygeist/issues/equality_saturation_eval/campaign_20260908/aten-aten_gelu-egglog-_5pzcoo4.json"", ""--disable-semantic-fallback""]","== match report for /home/arjaiswal/Polygeist/issues/aten_c_kernels/results/aten_gelu/debuf.mlir ==
  match          body#[0]  cudnnPointwiseGraph_f32
  total: 1 matched / 1 bodies
",0,[],0,0,0,0,/home/arjaiswal/Polygeist/issues/aten_c_kernels/results/aten_gelu/debuf.mlir,2251,8,1,1,625.8029490709305,0,66584,0.0,0,0,0,0,"[{""body_indices"": [0], ""symbol"": ""cudnnPointwiseGraph_f32""}]",1,0,0,0.0,56
aten,aten_gelu,/home/arjaiswal/Polygeist/issues/aten_c_kernels/results/aten_gelu/debuf.mlir,9fbe717a8c5a37c1c815b117e0efc15eb936298754b9daa5173975e298eb1586,syntactic,2,ok,0,1031.559031456709,0,"[""/usr/bin/python3"", ""/home/arjaiswal/Polygeist/scripts/correctness/kernel_match_rewrite.py"", ""/home/arjaiswal/Polygeist/issues/aten_c_kernels/results/aten_gelu/debuf.mlir"", ""--dry-run"", ""--matcher-mode"", ""syntactic"", ""--telemetry-json"", ""/home/arjaiswal/Polygeist/issues/equality_saturation_eval/campaign_20260908/aten-aten_gelu-syntactic-zjjmj45v.json"", ""--disable-semantic-fallback""]","== match report for /home/arjaiswal/Polygeist/issues/aten_c_kernels/results/aten_gelu/debuf.mlir ==
  match          body#[0]  cudnnPointwiseGraph_f32
  total: 1 matched / 1 bodies
",0,[],0,0,0,0,/home/arjaiswal/Polygeist/issues/aten_c_kernels/results/aten_gelu/debuf.mlir,2251,0,1,1,606.0827597975731,0,66864,0.15262886881828308,0,0,0,0,"[{""body_indices"": [0], ""symbol"": ""cudnnPointwiseGraph_f32""}]",1,0,56,0.0,56
aten,aten_gelu,/home/arjaiswal/Polygeist/issues/aten_c_kernels/results/aten_gelu/debuf.mlir,9fbe717a8c5a37c1c815b117e0efc15eb936298754b9daa5173975e298eb1586,syntactic,3,ok,0,1074.6776536107063,0,"[""/usr/bin/python3"", ""/home/arjaiswal/Polygeist/scripts/correctness/kernel_match_rewrite.py"", ""/home/arjaiswal/Polygeist/issues/aten_c_kernels/results/aten_gelu/debuf.mlir"", ""--dry-run"", ""--matcher-mode"", ""syntactic"", ""--telemetry-json"", ""/home/arjaiswal/Polygeist/issues/equality_saturation_eval/campaign_20260908/aten-aten_gelu-syntactic-dg2lff_5.json"", ""--disable-semantic-fallback""]","== match report for /home/arjaiswal/Polygeist/issues/aten_c_kernels/results/aten_gelu/debuf.mlir ==
  match          body#[0]  cudnnPointwiseGraph_f32
  total: 1 matched / 1 bodies
",0,[],0,0,0,0,/home/arjaiswal/Polygeist/issues/aten_c_kernels/results/aten_gelu/debuf.mlir,2251,0,1,1,617.4389719963074,0,66836,0.14879554510116577,0,0,0,0,"[{""body_indices"": [0], ""symbol"": ""cudnnPointwiseGraph_f32""}]",1,0,56,0.0,56
aten,aten_gelu,/home/arjaiswal/Polygeist/issues/aten_c_kernels/results/aten_gelu/debuf.mlir,9fbe717a8c5a37c1c815b117e0efc15eb936298754b9daa5173975e298eb1586,egglog,3,ok,0,1045.7559637725353,0,"[""/usr/bin/python3"", ""/home/arjaiswal/Polygeist/scripts/correctness/kernel_match_rewrite.py"", ""/home/arjaiswal/Polygeist/issues/aten_c_kernels/results/aten_gelu/debuf.mlir"", ""--dry-run"", ""--matcher-mode"", ""egglog"", ""--telemetry-json"", ""/home/arjaiswal/Polygeist/issues/equality_saturation_eval/campaign_20260908/aten-aten_gelu-egglog-_im5fkph.json"", ""--disable-semantic-fallback""]","== match report for /home/arjaiswal/Polygeist/issues/aten_c_kernels/results/aten_gelu/debuf.mlir ==
  match          body#[0]  cudnnPointwiseGraph_f32
  total: 1 matched / 1 bodies
",0,[],0,0,0,0,/home/arjaiswal/Polygeist/issues/aten_c_kernels/results/aten_gelu/debuf.mlir,2251,8,1,1,601.3865657150745,0,66484,0.0,0,0,0,0,"[{""body_indices"": [0], ""symbol"": ""cudnnPointwiseGraph_f32""}]",1,0,0,0.0,56
aten,aten_gelu,/home/arjaiswal/Polygeist/issues/aten_c_kernels/results/aten_gelu/debuf.mlir,9fbe717a8c5a37c1c815b117e0efc15eb936298754b9daa5173975e298eb1586,egglog,4,ok,0,1033.3137959241867,0,"[""/usr/bin/python3"", ""/home/arjaiswal/Polygeist/scripts/correctness/kernel_match_rewrite.py"", ""/home/arjaiswal/Polygeist/issues/aten_c_kernels/results/aten_gelu/debuf.mlir"", ""--dry-run"", ""--matcher-mode"", ""egglog"", ""--telemetry-json"", ""/home/arjaiswal/Polygeist/issues/equality_saturation_eval/campaign_20260908/aten-aten_gelu-egglog-52cv1xf0.json"", ""--disable-semantic-fallback""]","== match report for /home/arjaiswal/Polygeist/issues/aten_c_kernels/results/aten_gelu/debuf.mlir ==
  match          body#[0]  cudnnPointwiseGraph_f32
  total: 1 matched / 1 bodies
",0,[],0,0,0,0,/home/arjaiswal/Polygeist/issues/aten_c_kernels/results/aten_gelu/debuf.mlir,2251,8,1,1,610.702384263277,0,66460,0.0,0,0,0,0,"[{""body_indices"": [0], ""symbol"": ""cudnnPointwiseGraph_f32""}]",1,0,0,0.0,56
aten,aten_gelu,/home/arjaiswal/Polygeist/issues/aten_c_kernels/results/aten_gelu/debuf.mlir,9fbe717a8c5a37c1c815b117e0efc15eb936298754b9daa5173975e298eb1586,syntactic,4,ok,0,1062.7079792320728,0,"[""/usr/bin/python3"", ""/home/arjaiswal/Polygeist/scripts/correctness/kernel_match_rewrite.py"", ""/home/arjaiswal/Polygeist/issues/aten_c_kernels/results/aten_gelu/debuf.mlir"", ""--dry-run"", ""--matcher-mode"", ""syntactic"", ""--telemetry-json"", ""/home/arjaiswal/Polygeist/issues/equality_saturation_eval/campaign_20260908/aten-aten_gelu-syntactic-3rb_j1w5.json"", ""--disable-semantic-fallback""]","== match report for /home/arjaiswal/Polygeist/issues/aten_c_kernels/results/aten_gelu/debuf.mlir ==
  match          body#[0]  cudnnPointwiseGraph_f32
  total: 1 matched / 1 bodies
",0,[],0,0,0,0,/home/arjaiswal/Polygeist/issues/aten_c_kernels/results/aten_gelu/debuf.mlir,2251,0,1,1,623.16869571805,0,66596,0.14839321374893188,0,0,0,0,"[{""body_indices"": [0], ""symbol"": ""cudnnPointwiseGraph_f32""}]",1,0,56,0.0,56
aten,aten_gelu,/home/arjaiswal/Polygeist/issues/aten_c_kernels/results/aten_gelu/debuf.mlir,9fbe717a8c5a37c1c815b117e0efc15eb936298754b9daa5173975e298eb1586,syntactic,5,ok,0,1108.8194027543068,0,"[""/usr/bin/python3"", ""/home/arjaiswal/Polygeist/scripts/correctness/kernel_match_rewrite.py"", ""/home/arjaiswal/Polygeist/issues/aten_c_kernels/results/aten_gelu/debuf.mlir"", ""--dry-run"", ""--matcher-mode"", ""syntactic"", ""--telemetry-json"", ""/home/arjaiswal/Polygeist/issues/equality_saturation_eval/campaign_20260908/aten-aten_gelu-syntactic-wv_1wplt.json"", ""--disable-semantic-fallback""]","== match report for /home/arjaiswal/Polygeist/issues/aten_c_kernels/results/aten_gelu/debuf.mlir ==
  match          body#[0]  cudnnPointwiseGraph_f32
  total: 1 matched / 1 bodies
",0,[],0,0,0,0,/home/arjaiswal/Polygeist/issues/aten_c_kernels/results/aten_gelu/debuf.mlir,2251,0,1,1,603.7878170609474,0,66732,0.14061108231544495,0,0,0,0,"[{""body_indices"": [0], ""symbol"": ""cudnnPointwiseGraph_f32""}]",1,0,56,0.0,56
aten,aten_gelu,/home/arjaiswal/Polygeist/issues/aten_c_kernels/results/aten_gelu/debuf.mlir,9fbe717a8c5a37c1c815b117e0efc15eb936298754b9daa5173975e298eb1586,egglog,5,ok,0,1028.781272470951,0,"[""/usr/bin/python3"", ""/home/arjaiswal/Polygeist/scripts/correctness/kernel_match_rewrite.py"", ""/home/arjaiswal/Polygeist/issues/aten_c_kernels/results/aten_gelu/debuf.mlir"", ""--dry-run"", ""--matcher-mode"", ""egglog"", ""--telemetry-json"", ""/home/arjaiswal/Polygeist/issues/equality_saturation_eval/campaign_20260908/aten-aten_gelu-egglog-_jpz81ca.json"", ""--disable-semantic-fallback""]","== match report for /home/arjaiswal/Polygeist/issues/aten_c_kernels/results/aten_gelu/debuf.mlir ==
  match          body#[0]  cudnnPointwiseGraph_f32
  total: 1 matched / 1 bodies
",0,[],0,0,0,0,/home/arjaiswal/Polygeist/issues/aten_c_kernels/results/aten_gelu/debuf.mlir,2251,8,1,1,606.438435614109,0,66272,0.0,0,0,0,0,"[{""body_indices"": [0], ""symbol"": ""cudnnPointwiseGraph_f32""}]",1,0,0,0.0,56
aten,aten_gelu_backward_cpu_exact,/home/arjaiswal/Polygeist/issues/aten_c_kernels/results/aten_gelu_backward_cpu_exact/debuf.mlir,452db2c80fcb5cfc28c07ab00914bdb108dc356bb4566bdb7d425ef6752867fc,egglog,1,ok,0,745.9825985133648,0,"[""/usr/bin/python3"", ""/home/arjaiswal/Polygeist/scripts/correctness/kernel_match_rewrite.py"", ""/home/arjaiswal/Polygeist/issues/aten_c_kernels/results/aten_gelu_backward_cpu_exact/debuf.mlir"", ""--dry-run"", ""--matcher-mode"", ""egglog"", ""--telemetry-json"", ""/home/arjaiswal/Polygeist/issues/equality_saturation_eval/campaign_20260908/aten-aten_gelu_backward_cpu_exact-egglog-q5aq8z_f.json"", ""--disable-semantic-fallback""]","== match report for /home/arjaiswal/Polygeist/issues/aten_c_kernels/results/aten_gelu_backward_cpu_exact/debuf.mlir ==
  match          body#[0]  cudnnPointwiseGraph_f32
  total: 1 matched / 1 bodies
",0,[],0,0,0,0,/home/arjaiswal/Polygeist/issues/aten_c_kernels/results/aten_gelu_backward_cpu_exact/debuf.mlir,2655,8,1,1,311.15955859422684,0,65952,0.0,0,0,0,0,"[{""body_indices"": [0], ""symbol"": ""cudnnPointwiseGraph_f32""}]",1,0,0,0.0,0
aten,aten_gelu_backward_cpu_exact,/home/arjaiswal/Polygeist/issues/aten_c_kernels/results/aten_gelu_backward_cpu_exact/debuf.mlir,452db2c80fcb5cfc28c07ab00914bdb108dc356bb4566bdb7d425ef6752867fc,syntactic,1,ok,0,727.8644740581512,0,"[""/usr/bin/python3"", ""/home/arjaiswal/Polygeist/scripts/correctness/kernel_match_rewrite.py"", ""/home/arjaiswal/Polygeist/issues/aten_c_kernels/results/aten_gelu_backward_cpu_exact/debuf.mlir"", ""--dry-run"", ""--matcher-mode"", ""syntactic"", ""--telemetry-json"", ""/home/arjaiswal/Polygeist/issues/equality_saturation_eval/campaign_20260908/aten-aten_gelu_backward_cpu_exact-syntactic-stuhx2yv.json"", ""--disable-semantic-fallback""]","== match report for /home/arjaiswal/Polygeist/issues/aten_c_kernels/results/aten_gelu_backward_cpu_exact/debuf.mlir ==
  match          body#[0]  cudnnPointwiseGraph_f32
  total: 1 matched / 1 bodies
",0,[],0,0,0,0,/home/arjaiswal/Polygeist/issues/aten_c_kernels/results/aten_gelu_backward_cpu_exact/debuf.mlir,2655,0,1,1,286.11794114112854,0,65884,0.0,0,0,0,0,"[{""body_indices"": [0], ""symbol"": ""cudnnPointwiseGraph_f32""}]",1,0,0,0.0,0
aten,aten_gelu_backward_cpu_exact,/home/arjaiswal/Polygeist/issues/aten_c_kernels/results/aten_gelu_backward_cpu_exact/debuf.mlir,452db2c80fcb5cfc28c07ab00914bdb108dc356bb4566bdb7d425ef6752867fc,syntactic,2,ok,0,720.8082266151905,0,"[""/usr/bin/python3"", ""/home/arjaiswal/Polygeist/scripts/correctness/kernel_match_rewrite.py"", ""/home/arjaiswal/Polygeist/issues/aten_c_kernels/results/aten_gelu_backward_cpu_exact/debuf.mlir"", ""--dry-run"", ""--matcher-mode"", ""syntactic"", ""--telemetry-json"", ""/home/arjaiswal/Polygeist/issues/equality_saturation_eval/campaign_20260908/aten-aten_gelu_backward_cpu_exact-syntactic-9ti0bgfy.json"", ""--disable-semantic-fallback""]","== match report for /home/arjaiswal/Polygeist/issues/aten_c_kernels/results/aten_gelu_backward_cpu_exact/debuf.mlir ==
  match          body#[0]  cudnnPointwiseGraph_f32
  total: 1 matched / 1 bodies
",0,[],0,0,0,0,/home/arjaiswal/Polygeist/issues/aten_c_kernels/results/aten_gelu_backward_cpu_exact/debuf.mlir,2655,0,1,1,285.5517975986004,0,65884,0.0,0,0,0,0,"[{""body_indices"": [0], ""symbol"": ""cudnnPointwiseGraph_f32""}]",1,0,0,0.0,0
aten,aten_gelu_backward_cpu_exact,/home/arjaiswal/Polygeist/issues/aten_c_kernels/results/aten_gelu_backward_cpu_exact/debuf.mlir,452db2c80fcb5cfc28c07ab00914bdb108dc356bb4566bdb7d425ef6752867fc,egglog,2,ok,0,725.1702584326267,0,"[""/usr/bin/python3"", ""/home/arjaiswal/Polygeist/scripts/correctness/kernel_match_rewrite.py"", ""/home/arjaiswal/Polygeist/issues/aten_c_kernels/results/aten_gelu_backward_cpu_exact/debuf.mlir"", ""--dry-run"", ""--matcher-mode"", ""egglog"", ""--telemetry-json"", ""/home/arjaiswal/Polygeist/issues/equality_saturation_eval/campaign_20260908/aten-aten_gelu_backward_cpu_exact-egglog-63olnt1x.json"", ""--disable-semantic-fallback""]","== match report for /home/arjaiswal/Polygeist/issues/aten_c_kernels/results/aten_gelu_backward_cpu_exact/debuf.mlir ==
  match          body#[0]  cudnnPointwiseGraph_f32
  total: 1 matched / 1 bodies
",0,[],0,0,0,0,/home/arjaiswal/Polygeist/issues/aten_c_kernels/results/aten_gelu_backward_cpu_exact/debuf.mlir,2655,8,1,1,296.6194562613964,0,66076,0.0,0,0,0,0,"[{""body_indices"": [0], ""symbol"": ""cudnnPointwiseGraph_f32""}]",1,0,0,0.0,0
aten,aten_gelu_backward_cpu_exact,/home/arjaiswal/Polygeist/issues/aten_c_kernels/results/aten_gelu_backward_cpu_exact/debuf.mlir,452db2c80fcb5cfc28c07ab00914bdb108dc356bb4566bdb7d425ef6752867fc,egglog,3,ok,0,745.5570437014103,0,"[""/usr/bin/python3"", ""/home/arjaiswal/Polygeist/scripts/correctness/kernel_match_rewrite.py"", ""/home/arjaiswal/Polygeist/issues/aten_c_kernels/results/aten_gelu_backward_cpu_exact/debuf.mlir"", ""--dry-run"", ""--matcher-mode"", ""egglog"", ""--telemetry-json"", ""/home/arjaiswal/Polygeist/issues/equality_saturation_eval/campaign_20260908/aten-aten_gelu_backward_cpu_exact-egglog-lhelaxed.json"", ""--disable-semantic-fallback""]","== match report for /home/arjaiswal/Polygeist/issues/aten_c_kernels/results/aten_gelu_backward_cpu_exact/debuf.mlir ==
  match          body#[0]  cudnnPointwiseGraph_f32
  total: 1 matched / 1 bodies
",0,[],0,0,0,0,/home/arjaiswal/Polygeist/issues/aten_c_kernels/results/aten_gelu_backward_cpu_exact/debuf.mlir,2655,8,1,1,299.5225340127945,0,66024,0.0,0,0,0,0,"[{""body_indices"": [0], ""symbol"": ""cudnnPointwiseGraph_f32""}]",1,0,0,0.0,0
aten,aten_gelu_backward_cpu_exact,/home/arjaiswal/Polygeist/issues/aten_c_kernels/results/aten_gelu_backward_cpu_exact/debuf.mlir,452db2c80fcb5cfc28c07ab00914bdb108dc356bb4566bdb7d425ef6752867fc,syntactic,3,ok,0,719.9292480945587,0,"[""/usr/bin/python3"", ""/home/arjaiswal/Polygeist/scripts/correctness/kernel_match_rewrite.py"", ""/home/arjaiswal/Polygeist/issues/aten_c_kernels/results/aten_gelu_backward_cpu_exact/debuf.mlir"", ""--dry-run"", ""--matcher-mode"", ""syntactic"", ""--telemetry-json"", ""/home/arjaiswal/Polygeist/issues/equality_saturation_eval/campaign_20260908/aten-aten_gelu_backward_cpu_exact-syntactic-ukd46djl.json"", ""--disable-semantic-fallback""]","== match report for /home/arjaiswal/Polygeist/issues/aten_c_kernels/results/aten_gelu_backward_cpu_exact/debuf.mlir ==
  match          body#[0]  cudnnPointwiseGraph_f32
  total: 1 matched / 1 bodies
",0,[],0,0,0,0,/home/arjaiswal/Polygeist/issues/aten_c_kernels/results/aten_gelu_backward_cpu_exact/debuf.mlir,2655,0,1,1,293.40530186891556,0,65796,0.0,0,0,0,0,"[{""body_indices"": [0], ""symbol"": ""cudnnPointwiseGraph_f32""}]",1,0,0,0.0,0
aten,aten_gelu_backward_cpu_exact,/home/arjaiswal/Polygeist/issues/aten_c_kernels/results/aten_gelu_backward_cpu_exact/debuf.mlir,452db2c80fcb5cfc28c07ab00914bdb108dc356bb4566bdb7d425ef6752867fc,syntactic,4,ok,0,739.4709140062332,0,"[""/usr/bin/python3"", ""/home/arjaiswal/Polygeist/scripts/correctness/kernel_match_rewrite.py"", ""/home/arjaiswal/Polygeist/issues/aten_c_kernels/results/aten_gelu_backward_cpu_exact/debuf.mlir"", ""--dry-run"", ""--matcher-mode"", ""syntactic"", ""--telemetry-json"", ""/home/arjaiswal/Polygeist/issues/equality_saturation_eval/campaign_20260908/aten-aten_gelu_backward_cpu_exact-syntactic-f_ju0cwv.json"", ""--disable-semantic-fallback""]","== match report for /home/arjaiswal/Polygeist/issues/aten_c_kernels/results/aten_gelu_backward_cpu_exact/debuf.mlir ==
  match          body#[0]  cudnnPointwiseGraph_f32
  total: 1 matched / 1 bodies
",0,[],0,0,0,0,/home/arjaiswal/Polygeist/issues/aten_c_kernels/results/aten_gelu_backward_cpu_exact/debuf.mlir,2655,0,1,1,305.431067943573,0,65916,0.0,0,0,0,0,"[{""body_indices"": [0], ""symbol"": ""cudnnPointwiseGraph_f32""}]",1,0,0,0.0,0
aten,aten_gelu_backward_cpu_exact,/home/arjaiswal/Polygeist/issues/aten_c_kernels/results/aten_gelu_backward_cpu_exact/debuf.mlir,452db2c80fcb5cfc28c07ab00914bdb108dc356bb4566bdb7d425ef6752867fc,egglog,4,ok,0,727.6529781520367,0,"[""/usr/bin/python3"", ""/home/arjaiswal/Polygeist/scripts/correctness/kernel_match_rewrite.py"", ""/home/arjaiswal/Polygeist/issues/aten_c_kernels/results/aten_gelu_backward_cpu_exact/debuf.mlir"", ""--dry-run"", ""--matcher-mode"", ""egglog"", ""--telemetry-json"", ""/home/arjaiswal/Polygeist/issues/equality_saturation_eval/campaign_20260908/aten-aten_gelu_backward_cpu_exact-egglog-lyet_a5n.json"", ""--disable-semantic-fallback""]","== match report for /home/arjaiswal/Polygeist/issues/aten_c_kernels/results/aten_gelu_backward_cpu_exact/debuf.mlir ==
  match          body#[0]  cudnnPointwiseGraph_f32
  total: 1 matched / 1 bodies
",0,[],0,0,0,0,/home/arjaiswal/Polygeist/issues/aten_c_kernels/results/aten_gelu_backward_cpu_exact/debuf.mlir,2655,8,1,1,297.17256501317024,0,65944,0.0,0,0,0,0,"[{""body_indices"": [0], ""symbol"": ""cudnnPointwiseGraph_f32""}]",1,0,0,0.0,0
aten,aten_gelu_backward_cpu_exact,/home/arjaiswal/Polygeist/issues/aten_c_kernels/results/aten_gelu_backward_cpu_exact/debuf.mlir,452db2c80fcb5cfc28c07ab00914bdb108dc356bb4566bdb7d425ef6752867fc,egglog,5,ok,0,744.6300312876701,0,"[""/usr/bin/python3"", ""/home/arjaiswal/Polygeist/scripts/correctness/kernel_match_rewrite.py"", ""/home/arjaiswal/Polygeist/issues/aten_c_kernels/results/aten_gelu_backward_cpu_exact/debuf.mlir"", ""--dry-run"", ""--matcher-mode"", ""egglog"", ""--telemetry-json"", ""/home/arjaiswal/Polygeist/issues/equality_saturation_eval/campaign_20260908/aten-aten_gelu_backward_cpu_exact-egglog-ouvr4sx7.json"", ""--disable-semantic-fallback""]","== match report for /home/arjaiswal/Polygeist/issues/aten_c_kernels/results/aten_gelu_backward_cpu_exact/debuf.mlir ==
  match          body#[0]  cudnnPointwiseGraph_f32
  total: 1 matched / 1 bodies
",0,[],0,0,0,0,/home/arjaiswal/Polygeist/issues/aten_c_kernels/results/aten_gelu_backward_cpu_exact/debuf.mlir,2655,8,1,1,302.94984951615334,0,65916,0.0,0,0,0,0,"[{""body_indices"": [0], ""symbol"": ""cudnnPointwiseGraph_f32""}]",1,0,0,0.0,0
aten,aten_gelu_backward_cpu_exact,/home/arjaiswal/Polygeist/issues/aten_c_kernels/results/aten_gelu_backward_cpu_exact/debuf.mlir,452db2c80fcb5cfc28c07ab00914bdb108dc356bb4566bdb7d425ef6752867fc,syntactic,5,ok,0,722.2498469054699,0,"[""/usr/bin/python3"", ""/home/arjaiswal/Polygeist/scripts/correctness/kernel_match_rewrite.py"", ""/home/arjaiswal/Polygeist/issues/aten_c_kernels/results/aten_gelu_backward_cpu_exact/debuf.mlir"", ""--dry-run"", ""--matcher-mode"", ""syntactic"", ""--telemetry-json"", ""/home/arjaiswal/Polygeist/issues/equality_saturation_eval/campaign_20260908/aten-aten_gelu_backward_cpu_exact-syntactic-owdlffif.json"", ""--disable-semantic-fallback""]","== match report for /home/arjaiswal/Polygeist/issues/aten_c_kernels/results/aten_gelu_backward_cpu_exact/debuf.mlir ==
  match          body#[0]  cudnnPointwiseGraph_f32
  total: 1 matched / 1 bodies
",0,[],0,0,0,0,/home/arjaiswal/Polygeist/issues/aten_c_kernels/results/aten_gelu_backward_cpu_exact/debuf.mlir,2655,0,1,1,293.1712940335274,0,65792,0.0,0,0,0,0,"[{""body_indices"": [0], ""symbol"": ""cudnnPointwiseGraph_f32""}]",1,0,0,0.0,0
aten,aten_gelu_backward_cpu_tanh,/home/arjaiswal/Polygeist/issues/aten_c_kernels/results/aten_gelu_backward_cpu_tanh/debuf.mlir,6853d3c2b3c1bbcac4f44eb53da20f06e2d82c8e1141cda0ae5b2a8bb5c96bd5,syntactic,1,ok,0,803.3735975623131,0,"[""/usr/bin/python3"", ""/home/arjaiswal/Polygeist/scripts/correctness/kernel_match_rewrite.py"", ""/home/arjaiswal/Polygeist/issues/aten_c_kernels/results/aten_gelu_backward_cpu_tanh/debuf.mlir"", ""--dry-run"", ""--matcher-mode"", ""syntactic"", ""--telemetry-json"", ""/home/arjaiswal/Polygeist/issues/equality_saturation_eval/campaign_20260908/aten-aten_gelu_backward_cpu_tanh-syntactic-xwixb281.json"", ""--disable-semantic-fallback""]","== match report for /home/arjaiswal/Polygeist/issues/aten_c_kernels/results/aten_gelu_backward_cpu_tanh/debuf.mlir ==
  match          body#[0]  cudnnPointwiseGraph_f32
  total: 1 matched / 1 bodies
",0,[],0,0,0,0,/home/arjaiswal/Polygeist/issues/aten_c_kernels/results/aten_gelu_backward_cpu_tanh/debuf.mlir,2795,0,1,1,377.68783792853355,0,66684,0.03088638186454773,0,0,0,0,"[{""body_indices"": [0], ""symbol"": ""cudnnPointwiseGraph_f32""}]",1,0,6,0.0,6
aten,aten_gelu_backward_cpu_tanh,/home/arjaiswal/Polygeist/issues/aten_c_kernels/results/aten_gelu_backward_cpu_tanh/debuf.mlir,6853d3c2b3c1bbcac4f44eb53da20f06e2d82c8e1141cda0ae5b2a8bb5c96bd5,egglog,1,ok,0,827.1874077618122,0,"[""/usr/bin/python3"", ""/home/arjaiswal/Polygeist/scripts/correctness/kernel_match_rewrite.py"", ""/home/arjaiswal/Polygeist/issues/aten_c_kernels/results/aten_gelu_backward_cpu_tanh/debuf.mlir"", ""--dry-run"", ""--matcher-mode"", ""egglog"", ""--telemetry-json"", ""/home/arjaiswal/Polygeist/issues/equality_saturation_eval/campaign_20260908/aten-aten_gelu_backward_cpu_tanh-egglog-li1cnp51.json"", ""--disable-semantic-fallback""]","== match report for /home/arjaiswal/Polygeist/issues/aten_c_kernels/results/aten_gelu_backward_cpu_tanh/debuf.mlir ==
  match          body#[0]  cudnnPointwiseGraph_f32
  total: 1 matched / 1 bodies
",0,[],0,0,0,0,/home/arjaiswal/Polygeist/issues/aten_c_kernels/results/aten_gelu_backward_cpu_tanh/debuf.mlir,2795,8,1,1,393.65188777446747,0,66680,0.0,0,0,0,0,"[{""body_indices"": [0], ""symbol"": ""cudnnPointwiseGraph_f32""}]",1,0,0,0.0,6
aten,aten_gelu_backward_cpu_tanh,/home/arjaiswal/Polygeist/issues/aten_c_kernels/results/aten_gelu_backward_cpu_tanh/debuf.mlir,6853d3c2b3c1bbcac4f44eb53da20f06e2d82c8e1141cda0ae5b2a8bb5c96bd5,egglog,2,ok,0,807.0107661187649,0,"[""/usr/bin/python3"", ""/home/arjaiswal/Polygeist/scripts/correctness/kernel_match_rewrite.py"", ""/home/arjaiswal/Polygeist/issues/aten_c_kernels/results/aten_gelu_backward_cpu_tanh/debuf.mlir"", ""--dry-run"", ""--matcher-mode"", ""egglog"", ""--telemetry-json"", ""/home/arjaiswal/Polygeist/issues/equality_saturation_eval/campaign_20260908/aten-aten_gelu_backward_cpu_tanh-egglog-vra3z1u0.json"", ""--disable-semantic-fallback""]","== match report for /home/arjaiswal/Polygeist/issues/aten_c_kernels/results/aten_gelu_backward_cpu_tanh/debuf.mlir ==
  match          body#[0]  cudnnPointwiseGraph_f32
  total: 1 matched / 1 bodies
",0,[],0,0,0,0,/home/arjaiswal/Polygeist/issues/aten_c_kernels/results/aten_gelu_backward_cpu_tanh/debuf.mlir,2795,8,1,1,376.3367645442486,0,66968,0.0,0,0,0,0,"[{""body_indices"": [0], ""symbol"": ""cudnnPointwiseGraph_f32""}]",1,0,0,0.0,6
aten,aten_gelu_backward_cpu_tanh,/home/arjaiswal/Polygeist/issues/aten_c_kernels/results/aten_gelu_backward_cpu_tanh/debuf.mlir,6853d3c2b3c1bbcac4f44eb53da20f06e2d82c8e1141cda0ae5b2a8bb5c96bd5,syntactic,2,ok,0,863.6357113718987,0,"[""/usr/bin/python3"", ""/home/arjaiswal/Polygeist/scripts/correctness/kernel_match_rewrite.py"", ""/home/arjaiswal/Polygeist/issues/aten_c_kernels/results/aten_gelu_backward_cpu_tanh/debuf.mlir"", ""--dry-run"", ""--matcher-mode"", ""syntactic"", ""--telemetry-json"", ""/home/arjaiswal/Polygeist/issues/equality_saturation_eval/campaign_20260908/aten-aten_gelu_backward_cpu_tanh-syntactic-01g5hhn2.json"", ""--disable-semantic-fallback""]","== match report for /home/arjaiswal/Polygeist/issues/aten_c_kernels/results/aten_gelu_backward_cpu_tanh/debuf.mlir ==
  match          body#[0]  cudnnPointwiseGraph_f32
  total: 1 matched / 1 bodies
",0,[],0,0,0,0,/home/arjaiswal/Polygeist/issues/aten_c_kernels/results/aten_gelu_backward_cpu_tanh/debuf.mlir,2795,0,1,1,397.50002697110176,0,66924,0.033408403396606445,0,0,0,0,"[{""body_indices"": [0], ""symbol"": ""cudnnPointwiseGraph_f32""}]",1,0,6,0.0,6
aten,aten_gelu_backward_cpu_tanh,/home/arjaiswal/Polygeist/issues/aten_c_kernels/results/aten_gelu_backward_cpu_tanh/debuf.mlir,6853d3c2b3c1bbcac4f44eb53da20f06e2d82c8e1141cda0ae5b2a8bb5c96bd5,syntactic,3,ok,0,830.4877728223801,0,"[""/usr/bin/python3"", ""/home/arjaiswal/Polygeist/scripts/correctness/kernel_match_rewrite.py"", ""/home/arjaiswal/Polygeist/issues/aten_c_kernels/results/aten_gelu_backward_cpu_tanh/debuf.mlir"", ""--dry-run"", ""--matcher-mode"", ""syntactic"", ""--telemetry-json"", ""/home/arjaiswal/Polygeist/issues/equality_saturation_eval/campaign_20260908/aten-aten_gelu_backward_cpu_tanh-syntactic-9wtn4bqq.json"", ""--disable-semantic-fallback""]","== match report for /home/arjaiswal/Polygeist/issues/aten_c_kernels/results/aten_gelu_backward_cpu_tanh/debuf.mlir ==
  match          body#[0]  cudnnPointwiseGraph_f32
  total: 1 matched / 1 bodies
",0,[],0,0,0,0,/home/arjaiswal/Polygeist/issues/aten_c_kernels/results/aten_gelu_backward_cpu_tanh/debuf.mlir,2795,0,1,1,392.93985441327095,0,66816,0.03508478403091431,0,0,0,0,"[{""body_indices"": [0], ""symbol"": ""cudnnPointwiseGraph_f32""}]",1,0,6,0.0,6
aten,aten_gelu_backward_cpu_tanh,/home/arjaiswal/Polygeist/issues/aten_c_kernels/results/aten_gelu_backward_cpu_tanh/debuf.mlir,6853d3c2b3c1bbcac4f44eb53da20f06e2d82c8e1141cda0ae5b2a8bb5c96bd5,egglog,3,ok,0,824.0646384656429,0,"[""/usr/bin/python3"", ""/home/arjaiswal/Polygeist/scripts/correctness/kernel_match_rewrite.py"", ""/home/arjaiswal/Polygeist/issues/aten_c_kernels/results/aten_gelu_backward_cpu_tanh/debuf.mlir"", ""--dry-run"", ""--matcher-mode"", ""egglog"", ""--telemetry-json"", ""/home/arjaiswal/Polygeist/issues/equality_saturation_eval/campaign_20260908/aten-aten_gelu_backward_cpu_tanh-egglog-jn75_yxn.json"", ""--disable-semantic-fallback""]","== match report for /home/arjaiswal/Polygeist/issues/aten_c_kernels/results/aten_gelu_backward_cpu_tanh/debuf.mlir ==
  match          body#[0]  cudnnPointwiseGraph_f32
  total: 1 matched / 1 bodies
",0,[],0,0,0,0,/home/arjaiswal/Polygeist/issues/aten_c_kernels/results/aten_gelu_backward_cpu_tanh/debuf.mlir,2795,8,1,1,387.3177208006382,0,66796,0.0,0,0,0,0,"[{""body_indices"": [0], ""symbol"": ""cudnnPointwiseGraph_f32""}]",1,0,0,0.0,6
aten,aten_gelu_backward_cpu_tanh,/home/arjaiswal/Polygeist/issues/aten_c_kernels/results/aten_gelu_backward_cpu_tanh/debuf.mlir,6853d3c2b3c1bbcac4f44eb53da20f06e2d82c8e1141cda0ae5b2a8bb5c96bd5,egglog,4,ok,0,792.8859926760197,0,"[""/usr/bin/python3"", ""/home/arjaiswal/Polygeist/scripts/correctness/kernel_match_rewrite.py"", ""/home/arjaiswal/Polygeist/issues/aten_c_kernels/results/aten_gelu_backward_cpu_tanh/debuf.mlir"", ""--dry-run"", ""--matcher-mode"", ""egglog"", ""--telemetry-json"", ""/home/arjaiswal/Polygeist/issues/equality_saturation_eval/campaign_20260908/aten-aten_gelu_backward_cpu_tanh-egglog-tgengga7.json"", ""--disable-semantic-fallback""]","== match report for /home/arjaiswal/Polygeist/issues/aten_c_kernels/results/aten_gelu_backward_cpu_tanh/debuf.mlir ==
  match          body#[0]  cudnnPointwiseGraph_f32
  total: 1 matched / 1 bodies
",0,[],0,0,0,0,/home/arjaiswal/Polygeist/issues/aten_c_kernels/results/aten_gelu_backward_cpu_tanh/debuf.mlir,2795,8,1,1,370.3601136803627,0,66788,0.0,0,0,0,0,"[{""body_indices"": [0], ""symbol"": ""cudnnPointwiseGraph_f32""}]",1,0,0,0.0,6
aten,aten_gelu_backward_cpu_tanh,/home/arjaiswal/Polygeist/issues/aten_c_kernels/results/aten_gelu_backward_cpu_tanh/debuf.mlir,6853d3c2b3c1bbcac4f44eb53da20f06e2d82c8e1141cda0ae5b2a8bb5c96bd5,syntactic,4,ok,0,812.2744709253311,0,"[""/usr/bin/python3"", ""/home/arjaiswal/Polygeist/scripts/correctness/kernel_match_rewrite.py"", ""/home/arjaiswal/Polygeist/issues/aten_c_kernels/results/aten_gelu_backward_cpu_tanh/debuf.mlir"", ""--dry-run"", ""--matcher-mode"", ""syntactic"", ""--telemetry-json"", ""/home/arjaiswal/Polygeist/issues/equality_saturation_eval/campaign_20260908/aten-aten_gelu_backward_cpu_tanh-syntactic-2cq9mado.json"", ""--disable-semantic-fallback""]","== match report for /home/arjaiswal/Polygeist/issues/aten_c_kernels/results/aten_gelu_backward_cpu_tanh/debuf.mlir ==
  match          body#[0]  cudnnPointwiseGraph_f32
  total: 1 matched / 1 bodies
",0,[],0,0,0,0,/home/arjaiswal/Polygeist/issues/aten_c_kernels/results/aten_gelu_backward_cpu_tanh/debuf.mlir,2795,0,1,1,374.5515011250973,0,66828,0.029392540454864502,0,0,0,0,"[{""body_indices"": [0], ""symbol"": ""cudnnPointwiseGraph_f32""}]",1,0,6,0.0,6
aten,aten_gelu_backward_cpu_tanh,/home/arjaiswal/Polygeist/issues/aten_c_kernels/results/aten_gelu_backward_cpu_tanh/debuf.mlir,6853d3c2b3c1bbcac4f44eb53da20f06e2d82c8e1141cda0ae5b2a8bb5c96bd5,syntactic,5,ok,0,800.2828359603882,0,"[""/usr/bin/python3"", ""/home/arjaiswal/Polygeist/scripts/correctness/kernel_match_rewrite.py"", ""/home/arjaiswal/Polygeist/issues/aten_c_kernels/results/aten_gelu_backward_cpu_tanh/debuf.mlir"", ""--dry-run"", ""--matcher-mode"", ""syntactic"", ""--telemetry-json"", ""/home/arjaiswal/Polygeist/issues/equality_saturation_eval/campaign_20260908/aten-aten_gelu_backward_cpu_tanh-syntactic-4v0k4990.json"", ""--disable-semantic-fallback""]","== match report for /home/arjaiswal/Polygeist/issues/aten_c_kernels/results/aten_gelu_backward_cpu_tanh/debuf.mlir ==
  match          body#[0]  cudnnPointwiseGraph_f32
  total: 1 matched / 1 bodies
",0,[],0,0,0,0,/home/arjaiswal/Polygeist/issues/aten_c_kernels/results/aten_gelu_backward_cpu_tanh/debuf.mlir,2795,0,1,1,375.40485337376595,0,66672,0.028926879167556763,0,0,0,0,"[{""body_indices"": [0], ""symbol"": ""cudnnPointwiseGraph_f32""}]",1,0,6,0.0,6
aten,aten_gelu_backward_cpu_tanh,/home/arjaiswal/Polygeist/issues/aten_c_kernels/results/aten_gelu_backward_cpu_tanh/debuf.mlir,6853d3c2b3c1bbcac4f44eb53da20f06e2d82c8e1141cda0ae5b2a8bb5c96bd5,egglog,5,ok,0,807.9282753169537,0,"[""/usr/bin/python3"", ""/home/arjaiswal/Polygeist/scripts/correctness/kernel_match_rewrite.py"", ""/home/arjaiswal/Polygeist/issues/aten_c_kernels/results/aten_gelu_backward_cpu_tanh/debuf.mlir"", ""--dry-run"", ""--matcher-mode"", ""egglog"", ""--telemetry-json"", ""/home/arjaiswal/Polygeist/issues/equality_saturation_eval/campaign_20260908/aten-aten_gelu_backward_cpu_tanh-egglog-fk_m7_z6.json"", ""--disable-semantic-fallback""]","== match report for /home/arjaiswal/Polygeist/issues/aten_c_kernels/results/aten_gelu_backward_cpu_tanh/debuf.mlir ==
  match          body#[0]  cudnnPointwiseGraph_f32
  total: 1 matched / 1 bodies
",0,[],0,0,0,0,/home/arjaiswal/Polygeist/issues/aten_c_kernels/results/aten_gelu_backward_cpu_tanh/debuf.mlir,2795,8,1,1,382.4725151062012,0,66788,0.0,0,0,0,0,"[{""body_indices"": [0], ""symbol"": ""cudnnPointwiseGraph_f32""}]",1,0,0,0.0,6
aten,aten_gelu_cpu_exact,/home/arjaiswal/Polygeist/issues/aten_c_kernels/results/aten_gelu_cpu_exact/debuf.mlir,9a401d941dbf69ac7fc5afdc51f7f6de7cf449523b52d4eca86ba43a2104cf54,egglog,1,ok,0,948.3117833733559,0,"[""/usr/bin/python3"", ""/home/arjaiswal/Polygeist/scripts/correctness/kernel_match_rewrite.py"", ""/home/arjaiswal/Polygeist/issues/aten_c_kernels/results/aten_gelu_cpu_exact/debuf.mlir"", ""--dry-run"", ""--matcher-mode"", ""egglog"", ""--telemetry-json"", ""/home/arjaiswal/Polygeist/issues/equality_saturation_eval/campaign_20260908/aten-aten_gelu_cpu_exact-egglog-xup205aj.json"", ""--disable-semantic-fallback""]","== match report for /home/arjaiswal/Polygeist/issues/aten_c_kernels/results/aten_gelu_cpu_exact/debuf.mlir ==
  match          body#[0]  cudnnPointwiseGraph_f32
  total: 1 matched / 1 bodies
",0,[],0,0,0,0,/home/arjaiswal/Polygeist/issues/aten_c_kernels/results/aten_gelu_cpu_exact/debuf.mlir,2166,8,1,1,528.514239937067,0,65976,0.0,0,0,0,0,"[{""body_indices"": [0], ""symbol"": ""cudnnPointwiseGraph_f32""}]",1,0,0,0.0,56
aten,aten_gelu_cpu_exact,/home/arjaiswal/Polygeist/issues/aten_c_kernels/results/aten_gelu_cpu_exact/debuf.mlir,9a401d941dbf69ac7fc5afdc51f7f6de7cf449523b52d4eca86ba43a2104cf54,syntactic,1,ok,0,1017.0989520847797,0,"[""/usr/bin/python3"", ""/home/arjaiswal/Polygeist/scripts/correctness/kernel_match_rewrite.py"", ""/home/arjaiswal/Polygeist/issues/aten_c_kernels/results/aten_gelu_cpu_exact/debuf.mlir"", ""--dry-run"", ""--matcher-mode"", ""syntactic"", ""--telemetry-json"", ""/home/arjaiswal/Polygeist/issues/equality_saturation_eval/campaign_20260908/aten-aten_gelu_cpu_exact-syntactic-7p__07zc.json"", ""--disable-semantic-fallback""]","== match report for /home/arjaiswal/Polygeist/issues/aten_c_kernels/results/aten_gelu_cpu_exact/debuf.mlir ==
  match          body#[0]  cudnnPointwiseGraph_f32
  total: 1 matched / 1 bodies
",0,[],0,0,0,0,/home/arjaiswal/Polygeist/issues/aten_c_kernels/results/aten_gelu_cpu_exact/debuf.mlir,2166,0,1,1,542.6562801003456,0,66072,0.15436485409736633,0,0,0,0,"[{""body_indices"": [0], ""symbol"": ""cudnnPointwiseGraph_f32""}]",1,0,56,0.0,56
aten,aten_gelu_cpu_exact,/home/arjaiswal/Polygeist/issues/aten_c_kernels/results/aten_gelu_cpu_exact/debuf.mlir,9a401d941dbf69ac7fc5afdc51f7f6de7cf449523b52d4eca86ba43a2104cf54,syntactic,2,ok,0,939.3456317484379,0,"[""/usr/bin/python3"", ""/home/arjaiswal/Polygeist/scripts/correctness/kernel_match_rewrite.py"", ""/home/arjaiswal/Polygeist/issues/aten_c_kernels/results/aten_gelu_cpu_exact/debuf.mlir"", ""--dry-run"", ""--matcher-mode"", ""syntactic"", ""--telemetry-json"", ""/home/arjaiswal/Polygeist/issues/equality_saturation_eval/campaign_20260908/aten-aten_gelu_cpu_exact-syntactic-traosj_e.json"", ""--disable-semantic-fallback""]","== match report for /home/arjaiswal/Polygeist/issues/aten_c_kernels/results/aten_gelu_cpu_exact/debuf.mlir ==
  match          body#[0]  cudnnPointwiseGraph_f32
  total: 1 matched / 1 bodies
",0,[],0,0,0,0,/home/arjaiswal/Polygeist/issues/aten_c_kernels/results/aten_gelu_cpu_exact/debuf.mlir,2166,0,1,1,516.5859833359718,0,65960,0.14255568385124207,0,0,0,0,"[{""body_indices"": [0], ""symbol"": ""cudnnPointwiseGraph_f32""}]",1,0,56,0.0,56
aten,aten_gelu_cpu_exact,/home/arjaiswal/Polygeist/issues/aten_c_kernels/results/aten_gelu_cpu_exact/debuf.mlir,9a401d941dbf69ac7fc5afdc51f7f6de7cf449523b52d4eca86ba43a2104cf54,egglog,2,ok,0,949.7486278414726,0,"[""/usr/bin/python3"", ""/home/arjaiswal/Polygeist/scripts/correctness/kernel_match_rewrite.py"", ""/home/arjaiswal/Polygeist/issues/aten_c_kernels/results/aten_gelu_cpu_exact/debuf.mlir"", ""--dry-run"", ""--matcher-mode"", ""egglog"", ""--telemetry-json"", ""/home/arjaiswal/Polygeist/issues/equality_saturation_eval/campaign_20260908/aten-aten_gelu_cpu_exact-egglog-smn49778.json"", ""--disable-semantic-fallback""]","== match report for /home/arjaiswal/Polygeist/issues/aten_c_kernels/results/aten_gelu_cpu_exact/debuf.mlir ==
  match          body#[0]  cudnnPointwiseGraph_f32
  total: 1 matched / 1 bodies
",0,[],0,0,0,0,/home/arjaiswal/Polygeist/issues/aten_c_kernels/results/aten_gelu_cpu_exact/debuf.mlir,2166,8,1,1,524.911668151617,0,66292,0.0,0,0,0,0,"[{""body_indices"": [0], ""symbol"": ""cudnnPointwiseGraph_f32""}]",1,0,0,0.0,56
aten,aten_gelu_cpu_exact,/home/arjaiswal/Polygeist/issues/aten_c_kernels/results/aten_gelu_cpu_exact/debuf.mlir,9a401d941dbf69ac7fc5afdc51f7f6de7cf449523b52d4eca86ba43a2104cf54,egglog,3,ok,0,922.6125441491604,0,"[""/usr/bin/python3"", ""/home/arjaiswal/Polygeist/scripts/correctness/kernel_match_rewrite.py"", ""/home/arjaiswal/Polygeist/issues/aten_c_kernels/results/aten_gelu_cpu_exact/debuf.mlir"", ""--dry-run"", ""--matcher-mode"", ""egglog"", ""--telemetry-json"", ""/home/arjaiswal/Polygeist/issues/equality_saturation_eval/campaign_20260908/aten-aten_gelu_cpu_exact-egglog-b2lir1k0.json"", ""--disable-semantic-fallback""]","== match report for /home/arjaiswal/Polygeist/issues/aten_c_kernels/results/aten_gelu_cpu_exact/debuf.mlir ==
  match          body#[0]  cudnnPointwiseGraph_f32
  total: 1 matched / 1 bodies
",0,[],0,0,0,0,/home/arjaiswal/Polygeist/issues/aten_c_kernels/results/aten_gelu_cpu_exact/debuf.mlir,2166,8,1,1,498.45078587532043,0,66044,0.0,0,0,0,0,"[{""body_indices"": [0], ""symbol"": ""cudnnPointwiseGraph_f32""}]",1,0,0,0.0,56
aten,aten_gelu_cpu_exact,/home/arjaiswal/Polygeist/issues/aten_c_kernels/results/aten_gelu_cpu_exact/debuf.mlir,9a401d941dbf69ac7fc5afdc51f7f6de7cf449523b52d4eca86ba43a2104cf54,syntactic,3,ok,0,905.0872139632702,0,"[""/usr/bin/python3"", ""/home/arjaiswal/Polygeist/scripts/correctness/kernel_match_rewrite.py"", ""/home/arjaiswal/Polygeist/issues/aten_c_kernels/results/aten_gelu_cpu_exact/debuf.mlir"", ""--dry-run"", ""--matcher-mode"", ""syntactic"", ""--telemetry-json"", ""/home/arjaiswal/Polygeist/issues/equality_saturation_eval/campaign_20260908/aten-aten_gelu_cpu_exact-syntactic-i9cpme3o.json"", ""--disable-semantic-fallback""]","== match report for /home/arjaiswal/Polygeist/issues/aten_c_kernels/results/aten_gelu_cpu_exact/debuf.mlir ==
  match          body#[0]  cudnnPointwiseGraph_f32
  total: 1 matched / 1 bodies
",0,[],0,0,0,0,/home/arjaiswal/Polygeist/issues/aten_c_kernels/results/aten_gelu_cpu_exact/debuf.mlir,2166,0,1,1,500.25972351431847,0,66268,0.14409422874450684,0,0,0,0,"[{""body_indices"": [0], ""symbol"": ""cudnnPointwiseGraph_f32""}]",1,0,56,0.0,56
aten,aten_gelu_cpu_exact,/home/arjaiswal/Polygeist/issues/aten_c_kernels/results/aten_gelu_cpu_exact/debuf.mlir,9a401d941dbf69ac7fc5afdc51f7f6de7cf449523b52d4eca86ba43a2104cf54,syntactic,4,ok,0,974.8805202543736,0,"[""/usr/bin/python3"", ""/home/arjaiswal/Polygeist/scripts/correctness/kernel_match_rewrite.py"", ""/home/arjaiswal/Polygeist/issues/aten_c_kernels/results/aten_gelu_cpu_exact/debuf.mlir"", ""--dry-run"", ""--matcher-mode"", ""syntactic"", ""--telemetry-json"", ""/home/arjaiswal/Polygeist/issues/equality_saturation_eval/campaign_20260908/aten-aten_gelu_cpu_exact-syntactic-0xia3d8h.json"", ""--disable-semantic-fallback""]","== match report for /home/arjaiswal/Polygeist/issues/aten_c_kernels/results/aten_gelu_cpu_exact/debuf.mlir ==
  match          body#[0]  cudnnPointwiseGraph_f32
  total: 1 matched / 1 bodies
",0,[],0,0,0,0,/home/arjaiswal/Polygeist/issues/aten_c_kernels/results/aten_gelu_cpu_exact/debuf.mlir,2166,0,1,1,554.7459721565247,0,65956,0.17290562391281128,0,0,0,0,"[{""body_indices"": [0], ""symbol"": ""cudnnPointwiseGraph_f32""}]",1,0,56,0.0,56
aten,aten_gelu_cpu_exact,/home/arjaiswal/Polygeist/issues/aten_c_kernels/results/aten_gelu_cpu_exact/debuf.mlir,9a401d941dbf69ac7fc5afdc51f7f6de7cf449523b52d4eca86ba43a2104cf54,egglog,4,ok,0,946.8976333737373,0,"[""/usr/bin/python3"", ""/home/arjaiswal/Polygeist/scripts/correctness/kernel_match_rewrite.py"", ""/home/arjaiswal/Polygeist/issues/aten_c_kernels/results/aten_gelu_cpu_exact/debuf.mlir"", ""--dry-run"", ""--matcher-mode"", ""egglog"", ""--telemetry-json"", ""/home/arjaiswal/Polygeist/issues/equality_saturation_eval/campaign_20260908/aten-aten_gelu_cpu_exact-egglog-itcxg3bs.json"", ""--disable-semantic-fallback""]","== match report for /home/arjaiswal/Polygeist/issues/aten_c_kernels/results/aten_gelu_cpu_exact/debuf.mlir ==
  match          body#[0]  cudnnPointwiseGraph_f32
  total: 1 matched / 1 bodies
",0,[],0,0,0,0,/home/arjaiswal/Polygeist/issues/aten_c_kernels/results/aten_gelu_cpu_exact/debuf.mlir,2166,8,1,1,519.404511898756,0,66192,0.0,0,0,0,0,"[{""body_indices"": [0], ""symbol"": ""cudnnPointwiseGraph_f32""}]",1,0,0,0.0,56
aten,aten_gelu_cpu_exact,/home/arjaiswal/Polygeist/issues/aten_c_kernels/results/aten_gelu_cpu_exact/debuf.mlir,9a401d941dbf69ac7fc5afdc51f7f6de7cf449523b52d4eca86ba43a2104cf54,egglog,5,ok,0,957.5942158699036,0,"[""/usr/bin/python3"", ""/home/arjaiswal/Polygeist/scripts/correctness/kernel_match_rewrite.py"", ""/home/arjaiswal/Polygeist/issues/aten_c_kernels/results/aten_gelu_cpu_exact/debuf.mlir"", ""--dry-run"", ""--matcher-mode"", ""egglog"", ""--telemetry-json"", ""/home/arjaiswal/Polygeist/issues/equality_saturation_eval/campaign_20260908/aten-aten_gelu_cpu_exact-egglog-r1ancy4e.json"", ""--disable-semantic-fallback""]","== match report for /home/arjaiswal/Polygeist/issues/aten_c_kernels/results/aten_gelu_cpu_exact/debuf.mlir ==
  match          body#[0]  cudnnPointwiseGraph_f32
  total: 1 matched / 1 bodies
",0,[],0,0,0,0,/home/arjaiswal/Polygeist/issues/aten_c_kernels/results/aten_gelu_cpu_exact/debuf.mlir,2166,8,1,1,530.4851271212101,0,66460,0.0,0,0,0,0,"[{""body_indices"": [0], ""symbol"": ""cudnnPointwiseGraph_f32""}]",1,0,0,0.0,56
aten,aten_gelu_cpu_exact,/home/arjaiswal/Polygeist/issues/aten_c_kernels/results/aten_gelu_cpu_exact/debuf.mlir,9a401d941dbf69ac7fc5afdc51f7f6de7cf449523b52d4eca86ba43a2104cf54,syntactic,5,ok,0,929.0101192891598,0,"[""/usr/bin/python3"", ""/home/arjaiswal/Polygeist/scripts/correctness/kernel_match_rewrite.py"", ""/home/arjaiswal/Polygeist/issues/aten_c_kernels/results/aten_gelu_cpu_exact/debuf.mlir"", ""--dry-run"", ""--matcher-mode"", ""syntactic"", ""--telemetry-json"", ""/home/arjaiswal/Polygeist/issues/equality_saturation_eval/campaign_20260908/aten-aten_gelu_cpu_exact-syntactic-bse25u6b.json"", ""--disable-semantic-fallback""]","== match report for /home/arjaiswal/Polygeist/issues/aten_c_kernels/results/aten_gelu_cpu_exact/debuf.mlir ==
  match          body#[0]  cudnnPointwiseGraph_f32
  total: 1 matched / 1 bodies
",0,[],0,0,0,0,/home/arjaiswal/Polygeist/issues/aten_c_kernels/results/aten_gelu_cpu_exact/debuf.mlir,2166,0,1,1,516.4429508149624,0,66232,0.12247264385223389,0,0,0,0,"[{""body_indices"": [0], ""symbol"": ""cudnnPointwiseGraph_f32""}]",1,0,56,0.0,56
aten,aten_gelu_cpu_tanh,/home/arjaiswal/Polygeist/issues/aten_c_kernels/results/aten_gelu_cpu_tanh/debuf.mlir,eb0e12e9a45ace3c96d8858d5a68e02eeaf7803e7edd5c956ec8390ff36c1ad3,syntactic,1,ok,0,1071.4968331158161,0,"[""/usr/bin/python3"", ""/home/arjaiswal/Polygeist/scripts/correctness/kernel_match_rewrite.py"", ""/home/arjaiswal/Polygeist/issues/aten_c_kernels/results/aten_gelu_cpu_tanh/debuf.mlir"", ""--dry-run"", ""--matcher-mode"", ""syntactic"", ""--telemetry-json"", ""/home/arjaiswal/Polygeist/issues/equality_saturation_eval/campaign_20260908/aten-aten_gelu_cpu_tanh-syntactic-w5hsq040.json"", ""--disable-semantic-fallback""]","== match report for /home/arjaiswal/Polygeist/issues/aten_c_kernels/results/aten_gelu_cpu_tanh/debuf.mlir ==
  match          body#[0]  cudnnPointwiseGraph_f32
  total: 1 matched / 1 bodies
",0,[],0,0,0,0,/home/arjaiswal/Polygeist/issues/aten_c_kernels/results/aten_gelu_cpu_tanh/debuf.mlir,2260,0,1,1,633.4710009396076,0,66700,0.1581050455570221,0,0,0,0,"[{""body_indices"": [0], ""symbol"": ""cudnnPointwiseGraph_f32""}]",1,0,56,0.0,56
aten,aten_gelu_cpu_tanh,/home/arjaiswal/Polygeist/issues/aten_c_kernels/results/aten_gelu_cpu_tanh/debuf.mlir,eb0e12e9a45ace3c96d8858d5a68e02eeaf7803e7edd5c956ec8390ff36c1ad3,egglog,1,ok,0,1052.4836778640747,0,"[""/usr/bin/python3"", ""/home/arjaiswal/Polygeist/scripts/correctness/kernel_match_rewrite.py"", ""/home/arjaiswal/Polygeist/issues/aten_c_kernels/results/aten_gelu_cpu_tanh/debuf.mlir"", ""--dry-run"", ""--matcher-mode"", ""egglog"", ""--telemetry-json"", ""/home/arjaiswal/Polygeist/issues/equality_saturation_eval/campaign_20260908/aten-aten_gelu_cpu_tanh-egglog-e7o3ba9t.json"", ""--disable-semantic-fallback""]","== match report for /home/arjaiswal/Polygeist/issues/aten_c_kernels/results/aten_gelu_cpu_tanh/debuf.mlir ==
  match          body#[0]  cudnnPointwiseGraph_f32
  total: 1 matched / 1 bodies
",0,[],0,0,0,0,/home/arjaiswal/Polygeist/issues/aten_c_kernels/results/aten_gelu_cpu_tanh/debuf.mlir,2260,8,1,1,617.9614849388599,0,66536,0.0,0,0,0,0,"[{""body_indices"": [0], ""symbol"": ""cudnnPointwiseGraph_f32""}]",1,0,0,0.0,56
aten,aten_gelu_cpu_tanh,/home/arjaiswal/Polygeist/issues/aten_c_kernels/results/aten_gelu_cpu_tanh/debuf.mlir,eb0e12e9a45ace3c96d8858d5a68e02eeaf7803e7edd5c956ec8390ff36c1ad3,egglog,2,ok,0,1050.3820292651653,0,"[""/usr/bin/python3"", ""/home/arjaiswal/Polygeist/scripts/correctness/kernel_match_rewrite.py"", ""/home/arjaiswal/Polygeist/issues/aten_c_kernels/results/aten_gelu_cpu_tanh/debuf.mlir"", ""--dry-run"", ""--matcher-mode"", ""egglog"", ""--telemetry-json"", ""/home/arjaiswal/Polygeist/issues/equality_saturation_eval/campaign_20260908/aten-aten_gelu_cpu_tanh-egglog-0jvz6wbv.json"", ""--disable-semantic-fallback""]","== match report for /home/arjaiswal/Polygeist/issues/aten_c_kernels/results/aten_gelu_cpu_tanh/debuf.mlir ==
  match          body#[0]  cudnnPointwiseGraph_f32
  total: 1 matched / 1 bodies
",0,[],0,0,0,0,/home/arjaiswal/Polygeist/issues/aten_c_kernels/results/aten_gelu_cpu_tanh/debuf.mlir,2260,8,1,1,619.4579154253006,0,66584,0.0,0,0,0,0,"[{""body_indices"": [0], ""symbol"": ""cudnnPointwiseGraph_f32""}]",1,0,0,0.0,56
aten,aten_gelu_cpu_tanh,/home/arjaiswal/Polygeist/issues/aten_c_kernels/results/aten_gelu_cpu_tanh/debuf.mlir,eb0e12e9a45ace3c96d8858d5a68e02eeaf7803e7edd5c956ec8390ff36c1ad3,syntactic,2,ok,0,1039.7179126739502,0,"[""/usr/bin/python3"", ""/home/arjaiswal/Polygeist/scripts/correctness/kernel_match_rewrite.py"", ""/home/arjaiswal/Polygeist/issues/aten_c_kernels/results/aten_gelu_cpu_tanh/debuf.mlir"", ""--dry-run"", ""--matcher-mode"", ""syntactic"", ""--telemetry-json"", ""/home/arjaiswal/Polygeist/issues/equality_saturation_eval/campaign_20260908/aten-aten_gelu_cpu_tanh-syntactic-4vfjxbpa.json"", ""--disable-semantic-fallback""]","== match report for /home/arjaiswal/Polygeist/issues/aten_c_kernels/results/aten_gelu_cpu_tanh/debuf.mlir ==
  match          body#[0]  cudnnPointwiseGraph_f32
  total: 1 matched / 1 bodies
",0,[],0,0,0,0,/home/arjaiswal/Polygeist/issues/aten_c_kernels/results/aten_gelu_cpu_tanh/debuf.mlir,2260,0,1,1,602.618396282196,0,66704,0.2025999128818512,0,0,0,0,"[{""body_indices"": [0], ""symbol"": ""cudnnPointwiseGraph_f32""}]",1,0,56,0.0,56
aten,aten_gelu_cpu_tanh,/home/arjaiswal/Polygeist/issues/aten_c_kernels/results/aten_gelu_cpu_tanh/debuf.mlir,eb0e12e9a45ace3c96d8858d5a68e02eeaf7803e7edd5c956ec8390ff36c1ad3,syntactic,3,ok,0,1039.0769466757774,0,"[""/usr/bin/python3"", ""/home/arjaiswal/Polygeist/scripts/correctness/kernel_match_rewrite.py"", ""/home/arjaiswal/Polygeist/issues/aten_c_kernels/results/aten_gelu_cpu_tanh/debuf.mlir"", ""--dry-run"", ""--matcher-mode"", ""syntactic"", ""--telemetry-json"", ""/home/arjaiswal/Polygeist/issues/equality_saturation_eval/campaign_20260908/aten-aten_gelu_cpu_tanh-syntactic-ud28rex4.json"", ""--disable-semantic-fallback""]","== match report for /home/arjaiswal/Polygeist/issues/aten_c_kernels/results/aten_gelu_cpu_tanh/debuf.mlir ==
  match          body#[0]  cudnnPointwiseGraph_f32
  total: 1 matched / 1 bodies
",0,[],0,0,0,0,/home/arjaiswal/Polygeist/issues/aten_c_kernels/results/aten_gelu_cpu_tanh/debuf.mlir,2260,0,1,1,599.3262641131878,0,66688,0.145837664604187,0,0,0,0,"[{""body_indices"": [0], ""symbol"": ""cudnnPointwiseGraph_f32""}]",1,0,56,0.0,56
aten,aten_gelu_cpu_tanh,/home/arjaiswal/Polygeist/issues/aten_c_kernels/results/aten_gelu_cpu_tanh/debuf.mlir,eb0e12e9a45ace3c96d8858d5a68e02eeaf7803e7edd5c956ec8390ff36c1ad3,egglog,3,ok,0,1203.9862722158432,0,"[""/usr/bin/python3"", ""/home/arjaiswal/Polygeist/scripts/correctness/kernel_match_rewrite.py"", ""/home/arjaiswal/Polygeist/issues/aten_c_kernels/results/aten_gelu_cpu_tanh/debuf.mlir"", ""--dry-run"", ""--matcher-mode"", ""egglog"", ""--telemetry-json"", ""/home/arjaiswal/Polygeist/issues/equality_saturation_eval/campaign_20260908/aten-aten_gelu_cpu_tanh-egglog-uei09ggc.json"", ""--disable-semantic-fallback""]","== match report for /home/arjaiswal/Polygeist/issues/aten_c_kernels/results/aten_gelu_cpu_tanh/debuf.mlir ==
  match          body#[0]  cudnnPointwiseGraph_f32
  total: 1 matched / 1 bodies
",0,[],0,0,0,0,/home/arjaiswal/Polygeist/issues/aten_c_kernels/results/aten_gelu_cpu_tanh/debuf.mlir,2260,8,1,1,731.2929257750511,0,66440,0.0,0,0,0,0,"[{""body_indices"": [0], ""symbol"": ""cudnnPointwiseGraph_f32""}]",1,0,0,0.0,56
aten,aten_gelu_cpu_tanh,/home/arjaiswal/Polygeist/issues/aten_c_kernels/results/aten_gelu_cpu_tanh/debuf.mlir,eb0e12e9a45ace3c96d8858d5a68e02eeaf7803e7edd5c956ec8390ff36c1ad3,egglog,4,ok,0,1271.4254930615425,0,"[""/usr/bin/python3"", ""/home/arjaiswal/Polygeist/scripts/correctness/kernel_match_rewrite.py"", ""/home/arjaiswal/Polygeist/issues/aten_c_kernels/results/aten_gelu_cpu_tanh/debuf.mlir"", ""--dry-run"", ""--matcher-mode"", ""egglog"", ""--telemetry-json"", ""/home/arjaiswal/Polygeist/issues/equality_saturation_eval/campaign_20260908/aten-aten_gelu_cpu_tanh-egglog-2_yqsoan.json"", ""--disable-semantic-fallback""]","== match report for /home/arjaiswal/Polygeist/issues/aten_c_kernels/results/aten_gelu_cpu_tanh/debuf.mlir ==
  match          body#[0]  cudnnPointwiseGraph_f32
  total: 1 matched / 1 bodies
",0,[],0,0,0,0,/home/arjaiswal/Polygeist/issues/aten_c_kernels/results/aten_gelu_cpu_tanh/debuf.mlir,2260,8,1,1,720.4245030879974,0,66300,0.0,0,0,0,0,"[{""body_indices"": [0], ""symbol"": ""cudnnPointwiseGraph_f32""}]",1,0,0,0.0,56
aten,aten_gelu_cpu_tanh,/home/arjaiswal/Polygeist/issues/aten_c_kernels/results/aten_gelu_cpu_tanh/debuf.mlir,eb0e12e9a45ace3c96d8858d5a68e02eeaf7803e7edd5c956ec8390ff36c1ad3,syntactic,4,ok,0,1081.6456079483032,0,"[""/usr/bin/python3"", ""/home/arjaiswal/Polygeist/scripts/correctness/kernel_match_rewrite.py"", ""/home/arjaiswal/Polygeist/issues/aten_c_kernels/results/aten_gelu_cpu_tanh/debuf.mlir"", ""--dry-run"", ""--matcher-mode"", ""syntactic"", ""--telemetry-json"", ""/home/arjaiswal/Polygeist/issues/equality_saturation_eval/campaign_20260908/aten-aten_gelu_cpu_tanh-syntactic-tvkqnm3l.json"", ""--disable-semantic-fallback""]","== match report for /home/arjaiswal/Polygeist/issues/aten_c_kernels/results/aten_gelu_cpu_tanh/debuf.mlir ==
  match          body#[0]  cudnnPointwiseGraph_f32
  total: 1 matched / 1 bodies
",0,[],0,0,0,0,/home/arjaiswal/Polygeist/issues/aten_c_kernels/results/aten_gelu_cpu_tanh/debuf.mlir,2260,0,1,1,623.4949938952923,0,66640,0.2022869884967804,0,0,0,0,"[{""body_indices"": [0], ""symbol"": ""cudnnPointwiseGraph_f32""}]",1,0,56,0.0,56
aten,aten_gelu_cpu_tanh,/home/arjaiswal/Polygeist/issues/aten_c_kernels/results/aten_gelu_cpu_tanh/debuf.mlir,eb0e12e9a45ace3c96d8858d5a68e02eeaf7803e7edd5c956ec8390ff36c1ad3,syntactic,5,ok,0,1121.538907289505,0,"[""/usr/bin/python3"", ""/home/arjaiswal/Polygeist/scripts/correctness/kernel_match_rewrite.py"", ""/home/arjaiswal/Polygeist/issues/aten_c_kernels/results/aten_gelu_cpu_tanh/debuf.mlir"", ""--dry-run"", ""--matcher-mode"", ""syntactic"", ""--telemetry-json"", ""/home/arjaiswal/Polygeist/issues/equality_saturation_eval/campaign_20260908/aten-aten_gelu_cpu_tanh-syntactic-ewm5np9w.json"", ""--disable-semantic-fallback""]","== match report for /home/arjaiswal/Polygeist/issues/aten_c_kernels/results/aten_gelu_cpu_tanh/debuf.mlir ==
  match          body#[0]  cudnnPointwiseGraph_f32
  total: 1 matched / 1 bodies
",0,[],0,0,0,0,/home/arjaiswal/Polygeist/issues/aten_c_kernels/results/aten_gelu_cpu_tanh/debuf.mlir,2260,0,1,1,608.9172661304474,0,66608,0.15056133270263672,0,0,0,0,"[{""body_indices"": [0], ""symbol"": ""cudnnPointwiseGraph_f32""}]",1,0,56,0.0,56
aten,aten_gelu_cpu_tanh,/home/arjaiswal/Polygeist/issues/aten_c_kernels/results/aten_gelu_cpu_tanh/debuf.mlir,eb0e12e9a45ace3c96d8858d5a68e02eeaf7803e7edd5c956ec8390ff36c1ad3,egglog,5,ok,0,1135.3846564888954,0,"[""/usr/bin/python3"", ""/home/arjaiswal/Polygeist/scripts/correctness/kernel_match_rewrite.py"", ""/home/arjaiswal/Polygeist/issues/aten_c_kernels/results/aten_gelu_cpu_tanh/debuf.mlir"", ""--dry-run"", ""--matcher-mode"", ""egglog"", ""--telemetry-json"", ""/home/arjaiswal/Polygeist/issues/equality_saturation_eval/campaign_20260908/aten-aten_gelu_cpu_tanh-egglog-vnsq0z3x.json"", ""--disable-semantic-fallback""]","== match report for /home/arjaiswal/Polygeist/issues/aten_c_kernels/results/aten_gelu_cpu_tanh/debuf.mlir ==
  match          body#[0]  cudnnPointwiseGraph_f32
  total: 1 matched / 1 bodies
",0,[],0,0,0,0,/home/arjaiswal/Polygeist/issues/aten_c_kernels/results/aten_gelu_cpu_tanh/debuf.mlir,2260,8,1,1,659.6848927438259,0,66576,0.0,0,0,0,0,"[{""body_indices"": [0], ""symbol"": ""cudnnPointwiseGraph_f32""}]",1,0,0,0.0,56
aten,aten_gemm_notrans_cpu,/home/arjaiswal/Polygeist/issues/aten_c_kernels/results/aten_gemm_notrans_cpu/debuf.mlir,91ceb27097a8b283811b75b171523dccbb029cdb4babac07d019a39256f6fea5,egglog,1,ok,0,749.1451278328896,0,"[""/usr/bin/python3"", ""/home/arjaiswal/Polygeist/scripts/correctness/kernel_match_rewrite.py"", ""/home/arjaiswal/Polygeist/issues/aten_c_kernels/results/aten_gemm_notrans_cpu/debuf.mlir"", ""--dry-run"", ""--matcher-mode"", ""egglog"", ""--telemetry-json"", ""/home/arjaiswal/Polygeist/issues/equality_saturation_eval/campaign_20260908/aten-aten_gemm_notrans_cpu-egglog-8ipyzhyl.json"", ""--disable-semantic-fallback""]","== match report for /home/arjaiswal/Polygeist/issues/aten_c_kernels/results/aten_gemm_notrans_cpu/debuf.mlir ==
  match          body#[0]  cublasSgemm_nn
  total: 1 matched / 1 bodies
",0,[],0,0,0,0,/home/arjaiswal/Polygeist/issues/aten_c_kernels/results/aten_gemm_notrans_cpu/debuf.mlir,2723,8,1,1,304.26204204559326,0,69372,27.479905635118484,2,2,0,8,"[{""body_indices"": [0], ""symbol"": ""cublasSgemm_nn""}]",1,0,0,0.0,2
aten,aten_gemm_notrans_cpu,/home/arjaiswal/Polygeist/issues/aten_c_kernels/results/aten_gemm_notrans_cpu/debuf.mlir,91ceb27097a8b283811b75b171523dccbb029cdb4babac07d019a39256f6fea5,syntactic,1,ok,0,751.6316436231136,0,"[""/usr/bin/python3"", ""/home/arjaiswal/Polygeist/scripts/correctness/kernel_match_rewrite.py"", ""/home/arjaiswal/Polygeist/issues/aten_c_kernels/results/aten_gemm_notrans_cpu/debuf.mlir"", ""--dry-run"", ""--matcher-mode"", ""syntactic"", ""--telemetry-json"", ""/home/arjaiswal/Polygeist/issues/equality_saturation_eval/campaign_20260908/aten-aten_gemm_notrans_cpu-syntactic-dfbrbs1u.json"", ""--disable-semantic-fallback""]","== match report for /home/arjaiswal/Polygeist/issues/aten_c_kernels/results/aten_gemm_notrans_cpu/debuf.mlir ==
  match          body#[0]  cublasSgemm_nn
  total: 1 matched / 1 bodies
",0,[],0,0,0,0,/home/arjaiswal/Polygeist/issues/aten_c_kernels/results/aten_gemm_notrans_cpu/debuf.mlir,2723,0,1,1,297.6439818739891,0,64696,0.02308562397956848,0,2,0,0,"[{""body_indices"": [0], ""symbol"": ""cublasSgemm_nn""}]",1,0,2,0.0,2
aten,aten_gemm_notrans_cpu,/home/arjaiswal/Polygeist/issues/aten_c_kernels/results/aten_gemm_notrans_cpu/debuf.mlir,91ceb27097a8b283811b75b171523dccbb029cdb4babac07d019a39256f6fea5,syntactic,2,ok,0,712.0182327926159,0,"[""/usr/bin/python3"", ""/home/arjaiswal/Polygeist/scripts/correctness/kernel_match_rewrite.py"", ""/home/arjaiswal/Polygeist/issues/aten_c_kernels/results/aten_gemm_notrans_cpu/debuf.mlir"", ""--dry-run"", ""--matcher-mode"", ""syntactic"", ""--telemetry-json"", ""/home/arjaiswal/Polygeist/issues/equality_saturation_eval/campaign_20260908/aten-aten_gemm_notrans_cpu-syntactic-t7zjwy_l.json"", ""--disable-semantic-fallback""]","== match report for /home/arjaiswal/Polygeist/issues/aten_c_kernels/results/aten_gemm_notrans_cpu/debuf.mlir ==
  match          body#[0]  cublasSgemm_nn
  total: 1 matched / 1 bodies
",0,[],0,0,0,0,/home/arjaiswal/Polygeist/issues/aten_c_kernels/results/aten_gemm_notrans_cpu/debuf.mlir,2723,0,1,1,277.42817252874374,0,64776,0.02226606011390686,0,2,0,0,"[{""body_indices"": [0], ""symbol"": ""cublasSgemm_nn""}]",1,0,2,0.0,2
aten,aten_gemm_notrans_cpu,/home/arjaiswal/Polygeist/issues/aten_c_kernels/results/aten_gemm_notrans_cpu/debuf.mlir,91ceb27097a8b283811b75b171523dccbb029cdb4babac07d019a39256f6fea5,egglog,2,ok,0,745.1478391885757,0,"[""/usr/bin/python3"", ""/home/arjaiswal/Polygeist/scripts/correctness/kernel_match_rewrite.py"", ""/home/arjaiswal/Polygeist/issues/aten_c_kernels/results/aten_gemm_notrans_cpu/debuf.mlir"", ""--dry-run"", ""--matcher-mode"", ""egglog"", ""--telemetry-json"", ""/home/arjaiswal/Polygeist/issues/equality_saturation_eval/campaign_20260908/aten-aten_gemm_notrans_cpu-egglog-4wcvsz69.json"", ""--disable-semantic-fallback""]","== match report for /home/arjaiswal/Polygeist/issues/aten_c_kernels/results/aten_gemm_notrans_cpu/debuf.mlir ==
  match          body#[0]  cublasSgemm_nn
  total: 1 matched / 1 bodies
",0,[],0,0,0,0,/home/arjaiswal/Polygeist/issues/aten_c_kernels/results/aten_gemm_notrans_cpu/debuf.mlir,2723,8,1,1,318.6262957751751,0,69444,22.913377732038498,2,2,0,8,"[{""body_indices"": [0], ""symbol"": ""cublasSgemm_nn""}]",1,0,0,0.0,2
aten,aten_gemm_notrans_cpu,/home/arjaiswal/Polygeist/issues/aten_c_kernels/results/aten_gemm_notrans_cpu/debuf.mlir,91ceb27097a8b283811b75b171523dccbb029cdb4babac07d019a39256f6fea5,egglog,3,ok,0,747.7505393326283,0,"[""/usr/bin/python3"", ""/home/arjaiswal/Polygeist/scripts/correctness/kernel_match_rewrite.py"", ""/home/arjaiswal/Polygeist/issues/aten_c_kernels/results/aten_gemm_notrans_cpu/debuf.mlir"", ""--dry-run"", ""--matcher-mode"", ""egglog"", ""--telemetry-json"", ""/home/arjaiswal/Polygeist/issues/equality_saturation_eval/campaign_20260908/aten-aten_gemm_notrans_cpu-egglog-c_fgo4_f.json"", ""--disable-semantic-fallback""]","== match report for /home/arjaiswal/Polygeist/issues/aten_c_kernels/results/aten_gemm_notrans_cpu/debuf.mlir ==
  match          body#[0]  cublasSgemm_nn
  total: 1 matched / 1 bodies
",0,[],0,0,0,0,/home/arjaiswal/Polygeist/issues/aten_c_kernels/results/aten_gemm_notrans_cpu/debuf.mlir,2723,8,1,1,316.50205329060555,0,69504,23.793168365955353,2,2,0,8,"[{""body_indices"": [0], ""symbol"": ""cublasSgemm_nn""}]",1,0,0,0.0,2
aten,aten_gemm_notrans_cpu,/home/arjaiswal/Polygeist/issues/aten_c_kernels/results/aten_gemm_notrans_cpu/debuf.mlir,91ceb27097a8b283811b75b171523dccbb029cdb4babac07d019a39256f6fea5,syntactic,3,ok,0,699.8056024312973,0,"[""/usr/bin/python3"", ""/home/arjaiswal/Polygeist/scripts/correctness/kernel_match_rewrite.py"", ""/home/arjaiswal/Polygeist/issues/aten_c_kernels/results/aten_gemm_notrans_cpu/debuf.mlir"", ""--dry-run"", ""--matcher-mode"", ""syntactic"", ""--telemetry-json"", ""/home/arjaiswal/Polygeist/issues/equality_saturation_eval/campaign_20260908/aten-aten_gemm_notrans_cpu-syntactic-if35uh0v.json"", ""--disable-semantic-fallback""]","== match report for /home/arjaiswal/Polygeist/issues/aten_c_kernels/results/aten_gemm_notrans_cpu/debuf.mlir ==
  match          body#[0]  cublasSgemm_nn
  total: 1 matched / 1 bodies
",0,[],0,0,0,0,/home/arjaiswal/Polygeist/issues/aten_c_kernels/results/aten_gemm_notrans_cpu/debuf.mlir,2723,0,1,1,272.4514566361904,0,64700,0.02131238579750061,0,2,0,0,"[{""body_indices"": [0], ""symbol"": ""cublasSgemm_nn""}]",1,0,2,0.0,2
aten,aten_gemm_notrans_cpu,/home/arjaiswal/Polygeist/issues/aten_c_kernels/results/aten_gemm_notrans_cpu/debuf.mlir,91ceb27097a8b283811b75b171523dccbb029cdb4babac07d019a39256f6fea5,syntactic,4,ok,0,734.0070307254791,0,"[""/usr/bin/python3"", ""/home/arjaiswal/Polygeist/scripts/correctness/kernel_match_rewrite.py"", ""/home/arjaiswal/Polygeist/issues/aten_c_kernels/results/aten_gemm_notrans_cpu/debuf.mlir"", ""--dry-run"", ""--matcher-mode"", ""syntactic"", ""--telemetry-json"", ""/home/arjaiswal/Polygeist/issues/equality_saturation_eval/campaign_20260908/aten-aten_gemm_notrans_cpu-syntactic-8sgf3vw3.json"", ""--disable-semantic-fallback""]","== match report for /home/arjaiswal/Polygeist/issues/aten_c_kernels/results/aten_gemm_notrans_cpu/debuf.mlir ==
  match          body#[0]  cublasSgemm_nn
  total: 1 matched / 1 bodies
",0,[],0,0,0,0,/home/arjaiswal/Polygeist/issues/aten_c_kernels/results/aten_gemm_notrans_cpu/debuf.mlir,2723,0,1,1,293.9942963421345,0,64628,0.022526830434799194,0,2,0,0,"[{""body_indices"": [0], ""symbol"": ""cublasSgemm_nn""}]",1,0,2,0.0,2
aten,aten_gemm_notrans_cpu,/home/arjaiswal/Polygeist/issues/aten_c_kernels/results/aten_gemm_notrans_cpu/debuf.mlir,91ceb27097a8b283811b75b171523dccbb029cdb4babac07d019a39256f6fea5,egglog,4,ok,0,735.5421297252178,0,"[""/usr/bin/python3"", ""/home/arjaiswal/Polygeist/scripts/correctness/kernel_match_rewrite.py"", ""/home/arjaiswal/Polygeist/issues/aten_c_kernels/results/aten_gemm_notrans_cpu/debuf.mlir"", ""--dry-run"", ""--matcher-mode"", ""egglog"", ""--telemetry-json"", ""/home/arjaiswal/Polygeist/issues/equality_saturation_eval/campaign_20260908/aten-aten_gemm_notrans_cpu-egglog-jmsulfkp.json"", ""--disable-semantic-fallback""]","== match report for /home/arjaiswal/Polygeist/issues/aten_c_kernels/results/aten_gemm_notrans_cpu/debuf.mlir ==
  match          body#[0]  cublasSgemm_nn
  total: 1 matched / 1 bodies
",0,[],0,0,0,0,/home/arjaiswal/Polygeist/issues/aten_c_kernels/results/aten_gemm_notrans_cpu/debuf.mlir,2723,8,1,1,299.6736653149128,0,69364,23.296736180782318,2,2,0,8,"[{""body_indices"": [0], ""symbol"": ""cublasSgemm_nn""}]",1,0,0,0.0,2
aten,aten_gemm_notrans_cpu,/home/arjaiswal/Polygeist/issues/aten_c_kernels/results/aten_gemm_notrans_cpu/debuf.mlir,91ceb27097a8b283811b75b171523dccbb029cdb4babac07d019a39256f6fea5,egglog,5,ok,0,749.2068000137806,0,"[""/usr/bin/python3"", ""/home/arjaiswal/Polygeist/scripts/correctness/kernel_match_rewrite.py"", ""/home/arjaiswal/Polygeist/issues/aten_c_kernels/results/aten_gemm_notrans_cpu/debuf.mlir"", ""--dry-run"", ""--matcher-mode"", ""egglog"", ""--telemetry-json"", ""/home/arjaiswal/Polygeist/issues/equality_saturation_eval/campaign_20260908/aten-aten_gemm_notrans_cpu-egglog-t4olcycp.json"", ""--disable-semantic-fallback""]","== match report for /home/arjaiswal/Polygeist/issues/aten_c_kernels/results/aten_gemm_notrans_cpu/debuf.mlir ==
  match          body#[0]  cublasSgemm_nn
  total: 1 matched / 1 bodies
",0,[],0,0,0,0,/home/arjaiswal/Polygeist/issues/aten_c_kernels/results/aten_gemm_notrans_cpu/debuf.mlir,2723,8,1,1,314.24087285995483,0,69376,27.403268963098526,2,2,0,8,"[{""body_indices"": [0], ""symbol"": ""cublasSgemm_nn""}]",1,0,0,0.0,2
aten,aten_gemm_notrans_cpu,/home/arjaiswal/Polygeist/issues/aten_c_kernels/results/aten_gemm_notrans_cpu/debuf.mlir,91ceb27097a8b283811b75b171523dccbb029cdb4babac07d019a39256f6fea5,syntactic,5,ok,0,718.0732488632202,0,"[""/usr/bin/python3"", ""/home/arjaiswal/Polygeist/scripts/correctness/kernel_match_rewrite.py"", ""/home/arjaiswal/Polygeist/issues/aten_c_kernels/results/aten_gemm_notrans_cpu/debuf.mlir"", ""--dry-run"", ""--matcher-mode"", ""syntactic"", ""--telemetry-json"", ""/home/arjaiswal/Polygeist/issues/equality_saturation_eval/campaign_20260908/aten-aten_gemm_notrans_cpu-syntactic-sg2mt9tp.json"", ""--disable-semantic-fallback""]","== match report for /home/arjaiswal/Polygeist/issues/aten_c_kernels/results/aten_gemm_notrans_cpu/debuf.mlir ==
  match          body#[0]  cublasSgemm_nn
  total: 1 matched / 1 bodies
",0,[],0,0,0,0,/home/arjaiswal/Polygeist/issues/aten_c_kernels/results/aten_gemm_notrans_cpu/debuf.mlir,2723,0,1,1,292.1498194336891,0,64508,0.02165883779525757,0,2,0,0,"[{""body_indices"": [0], ""symbol"": ""cublasSgemm_nn""}]",1,0,2,0.0,2
aten,aten_gemm_transa_cpu,/home/arjaiswal/Polygeist/issues/aten_c_kernels/results/aten_gemm_transa_cpu/debuf.mlir,52c49e9a35bef0e50ec4a9d40f10dc0509e82555f723dc3c9cf2e411cdf94887,syntactic,1,ok,0,722.8849455714226,0,"[""/usr/bin/python3"", ""/home/arjaiswal/Polygeist/scripts/correctness/kernel_match_rewrite.py"", ""/home/arjaiswal/Polygeist/issues/aten_c_kernels/results/aten_gemm_transa_cpu/debuf.mlir"", ""--dry-run"", ""--matcher-mode"", ""syntactic"", ""--telemetry-json"", ""/home/arjaiswal/Polygeist/issues/equality_saturation_eval/campaign_20260908/aten-aten_gemm_transa_cpu-syntactic-g0eizv1m.json"", ""--disable-semantic-fallback""]","== match report for /home/arjaiswal/Polygeist/issues/aten_c_kernels/results/aten_gemm_transa_cpu/debuf.mlir ==
  match          body#[0]  cublasSgemm_tn
  total: 1 matched / 1 bodies
",0,[],0,0,0,0,/home/arjaiswal/Polygeist/issues/aten_c_kernels/results/aten_gemm_transa_cpu/debuf.mlir,2722,0,1,1,284.43099558353424,0,64684,0.02078339457511902,0,2,0,0,"[{""body_indices"": [0], ""symbol"": ""cublasSgemm_tn""}]",1,0,2,0.0,2
aten,aten_gemm_transa_cpu,/home/arjaiswal/Polygeist/issues/aten_c_kernels/results/aten_gemm_transa_cpu/debuf.mlir,52c49e9a35bef0e50ec4a9d40f10dc0509e82555f723dc3c9cf2e411cdf94887,egglog,1,ok,0,1429.1674830019474,0,"[""/usr/bin/python3"", ""/home/arjaiswal/Polygeist/scripts/correctness/kernel_match_rewrite.py"", ""/home/arjaiswal/Polygeist/issues/aten_c_kernels/results/aten_gemm_transa_cpu/debuf.mlir"", ""--dry-run"", ""--matcher-mode"", ""egglog"", ""--telemetry-json"", ""/home/arjaiswal/Polygeist/issues/equality_saturation_eval/campaign_20260908/aten-aten_gemm_transa_cpu-egglog-3ku6396f.json"", ""--disable-semantic-fallback""]","== match report for /home/arjaiswal/Polygeist/issues/aten_c_kernels/results/aten_gemm_transa_cpu/debuf.mlir ==
  match          body#[0]  cublasSgemm_tn
  total: 1 matched / 1 bodies
",0,[],0,0,0,0,/home/arjaiswal/Polygeist/issues/aten_c_kernels/results/aten_gemm_transa_cpu/debuf.mlir,2722,8,1,1,788.7545749545097,0,69364,82.67135173082352,2,2,0,8,"[{""body_indices"": [0], ""symbol"": ""cublasSgemm_tn""}]",1,0,0,0.0,2
aten,aten_gemm_transa_cpu,/home/arjaiswal/Polygeist/issues/aten_c_kernels/results/aten_gemm_transa_cpu/debuf.mlir,52c49e9a35bef0e50ec4a9d40f10dc0509e82555f723dc3c9cf2e411cdf94887,egglog,2,ok,0,1008.3327069878578,0,"[""/usr/bin/python3"", ""/home/arjaiswal/Polygeist/scripts/correctness/kernel_match_rewrite.py"", ""/home/arjaiswal/Polygeist/issues/aten_c_kernels/results/aten_gemm_transa_cpu/debuf.mlir"", ""--dry-run"", ""--matcher-mode"", ""egglog"", ""--telemetry-json"", ""/home/arjaiswal/Polygeist/issues/equality_saturation_eval/campaign_20260908/aten-aten_gemm_transa_cpu-egglog-frqra3yp.json"", ""--disable-semantic-fallback""]","== match report for /home/arjaiswal/Polygeist/issues/aten_c_kernels/results/aten_gemm_transa_cpu/debuf.mlir ==
  match          body#[0]  cublasSgemm_tn
  total: 1 matched / 1 bodies
",0,[],0,0,0,0,/home/arjaiswal/Polygeist/issues/aten_c_kernels/results/aten_gemm_transa_cpu/debuf.mlir,2722,8,1,1,409.4872213900089,0,69520,38.94728422164917,2,2,0,8,"[{""body_indices"": [0], ""symbol"": ""cublasSgemm_tn""}]",1,0,0,0.0,2
aten,aten_gemm_transa_cpu,/home/arjaiswal/Polygeist/issues/aten_c_kernels/results/aten_gemm_transa_cpu/debuf.mlir,52c49e9a35bef0e50ec4a9d40f10dc0509e82555f723dc3c9cf2e411cdf94887,syntactic,2,ok,0,1291.2190966308117,0,"[""/usr/bin/python3"", ""/home/arjaiswal/Polygeist/scripts/correctness/kernel_match_rewrite.py"", ""/home/arjaiswal/Polygeist/issues/aten_c_kernels/results/aten_gemm_transa_cpu/debuf.mlir"", ""--dry-run"", ""--matcher-mode"", ""syntactic"", ""--telemetry-json"", ""/home/arjaiswal/Polygeist/issues/equality_saturation_eval/campaign_20260908/aten-aten_gemm_transa_cpu-syntactic-2e3bsaef.json"", ""--disable-semantic-fallback""]","== match report for /home/arjaiswal/Polygeist/issues/aten_c_kernels/results/aten_gemm_transa_cpu/debuf.mlir ==
  match          body#[0]  cublasSgemm_tn
  total: 1 matched / 1 bodies
",0,[],0,0,0,0,/home/arjaiswal/Polygeist/issues/aten_c_kernels/results/aten_gemm_transa_cpu/debuf.mlir,2722,0,1,1,636.6102695465088,0,64584,0.024650245904922485,0,2,0,0,"[{""body_indices"": [0], ""symbol"": ""cublasSgemm_tn""}]",1,0,2,0.0,2
aten,aten_gemm_transa_cpu,/home/arjaiswal/Polygeist/issues/aten_c_kernels/results/aten_gemm_transa_cpu/debuf.mlir,52c49e9a35bef0e50ec4a9d40f10dc0509e82555f723dc3c9cf2e411cdf94887,syntactic,3,ok,0,1388.2170170545578,0,"[""/usr/bin/python3"", ""/home/arjaiswal/Polygeist/scripts/correctness/kernel_match_rewrite.py"", ""/home/arjaiswal/Polygeist/issues/aten_c_kernels/results/aten_gemm_transa_cpu/debuf.mlir"", ""--dry-run"", ""--matcher-mode"", ""syntactic"", ""--telemetry-json"", ""/home/arjaiswal/Polygeist/issues/equality_saturation_eval/campaign_20260908/aten-aten_gemm_transa_cpu-syntactic-m2a7ge29.json"", ""--disable-semantic-fallback""]","== match report for /home/arjaiswal/Polygeist/issues/aten_c_kernels/results/aten_gemm_transa_cpu/debuf.mlir ==
  match          body#[0]  cublasSgemm_tn
  total: 1 matched / 1 bodies
",0,[],0,0,0,0,/home/arjaiswal/Polygeist/issues/aten_c_kernels/results/aten_gemm_transa_cpu/debuf.mlir,2722,0,1,1,610.8570285141468,0,64896,0.025156885385513306,0,2,0,0,"[{""body_indices"": [0], ""symbol"": ""cublasSgemm_tn""}]",1,0,2,0.0,2
aten,aten_gemm_transa_cpu,/home/arjaiswal/Polygeist/issues/aten_c_kernels/results/aten_gemm_transa_cpu/debuf.mlir,52c49e9a35bef0e50ec4a9d40f10dc0509e82555f723dc3c9cf2e411cdf94887,egglog,3,ok,0,2114.2588071525097,0,"[""/usr/bin/python3"", ""/home/arjaiswal/Polygeist/scripts/correctness/kernel_match_rewrite.py"", ""/home/arjaiswal/Polygeist/issues/aten_c_kernels/results/aten_gemm_transa_cpu/debuf.mlir"", ""--dry-run"", ""--matcher-mode"", ""egglog"", ""--telemetry-json"", ""/home/arjaiswal/Polygeist/issues/equality_saturation_eval/campaign_20260908/aten-aten_gemm_transa_cpu-egglog-ymrj_p1b.json"", ""--disable-semantic-fallback""]","== match report for /home/arjaiswal/Polygeist/issues/aten_c_kernels/results/aten_gemm_transa_cpu/debuf.mlir ==
  match          body#[0]  cublasSgemm_tn
  total: 1 matched / 1 bodies
",0,[],0,0,0,0,/home/arjaiswal/Polygeist/issues/aten_c_kernels/results/aten_gemm_transa_cpu/debuf.mlir,2722,8,1,1,1025.835070759058,0,69512,115.72746932506561,2,2,0,8,"[{""body_indices"": [0], ""symbol"": ""cublasSgemm_tn""}]",1,0,0,0.0,2
aten,aten_gemm_transa_cpu,/home/arjaiswal/Polygeist/issues/aten_c_kernels/results/aten_gemm_transa_cpu/debuf.mlir,52c49e9a35bef0e50ec4a9d40f10dc0509e82555f723dc3c9cf2e411cdf94887,egglog,4,ok,0,1042.6195710897446,0,"[""/usr/bin/python3"", ""/home/arjaiswal/Polygeist/scripts/correctness/kernel_match_rewrite.py"", ""/home/arjaiswal/Polygeist/issues/aten_c_kernels/results/aten_gemm_transa_cpu/debuf.mlir"", ""--dry-run"", ""--matcher-mode"", ""egglog"", ""--telemetry-json"", ""/home/arjaiswal/Polygeist/issues/equality_saturation_eval/campaign_20260908/aten-aten_gemm_transa_cpu-egglog-0va8intl.json"", ""--disable-semantic-fallback""]","== match report for /home/arjaiswal/Polygeist/issues/aten_c_kernels/results/aten_gemm_transa_cpu/debuf.mlir ==
  match          body#[0]  cublasSgemm_tn
  total: 1 matched / 1 bodies
",0,[],0,0,0,0,/home/arjaiswal/Polygeist/issues/aten_c_kernels/results/aten_gemm_transa_cpu/debuf.mlir,2722,8,1,1,335.6364145874977,0,69568,24.709254503250122,2,2,0,8,"[{""body_indices"": [0], ""symbol"": ""cublasSgemm_tn""}]",1,0,0,0.0,2
aten,aten_gemm_transa_cpu,/home/arjaiswal/Polygeist/issues/aten_c_kernels/results/aten_gemm_transa_cpu/debuf.mlir,52c49e9a35bef0e50ec4a9d40f10dc0509e82555f723dc3c9cf2e411cdf94887,syntactic,4,ok,0,758.3163864910603,0,"[""/usr/bin/python3"", ""/home/arjaiswal/Polygeist/scripts/correctness/kernel_match_rewrite.py"", ""/home/arjaiswal/Polygeist/issues/aten_c_kernels/results/aten_gemm_transa_cpu/debuf.mlir"", ""--dry-run"", ""--matcher-mode"", ""syntactic"", ""--telemetry-json"", ""/home/arjaiswal/Polygeist/issues/equality_saturation_eval/campaign_20260908/aten-aten_gemm_transa_cpu-syntactic-gxn0gqom.json"", ""--disable-semantic-fallback""]","== match report for /home/arjaiswal/Polygeist/issues/aten_c_kernels/results/aten_gemm_transa_cpu/debuf.mlir ==
  match          body#[0]  cublasSgemm_tn
  total: 1 matched / 1 bodies
",0,[],0,0,0,0,/home/arjaiswal/Polygeist/issues/aten_c_kernels/results/aten_gemm_transa_cpu/debuf.mlir,2722,0,1,1,290.2531027793884,0,64824,0.021763145923614502,0,2,0,0,"[{""body_indices"": [0], ""symbol"": ""cublasSgemm_tn""}]",1,0,2,0.0,2
aten,aten_gemm_transa_cpu,/home/arjaiswal/Polygeist/issues/aten_c_kernels/results/aten_gemm_transa_cpu/debuf.mlir,52c49e9a35bef0e50ec4a9d40f10dc0509e82555f723dc3c9cf2e411cdf94887,syntactic,5,ok,0,708.2659900188446,0,"[""/usr/bin/python3"", ""/home/arjaiswal/Polygeist/scripts/correctness/kernel_match_rewrite.py"", ""/home/arjaiswal/Polygeist/issues/aten_c_kernels/results/aten_gemm_transa_cpu/debuf.mlir"", ""--dry-run"", ""--matcher-mode"", ""syntactic"", ""--telemetry-json"", ""/home/arjaiswal/Polygeist/issues/equality_saturation_eval/campaign_20260908/aten-aten_gemm_transa_cpu-syntactic-yi0ti8tr.json"", ""--disable-semantic-fallback""]","== match report for /home/arjaiswal/Polygeist/issues/aten_c_kernels/results/aten_gemm_transa_cpu/debuf.mlir ==
  match          body#[0]  cublasSgemm_tn
  total: 1 matched / 1 bodies
",0,[],0,0,0,0,/home/arjaiswal/Polygeist/issues/aten_c_kernels/results/aten_gemm_transa_cpu/debuf.mlir,2722,0,1,1,284.9513441324234,0,64752,0.02187490463256836,0,2,0,0,"[{""body_indices"": [0], ""symbol"": ""cublasSgemm_tn""}]",1,0,2,0.0,2
aten,aten_gemm_transa_cpu,/home/arjaiswal/Polygeist/issues/aten_c_kernels/results/aten_gemm_transa_cpu/debuf.mlir,52c49e9a35bef0e50ec4a9d40f10dc0509e82555f723dc3c9cf2e411cdf94887,egglog,5,ok,0,772.0851302146912,0,"[""/usr/bin/python3"", ""/home/arjaiswal/Polygeist/scripts/correctness/kernel_match_rewrite.py"", ""/home/arjaiswal/Polygeist/issues/aten_c_kernels/results/aten_gemm_transa_cpu/debuf.mlir"", ""--dry-run"", ""--matcher-mode"", ""egglog"", ""--telemetry-json"", ""/home/arjaiswal/Polygeist/issues/equality_saturation_eval/campaign_20260908/aten-aten_gemm_transa_cpu-egglog-bbhdets0.json"", ""--disable-semantic-fallback""]","== match report for /home/arjaiswal/Polygeist/issues/aten_c_kernels/results/aten_gemm_transa_cpu/debuf.mlir ==
  match          body#[0]  cublasSgemm_tn
  total: 1 matched / 1 bodies
",0,[],0,0,0,0,/home/arjaiswal/Polygeist/issues/aten_c_kernels/results/aten_gemm_transa_cpu/debuf.mlir,2722,8,1,1,311.44095957279205,0,69464,24.414554238319397,2,2,0,8,"[{""body_indices"": [0], ""symbol"": ""cublasSgemm_tn""}]",1,0,0,0.0,2
aten,aten_gemm_transab_cpu,/home/arjaiswal/Polygeist/issues/aten_c_kernels/results/aten_gemm_transab_cpu/debuf.mlir,e7512c0b8f3fbccd1c9350d19e76f1d53c215d9d419405d0ff16d48f455920cf,egglog,1,ok,0,733.5500009357929,0,"[""/usr/bin/python3"", ""/home/arjaiswal/Polygeist/scripts/correctness/kernel_match_rewrite.py"", ""/home/arjaiswal/Polygeist/issues/aten_c_kernels/results/aten_gemm_transab_cpu/debuf.mlir"", ""--dry-run"", ""--matcher-mode"", ""egglog"", ""--telemetry-json"", ""/home/arjaiswal/Polygeist/issues/equality_saturation_eval/campaign_20260908/aten-aten_gemm_transab_cpu-egglog-v8829l0n.json"", ""--disable-semantic-fallback""]","== match report for /home/arjaiswal/Polygeist/issues/aten_c_kernels/results/aten_gemm_transab_cpu/debuf.mlir ==
  match          body#[0]  cublasSgemm_tt
  total: 1 matched / 1 bodies
",0,[],0,0,0,0,/home/arjaiswal/Polygeist/issues/aten_c_kernels/results/aten_gemm_transab_cpu/debuf.mlir,2723,8,1,1,301.7423115670681,0,69400,22.66702800989151,2,2,0,8,"[{""body_indices"": [0], ""symbol"": ""cublasSgemm_tt""}]",1,0,0,0.0,2
aten,aten_gemm_transab_cpu,/home/arjaiswal/Polygeist/issues/aten_c_kernels/results/aten_gemm_transab_cpu/debuf.mlir,e7512c0b8f3fbccd1c9350d19e76f1d53c215d9d419405d0ff16d48f455920cf,syntactic,1,ok,0,704.2980529367924,0,"[""/usr/bin/python3"", ""/home/arjaiswal/Polygeist/scripts/correctness/kernel_match_rewrite.py"", ""/home/arjaiswal/Polygeist/issues/aten_c_kernels/results/aten_gemm_transab_cpu/debuf.mlir"", ""--dry-run"", ""--matcher-mode"", ""syntactic"", ""--telemetry-json"", ""/home/arjaiswal/Polygeist/issues/equality_saturation_eval/campaign_20260908/aten-aten_gemm_transab_cpu-syntactic-4isg4wsf.json"", ""--disable-semantic-fallback""]","== match report for /home/arjaiswal/Polygeist/issues/aten_c_kernels/results/aten_gemm_transab_cpu/debuf.mlir ==
  match          body#[0]  cublasSgemm_tt
  total: 1 matched / 1 bodies
",0,[],0,0,0,0,/home/arjaiswal/Polygeist/issues/aten_c_kernels/results/aten_gemm_transab_cpu/debuf.mlir,2723,0,1,1,277.5719724595547,0,64724,0.02093985676765442,0,2,0,0,"[{""body_indices"": [0], ""symbol"": ""cublasSgemm_tt""}]",1,0,2,0.0,2
aten,aten_gemm_transab_cpu,/home/arjaiswal/Polygeist/issues/aten_c_kernels/results/aten_gemm_transab_cpu/debuf.mlir,e7512c0b8f3fbccd1c9350d19e76f1d53c215d9d419405d0ff16d48f455920cf,syntactic,2,ok,0,707.8097127377987,0,"[""/usr/bin/python3"", ""/home/arjaiswal/Polygeist/scripts/correctness/kernel_match_rewrite.py"", ""/home/arjaiswal/Polygeist/issues/aten_c_kernels/results/aten_gemm_transab_cpu/debuf.mlir"", ""--dry-run"", ""--matcher-mode"", ""syntactic"", ""--telemetry-json"", ""/home/arjaiswal/Polygeist/issues/equality_saturation_eval/campaign_20260908/aten-aten_gemm_transab_cpu-syntactic-fhm_2z_x.json"", ""--disable-semantic-fallback""]","== match report for /home/arjaiswal/Polygeist/issues/aten_c_kernels/results/aten_gemm_transab_cpu/debuf.mlir ==
  match          body#[0]  cublasSgemm_tt
  total: 1 matched / 1 bodies
",0,[],0,0,0,0,/home/arjaiswal/Polygeist/issues/aten_c_kernels/results/aten_gemm_transab_cpu/debuf.mlir,2723,0,1,1,287.6385375857353,0,64848,0.021267682313919067,0,2,0,0,"[{""body_indices"": [0], ""symbol"": ""cublasSgemm_tt""}]",1,0,2,0.0,2
aten,aten_gemm_transab_cpu,/home/arjaiswal/Polygeist/issues/aten_c_kernels/results/aten_gemm_transab_cpu/debuf.mlir,e7512c0b8f3fbccd1c9350d19e76f1d53c215d9d419405d0ff16d48f455920cf,egglog,2,ok,0,747.7644830942154,0,"[""/usr/bin/python3"", ""/home/arjaiswal/Polygeist/scripts/correctness/kernel_match_rewrite.py"", ""/home/arjaiswal/Polygeist/issues/aten_c_kernels/results/aten_gemm_transab_cpu/debuf.mlir"", ""--dry-run"", ""--matcher-mode"", ""egglog"", ""--telemetry-json"", ""/home/arjaiswal/Polygeist/issues/equality_saturation_eval/campaign_20260908/aten-aten_gemm_transab_cpu-egglog-7u0mmtbc.json"", ""--disable-semantic-fallback""]","== match report for /home/arjaiswal/Polygeist/issues/aten_c_kernels/results/aten_gemm_transab_cpu/debuf.mlir ==
  match          body#[0]  cublasSgemm_tt
  total: 1 matched / 1 bodies
",0,[],0,0,0,0,/home/arjaiswal/Polygeist/issues/aten_c_kernels/results/aten_gemm_transab_cpu/debuf.mlir,2723,8,1,1,300.9779341518879,0,69364,21.85923606157303,2,2,0,8,"[{""body_indices"": [0], ""symbol"": ""cublasSgemm_tt""}]",1,0,0,0.0,2
aten,aten_gemm_transab_cpu,/home/arjaiswal/Polygeist/issues/aten_c_kernels/results/aten_gemm_transab_cpu/debuf.mlir,e7512c0b8f3fbccd1c9350d19e76f1d53c215d9d419405d0ff16d48f455920cf,egglog,3,ok,0,738.0989901721478,0,"[""/usr/bin/python3"", ""/home/arjaiswal/Polygeist/scripts/correctness/kernel_match_rewrite.py"", ""/home/arjaiswal/Polygeist/issues/aten_c_kernels/results/aten_gemm_transab_cpu/debuf.mlir"", ""--dry-run"", ""--matcher-mode"", ""egglog"", ""--telemetry-json"", ""/home/arjaiswal/Polygeist/issues/equality_saturation_eval/campaign_20260908/aten-aten_gemm_transab_cpu-egglog-2uet0jvf.json"", ""--disable-semantic-fallback""]","== match report for /home/arjaiswal/Polygeist/issues/aten_c_kernels/results/aten_gemm_transab_cpu/debuf.mlir ==
  match          body#[0]  cublasSgemm_tt
  total: 1 matched / 1 bodies
",0,[],0,0,0,0,/home/arjaiswal/Polygeist/issues/aten_c_kernels/results/aten_gemm_transab_cpu/debuf.mlir,2723,8,1,1,307.74465575814247,0,69368,23.61016720533371,2,2,0,8,"[{""body_indices"": [0], ""symbol"": ""cublasSgemm_tt""}]",1,0,0,0.0,2
aten,aten_gemm_transab_cpu,/home/arjaiswal/Polygeist/issues/aten_c_kernels/results/aten_gemm_transab_cpu/debuf.mlir,e7512c0b8f3fbccd1c9350d19e76f1d53c215d9d419405d0ff16d48f455920cf,syntactic,3,ok,0,688.0351975560188,0,"[""/usr/bin/python3"", ""/home/arjaiswal/Polygeist/scripts/correctness/kernel_match_rewrite.py"", ""/home/arjaiswal/Polygeist/issues/aten_c_kernels/results/aten_gemm_transab_cpu/debuf.mlir"", ""--dry-run"", ""--matcher-mode"", ""syntactic"", ""--telemetry-json"", ""/home/arjaiswal/Polygeist/issues/equality_saturation_eval/campaign_20260908/aten-aten_gemm_transab_cpu-syntactic-j9q2aomu.json"", ""--disable-semantic-fallback""]","== match report for /home/arjaiswal/Polygeist/issues/aten_c_kernels/results/aten_gemm_transab_cpu/debuf.mlir ==
  match          body#[0]  cublasSgemm_tt
  total: 1 matched / 1 bodies
",0,[],0,0,0,0,/home/arjaiswal/Polygeist/issues/aten_c_kernels/results/aten_gemm_transab_cpu/debuf.mlir,2723,0,1,1,276.90189704298973,0,64356,0.02076849341392517,0,2,0,0,"[{""body_indices"": [0], ""symbol"": ""cublasSgemm_tt""}]",1,0,2,0.0,2
aten,aten_gemm_transab_cpu,/home/arjaiswal/Polygeist/issues/aten_c_kernels/results/aten_gemm_transab_cpu/debuf.mlir,e7512c0b8f3fbccd1c9350d19e76f1d53c215d9d419405d0ff16d48f455920cf,syntactic,4,ok,0,692.8569003939629,0,"[""/usr/bin/python3"", ""/home/arjaiswal/Polygeist/scripts/correctness/kernel_match_rewrite.py"", ""/home/arjaiswal/Polygeist/issues/aten_c_kernels/results/aten_gemm_transab_cpu/debuf.mlir"", ""--dry-run"", ""--matcher-mode"", ""syntactic"", ""--telemetry-json"", ""/home/arjaiswal/Polygeist/issues/equality_saturation_eval/campaign_20260908/aten-aten_gemm_transab_cpu-syntactic-aty4yyfr.json"", ""--disable-semantic-fallback""]","== match report for /home/arjaiswal/Polygeist/issues/aten_c_kernels/results/aten_gemm_transab_cpu/debuf.mlir ==
  match          body#[0]  cublasSgemm_tt
  total: 1 matched / 1 bodies
",0,[],0,0,0,0,/home/arjaiswal/Polygeist/issues/aten_c_kernels/results/aten_gemm_transab_cpu/debuf.mlir,2723,0,1,1,270.7061283290386,0,64672,0.02010539174079895,0,2,0,0,"[{""body_indices"": [0], ""symbol"": ""cublasSgemm_tt""}]",1,0,2,0.0,2
aten,aten_gemm_transab_cpu,/home/arjaiswal/Polygeist/issues/aten_c_kernels/results/aten_gemm_transab_cpu/debuf.mlir,e7512c0b8f3fbccd1c9350d19e76f1d53c215d9d419405d0ff16d48f455920cf,egglog,4,ok,0,722.5139625370502,0,"[""/usr/bin/python3"", ""/home/arjaiswal/Polygeist/scripts/correctness/kernel_match_rewrite.py"", ""/home/arjaiswal/Polygeist/issues/aten_c_kernels/results/aten_gemm_transab_cpu/debuf.mlir"", ""--dry-run"", ""--matcher-mode"", ""egglog"", ""--telemetry-json"", ""/home/arjaiswal/Polygeist/issues/equality_saturation_eval/campaign_20260908/aten-aten_gemm_transab_cpu-egglog-5_d8wkwo.json"", ""--disable-semantic-fallback""]","== match report for /home/arjaiswal/Polygeist/issues/aten_c_kernels/results/aten_gemm_transab_cpu/debuf.mlir ==
  match          body#[0]  cublasSgemm_tt
  total: 1 matched / 1 bodies
",0,[],0,0,0,0,/home/arjaiswal/Polygeist/issues/aten_c_kernels/results/aten_gemm_transab_cpu/debuf.mlir,2723,8,1,1,297.4878065288067,0,69516,23.223616182804108,2,2,0,8,"[{""body_indices"": [0], ""symbol"": ""cublasSgemm_tt""}]",1,0,0,0.0,2
aten,aten_gemm_transab_cpu,/home/arjaiswal/Polygeist/issues/aten_c_kernels/results/aten_gemm_transab_cpu/debuf.mlir,e7512c0b8f3fbccd1c9350d19e76f1d53c215d9d419405d0ff16d48f455920cf,egglog,5,ok,0,720.6124439835548,0,"[""/usr/bin/python3"", ""/home/arjaiswal/Polygeist/scripts/correctness/kernel_match_rewrite.py"", ""/home/arjaiswal/Polygeist/issues/aten_c_kernels/results/aten_gemm_transab_cpu/debuf.mlir"", ""--dry-run"", ""--matcher-mode"", ""egglog"", ""--telemetry-json"", ""/home/arjaiswal/Polygeist/issues/equality_saturation_eval/campaign_20260908/aten-aten_gemm_transab_cpu-egglog-2wiwidfk.json"", ""--disable-semantic-fallback""]","== match report for /home/arjaiswal/Polygeist/issues/aten_c_kernels/results/aten_gemm_transab_cpu/debuf.mlir ==
  match          body#[0]  cublasSgemm_tt
  total: 1 matched / 1 bodies
",0,[],0,0,0,0,/home/arjaiswal/Polygeist/issues/aten_c_kernels/results/aten_gemm_transab_cpu/debuf.mlir,2723,8,1,1,298.1710322201252,0,69348,22.707581520080566,2,2,0,8,"[{""body_indices"": [0], ""symbol"": ""cublasSgemm_tt""}]",1,0,0,0.0,2
aten,aten_gemm_transab_cpu,/home/arjaiswal/Polygeist/issues/aten_c_kernels/results/aten_gemm_transab_cpu/debuf.mlir,e7512c0b8f3fbccd1c9350d19e76f1d53c215d9d419405d0ff16d48f455920cf,syntactic,5,ok,0,694.1812634468079,0,"[""/usr/bin/python3"", ""/home/arjaiswal/Polygeist/scripts/correctness/kernel_match_rewrite.py"", ""/home/arjaiswal/Polygeist/issues/aten_c_kernels/results/aten_gemm_transab_cpu/debuf.mlir"", ""--dry-run"", ""--matcher-mode"", ""syntactic"", ""--telemetry-json"", ""/home/arjaiswal/Polygeist/issues/equality_saturation_eval/campaign_20260908/aten-aten_gemm_transab_cpu-syntactic-yzucpxcr.json"", ""--disable-semantic-fallback""]","== match report for /home/arjaiswal/Polygeist/issues/aten_c_kernels/results/aten_gemm_transab_cpu/debuf.mlir ==
  match          body#[0]  cublasSgemm_tt
  total: 1 matched / 1 bodies
",0,[],0,0,0,0,/home/arjaiswal/Polygeist/issues/aten_c_kernels/results/aten_gemm_transab_cpu/debuf.mlir,2723,0,1,1,273.20048585534096,0,64700,0.02212822437286377,0,2,0,0,"[{""body_indices"": [0], ""symbol"": ""cublasSgemm_tt""}]",1,0,2,0.0,2
aten,aten_gemm_transb_cpu,/home/arjaiswal/Polygeist/issues/aten_c_kernels/results/aten_gemm_transb_cpu/debuf.mlir,03f8b4ac9bf4bd14d9623a5f6d7e6d69e7a89b50c91d3c6c9492b0f3d71b4db0,syntactic,1,ok,0,689.0025921165943,0,"[""/usr/bin/python3"", ""/home/arjaiswal/Polygeist/scripts/correctness/kernel_match_rewrite.py"", ""/home/arjaiswal/Polygeist/issues/aten_c_kernels/results/aten_gemm_transb_cpu/debuf.mlir"", ""--dry-run"", ""--matcher-mode"", ""syntactic"", ""--telemetry-json"", ""/home/arjaiswal/Polygeist/issues/equality_saturation_eval/campaign_20260908/aten-aten_gemm_transb_cpu-syntactic-jt4fp4a4.json"", ""--disable-semantic-fallback""]","== match report for /home/arjaiswal/Polygeist/issues/aten_c_kernels/results/aten_gemm_transb_cpu/debuf.mlir ==
  match          body#[0]  cublasSgemm_nt
  total: 1 matched / 1 bodies
",0,[],0,0,0,0,/home/arjaiswal/Polygeist/issues/aten_c_kernels/results/aten_gemm_transb_cpu/debuf.mlir,2722,0,1,1,264.6571025252342,0,64932,0.02039596438407898,0,2,0,0,"[{""body_indices"": [0], ""symbol"": ""cublasSgemm_nt""}]",1,0,2,0.0,2
aten,aten_gemm_transb_cpu,/home/arjaiswal/Polygeist/issues/aten_c_kernels/results/aten_gemm_transb_cpu/debuf.mlir,03f8b4ac9bf4bd14d9623a5f6d7e6d69e7a89b50c91d3c6c9492b0f3d71b4db0,egglog,1,ok,0,738.2133789360523,0,"[""/usr/bin/python3"", ""/home/arjaiswal/Polygeist/scripts/correctness/kernel_match_rewrite.py"", ""/home/arjaiswal/Polygeist/issues/aten_c_kernels/results/aten_gemm_transb_cpu/debuf.mlir"", ""--dry-run"", ""--matcher-mode"", ""egglog"", ""--telemetry-json"", ""/home/arjaiswal/Polygeist/issues/equality_saturation_eval/campaign_20260908/aten-aten_gemm_transb_cpu-egglog-eg7fjp78.json"", ""--disable-semantic-fallback""]","== match report for /home/arjaiswal/Polygeist/issues/aten_c_kernels/results/aten_gemm_transb_cpu/debuf.mlir ==
  match          body#[0]  cublasSgemm_nt
  total: 1 matched / 1 bodies
",0,[],0,0,0,0,/home/arjaiswal/Polygeist/issues/aten_c_kernels/results/aten_gemm_transb_cpu/debuf.mlir,2722,8,1,1,312.12446466088295,0,69332,23.78566563129425,2,2,0,8,"[{""body_indices"": [0], ""symbol"": ""cublasSgemm_nt""}]",1,0,0,0.0,2
aten,aten_gemm_transb_cpu,/home/arjaiswal/Polygeist/issues/aten_c_kernels/results/aten_gemm_transb_cpu/debuf.mlir,03f8b4ac9bf4bd14d9623a5f6d7e6d69e7a89b50c91d3c6c9492b0f3d71b4db0,egglog,2,ok,0,733.8105253875256,0,"[""/usr/bin/python3"", ""/home/arjaiswal/Polygeist/scripts/correctness/kernel_match_rewrite.py"", ""/home/arjaiswal/Polygeist/issues/aten_c_kernels/results/aten_gemm_transb_cpu/debuf.mlir"", ""--dry-run"", ""--matcher-mode"", ""egglog"", ""--telemetry-json"", ""/home/arjaiswal/Polygeist/issues/equality_saturation_eval/campaign_20260908/aten-aten_gemm_transb_cpu-egglog-p4ze51fr.json"", ""--disable-semantic-fallback""]","== match report for /home/arjaiswal/Polygeist/issues/aten_c_kernels/results/aten_gemm_transb_cpu/debuf.mlir ==
  match          body#[0]  cublasSgemm_nt
  total: 1 matched / 1 bodies
",0,[],0,0,0,0,/home/arjaiswal/Polygeist/issues/aten_c_kernels/results/aten_gemm_transb_cpu/debuf.mlir,2722,8,1,1,303.8528263568878,0,69608,22.91284129023552,2,2,0,8,"[{""body_indices"": [0], ""symbol"": ""cublasSgemm_nt""}]",1,0,0,0.0,2
aten,aten_gemm_transb_cpu,/home/arjaiswal/Polygeist/issues/aten_c_kernels/results/aten_gemm_transb_cpu/debuf.mlir,03f8b4ac9bf4bd14d9623a5f6d7e6d69e7a89b50c91d3c6c9492b0f3d71b4db0,syntactic,2,ok,0,803.8676790893078,0,"[""/usr/bin/python3"", ""/home/arjaiswal/Polygeist/scripts/correctness/kernel_match_rewrite.py"", ""/home/arjaiswal/Polygeist/issues/aten_c_kernels/results/aten_gemm_transb_cpu/debuf.mlir"", ""--dry-run"", ""--matcher-mode"", ""syntactic"", ""--telemetry-json"", ""/home/arjaiswal/Polygeist/issues/equality_saturation_eval/campaign_20260908/aten-aten_gemm_transb_cpu-syntactic-76eqfd7n.json"", ""--disable-semantic-fallback""]","== match report for /home/arjaiswal/Polygeist/issues/aten_c_kernels/results/aten_gemm_transb_cpu/debuf.mlir ==
  match          body#[0]  cublasSgemm_nt
  total: 1 matched / 1 bodies
",0,[],0,0,0,0,/home/arjaiswal/Polygeist/issues/aten_c_kernels/results/aten_gemm_transb_cpu/debuf.mlir,2722,0,1,1,296.5408116579056,0,64524,0.03084540367126465,0,2,0,0,"[{""body_indices"": [0], ""symbol"": ""cublasSgemm_nt""}]",1,0,2,0.0,2
aten,aten_gemm_transb_cpu,/home/arjaiswal/Polygeist/issues/aten_c_kernels/results/aten_gemm_transb_cpu/debuf.mlir,03f8b4ac9bf4bd14d9623a5f6d7e6d69e7a89b50c91d3c6c9492b0f3d71b4db0,syntactic,3,ok,0,686.4456199109554,0,"[""/usr/bin/python3"", ""/home/arjaiswal/Polygeist/scripts/correctness/kernel_match_rewrite.py"", ""/home/arjaiswal/Polygeist/issues/aten_c_kernels/results/aten_gemm_transb_cpu/debuf.mlir"", ""--dry-run"", ""--matcher-mode"", ""syntactic"", ""--telemetry-json"", ""/home/arjaiswal/Polygeist/issues/equality_saturation_eval/campaign_20260908/aten-aten_gemm_transb_cpu-syntactic-g3gh9s5_.json"", ""--disable-semantic-fallback""]","== match report for /home/arjaiswal/Polygeist/issues/aten_c_kernels/results/aten_gemm_transb_cpu/debuf.mlir ==
  match          body#[0]  cublasSgemm_nt
  total: 1 matched / 1 bodies
",0,[],0,0,0,0,/home/arjaiswal/Polygeist/issues/aten_c_kernels/results/aten_gemm_transb_cpu/debuf.mlir,2722,0,1,1,261.4927962422371,0,64588,0.01973286271095276,0,2,0,0,"[{""body_indices"": [0], ""symbol"": ""cublasSgemm_nt""}]",1,0,2,0.0,2
aten,aten_gemm_transb_cpu,/home/arjaiswal/Polygeist/issues/aten_c_kernels/results/aten_gemm_transb_cpu/debuf.mlir,03f8b4ac9bf4bd14d9623a5f6d7e6d69e7a89b50c91d3c6c9492b0f3d71b4db0,egglog,3,ok,0,736.4809699356556,0,"[""/usr/bin/python3"", ""/home/arjaiswal/Polygeist/scripts/correctness/kernel_match_rewrite.py"", ""/home/arjaiswal/Polygeist/issues/aten_c_kernels/results/aten_gemm_transb_cpu/debuf.mlir"", ""--dry-run"", ""--matcher-mode"", ""egglog"", ""--telemetry-json"", ""/home/arjaiswal/Polygeist/issues/equality_saturation_eval/campaign_20260908/aten-aten_gemm_transb_cpu-egglog-izqoklux.json"", ""--disable-semantic-fallback""]","== match report for /home/arjaiswal/Polygeist/issues/aten_c_kernels/results/aten_gemm_transb_cpu/debuf.mlir ==
  match          body#[0]  cublasSgemm_nt
  total: 1 matched / 1 bodies
",0,[],0,0,0,0,/home/arjaiswal/Polygeist/issues/aten_c_kernels/results/aten_gemm_transb_cpu/debuf.mlir,2722,8,1,1,318.42199712991714,0,69384,22.764019668102264,2,2,0,8,"[{""body_indices"": [0], ""symbol"": ""cublasSgemm_nt""}]",1,0,0,0.0,2
aten,aten_gemm_transb_cpu,/home/arjaiswal/Polygeist/issues/aten_c_kernels/results/aten_gemm_transb_cpu/debuf.mlir,03f8b4ac9bf4bd14d9623a5f6d7e6d69e7a89b50c91d3c6c9492b0f3d71b4db0,egglog,4,ok,0,720.4006947577,0,"[""/usr/bin/python3"", ""/home/arjaiswal/Polygeist/scripts/correctness/kernel_match_rewrite.py"", ""/home/arjaiswal/Polygeist/issues/aten_c_kernels/results/aten_gemm_transb_cpu/debuf.mlir"", ""--dry-run"", ""--matcher-mode"", ""egglog"", ""--telemetry-json"", ""/home/arjaiswal/Polygeist/issues/equality_saturation_eval/campaign_20260908/aten-aten_gemm_transb_cpu-egglog-5cgw4cm8.json"", ""--disable-semantic-fallback""]","== match report for /home/arjaiswal/Polygeist/issues/aten_c_kernels/results/aten_gemm_transb_cpu/debuf.mlir ==
  match          body#[0]  cublasSgemm_nt
  total: 1 matched / 1 bodies
",0,[],0,0,0,0,/home/arjaiswal/Polygeist/issues/aten_c_kernels/results/aten_gemm_transb_cpu/debuf.mlir,2722,8,1,1,298.0702668428421,0,69264,23.29051122069359,2,2,0,8,"[{""body_indices"": [0], ""symbol"": ""cublasSgemm_nt""}]",1,0,0,0.0,2
aten,aten_gemm_transb_cpu,/home/arjaiswal/Polygeist/issues/aten_c_kernels/results/aten_gemm_transb_cpu/debuf.mlir,03f8b4ac9bf4bd14d9623a5f6d7e6d69e7a89b50c91d3c6c9492b0f3d71b4db0,syntactic,4,ok,0,699.8004093766212,0,"[""/usr/bin/python3"", ""/home/arjaiswal/Polygeist/scripts/correctness/kernel_match_rewrite.py"", ""/home/arjaiswal/Polygeist/issues/aten_c_kernels/results/aten_gemm_transb_cpu/debuf.mlir"", ""--dry-run"", ""--matcher-mode"", ""syntactic"", ""--telemetry-json"", ""/home/arjaiswal/Polygeist/issues/equality_saturation_eval/campaign_20260908/aten-aten_gemm_transb_cpu-syntactic-kf3yhzmm.json"", ""--disable-semantic-fallback""]","== match report for /home/arjaiswal/Polygeist/issues/aten_c_kernels/results/aten_gemm_transb_cpu/debuf.mlir ==
  match          body#[0]  cublasSgemm_nt
  total: 1 matched / 1 bodies
",0,[],0,0,0,0,/home/arjaiswal/Polygeist/issues/aten_c_kernels/results/aten_gemm_transb_cpu/debuf.mlir,2722,0,1,1,279.09689396619797,0,64772,0.02180039882659912,0,2,0,0,"[{""body_indices"": [0], ""symbol"": ""cublasSgemm_nt""}]",1,0,2,0.0,2
aten,aten_gemm_transb_cpu,/home/arjaiswal/Polygeist/issues/aten_c_kernels/results/aten_gemm_transb_cpu/debuf.mlir,03f8b4ac9bf4bd14d9623a5f6d7e6d69e7a89b50c91d3c6c9492b0f3d71b4db0,syntactic,5,ok,0,698.3080804347992,0,"[""/usr/bin/python3"", ""/home/arjaiswal/Polygeist/scripts/correctness/kernel_match_rewrite.py"", ""/home/arjaiswal/Polygeist/issues/aten_c_kernels/results/aten_gemm_transb_cpu/debuf.mlir"", ""--dry-run"", ""--matcher-mode"", ""syntactic"", ""--telemetry-json"", ""/home/arjaiswal/Polygeist/issues/equality_saturation_eval/campaign_20260908/aten-aten_gemm_transb_cpu-syntactic-hly28pht.json"", ""--disable-semantic-fallback""]","== match report for /home/arjaiswal/Polygeist/issues/aten_c_kernels/results/aten_gemm_transb_cpu/debuf.mlir ==
  match          body#[0]  cublasSgemm_nt
  total: 1 matched / 1 bodies
",0,[],0,0,0,0,/home/arjaiswal/Polygeist/issues/aten_c_kernels/results/aten_gemm_transb_cpu/debuf.mlir,2722,0,1,1,269.72439512610435,0,64828,0.019554048776626587,0,2,0,0,"[{""body_indices"": [0], ""symbol"": ""cublasSgemm_nt""}]",1,0,2,0.0,2
aten,aten_gemm_transb_cpu,/home/arjaiswal/Polygeist/issues/aten_c_kernels/results/aten_gemm_transb_cpu/debuf.mlir,03f8b4ac9bf4bd14d9623a5f6d7e6d69e7a89b50c91d3c6c9492b0f3d71b4db0,egglog,5,ok,0,707.6863013207912,0,"[""/usr/bin/python3"", ""/home/arjaiswal/Polygeist/scripts/correctness/kernel_match_rewrite.py"", ""/home/arjaiswal/Polygeist/issues/aten_c_kernels/results/aten_gemm_transb_cpu/debuf.mlir"", ""--dry-run"", ""--matcher-mode"", ""egglog"", ""--telemetry-json"", ""/home/arjaiswal/Polygeist/issues/equality_saturation_eval/campaign_20260908/aten-aten_gemm_transb_cpu-egglog-6clqdssg.json"", ""--disable-semantic-fallback""]","== match report for /home/arjaiswal/Polygeist/issues/aten_c_kernels/results/aten_gemm_transb_cpu/debuf.mlir ==
  match          body#[0]  cublasSgemm_nt
  total: 1 matched / 1 bodies
",0,[],0,0,0,0,/home/arjaiswal/Polygeist/issues/aten_c_kernels/results/aten_gemm_transb_cpu/debuf.mlir,2722,8,1,1,291.0197749733925,0,69500,22.257797420024872,2,2,0,8,"[{""body_indices"": [0], ""symbol"": ""cublasSgemm_nt""}]",1,0,0,0.0,2
aten,aten_geometric_cpu,/home/arjaiswal/Polygeist/issues/aten_c_kernels/results/aten_geometric_cpu/debuf.mlir,9f0754e634e9e4239a2d6c6f0926269582a1e2b5e00996ad11cd05d600242be8,egglog,1,ok,0,894.1944539546967,0,"[""/usr/bin/python3"", ""/home/arjaiswal/Polygeist/scripts/correctness/kernel_match_rewrite.py"", ""/home/arjaiswal/Polygeist/issues/aten_c_kernels/results/aten_geometric_cpu/debuf.mlir"", ""--dry-run"", ""--matcher-mode"", ""egglog"", ""--telemetry-json"", ""/home/arjaiswal/Polygeist/issues/equality_saturation_eval/campaign_20260908/aten-aten_geometric_cpu-egglog-g4q225v8.json"", ""--disable-semantic-fallback""]","== match report for /home/arjaiswal/Polygeist/issues/aten_c_kernels/results/aten_geometric_cpu/debuf.mlir ==
  match          body#[0]  cudnnPointwiseGraph_f32
  total: 1 matched / 1 bodies
",0,[],0,0,0,0,/home/arjaiswal/Polygeist/issues/aten_c_kernels/results/aten_geometric_cpu/debuf.mlir,2191,8,1,1,487.1683716773987,0,66300,0.0,0,0,0,0,"[{""body_indices"": [0], ""symbol"": ""cudnnPointwiseGraph_f32""}]",1,0,0,0.0,56
aten,aten_geometric_cpu,/home/arjaiswal/Polygeist/issues/aten_c_kernels/results/aten_geometric_cpu/debuf.mlir,9f0754e634e9e4239a2d6c6f0926269582a1e2b5e00996ad11cd05d600242be8,syntactic,1,ok,0,987.9851713776588,0,"[""/usr/bin/python3"", ""/home/arjaiswal/Polygeist/scripts/correctness/kernel_match_rewrite.py"", ""/home/arjaiswal/Polygeist/issues/aten_c_kernels/results/aten_geometric_cpu/debuf.mlir"", ""--dry-run"", ""--matcher-mode"", ""syntactic"", ""--telemetry-json"", ""/home/arjaiswal/Polygeist/issues/equality_saturation_eval/campaign_20260908/aten-aten_geometric_cpu-syntactic-x2utifn3.json"", ""--disable-semantic-fallback""]","== match report for /home/arjaiswal/Polygeist/issues/aten_c_kernels/results/aten_geometric_cpu/debuf.mlir ==
  match          body#[0]  cudnnPointwiseGraph_f32
  total: 1 matched / 1 bodies
",0,[],0,0,0,0,/home/arjaiswal/Polygeist/issues/aten_c_kernels/results/aten_geometric_cpu/debuf.mlir,2191,0,1,1,490.67430198192596,0,65880,0.22247061133384705,0,0,0,0,"[{""body_indices"": [0], ""symbol"": ""cudnnPointwiseGraph_f32""}]",1,0,56,0.0,56
aten,aten_geometric_cpu,/home/arjaiswal/Polygeist/issues/aten_c_kernels/results/aten_geometric_cpu/debuf.mlir,9f0754e634e9e4239a2d6c6f0926269582a1e2b5e00996ad11cd05d600242be8,syntactic,2,ok,0,921.4619547128677,0,"[""/usr/bin/python3"", ""/home/arjaiswal/Polygeist/scripts/correctness/kernel_match_rewrite.py"", ""/home/arjaiswal/Polygeist/issues/aten_c_kernels/results/aten_geometric_cpu/debuf.mlir"", ""--dry-run"", ""--matcher-mode"", ""syntactic"", ""--telemetry-json"", ""/home/arjaiswal/Polygeist/issues/equality_saturation_eval/campaign_20260908/aten-aten_geometric_cpu-syntactic-sahxayyz.json"", ""--disable-semantic-fallback""]","== match report for /home/arjaiswal/Polygeist/issues/aten_c_kernels/results/aten_geometric_cpu/debuf.mlir ==
  match          body#[0]  cudnnPointwiseGraph_f32
  total: 1 matched / 1 bodies
",0,[],0,0,0,0,/home/arjaiswal/Polygeist/issues/aten_c_kernels/results/aten_geometric_cpu/debuf.mlir,2191,0,1,1,498.26008826494217,0,65736,0.2456754446029663,0,0,0,0,"[{""body_indices"": [0], ""symbol"": ""cudnnPointwiseGraph_f32""}]",1,0,56,0.0,56
aten,aten_geometric_cpu,/home/arjaiswal/Polygeist/issues/aten_c_kernels/results/aten_geometric_cpu/debuf.mlir,9f0754e634e9e4239a2d6c6f0926269582a1e2b5e00996ad11cd05d600242be8,egglog,2,ok,0,906.472209841013,0,"[""/usr/bin/python3"", ""/home/arjaiswal/Polygeist/scripts/correctness/kernel_match_rewrite.py"", ""/home/arjaiswal/Polygeist/issues/aten_c_kernels/results/aten_geometric_cpu/debuf.mlir"", ""--dry-run"", ""--matcher-mode"", ""egglog"", ""--telemetry-json"", ""/home/arjaiswal/Polygeist/issues/equality_saturation_eval/campaign_20260908/aten-aten_geometric_cpu-egglog-peke3mx4.json"", ""--disable-semantic-fallback""]","== match report for /home/arjaiswal/Polygeist/issues/aten_c_kernels/results/aten_geometric_cpu/debuf.mlir ==
  match          body#[0]  cudnnPointwiseGraph_f32
  total: 1 matched / 1 bodies
",0,[],0,0,0,0,/home/arjaiswal/Polygeist/issues/aten_c_kernels/results/aten_geometric_cpu/debuf.mlir,2191,8,1,1,484.8776198923588,0,66116,0.0,0,0,0,0,"[{""body_indices"": [0], ""symbol"": ""cudnnPointwiseGraph_f32""}]",1,0,0,0.0,56
aten,aten_geometric_cpu,/home/arjaiswal/Polygeist/issues/aten_c_kernels/results/aten_geometric_cpu/debuf.mlir,9f0754e634e9e4239a2d6c6f0926269582a1e2b5e00996ad11cd05d600242be8,egglog,3,ok,0,946.501649916172,0,"[""/usr/bin/python3"", ""/home/arjaiswal/Polygeist/scripts/correctness/kernel_match_rewrite.py"", ""/home/arjaiswal/Polygeist/issues/aten_c_kernels/results/aten_geometric_cpu/debuf.mlir"", ""--dry-run"", ""--matcher-mode"", ""egglog"", ""--telemetry-json"", ""/home/arjaiswal/Polygeist/issues/equality_saturation_eval/campaign_20260908/aten-aten_geometric_cpu-egglog-_y8ws0x8.json"", ""--disable-semantic-fallback""]","== match report for /home/arjaiswal/Polygeist/issues/aten_c_kernels/results/aten_geometric_cpu/debuf.mlir ==
  match          body#[0]  cudnnPointwiseGraph_f32
  total: 1 matched / 1 bodies
",0,[],0,0,0,0,/home/arjaiswal/Polygeist/issues/aten_c_kernels/results/aten_geometric_cpu/debuf.mlir,2191,8,1,1,513.4087800979614,0,66140,0.0,0,0,0,0,"[{""body_indices"": [0], ""symbol"": ""cudnnPointwiseGraph_f32""}]",1,0,0,0.0,56
aten,aten_geometric_cpu,/home/arjaiswal/Polygeist/issues/aten_c_kernels/results/aten_geometric_cpu/debuf.mlir,9f0754e634e9e4239a2d6c6f0926269582a1e2b5e00996ad11cd05d600242be8,syntactic,3,ok,0,928.6361187696457,0,"[""/usr/bin/python3"", ""/home/arjaiswal/Polygeist/scripts/correctness/kernel_match_rewrite.py"", ""/home/arjaiswal/Polygeist/issues/aten_c_kernels/results/aten_geometric_cpu/debuf.mlir"", ""--dry-run"", ""--matcher-mode"", ""syntactic"", ""--telemetry-json"", ""/home/arjaiswal/Polygeist/issues/equality_saturation_eval/campaign_20260908/aten-aten_geometric_cpu-syntactic-3cj9itcr.json"", ""--disable-semantic-fallback""]","== match report for /home/arjaiswal/Polygeist/issues/aten_c_kernels/results/aten_geometric_cpu/debuf.mlir ==
  match          body#[0]  cudnnPointwiseGraph_f32
  total: 1 matched / 1 bodies
",0,[],0,0,0,0,/home/arjaiswal/Polygeist/issues/aten_c_kernels/results/aten_geometric_cpu/debuf.mlir,2191,0,1,1,492.7637688815594,0,65892,0.22360309958457947,0,0,0,0,"[{""body_indices"": [0], ""symbol"": ""cudnnPointwiseGraph_f32""}]",1,0,56,0.0,56
aten,aten_geometric_cpu,/home/arjaiswal/Polygeist/issues/aten_c_kernels/results/aten_geometric_cpu/debuf.mlir,9f0754e634e9e4239a2d6c6f0926269582a1e2b5e00996ad11cd05d600242be8,syntactic,4,ok,0,886.9088105857372,0,"[""/usr/bin/python3"", ""/home/arjaiswal/Polygeist/scripts/correctness/kernel_match_rewrite.py"", ""/home/arjaiswal/Polygeist/issues/aten_c_kernels/results/aten_geometric_cpu/debuf.mlir"", ""--dry-run"", ""--matcher-mode"", ""syntactic"", ""--telemetry-json"", ""/home/arjaiswal/Polygeist/issues/equality_saturation_eval/campaign_20260908/aten-aten_geometric_cpu-syntactic-6qr_wxi5.json"", ""--disable-semantic-fallback""]","== match report for /home/arjaiswal/Polygeist/issues/aten_c_kernels/results/aten_geometric_cpu/debuf.mlir ==
  match          body#[0]  cudnnPointwiseGraph_f32
  total: 1 matched / 1 bodies
",0,[],0,0,0,0,/home/arjaiswal/Polygeist/issues/aten_c_kernels/results/aten_geometric_cpu/debuf.mlir,2191,0,1,1,480.72653636336327,0,66120,0.21791085600852966,0,0,0,0,"[{""body_indices"": [0], ""symbol"": ""cudnnPointwiseGraph_f32""}]",1,0,56,0.0,56
aten,aten_geometric_cpu,/home/arjaiswal/Polygeist/issues/aten_c_kernels/results/aten_geometric_cpu/debuf.mlir,9f0754e634e9e4239a2d6c6f0926269582a1e2b5e00996ad11cd05d600242be8,egglog,4,ok,0,932.0865087211132,0,"[""/usr/bin/python3"", ""/home/arjaiswal/Polygeist/scripts/correctness/kernel_match_rewrite.py"", ""/home/arjaiswal/Polygeist/issues/aten_c_kernels/results/aten_geometric_cpu/debuf.mlir"", ""--dry-run"", ""--matcher-mode"", ""egglog"", ""--telemetry-json"", ""/home/arjaiswal/Polygeist/issues/equality_saturation_eval/campaign_20260908/aten-aten_geometric_cpu-egglog-d3rhf6de.json"", ""--disable-semantic-fallback""]","== match report for /home/arjaiswal/Polygeist/issues/aten_c_kernels/results/aten_geometric_cpu/debuf.mlir ==
  match          body#[0]  cudnnPointwiseGraph_f32
  total: 1 matched / 1 bodies
",0,[],0,0,0,0,/home/arjaiswal/Polygeist/issues/aten_c_kernels/results/aten_geometric_cpu/debuf.mlir,2191,8,1,1,503.8379691541195,0,66200,0.0,0,0,0,0,"[{""body_indices"": [0], ""symbol"": ""cudnnPointwiseGraph_f32""}]",1,0,0,0.0,56
aten,aten_geometric_cpu,/home/arjaiswal/Polygeist/issues/aten_c_kernels/results/aten_geometric_cpu/debuf.mlir,9f0754e634e9e4239a2d6c6f0926269582a1e2b5e00996ad11cd05d600242be8,egglog,5,ok,0,916.1402992904186,0,"[""/usr/bin/python3"", ""/home/arjaiswal/Polygeist/scripts/correctness/kernel_match_rewrite.py"", ""/home/arjaiswal/Polygeist/issues/aten_c_kernels/results/aten_geometric_cpu/debuf.mlir"", ""--dry-run"", ""--matcher-mode"", ""egglog"", ""--telemetry-json"", ""/home/arjaiswal/Polygeist/issues/equality_saturation_eval/campaign_20260908/aten-aten_geometric_cpu-egglog-0deyk1os.json"", ""--disable-semantic-fallback""]","== match report for /home/arjaiswal/Polygeist/issues/aten_c_kernels/results/aten_geometric_cpu/debuf.mlir ==
  match          body#[0]  cudnnPointwiseGraph_f32
  total: 1 matched / 1 bodies
",0,[],0,0,0,0,/home/arjaiswal/Polygeist/issues/aten_c_kernels/results/aten_geometric_cpu/debuf.mlir,2191,8,1,1,491.2268631160259,0,65880,0.0,0,0,0,0,"[{""body_indices"": [0], ""symbol"": ""cudnnPointwiseGraph_f32""}]",1,0,0,0.0,56
aten,aten_geometric_cpu,/home/arjaiswal/Polygeist/issues/aten_c_kernels/results/aten_geometric_cpu/debuf.mlir,9f0754e634e9e4239a2d6c6f0926269582a1e2b5e00996ad11cd05d600242be8,syntactic,5,ok,0,896.2685391306877,0,"[""/usr/bin/python3"", ""/home/arjaiswal/Polygeist/scripts/correctness/kernel_match_rewrite.py"", ""/home/arjaiswal/Polygeist/issues/aten_c_kernels/results/aten_geometric_cpu/debuf.mlir"", ""--dry-run"", ""--matcher-mode"", ""syntactic"", ""--telemetry-json"", ""/home/arjaiswal/Polygeist/issues/equality_saturation_eval/campaign_20260908/aten-aten_geometric_cpu-syntactic-pivpxtlc.json"", ""--disable-semantic-fallback""]","== match report for /home/arjaiswal/Polygeist/issues/aten_c_kernels/results/aten_geometric_cpu/debuf.mlir ==
  match          body#[0]  cudnnPointwiseGraph_f32
  total: 1 matched / 1 bodies
",0,[],0,0,0,0,/home/arjaiswal/Polygeist/issues/aten_c_kernels/results/aten_geometric_cpu/debuf.mlir,2191,0,1,1,485.6719896197319,0,65928,0.21623075008392334,0,0,0,0,"[{""body_indices"": [0], ""symbol"": ""cudnnPointwiseGraph_f32""}]",1,0,56,0.0,56
aten,aten_glu,/home/arjaiswal/Polygeist/issues/aten_c_kernels/results/aten_glu/debuf.mlir,fdb4e53721d86ad8c52485d9293105c391eda3e8b5557be2547dd8764e117a82,syntactic,1,ok,0,722.2130596637726,0,"[""/usr/bin/python3"", ""/home/arjaiswal/Polygeist/scripts/correctness/kernel_match_rewrite.py"", ""/home/arjaiswal/Polygeist/issues/aten_c_kernels/results/aten_glu/debuf.mlir"", ""--dry-run"", ""--matcher-mode"", ""syntactic"", ""--telemetry-json"", ""/home/arjaiswal/Polygeist/issues/equality_saturation_eval/campaign_20260908/aten-aten_glu-syntactic-5iwnn9kc.json"", ""--disable-semantic-fallback""]","== match report for /home/arjaiswal/Polygeist/issues/aten_c_kernels/results/aten_glu/debuf.mlir ==
  match          body#[0]  cudnnPointwiseGraph_f32
  total: 1 matched / 1 bodies
",0,[],0,0,0,0,/home/arjaiswal/Polygeist/issues/aten_c_kernels/results/aten_glu/debuf.mlir,2025,0,1,1,313.726756721735,0,65612,0.017099082469940186,0,0,0,0,"[{""body_indices"": [0], ""symbol"": ""cudnnPointwiseGraph_f32""}]",1,0,6,0.0,6
aten,aten_glu,/home/arjaiswal/Polygeist/issues/aten_c_kernels/results/aten_glu/debuf.mlir,fdb4e53721d86ad8c52485d9293105c391eda3e8b5557be2547dd8764e117a82,egglog,1,ok,0,714.6115005016327,0,"[""/usr/bin/python3"", ""/home/arjaiswal/Polygeist/scripts/correctness/kernel_match_rewrite.py"", ""/home/arjaiswal/Polygeist/issues/aten_c_kernels/results/aten_glu/debuf.mlir"", ""--dry-run"", ""--matcher-mode"", ""egglog"", ""--telemetry-json"", ""/home/arjaiswal/Polygeist/issues/equality_saturation_eval/campaign_20260908/aten-aten_glu-egglog-gj6hlevx.json"", ""--disable-semantic-fallback""]","== match report for /home/arjaiswal/Polygeist/issues/aten_c_kernels/results/aten_glu/debuf.mlir ==
  match          body#[0]  cudnnPointwiseGraph_f32
  total: 1 matched / 1 bodies
",0,[],0,0,0,0,/home/arjaiswal/Polygeist/issues/aten_c_kernels/results/aten_glu/debuf.mlir,2025,8,1,1,302.43270471692085,0,65508,0.0,0,0,0,0,"[{""body_indices"": [0], ""symbol"": ""cudnnPointwiseGraph_f32""}]",1,0,0,0.0,6
aten,aten_glu,/home/arjaiswal/Polygeist/issues/aten_c_kernels/results/aten_glu/debuf.mlir,fdb4e53721d86ad8c52485d9293105c391eda3e8b5557be2547dd8764e117a82,egglog,2,ok,0,723.6787490546703,0,"[""/usr/bin/python3"", ""/home/arjaiswal/Polygeist/scripts/correctness/kernel_match_rewrite.py"", ""/home/arjaiswal/Polygeist/issues/aten_c_kernels/results/aten_glu/debuf.mlir"", ""--dry-run"", ""--matcher-mode"", ""egglog"", ""--telemetry-json"", ""/home/arjaiswal/Polygeist/issues/equality_saturation_eval/campaign_20260908/aten-aten_glu-egglog-15fy1uvb.json"", ""--disable-semantic-fallback""]","== match report for /home/arjaiswal/Polygeist/issues/aten_c_kernels/results/aten_glu/debuf.mlir ==
  match          body#[0]  cudnnPointwiseGraph_f32
  total: 1 matched / 1 bodies
",0,[],0,0,0,0,/home/arjaiswal/Polygeist/issues/aten_c_kernels/results/aten_glu/debuf.mlir,2025,8,1,1,304.2382076382637,0,65696,0.0,0,0,0,0,"[{""body_indices"": [0], ""symbol"": ""cudnnPointwiseGraph_f32""}]",1,0,0,0.0,6
aten,aten_glu,/home/arjaiswal/Polygeist/issues/aten_c_kernels/results/aten_glu/debuf.mlir,fdb4e53721d86ad8c52485d9293105c391eda3e8b5557be2547dd8764e117a82,syntactic,2,ok,0,712.7889469265938,0,"[""/usr/bin/python3"", ""/home/arjaiswal/Polygeist/scripts/correctness/kernel_match_rewrite.py"", ""/home/arjaiswal/Polygeist/issues/aten_c_kernels/results/aten_glu/debuf.mlir"", ""--dry-run"", ""--matcher-mode"", ""syntactic"", ""--telemetry-json"", ""/home/arjaiswal/Polygeist/issues/equality_saturation_eval/campaign_20260908/aten-aten_glu-syntactic-dkbzubz5.json"", ""--disable-semantic-fallback""]","== match report for /home/arjaiswal/Polygeist/issues/aten_c_kernels/results/aten_glu/debuf.mlir ==
  match          body#[0]  cudnnPointwiseGraph_f32
  total: 1 matched / 1 bodies
",0,[],0,0,0,0,/home/arjaiswal/Polygeist/issues/aten_c_kernels/results/aten_glu/debuf.mlir,2025,0,1,1,312.4648630619049,0,65804,0.016324222087860107,0,0,0,0,"[{""body_indices"": [0], ""symbol"": ""cudnnPointwiseGraph_f32""}]",1,0,6,0.0,6
aten,aten_glu,/home/arjaiswal/Polygeist/issues/aten_c_kernels/results/aten_glu/debuf.mlir,fdb4e53721d86ad8c52485d9293105c391eda3e8b5557be2547dd8764e117a82,syntactic,3,ok,0,738.6913187801838,0,"[""/usr/bin/python3"", ""/home/arjaiswal/Polygeist/scripts/correctness/kernel_match_rewrite.py"", ""/home/arjaiswal/Polygeist/issues/aten_c_kernels/results/aten_glu/debuf.mlir"", ""--dry-run"", ""--matcher-mode"", ""syntactic"", ""--telemetry-json"", ""/home/arjaiswal/Polygeist/issues/equality_saturation_eval/campaign_20260908/aten-aten_glu-syntactic-wp5mjh6v.json"", ""--disable-semantic-fallback""]","== match report for /home/arjaiswal/Polygeist/issues/aten_c_kernels/results/aten_glu/debuf.mlir ==
  match          body#[0]  cudnnPointwiseGraph_f32
  total: 1 matched / 1 bodies
",0,[],0,0,0,0,/home/arjaiswal/Polygeist/issues/aten_c_kernels/results/aten_glu/debuf.mlir,2025,0,1,1,331.0843035578728,0,65748,0.019457191228866577,0,0,0,0,"[{""body_indices"": [0], ""symbol"": ""cudnnPointwiseGraph_f32""}]",1,0,6,0.0,6
aten,aten_glu,/home/arjaiswal/Polygeist/issues/aten_c_kernels/results/aten_glu/debuf.mlir,fdb4e53721d86ad8c52485d9293105c391eda3e8b5557be2547dd8764e117a82,egglog,3,ok,0,729.956865310669,0,"[""/usr/bin/python3"", ""/home/arjaiswal/Polygeist/scripts/correctness/kernel_match_rewrite.py"", ""/home/arjaiswal/Polygeist/issues/aten_c_kernels/results/aten_glu/debuf.mlir"", ""--dry-run"", ""--matcher-mode"", ""egglog"", ""--telemetry-json"", ""/home/arjaiswal/Polygeist/issues/equality_saturation_eval/campaign_20260908/aten-aten_glu-egglog-_bxwyo_s.json"", ""--disable-semantic-fallback""]","== match report for /home/arjaiswal/Polygeist/issues/aten_c_kernels/results/aten_glu/debuf.mlir ==
  match          body#[0]  cudnnPointwiseGraph_f32
  total: 1 matched / 1 bodies
",0,[],0,0,0,0,/home/arjaiswal/Polygeist/issues/aten_c_kernels/results/aten_glu/debuf.mlir,2025,8,1,1,301.38878151774406,0,65660,0.0,0,0,0,0,"[{""body_indices"": [0], ""symbol"": ""cudnnPointwiseGraph_f32""}]",1,0,0,0.0,6
aten,aten_glu,/home/arjaiswal/Polygeist/issues/aten_c_kernels/results/aten_glu/debuf.mlir,fdb4e53721d86ad8c52485d9293105c391eda3e8b5557be2547dd8764e117a82,egglog,4,ok,0,720.1611250638962,0,"[""/usr/bin/python3"", ""/home/arjaiswal/Polygeist/scripts/correctness/kernel_match_rewrite.py"", ""/home/arjaiswal/Polygeist/issues/aten_c_kernels/results/aten_glu/debuf.mlir"", ""--dry-run"", ""--matcher-mode"", ""egglog"", ""--telemetry-json"", ""/home/arjaiswal/Polygeist/issues/equality_saturation_eval/campaign_20260908/aten-aten_glu-egglog-_nbh18th.json"", ""--disable-semantic-fallback""]","== match report for /home/arjaiswal/Polygeist/issues/aten_c_kernels/results/aten_glu/debuf.mlir ==
  match          body#[0]  cudnnPointwiseGraph_f32
  total: 1 matched / 1 bodies
",0,[],0,0,0,0,/home/arjaiswal/Polygeist/issues/aten_c_kernels/results/aten_glu/debuf.mlir,2025,8,1,1,298.87228086590767,0,65472,0.0,0,0,0,0,"[{""body_indices"": [0], ""symbol"": ""cudnnPointwiseGraph_f32""}]",1,0,0,0.0,6
aten,aten_glu,/home/arjaiswal/Polygeist/issues/aten_c_kernels/results/aten_glu/debuf.mlir,fdb4e53721d86ad8c52485d9293105c391eda3e8b5557be2547dd8764e117a82,syntactic,4,ok,0,703.3302485942841,0,"[""/usr/bin/python3"", ""/home/arjaiswal/Polygeist/scripts/correctness/kernel_match_rewrite.py"", ""/home/arjaiswal/Polygeist/issues/aten_c_kernels/results/aten_glu/debuf.mlir"", ""--dry-run"", ""--matcher-mode"", ""syntactic"", ""--telemetry-json"", ""/home/arjaiswal/Polygeist/issues/equality_saturation_eval/campaign_20260908/aten-aten_glu-syntactic-x0co95he.json"", ""--disable-semantic-fallback""]","== match report for /home/arjaiswal/Polygeist/issues/aten_c_kernels/results/aten_glu/debuf.mlir ==
  match          body#[0]  cudnnPointwiseGraph_f32
  total: 1 matched / 1 bodies
",0,[],0,0,0,0,/home/arjaiswal/Polygeist/issues/aten_c_kernels/results/aten_glu/debuf.mlir,2025,0,1,1,287.4201573431492,0,65656,0.018130987882614136,0,0,0,0,"[{""body_indices"": [0], ""symbol"": ""cudnnPointwiseGraph_f32""}]",1,0,6,0.0,6
aten,aten_glu,/home/arjaiswal/Polygeist/issues/aten_c_kernels/results/aten_glu/debuf.mlir,fdb4e53721d86ad8c52485d9293105c391eda3e8b5557be2547dd8764e117a82,syntactic,5,ok,0,734.2052832245827,0,"[""/usr/bin/python3"", ""/home/arjaiswal/Polygeist/scripts/correctness/kernel_match_rewrite.py"", ""/home/arjaiswal/Polygeist/issues/aten_c_kernels/results/aten_glu/debuf.mlir"", ""--dry-run"", ""--matcher-mode"", ""syntactic"", ""--telemetry-json"", ""/home/arjaiswal/Polygeist/issues/equality_saturation_eval/campaign_20260908/aten-aten_glu-syntactic-2ul2a7re.json"", ""--disable-semantic-fallback""]","== match report for /home/arjaiswal/Polygeist/issues/aten_c_kernels/results/aten_glu/debuf.mlir ==
  match          body#[0]  cudnnPointwiseGraph_f32
  total: 1 matched / 1 bodies
",0,[],0,0,0,0,/home/arjaiswal/Polygeist/issues/aten_c_kernels/results/aten_glu/debuf.mlir,2025,0,1,1,311.24353036284447,0,65480,0.02839416265487671,0,0,0,0,"[{""body_indices"": [0], ""symbol"": ""cudnnPointwiseGraph_f32""}]",1,0,6,0.0,6
aten,aten_glu,/home/arjaiswal/Polygeist/issues/aten_c_kernels/results/aten_glu/debuf.mlir,fdb4e53721d86ad8c52485d9293105c391eda3e8b5557be2547dd8764e117a82,egglog,5,ok,0,730.9251092374325,0,"[""/usr/bin/python3"", ""/home/arjaiswal/Polygeist/scripts/correctness/kernel_match_rewrite.py"", ""/home/arjaiswal/Polygeist/issues/aten_c_kernels/results/aten_glu/debuf.mlir"", ""--dry-run"", ""--matcher-mode"", ""egglog"", ""--telemetry-json"", ""/home/arjaiswal/Polygeist/issues/equality_saturation_eval/campaign_20260908/aten-aten_glu-egglog-hpm6gi77.json"", ""--disable-semantic-fallback""]","== match report for /home/arjaiswal/Polygeist/issues/aten_c_kernels/results/aten_glu/debuf.mlir ==
  match          body#[0]  cudnnPointwiseGraph_f32
  total: 1 matched / 1 bodies
",0,[],0,0,0,0,/home/arjaiswal/Polygeist/issues/aten_c_kernels/results/aten_glu/debuf.mlir,2025,8,1,1,318.1162402033806,0,65796,0.0,0,0,0,0,"[{""body_indices"": [0], ""symbol"": ""cudnnPointwiseGraph_f32""}]",1,0,0,0.0,6
aten,aten_glu_backward,/home/arjaiswal/Polygeist/issues/aten_c_kernels/results/aten_glu_backward/debuf.mlir,498033cef3bb6739fd357fb2c15d0e7b5084adc26cb213ac6f80ee1fa0f4b3b5,egglog,1,ok,0,717.269953340292,0,"[""/usr/bin/python3"", ""/home/arjaiswal/Polygeist/scripts/correctness/kernel_match_rewrite.py"", ""/home/arjaiswal/Polygeist/issues/aten_c_kernels/results/aten_glu_backward/debuf.mlir"", ""--dry-run"", ""--matcher-mode"", ""egglog"", ""--telemetry-json"", ""/home/arjaiswal/Polygeist/issues/equality_saturation_eval/campaign_20260908/aten-aten_glu_backward-egglog-6u5prmea.json"", ""--disable-semantic-fallback""]","== match report for /home/arjaiswal/Polygeist/issues/aten_c_kernels/results/aten_glu_backward/debuf.mlir ==
  match          body#[0]  cudnnPointwiseGraph_f32
  total: 1 matched / 1 bodies
",0,[],0,0,0,0,/home/arjaiswal/Polygeist/issues/aten_c_kernels/results/aten_glu_backward/debuf.mlir,2162,8,1,1,288.1752587854862,0,64816,0.0,0,0,0,0,"[{""body_indices"": [0], ""symbol"": ""cudnnPointwiseGraph_f32""}]",1,0,0,0.0,0
aten,aten_glu_backward,/home/arjaiswal/Polygeist/issues/aten_c_kernels/results/aten_glu_backward/debuf.mlir,498033cef3bb6739fd357fb2c15d0e7b5084adc26cb213ac6f80ee1fa0f4b3b5,syntactic,1,ok,0,712.3400419950485,0,"[""/usr/bin/python3"", ""/home/arjaiswal/Polygeist/scripts/correctness/kernel_match_rewrite.py"", ""/home/arjaiswal/Polygeist/issues/aten_c_kernels/results/aten_glu_backward/debuf.mlir"", ""--dry-run"", ""--matcher-mode"", ""syntactic"", ""--telemetry-json"", ""/home/arjaiswal/Polygeist/issues/equality_saturation_eval/campaign_20260908/aten-aten_glu_backward-syntactic-6dps3i_i.json"", ""--disable-semantic-fallback""]","== match report for /home/arjaiswal/Polygeist/issues/aten_c_kernels/results/aten_glu_backward/debuf.mlir ==
  match          body#[0]  cudnnPointwiseGraph_f32
  total: 1 matched / 1 bodies
",0,[],0,0,0,0,/home/arjaiswal/Polygeist/issues/aten_c_kernels/results/aten_glu_backward/debuf.mlir,2162,0,1,1,285.75732558965683,0,64788,0.0,0,0,0,0,"[{""body_indices"": [0], ""symbol"": ""cudnnPointwiseGraph_f32""}]",1,0,0,0.0,0
aten,aten_glu_backward,/home/arjaiswal/Polygeist/issues/aten_c_kernels/results/aten_glu_backward/debuf.mlir,498033cef3bb6739fd357fb2c15d0e7b5084adc26cb213ac6f80ee1fa0f4b3b5,syntactic,2,ok,0,726.990107446909,0,"[""/usr/bin/python3"", ""/home/arjaiswal/Polygeist/scripts/correctness/kernel_match_rewrite.py"", ""/home/arjaiswal/Polygeist/issues/aten_c_kernels/results/aten_glu_backward/debuf.mlir"", ""--dry-run"", ""--matcher-mode"", ""syntactic"", ""--telemetry-json"", ""/home/arjaiswal/Polygeist/issues/equality_saturation_eval/campaign_20260908/aten-aten_glu_backward-syntactic-ar0e6vh8.json"", ""--disable-semantic-fallback""]","== match report for /home/arjaiswal/Polygeist/issues/aten_c_kernels/results/aten_glu_backward/debuf.mlir ==
  match          body#[0]  cudnnPointwiseGraph_f32
  total: 1 matched / 1 bodies
",0,[],0,0,0,0,/home/arjaiswal/Polygeist/issues/aten_c_kernels/results/aten_glu_backward/debuf.mlir,2162,0,1,1,289.65824469923973,0,64656,0.0,0,0,0,0,"[{""body_indices"": [0], ""symbol"": ""cudnnPointwiseGraph_f32""}]",1,0,0,0.0,0
aten,aten_glu_backward,/home/arjaiswal/Polygeist/issues/aten_c_kernels/results/aten_glu_backward/debuf.mlir,498033cef3bb6739fd357fb2c15d0e7b5084adc26cb213ac6f80ee1fa0f4b3b5,egglog,2,ok,0,713.5639563202858,0,"[""/usr/bin/python3"", ""/home/arjaiswal/Polygeist/scripts/correctness/kernel_match_rewrite.py"", ""/home/arjaiswal/Polygeist/issues/aten_c_kernels/results/aten_glu_backward/debuf.mlir"", ""--dry-run"", ""--matcher-mode"", ""egglog"", ""--telemetry-json"", ""/home/arjaiswal/Polygeist/issues/equality_saturation_eval/campaign_20260908/aten-aten_glu_backward-egglog-79hpxddq.json"", ""--disable-semantic-fallback""]","== match report for /home/arjaiswal/Polygeist/issues/aten_c_kernels/results/aten_glu_backward/debuf.mlir ==
  match          body#[0]  cudnnPointwiseGraph_f32
  total: 1 matched / 1 bodies
",0,[],0,0,0,0,/home/arjaiswal/Polygeist/issues/aten_c_kernels/results/aten_glu_backward/debuf.mlir,2162,8,1,1,273.2063718140125,0,64716,0.0,0,0,0,0,"[{""body_indices"": [0], ""symbol"": ""cudnnPointwiseGraph_f32""}]",1,0,0,0.0,0
aten,aten_glu_backward,/home/arjaiswal/Polygeist/issues/aten_c_kernels/results/aten_glu_backward/debuf.mlir,498033cef3bb6739fd357fb2c15d0e7b5084adc26cb213ac6f80ee1fa0f4b3b5,egglog,3,ok,0,700.5055136978626,0,"[""/usr/bin/python3"", ""/home/arjaiswal/Polygeist/scripts/correctness/kernel_match_rewrite.py"", ""/home/arjaiswal/Polygeist/issues/aten_c_kernels/results/aten_glu_backward/debuf.mlir"", ""--dry-run"", ""--matcher-mode"", ""egglog"", ""--telemetry-json"", ""/home/arjaiswal/Polygeist/issues/equality_saturation_eval/campaign_20260908/aten-aten_glu_backward-egglog-4wxlv2kr.json"", ""--disable-semantic-fallback""]","== match report for /home/arjaiswal/Polygeist/issues/aten_c_kernels/results/aten_glu_backward/debuf.mlir ==
  match          body#[0]  cudnnPointwiseGraph_f32
  total: 1 matched / 1 bodies
",0,[],0,0,0,0,/home/arjaiswal/Polygeist/issues/aten_c_kernels/results/aten_glu_backward/debuf.mlir,2162,8,1,1,278.8773216307163,0,64832,0.0,0,0,0,0,"[{""body_indices"": [0], ""symbol"": ""cudnnPointwiseGraph_f32""}]",1,0,0,0.0,0
aten,aten_glu_backward,/home/arjaiswal/Polygeist/issues/aten_c_kernels/results/aten_glu_backward/debuf.mlir,498033cef3bb6739fd357fb2c15d0e7b5084adc26cb213ac6f80ee1fa0f4b3b5,syntactic,3,ok,0,708.7717205286026,0,"[""/usr/bin/python3"", ""/home/arjaiswal/Polygeist/scripts/correctness/kernel_match_rewrite.py"", ""/home/arjaiswal/Polygeist/issues/aten_c_kernels/results/aten_glu_backward/debuf.mlir"", ""--dry-run"", ""--matcher-mode"", ""syntactic"", ""--telemetry-json"", ""/home/arjaiswal/Polygeist/issues/equality_saturation_eval/campaign_20260908/aten-aten_glu_backward-syntactic-a6f9x5tz.json"", ""--disable-semantic-fallback""]","== match report for /home/arjaiswal/Polygeist/issues/aten_c_kernels/results/aten_glu_backward/debuf.mlir ==
  match          body#[0]  cudnnPointwiseGraph_f32
  total: 1 matched / 1 bodies
",0,[],0,0,0,0,/home/arjaiswal/Polygeist/issues/aten_c_kernels/results/aten_glu_backward/debuf.mlir,2162,0,1,1,276.48691087961197,0,64668,0.0,0,0,0,0,"[{""body_indices"": [0], ""symbol"": ""cudnnPointwiseGraph_f32""}]",1,0,0,0.0,0
aten,aten_glu_backward,/home/arjaiswal/Polygeist/issues/aten_c_kernels/results/aten_glu_backward/debuf.mlir,498033cef3bb6739fd357fb2c15d0e7b5084adc26cb213ac6f80ee1fa0f4b3b5,syntactic,4,ok,0,697.2753070294857,0,"[""/usr/bin/python3"", ""/home/arjaiswal/Polygeist/scripts/correctness/kernel_match_rewrite.py"", ""/home/arjaiswal/Polygeist/issues/aten_c_kernels/results/aten_glu_backward/debuf.mlir"", ""--dry-run"", ""--matcher-mode"", ""syntactic"", ""--telemetry-json"", ""/home/arjaiswal/Polygeist/issues/equality_saturation_eval/campaign_20260908/aten-aten_glu_backward-syntactic-2otrhjpd.json"", ""--disable-semantic-fallback""]","== match report for /home/arjaiswal/Polygeist/issues/aten_c_kernels/results/aten_glu_backward/debuf.mlir ==
  match          body#[0]  cudnnPointwiseGraph_f32
  total: 1 matched / 1 bodies
",0,[],0,0,0,0,/home/arjaiswal/Polygeist/issues/aten_c_kernels/results/aten_glu_backward/debuf.mlir,2162,0,1,1,270.00804990530014,0,64816,0.0,0,0,0,0,"[{""body_indices"": [0], ""symbol"": ""cudnnPointwiseGraph_f32""}]",1,0,0,0.0,0
aten,aten_glu_backward,/home/arjaiswal/Polygeist/issues/aten_c_kernels/results/aten_glu_backward/debuf.mlir,498033cef3bb6739fd357fb2c15d0e7b5084adc26cb213ac6f80ee1fa0f4b3b5,egglog,4,ok,0,699.5231099426746,0,"[""/usr/bin/python3"", ""/home/arjaiswal/Polygeist/scripts/correctness/kernel_match_rewrite.py"", ""/home/arjaiswal/Polygeist/issues/aten_c_kernels/results/aten_glu_backward/debuf.mlir"", ""--dry-run"", ""--matcher-mode"", ""egglog"", ""--telemetry-json"", ""/home/arjaiswal/Polygeist/issues/equality_saturation_eval/campaign_20260908/aten-aten_glu_backward-egglog-nqsqzqsx.json"", ""--disable-semantic-fallback""]","== match report for /home/arjaiswal/Polygeist/issues/aten_c_kernels/results/aten_glu_backward/debuf.mlir ==
  match          body#[0]  cudnnPointwiseGraph_f32
  total: 1 matched / 1 bodies
",0,[],0,0,0,0,/home/arjaiswal/Polygeist/issues/aten_c_kernels/results/aten_glu_backward/debuf.mlir,2162,8,1,1,287.1594578027725,0,64756,0.0,0,0,0,0,"[{""body_indices"": [0], ""symbol"": ""cudnnPointwiseGraph_f32""}]",1,0,0,0.0,0
aten,aten_glu_backward,/home/arjaiswal/Polygeist/issues/aten_c_kernels/results/aten_glu_backward/debuf.mlir,498033cef3bb6739fd357fb2c15d0e7b5084adc26cb213ac6f80ee1fa0f4b3b5,egglog,5,ok,0,688.0052946507931,0,"[""/usr/bin/python3"", ""/home/arjaiswal/Polygeist/scripts/correctness/kernel_match_rewrite.py"", ""/home/arjaiswal/Polygeist/issues/aten_c_kernels/results/aten_glu_backward/debuf.mlir"", ""--dry-run"", ""--matcher-mode"", ""egglog"", ""--telemetry-json"", ""/home/arjaiswal/Polygeist/issues/equality_saturation_eval/campaign_20260908/aten-aten_glu_backward-egglog-jb33yg65.json"", ""--disable-semantic-fallback""]","== match report for /home/arjaiswal/Polygeist/issues/aten_c_kernels/results/aten_glu_backward/debuf.mlir ==
  match          body#[0]  cudnnPointwiseGraph_f32
  total: 1 matched / 1 bodies
",0,[],0,0,0,0,/home/arjaiswal/Polygeist/issues/aten_c_kernels/results/aten_glu_backward/debuf.mlir,2162,8,1,1,271.17758989334106,0,64808,0.0,0,0,0,0,"[{""body_indices"": [0], ""symbol"": ""cudnnPointwiseGraph_f32""}]",1,0,0,0.0,0
aten,aten_glu_backward,/home/arjaiswal/Polygeist/issues/aten_c_kernels/results/aten_glu_backward/debuf.mlir,498033cef3bb6739fd357fb2c15d0e7b5084adc26cb213ac6f80ee1fa0f4b3b5,syntactic,5,ok,0,696.2905451655388,0,"[""/usr/bin/python3"", ""/home/arjaiswal/Polygeist/scripts/correctness/kernel_match_rewrite.py"", ""/home/arjaiswal/Polygeist/issues/aten_c_kernels/results/aten_glu_backward/debuf.mlir"", ""--dry-run"", ""--matcher-mode"", ""syntactic"", ""--telemetry-json"", ""/home/arjaiswal/Polygeist/issues/equality_saturation_eval/campaign_20260908/aten-aten_glu_backward-syntactic-hw__gx2_.json"", ""--disable-semantic-fallback""]","== match report for /home/arjaiswal/Polygeist/issues/aten_c_kernels/results/aten_glu_backward/debuf.mlir ==
  match          body#[0]  cudnnPointwiseGraph_f32
  total: 1 matched / 1 bodies
",0,[],0,0,0,0,/home/arjaiswal/Polygeist/issues/aten_c_kernels/results/aten_glu_backward/debuf.mlir,2162,0,1,1,282.3070138692856,0,64764,0.0,0,0,0,0,"[{""body_indices"": [0], ""symbol"": ""cudnnPointwiseGraph_f32""}]",1,0,0,0.0,0
aten,aten_glu_jvp,/home/arjaiswal/Polygeist/issues/aten_c_kernels/results/aten_glu_jvp/debuf.mlir,8b38df4c629544dc4283bdfd2499eff57d8426b0b9809dd6d536a7d99f70105c,syntactic,1,ok,0,701.0367438197136,0,"[""/usr/bin/python3"", ""/home/arjaiswal/Polygeist/scripts/correctness/kernel_match_rewrite.py"", ""/home/arjaiswal/Polygeist/issues/aten_c_kernels/results/aten_glu_jvp/debuf.mlir"", ""--dry-run"", ""--matcher-mode"", ""syntactic"", ""--telemetry-json"", ""/home/arjaiswal/Polygeist/issues/equality_saturation_eval/campaign_20260908/aten-aten_glu_jvp-syntactic-qvejkyzh.json"", ""--disable-semantic-fallback""]","== match report for /home/arjaiswal/Polygeist/issues/aten_c_kernels/results/aten_glu_jvp/debuf.mlir ==
  match          body#[0]  cudnnPointwiseGraph_f32
  total: 1 matched / 1 bodies
",0,[],0,0,0,0,/home/arjaiswal/Polygeist/issues/aten_c_kernels/results/aten_glu_jvp/debuf.mlir,2456,0,1,1,292.6999442279339,0,64480,0.0,0,0,0,0,"[{""body_indices"": [0], ""symbol"": ""cudnnPointwiseGraph_f32""}]",1,0,0,0.0,0
aten,aten_glu_jvp,/home/arjaiswal/Polygeist/issues/aten_c_kernels/results/aten_glu_jvp/debuf.mlir,8b38df4c629544dc4283bdfd2499eff57d8426b0b9809dd6d536a7d99f70105c,egglog,1,ok,0,816.824272274971,0,"[""/usr/bin/python3"", ""/home/arjaiswal/Polygeist/scripts/correctness/kernel_match_rewrite.py"", ""/home/arjaiswal/Polygeist/issues/aten_c_kernels/results/aten_glu_jvp/debuf.mlir"", ""--dry-run"", ""--matcher-mode"", ""egglog"", ""--telemetry-json"", ""/home/arjaiswal/Polygeist/issues/equality_saturation_eval/campaign_20260908/aten-aten_glu_jvp-egglog-otgzjy0s.json"", ""--disable-semantic-fallback""]","== match report for /home/arjaiswal/Polygeist/issues/aten_c_kernels/results/aten_glu_jvp/debuf.mlir ==
  match          body#[0]  cudnnPointwiseGraph_f32
  total: 1 matched / 1 bodies
",0,[],0,0,0,0,/home/arjaiswal/Polygeist/issues/aten_c_kernels/results/aten_glu_jvp/debuf.mlir,2456,8,1,1,408.1866778433323,0,64800,0.0,0,0,0,0,"[{""body_indices"": [0], ""symbol"": ""cudnnPointwiseGraph_f32""}]",1,0,0,0.0,0
aten,aten_glu_jvp,/home/arjaiswal/Polygeist/issues/aten_c_kernels/results/aten_glu_jvp/debuf.mlir,8b38df4c629544dc4283bdfd2499eff57d8426b0b9809dd6d536a7d99f70105c,egglog,2,ok,0,689.5530931651592,0,"[""/usr/bin/python3"", ""/home/arjaiswal/Polygeist/scripts/correctness/kernel_match_rewrite.py"", ""/home/arjaiswal/Polygeist/issues/aten_c_kernels/results/aten_glu_jvp/debuf.mlir"", ""--dry-run"", ""--matcher-mode"", ""egglog"", ""--telemetry-json"", ""/home/arjaiswal/Polygeist/issues/equality_saturation_eval/campaign_20260908/aten-aten_glu_jvp-egglog-is6ljmb_.json"", ""--disable-semantic-fallback""]","== match report for /home/arjaiswal/Polygeist/issues/aten_c_kernels/results/aten_glu_jvp/debuf.mlir ==
  match          body#[0]  cudnnPointwiseGraph_f32
  total: 1 matched / 1 bodies
",0,[],0,0,0,0,/home/arjaiswal/Polygeist/issues/aten_c_kernels/results/aten_glu_jvp/debuf.mlir,2456,8,1,1,277.0964615046978,0,64476,0.0,0,0,0,0,"[{""body_indices"": [0], ""symbol"": ""cudnnPointwiseGraph_f32""}]",1,0,0,0.0,0
aten,aten_glu_jvp,/home/arjaiswal/Polygeist/issues/aten_c_kernels/results/aten_glu_jvp/debuf.mlir,8b38df4c629544dc4283bdfd2499eff57d8426b0b9809dd6d536a7d99f70105c,syntactic,2,ok,0,714.8361690342426,0,"[""/usr/bin/python3"", ""/home/arjaiswal/Polygeist/scripts/correctness/kernel_match_rewrite.py"", ""/home/arjaiswal/Polygeist/issues/aten_c_kernels/results/aten_glu_jvp/debuf.mlir"", ""--dry-run"", ""--matcher-mode"", ""syntactic"", ""--telemetry-json"", ""/home/arjaiswal/Polygeist/issues/equality_saturation_eval/campaign_20260908/aten-aten_glu_jvp-syntactic-ibciqqyl.json"", ""--disable-semantic-fallback""]","== match report for /home/arjaiswal/Polygeist/issues/aten_c_kernels/results/aten_glu_jvp/debuf.mlir ==
  match          body#[0]  cudnnPointwiseGraph_f32
  total: 1 matched / 1 bodies
",0,[],0,0,0,0,/home/arjaiswal/Polygeist/issues/aten_c_kernels/results/aten_glu_jvp/debuf.mlir,2456,0,1,1,290.8402383327484,0,64764,0.0,0,0,0,0,"[{""body_indices"": [0], ""symbol"": ""cudnnPointwiseGraph_f32""}]",1,0,0,0.0,0
aten,aten_glu_jvp,/home/arjaiswal/Polygeist/issues/aten_c_kernels/results/aten_glu_jvp/debuf.mlir,8b38df4c629544dc4283bdfd2499eff57d8426b0b9809dd6d536a7d99f70105c,syntactic,3,ok,0,666.5904074907303,0,"[""/usr/bin/python3"", ""/home/arjaiswal/Polygeist/scripts/correctness/kernel_match_rewrite.py"", ""/home/arjaiswal/Polygeist/issues/aten_c_kernels/results/aten_glu_jvp/debuf.mlir"", ""--dry-run"", ""--matcher-mode"", ""syntactic"", ""--telemetry-json"", ""/home/arjaiswal/Polygeist/issues/equality_saturation_eval/campaign_20260908/aten-aten_glu_jvp-syntactic-mzcmerfl.json"", ""--disable-semantic-fallback""]","== match report for /home/arjaiswal/Polygeist/issues/aten_c_kernels/results/aten_glu_jvp/debuf.mlir ==
  match          body#[0]  cudnnPointwiseGraph_f32
  total: 1 matched / 1 bodies
",0,[],0,0,0,0,/home/arjaiswal/Polygeist/issues/aten_c_kernels/results/aten_glu_jvp/debuf.mlir,2456,0,1,1,267.6944024860859,0,64764,0.0,0,0,0,0,"[{""body_indices"": [0], ""symbol"": ""cudnnPointwiseGraph_f32""}]",1,0,0,0.0,0
aten,aten_glu_jvp,/home/arjaiswal/Polygeist/issues/aten_c_kernels/results/aten_glu_jvp/debuf.mlir,8b38df4c629544dc4283bdfd2499eff57d8426b0b9809dd6d536a7d99f70105c,egglog,3,ok,0,668.303094804287,0,"[""/usr/bin/python3"", ""/home/arjaiswal/Polygeist/scripts/correctness/kernel_match_rewrite.py"", ""/home/arjaiswal/Polygeist/issues/aten_c_kernels/results/aten_glu_jvp/debuf.mlir"", ""--dry-run"", ""--matcher-mode"", ""egglog"", ""--telemetry-json"", ""/home/arjaiswal/Polygeist/issues/equality_saturation_eval/campaign_20260908/aten-aten_glu_jvp-egglog-7d2q54g0.json"", ""--disable-semantic-fallback""]","== match report for /home/arjaiswal/Polygeist/issues/aten_c_kernels/results/aten_glu_jvp/debuf.mlir ==
  match          body#[0]  cudnnPointwiseGraph_f32
  total: 1 matched / 1 bodies
",0,[],0,0,0,0,/home/arjaiswal/Polygeist/issues/aten_c_kernels/results/aten_glu_jvp/debuf.mlir,2456,8,1,1,264.4044943153858,0,64944,0.0,0,0,0,0,"[{""body_indices"": [0], ""symbol"": ""cudnnPointwiseGraph_f32""}]",1,0,0,0.0,0
aten,aten_glu_jvp,/home/arjaiswal/Polygeist/issues/aten_c_kernels/results/aten_glu_jvp/debuf.mlir,8b38df4c629544dc4283bdfd2499eff57d8426b0b9809dd6d536a7d99f70105c,egglog,4,ok,0,725.0306010246277,0,"[""/usr/bin/python3"", ""/home/arjaiswal/Polygeist/scripts/correctness/kernel_match_rewrite.py"", ""/home/arjaiswal/Polygeist/issues/aten_c_kernels/results/aten_glu_jvp/debuf.mlir"", ""--dry-run"", ""--matcher-mode"", ""egglog"", ""--telemetry-json"", ""/home/arjaiswal/Polygeist/issues/equality_saturation_eval/campaign_20260908/aten-aten_glu_jvp-egglog-gawhjgzn.json"", ""--disable-semantic-fallback""]","== match report for /home/arjaiswal/Polygeist/issues/aten_c_kernels/results/aten_glu_jvp/debuf.mlir ==
  match          body#[0]  cudnnPointwiseGraph_f32
  total: 1 matched / 1 bodies
",0,[],0,0,0,0,/home/arjaiswal/Polygeist/issues/aten_c_kernels/results/aten_glu_jvp/debuf.mlir,2456,8,1,1,292.15072467923164,0,64576,0.0,0,0,0,0,"[{""body_indices"": [0], ""symbol"": ""cudnnPointwiseGraph_f32""}]",1,0,0,0.0,0
aten,aten_glu_jvp,/home/arjaiswal/Polygeist/issues/aten_c_kernels/results/aten_glu_jvp/debuf.mlir,8b38df4c629544dc4283bdfd2499eff57d8426b0b9809dd6d536a7d99f70105c,syntactic,4,ok,0,688.4805932641029,0,"[""/usr/bin/python3"", ""/home/arjaiswal/Polygeist/scripts/correctness/kernel_match_rewrite.py"", ""/home/arjaiswal/Polygeist/issues/aten_c_kernels/results/aten_glu_jvp/debuf.mlir"", ""--dry-run"", ""--matcher-mode"", ""syntactic"", ""--telemetry-json"", ""/home/arjaiswal/Polygeist/issues/equality_saturation_eval/campaign_20260908/aten-aten_glu_jvp-syntactic-bfprfmly.json"", ""--disable-semantic-fallback""]","== match report for /home/arjaiswal/Polygeist/issues/aten_c_kernels/results/aten_glu_jvp/debuf.mlir ==
  match          body#[0]  cudnnPointwiseGraph_f32
  total: 1 matched / 1 bodies
",0,[],0,0,0,0,/home/arjaiswal/Polygeist/issues/aten_c_kernels/results/aten_glu_jvp/debuf.mlir,2456,0,1,1,277.4549387395382,0,64924,0.0,0,0,0,0,"[{""body_indices"": [0], ""symbol"": ""cudnnPointwiseGraph_f32""}]",1,0,0,0.0,0
aten,aten_glu_jvp,/home/arjaiswal/Polygeist/issues/aten_c_kernels/results/aten_glu_jvp/debuf.mlir,8b38df4c629544dc4283bdfd2499eff57d8426b0b9809dd6d536a7d99f70105c,syntactic,5,ok,0,683.2020469009876,0,"[""/usr/bin/python3"", ""/home/arjaiswal/Polygeist/scripts/correctness/kernel_match_rewrite.py"", ""/home/arjaiswal/Polygeist/issues/aten_c_kernels/results/aten_glu_jvp/debuf.mlir"", ""--dry-run"", ""--matcher-mode"", ""syntactic"", ""--telemetry-json"", ""/home/arjaiswal/Polygeist/issues/equality_saturation_eval/campaign_20260908/aten-aten_glu_jvp-syntactic-mloz75yi.json"", ""--disable-semantic-fallback""]","== match report for /home/arjaiswal/Polygeist/issues/aten_c_kernels/results/aten_glu_jvp/debuf.mlir ==
  match          body#[0]  cudnnPointwiseGraph_f32
  total: 1 matched / 1 bodies
",0,[],0,0,0,0,/home/arjaiswal/Polygeist/issues/aten_c_kernels/results/aten_glu_jvp/debuf.mlir,2456,0,1,1,278.3149257302284,0,64992,0.0,0,0,0,0,"[{""body_indices"": [0], ""symbol"": ""cudnnPointwiseGraph_f32""}]",1,0,0,0.0,0
aten,aten_glu_jvp,/home/arjaiswal/Polygeist/issues/aten_c_kernels/results/aten_glu_jvp/debuf.mlir,8b38df4c629544dc4283bdfd2499eff57d8426b0b9809dd6d536a7d99f70105c,egglog,5,ok,0,707.7036127448082,0,"[""/usr/bin/python3"", ""/home/arjaiswal/Polygeist/scripts/correctness/kernel_match_rewrite.py"", ""/home/arjaiswal/Polygeist/issues/aten_c_kernels/results/aten_glu_jvp/debuf.mlir"", ""--dry-run"", ""--matcher-mode"", ""egglog"", ""--telemetry-json"", ""/home/arjaiswal/Polygeist/issues/equality_saturation_eval/campaign_20260908/aten-aten_glu_jvp-egglog-iyyxvn79.json"", ""--disable-semantic-fallback""]","== match report for /home/arjaiswal/Polygeist/issues/aten_c_kernels/results/aten_glu_jvp/debuf.mlir ==
  match          body#[0]  cudnnPointwiseGraph_f32
  total: 1 matched / 1 bodies
",0,[],0,0,0,0,/home/arjaiswal/Polygeist/issues/aten_c_kernels/results/aten_glu_jvp/debuf.mlir,2456,8,1,1,274.3309400975704,0,64760,0.0,0,0,0,0,"[{""body_indices"": [0], ""symbol"": ""cudnnPointwiseGraph_f32""}]",1,0,0,0.0,0
aten,aten_gradient_cpu,/home/arjaiswal/Polygeist/issues/aten_c_kernels/results/aten_gradient_cpu/debuf.mlir,26384dbca823f9bd27783de1820f4c4dc08073c5b8bde2e92e34c1921249fb91,egglog,1,ok,0,709.9213600158691,0,"[""/usr/bin/python3"", ""/home/arjaiswal/Polygeist/scripts/correctness/kernel_match_rewrite.py"", ""/home/arjaiswal/Polygeist/issues/aten_c_kernels/results/aten_gradient_cpu/debuf.mlir"", ""--dry-run"", ""--matcher-mode"", ""egglog"", ""--telemetry-json"", ""/home/arjaiswal/Polygeist/issues/equality_saturation_eval/campaign_20260908/aten-aten_gradient_cpu-egglog-zpf584fs.json"", ""--disable-semantic-fallback""]","== match report for /home/arjaiswal/Polygeist/issues/aten_c_kernels/results/aten_gradient_cpu/debuf.mlir ==
  match          body#[0]  cudnnPointwiseGraph_f32
  total: 1 matched / 1 bodies
",0,[],0,0,0,0,/home/arjaiswal/Polygeist/issues/aten_c_kernels/results/aten_gradient_cpu/debuf.mlir,3107,8,1,1,305.69617450237274,0,65664,0.0,0,0,0,0,"[{""body_indices"": [0], ""symbol"": ""cudnnPointwiseGraph_f32""}]",1,0,0,0.0,6
aten,aten_gradient_cpu,/home/arjaiswal/Polygeist/issues/aten_c_kernels/results/aten_gradient_cpu/debuf.mlir,26384dbca823f9bd27783de1820f4c4dc08073c5b8bde2e92e34c1921249fb91,syntactic,1,ok,0,739.5543195307255,0,"[""/usr/bin/python3"", ""/home/arjaiswal/Polygeist/scripts/correctness/kernel_match_rewrite.py"", ""/home/arjaiswal/Polygeist/issues/aten_c_kernels/results/aten_gradient_cpu/debuf.mlir"", ""--dry-run"", ""--matcher-mode"", ""syntactic"", ""--telemetry-json"", ""/home/arjaiswal/Polygeist/issues/equality_saturation_eval/campaign_20260908/aten-aten_gradient_cpu-syntactic-49ffdpn2.json"", ""--disable-semantic-fallback""]","== match report for /home/arjaiswal/Polygeist/issues/aten_c_kernels/results/aten_gradient_cpu/debuf.mlir ==
  match          body#[0]  cudnnPointwiseGraph_f32
  total: 1 matched / 1 bodies
",0,[],0,0,0,0,/home/arjaiswal/Polygeist/issues/aten_c_kernels/results/aten_gradient_cpu/debuf.mlir,3107,0,1,1,287.14630380272865,0,65676,0.016771256923675537,0,0,0,0,"[{""body_indices"": [0], ""symbol"": ""cudnnPointwiseGraph_f32""}]",1,0,6,0.0,6
aten,aten_gradient_cpu,/home/arjaiswal/Polygeist/issues/aten_c_kernels/results/aten_gradient_cpu/debuf.mlir,26384dbca823f9bd27783de1820f4c4dc08073c5b8bde2e92e34c1921249fb91,syntactic,2,ok,0,733.4834262728691,0,"[""/usr/bin/python3"", ""/home/arjaiswal/Polygeist/scripts/correctness/kernel_match_rewrite.py"", ""/home/arjaiswal/Polygeist/issues/aten_c_kernels/results/aten_gradient_cpu/debuf.mlir"", ""--dry-run"", ""--matcher-mode"", ""syntactic"", ""--telemetry-json"", ""/home/arjaiswal/Polygeist/issues/equality_saturation_eval/campaign_20260908/aten-aten_gradient_cpu-syntactic-zyf88t_v.json"", ""--disable-semantic-fallback""]","== match report for /home/arjaiswal/Polygeist/issues/aten_c_kernels/results/aten_gradient_cpu/debuf.mlir ==
  match          body#[0]  cudnnPointwiseGraph_f32
  total: 1 matched / 1 bodies
",0,[],0,0,0,0,/home/arjaiswal/Polygeist/issues/aten_c_kernels/results/aten_gradient_cpu/debuf.mlir,3107,0,1,1,306.7425265908241,0,65624,0.023365020751953125,0,0,0,0,"[{""body_indices"": [0], ""symbol"": ""cudnnPointwiseGraph_f32""}]",1,0,6,0.0,6
aten,aten_gradient_cpu,/home/arjaiswal/Polygeist/issues/aten_c_kernels/results/aten_gradient_cpu/debuf.mlir,26384dbca823f9bd27783de1820f4c4dc08073c5b8bde2e92e34c1921249fb91,egglog,2,ok,0,718.878947198391,0,"[""/usr/bin/python3"", ""/home/arjaiswal/Polygeist/scripts/correctness/kernel_match_rewrite.py"", ""/home/arjaiswal/Polygeist/issues/aten_c_kernels/results/aten_gradient_cpu/debuf.mlir"", ""--dry-run"", ""--matcher-mode"", ""egglog"", ""--telemetry-json"", ""/home/arjaiswal/Polygeist/issues/equality_saturation_eval/campaign_20260908/aten-aten_gradient_cpu-egglog-w4g5txyv.json"", ""--disable-semantic-fallback""]","== match report for /home/arjaiswal/Polygeist/issues/aten_c_kernels/results/aten_gradient_cpu/debuf.mlir ==
  match          body#[0]  cudnnPointwiseGraph_f32
  total: 1 matched / 1 bodies
",0,[],0,0,0,0,/home/arjaiswal/Polygeist/issues/aten_c_kernels/results/aten_gradient_cpu/debuf.mlir,3107,8,1,1,314.3569976091385,0,65568,0.0,0,0,0,0,"[{""body_indices"": [0], ""symbol"": ""cudnnPointwiseGraph_f32""}]",1,0,0,0.0,6
aten,aten_gradient_cpu,/home/arjaiswal/Polygeist/issues/aten_c_kernels/results/aten_gradient_cpu/debuf.mlir,26384dbca823f9bd27783de1820f4c4dc08073c5b8bde2e92e34c1921249fb91,egglog,3,ok,0,715.1393629610538,0,"[""/usr/bin/python3"", ""/home/arjaiswal/Polygeist/scripts/correctness/kernel_match_rewrite.py"", ""/home/arjaiswal/Polygeist/issues/aten_c_kernels/results/aten_gradient_cpu/debuf.mlir"", ""--dry-run"", ""--matcher-mode"", ""egglog"", ""--telemetry-json"", ""/home/arjaiswal/Polygeist/issues/equality_saturation_eval/campaign_20260908/aten-aten_gradient_cpu-egglog-02gxxkql.json"", ""--disable-semantic-fallback""]","== match report for /home/arjaiswal/Polygeist/issues/aten_c_kernels/results/aten_gradient_cpu/debuf.mlir ==
  match          body#[0]  cudnnPointwiseGraph_f32
  total: 1 matched / 1 bodies
",0,[],0,0,0,0,/home/arjaiswal/Polygeist/issues/aten_c_kernels/results/aten_gradient_cpu/debuf.mlir,3107,8,1,1,289.22877460718155,0,65660,0.0,0,0,0,0,"[{""body_indices"": [0], ""symbol"": ""cudnnPointwiseGraph_f32""}]",1,0,0,0.0,6
aten,aten_gradient_cpu,/home/arjaiswal/Polygeist/issues/aten_c_kernels/results/aten_gradient_cpu/debuf.mlir,26384dbca823f9bd27783de1820f4c4dc08073c5b8bde2e92e34c1921249fb91,syntactic,3,ok,0,732.3641665279865,0,"[""/usr/bin/python3"", ""/home/arjaiswal/Polygeist/scripts/correctness/kernel_match_rewrite.py"", ""/home/arjaiswal/Polygeist/issues/aten_c_kernels/results/aten_gradient_cpu/debuf.mlir"", ""--dry-run"", ""--matcher-mode"", ""syntactic"", ""--telemetry-json"", ""/home/arjaiswal/Polygeist/issues/equality_saturation_eval/campaign_20260908/aten-aten_gradient_cpu-syntactic-m03o4qmx.json"", ""--disable-semantic-fallback""]","== match report for /home/arjaiswal/Polygeist/issues/aten_c_kernels/results/aten_gradient_cpu/debuf.mlir ==
  match          body#[0]  cudnnPointwiseGraph_f32
  total: 1 matched / 1 bodies
",0,[],0,0,0,0,/home/arjaiswal/Polygeist/issues/aten_c_kernels/results/aten_gradient_cpu/debuf.mlir,3107,0,1,1,300.82517489790916,0,65368,0.020153820514678955,0,0,0,0,"[{""body_indices"": [0], ""symbol"": ""cudnnPointwiseGraph_f32""}]",1,0,6,0.0,6
aten,aten_gradient_cpu,/home/arjaiswal/Polygeist/issues/aten_c_kernels/results/aten_gradient_cpu/debuf.mlir,26384dbca823f9bd27783de1820f4c4dc08073c5b8bde2e92e34c1921249fb91,syntactic,4,ok,0,723.8322831690311,0,"[""/usr/bin/python3"", ""/home/arjaiswal/Polygeist/scripts/correctness/kernel_match_rewrite.py"", ""/home/arjaiswal/Polygeist/issues/aten_c_kernels/results/aten_gradient_cpu/debuf.mlir"", ""--dry-run"", ""--matcher-mode"", ""syntactic"", ""--telemetry-json"", ""/home/arjaiswal/Polygeist/issues/equality_saturation_eval/campaign_20260908/aten-aten_gradient_cpu-syntactic-2u6yz0kl.json"", ""--disable-semantic-fallback""]","== match report for /home/arjaiswal/Polygeist/issues/aten_c_kernels/results/aten_gradient_cpu/debuf.mlir ==
  match          body#[0]  cudnnPointwiseGraph_f32
  total: 1 matched / 1 bodies
",0,[],0,0,0,0,/home/arjaiswal/Polygeist/issues/aten_c_kernels/results/aten_gradient_cpu/debuf.mlir,3107,0,1,1,315.1436112821102,0,65520,0.017356127500534058,0,0,0,0,"[{""body_indices"": [0], ""symbol"": ""cudnnPointwiseGraph_f32""}]",1,0,6,0.0,6
aten,aten_gradient_cpu,/home/arjaiswal/Polygeist/issues/aten_c_kernels/results/aten_gradient_cpu/debuf.mlir,26384dbca823f9bd27783de1820f4c4dc08073c5b8bde2e92e34c1921249fb91,egglog,4,ok,0,736.9530647993088,0,"[""/usr/bin/python3"", ""/home/arjaiswal/Polygeist/scripts/correctness/kernel_match_rewrite.py"", ""/home/arjaiswal/Polygeist/issues/aten_c_kernels/results/aten_gradient_cpu/debuf.mlir"", ""--dry-run"", ""--matcher-mode"", ""egglog"", ""--telemetry-json"", ""/home/arjaiswal/Polygeist/issues/equality_saturation_eval/campaign_20260908/aten-aten_gradient_cpu-egglog-glt3py0u.json"", ""--disable-semantic-fallback""]","== match report for /home/arjaiswal/Polygeist/issues/aten_c_kernels/results/aten_gradient_cpu/debuf.mlir ==
  match          body#[0]  cudnnPointwiseGraph_f32
  total: 1 matched / 1 bodies
",0,[],0,0,0,0,/home/arjaiswal/Polygeist/issues/aten_c_kernels/results/aten_gradient_cpu/debuf.mlir,3107,8,1,1,288.6207066476345,0,65776,0.0,0,0,0,0,"[{""body_indices"": [0], ""symbol"": ""cudnnPointwiseGraph_f32""}]",1,0,0,0.0,6
aten,aten_gradient_cpu,/home/arjaiswal/Polygeist/issues/aten_c_kernels/results/aten_gradient_cpu/debuf.mlir,26384dbca823f9bd27783de1820f4c4dc08073c5b8bde2e92e34c1921249fb91,egglog,5,ok,0,766.644112765789,0,"[""/usr/bin/python3"", ""/home/arjaiswal/Polygeist/scripts/correctness/kernel_match_rewrite.py"", ""/home/arjaiswal/Polygeist/issues/aten_c_kernels/results/aten_gradient_cpu/debuf.mlir"", ""--dry-run"", ""--matcher-mode"", ""egglog"", ""--telemetry-json"", ""/home/arjaiswal/Polygeist/issues/equality_saturation_eval/campaign_20260908/aten-aten_gradient_cpu-egglog-0bp3vp4p.json"", ""--disable-semantic-fallback""]","== match report for /home/arjaiswal/Polygeist/issues/aten_c_kernels/results/aten_gradient_cpu/debuf.mlir ==
  match          body#[0]  cudnnPointwiseGraph_f32
  total: 1 matched / 1 bodies
",0,[],0,0,0,0,/home/arjaiswal/Polygeist/issues/aten_c_kernels/results/aten_gradient_cpu/debuf.mlir,3107,8,1,1,321.3437385857105,0,65676,0.0,0,0,0,0,"[{""body_indices"": [0], ""symbol"": ""cudnnPointwiseGraph_f32""}]",1,0,0,0.0,6
aten,aten_gradient_cpu,/home/arjaiswal/Polygeist/issues/aten_c_kernels/results/aten_gradient_cpu/debuf.mlir,26384dbca823f9bd27783de1820f4c4dc08073c5b8bde2e92e34c1921249fb91,syntactic,5,ok,0,725.3789864480495,0,"[""/usr/bin/python3"", ""/home/arjaiswal/Polygeist/scripts/correctness/kernel_match_rewrite.py"", ""/home/arjaiswal/Polygeist/issues/aten_c_kernels/results/aten_gradient_cpu/debuf.mlir"", ""--dry-run"", ""--matcher-mode"", ""syntactic"", ""--telemetry-json"", ""/home/arjaiswal/Polygeist/issues/equality_saturation_eval/campaign_20260908/aten-aten_gradient_cpu-syntactic-paozssfz.json"", ""--disable-semantic-fallback""]","== match report for /home/arjaiswal/Polygeist/issues/aten_c_kernels/results/aten_gradient_cpu/debuf.mlir ==
  match          body#[0]  cudnnPointwiseGraph_f32
  total: 1 matched / 1 bodies
",0,[],0,0,0,0,/home/arjaiswal/Polygeist/issues/aten_c_kernels/results/aten_gradient_cpu/debuf.mlir,3107,0,1,1,288.32538053393364,0,65700,0.017073005437850952,0,0,0,0,"[{""body_indices"": [0], ""symbol"": ""cudnnPointwiseGraph_f32""}]",1,0,6,0.0,6
aten,aten_gradient_float_cpu,/home/arjaiswal/Polygeist/issues/aten_c_kernels/results/aten_gradient_float_cpu/debuf.mlir,5d5d6b1d3fb9ee923643aac47c4b08e10a93e45e5aa779e4256976fe8f4e16f5,syntactic,1,ok,0,670.7026362419128,0,"[""/usr/bin/python3"", ""/home/arjaiswal/Polygeist/scripts/correctness/kernel_match_rewrite.py"", ""/home/arjaiswal/Polygeist/issues/aten_c_kernels/results/aten_gradient_float_cpu/debuf.mlir"", ""--dry-run"", ""--matcher-mode"", ""syntactic"", ""--telemetry-json"", ""/home/arjaiswal/Polygeist/issues/equality_saturation_eval/campaign_20260908/aten-aten_gradient_float_cpu-syntactic-va9dubdb.json"", ""--disable-semantic-fallback""]","== match report for /home/arjaiswal/Polygeist/issues/aten_c_kernels/results/aten_gradient_float_cpu/debuf.mlir ==
  match          body#[0]  cudnnPointwiseGraph_f32
  total: 1 matched / 1 bodies
",0,[],0,0,0,0,/home/arjaiswal/Polygeist/issues/aten_c_kernels/results/aten_gradient_float_cpu/debuf.mlir,3788,0,1,1,277.7129001915455,0,64552,0.0,0,0,0,0,"[{""body_indices"": [0], ""symbol"": ""cudnnPointwiseGraph_f32""}]",1,0,0,0.0,0
aten,aten_gradient_float_cpu,/home/arjaiswal/Polygeist/issues/aten_c_kernels/results/aten_gradient_float_cpu/debuf.mlir,5d5d6b1d3fb9ee923643aac47c4b08e10a93e45e5aa779e4256976fe8f4e16f5,egglog,1,ok,0,700.4706561565399,0,"[""/usr/bin/python3"", ""/home/arjaiswal/Polygeist/scripts/correctness/kernel_match_rewrite.py"", ""/home/arjaiswal/Polygeist/issues/aten_c_kernels/results/aten_gradient_float_cpu/debuf.mlir"", ""--dry-run"", ""--matcher-mode"", ""egglog"", ""--telemetry-json"", ""/home/arjaiswal/Polygeist/issues/equality_saturation_eval/campaign_20260908/aten-aten_gradient_float_cpu-egglog-c5arkoh6.json"", ""--disable-semantic-fallback""]","== match report for /home/arjaiswal/Polygeist/issues/aten_c_kernels/results/aten_gradient_float_cpu/debuf.mlir ==
  match          body#[0]  cudnnPointwiseGraph_f32
  total: 1 matched / 1 bodies
",0,[],0,0,0,0,/home/arjaiswal/Polygeist/issues/aten_c_kernels/results/aten_gradient_float_cpu/debuf.mlir,3788,8,1,1,269.49870958924294,0,64804,0.0,0,0,0,0,"[{""body_indices"": [0], ""symbol"": ""cudnnPointwiseGraph_f32""}]",1,0,0,0.0,0
aten,aten_gradient_float_cpu,/home/arjaiswal/Polygeist/issues/aten_c_kernels/results/aten_gradient_float_cpu/debuf.mlir,5d5d6b1d3fb9ee923643aac47c4b08e10a93e45e5aa779e4256976fe8f4e16f5,egglog,2,ok,0,702.0724676549435,0,"[""/usr/bin/python3"", ""/home/arjaiswal/Polygeist/scripts/correctness/kernel_match_rewrite.py"", ""/home/arjaiswal/Polygeist/issues/aten_c_kernels/results/aten_gradient_float_cpu/debuf.mlir"", ""--dry-run"", ""--matcher-mode"", ""egglog"", ""--telemetry-json"", ""/home/arjaiswal/Polygeist/issues/equality_saturation_eval/campaign_20260908/aten-aten_gradient_float_cpu-egglog-rmt1zqrr.json"", ""--disable-semantic-fallback""]","== match report for /home/arjaiswal/Polygeist/issues/aten_c_kernels/results/aten_gradient_float_cpu/debuf.mlir ==
  match          body#[0]  cudnnPointwiseGraph_f32
  total: 1 matched / 1 bodies
",0,[],0,0,0,0,/home/arjaiswal/Polygeist/issues/aten_c_kernels/results/aten_gradient_float_cpu/debuf.mlir,3788,8,1,1,264.9298906326294,0,64996,0.0,0,0,0,0,"[{""body_indices"": [0], ""symbol"": ""cudnnPointwiseGraph_f32""}]",1,0,0,0.0,0
aten,aten_gradient_float_cpu,/home/arjaiswal/Polygeist/issues/aten_c_kernels/results/aten_gradient_float_cpu/debuf.mlir,5d5d6b1d3fb9ee923643aac47c4b08e10a93e45e5aa779e4256976fe8f4e16f5,syntactic,2,ok,0,676.7797693610191,0,"[""/usr/bin/python3"", ""/home/arjaiswal/Polygeist/scripts/correctness/kernel_match_rewrite.py"", ""/home/arjaiswal/Polygeist/issues/aten_c_kernels/results/aten_gradient_float_cpu/debuf.mlir"", ""--dry-run"", ""--matcher-mode"", ""syntactic"", ""--telemetry-json"", ""/home/arjaiswal/Polygeist/issues/equality_saturation_eval/campaign_20260908/aten-aten_gradient_float_cpu-syntactic-z8nflrld.json"", ""--disable-semantic-fallback""]","== match report for /home/arjaiswal/Polygeist/issues/aten_c_kernels/results/aten_gradient_float_cpu/debuf.mlir ==
  match          body#[0]  cudnnPointwiseGraph_f32
  total: 1 matched / 1 bodies
",0,[],0,0,0,0,/home/arjaiswal/Polygeist/issues/aten_c_kernels/results/aten_gradient_float_cpu/debuf.mlir,3788,0,1,1,273.8672010600567,0,64932,0.0,0,0,0,0,"[{""body_indices"": [0], ""symbol"": ""cudnnPointwiseGraph_f32""}]",1,0,0,0.0,0
aten,aten_gradient_float_cpu,/home/arjaiswal/Polygeist/issues/aten_c_kernels/results/aten_gradient_float_cpu/debuf.mlir,5d5d6b1d3fb9ee923643aac47c4b08e10a93e45e5aa779e4256976fe8f4e16f5,syntactic,3,ok,0,768.1009843945503,0,"[""/usr/bin/python3"", ""/home/arjaiswal/Polygeist/scripts/correctness/kernel_match_rewrite.py"", ""/home/arjaiswal/Polygeist/issues/aten_c_kernels/results/aten_gradient_float_cpu/debuf.mlir"", ""--dry-run"", ""--matcher-mode"", ""syntactic"", ""--telemetry-json"", ""/home/arjaiswal/Polygeist/issues/equality_saturation_eval/campaign_20260908/aten-aten_gradient_float_cpu-syntactic-y1tnmwss.json"", ""--disable-semantic-fallback""]","== match report for /home/arjaiswal/Polygeist/issues/aten_c_kernels/results/aten_gradient_float_cpu/debuf.mlir ==
  match          body#[0]  cudnnPointwiseGraph_f32
  total: 1 matched / 1 bodies
",0,[],0,0,0,0,/home/arjaiswal/Polygeist/issues/aten_c_kernels/results/aten_gradient_float_cpu/debuf.mlir,3788,0,1,1,308.0374598503113,0,64812,0.0,0,0,0,0,"[{""body_indices"": [0], ""symbol"": ""cudnnPointwiseGraph_f32""}]",1,0,0,0.0,0
aten,aten_gradient_float_cpu,/home/arjaiswal/Polygeist/issues/aten_c_kernels/results/aten_gradient_float_cpu/debuf.mlir,5d5d6b1d3fb9ee923643aac47c4b08e10a93e45e5aa779e4256976fe8f4e16f5,egglog,3,ok,0,708.3425186574459,0,"[""/usr/bin/python3"", ""/home/arjaiswal/Polygeist/scripts/correctness/kernel_match_rewrite.py"", ""/home/arjaiswal/Polygeist/issues/aten_c_kernels/results/aten_gradient_float_cpu/debuf.mlir"", ""--dry-run"", ""--matcher-mode"", ""egglog"", ""--telemetry-json"", ""/home/arjaiswal/Polygeist/issues/equality_saturation_eval/campaign_20260908/aten-aten_gradient_float_cpu-egglog-63_jletu.json"", ""--disable-semantic-fallback""]","== match report for /home/arjaiswal/Polygeist/issues/aten_c_kernels/results/aten_gradient_float_cpu/debuf.mlir ==
  match          body#[0]  cudnnPointwiseGraph_f32
  total: 1 matched / 1 bodies
",0,[],0,0,0,0,/home/arjaiswal/Polygeist/issues/aten_c_kernels/results/aten_gradient_float_cpu/debuf.mlir,3788,8,1,1,268.7873989343643,0,64904,0.0,0,0,0,0,"[{""body_indices"": [0], ""symbol"": ""cudnnPointwiseGraph_f32""}]",1,0,0,0.0,0
aten,aten_gradient_float_cpu,/home/arjaiswal/Polygeist/issues/aten_c_kernels/results/aten_gradient_float_cpu/debuf.mlir,5d5d6b1d3fb9ee923643aac47c4b08e10a93e45e5aa779e4256976fe8f4e16f5,egglog,4,ok,0,730.1376275718212,0,"[""/usr/bin/python3"", ""/home/arjaiswal/Polygeist/scripts/correctness/kernel_match_rewrite.py"", ""/home/arjaiswal/Polygeist/issues/aten_c_kernels/results/aten_gradient_float_cpu/debuf.mlir"", ""--dry-run"", ""--matcher-mode"", ""egglog"", ""--telemetry-json"", ""/home/arjaiswal/Polygeist/issues/equality_saturation_eval/campaign_20260908/aten-aten_gradient_float_cpu-egglog-j3r94z21.json"", ""--disable-semantic-fallback""]","== match report for /home/arjaiswal/Polygeist/issues/aten_c_kernels/results/aten_gradient_float_cpu/debuf.mlir ==
  match          body#[0]  cudnnPointwiseGraph_f32
  total: 1 matched / 1 bodies
",0,[],0,0,0,0,/home/arjaiswal/Polygeist/issues/aten_c_kernels/results/aten_gradient_float_cpu/debuf.mlir,3788,8,1,1,303.3873252570629,0,64396,0.0,0,0,0,0,"[{""body_indices"": [0], ""symbol"": ""cudnnPointwiseGraph_f32""}]",1,0,0,0.0,0
aten,aten_gradient_float_cpu,/home/arjaiswal/Polygeist/issues/aten_c_kernels/results/aten_gradient_float_cpu/debuf.mlir,5d5d6b1d3fb9ee923643aac47c4b08e10a93e45e5aa779e4256976fe8f4e16f5,syntactic,4,ok,0,691.7105913162231,0,"[""/usr/bin/python3"", ""/home/arjaiswal/Polygeist/scripts/correctness/kernel_match_rewrite.py"", ""/home/arjaiswal/Polygeist/issues/aten_c_kernels/results/aten_gradient_float_cpu/debuf.mlir"", ""--dry-run"", ""--matcher-mode"", ""syntactic"", ""--telemetry-json"", ""/home/arjaiswal/Polygeist/issues/equality_saturation_eval/campaign_20260908/aten-aten_gradient_float_cpu-syntactic-osyr0gcj.json"", ""--disable-semantic-fallback""]","== match report for /home/arjaiswal/Polygeist/issues/aten_c_kernels/results/aten_gradient_float_cpu/debuf.mlir ==
  match          body#[0]  cudnnPointwiseGraph_f32
  total: 1 matched / 1 bodies
",0,[],0,0,0,0,/home/arjaiswal/Polygeist/issues/aten_c_kernels/results/aten_gradient_float_cpu/debuf.mlir,3788,0,1,1,279.4983796775341,0,64640,0.0,0,0,0,0,"[{""body_indices"": [0], ""symbol"": ""cudnnPointwiseGraph_f32""}]",1,0,0,0.0,0
aten,aten_gradient_float_cpu,/home/arjaiswal/Polygeist/issues/aten_c_kernels/results/aten_gradient_float_cpu/debuf.mlir,5d5d6b1d3fb9ee923643aac47c4b08e10a93e45e5aa779e4256976fe8f4e16f5,syntactic,5,ok,0,693.4419050812721,0,"[""/usr/bin/python3"", ""/home/arjaiswal/Polygeist/scripts/correctness/kernel_match_rewrite.py"", ""/home/arjaiswal/Polygeist/issues/aten_c_kernels/results/aten_gradient_float_cpu/debuf.mlir"", ""--dry-run"", ""--matcher-mode"", ""syntactic"", ""--telemetry-json"", ""/home/arjaiswal/Polygeist/issues/equality_saturation_eval/campaign_20260908/aten-aten_gradient_float_cpu-syntactic-82txglrp.json"", ""--disable-semantic-fallback""]","== match report for /home/arjaiswal/Polygeist/issues/aten_c_kernels/results/aten_gradient_float_cpu/debuf.mlir ==
  match          body#[0]  cudnnPointwiseGraph_f32
  total: 1 matched / 1 bodies
",0,[],0,0,0,0,/home/arjaiswal/Polygeist/issues/aten_c_kernels/results/aten_gradient_float_cpu/debuf.mlir,3788,0,1,1,264.13583382964134,0,64596,0.0,0,0,0,0,"[{""body_indices"": [0], ""symbol"": ""cudnnPointwiseGraph_f32""}]",1,0,0,0.0,0
aten,aten_gradient_float_cpu,/home/arjaiswal/Polygeist/issues/aten_c_kernels/results/aten_gradient_float_cpu/debuf.mlir,5d5d6b1d3fb9ee923643aac47c4b08e10a93e45e5aa779e4256976fe8f4e16f5,egglog,5,ok,0,692.6763989031315,0,"[""/usr/bin/python3"", ""/home/arjaiswal/Polygeist/scripts/correctness/kernel_match_rewrite.py"", ""/home/arjaiswal/Polygeist/issues/aten_c_kernels/results/aten_gradient_float_cpu/debuf.mlir"", ""--dry-run"", ""--matcher-mode"", ""egglog"", ""--telemetry-json"", ""/home/arjaiswal/Polygeist/issues/equality_saturation_eval/campaign_20260908/aten-aten_gradient_float_cpu-egglog-6f7btvdo.json"", ""--disable-semantic-fallback""]","== match report for /home/arjaiswal/Polygeist/issues/aten_c_kernels/results/aten_gradient_float_cpu/debuf.mlir ==
  match          body#[0]  cudnnPointwiseGraph_f32
  total: 1 matched / 1 bodies
",0,[],0,0,0,0,/home/arjaiswal/Polygeist/issues/aten_c_kernels/results/aten_gradient_float_cpu/debuf.mlir,3788,8,1,1,280.9176333248615,0,64644,0.0,0,0,0,0,"[{""body_indices"": [0], ""symbol"": ""cudnnPointwiseGraph_f32""}]",1,0,0,0.0,0
aten,aten_grid_sampler_2d_backward_cpu,/home/arjaiswal/Polygeist/issues/aten_c_kernels/results/aten_grid_sampler_2d_backward_cpu/debuf.mlir,3cf7a05914e8bba7e6b4314a2000ddbe1d0d01f158db8e648dcbebc33716d6b8,egglog,1,ok,0,1734.6761301159859,0,"[""/usr/bin/python3"", ""/home/arjaiswal/Polygeist/scripts/correctness/kernel_match_rewrite.py"", ""/home/arjaiswal/Polygeist/issues/aten_c_kernels/results/aten_grid_sampler_2d_backward_cpu/debuf.mlir"", ""--dry-run"", ""--matcher-mode"", ""egglog"", ""--telemetry-json"", ""/home/arjaiswal/Polygeist/issues/equality_saturation_eval/campaign_20260908/aten-aten_grid_sampler_2d_backward_cpu-egglog-gy37b9ck.json"", ""--disable-semantic-fallback""]","== match report for /home/arjaiswal/Polygeist/issues/aten_c_kernels/results/aten_grid_sampler_2d_backward_cpu/debuf.mlir ==
  match          body#[0]  memset_zero_1D_f32
  match          body#[1]  memset_zero_1D_f32
  match          body#[2]  cudnnPointwiseGraph_f32
  match          body#[3]  cudnnPointwiseGraph_f32
  total: 4 matched / 4 bodies
",0,[],0,0,0,0,/home/arjaiswal/Polygeist/issues/aten_c_kernels/results/aten_grid_sampler_2d_backward_cpu/debuf.mlir,10324,8,4,4,1288.4205728769302,0,70424,446.5218521654606,44,44,0,0,"[{""body_indices"": [0], ""symbol"": ""memset_zero_1D_f32""}, {""body_indices"": [1], ""symbol"": ""memset_zero_1D_f32""}, {""body_indices"": [2], ""symbol"": ""cudnnPointwiseGraph_f32""}, {""body_indices"": [3], ""symbol"": ""cudnnPointwiseGraph_f32""}]",4,0,0,0.0,176
aten,aten_grid_sampler_2d_backward_cpu,/home/arjaiswal/Polygeist/issues/aten_c_kernels/results/aten_grid_sampler_2d_backward_cpu/debuf.mlir,3cf7a05914e8bba7e6b4314a2000ddbe1d0d01f158db8e648dcbebc33716d6b8,syntactic,1,ok,0,1306.0908243060112,0,"[""/usr/bin/python3"", ""/home/arjaiswal/Polygeist/scripts/correctness/kernel_match_rewrite.py"", ""/home/arjaiswal/Polygeist/issues/aten_c_kernels/results/aten_grid_sampler_2d_backward_cpu/debuf.mlir"", ""--dry-run"", ""--matcher-mode"", ""syntactic"", ""--telemetry-json"", ""/home/arjaiswal/Polygeist/issues/equality_saturation_eval/campaign_20260908/aten-aten_grid_sampler_2d_backward_cpu-syntactic-m9f607z2.json"", ""--disable-semantic-fallback""]","== match report for /home/arjaiswal/Polygeist/issues/aten_c_kernels/results/aten_grid_sampler_2d_backward_cpu/debuf.mlir ==
  match          body#[0]  memset_zero_1D_f32
  match          body#[1]  memset_zero_1D_f32
  match          body#[2]  cudnnPointwiseGraph_f32
  match          body#[3]  cudnnPointwiseGraph_f32
  total: 4 matched / 4 bodies
",0,[],0,0,0,0,/home/arjaiswal/Polygeist/issues/aten_c_kernels/results/aten_grid_sampler_2d_backward_cpu/debuf.mlir,10324,0,4,4,828.9123810827732,0,66660,0.4887022078037262,0,44,0,0,"[{""body_indices"": [0], ""symbol"": ""memset_zero_1D_f32""}, {""body_indices"": [1], ""symbol"": ""memset_zero_1D_f32""}, {""body_indices"": [2], ""symbol"": ""cudnnPointwiseGraph_f32""}, {""body_indices"": [3], ""symbol"": ""cudnnPointwiseGraph_f32""}]",4,0,176,0.0,176
aten,aten_grid_sampler_2d_backward_cpu,/home/arjaiswal/Polygeist/issues/aten_c_kernels/results/aten_grid_sampler_2d_backward_cpu/debuf.mlir,3cf7a05914e8bba7e6b4314a2000ddbe1d0d01f158db8e648dcbebc33716d6b8,syntactic,2,ok,0,1254.6537294983864,0,"[""/usr/bin/python3"", ""/home/arjaiswal/Polygeist/scripts/correctness/kernel_match_rewrite.py"", ""/home/arjaiswal/Polygeist/issues/aten_c_kernels/results/aten_grid_sampler_2d_backward_cpu/debuf.mlir"", ""--dry-run"", ""--matcher-mode"", ""syntactic"", ""--telemetry-json"", ""/home/arjaiswal/Polygeist/issues/equality_saturation_eval/campaign_20260908/aten-aten_grid_sampler_2d_backward_cpu-syntactic-6va2cqns.json"", ""--disable-semantic-fallback""]","== match report for /home/arjaiswal/Polygeist/issues/aten_c_kernels/results/aten_grid_sampler_2d_backward_cpu/debuf.mlir ==
  match          body#[0]  memset_zero_1D_f32
  match          body#[1]  memset_zero_1D_f32
  match          body#[2]  cudnnPointwiseGraph_f32
  match          body#[3]  cudnnPointwiseGraph_f32
  total: 4 matched / 4 bodies
",0,[],0,0,0,0,/home/arjaiswal/Polygeist/issues/aten_c_kernels/results/aten_grid_sampler_2d_backward_cpu/debuf.mlir,10324,0,4,4,793.140385299921,0,66600,0.45671314001083374,0,44,0,0,"[{""body_indices"": [0], ""symbol"": ""memset_zero_1D_f32""}, {""body_indices"": [1], ""symbol"": ""memset_zero_1D_f32""}, {""body_indices"": [2], ""symbol"": ""cudnnPointwiseGraph_f32""}, {""body_indices"": [3], ""symbol"": ""cudnnPointwiseGraph_f32""}]",4,0,176,0.0,176
aten,aten_grid_sampler_2d_backward_cpu,/home/arjaiswal/Polygeist/issues/aten_c_kernels/results/aten_grid_sampler_2d_backward_cpu/debuf.mlir,3cf7a05914e8bba7e6b4314a2000ddbe1d0d01f158db8e648dcbebc33716d6b8,egglog,2,ok,0,1795.7022562623024,0,"[""/usr/bin/python3"", ""/home/arjaiswal/Polygeist/scripts/correctness/kernel_match_rewrite.py"", ""/home/arjaiswal/Polygeist/issues/aten_c_kernels/results/aten_grid_sampler_2d_backward_cpu/debuf.mlir"", ""--dry-run"", ""--matcher-mode"", ""egglog"", ""--telemetry-json"", ""/home/arjaiswal/Polygeist/issues/equality_saturation_eval/campaign_20260908/aten-aten_grid_sampler_2d_backward_cpu-egglog-jhfd09_l.json"", ""--disable-semantic-fallback""]","== match report for /home/arjaiswal/Polygeist/issues/aten_c_kernels/results/aten_grid_sampler_2d_backward_cpu/debuf.mlir ==
  match          body#[0]  memset_zero_1D_f32
  match          body#[1]  memset_zero_1D_f32
  match          body#[2]  cudnnPointwiseGraph_f32
  match          body#[3]  cudnnPointwiseGraph_f32
  total: 4 matched / 4 bodies
",0,[],0,0,0,0,/home/arjaiswal/Polygeist/issues/aten_c_kernels/results/aten_grid_sampler_2d_backward_cpu/debuf.mlir,10324,8,4,4,1334.7148038446903,0,70540,439.0225037932396,44,44,0,0,"[{""body_indices"": [0], ""symbol"": ""memset_zero_1D_f32""}, {""body_indices"": [1], ""symbol"": ""memset_zero_1D_f32""}, {""body_indices"": [2], ""symbol"": ""cudnnPointwiseGraph_f32""}, {""body_indices"": [3], ""symbol"": ""cudnnPointwiseGraph_f32""}]",4,0,0,0.0,176
aten,aten_grid_sampler_2d_backward_cpu,/home/arjaiswal/Polygeist/issues/aten_c_kernels/results/aten_grid_sampler_2d_backward_cpu/debuf.mlir,3cf7a05914e8bba7e6b4314a2000ddbe1d0d01f158db8e648dcbebc33716d6b8,egglog,3,ok,0,1817.4402229487896,0,"[""/usr/bin/python3"", ""/home/arjaiswal/Polygeist/scripts/correctness/kernel_match_rewrite.py"", ""/home/arjaiswal/Polygeist/issues/aten_c_kernels/results/aten_grid_sampler_2d_backward_cpu/debuf.mlir"", ""--dry-run"", ""--matcher-mode"", ""egglog"", ""--telemetry-json"", ""/home/arjaiswal/Polygeist/issues/equality_saturation_eval/campaign_20260908/aten-aten_grid_sampler_2d_backward_cpu-egglog-uxz9slgq.json"", ""--disable-semantic-fallback""]","== match report for /home/arjaiswal/Polygeist/issues/aten_c_kernels/results/aten_grid_sampler_2d_backward_cpu/debuf.mlir ==
  match          body#[0]  memset_zero_1D_f32
  match          body#[1]  memset_zero_1D_f32
  match          body#[2]  cudnnPointwiseGraph_f32
  match          body#[3]  cudnnPointwiseGraph_f32
  total: 4 matched / 4 bodies
",0,[],0,0,0,0,/home/arjaiswal/Polygeist/issues/aten_c_kernels/results/aten_grid_sampler_2d_backward_cpu/debuf.mlir,10324,8,4,4,1339.1813971102238,0,70740,470.40385007858276,44,44,0,0,"[{""body_indices"": [0], ""symbol"": ""memset_zero_1D_f32""}, {""body_indices"": [1], ""symbol"": ""memset_zero_1D_f32""}, {""body_indices"": [2], ""symbol"": ""cudnnPointwiseGraph_f32""}, {""body_indices"": [3], ""symbol"": ""cudnnPointwiseGraph_f32""}]",4,0,0,0.0,176
aten,aten_grid_sampler_2d_backward_cpu,/home/arjaiswal/Polygeist/issues/aten_c_kernels/results/aten_grid_sampler_2d_backward_cpu/debuf.mlir,3cf7a05914e8bba7e6b4314a2000ddbe1d0d01f158db8e648dcbebc33716d6b8,syntactic,3,ok,0,1370.7101978361607,0,"[""/usr/bin/python3"", ""/home/arjaiswal/Polygeist/scripts/correctness/kernel_match_rewrite.py"", ""/home/arjaiswal/Polygeist/issues/aten_c_kernels/results/aten_grid_sampler_2d_backward_cpu/debuf.mlir"", ""--dry-run"", ""--matcher-mode"", ""syntactic"", ""--telemetry-json"", ""/home/arjaiswal/Polygeist/issues/equality_saturation_eval/campaign_20260908/aten-aten_grid_sampler_2d_backward_cpu-syntactic-pf8zxvkx.json"", ""--disable-semantic-fallback""]","== match report for /home/arjaiswal/Polygeist/issues/aten_c_kernels/results/aten_grid_sampler_2d_backward_cpu/debuf.mlir ==
  match          body#[0]  memset_zero_1D_f32
  match          body#[1]  memset_zero_1D_f32
  match          body#[2]  cudnnPointwiseGraph_f32
  match          body#[3]  cudnnPointwiseGraph_f32
  total: 4 matched / 4 bodies
",0,[],0,0,0,0,/home/arjaiswal/Polygeist/issues/aten_c_kernels/results/aten_grid_sampler_2d_backward_cpu/debuf.mlir,10324,0,4,4,897.0609754323959,0,66352,0.4887580871582031,0,44,0,0,"[{""body_indices"": [0], ""symbol"": ""memset_zero_1D_f32""}, {""body_indices"": [1], ""symbol"": ""memset_zero_1D_f32""}, {""body_indices"": [2], ""symbol"": ""cudnnPointwiseGraph_f32""}, {""body_indices"": [3], ""symbol"": ""cudnnPointwiseGraph_f32""}]",4,0,176,0.0,176
aten,aten_grid_sampler_2d_backward_cpu,/home/arjaiswal/Polygeist/issues/aten_c_kernels/results/aten_grid_sampler_2d_backward_cpu/debuf.mlir,3cf7a05914e8bba7e6b4314a2000ddbe1d0d01f158db8e648dcbebc33716d6b8,syntactic,4,ok,0,1532.36922621727,0,"[""/usr/bin/python3"", ""/home/arjaiswal/Polygeist/scripts/correctness/kernel_match_rewrite.py"", ""/home/arjaiswal/Polygeist/issues/aten_c_kernels/results/aten_grid_sampler_2d_backward_cpu/debuf.mlir"", ""--dry-run"", ""--matcher-mode"", ""syntactic"", ""--telemetry-json"", ""/home/arjaiswal/Polygeist/issues/equality_saturation_eval/campaign_20260908/aten-aten_grid_sampler_2d_backward_cpu-syntactic-tl2xpmwk.json"", ""--disable-semantic-fallback""]","== match report for /home/arjaiswal/Polygeist/issues/aten_c_kernels/results/aten_grid_sampler_2d_backward_cpu/debuf.mlir ==
  match          body#[0]  memset_zero_1D_f32
  match          body#[1]  memset_zero_1D_f32
  match          body#[2]  cudnnPointwiseGraph_f32
  match          body#[3]  cudnnPointwiseGraph_f32
  total: 4 matched / 4 bodies
",0,[],0,0,0,0,/home/arjaiswal/Polygeist/issues/aten_c_kernels/results/aten_grid_sampler_2d_backward_cpu/debuf.mlir,10324,0,4,4,1002.6315823197365,0,66616,0.4764758050441742,0,44,0,0,"[{""body_indices"": [0], ""symbol"": ""memset_zero_1D_f32""}, {""body_indices"": [1], ""symbol"": ""memset_zero_1D_f32""}, {""body_indices"": [2], ""symbol"": ""cudnnPointwiseGraph_f32""}, {""body_indices"": [3], ""symbol"": ""cudnnPointwiseGraph_f32""}]",4,0,176,0.0,176
aten,aten_grid_sampler_2d_backward_cpu,/home/arjaiswal/Polygeist/issues/aten_c_kernels/results/aten_grid_sampler_2d_backward_cpu/debuf.mlir,3cf7a05914e8bba7e6b4314a2000ddbe1d0d01f158db8e648dcbebc33716d6b8,egglog,4,ok,0,2034.198373556137,0,"[""/usr/bin/python3"", ""/home/arjaiswal/Polygeist/scripts/correctness/kernel_match_rewrite.py"", ""/home/arjaiswal/Polygeist/issues/aten_c_kernels/results/aten_grid_sampler_2d_backward_cpu/debuf.mlir"", ""--dry-run"", ""--matcher-mode"", ""egglog"", ""--telemetry-json"", ""/home/arjaiswal/Polygeist/issues/equality_saturation_eval/campaign_20260908/aten-aten_grid_sampler_2d_backward_cpu-egglog-s0ipjooq.json"", ""--disable-semantic-fallback""]","== match report for /home/arjaiswal/Polygeist/issues/aten_c_kernels/results/aten_grid_sampler_2d_backward_cpu/debuf.mlir ==
  match          body#[0]  memset_zero_1D_f32
  match          body#[1]  memset_zero_1D_f32
  match          body#[2]  cudnnPointwiseGraph_f32
  match          body#[3]  cudnnPointwiseGraph_f32
  total: 4 matched / 4 bodies
",0,[],0,0,0,0,/home/arjaiswal/Polygeist/issues/aten_c_kernels/results/aten_grid_sampler_2d_backward_cpu/debuf.mlir,10324,8,4,4,1540.0713682174683,0,70768,559.5611557364464,44,44,0,0,"[{""body_indices"": [0], ""symbol"": ""memset_zero_1D_f32""}, {""body_indices"": [1], ""symbol"": ""memset_zero_1D_f32""}, {""body_indices"": [2], ""symbol"": ""cudnnPointwiseGraph_f32""}, {""body_indices"": [3], ""symbol"": ""cudnnPointwiseGraph_f32""}]",4,0,0,0.0,176
aten,aten_grid_sampler_2d_backward_cpu,/home/arjaiswal/Polygeist/issues/aten_c_kernels/results/aten_grid_sampler_2d_backward_cpu/debuf.mlir,3cf7a05914e8bba7e6b4314a2000ddbe1d0d01f158db8e648dcbebc33716d6b8,egglog,5,ok,0,1804.568286985159,0,"[""/usr/bin/python3"", ""/home/arjaiswal/Polygeist/scripts/correctness/kernel_match_rewrite.py"", ""/home/arjaiswal/Polygeist/issues/aten_c_kernels/results/aten_grid_sampler_2d_backward_cpu/debuf.mlir"", ""--dry-run"", ""--matcher-mode"", ""egglog"", ""--telemetry-json"", ""/home/arjaiswal/Polygeist/issues/equality_saturation_eval/campaign_20260908/aten-aten_grid_sampler_2d_backward_cpu-egglog-qa2enopc.json"", ""--disable-semantic-fallback""]","== match report for /home/arjaiswal/Polygeist/issues/aten_c_kernels/results/aten_grid_sampler_2d_backward_cpu/debuf.mlir ==
  match          body#[0]  memset_zero_1D_f32
  match          body#[1]  memset_zero_1D_f32
  match          body#[2]  cudnnPointwiseGraph_f32
  match          body#[3]  cudnnPointwiseGraph_f32
  total: 4 matched / 4 bodies
",0,[],0,0,0,0,/home/arjaiswal/Polygeist/issues/aten_c_kernels/results/aten_grid_sampler_2d_backward_cpu/debuf.mlir,10324,8,4,4,1333.5469923913479,0,70700,465.8503234386444,44,44,0,0,"[{""body_indices"": [0], ""symbol"": ""memset_zero_1D_f32""}, {""body_indices"": [1], ""symbol"": ""memset_zero_1D_f32""}, {""body_indices"": [2], ""symbol"": ""cudnnPointwiseGraph_f32""}, {""body_indices"": [3], ""symbol"": ""cudnnPointwiseGraph_f32""}]",4,0,0,0.0,176
aten,aten_grid_sampler_2d_backward_cpu,/home/arjaiswal/Polygeist/issues/aten_c_kernels/results/aten_grid_sampler_2d_backward_cpu/debuf.mlir,3cf7a05914e8bba7e6b4314a2000ddbe1d0d01f158db8e648dcbebc33716d6b8,syntactic,5,ok,0,1464.4684828817844,0,"[""/usr/bin/python3"", ""/home/arjaiswal/Polygeist/scripts/correctness/kernel_match_rewrite.py"", ""/home/arjaiswal/Polygeist/issues/aten_c_kernels/results/aten_grid_sampler_2d_backward_cpu/debuf.mlir"", ""--dry-run"", ""--matcher-mode"", ""syntactic"", ""--telemetry-json"", ""/home/arjaiswal/Polygeist/issues/equality_saturation_eval/campaign_20260908/aten-aten_grid_sampler_2d_backward_cpu-syntactic-nd7zziph.json"", ""--disable-semantic-fallback""]","== match report for /home/arjaiswal/Polygeist/issues/aten_c_kernels/results/aten_grid_sampler_2d_backward_cpu/debuf.mlir ==
  match          body#[0]  memset_zero_1D_f32
  match          body#[1]  memset_zero_1D_f32
  match          body#[2]  cudnnPointwiseGraph_f32
  match          body#[3]  cudnnPointwiseGraph_f32
  total: 4 matched / 4 bodies
",0,[],0,0,0,0,/home/arjaiswal/Polygeist/issues/aten_c_kernels/results/aten_grid_sampler_2d_backward_cpu/debuf.mlir,10324,0,4,4,937.89292126894,0,66492,0.572502613067627,0,44,0,0,"[{""body_indices"": [0], ""symbol"": ""memset_zero_1D_f32""}, {""body_indices"": [1], ""symbol"": ""memset_zero_1D_f32""}, {""body_indices"": [2], ""symbol"": ""cudnnPointwiseGraph_f32""}, {""body_indices"": [3], ""symbol"": ""cudnnPointwiseGraph_f32""}]",4,0,176,0.0,176
aten,aten_grid_sampler_2d_cpu,/home/arjaiswal/Polygeist/issues/aten_c_kernels/results/aten_grid_sampler_2d_cpu/debuf.mlir,591d12cc21efc6f13235ca689d981ffe382828bf96762e91a5da24877585e901,syntactic,1,ok,0,997.0348440110683,0,"[""/usr/bin/python3"", ""/home/arjaiswal/Polygeist/scripts/correctness/kernel_match_rewrite.py"", ""/home/arjaiswal/Polygeist/issues/aten_c_kernels/results/aten_grid_sampler_2d_cpu/debuf.mlir"", ""--dry-run"", ""--matcher-mode"", ""syntactic"", ""--telemetry-json"", ""/home/arjaiswal/Polygeist/issues/equality_saturation_eval/campaign_20260908/aten-aten_grid_sampler_2d_cpu-syntactic-5lyk657r.json"", ""--disable-semantic-fallback""]","== match report for /home/arjaiswal/Polygeist/issues/aten_c_kernels/results/aten_grid_sampler_2d_cpu/debuf.mlir ==
  no_match       body#0  ?
  total: 0 matched / 1 bodies
",0,[],0,0,0,0,/home/arjaiswal/Polygeist/issues/aten_c_kernels/results/aten_grid_sampler_2d_cpu/debuf.mlir,5492,0,1,0,499.2937259376049,1,67876,0.01711025834083557,0,0,0,0,[],0,0,2,0.0,2
aten,aten_grid_sampler_2d_cpu,/home/arjaiswal/Polygeist/issues/aten_c_kernels/results/aten_grid_sampler_2d_cpu/debuf.mlir,591d12cc21efc6f13235ca689d981ffe382828bf96762e91a5da24877585e901,egglog,1,ok,0,973.8778062164783,0,"[""/usr/bin/python3"", ""/home/arjaiswal/Polygeist/scripts/correctness/kernel_match_rewrite.py"", ""/home/arjaiswal/Polygeist/issues/aten_c_kernels/results/aten_grid_sampler_2d_cpu/debuf.mlir"", ""--dry-run"", ""--matcher-mode"", ""egglog"", ""--telemetry-json"", ""/home/arjaiswal/Polygeist/issues/equality_saturation_eval/campaign_20260908/aten-aten_grid_sampler_2d_cpu-egglog-1m0vk12f.json"", ""--disable-semantic-fallback""]","== match report for /home/arjaiswal/Polygeist/issues/aten_c_kernels/results/aten_grid_sampler_2d_cpu/debuf.mlir ==
  no_match       body#0  ?
  total: 0 matched / 1 bodies
",0,[],0,0,0,0,/home/arjaiswal/Polygeist/issues/aten_c_kernels/results/aten_grid_sampler_2d_cpu/debuf.mlir,5492,8,1,0,517.8628005087376,1,67936,0.0,0,0,0,0,[],0,0,0,0.0,2
aten,aten_grid_sampler_2d_cpu,/home/arjaiswal/Polygeist/issues/aten_c_kernels/results/aten_grid_sampler_2d_cpu/debuf.mlir,591d12cc21efc6f13235ca689d981ffe382828bf96762e91a5da24877585e901,egglog,2,ok,0,1080.027874559164,0,"[""/usr/bin/python3"", ""/home/arjaiswal/Polygeist/scripts/correctness/kernel_match_rewrite.py"", ""/home/arjaiswal/Polygeist/issues/aten_c_kernels/results/aten_grid_sampler_2d_cpu/debuf.mlir"", ""--dry-run"", ""--matcher-mode"", ""egglog"", ""--telemetry-json"", ""/home/arjaiswal/Polygeist/issues/equality_saturation_eval/campaign_20260908/aten-aten_grid_sampler_2d_cpu-egglog-_9vwk35d.json"", ""--disable-semantic-fallback""]","== match report for /home/arjaiswal/Polygeist/issues/aten_c_kernels/results/aten_grid_sampler_2d_cpu/debuf.mlir ==
  no_match       body#0  ?
  total: 0 matched / 1 bodies
",0,[],0,0,0,0,/home/arjaiswal/Polygeist/issues/aten_c_kernels/results/aten_grid_sampler_2d_cpu/debuf.mlir,5492,8,1,0,505.9132054448128,1,67832,0.0,0,0,0,0,[],0,0,0,0.0,2
aten,aten_grid_sampler_2d_cpu,/home/arjaiswal/Polygeist/issues/aten_c_kernels/results/aten_grid_sampler_2d_cpu/debuf.mlir,591d12cc21efc6f13235ca689d981ffe382828bf96762e91a5da24877585e901,syntactic,2,ok,0,978.0386835336685,0,"[""/usr/bin/python3"", ""/home/arjaiswal/Polygeist/scripts/correctness/kernel_match_rewrite.py"", ""/home/arjaiswal/Polygeist/issues/aten_c_kernels/results/aten_grid_sampler_2d_cpu/debuf.mlir"", ""--dry-run"", ""--matcher-mode"", ""syntactic"", ""--telemetry-json"", ""/home/arjaiswal/Polygeist/issues/equality_saturation_eval/campaign_20260908/aten-aten_grid_sampler_2d_cpu-syntactic-uvm37sd0.json"", ""--disable-semantic-fallback""]","== match report for /home/arjaiswal/Polygeist/issues/aten_c_kernels/results/aten_grid_sampler_2d_cpu/debuf.mlir ==
  no_match       body#0  ?
  total: 0 matched / 1 bodies
",0,[],0,0,0,0,/home/arjaiswal/Polygeist/issues/aten_c_kernels/results/aten_grid_sampler_2d_cpu/debuf.mlir,5492,0,1,0,512.9645504057407,1,67732,0.018279999494552612,0,0,0,0,[],0,0,2,0.0,2
aten,aten_grid_sampler_2d_cpu,/home/arjaiswal/Polygeist/issues/aten_c_kernels/results/aten_grid_sampler_2d_cpu/debuf.mlir,591d12cc21efc6f13235ca689d981ffe382828bf96762e91a5da24877585e901,syntactic,3,ok,0,982.337910681963,0,"[""/usr/bin/python3"", ""/home/arjaiswal/Polygeist/scripts/correctness/kernel_match_rewrite.py"", ""/home/arjaiswal/Polygeist/issues/aten_c_kernels/results/aten_grid_sampler_2d_cpu/debuf.mlir"", ""--dry-run"", ""--matcher-mode"", ""syntactic"", ""--telemetry-json"", ""/home/arjaiswal/Polygeist/issues/equality_saturation_eval/campaign_20260908/aten-aten_grid_sampler_2d_cpu-syntactic-ueh_6b5j.json"", ""--disable-semantic-fallback""]","== match report for /home/arjaiswal/Polygeist/issues/aten_c_kernels/results/aten_grid_sampler_2d_cpu/debuf.mlir ==
  no_match       body#0  ?
  total: 0 matched / 1 bodies
",0,[],0,0,0,0,/home/arjaiswal/Polygeist/issues/aten_c_kernels/results/aten_grid_sampler_2d_cpu/debuf.mlir,5492,0,1,0,525.9020701050758,1,67960,0.015914440155029297,0,0,0,0,[],0,0,2,0.0,2
aten,aten_grid_sampler_2d_cpu,/home/arjaiswal/Polygeist/issues/aten_c_kernels/results/aten_grid_sampler_2d_cpu/debuf.mlir,591d12cc21efc6f13235ca689d981ffe382828bf96762e91a5da24877585e901,egglog,3,ok,0,1018.396396189928,0,"[""/usr/bin/python3"", ""/home/arjaiswal/Polygeist/scripts/correctness/kernel_match_rewrite.py"", ""/home/arjaiswal/Polygeist/issues/aten_c_kernels/results/aten_grid_sampler_2d_cpu/debuf.mlir"", ""--dry-run"", ""--matcher-mode"", ""egglog"", ""--telemetry-json"", ""/home/arjaiswal/Polygeist/issues/equality_saturation_eval/campaign_20260908/aten-aten_grid_sampler_2d_cpu-egglog-t2kco2cn.json"", ""--disable-semantic-fallback""]","== match report for /home/arjaiswal/Polygeist/issues/aten_c_kernels/results/aten_grid_sampler_2d_cpu/debuf.mlir ==
  no_match       body#0  ?
  total: 0 matched / 1 bodies
",0,[],0,0,0,0,/home/arjaiswal/Polygeist/issues/aten_c_kernels/results/aten_grid_sampler_2d_cpu/debuf.mlir,5492,8,1,0,502.9633231461048,1,67940,0.0,0,0,0,0,[],0,0,0,0.0,2
aten,aten_grid_sampler_2d_cpu,/home/arjaiswal/Polygeist/issues/aten_c_kernels/results/aten_grid_sampler_2d_cpu/debuf.mlir,591d12cc21efc6f13235ca689d981ffe382828bf96762e91a5da24877585e901,egglog,4,ok,0,1015.5937634408474,0,"[""/usr/bin/python3"", ""/home/arjaiswal/Polygeist/scripts/correctness/kernel_match_rewrite.py"", ""/home/arjaiswal/Polygeist/issues/aten_c_kernels/results/aten_grid_sampler_2d_cpu/debuf.mlir"", ""--dry-run"", ""--matcher-mode"", ""egglog"", ""--telemetry-json"", ""/home/arjaiswal/Polygeist/issues/equality_saturation_eval/campaign_20260908/aten-aten_grid_sampler_2d_cpu-egglog-k7gvg7k7.json"", ""--disable-semantic-fallback""]","== match report for /home/arjaiswal/Polygeist/issues/aten_c_kernels/results/aten_grid_sampler_2d_cpu/debuf.mlir ==
  no_match       body#0  ?
  total: 0 matched / 1 bodies
",0,[],0,0,0,0,/home/arjaiswal/Polygeist/issues/aten_c_kernels/results/aten_grid_sampler_2d_cpu/debuf.mlir,5492,8,1,0,512.7459652721882,1,67812,0.0,0,0,0,0,[],0,0,0,0.0,2
aten,aten_grid_sampler_2d_cpu,/home/arjaiswal/Polygeist/issues/aten_c_kernels/results/aten_grid_sampler_2d_cpu/debuf.mlir,591d12cc21efc6f13235ca689d981ffe382828bf96762e91a5da24877585e901,syntactic,4,ok,0,994.0709173679352,0,"[""/usr/bin/python3"", ""/home/arjaiswal/Polygeist/scripts/correctness/kernel_match_rewrite.py"", ""/home/arjaiswal/Polygeist/issues/aten_c_kernels/results/aten_grid_sampler_2d_cpu/debuf.mlir"", ""--dry-run"", ""--matcher-mode"", ""syntactic"", ""--telemetry-json"", ""/home/arjaiswal/Polygeist/issues/equality_saturation_eval/campaign_20260908/aten-aten_grid_sampler_2d_cpu-syntactic-gqe7lxy9.json"", ""--disable-semantic-fallback""]","== match report for /home/arjaiswal/Polygeist/issues/aten_c_kernels/results/aten_grid_sampler_2d_cpu/debuf.mlir ==
  no_match       body#0  ?
  total: 0 matched / 1 bodies
",0,[],0,0,0,0,/home/arjaiswal/Polygeist/issues/aten_c_kernels/results/aten_grid_sampler_2d_cpu/debuf.mlir,5492,0,1,0,521.2094709277153,1,67988,0.018309801816940308,0,0,0,0,[],0,0,2,0.0,2
aten,aten_grid_sampler_2d_cpu,/home/arjaiswal/Polygeist/issues/aten_c_kernels/results/aten_grid_sampler_2d_cpu/debuf.mlir,591d12cc21efc6f13235ca689d981ffe382828bf96762e91a5da24877585e901,syntactic,5,ok,0,951.5285976231098,0,"[""/usr/bin/python3"", ""/home/arjaiswal/Polygeist/scripts/correctness/kernel_match_rewrite.py"", ""/home/arjaiswal/Polygeist/issues/aten_c_kernels/results/aten_grid_sampler_2d_cpu/debuf.mlir"", ""--dry-run"", ""--matcher-mode"", ""syntactic"", ""--telemetry-json"", ""/home/arjaiswal/Polygeist/issues/equality_saturation_eval/campaign_20260908/aten-aten_grid_sampler_2d_cpu-syntactic-8q7leo09.json"", ""--disable-semantic-fallback""]","== match report for /home/arjaiswal/Polygeist/issues/aten_c_kernels/results/aten_grid_sampler_2d_cpu/debuf.mlir ==
  no_match       body#0  ?
  total: 0 matched / 1 bodies
",0,[],0,0,0,0,/home/arjaiswal/Polygeist/issues/aten_c_kernels/results/aten_grid_sampler_2d_cpu/debuf.mlir,5492,0,1,0,498.32746759057045,1,67812,0.018246471881866455,0,0,0,0,[],0,0,2,0.0,2
aten,aten_grid_sampler_2d_cpu,/home/arjaiswal/Polygeist/issues/aten_c_kernels/results/aten_grid_sampler_2d_cpu/debuf.mlir,591d12cc21efc6f13235ca689d981ffe382828bf96762e91a5da24877585e901,egglog,5,ok,0,993.1187629699707,0,"[""/usr/bin/python3"", ""/home/arjaiswal/Polygeist/scripts/correctness/kernel_match_rewrite.py"", ""/home/arjaiswal/Polygeist/issues/aten_c_kernels/results/aten_grid_sampler_2d_cpu/debuf.mlir"", ""--dry-run"", ""--matcher-mode"", ""egglog"", ""--telemetry-json"", ""/home/arjaiswal/Polygeist/issues/equality_saturation_eval/campaign_20260908/aten-aten_grid_sampler_2d_cpu-egglog-pvil1ptx.json"", ""--disable-semantic-fallback""]","== match report for /home/arjaiswal/Polygeist/issues/aten_c_kernels/results/aten_grid_sampler_2d_cpu/debuf.mlir ==
  no_match       body#0  ?
  total: 0 matched / 1 bodies
",0,[],0,0,0,0,/home/arjaiswal/Polygeist/issues/aten_c_kernels/results/aten_grid_sampler_2d_cpu/debuf.mlir,5492,8,1,0,524.6617794036865,1,67780,0.0,0,0,0,0,[],0,0,0,0.0,2
aten,aten_grid_sampler_2d_fallback_cpu,/home/arjaiswal/Polygeist/issues/aten_c_kernels/results/aten_grid_sampler_2d_fallback_cpu/debuf.mlir,ffa2dee1d32bced21252cff52c38d4162b0128e94781daad91cf5b90d240a286,egglog,1,ok,0,757.2264336049557,0,"[""/usr/bin/python3"", ""/home/arjaiswal/Polygeist/scripts/correctness/kernel_match_rewrite.py"", ""/home/arjaiswal/Polygeist/issues/aten_c_kernels/results/aten_grid_sampler_2d_fallback_cpu/debuf.mlir"", ""--dry-run"", ""--matcher-mode"", ""egglog"", ""--telemetry-json"", ""/home/arjaiswal/Polygeist/issues/equality_saturation_eval/campaign_20260908/aten-aten_grid_sampler_2d_fallback_cpu-egglog-d7cf_pcb.json"", ""--disable-semantic-fallback""]","== match report for /home/arjaiswal/Polygeist/issues/aten_c_kernels/results/aten_grid_sampler_2d_fallback_cpu/debuf.mlir ==
  no_match       body#0  ?
  total: 0 matched / 1 bodies
",0,[],0,0,0,0,/home/arjaiswal/Polygeist/issues/aten_c_kernels/results/aten_grid_sampler_2d_fallback_cpu/debuf.mlir,2030,8,1,0,309.7078800201416,1,65656,0.0,0,0,0,0,[],0,0,0,0.0,4
aten,aten_grid_sampler_2d_fallback_cpu,/home/arjaiswal/Polygeist/issues/aten_c_kernels/results/aten_grid_sampler_2d_fallback_cpu/debuf.mlir,ffa2dee1d32bced21252cff52c38d4162b0128e94781daad91cf5b90d240a286,syntactic,1,ok,0,807.682391256094,0,"[""/usr/bin/python3"", ""/home/arjaiswal/Polygeist/scripts/correctness/kernel_match_rewrite.py"", ""/home/arjaiswal/Polygeist/issues/aten_c_kernels/results/aten_grid_sampler_2d_fallback_cpu/debuf.mlir"", ""--dry-run"", ""--matcher-mode"", ""syntactic"", ""--telemetry-json"", ""/home/arjaiswal/Polygeist/issues/equality_saturation_eval/campaign_20260908/aten-aten_grid_sampler_2d_fallback_cpu-syntactic-ein89zah.json"", ""--disable-semantic-fallback""]","== match report for /home/arjaiswal/Polygeist/issues/aten_c_kernels/results/aten_grid_sampler_2d_fallback_cpu/debuf.mlir ==
  no_match       body#0  ?
  total: 0 matched / 1 bodies
",0,[],0,0,0,0,/home/arjaiswal/Polygeist/issues/aten_c_kernels/results/aten_grid_sampler_2d_fallback_cpu/debuf.mlir,2030,0,1,0,358.13313722610474,1,65652,0.023268163204193115,0,0,0,0,[],0,0,4,0.0,4
aten,aten_grid_sampler_2d_fallback_cpu,/home/arjaiswal/Polygeist/issues/aten_c_kernels/results/aten_grid_sampler_2d_fallback_cpu/debuf.mlir,ffa2dee1d32bced21252cff52c38d4162b0128e94781daad91cf5b90d240a286,syntactic,2,ok,0,817.6814205944538,0,"[""/usr/bin/python3"", ""/home/arjaiswal/Polygeist/scripts/correctness/kernel_match_rewrite.py"", ""/home/arjaiswal/Polygeist/issues/aten_c_kernels/results/aten_grid_sampler_2d_fallback_cpu/debuf.mlir"", ""--dry-run"", ""--matcher-mode"", ""syntactic"", ""--telemetry-json"", ""/home/arjaiswal/Polygeist/issues/equality_saturation_eval/campaign_20260908/aten-aten_grid_sampler_2d_fallback_cpu-syntactic-1bkqc8i6.json"", ""--disable-semantic-fallback""]","== match report for /home/arjaiswal/Polygeist/issues/aten_c_kernels/results/aten_grid_sampler_2d_fallback_cpu/debuf.mlir ==
  no_match       body#0  ?
  total: 0 matched / 1 bodies
",0,[],0,0,0,0,/home/arjaiswal/Polygeist/issues/aten_c_kernels/results/aten_grid_sampler_2d_fallback_cpu/debuf.mlir,2030,0,1,0,284.5224626362324,1,65612,0.01666322350502014,0,0,0,0,[],0,0,4,0.0,4
aten,aten_grid_sampler_2d_fallback_cpu,/home/arjaiswal/Polygeist/issues/aten_c_kernels/results/aten_grid_sampler_2d_fallback_cpu/debuf.mlir,ffa2dee1d32bced21252cff52c38d4162b0128e94781daad91cf5b90d240a286,egglog,2,ok,0,848.8103672862053,0,"[""/usr/bin/python3"", ""/home/arjaiswal/Polygeist/scripts/correctness/kernel_match_rewrite.py"", ""/home/arjaiswal/Polygeist/issues/aten_c_kernels/results/aten_grid_sampler_2d_fallback_cpu/debuf.mlir"", ""--dry-run"", ""--matcher-mode"", ""egglog"", ""--telemetry-json"", ""/home/arjaiswal/Polygeist/issues/equality_saturation_eval/campaign_20260908/aten-aten_grid_sampler_2d_fallback_cpu-egglog-r4w1u0u8.json"", ""--disable-semantic-fallback""]","== match report for /home/arjaiswal/Polygeist/issues/aten_c_kernels/results/aten_grid_sampler_2d_fallback_cpu/debuf.mlir ==
  no_match       body#0  ?
  total: 0 matched / 1 bodies
",0,[],0,0,0,0,/home/arjaiswal/Polygeist/issues/aten_c_kernels/results/aten_grid_sampler_2d_fallback_cpu/debuf.mlir,2030,8,1,0,370.10446563363075,1,65416,0.0,0,0,0,0,[],0,0,0,0.0,4
aten,aten_grid_sampler_2d_fallback_cpu,/home/arjaiswal/Polygeist/issues/aten_c_kernels/results/aten_grid_sampler_2d_fallback_cpu/debuf.mlir,ffa2dee1d32bced21252cff52c38d4162b0128e94781daad91cf5b90d240a286,egglog,3,ok,0,742.9134733974934,0,"[""/usr/bin/python3"", ""/home/arjaiswal/Polygeist/scripts/correctness/kernel_match_rewrite.py"", ""/home/arjaiswal/Polygeist/issues/aten_c_kernels/results/aten_grid_sampler_2d_fallback_cpu/debuf.mlir"", ""--dry-run"", ""--matcher-mode"", ""egglog"", ""--telemetry-json"", ""/home/arjaiswal/Polygeist/issues/equality_saturation_eval/campaign_20260908/aten-aten_grid_sampler_2d_fallback_cpu-egglog-7b8ncbez.json"", ""--disable-semantic-fallback""]","== match report for /home/arjaiswal/Polygeist/issues/aten_c_kernels/results/aten_grid_sampler_2d_fallback_cpu/debuf.mlir ==
  no_match       body#0  ?
  total: 0 matched / 1 bodies
",0,[],0,0,0,0,/home/arjaiswal/Polygeist/issues/aten_c_kernels/results/aten_grid_sampler_2d_fallback_cpu/debuf.mlir,2030,8,1,0,308.49721282720566,1,65764,0.0,0,0,0,0,[],0,0,0,0.0,4
aten,aten_grid_sampler_2d_fallback_cpu,/home/arjaiswal/Polygeist/issues/aten_c_kernels/results/aten_grid_sampler_2d_fallback_cpu/debuf.mlir,ffa2dee1d32bced21252cff52c38d4162b0128e94781daad91cf5b90d240a286,syntactic,3,ok,0,724.7118279337883,0,"[""/usr/bin/python3"", ""/home/arjaiswal/Polygeist/scripts/correctness/kernel_match_rewrite.py"", ""/home/arjaiswal/Polygeist/issues/aten_c_kernels/results/aten_grid_sampler_2d_fallback_cpu/debuf.mlir"", ""--dry-run"", ""--matcher-mode"", ""syntactic"", ""--telemetry-json"", ""/home/arjaiswal/Polygeist/issues/equality_saturation_eval/campaign_20260908/aten-aten_grid_sampler_2d_fallback_cpu-syntactic-avtm6lgr.json"", ""--disable-semantic-fallback""]","== match report for /home/arjaiswal/Polygeist/issues/aten_c_kernels/results/aten_grid_sampler_2d_fallback_cpu/debuf.mlir ==
  no_match       body#0  ?
  total: 0 matched / 1 bodies
",0,[],0,0,0,0,/home/arjaiswal/Polygeist/issues/aten_c_kernels/results/aten_grid_sampler_2d_fallback_cpu/debuf.mlir,2030,0,1,0,293.09994354844093,1,65496,0.015091150999069214,0,0,0,0,[],0,0,4,0.0,4
aten,aten_grid_sampler_2d_fallback_cpu,/home/arjaiswal/Polygeist/issues/aten_c_kernels/results/aten_grid_sampler_2d_fallback_cpu/debuf.mlir,ffa2dee1d32bced21252cff52c38d4162b0128e94781daad91cf5b90d240a286,syntactic,4,ok,0,713.6444337666035,0,"[""/usr/bin/python3"", ""/home/arjaiswal/Polygeist/scripts/correctness/kernel_match_rewrite.py"", ""/home/arjaiswal/Polygeist/issues/aten_c_kernels/results/aten_grid_sampler_2d_fallback_cpu/debuf.mlir"", ""--dry-run"", ""--matcher-mode"", ""syntactic"", ""--telemetry-json"", ""/home/arjaiswal/Polygeist/issues/equality_saturation_eval/campaign_20260908/aten-aten_grid_sampler_2d_fallback_cpu-syntactic-0xbk8gel.json"", ""--disable-semantic-fallback""]","== match report for /home/arjaiswal/Polygeist/issues/aten_c_kernels/results/aten_grid_sampler_2d_fallback_cpu/debuf.mlir ==
  no_match       body#0  ?
  total: 0 matched / 1 bodies
",0,[],0,0,0,0,/home/arjaiswal/Polygeist/issues/aten_c_kernels/results/aten_grid_sampler_2d_fallback_cpu/debuf.mlir,2030,0,1,0,288.43821585178375,1,65624,0.015113502740859985,0,0,0,0,[],0,0,4,0.0,4
aten,aten_grid_sampler_2d_fallback_cpu,/home/arjaiswal/Polygeist/issues/aten_c_kernels/results/aten_grid_sampler_2d_fallback_cpu/debuf.mlir,ffa2dee1d32bced21252cff52c38d4162b0128e94781daad91cf5b90d240a286,egglog,4,ok,0,805.0205297768116,0,"[""/usr/bin/python3"", ""/home/arjaiswal/Polygeist/scripts/correctness/kernel_match_rewrite.py"", ""/home/arjaiswal/Polygeist/issues/aten_c_kernels/results/aten_grid_sampler_2d_fallback_cpu/debuf.mlir"", ""--dry-run"", ""--matcher-mode"", ""egglog"", ""--telemetry-json"", ""/home/arjaiswal/Polygeist/issues/equality_saturation_eval/campaign_20260908/aten-aten_grid_sampler_2d_fallback_cpu-egglog-g_i_a_ik.json"", ""--disable-semantic-fallback""]","== match report for /home/arjaiswal/Polygeist/issues/aten_c_kernels/results/aten_grid_sampler_2d_fallback_cpu/debuf.mlir ==
  no_match       body#0  ?
  total: 0 matched / 1 bodies
",0,[],0,0,0,0,/home/arjaiswal/Polygeist/issues/aten_c_kernels/results/aten_grid_sampler_2d_fallback_cpu/debuf.mlir,2030,8,1,0,288.7104004621506,1,65608,0.0,0,0,0,0,[],0,0,0,0.0,4
aten,aten_grid_sampler_2d_fallback_cpu,/home/arjaiswal/Polygeist/issues/aten_c_kernels/results/aten_grid_sampler_2d_fallback_cpu/debuf.mlir,ffa2dee1d32bced21252cff52c38d4162b0128e94781daad91cf5b90d240a286,egglog,5,ok,0,680.4454773664474,0,"[""/usr/bin/python3"", ""/home/arjaiswal/Polygeist/scripts/correctness/kernel_match_rewrite.py"", ""/home/arjaiswal/Polygeist/issues/aten_c_kernels/results/aten_grid_sampler_2d_fallback_cpu/debuf.mlir"", ""--dry-run"", ""--matcher-mode"", ""egglog"", ""--telemetry-json"", ""/home/arjaiswal/Polygeist/issues/equality_saturation_eval/campaign_20260908/aten-aten_grid_sampler_2d_fallback_cpu-egglog-snufj8mh.json"", ""--disable-semantic-fallback""]","== match report for /home/arjaiswal/Polygeist/issues/aten_c_kernels/results/aten_grid_sampler_2d_fallback_cpu/debuf.mlir ==
  no_match       body#0  ?
  total: 0 matched / 1 bodies
",0,[],0,0,0,0,/home/arjaiswal/Polygeist/issues/aten_c_kernels/results/aten_grid_sampler_2d_fallback_cpu/debuf.mlir,2030,8,1,0,280.5206626653671,1,65772,0.0,0,0,0,0,[],0,0,0,0.0,4
aten,aten_grid_sampler_2d_fallback_cpu,/home/arjaiswal/Polygeist/issues/aten_c_kernels/results/aten_grid_sampler_2d_fallback_cpu/debuf.mlir,ffa2dee1d32bced21252cff52c38d4162b0128e94781daad91cf5b90d240a286,syntactic,5,ok,0,704.4855281710625,0,"[""/usr/bin/python3"", ""/home/arjaiswal/Polygeist/scripts/correctness/kernel_match_rewrite.py"", ""/home/arjaiswal/Polygeist/issues/aten_c_kernels/results/aten_grid_sampler_2d_fallback_cpu/debuf.mlir"", ""--dry-run"", ""--matcher-mode"", ""syntactic"", ""--telemetry-json"", ""/home/arjaiswal/Polygeist/issues/equality_saturation_eval/campaign_20260908/aten-aten_grid_sampler_2d_fallback_cpu-syntactic-id9rk2v2.json"", ""--disable-semantic-fallback""]","== match report for /home/arjaiswal/Polygeist/issues/aten_c_kernels/results/aten_grid_sampler_2d_fallback_cpu/debuf.mlir ==
  no_match       body#0  ?
  total: 0 matched / 1 bodies
",0,[],0,0,0,0,/home/arjaiswal/Polygeist/issues/aten_c_kernels/results/aten_grid_sampler_2d_fallback_cpu/debuf.mlir,2030,0,1,0,288.96745294332504,1,65692,0.020582228899002075,0,0,0,0,[],0,0,4,0.0,4
aten,aten_grid_sampler_2d_quantized_cpu,/home/arjaiswal/Polygeist/issues/aten_c_kernels/results/aten_grid_sampler_2d_quantized_cpu/debuf.mlir,0a1ee84ba57b34703d629db47622ee68f3d712a7f02d71638c90db3f23e9f77f,syntactic,1,ok,0,1202.7321495115757,0,"[""/usr/bin/python3"", ""/home/arjaiswal/Polygeist/scripts/correctness/kernel_match_rewrite.py"", ""/home/arjaiswal/Polygeist/issues/aten_c_kernels/results/aten_grid_sampler_2d_quantized_cpu/debuf.mlir"", ""--dry-run"", ""--matcher-mode"", ""syntactic"", ""--telemetry-json"", ""/home/arjaiswal/Polygeist/issues/equality_saturation_eval/campaign_20260908/aten-aten_grid_sampler_2d_quantized_cpu-syntactic-hdb1tlru.json"", ""--disable-semantic-fallback""]","== match report for /home/arjaiswal/Polygeist/issues/aten_c_kernels/results/aten_grid_sampler_2d_quantized_cpu/debuf.mlir ==
  no_match       body#0  ?
  total: 0 matched / 1 bodies
",0,[],0,0,0,0,/home/arjaiswal/Polygeist/issues/aten_c_kernels/results/aten_grid_sampler_2d_quantized_cpu/debuf.mlir,2436,0,1,0,794.9476279318333,1,67320,0.15497207641601562,0,0,0,0,[],0,0,56,0.0,56
aten,aten_grid_sampler_2d_quantized_cpu,/home/arjaiswal/Polygeist/issues/aten_c_kernels/results/aten_grid_sampler_2d_quantized_cpu/debuf.mlir,0a1ee84ba57b34703d629db47622ee68f3d712a7f02d71638c90db3f23e9f77f,egglog,1,ok,0,1203.0612155795097,0,"[""/usr/bin/python3"", ""/home/arjaiswal/Polygeist/scripts/correctness/kernel_match_rewrite.py"", ""/home/arjaiswal/Polygeist/issues/aten_c_kernels/results/aten_grid_sampler_2d_quantized_cpu/debuf.mlir"", ""--dry-run"", ""--matcher-mode"", ""egglog"", ""--telemetry-json"", ""/home/arjaiswal/Polygeist/issues/equality_saturation_eval/campaign_20260908/aten-aten_grid_sampler_2d_quantized_cpu-egglog-fuzxl9dl.json"", ""--disable-semantic-fallback""]","== match report for /home/arjaiswal/Polygeist/issues/aten_c_kernels/results/aten_grid_sampler_2d_quantized_cpu/debuf.mlir ==
  no_match       body#0  ?
  total: 0 matched / 1 bodies
",0,[],0,0,0,0,/home/arjaiswal/Polygeist/issues/aten_c_kernels/results/aten_grid_sampler_2d_quantized_cpu/debuf.mlir,2436,8,1,0,803.722370415926,1,67224,0.0,0,0,0,0,[],0,0,0,0.0,56
aten,aten_grid_sampler_2d_quantized_cpu,/home/arjaiswal/Polygeist/issues/aten_c_kernels/results/aten_grid_sampler_2d_quantized_cpu/debuf.mlir,0a1ee84ba57b34703d629db47622ee68f3d712a7f02d71638c90db3f23e9f77f,egglog,2,ok,0,1433.4999918937683,0,"[""/usr/bin/python3"", ""/home/arjaiswal/Polygeist/scripts/correctness/kernel_match_rewrite.py"", ""/home/arjaiswal/Polygeist/issues/aten_c_kernels/results/aten_grid_sampler_2d_quantized_cpu/debuf.mlir"", ""--dry-run"", ""--matcher-mode"", ""egglog"", ""--telemetry-json"", ""/home/arjaiswal/Polygeist/issues/equality_saturation_eval/campaign_20260908/aten-aten_grid_sampler_2d_quantized_cpu-egglog-90ho9kwi.json"", ""--disable-semantic-fallback""]","== match report for /home/arjaiswal/Polygeist/issues/aten_c_kernels/results/aten_grid_sampler_2d_quantized_cpu/debuf.mlir ==
  no_match       body#0  ?
  total: 0 matched / 1 bodies
",0,[],0,0,0,0,/home/arjaiswal/Polygeist/issues/aten_c_kernels/results/aten_grid_sampler_2d_quantized_cpu/debuf.mlir,2436,8,1,0,989.2150871455669,1,67328,0.0,0,0,0,0,[],0,0,0,0.0,56
aten,aten_grid_sampler_2d_quantized_cpu,/home/arjaiswal/Polygeist/issues/aten_c_kernels/results/aten_grid_sampler_2d_quantized_cpu/debuf.mlir,0a1ee84ba57b34703d629db47622ee68f3d712a7f02d71638c90db3f23e9f77f,syntactic,2,ok,0,1323.2837282121181,0,"[""/usr/bin/python3"", ""/home/arjaiswal/Polygeist/scripts/correctness/kernel_match_rewrite.py"", ""/home/arjaiswal/Polygeist/issues/aten_c_kernels/results/aten_grid_sampler_2d_quantized_cpu/debuf.mlir"", ""--dry-run"", ""--matcher-mode"", ""syntactic"", ""--telemetry-json"", ""/home/arjaiswal/Polygeist/issues/equality_saturation_eval/campaign_20260908/aten-aten_grid_sampler_2d_quantized_cpu-syntactic-ucwqpbuw.json"", ""--disable-semantic-fallback""]","== match report for /home/arjaiswal/Polygeist/issues/aten_c_kernels/results/aten_grid_sampler_2d_quantized_cpu/debuf.mlir ==
  no_match       body#0  ?
  total: 0 matched / 1 bodies
",0,[],0,0,0,0,/home/arjaiswal/Polygeist/issues/aten_c_kernels/results/aten_grid_sampler_2d_quantized_cpu/debuf.mlir,2436,0,1,0,881.7561008036137,1,67104,0.15317276120185852,0,0,0,0,[],0,0,56,0.0,56
aten,aten_grid_sampler_2d_quantized_cpu,/home/arjaiswal/Polygeist/issues/aten_c_kernels/results/aten_grid_sampler_2d_quantized_cpu/debuf.mlir,0a1ee84ba57b34703d629db47622ee68f3d712a7f02d71638c90db3f23e9f77f,syntactic,3,ok,0,1205.3807973861694,0,"[""/usr/bin/python3"", ""/home/arjaiswal/Polygeist/scripts/correctness/kernel_match_rewrite.py"", ""/home/arjaiswal/Polygeist/issues/aten_c_kernels/results/aten_grid_sampler_2d_quantized_cpu/debuf.mlir"", ""--dry-run"", ""--matcher-mode"", ""syntactic"", ""--telemetry-json"", ""/home/arjaiswal/Polygeist/issues/equality_saturation_eval/campaign_20260908/aten-aten_grid_sampler_2d_quantized_cpu-syntactic-byq03pp0.json"", ""--disable-semantic-fallback""]","== match report for /home/arjaiswal/Polygeist/issues/aten_c_kernels/results/aten_grid_sampler_2d_quantized_cpu/debuf.mlir ==
  no_match       body#0  ?
  total: 0 matched / 1 bodies
",0,[],0,0,0,0,/home/arjaiswal/Polygeist/issues/aten_c_kernels/results/aten_grid_sampler_2d_quantized_cpu/debuf.mlir,2436,0,1,0,802.3770488798618,1,67252,0.14751777052879333,0,0,0,0,[],0,0,56,0.0,56
aten,aten_grid_sampler_2d_quantized_cpu,/home/arjaiswal/Polygeist/issues/aten_c_kernels/results/aten_grid_sampler_2d_quantized_cpu/debuf.mlir,0a1ee84ba57b34703d629db47622ee68f3d712a7f02d71638c90db3f23e9f77f,egglog,3,ok,0,1196.2339878082275,0,"[""/usr/bin/python3"", ""/home/arjaiswal/Polygeist/scripts/correctness/kernel_match_rewrite.py"", ""/home/arjaiswal/Polygeist/issues/aten_c_kernels/results/aten_grid_sampler_2d_quantized_cpu/debuf.mlir"", ""--dry-run"", ""--matcher-mode"", ""egglog"", ""--telemetry-json"", ""/home/arjaiswal/Polygeist/issues/equality_saturation_eval/campaign_20260908/aten-aten_grid_sampler_2d_quantized_cpu-egglog-rc2ibcvf.json"", ""--disable-semantic-fallback""]","== match report for /home/arjaiswal/Polygeist/issues/aten_c_kernels/results/aten_grid_sampler_2d_quantized_cpu/debuf.mlir ==
  no_match       body#0  ?
  total: 0 matched / 1 bodies
",0,[],0,0,0,0,/home/arjaiswal/Polygeist/issues/aten_c_kernels/results/aten_grid_sampler_2d_quantized_cpu/debuf.mlir,2436,8,1,0,805.3442016243935,1,67324,0.0,0,0,0,0,[],0,0,0,0.0,56
aten,aten_grid_sampler_2d_quantized_cpu,/home/arjaiswal/Polygeist/issues/aten_c_kernels/results/aten_grid_sampler_2d_quantized_cpu/debuf.mlir,0a1ee84ba57b34703d629db47622ee68f3d712a7f02d71638c90db3f23e9f77f,egglog,4,ok,0,1254.7213025391102,0,"[""/usr/bin/python3"", ""/home/arjaiswal/Polygeist/scripts/correctness/kernel_match_rewrite.py"", ""/home/arjaiswal/Polygeist/issues/aten_c_kernels/results/aten_grid_sampler_2d_quantized_cpu/debuf.mlir"", ""--dry-run"", ""--matcher-mode"", ""egglog"", ""--telemetry-json"", ""/home/arjaiswal/Polygeist/issues/equality_saturation_eval/campaign_20260908/aten-aten_grid_sampler_2d_quantized_cpu-egglog-jd9p6j7n.json"", ""--disable-semantic-fallback""]","== match report for /home/arjaiswal/Polygeist/issues/aten_c_kernels/results/aten_grid_sampler_2d_quantized_cpu/debuf.mlir ==
  no_match       body#0  ?
  total: 0 matched / 1 bodies
",0,[],0,0,0,0,/home/arjaiswal/Polygeist/issues/aten_c_kernels/results/aten_grid_sampler_2d_quantized_cpu/debuf.mlir,2436,8,1,0,834.3285545706749,1,67200,0.0,0,0,0,0,[],0,0,0,0.0,56
aten,aten_grid_sampler_2d_quantized_cpu,/home/arjaiswal/Polygeist/issues/aten_c_kernels/results/aten_grid_sampler_2d_quantized_cpu/debuf.mlir,0a1ee84ba57b34703d629db47622ee68f3d712a7f02d71638c90db3f23e9f77f,syntactic,4,ok,0,1400.6051123142242,0,"[""/usr/bin/python3"", ""/home/arjaiswal/Polygeist/scripts/correctness/kernel_match_rewrite.py"", ""/home/arjaiswal/Polygeist/issues/aten_c_kernels/results/aten_grid_sampler_2d_quantized_cpu/debuf.mlir"", ""--dry-run"", ""--matcher-mode"", ""syntactic"", ""--telemetry-json"", ""/home/arjaiswal/Polygeist/issues/equality_saturation_eval/campaign_20260908/aten-aten_grid_sampler_2d_quantized_cpu-syntactic-mel9z94u.json"", ""--disable-semantic-fallback""]","== match report for /home/arjaiswal/Polygeist/issues/aten_c_kernels/results/aten_grid_sampler_2d_quantized_cpu/debuf.mlir ==
  no_match       body#0  ?
  total: 0 matched / 1 bodies
",0,[],0,0,0,0,/home/arjaiswal/Polygeist/issues/aten_c_kernels/results/aten_grid_sampler_2d_quantized_cpu/debuf.mlir,2436,0,1,0,994.0062463283539,1,67408,0.254996120929718,0,0,0,0,[],0,0,56,0.0,56
aten,aten_grid_sampler_2d_quantized_cpu,/home/arjaiswal/Polygeist/issues/aten_c_kernels/results/aten_grid_sampler_2d_quantized_cpu/debuf.mlir,0a1ee84ba57b34703d629db47622ee68f3d712a7f02d71638c90db3f23e9f77f,syntactic,5,ok,0,1228.750053793192,0,"[""/usr/bin/python3"", ""/home/arjaiswal/Polygeist/scripts/correctness/kernel_match_rewrite.py"", ""/home/arjaiswal/Polygeist/issues/aten_c_kernels/results/aten_grid_sampler_2d_quantized_cpu/debuf.mlir"", ""--dry-run"", ""--matcher-mode"", ""syntactic"", ""--telemetry-json"", ""/home/arjaiswal/Polygeist/issues/equality_saturation_eval/campaign_20260908/aten-aten_grid_sampler_2d_quantized_cpu-syntactic-g5fvsshg.json"", ""--disable-semantic-fallback""]","== match report for /home/arjaiswal/Polygeist/issues/aten_c_kernels/results/aten_grid_sampler_2d_quantized_cpu/debuf.mlir ==
  no_match       body#0  ?
  total: 0 matched / 1 bodies
",0,[],0,0,0,0,/home/arjaiswal/Polygeist/issues/aten_c_kernels/results/aten_grid_sampler_2d_quantized_cpu/debuf.mlir,2436,0,1,0,815.9366324543953,1,67164,0.1746751368045807,0,0,0,0,[],0,0,56,0.0,56
aten,aten_grid_sampler_2d_quantized_cpu,/home/arjaiswal/Polygeist/issues/aten_c_kernels/results/aten_grid_sampler_2d_quantized_cpu/debuf.mlir,0a1ee84ba57b34703d629db47622ee68f3d712a7f02d71638c90db3f23e9f77f,egglog,5,ok,0,1251.7713606357574,0,"[""/usr/bin/python3"", ""/home/arjaiswal/Polygeist/scripts/correctness/kernel_match_rewrite.py"", ""/home/arjaiswal/Polygeist/issues/aten_c_kernels/results/aten_grid_sampler_2d_quantized_cpu/debuf.mlir"", ""--dry-run"", ""--matcher-mode"", ""egglog"", ""--telemetry-json"", ""/home/arjaiswal/Polygeist/issues/equality_saturation_eval/campaign_20260908/aten-aten_grid_sampler_2d_quantized_cpu-egglog-5yzwtwkb.json"", ""--disable-semantic-fallback""]","== match report for /home/arjaiswal/Polygeist/issues/aten_c_kernels/results/aten_grid_sampler_2d_quantized_cpu/debuf.mlir ==
  no_match       body#0  ?
  total: 0 matched / 1 bodies
",0,[],0,0,0,0,/home/arjaiswal/Polygeist/issues/aten_c_kernels/results/aten_grid_sampler_2d_quantized_cpu/debuf.mlir,2436,8,1,0,831.0203924775124,1,67336,0.0,0,0,0,0,[],0,0,0,0.0,56
aten,aten_grid_sampler_3d_backward_cpu,/home/arjaiswal/Polygeist/issues/aten_c_kernels/results/aten_grid_sampler_3d_backward_cpu/debuf.mlir,4d194d2ccbbe63fe3618043ebf2703e59e7890879b50d3d819d1c42085c2e584,egglog,1,ok,0,674.0086302161217,0,"[""/usr/bin/python3"", ""/home/arjaiswal/Polygeist/scripts/correctness/kernel_match_rewrite.py"", ""/home/arjaiswal/Polygeist/issues/aten_c_kernels/results/aten_grid_sampler_3d_backward_cpu/debuf.mlir"", ""--dry-run"", ""--matcher-mode"", ""egglog"", ""--telemetry-json"", ""/home/arjaiswal/Polygeist/issues/equality_saturation_eval/campaign_20260908/aten-aten_grid_sampler_3d_backward_cpu-egglog-fnr3niz5.json"", ""--disable-semantic-fallback""]","== match report for /home/arjaiswal/Polygeist/issues/aten_c_kernels/results/aten_grid_sampler_3d_backward_cpu/debuf.mlir ==
  total: 0 matched / 0 bodies
",0,[],0,0,0,0,/home/arjaiswal/Polygeist/issues/aten_c_kernels/results/aten_grid_sampler_3d_backward_cpu/debuf.mlir,5832,8,0,0,262.5339552760124,0,64852,0.0,0,0,0,0,[],0,0,0,0.0,0
aten,aten_grid_sampler_3d_backward_cpu,/home/arjaiswal/Polygeist/issues/aten_c_kernels/results/aten_grid_sampler_3d_backward_cpu/debuf.mlir,4d194d2ccbbe63fe3618043ebf2703e59e7890879b50d3d819d1c42085c2e584,syntactic,1,ok,0,669.9768789112568,0,"[""/usr/bin/python3"", ""/home/arjaiswal/Polygeist/scripts/correctness/kernel_match_rewrite.py"", ""/home/arjaiswal/Polygeist/issues/aten_c_kernels/results/aten_grid_sampler_3d_backward_cpu/debuf.mlir"", ""--dry-run"", ""--matcher-mode"", ""syntactic"", ""--telemetry-json"", ""/home/arjaiswal/Polygeist/issues/equality_saturation_eval/campaign_20260908/aten-aten_grid_sampler_3d_backward_cpu-syntactic-hi1dp5w7.json"", ""--disable-semantic-fallback""]","== match report for /home/arjaiswal/Polygeist/issues/aten_c_kernels/results/aten_grid_sampler_3d_backward_cpu/debuf.mlir ==
  total: 0 matched / 0 bodies
",0,[],0,0,0,0,/home/arjaiswal/Polygeist/issues/aten_c_kernels/results/aten_grid_sampler_3d_backward_cpu/debuf.mlir,5832,0,0,0,258.88827815651894,0,64800,0.0,0,0,0,0,[],0,0,0,0.0,0
aten,aten_grid_sampler_3d_backward_cpu,/home/arjaiswal/Polygeist/issues/aten_c_kernels/results/aten_grid_sampler_3d_backward_cpu/debuf.mlir,4d194d2ccbbe63fe3618043ebf2703e59e7890879b50d3d819d1c42085c2e584,syntactic,2,ok,0,647.053562104702,0,"[""/usr/bin/python3"", ""/home/arjaiswal/Polygeist/scripts/correctness/kernel_match_rewrite.py"", ""/home/arjaiswal/Polygeist/issues/aten_c_kernels/results/aten_grid_sampler_3d_backward_cpu/debuf.mlir"", ""--dry-run"", ""--matcher-mode"", ""syntactic"", ""--telemetry-json"", ""/home/arjaiswal/Polygeist/issues/equality_saturation_eval/campaign_20260908/aten-aten_grid_sampler_3d_backward_cpu-syntactic-ldeaxnjv.json"", ""--disable-semantic-fallback""]","== match report for /home/arjaiswal/Polygeist/issues/aten_c_kernels/results/aten_grid_sampler_3d_backward_cpu/debuf.mlir ==
  total: 0 matched / 0 bodies
",0,[],0,0,0,0,/home/arjaiswal/Polygeist/issues/aten_c_kernels/results/aten_grid_sampler_3d_backward_cpu/debuf.mlir,5832,0,0,0,252.4077333509922,0,64628,0.0,0,0,0,0,[],0,0,0,0.0,0
aten,aten_grid_sampler_3d_backward_cpu,/home/arjaiswal/Polygeist/issues/aten_c_kernels/results/aten_grid_sampler_3d_backward_cpu/debuf.mlir,4d194d2ccbbe63fe3618043ebf2703e59e7890879b50d3d819d1c42085c2e584,egglog,2,ok,0,652.1382108330727,0,"[""/usr/bin/python3"", ""/home/arjaiswal/Polygeist/scripts/correctness/kernel_match_rewrite.py"", ""/home/arjaiswal/Polygeist/issues/aten_c_kernels/results/aten_grid_sampler_3d_backward_cpu/debuf.mlir"", ""--dry-run"", ""--matcher-mode"", ""egglog"", ""--telemetry-json"", ""/home/arjaiswal/Polygeist/issues/equality_saturation_eval/campaign_20260908/aten-aten_grid_sampler_3d_backward_cpu-egglog-_pyujhae.json"", ""--disable-semantic-fallback""]","== match report for /home/arjaiswal/Polygeist/issues/aten_c_kernels/results/aten_grid_sampler_3d_backward_cpu/debuf.mlir ==
  total: 0 matched / 0 bodies
",0,[],0,0,0,0,/home/arjaiswal/Polygeist/issues/aten_c_kernels/results/aten_grid_sampler_3d_backward_cpu/debuf.mlir,5832,8,0,0,251.03027746081352,0,64392,0.0,0,0,0,0,[],0,0,0,0.0,0
aten,aten_grid_sampler_3d_backward_cpu,/home/arjaiswal/Polygeist/issues/aten_c_kernels/results/aten_grid_sampler_3d_backward_cpu/debuf.mlir,4d194d2ccbbe63fe3618043ebf2703e59e7890879b50d3d819d1c42085c2e584,egglog,3,ok,0,658.2869552075863,0,"[""/usr/bin/python3"", ""/home/arjaiswal/Polygeist/scripts/correctness/kernel_match_rewrite.py"", ""/home/arjaiswal/Polygeist/issues/aten_c_kernels/results/aten_grid_sampler_3d_backward_cpu/debuf.mlir"", ""--dry-run"", ""--matcher-mode"", ""egglog"", ""--telemetry-json"", ""/home/arjaiswal/Polygeist/issues/equality_saturation_eval/campaign_20260908/aten-aten_grid_sampler_3d_backward_cpu-egglog-xuw8j03v.json"", ""--disable-semantic-fallback""]","== match report for /home/arjaiswal/Polygeist/issues/aten_c_kernels/results/aten_grid_sampler_3d_backward_cpu/debuf.mlir ==
  total: 0 matched / 0 bodies
",0,[],0,0,0,0,/home/arjaiswal/Polygeist/issues/aten_c_kernels/results/aten_grid_sampler_3d_backward_cpu/debuf.mlir,5832,8,0,0,251.49007514119148,0,64684,0.0,0,0,0,0,[],0,0,0,0.0,0
aten,aten_grid_sampler_3d_backward_cpu,/home/arjaiswal/Polygeist/issues/aten_c_kernels/results/aten_grid_sampler_3d_backward_cpu/debuf.mlir,4d194d2ccbbe63fe3618043ebf2703e59e7890879b50d3d819d1c42085c2e584,syntactic,3,ok,0,690.1217103004456,0,"[""/usr/bin/python3"", ""/home/arjaiswal/Polygeist/scripts/correctness/kernel_match_rewrite.py"", ""/home/arjaiswal/Polygeist/issues/aten_c_kernels/results/aten_grid_sampler_3d_backward_cpu/debuf.mlir"", ""--dry-run"", ""--matcher-mode"", ""syntactic"", ""--telemetry-json"", ""/home/arjaiswal/Polygeist/issues/equality_saturation_eval/campaign_20260908/aten-aten_grid_sampler_3d_backward_cpu-syntactic-jxbbydgt.json"", ""--disable-semantic-fallback""]","== match report for /home/arjaiswal/Polygeist/issues/aten_c_kernels/results/aten_grid_sampler_3d_backward_cpu/debuf.mlir ==
  total: 0 matched / 0 bodies
",0,[],0,0,0,0,/home/arjaiswal/Polygeist/issues/aten_c_kernels/results/aten_grid_sampler_3d_backward_cpu/debuf.mlir,5832,0,0,0,276.1314809322357,0,64804,0.0,0,0,0,0,[],0,0,0,0.0,0
aten,aten_grid_sampler_3d_backward_cpu,/home/arjaiswal/Polygeist/issues/aten_c_kernels/results/aten_grid_sampler_3d_backward_cpu/debuf.mlir,4d194d2ccbbe63fe3618043ebf2703e59e7890879b50d3d819d1c42085c2e584,syntactic,4,ok,0,659.548070281744,0,"[""/usr/bin/python3"", ""/home/arjaiswal/Polygeist/scripts/correctness/kernel_match_rewrite.py"", ""/home/arjaiswal/Polygeist/issues/aten_c_kernels/results/aten_grid_sampler_3d_backward_cpu/debuf.mlir"", ""--dry-run"", ""--matcher-mode"", ""syntactic"", ""--telemetry-json"", ""/home/arjaiswal/Polygeist/issues/equality_saturation_eval/campaign_20260908/aten-aten_grid_sampler_3d_backward_cpu-syntactic-5m2phppu.json"", ""--disable-semantic-fallback""]","== match report for /home/arjaiswal/Polygeist/issues/aten_c_kernels/results/aten_grid_sampler_3d_backward_cpu/debuf.mlir ==
  total: 0 matched / 0 bodies
",0,[],0,0,0,0,/home/arjaiswal/Polygeist/issues/aten_c_kernels/results/aten_grid_sampler_3d_backward_cpu/debuf.mlir,5832,0,0,0,266.4574980735779,0,64456,0.0,0,0,0,0,[],0,0,0,0.0,0
aten,aten_grid_sampler_3d_backward_cpu,/home/arjaiswal/Polygeist/issues/aten_c_kernels/results/aten_grid_sampler_3d_backward_cpu/debuf.mlir,4d194d2ccbbe63fe3618043ebf2703e59e7890879b50d3d819d1c42085c2e584,egglog,4,ok,0,664.5663231611252,0,"[""/usr/bin/python3"", ""/home/arjaiswal/Polygeist/scripts/correctness/kernel_match_rewrite.py"", ""/home/arjaiswal/Polygeist/issues/aten_c_kernels/results/aten_grid_sampler_3d_backward_cpu/debuf.mlir"", ""--dry-run"", ""--matcher-mode"", ""egglog"", ""--telemetry-json"", ""/home/arjaiswal/Polygeist/issues/equality_saturation_eval/campaign_20260908/aten-aten_grid_sampler_3d_backward_cpu-egglog-rhyumpr7.json"", ""--disable-semantic-fallback""]","== match report for /home/arjaiswal/Polygeist/issues/aten_c_kernels/results/aten_grid_sampler_3d_backward_cpu/debuf.mlir ==
  total: 0 matched / 0 bodies
",0,[],0,0,0,0,/home/arjaiswal/Polygeist/issues/aten_c_kernels/results/aten_grid_sampler_3d_backward_cpu/debuf.mlir,5832,8,0,0,256.04212284088135,0,64628,0.0,0,0,0,0,[],0,0,0,0.0,0
aten,aten_grid_sampler_3d_backward_cpu,/home/arjaiswal/Polygeist/issues/aten_c_kernels/results/aten_grid_sampler_3d_backward_cpu/debuf.mlir,4d194d2ccbbe63fe3618043ebf2703e59e7890879b50d3d819d1c42085c2e584,egglog,5,ok,0,692.6708482205868,0,"[""/usr/bin/python3"", ""/home/arjaiswal/Polygeist/scripts/correctness/kernel_match_rewrite.py"", ""/home/arjaiswal/Polygeist/issues/aten_c_kernels/results/aten_grid_sampler_3d_backward_cpu/debuf.mlir"", ""--dry-run"", ""--matcher-mode"", ""egglog"", ""--telemetry-json"", ""/home/arjaiswal/Polygeist/issues/equality_saturation_eval/campaign_20260908/aten-aten_grid_sampler_3d_backward_cpu-egglog-clzj72m7.json"", ""--disable-semantic-fallback""]","== match report for /home/arjaiswal/Polygeist/issues/aten_c_kernels/results/aten_grid_sampler_3d_backward_cpu/debuf.mlir ==
  total: 0 matched / 0 bodies
",0,[],0,0,0,0,/home/arjaiswal/Polygeist/issues/aten_c_kernels/results/aten_grid_sampler_3d_backward_cpu/debuf.mlir,5832,8,0,0,264.9966590106487,0,64808,0.0,0,0,0,0,[],0,0,0,0.0,0
aten,aten_grid_sampler_3d_backward_cpu,/home/arjaiswal/Polygeist/issues/aten_c_kernels/results/aten_grid_sampler_3d_backward_cpu/debuf.mlir,4d194d2ccbbe63fe3618043ebf2703e59e7890879b50d3d819d1c42085c2e584,syntactic,5,ok,0,670.9172204136848,0,"[""/usr/bin/python3"", ""/home/arjaiswal/Polygeist/scripts/correctness/kernel_match_rewrite.py"", ""/home/arjaiswal/Polygeist/issues/aten_c_kernels/results/aten_grid_sampler_3d_backward_cpu/debuf.mlir"", ""--dry-run"", ""--matcher-mode"", ""syntactic"", ""--telemetry-json"", ""/home/arjaiswal/Polygeist/issues/equality_saturation_eval/campaign_20260908/aten-aten_grid_sampler_3d_backward_cpu-syntactic-maiotxq5.json"", ""--disable-semantic-fallback""]","== match report for /home/arjaiswal/Polygeist/issues/aten_c_kernels/results/aten_grid_sampler_3d_backward_cpu/debuf.mlir ==
  total: 0 matched / 0 bodies
",0,[],0,0,0,0,/home/arjaiswal/Polygeist/issues/aten_c_kernels/results/aten_grid_sampler_3d_backward_cpu/debuf.mlir,5832,0,0,0,256.5915547311306,0,64812,0.0,0,0,0,0,[],0,0,0,0.0,0
aten,aten_grid_sampler_3d_cpu,/home/arjaiswal/Polygeist/issues/aten_c_kernels/results/aten_grid_sampler_3d_cpu/debuf.mlir,f4956e6d8f877af200b086aedf0c85f6b2af7cad41b60ca93f98bef4738b9783,syntactic,1,ok,0,872.6618811488152,0,"[""/usr/bin/python3"", ""/home/arjaiswal/Polygeist/scripts/correctness/kernel_match_rewrite.py"", ""/home/arjaiswal/Polygeist/issues/aten_c_kernels/results/aten_grid_sampler_3d_cpu/debuf.mlir"", ""--dry-run"", ""--matcher-mode"", ""syntactic"", ""--telemetry-json"", ""/home/arjaiswal/Polygeist/issues/equality_saturation_eval/campaign_20260908/aten-aten_grid_sampler_3d_cpu-syntactic-m8t3_wcz.json"", ""--disable-semantic-fallback""]","== match report for /home/arjaiswal/Polygeist/issues/aten_c_kernels/results/aten_grid_sampler_3d_cpu/debuf.mlir ==
  match          body#[0]  memset_zero_2D_f32
  no_match       body#1  ?
  total: 1 matched / 2 bodies
",0,[],0,0,0,0,/home/arjaiswal/Polygeist/issues/aten_c_kernels/results/aten_grid_sampler_3d_cpu/debuf.mlir,7701,0,2,1,437.693540006876,1,67304,0.08676201105117798,0,16,0,0,"[{""body_indices"": [0], ""symbol"": ""memset_zero_2D_f32""}]",1,0,24,0.0,24
aten,aten_grid_sampler_3d_cpu,/home/arjaiswal/Polygeist/issues/aten_c_kernels/results/aten_grid_sampler_3d_cpu/debuf.mlir,f4956e6d8f877af200b086aedf0c85f6b2af7cad41b60ca93f98bef4738b9783,egglog,1,ok,0,1032.4016585946083,0,"[""/usr/bin/python3"", ""/home/arjaiswal/Polygeist/scripts/correctness/kernel_match_rewrite.py"", ""/home/arjaiswal/Polygeist/issues/aten_c_kernels/results/aten_grid_sampler_3d_cpu/debuf.mlir"", ""--dry-run"", ""--matcher-mode"", ""egglog"", ""--telemetry-json"", ""/home/arjaiswal/Polygeist/issues/equality_saturation_eval/campaign_20260908/aten-aten_grid_sampler_3d_cpu-egglog-wd0d3_if.json"", ""--disable-semantic-fallback""]","== match report for /home/arjaiswal/Polygeist/issues/aten_c_kernels/results/aten_grid_sampler_3d_cpu/debuf.mlir ==
  match          body#[0]  memset_zero_2D_f32
  no_match       body#1  ?
  total: 1 matched / 2 bodies
",0,[],0,0,0,0,/home/arjaiswal/Polygeist/issues/aten_c_kernels/results/aten_grid_sampler_3d_cpu/debuf.mlir,7701,8,2,1,627.5499574840069,1,71596,171.83272168040276,16,16,0,0,"[{""body_indices"": [0], ""symbol"": ""memset_zero_2D_f32""}]",1,0,0,0.0,24
aten,aten_grid_sampler_3d_cpu,/home/arjaiswal/Polygeist/issues/aten_c_kernels/results/aten_grid_sampler_3d_cpu/debuf.mlir,f4956e6d8f877af200b086aedf0c85f6b2af7cad41b60ca93f98bef4738b9783,egglog,2,ok,0,994.5015162229538,0,"[""/usr/bin/python3"", ""/home/arjaiswal/Polygeist/scripts/correctness/kernel_match_rewrite.py"", ""/home/arjaiswal/Polygeist/issues/aten_c_kernels/results/aten_grid_sampler_3d_cpu/debuf.mlir"", ""--dry-run"", ""--matcher-mode"", ""egglog"", ""--telemetry-json"", ""/home/arjaiswal/Polygeist/issues/equality_saturation_eval/campaign_20260908/aten-aten_grid_sampler_3d_cpu-egglog-9rb6s2od.json"", ""--disable-semantic-fallback""]","== match report for /home/arjaiswal/Polygeist/issues/aten_c_kernels/results/aten_grid_sampler_3d_cpu/debuf.mlir ==
  match          body#[0]  memset_zero_2D_f32
  no_match       body#1  ?
  total: 1 matched / 2 bodies
",0,[],0,0,0,0,/home/arjaiswal/Polygeist/issues/aten_c_kernels/results/aten_grid_sampler_3d_cpu/debuf.mlir,7701,8,2,1,595.2138975262642,1,71700,157.9163670539856,16,16,0,0,"[{""body_indices"": [0], ""symbol"": ""memset_zero_2D_f32""}]",1,0,0,0.0,24
aten,aten_grid_sampler_3d_cpu,/home/arjaiswal/Polygeist/issues/aten_c_kernels/results/aten_grid_sampler_3d_cpu/debuf.mlir,f4956e6d8f877af200b086aedf0c85f6b2af7cad41b60ca93f98bef4738b9783,syntactic,2,ok,0,864.0983439981937,0,"[""/usr/bin/python3"", ""/home/arjaiswal/Polygeist/scripts/correctness/kernel_match_rewrite.py"", ""/home/arjaiswal/Polygeist/issues/aten_c_kernels/results/aten_grid_sampler_3d_cpu/debuf.mlir"", ""--dry-run"", ""--matcher-mode"", ""syntactic"", ""--telemetry-json"", ""/home/arjaiswal/Polygeist/issues/equality_saturation_eval/campaign_20260908/aten-aten_grid_sampler_3d_cpu-syntactic-mnd4evoc.json"", ""--disable-semantic-fallback""]","== match report for /home/arjaiswal/Polygeist/issues/aten_c_kernels/results/aten_grid_sampler_3d_cpu/debuf.mlir ==
  match          body#[0]  memset_zero_2D_f32
  no_match       body#1  ?
  total: 1 matched / 2 bodies
",0,[],0,0,0,0,/home/arjaiswal/Polygeist/issues/aten_c_kernels/results/aten_grid_sampler_3d_cpu/debuf.mlir,7701,0,2,1,444.4844722747803,1,67440,0.07339194416999817,0,16,0,0,"[{""body_indices"": [0], ""symbol"": ""memset_zero_2D_f32""}]",1,0,24,0.0,24
aten,aten_grid_sampler_3d_cpu,/home/arjaiswal/Polygeist/issues/aten_c_kernels/results/aten_grid_sampler_3d_cpu/debuf.mlir,f4956e6d8f877af200b086aedf0c85f6b2af7cad41b60ca93f98bef4738b9783,syntactic,3,ok,0,878.9149932563305,0,"[""/usr/bin/python3"", ""/home/arjaiswal/Polygeist/scripts/correctness/kernel_match_rewrite.py"", ""/home/arjaiswal/Polygeist/issues/aten_c_kernels/results/aten_grid_sampler_3d_cpu/debuf.mlir"", ""--dry-run"", ""--matcher-mode"", ""syntactic"", ""--telemetry-json"", ""/home/arjaiswal/Polygeist/issues/equality_saturation_eval/campaign_20260908/aten-aten_grid_sampler_3d_cpu-syntactic-w6r4few5.json"", ""--disable-semantic-fallback""]","== match report for /home/arjaiswal/Polygeist/issues/aten_c_kernels/results/aten_grid_sampler_3d_cpu/debuf.mlir ==
  match          body#[0]  memset_zero_2D_f32
  no_match       body#1  ?
  total: 1 matched / 2 bodies
",0,[],0,0,0,0,/home/arjaiswal/Polygeist/issues/aten_c_kernels/results/aten_grid_sampler_3d_cpu/debuf.mlir,7701,0,2,1,471.9119854271412,1,67228,0.0754334032535553,0,16,0,0,"[{""body_indices"": [0], ""symbol"": ""memset_zero_2D_f32""}]",1,0,24,0.0,24
aten,aten_grid_sampler_3d_cpu,/home/arjaiswal/Polygeist/issues/aten_c_kernels/results/aten_grid_sampler_3d_cpu/debuf.mlir,f4956e6d8f877af200b086aedf0c85f6b2af7cad41b60ca93f98bef4738b9783,egglog,3,ok,0,999.5172172784805,0,"[""/usr/bin/python3"", ""/home/arjaiswal/Polygeist/scripts/correctness/kernel_match_rewrite.py"", ""/home/arjaiswal/Polygeist/issues/aten_c_kernels/results/aten_grid_sampler_3d_cpu/debuf.mlir"", ""--dry-run"", ""--matcher-mode"", ""egglog"", ""--telemetry-json"", ""/home/arjaiswal/Polygeist/issues/equality_saturation_eval/campaign_20260908/aten-aten_grid_sampler_3d_cpu-egglog-8san9pqu.json"", ""--disable-semantic-fallback""]","== match report for /home/arjaiswal/Polygeist/issues/aten_c_kernels/results/aten_grid_sampler_3d_cpu/debuf.mlir ==
  match          body#[0]  memset_zero_2D_f32
  no_match       body#1  ?
  total: 1 matched / 2 bodies
",0,[],0,0,0,0,/home/arjaiswal/Polygeist/issues/aten_c_kernels/results/aten_grid_sampler_3d_cpu/debuf.mlir,7701,8,2,1,596.5687520802021,1,71744,156.3478223979473,16,16,0,0,"[{""body_indices"": [0], ""symbol"": ""memset_zero_2D_f32""}]",1,0,0,0.0,24
aten,aten_grid_sampler_3d_cpu,/home/arjaiswal/Polygeist/issues/aten_c_kernels/results/aten_grid_sampler_3d_cpu/debuf.mlir,f4956e6d8f877af200b086aedf0c85f6b2af7cad41b60ca93f98bef4738b9783,egglog,4,ok,0,1038.1996668875217,0,"[""/usr/bin/python3"", ""/home/arjaiswal/Polygeist/scripts/correctness/kernel_match_rewrite.py"", ""/home/arjaiswal/Polygeist/issues/aten_c_kernels/results/aten_grid_sampler_3d_cpu/debuf.mlir"", ""--dry-run"", ""--matcher-mode"", ""egglog"", ""--telemetry-json"", ""/home/arjaiswal/Polygeist/issues/equality_saturation_eval/campaign_20260908/aten-aten_grid_sampler_3d_cpu-egglog-j7atz6a1.json"", ""--disable-semantic-fallback""]","== match report for /home/arjaiswal/Polygeist/issues/aten_c_kernels/results/aten_grid_sampler_3d_cpu/debuf.mlir ==
  match          body#[0]  memset_zero_2D_f32
  no_match       body#1  ?
  total: 1 matched / 2 bodies
",0,[],0,0,0,0,/home/arjaiswal/Polygeist/issues/aten_c_kernels/results/aten_grid_sampler_3d_cpu/debuf.mlir,7701,8,2,1,612.2004799544811,1,71676,160.65969690680504,16,16,0,0,"[{""body_indices"": [0], ""symbol"": ""memset_zero_2D_f32""}]",1,0,0,0.0,24
aten,aten_grid_sampler_3d_cpu,/home/arjaiswal/Polygeist/issues/aten_c_kernels/results/aten_grid_sampler_3d_cpu/debuf.mlir,f4956e6d8f877af200b086aedf0c85f6b2af7cad41b60ca93f98bef4738b9783,syntactic,4,ok,0,852.9673330485821,0,"[""/usr/bin/python3"", ""/home/arjaiswal/Polygeist/scripts/correctness/kernel_match_rewrite.py"", ""/home/arjaiswal/Polygeist/issues/aten_c_kernels/results/aten_grid_sampler_3d_cpu/debuf.mlir"", ""--dry-run"", ""--matcher-mode"", ""syntactic"", ""--telemetry-json"", ""/home/arjaiswal/Polygeist/issues/equality_saturation_eval/campaign_20260908/aten-aten_grid_sampler_3d_cpu-syntactic-dubhig6c.json"", ""--disable-semantic-fallback""]","== match report for /home/arjaiswal/Polygeist/issues/aten_c_kernels/results/aten_grid_sampler_3d_cpu/debuf.mlir ==
  match          body#[0]  memset_zero_2D_f32
  no_match       body#1  ?
  total: 1 matched / 2 bodies
",0,[],0,0,0,0,/home/arjaiswal/Polygeist/issues/aten_c_kernels/results/aten_grid_sampler_3d_cpu/debuf.mlir,7701,0,2,1,435.4039579629898,1,67372,0.07858872413635254,0,16,0,0,"[{""body_indices"": [0], ""symbol"": ""memset_zero_2D_f32""}]",1,0,24,0.0,24
aten,aten_grid_sampler_3d_cpu,/home/arjaiswal/Polygeist/issues/aten_c_kernels/results/aten_grid_sampler_3d_cpu/debuf.mlir,f4956e6d8f877af200b086aedf0c85f6b2af7cad41b60ca93f98bef4738b9783,syntactic,5,ok,0,850.4387065768242,0,"[""/usr/bin/python3"", ""/home/arjaiswal/Polygeist/scripts/correctness/kernel_match_rewrite.py"", ""/home/arjaiswal/Polygeist/issues/aten_c_kernels/results/aten_grid_sampler_3d_cpu/debuf.mlir"", ""--dry-run"", ""--matcher-mode"", ""syntactic"", ""--telemetry-json"", ""/home/arjaiswal/Polygeist/issues/equality_saturation_eval/campaign_20260908/aten-aten_grid_sampler_3d_cpu-syntactic-yq9tqey2.json"", ""--disable-semantic-fallback""]","== match report for /home/arjaiswal/Polygeist/issues/aten_c_kernels/results/aten_grid_sampler_3d_cpu/debuf.mlir ==
  match          body#[0]  memset_zero_2D_f32
  no_match       body#1  ?
  total: 1 matched / 2 bodies
",0,[],0,0,0,0,/home/arjaiswal/Polygeist/issues/aten_c_kernels/results/aten_grid_sampler_3d_cpu/debuf.mlir,7701,0,2,1,444.2141354084015,1,67392,0.07500126957893372,0,16,0,0,"[{""body_indices"": [0], ""symbol"": ""memset_zero_2D_f32""}]",1,0,24,0.0,24
aten,aten_grid_sampler_3d_cpu,/home/arjaiswal/Polygeist/issues/aten_c_kernels/results/aten_grid_sampler_3d_cpu/debuf.mlir,f4956e6d8f877af200b086aedf0c85f6b2af7cad41b60ca93f98bef4738b9783,egglog,5,ok,0,1068.0876187980175,0,"[""/usr/bin/python3"", ""/home/arjaiswal/Polygeist/scripts/correctness/kernel_match_rewrite.py"", ""/home/arjaiswal/Polygeist/issues/aten_c_kernels/results/aten_grid_sampler_3d_cpu/debuf.mlir"", ""--dry-run"", ""--matcher-mode"", ""egglog"", ""--telemetry-json"", ""/home/arjaiswal/Polygeist/issues/equality_saturation_eval/campaign_20260908/aten-aten_grid_sampler_3d_cpu-egglog-sn21k85k.json"", ""--disable-semantic-fallback""]","== match report for /home/arjaiswal/Polygeist/issues/aten_c_kernels/results/aten_grid_sampler_3d_cpu/debuf.mlir ==
  match          body#[0]  memset_zero_2D_f32
  no_match       body#1  ?
  total: 1 matched / 2 bodies
",0,[],0,0,0,0,/home/arjaiswal/Polygeist/issues/aten_c_kernels/results/aten_grid_sampler_3d_cpu/debuf.mlir,7701,8,2,1,625.8780211210251,1,71668,167.40696504712105,16,16,0,0,"[{""body_indices"": [0], ""symbol"": ""memset_zero_2D_f32""}]",1,0,0,0.0,24
aten,aten_group_norm_backward_cpu,/home/arjaiswal/Polygeist/issues/aten_c_kernels/results/aten_group_norm_backward_cpu/debuf.mlir,707917f500d11dfc295c8b7ca10050e3a5f4e60f988e6edeae3569e69debb70e,egglog,1,ok,0,812.3355284333229,0,"[""/usr/bin/python3"", ""/home/arjaiswal/Polygeist/scripts/correctness/kernel_match_rewrite.py"", ""/home/arjaiswal/Polygeist/issues/aten_c_kernels/results/aten_group_norm_backward_cpu/debuf.mlir"", ""--dry-run"", ""--matcher-mode"", ""egglog"", ""--telemetry-json"", ""/home/arjaiswal/Polygeist/issues/equality_saturation_eval/campaign_20260908/aten-aten_group_norm_backward_cpu-egglog-bt2ubcuj.json"", ""--disable-semantic-fallback""]","== match report for /home/arjaiswal/Polygeist/issues/aten_c_kernels/results/aten_group_norm_backward_cpu/debuf.mlir ==
  no_match       body#0  ?
  no_match       body#1  ?
  no_match       body#2  ?
  no_match       body#3  ?
  total: 0 matched / 4 bodies
",0,[],0,0,0,0,/home/arjaiswal/Polygeist/issues/aten_c_kernels/results/aten_group_norm_backward_cpu/debuf.mlir,6736,8,4,0,378.9284788072109,4,69556,77.74809375405312,8,8,0,0,[],0,0,0,0.0,12
aten,aten_group_norm_backward_cpu,/home/arjaiswal/Polygeist/issues/aten_c_kernels/results/aten_group_norm_backward_cpu/debuf.mlir,707917f500d11dfc295c8b7ca10050e3a5f4e60f988e6edeae3569e69debb70e,syntactic,1,ok,0,707.443792372942,0,"[""/usr/bin/python3"", ""/home/arjaiswal/Polygeist/scripts/correctness/kernel_match_rewrite.py"", ""/home/arjaiswal/Polygeist/issues/aten_c_kernels/results/aten_group_norm_backward_cpu/debuf.mlir"", ""--dry-run"", ""--matcher-mode"", ""syntactic"", ""--telemetry-json"", ""/home/arjaiswal/Polygeist/issues/equality_saturation_eval/campaign_20260908/aten-aten_group_norm_backward_cpu-syntactic-rhf1880i.json"", ""--disable-semantic-fallback""]","== match report for /home/arjaiswal/Polygeist/issues/aten_c_kernels/results/aten_group_norm_backward_cpu/debuf.mlir ==
  no_match       body#0  ?
  no_match       body#1  ?
  no_match       body#2  ?
  no_match       body#3  ?
  total: 0 matched / 4 bodies
",0,[],0,0,0,0,/home/arjaiswal/Polygeist/issues/aten_c_kernels/results/aten_group_norm_backward_cpu/debuf.mlir,6736,0,4,0,308.79204347729683,4,65792,0.036656856536865234,0,8,0,0,[],0,0,12,0.0,12
aten,aten_group_norm_backward_cpu,/home/arjaiswal/Polygeist/issues/aten_c_kernels/results/aten_group_norm_backward_cpu/debuf.mlir,707917f500d11dfc295c8b7ca10050e3a5f4e60f988e6edeae3569e69debb70e,syntactic,2,ok,0,699.4073875248432,0,"[""/usr/bin/python3"", ""/home/arjaiswal/Polygeist/scripts/correctness/kernel_match_rewrite.py"", ""/home/arjaiswal/Polygeist/issues/aten_c_kernels/results/aten_group_norm_backward_cpu/debuf.mlir"", ""--dry-run"", ""--matcher-mode"", ""syntactic"", ""--telemetry-json"", ""/home/arjaiswal/Polygeist/issues/equality_saturation_eval/campaign_20260908/aten-aten_group_norm_backward_cpu-syntactic-_f251day.json"", ""--disable-semantic-fallback""]","== match report for /home/arjaiswal/Polygeist/issues/aten_c_kernels/results/aten_group_norm_backward_cpu/debuf.mlir ==
  no_match       body#0  ?
  no_match       body#1  ?
  no_match       body#2  ?
  no_match       body#3  ?
  total: 0 matched / 4 bodies
",0,[],0,0,0,0,/home/arjaiswal/Polygeist/issues/aten_c_kernels/results/aten_group_norm_backward_cpu/debuf.mlir,6736,0,4,0,292.7636615931988,4,65796,0.03765895962715149,0,8,0,0,[],0,0,12,0.0,12
aten,aten_group_norm_backward_cpu,/home/arjaiswal/Polygeist/issues/aten_c_kernels/results/aten_group_norm_backward_cpu/debuf.mlir,707917f500d11dfc295c8b7ca10050e3a5f4e60f988e6edeae3569e69debb70e,egglog,2,ok,0,798.6726798117161,0,"[""/usr/bin/python3"", ""/home/arjaiswal/Polygeist/scripts/correctness/kernel_match_rewrite.py"", ""/home/arjaiswal/Polygeist/issues/aten_c_kernels/results/aten_group_norm_backward_cpu/debuf.mlir"", ""--dry-run"", ""--matcher-mode"", ""egglog"", ""--telemetry-json"", ""/home/arjaiswal/Polygeist/issues/equality_saturation_eval/campaign_20260908/aten-aten_group_norm_backward_cpu-egglog-tsm4ligt.json"", ""--disable-semantic-fallback""]","== match report for /home/arjaiswal/Polygeist/issues/aten_c_kernels/results/aten_group_norm_backward_cpu/debuf.mlir ==
  no_match       body#0  ?
  no_match       body#1  ?
  no_match       body#2  ?
  no_match       body#3  ?
  total: 0 matched / 4 bodies
",0,[],0,0,0,0,/home/arjaiswal/Polygeist/issues/aten_c_kernels/results/aten_group_norm_backward_cpu/debuf.mlir,6736,8,4,0,389.1509994864464,4,69864,77.58224382996559,8,8,0,0,[],0,0,0,0.0,12
aten,aten_group_norm_backward_cpu,/home/arjaiswal/Polygeist/issues/aten_c_kernels/results/aten_group_norm_backward_cpu/debuf.mlir,707917f500d11dfc295c8b7ca10050e3a5f4e60f988e6edeae3569e69debb70e,egglog,3,ok,0,822.7826170623302,0,"[""/usr/bin/python3"", ""/home/arjaiswal/Polygeist/scripts/correctness/kernel_match_rewrite.py"", ""/home/arjaiswal/Polygeist/issues/aten_c_kernels/results/aten_group_norm_backward_cpu/debuf.mlir"", ""--dry-run"", ""--matcher-mode"", ""egglog"", ""--telemetry-json"", ""/home/arjaiswal/Polygeist/issues/equality_saturation_eval/campaign_20260908/aten-aten_group_norm_backward_cpu-egglog-g9b6iyg5.json"", ""--disable-semantic-fallback""]","== match report for /home/arjaiswal/Polygeist/issues/aten_c_kernels/results/aten_group_norm_backward_cpu/debuf.mlir ==
  no_match       body#0  ?
  no_match       body#1  ?
  no_match       body#2  ?
  no_match       body#3  ?
  total: 0 matched / 4 bodies
",0,[],0,0,0,0,/home/arjaiswal/Polygeist/issues/aten_c_kernels/results/aten_group_norm_backward_cpu/debuf.mlir,6736,8,4,0,403.92420440912247,4,69844,81.72381669282913,8,8,0,0,[],0,0,0,0.0,12
aten,aten_group_norm_backward_cpu,/home/arjaiswal/Polygeist/issues/aten_c_kernels/results/aten_group_norm_backward_cpu/debuf.mlir,707917f500d11dfc295c8b7ca10050e3a5f4e60f988e6edeae3569e69debb70e,syntactic,3,ok,0,716.3984067738056,0,"[""/usr/bin/python3"", ""/home/arjaiswal/Polygeist/scripts/correctness/kernel_match_rewrite.py"", ""/home/arjaiswal/Polygeist/issues/aten_c_kernels/results/aten_group_norm_backward_cpu/debuf.mlir"", ""--dry-run"", ""--matcher-mode"", ""syntactic"", ""--telemetry-json"", ""/home/arjaiswal/Polygeist/issues/equality_saturation_eval/campaign_20260908/aten-aten_group_norm_backward_cpu-syntactic-9apbdo0q.json"", ""--disable-semantic-fallback""]","== match report for /home/arjaiswal/Polygeist/issues/aten_c_kernels/results/aten_group_norm_backward_cpu/debuf.mlir ==
  no_match       body#0  ?
  no_match       body#1  ?
  no_match       body#2  ?
  no_match       body#3  ?
  total: 0 matched / 4 bodies
",0,[],0,0,0,0,/home/arjaiswal/Polygeist/issues/aten_c_kernels/results/aten_group_norm_backward_cpu/debuf.mlir,6736,0,4,0,316.1012940108776,4,65776,0.05083531141281128,0,8,0,0,[],0,0,12,0.0,12
aten,aten_group_norm_backward_cpu,/home/arjaiswal/Polygeist/issues/aten_c_kernels/results/aten_group_norm_backward_cpu/debuf.mlir,707917f500d11dfc295c8b7ca10050e3a5f4e60f988e6edeae3569e69debb70e,syntactic,4,ok,0,738.3606843650341,0,"[""/usr/bin/python3"", ""/home/arjaiswal/Polygeist/scripts/correctness/kernel_match_rewrite.py"", ""/home/arjaiswal/Polygeist/issues/aten_c_kernels/results/aten_group_norm_backward_cpu/debuf.mlir"", ""--dry-run"", ""--matcher-mode"", ""syntactic"", ""--telemetry-json"", ""/home/arjaiswal/Polygeist/issues/equality_saturation_eval/campaign_20260908/aten-aten_group_norm_backward_cpu-syntactic-0f3ud8k3.json"", ""--disable-semantic-fallback""]","== match report for /home/arjaiswal/Polygeist/issues/aten_c_kernels/results/aten_group_norm_backward_cpu/debuf.mlir ==
  no_match       body#0  ?
  no_match       body#1  ?
  no_match       body#2  ?
  no_match       body#3  ?
  total: 0 matched / 4 bodies
",0,[],0,0,0,0,/home/arjaiswal/Polygeist/issues/aten_c_kernels/results/aten_group_norm_backward_cpu/debuf.mlir,6736,0,4,0,324.97983053326607,4,65916,0.038292258977890015,0,8,0,0,[],0,0,12,0.0,12
aten,aten_group_norm_backward_cpu,/home/arjaiswal/Polygeist/issues/aten_c_kernels/results/aten_group_norm_backward_cpu/debuf.mlir,707917f500d11dfc295c8b7ca10050e3a5f4e60f988e6edeae3569e69debb70e,egglog,4,ok,0,840.0993198156357,0,"[""/usr/bin/python3"", ""/home/arjaiswal/Polygeist/scripts/correctness/kernel_match_rewrite.py"", ""/home/arjaiswal/Polygeist/issues/aten_c_kernels/results/aten_group_norm_backward_cpu/debuf.mlir"", ""--dry-run"", ""--matcher-mode"", ""egglog"", ""--telemetry-json"", ""/home/arjaiswal/Polygeist/issues/equality_saturation_eval/campaign_20260908/aten-aten_group_norm_backward_cpu-egglog-u0_4_hkq.json"", ""--disable-semantic-fallback""]","== match report for /home/arjaiswal/Polygeist/issues/aten_c_kernels/results/aten_group_norm_backward_cpu/debuf.mlir ==
  no_match       body#0  ?
  no_match       body#1  ?
  no_match       body#2  ?
  no_match       body#3  ?
  total: 0 matched / 4 bodies
",0,[],0,0,0,0,/home/arjaiswal/Polygeist/issues/aten_c_kernels/results/aten_group_norm_backward_cpu/debuf.mlir,6736,8,4,0,429.4794425368309,4,69668,99.3441678583622,8,8,0,0,[],0,0,0,0.0,12
aten,aten_group_norm_backward_cpu,/home/arjaiswal/Polygeist/issues/aten_c_kernels/results/aten_group_norm_backward_cpu/debuf.mlir,707917f500d11dfc295c8b7ca10050e3a5f4e60f988e6edeae3569e69debb70e,egglog,5,ok,0,841.1051519215107,0,"[""/usr/bin/python3"", ""/home/arjaiswal/Polygeist/scripts/correctness/kernel_match_rewrite.py"", ""/home/arjaiswal/Polygeist/issues/aten_c_kernels/results/aten_group_norm_backward_cpu/debuf.mlir"", ""--dry-run"", ""--matcher-mode"", ""egglog"", ""--telemetry-json"", ""/home/arjaiswal/Polygeist/issues/equality_saturation_eval/campaign_20260908/aten-aten_group_norm_backward_cpu-egglog-8_z78m6n.json"", ""--disable-semantic-fallback""]","== match report for /home/arjaiswal/Polygeist/issues/aten_c_kernels/results/aten_group_norm_backward_cpu/debuf.mlir ==
  no_match       body#0  ?
  no_match       body#1  ?
  no_match       body#2  ?
  no_match       body#3  ?
  total: 0 matched / 4 bodies
",0,[],0,0,0,0,/home/arjaiswal/Polygeist/issues/aten_c_kernels/results/aten_group_norm_backward_cpu/debuf.mlir,6736,8,4,0,409.5654562115669,4,69740,79.27489280700684,8,8,0,0,[],0,0,0,0.0,12
aten,aten_group_norm_backward_cpu,/home/arjaiswal/Polygeist/issues/aten_c_kernels/results/aten_group_norm_backward_cpu/debuf.mlir,707917f500d11dfc295c8b7ca10050e3a5f4e60f988e6edeae3569e69debb70e,syntactic,5,ok,0,708.30212906003,0,"[""/usr/bin/python3"", ""/home/arjaiswal/Polygeist/scripts/correctness/kernel_match_rewrite.py"", ""/home/arjaiswal/Polygeist/issues/aten_c_kernels/results/aten_group_norm_backward_cpu/debuf.mlir"", ""--dry-run"", ""--matcher-mode"", ""syntactic"", ""--telemetry-json"", ""/home/arjaiswal/Polygeist/issues/equality_saturation_eval/campaign_20260908/aten-aten_group_norm_backward_cpu-syntactic-omkhcq17.json"", ""--disable-semantic-fallback""]","== match report for /home/arjaiswal/Polygeist/issues/aten_c_kernels/results/aten_group_norm_backward_cpu/debuf.mlir ==
  no_match       body#0  ?
  no_match       body#1  ?
  no_match       body#2  ?
  no_match       body#3  ?
  total: 0 matched / 4 bodies
",0,[],0,0,0,0,/home/arjaiswal/Polygeist/issues/aten_c_kernels/results/aten_group_norm_backward_cpu/debuf.mlir,6736,0,4,0,297.32124507427216,4,65900,0.03682076930999756,0,8,0,0,[],0,0,12,0.0,12
aten,aten_group_norm_cpu,/home/arjaiswal/Polygeist/issues/aten_c_kernels/results/aten_group_norm_cpu/debuf.mlir,28c76c02d2496d4192974bc75bc22ecc2e714dfccebbc2077e097e2639fc5886,syntactic,1,ok,0,817.4297958612442,0,"[""/usr/bin/python3"", ""/home/arjaiswal/Polygeist/scripts/correctness/kernel_match_rewrite.py"", ""/home/arjaiswal/Polygeist/issues/aten_c_kernels/results/aten_group_norm_cpu/debuf.mlir"", ""--dry-run"", ""--matcher-mode"", ""syntactic"", ""--telemetry-json"", ""/home/arjaiswal/Polygeist/issues/equality_saturation_eval/campaign_20260908/aten-aten_group_norm_cpu-syntactic-ev9zqx_x.json"", ""--disable-semantic-fallback""]","== match report for /home/arjaiswal/Polygeist/issues/aten_c_kernels/results/aten_group_norm_cpu/debuf.mlir ==
  no_match       body#0  ?
  no_match       body#1  ?
  no_match       body#2  ?
  total: 0 matched / 3 bodies
",0,[],0,0,0,0,/home/arjaiswal/Polygeist/issues/aten_c_kernels/results/aten_group_norm_cpu/debuf.mlir,6586,0,3,0,307.2274625301361,3,65740,0.0,0,0,0,0,[],0,0,0,0.0,0
aten,aten_group_norm_cpu,/home/arjaiswal/Polygeist/issues/aten_c_kernels/results/aten_group_norm_cpu/debuf.mlir,28c76c02d2496d4192974bc75bc22ecc2e714dfccebbc2077e097e2639fc5886,egglog,1,ok,0,763.5923624038696,0,"[""/usr/bin/python3"", ""/home/arjaiswal/Polygeist/scripts/correctness/kernel_match_rewrite.py"", ""/home/arjaiswal/Polygeist/issues/aten_c_kernels/results/aten_group_norm_cpu/debuf.mlir"", ""--dry-run"", ""--matcher-mode"", ""egglog"", ""--telemetry-json"", ""/home/arjaiswal/Polygeist/issues/equality_saturation_eval/campaign_20260908/aten-aten_group_norm_cpu-egglog-sgllgfja.json"", ""--disable-semantic-fallback""]","== match report for /home/arjaiswal/Polygeist/issues/aten_c_kernels/results/aten_group_norm_cpu/debuf.mlir ==
  no_match       body#0  ?
  no_match       body#1  ?
  no_match       body#2  ?
  total: 0 matched / 3 bodies
",0,[],0,0,0,0,/home/arjaiswal/Polygeist/issues/aten_c_kernels/results/aten_group_norm_cpu/debuf.mlir,6586,8,3,0,327.20284909009933,3,65664,0.0,0,0,0,0,[],0,0,0,0.0,0
aten,aten_group_norm_cpu,/home/arjaiswal/Polygeist/issues/aten_c_kernels/results/aten_group_norm_cpu/debuf.mlir,28c76c02d2496d4192974bc75bc22ecc2e714dfccebbc2077e097e2639fc5886,egglog,2,ok,0,730.4671742022038,0,"[""/usr/bin/python3"", ""/home/arjaiswal/Polygeist/scripts/correctness/kernel_match_rewrite.py"", ""/home/arjaiswal/Polygeist/issues/aten_c_kernels/results/aten_group_norm_cpu/debuf.mlir"", ""--dry-run"", ""--matcher-mode"", ""egglog"", ""--telemetry-json"", ""/home/arjaiswal/Polygeist/issues/equality_saturation_eval/campaign_20260908/aten-aten_group_norm_cpu-egglog-9rm3m9cd.json"", ""--disable-semantic-fallback""]","== match report for /home/arjaiswal/Polygeist/issues/aten_c_kernels/results/aten_group_norm_cpu/debuf.mlir ==
  no_match       body#0  ?
  no_match       body#1  ?
  no_match       body#2  ?
  total: 0 matched / 3 bodies
",0,[],0,0,0,0,/home/arjaiswal/Polygeist/issues/aten_c_kernels/results/aten_group_norm_cpu/debuf.mlir,6586,8,3,0,298.6619211733341,3,65796,0.0,0,0,0,0,[],0,0,0,0.0,0
aten,aten_group_norm_cpu,/home/arjaiswal/Polygeist/issues/aten_c_kernels/results/aten_group_norm_cpu/debuf.mlir,28c76c02d2496d4192974bc75bc22ecc2e714dfccebbc2077e097e2639fc5886,syntactic,2,ok,0,724.1533137857914,0,"[""/usr/bin/python3"", ""/home/arjaiswal/Polygeist/scripts/correctness/kernel_match_rewrite.py"", ""/home/arjaiswal/Polygeist/issues/aten_c_kernels/results/aten_group_norm_cpu/debuf.mlir"", ""--dry-run"", ""--matcher-mode"", ""syntactic"", ""--telemetry-json"", ""/home/arjaiswal/Polygeist/issues/equality_saturation_eval/campaign_20260908/aten-aten_group_norm_cpu-syntactic-p_xc9go1.json"", ""--disable-semantic-fallback""]","== match report for /home/arjaiswal/Polygeist/issues/aten_c_kernels/results/aten_group_norm_cpu/debuf.mlir ==
  no_match       body#0  ?
  no_match       body#1  ?
  no_match       body#2  ?
  total: 0 matched / 3 bodies
",0,[],0,0,0,0,/home/arjaiswal/Polygeist/issues/aten_c_kernels/results/aten_group_norm_cpu/debuf.mlir,6586,0,3,0,300.94626918435097,3,65596,0.0,0,0,0,0,[],0,0,0,0.0,0
aten,aten_group_norm_cpu,/home/arjaiswal/Polygeist/issues/aten_c_kernels/results/aten_group_norm_cpu/debuf.mlir,28c76c02d2496d4192974bc75bc22ecc2e714dfccebbc2077e097e2639fc5886,syntactic,3,ok,0,719.2623019218445,0,"[""/usr/bin/python3"", ""/home/arjaiswal/Polygeist/scripts/correctness/kernel_match_rewrite.py"", ""/home/arjaiswal/Polygeist/issues/aten_c_kernels/results/aten_group_norm_cpu/debuf.mlir"", ""--dry-run"", ""--matcher-mode"", ""syntactic"", ""--telemetry-json"", ""/home/arjaiswal/Polygeist/issues/equality_saturation_eval/campaign_20260908/aten-aten_group_norm_cpu-syntactic-ape_p569.json"", ""--disable-semantic-fallback""]","== match report for /home/arjaiswal/Polygeist/issues/aten_c_kernels/results/aten_group_norm_cpu/debuf.mlir ==
  no_match       body#0  ?
  no_match       body#1  ?
  no_match       body#2  ?
  total: 0 matched / 3 bodies
",0,[],0,0,0,0,/home/arjaiswal/Polygeist/issues/aten_c_kernels/results/aten_group_norm_cpu/debuf.mlir,6586,0,3,0,294.72412168979645,3,65540,0.0,0,0,0,0,[],0,0,0,0.0,0
aten,aten_group_norm_cpu,/home/arjaiswal/Polygeist/issues/aten_c_kernels/results/aten_group_norm_cpu/debuf.mlir,28c76c02d2496d4192974bc75bc22ecc2e714dfccebbc2077e097e2639fc5886,egglog,3,ok,0,725.8690223097801,0,"[""/usr/bin/python3"", ""/home/arjaiswal/Polygeist/scripts/correctness/kernel_match_rewrite.py"", ""/home/arjaiswal/Polygeist/issues/aten_c_kernels/results/aten_group_norm_cpu/debuf.mlir"", ""--dry-run"", ""--matcher-mode"", ""egglog"", ""--telemetry-json"", ""/home/arjaiswal/Polygeist/issues/equality_saturation_eval/campaign_20260908/aten-aten_group_norm_cpu-egglog-4z90prx1.json"", ""--disable-semantic-fallback""]","== match report for /home/arjaiswal/Polygeist/issues/aten_c_kernels/results/aten_group_norm_cpu/debuf.mlir ==
  no_match       body#0  ?
  no_match       body#1  ?
  no_match       body#2  ?
  total: 0 matched / 3 bodies
",0,[],0,0,0,0,/home/arjaiswal/Polygeist/issues/aten_c_kernels/results/aten_group_norm_cpu/debuf.mlir,6586,8,3,0,295.1718010008335,3,65608,0.0,0,0,0,0,[],0,0,0,0.0,0
aten,aten_group_norm_cpu,/home/arjaiswal/Polygeist/issues/aten_c_kernels/results/aten_group_norm_cpu/debuf.mlir,28c76c02d2496d4192974bc75bc22ecc2e714dfccebbc2077e097e2639fc5886,egglog,4,ok,0,703.1653746962547,0,"[""/usr/bin/python3"", ""/home/arjaiswal/Polygeist/scripts/correctness/kernel_match_rewrite.py"", ""/home/arjaiswal/Polygeist/issues/aten_c_kernels/results/aten_group_norm_cpu/debuf.mlir"", ""--dry-run"", ""--matcher-mode"", ""egglog"", ""--telemetry-json"", ""/home/arjaiswal/Polygeist/issues/equality_saturation_eval/campaign_20260908/aten-aten_group_norm_cpu-egglog-9vora9xf.json"", ""--disable-semantic-fallback""]","== match report for /home/arjaiswal/Polygeist/issues/aten_c_kernels/results/aten_group_norm_cpu/debuf.mlir ==
  no_match       body#0  ?
  no_match       body#1  ?
  no_match       body#2  ?
  total: 0 matched / 3 bodies
",0,[],0,0,0,0,/home/arjaiswal/Polygeist/issues/aten_c_kernels/results/aten_group_norm_cpu/debuf.mlir,6586,8,3,0,289.2813943326473,3,65744,0.0,0,0,0,0,[],0,0,0,0.0,0
aten,aten_group_norm_cpu,/home/arjaiswal/Polygeist/issues/aten_c_kernels/results/aten_group_norm_cpu/debuf.mlir,28c76c02d2496d4192974bc75bc22ecc2e714dfccebbc2077e097e2639fc5886,syntactic,4,ok,0,775.6203897297382,0,"[""/usr/bin/python3"", ""/home/arjaiswal/Polygeist/scripts/correctness/kernel_match_rewrite.py"", ""/home/arjaiswal/Polygeist/issues/aten_c_kernels/results/aten_group_norm_cpu/debuf.mlir"", ""--dry-run"", ""--matcher-mode"", ""syntactic"", ""--telemetry-json"", ""/home/arjaiswal/Polygeist/issues/equality_saturation_eval/campaign_20260908/aten-aten_group_norm_cpu-syntactic-6t_jeuhd.json"", ""--disable-semantic-fallback""]","== match report for /home/arjaiswal/Polygeist/issues/aten_c_kernels/results/aten_group_norm_cpu/debuf.mlir ==
  no_match       body#0  ?
  no_match       body#1  ?
  no_match       body#2  ?
  total: 0 matched / 3 bodies
",0,[],0,0,0,0,/home/arjaiswal/Polygeist/issues/aten_c_kernels/results/aten_group_norm_cpu/debuf.mlir,6586,0,3,0,348.3419790863991,3,65568,0.0,0,0,0,0,[],0,0,0,0.0,0
aten,aten_group_norm_cpu,/home/arjaiswal/Polygeist/issues/aten_c_kernels/results/aten_group_norm_cpu/debuf.mlir,28c76c02d2496d4192974bc75bc22ecc2e714dfccebbc2077e097e2639fc5886,syntactic,5,ok,0,725.556742399931,0,"[""/usr/bin/python3"", ""/home/arjaiswal/Polygeist/scripts/correctness/kernel_match_rewrite.py"", ""/home/arjaiswal/Polygeist/issues/aten_c_kernels/results/aten_group_norm_cpu/debuf.mlir"", ""--dry-run"", ""--matcher-mode"", ""syntactic"", ""--telemetry-json"", ""/home/arjaiswal/Polygeist/issues/equality_saturation_eval/campaign_20260908/aten-aten_group_norm_cpu-syntactic-3ekb8wrp.json"", ""--disable-semantic-fallback""]","== match report for /home/arjaiswal/Polygeist/issues/aten_c_kernels/results/aten_group_norm_cpu/debuf.mlir ==
  no_match       body#0  ?
  no_match       body#1  ?
  no_match       body#2  ?
  total: 0 matched / 3 bodies
",0,[],0,0,0,0,/home/arjaiswal/Polygeist/issues/aten_c_kernels/results/aten_group_norm_cpu/debuf.mlir,6586,0,3,0,299.9892458319664,3,65760,0.0,0,0,0,0,[],0,0,0,0.0,0
aten,aten_group_norm_cpu,/home/arjaiswal/Polygeist/issues/aten_c_kernels/results/aten_group_norm_cpu/debuf.mlir,28c76c02d2496d4192974bc75bc22ecc2e714dfccebbc2077e097e2639fc5886,egglog,5,ok,0,766.5352337062359,0,"[""/usr/bin/python3"", ""/home/arjaiswal/Polygeist/scripts/correctness/kernel_match_rewrite.py"", ""/home/arjaiswal/Polygeist/issues/aten_c_kernels/results/aten_group_norm_cpu/debuf.mlir"", ""--dry-run"", ""--matcher-mode"", ""egglog"", ""--telemetry-json"", ""/home/arjaiswal/Polygeist/issues/equality_saturation_eval/campaign_20260908/aten-aten_group_norm_cpu-egglog-ne5wqri4.json"", ""--disable-semantic-fallback""]","== match report for /home/arjaiswal/Polygeist/issues/aten_c_kernels/results/aten_group_norm_cpu/debuf.mlir ==
  no_match       body#0  ?
  no_match       body#1  ?
  no_match       body#2  ?
  total: 0 matched / 3 bodies
",0,[],0,0,0,0,/home/arjaiswal/Polygeist/issues/aten_c_kernels/results/aten_group_norm_cpu/debuf.mlir,6586,8,3,0,330.31070977449417,3,65284,0.0,0,0,0,0,[],0,0,0,0.0,0
aten,aten_gt,/home/arjaiswal/Polygeist/issues/aten_c_kernels/results/aten_gt/debuf.mlir,2c90eeccd43a39a9a96fb8d948012d25438f1bc321770ef50ed4913e36f56840,egglog,1,ok,0,695.9323287010193,0,"[""/usr/bin/python3"", ""/home/arjaiswal/Polygeist/scripts/correctness/kernel_match_rewrite.py"", ""/home/arjaiswal/Polygeist/issues/aten_c_kernels/results/aten_gt/debuf.mlir"", ""--dry-run"", ""--matcher-mode"", ""egglog"", ""--telemetry-json"", ""/home/arjaiswal/Polygeist/issues/equality_saturation_eval/campaign_20260908/aten-aten_gt-egglog-jey2jq1r.json"", ""--disable-semantic-fallback""]","== match report for /home/arjaiswal/Polygeist/issues/aten_c_kernels/results/aten_gt/debuf.mlir ==
  no_match       body#0  ?
  total: 0 matched / 1 bodies
",0,[],0,0,0,0,/home/arjaiswal/Polygeist/issues/aten_c_kernels/results/aten_gt/debuf.mlir,1965,8,1,0,285.5970039963722,1,65764,0.0,0,0,0,0,[],0,0,0,0.0,8
aten,aten_gt,/home/arjaiswal/Polygeist/issues/aten_c_kernels/results/aten_gt/debuf.mlir,2c90eeccd43a39a9a96fb8d948012d25438f1bc321770ef50ed4913e36f56840,syntactic,1,ok,0,693.8306950032711,0,"[""/usr/bin/python3"", ""/home/arjaiswal/Polygeist/scripts/correctness/kernel_match_rewrite.py"", ""/home/arjaiswal/Polygeist/issues/aten_c_kernels/results/aten_gt/debuf.mlir"", ""--dry-run"", ""--matcher-mode"", ""syntactic"", ""--telemetry-json"", ""/home/arjaiswal/Polygeist/issues/equality_saturation_eval/campaign_20260908/aten-aten_gt-syntactic-7chy0g6r.json"", ""--disable-semantic-fallback""]","== match report for /home/arjaiswal/Polygeist/issues/aten_c_kernels/results/aten_gt/debuf.mlir ==
  no_match       body#0  ?
  total: 0 matched / 1 bodies
",0,[],0,0,0,0,/home/arjaiswal/Polygeist/issues/aten_c_kernels/results/aten_gt/debuf.mlir,1965,0,1,0,289.716150611639,1,65616,0.02251565456390381,0,0,0,0,[],0,0,8,0.0,8
aten,aten_gt,/home/arjaiswal/Polygeist/issues/aten_c_kernels/results/aten_gt/debuf.mlir,2c90eeccd43a39a9a96fb8d948012d25438f1bc321770ef50ed4913e36f56840,syntactic,2,ok,0,704.6150863170624,0,"[""/usr/bin/python3"", ""/home/arjaiswal/Polygeist/scripts/correctness/kernel_match_rewrite.py"", ""/home/arjaiswal/Polygeist/issues/aten_c_kernels/results/aten_gt/debuf.mlir"", ""--dry-run"", ""--matcher-mode"", ""syntactic"", ""--telemetry-json"", ""/home/arjaiswal/Polygeist/issues/equality_saturation_eval/campaign_20260908/aten-aten_gt-syntactic-u6hrzhe9.json"", ""--disable-semantic-fallback""]","== match report for /home/arjaiswal/Polygeist/issues/aten_c_kernels/results/aten_gt/debuf.mlir ==
  no_match       body#0  ?
  total: 0 matched / 1 bodies
",0,[],0,0,0,0,/home/arjaiswal/Polygeist/issues/aten_c_kernels/results/aten_gt/debuf.mlir,1965,0,1,0,291.51999205350876,1,65452,0.022102147340774536,0,0,0,0,[],0,0,8,0.0,8
aten,aten_gt,/home/arjaiswal/Polygeist/issues/aten_c_kernels/results/aten_gt/debuf.mlir,2c90eeccd43a39a9a96fb8d948012d25438f1bc321770ef50ed4913e36f56840,egglog,2,ok,0,701.7851509153843,0,"[""/usr/bin/python3"", ""/home/arjaiswal/Polygeist/scripts/correctness/kernel_match_rewrite.py"", ""/home/arjaiswal/Polygeist/issues/aten_c_kernels/results/aten_gt/debuf.mlir"", ""--dry-run"", ""--matcher-mode"", ""egglog"", ""--telemetry-json"", ""/home/arjaiswal/Polygeist/issues/equality_saturation_eval/campaign_20260908/aten-aten_gt-egglog-0nglxil5.json"", ""--disable-semantic-fallback""]","== match report for /home/arjaiswal/Polygeist/issues/aten_c_kernels/results/aten_gt/debuf.mlir ==
  no_match       body#0  ?
  total: 0 matched / 1 bodies
",0,[],0,0,0,0,/home/arjaiswal/Polygeist/issues/aten_c_kernels/results/aten_gt/debuf.mlir,1965,8,1,0,292.8144000470638,1,65776,0.0,0,0,0,0,[],0,0,0,0.0,8
aten,aten_gt,/home/arjaiswal/Polygeist/issues/aten_c_kernels/results/aten_gt/debuf.mlir,2c90eeccd43a39a9a96fb8d948012d25438f1bc321770ef50ed4913e36f56840,egglog,3,ok,0,726.7925105988979,0,"[""/usr/bin/python3"", ""/home/arjaiswal/Polygeist/scripts/correctness/kernel_match_rewrite.py"", ""/home/arjaiswal/Polygeist/issues/aten_c_kernels/results/aten_gt/debuf.mlir"", ""--dry-run"", ""--matcher-mode"", ""egglog"", ""--telemetry-json"", ""/home/arjaiswal/Polygeist/issues/equality_saturation_eval/campaign_20260908/aten-aten_gt-egglog-7w4klyn8.json"", ""--disable-semantic-fallback""]","== match report for /home/arjaiswal/Polygeist/issues/aten_c_kernels/results/aten_gt/debuf.mlir ==
  no_match       body#0  ?
  total: 0 matched / 1 bodies
",0,[],0,0,0,0,/home/arjaiswal/Polygeist/issues/aten_c_kernels/results/aten_gt/debuf.mlir,1965,8,1,0,291.7926087975502,1,65736,0.0,0,0,0,0,[],0,0,0,0.0,8
aten,aten_gt,/home/arjaiswal/Polygeist/issues/aten_c_kernels/results/aten_gt/debuf.mlir,2c90eeccd43a39a9a96fb8d948012d25438f1bc321770ef50ed4913e36f56840,syntactic,3,ok,0,700.1082822680473,0,"[""/usr/bin/python3"", ""/home/arjaiswal/Polygeist/scripts/correctness/kernel_match_rewrite.py"", ""/home/arjaiswal/Polygeist/issues/aten_c_kernels/results/aten_gt/debuf.mlir"", ""--dry-run"", ""--matcher-mode"", ""syntactic"", ""--telemetry-json"", ""/home/arjaiswal/Polygeist/issues/equality_saturation_eval/campaign_20260908/aten-aten_gt-syntactic-2cg3gulp.json"", ""--disable-semantic-fallback""]","== match report for /home/arjaiswal/Polygeist/issues/aten_c_kernels/results/aten_gt/debuf.mlir ==
  no_match       body#0  ?
  total: 0 matched / 1 bodies
",0,[],0,0,0,0,/home/arjaiswal/Polygeist/issues/aten_c_kernels/results/aten_gt/debuf.mlir,1965,0,1,0,290.87500646710396,1,65856,0.021811574697494507,0,0,0,0,[],0,0,8,0.0,8
aten,aten_gt,/home/arjaiswal/Polygeist/issues/aten_c_kernels/results/aten_gt/debuf.mlir,2c90eeccd43a39a9a96fb8d948012d25438f1bc321770ef50ed4913e36f56840,syntactic,4,ok,0,696.1669363081455,0,"[""/usr/bin/python3"", ""/home/arjaiswal/Polygeist/scripts/correctness/kernel_match_rewrite.py"", ""/home/arjaiswal/Polygeist/issues/aten_c_kernels/results/aten_gt/debuf.mlir"", ""--dry-run"", ""--matcher-mode"", ""syntactic"", ""--telemetry-json"", ""/home/arjaiswal/Polygeist/issues/equality_saturation_eval/campaign_20260908/aten-aten_gt-syntactic-7wlo5pz6.json"", ""--disable-semantic-fallback""]","== match report for /home/arjaiswal/Polygeist/issues/aten_c_kernels/results/aten_gt/debuf.mlir ==
  no_match       body#0  ?
  total: 0 matched / 1 bodies
",0,[],0,0,0,0,/home/arjaiswal/Polygeist/issues/aten_c_kernels/results/aten_gt/debuf.mlir,1965,0,1,0,289.35936838388443,1,65456,0.02240017056465149,0,0,0,0,[],0,0,8,0.0,8
aten,aten_gt,/home/arjaiswal/Polygeist/issues/aten_c_kernels/results/aten_gt/debuf.mlir,2c90eeccd43a39a9a96fb8d948012d25438f1bc321770ef50ed4913e36f56840,egglog,4,ok,0,699.2887184023857,0,"[""/usr/bin/python3"", ""/home/arjaiswal/Polygeist/scripts/correctness/kernel_match_rewrite.py"", ""/home/arjaiswal/Polygeist/issues/aten_c_kernels/results/aten_gt/debuf.mlir"", ""--dry-run"", ""--matcher-mode"", ""egglog"", ""--telemetry-json"", ""/home/arjaiswal/Polygeist/issues/equality_saturation_eval/campaign_20260908/aten-aten_gt-egglog-leiurx6z.json"", ""--disable-semantic-fallback""]","== match report for /home/arjaiswal/Polygeist/issues/aten_c_kernels/results/aten_gt/debuf.mlir ==
  no_match       body#0  ?
  total: 0 matched / 1 bodies
",0,[],0,0,0,0,/home/arjaiswal/Polygeist/issues/aten_c_kernels/results/aten_gt/debuf.mlir,1965,8,1,0,292.32220351696014,1,65584,0.0,0,0,0,0,[],0,0,0,0.0,8
aten,aten_gt,/home/arjaiswal/Polygeist/issues/aten_c_kernels/results/aten_gt/debuf.mlir,2c90eeccd43a39a9a96fb8d948012d25438f1bc321770ef50ed4913e36f56840,egglog,5,ok,0,718.2267867028713,0,"[""/usr/bin/python3"", ""/home/arjaiswal/Polygeist/scripts/correctness/kernel_match_rewrite.py"", ""/home/arjaiswal/Polygeist/issues/aten_c_kernels/results/aten_gt/debuf.mlir"", ""--dry-run"", ""--matcher-mode"", ""egglog"", ""--telemetry-json"", ""/home/arjaiswal/Polygeist/issues/equality_saturation_eval/campaign_20260908/aten-aten_gt-egglog-0by2e_c_.json"", ""--disable-semantic-fallback""]","== match report for /home/arjaiswal/Polygeist/issues/aten_c_kernels/results/aten_gt/debuf.mlir ==
  no_match       body#0  ?
  total: 0 matched / 1 bodies
",0,[],0,0,0,0,/home/arjaiswal/Polygeist/issues/aten_c_kernels/results/aten_gt/debuf.mlir,1965,8,1,0,301.65138468146324,1,65692,0.0,0,0,0,0,[],0,0,0,0.0,8
aten,aten_gt,/home/arjaiswal/Polygeist/issues/aten_c_kernels/results/aten_gt/debuf.mlir,2c90eeccd43a39a9a96fb8d948012d25438f1bc321770ef50ed4913e36f56840,syntactic,5,ok,0,708.236251026392,0,"[""/usr/bin/python3"", ""/home/arjaiswal/Polygeist/scripts/correctness/kernel_match_rewrite.py"", ""/home/arjaiswal/Polygeist/issues/aten_c_kernels/results/aten_gt/debuf.mlir"", ""--dry-run"", ""--matcher-mode"", ""syntactic"", ""--telemetry-json"", ""/home/arjaiswal/Polygeist/issues/equality_saturation_eval/campaign_20260908/aten-aten_gt-syntactic-3aerc0_b.json"", ""--disable-semantic-fallback""]","== match report for /home/arjaiswal/Polygeist/issues/aten_c_kernels/results/aten_gt/debuf.mlir ==
  no_match       body#0  ?
  total: 0 matched / 1 bodies
",0,[],0,0,0,0,/home/arjaiswal/Polygeist/issues/aten_c_kernels/results/aten_gt/debuf.mlir,1965,0,1,0,291.5359139442444,1,65876,0.020343810319900513,0,0,0,0,[],0,0,8,0.0,8
aten,aten_hardshrink,/home/arjaiswal/Polygeist/issues/aten_c_kernels/results/aten_hardshrink/debuf.mlir,6ef131f3612f701160ab33e3cd071233d7d45a1bc7b356a2c9aef3e5782518d0,syntactic,1,ok,0,993.046123534441,0,"[""/usr/bin/python3"", ""/home/arjaiswal/Polygeist/scripts/correctness/kernel_match_rewrite.py"", ""/home/arjaiswal/Polygeist/issues/aten_c_kernels/results/aten_hardshrink/debuf.mlir"", ""--dry-run"", ""--matcher-mode"", ""syntactic"", ""--telemetry-json"", ""/home/arjaiswal/Polygeist/issues/equality_saturation_eval/campaign_20260908/aten-aten_hardshrink-syntactic-iaaqi1bw.json"", ""--disable-semantic-fallback""]","== match report for /home/arjaiswal/Polygeist/issues/aten_c_kernels/results/aten_hardshrink/debuf.mlir ==
  match          body#[0]  cudnnPointwiseGraph_f32
  total: 1 matched / 1 bodies
",0,[],0,0,0,0,/home/arjaiswal/Polygeist/issues/aten_c_kernels/results/aten_hardshrink/debuf.mlir,1989,0,1,1,576.5482150018215,0,66640,0.1401752233505249,0,0,0,0,"[{""body_indices"": [0], ""symbol"": ""cudnnPointwiseGraph_f32""}]",1,0,56,0.0,56
aten,aten_hardshrink,/home/arjaiswal/Polygeist/issues/aten_c_kernels/results/aten_hardshrink/debuf.mlir,6ef131f3612f701160ab33e3cd071233d7d45a1bc7b356a2c9aef3e5782518d0,egglog,1,ok,0,986.065749078989,0,"[""/usr/bin/python3"", ""/home/arjaiswal/Polygeist/scripts/correctness/kernel_match_rewrite.py"", ""/home/arjaiswal/Polygeist/issues/aten_c_kernels/results/aten_hardshrink/debuf.mlir"", ""--dry-run"", ""--matcher-mode"", ""egglog"", ""--telemetry-json"", ""/home/arjaiswal/Polygeist/issues/equality_saturation_eval/campaign_20260908/aten-aten_hardshrink-egglog-alp195zm.json"", ""--disable-semantic-fallback""]","== match report for /home/arjaiswal/Polygeist/issues/aten_c_kernels/results/aten_hardshrink/debuf.mlir ==
  match          body#[0]  cudnnPointwiseGraph_f32
  total: 1 matched / 1 bodies
",0,[],0,0,0,0,/home/arjaiswal/Polygeist/issues/aten_c_kernels/results/aten_hardshrink/debuf.mlir,1989,8,1,1,575.9549848735332,0,65936,0.0,0,0,0,0,"[{""body_indices"": [0], ""symbol"": ""cudnnPointwiseGraph_f32""}]",1,0,0,0.0,56
aten,aten_hardshrink,/home/arjaiswal/Polygeist/issues/aten_c_kernels/results/aten_hardshrink/debuf.mlir,6ef131f3612f701160ab33e3cd071233d7d45a1bc7b356a2c9aef3e5782518d0,egglog,2,ok,0,1011.6236321628094,0,"[""/usr/bin/python3"", ""/home/arjaiswal/Polygeist/scripts/correctness/kernel_match_rewrite.py"", ""/home/arjaiswal/Polygeist/issues/aten_c_kernels/results/aten_hardshrink/debuf.mlir"", ""--dry-run"", ""--matcher-mode"", ""egglog"", ""--telemetry-json"", ""/home/arjaiswal/Polygeist/issues/equality_saturation_eval/campaign_20260908/aten-aten_hardshrink-egglog-9jglao6t.json"", ""--disable-semantic-fallback""]","== match report for /home/arjaiswal/Polygeist/issues/aten_c_kernels/results/aten_hardshrink/debuf.mlir ==
  match          body#[0]  cudnnPointwiseGraph_f32
  total: 1 matched / 1 bodies
",0,[],0,0,0,0,/home/arjaiswal/Polygeist/issues/aten_c_kernels/results/aten_hardshrink/debuf.mlir,1989,8,1,1,598.1995239853859,0,66260,0.0,0,0,0,0,"[{""body_indices"": [0], ""symbol"": ""cudnnPointwiseGraph_f32""}]",1,0,0,0.0,56
aten,aten_hardshrink,/home/arjaiswal/Polygeist/issues/aten_c_kernels/results/aten_hardshrink/debuf.mlir,6ef131f3612f701160ab33e3cd071233d7d45a1bc7b356a2c9aef3e5782518d0,syntactic,2,ok,0,996.332935988903,0,"[""/usr/bin/python3"", ""/home/arjaiswal/Polygeist/scripts/correctness/kernel_match_rewrite.py"", ""/home/arjaiswal/Polygeist/issues/aten_c_kernels/results/aten_hardshrink/debuf.mlir"", ""--dry-run"", ""--matcher-mode"", ""syntactic"", ""--telemetry-json"", ""/home/arjaiswal/Polygeist/issues/equality_saturation_eval/campaign_20260908/aten-aten_hardshrink-syntactic-rkj537fd.json"", ""--disable-semantic-fallback""]","== match report for /home/arjaiswal/Polygeist/issues/aten_c_kernels/results/aten_hardshrink/debuf.mlir ==
  match          body#[0]  cudnnPointwiseGraph_f32
  total: 1 matched / 1 bodies
",0,[],0,0,0,0,/home/arjaiswal/Polygeist/issues/aten_c_kernels/results/aten_hardshrink/debuf.mlir,1989,0,1,1,572.3823495209217,0,66412,0.12899935245513916,0,0,0,0,"[{""body_indices"": [0], ""symbol"": ""cudnnPointwiseGraph_f32""}]",1,0,56,0.0,56
aten,aten_hardshrink,/home/arjaiswal/Polygeist/issues/aten_c_kernels/results/aten_hardshrink/debuf.mlir,6ef131f3612f701160ab33e3cd071233d7d45a1bc7b356a2c9aef3e5782518d0,syntactic,3,ok,0,1036.6788171231747,0,"[""/usr/bin/python3"", ""/home/arjaiswal/Polygeist/scripts/correctness/kernel_match_rewrite.py"", ""/home/arjaiswal/Polygeist/issues/aten_c_kernels/results/aten_hardshrink/debuf.mlir"", ""--dry-run"", ""--matcher-mode"", ""syntactic"", ""--telemetry-json"", ""/home/arjaiswal/Polygeist/issues/equality_saturation_eval/campaign_20260908/aten-aten_hardshrink-syntactic-1qkvo6h4.json"", ""--disable-semantic-fallback""]","== match report for /home/arjaiswal/Polygeist/issues/aten_c_kernels/results/aten_hardshrink/debuf.mlir ==
  match          body#[0]  cudnnPointwiseGraph_f32
  total: 1 matched / 1 bodies
",0,[],0,0,0,0,/home/arjaiswal/Polygeist/issues/aten_c_kernels/results/aten_hardshrink/debuf.mlir,1989,0,1,1,617.7598647773266,0,66336,0.14546141028404236,0,0,0,0,"[{""body_indices"": [0], ""symbol"": ""cudnnPointwiseGraph_f32""}]",1,0,56,0.0,56
aten,aten_hardshrink,/home/arjaiswal/Polygeist/issues/aten_c_kernels/results/aten_hardshrink/debuf.mlir,6ef131f3612f701160ab33e3cd071233d7d45a1bc7b356a2c9aef3e5782518d0,egglog,3,ok,0,973.3980000019073,0,"[""/usr/bin/python3"", ""/home/arjaiswal/Polygeist/scripts/correctness/kernel_match_rewrite.py"", ""/home/arjaiswal/Polygeist/issues/aten_c_kernels/results/aten_hardshrink/debuf.mlir"", ""--dry-run"", ""--matcher-mode"", ""egglog"", ""--telemetry-json"", ""/home/arjaiswal/Polygeist/issues/equality_saturation_eval/campaign_20260908/aten-aten_hardshrink-egglog-9x7lfimi.json"", ""--disable-semantic-fallback""]","== match report for /home/arjaiswal/Polygeist/issues/aten_c_kernels/results/aten_hardshrink/debuf.mlir ==
  match          body#[0]  cudnnPointwiseGraph_f32
  total: 1 matched / 1 bodies
",0,[],0,0,0,0,/home/arjaiswal/Polygeist/issues/aten_c_kernels/results/aten_hardshrink/debuf.mlir,1989,8,1,1,564.210269600153,0,66208,0.0,0,0,0,0,"[{""body_indices"": [0], ""symbol"": ""cudnnPointwiseGraph_f32""}]",1,0,0,0.0,56
aten,aten_hardshrink,/home/arjaiswal/Polygeist/issues/aten_c_kernels/results/aten_hardshrink/debuf.mlir,6ef131f3612f701160ab33e3cd071233d7d45a1bc7b356a2c9aef3e5782518d0,egglog,4,ok,0,983.5053496062756,0,"[""/usr/bin/python3"", ""/home/arjaiswal/Polygeist/scripts/correctness/kernel_match_rewrite.py"", ""/home/arjaiswal/Polygeist/issues/aten_c_kernels/results/aten_hardshrink/debuf.mlir"", ""--dry-run"", ""--matcher-mode"", ""egglog"", ""--telemetry-json"", ""/home/arjaiswal/Polygeist/issues/equality_saturation_eval/campaign_20260908/aten-aten_hardshrink-egglog-u0_whg8v.json"", ""--disable-semantic-fallback""]","== match report for /home/arjaiswal/Polygeist/issues/aten_c_kernels/results/aten_hardshrink/debuf.mlir ==
  match          body#[0]  cudnnPointwiseGraph_f32
  total: 1 matched / 1 bodies
",0,[],0,0,0,0,/home/arjaiswal/Polygeist/issues/aten_c_kernels/results/aten_hardshrink/debuf.mlir,1989,8,1,1,575.0676654279232,0,66260,0.0,0,0,0,0,"[{""body_indices"": [0], ""symbol"": ""cudnnPointwiseGraph_f32""}]",1,0,0,0.0,56
aten,aten_hardshrink,/home/arjaiswal/Polygeist/issues/aten_c_kernels/results/aten_hardshrink/debuf.mlir,6ef131f3612f701160ab33e3cd071233d7d45a1bc7b356a2c9aef3e5782518d0,syntactic,4,ok,0,1081.7432180047035,0,"[""/usr/bin/python3"", ""/home/arjaiswal/Polygeist/scripts/correctness/kernel_match_rewrite.py"", ""/home/arjaiswal/Polygeist/issues/aten_c_kernels/results/aten_hardshrink/debuf.mlir"", ""--dry-run"", ""--matcher-mode"", ""syntactic"", ""--telemetry-json"", ""/home/arjaiswal/Polygeist/issues/equality_saturation_eval/campaign_20260908/aten-aten_hardshrink-syntactic-e5_19s_j.json"", ""--disable-semantic-fallback""]","== match report for /home/arjaiswal/Polygeist/issues/aten_c_kernels/results/aten_hardshrink/debuf.mlir ==
  match          body#[0]  cudnnPointwiseGraph_f32
  total: 1 matched / 1 bodies
",0,[],0,0,0,0,/home/arjaiswal/Polygeist/issues/aten_c_kernels/results/aten_hardshrink/debuf.mlir,1989,0,1,1,592.9788798093796,0,66576,0.18096715211868286,0,0,0,0,"[{""body_indices"": [0], ""symbol"": ""cudnnPointwiseGraph_f32""}]",1,0,56,0.0,56
aten,aten_hardshrink,/home/arjaiswal/Polygeist/issues/aten_c_kernels/results/aten_hardshrink/debuf.mlir,6ef131f3612f701160ab33e3cd071233d7d45a1bc7b356a2c9aef3e5782518d0,syntactic,5,ok,0,1024.5187394320965,0,"[""/usr/bin/python3"", ""/home/arjaiswal/Polygeist/scripts/correctness/kernel_match_rewrite.py"", ""/home/arjaiswal/Polygeist/issues/aten_c_kernels/results/aten_hardshrink/debuf.mlir"", ""--dry-run"", ""--matcher-mode"", ""syntactic"", ""--telemetry-json"", ""/home/arjaiswal/Polygeist/issues/equality_saturation_eval/campaign_20260908/aten-aten_hardshrink-syntactic-18hm8ffa.json"", ""--disable-semantic-fallback""]","== match report for /home/arjaiswal/Polygeist/issues/aten_c_kernels/results/aten_hardshrink/debuf.mlir ==
  match          body#[0]  cudnnPointwiseGraph_f32
  total: 1 matched / 1 bodies
",0,[],0,0,0,0,/home/arjaiswal/Polygeist/issues/aten_c_kernels/results/aten_hardshrink/debuf.mlir,1989,0,1,1,587.8645703196526,0,66380,0.1452229917049408,0,0,0,0,"[{""body_indices"": [0], ""symbol"": ""cudnnPointwiseGraph_f32""}]",1,0,56,0.0,56
aten,aten_hardshrink,/home/arjaiswal/Polygeist/issues/aten_c_kernels/results/aten_hardshrink/debuf.mlir,6ef131f3612f701160ab33e3cd071233d7d45a1bc7b356a2c9aef3e5782518d0,egglog,5,ok,0,1014.4836418330669,0,"[""/usr/bin/python3"", ""/home/arjaiswal/Polygeist/scripts/correctness/kernel_match_rewrite.py"", ""/home/arjaiswal/Polygeist/issues/aten_c_kernels/results/aten_hardshrink/debuf.mlir"", ""--dry-run"", ""--matcher-mode"", ""egglog"", ""--telemetry-json"", ""/home/arjaiswal/Polygeist/issues/equality_saturation_eval/campaign_20260908/aten-aten_hardshrink-egglog-4re4czlz.json"", ""--disable-semantic-fallback""]","== match report for /home/arjaiswal/Polygeist/issues/aten_c_kernels/results/aten_hardshrink/debuf.mlir ==
  match          body#[0]  cudnnPointwiseGraph_f32
  total: 1 matched / 1 bodies
",0,[],0,0,0,0,/home/arjaiswal/Polygeist/issues/aten_c_kernels/results/aten_hardshrink/debuf.mlir,1989,8,1,1,585.6938101351261,0,66356,0.0,0,0,0,0,"[{""body_indices"": [0], ""symbol"": ""cudnnPointwiseGraph_f32""}]",1,0,0,0.0,56
aten,aten_hardsigmoid,/home/arjaiswal/Polygeist/issues/aten_c_kernels/results/aten_hardsigmoid/debuf.mlir,08bdb697521d76871c7f8a7a7b5db9c79c1cd0483859340ffa97f4cc5ee95dfe,egglog,1,ok,0,1179.807361215353,0,"[""/usr/bin/python3"", ""/home/arjaiswal/Polygeist/scripts/correctness/kernel_match_rewrite.py"", ""/home/arjaiswal/Polygeist/issues/aten_c_kernels/results/aten_hardsigmoid/debuf.mlir"", ""--dry-run"", ""--matcher-mode"", ""egglog"", ""--telemetry-json"", ""/home/arjaiswal/Polygeist/issues/equality_saturation_eval/campaign_20260908/aten-aten_hardsigmoid-egglog-nchq8e2c.json"", ""--disable-semantic-fallback""]","== match report for /home/arjaiswal/Polygeist/issues/aten_c_kernels/results/aten_hardsigmoid/debuf.mlir ==
  match          body#[0]  cudnnPointwiseGraph_f32
  total: 1 matched / 1 bodies
",0,[],0,0,0,0,/home/arjaiswal/Polygeist/issues/aten_c_kernels/results/aten_hardsigmoid/debuf.mlir,2179,8,1,1,762.6181468367577,0,67308,0.0,0,0,0,0,"[{""body_indices"": [0], ""symbol"": ""cudnnPointwiseGraph_f32""}]",1,0,0,0.0,56
aten,aten_hardsigmoid,/home/arjaiswal/Polygeist/issues/aten_c_kernels/results/aten_hardsigmoid/debuf.mlir,08bdb697521d76871c7f8a7a7b5db9c79c1cd0483859340ffa97f4cc5ee95dfe,syntactic,1,ok,0,1204.4756785035133,0,"[""/usr/bin/python3"", ""/home/arjaiswal/Polygeist/scripts/correctness/kernel_match_rewrite.py"", ""/home/arjaiswal/Polygeist/issues/aten_c_kernels/results/aten_hardsigmoid/debuf.mlir"", ""--dry-run"", ""--matcher-mode"", ""syntactic"", ""--telemetry-json"", ""/home/arjaiswal/Polygeist/issues/equality_saturation_eval/campaign_20260908/aten-aten_hardsigmoid-syntactic-4w_oh02n.json"", ""--disable-semantic-fallback""]","== match report for /home/arjaiswal/Polygeist/issues/aten_c_kernels/results/aten_hardsigmoid/debuf.mlir ==
  match          body#[0]  cudnnPointwiseGraph_f32
  total: 1 matched / 1 bodies
",0,[],0,0,0,0,/home/arjaiswal/Polygeist/issues/aten_c_kernels/results/aten_hardsigmoid/debuf.mlir,2179,0,1,1,801.3201504945755,0,67372,0.17004460096359253,0,0,0,0,"[{""body_indices"": [0], ""symbol"": ""cudnnPointwiseGraph_f32""}]",1,0,56,0.0,56
aten,aten_hardsigmoid,/home/arjaiswal/Polygeist/issues/aten_c_kernels/results/aten_hardsigmoid/debuf.mlir,08bdb697521d76871c7f8a7a7b5db9c79c1cd0483859340ffa97f4cc5ee95dfe,syntactic,2,ok,0,1204.25159111619,0,"[""/usr/bin/python3"", ""/home/arjaiswal/Polygeist/scripts/correctness/kernel_match_rewrite.py"", ""/home/arjaiswal/Polygeist/issues/aten_c_kernels/results/aten_hardsigmoid/debuf.mlir"", ""--dry-run"", ""--matcher-mode"", ""syntactic"", ""--telemetry-json"", ""/home/arjaiswal/Polygeist/issues/equality_saturation_eval/campaign_20260908/aten-aten_hardsigmoid-syntactic-hciudzsu.json"", ""--disable-semantic-fallback""]","== match report for /home/arjaiswal/Polygeist/issues/aten_c_kernels/results/aten_hardsigmoid/debuf.mlir ==
  match          body#[0]  cudnnPointwiseGraph_f32
  total: 1 matched / 1 bodies
",0,[],0,0,0,0,/home/arjaiswal/Polygeist/issues/aten_c_kernels/results/aten_hardsigmoid/debuf.mlir,2179,0,1,1,772.2562849521637,0,67136,0.16381964087486267,0,0,0,0,"[{""body_indices"": [0], ""symbol"": ""cudnnPointwiseGraph_f32""}]",1,0,56,0.0,56
aten,aten_hardsigmoid,/home/arjaiswal/Polygeist/issues/aten_c_kernels/results/aten_hardsigmoid/debuf.mlir,08bdb697521d76871c7f8a7a7b5db9c79c1cd0483859340ffa97f4cc5ee95dfe,egglog,2,ok,0,1235.1504676043987,0,"[""/usr/bin/python3"", ""/home/arjaiswal/Polygeist/scripts/correctness/kernel_match_rewrite.py"", ""/home/arjaiswal/Polygeist/issues/aten_c_kernels/results/aten_hardsigmoid/debuf.mlir"", ""--dry-run"", ""--matcher-mode"", ""egglog"", ""--telemetry-json"", ""/home/arjaiswal/Polygeist/issues/equality_saturation_eval/campaign_20260908/aten-aten_hardsigmoid-egglog-m96maffe.json"", ""--disable-semantic-fallback""]","== match report for /home/arjaiswal/Polygeist/issues/aten_c_kernels/results/aten_hardsigmoid/debuf.mlir ==
  match          body#[0]  cudnnPointwiseGraph_f32
  total: 1 matched / 1 bodies
",0,[],0,0,0,0,/home/arjaiswal/Polygeist/issues/aten_c_kernels/results/aten_hardsigmoid/debuf.mlir,2179,8,1,1,795.8205938339233,0,67408,0.0,0,0,0,0,"[{""body_indices"": [0], ""symbol"": ""cudnnPointwiseGraph_f32""}]",1,0,0,0.0,56
aten,aten_hardsigmoid,/home/arjaiswal/Polygeist/issues/aten_c_kernels/results/aten_hardsigmoid/debuf.mlir,08bdb697521d76871c7f8a7a7b5db9c79c1cd0483859340ffa97f4cc5ee95dfe,egglog,3,ok,0,1213.186290115118,0,"[""/usr/bin/python3"", ""/home/arjaiswal/Polygeist/scripts/correctness/kernel_match_rewrite.py"", ""/home/arjaiswal/Polygeist/issues/aten_c_kernels/results/aten_hardsigmoid/debuf.mlir"", ""--dry-run"", ""--matcher-mode"", ""egglog"", ""--telemetry-json"", ""/home/arjaiswal/Polygeist/issues/equality_saturation_eval/campaign_20260908/aten-aten_hardsigmoid-egglog-d6_vmszv.json"", ""--disable-semantic-fallback""]","== match report for /home/arjaiswal/Polygeist/issues/aten_c_kernels/results/aten_hardsigmoid/debuf.mlir ==
  match          body#[0]  cudnnPointwiseGraph_f32
  total: 1 matched / 1 bodies
",0,[],0,0,0,0,/home/arjaiswal/Polygeist/issues/aten_c_kernels/results/aten_hardsigmoid/debuf.mlir,2179,8,1,1,789.55502435565,0,67228,0.0,0,0,0,0,"[{""body_indices"": [0], ""symbol"": ""cudnnPointwiseGraph_f32""}]",1,0,0,0.0,56
aten,aten_hardsigmoid,/home/arjaiswal/Polygeist/issues/aten_c_kernels/results/aten_hardsigmoid/debuf.mlir,08bdb697521d76871c7f8a7a7b5db9c79c1cd0483859340ffa97f4cc5ee95dfe,syntactic,3,ok,0,1210.1362645626068,0,"[""/usr/bin/python3"", ""/home/arjaiswal/Polygeist/scripts/correctness/kernel_match_rewrite.py"", ""/home/arjaiswal/Polygeist/issues/aten_c_kernels/results/aten_hardsigmoid/debuf.mlir"", ""--dry-run"", ""--matcher-mode"", ""syntactic"", ""--telemetry-json"", ""/home/arjaiswal/Polygeist/issues/equality_saturation_eval/campaign_20260908/aten-aten_hardsigmoid-syntactic-_k_j5woi.json"", ""--disable-semantic-fallback""]","== match report for /home/arjaiswal/Polygeist/issues/aten_c_kernels/results/aten_hardsigmoid/debuf.mlir ==
  match          body#[0]  cudnnPointwiseGraph_f32
  total: 1 matched / 1 bodies
",0,[],0,0,0,0,/home/arjaiswal/Polygeist/issues/aten_c_kernels/results/aten_hardsigmoid/debuf.mlir,2179,0,1,1,797.4642403423786,0,67224,0.16675889492034912,0,0,0,0,"[{""body_indices"": [0], ""symbol"": ""cudnnPointwiseGraph_f32""}]",1,0,56,0.0,56
aten,aten_hardsigmoid,/home/arjaiswal/Polygeist/issues/aten_c_kernels/results/aten_hardsigmoid/debuf.mlir,08bdb697521d76871c7f8a7a7b5db9c79c1cd0483859340ffa97f4cc5ee95dfe,syntactic,4,ok,0,1204.0118873119354,0,"[""/usr/bin/python3"", ""/home/arjaiswal/Polygeist/scripts/correctness/kernel_match_rewrite.py"", ""/home/arjaiswal/Polygeist/issues/aten_c_kernels/results/aten_hardsigmoid/debuf.mlir"", ""--dry-run"", ""--matcher-mode"", ""syntactic"", ""--telemetry-json"", ""/home/arjaiswal/Polygeist/issues/equality_saturation_eval/campaign_20260908/aten-aten_hardsigmoid-syntactic-ji9c7drf.json"", ""--disable-semantic-fallback""]","== match report for /home/arjaiswal/Polygeist/issues/aten_c_kernels/results/aten_hardsigmoid/debuf.mlir ==
  match          body#[0]  cudnnPointwiseGraph_f32
  total: 1 matched / 1 bodies
",0,[],0,0,0,0,/home/arjaiswal/Polygeist/issues/aten_c_kernels/results/aten_hardsigmoid/debuf.mlir,2179,0,1,1,788.3661538362503,0,67260,0.18009543418884277,0,0,0,0,"[{""body_indices"": [0], ""symbol"": ""cudnnPointwiseGraph_f32""}]",1,0,56,0.0,56
aten,aten_hardsigmoid,/home/arjaiswal/Polygeist/issues/aten_c_kernels/results/aten_hardsigmoid/debuf.mlir,08bdb697521d76871c7f8a7a7b5db9c79c1cd0483859340ffa97f4cc5ee95dfe,egglog,4,ok,0,1212.605595588684,0,"[""/usr/bin/python3"", ""/home/arjaiswal/Polygeist/scripts/correctness/kernel_match_rewrite.py"", ""/home/arjaiswal/Polygeist/issues/aten_c_kernels/results/aten_hardsigmoid/debuf.mlir"", ""--dry-run"", ""--matcher-mode"", ""egglog"", ""--telemetry-json"", ""/home/arjaiswal/Polygeist/issues/equality_saturation_eval/campaign_20260908/aten-aten_hardsigmoid-egglog-0hcabfwf.json"", ""--disable-semantic-fallback""]","== match report for /home/arjaiswal/Polygeist/issues/aten_c_kernels/results/aten_hardsigmoid/debuf.mlir ==
  match          body#[0]  cudnnPointwiseGraph_f32
  total: 1 matched / 1 bodies
",0,[],0,0,0,0,/home/arjaiswal/Polygeist/issues/aten_c_kernels/results/aten_hardsigmoid/debuf.mlir,2179,8,1,1,783.9490249752998,0,67108,0.0,0,0,0,0,"[{""body_indices"": [0], ""symbol"": ""cudnnPointwiseGraph_f32""}]",1,0,0,0.0,56
aten,aten_hardsigmoid,/home/arjaiswal/Polygeist/issues/aten_c_kernels/results/aten_hardsigmoid/debuf.mlir,08bdb697521d76871c7f8a7a7b5db9c79c1cd0483859340ffa97f4cc5ee95dfe,egglog,5,ok,0,1252.3186691105366,0,"[""/usr/bin/python3"", ""/home/arjaiswal/Polygeist/scripts/correctness/kernel_match_rewrite.py"", ""/home/arjaiswal/Polygeist/issues/aten_c_kernels/results/aten_hardsigmoid/debuf.mlir"", ""--dry-run"", ""--matcher-mode"", ""egglog"", ""--telemetry-json"", ""/home/arjaiswal/Polygeist/issues/equality_saturation_eval/campaign_20260908/aten-aten_hardsigmoid-egglog-cd5aojji.json"", ""--disable-semantic-fallback""]","== match report for /home/arjaiswal/Polygeist/issues/aten_c_kernels/results/aten_hardsigmoid/debuf.mlir ==
  match          body#[0]  cudnnPointwiseGraph_f32
  total: 1 matched / 1 bodies
",0,[],0,0,0,0,/home/arjaiswal/Polygeist/issues/aten_c_kernels/results/aten_hardsigmoid/debuf.mlir,2179,8,1,1,840.018954128027,0,67288,0.0,0,0,0,0,"[{""body_indices"": [0], ""symbol"": ""cudnnPointwiseGraph_f32""}]",1,0,0,0.0,56
aten,aten_hardsigmoid,/home/arjaiswal/Polygeist/issues/aten_c_kernels/results/aten_hardsigmoid/debuf.mlir,08bdb697521d76871c7f8a7a7b5db9c79c1cd0483859340ffa97f4cc5ee95dfe,syntactic,5,ok,0,1290.768813341856,0,"[""/usr/bin/python3"", ""/home/arjaiswal/Polygeist/scripts/correctness/kernel_match_rewrite.py"", ""/home/arjaiswal/Polygeist/issues/aten_c_kernels/results/aten_hardsigmoid/debuf.mlir"", ""--dry-run"", ""--matcher-mode"", ""syntactic"", ""--telemetry-json"", ""/home/arjaiswal/Polygeist/issues/equality_saturation_eval/campaign_20260908/aten-aten_hardsigmoid-syntactic-drhnzuev.json"", ""--disable-semantic-fallback""]","== match report for /home/arjaiswal/Polygeist/issues/aten_c_kernels/results/aten_hardsigmoid/debuf.mlir ==
  match          body#[0]  cudnnPointwiseGraph_f32
  total: 1 matched / 1 bodies
",0,[],0,0,0,0,/home/arjaiswal/Polygeist/issues/aten_c_kernels/results/aten_hardsigmoid/debuf.mlir,2179,0,1,1,822.1703693270683,0,67176,0.16286596655845642,0,0,0,0,"[{""body_indices"": [0], ""symbol"": ""cudnnPointwiseGraph_f32""}]",1,0,56,0.0,56
aten,aten_hardsigmoid_backward,/home/arjaiswal/Polygeist/issues/aten_c_kernels/results/aten_hardsigmoid_backward/debuf.mlir,0a5b124d129329cc8b18aec3c2c538bc4ab10af22c5e78f08641850ff4d331de,syntactic,1,ok,0,745.2246025204659,0,"[""/usr/bin/python3"", ""/home/arjaiswal/Polygeist/scripts/correctness/kernel_match_rewrite.py"", ""/home/arjaiswal/Polygeist/issues/aten_c_kernels/results/aten_hardsigmoid_backward/debuf.mlir"", ""--dry-run"", ""--matcher-mode"", ""syntactic"", ""--telemetry-json"", ""/home/arjaiswal/Polygeist/issues/equality_saturation_eval/campaign_20260908/aten-aten_hardsigmoid_backward-syntactic-qlp31eg_.json"", ""--disable-semantic-fallback""]","== match report for /home/arjaiswal/Polygeist/issues/aten_c_kernels/results/aten_hardsigmoid_backward/debuf.mlir ==
  match          body#[0]  cudnnPointwiseGraph_f32
  total: 1 matched / 1 bodies
",0,[],0,0,0,0,/home/arjaiswal/Polygeist/issues/aten_c_kernels/results/aten_hardsigmoid_backward/debuf.mlir,2256,0,1,1,332.29437470436096,0,66180,0.02662837505340576,0,0,0,0,"[{""body_indices"": [0], ""symbol"": ""cudnnPointwiseGraph_f32""}]",1,0,6,0.0,6
aten,aten_hardsigmoid_backward,/home/arjaiswal/Polygeist/issues/aten_c_kernels/results/aten_hardsigmoid_backward/debuf.mlir,0a5b124d129329cc8b18aec3c2c538bc4ab10af22c5e78f08641850ff4d331de,egglog,1,ok,0,729.8806048929691,0,"[""/usr/bin/python3"", ""/home/arjaiswal/Polygeist/scripts/correctness/kernel_match_rewrite.py"", ""/home/arjaiswal/Polygeist/issues/aten_c_kernels/results/aten_hardsigmoid_backward/debuf.mlir"", ""--dry-run"", ""--matcher-mode"", ""egglog"", ""--telemetry-json"", ""/home/arjaiswal/Polygeist/issues/equality_saturation_eval/campaign_20260908/aten-aten_hardsigmoid_backward-egglog-l5c1l8jr.json"", ""--disable-semantic-fallback""]","== match report for /home/arjaiswal/Polygeist/issues/aten_c_kernels/results/aten_hardsigmoid_backward/debuf.mlir ==
  match          body#[0]  cudnnPointwiseGraph_f32
  total: 1 matched / 1 bodies
",0,[],0,0,0,0,/home/arjaiswal/Polygeist/issues/aten_c_kernels/results/aten_hardsigmoid_backward/debuf.mlir,2256,8,1,1,314.61138278245926,0,66004,0.0,0,0,0,0,"[{""body_indices"": [0], ""symbol"": ""cudnnPointwiseGraph_f32""}]",1,0,0,0.0,6
aten,aten_hardsigmoid_backward,/home/arjaiswal/Polygeist/issues/aten_c_kernels/results/aten_hardsigmoid_backward/debuf.mlir,0a5b124d129329cc8b18aec3c2c538bc4ab10af22c5e78f08641850ff4d331de,egglog,2,ok,0,721.87889367342,0,"[""/usr/bin/python3"", ""/home/arjaiswal/Polygeist/scripts/correctness/kernel_match_rewrite.py"", ""/home/arjaiswal/Polygeist/issues/aten_c_kernels/results/aten_hardsigmoid_backward/debuf.mlir"", ""--dry-run"", ""--matcher-mode"", ""egglog"", ""--telemetry-json"", ""/home/arjaiswal/Polygeist/issues/equality_saturation_eval/campaign_20260908/aten-aten_hardsigmoid_backward-egglog-9e397uvo.json"", ""--disable-semantic-fallback""]","== match report for /home/arjaiswal/Polygeist/issues/aten_c_kernels/results/aten_hardsigmoid_backward/debuf.mlir ==
  match          body#[0]  cudnnPointwiseGraph_f32
  total: 1 matched / 1 bodies
",0,[],0,0,0,0,/home/arjaiswal/Polygeist/issues/aten_c_kernels/results/aten_hardsigmoid_backward/debuf.mlir,2256,8,1,1,315.1945471763611,0,65980,0.0,0,0,0,0,"[{""body_indices"": [0], ""symbol"": ""cudnnPointwiseGraph_f32""}]",1,0,0,0.0,6
aten,aten_hardsigmoid_backward,/home/arjaiswal/Polygeist/issues/aten_c_kernels/results/aten_hardsigmoid_backward/debuf.mlir,0a5b124d129329cc8b18aec3c2c538bc4ab10af22c5e78f08641850ff4d331de,syntactic,2,ok,0,739.7852651774883,0,"[""/usr/bin/python3"", ""/home/arjaiswal/Polygeist/scripts/correctness/kernel_match_rewrite.py"", ""/home/arjaiswal/Polygeist/issues/aten_c_kernels/results/aten_hardsigmoid_backward/debuf.mlir"", ""--dry-run"", ""--matcher-mode"", ""syntactic"", ""--telemetry-json"", ""/home/arjaiswal/Polygeist/issues/equality_saturation_eval/campaign_20260908/aten-aten_hardsigmoid_backward-syntactic-lkb5cbi5.json"", ""--disable-semantic-fallback""]","== match report for /home/arjaiswal/Polygeist/issues/aten_c_kernels/results/aten_hardsigmoid_backward/debuf.mlir ==
  match          body#[0]  cudnnPointwiseGraph_f32
  total: 1 matched / 1 bodies
",0,[],0,0,0,0,/home/arjaiswal/Polygeist/issues/aten_c_kernels/results/aten_hardsigmoid_backward/debuf.mlir,2256,0,1,1,318.01700592041016,0,66220,0.024143606424331665,0,0,0,0,"[{""body_indices"": [0], ""symbol"": ""cudnnPointwiseGraph_f32""}]",1,0,6,0.0,6
aten,aten_hardsigmoid_backward,/home/arjaiswal/Polygeist/issues/aten_c_kernels/results/aten_hardsigmoid_backward/debuf.mlir,0a5b124d129329cc8b18aec3c2c538bc4ab10af22c5e78f08641850ff4d331de,syntactic,3,ok,0,767.612773925066,0,"[""/usr/bin/python3"", ""/home/arjaiswal/Polygeist/scripts/correctness/kernel_match_rewrite.py"", ""/home/arjaiswal/Polygeist/issues/aten_c_kernels/results/aten_hardsigmoid_backward/debuf.mlir"", ""--dry-run"", ""--matcher-mode"", ""syntactic"", ""--telemetry-json"", ""/home/arjaiswal/Polygeist/issues/equality_saturation_eval/campaign_20260908/aten-aten_hardsigmoid_backward-syntactic-_vojz34p.json"", ""--disable-semantic-fallback""]","== match report for /home/arjaiswal/Polygeist/issues/aten_c_kernels/results/aten_hardsigmoid_backward/debuf.mlir ==
  match          body#[0]  cudnnPointwiseGraph_f32
  total: 1 matched / 1 bodies
",0,[],0,0,0,0,/home/arjaiswal/Polygeist/issues/aten_c_kernels/results/aten_hardsigmoid_backward/debuf.mlir,2256,0,1,1,338.0865342915058,0,66156,0.024672597646713257,0,0,0,0,"[{""body_indices"": [0], ""symbol"": ""cudnnPointwiseGraph_f32""}]",1,0,6,0.0,6
aten,aten_hardsigmoid_backward,/home/arjaiswal/Polygeist/issues/aten_c_kernels/results/aten_hardsigmoid_backward/debuf.mlir,0a5b124d129329cc8b18aec3c2c538bc4ab10af22c5e78f08641850ff4d331de,egglog,3,ok,0,755.6684240698814,0,"[""/usr/bin/python3"", ""/home/arjaiswal/Polygeist/scripts/correctness/kernel_match_rewrite.py"", ""/home/arjaiswal/Polygeist/issues/aten_c_kernels/results/aten_hardsigmoid_backward/debuf.mlir"", ""--dry-run"", ""--matcher-mode"", ""egglog"", ""--telemetry-json"", ""/home/arjaiswal/Polygeist/issues/equality_saturation_eval/campaign_20260908/aten-aten_hardsigmoid_backward-egglog-1px21cuk.json"", ""--disable-semantic-fallback""]","== match report for /home/arjaiswal/Polygeist/issues/aten_c_kernels/results/aten_hardsigmoid_backward/debuf.mlir ==
  match          body#[0]  cudnnPointwiseGraph_f32
  total: 1 matched / 1 bodies
",0,[],0,0,0,0,/home/arjaiswal/Polygeist/issues/aten_c_kernels/results/aten_hardsigmoid_backward/debuf.mlir,2256,8,1,1,337.25719526410103,0,66284,0.0,0,0,0,0,"[{""body_indices"": [0], ""symbol"": ""cudnnPointwiseGraph_f32""}]",1,0,0,0.0,6
aten,aten_hardsigmoid_backward,/home/arjaiswal/Polygeist/issues/aten_c_kernels/results/aten_hardsigmoid_backward/debuf.mlir,0a5b124d129329cc8b18aec3c2c538bc4ab10af22c5e78f08641850ff4d331de,egglog,4,ok,0,787.9942357540131,0,"[""/usr/bin/python3"", ""/home/arjaiswal/Polygeist/scripts/correctness/kernel_match_rewrite.py"", ""/home/arjaiswal/Polygeist/issues/aten_c_kernels/results/aten_hardsigmoid_backward/debuf.mlir"", ""--dry-run"", ""--matcher-mode"", ""egglog"", ""--telemetry-json"", ""/home/arjaiswal/Polygeist/issues/equality_saturation_eval/campaign_20260908/aten-aten_hardsigmoid_backward-egglog-e_c645_p.json"", ""--disable-semantic-fallback""]","== match report for /home/arjaiswal/Polygeist/issues/aten_c_kernels/results/aten_hardsigmoid_backward/debuf.mlir ==
  match          body#[0]  cudnnPointwiseGraph_f32
  total: 1 matched / 1 bodies
",0,[],0,0,0,0,/home/arjaiswal/Polygeist/issues/aten_c_kernels/results/aten_hardsigmoid_backward/debuf.mlir,2256,8,1,1,314.13330882787704,0,66264,0.0,0,0,0,0,"[{""body_indices"": [0], ""symbol"": ""cudnnPointwiseGraph_f32""}]",1,0,0,0.0,6
aten,aten_hardsigmoid_backward,/home/arjaiswal/Polygeist/issues/aten_c_kernels/results/aten_hardsigmoid_backward/debuf.mlir,0a5b124d129329cc8b18aec3c2c538bc4ab10af22c5e78f08641850ff4d331de,syntactic,4,ok,0,755.6405812501907,0,"[""/usr/bin/python3"", ""/home/arjaiswal/Polygeist/scripts/correctness/kernel_match_rewrite.py"", ""/home/arjaiswal/Polygeist/issues/aten_c_kernels/results/aten_hardsigmoid_backward/debuf.mlir"", ""--dry-run"", ""--matcher-mode"", ""syntactic"", ""--telemetry-json"", ""/home/arjaiswal/Polygeist/issues/equality_saturation_eval/campaign_20260908/aten-aten_hardsigmoid_backward-syntactic-bi1mme7s.json"", ""--disable-semantic-fallback""]","== match report for /home/arjaiswal/Polygeist/issues/aten_c_kernels/results/aten_hardsigmoid_backward/debuf.mlir ==
  match          body#[0]  cudnnPointwiseGraph_f32
  total: 1 matched / 1 bodies
",0,[],0,0,0,0,/home/arjaiswal/Polygeist/issues/aten_c_kernels/results/aten_hardsigmoid_backward/debuf.mlir,2256,0,1,1,316.1817826330662,0,66232,0.027429312467575073,0,0,0,0,"[{""body_indices"": [0], ""symbol"": ""cudnnPointwiseGraph_f32""}]",1,0,6,0.0,6
aten,aten_hardsigmoid_backward,/home/arjaiswal/Polygeist/issues/aten_c_kernels/results/aten_hardsigmoid_backward/debuf.mlir,0a5b124d129329cc8b18aec3c2c538bc4ab10af22c5e78f08641850ff4d331de,syntactic,5,ok,0,831.0303390026093,0,"[""/usr/bin/python3"", ""/home/arjaiswal/Polygeist/scripts/correctness/kernel_match_rewrite.py"", ""/home/arjaiswal/Polygeist/issues/aten_c_kernels/results/aten_hardsigmoid_backward/debuf.mlir"", ""--dry-run"", ""--matcher-mode"", ""syntactic"", ""--telemetry-json"", ""/home/arjaiswal/Polygeist/issues/equality_saturation_eval/campaign_20260908/aten-aten_hardsigmoid_backward-syntactic-fvpr_3vb.json"", ""--disable-semantic-fallback""]","== match report for /home/arjaiswal/Polygeist/issues/aten_c_kernels/results/aten_hardsigmoid_backward/debuf.mlir ==
  match          body#[0]  cudnnPointwiseGraph_f32
  total: 1 matched / 1 bodies
",0,[],0,0,0,0,/home/arjaiswal/Polygeist/issues/aten_c_kernels/results/aten_hardsigmoid_backward/debuf.mlir,2256,0,1,1,331.00447431206703,0,66200,0.025834888219833374,0,0,0,0,"[{""body_indices"": [0], ""symbol"": ""cudnnPointwiseGraph_f32""}]",1,0,6,0.0,6
aten,aten_hardsigmoid_backward,/home/arjaiswal/Polygeist/issues/aten_c_kernels/results/aten_hardsigmoid_backward/debuf.mlir,0a5b124d129329cc8b18aec3c2c538bc4ab10af22c5e78f08641850ff4d331de,egglog,5,ok,0,750.3794766962528,0,"[""/usr/bin/python3"", ""/home/arjaiswal/Polygeist/scripts/correctness/kernel_match_rewrite.py"", ""/home/arjaiswal/Polygeist/issues/aten_c_kernels/results/aten_hardsigmoid_backward/debuf.mlir"", ""--dry-run"", ""--matcher-mode"", ""egglog"", ""--telemetry-json"", ""/home/arjaiswal/Polygeist/issues/equality_saturation_eval/campaign_20260908/aten-aten_hardsigmoid_backward-egglog-dnkfjleg.json"", ""--disable-semantic-fallback""]","== match report for /home/arjaiswal/Polygeist/issues/aten_c_kernels/results/aten_hardsigmoid_backward/debuf.mlir ==
  match          body#[0]  cudnnPointwiseGraph_f32
  total: 1 matched / 1 bodies
",0,[],0,0,0,0,/home/arjaiswal/Polygeist/issues/aten_c_kernels/results/aten_hardsigmoid_backward/debuf.mlir,2256,8,1,1,322.883240878582,0,66056,0.0,0,0,0,0,"[{""body_indices"": [0], ""symbol"": ""cudnnPointwiseGraph_f32""}]",1,0,0,0.0,6
aten,aten_hardswish,/home/arjaiswal/Polygeist/issues/aten_c_kernels/results/aten_hardswish/debuf.mlir,7faf2b636f0a331a726e865bbdcf392276b6015f11f552f1143768cab376bd17,egglog,1,ok,0,1211.685687303543,0,"[""/usr/bin/python3"", ""/home/arjaiswal/Polygeist/scripts/correctness/kernel_match_rewrite.py"", ""/home/arjaiswal/Polygeist/issues/aten_c_kernels/results/aten_hardswish/debuf.mlir"", ""--dry-run"", ""--matcher-mode"", ""egglog"", ""--telemetry-json"", ""/home/arjaiswal/Polygeist/issues/equality_saturation_eval/campaign_20260908/aten-aten_hardswish-egglog-ukg21cfy.json"", ""--disable-semantic-fallback""]","== match report for /home/arjaiswal/Polygeist/issues/aten_c_kernels/results/aten_hardswish/debuf.mlir ==
  match          body#[0]  cudnnPointwiseGraph_f32
  total: 1 matched / 1 bodies
",0,[],0,0,0,0,/home/arjaiswal/Polygeist/issues/aten_c_kernels/results/aten_hardswish/debuf.mlir,2168,8,1,1,792.7819676697254,0,66976,0.0,0,0,0,0,"[{""body_indices"": [0], ""symbol"": ""cudnnPointwiseGraph_f32""}]",1,0,0,0.0,56
aten,aten_hardswish,/home/arjaiswal/Polygeist/issues/aten_c_kernels/results/aten_hardswish/debuf.mlir,7faf2b636f0a331a726e865bbdcf392276b6015f11f552f1143768cab376bd17,syntactic,1,ok,0,1257.4856914579868,0,"[""/usr/bin/python3"", ""/home/arjaiswal/Polygeist/scripts/correctness/kernel_match_rewrite.py"", ""/home/arjaiswal/Polygeist/issues/aten_c_kernels/results/aten_hardswish/debuf.mlir"", ""--dry-run"", ""--matcher-mode"", ""syntactic"", ""--telemetry-json"", ""/home/arjaiswal/Polygeist/issues/equality_saturation_eval/campaign_20260908/aten-aten_hardswish-syntactic-84bjf6q3.json"", ""--disable-semantic-fallback""]","== match report for /home/arjaiswal/Polygeist/issues/aten_c_kernels/results/aten_hardswish/debuf.mlir ==
  match          body#[0]  cudnnPointwiseGraph_f32
  total: 1 matched / 1 bodies
",0,[],0,0,0,0,/home/arjaiswal/Polygeist/issues/aten_c_kernels/results/aten_hardswish/debuf.mlir,2168,0,1,1,844.5051200687885,0,66948,0.18828734755516052,0,0,0,0,"[{""body_indices"": [0], ""symbol"": ""cudnnPointwiseGraph_f32""}]",1,0,56,0.0,56
aten,aten_hardswish,/home/arjaiswal/Polygeist/issues/aten_c_kernels/results/aten_hardswish/debuf.mlir,7faf2b636f0a331a726e865bbdcf392276b6015f11f552f1143768cab376bd17,syntactic,2,ok,0,1257.1007497608662,0,"[""/usr/bin/python3"", ""/home/arjaiswal/Polygeist/scripts/correctness/kernel_match_rewrite.py"", ""/home/arjaiswal/Polygeist/issues/aten_c_kernels/results/aten_hardswish/debuf.mlir"", ""--dry-run"", ""--matcher-mode"", ""syntactic"", ""--telemetry-json"", ""/home/arjaiswal/Polygeist/issues/equality_saturation_eval/campaign_20260908/aten-aten_hardswish-syntactic-57j6f9p7.json"", ""--disable-semantic-fallback""]","== match report for /home/arjaiswal/Polygeist/issues/aten_c_kernels/results/aten_hardswish/debuf.mlir ==
  match          body#[0]  cudnnPointwiseGraph_f32
  total: 1 matched / 1 bodies
",0,[],0,0,0,0,/home/arjaiswal/Polygeist/issues/aten_c_kernels/results/aten_hardswish/debuf.mlir,2168,0,1,1,821.5724863111973,0,67080,0.15931949019432068,0,0,0,0,"[{""body_indices"": [0], ""symbol"": ""cudnnPointwiseGraph_f32""}]",1,0,56,0.0,56
aten,aten_hardswish,/home/arjaiswal/Polygeist/issues/aten_c_kernels/results/aten_hardswish/debuf.mlir,7faf2b636f0a331a726e865bbdcf392276b6015f11f552f1143768cab376bd17,egglog,2,ok,0,1235.2347522974014,0,"[""/usr/bin/python3"", ""/home/arjaiswal/Polygeist/scripts/correctness/kernel_match_rewrite.py"", ""/home/arjaiswal/Polygeist/issues/aten_c_kernels/results/aten_hardswish/debuf.mlir"", ""--dry-run"", ""--matcher-mode"", ""egglog"", ""--telemetry-json"", ""/home/arjaiswal/Polygeist/issues/equality_saturation_eval/campaign_20260908/aten-aten_hardswish-egglog-njrhi4kc.json"", ""--disable-semantic-fallback""]","== match report for /home/arjaiswal/Polygeist/issues/aten_c_kernels/results/aten_hardswish/debuf.mlir ==
  match          body#[0]  cudnnPointwiseGraph_f32
  total: 1 matched / 1 bodies
",0,[],0,0,0,0,/home/arjaiswal/Polygeist/issues/aten_c_kernels/results/aten_hardswish/debuf.mlir,2168,8,1,1,819.8503591120243,0,67116,0.0,0,0,0,0,"[{""body_indices"": [0], ""symbol"": ""cudnnPointwiseGraph_f32""}]",1,0,0,0.0,56
aten,aten_hardswish,/home/arjaiswal/Polygeist/issues/aten_c_kernels/results/aten_hardswish/debuf.mlir,7faf2b636f0a331a726e865bbdcf392276b6015f11f552f1143768cab376bd17,egglog,3,ok,0,1223.209448158741,0,"[""/usr/bin/python3"", ""/home/arjaiswal/Polygeist/scripts/correctness/kernel_match_rewrite.py"", ""/home/arjaiswal/Polygeist/issues/aten_c_kernels/results/aten_hardswish/debuf.mlir"", ""--dry-run"", ""--matcher-mode"", ""egglog"", ""--telemetry-json"", ""/home/arjaiswal/Polygeist/issues/equality_saturation_eval/campaign_20260908/aten-aten_hardswish-egglog-lca3a28b.json"", ""--disable-semantic-fallback""]","== match report for /home/arjaiswal/Polygeist/issues/aten_c_kernels/results/aten_hardswish/debuf.mlir ==
  match          body#[0]  cudnnPointwiseGraph_f32
  total: 1 matched / 1 bodies
",0,[],0,0,0,0,/home/arjaiswal/Polygeist/issues/aten_c_kernels/results/aten_hardswish/debuf.mlir,2168,8,1,1,802.6709370315075,0,67000,0.0,0,0,0,0,"[{""body_indices"": [0], ""symbol"": ""cudnnPointwiseGraph_f32""}]",1,0,0,0.0,56
aten,aten_hardswish,/home/arjaiswal/Polygeist/issues/aten_c_kernels/results/aten_hardswish/debuf.mlir,7faf2b636f0a331a726e865bbdcf392276b6015f11f552f1143768cab376bd17,syntactic,3,ok,0,1262.3875848948956,0,"[""/usr/bin/python3"", ""/home/arjaiswal/Polygeist/scripts/correctness/kernel_match_rewrite.py"", ""/home/arjaiswal/Polygeist/issues/aten_c_kernels/results/aten_hardswish/debuf.mlir"", ""--dry-run"", ""--matcher-mode"", ""syntactic"", ""--telemetry-json"", ""/home/arjaiswal/Polygeist/issues/equality_saturation_eval/campaign_20260908/aten-aten_hardswish-syntactic-o82sjrao.json"", ""--disable-semantic-fallback""]","== match report for /home/arjaiswal/Polygeist/issues/aten_c_kernels/results/aten_hardswish/debuf.mlir ==
  match          body#[0]  cudnnPointwiseGraph_f32
  total: 1 matched / 1 bodies
",0,[],0,0,0,0,/home/arjaiswal/Polygeist/issues/aten_c_kernels/results/aten_hardswish/debuf.mlir,2168,0,1,1,818.0404603481293,0,66952,0.18023699522018433,0,0,0,0,"[{""body_indices"": [0], ""symbol"": ""cudnnPointwiseGraph_f32""}]",1,0,56,0.0,56
aten,aten_hardswish,/home/arjaiswal/Polygeist/issues/aten_c_kernels/results/aten_hardswish/debuf.mlir,7faf2b636f0a331a726e865bbdcf392276b6015f11f552f1143768cab376bd17,syntactic,4,ok,0,1243.6959818005562,0,"[""/usr/bin/python3"", ""/home/arjaiswal/Polygeist/scripts/correctness/kernel_match_rewrite.py"", ""/home/arjaiswal/Polygeist/issues/aten_c_kernels/results/aten_hardswish/debuf.mlir"", ""--dry-run"", ""--matcher-mode"", ""syntactic"", ""--telemetry-json"", ""/home/arjaiswal/Polygeist/issues/equality_saturation_eval/campaign_20260908/aten-aten_hardswish-syntactic-8kzavb5j.json"", ""--disable-semantic-fallback""]","== match report for /home/arjaiswal/Polygeist/issues/aten_c_kernels/results/aten_hardswish/debuf.mlir ==
  match          body#[0]  cudnnPointwiseGraph_f32
  total: 1 matched / 1 bodies
",0,[],0,0,0,0,/home/arjaiswal/Polygeist/issues/aten_c_kernels/results/aten_hardswish/debuf.mlir,2168,0,1,1,833.1726491451263,0,67044,0.1542605459690094,0,0,0,0,"[{""body_indices"": [0], ""symbol"": ""cudnnPointwiseGraph_f32""}]",1,0,56,0.0,56
aten,aten_hardswish,/home/arjaiswal/Polygeist/issues/aten_c_kernels/results/aten_hardswish/debuf.mlir,7faf2b636f0a331a726e865bbdcf392276b6015f11f552f1143768cab376bd17,egglog,4,ok,0,1234.5522455871105,0,"[""/usr/bin/python3"", ""/home/arjaiswal/Polygeist/scripts/correctness/kernel_match_rewrite.py"", ""/home/arjaiswal/Polygeist/issues/aten_c_kernels/results/aten_hardswish/debuf.mlir"", ""--dry-run"", ""--matcher-mode"", ""egglog"", ""--telemetry-json"", ""/home/arjaiswal/Polygeist/issues/equality_saturation_eval/campaign_20260908/aten-aten_hardswish-egglog-yyaop884.json"", ""--disable-semantic-fallback""]","== match report for /home/arjaiswal/Polygeist/issues/aten_c_kernels/results/aten_hardswish/debuf.mlir ==
  match          body#[0]  cudnnPointwiseGraph_f32
  total: 1 matched / 1 bodies
",0,[],0,0,0,0,/home/arjaiswal/Polygeist/issues/aten_c_kernels/results/aten_hardswish/debuf.mlir,2168,8,1,1,794.1368371248245,0,66840,0.0,0,0,0,0,"[{""body_indices"": [0], ""symbol"": ""cudnnPointwiseGraph_f32""}]",1,0,0,0.0,56
aten,aten_hardswish,/home/arjaiswal/Polygeist/issues/aten_c_kernels/results/aten_hardswish/debuf.mlir,7faf2b636f0a331a726e865bbdcf392276b6015f11f552f1143768cab376bd17,egglog,5,ok,0,1191.3766004145145,0,"[""/usr/bin/python3"", ""/home/arjaiswal/Polygeist/scripts/correctness/kernel_match_rewrite.py"", ""/home/arjaiswal/Polygeist/issues/aten_c_kernels/results/aten_hardswish/debuf.mlir"", ""--dry-run"", ""--matcher-mode"", ""egglog"", ""--telemetry-json"", ""/home/arjaiswal/Polygeist/issues/equality_saturation_eval/campaign_20260908/aten-aten_hardswish-egglog-3axuvhv_.json"", ""--disable-semantic-fallback""]","== match report for /home/arjaiswal/Polygeist/issues/aten_c_kernels/results/aten_hardswish/debuf.mlir ==
  match          body#[0]  cudnnPointwiseGraph_f32
  total: 1 matched / 1 bodies
",0,[],0,0,0,0,/home/arjaiswal/Polygeist/issues/aten_c_kernels/results/aten_hardswish/debuf.mlir,2168,8,1,1,777.1763391792774,0,67180,0.0,0,0,0,0,"[{""body_indices"": [0], ""symbol"": ""cudnnPointwiseGraph_f32""}]",1,0,0,0.0,56
aten,aten_hardswish,/home/arjaiswal/Polygeist/issues/aten_c_kernels/results/aten_hardswish/debuf.mlir,7faf2b636f0a331a726e865bbdcf392276b6015f11f552f1143768cab376bd17,syntactic,5,ok,0,1203.6635018885136,0,"[""/usr/bin/python3"", ""/home/arjaiswal/Polygeist/scripts/correctness/kernel_match_rewrite.py"", ""/home/arjaiswal/Polygeist/issues/aten_c_kernels/results/aten_hardswish/debuf.mlir"", ""--dry-run"", ""--matcher-mode"", ""syntactic"", ""--telemetry-json"", ""/home/arjaiswal/Polygeist/issues/equality_saturation_eval/campaign_20260908/aten-aten_hardswish-syntactic-b_j2gbkg.json"", ""--disable-semantic-fallback""]","== match report for /home/arjaiswal/Polygeist/issues/aten_c_kernels/results/aten_hardswish/debuf.mlir ==
  match          body#[0]  cudnnPointwiseGraph_f32
  total: 1 matched / 1 bodies
",0,[],0,0,0,0,/home/arjaiswal/Polygeist/issues/aten_c_kernels/results/aten_hardswish/debuf.mlir,2168,0,1,1,772.1971608698368,0,66952,0.15441328287124634,0,0,0,0,"[{""body_indices"": [0], ""symbol"": ""cudnnPointwiseGraph_f32""}]",1,0,56,0.0,56
aten,aten_hardswish_backward,/home/arjaiswal/Polygeist/issues/aten_c_kernels/results/aten_hardswish_backward/debuf.mlir,1b2093e12de7974c0daf02127ef94422ab757763e62e68ad93b5f2f69031327f,syntactic,1,ok,0,743.5788586735725,0,"[""/usr/bin/python3"", ""/home/arjaiswal/Polygeist/scripts/correctness/kernel_match_rewrite.py"", ""/home/arjaiswal/Polygeist/issues/aten_c_kernels/results/aten_hardswish_backward/debuf.mlir"", ""--dry-run"", ""--matcher-mode"", ""syntactic"", ""--telemetry-json"", ""/home/arjaiswal/Polygeist/issues/equality_saturation_eval/campaign_20260908/aten-aten_hardswish_backward-syntactic-7tdi0hk3.json"", ""--disable-semantic-fallback""]","== match report for /home/arjaiswal/Polygeist/issues/aten_c_kernels/results/aten_hardswish_backward/debuf.mlir ==
  match          body#[0]  cudnnPointwiseGraph_f32
  total: 1 matched / 1 bodies
",0,[],0,0,0,0,/home/arjaiswal/Polygeist/issues/aten_c_kernels/results/aten_hardswish_backward/debuf.mlir,2381,0,1,1,326.06907933950424,0,65812,0.0,0,0,0,0,"[{""body_indices"": [0], ""symbol"": ""cudnnPointwiseGraph_f32""}]",1,0,0,0.0,0
aten,aten_hardswish_backward,/home/arjaiswal/Polygeist/issues/aten_c_kernels/results/aten_hardswish_backward/debuf.mlir,1b2093e12de7974c0daf02127ef94422ab757763e62e68ad93b5f2f69031327f,egglog,1,ok,0,700.284481048584,0,"[""/usr/bin/python3"", ""/home/arjaiswal/Polygeist/scripts/correctness/kernel_match_rewrite.py"", ""/home/arjaiswal/Polygeist/issues/aten_c_kernels/results/aten_hardswish_backward/debuf.mlir"", ""--dry-run"", ""--matcher-mode"", ""egglog"", ""--telemetry-json"", ""/home/arjaiswal/Polygeist/issues/equality_saturation_eval/campaign_20260908/aten-aten_hardswish_backward-egglog-diz_qxhl.json"", ""--disable-semantic-fallback""]","== match report for /home/arjaiswal/Polygeist/issues/aten_c_kernels/results/aten_hardswish_backward/debuf.mlir ==
  match          body#[0]  cudnnPointwiseGraph_f32
  total: 1 matched / 1 bodies
",0,[],0,0,0,0,/home/arjaiswal/Polygeist/issues/aten_c_kernels/results/aten_hardswish_backward/debuf.mlir,2381,8,1,1,287.98286989331245,0,66008,0.0,0,0,0,0,"[{""body_indices"": [0], ""symbol"": ""cudnnPointwiseGraph_f32""}]",1,0,0,0.0,0
aten,aten_hardswish_backward,/home/arjaiswal/Polygeist/issues/aten_c_kernels/results/aten_hardswish_backward/debuf.mlir,1b2093e12de7974c0daf02127ef94422ab757763e62e68ad93b5f2f69031327f,egglog,2,ok,0,746.6570734977722,0,"[""/usr/bin/python3"", ""/home/arjaiswal/Polygeist/scripts/correctness/kernel_match_rewrite.py"", ""/home/arjaiswal/Polygeist/issues/aten_c_kernels/results/aten_hardswish_backward/debuf.mlir"", ""--dry-run"", ""--matcher-mode"", ""egglog"", ""--telemetry-json"", ""/home/arjaiswal/Polygeist/issues/equality_saturation_eval/campaign_20260908/aten-aten_hardswish_backward-egglog-1xwvitnr.json"", ""--disable-semantic-fallback""]","== match report for /home/arjaiswal/Polygeist/issues/aten_c_kernels/results/aten_hardswish_backward/debuf.mlir ==
  match          body#[0]  cudnnPointwiseGraph_f32
  total: 1 matched / 1 bodies
",0,[],0,0,0,0,/home/arjaiswal/Polygeist/issues/aten_c_kernels/results/aten_hardswish_backward/debuf.mlir,2381,8,1,1,290.3541214764118,0,66024,0.0,0,0,0,0,"[{""body_indices"": [0], ""symbol"": ""cudnnPointwiseGraph_f32""}]",1,0,0,0.0,0
aten,aten_hardswish_backward,/home/arjaiswal/Polygeist/issues/aten_c_kernels/results/aten_hardswish_backward/debuf.mlir,1b2093e12de7974c0daf02127ef94422ab757763e62e68ad93b5f2f69031327f,syntactic,2,ok,0,716.5758721530437,0,"[""/usr/bin/python3"", ""/home/arjaiswal/Polygeist/scripts/correctness/kernel_match_rewrite.py"", ""/home/arjaiswal/Polygeist/issues/aten_c_kernels/results/aten_hardswish_backward/debuf.mlir"", ""--dry-run"", ""--matcher-mode"", ""syntactic"", ""--telemetry-json"", ""/home/arjaiswal/Polygeist/issues/equality_saturation_eval/campaign_20260908/aten-aten_hardswish_backward-syntactic-d3b9o8_o.json"", ""--disable-semantic-fallback""]","== match report for /home/arjaiswal/Polygeist/issues/aten_c_kernels/results/aten_hardswish_backward/debuf.mlir ==
  match          body#[0]  cudnnPointwiseGraph_f32
  total: 1 matched / 1 bodies
",0,[],0,0,0,0,/home/arjaiswal/Polygeist/issues/aten_c_kernels/results/aten_hardswish_backward/debuf.mlir,2381,0,1,1,282.17681497335434,0,66016,0.0,0,0,0,0,"[{""body_indices"": [0], ""symbol"": ""cudnnPointwiseGraph_f32""}]",1,0,0,0.0,0
aten,aten_hardswish_backward,/home/arjaiswal/Polygeist/issues/aten_c_kernels/results/aten_hardswish_backward/debuf.mlir,1b2093e12de7974c0daf02127ef94422ab757763e62e68ad93b5f2f69031327f,syntactic,3,ok,0,715.7049737870693,0,"[""/usr/bin/python3"", ""/home/arjaiswal/Polygeist/scripts/correctness/kernel_match_rewrite.py"", ""/home/arjaiswal/Polygeist/issues/aten_c_kernels/results/aten_hardswish_backward/debuf.mlir"", ""--dry-run"", ""--matcher-mode"", ""syntactic"", ""--telemetry-json"", ""/home/arjaiswal/Polygeist/issues/equality_saturation_eval/campaign_20260908/aten-aten_hardswish_backward-syntactic-qq9wf8rf.json"", ""--disable-semantic-fallback""]","== match report for /home/arjaiswal/Polygeist/issues/aten_c_kernels/results/aten_hardswish_backward/debuf.mlir ==
  match          body#[0]  cudnnPointwiseGraph_f32
  total: 1 matched / 1 bodies
",0,[],0,0,0,0,/home/arjaiswal/Polygeist/issues/aten_c_kernels/results/aten_hardswish_backward/debuf.mlir,2381,0,1,1,290.035679936409,0,65836,0.0,0,0,0,0,"[{""body_indices"": [0], ""symbol"": ""cudnnPointwiseGraph_f32""}]",1,0,0,0.0,0
aten,aten_hardswish_backward,/home/arjaiswal/Polygeist/issues/aten_c_kernels/results/aten_hardswish_backward/debuf.mlir,1b2093e12de7974c0daf02127ef94422ab757763e62e68ad93b5f2f69031327f,egglog,3,ok,0,720.6715196371078,0,"[""/usr/bin/python3"", ""/home/arjaiswal/Polygeist/scripts/correctness/kernel_match_rewrite.py"", ""/home/arjaiswal/Polygeist/issues/aten_c_kernels/results/aten_hardswish_backward/debuf.mlir"", ""--dry-run"", ""--matcher-mode"", ""egglog"", ""--telemetry-json"", ""/home/arjaiswal/Polygeist/issues/equality_saturation_eval/campaign_20260908/aten-aten_hardswish_backward-egglog-_fxzux5h.json"", ""--disable-semantic-fallback""]","== match report for /home/arjaiswal/Polygeist/issues/aten_c_kernels/results/aten_hardswish_backward/debuf.mlir ==
  match          body#[0]  cudnnPointwiseGraph_f32
  total: 1 matched / 1 bodies
",0,[],0,0,0,0,/home/arjaiswal/Polygeist/issues/aten_c_kernels/results/aten_hardswish_backward/debuf.mlir,2381,8,1,1,290.88637977838516,0,66052,0.0,0,0,0,0,"[{""body_indices"": [0], ""symbol"": ""cudnnPointwiseGraph_f32""}]",1,0,0,0.0,0
aten,aten_hardswish_backward,/home/arjaiswal/Polygeist/issues/aten_c_kernels/results/aten_hardswish_backward/debuf.mlir,1b2093e12de7974c0daf02127ef94422ab757763e62e68ad93b5f2f69031327f,egglog,4,ok,0,701.3124451041222,0,"[""/usr/bin/python3"", ""/home/arjaiswal/Polygeist/scripts/correctness/kernel_match_rewrite.py"", ""/home/arjaiswal/Polygeist/issues/aten_c_kernels/results/aten_hardswish_backward/debuf.mlir"", ""--dry-run"", ""--matcher-mode"", ""egglog"", ""--telemetry-json"", ""/home/arjaiswal/Polygeist/issues/equality_saturation_eval/campaign_20260908/aten-aten_hardswish_backward-egglog-ecdzdr6c.json"", ""--disable-semantic-fallback""]","== match report for /home/arjaiswal/Polygeist/issues/aten_c_kernels/results/aten_hardswish_backward/debuf.mlir ==
  match          body#[0]  cudnnPointwiseGraph_f32
  total: 1 matched / 1 bodies
",0,[],0,0,0,0,/home/arjaiswal/Polygeist/issues/aten_c_kernels/results/aten_hardswish_backward/debuf.mlir,2381,8,1,1,296.8377582728863,0,65744,0.0,0,0,0,0,"[{""body_indices"": [0], ""symbol"": ""cudnnPointwiseGraph_f32""}]",1,0,0,0.0,0
aten,aten_hardswish_backward,/home/arjaiswal/Polygeist/issues/aten_c_kernels/results/aten_hardswish_backward/debuf.mlir,1b2093e12de7974c0daf02127ef94422ab757763e62e68ad93b5f2f69031327f,syntactic,4,ok,0,705.561775714159,0,"[""/usr/bin/python3"", ""/home/arjaiswal/Polygeist/scripts/correctness/kernel_match_rewrite.py"", ""/home/arjaiswal/Polygeist/issues/aten_c_kernels/results/aten_hardswish_backward/debuf.mlir"", ""--dry-run"", ""--matcher-mode"", ""syntactic"", ""--telemetry-json"", ""/home/arjaiswal/Polygeist/issues/equality_saturation_eval/campaign_20260908/aten-aten_hardswish_backward-syntactic-4t_asqx6.json"", ""--disable-semantic-fallback""]","== match report for /home/arjaiswal/Polygeist/issues/aten_c_kernels/results/aten_hardswish_backward/debuf.mlir ==
  match          body#[0]  cudnnPointwiseGraph_f32
  total: 1 matched / 1 bodies
",0,[],0,0,0,0,/home/arjaiswal/Polygeist/issues/aten_c_kernels/results/aten_hardswish_backward/debuf.mlir,2381,0,1,1,287.50593960285187,0,66108,0.0,0,0,0,0,"[{""body_indices"": [0], ""symbol"": ""cudnnPointwiseGraph_f32""}]",1,0,0,0.0,0
aten,aten_hardswish_backward,/home/arjaiswal/Polygeist/issues/aten_c_kernels/results/aten_hardswish_backward/debuf.mlir,1b2093e12de7974c0daf02127ef94422ab757763e62e68ad93b5f2f69031327f,syntactic,5,ok,0,716.0369046032429,0,"[""/usr/bin/python3"", ""/home/arjaiswal/Polygeist/scripts/correctness/kernel_match_rewrite.py"", ""/home/arjaiswal/Polygeist/issues/aten_c_kernels/results/aten_hardswish_backward/debuf.mlir"", ""--dry-run"", ""--matcher-mode"", ""syntactic"", ""--telemetry-json"", ""/home/arjaiswal/Polygeist/issues/equality_saturation_eval/campaign_20260908/aten-aten_hardswish_backward-syntactic-4nsqbhsi.json"", ""--disable-semantic-fallback""]","== match report for /home/arjaiswal/Polygeist/issues/aten_c_kernels/results/aten_hardswish_backward/debuf.mlir ==
  match          body#[0]  cudnnPointwiseGraph_f32
  total: 1 matched / 1 bodies
",0,[],0,0,0,0,/home/arjaiswal/Polygeist/issues/aten_c_kernels/results/aten_hardswish_backward/debuf.mlir,2381,0,1,1,282.2926416993141,0,66052,0.0,0,0,0,0,"[{""body_indices"": [0], ""symbol"": ""cudnnPointwiseGraph_f32""}]",1,0,0,0.0,0
aten,aten_hardswish_backward,/home/arjaiswal/Polygeist/issues/aten_c_kernels/results/aten_hardswish_backward/debuf.mlir,1b2093e12de7974c0daf02127ef94422ab757763e62e68ad93b5f2f69031327f,egglog,5,ok,0,743.6418794095516,0,"[""/usr/bin/python3"", ""/home/arjaiswal/Polygeist/scripts/correctness/kernel_match_rewrite.py"", ""/home/arjaiswal/Polygeist/issues/aten_c_kernels/results/aten_hardswish_backward/debuf.mlir"", ""--dry-run"", ""--matcher-mode"", ""egglog"", ""--telemetry-json"", ""/home/arjaiswal/Polygeist/issues/equality_saturation_eval/campaign_20260908/aten-aten_hardswish_backward-egglog-tsjzizp6.json"", ""--disable-semantic-fallback""]","== match report for /home/arjaiswal/Polygeist/issues/aten_c_kernels/results/aten_hardswish_backward/debuf.mlir ==
  match          body#[0]  cudnnPointwiseGraph_f32
  total: 1 matched / 1 bodies
",0,[],0,0,0,0,/home/arjaiswal/Polygeist/issues/aten_c_kernels/results/aten_hardswish_backward/debuf.mlir,2381,8,1,1,311.92754954099655,0,66040,0.0,0,0,0,0,"[{""body_indices"": [0], ""symbol"": ""cudnnPointwiseGraph_f32""}]",1,0,0,0.0,0
aten,aten_hardtanh,/home/arjaiswal/Polygeist/issues/aten_c_kernels/results/aten_hardtanh/debuf.mlir,ffdde84f228bfe671e2f8af707dda56707c1c6292062ed40544f0948345e47fe,egglog,1,ok,0,1048.170045018196,0,"[""/usr/bin/python3"", ""/home/arjaiswal/Polygeist/scripts/correctness/kernel_match_rewrite.py"", ""/home/arjaiswal/Polygeist/issues/aten_c_kernels/results/aten_hardtanh/debuf.mlir"", ""--dry-run"", ""--matcher-mode"", ""egglog"", ""--telemetry-json"", ""/home/arjaiswal/Polygeist/issues/equality_saturation_eval/campaign_20260908/aten-aten_hardtanh-egglog-sy5hcjb5.json"", ""--disable-semantic-fallback""]","== match report for /home/arjaiswal/Polygeist/issues/aten_c_kernels/results/aten_hardtanh/debuf.mlir ==
  match          body#[0]  cudnnPointwiseGraph_f32
  total: 1 matched / 1 bodies
",0,[],0,0,0,0,/home/arjaiswal/Polygeist/issues/aten_c_kernels/results/aten_hardtanh/debuf.mlir,1936,8,1,1,623.7962879240513,0,66608,0.0,0,0,0,0,"[{""body_indices"": [0], ""symbol"": ""cudnnPointwiseGraph_f32""}]",1,0,0,0.0,56
aten,aten_hardtanh,/home/arjaiswal/Polygeist/issues/aten_c_kernels/results/aten_hardtanh/debuf.mlir,ffdde84f228bfe671e2f8af707dda56707c1c6292062ed40544f0948345e47fe,syntactic,1,ok,0,1029.2551331222057,0,"[""/usr/bin/python3"", ""/home/arjaiswal/Polygeist/scripts/correctness/kernel_match_rewrite.py"", ""/home/arjaiswal/Polygeist/issues/aten_c_kernels/results/aten_hardtanh/debuf.mlir"", ""--dry-run"", ""--matcher-mode"", ""syntactic"", ""--telemetry-json"", ""/home/arjaiswal/Polygeist/issues/equality_saturation_eval/campaign_20260908/aten-aten_hardtanh-syntactic-iaj5eo1s.json"", ""--disable-semantic-fallback""]","== match report for /home/arjaiswal/Polygeist/issues/aten_c_kernels/results/aten_hardtanh/debuf.mlir ==
  match          body#[0]  cudnnPointwiseGraph_f32
  total: 1 matched / 1 bodies
",0,[],0,0,0,0,/home/arjaiswal/Polygeist/issues/aten_c_kernels/results/aten_hardtanh/debuf.mlir,1936,0,1,1,591.247882694006,0,66580,0.1624077558517456,0,0,0,0,"[{""body_indices"": [0], ""symbol"": ""cudnnPointwiseGraph_f32""}]",1,0,56,0.0,56
aten,aten_hardtanh,/home/arjaiswal/Polygeist/issues/aten_c_kernels/results/aten_hardtanh/debuf.mlir,ffdde84f228bfe671e2f8af707dda56707c1c6292062ed40544f0948345e47fe,syntactic,2,ok,0,1009.0306662023067,0,"[""/usr/bin/python3"", ""/home/arjaiswal/Polygeist/scripts/correctness/kernel_match_rewrite.py"", ""/home/arjaiswal/Polygeist/issues/aten_c_kernels/results/aten_hardtanh/debuf.mlir"", ""--dry-run"", ""--matcher-mode"", ""syntactic"", ""--telemetry-json"", ""/home/arjaiswal/Polygeist/issues/equality_saturation_eval/campaign_20260908/aten-aten_hardtanh-syntactic-6p4uovx1.json"", ""--disable-semantic-fallback""]","== match report for /home/arjaiswal/Polygeist/issues/aten_c_kernels/results/aten_hardtanh/debuf.mlir ==
  match          body#[0]  cudnnPointwiseGraph_f32
  total: 1 matched / 1 bodies
",0,[],0,0,0,0,/home/arjaiswal/Polygeist/issues/aten_c_kernels/results/aten_hardtanh/debuf.mlir,1936,0,1,1,598.7208485603333,0,66152,0.1540854573249817,0,0,0,0,"[{""body_indices"": [0], ""symbol"": ""cudnnPointwiseGraph_f32""}]",1,0,56,0.0,56
aten,aten_hardtanh,/home/arjaiswal/Polygeist/issues/aten_c_kernels/results/aten_hardtanh/debuf.mlir,ffdde84f228bfe671e2f8af707dda56707c1c6292062ed40544f0948345e47fe,egglog,2,ok,0,1004.5945048332214,0,"[""/usr/bin/python3"", ""/home/arjaiswal/Polygeist/scripts/correctness/kernel_match_rewrite.py"", ""/home/arjaiswal/Polygeist/issues/aten_c_kernels/results/aten_hardtanh/debuf.mlir"", ""--dry-run"", ""--matcher-mode"", ""egglog"", ""--telemetry-json"", ""/home/arjaiswal/Polygeist/issues/equality_saturation_eval/campaign_20260908/aten-aten_hardtanh-egglog-xepbt2zh.json"", ""--disable-semantic-fallback""]","== match report for /home/arjaiswal/Polygeist/issues/aten_c_kernels/results/aten_hardtanh/debuf.mlir ==
  match          body#[0]  cudnnPointwiseGraph_f32
  total: 1 matched / 1 bodies
",0,[],0,0,0,0,/home/arjaiswal/Polygeist/issues/aten_c_kernels/results/aten_hardtanh/debuf.mlir,1936,8,1,1,596.5570472180843,0,66544,0.0,0,0,0,0,"[{""body_indices"": [0], ""symbol"": ""cudnnPointwiseGraph_f32""}]",1,0,0,0.0,56
aten,aten_hardtanh,/home/arjaiswal/Polygeist/issues/aten_c_kernels/results/aten_hardtanh/debuf.mlir,ffdde84f228bfe671e2f8af707dda56707c1c6292062ed40544f0948345e47fe,egglog,3,ok,0,1015.8030726015568,0,"[""/usr/bin/python3"", ""/home/arjaiswal/Polygeist/scripts/correctness/kernel_match_rewrite.py"", ""/home/arjaiswal/Polygeist/issues/aten_c_kernels/results/aten_hardtanh/debuf.mlir"", ""--dry-run"", ""--matcher-mode"", ""egglog"", ""--telemetry-json"", ""/home/arjaiswal/Polygeist/issues/equality_saturation_eval/campaign_20260908/aten-aten_hardtanh-egglog-ze0ejiwm.json"", ""--disable-semantic-fallback""]","== match report for /home/arjaiswal/Polygeist/issues/aten_c_kernels/results/aten_hardtanh/debuf.mlir ==
  match          body#[0]  cudnnPointwiseGraph_f32
  total: 1 matched / 1 bodies
",0,[],0,0,0,0,/home/arjaiswal/Polygeist/issues/aten_c_kernels/results/aten_hardtanh/debuf.mlir,1936,8,1,1,585.8027674257755,0,66208,0.0,0,0,0,0,"[{""body_indices"": [0], ""symbol"": ""cudnnPointwiseGraph_f32""}]",1,0,0,0.0,56
aten,aten_hardtanh,/home/arjaiswal/Polygeist/issues/aten_c_kernels/results/aten_hardtanh/debuf.mlir,ffdde84f228bfe671e2f8af707dda56707c1c6292062ed40544f0948345e47fe,syntactic,3,ok,0,987.9917539656162,0,"[""/usr/bin/python3"", ""/home/arjaiswal/Polygeist/scripts/correctness/kernel_match_rewrite.py"", ""/home/arjaiswal/Polygeist/issues/aten_c_kernels/results/aten_hardtanh/debuf.mlir"", ""--dry-run"", ""--matcher-mode"", ""syntactic"", ""--telemetry-json"", ""/home/arjaiswal/Polygeist/issues/equality_saturation_eval/campaign_20260908/aten-aten_hardtanh-syntactic-vpxvrana.json"", ""--disable-semantic-fallback""]","== match report for /home/arjaiswal/Polygeist/issues/aten_c_kernels/results/aten_hardtanh/debuf.mlir ==
  match          body#[0]  cudnnPointwiseGraph_f32
  total: 1 matched / 1 bodies
",0,[],0,0,0,0,/home/arjaiswal/Polygeist/issues/aten_c_kernels/results/aten_hardtanh/debuf.mlir,1936,0,1,1,571.1698196828365,0,66396,0.15338510274887085,0,0,0,0,"[{""body_indices"": [0], ""symbol"": ""cudnnPointwiseGraph_f32""}]",1,0,56,0.0,56
aten,aten_hardtanh,/home/arjaiswal/Polygeist/issues/aten_c_kernels/results/aten_hardtanh/debuf.mlir,ffdde84f228bfe671e2f8af707dda56707c1c6292062ed40544f0948345e47fe,syntactic,4,ok,0,1006.3985772430897,0,"[""/usr/bin/python3"", ""/home/arjaiswal/Polygeist/scripts/correctness/kernel_match_rewrite.py"", ""/home/arjaiswal/Polygeist/issues/aten_c_kernels/results/aten_hardtanh/debuf.mlir"", ""--dry-run"", ""--matcher-mode"", ""syntactic"", ""--telemetry-json"", ""/home/arjaiswal/Polygeist/issues/equality_saturation_eval/campaign_20260908/aten-aten_hardtanh-syntactic-fecf8npw.json"", ""--disable-semantic-fallback""]","== match report for /home/arjaiswal/Polygeist/issues/aten_c_kernels/results/aten_hardtanh/debuf.mlir ==
  match          body#[0]  cudnnPointwiseGraph_f32
  total: 1 matched / 1 bodies
",0,[],0,0,0,0,/home/arjaiswal/Polygeist/issues/aten_c_kernels/results/aten_hardtanh/debuf.mlir,1936,0,1,1,580.7323269546032,0,66256,0.1475103199481964,0,0,0,0,"[{""body_indices"": [0], ""symbol"": ""cudnnPointwiseGraph_f32""}]",1,0,56,0.0,56
aten,aten_hardtanh,/home/arjaiswal/Polygeist/issues/aten_c_kernels/results/aten_hardtanh/debuf.mlir,ffdde84f228bfe671e2f8af707dda56707c1c6292062ed40544f0948345e47fe,egglog,4,ok,0,1086.1470587551594,0,"[""/usr/bin/python3"", ""/home/arjaiswal/Polygeist/scripts/correctness/kernel_match_rewrite.py"", ""/home/arjaiswal/Polygeist/issues/aten_c_kernels/results/aten_hardtanh/debuf.mlir"", ""--dry-run"", ""--matcher-mode"", ""egglog"", ""--telemetry-json"", ""/home/arjaiswal/Polygeist/issues/equality_saturation_eval/campaign_20260908/aten-aten_hardtanh-egglog-mkup7pf0.json"", ""--disable-semantic-fallback""]","== match report for /home/arjaiswal/Polygeist/issues/aten_c_kernels/results/aten_hardtanh/debuf.mlir ==
  match          body#[0]  cudnnPointwiseGraph_f32
  total: 1 matched / 1 bodies
",0,[],0,0,0,0,/home/arjaiswal/Polygeist/issues/aten_c_kernels/results/aten_hardtanh/debuf.mlir,1936,8,1,1,602.995827794075,0,66300,0.0,0,0,0,0,"[{""body_indices"": [0], ""symbol"": ""cudnnPointwiseGraph_f32""}]",1,0,0,0.0,56
aten,aten_hardtanh,/home/arjaiswal/Polygeist/issues/aten_c_kernels/results/aten_hardtanh/debuf.mlir,ffdde84f228bfe671e2f8af707dda56707c1c6292062ed40544f0948345e47fe,egglog,5,ok,0,1001.5925206243992,0,"[""/usr/bin/python3"", ""/home/arjaiswal/Polygeist/scripts/correctness/kernel_match_rewrite.py"", ""/home/arjaiswal/Polygeist/issues/aten_c_kernels/results/aten_hardtanh/debuf.mlir"", ""--dry-run"", ""--matcher-mode"", ""egglog"", ""--telemetry-json"", ""/home/arjaiswal/Polygeist/issues/equality_saturation_eval/campaign_20260908/aten-aten_hardtanh-egglog-d4jf_z6z.json"", ""--disable-semantic-fallback""]","== match report for /home/arjaiswal/Polygeist/issues/aten_c_kernels/results/aten_hardtanh/debuf.mlir ==
  match          body#[0]  cudnnPointwiseGraph_f32
  total: 1 matched / 1 bodies
",0,[],0,0,0,0,/home/arjaiswal/Polygeist/issues/aten_c_kernels/results/aten_hardtanh/debuf.mlir,1936,8,1,1,578.4229040145874,0,66532,0.0,0,0,0,0,"[{""body_indices"": [0], ""symbol"": ""cudnnPointwiseGraph_f32""}]",1,0,0,0.0,56
aten,aten_hardtanh,/home/arjaiswal/Polygeist/issues/aten_c_kernels/results/aten_hardtanh/debuf.mlir,ffdde84f228bfe671e2f8af707dda56707c1c6292062ed40544f0948345e47fe,syntactic,5,ok,0,995.3246228396893,0,"[""/usr/bin/python3"", ""/home/arjaiswal/Polygeist/scripts/correctness/kernel_match_rewrite.py"", ""/home/arjaiswal/Polygeist/issues/aten_c_kernels/results/aten_hardtanh/debuf.mlir"", ""--dry-run"", ""--matcher-mode"", ""syntactic"", ""--telemetry-json"", ""/home/arjaiswal/Polygeist/issues/equality_saturation_eval/campaign_20260908/aten-aten_hardtanh-syntactic-x8veyo_f.json"", ""--disable-semantic-fallback""]","== match report for /home/arjaiswal/Polygeist/issues/aten_c_kernels/results/aten_hardtanh/debuf.mlir ==
  match          body#[0]  cudnnPointwiseGraph_f32
  total: 1 matched / 1 bodies
",0,[],0,0,0,0,/home/arjaiswal/Polygeist/issues/aten_c_kernels/results/aten_hardtanh/debuf.mlir,1936,0,1,1,580.8292850852013,0,66408,0.15467405319213867,0,0,0,0,"[{""body_indices"": [0], ""symbol"": ""cudnnPointwiseGraph_f32""}]",1,0,56,0.0,56
aten,aten_hardtanh_backward,/home/arjaiswal/Polygeist/issues/aten_c_kernels/results/aten_hardtanh_backward/debuf.mlir,4848d66df017a9a92b9a0017cc1670d35a6a175f235b13a88c0a2f584a139c47,syntactic,1,ok,0,734.9396608769894,0,"[""/usr/bin/python3"", ""/home/arjaiswal/Polygeist/scripts/correctness/kernel_match_rewrite.py"", ""/home/arjaiswal/Polygeist/issues/aten_c_kernels/results/aten_hardtanh_backward/debuf.mlir"", ""--dry-run"", ""--matcher-mode"", ""syntactic"", ""--telemetry-json"", ""/home/arjaiswal/Polygeist/issues/equality_saturation_eval/campaign_20260908/aten-aten_hardtanh_backward-syntactic-45w5ee81.json"", ""--disable-semantic-fallback""]","== match report for /home/arjaiswal/Polygeist/issues/aten_c_kernels/results/aten_hardtanh_backward/debuf.mlir ==
  match          body#[0]  cudnnPointwiseGraph_f32
  total: 1 matched / 1 bodies
",0,[],0,0,0,0,/home/arjaiswal/Polygeist/issues/aten_c_kernels/results/aten_hardtanh_backward/debuf.mlir,2136,0,1,1,330.10024577379227,0,66128,0.02468004822731018,0,0,0,0,"[{""body_indices"": [0], ""symbol"": ""cudnnPointwiseGraph_f32""}]",1,0,6,0.0,6
aten,aten_hardtanh_backward,/home/arjaiswal/Polygeist/issues/aten_c_kernels/results/aten_hardtanh_backward/debuf.mlir,4848d66df017a9a92b9a0017cc1670d35a6a175f235b13a88c0a2f584a139c47,egglog,1,ok,0,715.4904417693615,0,"[""/usr/bin/python3"", ""/home/arjaiswal/Polygeist/scripts/correctness/kernel_match_rewrite.py"", ""/home/arjaiswal/Polygeist/issues/aten_c_kernels/results/aten_hardtanh_backward/debuf.mlir"", ""--dry-run"", ""--matcher-mode"", ""egglog"", ""--telemetry-json"", ""/home/arjaiswal/Polygeist/issues/equality_saturation_eval/campaign_20260908/aten-aten_hardtanh_backward-egglog-9ty1r3ce.json"", ""--disable-semantic-fallback""]","== match report for /home/arjaiswal/Polygeist/issues/aten_c_kernels/results/aten_hardtanh_backward/debuf.mlir ==
  match          body#[0]  cudnnPointwiseGraph_f32
  total: 1 matched / 1 bodies
",0,[],0,0,0,0,/home/arjaiswal/Polygeist/issues/aten_c_kernels/results/aten_hardtanh_backward/debuf.mlir,2136,8,1,1,309.6304088830948,0,65872,0.0,0,0,0,0,"[{""body_indices"": [0], ""symbol"": ""cudnnPointwiseGraph_f32""}]",1,0,0,0.0,6
aten,aten_hardtanh_backward,/home/arjaiswal/Polygeist/issues/aten_c_kernels/results/aten_hardtanh_backward/debuf.mlir,4848d66df017a9a92b9a0017cc1670d35a6a175f235b13a88c0a2f584a139c47,egglog,2,ok,0,728.000033646822,0,"[""/usr/bin/python3"", ""/home/arjaiswal/Polygeist/scripts/correctness/kernel_match_rewrite.py"", ""/home/arjaiswal/Polygeist/issues/aten_c_kernels/results/aten_hardtanh_backward/debuf.mlir"", ""--dry-run"", ""--matcher-mode"", ""egglog"", ""--telemetry-json"", ""/home/arjaiswal/Polygeist/issues/equality_saturation_eval/campaign_20260908/aten-aten_hardtanh_backward-egglog-obvriijm.json"", ""--disable-semantic-fallback""]","== match report for /home/arjaiswal/Polygeist/issues/aten_c_kernels/results/aten_hardtanh_backward/debuf.mlir ==
  match          body#[0]  cudnnPointwiseGraph_f32
  total: 1 matched / 1 bodies
",0,[],0,0,0,0,/home/arjaiswal/Polygeist/issues/aten_c_kernels/results/aten_hardtanh_backward/debuf.mlir,2136,8,1,1,312.3631998896599,0,66108,0.0,0,0,0,0,"[{""body_indices"": [0], ""symbol"": ""cudnnPointwiseGraph_f32""}]",1,0,0,0.0,6
aten,aten_hardtanh_backward,/home/arjaiswal/Polygeist/issues/aten_c_kernels/results/aten_hardtanh_backward/debuf.mlir,4848d66df017a9a92b9a0017cc1670d35a6a175f235b13a88c0a2f584a139c47,syntactic,2,ok,0,763.935524970293,0,"[""/usr/bin/python3"", ""/home/arjaiswal/Polygeist/scripts/correctness/kernel_match_rewrite.py"", ""/home/arjaiswal/Polygeist/issues/aten_c_kernels/results/aten_hardtanh_backward/debuf.mlir"", ""--dry-run"", ""--matcher-mode"", ""syntactic"", ""--telemetry-json"", ""/home/arjaiswal/Polygeist/issues/equality_saturation_eval/campaign_20260908/aten-aten_hardtanh_backward-syntactic-hz7k_ths.json"", ""--disable-semantic-fallback""]","== match report for /home/arjaiswal/Polygeist/issues/aten_c_kernels/results/aten_hardtanh_backward/debuf.mlir ==
  match          body#[0]  cudnnPointwiseGraph_f32
  total: 1 matched / 1 bodies
",0,[],0,0,0,0,/home/arjaiswal/Polygeist/issues/aten_c_kernels/results/aten_hardtanh_backward/debuf.mlir,2136,0,1,1,327.1665759384632,0,65836,0.027436763048171997,0,0,0,0,"[{""body_indices"": [0], ""symbol"": ""cudnnPointwiseGraph_f32""}]",1,0,6,0.0,6
aten,aten_hardtanh_backward,/home/arjaiswal/Polygeist/issues/aten_c_kernels/results/aten_hardtanh_backward/debuf.mlir,4848d66df017a9a92b9a0017cc1670d35a6a175f235b13a88c0a2f584a139c47,syntactic,3,ok,0,762.0862983167171,0,"[""/usr/bin/python3"", ""/home/arjaiswal/Polygeist/scripts/correctness/kernel_match_rewrite.py"", ""/home/arjaiswal/Polygeist/issues/aten_c_kernels/results/aten_hardtanh_backward/debuf.mlir"", ""--dry-run"", ""--matcher-mode"", ""syntactic"", ""--telemetry-json"", ""/home/arjaiswal/Polygeist/issues/equality_saturation_eval/campaign_20260908/aten-aten_hardtanh_backward-syntactic-2490oxgw.json"", ""--disable-semantic-fallback""]","== match report for /home/arjaiswal/Polygeist/issues/aten_c_kernels/results/aten_hardtanh_backward/debuf.mlir ==
  match          body#[0]  cudnnPointwiseGraph_f32
  total: 1 matched / 1 bodies
",0,[],0,0,0,0,/home/arjaiswal/Polygeist/issues/aten_c_kernels/results/aten_hardtanh_backward/debuf.mlir,2136,0,1,1,326.3738602399826,0,65860,0.023674219846725464,0,0,0,0,"[{""body_indices"": [0], ""symbol"": ""cudnnPointwiseGraph_f32""}]",1,0,6,0.0,6
aten,aten_hardtanh_backward,/home/arjaiswal/Polygeist/issues/aten_c_kernels/results/aten_hardtanh_backward/debuf.mlir,4848d66df017a9a92b9a0017cc1670d35a6a175f235b13a88c0a2f584a139c47,egglog,3,ok,0,735.9974607825279,0,"[""/usr/bin/python3"", ""/home/arjaiswal/Polygeist/scripts/correctness/kernel_match_rewrite.py"", ""/home/arjaiswal/Polygeist/issues/aten_c_kernels/results/aten_hardtanh_backward/debuf.mlir"", ""--dry-run"", ""--matcher-mode"", ""egglog"", ""--telemetry-json"", ""/home/arjaiswal/Polygeist/issues/equality_saturation_eval/campaign_20260908/aten-aten_hardtanh_backward-egglog-i_pf6hx_.json"", ""--disable-semantic-fallback""]","== match report for /home/arjaiswal/Polygeist/issues/aten_c_kernels/results/aten_hardtanh_backward/debuf.mlir ==
  match          body#[0]  cudnnPointwiseGraph_f32
  total: 1 matched / 1 bodies
",0,[],0,0,0,0,/home/arjaiswal/Polygeist/issues/aten_c_kernels/results/aten_hardtanh_backward/debuf.mlir,2136,8,1,1,317.91920587420464,0,65932,0.0,0,0,0,0,"[{""body_indices"": [0], ""symbol"": ""cudnnPointwiseGraph_f32""}]",1,0,0,0.0,6
aten,aten_hardtanh_backward,/home/arjaiswal/Polygeist/issues/aten_c_kernels/results/aten_hardtanh_backward/debuf.mlir,4848d66df017a9a92b9a0017cc1670d35a6a175f235b13a88c0a2f584a139c47,egglog,4,ok,0,709.1389819979668,0,"[""/usr/bin/python3"", ""/home/arjaiswal/Polygeist/scripts/correctness/kernel_match_rewrite.py"", ""/home/arjaiswal/Polygeist/issues/aten_c_kernels/results/aten_hardtanh_backward/debuf.mlir"", ""--dry-run"", ""--matcher-mode"", ""egglog"", ""--telemetry-json"", ""/home/arjaiswal/Polygeist/issues/equality_saturation_eval/campaign_20260908/aten-aten_hardtanh_backward-egglog-6d2pxw00.json"", ""--disable-semantic-fallback""]","== match report for /home/arjaiswal/Polygeist/issues/aten_c_kernels/results/aten_hardtanh_backward/debuf.mlir ==
  match          body#[0]  cudnnPointwiseGraph_f32
  total: 1 matched / 1 bodies
",0,[],0,0,0,0,/home/arjaiswal/Polygeist/issues/aten_c_kernels/results/aten_hardtanh_backward/debuf.mlir,2136,8,1,1,308.8531531393528,0,66072,0.0,0,0,0,0,"[{""body_indices"": [0], ""symbol"": ""cudnnPointwiseGraph_f32""}]",1,0,0,0.0,6
aten,aten_hardtanh_backward,/home/arjaiswal/Polygeist/issues/aten_c_kernels/results/aten_hardtanh_backward/debuf.mlir,4848d66df017a9a92b9a0017cc1670d35a6a175f235b13a88c0a2f584a139c47,syntactic,4,ok,0,712.1224030852318,0,"[""/usr/bin/python3"", ""/home/arjaiswal/Polygeist/scripts/correctness/kernel_match_rewrite.py"", ""/home/arjaiswal/Polygeist/issues/aten_c_kernels/results/aten_hardtanh_backward/debuf.mlir"", ""--dry-run"", ""--matcher-mode"", ""syntactic"", ""--telemetry-json"", ""/home/arjaiswal/Polygeist/issues/equality_saturation_eval/campaign_20260908/aten-aten_hardtanh_backward-syntactic-sx_rfjay.json"", ""--disable-semantic-fallback""]","== match report for /home/arjaiswal/Polygeist/issues/aten_c_kernels/results/aten_hardtanh_backward/debuf.mlir ==
  match          body#[0]  cudnnPointwiseGraph_f32
  total: 1 matched / 1 bodies
",0,[],0,0,0,0,/home/arjaiswal/Polygeist/issues/aten_c_kernels/results/aten_hardtanh_backward/debuf.mlir,2136,0,1,1,307.34264478087425,0,65824,0.02446770668029785,0,0,0,0,"[{""body_indices"": [0], ""symbol"": ""cudnnPointwiseGraph_f32""}]",1,0,6,0.0,6
aten,aten_hardtanh_backward,/home/arjaiswal/Polygeist/issues/aten_c_kernels/results/aten_hardtanh_backward/debuf.mlir,4848d66df017a9a92b9a0017cc1670d35a6a175f235b13a88c0a2f584a139c47,syntactic,5,ok,0,722.4792093038559,0,"[""/usr/bin/python3"", ""/home/arjaiswal/Polygeist/scripts/correctness/kernel_match_rewrite.py"", ""/home/arjaiswal/Polygeist/issues/aten_c_kernels/results/aten_hardtanh_backward/debuf.mlir"", ""--dry-run"", ""--matcher-mode"", ""syntactic"", ""--telemetry-json"", ""/home/arjaiswal/Polygeist/issues/equality_saturation_eval/campaign_20260908/aten-aten_hardtanh_backward-syntactic-0_jmg8e8.json"", ""--disable-semantic-fallback""]","== match report for /home/arjaiswal/Polygeist/issues/aten_c_kernels/results/aten_hardtanh_backward/debuf.mlir ==
  match          body#[0]  cudnnPointwiseGraph_f32
  total: 1 matched / 1 bodies
",0,[],0,0,0,0,/home/arjaiswal/Polygeist/issues/aten_c_kernels/results/aten_hardtanh_backward/debuf.mlir,2136,0,1,1,315.61919301748276,0,65932,0.02851337194442749,0,0,0,0,"[{""body_indices"": [0], ""symbol"": ""cudnnPointwiseGraph_f32""}]",1,0,6,0.0,6
aten,aten_hardtanh_backward,/home/arjaiswal/Polygeist/issues/aten_c_kernels/results/aten_hardtanh_backward/debuf.mlir,4848d66df017a9a92b9a0017cc1670d35a6a175f235b13a88c0a2f584a139c47,egglog,5,ok,0,742.7365332841873,0,"[""/usr/bin/python3"", ""/home/arjaiswal/Polygeist/scripts/correctness/kernel_match_rewrite.py"", ""/home/arjaiswal/Polygeist/issues/aten_c_kernels/results/aten_hardtanh_backward/debuf.mlir"", ""--dry-run"", ""--matcher-mode"", ""egglog"", ""--telemetry-json"", ""/home/arjaiswal/Polygeist/issues/equality_saturation_eval/campaign_20260908/aten-aten_hardtanh_backward-egglog-ylxbdkz9.json"", ""--disable-semantic-fallback""]","== match report for /home/arjaiswal/Polygeist/issues/aten_c_kernels/results/aten_hardtanh_backward/debuf.mlir ==
  match          body#[0]  cudnnPointwiseGraph_f32
  total: 1 matched / 1 bodies
",0,[],0,0,0,0,/home/arjaiswal/Polygeist/issues/aten_c_kernels/results/aten_hardtanh_backward/debuf.mlir,2136,8,1,1,340.26535600423813,0,66076,0.0,0,0,0,0,"[{""body_indices"": [0], ""symbol"": ""cudnnPointwiseGraph_f32""}]",1,0,0,0.0,6
aten,aten_heaviside,/home/arjaiswal/Polygeist/issues/aten_c_kernels/results/aten_heaviside/debuf.mlir,86ab8976674f13b22574a4bafdf355dfba0af00f26ecbc0c2315ac8bc6df777b,egglog,1,ok,0,818.2435482740402,0,"[""/usr/bin/python3"", ""/home/arjaiswal/Polygeist/scripts/correctness/kernel_match_rewrite.py"", ""/home/arjaiswal/Polygeist/issues/aten_c_kernels/results/aten_heaviside/debuf.mlir"", ""--dry-run"", ""--matcher-mode"", ""egglog"", ""--telemetry-json"", ""/home/arjaiswal/Polygeist/issues/equality_saturation_eval/campaign_20260908/aten-aten_heaviside-egglog-cxiiyzds.json"", ""--disable-semantic-fallback""]","== match report for /home/arjaiswal/Polygeist/issues/aten_c_kernels/results/aten_heaviside/debuf.mlir ==
  no_match       body#0  ?
  total: 0 matched / 1 bodies
",0,[],0,0,0,0,/home/arjaiswal/Polygeist/issues/aten_c_kernels/results/aten_heaviside/debuf.mlir,2103,8,1,0,374.7074119746685,1,65836,0.0,0,0,0,0,[],0,0,0,0.0,8
aten,aten_heaviside,/home/arjaiswal/Polygeist/issues/aten_c_kernels/results/aten_heaviside/debuf.mlir,86ab8976674f13b22574a4bafdf355dfba0af00f26ecbc0c2315ac8bc6df777b,syntactic,1,ok,0,778.7383273243904,0,"[""/usr/bin/python3"", ""/home/arjaiswal/Polygeist/scripts/correctness/kernel_match_rewrite.py"", ""/home/arjaiswal/Polygeist/issues/aten_c_kernels/results/aten_heaviside/debuf.mlir"", ""--dry-run"", ""--matcher-mode"", ""syntactic"", ""--telemetry-json"", ""/home/arjaiswal/Polygeist/issues/equality_saturation_eval/campaign_20260908/aten-aten_heaviside-syntactic-gsme143k.json"", ""--disable-semantic-fallback""]","== match report for /home/arjaiswal/Polygeist/issues/aten_c_kernels/results/aten_heaviside/debuf.mlir ==
  no_match       body#0  ?
  total: 0 matched / 1 bodies
",0,[],0,0,0,0,/home/arjaiswal/Polygeist/issues/aten_c_kernels/results/aten_heaviside/debuf.mlir,2103,0,1,0,348.6688360571861,1,65868,0.03520399332046509,0,0,0,0,[],0,0,8,0.0,8
aten,aten_heaviside,/home/arjaiswal/Polygeist/issues/aten_c_kernels/results/aten_heaviside/debuf.mlir,86ab8976674f13b22574a4bafdf355dfba0af00f26ecbc0c2315ac8bc6df777b,syntactic,2,ok,0,761.0372714698315,0,"[""/usr/bin/python3"", ""/home/arjaiswal/Polygeist/scripts/correctness/kernel_match_rewrite.py"", ""/home/arjaiswal/Polygeist/issues/aten_c_kernels/results/aten_heaviside/debuf.mlir"", ""--dry-run"", ""--matcher-mode"", ""syntactic"", ""--telemetry-json"", ""/home/arjaiswal/Polygeist/issues/equality_saturation_eval/campaign_20260908/aten-aten_heaviside-syntactic-sxhdpd4w.json"", ""--disable-semantic-fallback""]","== match report for /home/arjaiswal/Polygeist/issues/aten_c_kernels/results/aten_heaviside/debuf.mlir ==
  no_match       body#0  ?
  total: 0 matched / 1 bodies
",0,[],0,0,0,0,/home/arjaiswal/Polygeist/issues/aten_c_kernels/results/aten_heaviside/debuf.mlir,2103,0,1,0,336.73668652772903,1,65956,0.03417208790779114,0,0,0,0,[],0,0,8,0.0,8
aten,aten_heaviside,/home/arjaiswal/Polygeist/issues/aten_c_kernels/results/aten_heaviside/debuf.mlir,86ab8976674f13b22574a4bafdf355dfba0af00f26ecbc0c2315ac8bc6df777b,egglog,2,ok,0,781.2086939811707,0,"[""/usr/bin/python3"", ""/home/arjaiswal/Polygeist/scripts/correctness/kernel_match_rewrite.py"", ""/home/arjaiswal/Polygeist/issues/aten_c_kernels/results/aten_heaviside/debuf.mlir"", ""--dry-run"", ""--matcher-mode"", ""egglog"", ""--telemetry-json"", ""/home/arjaiswal/Polygeist/issues/equality_saturation_eval/campaign_20260908/aten-aten_heaviside-egglog-msou_4bs.json"", ""--disable-semantic-fallback""]","== match report for /home/arjaiswal/Polygeist/issues/aten_c_kernels/results/aten_heaviside/debuf.mlir ==
  no_match       body#0  ?
  total: 0 matched / 1 bodies
",0,[],0,0,0,0,/home/arjaiswal/Polygeist/issues/aten_c_kernels/results/aten_heaviside/debuf.mlir,2103,8,1,0,330.47038316726685,1,66068,0.0,0,0,0,0,[],0,0,0,0.0,8
aten,aten_heaviside,/home/arjaiswal/Polygeist/issues/aten_c_kernels/results/aten_heaviside/debuf.mlir,86ab8976674f13b22574a4bafdf355dfba0af00f26ecbc0c2315ac8bc6df777b,egglog,3,ok,0,716.8812081217766,0,"[""/usr/bin/python3"", ""/home/arjaiswal/Polygeist/scripts/correctness/kernel_match_rewrite.py"", ""/home/arjaiswal/Polygeist/issues/aten_c_kernels/results/aten_heaviside/debuf.mlir"", ""--dry-run"", ""--matcher-mode"", ""egglog"", ""--telemetry-json"", ""/home/arjaiswal/Polygeist/issues/equality_saturation_eval/campaign_20260908/aten-aten_heaviside-egglog-t2y2pb8w.json"", ""--disable-semantic-fallback""]","== match report for /home/arjaiswal/Polygeist/issues/aten_c_kernels/results/aten_heaviside/debuf.mlir ==
  no_match       body#0  ?
  total: 0 matched / 1 bodies
",0,[],0,0,0,0,/home/arjaiswal/Polygeist/issues/aten_c_kernels/results/aten_heaviside/debuf.mlir,2103,8,1,0,305.61280995607376,1,65672,0.0,0,0,0,0,[],0,0,0,0.0,8
aten,aten_heaviside,/home/arjaiswal/Polygeist/issues/aten_c_kernels/results/aten_heaviside/debuf.mlir,86ab8976674f13b22574a4bafdf355dfba0af00f26ecbc0c2315ac8bc6df777b,syntactic,3,ok,0,722.8661514818668,0,"[""/usr/bin/python3"", ""/home/arjaiswal/Polygeist/scripts/correctness/kernel_match_rewrite.py"", ""/home/arjaiswal/Polygeist/issues/aten_c_kernels/results/aten_heaviside/debuf.mlir"", ""--dry-run"", ""--matcher-mode"", ""syntactic"", ""--telemetry-json"", ""/home/arjaiswal/Polygeist/issues/equality_saturation_eval/campaign_20260908/aten-aten_heaviside-syntactic-fp6y73m5.json"", ""--disable-semantic-fallback""]","== match report for /home/arjaiswal/Polygeist/issues/aten_c_kernels/results/aten_heaviside/debuf.mlir ==
  no_match       body#0  ?
  total: 0 matched / 1 bodies
",0,[],0,0,0,0,/home/arjaiswal/Polygeist/issues/aten_c_kernels/results/aten_heaviside/debuf.mlir,2103,0,1,0,316.2357807159424,1,65924,0.03387033939361572,0,0,0,0,[],0,0,8,0.0,8
aten,aten_heaviside,/home/arjaiswal/Polygeist/issues/aten_c_kernels/results/aten_heaviside/debuf.mlir,86ab8976674f13b22574a4bafdf355dfba0af00f26ecbc0c2315ac8bc6df777b,syntactic,4,ok,0,732.3404997587204,0,"[""/usr/bin/python3"", ""/home/arjaiswal/Polygeist/scripts/correctness/kernel_match_rewrite.py"", ""/home/arjaiswal/Polygeist/issues/aten_c_kernels/results/aten_heaviside/debuf.mlir"", ""--dry-run"", ""--matcher-mode"", ""syntactic"", ""--telemetry-json"", ""/home/arjaiswal/Polygeist/issues/equality_saturation_eval/campaign_20260908/aten-aten_heaviside-syntactic-1mwenyhh.json"", ""--disable-semantic-fallback""]","== match report for /home/arjaiswal/Polygeist/issues/aten_c_kernels/results/aten_heaviside/debuf.mlir ==
  no_match       body#0  ?
  total: 0 matched / 1 bodies
",0,[],0,0,0,0,/home/arjaiswal/Polygeist/issues/aten_c_kernels/results/aten_heaviside/debuf.mlir,2103,0,1,0,327.39077880978584,1,65868,0.033445656299591064,0,0,0,0,[],0,0,8,0.0,8
aten,aten_heaviside,/home/arjaiswal/Polygeist/issues/aten_c_kernels/results/aten_heaviside/debuf.mlir,86ab8976674f13b22574a4bafdf355dfba0af00f26ecbc0c2315ac8bc6df777b,egglog,4,ok,0,741.7812384665012,0,"[""/usr/bin/python3"", ""/home/arjaiswal/Polygeist/scripts/correctness/kernel_match_rewrite.py"", ""/home/arjaiswal/Polygeist/issues/aten_c_kernels/results/aten_heaviside/debuf.mlir"", ""--dry-run"", ""--matcher-mode"", ""egglog"", ""--telemetry-json"", ""/home/arjaiswal/Polygeist/issues/equality_saturation_eval/campaign_20260908/aten-aten_heaviside-egglog-3_c03pht.json"", ""--disable-semantic-fallback""]","== match report for /home/arjaiswal/Polygeist/issues/aten_c_kernels/results/aten_heaviside/debuf.mlir ==
  no_match       body#0  ?
  total: 0 matched / 1 bodies
",0,[],0,0,0,0,/home/arjaiswal/Polygeist/issues/aten_c_kernels/results/aten_heaviside/debuf.mlir,2103,8,1,0,318.2619735598564,1,65944,0.0,0,0,0,0,[],0,0,0,0.0,8
aten,aten_heaviside,/home/arjaiswal/Polygeist/issues/aten_c_kernels/results/aten_heaviside/debuf.mlir,86ab8976674f13b22574a4bafdf355dfba0af00f26ecbc0c2315ac8bc6df777b,egglog,5,ok,0,779.088705778122,0,"[""/usr/bin/python3"", ""/home/arjaiswal/Polygeist/scripts/correctness/kernel_match_rewrite.py"", ""/home/arjaiswal/Polygeist/issues/aten_c_kernels/results/aten_heaviside/debuf.mlir"", ""--dry-run"", ""--matcher-mode"", ""egglog"", ""--telemetry-json"", ""/home/arjaiswal/Polygeist/issues/equality_saturation_eval/campaign_20260908/aten-aten_heaviside-egglog-emkdjamh.json"", ""--disable-semantic-fallback""]","== match report for /home/arjaiswal/Polygeist/issues/aten_c_kernels/results/aten_heaviside/debuf.mlir ==
  no_match       body#0  ?
  total: 0 matched / 1 bodies
",0,[],0,0,0,0,/home/arjaiswal/Polygeist/issues/aten_c_kernels/results/aten_heaviside/debuf.mlir,2103,8,1,0,343.25073659420013,1,65888,0.0,0,0,0,0,[],0,0,0,0.0,8
aten,aten_heaviside,/home/arjaiswal/Polygeist/issues/aten_c_kernels/results/aten_heaviside/debuf.mlir,86ab8976674f13b22574a4bafdf355dfba0af00f26ecbc0c2315ac8bc6df777b,syntactic,5,ok,0,720.5272316932678,0,"[""/usr/bin/python3"", ""/home/arjaiswal/Polygeist/scripts/correctness/kernel_match_rewrite.py"", ""/home/arjaiswal/Polygeist/issues/aten_c_kernels/results/aten_heaviside/debuf.mlir"", ""--dry-run"", ""--matcher-mode"", ""syntactic"", ""--telemetry-json"", ""/home/arjaiswal/Polygeist/issues/equality_saturation_eval/campaign_20260908/aten-aten_heaviside-syntactic-ywbmna_v.json"", ""--disable-semantic-fallback""]","== match report for /home/arjaiswal/Polygeist/issues/aten_c_kernels/results/aten_heaviside/debuf.mlir ==
  no_match       body#0  ?
  total: 0 matched / 1 bodies
",0,[],0,0,0,0,/home/arjaiswal/Polygeist/issues/aten_c_kernels/results/aten_heaviside/debuf.mlir,2103,0,1,0,315.66447392106056,1,66020,0.030796974897384644,0,0,0,0,[],0,0,8,0.0,8
aten,aten_hermite_polynomial_h,/home/arjaiswal/Polygeist/issues/aten_c_kernels/results/aten_hermite_polynomial_h/debuf.mlir,4144be7bdf4bc2ffa1b9ddc1784cf22604bb0c3462fbd15cd8cff97d8a4e2d8a,syntactic,1,ok,0,674.6217980980873,0,"[""/usr/bin/python3"", ""/home/arjaiswal/Polygeist/scripts/correctness/kernel_match_rewrite.py"", ""/home/arjaiswal/Polygeist/issues/aten_c_kernels/results/aten_hermite_polynomial_h/debuf.mlir"", ""--dry-run"", ""--matcher-mode"", ""syntactic"", ""--telemetry-json"", ""/home/arjaiswal/Polygeist/issues/equality_saturation_eval/campaign_20260908/aten-aten_hermite_polynomial_h-syntactic-494qu04w.json"", ""--disable-semantic-fallback""]","== match report for /home/arjaiswal/Polygeist/issues/aten_c_kernels/results/aten_hermite_polynomial_h/debuf.mlir ==
  no_match       body#0  ?
  total: 0 matched / 1 bodies
",0,[],0,0,0,0,/home/arjaiswal/Polygeist/issues/aten_c_kernels/results/aten_hermite_polynomial_h/debuf.mlir,2053,0,1,0,276.2676998972893,1,65872,0.015527009963989258,0,0,0,0,[],0,0,6,0.0,6
aten,aten_hermite_polynomial_h,/home/arjaiswal/Polygeist/issues/aten_c_kernels/results/aten_hermite_polynomial_h/debuf.mlir,4144be7bdf4bc2ffa1b9ddc1784cf22604bb0c3462fbd15cd8cff97d8a4e2d8a,egglog,1,ok,0,680.1844015717506,0,"[""/usr/bin/python3"", ""/home/arjaiswal/Polygeist/scripts/correctness/kernel_match_rewrite.py"", ""/home/arjaiswal/Polygeist/issues/aten_c_kernels/results/aten_hermite_polynomial_h/debuf.mlir"", ""--dry-run"", ""--matcher-mode"", ""egglog"", ""--telemetry-json"", ""/home/arjaiswal/Polygeist/issues/equality_saturation_eval/campaign_20260908/aten-aten_hermite_polynomial_h-egglog-8n7593az.json"", ""--disable-semantic-fallback""]","== match report for /home/arjaiswal/Polygeist/issues/aten_c_kernels/results/aten_hermite_polynomial_h/debuf.mlir ==
  no_match       body#0  ?
  total: 0 matched / 1 bodies
",0,[],0,0,0,0,/home/arjaiswal/Polygeist/issues/aten_c_kernels/results/aten_hermite_polynomial_h/debuf.mlir,2053,8,1,0,277.0448066294193,1,65564,0.0,0,0,0,0,[],0,0,0,0.0,6
aten,aten_hermite_polynomial_h,/home/arjaiswal/Polygeist/issues/aten_c_kernels/results/aten_hermite_polynomial_h/debuf.mlir,4144be7bdf4bc2ffa1b9ddc1784cf22604bb0c3462fbd15cd8cff97d8a4e2d8a,egglog,2,ok,0,697.4330693483353,0,"[""/usr/bin/python3"", ""/home/arjaiswal/Polygeist/scripts/correctness/kernel_match_rewrite.py"", ""/home/arjaiswal/Polygeist/issues/aten_c_kernels/results/aten_hermite_polynomial_h/debuf.mlir"", ""--dry-run"", ""--matcher-mode"", ""egglog"", ""--telemetry-json"", ""/home/arjaiswal/Polygeist/issues/equality_saturation_eval/campaign_20260908/aten-aten_hermite_polynomial_h-egglog-rzb6twr6.json"", ""--disable-semantic-fallback""]","== match report for /home/arjaiswal/Polygeist/issues/aten_c_kernels/results/aten_hermite_polynomial_h/debuf.mlir ==
  no_match       body#0  ?
  total: 0 matched / 1 bodies
",0,[],0,0,0,0,/home/arjaiswal/Polygeist/issues/aten_c_kernels/results/aten_hermite_polynomial_h/debuf.mlir,2053,8,1,0,288.0358621478081,1,65736,0.0,0,0,0,0,[],0,0,0,0.0,6
aten,aten_hermite_polynomial_h,/home/arjaiswal/Polygeist/issues/aten_c_kernels/results/aten_hermite_polynomial_h/debuf.mlir,4144be7bdf4bc2ffa1b9ddc1784cf22604bb0c3462fbd15cd8cff97d8a4e2d8a,syntactic,2,ok,0,717.8430259227753,0,"[""/usr/bin/python3"", ""/home/arjaiswal/Polygeist/scripts/correctness/kernel_match_rewrite.py"", ""/home/arjaiswal/Polygeist/issues/aten_c_kernels/results/aten_hermite_polynomial_h/debuf.mlir"", ""--dry-run"", ""--matcher-mode"", ""syntactic"", ""--telemetry-json"", ""/home/arjaiswal/Polygeist/issues/equality_saturation_eval/campaign_20260908/aten-aten_hermite_polynomial_h-syntactic-d76r9pti.json"", ""--disable-semantic-fallback""]","== match report for /home/arjaiswal/Polygeist/issues/aten_c_kernels/results/aten_hermite_polynomial_h/debuf.mlir ==
  no_match       body#0  ?
  total: 0 matched / 1 bodies
",0,[],0,0,0,0,/home/arjaiswal/Polygeist/issues/aten_c_kernels/results/aten_hermite_polynomial_h/debuf.mlir,2053,0,1,0,317.35216453671455,1,65612,0.017642974853515625,0,0,0,0,[],0,0,6,0.0,6
aten,aten_hermite_polynomial_h,/home/arjaiswal/Polygeist/issues/aten_c_kernels/results/aten_hermite_polynomial_h/debuf.mlir,4144be7bdf4bc2ffa1b9ddc1784cf22604bb0c3462fbd15cd8cff97d8a4e2d8a,syntactic,3,ok,0,702.5488168001175,0,"[""/usr/bin/python3"", ""/home/arjaiswal/Polygeist/scripts/correctness/kernel_match_rewrite.py"", ""/home/arjaiswal/Polygeist/issues/aten_c_kernels/results/aten_hermite_polynomial_h/debuf.mlir"", ""--dry-run"", ""--matcher-mode"", ""syntactic"", ""--telemetry-json"", ""/home/arjaiswal/Polygeist/issues/equality_saturation_eval/campaign_20260908/aten-aten_hermite_polynomial_h-syntactic-44cl1kso.json"", ""--disable-semantic-fallback""]","== match report for /home/arjaiswal/Polygeist/issues/aten_c_kernels/results/aten_hermite_polynomial_h/debuf.mlir ==
  no_match       body#0  ?
  total: 0 matched / 1 bodies
",0,[],0,0,0,0,/home/arjaiswal/Polygeist/issues/aten_c_kernels/results/aten_hermite_polynomial_h/debuf.mlir,2053,0,1,0,291.7182855308056,1,65720,0.020407140254974365,0,0,0,0,[],0,0,6,0.0,6
aten,aten_hermite_polynomial_h,/home/arjaiswal/Polygeist/issues/aten_c_kernels/results/aten_hermite_polynomial_h/debuf.mlir,4144be7bdf4bc2ffa1b9ddc1784cf22604bb0c3462fbd15cd8cff97d8a4e2d8a,egglog,3,ok,0,726.1179313063622,0,"[""/usr/bin/python3"", ""/home/arjaiswal/Polygeist/scripts/correctness/kernel_match_rewrite.py"", ""/home/arjaiswal/Polygeist/issues/aten_c_kernels/results/aten_hermite_polynomial_h/debuf.mlir"", ""--dry-run"", ""--matcher-mode"", ""egglog"", ""--telemetry-json"", ""/home/arjaiswal/Polygeist/issues/equality_saturation_eval/campaign_20260908/aten-aten_hermite_polynomial_h-egglog-2568jnlv.json"", ""--disable-semantic-fallback""]","== match report for /home/arjaiswal/Polygeist/issues/aten_c_kernels/results/aten_hermite_polynomial_h/debuf.mlir ==
  no_match       body#0  ?
  total: 0 matched / 1 bodies
",0,[],0,0,0,0,/home/arjaiswal/Polygeist/issues/aten_c_kernels/results/aten_hermite_polynomial_h/debuf.mlir,2053,8,1,0,288.7668237090111,1,65448,0.0,0,0,0,0,[],0,0,0,0.0,6
aten,aten_hermite_polynomial_h,/home/arjaiswal/Polygeist/issues/aten_c_kernels/results/aten_hermite_polynomial_h/debuf.mlir,4144be7bdf4bc2ffa1b9ddc1784cf22604bb0c3462fbd15cd8cff97d8a4e2d8a,egglog,4,ok,0,713.6585898697376,0,"[""/usr/bin/python3"", ""/home/arjaiswal/Polygeist/scripts/correctness/kernel_match_rewrite.py"", ""/home/arjaiswal/Polygeist/issues/aten_c_kernels/results/aten_hermite_polynomial_h/debuf.mlir"", ""--dry-run"", ""--matcher-mode"", ""egglog"", ""--telemetry-json"", ""/home/arjaiswal/Polygeist/issues/equality_saturation_eval/campaign_20260908/aten-aten_hermite_polynomial_h-egglog-gxbuc_ui.json"", ""--disable-semantic-fallback""]","== match report for /home/arjaiswal/Polygeist/issues/aten_c_kernels/results/aten_hermite_polynomial_h/debuf.mlir ==
  no_match       body#0  ?
  total: 0 matched / 1 bodies
",0,[],0,0,0,0,/home/arjaiswal/Polygeist/issues/aten_c_kernels/results/aten_hermite_polynomial_h/debuf.mlir,2053,8,1,0,290.58561846613884,1,65508,0.0,0,0,0,0,[],0,0,0,0.0,6
aten,aten_hermite_polynomial_h,/home/arjaiswal/Polygeist/issues/aten_c_kernels/results/aten_hermite_polynomial_h/debuf.mlir,4144be7bdf4bc2ffa1b9ddc1784cf22604bb0c3462fbd15cd8cff97d8a4e2d8a,syntactic,4,ok,0,700.0645883381367,0,"[""/usr/bin/python3"", ""/home/arjaiswal/Polygeist/scripts/correctness/kernel_match_rewrite.py"", ""/home/arjaiswal/Polygeist/issues/aten_c_kernels/results/aten_hermite_polynomial_h/debuf.mlir"", ""--dry-run"", ""--matcher-mode"", ""syntactic"", ""--telemetry-json"", ""/home/arjaiswal/Polygeist/issues/equality_saturation_eval/campaign_20260908/aten-aten_hermite_polynomial_h-syntactic-395e26vi.json"", ""--disable-semantic-fallback""]","== match report for /home/arjaiswal/Polygeist/issues/aten_c_kernels/results/aten_hermite_polynomial_h/debuf.mlir ==
  no_match       body#0  ?
  total: 0 matched / 1 bodies
",0,[],0,0,0,0,/home/arjaiswal/Polygeist/issues/aten_c_kernels/results/aten_hermite_polynomial_h/debuf.mlir,2053,0,1,0,283.05263072252274,1,65388,0.01706928014755249,0,0,0,0,[],0,0,6,0.0,6
aten,aten_hermite_polynomial_h,/home/arjaiswal/Polygeist/issues/aten_c_kernels/results/aten_hermite_polynomial_h/debuf.mlir,4144be7bdf4bc2ffa1b9ddc1784cf22604bb0c3462fbd15cd8cff97d8a4e2d8a,syntactic,5,ok,0,704.0892876684666,0,"[""/usr/bin/python3"", ""/home/arjaiswal/Polygeist/scripts/correctness/kernel_match_rewrite.py"", ""/home/arjaiswal/Polygeist/issues/aten_c_kernels/results/aten_hermite_polynomial_h/debuf.mlir"", ""--dry-run"", ""--matcher-mode"", ""syntactic"", ""--telemetry-json"", ""/home/arjaiswal/Polygeist/issues/equality_saturation_eval/campaign_20260908/aten-aten_hermite_polynomial_h-syntactic-wu9_eiuq.json"", ""--disable-semantic-fallback""]","== match report for /home/arjaiswal/Polygeist/issues/aten_c_kernels/results/aten_hermite_polynomial_h/debuf.mlir ==
  no_match       body#0  ?
  total: 0 matched / 1 bodies
",0,[],0,0,0,0,/home/arjaiswal/Polygeist/issues/aten_c_kernels/results/aten_hermite_polynomial_h/debuf.mlir,2053,0,1,0,287.1466279029846,1,65768,0.019319355487823486,0,0,0,0,[],0,0,6,0.0,6
aten,aten_hermite_polynomial_h,/home/arjaiswal/Polygeist/issues/aten_c_kernels/results/aten_hermite_polynomial_h/debuf.mlir,4144be7bdf4bc2ffa1b9ddc1784cf22604bb0c3462fbd15cd8cff97d8a4e2d8a,egglog,5,ok,0,715.180292725563,0,"[""/usr/bin/python3"", ""/home/arjaiswal/Polygeist/scripts/correctness/kernel_match_rewrite.py"", ""/home/arjaiswal/Polygeist/issues/aten_c_kernels/results/aten_hermite_polynomial_h/debuf.mlir"", ""--dry-run"", ""--matcher-mode"", ""egglog"", ""--telemetry-json"", ""/home/arjaiswal/Polygeist/issues/equality_saturation_eval/campaign_20260908/aten-aten_hermite_polynomial_h-egglog-7u9zz76l.json"", ""--disable-semantic-fallback""]","== match report for /home/arjaiswal/Polygeist/issues/aten_c_kernels/results/aten_hermite_polynomial_h/debuf.mlir ==
  no_match       body#0  ?
  total: 0 matched / 1 bodies
",0,[],0,0,0,0,/home/arjaiswal/Polygeist/issues/aten_c_kernels/results/aten_hermite_polynomial_h/debuf.mlir,2053,8,1,0,299.40076544880867,1,65780,0.0,0,0,0,0,[],0,0,0,0.0,6
aten,aten_hermite_polynomial_he,/home/arjaiswal/Polygeist/issues/aten_c_kernels/results/aten_hermite_polynomial_he/debuf.mlir,e02433b70f00f22f4b946a5a647ea5f5d20d8ad395de8c7ab719e4e31bec17e8,egglog,1,ok,0,722.7257490158081,0,"[""/usr/bin/python3"", ""/home/arjaiswal/Polygeist/scripts/correctness/kernel_match_rewrite.py"", ""/home/arjaiswal/Polygeist/issues/aten_c_kernels/results/aten_hermite_polynomial_he/debuf.mlir"", ""--dry-run"", ""--matcher-mode"", ""egglog"", ""--telemetry-json"", ""/home/arjaiswal/Polygeist/issues/equality_saturation_eval/campaign_20260908/aten-aten_hermite_polynomial_he-egglog-c0hdvobo.json"", ""--disable-semantic-fallback""]","== match report for /home/arjaiswal/Polygeist/issues/aten_c_kernels/results/aten_hermite_polynomial_he/debuf.mlir ==
  no_match       body#0  ?
  total: 0 matched / 1 bodies
",0,[],0,0,0,0,/home/arjaiswal/Polygeist/issues/aten_c_kernels/results/aten_hermite_polynomial_he/debuf.mlir,2056,8,1,0,302.064374089241,1,65648,0.0,0,0,0,0,[],0,0,0,0.0,6
aten,aten_hermite_polynomial_he,/home/arjaiswal/Polygeist/issues/aten_c_kernels/results/aten_hermite_polynomial_he/debuf.mlir,e02433b70f00f22f4b946a5a647ea5f5d20d8ad395de8c7ab719e4e31bec17e8,syntactic,1,ok,0,705.3509242832661,0,"[""/usr/bin/python3"", ""/home/arjaiswal/Polygeist/scripts/correctness/kernel_match_rewrite.py"", ""/home/arjaiswal/Polygeist/issues/aten_c_kernels/results/aten_hermite_polynomial_he/debuf.mlir"", ""--dry-run"", ""--matcher-mode"", ""syntactic"", ""--telemetry-json"", ""/home/arjaiswal/Polygeist/issues/equality_saturation_eval/campaign_20260908/aten-aten_hermite_polynomial_he-syntactic-c83ru63l.json"", ""--disable-semantic-fallback""]","== match report for /home/arjaiswal/Polygeist/issues/aten_c_kernels/results/aten_hermite_polynomial_he/debuf.mlir ==
  no_match       body#0  ?
  total: 0 matched / 1 bodies
",0,[],0,0,0,0,/home/arjaiswal/Polygeist/issues/aten_c_kernels/results/aten_hermite_polynomial_he/debuf.mlir,2056,0,1,0,285.8099527657032,1,65512,0.016804784536361694,0,0,0,0,[],0,0,6,0.0,6
aten,aten_hermite_polynomial_he,/home/arjaiswal/Polygeist/issues/aten_c_kernels/results/aten_hermite_polynomial_he/debuf.mlir,e02433b70f00f22f4b946a5a647ea5f5d20d8ad395de8c7ab719e4e31bec17e8,syntactic,2,ok,0,714.6383784711361,0,"[""/usr/bin/python3"", ""/home/arjaiswal/Polygeist/scripts/correctness/kernel_match_rewrite.py"", ""/home/arjaiswal/Polygeist/issues/aten_c_kernels/results/aten_hermite_polynomial_he/debuf.mlir"", ""--dry-run"", ""--matcher-mode"", ""syntactic"", ""--telemetry-json"", ""/home/arjaiswal/Polygeist/issues/equality_saturation_eval/campaign_20260908/aten-aten_hermite_polynomial_he-syntactic-jkl4u5_v.json"", ""--disable-semantic-fallback""]","== match report for /home/arjaiswal/Polygeist/issues/aten_c_kernels/results/aten_hermite_polynomial_he/debuf.mlir ==
  no_match       body#0  ?
  total: 0 matched / 1 bodies
",0,[],0,0,0,0,/home/arjaiswal/Polygeist/issues/aten_c_kernels/results/aten_hermite_polynomial_he/debuf.mlir,2056,0,1,0,301.60725861787796,1,65816,0.019915401935577393,0,0,0,0,[],0,0,6,0.0,6
aten,aten_hermite_polynomial_he,/home/arjaiswal/Polygeist/issues/aten_c_kernels/results/aten_hermite_polynomial_he/debuf.mlir,e02433b70f00f22f4b946a5a647ea5f5d20d8ad395de8c7ab719e4e31bec17e8,egglog,2,ok,0,737.2089475393295,0,"[""/usr/bin/python3"", ""/home/arjaiswal/Polygeist/scripts/correctness/kernel_match_rewrite.py"", ""/home/arjaiswal/Polygeist/issues/aten_c_kernels/results/aten_hermite_polynomial_he/debuf.mlir"", ""--dry-run"", ""--matcher-mode"", ""egglog"", ""--telemetry-json"", ""/home/arjaiswal/Polygeist/issues/equality_saturation_eval/campaign_20260908/aten-aten_hermite_polynomial_he-egglog-306qw283.json"", ""--disable-semantic-fallback""]","== match report for /home/arjaiswal/Polygeist/issues/aten_c_kernels/results/aten_hermite_polynomial_he/debuf.mlir ==
  no_match       body#0  ?
  total: 0 matched / 1 bodies
",0,[],0,0,0,0,/home/arjaiswal/Polygeist/issues/aten_c_kernels/results/aten_hermite_polynomial_he/debuf.mlir,2056,8,1,0,295.8393134176731,1,65664,0.0,0,0,0,0,[],0,0,0,0.0,6
aten,aten_hermite_polynomial_he,/home/arjaiswal/Polygeist/issues/aten_c_kernels/results/aten_hermite_polynomial_he/debuf.mlir,e02433b70f00f22f4b946a5a647ea5f5d20d8ad395de8c7ab719e4e31bec17e8,egglog,3,ok,0,701.2209482491016,0,"[""/usr/bin/python3"", ""/home/arjaiswal/Polygeist/scripts/correctness/kernel_match_rewrite.py"", ""/home/arjaiswal/Polygeist/issues/aten_c_kernels/results/aten_hermite_polynomial_he/debuf.mlir"", ""--dry-run"", ""--matcher-mode"", ""egglog"", ""--telemetry-json"", ""/home/arjaiswal/Polygeist/issues/equality_saturation_eval/campaign_20260908/aten-aten_hermite_polynomial_he-egglog-yf7v0xxz.json"", ""--disable-semantic-fallback""]","== match report for /home/arjaiswal/Polygeist/issues/aten_c_kernels/results/aten_hermite_polynomial_he/debuf.mlir ==
  no_match       body#0  ?
  total: 0 matched / 1 bodies
",0,[],0,0,0,0,/home/arjaiswal/Polygeist/issues/aten_c_kernels/results/aten_hermite_polynomial_he/debuf.mlir,2056,8,1,0,289.2291881144047,1,65760,0.0,0,0,0,0,[],0,0,0,0.0,6
aten,aten_hermite_polynomial_he,/home/arjaiswal/Polygeist/issues/aten_c_kernels/results/aten_hermite_polynomial_he/debuf.mlir,e02433b70f00f22f4b946a5a647ea5f5d20d8ad395de8c7ab719e4e31bec17e8,syntactic,3,ok,0,703.711312264204,0,"[""/usr/bin/python3"", ""/home/arjaiswal/Polygeist/scripts/correctness/kernel_match_rewrite.py"", ""/home/arjaiswal/Polygeist/issues/aten_c_kernels/results/aten_hermite_polynomial_he/debuf.mlir"", ""--dry-run"", ""--matcher-mode"", ""syntactic"", ""--telemetry-json"", ""/home/arjaiswal/Polygeist/issues/equality_saturation_eval/campaign_20260908/aten-aten_hermite_polynomial_he-syntactic-kwk2ns93.json"", ""--disable-semantic-fallback""]","== match report for /home/arjaiswal/Polygeist/issues/aten_c_kernels/results/aten_hermite_polynomial_he/debuf.mlir ==
  no_match       body#0  ?
  total: 0 matched / 1 bodies
",0,[],0,0,0,0,/home/arjaiswal/Polygeist/issues/aten_c_kernels/results/aten_hermite_polynomial_he/debuf.mlir,2056,0,1,0,293.5318648815155,1,65628,0.023156404495239258,0,0,0,0,[],0,0,6,0.0,6
aten,aten_hermite_polynomial_he,/home/arjaiswal/Polygeist/issues/aten_c_kernels/results/aten_hermite_polynomial_he/debuf.mlir,e02433b70f00f22f4b946a5a647ea5f5d20d8ad395de8c7ab719e4e31bec17e8,syntactic,4,ok,0,718.2746082544327,0,"[""/usr/bin/python3"", ""/home/arjaiswal/Polygeist/scripts/correctness/kernel_match_rewrite.py"", ""/home/arjaiswal/Polygeist/issues/aten_c_kernels/results/aten_hermite_polynomial_he/debuf.mlir"", ""--dry-run"", ""--matcher-mode"", ""syntactic"", ""--telemetry-json"", ""/home/arjaiswal/Polygeist/issues/equality_saturation_eval/campaign_20260908/aten-aten_hermite_polynomial_he-syntactic-ztj_lob7.json"", ""--disable-semantic-fallback""]","== match report for /home/arjaiswal/Polygeist/issues/aten_c_kernels/results/aten_hermite_polynomial_he/debuf.mlir ==
  no_match       body#0  ?
  total: 0 matched / 1 bodies
",0,[],0,0,0,0,/home/arjaiswal/Polygeist/issues/aten_c_kernels/results/aten_hermite_polynomial_he/debuf.mlir,2056,0,1,0,303.89008671045303,1,65644,0.017307698726654053,0,0,0,0,[],0,0,6,0.0,6
aten,aten_hermite_polynomial_he,/home/arjaiswal/Polygeist/issues/aten_c_kernels/results/aten_hermite_polynomial_he/debuf.mlir,e02433b70f00f22f4b946a5a647ea5f5d20d8ad395de8c7ab719e4e31bec17e8,egglog,4,ok,0,710.5927616357803,0,"[""/usr/bin/python3"", ""/home/arjaiswal/Polygeist/scripts/correctness/kernel_match_rewrite.py"", ""/home/arjaiswal/Polygeist/issues/aten_c_kernels/results/aten_hermite_polynomial_he/debuf.mlir"", ""--dry-run"", ""--matcher-mode"", ""egglog"", ""--telemetry-json"", ""/home/arjaiswal/Polygeist/issues/equality_saturation_eval/campaign_20260908/aten-aten_hermite_polynomial_he-egglog-bbhl52iy.json"", ""--disable-semantic-fallback""]","== match report for /home/arjaiswal/Polygeist/issues/aten_c_kernels/results/aten_hermite_polynomial_he/debuf.mlir ==
  no_match       body#0  ?
  total: 0 matched / 1 bodies
",0,[],0,0,0,0,/home/arjaiswal/Polygeist/issues/aten_c_kernels/results/aten_hermite_polynomial_he/debuf.mlir,2056,8,1,0,276.8276482820511,1,65816,0.0,0,0,0,0,[],0,0,0,0.0,6
aten,aten_hermite_polynomial_he,/home/arjaiswal/Polygeist/issues/aten_c_kernels/results/aten_hermite_polynomial_he/debuf.mlir,e02433b70f00f22f4b946a5a647ea5f5d20d8ad395de8c7ab719e4e31bec17e8,egglog,5,ok,0,687.4603591859341,0,"[""/usr/bin/python3"", ""/home/arjaiswal/Polygeist/scripts/correctness/kernel_match_rewrite.py"", ""/home/arjaiswal/Polygeist/issues/aten_c_kernels/results/aten_hermite_polynomial_he/debuf.mlir"", ""--dry-run"", ""--matcher-mode"", ""egglog"", ""--telemetry-json"", ""/home/arjaiswal/Polygeist/issues/equality_saturation_eval/campaign_20260908/aten-aten_hermite_polynomial_he-egglog-3rkogkbz.json"", ""--disable-semantic-fallback""]","== match report for /home/arjaiswal/Polygeist/issues/aten_c_kernels/results/aten_hermite_polynomial_he/debuf.mlir ==
  no_match       body#0  ?
  total: 0 matched / 1 bodies
",0,[],0,0,0,0,/home/arjaiswal/Polygeist/issues/aten_c_kernels/results/aten_hermite_polynomial_he/debuf.mlir,2056,8,1,0,279.19359132647514,1,65436,0.0,0,0,0,0,[],0,0,0,0.0,6
aten,aten_hermite_polynomial_he,/home/arjaiswal/Polygeist/issues/aten_c_kernels/results/aten_hermite_polynomial_he/debuf.mlir,e02433b70f00f22f4b946a5a647ea5f5d20d8ad395de8c7ab719e4e31bec17e8,syntactic,5,ok,0,718.5422740876675,0,"[""/usr/bin/python3"", ""/home/arjaiswal/Polygeist/scripts/correctness/kernel_match_rewrite.py"", ""/home/arjaiswal/Polygeist/issues/aten_c_kernels/results/aten_hermite_polynomial_he/debuf.mlir"", ""--dry-run"", ""--matcher-mode"", ""syntactic"", ""--telemetry-json"", ""/home/arjaiswal/Polygeist/issues/equality_saturation_eval/campaign_20260908/aten-aten_hermite_polynomial_he-syntactic-migpyhsm.json"", ""--disable-semantic-fallback""]","== match report for /home/arjaiswal/Polygeist/issues/aten_c_kernels/results/aten_hermite_polynomial_he/debuf.mlir ==
  no_match       body#0  ?
  total: 0 matched / 1 bodies
",0,[],0,0,0,0,/home/arjaiswal/Polygeist/issues/aten_c_kernels/results/aten_hermite_polynomial_he/debuf.mlir,2056,0,1,0,296.405415982008,1,65780,0.018306076526641846,0,0,0,0,[],0,0,6,0.0,6
aten,aten_histogram_select_outer_bin_edges_cpu,/home/arjaiswal/Polygeist/issues/aten_c_kernels/results/aten_histogram_select_outer_bin_edges_cpu/debuf.mlir,88d602fcb1398c94b2d90c34c309a10a1c3bb6c3f7f539bb4a175f94f6244994,syntactic,1,ok,0,699.7294165194035,0,"[""/usr/bin/python3"", ""/home/arjaiswal/Polygeist/scripts/correctness/kernel_match_rewrite.py"", ""/home/arjaiswal/Polygeist/issues/aten_c_kernels/results/aten_histogram_select_outer_bin_edges_cpu/debuf.mlir"", ""--dry-run"", ""--matcher-mode"", ""syntactic"", ""--telemetry-json"", ""/home/arjaiswal/Polygeist/issues/equality_saturation_eval/campaign_20260908/aten-aten_histogram_select_outer_bin_edges_cpu-syntactic-t4ja4qzk.json"", ""--disable-semantic-fallback""]","== match report for /home/arjaiswal/Polygeist/issues/aten_c_kernels/results/aten_histogram_select_outer_bin_edges_cpu/debuf.mlir ==
  match          body#[0]  cudnnReduceMinMax_f32
  total: 1 matched / 1 bodies
",0,[],0,0,0,0,/home/arjaiswal/Polygeist/issues/aten_c_kernels/results/aten_histogram_select_outer_bin_edges_cpu/debuf.mlir,2967,0,1,1,292.27519407868385,0,65448,0.04881247878074646,0,4,0,0,"[{""body_indices"": [0], ""symbol"": ""cudnnReduceMinMax_f32""}]",1,0,6,0.0,6
aten,aten_histogram_select_outer_bin_edges_cpu,/home/arjaiswal/Polygeist/issues/aten_c_kernels/results/aten_histogram_select_outer_bin_edges_cpu/debuf.mlir,88d602fcb1398c94b2d90c34c309a10a1c3bb6c3f7f539bb4a175f94f6244994,egglog,1,ok,0,751.066330820322,0,"[""/usr/bin/python3"", ""/home/arjaiswal/Polygeist/scripts/correctness/kernel_match_rewrite.py"", ""/home/arjaiswal/Polygeist/issues/aten_c_kernels/results/aten_histogram_select_outer_bin_edges_cpu/debuf.mlir"", ""--dry-run"", ""--matcher-mode"", ""egglog"", ""--telemetry-json"", ""/home/arjaiswal/Polygeist/issues/equality_saturation_eval/campaign_20260908/aten-aten_histogram_select_outer_bin_edges_cpu-egglog-s8o3nfc9.json"", ""--disable-semantic-fallback""]","== match report for /home/arjaiswal/Polygeist/issues/aten_c_kernels/results/aten_histogram_select_outer_bin_edges_cpu/debuf.mlir ==
  match          body#[0]  cudnnReduceMinMax_f32
  total: 1 matched / 1 bodies
",0,[],0,0,0,0,/home/arjaiswal/Polygeist/issues/aten_c_kernels/results/aten_histogram_select_outer_bin_edges_cpu/debuf.mlir,2967,8,1,1,345.51970288157463,0,69724,41.296493262052536,4,4,0,0,"[{""body_indices"": [0], ""symbol"": ""cudnnReduceMinMax_f32""}]",1,0,0,0.0,6
aten,aten_histogram_select_outer_bin_edges_cpu,/home/arjaiswal/Polygeist/issues/aten_c_kernels/results/aten_histogram_select_outer_bin_edges_cpu/debuf.mlir,88d602fcb1398c94b2d90c34c309a10a1c3bb6c3f7f539bb4a175f94f6244994,egglog,2,ok,0,751.2182407081127,0,"[""/usr/bin/python3"", ""/home/arjaiswal/Polygeist/scripts/correctness/kernel_match_rewrite.py"", ""/home/arjaiswal/Polygeist/issues/aten_c_kernels/results/aten_histogram_select_outer_bin_edges_cpu/debuf.mlir"", ""--dry-run"", ""--matcher-mode"", ""egglog"", ""--telemetry-json"", ""/home/arjaiswal/Polygeist/issues/equality_saturation_eval/campaign_20260908/aten-aten_histogram_select_outer_bin_edges_cpu-egglog-8rqmob3k.json"", ""--disable-semantic-fallback""]","== match report for /home/arjaiswal/Polygeist/issues/aten_c_kernels/results/aten_histogram_select_outer_bin_edges_cpu/debuf.mlir ==
  match          body#[0]  cudnnReduceMinMax_f32
  total: 1 matched / 1 bodies
",0,[],0,0,0,0,/home/arjaiswal/Polygeist/issues/aten_c_kernels/results/aten_histogram_select_outer_bin_edges_cpu/debuf.mlir,2967,8,1,1,350.59672966599464,0,69732,42.57674515247345,4,4,0,0,"[{""body_indices"": [0], ""symbol"": ""cudnnReduceMinMax_f32""}]",1,0,0,0.0,6
aten,aten_histogram_select_outer_bin_edges_cpu,/home/arjaiswal/Polygeist/issues/aten_c_kernels/results/aten_histogram_select_outer_bin_edges_cpu/debuf.mlir,88d602fcb1398c94b2d90c34c309a10a1c3bb6c3f7f539bb4a175f94f6244994,syntactic,2,ok,0,705.782812088728,0,"[""/usr/bin/python3"", ""/home/arjaiswal/Polygeist/scripts/correctness/kernel_match_rewrite.py"", ""/home/arjaiswal/Polygeist/issues/aten_c_kernels/results/aten_histogram_select_outer_bin_edges_cpu/debuf.mlir"", ""--dry-run"", ""--matcher-mode"", ""syntactic"", ""--telemetry-json"", ""/home/arjaiswal/Polygeist/issues/equality_saturation_eval/campaign_20260908/aten-aten_histogram_select_outer_bin_edges_cpu-syntactic-y4k_chqc.json"", ""--disable-semantic-fallback""]","== match report for /home/arjaiswal/Polygeist/issues/aten_c_kernels/results/aten_histogram_select_outer_bin_edges_cpu/debuf.mlir ==
  match          body#[0]  cudnnReduceMinMax_f32
  total: 1 matched / 1 bodies
",0,[],0,0,0,0,/home/arjaiswal/Polygeist/issues/aten_c_kernels/results/aten_histogram_select_outer_bin_edges_cpu/debuf.mlir,2967,0,1,1,296.4893691241741,0,65596,0.0516548752784729,0,4,0,0,"[{""body_indices"": [0], ""symbol"": ""cudnnReduceMinMax_f32""}]",1,0,6,0.0,6
aten,aten_histogram_select_outer_bin_edges_cpu,/home/arjaiswal/Polygeist/issues/aten_c_kernels/results/aten_histogram_select_outer_bin_edges_cpu/debuf.mlir,88d602fcb1398c94b2d90c34c309a10a1c3bb6c3f7f539bb4a175f94f6244994,syntactic,3,ok,0,727.9410399496555,0,"[""/usr/bin/python3"", ""/home/arjaiswal/Polygeist/scripts/correctness/kernel_match_rewrite.py"", ""/home/arjaiswal/Polygeist/issues/aten_c_kernels/results/aten_histogram_select_outer_bin_edges_cpu/debuf.mlir"", ""--dry-run"", ""--matcher-mode"", ""syntactic"", ""--telemetry-json"", ""/home/arjaiswal/Polygeist/issues/equality_saturation_eval/campaign_20260908/aten-aten_histogram_select_outer_bin_edges_cpu-syntactic-2nnlu78x.json"", ""--disable-semantic-fallback""]","== match report for /home/arjaiswal/Polygeist/issues/aten_c_kernels/results/aten_histogram_select_outer_bin_edges_cpu/debuf.mlir ==
  match          body#[0]  cudnnReduceMinMax_f32
  total: 1 matched / 1 bodies
",0,[],0,0,0,0,/home/arjaiswal/Polygeist/issues/aten_c_kernels/results/aten_histogram_select_outer_bin_edges_cpu/debuf.mlir,2967,0,1,1,297.54091054201126,0,65684,0.07769837975502014,0,4,0,0,"[{""body_indices"": [0], ""symbol"": ""cudnnReduceMinMax_f32""}]",1,0,6,0.0,6
aten,aten_histogram_select_outer_bin_edges_cpu,/home/arjaiswal/Polygeist/issues/aten_c_kernels/results/aten_histogram_select_outer_bin_edges_cpu/debuf.mlir,88d602fcb1398c94b2d90c34c309a10a1c3bb6c3f7f539bb4a175f94f6244994,egglog,3,ok,0,797.6295202970505,0,"[""/usr/bin/python3"", ""/home/arjaiswal/Polygeist/scripts/correctness/kernel_match_rewrite.py"", ""/home/arjaiswal/Polygeist/issues/aten_c_kernels/results/aten_histogram_select_outer_bin_edges_cpu/debuf.mlir"", ""--dry-run"", ""--matcher-mode"", ""egglog"", ""--telemetry-json"", ""/home/arjaiswal/Polygeist/issues/equality_saturation_eval/campaign_20260908/aten-aten_histogram_select_outer_bin_edges_cpu-egglog-zapyslqt.json"", ""--disable-semantic-fallback""]","== match report for /home/arjaiswal/Polygeist/issues/aten_c_kernels/results/aten_histogram_select_outer_bin_edges_cpu/debuf.mlir ==
  match          body#[0]  cudnnReduceMinMax_f32
  total: 1 matched / 1 bodies
",0,[],0,0,0,0,/home/arjaiswal/Polygeist/issues/aten_c_kernels/results/aten_histogram_select_outer_bin_edges_cpu/debuf.mlir,2967,8,1,1,370.4783543944359,0,69680,43.259259313344955,4,4,0,0,"[{""body_indices"": [0], ""symbol"": ""cudnnReduceMinMax_f32""}]",1,0,0,0.0,6
aten,aten_histogram_select_outer_bin_edges_cpu,/home/arjaiswal/Polygeist/issues/aten_c_kernels/results/aten_histogram_select_outer_bin_edges_cpu/debuf.mlir,88d602fcb1398c94b2d90c34c309a10a1c3bb6c3f7f539bb4a175f94f6244994,egglog,4,ok,0,763.1562873721123,0,"[""/usr/bin/python3"", ""/home/arjaiswal/Polygeist/scripts/correctness/kernel_match_rewrite.py"", ""/home/arjaiswal/Polygeist/issues/aten_c_kernels/results/aten_histogram_select_outer_bin_edges_cpu/debuf.mlir"", ""--dry-run"", ""--matcher-mode"", ""egglog"", ""--telemetry-json"", ""/home/arjaiswal/Polygeist/issues/equality_saturation_eval/campaign_20260908/aten-aten_histogram_select_outer_bin_edges_cpu-egglog-_zaq2eis.json"", ""--disable-semantic-fallback""]","== match report for /home/arjaiswal/Polygeist/issues/aten_c_kernels/results/aten_histogram_select_outer_bin_edges_cpu/debuf.mlir ==
  match          body#[0]  cudnnReduceMinMax_f32
  total: 1 matched / 1 bodies
",0,[],0,0,0,0,/home/arjaiswal/Polygeist/issues/aten_c_kernels/results/aten_histogram_select_outer_bin_edges_cpu/debuf.mlir,2967,8,1,1,348.4484851360321,0,69740,44.37988996505737,4,4,0,0,"[{""body_indices"": [0], ""symbol"": ""cudnnReduceMinMax_f32""}]",1,0,0,0.0,6
aten,aten_histogram_select_outer_bin_edges_cpu,/home/arjaiswal/Polygeist/issues/aten_c_kernels/results/aten_histogram_select_outer_bin_edges_cpu/debuf.mlir,88d602fcb1398c94b2d90c34c309a10a1c3bb6c3f7f539bb4a175f94f6244994,syntactic,4,ok,0,690.0922544300556,0,"[""/usr/bin/python3"", ""/home/arjaiswal/Polygeist/scripts/correctness/kernel_match_rewrite.py"", ""/home/arjaiswal/Polygeist/issues/aten_c_kernels/results/aten_histogram_select_outer_bin_edges_cpu/debuf.mlir"", ""--dry-run"", ""--matcher-mode"", ""syntactic"", ""--telemetry-json"", ""/home/arjaiswal/Polygeist/issues/equality_saturation_eval/campaign_20260908/aten-aten_histogram_select_outer_bin_edges_cpu-syntactic-wunsn1qe.json"", ""--disable-semantic-fallback""]","== match report for /home/arjaiswal/Polygeist/issues/aten_c_kernels/results/aten_histogram_select_outer_bin_edges_cpu/debuf.mlir ==
  match          body#[0]  cudnnReduceMinMax_f32
  total: 1 matched / 1 bodies
",0,[],0,0,0,0,/home/arjaiswal/Polygeist/issues/aten_c_kernels/results/aten_histogram_select_outer_bin_edges_cpu/debuf.mlir,2967,0,1,1,285.2667085826397,0,65668,0.052090734243392944,0,4,0,0,"[{""body_indices"": [0], ""symbol"": ""cudnnReduceMinMax_f32""}]",1,0,6,0.0,6
aten,aten_histogram_select_outer_bin_edges_cpu,/home/arjaiswal/Polygeist/issues/aten_c_kernels/results/aten_histogram_select_outer_bin_edges_cpu/debuf.mlir,88d602fcb1398c94b2d90c34c309a10a1c3bb6c3f7f539bb4a175f94f6244994,syntactic,5,ok,0,694.8086954653263,0,"[""/usr/bin/python3"", ""/home/arjaiswal/Polygeist/scripts/correctness/kernel_match_rewrite.py"", ""/home/arjaiswal/Polygeist/issues/aten_c_kernels/results/aten_histogram_select_outer_bin_edges_cpu/debuf.mlir"", ""--dry-run"", ""--matcher-mode"", ""syntactic"", ""--telemetry-json"", ""/home/arjaiswal/Polygeist/issues/equality_saturation_eval/campaign_20260908/aten-aten_histogram_select_outer_bin_edges_cpu-syntactic-myqdz576.json"", ""--disable-semantic-fallback""]","== match report for /home/arjaiswal/Polygeist/issues/aten_c_kernels/results/aten_histogram_select_outer_bin_edges_cpu/debuf.mlir ==
  match          body#[0]  cudnnReduceMinMax_f32
  total: 1 matched / 1 bodies
",0,[],0,0,0,0,/home/arjaiswal/Polygeist/issues/aten_c_kernels/results/aten_histogram_select_outer_bin_edges_cpu/debuf.mlir,2967,0,1,1,286.9293615221977,0,65596,0.048976391553878784,0,4,0,0,"[{""body_indices"": [0], ""symbol"": ""cudnnReduceMinMax_f32""}]",1,0,6,0.0,6
aten,aten_histogram_select_outer_bin_edges_cpu,/home/arjaiswal/Polygeist/issues/aten_c_kernels/results/aten_histogram_select_outer_bin_edges_cpu/debuf.mlir,88d602fcb1398c94b2d90c34c309a10a1c3bb6c3f7f539bb4a175f94f6244994,egglog,5,ok,0,803.0744381248951,0,"[""/usr/bin/python3"", ""/home/arjaiswal/Polygeist/scripts/correctness/kernel_match_rewrite.py"", ""/home/arjaiswal/Polygeist/issues/aten_c_kernels/results/aten_histogram_select_outer_bin_edges_cpu/debuf.mlir"", ""--dry-run"", ""--matcher-mode"", ""egglog"", ""--telemetry-json"", ""/home/arjaiswal/Polygeist/issues/equality_saturation_eval/campaign_20260908/aten-aten_histogram_select_outer_bin_edges_cpu-egglog-2942o10p.json"", ""--disable-semantic-fallback""]","== match report for /home/arjaiswal/Polygeist/issues/aten_c_kernels/results/aten_histogram_select_outer_bin_edges_cpu/debuf.mlir ==
  match          body#[0]  cudnnReduceMinMax_f32
  total: 1 matched / 1 bodies
",0,[],0,0,0,0,/home/arjaiswal/Polygeist/issues/aten_c_kernels/results/aten_histogram_select_outer_bin_edges_cpu/debuf.mlir,2967,8,1,1,386.62879541516304,0,69580,40.942952036857605,4,4,0,0,"[{""body_indices"": [0], ""symbol"": ""cudnnReduceMinMax_f32""}]",1,0,0,0.0,6
aten,aten_histogramdd_cpu,/home/arjaiswal/Polygeist/issues/aten_c_kernels/results/aten_histogramdd_cpu/debuf.mlir,3743339076ca371fbbcf3e24001d4105b23d09f35a598dc4947fdf5c795b9730,egglog,1,ok,0,718.8083566725254,0,"[""/usr/bin/python3"", ""/home/arjaiswal/Polygeist/scripts/correctness/kernel_match_rewrite.py"", ""/home/arjaiswal/Polygeist/issues/aten_c_kernels/results/aten_histogramdd_cpu/debuf.mlir"", ""--dry-run"", ""--matcher-mode"", ""egglog"", ""--telemetry-json"", ""/home/arjaiswal/Polygeist/issues/equality_saturation_eval/campaign_20260908/aten-aten_histogramdd_cpu-egglog-tpmgeqp7.json"", ""--disable-semantic-fallback""]","== match report for /home/arjaiswal/Polygeist/issues/aten_c_kernels/results/aten_histogramdd_cpu/debuf.mlir ==
  match          body#[0]  memset_zero_2D_f32
  total: 1 matched / 1 bodies
",0,[],0,0,0,0,/home/arjaiswal/Polygeist/issues/aten_c_kernels/results/aten_histogramdd_cpu/debuf.mlir,4039,8,1,1,301.6758859157562,0,69480,21.229121834039688,2,2,0,0,"[{""body_indices"": [0], ""symbol"": ""memset_zero_2D_f32""}]",1,0,0,0.0,4
aten,aten_histogramdd_cpu,/home/arjaiswal/Polygeist/issues/aten_c_kernels/results/aten_histogramdd_cpu/debuf.mlir,3743339076ca371fbbcf3e24001d4105b23d09f35a598dc4947fdf5c795b9730,syntactic,1,ok,0,694.8847807943821,0,"[""/usr/bin/python3"", ""/home/arjaiswal/Polygeist/scripts/correctness/kernel_match_rewrite.py"", ""/home/arjaiswal/Polygeist/issues/aten_c_kernels/results/aten_histogramdd_cpu/debuf.mlir"", ""--dry-run"", ""--matcher-mode"", ""syntactic"", ""--telemetry-json"", ""/home/arjaiswal/Polygeist/issues/equality_saturation_eval/campaign_20260908/aten-aten_histogramdd_cpu-syntactic-vq1whpy4.json"", ""--disable-semantic-fallback""]","== match report for /home/arjaiswal/Polygeist/issues/aten_c_kernels/results/aten_histogramdd_cpu/debuf.mlir ==
  match          body#[0]  memset_zero_2D_f32
  total: 1 matched / 1 bodies
",0,[],0,0,0,0,/home/arjaiswal/Polygeist/issues/aten_c_kernels/results/aten_histogramdd_cpu/debuf.mlir,4039,0,1,1,284.86229106783867,0,64744,0.017233192920684814,0,2,0,0,"[{""body_indices"": [0], ""symbol"": ""memset_zero_2D_f32""}]",1,0,4,0.0,4
aten,aten_histogramdd_cpu,/home/arjaiswal/Polygeist/issues/aten_c_kernels/results/aten_histogramdd_cpu/debuf.mlir,3743339076ca371fbbcf3e24001d4105b23d09f35a598dc4947fdf5c795b9730,syntactic,2,ok,0,684.9769726395607,0,"[""/usr/bin/python3"", ""/home/arjaiswal/Polygeist/scripts/correctness/kernel_match_rewrite.py"", ""/home/arjaiswal/Polygeist/issues/aten_c_kernels/results/aten_histogramdd_cpu/debuf.mlir"", ""--dry-run"", ""--matcher-mode"", ""syntactic"", ""--telemetry-json"", ""/home/arjaiswal/Polygeist/issues/equality_saturation_eval/campaign_20260908/aten-aten_histogramdd_cpu-syntactic-wfmw0gmg.json"", ""--disable-semantic-fallback""]","== match report for /home/arjaiswal/Polygeist/issues/aten_c_kernels/results/aten_histogramdd_cpu/debuf.mlir ==
  match          body#[0]  memset_zero_2D_f32
  total: 1 matched / 1 bodies
",0,[],0,0,0,0,/home/arjaiswal/Polygeist/issues/aten_c_kernels/results/aten_histogramdd_cpu/debuf.mlir,4039,0,1,1,271.0309959948063,0,64744,0.016883015632629395,0,2,0,0,"[{""body_indices"": [0], ""symbol"": ""memset_zero_2D_f32""}]",1,0,4,0.0,4
aten,aten_histogramdd_cpu,/home/arjaiswal/Polygeist/issues/aten_c_kernels/results/aten_histogramdd_cpu/debuf.mlir,3743339076ca371fbbcf3e24001d4105b23d09f35a598dc4947fdf5c795b9730,egglog,2,ok,0,727.6824824512005,0,"[""/usr/bin/python3"", ""/home/arjaiswal/Polygeist/scripts/correctness/kernel_match_rewrite.py"", ""/home/arjaiswal/Polygeist/issues/aten_c_kernels/results/aten_histogramdd_cpu/debuf.mlir"", ""--dry-run"", ""--matcher-mode"", ""egglog"", ""--telemetry-json"", ""/home/arjaiswal/Polygeist/issues/equality_saturation_eval/campaign_20260908/aten-aten_histogramdd_cpu-egglog-xpw938ty.json"", ""--disable-semantic-fallback""]","== match report for /home/arjaiswal/Polygeist/issues/aten_c_kernels/results/aten_histogramdd_cpu/debuf.mlir ==
  match          body#[0]  memset_zero_2D_f32
  total: 1 matched / 1 bodies
",0,[],0,0,0,0,/home/arjaiswal/Polygeist/issues/aten_c_kernels/results/aten_histogramdd_cpu/debuf.mlir,4039,8,1,1,291.90070927143097,0,69208,21.996919065713882,2,2,0,0,"[{""body_indices"": [0], ""symbol"": ""memset_zero_2D_f32""}]",1,0,0,0.0,4
aten,aten_histogramdd_cpu,/home/arjaiswal/Polygeist/issues/aten_c_kernels/results/aten_histogramdd_cpu/debuf.mlir,3743339076ca371fbbcf3e24001d4105b23d09f35a598dc4947fdf5c795b9730,egglog,3,ok,0,713.96454423666,0,"[""/usr/bin/python3"", ""/home/arjaiswal/Polygeist/scripts/correctness/kernel_match_rewrite.py"", ""/home/arjaiswal/Polygeist/issues/aten_c_kernels/results/aten_histogramdd_cpu/debuf.mlir"", ""--dry-run"", ""--matcher-mode"", ""egglog"", ""--telemetry-json"", ""/home/arjaiswal/Polygeist/issues/equality_saturation_eval/campaign_20260908/aten-aten_histogramdd_cpu-egglog-zgl20823.json"", ""--disable-semantic-fallback""]","== match report for /home/arjaiswal/Polygeist/issues/aten_c_kernels/results/aten_histogramdd_cpu/debuf.mlir ==
  match          body#[0]  memset_zero_2D_f32
  total: 1 matched / 1 bodies
",0,[],0,0,0,0,/home/arjaiswal/Polygeist/issues/aten_c_kernels/results/aten_histogramdd_cpu/debuf.mlir,4039,8,1,1,306.1620965600014,0,69592,20.030993968248367,2,2,0,0,"[{""body_indices"": [0], ""symbol"": ""memset_zero_2D_f32""}]",1,0,0,0.0,4
aten,aten_histogramdd_cpu,/home/arjaiswal/Polygeist/issues/aten_c_kernels/results/aten_histogramdd_cpu/debuf.mlir,3743339076ca371fbbcf3e24001d4105b23d09f35a598dc4947fdf5c795b9730,syntactic,3,ok,0,688.0609802901745,0,"[""/usr/bin/python3"", ""/home/arjaiswal/Polygeist/scripts/correctness/kernel_match_rewrite.py"", ""/home/arjaiswal/Polygeist/issues/aten_c_kernels/results/aten_histogramdd_cpu/debuf.mlir"", ""--dry-run"", ""--matcher-mode"", ""syntactic"", ""--telemetry-json"", ""/home/arjaiswal/Polygeist/issues/equality_saturation_eval/campaign_20260908/aten-aten_histogramdd_cpu-syntactic-9zb9lkoy.json"", ""--disable-semantic-fallback""]","== match report for /home/arjaiswal/Polygeist/issues/aten_c_kernels/results/aten_histogramdd_cpu/debuf.mlir ==
  match          body#[0]  memset_zero_2D_f32
  total: 1 matched / 1 bodies
",0,[],0,0,0,0,/home/arjaiswal/Polygeist/issues/aten_c_kernels/results/aten_histogramdd_cpu/debuf.mlir,4039,0,1,1,269.9773199856281,0,64800,0.01817569136619568,0,2,0,0,"[{""body_indices"": [0], ""symbol"": ""memset_zero_2D_f32""}]",1,0,4,0.0,4
aten,aten_histogramdd_cpu,/home/arjaiswal/Polygeist/issues/aten_c_kernels/results/aten_histogramdd_cpu/debuf.mlir,3743339076ca371fbbcf3e24001d4105b23d09f35a598dc4947fdf5c795b9730,syntactic,4,ok,0,699.3444301187992,0,"[""/usr/bin/python3"", ""/home/arjaiswal/Polygeist/scripts/correctness/kernel_match_rewrite.py"", ""/home/arjaiswal/Polygeist/issues/aten_c_kernels/results/aten_histogramdd_cpu/debuf.mlir"", ""--dry-run"", ""--matcher-mode"", ""syntactic"", ""--telemetry-json"", ""/home/arjaiswal/Polygeist/issues/equality_saturation_eval/campaign_20260908/aten-aten_histogramdd_cpu-syntactic-36i5davw.json"", ""--disable-semantic-fallback""]","== match report for /home/arjaiswal/Polygeist/issues/aten_c_kernels/results/aten_histogramdd_cpu/debuf.mlir ==
  match          body#[0]  memset_zero_2D_f32
  total: 1 matched / 1 bodies
",0,[],0,0,0,0,/home/arjaiswal/Polygeist/issues/aten_c_kernels/results/aten_histogramdd_cpu/debuf.mlir,4039,0,1,1,282.1214348077774,0,64684,0.015284866094589233,0,2,0,0,"[{""body_indices"": [0], ""symbol"": ""memset_zero_2D_f32""}]",1,0,4,0.0,4
aten,aten_histogramdd_cpu,/home/arjaiswal/Polygeist/issues/aten_c_kernels/results/aten_histogramdd_cpu/debuf.mlir,3743339076ca371fbbcf3e24001d4105b23d09f35a598dc4947fdf5c795b9730,egglog,4,ok,0,745.0341656804085,0,"[""/usr/bin/python3"", ""/home/arjaiswal/Polygeist/scripts/correctness/kernel_match_rewrite.py"", ""/home/arjaiswal/Polygeist/issues/aten_c_kernels/results/aten_histogramdd_cpu/debuf.mlir"", ""--dry-run"", ""--matcher-mode"", ""egglog"", ""--telemetry-json"", ""/home/arjaiswal/Polygeist/issues/equality_saturation_eval/campaign_20260908/aten-aten_histogramdd_cpu-egglog-smh8438c.json"", ""--disable-semantic-fallback""]","== match report for /home/arjaiswal/Polygeist/issues/aten_c_kernels/results/aten_histogramdd_cpu/debuf.mlir ==
  match          body#[0]  memset_zero_2D_f32
  total: 1 matched / 1 bodies
",0,[],0,0,0,0,/home/arjaiswal/Polygeist/issues/aten_c_kernels/results/aten_histogramdd_cpu/debuf.mlir,4039,8,1,1,312.2965805232525,0,69644,20.62259241938591,2,2,0,0,"[{""body_indices"": [0], ""symbol"": ""memset_zero_2D_f32""}]",1,0,0,0.0,4
aten,aten_histogramdd_cpu,/home/arjaiswal/Polygeist/issues/aten_c_kernels/results/aten_histogramdd_cpu/debuf.mlir,3743339076ca371fbbcf3e24001d4105b23d09f35a598dc4947fdf5c795b9730,egglog,5,ok,0,745.2175803482533,0,"[""/usr/bin/python3"", ""/home/arjaiswal/Polygeist/scripts/correctness/kernel_match_rewrite.py"", ""/home/arjaiswal/Polygeist/issues/aten_c_kernels/results/aten_histogramdd_cpu/debuf.mlir"", ""--dry-run"", ""--matcher-mode"", ""egglog"", ""--telemetry-json"", ""/home/arjaiswal/Polygeist/issues/equality_saturation_eval/campaign_20260908/aten-aten_histogramdd_cpu-egglog-ev32stg2.json"", ""--disable-semantic-fallback""]","== match report for /home/arjaiswal/Polygeist/issues/aten_c_kernels/results/aten_histogramdd_cpu/debuf.mlir ==
  match          body#[0]  memset_zero_2D_f32
  total: 1 matched / 1 bodies
",0,[],0,0,0,0,/home/arjaiswal/Polygeist/issues/aten_c_kernels/results/aten_histogramdd_cpu/debuf.mlir,4039,8,1,1,296.7034541070461,0,69512,23.278918117284775,2,2,0,0,"[{""body_indices"": [0], ""symbol"": ""memset_zero_2D_f32""}]",1,0,0,0.0,4
aten,aten_histogramdd_cpu,/home/arjaiswal/Polygeist/issues/aten_c_kernels/results/aten_histogramdd_cpu/debuf.mlir,3743339076ca371fbbcf3e24001d4105b23d09f35a598dc4947fdf5c795b9730,syntactic,5,ok,0,719.6420840919018,0,"[""/usr/bin/python3"", ""/home/arjaiswal/Polygeist/scripts/correctness/kernel_match_rewrite.py"", ""/home/arjaiswal/Polygeist/issues/aten_c_kernels/results/aten_histogramdd_cpu/debuf.mlir"", ""--dry-run"", ""--matcher-mode"", ""syntactic"", ""--telemetry-json"", ""/home/arjaiswal/Polygeist/issues/equality_saturation_eval/campaign_20260908/aten-aten_histogramdd_cpu-syntactic-z2do59qa.json"", ""--disable-semantic-fallback""]","== match report for /home/arjaiswal/Polygeist/issues/aten_c_kernels/results/aten_histogramdd_cpu/debuf.mlir ==
  match          body#[0]  memset_zero_2D_f32
  total: 1 matched / 1 bodies
",0,[],0,0,0,0,/home/arjaiswal/Polygeist/issues/aten_c_kernels/results/aten_histogramdd_cpu/debuf.mlir,4039,0,1,1,290.9756302833557,0,64628,0.018186867237091064,0,2,0,0,"[{""body_indices"": [0], ""symbol"": ""memset_zero_2D_f32""}]",1,0,4,0.0,4
aten,aten_histogramdd_linear_cpu,/home/arjaiswal/Polygeist/issues/aten_c_kernels/results/aten_histogramdd_linear_cpu/debuf.mlir,e81bb28e65611df764467f2b2b35e0c4642aa72b9f9f4cece9227d5325090840,syntactic,1,ok,0,774.240043014288,0,"[""/usr/bin/python3"", ""/home/arjaiswal/Polygeist/scripts/correctness/kernel_match_rewrite.py"", ""/home/arjaiswal/Polygeist/issues/aten_c_kernels/results/aten_histogramdd_linear_cpu/debuf.mlir"", ""--dry-run"", ""--matcher-mode"", ""syntactic"", ""--telemetry-json"", ""/home/arjaiswal/Polygeist/issues/equality_saturation_eval/campaign_20260908/aten-aten_histogramdd_linear_cpu-syntactic-a419lzty.json"", ""--disable-semantic-fallback""]","== match report for /home/arjaiswal/Polygeist/issues/aten_c_kernels/results/aten_histogramdd_linear_cpu/debuf.mlir ==
  match          body#[0]  memset_zero_1D_f32
  total: 1 matched / 1 bodies
",0,[],0,0,0,0,/home/arjaiswal/Polygeist/issues/aten_c_kernels/results/aten_histogramdd_linear_cpu/debuf.mlir,2965,0,1,1,340.7551720738411,0,64864,0.016763806343078613,0,2,0,0,"[{""body_indices"": [0], ""symbol"": ""memset_zero_1D_f32""}]",1,0,4,0.0,4
aten,aten_histogramdd_linear_cpu,/home/arjaiswal/Polygeist/issues/aten_c_kernels/results/aten_histogramdd_linear_cpu/debuf.mlir,e81bb28e65611df764467f2b2b35e0c4642aa72b9f9f4cece9227d5325090840,egglog,1,ok,0,707.0717588067055,0,"[""/usr/bin/python3"", ""/home/arjaiswal/Polygeist/scripts/correctness/kernel_match_rewrite.py"", ""/home/arjaiswal/Polygeist/issues/aten_c_kernels/results/aten_histogramdd_linear_cpu/debuf.mlir"", ""--dry-run"", ""--matcher-mode"", ""egglog"", ""--telemetry-json"", ""/home/arjaiswal/Polygeist/issues/equality_saturation_eval/campaign_20260908/aten-aten_histogramdd_linear_cpu-egglog-cxuzfbt1.json"", ""--disable-semantic-fallback""]","== match report for /home/arjaiswal/Polygeist/issues/aten_c_kernels/results/aten_histogramdd_linear_cpu/debuf.mlir ==
  match          body#[0]  memset_zero_1D_f32
  total: 1 matched / 1 bodies
",0,[],0,0,0,0,/home/arjaiswal/Polygeist/issues/aten_c_kernels/results/aten_histogramdd_linear_cpu/debuf.mlir,2965,8,1,1,290.05400836467743,0,69556,20.639963448047638,2,2,0,0,"[{""body_indices"": [0], ""symbol"": ""memset_zero_1D_f32""}]",1,0,0,0.0,4
aten,aten_histogramdd_linear_cpu,/home/arjaiswal/Polygeist/issues/aten_c_kernels/results/aten_histogramdd_linear_cpu/debuf.mlir,e81bb28e65611df764467f2b2b35e0c4642aa72b9f9f4cece9227d5325090840,egglog,2,ok,0,754.3542571365833,0,"[""/usr/bin/python3"", ""/home/arjaiswal/Polygeist/scripts/correctness/kernel_match_rewrite.py"", ""/home/arjaiswal/Polygeist/issues/aten_c_kernels/results/aten_histogramdd_linear_cpu/debuf.mlir"", ""--dry-run"", ""--matcher-mode"", ""egglog"", ""--telemetry-json"", ""/home/arjaiswal/Polygeist/issues/equality_saturation_eval/campaign_20260908/aten-aten_histogramdd_linear_cpu-egglog-inbcv19y.json"", ""--disable-semantic-fallback""]","== match report for /home/arjaiswal/Polygeist/issues/aten_c_kernels/results/aten_histogramdd_linear_cpu/debuf.mlir ==
  match          body#[0]  memset_zero_1D_f32
  total: 1 matched / 1 bodies
",0,[],0,0,0,0,/home/arjaiswal/Polygeist/issues/aten_c_kernels/results/aten_histogramdd_linear_cpu/debuf.mlir,2965,8,1,1,336.0007628798485,0,69296,21.708153188228607,2,2,0,0,"[{""body_indices"": [0], ""symbol"": ""memset_zero_1D_f32""}]",1,0,0,0.0,4
aten,aten_histogramdd_linear_cpu,/home/arjaiswal/Polygeist/issues/aten_c_kernels/results/aten_histogramdd_linear_cpu/debuf.mlir,e81bb28e65611df764467f2b2b35e0c4642aa72b9f9f4cece9227d5325090840,syntactic,2,ok,0,674.9294698238373,0,"[""/usr/bin/python3"", ""/home/arjaiswal/Polygeist/scripts/correctness/kernel_match_rewrite.py"", ""/home/arjaiswal/Polygeist/issues/aten_c_kernels/results/aten_histogramdd_linear_cpu/debuf.mlir"", ""--dry-run"", ""--matcher-mode"", ""syntactic"", ""--telemetry-json"", ""/home/arjaiswal/Polygeist/issues/equality_saturation_eval/campaign_20260908/aten-aten_histogramdd_linear_cpu-syntactic-i3u_g31b.json"", ""--disable-semantic-fallback""]","== match report for /home/arjaiswal/Polygeist/issues/aten_c_kernels/results/aten_histogramdd_linear_cpu/debuf.mlir ==
  match          body#[0]  memset_zero_1D_f32
  total: 1 matched / 1 bodies
",0,[],0,0,0,0,/home/arjaiswal/Polygeist/issues/aten_c_kernels/results/aten_histogramdd_linear_cpu/debuf.mlir,2965,0,1,1,265.99544659256935,0,64564,0.017542392015457153,0,2,0,0,"[{""body_indices"": [0], ""symbol"": ""memset_zero_1D_f32""}]",1,0,4,0.0,4
aten,aten_histogramdd_linear_cpu,/home/arjaiswal/Polygeist/issues/aten_c_kernels/results/aten_histogramdd_linear_cpu/debuf.mlir,e81bb28e65611df764467f2b2b35e0c4642aa72b9f9f4cece9227d5325090840,syntactic,3,ok,0,702.0041197538376,0,"[""/usr/bin/python3"", ""/home/arjaiswal/Polygeist/scripts/correctness/kernel_match_rewrite.py"", ""/home/arjaiswal/Polygeist/issues/aten_c_kernels/results/aten_histogramdd_linear_cpu/debuf.mlir"", ""--dry-run"", ""--matcher-mode"", ""syntactic"", ""--telemetry-json"", ""/home/arjaiswal/Polygeist/issues/equality_saturation_eval/campaign_20260908/aten-aten_histogramdd_linear_cpu-syntactic-40g8n0ee.json"", ""--disable-semantic-fallback""]","== match report for /home/arjaiswal/Polygeist/issues/aten_c_kernels/results/aten_histogramdd_linear_cpu/debuf.mlir ==
  match          body#[0]  memset_zero_1D_f32
  total: 1 matched / 1 bodies
",0,[],0,0,0,0,/home/arjaiswal/Polygeist/issues/aten_c_kernels/results/aten_histogramdd_linear_cpu/debuf.mlir,2965,0,1,1,276.0116197168827,0,64472,0.017765909433364868,0,2,0,0,"[{""body_indices"": [0], ""symbol"": ""memset_zero_1D_f32""}]",1,0,4,0.0,4
aten,aten_histogramdd_linear_cpu,/home/arjaiswal/Polygeist/issues/aten_c_kernels/results/aten_histogramdd_linear_cpu/debuf.mlir,e81bb28e65611df764467f2b2b35e0c4642aa72b9f9f4cece9227d5325090840,egglog,3,ok,0,718.7427207827568,0,"[""/usr/bin/python3"", ""/home/arjaiswal/Polygeist/scripts/correctness/kernel_match_rewrite.py"", ""/home/arjaiswal/Polygeist/issues/aten_c_kernels/results/aten_histogramdd_linear_cpu/debuf.mlir"", ""--dry-run"", ""--matcher-mode"", ""egglog"", ""--telemetry-json"", ""/home/arjaiswal/Polygeist/issues/equality_saturation_eval/campaign_20260908/aten-aten_histogramdd_linear_cpu-egglog-c7neu3d6.json"", ""--disable-semantic-fallback""]","== match report for /home/arjaiswal/Polygeist/issues/aten_c_kernels/results/aten_histogramdd_linear_cpu/debuf.mlir ==
  match          body#[0]  memset_zero_1D_f32
  total: 1 matched / 1 bodies
",0,[],0,0,0,0,/home/arjaiswal/Polygeist/issues/aten_c_kernels/results/aten_histogramdd_linear_cpu/debuf.mlir,2965,8,1,1,286.6327315568924,0,69504,22.73927628993988,2,2,0,0,"[{""body_indices"": [0], ""symbol"": ""memset_zero_1D_f32""}]",1,0,0,0.0,4
aten,aten_histogramdd_linear_cpu,/home/arjaiswal/Polygeist/issues/aten_c_kernels/results/aten_histogramdd_linear_cpu/debuf.mlir,e81bb28e65611df764467f2b2b35e0c4642aa72b9f9f4cece9227d5325090840,egglog,4,ok,0,819.7836801409721,0,"[""/usr/bin/python3"", ""/home/arjaiswal/Polygeist/scripts/correctness/kernel_match_rewrite.py"", ""/home/arjaiswal/Polygeist/issues/aten_c_kernels/results/aten_histogramdd_linear_cpu/debuf.mlir"", ""--dry-run"", ""--matcher-mode"", ""egglog"", ""--telemetry-json"", ""/home/arjaiswal/Polygeist/issues/equality_saturation_eval/campaign_20260908/aten-aten_histogramdd_linear_cpu-egglog-1rvuwsb6.json"", ""--disable-semantic-fallback""]","== match report for /home/arjaiswal/Polygeist/issues/aten_c_kernels/results/aten_histogramdd_linear_cpu/debuf.mlir ==
  match          body#[0]  memset_zero_1D_f32
  total: 1 matched / 1 bodies
",0,[],0,0,0,0,/home/arjaiswal/Polygeist/issues/aten_c_kernels/results/aten_histogramdd_linear_cpu/debuf.mlir,2965,8,1,1,301.389142870903,0,69384,21.138351410627365,2,2,0,0,"[{""body_indices"": [0], ""symbol"": ""memset_zero_1D_f32""}]",1,0,0,0.0,4
aten,aten_histogramdd_linear_cpu,/home/arjaiswal/Polygeist/issues/aten_c_kernels/results/aten_histogramdd_linear_cpu/debuf.mlir,e81bb28e65611df764467f2b2b35e0c4642aa72b9f9f4cece9227d5325090840,syntactic,4,ok,0,694.1935010254383,0,"[""/usr/bin/python3"", ""/home/arjaiswal/Polygeist/scripts/correctness/kernel_match_rewrite.py"", ""/home/arjaiswal/Polygeist/issues/aten_c_kernels/results/aten_histogramdd_linear_cpu/debuf.mlir"", ""--dry-run"", ""--matcher-mode"", ""syntactic"", ""--telemetry-json"", ""/home/arjaiswal/Polygeist/issues/equality_saturation_eval/campaign_20260908/aten-aten_histogramdd_linear_cpu-syntactic-1srqkzgi.json"", ""--disable-semantic-fallback""]","== match report for /home/arjaiswal/Polygeist/issues/aten_c_kernels/results/aten_histogramdd_linear_cpu/debuf.mlir ==
  match          body#[0]  memset_zero_1D_f32
  total: 1 matched / 1 bodies
",0,[],0,0,0,0,/home/arjaiswal/Polygeist/issues/aten_c_kernels/results/aten_histogramdd_linear_cpu/debuf.mlir,2965,0,1,1,271.3196203112602,0,64668,0.016164034605026245,0,2,0,0,"[{""body_indices"": [0], ""symbol"": ""memset_zero_1D_f32""}]",1,0,4,0.0,4
aten,aten_histogramdd_linear_cpu,/home/arjaiswal/Polygeist/issues/aten_c_kernels/results/aten_histogramdd_linear_cpu/debuf.mlir,e81bb28e65611df764467f2b2b35e0c4642aa72b9f9f4cece9227d5325090840,syntactic,5,ok,0,702.1829038858414,0,"[""/usr/bin/python3"", ""/home/arjaiswal/Polygeist/scripts/correctness/kernel_match_rewrite.py"", ""/home/arjaiswal/Polygeist/issues/aten_c_kernels/results/aten_histogramdd_linear_cpu/debuf.mlir"", ""--dry-run"", ""--matcher-mode"", ""syntactic"", ""--telemetry-json"", ""/home/arjaiswal/Polygeist/issues/equality_saturation_eval/campaign_20260908/aten-aten_histogramdd_linear_cpu-syntactic-lntjsw94.json"", ""--disable-semantic-fallback""]","== match report for /home/arjaiswal/Polygeist/issues/aten_c_kernels/results/aten_histogramdd_linear_cpu/debuf.mlir ==
  match          body#[0]  memset_zero_1D_f32
  total: 1 matched / 1 bodies
",0,[],0,0,0,0,/home/arjaiswal/Polygeist/issues/aten_c_kernels/results/aten_histogramdd_linear_cpu/debuf.mlir,2965,0,1,1,274.90217983722687,0,64808,0.016711652278900146,0,2,0,0,"[{""body_indices"": [0], ""symbol"": ""memset_zero_1D_f32""}]",1,0,4,0.0,4
aten,aten_histogramdd_linear_cpu,/home/arjaiswal/Polygeist/issues/aten_c_kernels/results/aten_histogramdd_linear_cpu/debuf.mlir,e81bb28e65611df764467f2b2b35e0c4642aa72b9f9f4cece9227d5325090840,egglog,5,ok,0,697.622261941433,0,"[""/usr/bin/python3"", ""/home/arjaiswal/Polygeist/scripts/correctness/kernel_match_rewrite.py"", ""/home/arjaiswal/Polygeist/issues/aten_c_kernels/results/aten_histogramdd_linear_cpu/debuf.mlir"", ""--dry-run"", ""--matcher-mode"", ""egglog"", ""--telemetry-json"", ""/home/arjaiswal/Polygeist/issues/equality_saturation_eval/campaign_20260908/aten-aten_histogramdd_linear_cpu-egglog-wdbfzqq1.json"", ""--disable-semantic-fallback""]","== match report for /home/arjaiswal/Polygeist/issues/aten_c_kernels/results/aten_histogramdd_linear_cpu/debuf.mlir ==
  match          body#[0]  memset_zero_1D_f32
  total: 1 matched / 1 bodies
",0,[],0,0,0,0,/home/arjaiswal/Polygeist/issues/aten_c_kernels/results/aten_histogramdd_linear_cpu/debuf.mlir,2965,8,1,1,287.3343639075756,0,69368,21.36436477303505,2,2,0,0,"[{""body_indices"": [0], ""symbol"": ""memset_zero_1D_f32""}]",1,0,0,0.0,4
aten,aten_host_softmax_backward_cpu,/home/arjaiswal/Polygeist/issues/aten_c_kernels/results/aten_host_softmax_backward_cpu/debuf.mlir,7d34c4cfe92f670a7c929ccc8f8b2d51d9720914a80236f8617a473ef427df6d,egglog,1,ok,0,728.4524701535702,0,"[""/usr/bin/python3"", ""/home/arjaiswal/Polygeist/scripts/correctness/kernel_match_rewrite.py"", ""/home/arjaiswal/Polygeist/issues/aten_c_kernels/results/aten_host_softmax_backward_cpu/debuf.mlir"", ""--dry-run"", ""--matcher-mode"", ""egglog"", ""--telemetry-json"", ""/home/arjaiswal/Polygeist/issues/equality_saturation_eval/campaign_20260908/aten-aten_host_softmax_backward_cpu-egglog-5xcfr0pz.json"", ""--disable-semantic-fallback""]","== match report for /home/arjaiswal/Polygeist/issues/aten_c_kernels/results/aten_host_softmax_backward_cpu/debuf.mlir ==
  match          body#[0]  cublasSdot
  match          body#[1]  cudnnPointwiseGraph_f32
  total: 2 matched / 2 bodies
",0,[],0,0,0,0,/home/arjaiswal/Polygeist/issues/aten_c_kernels/results/aten_host_softmax_backward_cpu/debuf.mlir,3733,8,2,2,322.4209360778332,0,69892,20.682714879512787,2,2,0,8,"[{""body_indices"": [0], ""symbol"": ""cublasSdot""}, {""body_indices"": [1], ""symbol"": ""cudnnPointwiseGraph_f32""}]",2,0,0,0.0,8
aten,aten_host_softmax_backward_cpu,/home/arjaiswal/Polygeist/issues/aten_c_kernels/results/aten_host_softmax_backward_cpu/debuf.mlir,7d34c4cfe92f670a7c929ccc8f8b2d51d9720914a80236f8617a473ef427df6d,syntactic,1,ok,0,729.2793467640877,0,"[""/usr/bin/python3"", ""/home/arjaiswal/Polygeist/scripts/correctness/kernel_match_rewrite.py"", ""/home/arjaiswal/Polygeist/issues/aten_c_kernels/results/aten_host_softmax_backward_cpu/debuf.mlir"", ""--dry-run"", ""--matcher-mode"", ""syntactic"", ""--telemetry-json"", ""/home/arjaiswal/Polygeist/issues/equality_saturation_eval/campaign_20260908/aten-aten_host_softmax_backward_cpu-syntactic-66_iutb4.json"", ""--disable-semantic-fallback""]","== match report for /home/arjaiswal/Polygeist/issues/aten_c_kernels/results/aten_host_softmax_backward_cpu/debuf.mlir ==
  match          body#[0]  cublasSdot
  match          body#[1]  cudnnPointwiseGraph_f32
  total: 2 matched / 2 bodies
",0,[],0,0,0,0,/home/arjaiswal/Polygeist/issues/aten_c_kernels/results/aten_host_softmax_backward_cpu/debuf.mlir,3733,0,2,2,309.32412669062614,0,65992,0.04174932837486267,0,2,0,0,"[{""body_indices"": [0], ""symbol"": ""cublasSdot""}, {""body_indices"": [1], ""symbol"": ""cudnnPointwiseGraph_f32""}]",2,0,8,0.0,8
aten,aten_host_softmax_backward_cpu,/home/arjaiswal/Polygeist/issues/aten_c_kernels/results/aten_host_softmax_backward_cpu/debuf.mlir,7d34c4cfe92f670a7c929ccc8f8b2d51d9720914a80236f8617a473ef427df6d,syntactic,2,ok,0,793.0014245212078,0,"[""/usr/bin/python3"", ""/home/arjaiswal/Polygeist/scripts/correctness/kernel_match_rewrite.py"", ""/home/arjaiswal/Polygeist/issues/aten_c_kernels/results/aten_host_softmax_backward_cpu/debuf.mlir"", ""--dry-run"", ""--matcher-mode"", ""syntactic"", ""--telemetry-json"", ""/home/arjaiswal/Polygeist/issues/equality_saturation_eval/campaign_20260908/aten-aten_host_softmax_backward_cpu-syntactic-h_hau2zu.json"", ""--disable-semantic-fallback""]","== match report for /home/arjaiswal/Polygeist/issues/aten_c_kernels/results/aten_host_softmax_backward_cpu/debuf.mlir ==
  match          body#[0]  cublasSdot
  match          body#[1]  cudnnPointwiseGraph_f32
  total: 2 matched / 2 bodies
",0,[],0,0,0,0,/home/arjaiswal/Polygeist/issues/aten_c_kernels/results/aten_host_softmax_backward_cpu/debuf.mlir,3733,0,2,2,356.902539730072,0,65916,0.04452839493751526,0,2,0,0,"[{""body_indices"": [0], ""symbol"": ""cublasSdot""}, {""body_indices"": [1], ""symbol"": ""cudnnPointwiseGraph_f32""}]",2,0,8,0.0,8
aten,aten_host_softmax_backward_cpu,/home/arjaiswal/Polygeist/issues/aten_c_kernels/results/aten_host_softmax_backward_cpu/debuf.mlir,7d34c4cfe92f670a7c929ccc8f8b2d51d9720914a80236f8617a473ef427df6d,egglog,2,ok,0,746.5035915374756,0,"[""/usr/bin/python3"", ""/home/arjaiswal/Polygeist/scripts/correctness/kernel_match_rewrite.py"", ""/home/arjaiswal/Polygeist/issues/aten_c_kernels/results/aten_host_softmax_backward_cpu/debuf.mlir"", ""--dry-run"", ""--matcher-mode"", ""egglog"", ""--telemetry-json"", ""/home/arjaiswal/Polygeist/issues/equality_saturation_eval/campaign_20260908/aten-aten_host_softmax_backward_cpu-egglog-lhqnqhag.json"", ""--disable-semantic-fallback""]","== match report for /home/arjaiswal/Polygeist/issues/aten_c_kernels/results/aten_host_softmax_backward_cpu/debuf.mlir ==
  match          body#[0]  cublasSdot
  match          body#[1]  cudnnPointwiseGraph_f32
  total: 2 matched / 2 bodies
",0,[],0,0,0,0,/home/arjaiswal/Polygeist/issues/aten_c_kernels/results/aten_host_softmax_backward_cpu/debuf.mlir,3733,8,2,2,326.8558531999588,0,69744,21.06550708413124,2,2,0,8,"[{""body_indices"": [0], ""symbol"": ""cublasSdot""}, {""body_indices"": [1], ""symbol"": ""cudnnPointwiseGraph_f32""}]",2,0,0,0.0,8
aten,aten_host_softmax_backward_cpu,/home/arjaiswal/Polygeist/issues/aten_c_kernels/results/aten_host_softmax_backward_cpu/debuf.mlir,7d34c4cfe92f670a7c929ccc8f8b2d51d9720914a80236f8617a473ef427df6d,egglog,3,ok,0,756.432693451643,0,"[""/usr/bin/python3"", ""/home/arjaiswal/Polygeist/scripts/correctness/kernel_match_rewrite.py"", ""/home/arjaiswal/Polygeist/issues/aten_c_kernels/results/aten_host_softmax_backward_cpu/debuf.mlir"", ""--dry-run"", ""--matcher-mode"", ""egglog"", ""--telemetry-json"", ""/home/arjaiswal/Polygeist/issues/equality_saturation_eval/campaign_20260908/aten-aten_host_softmax_backward_cpu-egglog-c6wz0mkp.json"", ""--disable-semantic-fallback""]","== match report for /home/arjaiswal/Polygeist/issues/aten_c_kernels/results/aten_host_softmax_backward_cpu/debuf.mlir ==
  match          body#[0]  cublasSdot
  match          body#[1]  cudnnPointwiseGraph_f32
  total: 2 matched / 2 bodies
",0,[],0,0,0,0,/home/arjaiswal/Polygeist/issues/aten_c_kernels/results/aten_host_softmax_backward_cpu/debuf.mlir,3733,8,2,2,334.4544805586338,0,69812,21.72715589404106,2,2,0,8,"[{""body_indices"": [0], ""symbol"": ""cublasSdot""}, {""body_indices"": [1], ""symbol"": ""cudnnPointwiseGraph_f32""}]",2,0,0,0.0,8
aten,aten_host_softmax_backward_cpu,/home/arjaiswal/Polygeist/issues/aten_c_kernels/results/aten_host_softmax_backward_cpu/debuf.mlir,7d34c4cfe92f670a7c929ccc8f8b2d51d9720914a80236f8617a473ef427df6d,syntactic,3,ok,0,738.1315976381302,0,"[""/usr/bin/python3"", ""/home/arjaiswal/Polygeist/scripts/correctness/kernel_match_rewrite.py"", ""/home/arjaiswal/Polygeist/issues/aten_c_kernels/results/aten_host_softmax_backward_cpu/debuf.mlir"", ""--dry-run"", ""--matcher-mode"", ""syntactic"", ""--telemetry-json"", ""/home/arjaiswal/Polygeist/issues/equality_saturation_eval/campaign_20260908/aten-aten_host_softmax_backward_cpu-syntactic-_tgmx_3f.json"", ""--disable-semantic-fallback""]","== match report for /home/arjaiswal/Polygeist/issues/aten_c_kernels/results/aten_host_softmax_backward_cpu/debuf.mlir ==
  match          body#[0]  cublasSdot
  match          body#[1]  cudnnPointwiseGraph_f32
  total: 2 matched / 2 bodies
",0,[],0,0,0,0,/home/arjaiswal/Polygeist/issues/aten_c_kernels/results/aten_host_softmax_backward_cpu/debuf.mlir,3733,0,2,2,317.85471364855766,0,65676,0.05384907126426697,0,2,0,0,"[{""body_indices"": [0], ""symbol"": ""cublasSdot""}, {""body_indices"": [1], ""symbol"": ""cudnnPointwiseGraph_f32""}]",2,0,8,0.0,8
aten,aten_host_softmax_backward_cpu,/home/arjaiswal/Polygeist/issues/aten_c_kernels/results/aten_host_softmax_backward_cpu/debuf.mlir,7d34c4cfe92f670a7c929ccc8f8b2d51d9720914a80236f8617a473ef427df6d,syntactic,4,ok,0,755.8993101119995,0,"[""/usr/bin/python3"", ""/home/arjaiswal/Polygeist/scripts/correctness/kernel_match_rewrite.py"", ""/home/arjaiswal/Polygeist/issues/aten_c_kernels/results/aten_host_softmax_backward_cpu/debuf.mlir"", ""--dry-run"", ""--matcher-mode"", ""syntactic"", ""--telemetry-json"", ""/home/arjaiswal/Polygeist/issues/equality_saturation_eval/campaign_20260908/aten-aten_host_softmax_backward_cpu-syntactic-bhjv_60r.json"", ""--disable-semantic-fallback""]","== match report for /home/arjaiswal/Polygeist/issues/aten_c_kernels/results/aten_host_softmax_backward_cpu/debuf.mlir ==
  match          body#[0]  cublasSdot
  match          body#[1]  cudnnPointwiseGraph_f32
  total: 2 matched / 2 bodies
",0,[],0,0,0,0,/home/arjaiswal/Polygeist/issues/aten_c_kernels/results/aten_host_softmax_backward_cpu/debuf.mlir,3733,0,2,2,322.2528174519539,0,65892,0.048276036977767944,0,2,0,0,"[{""body_indices"": [0], ""symbol"": ""cublasSdot""}, {""body_indices"": [1], ""symbol"": ""cudnnPointwiseGraph_f32""}]",2,0,8,0.0,8
aten,aten_host_softmax_backward_cpu,/home/arjaiswal/Polygeist/issues/aten_c_kernels/results/aten_host_softmax_backward_cpu/debuf.mlir,7d34c4cfe92f670a7c929ccc8f8b2d51d9720914a80236f8617a473ef427df6d,egglog,4,ok,0,771.4322432875633,0,"[""/usr/bin/python3"", ""/home/arjaiswal/Polygeist/scripts/correctness/kernel_match_rewrite.py"", ""/home/arjaiswal/Polygeist/issues/aten_c_kernels/results/aten_host_softmax_backward_cpu/debuf.mlir"", ""--dry-run"", ""--matcher-mode"", ""egglog"", ""--telemetry-json"", ""/home/arjaiswal/Polygeist/issues/equality_saturation_eval/campaign_20260908/aten-aten_host_softmax_backward_cpu-egglog-8z_zzkcn.json"", ""--disable-semantic-fallback""]","== match report for /home/arjaiswal/Polygeist/issues/aten_c_kernels/results/aten_host_softmax_backward_cpu/debuf.mlir ==
  match          body#[0]  cublasSdot
  match          body#[1]  cudnnPointwiseGraph_f32
  total: 2 matched / 2 bodies
",0,[],0,0,0,0,/home/arjaiswal/Polygeist/issues/aten_c_kernels/results/aten_host_softmax_backward_cpu/debuf.mlir,3733,8,2,2,336.3798074424267,0,69688,21.616995334625244,2,2,0,8,"[{""body_indices"": [0], ""symbol"": ""cublasSdot""}, {""body_indices"": [1], ""symbol"": ""cudnnPointwiseGraph_f32""}]",2,0,0,0.0,8
aten,aten_host_softmax_backward_cpu,/home/arjaiswal/Polygeist/issues/aten_c_kernels/results/aten_host_softmax_backward_cpu/debuf.mlir,7d34c4cfe92f670a7c929ccc8f8b2d51d9720914a80236f8617a473ef427df6d,egglog,5,ok,0,765.9807726740837,0,"[""/usr/bin/python3"", ""/home/arjaiswal/Polygeist/scripts/correctness/kernel_match_rewrite.py"", ""/home/arjaiswal/Polygeist/issues/aten_c_kernels/results/aten_host_softmax_backward_cpu/debuf.mlir"", ""--dry-run"", ""--matcher-mode"", ""egglog"", ""--telemetry-json"", ""/home/arjaiswal/Polygeist/issues/equality_saturation_eval/campaign_20260908/aten-aten_host_softmax_backward_cpu-egglog-r623o9f2.json"", ""--disable-semantic-fallback""]","== match report for /home/arjaiswal/Polygeist/issues/aten_c_kernels/results/aten_host_softmax_backward_cpu/debuf.mlir ==
  match          body#[0]  cublasSdot
  match          body#[1]  cudnnPointwiseGraph_f32
  total: 2 matched / 2 bodies
",0,[],0,0,0,0,/home/arjaiswal/Polygeist/issues/aten_c_kernels/results/aten_host_softmax_backward_cpu/debuf.mlir,3733,8,2,2,330.5072598159313,0,69552,21.876171231269836,2,2,0,8,"[{""body_indices"": [0], ""symbol"": ""cublasSdot""}, {""body_indices"": [1], ""symbol"": ""cudnnPointwiseGraph_f32""}]",2,0,0,0.0,8
aten,aten_host_softmax_backward_cpu,/home/arjaiswal/Polygeist/issues/aten_c_kernels/results/aten_host_softmax_backward_cpu/debuf.mlir,7d34c4cfe92f670a7c929ccc8f8b2d51d9720914a80236f8617a473ef427df6d,syntactic,5,ok,0,723.7456627190113,0,"[""/usr/bin/python3"", ""/home/arjaiswal/Polygeist/scripts/correctness/kernel_match_rewrite.py"", ""/home/arjaiswal/Polygeist/issues/aten_c_kernels/results/aten_host_softmax_backward_cpu/debuf.mlir"", ""--dry-run"", ""--matcher-mode"", ""syntactic"", ""--telemetry-json"", ""/home/arjaiswal/Polygeist/issues/equality_saturation_eval/campaign_20260908/aten-aten_host_softmax_backward_cpu-syntactic-kemaau4l.json"", ""--disable-semantic-fallback""]","== match report for /home/arjaiswal/Polygeist/issues/aten_c_kernels/results/aten_host_softmax_backward_cpu/debuf.mlir ==
  match          body#[0]  cublasSdot
  match          body#[1]  cudnnPointwiseGraph_f32
  total: 2 matched / 2 bodies
",0,[],0,0,0,0,/home/arjaiswal/Polygeist/issues/aten_c_kernels/results/aten_host_softmax_backward_cpu/debuf.mlir,3733,0,2,2,306.636456400156,0,65800,0.0636167824268341,0,2,0,0,"[{""body_indices"": [0], ""symbol"": ""cublasSdot""}, {""body_indices"": [1], ""symbol"": ""cudnnPointwiseGraph_f32""}]",2,0,8,0.0,8
aten,aten_host_softmax_cpu,/home/arjaiswal/Polygeist/issues/aten_c_kernels/results/aten_host_softmax_cpu/debuf.mlir,8411ea327eecbe8cbd45124d1bd17a1c565a7e21482c95574689190a4bf926b6,syntactic,1,ok,0,748.3060956001282,0,"[""/usr/bin/python3"", ""/home/arjaiswal/Polygeist/scripts/correctness/kernel_match_rewrite.py"", ""/home/arjaiswal/Polygeist/issues/aten_c_kernels/results/aten_host_softmax_cpu/debuf.mlir"", ""--dry-run"", ""--matcher-mode"", ""syntactic"", ""--telemetry-json"", ""/home/arjaiswal/Polygeist/issues/equality_saturation_eval/campaign_20260908/aten-aten_host_softmax_cpu-syntactic-8vq1adgx.json"", ""--disable-semantic-fallback""]","== match report for /home/arjaiswal/Polygeist/issues/aten_c_kernels/results/aten_host_softmax_cpu/debuf.mlir ==
  match          body#[0, 1, 2]  cudnnSoftmaxForwardOut_tensor
  total: 1 matched / 1 bodies
",0,[],0,0,0,0,/home/arjaiswal/Polygeist/issues/aten_c_kernels/results/aten_host_softmax_cpu/debuf.mlir,3950,0,3,3,330.8815211057663,0,65740,0.17137080430984497,0,16,0,0,"[{""body_indices"": [0, 1, 2], ""symbol"": ""cudnnSoftmaxForwardOut_tensor""}]",1,0,18,0.0,18
aten,aten_host_softmax_cpu,/home/arjaiswal/Polygeist/issues/aten_c_kernels/results/aten_host_softmax_cpu/debuf.mlir,8411ea327eecbe8cbd45124d1bd17a1c565a7e21482c95574689190a4bf926b6,egglog,1,ok,0,1021.817035973072,0,"[""/usr/bin/python3"", ""/home/arjaiswal/Polygeist/scripts/correctness/kernel_match_rewrite.py"", ""/home/arjaiswal/Polygeist/issues/aten_c_kernels/results/aten_host_softmax_cpu/debuf.mlir"", ""--dry-run"", ""--matcher-mode"", ""egglog"", ""--telemetry-json"", ""/home/arjaiswal/Polygeist/issues/equality_saturation_eval/campaign_20260908/aten-aten_host_softmax_cpu-egglog-4s20hnda.json"", ""--disable-semantic-fallback""]","== match report for /home/arjaiswal/Polygeist/issues/aten_c_kernels/results/aten_host_softmax_cpu/debuf.mlir ==
  match          body#[0, 1, 2]  cudnnSoftmaxForwardOut_tensor
  total: 1 matched / 1 bodies
",0,[],0,0,0,0,/home/arjaiswal/Polygeist/issues/aten_c_kernels/results/aten_host_softmax_cpu/debuf.mlir,3950,8,3,3,561.714056879282,0,69784,182.5104020535946,16,16,0,8,"[{""body_indices"": [0, 1, 2], ""symbol"": ""cudnnSoftmaxForwardOut_tensor""}]",1,0,0,0.0,18
aten,aten_host_softmax_cpu,/home/arjaiswal/Polygeist/issues/aten_c_kernels/results/aten_host_softmax_cpu/debuf.mlir,8411ea327eecbe8cbd45124d1bd17a1c565a7e21482c95574689190a4bf926b6,egglog,2,ok,0,999.241653829813,0,"[""/usr/bin/python3"", ""/home/arjaiswal/Polygeist/scripts/correctness/kernel_match_rewrite.py"", ""/home/arjaiswal/Polygeist/issues/aten_c_kernels/results/aten_host_softmax_cpu/debuf.mlir"", ""--dry-run"", ""--matcher-mode"", ""egglog"", ""--telemetry-json"", ""/home/arjaiswal/Polygeist/issues/equality_saturation_eval/campaign_20260908/aten-aten_host_softmax_cpu-egglog-26qd0t68.json"", ""--disable-semantic-fallback""]","== match report for /home/arjaiswal/Polygeist/issues/aten_c_kernels/results/aten_host_softmax_cpu/debuf.mlir ==
  match          body#[0, 1, 2]  cudnnSoftmaxForwardOut_tensor
  total: 1 matched / 1 bodies
",0,[],0,0,0,0,/home/arjaiswal/Polygeist/issues/aten_c_kernels/results/aten_host_softmax_cpu/debuf.mlir,3950,8,3,3,553.8453496992588,0,70096,168.39798912405968,16,16,0,8,"[{""body_indices"": [0, 1, 2], ""symbol"": ""cudnnSoftmaxForwardOut_tensor""}]",1,0,0,0.0,18
aten,aten_host_softmax_cpu,/home/arjaiswal/Polygeist/issues/aten_c_kernels/results/aten_host_softmax_cpu/debuf.mlir,8411ea327eecbe8cbd45124d1bd17a1c565a7e21482c95574689190a4bf926b6,syntactic,2,ok,0,751.3869144022465,0,"[""/usr/bin/python3"", ""/home/arjaiswal/Polygeist/scripts/correctness/kernel_match_rewrite.py"", ""/home/arjaiswal/Polygeist/issues/aten_c_kernels/results/aten_host_softmax_cpu/debuf.mlir"", ""--dry-run"", ""--matcher-mode"", ""syntactic"", ""--telemetry-json"", ""/home/arjaiswal/Polygeist/issues/equality_saturation_eval/campaign_20260908/aten-aten_host_softmax_cpu-syntactic-1nj68kek.json"", ""--disable-semantic-fallback""]","== match report for /home/arjaiswal/Polygeist/issues/aten_c_kernels/results/aten_host_softmax_cpu/debuf.mlir ==
  match          body#[0, 1, 2]  cudnnSoftmaxForwardOut_tensor
  total: 1 matched / 1 bodies
",0,[],0,0,0,0,/home/arjaiswal/Polygeist/issues/aten_c_kernels/results/aten_host_softmax_cpu/debuf.mlir,3950,0,3,3,332.7401429414749,0,65880,0.17317011952400208,0,16,0,0,"[{""body_indices"": [0, 1, 2], ""symbol"": ""cudnnSoftmaxForwardOut_tensor""}]",1,0,18,0.0,18
aten,aten_host_softmax_cpu,/home/arjaiswal/Polygeist/issues/aten_c_kernels/results/aten_host_softmax_cpu/debuf.mlir,8411ea327eecbe8cbd45124d1bd17a1c565a7e21482c95574689190a4bf926b6,syntactic,3,ok,0,745.0827620923519,0,"[""/usr/bin/python3"", ""/home/arjaiswal/Polygeist/scripts/correctness/kernel_match_rewrite.py"", ""/home/arjaiswal/Polygeist/issues/aten_c_kernels/results/aten_host_softmax_cpu/debuf.mlir"", ""--dry-run"", ""--matcher-mode"", ""syntactic"", ""--telemetry-json"", ""/home/arjaiswal/Polygeist/issues/equality_saturation_eval/campaign_20260908/aten-aten_host_softmax_cpu-syntactic-ukwin8s8.json"", ""--disable-semantic-fallback""]","== match report for /home/arjaiswal/Polygeist/issues/aten_c_kernels/results/aten_host_softmax_cpu/debuf.mlir ==
  match          body#[0, 1, 2]  cudnnSoftmaxForwardOut_tensor
  total: 1 matched / 1 bodies
",0,[],0,0,0,0,/home/arjaiswal/Polygeist/issues/aten_c_kernels/results/aten_host_softmax_cpu/debuf.mlir,3950,0,3,3,330.96807450056076,0,66020,0.1837126910686493,0,16,0,0,"[{""body_indices"": [0, 1, 2], ""symbol"": ""cudnnSoftmaxForwardOut_tensor""}]",1,0,18,0.0,18
aten,aten_host_softmax_cpu,/home/arjaiswal/Polygeist/issues/aten_c_kernels/results/aten_host_softmax_cpu/debuf.mlir,8411ea327eecbe8cbd45124d1bd17a1c565a7e21482c95574689190a4bf926b6,egglog,3,ok,0,1044.6082204580307,0,"[""/usr/bin/python3"", ""/home/arjaiswal/Polygeist/scripts/correctness/kernel_match_rewrite.py"", ""/home/arjaiswal/Polygeist/issues/aten_c_kernels/results/aten_host_softmax_cpu/debuf.mlir"", ""--dry-run"", ""--matcher-mode"", ""egglog"", ""--telemetry-json"", ""/home/arjaiswal/Polygeist/issues/equality_saturation_eval/campaign_20260908/aten-aten_host_softmax_cpu-egglog-26tsy7b3.json"", ""--disable-semantic-fallback""]","== match report for /home/arjaiswal/Polygeist/issues/aten_c_kernels/results/aten_host_softmax_cpu/debuf.mlir ==
  match          body#[0, 1, 2]  cudnnSoftmaxForwardOut_tensor
  total: 1 matched / 1 bodies
",0,[],0,0,0,0,/home/arjaiswal/Polygeist/issues/aten_c_kernels/results/aten_host_softmax_cpu/debuf.mlir,3950,8,3,3,612.5011630356312,0,70140,177.76216939091682,16,16,0,8,"[{""body_indices"": [0, 1, 2], ""symbol"": ""cudnnSoftmaxForwardOut_tensor""}]",1,0,0,0.0,18
aten,aten_host_softmax_cpu,/home/arjaiswal/Polygeist/issues/aten_c_kernels/results/aten_host_softmax_cpu/debuf.mlir,8411ea327eecbe8cbd45124d1bd17a1c565a7e21482c95574689190a4bf926b6,egglog,4,ok,0,969.6057550609112,0,"[""/usr/bin/python3"", ""/home/arjaiswal/Polygeist/scripts/correctness/kernel_match_rewrite.py"", ""/home/arjaiswal/Polygeist/issues/aten_c_kernels/results/aten_host_softmax_cpu/debuf.mlir"", ""--dry-run"", ""--matcher-mode"", ""egglog"", ""--telemetry-json"", ""/home/arjaiswal/Polygeist/issues/equality_saturation_eval/campaign_20260908/aten-aten_host_softmax_cpu-egglog-uxct_9b9.json"", ""--disable-semantic-fallback""]","== match report for /home/arjaiswal/Polygeist/issues/aten_c_kernels/results/aten_host_softmax_cpu/debuf.mlir ==
  match          body#[0, 1, 2]  cudnnSoftmaxForwardOut_tensor
  total: 1 matched / 1 bodies
",0,[],0,0,0,0,/home/arjaiswal/Polygeist/issues/aten_c_kernels/results/aten_host_softmax_cpu/debuf.mlir,3950,8,3,3,532.1678183972836,0,70092,166.50592908263206,16,16,0,8,"[{""body_indices"": [0, 1, 2], ""symbol"": ""cudnnSoftmaxForwardOut_tensor""}]",1,0,0,0.0,18
aten,aten_host_softmax_cpu,/home/arjaiswal/Polygeist/issues/aten_c_kernels/results/aten_host_softmax_cpu/debuf.mlir,8411ea327eecbe8cbd45124d1bd17a1c565a7e21482c95574689190a4bf926b6,syntactic,4,ok,0,792.1763695776463,0,"[""/usr/bin/python3"", ""/home/arjaiswal/Polygeist/scripts/correctness/kernel_match_rewrite.py"", ""/home/arjaiswal/Polygeist/issues/aten_c_kernels/results/aten_host_softmax_cpu/debuf.mlir"", ""--dry-run"", ""--matcher-mode"", ""syntactic"", ""--telemetry-json"", ""/home/arjaiswal/Polygeist/issues/equality_saturation_eval/campaign_20260908/aten-aten_host_softmax_cpu-syntactic-rr3bcbnm.json"", ""--disable-semantic-fallback""]","== match report for /home/arjaiswal/Polygeist/issues/aten_c_kernels/results/aten_host_softmax_cpu/debuf.mlir ==
  match          body#[0, 1, 2]  cudnnSoftmaxForwardOut_tensor
  total: 1 matched / 1 bodies
",0,[],0,0,0,0,/home/arjaiswal/Polygeist/issues/aten_c_kernels/results/aten_host_softmax_cpu/debuf.mlir,3950,0,3,3,373.9538751542568,0,65876,0.21256133913993835,0,16,0,0,"[{""body_indices"": [0, 1, 2], ""symbol"": ""cudnnSoftmaxForwardOut_tensor""}]",1,0,18,0.0,18
aten,aten_host_softmax_cpu,/home/arjaiswal/Polygeist/issues/aten_c_kernels/results/aten_host_softmax_cpu/debuf.mlir,8411ea327eecbe8cbd45124d1bd17a1c565a7e21482c95574689190a4bf926b6,syntactic,5,ok,0,775.6151333451271,0,"[""/usr/bin/python3"", ""/home/arjaiswal/Polygeist/scripts/correctness/kernel_match_rewrite.py"", ""/home/arjaiswal/Polygeist/issues/aten_c_kernels/results/aten_host_softmax_cpu/debuf.mlir"", ""--dry-run"", ""--matcher-mode"", ""syntactic"", ""--telemetry-json"", ""/home/arjaiswal/Polygeist/issues/equality_saturation_eval/campaign_20260908/aten-aten_host_softmax_cpu-syntactic-jydfmv04.json"", ""--disable-semantic-fallback""]","== match report for /home/arjaiswal/Polygeist/issues/aten_c_kernels/results/aten_host_softmax_cpu/debuf.mlir ==
  match          body#[0, 1, 2]  cudnnSoftmaxForwardOut_tensor
  total: 1 matched / 1 bodies
",0,[],0,0,0,0,/home/arjaiswal/Polygeist/issues/aten_c_kernels/results/aten_host_softmax_cpu/debuf.mlir,3950,0,3,3,354.1827201843262,0,65808,0.18564611673355103,0,16,0,0,"[{""body_indices"": [0, 1, 2], ""symbol"": ""cudnnSoftmaxForwardOut_tensor""}]",1,0,18,0.0,18
aten,aten_host_softmax_cpu,/home/arjaiswal/Polygeist/issues/aten_c_kernels/results/aten_host_softmax_cpu/debuf.mlir,8411ea327eecbe8cbd45124d1bd17a1c565a7e21482c95574689190a4bf926b6,egglog,5,ok,0,983.5430197417736,0,"[""/usr/bin/python3"", ""/home/arjaiswal/Polygeist/scripts/correctness/kernel_match_rewrite.py"", ""/home/arjaiswal/Polygeist/issues/aten_c_kernels/results/aten_host_softmax_cpu/debuf.mlir"", ""--dry-run"", ""--matcher-mode"", ""egglog"", ""--telemetry-json"", ""/home/arjaiswal/Polygeist/issues/equality_saturation_eval/campaign_20260908/aten-aten_host_softmax_cpu-egglog-q_wx656f.json"", ""--disable-semantic-fallback""]","== match report for /home/arjaiswal/Polygeist/issues/aten_c_kernels/results/aten_host_softmax_cpu/debuf.mlir ==
  match          body#[0, 1, 2]  cudnnSoftmaxForwardOut_tensor
  total: 1 matched / 1 bodies
",0,[],0,0,0,0,/home/arjaiswal/Polygeist/issues/aten_c_kernels/results/aten_host_softmax_cpu/debuf.mlir,3950,8,3,3,546.8431748449802,0,69884,174.64691773056984,16,16,0,8,"[{""body_indices"": [0, 1, 2], ""symbol"": ""cudnnSoftmaxForwardOut_tensor""}]",1,0,0,0.0,18
aten,aten_hspmm_cpu,/home/arjaiswal/Polygeist/issues/aten_c_kernels/results/aten_hspmm_cpu/debuf.mlir,201a82667886ed5b7d33220178b12c6ae635a9abf0ab97e011c7231b452d35db,egglog,1,ok,0,789.011225104332,0,"[""/usr/bin/python3"", ""/home/arjaiswal/Polygeist/scripts/correctness/kernel_match_rewrite.py"", ""/home/arjaiswal/Polygeist/issues/aten_c_kernels/results/aten_hspmm_cpu/debuf.mlir"", ""--dry-run"", ""--matcher-mode"", ""egglog"", ""--telemetry-json"", ""/home/arjaiswal/Polygeist/issues/equality_saturation_eval/campaign_20260908/aten-aten_hspmm_cpu-egglog-y1_19zyo.json"", ""--disable-semantic-fallback""]","== match report for /home/arjaiswal/Polygeist/issues/aten_c_kernels/results/aten_hspmm_cpu/debuf.mlir ==
  match          body#[0]  memset_zero_2D_f32
  total: 1 matched / 1 bodies
",0,[],0,0,0,0,/home/arjaiswal/Polygeist/issues/aten_c_kernels/results/aten_hspmm_cpu/debuf.mlir,3262,8,1,1,323.33655282855034,0,69288,23.093577474355698,2,2,0,0,"[{""body_indices"": [0], ""symbol"": ""memset_zero_2D_f32""}]",1,0,0,0.0,4
aten,aten_hspmm_cpu,/home/arjaiswal/Polygeist/issues/aten_c_kernels/results/aten_hspmm_cpu/debuf.mlir,201a82667886ed5b7d33220178b12c6ae635a9abf0ab97e011c7231b452d35db,syntactic,1,ok,0,734.2629209160805,0,"[""/usr/bin/python3"", ""/home/arjaiswal/Polygeist/scripts/correctness/kernel_match_rewrite.py"", ""/home/arjaiswal/Polygeist/issues/aten_c_kernels/results/aten_hspmm_cpu/debuf.mlir"", ""--dry-run"", ""--matcher-mode"", ""syntactic"", ""--telemetry-json"", ""/home/arjaiswal/Polygeist/issues/equality_saturation_eval/campaign_20260908/aten-aten_hspmm_cpu-syntactic-80lobfl1.json"", ""--disable-semantic-fallback""]","== match report for /home/arjaiswal/Polygeist/issues/aten_c_kernels/results/aten_hspmm_cpu/debuf.mlir ==
  match          body#[0]  memset_zero_2D_f32
  total: 1 matched / 1 bodies
",0,[],0,0,0,0,/home/arjaiswal/Polygeist/issues/aten_c_kernels/results/aten_hspmm_cpu/debuf.mlir,3262,0,1,1,280.1874577999115,0,64720,0.016510486602783203,0,2,0,0,"[{""body_indices"": [0], ""symbol"": ""memset_zero_2D_f32""}]",1,0,4,0.0,4
aten,aten_hspmm_cpu,/home/arjaiswal/Polygeist/issues/aten_c_kernels/results/aten_hspmm_cpu/debuf.mlir,201a82667886ed5b7d33220178b12c6ae635a9abf0ab97e011c7231b452d35db,syntactic,2,ok,0,724.6521599590778,0,"[""/usr/bin/python3"", ""/home/arjaiswal/Polygeist/scripts/correctness/kernel_match_rewrite.py"", ""/home/arjaiswal/Polygeist/issues/aten_c_kernels/results/aten_hspmm_cpu/debuf.mlir"", ""--dry-run"", ""--matcher-mode"", ""syntactic"", ""--telemetry-json"", ""/home/arjaiswal/Polygeist/issues/equality_saturation_eval/campaign_20260908/aten-aten_hspmm_cpu-syntactic-3qka0a6u.json"", ""--disable-semantic-fallback""]","== match report for /home/arjaiswal/Polygeist/issues/aten_c_kernels/results/aten_hspmm_cpu/debuf.mlir ==
  match          body#[0]  memset_zero_2D_f32
  total: 1 matched / 1 bodies
",0,[],0,0,0,0,/home/arjaiswal/Polygeist/issues/aten_c_kernels/results/aten_hspmm_cpu/debuf.mlir,3262,0,1,1,301.16303265094757,0,64548,0.01613423228263855,0,2,0,0,"[{""body_indices"": [0], ""symbol"": ""memset_zero_2D_f32""}]",1,0,4,0.0,4
aten,aten_hspmm_cpu,/home/arjaiswal/Polygeist/issues/aten_c_kernels/results/aten_hspmm_cpu/debuf.mlir,201a82667886ed5b7d33220178b12c6ae635a9abf0ab97e011c7231b452d35db,egglog,2,ok,0,691.1453232169151,0,"[""/usr/bin/python3"", ""/home/arjaiswal/Polygeist/scripts/correctness/kernel_match_rewrite.py"", ""/home/arjaiswal/Polygeist/issues/aten_c_kernels/results/aten_hspmm_cpu/debuf.mlir"", ""--dry-run"", ""--matcher-mode"", ""egglog"", ""--telemetry-json"", ""/home/arjaiswal/Polygeist/issues/equality_saturation_eval/campaign_20260908/aten-aten_hspmm_cpu-egglog-o4x7nz9g.json"", ""--disable-semantic-fallback""]","== match report for /home/arjaiswal/Polygeist/issues/aten_c_kernels/results/aten_hspmm_cpu/debuf.mlir ==
  match          body#[0]  memset_zero_2D_f32
  total: 1 matched / 1 bodies
",0,[],0,0,0,0,/home/arjaiswal/Polygeist/issues/aten_c_kernels/results/aten_hspmm_cpu/debuf.mlir,3262,8,1,1,284.9666103720665,0,69500,21.064646542072296,2,2,0,0,"[{""body_indices"": [0], ""symbol"": ""memset_zero_2D_f32""}]",1,0,0,0.0,4
aten,aten_hspmm_cpu,/home/arjaiswal/Polygeist/issues/aten_c_kernels/results/aten_hspmm_cpu/debuf.mlir,201a82667886ed5b7d33220178b12c6ae635a9abf0ab97e011c7231b452d35db,egglog,3,ok,0,747.4393360316753,0,"[""/usr/bin/python3"", ""/home/arjaiswal/Polygeist/scripts/correctness/kernel_match_rewrite.py"", ""/home/arjaiswal/Polygeist/issues/aten_c_kernels/results/aten_hspmm_cpu/debuf.mlir"", ""--dry-run"", ""--matcher-mode"", ""egglog"", ""--telemetry-json"", ""/home/arjaiswal/Polygeist/issues/equality_saturation_eval/campaign_20260908/aten-aten_hspmm_cpu-egglog-kkrx8xxv.json"", ""--disable-semantic-fallback""]","== match report for /home/arjaiswal/Polygeist/issues/aten_c_kernels/results/aten_hspmm_cpu/debuf.mlir ==
  match          body#[0]  memset_zero_2D_f32
  total: 1 matched / 1 bodies
",0,[],0,0,0,0,/home/arjaiswal/Polygeist/issues/aten_c_kernels/results/aten_hspmm_cpu/debuf.mlir,3262,8,1,1,322.20879197120667,0,69412,22.620346397161484,2,2,0,0,"[{""body_indices"": [0], ""symbol"": ""memset_zero_2D_f32""}]",1,0,0,0.0,4
aten,aten_hspmm_cpu,/home/arjaiswal/Polygeist/issues/aten_c_kernels/results/aten_hspmm_cpu/debuf.mlir,201a82667886ed5b7d33220178b12c6ae635a9abf0ab97e011c7231b452d35db,syntactic,3,ok,0,728.5080440342426,0,"[""/usr/bin/python3"", ""/home/arjaiswal/Polygeist/scripts/correctness/kernel_match_rewrite.py"", ""/home/arjaiswal/Polygeist/issues/aten_c_kernels/results/aten_hspmm_cpu/debuf.mlir"", ""--dry-run"", ""--matcher-mode"", ""syntactic"", ""--telemetry-json"", ""/home/arjaiswal/Polygeist/issues/equality_saturation_eval/campaign_20260908/aten-aten_hspmm_cpu-syntactic-yse89224.json"", ""--disable-semantic-fallback""]","== match report for /home/arjaiswal/Polygeist/issues/aten_c_kernels/results/aten_hspmm_cpu/debuf.mlir ==
  match          body#[0]  memset_zero_2D_f32
  total: 1 matched / 1 bodies
",0,[],0,0,0,0,/home/arjaiswal/Polygeist/issues/aten_c_kernels/results/aten_hspmm_cpu/debuf.mlir,3262,0,1,1,282.75473043322563,0,64556,0.018384307622909546,0,2,0,0,"[{""body_indices"": [0], ""symbol"": ""memset_zero_2D_f32""}]",1,0,4,0.0,4
aten,aten_hspmm_cpu,/home/arjaiswal/Polygeist/issues/aten_c_kernels/results/aten_hspmm_cpu/debuf.mlir,201a82667886ed5b7d33220178b12c6ae635a9abf0ab97e011c7231b452d35db,syntactic,4,ok,0,712.5722579658031,0,"[""/usr/bin/python3"", ""/home/arjaiswal/Polygeist/scripts/correctness/kernel_match_rewrite.py"", ""/home/arjaiswal/Polygeist/issues/aten_c_kernels/results/aten_hspmm_cpu/debuf.mlir"", ""--dry-run"", ""--matcher-mode"", ""syntactic"", ""--telemetry-json"", ""/home/arjaiswal/Polygeist/issues/equality_saturation_eval/campaign_20260908/aten-aten_hspmm_cpu-syntactic-cpix8z21.json"", ""--disable-semantic-fallback""]","== match report for /home/arjaiswal/Polygeist/issues/aten_c_kernels/results/aten_hspmm_cpu/debuf.mlir ==
  match          body#[0]  memset_zero_2D_f32
  total: 1 matched / 1 bodies
",0,[],0,0,0,0,/home/arjaiswal/Polygeist/issues/aten_c_kernels/results/aten_hspmm_cpu/debuf.mlir,3262,0,1,1,281.09731525182724,0,64864,0.01685693860054016,0,2,0,0,"[{""body_indices"": [0], ""symbol"": ""memset_zero_2D_f32""}]",1,0,4,0.0,4
aten,aten_hspmm_cpu,/home/arjaiswal/Polygeist/issues/aten_c_kernels/results/aten_hspmm_cpu/debuf.mlir,201a82667886ed5b7d33220178b12c6ae635a9abf0ab97e011c7231b452d35db,egglog,4,ok,0,720.1086916029453,0,"[""/usr/bin/python3"", ""/home/arjaiswal/Polygeist/scripts/correctness/kernel_match_rewrite.py"", ""/home/arjaiswal/Polygeist/issues/aten_c_kernels/results/aten_hspmm_cpu/debuf.mlir"", ""--dry-run"", ""--matcher-mode"", ""egglog"", ""--telemetry-json"", ""/home/arjaiswal/Polygeist/issues/equality_saturation_eval/campaign_20260908/aten-aten_hspmm_cpu-egglog-gsomzedv.json"", ""--disable-semantic-fallback""]","== match report for /home/arjaiswal/Polygeist/issues/aten_c_kernels/results/aten_hspmm_cpu/debuf.mlir ==
  match          body#[0]  memset_zero_2D_f32
  total: 1 matched / 1 bodies
",0,[],0,0,0,0,/home/arjaiswal/Polygeist/issues/aten_c_kernels/results/aten_hspmm_cpu/debuf.mlir,3262,8,1,1,289.37600180506706,0,69544,21.94250375032425,2,2,0,0,"[{""body_indices"": [0], ""symbol"": ""memset_zero_2D_f32""}]",1,0,0,0.0,4
aten,aten_hspmm_cpu,/home/arjaiswal/Polygeist/issues/aten_c_kernels/results/aten_hspmm_cpu/debuf.mlir,201a82667886ed5b7d33220178b12c6ae635a9abf0ab97e011c7231b452d35db,egglog,5,ok,0,726.0493487119675,0,"[""/usr/bin/python3"", ""/home/arjaiswal/Polygeist/scripts/correctness/kernel_match_rewrite.py"", ""/home/arjaiswal/Polygeist/issues/aten_c_kernels/results/aten_hspmm_cpu/debuf.mlir"", ""--dry-run"", ""--matcher-mode"", ""egglog"", ""--telemetry-json"", ""/home/arjaiswal/Polygeist/issues/equality_saturation_eval/campaign_20260908/aten-aten_hspmm_cpu-egglog-sxo2j036.json"", ""--disable-semantic-fallback""]","== match report for /home/arjaiswal/Polygeist/issues/aten_c_kernels/results/aten_hspmm_cpu/debuf.mlir ==
  match          body#[0]  memset_zero_2D_f32
  total: 1 matched / 1 bodies
",0,[],0,0,0,0,/home/arjaiswal/Polygeist/issues/aten_c_kernels/results/aten_hspmm_cpu/debuf.mlir,3262,8,1,1,306.6691644489765,0,69216,24.200819432735443,2,2,0,0,"[{""body_indices"": [0], ""symbol"": ""memset_zero_2D_f32""}]",1,0,0,0.0,4
aten,aten_hspmm_cpu,/home/arjaiswal/Polygeist/issues/aten_c_kernels/results/aten_hspmm_cpu/debuf.mlir,201a82667886ed5b7d33220178b12c6ae635a9abf0ab97e011c7231b452d35db,syntactic,5,ok,0,754.4912360608578,0,"[""/usr/bin/python3"", ""/home/arjaiswal/Polygeist/scripts/correctness/kernel_match_rewrite.py"", ""/home/arjaiswal/Polygeist/issues/aten_c_kernels/results/aten_hspmm_cpu/debuf.mlir"", ""--dry-run"", ""--matcher-mode"", ""syntactic"", ""--telemetry-json"", ""/home/arjaiswal/Polygeist/issues/equality_saturation_eval/campaign_20260908/aten-aten_hspmm_cpu-syntactic-gie7colg.json"", ""--disable-semantic-fallback""]","== match report for /home/arjaiswal/Polygeist/issues/aten_c_kernels/results/aten_hspmm_cpu/debuf.mlir ==
  match          body#[0]  memset_zero_2D_f32
  total: 1 matched / 1 bodies
",0,[],0,0,0,0,/home/arjaiswal/Polygeist/issues/aten_c_kernels/results/aten_hspmm_cpu/debuf.mlir,3262,0,1,1,305.1607981324196,0,64868,0.018298625946044922,0,2,0,0,"[{""body_indices"": [0], ""symbol"": ""memset_zero_2D_f32""}]",1,0,4,0.0,4
aten,aten_huber_backward,/home/arjaiswal/Polygeist/issues/aten_c_kernels/results/aten_huber_backward/debuf.mlir,2aa20532d9669b35755b8a206d303be4e03e2110680f485b0e1d2274a9e2b6be,syntactic,1,ok,0,808.8484033942223,0,"[""/usr/bin/python3"", ""/home/arjaiswal/Polygeist/scripts/correctness/kernel_match_rewrite.py"", ""/home/arjaiswal/Polygeist/issues/aten_c_kernels/results/aten_huber_backward/debuf.mlir"", ""--dry-run"", ""--matcher-mode"", ""syntactic"", ""--telemetry-json"", ""/home/arjaiswal/Polygeist/issues/equality_saturation_eval/campaign_20260908/aten-aten_huber_backward-syntactic-v_lofe87.json"", ""--disable-semantic-fallback""]","== match report for /home/arjaiswal/Polygeist/issues/aten_c_kernels/results/aten_huber_backward/debuf.mlir ==
  match          body#[0]  cudnnPointwiseGraph_f32
  total: 1 matched / 1 bodies
",0,[],0,0,0,0,/home/arjaiswal/Polygeist/issues/aten_c_kernels/results/aten_huber_backward/debuf.mlir,2270,0,1,1,360.9663099050522,0,66524,0.03144517540931702,0,0,0,0,"[{""body_indices"": [0], ""symbol"": ""cudnnPointwiseGraph_f32""}]",1,0,6,0.0,6
aten,aten_huber_backward,/home/arjaiswal/Polygeist/issues/aten_c_kernels/results/aten_huber_backward/debuf.mlir,2aa20532d9669b35755b8a206d303be4e03e2110680f485b0e1d2274a9e2b6be,egglog,1,ok,0,778.5915993154049,0,"[""/usr/bin/python3"", ""/home/arjaiswal/Polygeist/scripts/correctness/kernel_match_rewrite.py"", ""/home/arjaiswal/Polygeist/issues/aten_c_kernels/results/aten_huber_backward/debuf.mlir"", ""--dry-run"", ""--matcher-mode"", ""egglog"", ""--telemetry-json"", ""/home/arjaiswal/Polygeist/issues/equality_saturation_eval/campaign_20260908/aten-aten_huber_backward-egglog-18uasuso.json"", ""--disable-semantic-fallback""]","== match report for /home/arjaiswal/Polygeist/issues/aten_c_kernels/results/aten_huber_backward/debuf.mlir ==
  match          body#[0]  cudnnPointwiseGraph_f32
  total: 1 matched / 1 bodies
",0,[],0,0,0,0,/home/arjaiswal/Polygeist/issues/aten_c_kernels/results/aten_huber_backward/debuf.mlir,2270,8,1,1,362.4221198260784,0,66476,0.0,0,0,0,0,"[{""body_indices"": [0], ""symbol"": ""cudnnPointwiseGraph_f32""}]",1,0,0,0.0,6
aten,aten_huber_backward,/home/arjaiswal/Polygeist/issues/aten_c_kernels/results/aten_huber_backward/debuf.mlir,2aa20532d9669b35755b8a206d303be4e03e2110680f485b0e1d2274a9e2b6be,egglog,2,ok,0,774.0987502038479,0,"[""/usr/bin/python3"", ""/home/arjaiswal/Polygeist/scripts/correctness/kernel_match_rewrite.py"", ""/home/arjaiswal/Polygeist/issues/aten_c_kernels/results/aten_huber_backward/debuf.mlir"", ""--dry-run"", ""--matcher-mode"", ""egglog"", ""--telemetry-json"", ""/home/arjaiswal/Polygeist/issues/equality_saturation_eval/campaign_20260908/aten-aten_huber_backward-egglog-dboi7zut.json"", ""--disable-semantic-fallback""]","== match report for /home/arjaiswal/Polygeist/issues/aten_c_kernels/results/aten_huber_backward/debuf.mlir ==
  match          body#[0]  cudnnPointwiseGraph_f32
  total: 1 matched / 1 bodies
",0,[],0,0,0,0,/home/arjaiswal/Polygeist/issues/aten_c_kernels/results/aten_huber_backward/debuf.mlir,2270,8,1,1,348.3099490404129,0,66616,0.0,0,0,0,0,"[{""body_indices"": [0], ""symbol"": ""cudnnPointwiseGraph_f32""}]",1,0,0,0.0,6
aten,aten_huber_backward,/home/arjaiswal/Polygeist/issues/aten_c_kernels/results/aten_huber_backward/debuf.mlir,2aa20532d9669b35755b8a206d303be4e03e2110680f485b0e1d2274a9e2b6be,syntactic,2,ok,0,777.7657806873322,0,"[""/usr/bin/python3"", ""/home/arjaiswal/Polygeist/scripts/correctness/kernel_match_rewrite.py"", ""/home/arjaiswal/Polygeist/issues/aten_c_kernels/results/aten_huber_backward/debuf.mlir"", ""--dry-run"", ""--matcher-mode"", ""syntactic"", ""--telemetry-json"", ""/home/arjaiswal/Polygeist/issues/equality_saturation_eval/campaign_20260908/aten-aten_huber_backward-syntactic-3hqqdx49.json"", ""--disable-semantic-fallback""]","== match report for /home/arjaiswal/Polygeist/issues/aten_c_kernels/results/aten_huber_backward/debuf.mlir ==
  match          body#[0]  cudnnPointwiseGraph_f32
  total: 1 matched / 1 bodies
",0,[],0,0,0,0,/home/arjaiswal/Polygeist/issues/aten_c_kernels/results/aten_huber_backward/debuf.mlir,2270,0,1,1,358.44800993800163,0,66528,0.03134831786155701,0,0,0,0,"[{""body_indices"": [0], ""symbol"": ""cudnnPointwiseGraph_f32""}]",1,0,6,0.0,6
aten,aten_huber_backward,/home/arjaiswal/Polygeist/issues/aten_c_kernels/results/aten_huber_backward/debuf.mlir,2aa20532d9669b35755b8a206d303be4e03e2110680f485b0e1d2274a9e2b6be,syntactic,3,ok,0,780.9978574514389,0,"[""/usr/bin/python3"", ""/home/arjaiswal/Polygeist/scripts/correctness/kernel_match_rewrite.py"", ""/home/arjaiswal/Polygeist/issues/aten_c_kernels/results/aten_huber_backward/debuf.mlir"", ""--dry-run"", ""--matcher-mode"", ""syntactic"", ""--telemetry-json"", ""/home/arjaiswal/Polygeist/issues/equality_saturation_eval/campaign_20260908/aten-aten_huber_backward-syntactic-ebc32szr.json"", ""--disable-semantic-fallback""]","== match report for /home/arjaiswal/Polygeist/issues/aten_c_kernels/results/aten_huber_backward/debuf.mlir ==
  match          body#[0]  cudnnPointwiseGraph_f32
  total: 1 matched / 1 bodies
",0,[],0,0,0,0,/home/arjaiswal/Polygeist/issues/aten_c_kernels/results/aten_huber_backward/debuf.mlir,2270,0,1,1,340.01415222883224,0,66280,0.03193691372871399,0,0,0,0,"[{""body_indices"": [0], ""symbol"": ""cudnnPointwiseGraph_f32""}]",1,0,6,0.0,6
aten,aten_huber_backward,/home/arjaiswal/Polygeist/issues/aten_c_kernels/results/aten_huber_backward/debuf.mlir,2aa20532d9669b35755b8a206d303be4e03e2110680f485b0e1d2274a9e2b6be,egglog,3,ok,0,817.7426047623158,0,"[""/usr/bin/python3"", ""/home/arjaiswal/Polygeist/scripts/correctness/kernel_match_rewrite.py"", ""/home/arjaiswal/Polygeist/issues/aten_c_kernels/results/aten_huber_backward/debuf.mlir"", ""--dry-run"", ""--matcher-mode"", ""egglog"", ""--telemetry-json"", ""/home/arjaiswal/Polygeist/issues/equality_saturation_eval/campaign_20260908/aten-aten_huber_backward-egglog-mzbixbud.json"", ""--disable-semantic-fallback""]","== match report for /home/arjaiswal/Polygeist/issues/aten_c_kernels/results/aten_huber_backward/debuf.mlir ==
  match          body#[0]  cudnnPointwiseGraph_f32
  total: 1 matched / 1 bodies
",0,[],0,0,0,0,/home/arjaiswal/Polygeist/issues/aten_c_kernels/results/aten_huber_backward/debuf.mlir,2270,8,1,1,398.9149108529091,0,66496,0.0,0,0,0,0,"[{""body_indices"": [0], ""symbol"": ""cudnnPointwiseGraph_f32""}]",1,0,0,0.0,6
aten,aten_huber_backward,/home/arjaiswal/Polygeist/issues/aten_c_kernels/results/aten_huber_backward/debuf.mlir,2aa20532d9669b35755b8a206d303be4e03e2110680f485b0e1d2274a9e2b6be,egglog,4,ok,0,801.5249520540237,0,"[""/usr/bin/python3"", ""/home/arjaiswal/Polygeist/scripts/correctness/kernel_match_rewrite.py"", ""/home/arjaiswal/Polygeist/issues/aten_c_kernels/results/aten_huber_backward/debuf.mlir"", ""--dry-run"", ""--matcher-mode"", ""egglog"", ""--telemetry-json"", ""/home/arjaiswal/Polygeist/issues/equality_saturation_eval/campaign_20260908/aten-aten_huber_backward-egglog-cwct1s0o.json"", ""--disable-semantic-fallback""]","== match report for /home/arjaiswal/Polygeist/issues/aten_c_kernels/results/aten_huber_backward/debuf.mlir ==
  match          body#[0]  cudnnPointwiseGraph_f32
  total: 1 matched / 1 bodies
",0,[],0,0,0,0,/home/arjaiswal/Polygeist/issues/aten_c_kernels/results/aten_huber_backward/debuf.mlir,2270,8,1,1,359.2977896332741,0,66492,0.0,0,0,0,0,"[{""body_indices"": [0], ""symbol"": ""cudnnPointwiseGraph_f32""}]",1,0,0,0.0,6
aten,aten_huber_backward,/home/arjaiswal/Polygeist/issues/aten_c_kernels/results/aten_huber_backward/debuf.mlir,2aa20532d9669b35755b8a206d303be4e03e2110680f485b0e1d2274a9e2b6be,syntactic,4,ok,0,800.8738048374653,0,"[""/usr/bin/python3"", ""/home/arjaiswal/Polygeist/scripts/correctness/kernel_match_rewrite.py"", ""/home/arjaiswal/Polygeist/issues/aten_c_kernels/results/aten_huber_backward/debuf.mlir"", ""--dry-run"", ""--matcher-mode"", ""syntactic"", ""--telemetry-json"", ""/home/arjaiswal/Polygeist/issues/equality_saturation_eval/campaign_20260908/aten-aten_huber_backward-syntactic-0yjqh1uk.json"", ""--disable-semantic-fallback""]","== match report for /home/arjaiswal/Polygeist/issues/aten_c_kernels/results/aten_huber_backward/debuf.mlir ==
  match          body#[0]  cudnnPointwiseGraph_f32
  total: 1 matched / 1 bodies
",0,[],0,0,0,0,/home/arjaiswal/Polygeist/issues/aten_c_kernels/results/aten_huber_backward/debuf.mlir,2270,0,1,1,357.9975329339504,0,66556,0.03061816096305847,0,0,0,0,"[{""body_indices"": [0], ""symbol"": ""cudnnPointwiseGraph_f32""}]",1,0,6,0.0,6
aten,aten_huber_backward,/home/arjaiswal/Polygeist/issues/aten_c_kernels/results/aten_huber_backward/debuf.mlir,2aa20532d9669b35755b8a206d303be4e03e2110680f485b0e1d2274a9e2b6be,syntactic,5,ok,0,763.3632011711597,0,"[""/usr/bin/python3"", ""/home/arjaiswal/Polygeist/scripts/correctness/kernel_match_rewrite.py"", ""/home/arjaiswal/Polygeist/issues/aten_c_kernels/results/aten_huber_backward/debuf.mlir"", ""--dry-run"", ""--matcher-mode"", ""syntactic"", ""--telemetry-json"", ""/home/arjaiswal/Polygeist/issues/equality_saturation_eval/campaign_20260908/aten-aten_huber_backward-syntactic-ol27cabx.json"", ""--disable-semantic-fallback""]","== match report for /home/arjaiswal/Polygeist/issues/aten_c_kernels/results/aten_huber_backward/debuf.mlir ==
  match          body#[0]  cudnnPointwiseGraph_f32
  total: 1 matched / 1 bodies
",0,[],0,0,0,0,/home/arjaiswal/Polygeist/issues/aten_c_kernels/results/aten_huber_backward/debuf.mlir,2270,0,1,1,337.96484395861626,0,66552,0.031385570764541626,0,0,0,0,"[{""body_indices"": [0], ""symbol"": ""cudnnPointwiseGraph_f32""}]",1,0,6,0.0,6
aten,aten_huber_backward,/home/arjaiswal/Polygeist/issues/aten_c_kernels/results/aten_huber_backward/debuf.mlir,2aa20532d9669b35755b8a206d303be4e03e2110680f485b0e1d2274a9e2b6be,egglog,5,ok,0,773.9523276686668,0,"[""/usr/bin/python3"", ""/home/arjaiswal/Polygeist/scripts/correctness/kernel_match_rewrite.py"", ""/home/arjaiswal/Polygeist/issues/aten_c_kernels/results/aten_huber_backward/debuf.mlir"", ""--dry-run"", ""--matcher-mode"", ""egglog"", ""--telemetry-json"", ""/home/arjaiswal/Polygeist/issues/equality_saturation_eval/campaign_20260908/aten-aten_huber_backward-egglog-m34r34qd.json"", ""--disable-semantic-fallback""]","== match report for /home/arjaiswal/Polygeist/issues/aten_c_kernels/results/aten_huber_backward/debuf.mlir ==
  match          body#[0]  cudnnPointwiseGraph_f32
  total: 1 matched / 1 bodies
",0,[],0,0,0,0,/home/arjaiswal/Polygeist/issues/aten_c_kernels/results/aten_huber_backward/debuf.mlir,2270,8,1,1,356.28557950258255,0,66664,0.0,0,0,0,0,"[{""body_indices"": [0], ""symbol"": ""cudnnPointwiseGraph_f32""}]",1,0,0,0.0,6
aten,aten_huber_elementwise,/home/arjaiswal/Polygeist/issues/aten_c_kernels/results/aten_huber_elementwise/debuf.mlir,53c486f36aadd49353b31dfb45851b1fea25793c0bc8c8c199e05d0f8382a0ce,egglog,1,ok,0,796.2316162884235,0,"[""/usr/bin/python3"", ""/home/arjaiswal/Polygeist/scripts/correctness/kernel_match_rewrite.py"", ""/home/arjaiswal/Polygeist/issues/aten_c_kernels/results/aten_huber_elementwise/debuf.mlir"", ""--dry-run"", ""--matcher-mode"", ""egglog"", ""--telemetry-json"", ""/home/arjaiswal/Polygeist/issues/equality_saturation_eval/campaign_20260908/aten-aten_huber_elementwise-egglog-jg8n38tw.json"", ""--disable-semantic-fallback""]","== match report for /home/arjaiswal/Polygeist/issues/aten_c_kernels/results/aten_huber_elementwise/debuf.mlir ==
  match          body#[0]  cudnnPointwiseGraph_f32
  total: 1 matched / 1 bodies
",0,[],0,0,0,0,/home/arjaiswal/Polygeist/issues/aten_c_kernels/results/aten_huber_elementwise/debuf.mlir,2398,8,1,1,361.80655285716057,0,66984,0.0,0,0,0,0,"[{""body_indices"": [0], ""symbol"": ""cudnnPointwiseGraph_f32""}]",1,0,0,0.0,6
aten,aten_huber_elementwise,/home/arjaiswal/Polygeist/issues/aten_c_kernels/results/aten_huber_elementwise/debuf.mlir,53c486f36aadd49353b31dfb45851b1fea25793c0bc8c8c199e05d0f8382a0ce,syntactic,1,ok,0,833.7730467319489,0,"[""/usr/bin/python3"", ""/home/arjaiswal/Polygeist/scripts/correctness/kernel_match_rewrite.py"", ""/home/arjaiswal/Polygeist/issues/aten_c_kernels/results/aten_huber_elementwise/debuf.mlir"", ""--dry-run"", ""--matcher-mode"", ""syntactic"", ""--telemetry-json"", ""/home/arjaiswal/Polygeist/issues/equality_saturation_eval/campaign_20260908/aten-aten_huber_elementwise-syntactic-6kh8gbv8.json"", ""--disable-semantic-fallback""]","== match report for /home/arjaiswal/Polygeist/issues/aten_c_kernels/results/aten_huber_elementwise/debuf.mlir ==
  match          body#[0]  cudnnPointwiseGraph_f32
  total: 1 matched / 1 bodies
",0,[],0,0,0,0,/home/arjaiswal/Polygeist/issues/aten_c_kernels/results/aten_huber_elementwise/debuf.mlir,2398,0,1,1,359.01812091469765,0,66976,0.032998621463775635,0,0,0,0,"[{""body_indices"": [0], ""symbol"": ""cudnnPointwiseGraph_f32""}]",1,0,6,0.0,6
aten,aten_huber_elementwise,/home/arjaiswal/Polygeist/issues/aten_c_kernels/results/aten_huber_elementwise/debuf.mlir,53c486f36aadd49353b31dfb45851b1fea25793c0bc8c8c199e05d0f8382a0ce,syntactic,2,ok,0,798.7102381885052,0,"[""/usr/bin/python3"", ""/home/arjaiswal/Polygeist/scripts/correctness/kernel_match_rewrite.py"", ""/home/arjaiswal/Polygeist/issues/aten_c_kernels/results/aten_huber_elementwise/debuf.mlir"", ""--dry-run"", ""--matcher-mode"", ""syntactic"", ""--telemetry-json"", ""/home/arjaiswal/Polygeist/issues/equality_saturation_eval/campaign_20260908/aten-aten_huber_elementwise-syntactic-6xpt9uth.json"", ""--disable-semantic-fallback""]","== match report for /home/arjaiswal/Polygeist/issues/aten_c_kernels/results/aten_huber_elementwise/debuf.mlir ==
  match          body#[0]  cudnnPointwiseGraph_f32
  total: 1 matched / 1 bodies
",0,[],0,0,0,0,/home/arjaiswal/Polygeist/issues/aten_c_kernels/results/aten_huber_elementwise/debuf.mlir,2398,0,1,1,378.02645564079285,0,66656,0.03152340650558472,0,0,0,0,"[{""body_indices"": [0], ""symbol"": ""cudnnPointwiseGraph_f32""}]",1,0,6,0.0,6
aten,aten_huber_elementwise,/home/arjaiswal/Polygeist/issues/aten_c_kernels/results/aten_huber_elementwise/debuf.mlir,53c486f36aadd49353b31dfb45851b1fea25793c0bc8c8c199e05d0f8382a0ce,egglog,2,ok,0,809.2829808592796,0,"[""/usr/bin/python3"", ""/home/arjaiswal/Polygeist/scripts/correctness/kernel_match_rewrite.py"", ""/home/arjaiswal/Polygeist/issues/aten_c_kernels/results/aten_huber_elementwise/debuf.mlir"", ""--dry-run"", ""--matcher-mode"", ""egglog"", ""--telemetry-json"", ""/home/arjaiswal/Polygeist/issues/equality_saturation_eval/campaign_20260908/aten-aten_huber_elementwise-egglog-ug5swq_3.json"", ""--disable-semantic-fallback""]","== match report for /home/arjaiswal/Polygeist/issues/aten_c_kernels/results/aten_huber_elementwise/debuf.mlir ==
  match          body#[0]  cudnnPointwiseGraph_f32
  total: 1 matched / 1 bodies
",0,[],0,0,0,0,/home/arjaiswal/Polygeist/issues/aten_c_kernels/results/aten_huber_elementwise/debuf.mlir,2398,8,1,1,374.71160665154457,0,66704,0.0,0,0,0,0,"[{""body_indices"": [0], ""symbol"": ""cudnnPointwiseGraph_f32""}]",1,0,0,0.0,6
aten,aten_huber_elementwise,/home/arjaiswal/Polygeist/issues/aten_c_kernels/results/aten_huber_elementwise/debuf.mlir,53c486f36aadd49353b31dfb45851b1fea25793c0bc8c8c199e05d0f8382a0ce,egglog,3,ok,0,759.066928178072,0,"[""/usr/bin/python3"", ""/home/arjaiswal/Polygeist/scripts/correctness/kernel_match_rewrite.py"", ""/home/arjaiswal/Polygeist/issues/aten_c_kernels/results/aten_huber_elementwise/debuf.mlir"", ""--dry-run"", ""--matcher-mode"", ""egglog"", ""--telemetry-json"", ""/home/arjaiswal/Polygeist/issues/equality_saturation_eval/campaign_20260908/aten-aten_huber_elementwise-egglog-5hbqy6eh.json"", ""--disable-semantic-fallback""]","== match report for /home/arjaiswal/Polygeist/issues/aten_c_kernels/results/aten_huber_elementwise/debuf.mlir ==
  match          body#[0]  cudnnPointwiseGraph_f32
  total: 1 matched / 1 bodies
",0,[],0,0,0,0,/home/arjaiswal/Polygeist/issues/aten_c_kernels/results/aten_huber_elementwise/debuf.mlir,2398,8,1,1,354.37481850385666,0,66928,0.0,0,0,0,0,"[{""body_indices"": [0], ""symbol"": ""cudnnPointwiseGraph_f32""}]",1,0,0,0.0,6
aten,aten_huber_elementwise,/home/arjaiswal/Polygeist/issues/aten_c_kernels/results/aten_huber_elementwise/debuf.mlir,53c486f36aadd49353b31dfb45851b1fea25793c0bc8c8c199e05d0f8382a0ce,syntactic,3,ok,0,791.7610332369804,0,"[""/usr/bin/python3"", ""/home/arjaiswal/Polygeist/scripts/correctness/kernel_match_rewrite.py"", ""/home/arjaiswal/Polygeist/issues/aten_c_kernels/results/aten_huber_elementwise/debuf.mlir"", ""--dry-run"", ""--matcher-mode"", ""syntactic"", ""--telemetry-json"", ""/home/arjaiswal/Polygeist/issues/equality_saturation_eval/campaign_20260908/aten-aten_huber_elementwise-syntactic-bc3g9p3l.json"", ""--disable-semantic-fallback""]","== match report for /home/arjaiswal/Polygeist/issues/aten_c_kernels/results/aten_huber_elementwise/debuf.mlir ==
  match          body#[0]  cudnnPointwiseGraph_f32
  total: 1 matched / 1 bodies
",0,[],0,0,0,0,/home/arjaiswal/Polygeist/issues/aten_c_kernels/results/aten_huber_elementwise/debuf.mlir,2398,0,1,1,369.79469656944275,0,66564,0.029198825359344482,0,0,0,0,"[{""body_indices"": [0], ""symbol"": ""cudnnPointwiseGraph_f32""}]",1,0,6,0.0,6
aten,aten_huber_elementwise,/home/arjaiswal/Polygeist/issues/aten_c_kernels/results/aten_huber_elementwise/debuf.mlir,53c486f36aadd49353b31dfb45851b1fea25793c0bc8c8c199e05d0f8382a0ce,syntactic,4,ok,0,779.7379605472088,0,"[""/usr/bin/python3"", ""/home/arjaiswal/Polygeist/scripts/correctness/kernel_match_rewrite.py"", ""/home/arjaiswal/Polygeist/issues/aten_c_kernels/results/aten_huber_elementwise/debuf.mlir"", ""--dry-run"", ""--matcher-mode"", ""syntactic"", ""--telemetry-json"", ""/home/arjaiswal/Polygeist/issues/equality_saturation_eval/campaign_20260908/aten-aten_huber_elementwise-syntactic-0ohgjsed.json"", ""--disable-semantic-fallback""]","== match report for /home/arjaiswal/Polygeist/issues/aten_c_kernels/results/aten_huber_elementwise/debuf.mlir ==
  match          body#[0]  cudnnPointwiseGraph_f32
  total: 1 matched / 1 bodies
",0,[],0,0,0,0,/home/arjaiswal/Polygeist/issues/aten_c_kernels/results/aten_huber_elementwise/debuf.mlir,2398,0,1,1,367.1308681368828,0,66664,0.028405338525772095,0,0,0,0,"[{""body_indices"": [0], ""symbol"": ""cudnnPointwiseGraph_f32""}]",1,0,6,0.0,6
aten,aten_huber_elementwise,/home/arjaiswal/Polygeist/issues/aten_c_kernels/results/aten_huber_elementwise/debuf.mlir,53c486f36aadd49353b31dfb45851b1fea25793c0bc8c8c199e05d0f8382a0ce,egglog,4,ok,0,784.1157428920269,0,"[""/usr/bin/python3"", ""/home/arjaiswal/Polygeist/scripts/correctness/kernel_match_rewrite.py"", ""/home/arjaiswal/Polygeist/issues/aten_c_kernels/results/aten_huber_elementwise/debuf.mlir"", ""--dry-run"", ""--matcher-mode"", ""egglog"", ""--telemetry-json"", ""/home/arjaiswal/Polygeist/issues/equality_saturation_eval/campaign_20260908/aten-aten_huber_elementwise-egglog-jxq2ubzi.json"", ""--disable-semantic-fallback""]","== match report for /home/arjaiswal/Polygeist/issues/aten_c_kernels/results/aten_huber_elementwise/debuf.mlir ==
  match          body#[0]  cudnnPointwiseGraph_f32
  total: 1 matched / 1 bodies
",0,[],0,0,0,0,/home/arjaiswal/Polygeist/issues/aten_c_kernels/results/aten_huber_elementwise/debuf.mlir,2398,8,1,1,352.5116518139839,0,66872,0.0,0,0,0,0,"[{""body_indices"": [0], ""symbol"": ""cudnnPointwiseGraph_f32""}]",1,0,0,0.0,6
aten,aten_huber_elementwise,/home/arjaiswal/Polygeist/issues/aten_c_kernels/results/aten_huber_elementwise/debuf.mlir,53c486f36aadd49353b31dfb45851b1fea25793c0bc8c8c199e05d0f8382a0ce,egglog,5,ok,0,779.2650498449802,0,"[""/usr/bin/python3"", ""/home/arjaiswal/Polygeist/scripts/correctness/kernel_match_rewrite.py"", ""/home/arjaiswal/Polygeist/issues/aten_c_kernels/results/aten_huber_elementwise/debuf.mlir"", ""--dry-run"", ""--matcher-mode"", ""egglog"", ""--telemetry-json"", ""/home/arjaiswal/Polygeist/issues/equality_saturation_eval/campaign_20260908/aten-aten_huber_elementwise-egglog-z7adcqs0.json"", ""--disable-semantic-fallback""]","== match report for /home/arjaiswal/Polygeist/issues/aten_c_kernels/results/aten_huber_elementwise/debuf.mlir ==
  match          body#[0]  cudnnPointwiseGraph_f32
  total: 1 matched / 1 bodies
",0,[],0,0,0,0,/home/arjaiswal/Polygeist/issues/aten_c_kernels/results/aten_huber_elementwise/debuf.mlir,2398,8,1,1,359.56156998872757,0,66708,0.0,0,0,0,0,"[{""body_indices"": [0], ""symbol"": ""cudnnPointwiseGraph_f32""}]",1,0,0,0.0,6
aten,aten_huber_elementwise,/home/arjaiswal/Polygeist/issues/aten_c_kernels/results/aten_huber_elementwise/debuf.mlir,53c486f36aadd49353b31dfb45851b1fea25793c0bc8c8c199e05d0f8382a0ce,syntactic,5,ok,0,814.386572688818,0,"[""/usr/bin/python3"", ""/home/arjaiswal/Polygeist/scripts/correctness/kernel_match_rewrite.py"", ""/home/arjaiswal/Polygeist/issues/aten_c_kernels/results/aten_huber_elementwise/debuf.mlir"", ""--dry-run"", ""--matcher-mode"", ""syntactic"", ""--telemetry-json"", ""/home/arjaiswal/Polygeist/issues/equality_saturation_eval/campaign_20260908/aten-aten_huber_elementwise-syntactic-teqwuepk.json"", ""--disable-semantic-fallback""]","== match report for /home/arjaiswal/Polygeist/issues/aten_c_kernels/results/aten_huber_elementwise/debuf.mlir ==
  match          body#[0]  cudnnPointwiseGraph_f32
  total: 1 matched / 1 bodies
",0,[],0,0,0,0,/home/arjaiswal/Polygeist/issues/aten_c_kernels/results/aten_huber_elementwise/debuf.mlir,2398,0,1,1,396.02671191096306,0,66852,0.03431737422943115,0,0,0,0,"[{""body_indices"": [0], ""symbol"": ""cudnnPointwiseGraph_f32""}]",1,0,6,0.0,6
aten,aten_hypot,/home/arjaiswal/Polygeist/issues/aten_c_kernels/results/aten_hypot/debuf.mlir,813ddba12dad68a9a0fb13cdb1af7b0a614793b94e3d70b2b31d1161a756666d,syntactic,1,ok,0,708.7832689285278,0,"[""/usr/bin/python3"", ""/home/arjaiswal/Polygeist/scripts/correctness/kernel_match_rewrite.py"", ""/home/arjaiswal/Polygeist/issues/aten_c_kernels/results/aten_hypot/debuf.mlir"", ""--dry-run"", ""--matcher-mode"", ""syntactic"", ""--telemetry-json"", ""/home/arjaiswal/Polygeist/issues/equality_saturation_eval/campaign_20260908/aten-aten_hypot-syntactic-47oy3f_d.json"", ""--disable-semantic-fallback""]","== match report for /home/arjaiswal/Polygeist/issues/aten_c_kernels/results/aten_hypot/debuf.mlir ==
  match          body#[0]  cudnnPointwiseGraph_f32
  total: 1 matched / 1 bodies
",0,[],0,0,0,0,/home/arjaiswal/Polygeist/issues/aten_c_kernels/results/aten_hypot/debuf.mlir,2020,0,1,1,293.60679164528847,0,65480,0.019434839487075806,0,0,0,0,"[{""body_indices"": [0], ""symbol"": ""cudnnPointwiseGraph_f32""}]",1,0,6,0.0,6
aten,aten_hypot,/home/arjaiswal/Polygeist/issues/aten_c_kernels/results/aten_hypot/debuf.mlir,813ddba12dad68a9a0fb13cdb1af7b0a614793b94e3d70b2b31d1161a756666d,egglog,1,ok,0,701.1566013097763,0,"[""/usr/bin/python3"", ""/home/arjaiswal/Polygeist/scripts/correctness/kernel_match_rewrite.py"", ""/home/arjaiswal/Polygeist/issues/aten_c_kernels/results/aten_hypot/debuf.mlir"", ""--dry-run"", ""--matcher-mode"", ""egglog"", ""--telemetry-json"", ""/home/arjaiswal/Polygeist/issues/equality_saturation_eval/campaign_20260908/aten-aten_hypot-egglog-_1oeyewe.json"", ""--disable-semantic-fallback""]","== match report for /home/arjaiswal/Polygeist/issues/aten_c_kernels/results/aten_hypot/debuf.mlir ==
  match          body#[0]  cudnnPointwiseGraph_f32
  total: 1 matched / 1 bodies
",0,[],0,0,0,0,/home/arjaiswal/Polygeist/issues/aten_c_kernels/results/aten_hypot/debuf.mlir,2020,8,1,1,285.0177139043808,0,65644,0.0,0,0,0,0,"[{""body_indices"": [0], ""symbol"": ""cudnnPointwiseGraph_f32""}]",1,0,0,0.0,6
aten,aten_hypot,/home/arjaiswal/Polygeist/issues/aten_c_kernels/results/aten_hypot/debuf.mlir,813ddba12dad68a9a0fb13cdb1af7b0a614793b94e3d70b2b31d1161a756666d,egglog,2,ok,0,725.9915731847286,0,"[""/usr/bin/python3"", ""/home/arjaiswal/Polygeist/scripts/correctness/kernel_match_rewrite.py"", ""/home/arjaiswal/Polygeist/issues/aten_c_kernels/results/aten_hypot/debuf.mlir"", ""--dry-run"", ""--matcher-mode"", ""egglog"", ""--telemetry-json"", ""/home/arjaiswal/Polygeist/issues/equality_saturation_eval/campaign_20260908/aten-aten_hypot-egglog-4j49jkno.json"", ""--disable-semantic-fallback""]","== match report for /home/arjaiswal/Polygeist/issues/aten_c_kernels/results/aten_hypot/debuf.mlir ==
  match          body#[0]  cudnnPointwiseGraph_f32
  total: 1 matched / 1 bodies
",0,[],0,0,0,0,/home/arjaiswal/Polygeist/issues/aten_c_kernels/results/aten_hypot/debuf.mlir,2020,8,1,1,294.0230891108513,0,65740,0.0,0,0,0,0,"[{""body_indices"": [0], ""symbol"": ""cudnnPointwiseGraph_f32""}]",1,0,0,0.0,6
aten,aten_hypot,/home/arjaiswal/Polygeist/issues/aten_c_kernels/results/aten_hypot/debuf.mlir,813ddba12dad68a9a0fb13cdb1af7b0a614793b94e3d70b2b31d1161a756666d,syntactic,2,ok,0,745.5137073993683,0,"[""/usr/bin/python3"", ""/home/arjaiswal/Polygeist/scripts/correctness/kernel_match_rewrite.py"", ""/home/arjaiswal/Polygeist/issues/aten_c_kernels/results/aten_hypot/debuf.mlir"", ""--dry-run"", ""--matcher-mode"", ""syntactic"", ""--telemetry-json"", ""/home/arjaiswal/Polygeist/issues/equality_saturation_eval/campaign_20260908/aten-aten_hypot-syntactic-e1wc7rjz.json"", ""--disable-semantic-fallback""]","== match report for /home/arjaiswal/Polygeist/issues/aten_c_kernels/results/aten_hypot/debuf.mlir ==
  match          body#[0]  cudnnPointwiseGraph_f32
  total: 1 matched / 1 bodies
",0,[],0,0,0,0,/home/arjaiswal/Polygeist/issues/aten_c_kernels/results/aten_hypot/debuf.mlir,2020,0,1,1,314.5955130457878,0,65760,0.03658607602119446,0,0,0,0,"[{""body_indices"": [0], ""symbol"": ""cudnnPointwiseGraph_f32""}]",1,0,6,0.0,6
aten,aten_hypot,/home/arjaiswal/Polygeist/issues/aten_c_kernels/results/aten_hypot/debuf.mlir,813ddba12dad68a9a0fb13cdb1af7b0a614793b94e3d70b2b31d1161a756666d,syntactic,3,ok,0,691.2292204797268,0,"[""/usr/bin/python3"", ""/home/arjaiswal/Polygeist/scripts/correctness/kernel_match_rewrite.py"", ""/home/arjaiswal/Polygeist/issues/aten_c_kernels/results/aten_hypot/debuf.mlir"", ""--dry-run"", ""--matcher-mode"", ""syntactic"", ""--telemetry-json"", ""/home/arjaiswal/Polygeist/issues/equality_saturation_eval/campaign_20260908/aten-aten_hypot-syntactic-znqhxpak.json"", ""--disable-semantic-fallback""]","== match report for /home/arjaiswal/Polygeist/issues/aten_c_kernels/results/aten_hypot/debuf.mlir ==
  match          body#[0]  cudnnPointwiseGraph_f32
  total: 1 matched / 1 bodies
",0,[],0,0,0,0,/home/arjaiswal/Polygeist/issues/aten_c_kernels/results/aten_hypot/debuf.mlir,2020,0,1,1,284.7396060824394,0,65608,0.01695379614830017,0,0,0,0,"[{""body_indices"": [0], ""symbol"": ""cudnnPointwiseGraph_f32""}]",1,0,6,0.0,6
aten,aten_hypot,/home/arjaiswal/Polygeist/issues/aten_c_kernels/results/aten_hypot/debuf.mlir,813ddba12dad68a9a0fb13cdb1af7b0a614793b94e3d70b2b31d1161a756666d,egglog,3,ok,0,715.207401663065,0,"[""/usr/bin/python3"", ""/home/arjaiswal/Polygeist/scripts/correctness/kernel_match_rewrite.py"", ""/home/arjaiswal/Polygeist/issues/aten_c_kernels/results/aten_hypot/debuf.mlir"", ""--dry-run"", ""--matcher-mode"", ""egglog"", ""--telemetry-json"", ""/home/arjaiswal/Polygeist/issues/equality_saturation_eval/campaign_20260908/aten-aten_hypot-egglog-wx04uike.json"", ""--disable-semantic-fallback""]","== match report for /home/arjaiswal/Polygeist/issues/aten_c_kernels/results/aten_hypot/debuf.mlir ==
  match          body#[0]  cudnnPointwiseGraph_f32
  total: 1 matched / 1 bodies
",0,[],0,0,0,0,/home/arjaiswal/Polygeist/issues/aten_c_kernels/results/aten_hypot/debuf.mlir,2020,8,1,1,303.69291827082634,0,65532,0.0,0,0,0,0,"[{""body_indices"": [0], ""symbol"": ""cudnnPointwiseGraph_f32""}]",1,0,0,0.0,6
aten,aten_hypot,/home/arjaiswal/Polygeist/issues/aten_c_kernels/results/aten_hypot/debuf.mlir,813ddba12dad68a9a0fb13cdb1af7b0a614793b94e3d70b2b31d1161a756666d,egglog,4,ok,0,726.1157259345055,0,"[""/usr/bin/python3"", ""/home/arjaiswal/Polygeist/scripts/correctness/kernel_match_rewrite.py"", ""/home/arjaiswal/Polygeist/issues/aten_c_kernels/results/aten_hypot/debuf.mlir"", ""--dry-run"", ""--matcher-mode"", ""egglog"", ""--telemetry-json"", ""/home/arjaiswal/Polygeist/issues/equality_saturation_eval/campaign_20260908/aten-aten_hypot-egglog-38gh4can.json"", ""--disable-semantic-fallback""]","== match report for /home/arjaiswal/Polygeist/issues/aten_c_kernels/results/aten_hypot/debuf.mlir ==
  match          body#[0]  cudnnPointwiseGraph_f32
  total: 1 matched / 1 bodies
",0,[],0,0,0,0,/home/arjaiswal/Polygeist/issues/aten_c_kernels/results/aten_hypot/debuf.mlir,2020,8,1,1,304.3922670185566,0,65628,0.0,0,0,0,0,"[{""body_indices"": [0], ""symbol"": ""cudnnPointwiseGraph_f32""}]",1,0,0,0.0,6
aten,aten_hypot,/home/arjaiswal/Polygeist/issues/aten_c_kernels/results/aten_hypot/debuf.mlir,813ddba12dad68a9a0fb13cdb1af7b0a614793b94e3d70b2b31d1161a756666d,syntactic,4,ok,0,742.0639172196388,0,"[""/usr/bin/python3"", ""/home/arjaiswal/Polygeist/scripts/correctness/kernel_match_rewrite.py"", ""/home/arjaiswal/Polygeist/issues/aten_c_kernels/results/aten_hypot/debuf.mlir"", ""--dry-run"", ""--matcher-mode"", ""syntactic"", ""--telemetry-json"", ""/home/arjaiswal/Polygeist/issues/equality_saturation_eval/campaign_20260908/aten-aten_hypot-syntactic-sz77b08w.json"", ""--disable-semantic-fallback""]","== match report for /home/arjaiswal/Polygeist/issues/aten_c_kernels/results/aten_hypot/debuf.mlir ==
  match          body#[0]  cudnnPointwiseGraph_f32
  total: 1 matched / 1 bodies
",0,[],0,0,0,0,/home/arjaiswal/Polygeist/issues/aten_c_kernels/results/aten_hypot/debuf.mlir,2020,0,1,1,305.72209879755974,0,65680,0.017918646335601807,0,0,0,0,"[{""body_indices"": [0], ""symbol"": ""cudnnPointwiseGraph_f32""}]",1,0,6,0.0,6
aten,aten_hypot,/home/arjaiswal/Polygeist/issues/aten_c_kernels/results/aten_hypot/debuf.mlir,813ddba12dad68a9a0fb13cdb1af7b0a614793b94e3d70b2b31d1161a756666d,syntactic,5,ok,0,688.7046471238136,0,"[""/usr/bin/python3"", ""/home/arjaiswal/Polygeist/scripts/correctness/kernel_match_rewrite.py"", ""/home/arjaiswal/Polygeist/issues/aten_c_kernels/results/aten_hypot/debuf.mlir"", ""--dry-run"", ""--matcher-mode"", ""syntactic"", ""--telemetry-json"", ""/home/arjaiswal/Polygeist/issues/equality_saturation_eval/campaign_20260908/aten-aten_hypot-syntactic-_wqbd85z.json"", ""--disable-semantic-fallback""]","== match report for /home/arjaiswal/Polygeist/issues/aten_c_kernels/results/aten_hypot/debuf.mlir ==
  match          body#[0]  cudnnPointwiseGraph_f32
  total: 1 matched / 1 bodies
",0,[],0,0,0,0,/home/arjaiswal/Polygeist/issues/aten_c_kernels/results/aten_hypot/debuf.mlir,2020,0,1,1,285.5643182992935,0,65660,0.01702830195426941,0,0,0,0,"[{""body_indices"": [0], ""symbol"": ""cudnnPointwiseGraph_f32""}]",1,0,6,0.0,6
aten,aten_hypot,/home/arjaiswal/Polygeist/issues/aten_c_kernels/results/aten_hypot/debuf.mlir,813ddba12dad68a9a0fb13cdb1af7b0a614793b94e3d70b2b31d1161a756666d,egglog,5,ok,0,700.2440840005875,0,"[""/usr/bin/python3"", ""/home/arjaiswal/Polygeist/scripts/correctness/kernel_match_rewrite.py"", ""/home/arjaiswal/Polygeist/issues/aten_c_kernels/results/aten_hypot/debuf.mlir"", ""--dry-run"", ""--matcher-mode"", ""egglog"", ""--telemetry-json"", ""/home/arjaiswal/Polygeist/issues/equality_saturation_eval/campaign_20260908/aten-aten_hypot-egglog-35_1cfhu.json"", ""--disable-semantic-fallback""]","== match report for /home/arjaiswal/Polygeist/issues/aten_c_kernels/results/aten_hypot/debuf.mlir ==
  match          body#[0]  cudnnPointwiseGraph_f32
  total: 1 matched / 1 bodies
",0,[],0,0,0,0,/home/arjaiswal/Polygeist/issues/aten_c_kernels/results/aten_hypot/debuf.mlir,2020,8,1,1,289.99705985188484,0,65520,0.0,0,0,0,0,"[{""body_indices"": [0], ""symbol"": ""cudnnPointwiseGraph_f32""}]",1,0,0,0.0,6
aten,aten_i0,/home/arjaiswal/Polygeist/issues/aten_c_kernels/results/aten_i0/debuf.mlir,51a4b37a07f48fe7b18819cee6a2b7500468de9a33b1a63093faa4b025620d95,egglog,1,ok,0,810.0678138434887,0,"[""/usr/bin/python3"", ""/home/arjaiswal/Polygeist/scripts/correctness/kernel_match_rewrite.py"", ""/home/arjaiswal/Polygeist/issues/aten_c_kernels/results/aten_i0/debuf.mlir"", ""--dry-run"", ""--matcher-mode"", ""egglog"", ""--telemetry-json"", ""/home/arjaiswal/Polygeist/issues/equality_saturation_eval/campaign_20260908/aten-aten_i0-egglog-yy_ykfhb.json"", ""--disable-semantic-fallback""]","== match report for /home/arjaiswal/Polygeist/issues/aten_c_kernels/results/aten_i0/debuf.mlir ==
  no_match       body#0  ?
  total: 0 matched / 1 bodies
",0,[],0,0,0,0,/home/arjaiswal/Polygeist/issues/aten_c_kernels/results/aten_i0/debuf.mlir,1890,8,1,0,397.6692780852318,1,65904,0.0,0,0,0,0,[],0,0,0,0.0,56
aten,aten_i0,/home/arjaiswal/Polygeist/issues/aten_c_kernels/results/aten_i0/debuf.mlir,51a4b37a07f48fe7b18819cee6a2b7500468de9a33b1a63093faa4b025620d95,syntactic,1,ok,0,824.5456293225288,0,"[""/usr/bin/python3"", ""/home/arjaiswal/Polygeist/scripts/correctness/kernel_match_rewrite.py"", ""/home/arjaiswal/Polygeist/issues/aten_c_kernels/results/aten_i0/debuf.mlir"", ""--dry-run"", ""--matcher-mode"", ""syntactic"", ""--telemetry-json"", ""/home/arjaiswal/Polygeist/issues/equality_saturation_eval/campaign_20260908/aten-aten_i0-syntactic-0z96_3ye.json"", ""--disable-semantic-fallback""]","== match report for /home/arjaiswal/Polygeist/issues/aten_c_kernels/results/aten_i0/debuf.mlir ==
  no_match       body#0  ?
  total: 0 matched / 1 bodies
",0,[],0,0,0,0,/home/arjaiswal/Polygeist/issues/aten_c_kernels/results/aten_i0/debuf.mlir,1890,0,1,0,398.3074799180031,1,65548,0.12869760394096375,0,0,0,0,[],0,0,56,0.0,56
aten,aten_i0,/home/arjaiswal/Polygeist/issues/aten_c_kernels/results/aten_i0/debuf.mlir,51a4b37a07f48fe7b18819cee6a2b7500468de9a33b1a63093faa4b025620d95,syntactic,2,ok,0,802.900243550539,0,"[""/usr/bin/python3"", ""/home/arjaiswal/Polygeist/scripts/correctness/kernel_match_rewrite.py"", ""/home/arjaiswal/Polygeist/issues/aten_c_kernels/results/aten_i0/debuf.mlir"", ""--dry-run"", ""--matcher-mode"", ""syntactic"", ""--telemetry-json"", ""/home/arjaiswal/Polygeist/issues/equality_saturation_eval/campaign_20260908/aten-aten_i0-syntactic-bufe3x20.json"", ""--disable-semantic-fallback""]","== match report for /home/arjaiswal/Polygeist/issues/aten_c_kernels/results/aten_i0/debuf.mlir ==
  no_match       body#0  ?
  total: 0 matched / 1 bodies
",0,[],0,0,0,0,/home/arjaiswal/Polygeist/issues/aten_c_kernels/results/aten_i0/debuf.mlir,1890,0,1,0,391.80759713053703,1,65640,0.1244470477104187,0,0,0,0,[],0,0,56,0.0,56
aten,aten_i0,/home/arjaiswal/Polygeist/issues/aten_c_kernels/results/aten_i0/debuf.mlir,51a4b37a07f48fe7b18819cee6a2b7500468de9a33b1a63093faa4b025620d95,egglog,2,ok,0,802.4343810975552,0,"[""/usr/bin/python3"", ""/home/arjaiswal/Polygeist/scripts/correctness/kernel_match_rewrite.py"", ""/home/arjaiswal/Polygeist/issues/aten_c_kernels/results/aten_i0/debuf.mlir"", ""--dry-run"", ""--matcher-mode"", ""egglog"", ""--telemetry-json"", ""/home/arjaiswal/Polygeist/issues/equality_saturation_eval/campaign_20260908/aten-aten_i0-egglog-t4w0qhj0.json"", ""--disable-semantic-fallback""]","== match report for /home/arjaiswal/Polygeist/issues/aten_c_kernels/results/aten_i0/debuf.mlir ==
  no_match       body#0  ?
  total: 0 matched / 1 bodies
",0,[],0,0,0,0,/home/arjaiswal/Polygeist/issues/aten_c_kernels/results/aten_i0/debuf.mlir,1890,8,1,0,397.6161815226078,1,65892,0.0,0,0,0,0,[],0,0,0,0.0,56
aten,aten_i0,/home/arjaiswal/Polygeist/issues/aten_c_kernels/results/aten_i0/debuf.mlir,51a4b37a07f48fe7b18819cee6a2b7500468de9a33b1a63093faa4b025620d95,egglog,3,ok,0,800.8187860250473,0,"[""/usr/bin/python3"", ""/home/arjaiswal/Polygeist/scripts/correctness/kernel_match_rewrite.py"", ""/home/arjaiswal/Polygeist/issues/aten_c_kernels/results/aten_i0/debuf.mlir"", ""--dry-run"", ""--matcher-mode"", ""egglog"", ""--telemetry-json"", ""/home/arjaiswal/Polygeist/issues/equality_saturation_eval/campaign_20260908/aten-aten_i0-egglog-m0dmxcwi.json"", ""--disable-semantic-fallback""]","== match report for /home/arjaiswal/Polygeist/issues/aten_c_kernels/results/aten_i0/debuf.mlir ==
  no_match       body#0  ?
  total: 0 matched / 1 bodies
",0,[],0,0,0,0,/home/arjaiswal/Polygeist/issues/aten_c_kernels/results/aten_i0/debuf.mlir,1890,8,1,0,390.0708928704262,1,66048,0.0,0,0,0,0,[],0,0,0,0.0,56
aten,aten_i0,/home/arjaiswal/Polygeist/issues/aten_c_kernels/results/aten_i0/debuf.mlir,51a4b37a07f48fe7b18819cee6a2b7500468de9a33b1a63093faa4b025620d95,syntactic,3,ok,0,856.2911301851273,0,"[""/usr/bin/python3"", ""/home/arjaiswal/Polygeist/scripts/correctness/kernel_match_rewrite.py"", ""/home/arjaiswal/Polygeist/issues/aten_c_kernels/results/aten_i0/debuf.mlir"", ""--dry-run"", ""--matcher-mode"", ""syntactic"", ""--telemetry-json"", ""/home/arjaiswal/Polygeist/issues/equality_saturation_eval/campaign_20260908/aten-aten_i0-syntactic-dob5moq0.json"", ""--disable-semantic-fallback""]","== match report for /home/arjaiswal/Polygeist/issues/aten_c_kernels/results/aten_i0/debuf.mlir ==
  no_match       body#0  ?
  total: 0 matched / 1 bodies
",0,[],0,0,0,0,/home/arjaiswal/Polygeist/issues/aten_c_kernels/results/aten_i0/debuf.mlir,1890,0,1,0,399.0464396774769,1,65696,0.12049451470375061,0,0,0,0,[],0,0,56,0.0,56
aten,aten_i0,/home/arjaiswal/Polygeist/issues/aten_c_kernels/results/aten_i0/debuf.mlir,51a4b37a07f48fe7b18819cee6a2b7500468de9a33b1a63093faa4b025620d95,syntactic,4,ok,0,834.4179466366768,0,"[""/usr/bin/python3"", ""/home/arjaiswal/Polygeist/scripts/correctness/kernel_match_rewrite.py"", ""/home/arjaiswal/Polygeist/issues/aten_c_kernels/results/aten_i0/debuf.mlir"", ""--dry-run"", ""--matcher-mode"", ""syntactic"", ""--telemetry-json"", ""/home/arjaiswal/Polygeist/issues/equality_saturation_eval/campaign_20260908/aten-aten_i0-syntactic-zdw_x7kh.json"", ""--disable-semantic-fallback""]","== match report for /home/arjaiswal/Polygeist/issues/aten_c_kernels/results/aten_i0/debuf.mlir ==
  no_match       body#0  ?
  total: 0 matched / 1 bodies
",0,[],0,0,0,0,/home/arjaiswal/Polygeist/issues/aten_c_kernels/results/aten_i0/debuf.mlir,1890,0,1,0,412.71861642599106,1,65780,0.1198798418045044,0,0,0,0,[],0,0,56,0.0,56
aten,aten_i0,/home/arjaiswal/Polygeist/issues/aten_c_kernels/results/aten_i0/debuf.mlir,51a4b37a07f48fe7b18819cee6a2b7500468de9a33b1a63093faa4b025620d95,egglog,4,ok,0,806.6065795719624,0,"[""/usr/bin/python3"", ""/home/arjaiswal/Polygeist/scripts/correctness/kernel_match_rewrite.py"", ""/home/arjaiswal/Polygeist/issues/aten_c_kernels/results/aten_i0/debuf.mlir"", ""--dry-run"", ""--matcher-mode"", ""egglog"", ""--telemetry-json"", ""/home/arjaiswal/Polygeist/issues/equality_saturation_eval/campaign_20260908/aten-aten_i0-egglog-tpjg8wwf.json"", ""--disable-semantic-fallback""]","== match report for /home/arjaiswal/Polygeist/issues/aten_c_kernels/results/aten_i0/debuf.mlir ==
  no_match       body#0  ?
  total: 0 matched / 1 bodies
",0,[],0,0,0,0,/home/arjaiswal/Polygeist/issues/aten_c_kernels/results/aten_i0/debuf.mlir,1890,8,1,0,398.71714636683464,1,65972,0.0,0,0,0,0,[],0,0,0,0.0,56
aten,aten_i0,/home/arjaiswal/Polygeist/issues/aten_c_kernels/results/aten_i0/debuf.mlir,51a4b37a07f48fe7b18819cee6a2b7500468de9a33b1a63093faa4b025620d95,egglog,5,ok,0,827.812910079956,0,"[""/usr/bin/python3"", ""/home/arjaiswal/Polygeist/scripts/correctness/kernel_match_rewrite.py"", ""/home/arjaiswal/Polygeist/issues/aten_c_kernels/results/aten_i0/debuf.mlir"", ""--dry-run"", ""--matcher-mode"", ""egglog"", ""--telemetry-json"", ""/home/arjaiswal/Polygeist/issues/equality_saturation_eval/campaign_20260908/aten-aten_i0-egglog-s30xj4xr.json"", ""--disable-semantic-fallback""]","== match report for /home/arjaiswal/Polygeist/issues/aten_c_kernels/results/aten_i0/debuf.mlir ==
  no_match       body#0  ?
  total: 0 matched / 1 bodies
",0,[],0,0,0,0,/home/arjaiswal/Polygeist/issues/aten_c_kernels/results/aten_i0/debuf.mlir,1890,8,1,0,413.2593981921673,1,65956,0.0,0,0,0,0,[],0,0,0,0.0,56
aten,aten_i0,/home/arjaiswal/Polygeist/issues/aten_c_kernels/results/aten_i0/debuf.mlir,51a4b37a07f48fe7b18819cee6a2b7500468de9a33b1a63093faa4b025620d95,syntactic,5,ok,0,794.176634401083,0,"[""/usr/bin/python3"", ""/home/arjaiswal/Polygeist/scripts/correctness/kernel_match_rewrite.py"", ""/home/arjaiswal/Polygeist/issues/aten_c_kernels/results/aten_i0/debuf.mlir"", ""--dry-run"", ""--matcher-mode"", ""syntactic"", ""--telemetry-json"", ""/home/arjaiswal/Polygeist/issues/equality_saturation_eval/campaign_20260908/aten-aten_i0-syntactic-r6myvljk.json"", ""--disable-semantic-fallback""]","== match report for /home/arjaiswal/Polygeist/issues/aten_c_kernels/results/aten_i0/debuf.mlir ==
  no_match       body#0  ?
  total: 0 matched / 1 bodies
",0,[],0,0,0,0,/home/arjaiswal/Polygeist/issues/aten_c_kernels/results/aten_i0/debuf.mlir,1890,0,1,0,386.02180033922195,1,65880,0.13485178351402283,0,0,0,0,[],0,0,56,0.0,56
aten,aten_i0e,/home/arjaiswal/Polygeist/issues/aten_c_kernels/results/aten_i0e/debuf.mlir,9800c385df83b484f855a6304cea1ad3ff6f166997770c72138dc3b8e6ab25ef,syntactic,1,ok,0,836.2828530371189,0,"[""/usr/bin/python3"", ""/home/arjaiswal/Polygeist/scripts/correctness/kernel_match_rewrite.py"", ""/home/arjaiswal/Polygeist/issues/aten_c_kernels/results/aten_i0e/debuf.mlir"", ""--dry-run"", ""--matcher-mode"", ""syntactic"", ""--telemetry-json"", ""/home/arjaiswal/Polygeist/issues/equality_saturation_eval/campaign_20260908/aten-aten_i0e-syntactic-xr9kkb_3.json"", ""--disable-semantic-fallback""]","== match report for /home/arjaiswal/Polygeist/issues/aten_c_kernels/results/aten_i0e/debuf.mlir ==
  no_match       body#0  ?
  total: 0 matched / 1 bodies
",0,[],0,0,0,0,/home/arjaiswal/Polygeist/issues/aten_c_kernels/results/aten_i0e/debuf.mlir,1893,0,1,0,415.53594544529915,1,65824,0.1253560185432434,0,0,0,0,[],0,0,56,0.0,56
aten,aten_i0e,/home/arjaiswal/Polygeist/issues/aten_c_kernels/results/aten_i0e/debuf.mlir,9800c385df83b484f855a6304cea1ad3ff6f166997770c72138dc3b8e6ab25ef,egglog,1,ok,0,829.1892856359482,0,"[""/usr/bin/python3"", ""/home/arjaiswal/Polygeist/scripts/correctness/kernel_match_rewrite.py"", ""/home/arjaiswal/Polygeist/issues/aten_c_kernels/results/aten_i0e/debuf.mlir"", ""--dry-run"", ""--matcher-mode"", ""egglog"", ""--telemetry-json"", ""/home/arjaiswal/Polygeist/issues/equality_saturation_eval/campaign_20260908/aten-aten_i0e-egglog-eddih86r.json"", ""--disable-semantic-fallback""]","== match report for /home/arjaiswal/Polygeist/issues/aten_c_kernels/results/aten_i0e/debuf.mlir ==
  no_match       body#0  ?
  total: 0 matched / 1 bodies
",0,[],0,0,0,0,/home/arjaiswal/Polygeist/issues/aten_c_kernels/results/aten_i0e/debuf.mlir,1893,8,1,0,402.6651382446289,1,65744,0.0,0,0,0,0,[],0,0,0,0.0,56
aten,aten_i0e,/home/arjaiswal/Polygeist/issues/aten_c_kernels/results/aten_i0e/debuf.mlir,9800c385df83b484f855a6304cea1ad3ff6f166997770c72138dc3b8e6ab25ef,egglog,2,ok,0,796.5461649000645,0,"[""/usr/bin/python3"", ""/home/arjaiswal/Polygeist/scripts/correctness/kernel_match_rewrite.py"", ""/home/arjaiswal/Polygeist/issues/aten_c_kernels/results/aten_i0e/debuf.mlir"", ""--dry-run"", ""--matcher-mode"", ""egglog"", ""--telemetry-json"", ""/home/arjaiswal/Polygeist/issues/equality_saturation_eval/campaign_20260908/aten-aten_i0e-egglog-fx98sqkd.json"", ""--disable-semantic-fallback""]","== match report for /home/arjaiswal/Polygeist/issues/aten_c_kernels/results/aten_i0e/debuf.mlir ==
  no_match       body#0  ?
  total: 0 matched / 1 bodies
",0,[],0,0,0,0,/home/arjaiswal/Polygeist/issues/aten_c_kernels/results/aten_i0e/debuf.mlir,1893,8,1,0,391.52101054787636,1,65904,0.0,0,0,0,0,[],0,0,0,0.0,56
aten,aten_i0e,/home/arjaiswal/Polygeist/issues/aten_c_kernels/results/aten_i0e/debuf.mlir,9800c385df83b484f855a6304cea1ad3ff6f166997770c72138dc3b8e6ab25ef,syntactic,2,ok,0,820.6670992076397,0,"[""/usr/bin/python3"", ""/home/arjaiswal/Polygeist/scripts/correctness/kernel_match_rewrite.py"", ""/home/arjaiswal/Polygeist/issues/aten_c_kernels/results/aten_i0e/debuf.mlir"", ""--dry-run"", ""--matcher-mode"", ""syntactic"", ""--telemetry-json"", ""/home/arjaiswal/Polygeist/issues/equality_saturation_eval/campaign_20260908/aten-aten_i0e-syntactic-ird494u6.json"", ""--disable-semantic-fallback""]","== match report for /home/arjaiswal/Polygeist/issues/aten_c_kernels/results/aten_i0e/debuf.mlir ==
  no_match       body#0  ?
  total: 0 matched / 1 bodies
",0,[],0,0,0,0,/home/arjaiswal/Polygeist/issues/aten_c_kernels/results/aten_i0e/debuf.mlir,1893,0,1,0,392.8382508456707,1,65972,0.15670433640480042,0,0,0,0,[],0,0,56,0.0,56
aten,aten_i0e,/home/arjaiswal/Polygeist/issues/aten_c_kernels/results/aten_i0e/debuf.mlir,9800c385df83b484f855a6304cea1ad3ff6f166997770c72138dc3b8e6ab25ef,syntactic,3,ok,0,808.6304813623428,0,"[""/usr/bin/python3"", ""/home/arjaiswal/Polygeist/scripts/correctness/kernel_match_rewrite.py"", ""/home/arjaiswal/Polygeist/issues/aten_c_kernels/results/aten_i0e/debuf.mlir"", ""--dry-run"", ""--matcher-mode"", ""syntactic"", ""--telemetry-json"", ""/home/arjaiswal/Polygeist/issues/equality_saturation_eval/campaign_20260908/aten-aten_i0e-syntactic-dse52lzf.json"", ""--disable-semantic-fallback""]","== match report for /home/arjaiswal/Polygeist/issues/aten_c_kernels/results/aten_i0e/debuf.mlir ==
  no_match       body#0  ?
  total: 0 matched / 1 bodies
",0,[],0,0,0,0,/home/arjaiswal/Polygeist/issues/aten_c_kernels/results/aten_i0e/debuf.mlir,1893,0,1,0,396.73782140016556,1,65480,0.13661012053489685,0,0,0,0,[],0,0,56,0.0,56
aten,aten_i0e,/home/arjaiswal/Polygeist/issues/aten_c_kernels/results/aten_i0e/debuf.mlir,9800c385df83b484f855a6304cea1ad3ff6f166997770c72138dc3b8e6ab25ef,egglog,3,ok,0,822.3948106169701,0,"[""/usr/bin/python3"", ""/home/arjaiswal/Polygeist/scripts/correctness/kernel_match_rewrite.py"", ""/home/arjaiswal/Polygeist/issues/aten_c_kernels/results/aten_i0e/debuf.mlir"", ""--dry-run"", ""--matcher-mode"", ""egglog"", ""--telemetry-json"", ""/home/arjaiswal/Polygeist/issues/equality_saturation_eval/campaign_20260908/aten-aten_i0e-egglog-3qg9m1w7.json"", ""--disable-semantic-fallback""]","== match report for /home/arjaiswal/Polygeist/issues/aten_c_kernels/results/aten_i0e/debuf.mlir ==
  no_match       body#0  ?
  total: 0 matched / 1 bodies
",0,[],0,0,0,0,/home/arjaiswal/Polygeist/issues/aten_c_kernels/results/aten_i0e/debuf.mlir,1893,8,1,0,405.72987124323845,1,65940,0.0,0,0,0,0,[],0,0,0,0.0,56
aten,aten_i0e,/home/arjaiswal/Polygeist/issues/aten_c_kernels/results/aten_i0e/debuf.mlir,9800c385df83b484f855a6304cea1ad3ff6f166997770c72138dc3b8e6ab25ef,egglog,4,ok,0,832.6722085475922,0,"[""/usr/bin/python3"", ""/home/arjaiswal/Polygeist/scripts/correctness/kernel_match_rewrite.py"", ""/home/arjaiswal/Polygeist/issues/aten_c_kernels/results/aten_i0e/debuf.mlir"", ""--dry-run"", ""--matcher-mode"", ""egglog"", ""--telemetry-json"", ""/home/arjaiswal/Polygeist/issues/equality_saturation_eval/campaign_20260908/aten-aten_i0e-egglog-_y82q5kj.json"", ""--disable-semantic-fallback""]","== match report for /home/arjaiswal/Polygeist/issues/aten_c_kernels/results/aten_i0e/debuf.mlir ==
  no_match       body#0  ?
  total: 0 matched / 1 bodies
",0,[],0,0,0,0,/home/arjaiswal/Polygeist/issues/aten_c_kernels/results/aten_i0e/debuf.mlir,1893,8,1,0,410.43952107429504,1,65900,0.0,0,0,0,0,[],0,0,0,0.0,56
aten,aten_i0e,/home/arjaiswal/Polygeist/issues/aten_c_kernels/results/aten_i0e/debuf.mlir,9800c385df83b484f855a6304cea1ad3ff6f166997770c72138dc3b8e6ab25ef,syntactic,4,ok,0,840.7353274524212,0,"[""/usr/bin/python3"", ""/home/arjaiswal/Polygeist/scripts/correctness/kernel_match_rewrite.py"", ""/home/arjaiswal/Polygeist/issues/aten_c_kernels/results/aten_i0e/debuf.mlir"", ""--dry-run"", ""--matcher-mode"", ""syntactic"", ""--telemetry-json"", ""/home/arjaiswal/Polygeist/issues/equality_saturation_eval/campaign_20260908/aten-aten_i0e-syntactic-3s724ob9.json"", ""--disable-semantic-fallback""]","== match report for /home/arjaiswal/Polygeist/issues/aten_c_kernels/results/aten_i0e/debuf.mlir ==
  no_match       body#0  ?
  total: 0 matched / 1 bodies
",0,[],0,0,0,0,/home/arjaiswal/Polygeist/issues/aten_c_kernels/results/aten_i0e/debuf.mlir,1893,0,1,0,412.3074635863304,1,65908,0.13570114970207214,0,0,0,0,[],0,0,56,0.0,56
aten,aten_i0e,/home/arjaiswal/Polygeist/issues/aten_c_kernels/results/aten_i0e/debuf.mlir,9800c385df83b484f855a6304cea1ad3ff6f166997770c72138dc3b8e6ab25ef,syntactic,5,ok,0,812.6451820135117,0,"[""/usr/bin/python3"", ""/home/arjaiswal/Polygeist/scripts/correctness/kernel_match_rewrite.py"", ""/home/arjaiswal/Polygeist/issues/aten_c_kernels/results/aten_i0e/debuf.mlir"", ""--dry-run"", ""--matcher-mode"", ""syntactic"", ""--telemetry-json"", ""/home/arjaiswal/Polygeist/issues/equality_saturation_eval/campaign_20260908/aten-aten_i0e-syntactic-gd_65axd.json"", ""--disable-semantic-fallback""]","== match report for /home/arjaiswal/Polygeist/issues/aten_c_kernels/results/aten_i0e/debuf.mlir ==
  no_match       body#0  ?
  total: 0 matched / 1 bodies
",0,[],0,0,0,0,/home/arjaiswal/Polygeist/issues/aten_c_kernels/results/aten_i0e/debuf.mlir,1893,0,1,0,398.7552374601364,1,65664,0.12760981917381287,0,0,0,0,[],0,0,56,0.0,56
aten,aten_i0e,/home/arjaiswal/Polygeist/issues/aten_c_kernels/results/aten_i0e/debuf.mlir,9800c385df83b484f855a6304cea1ad3ff6f166997770c72138dc3b8e6ab25ef,egglog,5,ok,0,809.3378581106663,0,"[""/usr/bin/python3"", ""/home/arjaiswal/Polygeist/scripts/correctness/kernel_match_rewrite.py"", ""/home/arjaiswal/Polygeist/issues/aten_c_kernels/results/aten_i0e/debuf.mlir"", ""--dry-run"", ""--matcher-mode"", ""egglog"", ""--telemetry-json"", ""/home/arjaiswal/Polygeist/issues/equality_saturation_eval/campaign_20260908/aten-aten_i0e-egglog-pc_uopf_.json"", ""--disable-semantic-fallback""]","== match report for /home/arjaiswal/Polygeist/issues/aten_c_kernels/results/aten_i0e/debuf.mlir ==
  no_match       body#0  ?
  total: 0 matched / 1 bodies
",0,[],0,0,0,0,/home/arjaiswal/Polygeist/issues/aten_c_kernels/results/aten_i0e/debuf.mlir,1893,8,1,0,394.274041056633,1,65844,0.0,0,0,0,0,[],0,0,0,0.0,56
aten,aten_i1,/home/arjaiswal/Polygeist/issues/aten_c_kernels/results/aten_i1/debuf.mlir,af0dcdc7d30b4118f2baeb48f8f210d50949f2252a5ac19dbedd94459a8716ac,egglog,1,ok,0,816.39738753438,0,"[""/usr/bin/python3"", ""/home/arjaiswal/Polygeist/scripts/correctness/kernel_match_rewrite.py"", ""/home/arjaiswal/Polygeist/issues/aten_c_kernels/results/aten_i1/debuf.mlir"", ""--dry-run"", ""--matcher-mode"", ""egglog"", ""--telemetry-json"", ""/home/arjaiswal/Polygeist/issues/equality_saturation_eval/campaign_20260908/aten-aten_i1-egglog-ouuukgeo.json"", ""--disable-semantic-fallback""]","== match report for /home/arjaiswal/Polygeist/issues/aten_c_kernels/results/aten_i1/debuf.mlir ==
  no_match       body#0  ?
  total: 0 matched / 1 bodies
",0,[],0,0,0,0,/home/arjaiswal/Polygeist/issues/aten_c_kernels/results/aten_i1/debuf.mlir,1890,8,1,0,390.3134725987911,1,65776,0.0,0,0,0,0,[],0,0,0,0.0,56
aten,aten_i1,/home/arjaiswal/Polygeist/issues/aten_c_kernels/results/aten_i1/debuf.mlir,af0dcdc7d30b4118f2baeb48f8f210d50949f2252a5ac19dbedd94459a8716ac,syntactic,1,ok,0,812.2717961668968,0,"[""/usr/bin/python3"", ""/home/arjaiswal/Polygeist/scripts/correctness/kernel_match_rewrite.py"", ""/home/arjaiswal/Polygeist/issues/aten_c_kernels/results/aten_i1/debuf.mlir"", ""--dry-run"", ""--matcher-mode"", ""syntactic"", ""--telemetry-json"", ""/home/arjaiswal/Polygeist/issues/equality_saturation_eval/campaign_20260908/aten-aten_i1-syntactic-cn1qoeoo.json"", ""--disable-semantic-fallback""]","== match report for /home/arjaiswal/Polygeist/issues/aten_c_kernels/results/aten_i1/debuf.mlir ==
  no_match       body#0  ?
  total: 0 matched / 1 bodies
",0,[],0,0,0,0,/home/arjaiswal/Polygeist/issues/aten_c_kernels/results/aten_i1/debuf.mlir,1890,0,1,0,392.25558191537857,1,65588,0.11558458209037781,0,0,0,0,[],0,0,56,0.0,56
aten,aten_i1,/home/arjaiswal/Polygeist/issues/aten_c_kernels/results/aten_i1/debuf.mlir,af0dcdc7d30b4118f2baeb48f8f210d50949f2252a5ac19dbedd94459a8716ac,syntactic,2,ok,0,776.4107882976532,0,"[""/usr/bin/python3"", ""/home/arjaiswal/Polygeist/scripts/correctness/kernel_match_rewrite.py"", ""/home/arjaiswal/Polygeist/issues/aten_c_kernels/results/aten_i1/debuf.mlir"", ""--dry-run"", ""--matcher-mode"", ""syntactic"", ""--telemetry-json"", ""/home/arjaiswal/Polygeist/issues/equality_saturation_eval/campaign_20260908/aten-aten_i1-syntactic-c_nojnwl.json"", ""--disable-semantic-fallback""]","== match report for /home/arjaiswal/Polygeist/issues/aten_c_kernels/results/aten_i1/debuf.mlir ==
  no_match       body#0  ?
  total: 0 matched / 1 bodies
",0,[],0,0,0,0,/home/arjaiswal/Polygeist/issues/aten_c_kernels/results/aten_i1/debuf.mlir,1890,0,1,0,384.8043270409107,1,65728,0.13414397835731506,0,0,0,0,[],0,0,56,0.0,56
aten,aten_i1,/home/arjaiswal/Polygeist/issues/aten_c_kernels/results/aten_i1/debuf.mlir,af0dcdc7d30b4118f2baeb48f8f210d50949f2252a5ac19dbedd94459a8716ac,egglog,2,ok,0,827.1818161010742,0,"[""/usr/bin/python3"", ""/home/arjaiswal/Polygeist/scripts/correctness/kernel_match_rewrite.py"", ""/home/arjaiswal/Polygeist/issues/aten_c_kernels/results/aten_i1/debuf.mlir"", ""--dry-run"", ""--matcher-mode"", ""egglog"", ""--telemetry-json"", ""/home/arjaiswal/Polygeist/issues/equality_saturation_eval/campaign_20260908/aten-aten_i1-egglog-_1e8_wau.json"", ""--disable-semantic-fallback""]","== match report for /home/arjaiswal/Polygeist/issues/aten_c_kernels/results/aten_i1/debuf.mlir ==
  no_match       body#0  ?
  total: 0 matched / 1 bodies
",0,[],0,0,0,0,/home/arjaiswal/Polygeist/issues/aten_c_kernels/results/aten_i1/debuf.mlir,1890,8,1,0,420.116662979126,1,65724,0.0,0,0,0,0,[],0,0,0,0.0,56
aten,aten_i1,/home/arjaiswal/Polygeist/issues/aten_c_kernels/results/aten_i1/debuf.mlir,af0dcdc7d30b4118f2baeb48f8f210d50949f2252a5ac19dbedd94459a8716ac,egglog,3,ok,0,894.6791552007198,0,"[""/usr/bin/python3"", ""/home/arjaiswal/Polygeist/scripts/correctness/kernel_match_rewrite.py"", ""/home/arjaiswal/Polygeist/issues/aten_c_kernels/results/aten_i1/debuf.mlir"", ""--dry-run"", ""--matcher-mode"", ""egglog"", ""--telemetry-json"", ""/home/arjaiswal/Polygeist/issues/equality_saturation_eval/campaign_20260908/aten-aten_i1-egglog-nb7t_leo.json"", ""--disable-semantic-fallback""]","== match report for /home/arjaiswal/Polygeist/issues/aten_c_kernels/results/aten_i1/debuf.mlir ==
  no_match       body#0  ?
  total: 0 matched / 1 bodies
",0,[],0,0,0,0,/home/arjaiswal/Polygeist/issues/aten_c_kernels/results/aten_i1/debuf.mlir,1890,8,1,0,398.0071507394314,1,65812,0.0,0,0,0,0,[],0,0,0,0.0,56
aten,aten_i1,/home/arjaiswal/Polygeist/issues/aten_c_kernels/results/aten_i1/debuf.mlir,af0dcdc7d30b4118f2baeb48f8f210d50949f2252a5ac19dbedd94459a8716ac,syntactic,3,ok,0,799.4581125676632,0,"[""/usr/bin/python3"", ""/home/arjaiswal/Polygeist/scripts/correctness/kernel_match_rewrite.py"", ""/home/arjaiswal/Polygeist/issues/aten_c_kernels/results/aten_i1/debuf.mlir"", ""--dry-run"", ""--matcher-mode"", ""syntactic"", ""--telemetry-json"", ""/home/arjaiswal/Polygeist/issues/equality_saturation_eval/campaign_20260908/aten-aten_i1-syntactic-92wi4k5o.json"", ""--disable-semantic-fallback""]","== match report for /home/arjaiswal/Polygeist/issues/aten_c_kernels/results/aten_i1/debuf.mlir ==
  no_match       body#0  ?
  total: 0 matched / 1 bodies
",0,[],0,0,0,0,/home/arjaiswal/Polygeist/issues/aten_c_kernels/results/aten_i1/debuf.mlir,1890,0,1,0,386.6368532180786,1,66008,0.13772398233413696,0,0,0,0,[],0,0,56,0.0,56
aten,aten_i1,/home/arjaiswal/Polygeist/issues/aten_c_kernels/results/aten_i1/debuf.mlir,af0dcdc7d30b4118f2baeb48f8f210d50949f2252a5ac19dbedd94459a8716ac,syntactic,4,ok,0,811.2254068255424,0,"[""/usr/bin/python3"", ""/home/arjaiswal/Polygeist/scripts/correctness/kernel_match_rewrite.py"", ""/home/arjaiswal/Polygeist/issues/aten_c_kernels/results/aten_i1/debuf.mlir"", ""--dry-run"", ""--matcher-mode"", ""syntactic"", ""--telemetry-json"", ""/home/arjaiswal/Polygeist/issues/equality_saturation_eval/campaign_20260908/aten-aten_i1-syntactic-usrlis0c.json"", ""--disable-semantic-fallback""]","== match report for /home/arjaiswal/Polygeist/issues/aten_c_kernels/results/aten_i1/debuf.mlir ==
  no_match       body#0  ?
  total: 0 matched / 1 bodies
",0,[],0,0,0,0,/home/arjaiswal/Polygeist/issues/aten_c_kernels/results/aten_i1/debuf.mlir,1890,0,1,0,392.3315368592739,1,65916,0.12166425585746765,0,0,0,0,[],0,0,56,0.0,56
aten,aten_i1,/home/arjaiswal/Polygeist/issues/aten_c_kernels/results/aten_i1/debuf.mlir,af0dcdc7d30b4118f2baeb48f8f210d50949f2252a5ac19dbedd94459a8716ac,egglog,4,ok,0,842.0263044536114,0,"[""/usr/bin/python3"", ""/home/arjaiswal/Polygeist/scripts/correctness/kernel_match_rewrite.py"", ""/home/arjaiswal/Polygeist/issues/aten_c_kernels/results/aten_i1/debuf.mlir"", ""--dry-run"", ""--matcher-mode"", ""egglog"", ""--telemetry-json"", ""/home/arjaiswal/Polygeist/issues/equality_saturation_eval/campaign_20260908/aten-aten_i1-egglog-qg1kvmwu.json"", ""--disable-semantic-fallback""]","== match report for /home/arjaiswal/Polygeist/issues/aten_c_kernels/results/aten_i1/debuf.mlir ==
  no_match       body#0  ?
  total: 0 matched / 1 bodies
",0,[],0,0,0,0,/home/arjaiswal/Polygeist/issues/aten_c_kernels/results/aten_i1/debuf.mlir,1890,8,1,0,415.6758151948452,1,65904,0.0,0,0,0,0,[],0,0,0,0.0,56
aten,aten_i1,/home/arjaiswal/Polygeist/issues/aten_c_kernels/results/aten_i1/debuf.mlir,af0dcdc7d30b4118f2baeb48f8f210d50949f2252a5ac19dbedd94459a8716ac,egglog,5,ok,0,854.9121618270874,0,"[""/usr/bin/python3"", ""/home/arjaiswal/Polygeist/scripts/correctness/kernel_match_rewrite.py"", ""/home/arjaiswal/Polygeist/issues/aten_c_kernels/results/aten_i1/debuf.mlir"", ""--dry-run"", ""--matcher-mode"", ""egglog"", ""--telemetry-json"", ""/home/arjaiswal/Polygeist/issues/equality_saturation_eval/campaign_20260908/aten-aten_i1-egglog-m8t5sz7c.json"", ""--disable-semantic-fallback""]","== match report for /home/arjaiswal/Polygeist/issues/aten_c_kernels/results/aten_i1/debuf.mlir ==
  no_match       body#0  ?
  total: 0 matched / 1 bodies
",0,[],0,0,0,0,/home/arjaiswal/Polygeist/issues/aten_c_kernels/results/aten_i1/debuf.mlir,1890,8,1,0,400.4954919219017,1,66028,0.0,0,0,0,0,[],0,0,0,0.0,56
aten,aten_i1,/home/arjaiswal/Polygeist/issues/aten_c_kernels/results/aten_i1/debuf.mlir,af0dcdc7d30b4118f2baeb48f8f210d50949f2252a5ac19dbedd94459a8716ac,syntactic,5,ok,0,818.2703666388988,0,"[""/usr/bin/python3"", ""/home/arjaiswal/Polygeist/scripts/correctness/kernel_match_rewrite.py"", ""/home/arjaiswal/Polygeist/issues/aten_c_kernels/results/aten_i1/debuf.mlir"", ""--dry-run"", ""--matcher-mode"", ""syntactic"", ""--telemetry-json"", ""/home/arjaiswal/Polygeist/issues/equality_saturation_eval/campaign_20260908/aten-aten_i1-syntactic-o1z4lfuf.json"", ""--disable-semantic-fallback""]","== match report for /home/arjaiswal/Polygeist/issues/aten_c_kernels/results/aten_i1/debuf.mlir ==
  no_match       body#0  ?
  total: 0 matched / 1 bodies
",0,[],0,0,0,0,/home/arjaiswal/Polygeist/issues/aten_c_kernels/results/aten_i1/debuf.mlir,1890,0,1,0,409.33188796043396,1,65876,0.1273825764656067,0,0,0,0,[],0,0,56,0.0,56
aten,aten_i1e,/home/arjaiswal/Polygeist/issues/aten_c_kernels/results/aten_i1e/debuf.mlir,4f4c3ced4ca59718ccea19fe99d7c3ba5cecb9192f6d9d46739707b714b4d797,syntactic,1,ok,0,802.4952970445156,0,"[""/usr/bin/python3"", ""/home/arjaiswal/Polygeist/scripts/correctness/kernel_match_rewrite.py"", ""/home/arjaiswal/Polygeist/issues/aten_c_kernels/results/aten_i1e/debuf.mlir"", ""--dry-run"", ""--matcher-mode"", ""syntactic"", ""--telemetry-json"", ""/home/arjaiswal/Polygeist/issues/equality_saturation_eval/campaign_20260908/aten-aten_i1e-syntactic-jllnxph3.json"", ""--disable-semantic-fallback""]","== match report for /home/arjaiswal/Polygeist/issues/aten_c_kernels/results/aten_i1e/debuf.mlir ==
  no_match       body#0  ?
  total: 0 matched / 1 bodies
",0,[],0,0,0,0,/home/arjaiswal/Polygeist/issues/aten_c_kernels/results/aten_i1e/debuf.mlir,1893,0,1,0,388.95922526717186,1,65816,0.1250430941581726,0,0,0,0,[],0,0,56,0.0,56
aten,aten_i1e,/home/arjaiswal/Polygeist/issues/aten_c_kernels/results/aten_i1e/debuf.mlir,4f4c3ced4ca59718ccea19fe99d7c3ba5cecb9192f6d9d46739707b714b4d797,egglog,1,ok,0,851.799588650465,0,"[""/usr/bin/python3"", ""/home/arjaiswal/Polygeist/scripts/correctness/kernel_match_rewrite.py"", ""/home/arjaiswal/Polygeist/issues/aten_c_kernels/results/aten_i1e/debuf.mlir"", ""--dry-run"", ""--matcher-mode"", ""egglog"", ""--telemetry-json"", ""/home/arjaiswal/Polygeist/issues/equality_saturation_eval/campaign_20260908/aten-aten_i1e-egglog-64y3zhty.json"", ""--disable-semantic-fallback""]","== match report for /home/arjaiswal/Polygeist/issues/aten_c_kernels/results/aten_i1e/debuf.mlir ==
  no_match       body#0  ?
  total: 0 matched / 1 bodies
",0,[],0,0,0,0,/home/arjaiswal/Polygeist/issues/aten_c_kernels/results/aten_i1e/debuf.mlir,1893,8,1,0,397.6784870028496,1,66156,0.0,0,0,0,0,[],0,0,0,0.0,56
aten,aten_i1e,/home/arjaiswal/Polygeist/issues/aten_c_kernels/results/aten_i1e/debuf.mlir,4f4c3ced4ca59718ccea19fe99d7c3ba5cecb9192f6d9d46739707b714b4d797,egglog,2,ok,0,799.7106350958347,0,"[""/usr/bin/python3"", ""/home/arjaiswal/Polygeist/scripts/correctness/kernel_match_rewrite.py"", ""/home/arjaiswal/Polygeist/issues/aten_c_kernels/results/aten_i1e/debuf.mlir"", ""--dry-run"", ""--matcher-mode"", ""egglog"", ""--telemetry-json"", ""/home/arjaiswal/Polygeist/issues/equality_saturation_eval/campaign_20260908/aten-aten_i1e-egglog-05_yxxgt.json"", ""--disable-semantic-fallback""]","== match report for /home/arjaiswal/Polygeist/issues/aten_c_kernels/results/aten_i1e/debuf.mlir ==
  no_match       body#0  ?
  total: 0 matched / 1 bodies
",0,[],0,0,0,0,/home/arjaiswal/Polygeist/issues/aten_c_kernels/results/aten_i1e/debuf.mlir,1893,8,1,0,388.8538219034672,1,65924,0.0,0,0,0,0,[],0,0,0,0.0,56
aten,aten_i1e,/home/arjaiswal/Polygeist/issues/aten_c_kernels/results/aten_i1e/debuf.mlir,4f4c3ced4ca59718ccea19fe99d7c3ba5cecb9192f6d9d46739707b714b4d797,syntactic,2,ok,0,815.6612478196621,0,"[""/usr/bin/python3"", ""/home/arjaiswal/Polygeist/scripts/correctness/kernel_match_rewrite.py"", ""/home/arjaiswal/Polygeist/issues/aten_c_kernels/results/aten_i1e/debuf.mlir"", ""--dry-run"", ""--matcher-mode"", ""syntactic"", ""--telemetry-json"", ""/home/arjaiswal/Polygeist/issues/equality_saturation_eval/campaign_20260908/aten-aten_i1e-syntactic-0tlolvwf.json"", ""--disable-semantic-fallback""]","== match report for /home/arjaiswal/Polygeist/issues/aten_c_kernels/results/aten_i1e/debuf.mlir ==
  no_match       body#0  ?
  total: 0 matched / 1 bodies
",0,[],0,0,0,0,/home/arjaiswal/Polygeist/issues/aten_c_kernels/results/aten_i1e/debuf.mlir,1893,0,1,0,398.28458428382874,1,65784,0.12169033288955688,0,0,0,0,[],0,0,56,0.0,56
aten,aten_i1e,/home/arjaiswal/Polygeist/issues/aten_c_kernels/results/aten_i1e/debuf.mlir,4f4c3ced4ca59718ccea19fe99d7c3ba5cecb9192f6d9d46739707b714b4d797,syntactic,3,ok,0,791.1105826497078,0,"[""/usr/bin/python3"", ""/home/arjaiswal/Polygeist/scripts/correctness/kernel_match_rewrite.py"", ""/home/arjaiswal/Polygeist/issues/aten_c_kernels/results/aten_i1e/debuf.mlir"", ""--dry-run"", ""--matcher-mode"", ""syntactic"", ""--telemetry-json"", ""/home/arjaiswal/Polygeist/issues/equality_saturation_eval/campaign_20260908/aten-aten_i1e-syntactic-e6ciopuj.json"", ""--disable-semantic-fallback""]","== match report for /home/arjaiswal/Polygeist/issues/aten_c_kernels/results/aten_i1e/debuf.mlir ==
  no_match       body#0  ?
  total: 0 matched / 1 bodies
",0,[],0,0,0,0,/home/arjaiswal/Polygeist/issues/aten_c_kernels/results/aten_i1e/debuf.mlir,1893,0,1,0,381.94628059864044,1,66000,0.11456012725830078,0,0,0,0,[],0,0,56,0.0,56
aten,aten_i1e,/home/arjaiswal/Polygeist/issues/aten_c_kernels/results/aten_i1e/debuf.mlir,4f4c3ced4ca59718ccea19fe99d7c3ba5cecb9192f6d9d46739707b714b4d797,egglog,3,ok,0,803.0380569398403,0,"[""/usr/bin/python3"", ""/home/arjaiswal/Polygeist/scripts/correctness/kernel_match_rewrite.py"", ""/home/arjaiswal/Polygeist/issues/aten_c_kernels/results/aten_i1e/debuf.mlir"", ""--dry-run"", ""--matcher-mode"", ""egglog"", ""--telemetry-json"", ""/home/arjaiswal/Polygeist/issues/equality_saturation_eval/campaign_20260908/aten-aten_i1e-egglog-_nx66gf5.json"", ""--disable-semantic-fallback""]","== match report for /home/arjaiswal/Polygeist/issues/aten_c_kernels/results/aten_i1e/debuf.mlir ==
  no_match       body#0  ?
  total: 0 matched / 1 bodies
",0,[],0,0,0,0,/home/arjaiswal/Polygeist/issues/aten_c_kernels/results/aten_i1e/debuf.mlir,1893,8,1,0,389.2555236816406,1,65860,0.0,0,0,0,0,[],0,0,0,0.0,56
aten,aten_i1e,/home/arjaiswal/Polygeist/issues/aten_c_kernels/results/aten_i1e/debuf.mlir,4f4c3ced4ca59718ccea19fe99d7c3ba5cecb9192f6d9d46739707b714b4d797,egglog,4,ok,0,876.2660473585129,0,"[""/usr/bin/python3"", ""/home/arjaiswal/Polygeist/scripts/correctness/kernel_match_rewrite.py"", ""/home/arjaiswal/Polygeist/issues/aten_c_kernels/results/aten_i1e/debuf.mlir"", ""--dry-run"", ""--matcher-mode"", ""egglog"", ""--telemetry-json"", ""/home/arjaiswal/Polygeist/issues/equality_saturation_eval/campaign_20260908/aten-aten_i1e-egglog-cfq0v4hl.json"", ""--disable-semantic-fallback""]","== match report for /home/arjaiswal/Polygeist/issues/aten_c_kernels/results/aten_i1e/debuf.mlir ==
  no_match       body#0  ?
  total: 0 matched / 1 bodies
",0,[],0,0,0,0,/home/arjaiswal/Polygeist/issues/aten_c_kernels/results/aten_i1e/debuf.mlir,1893,8,1,0,444.0424367785454,1,65764,0.0,0,0,0,0,[],0,0,0,0.0,56
aten,aten_i1e,/home/arjaiswal/Polygeist/issues/aten_c_kernels/results/aten_i1e/debuf.mlir,4f4c3ced4ca59718ccea19fe99d7c3ba5cecb9192f6d9d46739707b714b4d797,syntactic,4,ok,0,844.660472124815,0,"[""/usr/bin/python3"", ""/home/arjaiswal/Polygeist/scripts/correctness/kernel_match_rewrite.py"", ""/home/arjaiswal/Polygeist/issues/aten_c_kernels/results/aten_i1e/debuf.mlir"", ""--dry-run"", ""--matcher-mode"", ""syntactic"", ""--telemetry-json"", ""/home/arjaiswal/Polygeist/issues/equality_saturation_eval/campaign_20260908/aten-aten_i1e-syntactic-c3g3joqo.json"", ""--disable-semantic-fallback""]","== match report for /home/arjaiswal/Polygeist/issues/aten_c_kernels/results/aten_i1e/debuf.mlir ==
  no_match       body#0  ?
  total: 0 matched / 1 bodies
",0,[],0,0,0,0,/home/arjaiswal/Polygeist/issues/aten_c_kernels/results/aten_i1e/debuf.mlir,1893,0,1,0,398.18522706627846,1,65728,0.1309327781200409,0,0,0,0,[],0,0,56,0.0,56
aten,aten_i1e,/home/arjaiswal/Polygeist/issues/aten_c_kernels/results/aten_i1e/debuf.mlir,4f4c3ced4ca59718ccea19fe99d7c3ba5cecb9192f6d9d46739707b714b4d797,syntactic,5,ok,0,819.3721696734428,0,"[""/usr/bin/python3"", ""/home/arjaiswal/Polygeist/scripts/correctness/kernel_match_rewrite.py"", ""/home/arjaiswal/Polygeist/issues/aten_c_kernels/results/aten_i1e/debuf.mlir"", ""--dry-run"", ""--matcher-mode"", ""syntactic"", ""--telemetry-json"", ""/home/arjaiswal/Polygeist/issues/equality_saturation_eval/campaign_20260908/aten-aten_i1e-syntactic-ms_1rzzm.json"", ""--disable-semantic-fallback""]","== match report for /home/arjaiswal/Polygeist/issues/aten_c_kernels/results/aten_i1e/debuf.mlir ==
  no_match       body#0  ?
  total: 0 matched / 1 bodies
",0,[],0,0,0,0,/home/arjaiswal/Polygeist/issues/aten_c_kernels/results/aten_i1e/debuf.mlir,1893,0,1,0,404.4297859072685,1,65672,0.1341700553894043,0,0,0,0,[],0,0,56,0.0,56
aten,aten_i1e,/home/arjaiswal/Polygeist/issues/aten_c_kernels/results/aten_i1e/debuf.mlir,4f4c3ced4ca59718ccea19fe99d7c3ba5cecb9192f6d9d46739707b714b4d797,egglog,5,ok,0,832.7410966157913,0,"[""/usr/bin/python3"", ""/home/arjaiswal/Polygeist/scripts/correctness/kernel_match_rewrite.py"", ""/home/arjaiswal/Polygeist/issues/aten_c_kernels/results/aten_i1e/debuf.mlir"", ""--dry-run"", ""--matcher-mode"", ""egglog"", ""--telemetry-json"", ""/home/arjaiswal/Polygeist/issues/equality_saturation_eval/campaign_20260908/aten-aten_i1e-egglog-7cun3qj5.json"", ""--disable-semantic-fallback""]","== match report for /home/arjaiswal/Polygeist/issues/aten_c_kernels/results/aten_i1e/debuf.mlir ==
  no_match       body#0  ?
  total: 0 matched / 1 bodies
",0,[],0,0,0,0,/home/arjaiswal/Polygeist/issues/aten_c_kernels/results/aten_i1e/debuf.mlir,1893,8,1,0,406.6769741475582,1,65960,0.0,0,0,0,0,[],0,0,0,0.0,56
aten,aten_ifftshift_cpu,/home/arjaiswal/Polygeist/issues/aten_c_kernels/results/aten_ifftshift_cpu/debuf.mlir,f588285cfda2330de1c85befcd1ef8ce32abcce067854612a5f3b3e2aef84151,egglog,1,ok,0,737.2066155076027,0,"[""/usr/bin/python3"", ""/home/arjaiswal/Polygeist/scripts/correctness/kernel_match_rewrite.py"", ""/home/arjaiswal/Polygeist/issues/aten_c_kernels/results/aten_ifftshift_cpu/debuf.mlir"", ""--dry-run"", ""--matcher-mode"", ""egglog"", ""--telemetry-json"", ""/home/arjaiswal/Polygeist/issues/equality_saturation_eval/campaign_20260908/aten-aten_ifftshift_cpu-egglog-j27x0xx8.json"", ""--disable-semantic-fallback""]","== match report for /home/arjaiswal/Polygeist/issues/aten_c_kernels/results/aten_ifftshift_cpu/debuf.mlir ==
  no_match       body#0  ?
  total: 0 matched / 1 bodies
",0,[],0,0,0,0,/home/arjaiswal/Polygeist/issues/aten_c_kernels/results/aten_ifftshift_cpu/debuf.mlir,2378,8,1,0,270.1067924499512,1,64680,0.0,0,0,0,0,[],0,0,0,0.0,4
aten,aten_ifftshift_cpu,/home/arjaiswal/Polygeist/issues/aten_c_kernels/results/aten_ifftshift_cpu/debuf.mlir,f588285cfda2330de1c85befcd1ef8ce32abcce067854612a5f3b3e2aef84151,syntactic,1,ok,0,689.4278787076473,0,"[""/usr/bin/python3"", ""/home/arjaiswal/Polygeist/scripts/correctness/kernel_match_rewrite.py"", ""/home/arjaiswal/Polygeist/issues/aten_c_kernels/results/aten_ifftshift_cpu/debuf.mlir"", ""--dry-run"", ""--matcher-mode"", ""syntactic"", ""--telemetry-json"", ""/home/arjaiswal/Polygeist/issues/equality_saturation_eval/campaign_20260908/aten-aten_ifftshift_cpu-syntactic-pb2vy06l.json"", ""--disable-semantic-fallback""]","== match report for /home/arjaiswal/Polygeist/issues/aten_c_kernels/results/aten_ifftshift_cpu/debuf.mlir ==
  no_match       body#0  ?
  total: 0 matched / 1 bodies
",0,[],0,0,0,0,/home/arjaiswal/Polygeist/issues/aten_c_kernels/results/aten_ifftshift_cpu/debuf.mlir,2378,0,1,0,267.900750041008,1,64788,0.016339123249053955,0,0,0,0,[],0,0,4,0.0,4
aten,aten_ifftshift_cpu,/home/arjaiswal/Polygeist/issues/aten_c_kernels/results/aten_ifftshift_cpu/debuf.mlir,f588285cfda2330de1c85befcd1ef8ce32abcce067854612a5f3b3e2aef84151,syntactic,2,ok,0,677.8890304267406,0,"[""/usr/bin/python3"", ""/home/arjaiswal/Polygeist/scripts/correctness/kernel_match_rewrite.py"", ""/home/arjaiswal/Polygeist/issues/aten_c_kernels/results/aten_ifftshift_cpu/debuf.mlir"", ""--dry-run"", ""--matcher-mode"", ""syntactic"", ""--telemetry-json"", ""/home/arjaiswal/Polygeist/issues/equality_saturation_eval/campaign_20260908/aten-aten_ifftshift_cpu-syntactic-1m5ccfoz.json"", ""--disable-semantic-fallback""]","== match report for /home/arjaiswal/Polygeist/issues/aten_c_kernels/results/aten_ifftshift_cpu/debuf.mlir ==
  no_match       body#0  ?
  total: 0 matched / 1 bodies
",0,[],0,0,0,0,/home/arjaiswal/Polygeist/issues/aten_c_kernels/results/aten_ifftshift_cpu/debuf.mlir,2378,0,1,0,268.7392644584179,1,64708,0.015813857316970825,0,0,0,0,[],0,0,4,0.0,4
aten,aten_ifftshift_cpu,/home/arjaiswal/Polygeist/issues/aten_c_kernels/results/aten_ifftshift_cpu/debuf.mlir,f588285cfda2330de1c85befcd1ef8ce32abcce067854612a5f3b3e2aef84151,egglog,2,ok,0,674.4006238877773,0,"[""/usr/bin/python3"", ""/home/arjaiswal/Polygeist/scripts/correctness/kernel_match_rewrite.py"", ""/home/arjaiswal/Polygeist/issues/aten_c_kernels/results/aten_ifftshift_cpu/debuf.mlir"", ""--dry-run"", ""--matcher-mode"", ""egglog"", ""--telemetry-json"", ""/home/arjaiswal/Polygeist/issues/equality_saturation_eval/campaign_20260908/aten-aten_ifftshift_cpu-egglog-mfaiolbk.json"", ""--disable-semantic-fallback""]","== match report for /home/arjaiswal/Polygeist/issues/aten_c_kernels/results/aten_ifftshift_cpu/debuf.mlir ==
  no_match       body#0  ?
  total: 0 matched / 1 bodies
",0,[],0,0,0,0,/home/arjaiswal/Polygeist/issues/aten_c_kernels/results/aten_ifftshift_cpu/debuf.mlir,2378,8,1,0,271.775558590889,1,64752,0.0,0,0,0,0,[],0,0,0,0.0,4
aten,aten_ifftshift_cpu,/home/arjaiswal/Polygeist/issues/aten_c_kernels/results/aten_ifftshift_cpu/debuf.mlir,f588285cfda2330de1c85befcd1ef8ce32abcce067854612a5f3b3e2aef84151,egglog,3,ok,0,680.7138919830322,0,"[""/usr/bin/python3"", ""/home/arjaiswal/Polygeist/scripts/correctness/kernel_match_rewrite.py"", ""/home/arjaiswal/Polygeist/issues/aten_c_kernels/results/aten_ifftshift_cpu/debuf.mlir"", ""--dry-run"", ""--matcher-mode"", ""egglog"", ""--telemetry-json"", ""/home/arjaiswal/Polygeist/issues/equality_saturation_eval/campaign_20260908/aten-aten_ifftshift_cpu-egglog-sf2robvu.json"", ""--disable-semantic-fallback""]","== match report for /home/arjaiswal/Polygeist/issues/aten_c_kernels/results/aten_ifftshift_cpu/debuf.mlir ==
  no_match       body#0  ?
  total: 0 matched / 1 bodies
",0,[],0,0,0,0,/home/arjaiswal/Polygeist/issues/aten_c_kernels/results/aten_ifftshift_cpu/debuf.mlir,2378,8,1,0,272.95298874378204,1,64512,0.0,0,0,0,0,[],0,0,0,0.0,4
aten,aten_ifftshift_cpu,/home/arjaiswal/Polygeist/issues/aten_c_kernels/results/aten_ifftshift_cpu/debuf.mlir,f588285cfda2330de1c85befcd1ef8ce32abcce067854612a5f3b3e2aef84151,syntactic,3,ok,0,697.7093182504177,0,"[""/usr/bin/python3"", ""/home/arjaiswal/Polygeist/scripts/correctness/kernel_match_rewrite.py"", ""/home/arjaiswal/Polygeist/issues/aten_c_kernels/results/aten_ifftshift_cpu/debuf.mlir"", ""--dry-run"", ""--matcher-mode"", ""syntactic"", ""--telemetry-json"", ""/home/arjaiswal/Polygeist/issues/equality_saturation_eval/campaign_20260908/aten-aten_ifftshift_cpu-syntactic-ivhjxf0m.json"", ""--disable-semantic-fallback""]","== match report for /home/arjaiswal/Polygeist/issues/aten_c_kernels/results/aten_ifftshift_cpu/debuf.mlir ==
  no_match       body#0  ?
  total: 0 matched / 1 bodies
",0,[],0,0,0,0,/home/arjaiswal/Polygeist/issues/aten_c_kernels/results/aten_ifftshift_cpu/debuf.mlir,2378,0,1,0,273.20700511336327,1,64764,0.017501413822174072,0,0,0,0,[],0,0,4,0.0,4
aten,aten_ifftshift_cpu,/home/arjaiswal/Polygeist/issues/aten_c_kernels/results/aten_ifftshift_cpu/debuf.mlir,f588285cfda2330de1c85befcd1ef8ce32abcce067854612a5f3b3e2aef84151,syntactic,4,ok,0,703.253947198391,0,"[""/usr/bin/python3"", ""/home/arjaiswal/Polygeist/scripts/correctness/kernel_match_rewrite.py"", ""/home/arjaiswal/Polygeist/issues/aten_c_kernels/results/aten_ifftshift_cpu/debuf.mlir"", ""--dry-run"", ""--matcher-mode"", ""syntactic"", ""--telemetry-json"", ""/home/arjaiswal/Polygeist/issues/equality_saturation_eval/campaign_20260908/aten-aten_ifftshift_cpu-syntactic-syandu8n.json"", ""--disable-semantic-fallback""]","== match report for /home/arjaiswal/Polygeist/issues/aten_c_kernels/results/aten_ifftshift_cpu/debuf.mlir ==
  no_match       body#0  ?
  total: 0 matched / 1 bodies
",0,[],0,0,0,0,/home/arjaiswal/Polygeist/issues/aten_c_kernels/results/aten_ifftshift_cpu/debuf.mlir,2378,0,1,0,285.76231747865677,1,64676,0.015877187252044678,0,0,0,0,[],0,0,4,0.0,4
aten,aten_ifftshift_cpu,/home/arjaiswal/Polygeist/issues/aten_c_kernels/results/aten_ifftshift_cpu/debuf.mlir,f588285cfda2330de1c85befcd1ef8ce32abcce067854612a5f3b3e2aef84151,egglog,4,ok,0,681.4043149352074,0,"[""/usr/bin/python3"", ""/home/arjaiswal/Polygeist/scripts/correctness/kernel_match_rewrite.py"", ""/home/arjaiswal/Polygeist/issues/aten_c_kernels/results/aten_ifftshift_cpu/debuf.mlir"", ""--dry-run"", ""--matcher-mode"", ""egglog"", ""--telemetry-json"", ""/home/arjaiswal/Polygeist/issues/equality_saturation_eval/campaign_20260908/aten-aten_ifftshift_cpu-egglog-dq3c4s3k.json"", ""--disable-semantic-fallback""]","== match report for /home/arjaiswal/Polygeist/issues/aten_c_kernels/results/aten_ifftshift_cpu/debuf.mlir ==
  no_match       body#0  ?
  total: 0 matched / 1 bodies
",0,[],0,0,0,0,/home/arjaiswal/Polygeist/issues/aten_c_kernels/results/aten_ifftshift_cpu/debuf.mlir,2378,8,1,0,277.30341628193855,1,64768,0.0,0,0,0,0,[],0,0,0,0.0,4
aten,aten_ifftshift_cpu,/home/arjaiswal/Polygeist/issues/aten_c_kernels/results/aten_ifftshift_cpu/debuf.mlir,f588285cfda2330de1c85befcd1ef8ce32abcce067854612a5f3b3e2aef84151,egglog,5,ok,0,680.2971921861172,0,"[""/usr/bin/python3"", ""/home/arjaiswal/Polygeist/scripts/correctness/kernel_match_rewrite.py"", ""/home/arjaiswal/Polygeist/issues/aten_c_kernels/results/aten_ifftshift_cpu/debuf.mlir"", ""--dry-run"", ""--matcher-mode"", ""egglog"", ""--telemetry-json"", ""/home/arjaiswal/Polygeist/issues/equality_saturation_eval/campaign_20260908/aten-aten_ifftshift_cpu-egglog-cszsr1i3.json"", ""--disable-semantic-fallback""]","== match report for /home/arjaiswal/Polygeist/issues/aten_c_kernels/results/aten_ifftshift_cpu/debuf.mlir ==
  no_match       body#0  ?
  total: 0 matched / 1 bodies
",0,[],0,0,0,0,/home/arjaiswal/Polygeist/issues/aten_c_kernels/results/aten_ifftshift_cpu/debuf.mlir,2378,8,1,0,270.53460478782654,1,64668,0.0,0,0,0,0,[],0,0,0,0.0,4
aten,aten_ifftshift_cpu,/home/arjaiswal/Polygeist/issues/aten_c_kernels/results/aten_ifftshift_cpu/debuf.mlir,f588285cfda2330de1c85befcd1ef8ce32abcce067854612a5f3b3e2aef84151,syntactic,5,ok,0,701.6132697463036,0,"[""/usr/bin/python3"", ""/home/arjaiswal/Polygeist/scripts/correctness/kernel_match_rewrite.py"", ""/home/arjaiswal/Polygeist/issues/aten_c_kernels/results/aten_ifftshift_cpu/debuf.mlir"", ""--dry-run"", ""--matcher-mode"", ""syntactic"", ""--telemetry-json"", ""/home/arjaiswal/Polygeist/issues/equality_saturation_eval/campaign_20260908/aten-aten_ifftshift_cpu-syntactic-z_nh56in.json"", ""--disable-semantic-fallback""]","== match report for /home/arjaiswal/Polygeist/issues/aten_c_kernels/results/aten_ifftshift_cpu/debuf.mlir ==
  no_match       body#0  ?
  total: 0 matched / 1 bodies
",0,[],0,0,0,0,/home/arjaiswal/Polygeist/issues/aten_c_kernels/results/aten_ifftshift_cpu/debuf.mlir,2378,0,1,0,268.34262907505035,1,64500,0.01899898052215576,0,0,0,0,[],0,0,4,0.0,4
aten,aten_igamma,/home/arjaiswal/Polygeist/issues/aten_c_kernels/results/aten_igamma/debuf.mlir,85f53b8e937b08d71bffcba379a0f41e0406f5495080ef75cd9f84425f592d9f,syntactic,1,ok,0,745.5165088176727,0,"[""/usr/bin/python3"", ""/home/arjaiswal/Polygeist/scripts/correctness/kernel_match_rewrite.py"", ""/home/arjaiswal/Polygeist/issues/aten_c_kernels/results/aten_igamma/debuf.mlir"", ""--dry-run"", ""--matcher-mode"", ""syntactic"", ""--telemetry-json"", ""/home/arjaiswal/Polygeist/issues/equality_saturation_eval/campaign_20260908/aten-aten_igamma-syntactic-ssb4iajg.json"", ""--disable-semantic-fallback""]","== match report for /home/arjaiswal/Polygeist/issues/aten_c_kernels/results/aten_igamma/debuf.mlir ==
  no_match       body#0  ?
  total: 0 matched / 1 bodies
",0,[],0,0,0,0,/home/arjaiswal/Polygeist/issues/aten_c_kernels/results/aten_igamma/debuf.mlir,2033,0,1,0,322.7974660694599,1,65780,0.021010637283325195,0,0,0,0,[],0,0,6,0.0,6
aten,aten_igamma,/home/arjaiswal/Polygeist/issues/aten_c_kernels/results/aten_igamma/debuf.mlir,85f53b8e937b08d71bffcba379a0f41e0406f5495080ef75cd9f84425f592d9f,egglog,1,ok,0,738.5043762624264,0,"[""/usr/bin/python3"", ""/home/arjaiswal/Polygeist/scripts/correctness/kernel_match_rewrite.py"", ""/home/arjaiswal/Polygeist/issues/aten_c_kernels/results/aten_igamma/debuf.mlir"", ""--dry-run"", ""--matcher-mode"", ""egglog"", ""--telemetry-json"", ""/home/arjaiswal/Polygeist/issues/equality_saturation_eval/campaign_20260908/aten-aten_igamma-egglog-1s1xonqp.json"", ""--disable-semantic-fallback""]","== match report for /home/arjaiswal/Polygeist/issues/aten_c_kernels/results/aten_igamma/debuf.mlir ==
  no_match       body#0  ?
  total: 0 matched / 1 bodies
",0,[],0,0,0,0,/home/arjaiswal/Polygeist/issues/aten_c_kernels/results/aten_igamma/debuf.mlir,2033,8,1,0,291.6795648634434,1,65596,0.0,0,0,0,0,[],0,0,0,0.0,6
aten,aten_igamma,/home/arjaiswal/Polygeist/issues/aten_c_kernels/results/aten_igamma/debuf.mlir,85f53b8e937b08d71bffcba379a0f41e0406f5495080ef75cd9f84425f592d9f,egglog,2,ok,0,775.4675298929214,0,"[""/usr/bin/python3"", ""/home/arjaiswal/Polygeist/scripts/correctness/kernel_match_rewrite.py"", ""/home/arjaiswal/Polygeist/issues/aten_c_kernels/results/aten_igamma/debuf.mlir"", ""--dry-run"", ""--matcher-mode"", ""egglog"", ""--telemetry-json"", ""/home/arjaiswal/Polygeist/issues/equality_saturation_eval/campaign_20260908/aten-aten_igamma-egglog-wbrq41le.json"", ""--disable-semantic-fallback""]","== match report for /home/arjaiswal/Polygeist/issues/aten_c_kernels/results/aten_igamma/debuf.mlir ==
  no_match       body#0  ?
  total: 0 matched / 1 bodies
",0,[],0,0,0,0,/home/arjaiswal/Polygeist/issues/aten_c_kernels/results/aten_igamma/debuf.mlir,2033,8,1,0,294.4035120308399,1,65684,0.0,0,0,0,0,[],0,0,0,0.0,6
aten,aten_igamma,/home/arjaiswal/Polygeist/issues/aten_c_kernels/results/aten_igamma/debuf.mlir,85f53b8e937b08d71bffcba379a0f41e0406f5495080ef75cd9f84425f592d9f,syntactic,2,ok,0,700.9687051177025,0,"[""/usr/bin/python3"", ""/home/arjaiswal/Polygeist/scripts/correctness/kernel_match_rewrite.py"", ""/home/arjaiswal/Polygeist/issues/aten_c_kernels/results/aten_igamma/debuf.mlir"", ""--dry-run"", ""--matcher-mode"", ""syntactic"", ""--telemetry-json"", ""/home/arjaiswal/Polygeist/issues/equality_saturation_eval/campaign_20260908/aten-aten_igamma-syntactic-l4zshhvx.json"", ""--disable-semantic-fallback""]","== match report for /home/arjaiswal/Polygeist/issues/aten_c_kernels/results/aten_igamma/debuf.mlir ==
  no_match       body#0  ?
  total: 0 matched / 1 bodies
",0,[],0,0,0,0,/home/arjaiswal/Polygeist/issues/aten_c_kernels/results/aten_igamma/debuf.mlir,2033,0,1,0,290.639229118824,1,65696,0.0177919864654541,0,0,0,0,[],0,0,6,0.0,6
aten,aten_igamma,/home/arjaiswal/Polygeist/issues/aten_c_kernels/results/aten_igamma/debuf.mlir,85f53b8e937b08d71bffcba379a0f41e0406f5495080ef75cd9f84425f592d9f,syntactic,3,ok,0,707.4637524783611,0,"[""/usr/bin/python3"", ""/home/arjaiswal/Polygeist/scripts/correctness/kernel_match_rewrite.py"", ""/home/arjaiswal/Polygeist/issues/aten_c_kernels/results/aten_igamma/debuf.mlir"", ""--dry-run"", ""--matcher-mode"", ""syntactic"", ""--telemetry-json"", ""/home/arjaiswal/Polygeist/issues/equality_saturation_eval/campaign_20260908/aten-aten_igamma-syntactic-p5p6wzpg.json"", ""--disable-semantic-fallback""]","== match report for /home/arjaiswal/Polygeist/issues/aten_c_kernels/results/aten_igamma/debuf.mlir ==
  no_match       body#0  ?
  total: 0 matched / 1 bodies
",0,[],0,0,0,0,/home/arjaiswal/Polygeist/issues/aten_c_kernels/results/aten_igamma/debuf.mlir,2033,0,1,0,288.3830592036247,1,65536,0.03150478005409241,0,0,0,0,[],0,0,6,0.0,6
aten,aten_igamma,/home/arjaiswal/Polygeist/issues/aten_c_kernels/results/aten_igamma/debuf.mlir,85f53b8e937b08d71bffcba379a0f41e0406f5495080ef75cd9f84425f592d9f,egglog,3,ok,0,732.0694029331207,0,"[""/usr/bin/python3"", ""/home/arjaiswal/Polygeist/scripts/correctness/kernel_match_rewrite.py"", ""/home/arjaiswal/Polygeist/issues/aten_c_kernels/results/aten_igamma/debuf.mlir"", ""--dry-run"", ""--matcher-mode"", ""egglog"", ""--telemetry-json"", ""/home/arjaiswal/Polygeist/issues/equality_saturation_eval/campaign_20260908/aten-aten_igamma-egglog-9atec9w1.json"", ""--disable-semantic-fallback""]","== match report for /home/arjaiswal/Polygeist/issues/aten_c_kernels/results/aten_igamma/debuf.mlir ==
  no_match       body#0  ?
  total: 0 matched / 1 bodies
",0,[],0,0,0,0,/home/arjaiswal/Polygeist/issues/aten_c_kernels/results/aten_igamma/debuf.mlir,2033,8,1,0,302.0949736237526,1,65552,0.0,0,0,0,0,[],0,0,0,0.0,6
aten,aten_igamma,/home/arjaiswal/Polygeist/issues/aten_c_kernels/results/aten_igamma/debuf.mlir,85f53b8e937b08d71bffcba379a0f41e0406f5495080ef75cd9f84425f592d9f,egglog,4,ok,0,727.6190184056759,0,"[""/usr/bin/python3"", ""/home/arjaiswal/Polygeist/scripts/correctness/kernel_match_rewrite.py"", ""/home/arjaiswal/Polygeist/issues/aten_c_kernels/results/aten_igamma/debuf.mlir"", ""--dry-run"", ""--matcher-mode"", ""egglog"", ""--telemetry-json"", ""/home/arjaiswal/Polygeist/issues/equality_saturation_eval/campaign_20260908/aten-aten_igamma-egglog-vlpao4o1.json"", ""--disable-semantic-fallback""]","== match report for /home/arjaiswal/Polygeist/issues/aten_c_kernels/results/aten_igamma/debuf.mlir ==
  no_match       body#0  ?
  total: 0 matched / 1 bodies
",0,[],0,0,0,0,/home/arjaiswal/Polygeist/issues/aten_c_kernels/results/aten_igamma/debuf.mlir,2033,8,1,0,292.6163412630558,1,65756,0.0,0,0,0,0,[],0,0,0,0.0,6
aten,aten_igamma,/home/arjaiswal/Polygeist/issues/aten_c_kernels/results/aten_igamma/debuf.mlir,85f53b8e937b08d71bffcba379a0f41e0406f5495080ef75cd9f84425f592d9f,syntactic,4,ok,0,718.5290642082691,0,"[""/usr/bin/python3"", ""/home/arjaiswal/Polygeist/scripts/correctness/kernel_match_rewrite.py"", ""/home/arjaiswal/Polygeist/issues/aten_c_kernels/results/aten_igamma/debuf.mlir"", ""--dry-run"", ""--matcher-mode"", ""syntactic"", ""--telemetry-json"", ""/home/arjaiswal/Polygeist/issues/equality_saturation_eval/campaign_20260908/aten-aten_igamma-syntactic-244ii6vo.json"", ""--disable-semantic-fallback""]","== match report for /home/arjaiswal/Polygeist/issues/aten_c_kernels/results/aten_igamma/debuf.mlir ==
  no_match       body#0  ?
  total: 0 matched / 1 bodies
",0,[],0,0,0,0,/home/arjaiswal/Polygeist/issues/aten_c_kernels/results/aten_igamma/debuf.mlir,2033,0,1,0,283.36892649531364,1,65456,0.018361955881118774,0,0,0,0,[],0,0,6,0.0,6
aten,aten_igamma,/home/arjaiswal/Polygeist/issues/aten_c_kernels/results/aten_igamma/debuf.mlir,85f53b8e937b08d71bffcba379a0f41e0406f5495080ef75cd9f84425f592d9f,syntactic,5,ok,0,702.3427747189999,0,"[""/usr/bin/python3"", ""/home/arjaiswal/Polygeist/scripts/correctness/kernel_match_rewrite.py"", ""/home/arjaiswal/Polygeist/issues/aten_c_kernels/results/aten_igamma/debuf.mlir"", ""--dry-run"", ""--matcher-mode"", ""syntactic"", ""--telemetry-json"", ""/home/arjaiswal/Polygeist/issues/equality_saturation_eval/campaign_20260908/aten-aten_igamma-syntactic-359gex0w.json"", ""--disable-semantic-fallback""]","== match report for /home/arjaiswal/Polygeist/issues/aten_c_kernels/results/aten_igamma/debuf.mlir ==
  no_match       body#0  ?
  total: 0 matched / 1 bodies
",0,[],0,0,0,0,/home/arjaiswal/Polygeist/issues/aten_c_kernels/results/aten_igamma/debuf.mlir,2033,0,1,0,286.13996133208275,1,65588,0.0185258686542511,0,0,0,0,[],0,0,6,0.0,6
aten,aten_igamma,/home/arjaiswal/Polygeist/issues/aten_c_kernels/results/aten_igamma/debuf.mlir,85f53b8e937b08d71bffcba379a0f41e0406f5495080ef75cd9f84425f592d9f,egglog,5,ok,0,715.8820815384388,0,"[""/usr/bin/python3"", ""/home/arjaiswal/Polygeist/scripts/correctness/kernel_match_rewrite.py"", ""/home/arjaiswal/Polygeist/issues/aten_c_kernels/results/aten_igamma/debuf.mlir"", ""--dry-run"", ""--matcher-mode"", ""egglog"", ""--telemetry-json"", ""/home/arjaiswal/Polygeist/issues/equality_saturation_eval/campaign_20260908/aten-aten_igamma-egglog-btsp5net.json"", ""--disable-semantic-fallback""]","== match report for /home/arjaiswal/Polygeist/issues/aten_c_kernels/results/aten_igamma/debuf.mlir ==
  no_match       body#0  ?
  total: 0 matched / 1 bodies
",0,[],0,0,0,0,/home/arjaiswal/Polygeist/issues/aten_c_kernels/results/aten_igamma/debuf.mlir,2033,8,1,0,291.0841293632984,1,65728,0.0,0,0,0,0,[],0,0,0,0.0,6
aten,aten_igammac,/home/arjaiswal/Polygeist/issues/aten_c_kernels/results/aten_igammac/debuf.mlir,cebf5488a494d284aa5b0c5fe5946ae2440f6f462b855010f275dac75cde85b7,egglog,1,ok,0,693.4732832014561,0,"[""/usr/bin/python3"", ""/home/arjaiswal/Polygeist/scripts/correctness/kernel_match_rewrite.py"", ""/home/arjaiswal/Polygeist/issues/aten_c_kernels/results/aten_igammac/debuf.mlir"", ""--dry-run"", ""--matcher-mode"", ""egglog"", ""--telemetry-json"", ""/home/arjaiswal/Polygeist/issues/equality_saturation_eval/campaign_20260908/aten-aten_igammac-egglog-x_6bmmth.json"", ""--disable-semantic-fallback""]","== match report for /home/arjaiswal/Polygeist/issues/aten_c_kernels/results/aten_igammac/debuf.mlir ==
  no_match       body#0  ?
  total: 0 matched / 1 bodies
",0,[],0,0,0,0,/home/arjaiswal/Polygeist/issues/aten_c_kernels/results/aten_igammac/debuf.mlir,2036,8,1,0,283.25002267956734,1,65656,0.0,0,0,0,0,[],0,0,0,0.0,6
aten,aten_igammac,/home/arjaiswal/Polygeist/issues/aten_c_kernels/results/aten_igammac/debuf.mlir,cebf5488a494d284aa5b0c5fe5946ae2440f6f462b855010f275dac75cde85b7,syntactic,1,ok,0,705.7304605841637,0,"[""/usr/bin/python3"", ""/home/arjaiswal/Polygeist/scripts/correctness/kernel_match_rewrite.py"", ""/home/arjaiswal/Polygeist/issues/aten_c_kernels/results/aten_igammac/debuf.mlir"", ""--dry-run"", ""--matcher-mode"", ""syntactic"", ""--telemetry-json"", ""/home/arjaiswal/Polygeist/issues/equality_saturation_eval/campaign_20260908/aten-aten_igammac-syntactic-bcsefwwh.json"", ""--disable-semantic-fallback""]","== match report for /home/arjaiswal/Polygeist/issues/aten_c_kernels/results/aten_igammac/debuf.mlir ==
  no_match       body#0  ?
  total: 0 matched / 1 bodies
",0,[],0,0,0,0,/home/arjaiswal/Polygeist/issues/aten_c_kernels/results/aten_igammac/debuf.mlir,2036,0,1,0,289.4500270485878,1,65340,0.01973286271095276,0,0,0,0,[],0,0,6,0.0,6
aten,aten_igammac,/home/arjaiswal/Polygeist/issues/aten_c_kernels/results/aten_igammac/debuf.mlir,cebf5488a494d284aa5b0c5fe5946ae2440f6f462b855010f275dac75cde85b7,syntactic,2,ok,0,703.695323318243,0,"[""/usr/bin/python3"", ""/home/arjaiswal/Polygeist/scripts/correctness/kernel_match_rewrite.py"", ""/home/arjaiswal/Polygeist/issues/aten_c_kernels/results/aten_igammac/debuf.mlir"", ""--dry-run"", ""--matcher-mode"", ""syntactic"", ""--telemetry-json"", ""/home/arjaiswal/Polygeist/issues/equality_saturation_eval/campaign_20260908/aten-aten_igammac-syntactic-fwh2y2ln.json"", ""--disable-semantic-fallback""]","== match report for /home/arjaiswal/Polygeist/issues/aten_c_kernels/results/aten_igammac/debuf.mlir ==
  no_match       body#0  ?
  total: 0 matched / 1 bodies
",0,[],0,0,0,0,/home/arjaiswal/Polygeist/issues/aten_c_kernels/results/aten_igammac/debuf.mlir,2036,0,1,0,289.17164728045464,1,65648,0.018309801816940308,0,0,0,0,[],0,0,6,0.0,6
aten,aten_igammac,/home/arjaiswal/Polygeist/issues/aten_c_kernels/results/aten_igammac/debuf.mlir,cebf5488a494d284aa5b0c5fe5946ae2440f6f462b855010f275dac75cde85b7,egglog,2,ok,0,702.6001773774624,0,"[""/usr/bin/python3"", ""/home/arjaiswal/Polygeist/scripts/correctness/kernel_match_rewrite.py"", ""/home/arjaiswal/Polygeist/issues/aten_c_kernels/results/aten_igammac/debuf.mlir"", ""--dry-run"", ""--matcher-mode"", ""egglog"", ""--telemetry-json"", ""/home/arjaiswal/Polygeist/issues/equality_saturation_eval/campaign_20260908/aten-aten_igammac-egglog-9iw1sghm.json"", ""--disable-semantic-fallback""]","== match report for /home/arjaiswal/Polygeist/issues/aten_c_kernels/results/aten_igammac/debuf.mlir ==
  no_match       body#0  ?
  total: 0 matched / 1 bodies
",0,[],0,0,0,0,/home/arjaiswal/Polygeist/issues/aten_c_kernels/results/aten_igammac/debuf.mlir,2036,8,1,0,283.65814685821533,1,65704,0.0,0,0,0,0,[],0,0,0,0.0,6
aten,aten_igammac,/home/arjaiswal/Polygeist/issues/aten_c_kernels/results/aten_igammac/debuf.mlir,cebf5488a494d284aa5b0c5fe5946ae2440f6f462b855010f275dac75cde85b7,egglog,3,ok,0,732.7307984232903,0,"[""/usr/bin/python3"", ""/home/arjaiswal/Polygeist/scripts/correctness/kernel_match_rewrite.py"", ""/home/arjaiswal/Polygeist/issues/aten_c_kernels/results/aten_igammac/debuf.mlir"", ""--dry-run"", ""--matcher-mode"", ""egglog"", ""--telemetry-json"", ""/home/arjaiswal/Polygeist/issues/equality_saturation_eval/campaign_20260908/aten-aten_igammac-egglog-ghaks31p.json"", ""--disable-semantic-fallback""]","== match report for /home/arjaiswal/Polygeist/issues/aten_c_kernels/results/aten_igammac/debuf.mlir ==
  no_match       body#0  ?
  total: 0 matched / 1 bodies
",0,[],0,0,0,0,/home/arjaiswal/Polygeist/issues/aten_c_kernels/results/aten_igammac/debuf.mlir,2036,8,1,0,298.67683723568916,1,65744,0.0,0,0,0,0,[],0,0,0,0.0,6
aten,aten_igammac,/home/arjaiswal/Polygeist/issues/aten_c_kernels/results/aten_igammac/debuf.mlir,cebf5488a494d284aa5b0c5fe5946ae2440f6f462b855010f275dac75cde85b7,syntactic,3,ok,0,712.9097953438759,0,"[""/usr/bin/python3"", ""/home/arjaiswal/Polygeist/scripts/correctness/kernel_match_rewrite.py"", ""/home/arjaiswal/Polygeist/issues/aten_c_kernels/results/aten_igammac/debuf.mlir"", ""--dry-run"", ""--matcher-mode"", ""syntactic"", ""--telemetry-json"", ""/home/arjaiswal/Polygeist/issues/equality_saturation_eval/campaign_20260908/aten-aten_igammac-syntactic-wsojcnei.json"", ""--disable-semantic-fallback""]","== match report for /home/arjaiswal/Polygeist/issues/aten_c_kernels/results/aten_igammac/debuf.mlir ==
  no_match       body#0  ?
  total: 0 matched / 1 bodies
",0,[],0,0,0,0,/home/arjaiswal/Polygeist/issues/aten_c_kernels/results/aten_igammac/debuf.mlir,2036,0,1,0,295.1689623296261,1,65600,0.017020851373672485,0,0,0,0,[],0,0,6,0.0,6
aten,aten_igammac,/home/arjaiswal/Polygeist/issues/aten_c_kernels/results/aten_igammac/debuf.mlir,cebf5488a494d284aa5b0c5fe5946ae2440f6f462b855010f275dac75cde85b7,syntactic,4,ok,0,723.1045924127102,0,"[""/usr/bin/python3"", ""/home/arjaiswal/Polygeist/scripts/correctness/kernel_match_rewrite.py"", ""/home/arjaiswal/Polygeist/issues/aten_c_kernels/results/aten_igammac/debuf.mlir"", ""--dry-run"", ""--matcher-mode"", ""syntactic"", ""--telemetry-json"", ""/home/arjaiswal/Polygeist/issues/equality_saturation_eval/campaign_20260908/aten-aten_igammac-syntactic-9c_fnpq4.json"", ""--disable-semantic-fallback""]","== match report for /home/arjaiswal/Polygeist/issues/aten_c_kernels/results/aten_igammac/debuf.mlir ==
  no_match       body#0  ?
  total: 0 matched / 1 bodies
",0,[],0,0,0,0,/home/arjaiswal/Polygeist/issues/aten_c_kernels/results/aten_igammac/debuf.mlir,2036,0,1,0,283.6906872689724,1,65716,0.018067657947540283,0,0,0,0,[],0,0,6,0.0,6
aten,aten_igammac,/home/arjaiswal/Polygeist/issues/aten_c_kernels/results/aten_igammac/debuf.mlir,cebf5488a494d284aa5b0c5fe5946ae2440f6f462b855010f275dac75cde85b7,egglog,4,ok,0,762.9825696349144,0,"[""/usr/bin/python3"", ""/home/arjaiswal/Polygeist/scripts/correctness/kernel_match_rewrite.py"", ""/home/arjaiswal/Polygeist/issues/aten_c_kernels/results/aten_igammac/debuf.mlir"", ""--dry-run"", ""--matcher-mode"", ""egglog"", ""--telemetry-json"", ""/home/arjaiswal/Polygeist/issues/equality_saturation_eval/campaign_20260908/aten-aten_igammac-egglog-zbn6xgdy.json"", ""--disable-semantic-fallback""]","== match report for /home/arjaiswal/Polygeist/issues/aten_c_kernels/results/aten_igammac/debuf.mlir ==
  no_match       body#0  ?
  total: 0 matched / 1 bodies
",0,[],0,0,0,0,/home/arjaiswal/Polygeist/issues/aten_c_kernels/results/aten_igammac/debuf.mlir,2036,8,1,0,339.83712270855904,1,65624,0.0,0,0,0,0,[],0,0,0,0.0,6
aten,aten_igammac,/home/arjaiswal/Polygeist/issues/aten_c_kernels/results/aten_igammac/debuf.mlir,cebf5488a494d284aa5b0c5fe5946ae2440f6f462b855010f275dac75cde85b7,egglog,5,ok,0,730.6942902505398,0,"[""/usr/bin/python3"", ""/home/arjaiswal/Polygeist/scripts/correctness/kernel_match_rewrite.py"", ""/home/arjaiswal/Polygeist/issues/aten_c_kernels/results/aten_igammac/debuf.mlir"", ""--dry-run"", ""--matcher-mode"", ""egglog"", ""--telemetry-json"", ""/home/arjaiswal/Polygeist/issues/equality_saturation_eval/campaign_20260908/aten-aten_igammac-egglog-udd9i0oq.json"", ""--disable-semantic-fallback""]","== match report for /home/arjaiswal/Polygeist/issues/aten_c_kernels/results/aten_igammac/debuf.mlir ==
  no_match       body#0  ?
  total: 0 matched / 1 bodies
",0,[],0,0,0,0,/home/arjaiswal/Polygeist/issues/aten_c_kernels/results/aten_igammac/debuf.mlir,2036,8,1,0,298.418615013361,1,65752,0.0,0,0,0,0,[],0,0,0,0.0,6
aten,aten_igammac,/home/arjaiswal/Polygeist/issues/aten_c_kernels/results/aten_igammac/debuf.mlir,cebf5488a494d284aa5b0c5fe5946ae2440f6f462b855010f275dac75cde85b7,syntactic,5,ok,0,710.0167609751225,0,"[""/usr/bin/python3"", ""/home/arjaiswal/Polygeist/scripts/correctness/kernel_match_rewrite.py"", ""/home/arjaiswal/Polygeist/issues/aten_c_kernels/results/aten_igammac/debuf.mlir"", ""--dry-run"", ""--matcher-mode"", ""syntactic"", ""--telemetry-json"", ""/home/arjaiswal/Polygeist/issues/equality_saturation_eval/campaign_20260908/aten-aten_igammac-syntactic-c7i58qs3.json"", ""--disable-semantic-fallback""]","== match report for /home/arjaiswal/Polygeist/issues/aten_c_kernels/results/aten_igammac/debuf.mlir ==
  no_match       body#0  ?
  total: 0 matched / 1 bodies
",0,[],0,0,0,0,/home/arjaiswal/Polygeist/issues/aten_c_kernels/results/aten_igammac/debuf.mlir,2036,0,1,0,279.5964442193508,1,65492,0.018712133169174194,0,0,0,0,[],0,0,6,0.0,6
aten,aten_im2col,/home/arjaiswal/Polygeist/issues/aten_c_kernels/results/aten_im2col/debuf.mlir,be6d5a490a4293fe005fbfc62b347f053d4d32b4448534960a796333e75b6065,syntactic,1,ok,0,780.5077135562897,0,"[""/usr/bin/python3"", ""/home/arjaiswal/Polygeist/scripts/correctness/kernel_match_rewrite.py"", ""/home/arjaiswal/Polygeist/issues/aten_c_kernels/results/aten_im2col/debuf.mlir"", ""--dry-run"", ""--matcher-mode"", ""syntactic"", ""--telemetry-json"", ""/home/arjaiswal/Polygeist/issues/equality_saturation_eval/campaign_20260908/aten-aten_im2col-syntactic-0myqiai6.json"", ""--disable-semantic-fallback""]","== match report for /home/arjaiswal/Polygeist/issues/aten_c_kernels/results/aten_im2col/debuf.mlir ==
  match          body#[0]  cutensorPermute_f32_r6_tensor
  total: 1 matched / 1 bodies
",0,[],0,0,0,0,/home/arjaiswal/Polygeist/issues/aten_c_kernels/results/aten_im2col/debuf.mlir,2645,0,1,1,351.16130486130714,0,65640,0.06198510527610779,0,1,0,0,"[{""body_indices"": [0], ""symbol"": ""cutensorPermute_f32_r6_tensor""}]",1,0,25,0.0,25
aten,aten_im2col,/home/arjaiswal/Polygeist/issues/aten_c_kernels/results/aten_im2col/debuf.mlir,be6d5a490a4293fe005fbfc62b347f053d4d32b4448534960a796333e75b6065,egglog,1,ok,0,788.8138145208359,0,"[""/usr/bin/python3"", ""/home/arjaiswal/Polygeist/scripts/correctness/kernel_match_rewrite.py"", ""/home/arjaiswal/Polygeist/issues/aten_c_kernels/results/aten_im2col/debuf.mlir"", ""--dry-run"", ""--matcher-mode"", ""egglog"", ""--telemetry-json"", ""/home/arjaiswal/Polygeist/issues/equality_saturation_eval/campaign_20260908/aten-aten_im2col-egglog-0zic6wee.json"", ""--disable-semantic-fallback""]","== match report for /home/arjaiswal/Polygeist/issues/aten_c_kernels/results/aten_im2col/debuf.mlir ==
  match          body#[0]  cutensorPermute_f32_r6_tensor
  total: 1 matched / 1 bodies
",0,[],0,0,0,0,/home/arjaiswal/Polygeist/issues/aten_c_kernels/results/aten_im2col/debuf.mlir,2645,8,1,1,364.35090377926826,0,67916,11.015303432941437,1,1,0,0,"[{""body_indices"": [0], ""symbol"": ""cutensorPermute_f32_r6_tensor""}]",1,0,0,0.0,25
aten,aten_im2col,/home/arjaiswal/Polygeist/issues/aten_c_kernels/results/aten_im2col/debuf.mlir,be6d5a490a4293fe005fbfc62b347f053d4d32b4448534960a796333e75b6065,egglog,2,ok,0,750.602662563324,0,"[""/usr/bin/python3"", ""/home/arjaiswal/Polygeist/scripts/correctness/kernel_match_rewrite.py"", ""/home/arjaiswal/Polygeist/issues/aten_c_kernels/results/aten_im2col/debuf.mlir"", ""--dry-run"", ""--matcher-mode"", ""egglog"", ""--telemetry-json"", ""/home/arjaiswal/Polygeist/issues/equality_saturation_eval/campaign_20260908/aten-aten_im2col-egglog-m4l303km.json"", ""--disable-semantic-fallback""]","== match report for /home/arjaiswal/Polygeist/issues/aten_c_kernels/results/aten_im2col/debuf.mlir ==
  match          body#[0]  cutensorPermute_f32_r6_tensor
  total: 1 matched / 1 bodies
",0,[],0,0,0,0,/home/arjaiswal/Polygeist/issues/aten_c_kernels/results/aten_im2col/debuf.mlir,2645,8,1,1,324.3893161416054,0,68124,11.196989566087723,1,1,0,0,"[{""body_indices"": [0], ""symbol"": ""cutensorPermute_f32_r6_tensor""}]",1,0,0,0.0,25
aten,aten_im2col,/home/arjaiswal/Polygeist/issues/aten_c_kernels/results/aten_im2col/debuf.mlir,be6d5a490a4293fe005fbfc62b347f053d4d32b4448534960a796333e75b6065,syntactic,2,ok,0,744.8819391429424,0,"[""/usr/bin/python3"", ""/home/arjaiswal/Polygeist/scripts/correctness/kernel_match_rewrite.py"", ""/home/arjaiswal/Polygeist/issues/aten_c_kernels/results/aten_im2col/debuf.mlir"", ""--dry-run"", ""--matcher-mode"", ""syntactic"", ""--telemetry-json"", ""/home/arjaiswal/Polygeist/issues/equality_saturation_eval/campaign_20260908/aten-aten_im2col-syntactic-plv3neqm.json"", ""--disable-semantic-fallback""]","== match report for /home/arjaiswal/Polygeist/issues/aten_c_kernels/results/aten_im2col/debuf.mlir ==
  match          body#[0]  cutensorPermute_f32_r6_tensor
  total: 1 matched / 1 bodies
",0,[],0,0,0,0,/home/arjaiswal/Polygeist/issues/aten_c_kernels/results/aten_im2col/debuf.mlir,2645,0,1,1,334.8357118666172,0,65504,0.060327351093292236,0,1,0,0,"[{""body_indices"": [0], ""symbol"": ""cutensorPermute_f32_r6_tensor""}]",1,0,25,0.0,25
aten,aten_im2col,/home/arjaiswal/Polygeist/issues/aten_c_kernels/results/aten_im2col/debuf.mlir,be6d5a490a4293fe005fbfc62b347f053d4d32b4448534960a796333e75b6065,syntactic,3,ok,0,719.6969501674175,0,"[""/usr/bin/python3"", ""/home/arjaiswal/Polygeist/scripts/correctness/kernel_match_rewrite.py"", ""/home/arjaiswal/Polygeist/issues/aten_c_kernels/results/aten_im2col/debuf.mlir"", ""--dry-run"", ""--matcher-mode"", ""syntactic"", ""--telemetry-json"", ""/home/arjaiswal/Polygeist/issues/equality_saturation_eval/campaign_20260908/aten-aten_im2col-syntactic-qpjcrw6e.json"", ""--disable-semantic-fallback""]","== match report for /home/arjaiswal/Polygeist/issues/aten_c_kernels/results/aten_im2col/debuf.mlir ==
  match          body#[0]  cutensorPermute_f32_r6_tensor
  total: 1 matched / 1 bodies
",0,[],0,0,0,0,/home/arjaiswal/Polygeist/issues/aten_c_kernels/results/aten_im2col/debuf.mlir,2645,0,1,1,311.65167689323425,0,65708,0.059992074966430664,0,1,0,0,"[{""body_indices"": [0], ""symbol"": ""cutensorPermute_f32_r6_tensor""}]",1,0,25,0.0,25
aten,aten_im2col,/home/arjaiswal/Polygeist/issues/aten_c_kernels/results/aten_im2col/debuf.mlir,be6d5a490a4293fe005fbfc62b347f053d4d32b4448534960a796333e75b6065,egglog,3,ok,0,725.6250008940697,0,"[""/usr/bin/python3"", ""/home/arjaiswal/Polygeist/scripts/correctness/kernel_match_rewrite.py"", ""/home/arjaiswal/Polygeist/issues/aten_c_kernels/results/aten_im2col/debuf.mlir"", ""--dry-run"", ""--matcher-mode"", ""egglog"", ""--telemetry-json"", ""/home/arjaiswal/Polygeist/issues/equality_saturation_eval/campaign_20260908/aten-aten_im2col-egglog-xctb6jm1.json"", ""--disable-semantic-fallback""]","== match report for /home/arjaiswal/Polygeist/issues/aten_c_kernels/results/aten_im2col/debuf.mlir ==
  match          body#[0]  cutensorPermute_f32_r6_tensor
  total: 1 matched / 1 bodies
",0,[],0,0,0,0,/home/arjaiswal/Polygeist/issues/aten_c_kernels/results/aten_im2col/debuf.mlir,2645,8,1,1,320.48504799604416,0,68012,10.94432920217514,1,1,0,0,"[{""body_indices"": [0], ""symbol"": ""cutensorPermute_f32_r6_tensor""}]",1,0,0,0.0,25
aten,aten_im2col,/home/arjaiswal/Polygeist/issues/aten_c_kernels/results/aten_im2col/debuf.mlir,be6d5a490a4293fe005fbfc62b347f053d4d32b4448534960a796333e75b6065,egglog,4,ok,0,756.8253763020039,0,"[""/usr/bin/python3"", ""/home/arjaiswal/Polygeist/scripts/correctness/kernel_match_rewrite.py"", ""/home/arjaiswal/Polygeist/issues/aten_c_kernels/results/aten_im2col/debuf.mlir"", ""--dry-run"", ""--matcher-mode"", ""egglog"", ""--telemetry-json"", ""/home/arjaiswal/Polygeist/issues/equality_saturation_eval/campaign_20260908/aten-aten_im2col-egglog-p5ywtga2.json"", ""--disable-semantic-fallback""]","== match report for /home/arjaiswal/Polygeist/issues/aten_c_kernels/results/aten_im2col/debuf.mlir ==
  match          body#[0]  cutensorPermute_f32_r6_tensor
  total: 1 matched / 1 bodies
",0,[],0,0,0,0,/home/arjaiswal/Polygeist/issues/aten_c_kernels/results/aten_im2col/debuf.mlir,2645,8,1,1,337.25692704319954,0,68332,11.852744966745377,1,1,0,0,"[{""body_indices"": [0], ""symbol"": ""cutensorPermute_f32_r6_tensor""}]",1,0,0,0.0,25
aten,aten_im2col,/home/arjaiswal/Polygeist/issues/aten_c_kernels/results/aten_im2col/debuf.mlir,be6d5a490a4293fe005fbfc62b347f053d4d32b4448534960a796333e75b6065,syntactic,4,ok,0,750.6428994238377,0,"[""/usr/bin/python3"", ""/home/arjaiswal/Polygeist/scripts/correctness/kernel_match_rewrite.py"", ""/home/arjaiswal/Polygeist/issues/aten_c_kernels/results/aten_im2col/debuf.mlir"", ""--dry-run"", ""--matcher-mode"", ""syntactic"", ""--telemetry-json"", ""/home/arjaiswal/Polygeist/issues/equality_saturation_eval/campaign_20260908/aten-aten_im2col-syntactic-0fwknlh5.json"", ""--disable-semantic-fallback""]","== match report for /home/arjaiswal/Polygeist/issues/aten_c_kernels/results/aten_im2col/debuf.mlir ==
  match          body#[0]  cutensorPermute_f32_r6_tensor
  total: 1 matched / 1 bodies
",0,[],0,0,0,0,/home/arjaiswal/Polygeist/issues/aten_c_kernels/results/aten_im2col/debuf.mlir,2645,0,1,1,325.264111161232,0,65600,0.06543472409248352,0,1,0,0,"[{""body_indices"": [0], ""symbol"": ""cutensorPermute_f32_r6_tensor""}]",1,0,25,0.0,25
aten,aten_im2col,/home/arjaiswal/Polygeist/issues/aten_c_kernels/results/aten_im2col/debuf.mlir,be6d5a490a4293fe005fbfc62b347f053d4d32b4448534960a796333e75b6065,syntactic,5,ok,0,728.3256314694881,0,"[""/usr/bin/python3"", ""/home/arjaiswal/Polygeist/scripts/correctness/kernel_match_rewrite.py"", ""/home/arjaiswal/Polygeist/issues/aten_c_kernels/results/aten_im2col/debuf.mlir"", ""--dry-run"", ""--matcher-mode"", ""syntactic"", ""--telemetry-json"", ""/home/arjaiswal/Polygeist/issues/equality_saturation_eval/campaign_20260908/aten-aten_im2col-syntactic-89_geqkp.json"", ""--disable-semantic-fallback""]","== match report for /home/arjaiswal/Polygeist/issues/aten_c_kernels/results/aten_im2col/debuf.mlir ==
  match          body#[0]  cutensorPermute_f32_r6_tensor
  total: 1 matched / 1 bodies
",0,[],0,0,0,0,/home/arjaiswal/Polygeist/issues/aten_c_kernels/results/aten_im2col/debuf.mlir,2645,0,1,1,320.3895315527916,0,65512,0.0589713454246521,0,1,0,0,"[{""body_indices"": [0], ""symbol"": ""cutensorPermute_f32_r6_tensor""}]",1,0,25,0.0,25
aten,aten_im2col,/home/arjaiswal/Polygeist/issues/aten_c_kernels/results/aten_im2col/debuf.mlir,be6d5a490a4293fe005fbfc62b347f053d4d32b4448534960a796333e75b6065,egglog,5,ok,0,751.0653994977474,0,"[""/usr/bin/python3"", ""/home/arjaiswal/Polygeist/scripts/correctness/kernel_match_rewrite.py"", ""/home/arjaiswal/Polygeist/issues/aten_c_kernels/results/aten_im2col/debuf.mlir"", ""--dry-run"", ""--matcher-mode"", ""egglog"", ""--telemetry-json"", ""/home/arjaiswal/Polygeist/issues/equality_saturation_eval/campaign_20260908/aten-aten_im2col-egglog-sm1i59zu.json"", ""--disable-semantic-fallback""]","== match report for /home/arjaiswal/Polygeist/issues/aten_c_kernels/results/aten_im2col/debuf.mlir ==
  match          body#[0]  cutensorPermute_f32_r6_tensor
  total: 1 matched / 1 bodies
",0,[],0,0,0,0,/home/arjaiswal/Polygeist/issues/aten_c_kernels/results/aten_im2col/debuf.mlir,2645,8,1,1,330.5184878408909,0,68164,11.199429631233215,1,1,0,0,"[{""body_indices"": [0], ""symbol"": ""cutensorPermute_f32_r6_tensor""}]",1,0,0,0.0,25
aten,aten_index_copy_cpu,/home/arjaiswal/Polygeist/issues/aten_c_kernels/results/aten_index_copy_cpu/debuf.mlir,69277d77505001cf84b949d82321426175e927b3de08c5b47300271716664aa6,egglog,1,ok,0,676.8749915063381,0,"[""/usr/bin/python3"", ""/home/arjaiswal/Polygeist/scripts/correctness/kernel_match_rewrite.py"", ""/home/arjaiswal/Polygeist/issues/aten_c_kernels/results/aten_index_copy_cpu/debuf.mlir"", ""--dry-run"", ""--matcher-mode"", ""egglog"", ""--telemetry-json"", ""/home/arjaiswal/Polygeist/issues/equality_saturation_eval/campaign_20260908/aten-aten_index_copy_cpu-egglog-sf3a9g4h.json"", ""--disable-semantic-fallback""]","== match report for /home/arjaiswal/Polygeist/issues/aten_c_kernels/results/aten_index_copy_cpu/debuf.mlir ==
  total: 0 matched / 0 bodies
",0,[],0,0,0,0,/home/arjaiswal/Polygeist/issues/aten_c_kernels/results/aten_index_copy_cpu/debuf.mlir,2113,8,0,0,262.4281793832779,0,64636,0.0,0,0,0,0,[],0,0,0,0.0,0
aten,aten_index_copy_cpu,/home/arjaiswal/Polygeist/issues/aten_c_kernels/results/aten_index_copy_cpu/debuf.mlir,69277d77505001cf84b949d82321426175e927b3de08c5b47300271716664aa6,syntactic,1,ok,0,681.8653233349323,0,"[""/usr/bin/python3"", ""/home/arjaiswal/Polygeist/scripts/correctness/kernel_match_rewrite.py"", ""/home/arjaiswal/Polygeist/issues/aten_c_kernels/results/aten_index_copy_cpu/debuf.mlir"", ""--dry-run"", ""--matcher-mode"", ""syntactic"", ""--telemetry-json"", ""/home/arjaiswal/Polygeist/issues/equality_saturation_eval/campaign_20260908/aten-aten_index_copy_cpu-syntactic-cuk20zq_.json"", ""--disable-semantic-fallback""]","== match report for /home/arjaiswal/Polygeist/issues/aten_c_kernels/results/aten_index_copy_cpu/debuf.mlir ==
  total: 0 matched / 0 bodies
",0,[],0,0,0,0,/home/arjaiswal/Polygeist/issues/aten_c_kernels/results/aten_index_copy_cpu/debuf.mlir,2113,0,0,0,260.27316972613335,0,64712,0.0,0,0,0,0,[],0,0,0,0.0,0
aten,aten_index_copy_cpu,/home/arjaiswal/Polygeist/issues/aten_c_kernels/results/aten_index_copy_cpu/debuf.mlir,69277d77505001cf84b949d82321426175e927b3de08c5b47300271716664aa6,syntactic,2,ok,0,670.6847175955772,0,"[""/usr/bin/python3"", ""/home/arjaiswal/Polygeist/scripts/correctness/kernel_match_rewrite.py"", ""/home/arjaiswal/Polygeist/issues/aten_c_kernels/results/aten_index_copy_cpu/debuf.mlir"", ""--dry-run"", ""--matcher-mode"", ""syntactic"", ""--telemetry-json"", ""/home/arjaiswal/Polygeist/issues/equality_saturation_eval/campaign_20260908/aten-aten_index_copy_cpu-syntactic-cp5_p1h1.json"", ""--disable-semantic-fallback""]","== match report for /home/arjaiswal/Polygeist/issues/aten_c_kernels/results/aten_index_copy_cpu/debuf.mlir ==
  total: 0 matched / 0 bodies
",0,[],0,0,0,0,/home/arjaiswal/Polygeist/issues/aten_c_kernels/results/aten_index_copy_cpu/debuf.mlir,2113,0,0,0,259.96480137109756,0,64716,0.0,0,0,0,0,[],0,0,0,0.0,0
aten,aten_index_copy_cpu,/home/arjaiswal/Polygeist/issues/aten_c_kernels/results/aten_index_copy_cpu/debuf.mlir,69277d77505001cf84b949d82321426175e927b3de08c5b47300271716664aa6,egglog,2,ok,0,682.4601665139198,0,"[""/usr/bin/python3"", ""/home/arjaiswal/Polygeist/scripts/correctness/kernel_match_rewrite.py"", ""/home/arjaiswal/Polygeist/issues/aten_c_kernels/results/aten_index_copy_cpu/debuf.mlir"", ""--dry-run"", ""--matcher-mode"", ""egglog"", ""--telemetry-json"", ""/home/arjaiswal/Polygeist/issues/equality_saturation_eval/campaign_20260908/aten-aten_index_copy_cpu-egglog-cboyeuk7.json"", ""--disable-semantic-fallback""]","== match report for /home/arjaiswal/Polygeist/issues/aten_c_kernels/results/aten_index_copy_cpu/debuf.mlir ==
  total: 0 matched / 0 bodies
",0,[],0,0,0,0,/home/arjaiswal/Polygeist/issues/aten_c_kernels/results/aten_index_copy_cpu/debuf.mlir,2113,8,0,0,270.0848653912544,0,64432,0.0,0,0,0,0,[],0,0,0,0.0,0
aten,aten_index_copy_cpu,/home/arjaiswal/Polygeist/issues/aten_c_kernels/results/aten_index_copy_cpu/debuf.mlir,69277d77505001cf84b949d82321426175e927b3de08c5b47300271716664aa6,egglog,3,ok,0,697.4239684641361,0,"[""/usr/bin/python3"", ""/home/arjaiswal/Polygeist/scripts/correctness/kernel_match_rewrite.py"", ""/home/arjaiswal/Polygeist/issues/aten_c_kernels/results/aten_index_copy_cpu/debuf.mlir"", ""--dry-run"", ""--matcher-mode"", ""egglog"", ""--telemetry-json"", ""/home/arjaiswal/Polygeist/issues/equality_saturation_eval/campaign_20260908/aten-aten_index_copy_cpu-egglog-igdpyb3_.json"", ""--disable-semantic-fallback""]","== match report for /home/arjaiswal/Polygeist/issues/aten_c_kernels/results/aten_index_copy_cpu/debuf.mlir ==
  total: 0 matched / 0 bodies
",0,[],0,0,0,0,/home/arjaiswal/Polygeist/issues/aten_c_kernels/results/aten_index_copy_cpu/debuf.mlir,2113,8,0,0,271.84102684259415,0,64680,0.0,0,0,0,0,[],0,0,0,0.0,0
aten,aten_index_copy_cpu,/home/arjaiswal/Polygeist/issues/aten_c_kernels/results/aten_index_copy_cpu/debuf.mlir,69277d77505001cf84b949d82321426175e927b3de08c5b47300271716664aa6,syntactic,3,ok,0,705.6118696928024,0,"[""/usr/bin/python3"", ""/home/arjaiswal/Polygeist/scripts/correctness/kernel_match_rewrite.py"", ""/home/arjaiswal/Polygeist/issues/aten_c_kernels/results/aten_index_copy_cpu/debuf.mlir"", ""--dry-run"", ""--matcher-mode"", ""syntactic"", ""--telemetry-json"", ""/home/arjaiswal/Polygeist/issues/equality_saturation_eval/campaign_20260908/aten-aten_index_copy_cpu-syntactic-b9w3mt8m.json"", ""--disable-semantic-fallback""]","== match report for /home/arjaiswal/Polygeist/issues/aten_c_kernels/results/aten_index_copy_cpu/debuf.mlir ==
  total: 0 matched / 0 bodies
",0,[],0,0,0,0,/home/arjaiswal/Polygeist/issues/aten_c_kernels/results/aten_index_copy_cpu/debuf.mlir,2113,0,0,0,285.6578826904297,0,64744,0.0,0,0,0,0,[],0,0,0,0.0,0
aten,aten_index_copy_cpu,/home/arjaiswal/Polygeist/issues/aten_c_kernels/results/aten_index_copy_cpu/debuf.mlir,69277d77505001cf84b949d82321426175e927b3de08c5b47300271716664aa6,syntactic,4,ok,0,690.4892101883888,0,"[""/usr/bin/python3"", ""/home/arjaiswal/Polygeist/scripts/correctness/kernel_match_rewrite.py"", ""/home/arjaiswal/Polygeist/issues/aten_c_kernels/results/aten_index_copy_cpu/debuf.mlir"", ""--dry-run"", ""--matcher-mode"", ""syntactic"", ""--telemetry-json"", ""/home/arjaiswal/Polygeist/issues/equality_saturation_eval/campaign_20260908/aten-aten_index_copy_cpu-syntactic-5uxujw7u.json"", ""--disable-semantic-fallback""]","== match report for /home/arjaiswal/Polygeist/issues/aten_c_kernels/results/aten_index_copy_cpu/debuf.mlir ==
  total: 0 matched / 0 bodies
",0,[],0,0,0,0,/home/arjaiswal/Polygeist/issues/aten_c_kernels/results/aten_index_copy_cpu/debuf.mlir,2113,0,0,0,269.80479061603546,0,64540,0.0,0,0,0,0,[],0,0,0,0.0,0
aten,aten_index_copy_cpu,/home/arjaiswal/Polygeist/issues/aten_c_kernels/results/aten_index_copy_cpu/debuf.mlir,69277d77505001cf84b949d82321426175e927b3de08c5b47300271716664aa6,egglog,4,ok,0,689.4780248403549,0,"[""/usr/bin/python3"", ""/home/arjaiswal/Polygeist/scripts/correctness/kernel_match_rewrite.py"", ""/home/arjaiswal/Polygeist/issues/aten_c_kernels/results/aten_index_copy_cpu/debuf.mlir"", ""--dry-run"", ""--matcher-mode"", ""egglog"", ""--telemetry-json"", ""/home/arjaiswal/Polygeist/issues/equality_saturation_eval/campaign_20260908/aten-aten_index_copy_cpu-egglog-8t2i7qx9.json"", ""--disable-semantic-fallback""]","== match report for /home/arjaiswal/Polygeist/issues/aten_c_kernels/results/aten_index_copy_cpu/debuf.mlir ==
  total: 0 matched / 0 bodies
",0,[],0,0,0,0,/home/arjaiswal/Polygeist/issues/aten_c_kernels/results/aten_index_copy_cpu/debuf.mlir,2113,8,0,0,260.2604366838932,0,64452,0.0,0,0,0,0,[],0,0,0,0.0,0
aten,aten_index_copy_cpu,/home/arjaiswal/Polygeist/issues/aten_c_kernels/results/aten_index_copy_cpu/debuf.mlir,69277d77505001cf84b949d82321426175e927b3de08c5b47300271716664aa6,egglog,5,ok,0,678.1400702893734,0,"[""/usr/bin/python3"", ""/home/arjaiswal/Polygeist/scripts/correctness/kernel_match_rewrite.py"", ""/home/arjaiswal/Polygeist/issues/aten_c_kernels/results/aten_index_copy_cpu/debuf.mlir"", ""--dry-run"", ""--matcher-mode"", ""egglog"", ""--telemetry-json"", ""/home/arjaiswal/Polygeist/issues/equality_saturation_eval/campaign_20260908/aten-aten_index_copy_cpu-egglog-sabfxttd.json"", ""--disable-semantic-fallback""]","== match report for /home/arjaiswal/Polygeist/issues/aten_c_kernels/results/aten_index_copy_cpu/debuf.mlir ==
  total: 0 matched / 0 bodies
",0,[],0,0,0,0,/home/arjaiswal/Polygeist/issues/aten_c_kernels/results/aten_index_copy_cpu/debuf.mlir,2113,8,0,0,258.09185206890106,0,64648,0.0,0,0,0,0,[],0,0,0,0.0,0
aten,aten_index_copy_cpu,/home/arjaiswal/Polygeist/issues/aten_c_kernels/results/aten_index_copy_cpu/debuf.mlir,69277d77505001cf84b949d82321426175e927b3de08c5b47300271716664aa6,syntactic,5,ok,0,734.1880239546299,0,"[""/usr/bin/python3"", ""/home/arjaiswal/Polygeist/scripts/correctness/kernel_match_rewrite.py"", ""/home/arjaiswal/Polygeist/issues/aten_c_kernels/results/aten_index_copy_cpu/debuf.mlir"", ""--dry-run"", ""--matcher-mode"", ""syntactic"", ""--telemetry-json"", ""/home/arjaiswal/Polygeist/issues/equality_saturation_eval/campaign_20260908/aten-aten_index_copy_cpu-syntactic-jfh9_k0b.json"", ""--disable-semantic-fallback""]","== match report for /home/arjaiswal/Polygeist/issues/aten_c_kernels/results/aten_index_copy_cpu/debuf.mlir ==
  total: 0 matched / 0 bodies
",0,[],0,0,0,0,/home/arjaiswal/Polygeist/issues/aten_c_kernels/results/aten_index_copy_cpu/debuf.mlir,2113,0,0,0,252.92857363820076,0,64552,0.0,0,0,0,0,[],0,0,0,0.0,0
aten,aten_index_cpu,/home/arjaiswal/Polygeist/issues/aten_c_kernels/results/aten_index_cpu/debuf.mlir,807c9219948a44a34edc2237e16e413e98b403ef83e47b14df1de1b79d287e18,syntactic,1,ok,0,699.9004259705544,0,"[""/usr/bin/python3"", ""/home/arjaiswal/Polygeist/scripts/correctness/kernel_match_rewrite.py"", ""/home/arjaiswal/Polygeist/issues/aten_c_kernels/results/aten_index_cpu/debuf.mlir"", ""--dry-run"", ""--matcher-mode"", ""syntactic"", ""--telemetry-json"", ""/home/arjaiswal/Polygeist/issues/equality_saturation_eval/campaign_20260908/aten-aten_index_cpu-syntactic-wmkqwzsb.json"", ""--disable-semantic-fallback""]","== match report for /home/arjaiswal/Polygeist/issues/aten_c_kernels/results/aten_index_cpu/debuf.mlir ==
  no_match       body#0  ?
  total: 0 matched / 1 bodies
",0,[],0,0,0,0,/home/arjaiswal/Polygeist/issues/aten_c_kernels/results/aten_index_cpu/debuf.mlir,2255,0,1,0,275.5463309586048,1,64764,0.015955418348312378,0,0,0,0,[],0,0,4,0.0,4
aten,aten_index_cpu,/home/arjaiswal/Polygeist/issues/aten_c_kernels/results/aten_index_cpu/debuf.mlir,807c9219948a44a34edc2237e16e413e98b403ef83e47b14df1de1b79d287e18,egglog,1,ok,0,691.6963681578636,0,"[""/usr/bin/python3"", ""/home/arjaiswal/Polygeist/scripts/correctness/kernel_match_rewrite.py"", ""/home/arjaiswal/Polygeist/issues/aten_c_kernels/results/aten_index_cpu/debuf.mlir"", ""--dry-run"", ""--matcher-mode"", ""egglog"", ""--telemetry-json"", ""/home/arjaiswal/Polygeist/issues/equality_saturation_eval/campaign_20260908/aten-aten_index_cpu-egglog-3a1js23x.json"", ""--disable-semantic-fallback""]","== match report for /home/arjaiswal/Polygeist/issues/aten_c_kernels/results/aten_index_cpu/debuf.mlir ==
  no_match       body#0  ?
  total: 0 matched / 1 bodies
",0,[],0,0,0,0,/home/arjaiswal/Polygeist/issues/aten_c_kernels/results/aten_index_cpu/debuf.mlir,2255,8,1,0,272.82314747571945,1,64392,0.0,0,0,0,0,[],0,0,0,0.0,4
aten,aten_index_cpu,/home/arjaiswal/Polygeist/issues/aten_c_kernels/results/aten_index_cpu/debuf.mlir,807c9219948a44a34edc2237e16e413e98b403ef83e47b14df1de1b79d287e18,egglog,2,ok,0,686.3622590899467,0,"[""/usr/bin/python3"", ""/home/arjaiswal/Polygeist/scripts/correctness/kernel_match_rewrite.py"", ""/home/arjaiswal/Polygeist/issues/aten_c_kernels/results/aten_index_cpu/debuf.mlir"", ""--dry-run"", ""--matcher-mode"", ""egglog"", ""--telemetry-json"", ""/home/arjaiswal/Polygeist/issues/equality_saturation_eval/campaign_20260908/aten-aten_index_cpu-egglog-3vthqfdd.json"", ""--disable-semantic-fallback""]","== match report for /home/arjaiswal/Polygeist/issues/aten_c_kernels/results/aten_index_cpu/debuf.mlir ==
  no_match       body#0  ?
  total: 0 matched / 1 bodies
",0,[],0,0,0,0,/home/arjaiswal/Polygeist/issues/aten_c_kernels/results/aten_index_cpu/debuf.mlir,2255,8,1,0,268.26950535178185,1,64596,0.0,0,0,0,0,[],0,0,0,0.0,4
aten,aten_index_cpu,/home/arjaiswal/Polygeist/issues/aten_c_kernels/results/aten_index_cpu/debuf.mlir,807c9219948a44a34edc2237e16e413e98b403ef83e47b14df1de1b79d287e18,syntactic,2,ok,0,668.1298725306988,0,"[""/usr/bin/python3"", ""/home/arjaiswal/Polygeist/scripts/correctness/kernel_match_rewrite.py"", ""/home/arjaiswal/Polygeist/issues/aten_c_kernels/results/aten_index_cpu/debuf.mlir"", ""--dry-run"", ""--matcher-mode"", ""syntactic"", ""--telemetry-json"", ""/home/arjaiswal/Polygeist/issues/equality_saturation_eval/campaign_20260908/aten-aten_index_cpu-syntactic-px2ilwko.json"", ""--disable-semantic-fallback""]","== match report for /home/arjaiswal/Polygeist/issues/aten_c_kernels/results/aten_index_cpu/debuf.mlir ==
  no_match       body#0  ?
  total: 0 matched / 1 bodies
",0,[],0,0,0,0,/home/arjaiswal/Polygeist/issues/aten_c_kernels/results/aten_index_cpu/debuf.mlir,2255,0,1,0,267.88707822561264,1,64796,0.014845281839370728,0,0,0,0,[],0,0,4,0.0,4
aten,aten_index_cpu,/home/arjaiswal/Polygeist/issues/aten_c_kernels/results/aten_index_cpu/debuf.mlir,807c9219948a44a34edc2237e16e413e98b403ef83e47b14df1de1b79d287e18,syntactic,3,ok,0,667.1569757163525,0,"[""/usr/bin/python3"", ""/home/arjaiswal/Polygeist/scripts/correctness/kernel_match_rewrite.py"", ""/home/arjaiswal/Polygeist/issues/aten_c_kernels/results/aten_index_cpu/debuf.mlir"", ""--dry-run"", ""--matcher-mode"", ""syntactic"", ""--telemetry-json"", ""/home/arjaiswal/Polygeist/issues/equality_saturation_eval/campaign_20260908/aten-aten_index_cpu-syntactic-3o2d0kzk.json"", ""--disable-semantic-fallback""]","== match report for /home/arjaiswal/Polygeist/issues/aten_c_kernels/results/aten_index_cpu/debuf.mlir ==
  no_match       body#0  ?
  total: 0 matched / 1 bodies
",0,[],0,0,0,0,/home/arjaiswal/Polygeist/issues/aten_c_kernels/results/aten_index_cpu/debuf.mlir,2255,0,1,0,264.99371230602264,1,64472,0.015236437320709229,0,0,0,0,[],0,0,4,0.0,4
aten,aten_index_cpu,/home/arjaiswal/Polygeist/issues/aten_c_kernels/results/aten_index_cpu/debuf.mlir,807c9219948a44a34edc2237e16e413e98b403ef83e47b14df1de1b79d287e18,egglog,3,ok,0,698.5605992376804,0,"[""/usr/bin/python3"", ""/home/arjaiswal/Polygeist/scripts/correctness/kernel_match_rewrite.py"", ""/home/arjaiswal/Polygeist/issues/aten_c_kernels/results/aten_index_cpu/debuf.mlir"", ""--dry-run"", ""--matcher-mode"", ""egglog"", ""--telemetry-json"", ""/home/arjaiswal/Polygeist/issues/equality_saturation_eval/campaign_20260908/aten-aten_index_cpu-egglog-baeriwv8.json"", ""--disable-semantic-fallback""]","== match report for /home/arjaiswal/Polygeist/issues/aten_c_kernels/results/aten_index_cpu/debuf.mlir ==
  no_match       body#0  ?
  total: 0 matched / 1 bodies
",0,[],0,0,0,0,/home/arjaiswal/Polygeist/issues/aten_c_kernels/results/aten_index_cpu/debuf.mlir,2255,8,1,0,275.8956402540207,1,64820,0.0,0,0,0,0,[],0,0,0,0.0,4
aten,aten_index_cpu,/home/arjaiswal/Polygeist/issues/aten_c_kernels/results/aten_index_cpu/debuf.mlir,807c9219948a44a34edc2237e16e413e98b403ef83e47b14df1de1b79d287e18,egglog,4,ok,0,753.9107613265514,0,"[""/usr/bin/python3"", ""/home/arjaiswal/Polygeist/scripts/correctness/kernel_match_rewrite.py"", ""/home/arjaiswal/Polygeist/issues/aten_c_kernels/results/aten_index_cpu/debuf.mlir"", ""--dry-run"", ""--matcher-mode"", ""egglog"", ""--telemetry-json"", ""/home/arjaiswal/Polygeist/issues/equality_saturation_eval/campaign_20260908/aten-aten_index_cpu-egglog-bzlmdahe.json"", ""--disable-semantic-fallback""]","== match report for /home/arjaiswal/Polygeist/issues/aten_c_kernels/results/aten_index_cpu/debuf.mlir ==
  no_match       body#0  ?
  total: 0 matched / 1 bodies
",0,[],0,0,0,0,/home/arjaiswal/Polygeist/issues/aten_c_kernels/results/aten_index_cpu/debuf.mlir,2255,8,1,0,293.63786056637764,1,64380,0.0,0,0,0,0,[],0,0,0,0.0,4
aten,aten_index_cpu,/home/arjaiswal/Polygeist/issues/aten_c_kernels/results/aten_index_cpu/debuf.mlir,807c9219948a44a34edc2237e16e413e98b403ef83e47b14df1de1b79d287e18,syntactic,4,ok,0,721.8114882707596,0,"[""/usr/bin/python3"", ""/home/arjaiswal/Polygeist/scripts/correctness/kernel_match_rewrite.py"", ""/home/arjaiswal/Polygeist/issues/aten_c_kernels/results/aten_index_cpu/debuf.mlir"", ""--dry-run"", ""--matcher-mode"", ""syntactic"", ""--telemetry-json"", ""/home/arjaiswal/Polygeist/issues/equality_saturation_eval/campaign_20260908/aten-aten_index_cpu-syntactic-p94p13wt.json"", ""--disable-semantic-fallback""]","== match report for /home/arjaiswal/Polygeist/issues/aten_c_kernels/results/aten_index_cpu/debuf.mlir ==
  no_match       body#0  ?
  total: 0 matched / 1 bodies
",0,[],0,0,0,0,/home/arjaiswal/Polygeist/issues/aten_c_kernels/results/aten_index_cpu/debuf.mlir,2255,0,1,0,276.2061432003975,1,64852,0.017758458852767944,0,0,0,0,[],0,0,4,0.0,4
aten,aten_index_cpu,/home/arjaiswal/Polygeist/issues/aten_c_kernels/results/aten_index_cpu/debuf.mlir,807c9219948a44a34edc2237e16e413e98b403ef83e47b14df1de1b79d287e18,syntactic,5,ok,0,710.7641510665417,0,"[""/usr/bin/python3"", ""/home/arjaiswal/Polygeist/scripts/correctness/kernel_match_rewrite.py"", ""/home/arjaiswal/Polygeist/issues/aten_c_kernels/results/aten_index_cpu/debuf.mlir"", ""--dry-run"", ""--matcher-mode"", ""syntactic"", ""--telemetry-json"", ""/home/arjaiswal/Polygeist/issues/equality_saturation_eval/campaign_20260908/aten-aten_index_cpu-syntactic-_w05m5jk.json"", ""--disable-semantic-fallback""]","== match report for /home/arjaiswal/Polygeist/issues/aten_c_kernels/results/aten_index_cpu/debuf.mlir ==
  no_match       body#0  ?
  total: 0 matched / 1 bodies
",0,[],0,0,0,0,/home/arjaiswal/Polygeist/issues/aten_c_kernels/results/aten_index_cpu/debuf.mlir,2255,0,1,0,303.11915278434753,1,64556,0.015456229448318481,0,0,0,0,[],0,0,4,0.0,4
aten,aten_index_cpu,/home/arjaiswal/Polygeist/issues/aten_c_kernels/results/aten_index_cpu/debuf.mlir,807c9219948a44a34edc2237e16e413e98b403ef83e47b14df1de1b79d287e18,egglog,5,ok,0,690.7689087092876,0,"[""/usr/bin/python3"", ""/home/arjaiswal/Polygeist/scripts/correctness/kernel_match_rewrite.py"", ""/home/arjaiswal/Polygeist/issues/aten_c_kernels/results/aten_index_cpu/debuf.mlir"", ""--dry-run"", ""--matcher-mode"", ""egglog"", ""--telemetry-json"", ""/home/arjaiswal/Polygeist/issues/equality_saturation_eval/campaign_20260908/aten-aten_index_cpu-egglog-xfy8w4zg.json"", ""--disable-semantic-fallback""]","== match report for /home/arjaiswal/Polygeist/issues/aten_c_kernels/results/aten_index_cpu/debuf.mlir ==
  no_match       body#0  ?
  total: 0 matched / 1 bodies
",0,[],0,0,0,0,/home/arjaiswal/Polygeist/issues/aten_c_kernels/results/aten_index_cpu/debuf.mlir,2255,8,1,0,266.016211360693,1,64660,0.0,0,0,0,0,[],0,0,0,0.0,4
aten,aten_index_fill_cpu,/home/arjaiswal/Polygeist/issues/aten_c_kernels/results/aten_index_fill_cpu/debuf.mlir,4fca6a5c72e86f529750ba5c34daa567fc872a6961ebdb0a60773f60b3d7ad9c,egglog,1,ok,0,663.4764298796654,0,"[""/usr/bin/python3"", ""/home/arjaiswal/Polygeist/scripts/correctness/kernel_match_rewrite.py"", ""/home/arjaiswal/Polygeist/issues/aten_c_kernels/results/aten_index_fill_cpu/debuf.mlir"", ""--dry-run"", ""--matcher-mode"", ""egglog"", ""--telemetry-json"", ""/home/arjaiswal/Polygeist/issues/equality_saturation_eval/campaign_20260908/aten-aten_index_fill_cpu-egglog-yxuy3vhr.json"", ""--disable-semantic-fallback""]","== match report for /home/arjaiswal/Polygeist/issues/aten_c_kernels/results/aten_index_fill_cpu/debuf.mlir ==
  total: 0 matched / 0 bodies
",0,[],0,0,0,0,/home/arjaiswal/Polygeist/issues/aten_c_kernels/results/aten_index_fill_cpu/debuf.mlir,1961,8,0,0,257.44104012846947,0,64648,0.0,0,0,0,0,[],0,0,0,0.0,0
aten,aten_index_fill_cpu,/home/arjaiswal/Polygeist/issues/aten_c_kernels/results/aten_index_fill_cpu/debuf.mlir,4fca6a5c72e86f529750ba5c34daa567fc872a6961ebdb0a60773f60b3d7ad9c,syntactic,1,ok,0,646.3737078011036,0,"[""/usr/bin/python3"", ""/home/arjaiswal/Polygeist/scripts/correctness/kernel_match_rewrite.py"", ""/home/arjaiswal/Polygeist/issues/aten_c_kernels/results/aten_index_fill_cpu/debuf.mlir"", ""--dry-run"", ""--matcher-mode"", ""syntactic"", ""--telemetry-json"", ""/home/arjaiswal/Polygeist/issues/equality_saturation_eval/campaign_20260908/aten-aten_index_fill_cpu-syntactic-s_nc91og.json"", ""--disable-semantic-fallback""]","== match report for /home/arjaiswal/Polygeist/issues/aten_c_kernels/results/aten_index_fill_cpu/debuf.mlir ==
  total: 0 matched / 0 bodies
",0,[],0,0,0,0,/home/arjaiswal/Polygeist/issues/aten_c_kernels/results/aten_index_fill_cpu/debuf.mlir,1961,0,0,0,248.62316995859146,0,64404,0.0,0,0,0,0,[],0,0,0,0.0,0
aten,aten_index_fill_cpu,/home/arjaiswal/Polygeist/issues/aten_c_kernels/results/aten_index_fill_cpu/debuf.mlir,4fca6a5c72e86f529750ba5c34daa567fc872a6961ebdb0a60773f60b3d7ad9c,syntactic,2,ok,0,641.2542127072811,0,"[""/usr/bin/python3"", ""/home/arjaiswal/Polygeist/scripts/correctness/kernel_match_rewrite.py"", ""/home/arjaiswal/Polygeist/issues/aten_c_kernels/results/aten_index_fill_cpu/debuf.mlir"", ""--dry-run"", ""--matcher-mode"", ""syntactic"", ""--telemetry-json"", ""/home/arjaiswal/Polygeist/issues/equality_saturation_eval/campaign_20260908/aten-aten_index_fill_cpu-syntactic-70exgp7j.json"", ""--disable-semantic-fallback""]","== match report for /home/arjaiswal/Polygeist/issues/aten_c_kernels/results/aten_index_fill_cpu/debuf.mlir ==
  total: 0 matched / 0 bodies
",0,[],0,0,0,0,/home/arjaiswal/Polygeist/issues/aten_c_kernels/results/aten_index_fill_cpu/debuf.mlir,1961,0,0,0,246.45907059311867,0,64732,0.0,0,0,0,0,[],0,0,0,0.0,0
aten,aten_index_fill_cpu,/home/arjaiswal/Polygeist/issues/aten_c_kernels/results/aten_index_fill_cpu/debuf.mlir,4fca6a5c72e86f529750ba5c34daa567fc872a6961ebdb0a60773f60b3d7ad9c,egglog,2,ok,0,667.6038801670074,0,"[""/usr/bin/python3"", ""/home/arjaiswal/Polygeist/scripts/correctness/kernel_match_rewrite.py"", ""/home/arjaiswal/Polygeist/issues/aten_c_kernels/results/aten_index_fill_cpu/debuf.mlir"", ""--dry-run"", ""--matcher-mode"", ""egglog"", ""--telemetry-json"", ""/home/arjaiswal/Polygeist/issues/equality_saturation_eval/campaign_20260908/aten-aten_index_fill_cpu-egglog-u58tnmdt.json"", ""--disable-semantic-fallback""]","== match report for /home/arjaiswal/Polygeist/issues/aten_c_kernels/results/aten_index_fill_cpu/debuf.mlir ==
  total: 0 matched / 0 bodies
",0,[],0,0,0,0,/home/arjaiswal/Polygeist/issues/aten_c_kernels/results/aten_index_fill_cpu/debuf.mlir,1961,8,0,0,257.5015462934971,0,64416,0.0,0,0,0,0,[],0,0,0,0.0,0
aten,aten_index_fill_cpu,/home/arjaiswal/Polygeist/issues/aten_c_kernels/results/aten_index_fill_cpu/debuf.mlir,4fca6a5c72e86f529750ba5c34daa567fc872a6961ebdb0a60773f60b3d7ad9c,egglog,3,ok,0,683.9309483766556,0,"[""/usr/bin/python3"", ""/home/arjaiswal/Polygeist/scripts/correctness/kernel_match_rewrite.py"", ""/home/arjaiswal/Polygeist/issues/aten_c_kernels/results/aten_index_fill_cpu/debuf.mlir"", ""--dry-run"", ""--matcher-mode"", ""egglog"", ""--telemetry-json"", ""/home/arjaiswal/Polygeist/issues/equality_saturation_eval/campaign_20260908/aten-aten_index_fill_cpu-egglog-2e62b9bk.json"", ""--disable-semantic-fallback""]","== match report for /home/arjaiswal/Polygeist/issues/aten_c_kernels/results/aten_index_fill_cpu/debuf.mlir ==
  total: 0 matched / 0 bodies
",0,[],0,0,0,0,/home/arjaiswal/Polygeist/issues/aten_c_kernels/results/aten_index_fill_cpu/debuf.mlir,1961,8,0,0,258.03473964333534,0,64592,0.0,0,0,0,0,[],0,0,0,0.0,0
aten,aten_index_fill_cpu,/home/arjaiswal/Polygeist/issues/aten_c_kernels/results/aten_index_fill_cpu/debuf.mlir,4fca6a5c72e86f529750ba5c34daa567fc872a6961ebdb0a60773f60b3d7ad9c,syntactic,3,ok,0,681.8964630365372,0,"[""/usr/bin/python3"", ""/home/arjaiswal/Polygeist/scripts/correctness/kernel_match_rewrite.py"", ""/home/arjaiswal/Polygeist/issues/aten_c_kernels/results/aten_index_fill_cpu/debuf.mlir"", ""--dry-run"", ""--matcher-mode"", ""syntactic"", ""--telemetry-json"", ""/home/arjaiswal/Polygeist/issues/equality_saturation_eval/campaign_20260908/aten-aten_index_fill_cpu-syntactic-bi1g4rnc.json"", ""--disable-semantic-fallback""]","== match report for /home/arjaiswal/Polygeist/issues/aten_c_kernels/results/aten_index_fill_cpu/debuf.mlir ==
  total: 0 matched / 0 bodies
",0,[],0,0,0,0,/home/arjaiswal/Polygeist/issues/aten_c_kernels/results/aten_index_fill_cpu/debuf.mlir,1961,0,0,0,270.3198865056038,0,64816,0.0,0,0,0,0,[],0,0,0,0.0,0
aten,aten_index_fill_cpu,/home/arjaiswal/Polygeist/issues/aten_c_kernels/results/aten_index_fill_cpu/debuf.mlir,4fca6a5c72e86f529750ba5c34daa567fc872a6961ebdb0a60773f60b3d7ad9c,syntactic,4,ok,0,674.0427985787392,0,"[""/usr/bin/python3"", ""/home/arjaiswal/Polygeist/scripts/correctness/kernel_match_rewrite.py"", ""/home/arjaiswal/Polygeist/issues/aten_c_kernels/results/aten_index_fill_cpu/debuf.mlir"", ""--dry-run"", ""--matcher-mode"", ""syntactic"", ""--telemetry-json"", ""/home/arjaiswal/Polygeist/issues/equality_saturation_eval/campaign_20260908/aten-aten_index_fill_cpu-syntactic-7nsffmua.json"", ""--disable-semantic-fallback""]","== match report for /home/arjaiswal/Polygeist/issues/aten_c_kernels/results/aten_index_fill_cpu/debuf.mlir ==
  total: 0 matched / 0 bodies
",0,[],0,0,0,0,/home/arjaiswal/Polygeist/issues/aten_c_kernels/results/aten_index_fill_cpu/debuf.mlir,1961,0,0,0,259.81638580560684,0,64608,0.0,0,0,0,0,[],0,0,0,0.0,0
aten,aten_index_fill_cpu,/home/arjaiswal/Polygeist/issues/aten_c_kernels/results/aten_index_fill_cpu/debuf.mlir,4fca6a5c72e86f529750ba5c34daa567fc872a6961ebdb0a60773f60b3d7ad9c,egglog,4,ok,0,658.4117971360683,0,"[""/usr/bin/python3"", ""/home/arjaiswal/Polygeist/scripts/correctness/kernel_match_rewrite.py"", ""/home/arjaiswal/Polygeist/issues/aten_c_kernels/results/aten_index_fill_cpu/debuf.mlir"", ""--dry-run"", ""--matcher-mode"", ""egglog"", ""--telemetry-json"", ""/home/arjaiswal/Polygeist/issues/equality_saturation_eval/campaign_20260908/aten-aten_index_fill_cpu-egglog-3nuyu79i.json"", ""--disable-semantic-fallback""]","== match report for /home/arjaiswal/Polygeist/issues/aten_c_kernels/results/aten_index_fill_cpu/debuf.mlir ==
  total: 0 matched / 0 bodies
",0,[],0,0,0,0,/home/arjaiswal/Polygeist/issues/aten_c_kernels/results/aten_index_fill_cpu/debuf.mlir,1961,8,0,0,253.29681858420372,0,64700,0.0,0,0,0,0,[],0,0,0,0.0,0
aten,aten_index_fill_cpu,/home/arjaiswal/Polygeist/issues/aten_c_kernels/results/aten_index_fill_cpu/debuf.mlir,4fca6a5c72e86f529750ba5c34daa567fc872a6961ebdb0a60773f60b3d7ad9c,egglog,5,ok,0,671.7351824045181,0,"[""/usr/bin/python3"", ""/home/arjaiswal/Polygeist/scripts/correctness/kernel_match_rewrite.py"", ""/home/arjaiswal/Polygeist/issues/aten_c_kernels/results/aten_index_fill_cpu/debuf.mlir"", ""--dry-run"", ""--matcher-mode"", ""egglog"", ""--telemetry-json"", ""/home/arjaiswal/Polygeist/issues/equality_saturation_eval/campaign_20260908/aten-aten_index_fill_cpu-egglog-qmsjblu3.json"", ""--disable-semantic-fallback""]","== match report for /home/arjaiswal/Polygeist/issues/aten_c_kernels/results/aten_index_fill_cpu/debuf.mlir ==
  total: 0 matched / 0 bodies
",0,[],0,0,0,0,/home/arjaiswal/Polygeist/issues/aten_c_kernels/results/aten_index_fill_cpu/debuf.mlir,1961,8,0,0,258.9258551597595,0,64884,0.0,0,0,0,0,[],0,0,0,0.0,0
aten,aten_index_fill_cpu,/home/arjaiswal/Polygeist/issues/aten_c_kernels/results/aten_index_fill_cpu/debuf.mlir,4fca6a5c72e86f529750ba5c34daa567fc872a6961ebdb0a60773f60b3d7ad9c,syntactic,5,ok,0,662.9339344799519,0,"[""/usr/bin/python3"", ""/home/arjaiswal/Polygeist/scripts/correctness/kernel_match_rewrite.py"", ""/home/arjaiswal/Polygeist/issues/aten_c_kernels/results/aten_index_fill_cpu/debuf.mlir"", ""--dry-run"", ""--matcher-mode"", ""syntactic"", ""--telemetry-json"", ""/home/arjaiswal/Polygeist/issues/equality_saturation_eval/campaign_20260908/aten-aten_index_fill_cpu-syntactic-uos3p2hz.json"", ""--disable-semantic-fallback""]","== match report for /home/arjaiswal/Polygeist/issues/aten_c_kernels/results/aten_index_fill_cpu/debuf.mlir ==
  total: 0 matched / 0 bodies
",0,[],0,0,0,0,/home/arjaiswal/Polygeist/issues/aten_c_kernels/results/aten_index_fill_cpu/debuf.mlir,1961,0,0,0,257.9233683645725,0,64768,0.0,0,0,0,0,[],0,0,0,0.0,0
aten,aten_index_put_cpu,/home/arjaiswal/Polygeist/issues/aten_c_kernels/results/aten_index_put_cpu/debuf.mlir,e95d32951523023f27e5fbc13a90f0d192224388f66a2c06d124c9e17200df4a,syntactic,1,ok,0,660.2360084652901,0,"[""/usr/bin/python3"", ""/home/arjaiswal/Polygeist/scripts/correctness/kernel_match_rewrite.py"", ""/home/arjaiswal/Polygeist/issues/aten_c_kernels/results/aten_index_put_cpu/debuf.mlir"", ""--dry-run"", ""--matcher-mode"", ""syntactic"", ""--telemetry-json"", ""/home/arjaiswal/Polygeist/issues/equality_saturation_eval/campaign_20260908/aten-aten_index_put_cpu-syntactic-qkda6d9w.json"", ""--disable-semantic-fallback""]","== match report for /home/arjaiswal/Polygeist/issues/aten_c_kernels/results/aten_index_put_cpu/debuf.mlir ==
  total: 0 matched / 0 bodies
",0,[],0,0,0,0,/home/arjaiswal/Polygeist/issues/aten_c_kernels/results/aten_index_put_cpu/debuf.mlir,2538,0,0,0,253.49854677915573,0,64540,0.0,0,0,0,0,[],0,0,0,0.0,0
aten,aten_index_put_cpu,/home/arjaiswal/Polygeist/issues/aten_c_kernels/results/aten_index_put_cpu/debuf.mlir,e95d32951523023f27e5fbc13a90f0d192224388f66a2c06d124c9e17200df4a,egglog,1,ok,0,657.9694487154484,0,"[""/usr/bin/python3"", ""/home/arjaiswal/Polygeist/scripts/correctness/kernel_match_rewrite.py"", ""/home/arjaiswal/Polygeist/issues/aten_c_kernels/results/aten_index_put_cpu/debuf.mlir"", ""--dry-run"", ""--matcher-mode"", ""egglog"", ""--telemetry-json"", ""/home/arjaiswal/Polygeist/issues/equality_saturation_eval/campaign_20260908/aten-aten_index_put_cpu-egglog-qcihp528.json"", ""--disable-semantic-fallback""]","== match report for /home/arjaiswal/Polygeist/issues/aten_c_kernels/results/aten_index_put_cpu/debuf.mlir ==
  total: 0 matched / 0 bodies
",0,[],0,0,0,0,/home/arjaiswal/Polygeist/issues/aten_c_kernels/results/aten_index_put_cpu/debuf.mlir,2538,8,0,0,248.23809042572975,0,64896,0.0,0,0,0,0,[],0,0,0,0.0,0
aten,aten_index_put_cpu,/home/arjaiswal/Polygeist/issues/aten_c_kernels/results/aten_index_put_cpu/debuf.mlir,e95d32951523023f27e5fbc13a90f0d192224388f66a2c06d124c9e17200df4a,egglog,2,ok,0,673.4600737690926,0,"[""/usr/bin/python3"", ""/home/arjaiswal/Polygeist/scripts/correctness/kernel_match_rewrite.py"", ""/home/arjaiswal/Polygeist/issues/aten_c_kernels/results/aten_index_put_cpu/debuf.mlir"", ""--dry-run"", ""--matcher-mode"", ""egglog"", ""--telemetry-json"", ""/home/arjaiswal/Polygeist/issues/equality_saturation_eval/campaign_20260908/aten-aten_index_put_cpu-egglog-25lhd5sy.json"", ""--disable-semantic-fallback""]","== match report for /home/arjaiswal/Polygeist/issues/aten_c_kernels/results/aten_index_put_cpu/debuf.mlir ==
  total: 0 matched / 0 bodies
",0,[],0,0,0,0,/home/arjaiswal/Polygeist/issues/aten_c_kernels/results/aten_index_put_cpu/debuf.mlir,2538,8,0,0,256.0437060892582,0,64684,0.0,0,0,0,0,[],0,0,0,0.0,0
aten,aten_index_put_cpu,/home/arjaiswal/Polygeist/issues/aten_c_kernels/results/aten_index_put_cpu/debuf.mlir,e95d32951523023f27e5fbc13a90f0d192224388f66a2c06d124c9e17200df4a,syntactic,2,ok,0,664.6819189190865,0,"[""/usr/bin/python3"", ""/home/arjaiswal/Polygeist/scripts/correctness/kernel_match_rewrite.py"", ""/home/arjaiswal/Polygeist/issues/aten_c_kernels/results/aten_index_put_cpu/debuf.mlir"", ""--dry-run"", ""--matcher-mode"", ""syntactic"", ""--telemetry-json"", ""/home/arjaiswal/Polygeist/issues/equality_saturation_eval/campaign_20260908/aten-aten_index_put_cpu-syntactic-g_0lco21.json"", ""--disable-semantic-fallback""]","== match report for /home/arjaiswal/Polygeist/issues/aten_c_kernels/results/aten_index_put_cpu/debuf.mlir ==
  total: 0 matched / 0 bodies
",0,[],0,0,0,0,/home/arjaiswal/Polygeist/issues/aten_c_kernels/results/aten_index_put_cpu/debuf.mlir,2538,0,0,0,255.82366436719894,0,64764,0.0,0,0,0,0,[],0,0,0,0.0,0
aten,aten_index_put_cpu,/home/arjaiswal/Polygeist/issues/aten_c_kernels/results/aten_index_put_cpu/debuf.mlir,e95d32951523023f27e5fbc13a90f0d192224388f66a2c06d124c9e17200df4a,syntactic,3,ok,0,744.2816272377968,0,"[""/usr/bin/python3"", ""/home/arjaiswal/Polygeist/scripts/correctness/kernel_match_rewrite.py"", ""/home/arjaiswal/Polygeist/issues/aten_c_kernels/results/aten_index_put_cpu/debuf.mlir"", ""--dry-run"", ""--matcher-mode"", ""syntactic"", ""--telemetry-json"", ""/home/arjaiswal/Polygeist/issues/equality_saturation_eval/campaign_20260908/aten-aten_index_put_cpu-syntactic-q9o4q3fa.json"", ""--disable-semantic-fallback""]","== match report for /home/arjaiswal/Polygeist/issues/aten_c_kernels/results/aten_index_put_cpu/debuf.mlir ==
  total: 0 matched / 0 bodies
",0,[],0,0,0,0,/home/arjaiswal/Polygeist/issues/aten_c_kernels/results/aten_index_put_cpu/debuf.mlir,2538,0,0,0,315.30994549393654,0,64888,0.0,0,0,0,0,[],0,0,0,0.0,0
aten,aten_index_put_cpu,/home/arjaiswal/Polygeist/issues/aten_c_kernels/results/aten_index_put_cpu/debuf.mlir,e95d32951523023f27e5fbc13a90f0d192224388f66a2c06d124c9e17200df4a,egglog,3,ok,0,675.5776256322861,0,"[""/usr/bin/python3"", ""/home/arjaiswal/Polygeist/scripts/correctness/kernel_match_rewrite.py"", ""/home/arjaiswal/Polygeist/issues/aten_c_kernels/results/aten_index_put_cpu/debuf.mlir"", ""--dry-run"", ""--matcher-mode"", ""egglog"", ""--telemetry-json"", ""/home/arjaiswal/Polygeist/issues/equality_saturation_eval/campaign_20260908/aten-aten_index_put_cpu-egglog-gu0lzeka.json"", ""--disable-semantic-fallback""]","== match report for /home/arjaiswal/Polygeist/issues/aten_c_kernels/results/aten_index_put_cpu/debuf.mlir ==
  total: 0 matched / 0 bodies
",0,[],0,0,0,0,/home/arjaiswal/Polygeist/issues/aten_c_kernels/results/aten_index_put_cpu/debuf.mlir,2538,8,0,0,255.81667944788933,0,64768,0.0,0,0,0,0,[],0,0,0,0.0,0
aten,aten_index_put_cpu,/home/arjaiswal/Polygeist/issues/aten_c_kernels/results/aten_index_put_cpu/debuf.mlir,e95d32951523023f27e5fbc13a90f0d192224388f66a2c06d124c9e17200df4a,egglog,4,ok,0,668.8922829926014,0,"[""/usr/bin/python3"", ""/home/arjaiswal/Polygeist/scripts/correctness/kernel_match_rewrite.py"", ""/home/arjaiswal/Polygeist/issues/aten_c_kernels/results/aten_index_put_cpu/debuf.mlir"", ""--dry-run"", ""--matcher-mode"", ""egglog"", ""--telemetry-json"", ""/home/arjaiswal/Polygeist/issues/equality_saturation_eval/campaign_20260908/aten-aten_index_put_cpu-egglog-li0hoex3.json"", ""--disable-semantic-fallback""]","== match report for /home/arjaiswal/Polygeist/issues/aten_c_kernels/results/aten_index_put_cpu/debuf.mlir ==
  total: 0 matched / 0 bodies
",0,[],0,0,0,0,/home/arjaiswal/Polygeist/issues/aten_c_kernels/results/aten_index_put_cpu/debuf.mlir,2538,8,0,0,256.4322054386139,0,64844,0.0,0,0,0,0,[],0,0,0,0.0,0
aten,aten_index_put_cpu,/home/arjaiswal/Polygeist/issues/aten_c_kernels/results/aten_index_put_cpu/debuf.mlir,e95d32951523023f27e5fbc13a90f0d192224388f66a2c06d124c9e17200df4a,syntactic,4,ok,0,677.3602068424225,0,"[""/usr/bin/python3"", ""/home/arjaiswal/Polygeist/scripts/correctness/kernel_match_rewrite.py"", ""/home/arjaiswal/Polygeist/issues/aten_c_kernels/results/aten_index_put_cpu/debuf.mlir"", ""--dry-run"", ""--matcher-mode"", ""syntactic"", ""--telemetry-json"", ""/home/arjaiswal/Polygeist/issues/equality_saturation_eval/campaign_20260908/aten-aten_index_put_cpu-syntactic-5nz_zrb0.json"", ""--disable-semantic-fallback""]","== match report for /home/arjaiswal/Polygeist/issues/aten_c_kernels/results/aten_index_put_cpu/debuf.mlir ==
  total: 0 matched / 0 bodies
",0,[],0,0,0,0,/home/arjaiswal/Polygeist/issues/aten_c_kernels/results/aten_index_put_cpu/debuf.mlir,2538,0,0,0,268.46541091799736,0,64628,0.0,0,0,0,0,[],0,0,0,0.0,0
aten,aten_index_put_cpu,/home/arjaiswal/Polygeist/issues/aten_c_kernels/results/aten_index_put_cpu/debuf.mlir,e95d32951523023f27e5fbc13a90f0d192224388f66a2c06d124c9e17200df4a,syntactic,5,ok,0,674.709502607584,0,"[""/usr/bin/python3"", ""/home/arjaiswal/Polygeist/scripts/correctness/kernel_match_rewrite.py"", ""/home/arjaiswal/Polygeist/issues/aten_c_kernels/results/aten_index_put_cpu/debuf.mlir"", ""--dry-run"", ""--matcher-mode"", ""syntactic"", ""--telemetry-json"", ""/home/arjaiswal/Polygeist/issues/equality_saturation_eval/campaign_20260908/aten-aten_index_put_cpu-syntactic-h1q_27uk.json"", ""--disable-semantic-fallback""]","== match report for /home/arjaiswal/Polygeist/issues/aten_c_kernels/results/aten_index_put_cpu/debuf.mlir ==
  total: 0 matched / 0 bodies
",0,[],0,0,0,0,/home/arjaiswal/Polygeist/issues/aten_c_kernels/results/aten_index_put_cpu/debuf.mlir,2538,0,0,0,258.9693181216717,0,64592,0.0,0,0,0,0,[],0,0,0,0.0,0
aten,aten_index_put_cpu,/home/arjaiswal/Polygeist/issues/aten_c_kernels/results/aten_index_put_cpu/debuf.mlir,e95d32951523023f27e5fbc13a90f0d192224388f66a2c06d124c9e17200df4a,egglog,5,ok,0,667.9816395044327,0,"[""/usr/bin/python3"", ""/home/arjaiswal/Polygeist/scripts/correctness/kernel_match_rewrite.py"", ""/home/arjaiswal/Polygeist/issues/aten_c_kernels/results/aten_index_put_cpu/debuf.mlir"", ""--dry-run"", ""--matcher-mode"", ""egglog"", ""--telemetry-json"", ""/home/arjaiswal/Polygeist/issues/equality_saturation_eval/campaign_20260908/aten-aten_index_put_cpu-egglog-o8ey9bxu.json"", ""--disable-semantic-fallback""]","== match report for /home/arjaiswal/Polygeist/issues/aten_c_kernels/results/aten_index_put_cpu/debuf.mlir ==
  total: 0 matched / 0 bodies
",0,[],0,0,0,0,/home/arjaiswal/Polygeist/issues/aten_c_kernels/results/aten_index_put_cpu/debuf.mlir,2538,8,0,0,249.28635731339455,0,64628,0.0,0,0,0,0,[],0,0,0,0.0,0
aten,aten_index_put_impl_cpu,/home/arjaiswal/Polygeist/issues/aten_c_kernels/results/aten_index_put_impl_cpu/debuf.mlir,783e18bfda771718e5c2337b168cdb97025656e92e5b68031d67a629707c5195,egglog,1,ok,0,666.7808815836906,0,"[""/usr/bin/python3"", ""/home/arjaiswal/Polygeist/scripts/correctness/kernel_match_rewrite.py"", ""/home/arjaiswal/Polygeist/issues/aten_c_kernels/results/aten_index_put_impl_cpu/debuf.mlir"", ""--dry-run"", ""--matcher-mode"", ""egglog"", ""--telemetry-json"", ""/home/arjaiswal/Polygeist/issues/equality_saturation_eval/campaign_20260908/aten-aten_index_put_impl_cpu-egglog-_pk0efl4.json"", ""--disable-semantic-fallback""]","== match report for /home/arjaiswal/Polygeist/issues/aten_c_kernels/results/aten_index_put_impl_cpu/debuf.mlir ==
  total: 0 matched / 0 bodies
",0,[],0,0,0,0,/home/arjaiswal/Polygeist/issues/aten_c_kernels/results/aten_index_put_impl_cpu/debuf.mlir,1925,8,0,0,246.9637766480446,0,64560,0.0,0,0,0,0,[],0,0,0,0.0,0
aten,aten_index_put_impl_cpu,/home/arjaiswal/Polygeist/issues/aten_c_kernels/results/aten_index_put_impl_cpu/debuf.mlir,783e18bfda771718e5c2337b168cdb97025656e92e5b68031d67a629707c5195,syntactic,1,ok,0,706.0181945562363,0,"[""/usr/bin/python3"", ""/home/arjaiswal/Polygeist/scripts/correctness/kernel_match_rewrite.py"", ""/home/arjaiswal/Polygeist/issues/aten_c_kernels/results/aten_index_put_impl_cpu/debuf.mlir"", ""--dry-run"", ""--matcher-mode"", ""syntactic"", ""--telemetry-json"", ""/home/arjaiswal/Polygeist/issues/equality_saturation_eval/campaign_20260908/aten-aten_index_put_impl_cpu-syntactic-9yvoc5st.json"", ""--disable-semantic-fallback""]","== match report for /home/arjaiswal/Polygeist/issues/aten_c_kernels/results/aten_index_put_impl_cpu/debuf.mlir ==
  total: 0 matched / 0 bodies
",0,[],0,0,0,0,/home/arjaiswal/Polygeist/issues/aten_c_kernels/results/aten_index_put_impl_cpu/debuf.mlir,1925,0,0,0,279.4257029891014,0,64776,0.0,0,0,0,0,[],0,0,0,0.0,0
aten,aten_index_put_impl_cpu,/home/arjaiswal/Polygeist/issues/aten_c_kernels/results/aten_index_put_impl_cpu/debuf.mlir,783e18bfda771718e5c2337b168cdb97025656e92e5b68031d67a629707c5195,syntactic,2,ok,0,680.4045625030994,0,"[""/usr/bin/python3"", ""/home/arjaiswal/Polygeist/scripts/correctness/kernel_match_rewrite.py"", ""/home/arjaiswal/Polygeist/issues/aten_c_kernels/results/aten_index_put_impl_cpu/debuf.mlir"", ""--dry-run"", ""--matcher-mode"", ""syntactic"", ""--telemetry-json"", ""/home/arjaiswal/Polygeist/issues/equality_saturation_eval/campaign_20260908/aten-aten_index_put_impl_cpu-syntactic-ypfvkwbh.json"", ""--disable-semantic-fallback""]","== match report for /home/arjaiswal/Polygeist/issues/aten_c_kernels/results/aten_index_put_impl_cpu/debuf.mlir ==
  total: 0 matched / 0 bodies
",0,[],0,0,0,0,/home/arjaiswal/Polygeist/issues/aten_c_kernels/results/aten_index_put_impl_cpu/debuf.mlir,1925,0,0,0,264.34775069355965,0,64648,0.0,0,0,0,0,[],0,0,0,0.0,0
aten,aten_index_put_impl_cpu,/home/arjaiswal/Polygeist/issues/aten_c_kernels/results/aten_index_put_impl_cpu/debuf.mlir,783e18bfda771718e5c2337b168cdb97025656e92e5b68031d67a629707c5195,egglog,2,ok,0,669.7251684963703,0,"[""/usr/bin/python3"", ""/home/arjaiswal/Polygeist/scripts/correctness/kernel_match_rewrite.py"", ""/home/arjaiswal/Polygeist/issues/aten_c_kernels/results/aten_index_put_impl_cpu/debuf.mlir"", ""--dry-run"", ""--matcher-mode"", ""egglog"", ""--telemetry-json"", ""/home/arjaiswal/Polygeist/issues/equality_saturation_eval/campaign_20260908/aten-aten_index_put_impl_cpu-egglog-2u_cpt2r.json"", ""--disable-semantic-fallback""]","== match report for /home/arjaiswal/Polygeist/issues/aten_c_kernels/results/aten_index_put_impl_cpu/debuf.mlir ==
  total: 0 matched / 0 bodies
",0,[],0,0,0,0,/home/arjaiswal/Polygeist/issues/aten_c_kernels/results/aten_index_put_impl_cpu/debuf.mlir,1925,8,0,0,254.39225137233734,0,64924,0.0,0,0,0,0,[],0,0,0,0.0,0
aten,aten_index_put_impl_cpu,/home/arjaiswal/Polygeist/issues/aten_c_kernels/results/aten_index_put_impl_cpu/debuf.mlir,783e18bfda771718e5c2337b168cdb97025656e92e5b68031d67a629707c5195,egglog,3,ok,0,666.6441783308983,0,"[""/usr/bin/python3"", ""/home/arjaiswal/Polygeist/scripts/correctness/kernel_match_rewrite.py"", ""/home/arjaiswal/Polygeist/issues/aten_c_kernels/results/aten_index_put_impl_cpu/debuf.mlir"", ""--dry-run"", ""--matcher-mode"", ""egglog"", ""--telemetry-json"", ""/home/arjaiswal/Polygeist/issues/equality_saturation_eval/campaign_20260908/aten-aten_index_put_impl_cpu-egglog-u8vfsup9.json"", ""--disable-semantic-fallback""]","== match report for /home/arjaiswal/Polygeist/issues/aten_c_kernels/results/aten_index_put_impl_cpu/debuf.mlir ==
  total: 0 matched / 0 bodies
",0,[],0,0,0,0,/home/arjaiswal/Polygeist/issues/aten_c_kernels/results/aten_index_put_impl_cpu/debuf.mlir,1925,8,0,0,257.92718306183815,0,64752,0.0,0,0,0,0,[],0,0,0,0.0,0
aten,aten_index_put_impl_cpu,/home/arjaiswal/Polygeist/issues/aten_c_kernels/results/aten_index_put_impl_cpu/debuf.mlir,783e18bfda771718e5c2337b168cdb97025656e92e5b68031d67a629707c5195,syntactic,3,ok,0,668.7229461967945,0,"[""/usr/bin/python3"", ""/home/arjaiswal/Polygeist/scripts/correctness/kernel_match_rewrite.py"", ""/home/arjaiswal/Polygeist/issues/aten_c_kernels/results/aten_index_put_impl_cpu/debuf.mlir"", ""--dry-run"", ""--matcher-mode"", ""syntactic"", ""--telemetry-json"", ""/home/arjaiswal/Polygeist/issues/equality_saturation_eval/campaign_20260908/aten-aten_index_put_impl_cpu-syntactic-ssqpucus.json"", ""--disable-semantic-fallback""]","== match report for /home/arjaiswal/Polygeist/issues/aten_c_kernels/results/aten_index_put_impl_cpu/debuf.mlir ==
  total: 0 matched / 0 bodies
",0,[],0,0,0,0,/home/arjaiswal/Polygeist/issues/aten_c_kernels/results/aten_index_put_impl_cpu/debuf.mlir,1925,0,0,0,255.58950006961823,0,64632,0.0,0,0,0,0,[],0,0,0,0.0,0
aten,aten_index_put_impl_cpu,/home/arjaiswal/Polygeist/issues/aten_c_kernels/results/aten_index_put_impl_cpu/debuf.mlir,783e18bfda771718e5c2337b168cdb97025656e92e5b68031d67a629707c5195,syntactic,4,ok,0,661.113515496254,0,"[""/usr/bin/python3"", ""/home/arjaiswal/Polygeist/scripts/correctness/kernel_match_rewrite.py"", ""/home/arjaiswal/Polygeist/issues/aten_c_kernels/results/aten_index_put_impl_cpu/debuf.mlir"", ""--dry-run"", ""--matcher-mode"", ""syntactic"", ""--telemetry-json"", ""/home/arjaiswal/Polygeist/issues/equality_saturation_eval/campaign_20260908/aten-aten_index_put_impl_cpu-syntactic-vwa0hqh5.json"", ""--disable-semantic-fallback""]","== match report for /home/arjaiswal/Polygeist/issues/aten_c_kernels/results/aten_index_put_impl_cpu/debuf.mlir ==
  total: 0 matched / 0 bodies
",0,[],0,0,0,0,/home/arjaiswal/Polygeist/issues/aten_c_kernels/results/aten_index_put_impl_cpu/debuf.mlir,1925,0,0,0,255.20233809947968,0,64616,0.0,0,0,0,0,[],0,0,0,0.0,0
aten,aten_index_put_impl_cpu,/home/arjaiswal/Polygeist/issues/aten_c_kernels/results/aten_index_put_impl_cpu/debuf.mlir,783e18bfda771718e5c2337b168cdb97025656e92e5b68031d67a629707c5195,egglog,4,ok,0,674.2785163223743,0,"[""/usr/bin/python3"", ""/home/arjaiswal/Polygeist/scripts/correctness/kernel_match_rewrite.py"", ""/home/arjaiswal/Polygeist/issues/aten_c_kernels/results/aten_index_put_impl_cpu/debuf.mlir"", ""--dry-run"", ""--matcher-mode"", ""egglog"", ""--telemetry-json"", ""/home/arjaiswal/Polygeist/issues/equality_saturation_eval/campaign_20260908/aten-aten_index_put_impl_cpu-egglog-h6y5wcd6.json"", ""--disable-semantic-fallback""]","== match report for /home/arjaiswal/Polygeist/issues/aten_c_kernels/results/aten_index_put_impl_cpu/debuf.mlir ==
  total: 0 matched / 0 bodies
",0,[],0,0,0,0,/home/arjaiswal/Polygeist/issues/aten_c_kernels/results/aten_index_put_impl_cpu/debuf.mlir,1925,8,0,0,261.6114169359207,0,64608,0.0,0,0,0,0,[],0,0,0,0.0,0
aten,aten_index_put_impl_cpu,/home/arjaiswal/Polygeist/issues/aten_c_kernels/results/aten_index_put_impl_cpu/debuf.mlir,783e18bfda771718e5c2337b168cdb97025656e92e5b68031d67a629707c5195,egglog,5,ok,0,692.0686885714531,0,"[""/usr/bin/python3"", ""/home/arjaiswal/Polygeist/scripts/correctness/kernel_match_rewrite.py"", ""/home/arjaiswal/Polygeist/issues/aten_c_kernels/results/aten_index_put_impl_cpu/debuf.mlir"", ""--dry-run"", ""--matcher-mode"", ""egglog"", ""--telemetry-json"", ""/home/arjaiswal/Polygeist/issues/equality_saturation_eval/campaign_20260908/aten-aten_index_put_impl_cpu-egglog-psswnfyv.json"", ""--disable-semantic-fallback""]","== match report for /home/arjaiswal/Polygeist/issues/aten_c_kernels/results/aten_index_put_impl_cpu/debuf.mlir ==
  total: 0 matched / 0 bodies
",0,[],0,0,0,0,/home/arjaiswal/Polygeist/issues/aten_c_kernels/results/aten_index_put_impl_cpu/debuf.mlir,1925,8,0,0,272.97426760196686,0,64736,0.0,0,0,0,0,[],0,0,0,0.0,0
aten,aten_index_put_impl_cpu,/home/arjaiswal/Polygeist/issues/aten_c_kernels/results/aten_index_put_impl_cpu/debuf.mlir,783e18bfda771718e5c2337b168cdb97025656e92e5b68031d67a629707c5195,syntactic,5,ok,0,675.3932200372219,0,"[""/usr/bin/python3"", ""/home/arjaiswal/Polygeist/scripts/correctness/kernel_match_rewrite.py"", ""/home/arjaiswal/Polygeist/issues/aten_c_kernels/results/aten_index_put_impl_cpu/debuf.mlir"", ""--dry-run"", ""--matcher-mode"", ""syntactic"", ""--telemetry-json"", ""/home/arjaiswal/Polygeist/issues/equality_saturation_eval/campaign_20260908/aten-aten_index_put_impl_cpu-syntactic-uzm6_71r.json"", ""--disable-semantic-fallback""]","== match report for /home/arjaiswal/Polygeist/issues/aten_c_kernels/results/aten_index_put_impl_cpu/debuf.mlir ==
  total: 0 matched / 0 bodies
",0,[],0,0,0,0,/home/arjaiswal/Polygeist/issues/aten_c_kernels/results/aten_index_put_impl_cpu/debuf.mlir,1925,0,0,0,259.12434980273247,0,64280,0.0,0,0,0,0,[],0,0,0,0.0,0
aten,aten_index_reduce_impl_cpu,/home/arjaiswal/Polygeist/issues/aten_c_kernels/results/aten_index_reduce_impl_cpu/debuf.mlir,f1b411d48f5c7e8ef7cc6a68e45b46a77e5f5e6d48cce7c4f0cddb5d7815e2cd,syntactic,1,ok,0,726.3422347605228,0,"[""/usr/bin/python3"", ""/home/arjaiswal/Polygeist/scripts/correctness/kernel_match_rewrite.py"", ""/home/arjaiswal/Polygeist/issues/aten_c_kernels/results/aten_index_reduce_impl_cpu/debuf.mlir"", ""--dry-run"", ""--matcher-mode"", ""syntactic"", ""--telemetry-json"", ""/home/arjaiswal/Polygeist/issues/equality_saturation_eval/campaign_20260908/aten-aten_index_reduce_impl_cpu-syntactic-szgj5oir.json"", ""--disable-semantic-fallback""]","== match report for /home/arjaiswal/Polygeist/issues/aten_c_kernels/results/aten_index_reduce_impl_cpu/debuf.mlir ==
  match          body#[0]  memset_zero_1D_f32
  total: 1 matched / 1 bodies
",0,[],0,0,0,0,/home/arjaiswal/Polygeist/issues/aten_c_kernels/results/aten_index_reduce_impl_cpu/debuf.mlir,2322,0,1,1,306.7743293941021,0,64444,0.022329390048980713,0,2,0,0,"[{""body_indices"": [0], ""symbol"": ""memset_zero_1D_f32""}]",1,0,4,0.0,4
aten,aten_index_reduce_impl_cpu,/home/arjaiswal/Polygeist/issues/aten_c_kernels/results/aten_index_reduce_impl_cpu/debuf.mlir,f1b411d48f5c7e8ef7cc6a68e45b46a77e5f5e6d48cce7c4f0cddb5d7815e2cd,egglog,1,ok,0,723.393190652132,0,"[""/usr/bin/python3"", ""/home/arjaiswal/Polygeist/scripts/correctness/kernel_match_rewrite.py"", ""/home/arjaiswal/Polygeist/issues/aten_c_kernels/results/aten_index_reduce_impl_cpu/debuf.mlir"", ""--dry-run"", ""--matcher-mode"", ""egglog"", ""--telemetry-json"", ""/home/arjaiswal/Polygeist/issues/equality_saturation_eval/campaign_20260908/aten-aten_index_reduce_impl_cpu-egglog-po5yfd9v.json"", ""--disable-semantic-fallback""]","== match report for /home/arjaiswal/Polygeist/issues/aten_c_kernels/results/aten_index_reduce_impl_cpu/debuf.mlir ==
  match          body#[0]  memset_zero_1D_f32
  total: 1 matched / 1 bodies
",0,[],0,0,0,0,/home/arjaiswal/Polygeist/issues/aten_c_kernels/results/aten_index_reduce_impl_cpu/debuf.mlir,2322,8,1,1,305.60944974422455,0,69444,23.034386336803436,2,2,0,0,"[{""body_indices"": [0], ""symbol"": ""memset_zero_1D_f32""}]",1,0,0,0.0,4
aten,aten_index_reduce_impl_cpu,/home/arjaiswal/Polygeist/issues/aten_c_kernels/results/aten_index_reduce_impl_cpu/debuf.mlir,f1b411d48f5c7e8ef7cc6a68e45b46a77e5f5e6d48cce7c4f0cddb5d7815e2cd,egglog,2,ok,0,741.1655224859715,0,"[""/usr/bin/python3"", ""/home/arjaiswal/Polygeist/scripts/correctness/kernel_match_rewrite.py"", ""/home/arjaiswal/Polygeist/issues/aten_c_kernels/results/aten_index_reduce_impl_cpu/debuf.mlir"", ""--dry-run"", ""--matcher-mode"", ""egglog"", ""--telemetry-json"", ""/home/arjaiswal/Polygeist/issues/equality_saturation_eval/campaign_20260908/aten-aten_index_reduce_impl_cpu-egglog-isujfqtq.json"", ""--disable-semantic-fallback""]","== match report for /home/arjaiswal/Polygeist/issues/aten_c_kernels/results/aten_index_reduce_impl_cpu/debuf.mlir ==
  match          body#[0]  memset_zero_1D_f32
  total: 1 matched / 1 bodies
",0,[],0,0,0,0,/home/arjaiswal/Polygeist/issues/aten_c_kernels/results/aten_index_reduce_impl_cpu/debuf.mlir,2322,8,1,1,316.35457277297974,0,69560,21.63645252585411,2,2,0,0,"[{""body_indices"": [0], ""symbol"": ""memset_zero_1D_f32""}]",1,0,0,0.0,4
aten,aten_index_reduce_impl_cpu,/home/arjaiswal/Polygeist/issues/aten_c_kernels/results/aten_index_reduce_impl_cpu/debuf.mlir,f1b411d48f5c7e8ef7cc6a68e45b46a77e5f5e6d48cce7c4f0cddb5d7815e2cd,syntactic,2,ok,0,687.4373070895672,0,"[""/usr/bin/python3"", ""/home/arjaiswal/Polygeist/scripts/correctness/kernel_match_rewrite.py"", ""/home/arjaiswal/Polygeist/issues/aten_c_kernels/results/aten_index_reduce_impl_cpu/debuf.mlir"", ""--dry-run"", ""--matcher-mode"", ""syntactic"", ""--telemetry-json"", ""/home/arjaiswal/Polygeist/issues/equality_saturation_eval/campaign_20260908/aten-aten_index_reduce_impl_cpu-syntactic-n316hhbn.json"", ""--disable-semantic-fallback""]","== match report for /home/arjaiswal/Polygeist/issues/aten_c_kernels/results/aten_index_reduce_impl_cpu/debuf.mlir ==
  match          body#[0]  memset_zero_1D_f32
  total: 1 matched / 1 bodies
",0,[],0,0,0,0,/home/arjaiswal/Polygeist/issues/aten_c_kernels/results/aten_index_reduce_impl_cpu/debuf.mlir,2322,0,1,1,269.9672430753708,0,64688,0.016763806343078613,0,2,0,0,"[{""body_indices"": [0], ""symbol"": ""memset_zero_1D_f32""}]",1,0,4,0.0,4
aten,aten_index_reduce_impl_cpu,/home/arjaiswal/Polygeist/issues/aten_c_kernels/results/aten_index_reduce_impl_cpu/debuf.mlir,f1b411d48f5c7e8ef7cc6a68e45b46a77e5f5e6d48cce7c4f0cddb5d7815e2cd,syntactic,3,ok,0,705.8573327958584,0,"[""/usr/bin/python3"", ""/home/arjaiswal/Polygeist/scripts/correctness/kernel_match_rewrite.py"", ""/home/arjaiswal/Polygeist/issues/aten_c_kernels/results/aten_index_reduce_impl_cpu/debuf.mlir"", ""--dry-run"", ""--matcher-mode"", ""syntactic"", ""--telemetry-json"", ""/home/arjaiswal/Polygeist/issues/equality_saturation_eval/campaign_20260908/aten-aten_index_reduce_impl_cpu-syntactic-tbb_6jsh.json"", ""--disable-semantic-fallback""]","== match report for /home/arjaiswal/Polygeist/issues/aten_c_kernels/results/aten_index_reduce_impl_cpu/debuf.mlir ==
  match          body#[0]  memset_zero_1D_f32
  total: 1 matched / 1 bodies
",0,[],0,0,0,0,/home/arjaiswal/Polygeist/issues/aten_c_kernels/results/aten_index_reduce_impl_cpu/debuf.mlir,2322,0,1,1,274.34349432587624,0,64800,0.01676008105278015,0,2,0,0,"[{""body_indices"": [0], ""symbol"": ""memset_zero_1D_f32""}]",1,0,4,0.0,4
aten,aten_index_reduce_impl_cpu,/home/arjaiswal/Polygeist/issues/aten_c_kernels/results/aten_index_reduce_impl_cpu/debuf.mlir,f1b411d48f5c7e8ef7cc6a68e45b46a77e5f5e6d48cce7c4f0cddb5d7815e2cd,egglog,3,ok,0,775.1533351838589,0,"[""/usr/bin/python3"", ""/home/arjaiswal/Polygeist/scripts/correctness/kernel_match_rewrite.py"", ""/home/arjaiswal/Polygeist/issues/aten_c_kernels/results/aten_index_reduce_impl_cpu/debuf.mlir"", ""--dry-run"", ""--matcher-mode"", ""egglog"", ""--telemetry-json"", ""/home/arjaiswal/Polygeist/issues/equality_saturation_eval/campaign_20260908/aten-aten_index_reduce_impl_cpu-egglog-sa_v7ezd.json"", ""--disable-semantic-fallback""]","== match report for /home/arjaiswal/Polygeist/issues/aten_c_kernels/results/aten_index_reduce_impl_cpu/debuf.mlir ==
  match          body#[0]  memset_zero_1D_f32
  total: 1 matched / 1 bodies
",0,[],0,0,0,0,/home/arjaiswal/Polygeist/issues/aten_c_kernels/results/aten_index_reduce_impl_cpu/debuf.mlir,2322,8,1,1,301.230076700449,0,69540,23.609817028045654,2,2,0,0,"[{""body_indices"": [0], ""symbol"": ""memset_zero_1D_f32""}]",1,0,0,0.0,4
aten,aten_index_reduce_impl_cpu,/home/arjaiswal/Polygeist/issues/aten_c_kernels/results/aten_index_reduce_impl_cpu/debuf.mlir,f1b411d48f5c7e8ef7cc6a68e45b46a77e5f5e6d48cce7c4f0cddb5d7815e2cd,egglog,4,ok,0,719.8108024895191,0,"[""/usr/bin/python3"", ""/home/arjaiswal/Polygeist/scripts/correctness/kernel_match_rewrite.py"", ""/home/arjaiswal/Polygeist/issues/aten_c_kernels/results/aten_index_reduce_impl_cpu/debuf.mlir"", ""--dry-run"", ""--matcher-mode"", ""egglog"", ""--telemetry-json"", ""/home/arjaiswal/Polygeist/issues/equality_saturation_eval/campaign_20260908/aten-aten_index_reduce_impl_cpu-egglog-4py3b0wr.json"", ""--disable-semantic-fallback""]","== match report for /home/arjaiswal/Polygeist/issues/aten_c_kernels/results/aten_index_reduce_impl_cpu/debuf.mlir ==
  match          body#[0]  memset_zero_1D_f32
  total: 1 matched / 1 bodies
",0,[],0,0,0,0,/home/arjaiswal/Polygeist/issues/aten_c_kernels/results/aten_index_reduce_impl_cpu/debuf.mlir,2322,8,1,1,301.37974396348,0,69256,22.731516510248184,2,2,0,0,"[{""body_indices"": [0], ""symbol"": ""memset_zero_1D_f32""}]",1,0,0,0.0,4
aten,aten_index_reduce_impl_cpu,/home/arjaiswal/Polygeist/issues/aten_c_kernels/results/aten_index_reduce_impl_cpu/debuf.mlir,f1b411d48f5c7e8ef7cc6a68e45b46a77e5f5e6d48cce7c4f0cddb5d7815e2cd,syntactic,4,ok,0,701.7387896776199,0,"[""/usr/bin/python3"", ""/home/arjaiswal/Polygeist/scripts/correctness/kernel_match_rewrite.py"", ""/home/arjaiswal/Polygeist/issues/aten_c_kernels/results/aten_index_reduce_impl_cpu/debuf.mlir"", ""--dry-run"", ""--matcher-mode"", ""syntactic"", ""--telemetry-json"", ""/home/arjaiswal/Polygeist/issues/equality_saturation_eval/campaign_20260908/aten-aten_index_reduce_impl_cpu-syntactic-i_itn3l5.json"", ""--disable-semantic-fallback""]","== match report for /home/arjaiswal/Polygeist/issues/aten_c_kernels/results/aten_index_reduce_impl_cpu/debuf.mlir ==
  match          body#[0]  memset_zero_1D_f32
  total: 1 matched / 1 bodies
",0,[],0,0,0,0,/home/arjaiswal/Polygeist/issues/aten_c_kernels/results/aten_index_reduce_impl_cpu/debuf.mlir,2322,0,1,1,276.13672241568565,0,64652,0.018592923879623413,0,2,0,0,"[{""body_indices"": [0], ""symbol"": ""memset_zero_1D_f32""}]",1,0,4,0.0,4
aten,aten_index_reduce_impl_cpu,/home/arjaiswal/Polygeist/issues/aten_c_kernels/results/aten_index_reduce_impl_cpu/debuf.mlir,f1b411d48f5c7e8ef7cc6a68e45b46a77e5f5e6d48cce7c4f0cddb5d7815e2cd,syntactic,5,ok,0,705.1069028675556,0,"[""/usr/bin/python3"", ""/home/arjaiswal/Polygeist/scripts/correctness/kernel_match_rewrite.py"", ""/home/arjaiswal/Polygeist/issues/aten_c_kernels/results/aten_index_reduce_impl_cpu/debuf.mlir"", ""--dry-run"", ""--matcher-mode"", ""syntactic"", ""--telemetry-json"", ""/home/arjaiswal/Polygeist/issues/equality_saturation_eval/campaign_20260908/aten-aten_index_reduce_impl_cpu-syntactic-cwat8uhv.json"", ""--disable-semantic-fallback""]","== match report for /home/arjaiswal/Polygeist/issues/aten_c_kernels/results/aten_index_reduce_impl_cpu/debuf.mlir ==
  match          body#[0]  memset_zero_1D_f32
  total: 1 matched / 1 bodies
",0,[],0,0,0,0,/home/arjaiswal/Polygeist/issues/aten_c_kernels/results/aten_index_reduce_impl_cpu/debuf.mlir,2322,0,1,1,274.54017847776413,0,64892,0.02187862992286682,0,2,0,0,"[{""body_indices"": [0], ""symbol"": ""memset_zero_1D_f32""}]",1,0,4,0.0,4
aten,aten_index_reduce_impl_cpu,/home/arjaiswal/Polygeist/issues/aten_c_kernels/results/aten_index_reduce_impl_cpu/debuf.mlir,f1b411d48f5c7e8ef7cc6a68e45b46a77e5f5e6d48cce7c4f0cddb5d7815e2cd,egglog,5,ok,0,736.1969016492367,0,"[""/usr/bin/python3"", ""/home/arjaiswal/Polygeist/scripts/correctness/kernel_match_rewrite.py"", ""/home/arjaiswal/Polygeist/issues/aten_c_kernels/results/aten_index_reduce_impl_cpu/debuf.mlir"", ""--dry-run"", ""--matcher-mode"", ""egglog"", ""--telemetry-json"", ""/home/arjaiswal/Polygeist/issues/equality_saturation_eval/campaign_20260908/aten-aten_index_reduce_impl_cpu-egglog-zj8tyq7d.json"", ""--disable-semantic-fallback""]","== match report for /home/arjaiswal/Polygeist/issues/aten_c_kernels/results/aten_index_reduce_impl_cpu/debuf.mlir ==
  match          body#[0]  memset_zero_1D_f32
  total: 1 matched / 1 bodies
",0,[],0,0,0,0,/home/arjaiswal/Polygeist/issues/aten_c_kernels/results/aten_index_reduce_impl_cpu/debuf.mlir,2322,8,1,1,310.30813604593277,0,69192,21.718427538871765,2,2,0,0,"[{""body_indices"": [0], ""symbol"": ""memset_zero_1D_f32""}]",1,0,0,0.0,4
aten,aten_index_select_dim1_cpu,/home/arjaiswal/Polygeist/issues/aten_c_kernels/results/aten_index_select_dim1_cpu/debuf.mlir,a4ef37f0233b8a8df6b897225ff9265006bfa537aa15dee74b9320775e36b68b,egglog,1,ok,0,716.3141593337059,0,"[""/usr/bin/python3"", ""/home/arjaiswal/Polygeist/scripts/correctness/kernel_match_rewrite.py"", ""/home/arjaiswal/Polygeist/issues/aten_c_kernels/results/aten_index_select_dim1_cpu/debuf.mlir"", ""--dry-run"", ""--matcher-mode"", ""egglog"", ""--telemetry-json"", ""/home/arjaiswal/Polygeist/issues/equality_saturation_eval/campaign_20260908/aten-aten_index_select_dim1_cpu-egglog-cgbt7bvj.json"", ""--disable-semantic-fallback""]","== match report for /home/arjaiswal/Polygeist/issues/aten_c_kernels/results/aten_index_select_dim1_cpu/debuf.mlir ==
  no_match       body#0  ?
  total: 0 matched / 1 bodies
",0,[],0,0,0,0,/home/arjaiswal/Polygeist/issues/aten_c_kernels/results/aten_index_select_dim1_cpu/debuf.mlir,2267,8,1,0,292.50993207097054,1,64720,0.0,0,0,0,0,[],0,0,0,0.0,4
aten,aten_index_select_dim1_cpu,/home/arjaiswal/Polygeist/issues/aten_c_kernels/results/aten_index_select_dim1_cpu/debuf.mlir,a4ef37f0233b8a8df6b897225ff9265006bfa537aa15dee74b9320775e36b68b,syntactic,1,ok,0,731.8864800035954,0,"[""/usr/bin/python3"", ""/home/arjaiswal/Polygeist/scripts/correctness/kernel_match_rewrite.py"", ""/home/arjaiswal/Polygeist/issues/aten_c_kernels/results/aten_index_select_dim1_cpu/debuf.mlir"", ""--dry-run"", ""--matcher-mode"", ""syntactic"", ""--telemetry-json"", ""/home/arjaiswal/Polygeist/issues/equality_saturation_eval/campaign_20260908/aten-aten_index_select_dim1_cpu-syntactic-m6se37j2.json"", ""--disable-semantic-fallback""]","== match report for /home/arjaiswal/Polygeist/issues/aten_c_kernels/results/aten_index_select_dim1_cpu/debuf.mlir ==
  no_match       body#0  ?
  total: 0 matched / 1 bodies
",0,[],0,0,0,0,/home/arjaiswal/Polygeist/issues/aten_c_kernels/results/aten_index_select_dim1_cpu/debuf.mlir,2267,0,1,0,300.9227328002453,1,64756,0.01703202724456787,0,0,0,0,[],0,0,4,0.0,4
aten,aten_index_select_dim1_cpu,/home/arjaiswal/Polygeist/issues/aten_c_kernels/results/aten_index_select_dim1_cpu/debuf.mlir,a4ef37f0233b8a8df6b897225ff9265006bfa537aa15dee74b9320775e36b68b,syntactic,2,ok,0,719.6687161922455,0,"[""/usr/bin/python3"", ""/home/arjaiswal/Polygeist/scripts/correctness/kernel_match_rewrite.py"", ""/home/arjaiswal/Polygeist/issues/aten_c_kernels/results/aten_index_select_dim1_cpu/debuf.mlir"", ""--dry-run"", ""--matcher-mode"", ""syntactic"", ""--telemetry-json"", ""/home/arjaiswal/Polygeist/issues/equality_saturation_eval/campaign_20260908/aten-aten_index_select_dim1_cpu-syntactic-nbq7mtbp.json"", ""--disable-semantic-fallback""]","== match report for /home/arjaiswal/Polygeist/issues/aten_c_kernels/results/aten_index_select_dim1_cpu/debuf.mlir ==
  no_match       body#0  ?
  total: 0 matched / 1 bodies
",0,[],0,0,0,0,/home/arjaiswal/Polygeist/issues/aten_c_kernels/results/aten_index_select_dim1_cpu/debuf.mlir,2267,0,1,0,283.8168703019619,1,64556,0.015217810869216919,0,0,0,0,[],0,0,4,0.0,4
aten,aten_index_select_dim1_cpu,/home/arjaiswal/Polygeist/issues/aten_c_kernels/results/aten_index_select_dim1_cpu/debuf.mlir,a4ef37f0233b8a8df6b897225ff9265006bfa537aa15dee74b9320775e36b68b,egglog,2,ok,0,706.0965485870838,0,"[""/usr/bin/python3"", ""/home/arjaiswal/Polygeist/scripts/correctness/kernel_match_rewrite.py"", ""/home/arjaiswal/Polygeist/issues/aten_c_kernels/results/aten_index_select_dim1_cpu/debuf.mlir"", ""--dry-run"", ""--matcher-mode"", ""egglog"", ""--telemetry-json"", ""/home/arjaiswal/Polygeist/issues/equality_saturation_eval/campaign_20260908/aten-aten_index_select_dim1_cpu-egglog-36h5jslg.json"", ""--disable-semantic-fallback""]","== match report for /home/arjaiswal/Polygeist/issues/aten_c_kernels/results/aten_index_select_dim1_cpu/debuf.mlir ==
  no_match       body#0  ?
  total: 0 matched / 1 bodies
",0,[],0,0,0,0,/home/arjaiswal/Polygeist/issues/aten_c_kernels/results/aten_index_select_dim1_cpu/debuf.mlir,2267,8,1,0,277.75463834404945,1,64508,0.0,0,0,0,0,[],0,0,0,0.0,4
aten,aten_index_select_dim1_cpu,/home/arjaiswal/Polygeist/issues/aten_c_kernels/results/aten_index_select_dim1_cpu/debuf.mlir,a4ef37f0233b8a8df6b897225ff9265006bfa537aa15dee74b9320775e36b68b,egglog,3,ok,0,693.7990635633469,0,"[""/usr/bin/python3"", ""/home/arjaiswal/Polygeist/scripts/correctness/kernel_match_rewrite.py"", ""/home/arjaiswal/Polygeist/issues/aten_c_kernels/results/aten_index_select_dim1_cpu/debuf.mlir"", ""--dry-run"", ""--matcher-mode"", ""egglog"", ""--telemetry-json"", ""/home/arjaiswal/Polygeist/issues/equality_saturation_eval/campaign_20260908/aten-aten_index_select_dim1_cpu-egglog-x2wy100h.json"", ""--disable-semantic-fallback""]","== match report for /home/arjaiswal/Polygeist/issues/aten_c_kernels/results/aten_index_select_dim1_cpu/debuf.mlir ==
  no_match       body#0  ?
  total: 0 matched / 1 bodies
",0,[],0,0,0,0,/home/arjaiswal/Polygeist/issues/aten_c_kernels/results/aten_index_select_dim1_cpu/debuf.mlir,2267,8,1,0,275.41619911789894,1,64732,0.0,0,0,0,0,[],0,0,0,0.0,4
aten,aten_index_select_dim1_cpu,/home/arjaiswal/Polygeist/issues/aten_c_kernels/results/aten_index_select_dim1_cpu/debuf.mlir,a4ef37f0233b8a8df6b897225ff9265006bfa537aa15dee74b9320775e36b68b,syntactic,3,ok,0,685.1465627551079,0,"[""/usr/bin/python3"", ""/home/arjaiswal/Polygeist/scripts/correctness/kernel_match_rewrite.py"", ""/home/arjaiswal/Polygeist/issues/aten_c_kernels/results/aten_index_select_dim1_cpu/debuf.mlir"", ""--dry-run"", ""--matcher-mode"", ""syntactic"", ""--telemetry-json"", ""/home/arjaiswal/Polygeist/issues/equality_saturation_eval/campaign_20260908/aten-aten_index_select_dim1_cpu-syntactic-kh1iccl0.json"", ""--disable-semantic-fallback""]","== match report for /home/arjaiswal/Polygeist/issues/aten_c_kernels/results/aten_index_select_dim1_cpu/debuf.mlir ==
  no_match       body#0  ?
  total: 0 matched / 1 bodies
",0,[],0,0,0,0,/home/arjaiswal/Polygeist/issues/aten_c_kernels/results/aten_index_select_dim1_cpu/debuf.mlir,2267,0,1,0,266.7303644120693,1,64624,0.015612691640853882,0,0,0,0,[],0,0,4,0.0,4
aten,aten_index_select_dim1_cpu,/home/arjaiswal/Polygeist/issues/aten_c_kernels/results/aten_index_select_dim1_cpu/debuf.mlir,a4ef37f0233b8a8df6b897225ff9265006bfa537aa15dee74b9320775e36b68b,syntactic,4,ok,0,667.2064401209354,0,"[""/usr/bin/python3"", ""/home/arjaiswal/Polygeist/scripts/correctness/kernel_match_rewrite.py"", ""/home/arjaiswal/Polygeist/issues/aten_c_kernels/results/aten_index_select_dim1_cpu/debuf.mlir"", ""--dry-run"", ""--matcher-mode"", ""syntactic"", ""--telemetry-json"", ""/home/arjaiswal/Polygeist/issues/equality_saturation_eval/campaign_20260908/aten-aten_index_select_dim1_cpu-syntactic-h658yn9e.json"", ""--disable-semantic-fallback""]","== match report for /home/arjaiswal/Polygeist/issues/aten_c_kernels/results/aten_index_select_dim1_cpu/debuf.mlir ==
  no_match       body#0  ?
  total: 0 matched / 1 bodies
",0,[],0,0,0,0,/home/arjaiswal/Polygeist/issues/aten_c_kernels/results/aten_index_select_dim1_cpu/debuf.mlir,2267,0,1,0,262.90611922740936,1,64700,0.0168532133102417,0,0,0,0,[],0,0,4,0.0,4
aten,aten_index_select_dim1_cpu,/home/arjaiswal/Polygeist/issues/aten_c_kernels/results/aten_index_select_dim1_cpu/debuf.mlir,a4ef37f0233b8a8df6b897225ff9265006bfa537aa15dee74b9320775e36b68b,egglog,4,ok,0,670.9832064807415,0,"[""/usr/bin/python3"", ""/home/arjaiswal/Polygeist/scripts/correctness/kernel_match_rewrite.py"", ""/home/arjaiswal/Polygeist/issues/aten_c_kernels/results/aten_index_select_dim1_cpu/debuf.mlir"", ""--dry-run"", ""--matcher-mode"", ""egglog"", ""--telemetry-json"", ""/home/arjaiswal/Polygeist/issues/equality_saturation_eval/campaign_20260908/aten-aten_index_select_dim1_cpu-egglog-zyvq8u0u.json"", ""--disable-semantic-fallback""]","== match report for /home/arjaiswal/Polygeist/issues/aten_c_kernels/results/aten_index_select_dim1_cpu/debuf.mlir ==
  no_match       body#0  ?
  total: 0 matched / 1 bodies
",0,[],0,0,0,0,/home/arjaiswal/Polygeist/issues/aten_c_kernels/results/aten_index_select_dim1_cpu/debuf.mlir,2267,8,1,0,264.3989250063896,1,64804,0.0,0,0,0,0,[],0,0,0,0.0,4
aten,aten_index_select_dim1_cpu,/home/arjaiswal/Polygeist/issues/aten_c_kernels/results/aten_index_select_dim1_cpu/debuf.mlir,a4ef37f0233b8a8df6b897225ff9265006bfa537aa15dee74b9320775e36b68b,egglog,5,ok,0,691.4827153086662,0,"[""/usr/bin/python3"", ""/home/arjaiswal/Polygeist/scripts/correctness/kernel_match_rewrite.py"", ""/home/arjaiswal/Polygeist/issues/aten_c_kernels/results/aten_index_select_dim1_cpu/debuf.mlir"", ""--dry-run"", ""--matcher-mode"", ""egglog"", ""--telemetry-json"", ""/home/arjaiswal/Polygeist/issues/equality_saturation_eval/campaign_20260908/aten-aten_index_select_dim1_cpu-egglog-3xy4b5ss.json"", ""--disable-semantic-fallback""]","== match report for /home/arjaiswal/Polygeist/issues/aten_c_kernels/results/aten_index_select_dim1_cpu/debuf.mlir ==
  no_match       body#0  ?
  total: 0 matched / 1 bodies
",0,[],0,0,0,0,/home/arjaiswal/Polygeist/issues/aten_c_kernels/results/aten_index_select_dim1_cpu/debuf.mlir,2267,8,1,0,266.1391533911228,1,64572,0.0,0,0,0,0,[],0,0,0,0.0,4
aten,aten_index_select_dim1_cpu,/home/arjaiswal/Polygeist/issues/aten_c_kernels/results/aten_index_select_dim1_cpu/debuf.mlir,a4ef37f0233b8a8df6b897225ff9265006bfa537aa15dee74b9320775e36b68b,syntactic,5,ok,0,692.0099221169949,0,"[""/usr/bin/python3"", ""/home/arjaiswal/Polygeist/scripts/correctness/kernel_match_rewrite.py"", ""/home/arjaiswal/Polygeist/issues/aten_c_kernels/results/aten_index_select_dim1_cpu/debuf.mlir"", ""--dry-run"", ""--matcher-mode"", ""syntactic"", ""--telemetry-json"", ""/home/arjaiswal/Polygeist/issues/equality_saturation_eval/campaign_20260908/aten-aten_index_select_dim1_cpu-syntactic-g5u9td4n.json"", ""--disable-semantic-fallback""]","== match report for /home/arjaiswal/Polygeist/issues/aten_c_kernels/results/aten_index_select_dim1_cpu/debuf.mlir ==
  no_match       body#0  ?
  total: 0 matched / 1 bodies
",0,[],0,0,0,0,/home/arjaiswal/Polygeist/issues/aten_c_kernels/results/aten_index_select_dim1_cpu/debuf.mlir,2267,0,1,0,274.84312653541565,1,64556,0.015053898096084595,0,0,0,0,[],0,0,4,0.0,4
aten,aten_index_select_out_cpu,/home/arjaiswal/Polygeist/issues/aten_c_kernels/results/aten_index_select_out_cpu/debuf.mlir,4b876114f15f64bd083db22109fdb2b3ee3729880779205962b68358aa477afe,syntactic,1,ok,0,723.2615575194359,0,"[""/usr/bin/python3"", ""/home/arjaiswal/Polygeist/scripts/correctness/kernel_match_rewrite.py"", ""/home/arjaiswal/Polygeist/issues/aten_c_kernels/results/aten_index_select_out_cpu/debuf.mlir"", ""--dry-run"", ""--matcher-mode"", ""syntactic"", ""--telemetry-json"", ""/home/arjaiswal/Polygeist/issues/equality_saturation_eval/campaign_20260908/aten-aten_index_select_out_cpu-syntactic-0r4m96l8.json"", ""--disable-semantic-fallback""]","== match report for /home/arjaiswal/Polygeist/issues/aten_c_kernels/results/aten_index_select_out_cpu/debuf.mlir ==
  no_match       body#0  ?
  total: 0 matched / 1 bodies
",0,[],0,0,0,0,/home/arjaiswal/Polygeist/issues/aten_c_kernels/results/aten_index_select_out_cpu/debuf.mlir,2266,0,1,0,271.8265801668167,1,64768,0.013738870620727539,0,0,0,0,[],0,0,4,0.0,4
aten,aten_index_select_out_cpu,/home/arjaiswal/Polygeist/issues/aten_c_kernels/results/aten_index_select_out_cpu/debuf.mlir,4b876114f15f64bd083db22109fdb2b3ee3729880779205962b68358aa477afe,egglog,1,ok,0,686.0038787126541,0,"[""/usr/bin/python3"", ""/home/arjaiswal/Polygeist/scripts/correctness/kernel_match_rewrite.py"", ""/home/arjaiswal/Polygeist/issues/aten_c_kernels/results/aten_index_select_out_cpu/debuf.mlir"", ""--dry-run"", ""--matcher-mode"", ""egglog"", ""--telemetry-json"", ""/home/arjaiswal/Polygeist/issues/equality_saturation_eval/campaign_20260908/aten-aten_index_select_out_cpu-egglog-8jic8fjr.json"", ""--disable-semantic-fallback""]","== match report for /home/arjaiswal/Polygeist/issues/aten_c_kernels/results/aten_index_select_out_cpu/debuf.mlir ==
  no_match       body#0  ?
  total: 0 matched / 1 bodies
",0,[],0,0,0,0,/home/arjaiswal/Polygeist/issues/aten_c_kernels/results/aten_index_select_out_cpu/debuf.mlir,2266,8,1,0,272.3201736807823,1,64732,0.0,0,0,0,0,[],0,0,0,0.0,4
aten,aten_index_select_out_cpu,/home/arjaiswal/Polygeist/issues/aten_c_kernels/results/aten_index_select_out_cpu/debuf.mlir,4b876114f15f64bd083db22109fdb2b3ee3729880779205962b68358aa477afe,egglog,2,ok,0,687.228612601757,0,"[""/usr/bin/python3"", ""/home/arjaiswal/Polygeist/scripts/correctness/kernel_match_rewrite.py"", ""/home/arjaiswal/Polygeist/issues/aten_c_kernels/results/aten_index_select_out_cpu/debuf.mlir"", ""--dry-run"", ""--matcher-mode"", ""egglog"", ""--telemetry-json"", ""/home/arjaiswal/Polygeist/issues/equality_saturation_eval/campaign_20260908/aten-aten_index_select_out_cpu-egglog-97cl9u5x.json"", ""--disable-semantic-fallback""]","== match report for /home/arjaiswal/Polygeist/issues/aten_c_kernels/results/aten_index_select_out_cpu/debuf.mlir ==
  no_match       body#0  ?
  total: 0 matched / 1 bodies
",0,[],0,0,0,0,/home/arjaiswal/Polygeist/issues/aten_c_kernels/results/aten_index_select_out_cpu/debuf.mlir,2266,8,1,0,271.4415527880192,1,64724,0.0,0,0,0,0,[],0,0,0,0.0,4
aten,aten_index_select_out_cpu,/home/arjaiswal/Polygeist/issues/aten_c_kernels/results/aten_index_select_out_cpu/debuf.mlir,4b876114f15f64bd083db22109fdb2b3ee3729880779205962b68358aa477afe,syntactic,2,ok,0,716.448400169611,0,"[""/usr/bin/python3"", ""/home/arjaiswal/Polygeist/scripts/correctness/kernel_match_rewrite.py"", ""/home/arjaiswal/Polygeist/issues/aten_c_kernels/results/aten_index_select_out_cpu/debuf.mlir"", ""--dry-run"", ""--matcher-mode"", ""syntactic"", ""--telemetry-json"", ""/home/arjaiswal/Polygeist/issues/equality_saturation_eval/campaign_20260908/aten-aten_index_select_out_cpu-syntactic-okyvwtng.json"", ""--disable-semantic-fallback""]","== match report for /home/arjaiswal/Polygeist/issues/aten_c_kernels/results/aten_index_select_out_cpu/debuf.mlir ==
  no_match       body#0  ?
  total: 0 matched / 1 bodies
",0,[],0,0,0,0,/home/arjaiswal/Polygeist/issues/aten_c_kernels/results/aten_index_select_out_cpu/debuf.mlir,2266,0,1,0,306.67879804968834,1,64568,0.015020370483398438,0,0,0,0,[],0,0,4,0.0,4
aten,aten_index_select_out_cpu,/home/arjaiswal/Polygeist/issues/aten_c_kernels/results/aten_index_select_out_cpu/debuf.mlir,4b876114f15f64bd083db22109fdb2b3ee3729880779205962b68358aa477afe,syntactic,3,ok,0,668.0674590170383,0,"[""/usr/bin/python3"", ""/home/arjaiswal/Polygeist/scripts/correctness/kernel_match_rewrite.py"", ""/home/arjaiswal/Polygeist/issues/aten_c_kernels/results/aten_index_select_out_cpu/debuf.mlir"", ""--dry-run"", ""--matcher-mode"", ""syntactic"", ""--telemetry-json"", ""/home/arjaiswal/Polygeist/issues/equality_saturation_eval/campaign_20260908/aten-aten_index_select_out_cpu-syntactic-p5hrbu1d.json"", ""--disable-semantic-fallback""]","== match report for /home/arjaiswal/Polygeist/issues/aten_c_kernels/results/aten_index_select_out_cpu/debuf.mlir ==
  no_match       body#0  ?
  total: 0 matched / 1 bodies
",0,[],0,0,0,0,/home/arjaiswal/Polygeist/issues/aten_c_kernels/results/aten_index_select_out_cpu/debuf.mlir,2266,0,1,0,267.2991752624512,1,64632,0.015720725059509277,0,0,0,0,[],0,0,4,0.0,4
aten,aten_index_select_out_cpu,/home/arjaiswal/Polygeist/issues/aten_c_kernels/results/aten_index_select_out_cpu/debuf.mlir,4b876114f15f64bd083db22109fdb2b3ee3729880779205962b68358aa477afe,egglog,3,ok,0,665.3653718531132,0,"[""/usr/bin/python3"", ""/home/arjaiswal/Polygeist/scripts/correctness/kernel_match_rewrite.py"", ""/home/arjaiswal/Polygeist/issues/aten_c_kernels/results/aten_index_select_out_cpu/debuf.mlir"", ""--dry-run"", ""--matcher-mode"", ""egglog"", ""--telemetry-json"", ""/home/arjaiswal/Polygeist/issues/equality_saturation_eval/campaign_20260908/aten-aten_index_select_out_cpu-egglog-f4mkkqpi.json"", ""--disable-semantic-fallback""]","== match report for /home/arjaiswal/Polygeist/issues/aten_c_kernels/results/aten_index_select_out_cpu/debuf.mlir ==
  no_match       body#0  ?
  total: 0 matched / 1 bodies
",0,[],0,0,0,0,/home/arjaiswal/Polygeist/issues/aten_c_kernels/results/aten_index_select_out_cpu/debuf.mlir,2266,8,1,0,264.6130621433258,1,64848,0.0,0,0,0,0,[],0,0,0,0.0,4
aten,aten_index_select_out_cpu,/home/arjaiswal/Polygeist/issues/aten_c_kernels/results/aten_index_select_out_cpu/debuf.mlir,4b876114f15f64bd083db22109fdb2b3ee3729880779205962b68358aa477afe,egglog,4,ok,0,710.977990180254,0,"[""/usr/bin/python3"", ""/home/arjaiswal/Polygeist/scripts/correctness/kernel_match_rewrite.py"", ""/home/arjaiswal/Polygeist/issues/aten_c_kernels/results/aten_index_select_out_cpu/debuf.mlir"", ""--dry-run"", ""--matcher-mode"", ""egglog"", ""--telemetry-json"", ""/home/arjaiswal/Polygeist/issues/equality_saturation_eval/campaign_20260908/aten-aten_index_select_out_cpu-egglog-baryp0lg.json"", ""--disable-semantic-fallback""]","== match report for /home/arjaiswal/Polygeist/issues/aten_c_kernels/results/aten_index_select_out_cpu/debuf.mlir ==
  no_match       body#0  ?
  total: 0 matched / 1 bodies
",0,[],0,0,0,0,/home/arjaiswal/Polygeist/issues/aten_c_kernels/results/aten_index_select_out_cpu/debuf.mlir,2266,8,1,0,279.613696038723,1,64740,0.0,0,0,0,0,[],0,0,0,0.0,4
aten,aten_index_select_out_cpu,/home/arjaiswal/Polygeist/issues/aten_c_kernels/results/aten_index_select_out_cpu/debuf.mlir,4b876114f15f64bd083db22109fdb2b3ee3729880779205962b68358aa477afe,syntactic,4,ok,0,725.9697988629341,0,"[""/usr/bin/python3"", ""/home/arjaiswal/Polygeist/scripts/correctness/kernel_match_rewrite.py"", ""/home/arjaiswal/Polygeist/issues/aten_c_kernels/results/aten_index_select_out_cpu/debuf.mlir"", ""--dry-run"", ""--matcher-mode"", ""syntactic"", ""--telemetry-json"", ""/home/arjaiswal/Polygeist/issues/equality_saturation_eval/campaign_20260908/aten-aten_index_select_out_cpu-syntactic-ai1j7e2v.json"", ""--disable-semantic-fallback""]","== match report for /home/arjaiswal/Polygeist/issues/aten_c_kernels/results/aten_index_select_out_cpu/debuf.mlir ==
  no_match       body#0  ?
  total: 0 matched / 1 bodies
",0,[],0,0,0,0,/home/arjaiswal/Polygeist/issues/aten_c_kernels/results/aten_index_select_out_cpu/debuf.mlir,2266,0,1,0,294.3948246538639,1,64704,0.025566667318344116,0,0,0,0,[],0,0,4,0.0,4
aten,aten_index_select_out_cpu,/home/arjaiswal/Polygeist/issues/aten_c_kernels/results/aten_index_select_out_cpu/debuf.mlir,4b876114f15f64bd083db22109fdb2b3ee3729880779205962b68358aa477afe,syntactic,5,ok,0,694.1836103796959,0,"[""/usr/bin/python3"", ""/home/arjaiswal/Polygeist/scripts/correctness/kernel_match_rewrite.py"", ""/home/arjaiswal/Polygeist/issues/aten_c_kernels/results/aten_index_select_out_cpu/debuf.mlir"", ""--dry-run"", ""--matcher-mode"", ""syntactic"", ""--telemetry-json"", ""/home/arjaiswal/Polygeist/issues/equality_saturation_eval/campaign_20260908/aten-aten_index_select_out_cpu-syntactic-5tmgyk6b.json"", ""--disable-semantic-fallback""]","== match report for /home/arjaiswal/Polygeist/issues/aten_c_kernels/results/aten_index_select_out_cpu/debuf.mlir ==
  no_match       body#0  ?
  total: 0 matched / 1 bodies
",0,[],0,0,0,0,/home/arjaiswal/Polygeist/issues/aten_c_kernels/results/aten_index_select_out_cpu/debuf.mlir,2266,0,1,0,274.9434746801853,1,64528,0.014938414096832275,0,0,0,0,[],0,0,4,0.0,4
aten,aten_index_select_out_cpu,/home/arjaiswal/Polygeist/issues/aten_c_kernels/results/aten_index_select_out_cpu/debuf.mlir,4b876114f15f64bd083db22109fdb2b3ee3729880779205962b68358aa477afe,egglog,5,ok,0,673.7132482230663,0,"[""/usr/bin/python3"", ""/home/arjaiswal/Polygeist/scripts/correctness/kernel_match_rewrite.py"", ""/home/arjaiswal/Polygeist/issues/aten_c_kernels/results/aten_index_select_out_cpu/debuf.mlir"", ""--dry-run"", ""--matcher-mode"", ""egglog"", ""--telemetry-json"", ""/home/arjaiswal/Polygeist/issues/equality_saturation_eval/campaign_20260908/aten-aten_index_select_out_cpu-egglog-urxs_9nn.json"", ""--disable-semantic-fallback""]","== match report for /home/arjaiswal/Polygeist/issues/aten_c_kernels/results/aten_index_select_out_cpu/debuf.mlir ==
  no_match       body#0  ?
  total: 0 matched / 1 bodies
",0,[],0,0,0,0,/home/arjaiswal/Polygeist/issues/aten_c_kernels/results/aten_index_select_out_cpu/debuf.mlir,2266,8,1,0,264.0968896448612,1,64808,0.0,0,0,0,0,[],0,0,0,0.0,4
aten,aten_index_select_sparse_cpu,/home/arjaiswal/Polygeist/issues/aten_c_kernels/results/aten_index_select_sparse_cpu/debuf.mlir,c8e537c88f9db26af02e5d7758695745227dec6cffd0b7fce64d63ce16e94e09,egglog,1,ok,0,718.247514218092,0,"[""/usr/bin/python3"", ""/home/arjaiswal/Polygeist/scripts/correctness/kernel_match_rewrite.py"", ""/home/arjaiswal/Polygeist/issues/aten_c_kernels/results/aten_index_select_sparse_cpu/debuf.mlir"", ""--dry-run"", ""--matcher-mode"", ""egglog"", ""--telemetry-json"", ""/home/arjaiswal/Polygeist/issues/equality_saturation_eval/campaign_20260908/aten-aten_index_select_sparse_cpu-egglog-8dmvyedz.json"", ""--disable-semantic-fallback""]","== match report for /home/arjaiswal/Polygeist/issues/aten_c_kernels/results/aten_index_select_sparse_cpu/debuf.mlir ==
  no_match       body#0  ?
  total: 0 matched / 1 bodies
",0,[],0,0,0,0,/home/arjaiswal/Polygeist/issues/aten_c_kernels/results/aten_index_select_sparse_cpu/debuf.mlir,1855,8,1,0,280.7399481534958,1,64952,0.0,0,0,0,0,[],0,0,0,0.0,4
aten,aten_index_select_sparse_cpu,/home/arjaiswal/Polygeist/issues/aten_c_kernels/results/aten_index_select_sparse_cpu/debuf.mlir,c8e537c88f9db26af02e5d7758695745227dec6cffd0b7fce64d63ce16e94e09,syntactic,1,ok,0,674.3350513279438,0,"[""/usr/bin/python3"", ""/home/arjaiswal/Polygeist/scripts/correctness/kernel_match_rewrite.py"", ""/home/arjaiswal/Polygeist/issues/aten_c_kernels/results/aten_index_select_sparse_cpu/debuf.mlir"", ""--dry-run"", ""--matcher-mode"", ""syntactic"", ""--telemetry-json"", ""/home/arjaiswal/Polygeist/issues/equality_saturation_eval/campaign_20260908/aten-aten_index_select_sparse_cpu-syntactic-u557xki0.json"", ""--disable-semantic-fallback""]","== match report for /home/arjaiswal/Polygeist/issues/aten_c_kernels/results/aten_index_select_sparse_cpu/debuf.mlir ==
  no_match       body#0  ?
  total: 0 matched / 1 bodies
",0,[],0,0,0,0,/home/arjaiswal/Polygeist/issues/aten_c_kernels/results/aten_index_select_sparse_cpu/debuf.mlir,1855,0,1,0,269.5266008377075,1,64552,0.015210360288619995,0,0,0,0,[],0,0,4,0.0,4
aten,aten_index_select_sparse_cpu,/home/arjaiswal/Polygeist/issues/aten_c_kernels/results/aten_index_select_sparse_cpu/debuf.mlir,c8e537c88f9db26af02e5d7758695745227dec6cffd0b7fce64d63ce16e94e09,syntactic,2,ok,0,670.0941771268845,0,"[""/usr/bin/python3"", ""/home/arjaiswal/Polygeist/scripts/correctness/kernel_match_rewrite.py"", ""/home/arjaiswal/Polygeist/issues/aten_c_kernels/results/aten_index_select_sparse_cpu/debuf.mlir"", ""--dry-run"", ""--matcher-mode"", ""syntactic"", ""--telemetry-json"", ""/home/arjaiswal/Polygeist/issues/equality_saturation_eval/campaign_20260908/aten-aten_index_select_sparse_cpu-syntactic-4zangkbm.json"", ""--disable-semantic-fallback""]","== match report for /home/arjaiswal/Polygeist/issues/aten_c_kernels/results/aten_index_select_sparse_cpu/debuf.mlir ==
  no_match       body#0  ?
  total: 0 matched / 1 bodies
",0,[],0,0,0,0,/home/arjaiswal/Polygeist/issues/aten_c_kernels/results/aten_index_select_sparse_cpu/debuf.mlir,1855,0,1,0,265.8289931714535,1,64776,0.01734122633934021,0,0,0,0,[],0,0,4,0.0,4
aten,aten_index_select_sparse_cpu,/home/arjaiswal/Polygeist/issues/aten_c_kernels/results/aten_index_select_sparse_cpu/debuf.mlir,c8e537c88f9db26af02e5d7758695745227dec6cffd0b7fce64d63ce16e94e09,egglog,2,ok,0,695.8482302725315,0,"[""/usr/bin/python3"", ""/home/arjaiswal/Polygeist/scripts/correctness/kernel_match_rewrite.py"", ""/home/arjaiswal/Polygeist/issues/aten_c_kernels/results/aten_index_select_sparse_cpu/debuf.mlir"", ""--dry-run"", ""--matcher-mode"", ""egglog"", ""--telemetry-json"", ""/home/arjaiswal/Polygeist/issues/equality_saturation_eval/campaign_20260908/aten-aten_index_select_sparse_cpu-egglog-bsh92grg.json"", ""--disable-semantic-fallback""]","== match report for /home/arjaiswal/Polygeist/issues/aten_c_kernels/results/aten_index_select_sparse_cpu/debuf.mlir ==
  no_match       body#0  ?
  total: 0 matched / 1 bodies
",0,[],0,0,0,0,/home/arjaiswal/Polygeist/issues/aten_c_kernels/results/aten_index_select_sparse_cpu/debuf.mlir,1855,8,1,0,275.443397462368,1,64660,0.0,0,0,0,0,[],0,0,0,0.0,4
aten,aten_index_select_sparse_cpu,/home/arjaiswal/Polygeist/issues/aten_c_kernels/results/aten_index_select_sparse_cpu/debuf.mlir,c8e537c88f9db26af02e5d7758695745227dec6cffd0b7fce64d63ce16e94e09,egglog,3,ok,0,691.8003559112549,0,"[""/usr/bin/python3"", ""/home/arjaiswal/Polygeist/scripts/correctness/kernel_match_rewrite.py"", ""/home/arjaiswal/Polygeist/issues/aten_c_kernels/results/aten_index_select_sparse_cpu/debuf.mlir"", ""--dry-run"", ""--matcher-mode"", ""egglog"", ""--telemetry-json"", ""/home/arjaiswal/Polygeist/issues/equality_saturation_eval/campaign_20260908/aten-aten_index_select_sparse_cpu-egglog-yp4iu6ue.json"", ""--disable-semantic-fallback""]","== match report for /home/arjaiswal/Polygeist/issues/aten_c_kernels/results/aten_index_select_sparse_cpu/debuf.mlir ==
  no_match       body#0  ?
  total: 0 matched / 1 bodies
",0,[],0,0,0,0,/home/arjaiswal/Polygeist/issues/aten_c_kernels/results/aten_index_select_sparse_cpu/debuf.mlir,1855,8,1,0,270.97807824611664,1,64724,0.0,0,0,0,0,[],0,0,0,0.0,4
aten,aten_index_select_sparse_cpu,/home/arjaiswal/Polygeist/issues/aten_c_kernels/results/aten_index_select_sparse_cpu/debuf.mlir,c8e537c88f9db26af02e5d7758695745227dec6cffd0b7fce64d63ce16e94e09,syntactic,3,ok,0,683.3275407552719,0,"[""/usr/bin/python3"", ""/home/arjaiswal/Polygeist/scripts/correctness/kernel_match_rewrite.py"", ""/home/arjaiswal/Polygeist/issues/aten_c_kernels/results/aten_index_select_sparse_cpu/debuf.mlir"", ""--dry-run"", ""--matcher-mode"", ""syntactic"", ""--telemetry-json"", ""/home/arjaiswal/Polygeist/issues/equality_saturation_eval/campaign_20260908/aten-aten_index_select_sparse_cpu-syntactic-xzoc4s7k.json"", ""--disable-semantic-fallback""]","== match report for /home/arjaiswal/Polygeist/issues/aten_c_kernels/results/aten_index_select_sparse_cpu/debuf.mlir ==
  no_match       body#0  ?
  total: 0 matched / 1 bodies
",0,[],0,0,0,0,/home/arjaiswal/Polygeist/issues/aten_c_kernels/results/aten_index_select_sparse_cpu/debuf.mlir,1855,0,1,0,273.45018461346626,1,64720,0.015042722225189209,0,0,0,0,[],0,0,4,0.0,4
aten,aten_index_select_sparse_cpu,/home/arjaiswal/Polygeist/issues/aten_c_kernels/results/aten_index_select_sparse_cpu/debuf.mlir,c8e537c88f9db26af02e5d7758695745227dec6cffd0b7fce64d63ce16e94e09,syntactic,4,ok,0,693.0678561329842,0,"[""/usr/bin/python3"", ""/home/arjaiswal/Polygeist/scripts/correctness/kernel_match_rewrite.py"", ""/home/arjaiswal/Polygeist/issues/aten_c_kernels/results/aten_index_select_sparse_cpu/debuf.mlir"", ""--dry-run"", ""--matcher-mode"", ""syntactic"", ""--telemetry-json"", ""/home/arjaiswal/Polygeist/issues/equality_saturation_eval/campaign_20260908/aten-aten_index_select_sparse_cpu-syntactic-5312r8k5.json"", ""--disable-semantic-fallback""]","== match report for /home/arjaiswal/Polygeist/issues/aten_c_kernels/results/aten_index_select_sparse_cpu/debuf.mlir ==
  no_match       body#0  ?
  total: 0 matched / 1 bodies
",0,[],0,0,0,0,/home/arjaiswal/Polygeist/issues/aten_c_kernels/results/aten_index_select_sparse_cpu/debuf.mlir,1855,0,1,0,282.20197558403015,1,64740,0.014740973711013794,0,0,0,0,[],0,0,4,0.0,4
aten,aten_index_select_sparse_cpu,/home/arjaiswal/Polygeist/issues/aten_c_kernels/results/aten_index_select_sparse_cpu/debuf.mlir,c8e537c88f9db26af02e5d7758695745227dec6cffd0b7fce64d63ce16e94e09,egglog,4,ok,0,708.4169164299965,0,"[""/usr/bin/python3"", ""/home/arjaiswal/Polygeist/scripts/correctness/kernel_match_rewrite.py"", ""/home/arjaiswal/Polygeist/issues/aten_c_kernels/results/aten_index_select_sparse_cpu/debuf.mlir"", ""--dry-run"", ""--matcher-mode"", ""egglog"", ""--telemetry-json"", ""/home/arjaiswal/Polygeist/issues/equality_saturation_eval/campaign_20260908/aten-aten_index_select_sparse_cpu-egglog-4gcnmc_a.json"", ""--disable-semantic-fallback""]","== match report for /home/arjaiswal/Polygeist/issues/aten_c_kernels/results/aten_index_select_sparse_cpu/debuf.mlir ==
  no_match       body#0  ?
  total: 0 matched / 1 bodies
",0,[],0,0,0,0,/home/arjaiswal/Polygeist/issues/aten_c_kernels/results/aten_index_select_sparse_cpu/debuf.mlir,1855,8,1,0,291.1364994943142,1,64740,0.0,0,0,0,0,[],0,0,0,0.0,4
aten,aten_index_select_sparse_cpu,/home/arjaiswal/Polygeist/issues/aten_c_kernels/results/aten_index_select_sparse_cpu/debuf.mlir,c8e537c88f9db26af02e5d7758695745227dec6cffd0b7fce64d63ce16e94e09,egglog,5,ok,0,690.0235712528229,0,"[""/usr/bin/python3"", ""/home/arjaiswal/Polygeist/scripts/correctness/kernel_match_rewrite.py"", ""/home/arjaiswal/Polygeist/issues/aten_c_kernels/results/aten_index_select_sparse_cpu/debuf.mlir"", ""--dry-run"", ""--matcher-mode"", ""egglog"", ""--telemetry-json"", ""/home/arjaiswal/Polygeist/issues/equality_saturation_eval/campaign_20260908/aten-aten_index_select_sparse_cpu-egglog-d257j1p3.json"", ""--disable-semantic-fallback""]","== match report for /home/arjaiswal/Polygeist/issues/aten_c_kernels/results/aten_index_select_sparse_cpu/debuf.mlir ==
  no_match       body#0  ?
  total: 0 matched / 1 bodies
",0,[],0,0,0,0,/home/arjaiswal/Polygeist/issues/aten_c_kernels/results/aten_index_select_sparse_cpu/debuf.mlir,1855,8,1,0,284.07812118530273,1,64768,0.0,0,0,0,0,[],0,0,0,0.0,4
aten,aten_index_select_sparse_cpu,/home/arjaiswal/Polygeist/issues/aten_c_kernels/results/aten_index_select_sparse_cpu/debuf.mlir,c8e537c88f9db26af02e5d7758695745227dec6cffd0b7fce64d63ce16e94e09,syntactic,5,ok,0,690.9689791500568,0,"[""/usr/bin/python3"", ""/home/arjaiswal/Polygeist/scripts/correctness/kernel_match_rewrite.py"", ""/home/arjaiswal/Polygeist/issues/aten_c_kernels/results/aten_index_select_sparse_cpu/debuf.mlir"", ""--dry-run"", ""--matcher-mode"", ""syntactic"", ""--telemetry-json"", ""/home/arjaiswal/Polygeist/issues/equality_saturation_eval/campaign_20260908/aten-aten_index_select_sparse_cpu-syntactic-54g0x26y.json"", ""--disable-semantic-fallback""]","== match report for /home/arjaiswal/Polygeist/issues/aten_c_kernels/results/aten_index_select_sparse_cpu/debuf.mlir ==
  no_match       body#0  ?
  total: 0 matched / 1 bodies
",0,[],0,0,0,0,/home/arjaiswal/Polygeist/issues/aten_c_kernels/results/aten_index_select_sparse_cpu/debuf.mlir,1855,0,1,0,267.9280638694763,1,64680,0.015504658222198486,0,0,0,0,[],0,0,4,0.0,4
aten,aten_int4pack_mm_cpu,/home/arjaiswal/Polygeist/issues/aten_c_kernels/results/aten_int4pack_mm_cpu/debuf.mlir,46980bd0bfb9882382d20ab554e7e59b1a017a19895a62a8adf84f262c7e5c32,syntactic,1,ok,0,855.7276725769043,0,"[""/usr/bin/python3"", ""/home/arjaiswal/Polygeist/scripts/correctness/kernel_match_rewrite.py"", ""/home/arjaiswal/Polygeist/issues/aten_c_kernels/results/aten_int4pack_mm_cpu/debuf.mlir"", ""--dry-run"", ""--matcher-mode"", ""syntactic"", ""--telemetry-json"", ""/home/arjaiswal/Polygeist/issues/equality_saturation_eval/campaign_20260908/aten-aten_int4pack_mm_cpu-syntactic-a6655myw.json"", ""--disable-semantic-fallback""]","== match report for /home/arjaiswal/Polygeist/issues/aten_c_kernels/results/aten_int4pack_mm_cpu/debuf.mlir ==
  match          body#[0]  memset_zero_1D_f32
  no_match       body#1  ?
  total: 1 matched / 2 bodies
",0,[],0,0,0,0,/home/arjaiswal/Polygeist/issues/aten_c_kernels/results/aten_int4pack_mm_cpu/debuf.mlir,4675,0,2,1,432.69382044672966,1,66456,0.18782541155815125,0,20,0,0,"[{""body_indices"": [0], ""symbol"": ""memset_zero_1D_f32""}]",1,0,38,0.0,38
aten,aten_int4pack_mm_cpu,/home/arjaiswal/Polygeist/issues/aten_c_kernels/results/aten_int4pack_mm_cpu/debuf.mlir,46980bd0bfb9882382d20ab554e7e59b1a017a19895a62a8adf84f262c7e5c32,egglog,1,ok,0,1042.1315170824528,0,"[""/usr/bin/python3"", ""/home/arjaiswal/Polygeist/scripts/correctness/kernel_match_rewrite.py"", ""/home/arjaiswal/Polygeist/issues/aten_c_kernels/results/aten_int4pack_mm_cpu/debuf.mlir"", ""--dry-run"", ""--matcher-mode"", ""egglog"", ""--telemetry-json"", ""/home/arjaiswal/Polygeist/issues/equality_saturation_eval/campaign_20260908/aten-aten_int4pack_mm_cpu-egglog-6jsa6mu4.json"", ""--disable-semantic-fallback""]","== match report for /home/arjaiswal/Polygeist/issues/aten_c_kernels/results/aten_int4pack_mm_cpu/debuf.mlir ==
  match          body#[0]  memset_zero_1D_f32
  no_match       body#1  ?
  total: 1 matched / 2 bodies
",0,[],0,0,0,0,/home/arjaiswal/Polygeist/issues/aten_c_kernels/results/aten_int4pack_mm_cpu/debuf.mlir,4675,8,2,1,632.9463571310043,1,70608,198.61862435936928,20,20,0,0,"[{""body_indices"": [0], ""symbol"": ""memset_zero_1D_f32""}]",1,0,0,0.0,38
aten,aten_int4pack_mm_cpu,/home/arjaiswal/Polygeist/issues/aten_c_kernels/results/aten_int4pack_mm_cpu/debuf.mlir,46980bd0bfb9882382d20ab554e7e59b1a017a19895a62a8adf84f262c7e5c32,egglog,2,ok,0,1093.1361988186836,0,"[""/usr/bin/python3"", ""/home/arjaiswal/Polygeist/scripts/correctness/kernel_match_rewrite.py"", ""/home/arjaiswal/Polygeist/issues/aten_c_kernels/results/aten_int4pack_mm_cpu/debuf.mlir"", ""--dry-run"", ""--matcher-mode"", ""egglog"", ""--telemetry-json"", ""/home/arjaiswal/Polygeist/issues/equality_saturation_eval/campaign_20260908/aten-aten_int4pack_mm_cpu-egglog-5v5f4bla.json"", ""--disable-semantic-fallback""]","== match report for /home/arjaiswal/Polygeist/issues/aten_c_kernels/results/aten_int4pack_mm_cpu/debuf.mlir ==
  match          body#[0]  memset_zero_1D_f32
  no_match       body#1  ?
  total: 1 matched / 2 bodies
",0,[],0,0,0,0,/home/arjaiswal/Polygeist/issues/aten_c_kernels/results/aten_int4pack_mm_cpu/debuf.mlir,4675,8,2,1,678.8071431219578,1,70628,217.48830005526543,20,20,0,0,"[{""body_indices"": [0], ""symbol"": ""memset_zero_1D_f32""}]",1,0,0,0.0,38
aten,aten_int4pack_mm_cpu,/home/arjaiswal/Polygeist/issues/aten_c_kernels/results/aten_int4pack_mm_cpu/debuf.mlir,46980bd0bfb9882382d20ab554e7e59b1a017a19895a62a8adf84f262c7e5c32,syntactic,2,ok,0,858.1649921834469,0,"[""/usr/bin/python3"", ""/home/arjaiswal/Polygeist/scripts/correctness/kernel_match_rewrite.py"", ""/home/arjaiswal/Polygeist/issues/aten_c_kernels/results/aten_int4pack_mm_cpu/debuf.mlir"", ""--dry-run"", ""--matcher-mode"", ""syntactic"", ""--telemetry-json"", ""/home/arjaiswal/Polygeist/issues/equality_saturation_eval/campaign_20260908/aten-aten_int4pack_mm_cpu-syntactic-o3we1q20.json"", ""--disable-semantic-fallback""]","== match report for /home/arjaiswal/Polygeist/issues/aten_c_kernels/results/aten_int4pack_mm_cpu/debuf.mlir ==
  match          body#[0]  memset_zero_1D_f32
  no_match       body#1  ?
  total: 1 matched / 2 bodies
",0,[],0,0,0,0,/home/arjaiswal/Polygeist/issues/aten_c_kernels/results/aten_int4pack_mm_cpu/debuf.mlir,4675,0,2,1,415.2661859989166,1,66648,0.16520172357559204,0,20,0,0,"[{""body_indices"": [0], ""symbol"": ""memset_zero_1D_f32""}]",1,0,38,0.0,38
aten,aten_int4pack_mm_cpu,/home/arjaiswal/Polygeist/issues/aten_c_kernels/results/aten_int4pack_mm_cpu/debuf.mlir,46980bd0bfb9882382d20ab554e7e59b1a017a19895a62a8adf84f262c7e5c32,syntactic,3,ok,0,857.5589843094349,0,"[""/usr/bin/python3"", ""/home/arjaiswal/Polygeist/scripts/correctness/kernel_match_rewrite.py"", ""/home/arjaiswal/Polygeist/issues/aten_c_kernels/results/aten_int4pack_mm_cpu/debuf.mlir"", ""--dry-run"", ""--matcher-mode"", ""syntactic"", ""--telemetry-json"", ""/home/arjaiswal/Polygeist/issues/equality_saturation_eval/campaign_20260908/aten-aten_int4pack_mm_cpu-syntactic-osricib1.json"", ""--disable-semantic-fallback""]","== match report for /home/arjaiswal/Polygeist/issues/aten_c_kernels/results/aten_int4pack_mm_cpu/debuf.mlir ==
  match          body#[0]  memset_zero_1D_f32
  no_match       body#1  ?
  total: 1 matched / 2 bodies
",0,[],0,0,0,0,/home/arjaiswal/Polygeist/issues/aten_c_kernels/results/aten_int4pack_mm_cpu/debuf.mlir,4675,0,2,1,435.1387321949005,1,66336,0.1740679144859314,0,20,0,0,"[{""body_indices"": [0], ""symbol"": ""memset_zero_1D_f32""}]",1,0,38,0.0,38
aten,aten_int4pack_mm_cpu,/home/arjaiswal/Polygeist/issues/aten_c_kernels/results/aten_int4pack_mm_cpu/debuf.mlir,46980bd0bfb9882382d20ab554e7e59b1a017a19895a62a8adf84f262c7e5c32,egglog,3,ok,0,1060.2439604699612,0,"[""/usr/bin/python3"", ""/home/arjaiswal/Polygeist/scripts/correctness/kernel_match_rewrite.py"", ""/home/arjaiswal/Polygeist/issues/aten_c_kernels/results/aten_int4pack_mm_cpu/debuf.mlir"", ""--dry-run"", ""--matcher-mode"", ""egglog"", ""--telemetry-json"", ""/home/arjaiswal/Polygeist/issues/equality_saturation_eval/campaign_20260908/aten-aten_int4pack_mm_cpu-egglog-o2_luw76.json"", ""--disable-semantic-fallback""]","== match report for /home/arjaiswal/Polygeist/issues/aten_c_kernels/results/aten_int4pack_mm_cpu/debuf.mlir ==
  match          body#[0]  memset_zero_1D_f32
  no_match       body#1  ?
  total: 1 matched / 2 bodies
",0,[],0,0,0,0,/home/arjaiswal/Polygeist/issues/aten_c_kernels/results/aten_int4pack_mm_cpu/debuf.mlir,4675,8,2,1,631.9385133683681,1,70472,203.46130803227425,20,20,0,0,"[{""body_indices"": [0], ""symbol"": ""memset_zero_1D_f32""}]",1,0,0,0.0,38
aten,aten_int4pack_mm_cpu,/home/arjaiswal/Polygeist/issues/aten_c_kernels/results/aten_int4pack_mm_cpu/debuf.mlir,46980bd0bfb9882382d20ab554e7e59b1a017a19895a62a8adf84f262c7e5c32,egglog,4,ok,0,1073.6095011234283,0,"[""/usr/bin/python3"", ""/home/arjaiswal/Polygeist/scripts/correctness/kernel_match_rewrite.py"", ""/home/arjaiswal/Polygeist/issues/aten_c_kernels/results/aten_int4pack_mm_cpu/debuf.mlir"", ""--dry-run"", ""--matcher-mode"", ""egglog"", ""--telemetry-json"", ""/home/arjaiswal/Polygeist/issues/equality_saturation_eval/campaign_20260908/aten-aten_int4pack_mm_cpu-egglog-w09rigxc.json"", ""--disable-semantic-fallback""]","== match report for /home/arjaiswal/Polygeist/issues/aten_c_kernels/results/aten_int4pack_mm_cpu/debuf.mlir ==
  match          body#[0]  memset_zero_1D_f32
  no_match       body#1  ?
  total: 1 matched / 2 bodies
",0,[],0,0,0,0,/home/arjaiswal/Polygeist/issues/aten_c_kernels/results/aten_int4pack_mm_cpu/debuf.mlir,4675,8,2,1,638.080045580864,1,70596,202.3019678890705,20,20,0,0,"[{""body_indices"": [0], ""symbol"": ""memset_zero_1D_f32""}]",1,0,0,0.0,38
aten,aten_int4pack_mm_cpu,/home/arjaiswal/Polygeist/issues/aten_c_kernels/results/aten_int4pack_mm_cpu/debuf.mlir,46980bd0bfb9882382d20ab554e7e59b1a017a19895a62a8adf84f262c7e5c32,syntactic,4,ok,0,854.0288284420967,0,"[""/usr/bin/python3"", ""/home/arjaiswal/Polygeist/scripts/correctness/kernel_match_rewrite.py"", ""/home/arjaiswal/Polygeist/issues/aten_c_kernels/results/aten_int4pack_mm_cpu/debuf.mlir"", ""--dry-run"", ""--matcher-mode"", ""syntactic"", ""--telemetry-json"", ""/home/arjaiswal/Polygeist/issues/equality_saturation_eval/campaign_20260908/aten-aten_int4pack_mm_cpu-syntactic-ngz1dgqr.json"", ""--disable-semantic-fallback""]","== match report for /home/arjaiswal/Polygeist/issues/aten_c_kernels/results/aten_int4pack_mm_cpu/debuf.mlir ==
  match          body#[0]  memset_zero_1D_f32
  no_match       body#1  ?
  total: 1 matched / 2 bodies
",0,[],0,0,0,0,/home/arjaiswal/Polygeist/issues/aten_c_kernels/results/aten_int4pack_mm_cpu/debuf.mlir,4675,0,2,1,422.55664989352226,1,66436,0.1803189516067505,0,20,0,0,"[{""body_indices"": [0], ""symbol"": ""memset_zero_1D_f32""}]",1,0,38,0.0,38
aten,aten_int4pack_mm_cpu,/home/arjaiswal/Polygeist/issues/aten_c_kernels/results/aten_int4pack_mm_cpu/debuf.mlir,46980bd0bfb9882382d20ab554e7e59b1a017a19895a62a8adf84f262c7e5c32,syntactic,5,ok,0,874.3125610053539,0,"[""/usr/bin/python3"", ""/home/arjaiswal/Polygeist/scripts/correctness/kernel_match_rewrite.py"", ""/home/arjaiswal/Polygeist/issues/aten_c_kernels/results/aten_int4pack_mm_cpu/debuf.mlir"", ""--dry-run"", ""--matcher-mode"", ""syntactic"", ""--telemetry-json"", ""/home/arjaiswal/Polygeist/issues/equality_saturation_eval/campaign_20260908/aten-aten_int4pack_mm_cpu-syntactic-bmblruxh.json"", ""--disable-semantic-fallback""]","== match report for /home/arjaiswal/Polygeist/issues/aten_c_kernels/results/aten_int4pack_mm_cpu/debuf.mlir ==
  match          body#[0]  memset_zero_1D_f32
  no_match       body#1  ?
  total: 1 matched / 2 bodies
",0,[],0,0,0,0,/home/arjaiswal/Polygeist/issues/aten_c_kernels/results/aten_int4pack_mm_cpu/debuf.mlir,4675,0,2,1,435.9796456992626,1,66416,0.17243996262550354,0,20,0,0,"[{""body_indices"": [0], ""symbol"": ""memset_zero_1D_f32""}]",1,0,38,0.0,38
aten,aten_int4pack_mm_cpu,/home/arjaiswal/Polygeist/issues/aten_c_kernels/results/aten_int4pack_mm_cpu/debuf.mlir,46980bd0bfb9882382d20ab554e7e59b1a017a19895a62a8adf84f262c7e5c32,egglog,5,ok,0,1060.6610402464867,0,"[""/usr/bin/python3"", ""/home/arjaiswal/Polygeist/scripts/correctness/kernel_match_rewrite.py"", ""/home/arjaiswal/Polygeist/issues/aten_c_kernels/results/aten_int4pack_mm_cpu/debuf.mlir"", ""--dry-run"", ""--matcher-mode"", ""egglog"", ""--telemetry-json"", ""/home/arjaiswal/Polygeist/issues/equality_saturation_eval/campaign_20260908/aten-aten_int4pack_mm_cpu-egglog-u2p4vhic.json"", ""--disable-semantic-fallback""]","== match report for /home/arjaiswal/Polygeist/issues/aten_c_kernels/results/aten_int4pack_mm_cpu/debuf.mlir ==
  match          body#[0]  memset_zero_1D_f32
  no_match       body#1  ?
  total: 1 matched / 2 bodies
",0,[],0,0,0,0,/home/arjaiswal/Polygeist/issues/aten_c_kernels/results/aten_int4pack_mm_cpu/debuf.mlir,4675,8,2,1,629.7627128660679,1,70636,200.43671876192093,20,20,0,0,"[{""body_indices"": [0], ""symbol"": ""memset_zero_1D_f32""}]",1,0,0,0.0,38
aten,aten_int8pack_mm_cpu,/home/arjaiswal/Polygeist/issues/aten_c_kernels/results/aten_int8pack_mm_cpu/debuf.mlir,e2f2da795ff877f924e9334f51ffd1896af3de352fa098c934b933d20172a94a,egglog,1,ok,0,955.8717906475067,0,"[""/usr/bin/python3"", ""/home/arjaiswal/Polygeist/scripts/correctness/kernel_match_rewrite.py"", ""/home/arjaiswal/Polygeist/issues/aten_c_kernels/results/aten_int8pack_mm_cpu/debuf.mlir"", ""--dry-run"", ""--matcher-mode"", ""egglog"", ""--telemetry-json"", ""/home/arjaiswal/Polygeist/issues/equality_saturation_eval/campaign_20260908/aten-aten_int8pack_mm_cpu-egglog-naqm_vhe.json"", ""--disable-semantic-fallback""]","== match report for /home/arjaiswal/Polygeist/issues/aten_c_kernels/results/aten_int8pack_mm_cpu/debuf.mlir ==
  match          body#[0]  memset_zero_2D_f32
  no_match       body#1  ?
  total: 1 matched / 2 bodies
",0,[],0,0,0,0,/home/arjaiswal/Polygeist/issues/aten_c_kernels/results/aten_int8pack_mm_cpu/debuf.mlir,3376,8,2,1,520.1422050595284,1,69752,177.60929465293884,16,16,0,0,"[{""body_indices"": [0], ""symbol"": ""memset_zero_2D_f32""}]",1,0,0,0.0,24
aten,aten_int8pack_mm_cpu,/home/arjaiswal/Polygeist/issues/aten_c_kernels/results/aten_int8pack_mm_cpu/debuf.mlir,e2f2da795ff877f924e9334f51ffd1896af3de352fa098c934b933d20172a94a,syntactic,1,ok,0,757.500447332859,0,"[""/usr/bin/python3"", ""/home/arjaiswal/Polygeist/scripts/correctness/kernel_match_rewrite.py"", ""/home/arjaiswal/Polygeist/issues/aten_c_kernels/results/aten_int8pack_mm_cpu/debuf.mlir"", ""--dry-run"", ""--matcher-mode"", ""syntactic"", ""--telemetry-json"", ""/home/arjaiswal/Polygeist/issues/equality_saturation_eval/campaign_20260908/aten-aten_int8pack_mm_cpu-syntactic-i6d554st.json"", ""--disable-semantic-fallback""]","== match report for /home/arjaiswal/Polygeist/issues/aten_c_kernels/results/aten_int8pack_mm_cpu/debuf.mlir ==
  match          body#[0]  memset_zero_2D_f32
  no_match       body#1  ?
  total: 1 matched / 2 bodies
",0,[],0,0,0,0,/home/arjaiswal/Polygeist/issues/aten_c_kernels/results/aten_int8pack_mm_cpu/debuf.mlir,3376,0,2,1,331.84679225087166,1,65740,0.07810816168785095,0,16,0,0,"[{""body_indices"": [0], ""symbol"": ""memset_zero_2D_f32""}]",1,0,24,0.0,24
aten,aten_int8pack_mm_cpu,/home/arjaiswal/Polygeist/issues/aten_c_kernels/results/aten_int8pack_mm_cpu/debuf.mlir,e2f2da795ff877f924e9334f51ffd1896af3de352fa098c934b933d20172a94a,syntactic,2,ok,0,750.177513808012,0,"[""/usr/bin/python3"", ""/home/arjaiswal/Polygeist/scripts/correctness/kernel_match_rewrite.py"", ""/home/arjaiswal/Polygeist/issues/aten_c_kernels/results/aten_int8pack_mm_cpu/debuf.mlir"", ""--dry-run"", ""--matcher-mode"", ""syntactic"", ""--telemetry-json"", ""/home/arjaiswal/Polygeist/issues/equality_saturation_eval/campaign_20260908/aten-aten_int8pack_mm_cpu-syntactic-921xnr8y.json"", ""--disable-semantic-fallback""]","== match report for /home/arjaiswal/Polygeist/issues/aten_c_kernels/results/aten_int8pack_mm_cpu/debuf.mlir ==
  match          body#[0]  memset_zero_2D_f32
  no_match       body#1  ?
  total: 1 matched / 2 bodies
",0,[],0,0,0,0,/home/arjaiswal/Polygeist/issues/aten_c_kernels/results/aten_int8pack_mm_cpu/debuf.mlir,3376,0,2,1,332.05709606409073,1,65632,0.08227303624153137,0,16,0,0,"[{""body_indices"": [0], ""symbol"": ""memset_zero_2D_f32""}]",1,0,24,0.0,24
aten,aten_int8pack_mm_cpu,/home/arjaiswal/Polygeist/issues/aten_c_kernels/results/aten_int8pack_mm_cpu/debuf.mlir,e2f2da795ff877f924e9334f51ffd1896af3de352fa098c934b933d20172a94a,egglog,2,ok,0,899.9591693282127,0,"[""/usr/bin/python3"", ""/home/arjaiswal/Polygeist/scripts/correctness/kernel_match_rewrite.py"", ""/home/arjaiswal/Polygeist/issues/aten_c_kernels/results/aten_int8pack_mm_cpu/debuf.mlir"", ""--dry-run"", ""--matcher-mode"", ""egglog"", ""--telemetry-json"", ""/home/arjaiswal/Polygeist/issues/equality_saturation_eval/campaign_20260908/aten-aten_int8pack_mm_cpu-egglog-m1f3nf89.json"", ""--disable-semantic-fallback""]","== match report for /home/arjaiswal/Polygeist/issues/aten_c_kernels/results/aten_int8pack_mm_cpu/debuf.mlir ==
  match          body#[0]  memset_zero_2D_f32
  no_match       body#1  ?
  total: 1 matched / 2 bodies
",0,[],0,0,0,0,/home/arjaiswal/Polygeist/issues/aten_c_kernels/results/aten_int8pack_mm_cpu/debuf.mlir,3376,8,2,1,484.73069071769714,1,69904,153.74713391065598,16,16,0,0,"[{""body_indices"": [0], ""symbol"": ""memset_zero_2D_f32""}]",1,0,0,0.0,24
aten,aten_int8pack_mm_cpu,/home/arjaiswal/Polygeist/issues/aten_c_kernels/results/aten_int8pack_mm_cpu/debuf.mlir,e2f2da795ff877f924e9334f51ffd1896af3de352fa098c934b933d20172a94a,egglog,3,ok,0,930.7114146649837,0,"[""/usr/bin/python3"", ""/home/arjaiswal/Polygeist/scripts/correctness/kernel_match_rewrite.py"", ""/home/arjaiswal/Polygeist/issues/aten_c_kernels/results/aten_int8pack_mm_cpu/debuf.mlir"", ""--dry-run"", ""--matcher-mode"", ""egglog"", ""--telemetry-json"", ""/home/arjaiswal/Polygeist/issues/equality_saturation_eval/campaign_20260908/aten-aten_int8pack_mm_cpu-egglog-sqnu5v18.json"", ""--disable-semantic-fallback""]","== match report for /home/arjaiswal/Polygeist/issues/aten_c_kernels/results/aten_int8pack_mm_cpu/debuf.mlir ==
  match          body#[0]  memset_zero_2D_f32
  no_match       body#1  ?
  total: 1 matched / 2 bodies
",0,[],0,0,0,0,/home/arjaiswal/Polygeist/issues/aten_c_kernels/results/aten_int8pack_mm_cpu/debuf.mlir,3376,8,2,1,513.7547068297863,1,69732,169.37429085373878,16,16,0,0,"[{""body_indices"": [0], ""symbol"": ""memset_zero_2D_f32""}]",1,0,0,0.0,24
aten,aten_int8pack_mm_cpu,/home/arjaiswal/Polygeist/issues/aten_c_kernels/results/aten_int8pack_mm_cpu/debuf.mlir,e2f2da795ff877f924e9334f51ffd1896af3de352fa098c934b933d20172a94a,syntactic,3,ok,0,732.8180149197578,0,"[""/usr/bin/python3"", ""/home/arjaiswal/Polygeist/scripts/correctness/kernel_match_rewrite.py"", ""/home/arjaiswal/Polygeist/issues/aten_c_kernels/results/aten_int8pack_mm_cpu/debuf.mlir"", ""--dry-run"", ""--matcher-mode"", ""syntactic"", ""--telemetry-json"", ""/home/arjaiswal/Polygeist/issues/equality_saturation_eval/campaign_20260908/aten-aten_int8pack_mm_cpu-syntactic-nbh5m6gt.json"", ""--disable-semantic-fallback""]","== match report for /home/arjaiswal/Polygeist/issues/aten_c_kernels/results/aten_int8pack_mm_cpu/debuf.mlir ==
  match          body#[0]  memset_zero_2D_f32
  no_match       body#1  ?
  total: 1 matched / 2 bodies
",0,[],0,0,0,0,/home/arjaiswal/Polygeist/issues/aten_c_kernels/results/aten_int8pack_mm_cpu/debuf.mlir,3376,0,2,1,326.7233073711395,1,65660,0.08186697959899902,0,16,0,0,"[{""body_indices"": [0], ""symbol"": ""memset_zero_2D_f32""}]",1,0,24,0.0,24
aten,aten_int8pack_mm_cpu,/home/arjaiswal/Polygeist/issues/aten_c_kernels/results/aten_int8pack_mm_cpu/debuf.mlir,e2f2da795ff877f924e9334f51ffd1896af3de352fa098c934b933d20172a94a,syntactic,4,ok,0,767.4432918429375,0,"[""/usr/bin/python3"", ""/home/arjaiswal/Polygeist/scripts/correctness/kernel_match_rewrite.py"", ""/home/arjaiswal/Polygeist/issues/aten_c_kernels/results/aten_int8pack_mm_cpu/debuf.mlir"", ""--dry-run"", ""--matcher-mode"", ""syntactic"", ""--telemetry-json"", ""/home/arjaiswal/Polygeist/issues/equality_saturation_eval/campaign_20260908/aten-aten_int8pack_mm_cpu-syntactic-zd0jo22g.json"", ""--disable-semantic-fallback""]","== match report for /home/arjaiswal/Polygeist/issues/aten_c_kernels/results/aten_int8pack_mm_cpu/debuf.mlir ==
  match          body#[0]  memset_zero_2D_f32
  no_match       body#1  ?
  total: 1 matched / 2 bodies
",0,[],0,0,0,0,/home/arjaiswal/Polygeist/issues/aten_c_kernels/results/aten_int8pack_mm_cpu/debuf.mlir,3376,0,2,1,339.9484008550644,1,65616,0.0803731381893158,0,16,0,0,"[{""body_indices"": [0], ""symbol"": ""memset_zero_2D_f32""}]",1,0,24,0.0,24
aten,aten_int8pack_mm_cpu,/home/arjaiswal/Polygeist/issues/aten_c_kernels/results/aten_int8pack_mm_cpu/debuf.mlir,e2f2da795ff877f924e9334f51ffd1896af3de352fa098c934b933d20172a94a,egglog,4,ok,0,949.8273767530918,0,"[""/usr/bin/python3"", ""/home/arjaiswal/Polygeist/scripts/correctness/kernel_match_rewrite.py"", ""/home/arjaiswal/Polygeist/issues/aten_c_kernels/results/aten_int8pack_mm_cpu/debuf.mlir"", ""--dry-run"", ""--matcher-mode"", ""egglog"", ""--telemetry-json"", ""/home/arjaiswal/Polygeist/issues/equality_saturation_eval/campaign_20260908/aten-aten_int8pack_mm_cpu-egglog-vy_rzl0n.json"", ""--disable-semantic-fallback""]","== match report for /home/arjaiswal/Polygeist/issues/aten_c_kernels/results/aten_int8pack_mm_cpu/debuf.mlir ==
  match          body#[0]  memset_zero_2D_f32
  no_match       body#1  ?
  total: 1 matched / 2 bodies
",0,[],0,0,0,0,/home/arjaiswal/Polygeist/issues/aten_c_kernels/results/aten_int8pack_mm_cpu/debuf.mlir,3376,8,2,1,518.071573227644,1,69848,163.01525384187698,16,16,0,0,"[{""body_indices"": [0], ""symbol"": ""memset_zero_2D_f32""}]",1,0,0,0.0,24
aten,aten_int8pack_mm_cpu,/home/arjaiswal/Polygeist/issues/aten_c_kernels/results/aten_int8pack_mm_cpu/debuf.mlir,e2f2da795ff877f924e9334f51ffd1896af3de352fa098c934b933d20172a94a,egglog,5,ok,0,947.4405720829964,0,"[""/usr/bin/python3"", ""/home/arjaiswal/Polygeist/scripts/correctness/kernel_match_rewrite.py"", ""/home/arjaiswal/Polygeist/issues/aten_c_kernels/results/aten_int8pack_mm_cpu/debuf.mlir"", ""--dry-run"", ""--matcher-mode"", ""egglog"", ""--telemetry-json"", ""/home/arjaiswal/Polygeist/issues/equality_saturation_eval/campaign_20260908/aten-aten_int8pack_mm_cpu-egglog-dbj_e6ul.json"", ""--disable-semantic-fallback""]","== match report for /home/arjaiswal/Polygeist/issues/aten_c_kernels/results/aten_int8pack_mm_cpu/debuf.mlir ==
  match          body#[0]  memset_zero_2D_f32
  no_match       body#1  ?
  total: 1 matched / 2 bodies
",0,[],0,0,0,0,/home/arjaiswal/Polygeist/issues/aten_c_kernels/results/aten_int8pack_mm_cpu/debuf.mlir,3376,8,2,1,509.1577246785164,1,69892,156.4154289662838,16,16,0,0,"[{""body_indices"": [0], ""symbol"": ""memset_zero_2D_f32""}]",1,0,0,0.0,24
aten,aten_int8pack_mm_cpu,/home/arjaiswal/Polygeist/issues/aten_c_kernels/results/aten_int8pack_mm_cpu/debuf.mlir,e2f2da795ff877f924e9334f51ffd1896af3de352fa098c934b933d20172a94a,syntactic,5,ok,0,764.7360749542713,0,"[""/usr/bin/python3"", ""/home/arjaiswal/Polygeist/scripts/correctness/kernel_match_rewrite.py"", ""/home/arjaiswal/Polygeist/issues/aten_c_kernels/results/aten_int8pack_mm_cpu/debuf.mlir"", ""--dry-run"", ""--matcher-mode"", ""syntactic"", ""--telemetry-json"", ""/home/arjaiswal/Polygeist/issues/equality_saturation_eval/campaign_20260908/aten-aten_int8pack_mm_cpu-syntactic-ojpl3p8a.json"", ""--disable-semantic-fallback""]","== match report for /home/arjaiswal/Polygeist/issues/aten_c_kernels/results/aten_int8pack_mm_cpu/debuf.mlir ==
  match          body#[0]  memset_zero_2D_f32
  no_match       body#1  ?
  total: 1 matched / 2 bodies
",0,[],0,0,0,0,/home/arjaiswal/Polygeist/issues/aten_c_kernels/results/aten_int8pack_mm_cpu/debuf.mlir,3376,0,2,1,325.9921483695507,1,65564,0.07241964340209961,0,16,0,0,"[{""body_indices"": [0], ""symbol"": ""memset_zero_2D_f32""}]",1,0,24,0.0,24
aten,aten_int_mm_out_cpu,/home/arjaiswal/Polygeist/issues/aten_c_kernels/results/aten_int_mm_out_cpu/debuf.mlir,6fb5c208e37d65ae9cea41d2b7b6c9fc43de6349684eaffdceb278ab499734d9,syntactic,1,ok,0,659.021656960249,0,"[""/usr/bin/python3"", ""/home/arjaiswal/Polygeist/scripts/correctness/kernel_match_rewrite.py"", ""/home/arjaiswal/Polygeist/issues/aten_c_kernels/results/aten_int_mm_out_cpu/debuf.mlir"", ""--dry-run"", ""--matcher-mode"", ""syntactic"", ""--telemetry-json"", ""/home/arjaiswal/Polygeist/issues/equality_saturation_eval/campaign_20260908/aten-aten_int_mm_out_cpu-syntactic-s3sj_1cl.json"", ""--disable-semantic-fallback""]","== match report for /home/arjaiswal/Polygeist/issues/aten_c_kernels/results/aten_int_mm_out_cpu/debuf.mlir ==
  match          body#[0, 1]  cublasGemmEx_i8_i32_tensor
  total: 1 matched / 1 bodies
",0,[],0,0,0,0,/home/arjaiswal/Polygeist/issues/aten_c_kernels/results/aten_int_mm_out_cpu/debuf.mlir,3093,0,2,2,257.9169496893883,0,64864,0.0,0,0,0,0,"[{""body_indices"": [0, 1], ""symbol"": ""cublasGemmEx_i8_i32_tensor""}]",1,0,0,0.0,0
aten,aten_int_mm_out_cpu,/home/arjaiswal/Polygeist/issues/aten_c_kernels/results/aten_int_mm_out_cpu/debuf.mlir,6fb5c208e37d65ae9cea41d2b7b6c9fc43de6349684eaffdceb278ab499734d9,egglog,1,ok,0,668.3898717164993,0,"[""/usr/bin/python3"", ""/home/arjaiswal/Polygeist/scripts/correctness/kernel_match_rewrite.py"", ""/home/arjaiswal/Polygeist/issues/aten_c_kernels/results/aten_int_mm_out_cpu/debuf.mlir"", ""--dry-run"", ""--matcher-mode"", ""egglog"", ""--telemetry-json"", ""/home/arjaiswal/Polygeist/issues/equality_saturation_eval/campaign_20260908/aten-aten_int_mm_out_cpu-egglog-_ous9p7b.json"", ""--disable-semantic-fallback""]","== match report for /home/arjaiswal/Polygeist/issues/aten_c_kernels/results/aten_int_mm_out_cpu/debuf.mlir ==
  match          body#[0, 1]  cublasGemmEx_i8_i32_tensor
  total: 1 matched / 1 bodies
",0,[],0,0,0,0,/home/arjaiswal/Polygeist/issues/aten_c_kernels/results/aten_int_mm_out_cpu/debuf.mlir,3093,8,2,2,262.4695859849453,0,64608,0.0,0,0,0,0,"[{""body_indices"": [0, 1], ""symbol"": ""cublasGemmEx_i8_i32_tensor""}]",1,0,0,0.0,0
aten,aten_int_mm_out_cpu,/home/arjaiswal/Polygeist/issues/aten_c_kernels/results/aten_int_mm_out_cpu/debuf.mlir,6fb5c208e37d65ae9cea41d2b7b6c9fc43de6349684eaffdceb278ab499734d9,egglog,2,ok,0,683.6335435509682,0,"[""/usr/bin/python3"", ""/home/arjaiswal/Polygeist/scripts/correctness/kernel_match_rewrite.py"", ""/home/arjaiswal/Polygeist/issues/aten_c_kernels/results/aten_int_mm_out_cpu/debuf.mlir"", ""--dry-run"", ""--matcher-mode"", ""egglog"", ""--telemetry-json"", ""/home/arjaiswal/Polygeist/issues/equality_saturation_eval/campaign_20260908/aten-aten_int_mm_out_cpu-egglog-_xw_7x06.json"", ""--disable-semantic-fallback""]","== match report for /home/arjaiswal/Polygeist/issues/aten_c_kernels/results/aten_int_mm_out_cpu/debuf.mlir ==
  match          body#[0, 1]  cublasGemmEx_i8_i32_tensor
  total: 1 matched / 1 bodies
",0,[],0,0,0,0,/home/arjaiswal/Polygeist/issues/aten_c_kernels/results/aten_int_mm_out_cpu/debuf.mlir,3093,8,2,2,280.4422453045845,0,64724,0.0,0,0,0,0,"[{""body_indices"": [0, 1], ""symbol"": ""cublasGemmEx_i8_i32_tensor""}]",1,0,0,0.0,0
aten,aten_int_mm_out_cpu,/home/arjaiswal/Polygeist/issues/aten_c_kernels/results/aten_int_mm_out_cpu/debuf.mlir,6fb5c208e37d65ae9cea41d2b7b6c9fc43de6349684eaffdceb278ab499734d9,syntactic,2,ok,0,677.011139690876,0,"[""/usr/bin/python3"", ""/home/arjaiswal/Polygeist/scripts/correctness/kernel_match_rewrite.py"", ""/home/arjaiswal/Polygeist/issues/aten_c_kernels/results/aten_int_mm_out_cpu/debuf.mlir"", ""--dry-run"", ""--matcher-mode"", ""syntactic"", ""--telemetry-json"", ""/home/arjaiswal/Polygeist/issues/equality_saturation_eval/campaign_20260908/aten-aten_int_mm_out_cpu-syntactic-ox3wdhij.json"", ""--disable-semantic-fallback""]","== match report for /home/arjaiswal/Polygeist/issues/aten_c_kernels/results/aten_int_mm_out_cpu/debuf.mlir ==
  match          body#[0, 1]  cublasGemmEx_i8_i32_tensor
  total: 1 matched / 1 bodies
",0,[],0,0,0,0,/home/arjaiswal/Polygeist/issues/aten_c_kernels/results/aten_int_mm_out_cpu/debuf.mlir,3093,0,2,2,253.7567764520645,0,64620,0.0,0,0,0,0,"[{""body_indices"": [0, 1], ""symbol"": ""cublasGemmEx_i8_i32_tensor""}]",1,0,0,0.0,0
aten,aten_int_mm_out_cpu,/home/arjaiswal/Polygeist/issues/aten_c_kernels/results/aten_int_mm_out_cpu/debuf.mlir,6fb5c208e37d65ae9cea41d2b7b6c9fc43de6349684eaffdceb278ab499734d9,syntactic,3,ok,0,688.0335956811905,0,"[""/usr/bin/python3"", ""/home/arjaiswal/Polygeist/scripts/correctness/kernel_match_rewrite.py"", ""/home/arjaiswal/Polygeist/issues/aten_c_kernels/results/aten_int_mm_out_cpu/debuf.mlir"", ""--dry-run"", ""--matcher-mode"", ""syntactic"", ""--telemetry-json"", ""/home/arjaiswal/Polygeist/issues/equality_saturation_eval/campaign_20260908/aten-aten_int_mm_out_cpu-syntactic-1z3aqrgu.json"", ""--disable-semantic-fallback""]","== match report for /home/arjaiswal/Polygeist/issues/aten_c_kernels/results/aten_int_mm_out_cpu/debuf.mlir ==
  match          body#[0, 1]  cublasGemmEx_i8_i32_tensor
  total: 1 matched / 1 bodies
",0,[],0,0,0,0,/home/arjaiswal/Polygeist/issues/aten_c_kernels/results/aten_int_mm_out_cpu/debuf.mlir,3093,0,2,2,267.20890402793884,0,64892,0.0,0,0,0,0,"[{""body_indices"": [0, 1], ""symbol"": ""cublasGemmEx_i8_i32_tensor""}]",1,0,0,0.0,0
aten,aten_int_mm_out_cpu,/home/arjaiswal/Polygeist/issues/aten_c_kernels/results/aten_int_mm_out_cpu/debuf.mlir,6fb5c208e37d65ae9cea41d2b7b6c9fc43de6349684eaffdceb278ab499734d9,egglog,3,ok,0,726.0007634758949,0,"[""/usr/bin/python3"", ""/home/arjaiswal/Polygeist/scripts/correctness/kernel_match_rewrite.py"", ""/home/arjaiswal/Polygeist/issues/aten_c_kernels/results/aten_int_mm_out_cpu/debuf.mlir"", ""--dry-run"", ""--matcher-mode"", ""egglog"", ""--telemetry-json"", ""/home/arjaiswal/Polygeist/issues/equality_saturation_eval/campaign_20260908/aten-aten_int_mm_out_cpu-egglog-643t03y_.json"", ""--disable-semantic-fallback""]","== match report for /home/arjaiswal/Polygeist/issues/aten_c_kernels/results/aten_int_mm_out_cpu/debuf.mlir ==
  match          body#[0, 1]  cublasGemmEx_i8_i32_tensor
  total: 1 matched / 1 bodies
",0,[],0,0,0,0,/home/arjaiswal/Polygeist/issues/aten_c_kernels/results/aten_int_mm_out_cpu/debuf.mlir,3093,8,2,2,279.0544666349888,0,64512,0.0,0,0,0,0,"[{""body_indices"": [0, 1], ""symbol"": ""cublasGemmEx_i8_i32_tensor""}]",1,0,0,0.0,0
aten,aten_int_mm_out_cpu,/home/arjaiswal/Polygeist/issues/aten_c_kernels/results/aten_int_mm_out_cpu/debuf.mlir,6fb5c208e37d65ae9cea41d2b7b6c9fc43de6349684eaffdceb278ab499734d9,egglog,4,ok,0,669.9566431343555,0,"[""/usr/bin/python3"", ""/home/arjaiswal/Polygeist/scripts/correctness/kernel_match_rewrite.py"", ""/home/arjaiswal/Polygeist/issues/aten_c_kernels/results/aten_int_mm_out_cpu/debuf.mlir"", ""--dry-run"", ""--matcher-mode"", ""egglog"", ""--telemetry-json"", ""/home/arjaiswal/Polygeist/issues/equality_saturation_eval/campaign_20260908/aten-aten_int_mm_out_cpu-egglog-wh621v_s.json"", ""--disable-semantic-fallback""]","== match report for /home/arjaiswal/Polygeist/issues/aten_c_kernels/results/aten_int_mm_out_cpu/debuf.mlir ==
  match          body#[0, 1]  cublasGemmEx_i8_i32_tensor
  total: 1 matched / 1 bodies
",0,[],0,0,0,0,/home/arjaiswal/Polygeist/issues/aten_c_kernels/results/aten_int_mm_out_cpu/debuf.mlir,3093,8,2,2,262.97396793961525,0,64672,0.0,0,0,0,0,"[{""body_indices"": [0, 1], ""symbol"": ""cublasGemmEx_i8_i32_tensor""}]",1,0,0,0.0,0
aten,aten_int_mm_out_cpu,/home/arjaiswal/Polygeist/issues/aten_c_kernels/results/aten_int_mm_out_cpu/debuf.mlir,6fb5c208e37d65ae9cea41d2b7b6c9fc43de6349684eaffdceb278ab499734d9,syntactic,4,ok,0,675.8507899940014,0,"[""/usr/bin/python3"", ""/home/arjaiswal/Polygeist/scripts/correctness/kernel_match_rewrite.py"", ""/home/arjaiswal/Polygeist/issues/aten_c_kernels/results/aten_int_mm_out_cpu/debuf.mlir"", ""--dry-run"", ""--matcher-mode"", ""syntactic"", ""--telemetry-json"", ""/home/arjaiswal/Polygeist/issues/equality_saturation_eval/campaign_20260908/aten-aten_int_mm_out_cpu-syntactic-rcb2q3_9.json"", ""--disable-semantic-fallback""]","== match report for /home/arjaiswal/Polygeist/issues/aten_c_kernels/results/aten_int_mm_out_cpu/debuf.mlir ==
  match          body#[0, 1]  cublasGemmEx_i8_i32_tensor
  total: 1 matched / 1 bodies
",0,[],0,0,0,0,/home/arjaiswal/Polygeist/issues/aten_c_kernels/results/aten_int_mm_out_cpu/debuf.mlir,3093,0,2,2,257.39192217588425,0,64544,0.0,0,0,0,0,"[{""body_indices"": [0, 1], ""symbol"": ""cublasGemmEx_i8_i32_tensor""}]",1,0,0,0.0,0
aten,aten_int_mm_out_cpu,/home/arjaiswal/Polygeist/issues/aten_c_kernels/results/aten_int_mm_out_cpu/debuf.mlir,6fb5c208e37d65ae9cea41d2b7b6c9fc43de6349684eaffdceb278ab499734d9,syntactic,5,ok,0,705.4559960961342,0,"[""/usr/bin/python3"", ""/home/arjaiswal/Polygeist/scripts/correctness/kernel_match_rewrite.py"", ""/home/arjaiswal/Polygeist/issues/aten_c_kernels/results/aten_int_mm_out_cpu/debuf.mlir"", ""--dry-run"", ""--matcher-mode"", ""syntactic"", ""--telemetry-json"", ""/home/arjaiswal/Polygeist/issues/equality_saturation_eval/campaign_20260908/aten-aten_int_mm_out_cpu-syntactic-nfbkvwbx.json"", ""--disable-semantic-fallback""]","== match report for /home/arjaiswal/Polygeist/issues/aten_c_kernels/results/aten_int_mm_out_cpu/debuf.mlir ==
  match          body#[0, 1]  cublasGemmEx_i8_i32_tensor
  total: 1 matched / 1 bodies
",0,[],0,0,0,0,/home/arjaiswal/Polygeist/issues/aten_c_kernels/results/aten_int_mm_out_cpu/debuf.mlir,3093,0,2,2,272.57657796144485,0,64768,0.0,0,0,0,0,"[{""body_indices"": [0, 1], ""symbol"": ""cublasGemmEx_i8_i32_tensor""}]",1,0,0,0.0,0
aten,aten_int_mm_out_cpu,/home/arjaiswal/Polygeist/issues/aten_c_kernels/results/aten_int_mm_out_cpu/debuf.mlir,6fb5c208e37d65ae9cea41d2b7b6c9fc43de6349684eaffdceb278ab499734d9,egglog,5,ok,0,684.7714520990849,0,"[""/usr/bin/python3"", ""/home/arjaiswal/Polygeist/scripts/correctness/kernel_match_rewrite.py"", ""/home/arjaiswal/Polygeist/issues/aten_c_kernels/results/aten_int_mm_out_cpu/debuf.mlir"", ""--dry-run"", ""--matcher-mode"", ""egglog"", ""--telemetry-json"", ""/home/arjaiswal/Polygeist/issues/equality_saturation_eval/campaign_20260908/aten-aten_int_mm_out_cpu-egglog-3tdhpvzh.json"", ""--disable-semantic-fallback""]","== match report for /home/arjaiswal/Polygeist/issues/aten_c_kernels/results/aten_int_mm_out_cpu/debuf.mlir ==
  match          body#[0, 1]  cublasGemmEx_i8_i32_tensor
  total: 1 matched / 1 bodies
",0,[],0,0,0,0,/home/arjaiswal/Polygeist/issues/aten_c_kernels/results/aten_int_mm_out_cpu/debuf.mlir,3093,8,2,2,263.1576806306839,0,64848,0.0,0,0,0,0,"[{""body_indices"": [0, 1], ""symbol"": ""cublasGemmEx_i8_i32_tensor""}]",1,0,0,0.0,0
aten,aten_isin_default_cpu,/home/arjaiswal/Polygeist/issues/aten_c_kernels/results/aten_isin_default_cpu/debuf.mlir,c8201cf1a51176c5ea59e98e151bd81a4d23a66a78b053b43173214f4b42d244,egglog,1,ok,0,761.9789615273476,0,"[""/usr/bin/python3"", ""/home/arjaiswal/Polygeist/scripts/correctness/kernel_match_rewrite.py"", ""/home/arjaiswal/Polygeist/issues/aten_c_kernels/results/aten_isin_default_cpu/debuf.mlir"", ""--dry-run"", ""--matcher-mode"", ""egglog"", ""--telemetry-json"", ""/home/arjaiswal/Polygeist/issues/equality_saturation_eval/campaign_20260908/aten-aten_isin_default_cpu-egglog-o12r_7nt.json"", ""--disable-semantic-fallback""]","== match report for /home/arjaiswal/Polygeist/issues/aten_c_kernels/results/aten_isin_default_cpu/debuf.mlir ==
  rank_or_dtype_reject body#0  memset_zero_1D
  no_match       body#1  ?
  rank_or_dtype_reject body#2  cublasDcopy_tensor
  total: 0 matched / 3 bodies
",0,[],0,0,0,0,/home/arjaiswal/Polygeist/issues/aten_c_kernels/results/aten_isin_default_cpu/debuf.mlir,3164,8,3,0,329.43205535411835,1,69448,39.12530094385147,4,4,0,0,[],0,0,0,0.0,8
aten,aten_isin_default_cpu,/home/arjaiswal/Polygeist/issues/aten_c_kernels/results/aten_isin_default_cpu/debuf.mlir,c8201cf1a51176c5ea59e98e151bd81a4d23a66a78b053b43173214f4b42d244,syntactic,1,ok,0,716.4509817957878,0,"[""/usr/bin/python3"", ""/home/arjaiswal/Polygeist/scripts/correctness/kernel_match_rewrite.py"", ""/home/arjaiswal/Polygeist/issues/aten_c_kernels/results/aten_isin_default_cpu/debuf.mlir"", ""--dry-run"", ""--matcher-mode"", ""syntactic"", ""--telemetry-json"", ""/home/arjaiswal/Polygeist/issues/equality_saturation_eval/campaign_20260908/aten-aten_isin_default_cpu-syntactic-1_zh95mr.json"", ""--disable-semantic-fallback""]","== match report for /home/arjaiswal/Polygeist/issues/aten_c_kernels/results/aten_isin_default_cpu/debuf.mlir ==
  rank_or_dtype_reject body#0  memset_zero_1D
  no_match       body#1  ?
  rank_or_dtype_reject body#2  cublasDcopy_tensor
  total: 0 matched / 3 bodies
",0,[],0,0,0,0,/home/arjaiswal/Polygeist/issues/aten_c_kernels/results/aten_isin_default_cpu/debuf.mlir,3164,0,3,0,302.56278440356255,1,65712,0.0288449227809906,0,4,0,0,[],0,0,8,0.0,8
aten,aten_isin_default_cpu,/home/arjaiswal/Polygeist/issues/aten_c_kernels/results/aten_isin_default_cpu/debuf.mlir,c8201cf1a51176c5ea59e98e151bd81a4d23a66a78b053b43173214f4b42d244,syntactic,2,ok,0,719.5213288068771,0,"[""/usr/bin/python3"", ""/home/arjaiswal/Polygeist/scripts/correctness/kernel_match_rewrite.py"", ""/home/arjaiswal/Polygeist/issues/aten_c_kernels/results/aten_isin_default_cpu/debuf.mlir"", ""--dry-run"", ""--matcher-mode"", ""syntactic"", ""--telemetry-json"", ""/home/arjaiswal/Polygeist/issues/equality_saturation_eval/campaign_20260908/aten-aten_isin_default_cpu-syntactic-xvfjl3ad.json"", ""--disable-semantic-fallback""]","== match report for /home/arjaiswal/Polygeist/issues/aten_c_kernels/results/aten_isin_default_cpu/debuf.mlir ==
  rank_or_dtype_reject body#0  memset_zero_1D
  no_match       body#1  ?
  rank_or_dtype_reject body#2  cublasDcopy_tensor
  total: 0 matched / 3 bodies
",0,[],0,0,0,0,/home/arjaiswal/Polygeist/issues/aten_c_kernels/results/aten_isin_default_cpu/debuf.mlir,3164,0,3,0,298.6906133592129,1,65592,0.029727816581726074,0,4,0,0,[],0,0,8,0.0,8
aten,aten_isin_default_cpu,/home/arjaiswal/Polygeist/issues/aten_c_kernels/results/aten_isin_default_cpu/debuf.mlir,c8201cf1a51176c5ea59e98e151bd81a4d23a66a78b053b43173214f4b42d244,egglog,2,ok,0,761.5899294614792,0,"[""/usr/bin/python3"", ""/home/arjaiswal/Polygeist/scripts/correctness/kernel_match_rewrite.py"", ""/home/arjaiswal/Polygeist/issues/aten_c_kernels/results/aten_isin_default_cpu/debuf.mlir"", ""--dry-run"", ""--matcher-mode"", ""egglog"", ""--telemetry-json"", ""/home/arjaiswal/Polygeist/issues/equality_saturation_eval/campaign_20260908/aten-aten_isin_default_cpu-egglog-j_x28uuq.json"", ""--disable-semantic-fallback""]","== match report for /home/arjaiswal/Polygeist/issues/aten_c_kernels/results/aten_isin_default_cpu/debuf.mlir ==
  rank_or_dtype_reject body#0  memset_zero_1D
  no_match       body#1  ?
  rank_or_dtype_reject body#2  cublasDcopy_tensor
  total: 0 matched / 3 bodies
",0,[],0,0,0,0,/home/arjaiswal/Polygeist/issues/aten_c_kernels/results/aten_isin_default_cpu/debuf.mlir,3164,8,3,0,334.17858928442,1,69260,44.079095125198364,4,4,0,0,[],0,0,0,0.0,8
aten,aten_isin_default_cpu,/home/arjaiswal/Polygeist/issues/aten_c_kernels/results/aten_isin_default_cpu/debuf.mlir,c8201cf1a51176c5ea59e98e151bd81a4d23a66a78b053b43173214f4b42d244,egglog,3,ok,0,737.0226718485355,0,"[""/usr/bin/python3"", ""/home/arjaiswal/Polygeist/scripts/correctness/kernel_match_rewrite.py"", ""/home/arjaiswal/Polygeist/issues/aten_c_kernels/results/aten_isin_default_cpu/debuf.mlir"", ""--dry-run"", ""--matcher-mode"", ""egglog"", ""--telemetry-json"", ""/home/arjaiswal/Polygeist/issues/equality_saturation_eval/campaign_20260908/aten-aten_isin_default_cpu-egglog-jur0l78h.json"", ""--disable-semantic-fallback""]","== match report for /home/arjaiswal/Polygeist/issues/aten_c_kernels/results/aten_isin_default_cpu/debuf.mlir ==
  rank_or_dtype_reject body#0  memset_zero_1D
  no_match       body#1  ?
  rank_or_dtype_reject body#2  cublasDcopy_tensor
  total: 0 matched / 3 bodies
",0,[],0,0,0,0,/home/arjaiswal/Polygeist/issues/aten_c_kernels/results/aten_isin_default_cpu/debuf.mlir,3164,8,3,0,324.5212398469448,1,69444,38.596611469984055,4,4,0,0,[],0,0,0,0.0,8
aten,aten_isin_default_cpu,/home/arjaiswal/Polygeist/issues/aten_c_kernels/results/aten_isin_default_cpu/debuf.mlir,c8201cf1a51176c5ea59e98e151bd81a4d23a66a78b053b43173214f4b42d244,syntactic,3,ok,0,714.1611836850643,0,"[""/usr/bin/python3"", ""/home/arjaiswal/Polygeist/scripts/correctness/kernel_match_rewrite.py"", ""/home/arjaiswal/Polygeist/issues/aten_c_kernels/results/aten_isin_default_cpu/debuf.mlir"", ""--dry-run"", ""--matcher-mode"", ""syntactic"", ""--telemetry-json"", ""/home/arjaiswal/Polygeist/issues/equality_saturation_eval/campaign_20260908/aten-aten_isin_default_cpu-syntactic-ho_lqs3d.json"", ""--disable-semantic-fallback""]","== match report for /home/arjaiswal/Polygeist/issues/aten_c_kernels/results/aten_isin_default_cpu/debuf.mlir ==
  rank_or_dtype_reject body#0  memset_zero_1D
  no_match       body#1  ?
  rank_or_dtype_reject body#2  cublasDcopy_tensor
  total: 0 matched / 3 bodies
",0,[],0,0,0,0,/home/arjaiswal/Polygeist/issues/aten_c_kernels/results/aten_isin_default_cpu/debuf.mlir,3164,0,3,0,285.7520803809166,1,65736,0.027276575565338135,0,4,0,0,[],0,0,8,0.0,8
aten,aten_isin_default_cpu,/home/arjaiswal/Polygeist/issues/aten_c_kernels/results/aten_isin_default_cpu/debuf.mlir,c8201cf1a51176c5ea59e98e151bd81a4d23a66a78b053b43173214f4b42d244,syntactic,4,ok,0,706.2323428690434,0,"[""/usr/bin/python3"", ""/home/arjaiswal/Polygeist/scripts/correctness/kernel_match_rewrite.py"", ""/home/arjaiswal/Polygeist/issues/aten_c_kernels/results/aten_isin_default_cpu/debuf.mlir"", ""--dry-run"", ""--matcher-mode"", ""syntactic"", ""--telemetry-json"", ""/home/arjaiswal/Polygeist/issues/equality_saturation_eval/campaign_20260908/aten-aten_isin_default_cpu-syntactic-0f1vx2i8.json"", ""--disable-semantic-fallback""]","== match report for /home/arjaiswal/Polygeist/issues/aten_c_kernels/results/aten_isin_default_cpu/debuf.mlir ==
  rank_or_dtype_reject body#0  memset_zero_1D
  no_match       body#1  ?
  rank_or_dtype_reject body#2  cublasDcopy_tensor
  total: 0 matched / 3 bodies
",0,[],0,0,0,0,/home/arjaiswal/Polygeist/issues/aten_c_kernels/results/aten_isin_default_cpu/debuf.mlir,3164,0,3,0,286.4246070384979,1,65660,0.026870518922805786,0,4,0,0,[],0,0,8,0.0,8
aten,aten_isin_default_cpu,/home/arjaiswal/Polygeist/issues/aten_c_kernels/results/aten_isin_default_cpu/debuf.mlir,c8201cf1a51176c5ea59e98e151bd81a4d23a66a78b053b43173214f4b42d244,egglog,4,ok,0,741.588681936264,0,"[""/usr/bin/python3"", ""/home/arjaiswal/Polygeist/scripts/correctness/kernel_match_rewrite.py"", ""/home/arjaiswal/Polygeist/issues/aten_c_kernels/results/aten_isin_default_cpu/debuf.mlir"", ""--dry-run"", ""--matcher-mode"", ""egglog"", ""--telemetry-json"", ""/home/arjaiswal/Polygeist/issues/equality_saturation_eval/campaign_20260908/aten-aten_isin_default_cpu-egglog-qp9s3ytq.json"", ""--disable-semantic-fallback""]","== match report for /home/arjaiswal/Polygeist/issues/aten_c_kernels/results/aten_isin_default_cpu/debuf.mlir ==
  rank_or_dtype_reject body#0  memset_zero_1D
  no_match       body#1  ?
  rank_or_dtype_reject body#2  cublasDcopy_tensor
  total: 0 matched / 3 bodies
",0,[],0,0,0,0,/home/arjaiswal/Polygeist/issues/aten_c_kernels/results/aten_isin_default_cpu/debuf.mlir,3164,8,3,0,332.2363756597042,1,69416,39.88127037882805,4,4,0,0,[],0,0,0,0.0,8
aten,aten_isin_default_cpu,/home/arjaiswal/Polygeist/issues/aten_c_kernels/results/aten_isin_default_cpu/debuf.mlir,c8201cf1a51176c5ea59e98e151bd81a4d23a66a78b053b43173214f4b42d244,egglog,5,ok,0,744.8983192443848,0,"[""/usr/bin/python3"", ""/home/arjaiswal/Polygeist/scripts/correctness/kernel_match_rewrite.py"", ""/home/arjaiswal/Polygeist/issues/aten_c_kernels/results/aten_isin_default_cpu/debuf.mlir"", ""--dry-run"", ""--matcher-mode"", ""egglog"", ""--telemetry-json"", ""/home/arjaiswal/Polygeist/issues/equality_saturation_eval/campaign_20260908/aten-aten_isin_default_cpu-egglog-4y_nrinb.json"", ""--disable-semantic-fallback""]","== match report for /home/arjaiswal/Polygeist/issues/aten_c_kernels/results/aten_isin_default_cpu/debuf.mlir ==
  rank_or_dtype_reject body#0  memset_zero_1D
  no_match       body#1  ?
  rank_or_dtype_reject body#2  cublasDcopy_tensor
  total: 0 matched / 3 bodies
",0,[],0,0,0,0,/home/arjaiswal/Polygeist/issues/aten_c_kernels/results/aten_isin_default_cpu/debuf.mlir,3164,8,3,0,330.83152398467064,1,69336,39.2209030687809,4,4,0,0,[],0,0,0,0.0,8
aten,aten_isin_default_cpu,/home/arjaiswal/Polygeist/issues/aten_c_kernels/results/aten_isin_default_cpu/debuf.mlir,c8201cf1a51176c5ea59e98e151bd81a4d23a66a78b053b43173214f4b42d244,syntactic,5,ok,0,730.8012135326862,0,"[""/usr/bin/python3"", ""/home/arjaiswal/Polygeist/scripts/correctness/kernel_match_rewrite.py"", ""/home/arjaiswal/Polygeist/issues/aten_c_kernels/results/aten_isin_default_cpu/debuf.mlir"", ""--dry-run"", ""--matcher-mode"", ""syntactic"", ""--telemetry-json"", ""/home/arjaiswal/Polygeist/issues/equality_saturation_eval/campaign_20260908/aten-aten_isin_default_cpu-syntactic-fke3z51t.json"", ""--disable-semantic-fallback""]","== match report for /home/arjaiswal/Polygeist/issues/aten_c_kernels/results/aten_isin_default_cpu/debuf.mlir ==
  rank_or_dtype_reject body#0  memset_zero_1D
  no_match       body#1  ?
  rank_or_dtype_reject body#2  cublasDcopy_tensor
  total: 0 matched / 3 bodies
",0,[],0,0,0,0,/home/arjaiswal/Polygeist/issues/aten_c_kernels/results/aten_isin_default_cpu/debuf.mlir,3164,0,3,0,302.5125078856945,1,65616,0.04058331251144409,0,4,0,0,[],0,0,8,0.0,8
aten,aten_isneginf,/home/arjaiswal/Polygeist/issues/aten_c_kernels/results/aten_isneginf/debuf.mlir,541f1a5f93aba244a4d8b0a632eda86ee280c95654dabb45b77be26682762c90,syntactic,1,ok,0,876.6869865357876,0,"[""/usr/bin/python3"", ""/home/arjaiswal/Polygeist/scripts/correctness/kernel_match_rewrite.py"", ""/home/arjaiswal/Polygeist/issues/aten_c_kernels/results/aten_isneginf/debuf.mlir"", ""--dry-run"", ""--matcher-mode"", ""syntactic"", ""--telemetry-json"", ""/home/arjaiswal/Polygeist/issues/equality_saturation_eval/campaign_20260908/aten-aten_isneginf-syntactic-uqnkn5z1.json"", ""--disable-semantic-fallback""]","== match report for /home/arjaiswal/Polygeist/issues/aten_c_kernels/results/aten_isneginf/debuf.mlir ==
  no_match       body#0  ?
  total: 0 matched / 1 bodies
",0,[],0,0,0,0,/home/arjaiswal/Polygeist/issues/aten_c_kernels/results/aten_isneginf/debuf.mlir,1898,0,1,0,453.94086092710495,1,65936,0.12378022074699402,0,0,0,0,[],0,0,56,0.0,56
aten,aten_isneginf,/home/arjaiswal/Polygeist/issues/aten_c_kernels/results/aten_isneginf/debuf.mlir,541f1a5f93aba244a4d8b0a632eda86ee280c95654dabb45b77be26682762c90,egglog,1,ok,0,891.447264701128,0,"[""/usr/bin/python3"", ""/home/arjaiswal/Polygeist/scripts/correctness/kernel_match_rewrite.py"", ""/home/arjaiswal/Polygeist/issues/aten_c_kernels/results/aten_isneginf/debuf.mlir"", ""--dry-run"", ""--matcher-mode"", ""egglog"", ""--telemetry-json"", ""/home/arjaiswal/Polygeist/issues/equality_saturation_eval/campaign_20260908/aten-aten_isneginf-egglog-0jztblm7.json"", ""--disable-semantic-fallback""]","== match report for /home/arjaiswal/Polygeist/issues/aten_c_kernels/results/aten_isneginf/debuf.mlir ==
  no_match       body#0  ?
  total: 0 matched / 1 bodies
",0,[],0,0,0,0,/home/arjaiswal/Polygeist/issues/aten_c_kernels/results/aten_isneginf/debuf.mlir,1898,8,1,0,465.84227681159973,1,65604,0.0,0,0,0,0,[],0,0,0,0.0,56
aten,aten_isneginf,/home/arjaiswal/Polygeist/issues/aten_c_kernels/results/aten_isneginf/debuf.mlir,541f1a5f93aba244a4d8b0a632eda86ee280c95654dabb45b77be26682762c90,egglog,2,ok,0,913.0580276250839,0,"[""/usr/bin/python3"", ""/home/arjaiswal/Polygeist/scripts/correctness/kernel_match_rewrite.py"", ""/home/arjaiswal/Polygeist/issues/aten_c_kernels/results/aten_isneginf/debuf.mlir"", ""--dry-run"", ""--matcher-mode"", ""egglog"", ""--telemetry-json"", ""/home/arjaiswal/Polygeist/issues/equality_saturation_eval/campaign_20260908/aten-aten_isneginf-egglog-6mi6nf9m.json"", ""--disable-semantic-fallback""]","== match report for /home/arjaiswal/Polygeist/issues/aten_c_kernels/results/aten_isneginf/debuf.mlir ==
  no_match       body#0  ?
  total: 0 matched / 1 bodies
",0,[],0,0,0,0,/home/arjaiswal/Polygeist/issues/aten_c_kernels/results/aten_isneginf/debuf.mlir,1898,8,1,0,477.1193489432335,1,65408,0.0,0,0,0,0,[],0,0,0,0.0,56
aten,aten_isneginf,/home/arjaiswal/Polygeist/issues/aten_c_kernels/results/aten_isneginf/debuf.mlir,541f1a5f93aba244a4d8b0a632eda86ee280c95654dabb45b77be26682762c90,syntactic,2,ok,0,947.335597127676,0,"[""/usr/bin/python3"", ""/home/arjaiswal/Polygeist/scripts/correctness/kernel_match_rewrite.py"", ""/home/arjaiswal/Polygeist/issues/aten_c_kernels/results/aten_isneginf/debuf.mlir"", ""--dry-run"", ""--matcher-mode"", ""syntactic"", ""--telemetry-json"", ""/home/arjaiswal/Polygeist/issues/equality_saturation_eval/campaign_20260908/aten-aten_isneginf-syntactic-72fnh_dn.json"", ""--disable-semantic-fallback""]","== match report for /home/arjaiswal/Polygeist/issues/aten_c_kernels/results/aten_isneginf/debuf.mlir ==
  no_match       body#0  ?
  total: 0 matched / 1 bodies
",0,[],0,0,0,0,/home/arjaiswal/Polygeist/issues/aten_c_kernels/results/aten_isneginf/debuf.mlir,1898,0,1,0,443.8043236732483,1,65912,0.11639297008514404,0,0,0,0,[],0,0,56,0.0,56
aten,aten_isneginf,/home/arjaiswal/Polygeist/issues/aten_c_kernels/results/aten_isneginf/debuf.mlir,541f1a5f93aba244a4d8b0a632eda86ee280c95654dabb45b77be26682762c90,syntactic,3,ok,0,874.4345866143703,0,"[""/usr/bin/python3"", ""/home/arjaiswal/Polygeist/scripts/correctness/kernel_match_rewrite.py"", ""/home/arjaiswal/Polygeist/issues/aten_c_kernels/results/aten_isneginf/debuf.mlir"", ""--dry-run"", ""--matcher-mode"", ""syntactic"", ""--telemetry-json"", ""/home/arjaiswal/Polygeist/issues/equality_saturation_eval/campaign_20260908/aten-aten_isneginf-syntactic-f6n4nklz.json"", ""--disable-semantic-fallback""]","== match report for /home/arjaiswal/Polygeist/issues/aten_c_kernels/results/aten_isneginf/debuf.mlir ==
  no_match       body#0  ?
  total: 0 matched / 1 bodies
",0,[],0,0,0,0,/home/arjaiswal/Polygeist/issues/aten_c_kernels/results/aten_isneginf/debuf.mlir,1898,0,1,0,447.9078873991966,1,65932,0.13016536831855774,0,0,0,0,[],0,0,56,0.0,56
aten,aten_isneginf,/home/arjaiswal/Polygeist/issues/aten_c_kernels/results/aten_isneginf/debuf.mlir,541f1a5f93aba244a4d8b0a632eda86ee280c95654dabb45b77be26682762c90,egglog,3,ok,0,900.1637175679207,0,"[""/usr/bin/python3"", ""/home/arjaiswal/Polygeist/scripts/correctness/kernel_match_rewrite.py"", ""/home/arjaiswal/Polygeist/issues/aten_c_kernels/results/aten_isneginf/debuf.mlir"", ""--dry-run"", ""--matcher-mode"", ""egglog"", ""--telemetry-json"", ""/home/arjaiswal/Polygeist/issues/equality_saturation_eval/campaign_20260908/aten-aten_isneginf-egglog-14or35ca.json"", ""--disable-semantic-fallback""]","== match report for /home/arjaiswal/Polygeist/issues/aten_c_kernels/results/aten_isneginf/debuf.mlir ==
  no_match       body#0  ?
  total: 0 matched / 1 bodies
",0,[],0,0,0,0,/home/arjaiswal/Polygeist/issues/aten_c_kernels/results/aten_isneginf/debuf.mlir,1898,8,1,0,454.78086918592453,1,65944,0.0,0,0,0,0,[],0,0,0,0.0,56
aten,aten_isneginf,/home/arjaiswal/Polygeist/issues/aten_c_kernels/results/aten_isneginf/debuf.mlir,541f1a5f93aba244a4d8b0a632eda86ee280c95654dabb45b77be26682762c90,egglog,4,ok,0,864.8058362305164,0,"[""/usr/bin/python3"", ""/home/arjaiswal/Polygeist/scripts/correctness/kernel_match_rewrite.py"", ""/home/arjaiswal/Polygeist/issues/aten_c_kernels/results/aten_isneginf/debuf.mlir"", ""--dry-run"", ""--matcher-mode"", ""egglog"", ""--telemetry-json"", ""/home/arjaiswal/Polygeist/issues/equality_saturation_eval/campaign_20260908/aten-aten_isneginf-egglog-fq6ieh1b.json"", ""--disable-semantic-fallback""]","== match report for /home/arjaiswal/Polygeist/issues/aten_c_kernels/results/aten_isneginf/debuf.mlir ==
  no_match       body#0  ?
  total: 0 matched / 1 bodies
",0,[],0,0,0,0,/home/arjaiswal/Polygeist/issues/aten_c_kernels/results/aten_isneginf/debuf.mlir,1898,8,1,0,451.4479972422123,1,66024,0.0,0,0,0,0,[],0,0,0,0.0,56
aten,aten_isneginf,/home/arjaiswal/Polygeist/issues/aten_c_kernels/results/aten_isneginf/debuf.mlir,541f1a5f93aba244a4d8b0a632eda86ee280c95654dabb45b77be26682762c90,syntactic,4,ok,0,913.1591804325581,0,"[""/usr/bin/python3"", ""/home/arjaiswal/Polygeist/scripts/correctness/kernel_match_rewrite.py"", ""/home/arjaiswal/Polygeist/issues/aten_c_kernels/results/aten_isneginf/debuf.mlir"", ""--dry-run"", ""--matcher-mode"", ""syntactic"", ""--telemetry-json"", ""/home/arjaiswal/Polygeist/issues/equality_saturation_eval/campaign_20260908/aten-aten_isneginf-syntactic-074yds0v.json"", ""--disable-semantic-fallback""]","== match report for /home/arjaiswal/Polygeist/issues/aten_c_kernels/results/aten_isneginf/debuf.mlir ==
  no_match       body#0  ?
  total: 0 matched / 1 bodies
",0,[],0,0,0,0,/home/arjaiswal/Polygeist/issues/aten_c_kernels/results/aten_isneginf/debuf.mlir,1898,0,1,0,463.58418464660645,1,66040,0.13921037316322327,0,0,0,0,[],0,0,56,0.0,56
aten,aten_isneginf,/home/arjaiswal/Polygeist/issues/aten_c_kernels/results/aten_isneginf/debuf.mlir,541f1a5f93aba244a4d8b0a632eda86ee280c95654dabb45b77be26682762c90,syntactic,5,ok,0,881.6388435661793,0,"[""/usr/bin/python3"", ""/home/arjaiswal/Polygeist/scripts/correctness/kernel_match_rewrite.py"", ""/home/arjaiswal/Polygeist/issues/aten_c_kernels/results/aten_isneginf/debuf.mlir"", ""--dry-run"", ""--matcher-mode"", ""syntactic"", ""--telemetry-json"", ""/home/arjaiswal/Polygeist/issues/equality_saturation_eval/campaign_20260908/aten-aten_isneginf-syntactic-6yc16r2n.json"", ""--disable-semantic-fallback""]","== match report for /home/arjaiswal/Polygeist/issues/aten_c_kernels/results/aten_isneginf/debuf.mlir ==
  no_match       body#0  ?
  total: 0 matched / 1 bodies
",0,[],0,0,0,0,/home/arjaiswal/Polygeist/issues/aten_c_kernels/results/aten_isneginf/debuf.mlir,1898,0,1,0,452.40235701203346,1,65796,0.12262538075447083,0,0,0,0,[],0,0,56,0.0,56
aten,aten_isneginf,/home/arjaiswal/Polygeist/issues/aten_c_kernels/results/aten_isneginf/debuf.mlir,541f1a5f93aba244a4d8b0a632eda86ee280c95654dabb45b77be26682762c90,egglog,5,ok,0,855.2072420716286,0,"[""/usr/bin/python3"", ""/home/arjaiswal/Polygeist/scripts/correctness/kernel_match_rewrite.py"", ""/home/arjaiswal/Polygeist/issues/aten_c_kernels/results/aten_isneginf/debuf.mlir"", ""--dry-run"", ""--matcher-mode"", ""egglog"", ""--telemetry-json"", ""/home/arjaiswal/Polygeist/issues/equality_saturation_eval/campaign_20260908/aten-aten_isneginf-egglog-dcdhbzpv.json"", ""--disable-semantic-fallback""]","== match report for /home/arjaiswal/Polygeist/issues/aten_c_kernels/results/aten_isneginf/debuf.mlir ==
  no_match       body#0  ?
  total: 0 matched / 1 bodies
",0,[],0,0,0,0,/home/arjaiswal/Polygeist/issues/aten_c_kernels/results/aten_isneginf/debuf.mlir,1898,8,1,0,446.931391954422,1,65860,0.0,0,0,0,0,[],0,0,0,0.0,56
aten,aten_isposinf,/home/arjaiswal/Polygeist/issues/aten_c_kernels/results/aten_isposinf/debuf.mlir,5e7cfb92a0efd59c77455d35b7b4870e8d4b27a34150d5700ca467126a6eff99,egglog,1,ok,0,857.7129729092121,0,"[""/usr/bin/python3"", ""/home/arjaiswal/Polygeist/scripts/correctness/kernel_match_rewrite.py"", ""/home/arjaiswal/Polygeist/issues/aten_c_kernels/results/aten_isposinf/debuf.mlir"", ""--dry-run"", ""--matcher-mode"", ""egglog"", ""--telemetry-json"", ""/home/arjaiswal/Polygeist/issues/equality_saturation_eval/campaign_20260908/aten-aten_isposinf-egglog-h0q63b_o.json"", ""--disable-semantic-fallback""]","== match report for /home/arjaiswal/Polygeist/issues/aten_c_kernels/results/aten_isposinf/debuf.mlir ==
  no_match       body#0  ?
  total: 0 matched / 1 bodies
",0,[],0,0,0,0,/home/arjaiswal/Polygeist/issues/aten_c_kernels/results/aten_isposinf/debuf.mlir,1869,8,1,0,442.64982640743256,1,65880,0.0,0,0,0,0,[],0,0,0,0.0,56
aten,aten_isposinf,/home/arjaiswal/Polygeist/issues/aten_c_kernels/results/aten_isposinf/debuf.mlir,5e7cfb92a0efd59c77455d35b7b4870e8d4b27a34150d5700ca467126a6eff99,syntactic,1,ok,0,837.0767161250114,0,"[""/usr/bin/python3"", ""/home/arjaiswal/Polygeist/scripts/correctness/kernel_match_rewrite.py"", ""/home/arjaiswal/Polygeist/issues/aten_c_kernels/results/aten_isposinf/debuf.mlir"", ""--dry-run"", ""--matcher-mode"", ""syntactic"", ""--telemetry-json"", ""/home/arjaiswal/Polygeist/issues/equality_saturation_eval/campaign_20260908/aten-aten_isposinf-syntactic-7_93a_7v.json"", ""--disable-semantic-fallback""]","== match report for /home/arjaiswal/Polygeist/issues/aten_c_kernels/results/aten_isposinf/debuf.mlir ==
  no_match       body#0  ?
  total: 0 matched / 1 bodies
",0,[],0,0,0,0,/home/arjaiswal/Polygeist/issues/aten_c_kernels/results/aten_isposinf/debuf.mlir,1869,0,1,0,430.12385442852974,1,65956,0.11995434761047363,0,0,0,0,[],0,0,56,0.0,56
aten,aten_isposinf,/home/arjaiswal/Polygeist/issues/aten_c_kernels/results/aten_isposinf/debuf.mlir,5e7cfb92a0efd59c77455d35b7b4870e8d4b27a34150d5700ca467126a6eff99,syntactic,2,ok,0,842.4812369048595,0,"[""/usr/bin/python3"", ""/home/arjaiswal/Polygeist/scripts/correctness/kernel_match_rewrite.py"", ""/home/arjaiswal/Polygeist/issues/aten_c_kernels/results/aten_isposinf/debuf.mlir"", ""--dry-run"", ""--matcher-mode"", ""syntactic"", ""--telemetry-json"", ""/home/arjaiswal/Polygeist/issues/equality_saturation_eval/campaign_20260908/aten-aten_isposinf-syntactic-pki7rnuf.json"", ""--disable-semantic-fallback""]","== match report for /home/arjaiswal/Polygeist/issues/aten_c_kernels/results/aten_isposinf/debuf.mlir ==
  no_match       body#0  ?
  total: 0 matched / 1 bodies
",0,[],0,0,0,0,/home/arjaiswal/Polygeist/issues/aten_c_kernels/results/aten_isposinf/debuf.mlir,1869,0,1,0,427.6632331311703,1,65872,0.11416897177696228,0,0,0,0,[],0,0,56,0.0,56
aten,aten_isposinf,/home/arjaiswal/Polygeist/issues/aten_c_kernels/results/aten_isposinf/debuf.mlir,5e7cfb92a0efd59c77455d35b7b4870e8d4b27a34150d5700ca467126a6eff99,egglog,2,ok,0,877.989836037159,0,"[""/usr/bin/python3"", ""/home/arjaiswal/Polygeist/scripts/correctness/kernel_match_rewrite.py"", ""/home/arjaiswal/Polygeist/issues/aten_c_kernels/results/aten_isposinf/debuf.mlir"", ""--dry-run"", ""--matcher-mode"", ""egglog"", ""--telemetry-json"", ""/home/arjaiswal/Polygeist/issues/equality_saturation_eval/campaign_20260908/aten-aten_isposinf-egglog-fs1fwyoj.json"", ""--disable-semantic-fallback""]","== match report for /home/arjaiswal/Polygeist/issues/aten_c_kernels/results/aten_isposinf/debuf.mlir ==
  no_match       body#0  ?
  total: 0 matched / 1 bodies
",0,[],0,0,0,0,/home/arjaiswal/Polygeist/issues/aten_c_kernels/results/aten_isposinf/debuf.mlir,1869,8,1,0,440.50830602645874,1,65736,0.0,0,0,0,0,[],0,0,0,0.0,56
aten,aten_isposinf,/home/arjaiswal/Polygeist/issues/aten_c_kernels/results/aten_isposinf/debuf.mlir,5e7cfb92a0efd59c77455d35b7b4870e8d4b27a34150d5700ca467126a6eff99,egglog,3,ok,0,925.6380796432495,0,"[""/usr/bin/python3"", ""/home/arjaiswal/Polygeist/scripts/correctness/kernel_match_rewrite.py"", ""/home/arjaiswal/Polygeist/issues/aten_c_kernels/results/aten_isposinf/debuf.mlir"", ""--dry-run"", ""--matcher-mode"", ""egglog"", ""--telemetry-json"", ""/home/arjaiswal/Polygeist/issues/equality_saturation_eval/campaign_20260908/aten-aten_isposinf-egglog-emopc_7h.json"", ""--disable-semantic-fallback""]","== match report for /home/arjaiswal/Polygeist/issues/aten_c_kernels/results/aten_isposinf/debuf.mlir ==
  no_match       body#0  ?
  total: 0 matched / 1 bodies
",0,[],0,0,0,0,/home/arjaiswal/Polygeist/issues/aten_c_kernels/results/aten_isposinf/debuf.mlir,1869,8,1,0,507.11819902062416,1,65888,0.0,0,0,0,0,[],0,0,0,0.0,56
aten,aten_isposinf,/home/arjaiswal/Polygeist/issues/aten_c_kernels/results/aten_isposinf/debuf.mlir,5e7cfb92a0efd59c77455d35b7b4870e8d4b27a34150d5700ca467126a6eff99,syntactic,3,ok,0,857.3359027504921,0,"[""/usr/bin/python3"", ""/home/arjaiswal/Polygeist/scripts/correctness/kernel_match_rewrite.py"", ""/home/arjaiswal/Polygeist/issues/aten_c_kernels/results/aten_isposinf/debuf.mlir"", ""--dry-run"", ""--matcher-mode"", ""syntactic"", ""--telemetry-json"", ""/home/arjaiswal/Polygeist/issues/equality_saturation_eval/campaign_20260908/aten-aten_isposinf-syntactic-w_wcb8ay.json"", ""--disable-semantic-fallback""]","== match report for /home/arjaiswal/Polygeist/issues/aten_c_kernels/results/aten_isposinf/debuf.mlir ==
  no_match       body#0  ?
  total: 0 matched / 1 bodies
",0,[],0,0,0,0,/home/arjaiswal/Polygeist/issues/aten_c_kernels/results/aten_isposinf/debuf.mlir,1869,0,1,0,437.2123293578625,1,65980,0.1308545470237732,0,0,0,0,[],0,0,56,0.0,56
aten,aten_isposinf,/home/arjaiswal/Polygeist/issues/aten_c_kernels/results/aten_isposinf/debuf.mlir,5e7cfb92a0efd59c77455d35b7b4870e8d4b27a34150d5700ca467126a6eff99,syntactic,4,ok,0,860.2223545312881,0,"[""/usr/bin/python3"", ""/home/arjaiswal/Polygeist/scripts/correctness/kernel_match_rewrite.py"", ""/home/arjaiswal/Polygeist/issues/aten_c_kernels/results/aten_isposinf/debuf.mlir"", ""--dry-run"", ""--matcher-mode"", ""syntactic"", ""--telemetry-json"", ""/home/arjaiswal/Polygeist/issues/equality_saturation_eval/campaign_20260908/aten-aten_isposinf-syntactic-g98y684l.json"", ""--disable-semantic-fallback""]","== match report for /home/arjaiswal/Polygeist/issues/aten_c_kernels/results/aten_isposinf/debuf.mlir ==
  no_match       body#0  ?
  total: 0 matched / 1 bodies
",0,[],0,0,0,0,/home/arjaiswal/Polygeist/issues/aten_c_kernels/results/aten_isposinf/debuf.mlir,1869,0,1,0,449.62310045957565,1,65732,0.12529268860816956,0,0,0,0,[],0,0,56,0.0,56
aten,aten_isposinf,/home/arjaiswal/Polygeist/issues/aten_c_kernels/results/aten_isposinf/debuf.mlir,5e7cfb92a0efd59c77455d35b7b4870e8d4b27a34150d5700ca467126a6eff99,egglog,4,ok,0,850.1149192452431,0,"[""/usr/bin/python3"", ""/home/arjaiswal/Polygeist/scripts/correctness/kernel_match_rewrite.py"", ""/home/arjaiswal/Polygeist/issues/aten_c_kernels/results/aten_isposinf/debuf.mlir"", ""--dry-run"", ""--matcher-mode"", ""egglog"", ""--telemetry-json"", ""/home/arjaiswal/Polygeist/issues/equality_saturation_eval/campaign_20260908/aten-aten_isposinf-egglog-jzbux6ox.json"", ""--disable-semantic-fallback""]","== match report for /home/arjaiswal/Polygeist/issues/aten_c_kernels/results/aten_isposinf/debuf.mlir ==
  no_match       body#0  ?
  total: 0 matched / 1 bodies
",0,[],0,0,0,0,/home/arjaiswal/Polygeist/issues/aten_c_kernels/results/aten_isposinf/debuf.mlir,1869,8,1,0,434.23212319612503,1,65736,0.0,0,0,0,0,[],0,0,0,0.0,56
aten,aten_isposinf,/home/arjaiswal/Polygeist/issues/aten_c_kernels/results/aten_isposinf/debuf.mlir,5e7cfb92a0efd59c77455d35b7b4870e8d4b27a34150d5700ca467126a6eff99,egglog,5,ok,0,841.2211164832115,0,"[""/usr/bin/python3"", ""/home/arjaiswal/Polygeist/scripts/correctness/kernel_match_rewrite.py"", ""/home/arjaiswal/Polygeist/issues/aten_c_kernels/results/aten_isposinf/debuf.mlir"", ""--dry-run"", ""--matcher-mode"", ""egglog"", ""--telemetry-json"", ""/home/arjaiswal/Polygeist/issues/equality_saturation_eval/campaign_20260908/aten-aten_isposinf-egglog-cg6fkah2.json"", ""--disable-semantic-fallback""]","== match report for /home/arjaiswal/Polygeist/issues/aten_c_kernels/results/aten_isposinf/debuf.mlir ==
  no_match       body#0  ?
  total: 0 matched / 1 bodies
",0,[],0,0,0,0,/home/arjaiswal/Polygeist/issues/aten_c_kernels/results/aten_isposinf/debuf.mlir,1869,8,1,0,437.1055141091347,1,65584,0.0,0,0,0,0,[],0,0,0,0.0,56
aten,aten_isposinf,/home/arjaiswal/Polygeist/issues/aten_c_kernels/results/aten_isposinf/debuf.mlir,5e7cfb92a0efd59c77455d35b7b4870e8d4b27a34150d5700ca467126a6eff99,syntactic,5,ok,0,875.3768242895603,0,"[""/usr/bin/python3"", ""/home/arjaiswal/Polygeist/scripts/correctness/kernel_match_rewrite.py"", ""/home/arjaiswal/Polygeist/issues/aten_c_kernels/results/aten_isposinf/debuf.mlir"", ""--dry-run"", ""--matcher-mode"", ""syntactic"", ""--telemetry-json"", ""/home/arjaiswal/Polygeist/issues/equality_saturation_eval/campaign_20260908/aten-aten_isposinf-syntactic-khwaptwp.json"", ""--disable-semantic-fallback""]","== match report for /home/arjaiswal/Polygeist/issues/aten_c_kernels/results/aten_isposinf/debuf.mlir ==
  no_match       body#0  ?
  total: 0 matched / 1 bodies
",0,[],0,0,0,0,/home/arjaiswal/Polygeist/issues/aten_c_kernels/results/aten_isposinf/debuf.mlir,1869,0,1,0,454.3936476111412,1,65916,0.13521313667297363,0,0,0,0,[],0,0,56,0.0,56
aten,aten_jagged_to_padded_cpu,/home/arjaiswal/Polygeist/issues/aten_c_kernels/results/aten_jagged_to_padded_cpu/debuf.mlir,ff0fd2961bb3c0d62323e2588548430f720fde6ba1be193afb267a9380718c8d,syntactic,1,ok,0,682.7570609748363,0,"[""/usr/bin/python3"", ""/home/arjaiswal/Polygeist/scripts/correctness/kernel_match_rewrite.py"", ""/home/arjaiswal/Polygeist/issues/aten_c_kernels/results/aten_jagged_to_padded_cpu/debuf.mlir"", ""--dry-run"", ""--matcher-mode"", ""syntactic"", ""--telemetry-json"", ""/home/arjaiswal/Polygeist/issues/equality_saturation_eval/campaign_20260908/aten-aten_jagged_to_padded_cpu-syntactic-waj2bexp.json"", ""--disable-semantic-fallback""]","== match report for /home/arjaiswal/Polygeist/issues/aten_c_kernels/results/aten_jagged_to_padded_cpu/debuf.mlir ==
  total: 0 matched / 0 bodies
",0,[],0,0,0,0,/home/arjaiswal/Polygeist/issues/aten_c_kernels/results/aten_jagged_to_padded_cpu/debuf.mlir,2471,0,0,0,250.31642988324165,0,64744,0.0,0,0,0,0,[],0,0,0,0.0,0
aten,aten_jagged_to_padded_cpu,/home/arjaiswal/Polygeist/issues/aten_c_kernels/results/aten_jagged_to_padded_cpu/debuf.mlir,ff0fd2961bb3c0d62323e2588548430f720fde6ba1be193afb267a9380718c8d,egglog,1,ok,0,662.272721529007,0,"[""/usr/bin/python3"", ""/home/arjaiswal/Polygeist/scripts/correctness/kernel_match_rewrite.py"", ""/home/arjaiswal/Polygeist/issues/aten_c_kernels/results/aten_jagged_to_padded_cpu/debuf.mlir"", ""--dry-run"", ""--matcher-mode"", ""egglog"", ""--telemetry-json"", ""/home/arjaiswal/Polygeist/issues/equality_saturation_eval/campaign_20260908/aten-aten_jagged_to_padded_cpu-egglog-aikncgwo.json"", ""--disable-semantic-fallback""]","== match report for /home/arjaiswal/Polygeist/issues/aten_c_kernels/results/aten_jagged_to_padded_cpu/debuf.mlir ==
  total: 0 matched / 0 bodies
",0,[],0,0,0,0,/home/arjaiswal/Polygeist/issues/aten_c_kernels/results/aten_jagged_to_padded_cpu/debuf.mlir,2471,8,0,0,254.5001395046711,0,64700,0.0,0,0,0,0,[],0,0,0,0.0,0
aten,aten_jagged_to_padded_cpu,/home/arjaiswal/Polygeist/issues/aten_c_kernels/results/aten_jagged_to_padded_cpu/debuf.mlir,ff0fd2961bb3c0d62323e2588548430f720fde6ba1be193afb267a9380718c8d,egglog,2,ok,0,688.1546415388584,0,"[""/usr/bin/python3"", ""/home/arjaiswal/Polygeist/scripts/correctness/kernel_match_rewrite.py"", ""/home/arjaiswal/Polygeist/issues/aten_c_kernels/results/aten_jagged_to_padded_cpu/debuf.mlir"", ""--dry-run"", ""--matcher-mode"", ""egglog"", ""--telemetry-json"", ""/home/arjaiswal/Polygeist/issues/equality_saturation_eval/campaign_20260908/aten-aten_jagged_to_padded_cpu-egglog-_fejxnlo.json"", ""--disable-semantic-fallback""]","== match report for /home/arjaiswal/Polygeist/issues/aten_c_kernels/results/aten_jagged_to_padded_cpu/debuf.mlir ==
  total: 0 matched / 0 bodies
",0,[],0,0,0,0,/home/arjaiswal/Polygeist/issues/aten_c_kernels/results/aten_jagged_to_padded_cpu/debuf.mlir,2471,8,0,0,275.88165178894997,0,64600,0.0,0,0,0,0,[],0,0,0,0.0,0
aten,aten_jagged_to_padded_cpu,/home/arjaiswal/Polygeist/issues/aten_c_kernels/results/aten_jagged_to_padded_cpu/debuf.mlir,ff0fd2961bb3c0d62323e2588548430f720fde6ba1be193afb267a9380718c8d,syntactic,2,ok,0,663.3960865437984,0,"[""/usr/bin/python3"", ""/home/arjaiswal/Polygeist/scripts/correctness/kernel_match_rewrite.py"", ""/home/arjaiswal/Polygeist/issues/aten_c_kernels/results/aten_jagged_to_padded_cpu/debuf.mlir"", ""--dry-run"", ""--matcher-mode"", ""syntactic"", ""--telemetry-json"", ""/home/arjaiswal/Polygeist/issues/equality_saturation_eval/campaign_20260908/aten-aten_jagged_to_padded_cpu-syntactic-bsvix0uc.json"", ""--disable-semantic-fallback""]","== match report for /home/arjaiswal/Polygeist/issues/aten_c_kernels/results/aten_jagged_to_padded_cpu/debuf.mlir ==
  total: 0 matched / 0 bodies
",0,[],0,0,0,0,/home/arjaiswal/Polygeist/issues/aten_c_kernels/results/aten_jagged_to_padded_cpu/debuf.mlir,2471,0,0,0,256.1725340783596,0,64816,0.0,0,0,0,0,[],0,0,0,0.0,0
aten,aten_jagged_to_padded_cpu,/home/arjaiswal/Polygeist/issues/aten_c_kernels/results/aten_jagged_to_padded_cpu/debuf.mlir,ff0fd2961bb3c0d62323e2588548430f720fde6ba1be193afb267a9380718c8d,syntactic,3,ok,0,667.3754192888737,0,"[""/usr/bin/python3"", ""/home/arjaiswal/Polygeist/scripts/correctness/kernel_match_rewrite.py"", ""/home/arjaiswal/Polygeist/issues/aten_c_kernels/results/aten_jagged_to_padded_cpu/debuf.mlir"", ""--dry-run"", ""--matcher-mode"", ""syntactic"", ""--telemetry-json"", ""/home/arjaiswal/Polygeist/issues/equality_saturation_eval/campaign_20260908/aten-aten_jagged_to_padded_cpu-syntactic-6jucpbtl.json"", ""--disable-semantic-fallback""]","== match report for /home/arjaiswal/Polygeist/issues/aten_c_kernels/results/aten_jagged_to_padded_cpu/debuf.mlir ==
  total: 0 matched / 0 bodies
",0,[],0,0,0,0,/home/arjaiswal/Polygeist/issues/aten_c_kernels/results/aten_jagged_to_padded_cpu/debuf.mlir,2471,0,0,0,263.00547644495964,0,64656,0.0,0,0,0,0,[],0,0,0,0.0,0
aten,aten_jagged_to_padded_cpu,/home/arjaiswal/Polygeist/issues/aten_c_kernels/results/aten_jagged_to_padded_cpu/debuf.mlir,ff0fd2961bb3c0d62323e2588548430f720fde6ba1be193afb267a9380718c8d,egglog,3,ok,0,671.3680997490883,0,"[""/usr/bin/python3"", ""/home/arjaiswal/Polygeist/scripts/correctness/kernel_match_rewrite.py"", ""/home/arjaiswal/Polygeist/issues/aten_c_kernels/results/aten_jagged_to_padded_cpu/debuf.mlir"", ""--dry-run"", ""--matcher-mode"", ""egglog"", ""--telemetry-json"", ""/home/arjaiswal/Polygeist/issues/equality_saturation_eval/campaign_20260908/aten-aten_jagged_to_padded_cpu-egglog-w9kjdppa.json"", ""--disable-semantic-fallback""]","== match report for /home/arjaiswal/Polygeist/issues/aten_c_kernels/results/aten_jagged_to_padded_cpu/debuf.mlir ==
  total: 0 matched / 0 bodies
",0,[],0,0,0,0,/home/arjaiswal/Polygeist/issues/aten_c_kernels/results/aten_jagged_to_padded_cpu/debuf.mlir,2471,8,0,0,262.3949833214283,0,64740,0.0,0,0,0,0,[],0,0,0,0.0,0
aten,aten_jagged_to_padded_cpu,/home/arjaiswal/Polygeist/issues/aten_c_kernels/results/aten_jagged_to_padded_cpu/debuf.mlir,ff0fd2961bb3c0d62323e2588548430f720fde6ba1be193afb267a9380718c8d,egglog,4,ok,0,665.5447520315647,0,"[""/usr/bin/python3"", ""/home/arjaiswal/Polygeist/scripts/correctness/kernel_match_rewrite.py"", ""/home/arjaiswal/Polygeist/issues/aten_c_kernels/results/aten_jagged_to_padded_cpu/debuf.mlir"", ""--dry-run"", ""--matcher-mode"", ""egglog"", ""--telemetry-json"", ""/home/arjaiswal/Polygeist/issues/equality_saturation_eval/campaign_20260908/aten-aten_jagged_to_padded_cpu-egglog-zaslu8ch.json"", ""--disable-semantic-fallback""]","== match report for /home/arjaiswal/Polygeist/issues/aten_c_kernels/results/aten_jagged_to_padded_cpu/debuf.mlir ==
  total: 0 matched / 0 bodies
",0,[],0,0,0,0,/home/arjaiswal/Polygeist/issues/aten_c_kernels/results/aten_jagged_to_padded_cpu/debuf.mlir,2471,8,0,0,255.31452521681786,0,64820,0.0,0,0,0,0,[],0,0,0,0.0,0
aten,aten_jagged_to_padded_cpu,/home/arjaiswal/Polygeist/issues/aten_c_kernels/results/aten_jagged_to_padded_cpu/debuf.mlir,ff0fd2961bb3c0d62323e2588548430f720fde6ba1be193afb267a9380718c8d,syntactic,4,ok,0,653.730895370245,0,"[""/usr/bin/python3"", ""/home/arjaiswal/Polygeist/scripts/correctness/kernel_match_rewrite.py"", ""/home/arjaiswal/Polygeist/issues/aten_c_kernels/results/aten_jagged_to_padded_cpu/debuf.mlir"", ""--dry-run"", ""--matcher-mode"", ""syntactic"", ""--telemetry-json"", ""/home/arjaiswal/Polygeist/issues/equality_saturation_eval/campaign_20260908/aten-aten_jagged_to_padded_cpu-syntactic-c9a88a5h.json"", ""--disable-semantic-fallback""]","== match report for /home/arjaiswal/Polygeist/issues/aten_c_kernels/results/aten_jagged_to_padded_cpu/debuf.mlir ==
  total: 0 matched / 0 bodies
",0,[],0,0,0,0,/home/arjaiswal/Polygeist/issues/aten_c_kernels/results/aten_jagged_to_padded_cpu/debuf.mlir,2471,0,0,0,250.95680356025696,0,64712,0.0,0,0,0,0,[],0,0,0,0.0,0
aten,aten_jagged_to_padded_cpu,/home/arjaiswal/Polygeist/issues/aten_c_kernels/results/aten_jagged_to_padded_cpu/debuf.mlir,ff0fd2961bb3c0d62323e2588548430f720fde6ba1be193afb267a9380718c8d,syntactic,5,ok,0,732.2273477911949,0,"[""/usr/bin/python3"", ""/home/arjaiswal/Polygeist/scripts/correctness/kernel_match_rewrite.py"", ""/home/arjaiswal/Polygeist/issues/aten_c_kernels/results/aten_jagged_to_padded_cpu/debuf.mlir"", ""--dry-run"", ""--matcher-mode"", ""syntactic"", ""--telemetry-json"", ""/home/arjaiswal/Polygeist/issues/equality_saturation_eval/campaign_20260908/aten-aten_jagged_to_padded_cpu-syntactic-q3crjj3j.json"", ""--disable-semantic-fallback""]","== match report for /home/arjaiswal/Polygeist/issues/aten_c_kernels/results/aten_jagged_to_padded_cpu/debuf.mlir ==
  total: 0 matched / 0 bodies
",0,[],0,0,0,0,/home/arjaiswal/Polygeist/issues/aten_c_kernels/results/aten_jagged_to_padded_cpu/debuf.mlir,2471,0,0,0,313.2201358675957,0,64800,0.0,0,0,0,0,[],0,0,0,0.0,0
aten,aten_jagged_to_padded_cpu,/home/arjaiswal/Polygeist/issues/aten_c_kernels/results/aten_jagged_to_padded_cpu/debuf.mlir,ff0fd2961bb3c0d62323e2588548430f720fde6ba1be193afb267a9380718c8d,egglog,5,ok,0,675.7578365504742,0,"[""/usr/bin/python3"", ""/home/arjaiswal/Polygeist/scripts/correctness/kernel_match_rewrite.py"", ""/home/arjaiswal/Polygeist/issues/aten_c_kernels/results/aten_jagged_to_padded_cpu/debuf.mlir"", ""--dry-run"", ""--matcher-mode"", ""egglog"", ""--telemetry-json"", ""/home/arjaiswal/Polygeist/issues/equality_saturation_eval/campaign_20260908/aten-aten_jagged_to_padded_cpu-egglog-ko3kgh7t.json"", ""--disable-semantic-fallback""]","== match report for /home/arjaiswal/Polygeist/issues/aten_c_kernels/results/aten_jagged_to_padded_cpu/debuf.mlir ==
  total: 0 matched / 0 bodies
",0,[],0,0,0,0,/home/arjaiswal/Polygeist/issues/aten_c_kernels/results/aten_jagged_to_padded_cpu/debuf.mlir,2471,8,0,0,258.2015134394169,0,64888,0.0,0,0,0,0,[],0,0,0,0.0,0
aten,aten_joint_scaling_cpu,/home/arjaiswal/Polygeist/issues/aten_c_kernels/results/aten_joint_scaling_cpu/debuf.mlir,e4b20815e81151684074dca4705cdbb53efa2647c9a918fa463421104f051203,egglog,1,ok,0,871.4516647160053,0,"[""/usr/bin/python3"", ""/home/arjaiswal/Polygeist/scripts/correctness/kernel_match_rewrite.py"", ""/home/arjaiswal/Polygeist/issues/aten_c_kernels/results/aten_joint_scaling_cpu/debuf.mlir"", ""--dry-run"", ""--matcher-mode"", ""egglog"", ""--telemetry-json"", ""/home/arjaiswal/Polygeist/issues/equality_saturation_eval/campaign_20260908/aten-aten_joint_scaling_cpu-egglog-d_1kqz8y.json"", ""--disable-semantic-fallback""]","== match report for /home/arjaiswal/Polygeist/issues/aten_c_kernels/results/aten_joint_scaling_cpu/debuf.mlir ==
  no_match       body#0  ?
  no_match       body#1  ?
  total: 0 matched / 2 bodies
",0,[],0,0,0,0,/home/arjaiswal/Polygeist/issues/aten_c_kernels/results/aten_joint_scaling_cpu/debuf.mlir,3038,8,2,0,427.78731882572174,2,66244,0.0,0,0,0,0,[],0,0,0,0.0,18
aten,aten_joint_scaling_cpu,/home/arjaiswal/Polygeist/issues/aten_c_kernels/results/aten_joint_scaling_cpu/debuf.mlir,e4b20815e81151684074dca4705cdbb53efa2647c9a918fa463421104f051203,syntactic,1,ok,0,828.3569179475307,0,"[""/usr/bin/python3"", ""/home/arjaiswal/Polygeist/scripts/correctness/kernel_match_rewrite.py"", ""/home/arjaiswal/Polygeist/issues/aten_c_kernels/results/aten_joint_scaling_cpu/debuf.mlir"", ""--dry-run"", ""--matcher-mode"", ""syntactic"", ""--telemetry-json"", ""/home/arjaiswal/Polygeist/issues/equality_saturation_eval/campaign_20260908/aten-aten_joint_scaling_cpu-syntactic-fq8qx7k7.json"", ""--disable-semantic-fallback""]","== match report for /home/arjaiswal/Polygeist/issues/aten_c_kernels/results/aten_joint_scaling_cpu/debuf.mlir ==
  no_match       body#0  ?
  no_match       body#1  ?
  total: 0 matched / 2 bodies
",0,[],0,0,0,0,/home/arjaiswal/Polygeist/issues/aten_c_kernels/results/aten_joint_scaling_cpu/debuf.mlir,3038,0,2,0,413.97635638713837,2,66152,0.09222328662872314,0,0,0,0,[],0,0,18,0.0,18
aten,aten_joint_scaling_cpu,/home/arjaiswal/Polygeist/issues/aten_c_kernels/results/aten_joint_scaling_cpu/debuf.mlir,e4b20815e81151684074dca4705cdbb53efa2647c9a918fa463421104f051203,syntactic,2,ok,0,904.0135890245438,0,"[""/usr/bin/python3"", ""/home/arjaiswal/Polygeist/scripts/correctness/kernel_match_rewrite.py"", ""/home/arjaiswal/Polygeist/issues/aten_c_kernels/results/aten_joint_scaling_cpu/debuf.mlir"", ""--dry-run"", ""--matcher-mode"", ""syntactic"", ""--telemetry-json"", ""/home/arjaiswal/Polygeist/issues/equality_saturation_eval/campaign_20260908/aten-aten_joint_scaling_cpu-syntactic-rgebq33p.json"", ""--disable-semantic-fallback""]","== match report for /home/arjaiswal/Polygeist/issues/aten_c_kernels/results/aten_joint_scaling_cpu/debuf.mlir ==
  no_match       body#0  ?
  no_match       body#1  ?
  total: 0 matched / 2 bodies
",0,[],0,0,0,0,/home/arjaiswal/Polygeist/issues/aten_c_kernels/results/aten_joint_scaling_cpu/debuf.mlir,3038,0,2,0,467.1189524233341,2,66292,0.0977925956249237,0,0,0,0,[],0,0,18,0.0,18
aten,aten_joint_scaling_cpu,/home/arjaiswal/Polygeist/issues/aten_c_kernels/results/aten_joint_scaling_cpu/debuf.mlir,e4b20815e81151684074dca4705cdbb53efa2647c9a918fa463421104f051203,egglog,2,ok,0,856.9747395813465,0,"[""/usr/bin/python3"", ""/home/arjaiswal/Polygeist/scripts/correctness/kernel_match_rewrite.py"", ""/home/arjaiswal/Polygeist/issues/aten_c_kernels/results/aten_joint_scaling_cpu/debuf.mlir"", ""--dry-run"", ""--matcher-mode"", ""egglog"", ""--telemetry-json"", ""/home/arjaiswal/Polygeist/issues/equality_saturation_eval/campaign_20260908/aten-aten_joint_scaling_cpu-egglog-ysueyvk0.json"", ""--disable-semantic-fallback""]","== match report for /home/arjaiswal/Polygeist/issues/aten_c_kernels/results/aten_joint_scaling_cpu/debuf.mlir ==
  no_match       body#0  ?
  no_match       body#1  ?
  total: 0 matched / 2 bodies
",0,[],0,0,0,0,/home/arjaiswal/Polygeist/issues/aten_c_kernels/results/aten_joint_scaling_cpu/debuf.mlir,3038,8,2,0,440.5193105340004,2,66080,0.0,0,0,0,0,[],0,0,0,0.0,18
aten,aten_joint_scaling_cpu,/home/arjaiswal/Polygeist/issues/aten_c_kernels/results/aten_joint_scaling_cpu/debuf.mlir,e4b20815e81151684074dca4705cdbb53efa2647c9a918fa463421104f051203,egglog,3,ok,0,883.3439275622368,0,"[""/usr/bin/python3"", ""/home/arjaiswal/Polygeist/scripts/correctness/kernel_match_rewrite.py"", ""/home/arjaiswal/Polygeist/issues/aten_c_kernels/results/aten_joint_scaling_cpu/debuf.mlir"", ""--dry-run"", ""--matcher-mode"", ""egglog"", ""--telemetry-json"", ""/home/arjaiswal/Polygeist/issues/equality_saturation_eval/campaign_20260908/aten-aten_joint_scaling_cpu-egglog-wvxhnfhs.json"", ""--disable-semantic-fallback""]","== match report for /home/arjaiswal/Polygeist/issues/aten_c_kernels/results/aten_joint_scaling_cpu/debuf.mlir ==
  no_match       body#0  ?
  no_match       body#1  ?
  total: 0 matched / 2 bodies
",0,[],0,0,0,0,/home/arjaiswal/Polygeist/issues/aten_c_kernels/results/aten_joint_scaling_cpu/debuf.mlir,3038,8,2,0,442.5981864333153,2,66148,0.0,0,0,0,0,[],0,0,0,0.0,18
aten,aten_joint_scaling_cpu,/home/arjaiswal/Polygeist/issues/aten_c_kernels/results/aten_joint_scaling_cpu/debuf.mlir,e4b20815e81151684074dca4705cdbb53efa2647c9a918fa463421104f051203,syntactic,3,ok,0,893.122922629118,0,"[""/usr/bin/python3"", ""/home/arjaiswal/Polygeist/scripts/correctness/kernel_match_rewrite.py"", ""/home/arjaiswal/Polygeist/issues/aten_c_kernels/results/aten_joint_scaling_cpu/debuf.mlir"", ""--dry-run"", ""--matcher-mode"", ""syntactic"", ""--telemetry-json"", ""/home/arjaiswal/Polygeist/issues/equality_saturation_eval/campaign_20260908/aten-aten_joint_scaling_cpu-syntactic-le84tbib.json"", ""--disable-semantic-fallback""]","== match report for /home/arjaiswal/Polygeist/issues/aten_c_kernels/results/aten_joint_scaling_cpu/debuf.mlir ==
  no_match       body#0  ?
  no_match       body#1  ?
  total: 0 matched / 2 bodies
",0,[],0,0,0,0,/home/arjaiswal/Polygeist/issues/aten_c_kernels/results/aten_joint_scaling_cpu/debuf.mlir,3038,0,2,0,446.4523307979107,2,66204,0.09273737668991089,0,0,0,0,[],0,0,18,0.0,18
aten,aten_joint_scaling_cpu,/home/arjaiswal/Polygeist/issues/aten_c_kernels/results/aten_joint_scaling_cpu/debuf.mlir,e4b20815e81151684074dca4705cdbb53efa2647c9a918fa463421104f051203,syntactic,4,ok,0,831.4962908625603,0,"[""/usr/bin/python3"", ""/home/arjaiswal/Polygeist/scripts/correctness/kernel_match_rewrite.py"", ""/home/arjaiswal/Polygeist/issues/aten_c_kernels/results/aten_joint_scaling_cpu/debuf.mlir"", ""--dry-run"", ""--matcher-mode"", ""syntactic"", ""--telemetry-json"", ""/home/arjaiswal/Polygeist/issues/equality_saturation_eval/campaign_20260908/aten-aten_joint_scaling_cpu-syntactic-klp9gspd.json"", ""--disable-semantic-fallback""]","== match report for /home/arjaiswal/Polygeist/issues/aten_c_kernels/results/aten_joint_scaling_cpu/debuf.mlir ==
  no_match       body#0  ?
  no_match       body#1  ?
  total: 0 matched / 2 bodies
",0,[],0,0,0,0,/home/arjaiswal/Polygeist/issues/aten_c_kernels/results/aten_joint_scaling_cpu/debuf.mlir,3038,0,2,0,417.3041507601738,2,66088,0.09397417306900024,0,0,0,0,[],0,0,18,0.0,18
aten,aten_joint_scaling_cpu,/home/arjaiswal/Polygeist/issues/aten_c_kernels/results/aten_joint_scaling_cpu/debuf.mlir,e4b20815e81151684074dca4705cdbb53efa2647c9a918fa463421104f051203,egglog,4,ok,0,841.2845507264137,0,"[""/usr/bin/python3"", ""/home/arjaiswal/Polygeist/scripts/correctness/kernel_match_rewrite.py"", ""/home/arjaiswal/Polygeist/issues/aten_c_kernels/results/aten_joint_scaling_cpu/debuf.mlir"", ""--dry-run"", ""--matcher-mode"", ""egglog"", ""--telemetry-json"", ""/home/arjaiswal/Polygeist/issues/equality_saturation_eval/campaign_20260908/aten-aten_joint_scaling_cpu-egglog-cc1i7yt9.json"", ""--disable-semantic-fallback""]","== match report for /home/arjaiswal/Polygeist/issues/aten_c_kernels/results/aten_joint_scaling_cpu/debuf.mlir ==
  no_match       body#0  ?
  no_match       body#1  ?
  total: 0 matched / 2 bodies
",0,[],0,0,0,0,/home/arjaiswal/Polygeist/issues/aten_c_kernels/results/aten_joint_scaling_cpu/debuf.mlir,3038,8,2,0,417.1587973833084,2,66124,0.0,0,0,0,0,[],0,0,0,0.0,18
aten,aten_joint_scaling_cpu,/home/arjaiswal/Polygeist/issues/aten_c_kernels/results/aten_joint_scaling_cpu/debuf.mlir,e4b20815e81151684074dca4705cdbb53efa2647c9a918fa463421104f051203,egglog,5,ok,0,842.0591466128826,0,"[""/usr/bin/python3"", ""/home/arjaiswal/Polygeist/scripts/correctness/kernel_match_rewrite.py"", ""/home/arjaiswal/Polygeist/issues/aten_c_kernels/results/aten_joint_scaling_cpu/debuf.mlir"", ""--dry-run"", ""--matcher-mode"", ""egglog"", ""--telemetry-json"", ""/home/arjaiswal/Polygeist/issues/equality_saturation_eval/campaign_20260908/aten-aten_joint_scaling_cpu-egglog-fy_qcai1.json"", ""--disable-semantic-fallback""]","== match report for /home/arjaiswal/Polygeist/issues/aten_c_kernels/results/aten_joint_scaling_cpu/debuf.mlir ==
  no_match       body#0  ?
  no_match       body#1  ?
  total: 0 matched / 2 bodies
",0,[],0,0,0,0,/home/arjaiswal/Polygeist/issues/aten_c_kernels/results/aten_joint_scaling_cpu/debuf.mlir,3038,8,2,0,429.6584874391556,2,66392,0.0,0,0,0,0,[],0,0,0,0.0,18
aten,aten_joint_scaling_cpu,/home/arjaiswal/Polygeist/issues/aten_c_kernels/results/aten_joint_scaling_cpu/debuf.mlir,e4b20815e81151684074dca4705cdbb53efa2647c9a918fa463421104f051203,syntactic,5,ok,0,809.3060180544853,0,"[""/usr/bin/python3"", ""/home/arjaiswal/Polygeist/scripts/correctness/kernel_match_rewrite.py"", ""/home/arjaiswal/Polygeist/issues/aten_c_kernels/results/aten_joint_scaling_cpu/debuf.mlir"", ""--dry-run"", ""--matcher-mode"", ""syntactic"", ""--telemetry-json"", ""/home/arjaiswal/Polygeist/issues/equality_saturation_eval/campaign_20260908/aten-aten_joint_scaling_cpu-syntactic-3y33jd8c.json"", ""--disable-semantic-fallback""]","== match report for /home/arjaiswal/Polygeist/issues/aten_c_kernels/results/aten_joint_scaling_cpu/debuf.mlir ==
  no_match       body#0  ?
  no_match       body#1  ?
  total: 0 matched / 2 bodies
",0,[],0,0,0,0,/home/arjaiswal/Polygeist/issues/aten_c_kernels/results/aten_joint_scaling_cpu/debuf.mlir,3038,0,2,0,403.70193123817444,2,66144,0.09458139538764954,0,0,0,0,[],0,0,18,0.0,18
aten,aten_kaiser_window,/home/arjaiswal/Polygeist/issues/aten_c_kernels/results/aten_kaiser_window/debuf.mlir,e3eb3f97b32f73099d00d2643092765b92b3578958ced231222de76787b3a9dc,syntactic,1,ok,0,797.4611818790436,0,"[""/usr/bin/python3"", ""/home/arjaiswal/Polygeist/scripts/correctness/kernel_match_rewrite.py"", ""/home/arjaiswal/Polygeist/issues/aten_c_kernels/results/aten_kaiser_window/debuf.mlir"", ""--dry-run"", ""--matcher-mode"", ""syntactic"", ""--telemetry-json"", ""/home/arjaiswal/Polygeist/issues/equality_saturation_eval/campaign_20260908/aten-aten_kaiser_window-syntactic-uo2g9r4x.json"", ""--disable-semantic-fallback""]","== match report for /home/arjaiswal/Polygeist/issues/aten_c_kernels/results/aten_kaiser_window/debuf.mlir ==
  no_match       body#0  ?
  total: 0 matched / 1 bodies
",0,[],0,0,0,0,/home/arjaiswal/Polygeist/issues/aten_c_kernels/results/aten_kaiser_window/debuf.mlir,1938,0,1,0,388.04128393530846,1,65860,0.13503804802894592,0,0,0,0,[],0,0,56,0.0,56
aten,aten_kaiser_window,/home/arjaiswal/Polygeist/issues/aten_c_kernels/results/aten_kaiser_window/debuf.mlir,e3eb3f97b32f73099d00d2643092765b92b3578958ced231222de76787b3a9dc,egglog,1,ok,0,823.6578553915024,0,"[""/usr/bin/python3"", ""/home/arjaiswal/Polygeist/scripts/correctness/kernel_match_rewrite.py"", ""/home/arjaiswal/Polygeist/issues/aten_c_kernels/results/aten_kaiser_window/debuf.mlir"", ""--dry-run"", ""--matcher-mode"", ""egglog"", ""--telemetry-json"", ""/home/arjaiswal/Polygeist/issues/equality_saturation_eval/campaign_20260908/aten-aten_kaiser_window-egglog-rj76bc7u.json"", ""--disable-semantic-fallback""]","== match report for /home/arjaiswal/Polygeist/issues/aten_c_kernels/results/aten_kaiser_window/debuf.mlir ==
  no_match       body#0  ?
  total: 0 matched / 1 bodies
",0,[],0,0,0,0,/home/arjaiswal/Polygeist/issues/aten_c_kernels/results/aten_kaiser_window/debuf.mlir,1938,8,1,0,401.60249546170235,1,65624,0.0,0,0,0,0,[],0,0,0,0.0,56
aten,aten_kaiser_window,/home/arjaiswal/Polygeist/issues/aten_c_kernels/results/aten_kaiser_window/debuf.mlir,e3eb3f97b32f73099d00d2643092765b92b3578958ced231222de76787b3a9dc,egglog,2,ok,0,822.796393185854,0,"[""/usr/bin/python3"", ""/home/arjaiswal/Polygeist/scripts/correctness/kernel_match_rewrite.py"", ""/home/arjaiswal/Polygeist/issues/aten_c_kernels/results/aten_kaiser_window/debuf.mlir"", ""--dry-run"", ""--matcher-mode"", ""egglog"", ""--telemetry-json"", ""/home/arjaiswal/Polygeist/issues/equality_saturation_eval/campaign_20260908/aten-aten_kaiser_window-egglog-rmk_ae7t.json"", ""--disable-semantic-fallback""]","== match report for /home/arjaiswal/Polygeist/issues/aten_c_kernels/results/aten_kaiser_window/debuf.mlir ==
  no_match       body#0  ?
  total: 0 matched / 1 bodies
",0,[],0,0,0,0,/home/arjaiswal/Polygeist/issues/aten_c_kernels/results/aten_kaiser_window/debuf.mlir,1938,8,1,0,410.331167280674,1,65672,0.0,0,0,0,0,[],0,0,0,0.0,56
aten,aten_kaiser_window,/home/arjaiswal/Polygeist/issues/aten_c_kernels/results/aten_kaiser_window/debuf.mlir,e3eb3f97b32f73099d00d2643092765b92b3578958ced231222de76787b3a9dc,syntactic,2,ok,0,816.8162070214748,0,"[""/usr/bin/python3"", ""/home/arjaiswal/Polygeist/scripts/correctness/kernel_match_rewrite.py"", ""/home/arjaiswal/Polygeist/issues/aten_c_kernels/results/aten_kaiser_window/debuf.mlir"", ""--dry-run"", ""--matcher-mode"", ""syntactic"", ""--telemetry-json"", ""/home/arjaiswal/Polygeist/issues/equality_saturation_eval/campaign_20260908/aten-aten_kaiser_window-syntactic-c6dpq1gr.json"", ""--disable-semantic-fallback""]","== match report for /home/arjaiswal/Polygeist/issues/aten_c_kernels/results/aten_kaiser_window/debuf.mlir ==
  no_match       body#0  ?
  total: 0 matched / 1 bodies
",0,[],0,0,0,0,/home/arjaiswal/Polygeist/issues/aten_c_kernels/results/aten_kaiser_window/debuf.mlir,1938,0,1,0,396.0808478295803,1,65780,0.13004615902900696,0,0,0,0,[],0,0,56,0.0,56
aten,aten_kaiser_window,/home/arjaiswal/Polygeist/issues/aten_c_kernels/results/aten_kaiser_window/debuf.mlir,e3eb3f97b32f73099d00d2643092765b92b3578958ced231222de76787b3a9dc,syntactic,3,ok,0,813.2333122193813,0,"[""/usr/bin/python3"", ""/home/arjaiswal/Polygeist/scripts/correctness/kernel_match_rewrite.py"", ""/home/arjaiswal/Polygeist/issues/aten_c_kernels/results/aten_kaiser_window/debuf.mlir"", ""--dry-run"", ""--matcher-mode"", ""syntactic"", ""--telemetry-json"", ""/home/arjaiswal/Polygeist/issues/equality_saturation_eval/campaign_20260908/aten-aten_kaiser_window-syntactic-1zj5nxl4.json"", ""--disable-semantic-fallback""]","== match report for /home/arjaiswal/Polygeist/issues/aten_c_kernels/results/aten_kaiser_window/debuf.mlir ==
  no_match       body#0  ?
  total: 0 matched / 1 bodies
",0,[],0,0,0,0,/home/arjaiswal/Polygeist/issues/aten_c_kernels/results/aten_kaiser_window/debuf.mlir,1938,0,1,0,399.8621664941311,1,65604,0.12769922614097595,0,0,0,0,[],0,0,56,0.0,56
aten,aten_kaiser_window,/home/arjaiswal/Polygeist/issues/aten_c_kernels/results/aten_kaiser_window/debuf.mlir,e3eb3f97b32f73099d00d2643092765b92b3578958ced231222de76787b3a9dc,egglog,3,ok,0,833.5259296000004,0,"[""/usr/bin/python3"", ""/home/arjaiswal/Polygeist/scripts/correctness/kernel_match_rewrite.py"", ""/home/arjaiswal/Polygeist/issues/aten_c_kernels/results/aten_kaiser_window/debuf.mlir"", ""--dry-run"", ""--matcher-mode"", ""egglog"", ""--telemetry-json"", ""/home/arjaiswal/Polygeist/issues/equality_saturation_eval/campaign_20260908/aten-aten_kaiser_window-egglog-y7t1pj6u.json"", ""--disable-semantic-fallback""]","== match report for /home/arjaiswal/Polygeist/issues/aten_c_kernels/results/aten_kaiser_window/debuf.mlir ==
  no_match       body#0  ?
  total: 0 matched / 1 bodies
",0,[],0,0,0,0,/home/arjaiswal/Polygeist/issues/aten_c_kernels/results/aten_kaiser_window/debuf.mlir,1938,8,1,0,398.9870026707649,1,65804,0.0,0,0,0,0,[],0,0,0,0.0,56
aten,aten_kaiser_window,/home/arjaiswal/Polygeist/issues/aten_c_kernels/results/aten_kaiser_window/debuf.mlir,e3eb3f97b32f73099d00d2643092765b92b3578958ced231222de76787b3a9dc,egglog,4,ok,0,785.7389710843563,0,"[""/usr/bin/python3"", ""/home/arjaiswal/Polygeist/scripts/correctness/kernel_match_rewrite.py"", ""/home/arjaiswal/Polygeist/issues/aten_c_kernels/results/aten_kaiser_window/debuf.mlir"", ""--dry-run"", ""--matcher-mode"", ""egglog"", ""--telemetry-json"", ""/home/arjaiswal/Polygeist/issues/equality_saturation_eval/campaign_20260908/aten-aten_kaiser_window-egglog-1nqp3uh5.json"", ""--disable-semantic-fallback""]","== match report for /home/arjaiswal/Polygeist/issues/aten_c_kernels/results/aten_kaiser_window/debuf.mlir ==
  no_match       body#0  ?
  total: 0 matched / 1 bodies
",0,[],0,0,0,0,/home/arjaiswal/Polygeist/issues/aten_c_kernels/results/aten_kaiser_window/debuf.mlir,1938,8,1,0,391.417533159256,1,66032,0.0,0,0,0,0,[],0,0,0,0.0,56
aten,aten_kaiser_window,/home/arjaiswal/Polygeist/issues/aten_c_kernels/results/aten_kaiser_window/debuf.mlir,e3eb3f97b32f73099d00d2643092765b92b3578958ced231222de76787b3a9dc,syntactic,4,ok,0,806.5008744597435,0,"[""/usr/bin/python3"", ""/home/arjaiswal/Polygeist/scripts/correctness/kernel_match_rewrite.py"", ""/home/arjaiswal/Polygeist/issues/aten_c_kernels/results/aten_kaiser_window/debuf.mlir"", ""--dry-run"", ""--matcher-mode"", ""syntactic"", ""--telemetry-json"", ""/home/arjaiswal/Polygeist/issues/equality_saturation_eval/campaign_20260908/aten-aten_kaiser_window-syntactic-cuvudlbt.json"", ""--disable-semantic-fallback""]","== match report for /home/arjaiswal/Polygeist/issues/aten_c_kernels/results/aten_kaiser_window/debuf.mlir ==
  no_match       body#0  ?
  total: 0 matched / 1 bodies
",0,[],0,0,0,0,/home/arjaiswal/Polygeist/issues/aten_c_kernels/results/aten_kaiser_window/debuf.mlir,1938,0,1,0,389.96125012636185,1,65996,0.12933090329170227,0,0,0,0,[],0,0,56,0.0,56
aten,aten_kaiser_window,/home/arjaiswal/Polygeist/issues/aten_c_kernels/results/aten_kaiser_window/debuf.mlir,e3eb3f97b32f73099d00d2643092765b92b3578958ced231222de76787b3a9dc,syntactic,5,ok,0,799.0436032414436,0,"[""/usr/bin/python3"", ""/home/arjaiswal/Polygeist/scripts/correctness/kernel_match_rewrite.py"", ""/home/arjaiswal/Polygeist/issues/aten_c_kernels/results/aten_kaiser_window/debuf.mlir"", ""--dry-run"", ""--matcher-mode"", ""syntactic"", ""--telemetry-json"", ""/home/arjaiswal/Polygeist/issues/equality_saturation_eval/campaign_20260908/aten-aten_kaiser_window-syntactic-1hm5l7r2.json"", ""--disable-semantic-fallback""]","== match report for /home/arjaiswal/Polygeist/issues/aten_c_kernels/results/aten_kaiser_window/debuf.mlir ==
  no_match       body#0  ?
  total: 0 matched / 1 bodies
",0,[],0,0,0,0,/home/arjaiswal/Polygeist/issues/aten_c_kernels/results/aten_kaiser_window/debuf.mlir,1938,0,1,0,393.3616615831852,1,65652,0.13329088687896729,0,0,0,0,[],0,0,56,0.0,56
aten,aten_kaiser_window,/home/arjaiswal/Polygeist/issues/aten_c_kernels/results/aten_kaiser_window/debuf.mlir,e3eb3f97b32f73099d00d2643092765b92b3578958ced231222de76787b3a9dc,egglog,5,ok,0,801.1234886944294,0,"[""/usr/bin/python3"", ""/home/arjaiswal/Polygeist/scripts/correctness/kernel_match_rewrite.py"", ""/home/arjaiswal/Polygeist/issues/aten_c_kernels/results/aten_kaiser_window/debuf.mlir"", ""--dry-run"", ""--matcher-mode"", ""egglog"", ""--telemetry-json"", ""/home/arjaiswal/Polygeist/issues/equality_saturation_eval/campaign_20260908/aten-aten_kaiser_window-egglog-6kvys161.json"", ""--disable-semantic-fallback""]","== match report for /home/arjaiswal/Polygeist/issues/aten_c_kernels/results/aten_kaiser_window/debuf.mlir ==
  no_match       body#0  ?
  total: 0 matched / 1 bodies
",0,[],0,0,0,0,/home/arjaiswal/Polygeist/issues/aten_c_kernels/results/aten_kaiser_window/debuf.mlir,1938,8,1,0,392.21641793847084,1,65652,0.0,0,0,0,0,[],0,0,0,0.0,56
aten,aten_kron_impl_cpu,/home/arjaiswal/Polygeist/issues/aten_c_kernels/results/aten_kron_impl_cpu/debuf.mlir,f93e3f86cc718ce0f86b7a57b1fe23e2faf8785f20895ef8a7de741fe6ce2de5,egglog,1,ok,0,709.572721272707,0,"[""/usr/bin/python3"", ""/home/arjaiswal/Polygeist/scripts/correctness/kernel_match_rewrite.py"", ""/home/arjaiswal/Polygeist/issues/aten_c_kernels/results/aten_kron_impl_cpu/debuf.mlir"", ""--dry-run"", ""--matcher-mode"", ""egglog"", ""--telemetry-json"", ""/home/arjaiswal/Polygeist/issues/equality_saturation_eval/campaign_20260908/aten-aten_kron_impl_cpu-egglog-74x9ck3d.json"", ""--disable-semantic-fallback""]","== match report for /home/arjaiswal/Polygeist/issues/aten_c_kernels/results/aten_kron_impl_cpu/debuf.mlir ==
  match          body#[0]  cutensorKroneckerProduct2D_f32_memref
  total: 1 matched / 1 bodies
",0,[],0,0,0,0,/home/arjaiswal/Polygeist/issues/aten_c_kernels/results/aten_kron_impl_cpu/debuf.mlir,2877,8,1,1,303.80238592624664,0,69504,22.14324101805687,2,2,0,4,"[{""body_indices"": [0], ""symbol"": ""cutensorKroneckerProduct2D_f32_memref""}]",1,0,0,0.0,2
aten,aten_kron_impl_cpu,/home/arjaiswal/Polygeist/issues/aten_c_kernels/results/aten_kron_impl_cpu/debuf.mlir,f93e3f86cc718ce0f86b7a57b1fe23e2faf8785f20895ef8a7de741fe6ce2de5,syntactic,1,ok,0,675.4258275032043,0,"[""/usr/bin/python3"", ""/home/arjaiswal/Polygeist/scripts/correctness/kernel_match_rewrite.py"", ""/home/arjaiswal/Polygeist/issues/aten_c_kernels/results/aten_kron_impl_cpu/debuf.mlir"", ""--dry-run"", ""--matcher-mode"", ""syntactic"", ""--telemetry-json"", ""/home/arjaiswal/Polygeist/issues/equality_saturation_eval/campaign_20260908/aten-aten_kron_impl_cpu-syntactic-i7tio0h6.json"", ""--disable-semantic-fallback""]","== match report for /home/arjaiswal/Polygeist/issues/aten_c_kernels/results/aten_kron_impl_cpu/debuf.mlir ==
  match          body#[0]  cutensorKroneckerProduct2D_f32_memref
  total: 1 matched / 1 bodies
",0,[],0,0,0,0,/home/arjaiswal/Polygeist/issues/aten_c_kernels/results/aten_kron_impl_cpu/debuf.mlir,2877,0,1,1,262.49298453330994,0,64696,0.014938414096832275,0,2,0,0,"[{""body_indices"": [0], ""symbol"": ""cutensorKroneckerProduct2D_f32_memref""}]",1,0,2,0.0,2
aten,aten_kron_impl_cpu,/home/arjaiswal/Polygeist/issues/aten_c_kernels/results/aten_kron_impl_cpu/debuf.mlir,f93e3f86cc718ce0f86b7a57b1fe23e2faf8785f20895ef8a7de741fe6ce2de5,syntactic,2,ok,0,679.8101104795933,0,"[""/usr/bin/python3"", ""/home/arjaiswal/Polygeist/scripts/correctness/kernel_match_rewrite.py"", ""/home/arjaiswal/Polygeist/issues/aten_c_kernels/results/aten_kron_impl_cpu/debuf.mlir"", ""--dry-run"", ""--matcher-mode"", ""syntactic"", ""--telemetry-json"", ""/home/arjaiswal/Polygeist/issues/equality_saturation_eval/campaign_20260908/aten-aten_kron_impl_cpu-syntactic-rfqlk3vb.json"", ""--disable-semantic-fallback""]","== match report for /home/arjaiswal/Polygeist/issues/aten_c_kernels/results/aten_kron_impl_cpu/debuf.mlir ==
  match          body#[0]  cutensorKroneckerProduct2D_f32_memref
  total: 1 matched / 1 bodies
",0,[],0,0,0,0,/home/arjaiswal/Polygeist/issues/aten_c_kernels/results/aten_kron_impl_cpu/debuf.mlir,2877,0,1,1,272.8017494082451,0,64688,0.019770115613937378,0,2,0,0,"[{""body_indices"": [0], ""symbol"": ""cutensorKroneckerProduct2D_f32_memref""}]",1,0,2,0.0,2
aten,aten_kron_impl_cpu,/home/arjaiswal/Polygeist/issues/aten_c_kernels/results/aten_kron_impl_cpu/debuf.mlir,f93e3f86cc718ce0f86b7a57b1fe23e2faf8785f20895ef8a7de741fe6ce2de5,egglog,2,ok,0,712.3303413391113,0,"[""/usr/bin/python3"", ""/home/arjaiswal/Polygeist/scripts/correctness/kernel_match_rewrite.py"", ""/home/arjaiswal/Polygeist/issues/aten_c_kernels/results/aten_kron_impl_cpu/debuf.mlir"", ""--dry-run"", ""--matcher-mode"", ""egglog"", ""--telemetry-json"", ""/home/arjaiswal/Polygeist/issues/equality_saturation_eval/campaign_20260908/aten-aten_kron_impl_cpu-egglog-hz57p1zs.json"", ""--disable-semantic-fallback""]","== match report for /home/arjaiswal/Polygeist/issues/aten_c_kernels/results/aten_kron_impl_cpu/debuf.mlir ==
  match          body#[0]  cutensorKroneckerProduct2D_f32_memref
  total: 1 matched / 1 bodies
",0,[],0,0,0,0,/home/arjaiswal/Polygeist/issues/aten_c_kernels/results/aten_kron_impl_cpu/debuf.mlir,2877,8,1,1,305.2639812231064,0,69304,21.663982421159744,2,2,0,4,"[{""body_indices"": [0], ""symbol"": ""cutensorKroneckerProduct2D_f32_memref""}]",1,0,0,0.0,2
aten,aten_kron_impl_cpu,/home/arjaiswal/Polygeist/issues/aten_c_kernels/results/aten_kron_impl_cpu/debuf.mlir,f93e3f86cc718ce0f86b7a57b1fe23e2faf8785f20895ef8a7de741fe6ce2de5,egglog,3,ok,0,694.735549390316,0,"[""/usr/bin/python3"", ""/home/arjaiswal/Polygeist/scripts/correctness/kernel_match_rewrite.py"", ""/home/arjaiswal/Polygeist/issues/aten_c_kernels/results/aten_kron_impl_cpu/debuf.mlir"", ""--dry-run"", ""--matcher-mode"", ""egglog"", ""--telemetry-json"", ""/home/arjaiswal/Polygeist/issues/equality_saturation_eval/campaign_20260908/aten-aten_kron_impl_cpu-egglog-g3z74mtn.json"", ""--disable-semantic-fallback""]","== match report for /home/arjaiswal/Polygeist/issues/aten_c_kernels/results/aten_kron_impl_cpu/debuf.mlir ==
  match          body#[0]  cutensorKroneckerProduct2D_f32_memref
  total: 1 matched / 1 bodies
",0,[],0,0,0,0,/home/arjaiswal/Polygeist/issues/aten_c_kernels/results/aten_kron_impl_cpu/debuf.mlir,2877,8,1,1,293.401874601841,0,69392,21.48016169667244,2,2,0,4,"[{""body_indices"": [0], ""symbol"": ""cutensorKroneckerProduct2D_f32_memref""}]",1,0,0,0.0,2
aten,aten_kron_impl_cpu,/home/arjaiswal/Polygeist/issues/aten_c_kernels/results/aten_kron_impl_cpu/debuf.mlir,f93e3f86cc718ce0f86b7a57b1fe23e2faf8785f20895ef8a7de741fe6ce2de5,syntactic,3,ok,0,689.0724375844002,0,"[""/usr/bin/python3"", ""/home/arjaiswal/Polygeist/scripts/correctness/kernel_match_rewrite.py"", ""/home/arjaiswal/Polygeist/issues/aten_c_kernels/results/aten_kron_impl_cpu/debuf.mlir"", ""--dry-run"", ""--matcher-mode"", ""syntactic"", ""--telemetry-json"", ""/home/arjaiswal/Polygeist/issues/equality_saturation_eval/campaign_20260908/aten-aten_kron_impl_cpu-syntactic-ivs0qltu.json"", ""--disable-semantic-fallback""]","== match report for /home/arjaiswal/Polygeist/issues/aten_c_kernels/results/aten_kron_impl_cpu/debuf.mlir ==
  match          body#[0]  cutensorKroneckerProduct2D_f32_memref
  total: 1 matched / 1 bodies
",0,[],0,0,0,0,/home/arjaiswal/Polygeist/issues/aten_c_kernels/results/aten_kron_impl_cpu/debuf.mlir,2877,0,1,1,271.8402370810509,0,64508,0.019785016775131226,0,2,0,0,"[{""body_indices"": [0], ""symbol"": ""cutensorKroneckerProduct2D_f32_memref""}]",1,0,2,0.0,2
aten,aten_kron_impl_cpu,/home/arjaiswal/Polygeist/issues/aten_c_kernels/results/aten_kron_impl_cpu/debuf.mlir,f93e3f86cc718ce0f86b7a57b1fe23e2faf8785f20895ef8a7de741fe6ce2de5,syntactic,4,ok,0,692.198283970356,0,"[""/usr/bin/python3"", ""/home/arjaiswal/Polygeist/scripts/correctness/kernel_match_rewrite.py"", ""/home/arjaiswal/Polygeist/issues/aten_c_kernels/results/aten_kron_impl_cpu/debuf.mlir"", ""--dry-run"", ""--matcher-mode"", ""syntactic"", ""--telemetry-json"", ""/home/arjaiswal/Polygeist/issues/equality_saturation_eval/campaign_20260908/aten-aten_kron_impl_cpu-syntactic-9kzryqk5.json"", ""--disable-semantic-fallback""]","== match report for /home/arjaiswal/Polygeist/issues/aten_c_kernels/results/aten_kron_impl_cpu/debuf.mlir ==
  match          body#[0]  cutensorKroneckerProduct2D_f32_memref
  total: 1 matched / 1 bodies
",0,[],0,0,0,0,/home/arjaiswal/Polygeist/issues/aten_c_kernels/results/aten_kron_impl_cpu/debuf.mlir,2877,0,1,1,274.66241642832756,0,64604,0.015206634998321533,0,2,0,0,"[{""body_indices"": [0], ""symbol"": ""cutensorKroneckerProduct2D_f32_memref""}]",1,0,2,0.0,2
aten,aten_kron_impl_cpu,/home/arjaiswal/Polygeist/issues/aten_c_kernels/results/aten_kron_impl_cpu/debuf.mlir,f93e3f86cc718ce0f86b7a57b1fe23e2faf8785f20895ef8a7de741fe6ce2de5,egglog,4,ok,0,707.8343816101551,0,"[""/usr/bin/python3"", ""/home/arjaiswal/Polygeist/scripts/correctness/kernel_match_rewrite.py"", ""/home/arjaiswal/Polygeist/issues/aten_c_kernels/results/aten_kron_impl_cpu/debuf.mlir"", ""--dry-run"", ""--matcher-mode"", ""egglog"", ""--telemetry-json"", ""/home/arjaiswal/Polygeist/issues/equality_saturation_eval/campaign_20260908/aten-aten_kron_impl_cpu-egglog-m_y56e9y.json"", ""--disable-semantic-fallback""]","== match report for /home/arjaiswal/Polygeist/issues/aten_c_kernels/results/aten_kron_impl_cpu/debuf.mlir ==
  match          body#[0]  cutensorKroneckerProduct2D_f32_memref
  total: 1 matched / 1 bodies
",0,[],0,0,0,0,/home/arjaiswal/Polygeist/issues/aten_c_kernels/results/aten_kron_impl_cpu/debuf.mlir,2877,8,1,1,293.4777922928333,0,69544,21.693680435419083,2,2,0,4,"[{""body_indices"": [0], ""symbol"": ""cutensorKroneckerProduct2D_f32_memref""}]",1,0,0,0.0,2
aten,aten_kron_impl_cpu,/home/arjaiswal/Polygeist/issues/aten_c_kernels/results/aten_kron_impl_cpu/debuf.mlir,f93e3f86cc718ce0f86b7a57b1fe23e2faf8785f20895ef8a7de741fe6ce2de5,egglog,5,ok,0,714.8880884051323,0,"[""/usr/bin/python3"", ""/home/arjaiswal/Polygeist/scripts/correctness/kernel_match_rewrite.py"", ""/home/arjaiswal/Polygeist/issues/aten_c_kernels/results/aten_kron_impl_cpu/debuf.mlir"", ""--dry-run"", ""--matcher-mode"", ""egglog"", ""--telemetry-json"", ""/home/arjaiswal/Polygeist/issues/equality_saturation_eval/campaign_20260908/aten-aten_kron_impl_cpu-egglog-228ha2uo.json"", ""--disable-semantic-fallback""]","== match report for /home/arjaiswal/Polygeist/issues/aten_c_kernels/results/aten_kron_impl_cpu/debuf.mlir ==
  match          body#[0]  cutensorKroneckerProduct2D_f32_memref
  total: 1 matched / 1 bodies
",0,[],0,0,0,0,/home/arjaiswal/Polygeist/issues/aten_c_kernels/results/aten_kron_impl_cpu/debuf.mlir,2877,8,1,1,298.47584664821625,0,69412,25.678232312202454,2,2,0,4,"[{""body_indices"": [0], ""symbol"": ""cutensorKroneckerProduct2D_f32_memref""}]",1,0,0,0.0,2
aten,aten_kron_impl_cpu,/home/arjaiswal/Polygeist/issues/aten_c_kernels/results/aten_kron_impl_cpu/debuf.mlir,f93e3f86cc718ce0f86b7a57b1fe23e2faf8785f20895ef8a7de741fe6ce2de5,syntactic,5,ok,0,680.4082356393337,0,"[""/usr/bin/python3"", ""/home/arjaiswal/Polygeist/scripts/correctness/kernel_match_rewrite.py"", ""/home/arjaiswal/Polygeist/issues/aten_c_kernels/results/aten_kron_impl_cpu/debuf.mlir"", ""--dry-run"", ""--matcher-mode"", ""syntactic"", ""--telemetry-json"", ""/home/arjaiswal/Polygeist/issues/equality_saturation_eval/campaign_20260908/aten-aten_kron_impl_cpu-syntactic-35475931.json"", ""--disable-semantic-fallback""]","== match report for /home/arjaiswal/Polygeist/issues/aten_c_kernels/results/aten_kron_impl_cpu/debuf.mlir ==
  match          body#[0]  cutensorKroneckerProduct2D_f32_memref
  total: 1 matched / 1 bodies
",0,[],0,0,0,0,/home/arjaiswal/Polygeist/issues/aten_c_kernels/results/aten_kron_impl_cpu/debuf.mlir,2877,0,1,1,274.65927973389626,0,64940,0.016361474990844727,0,2,0,0,"[{""body_indices"": [0], ""symbol"": ""cutensorKroneckerProduct2D_f32_memref""}]",1,0,2,0.0,2
aten,aten_kron_out_cpu,/home/arjaiswal/Polygeist/issues/aten_c_kernels/results/aten_kron_out_cpu/debuf.mlir,06f6e9e74b7571d9524f5038501588f1e2c94e26dd1b4c31b69f778e1f0ec2da,syntactic,1,ok,0,693.8703283667564,0,"[""/usr/bin/python3"", ""/home/arjaiswal/Polygeist/scripts/correctness/kernel_match_rewrite.py"", ""/home/arjaiswal/Polygeist/issues/aten_c_kernels/results/aten_kron_out_cpu/debuf.mlir"", ""--dry-run"", ""--matcher-mode"", ""syntactic"", ""--telemetry-json"", ""/home/arjaiswal/Polygeist/issues/equality_saturation_eval/campaign_20260908/aten-aten_kron_out_cpu-syntactic-dxt9nt4k.json"", ""--disable-semantic-fallback""]","== match report for /home/arjaiswal/Polygeist/issues/aten_c_kernels/results/aten_kron_out_cpu/debuf.mlir ==
  match          body#[0]  cutensorKroneckerProduct2D_f32_memref
  total: 1 matched / 1 bodies
",0,[],0,0,0,0,/home/arjaiswal/Polygeist/issues/aten_c_kernels/results/aten_kron_out_cpu/debuf.mlir,2876,0,1,1,269.75642889738083,0,64428,0.026807188987731934,0,2,0,0,"[{""body_indices"": [0], ""symbol"": ""cutensorKroneckerProduct2D_f32_memref""}]",1,0,2,0.0,2
aten,aten_kron_out_cpu,/home/arjaiswal/Polygeist/issues/aten_c_kernels/results/aten_kron_out_cpu/debuf.mlir,06f6e9e74b7571d9524f5038501588f1e2c94e26dd1b4c31b69f778e1f0ec2da,egglog,1,ok,0,721.6466143727303,0,"[""/usr/bin/python3"", ""/home/arjaiswal/Polygeist/scripts/correctness/kernel_match_rewrite.py"", ""/home/arjaiswal/Polygeist/issues/aten_c_kernels/results/aten_kron_out_cpu/debuf.mlir"", ""--dry-run"", ""--matcher-mode"", ""egglog"", ""--telemetry-json"", ""/home/arjaiswal/Polygeist/issues/equality_saturation_eval/campaign_20260908/aten-aten_kron_out_cpu-egglog-kti5380p.json"", ""--disable-semantic-fallback""]","== match report for /home/arjaiswal/Polygeist/issues/aten_c_kernels/results/aten_kron_out_cpu/debuf.mlir ==
  match          body#[0]  cutensorKroneckerProduct2D_f32_memref
  total: 1 matched / 1 bodies
",0,[],0,0,0,0,/home/arjaiswal/Polygeist/issues/aten_c_kernels/results/aten_kron_out_cpu/debuf.mlir,2876,8,1,1,285.77666357159615,0,69576,21.318234503269196,2,2,0,4,"[{""body_indices"": [0], ""symbol"": ""cutensorKroneckerProduct2D_f32_memref""}]",1,0,0,0.0,2
aten,aten_kron_out_cpu,/home/arjaiswal/Polygeist/issues/aten_c_kernels/results/aten_kron_out_cpu/debuf.mlir,06f6e9e74b7571d9524f5038501588f1e2c94e26dd1b4c31b69f778e1f0ec2da,egglog,2,ok,0,680.9338741004467,0,"[""/usr/bin/python3"", ""/home/arjaiswal/Polygeist/scripts/correctness/kernel_match_rewrite.py"", ""/home/arjaiswal/Polygeist/issues/aten_c_kernels/results/aten_kron_out_cpu/debuf.mlir"", ""--dry-run"", ""--matcher-mode"", ""egglog"", ""--telemetry-json"", ""/home/arjaiswal/Polygeist/issues/equality_saturation_eval/campaign_20260908/aten-aten_kron_out_cpu-egglog-22gkiagv.json"", ""--disable-semantic-fallback""]","== match report for /home/arjaiswal/Polygeist/issues/aten_c_kernels/results/aten_kron_out_cpu/debuf.mlir ==
  match          body#[0]  cutensorKroneckerProduct2D_f32_memref
  total: 1 matched / 1 bodies
",0,[],0,0,0,0,/home/arjaiswal/Polygeist/issues/aten_c_kernels/results/aten_kron_out_cpu/debuf.mlir,2876,8,1,1,283.9859873056412,0,69416,21.270431578159332,2,2,0,4,"[{""body_indices"": [0], ""symbol"": ""cutensorKroneckerProduct2D_f32_memref""}]",1,0,0,0.0,2
aten,aten_kron_out_cpu,/home/arjaiswal/Polygeist/issues/aten_c_kernels/results/aten_kron_out_cpu/debuf.mlir,06f6e9e74b7571d9524f5038501588f1e2c94e26dd1b4c31b69f778e1f0ec2da,syntactic,2,ok,0,708.5175216197968,0,"[""/usr/bin/python3"", ""/home/arjaiswal/Polygeist/scripts/correctness/kernel_match_rewrite.py"", ""/home/arjaiswal/Polygeist/issues/aten_c_kernels/results/aten_kron_out_cpu/debuf.mlir"", ""--dry-run"", ""--matcher-mode"", ""syntactic"", ""--telemetry-json"", ""/home/arjaiswal/Polygeist/issues/equality_saturation_eval/campaign_20260908/aten-aten_kron_out_cpu-syntactic-_9gv91yf.json"", ""--disable-semantic-fallback""]","== match report for /home/arjaiswal/Polygeist/issues/aten_c_kernels/results/aten_kron_out_cpu/debuf.mlir ==
  match          body#[0]  cutensorKroneckerProduct2D_f32_memref
  total: 1 matched / 1 bodies
",0,[],0,0,0,0,/home/arjaiswal/Polygeist/issues/aten_c_kernels/results/aten_kron_out_cpu/debuf.mlir,2876,0,1,1,301.8816448748112,0,64744,0.016201287508010864,0,2,0,0,"[{""body_indices"": [0], ""symbol"": ""cutensorKroneckerProduct2D_f32_memref""}]",1,0,2,0.0,2
aten,aten_kron_out_cpu,/home/arjaiswal/Polygeist/issues/aten_c_kernels/results/aten_kron_out_cpu/debuf.mlir,06f6e9e74b7571d9524f5038501588f1e2c94e26dd1b4c31b69f778e1f0ec2da,syntactic,3,ok,0,670.1186671853065,0,"[""/usr/bin/python3"", ""/home/arjaiswal/Polygeist/scripts/correctness/kernel_match_rewrite.py"", ""/home/arjaiswal/Polygeist/issues/aten_c_kernels/results/aten_kron_out_cpu/debuf.mlir"", ""--dry-run"", ""--matcher-mode"", ""syntactic"", ""--telemetry-json"", ""/home/arjaiswal/Polygeist/issues/equality_saturation_eval/campaign_20260908/aten-aten_kron_out_cpu-syntactic-r4tdq3zb.json"", ""--disable-semantic-fallback""]","== match report for /home/arjaiswal/Polygeist/issues/aten_c_kernels/results/aten_kron_out_cpu/debuf.mlir ==
  match          body#[0]  cutensorKroneckerProduct2D_f32_memref
  total: 1 matched / 1 bodies
",0,[],0,0,0,0,/home/arjaiswal/Polygeist/issues/aten_c_kernels/results/aten_kron_out_cpu/debuf.mlir,2876,0,1,1,267.4146369099617,0,64724,0.01500546932220459,0,2,0,0,"[{""body_indices"": [0], ""symbol"": ""cutensorKroneckerProduct2D_f32_memref""}]",1,0,2,0.0,2
aten,aten_kron_out_cpu,/home/arjaiswal/Polygeist/issues/aten_c_kernels/results/aten_kron_out_cpu/debuf.mlir,06f6e9e74b7571d9524f5038501588f1e2c94e26dd1b4c31b69f778e1f0ec2da,egglog,3,ok,0,704.6940475702286,0,"[""/usr/bin/python3"", ""/home/arjaiswal/Polygeist/scripts/correctness/kernel_match_rewrite.py"", ""/home/arjaiswal/Polygeist/issues/aten_c_kernels/results/aten_kron_out_cpu/debuf.mlir"", ""--dry-run"", ""--matcher-mode"", ""egglog"", ""--telemetry-json"", ""/home/arjaiswal/Polygeist/issues/equality_saturation_eval/campaign_20260908/aten-aten_kron_out_cpu-egglog-mbw_ube6.json"", ""--disable-semantic-fallback""]","== match report for /home/arjaiswal/Polygeist/issues/aten_c_kernels/results/aten_kron_out_cpu/debuf.mlir ==
  match          body#[0]  cutensorKroneckerProduct2D_f32_memref
  total: 1 matched / 1 bodies
",0,[],0,0,0,0,/home/arjaiswal/Polygeist/issues/aten_c_kernels/results/aten_kron_out_cpu/debuf.mlir,2876,8,1,1,302.26676538586617,0,69340,21.846015006303787,2,2,0,4,"[{""body_indices"": [0], ""symbol"": ""cutensorKroneckerProduct2D_f32_memref""}]",1,0,0,0.0,2
aten,aten_kron_out_cpu,/home/arjaiswal/Polygeist/issues/aten_c_kernels/results/aten_kron_out_cpu/debuf.mlir,06f6e9e74b7571d9524f5038501588f1e2c94e26dd1b4c31b69f778e1f0ec2da,egglog,4,ok,0,687.1538832783699,0,"[""/usr/bin/python3"", ""/home/arjaiswal/Polygeist/scripts/correctness/kernel_match_rewrite.py"", ""/home/arjaiswal/Polygeist/issues/aten_c_kernels/results/aten_kron_out_cpu/debuf.mlir"", ""--dry-run"", ""--matcher-mode"", ""egglog"", ""--telemetry-json"", ""/home/arjaiswal/Polygeist/issues/equality_saturation_eval/campaign_20260908/aten-aten_kron_out_cpu-egglog-pnyjr2ik.json"", ""--disable-semantic-fallback""]","== match report for /home/arjaiswal/Polygeist/issues/aten_c_kernels/results/aten_kron_out_cpu/debuf.mlir ==
  match          body#[0]  cutensorKroneckerProduct2D_f32_memref
  total: 1 matched / 1 bodies
",0,[],0,0,0,0,/home/arjaiswal/Polygeist/issues/aten_c_kernels/results/aten_kron_out_cpu/debuf.mlir,2876,8,1,1,286.5264303982258,0,69464,21.831098943948746,2,2,0,4,"[{""body_indices"": [0], ""symbol"": ""cutensorKroneckerProduct2D_f32_memref""}]",1,0,0,0.0,2
aten,aten_kron_out_cpu,/home/arjaiswal/Polygeist/issues/aten_c_kernels/results/aten_kron_out_cpu/debuf.mlir,06f6e9e74b7571d9524f5038501588f1e2c94e26dd1b4c31b69f778e1f0ec2da,syntactic,4,ok,0,673.9058047533035,0,"[""/usr/bin/python3"", ""/home/arjaiswal/Polygeist/scripts/correctness/kernel_match_rewrite.py"", ""/home/arjaiswal/Polygeist/issues/aten_c_kernels/results/aten_kron_out_cpu/debuf.mlir"", ""--dry-run"", ""--matcher-mode"", ""syntactic"", ""--telemetry-json"", ""/home/arjaiswal/Polygeist/issues/equality_saturation_eval/campaign_20260908/aten-aten_kron_out_cpu-syntactic-4bhar63j.json"", ""--disable-semantic-fallback""]","== match report for /home/arjaiswal/Polygeist/issues/aten_c_kernels/results/aten_kron_out_cpu/debuf.mlir ==
  match          body#[0]  cutensorKroneckerProduct2D_f32_memref
  total: 1 matched / 1 bodies
",0,[],0,0,0,0,/home/arjaiswal/Polygeist/issues/aten_c_kernels/results/aten_kron_out_cpu/debuf.mlir,2876,0,1,1,264.08083364367485,0,64600,0.015836209058761597,0,2,0,0,"[{""body_indices"": [0], ""symbol"": ""cutensorKroneckerProduct2D_f32_memref""}]",1,0,2,0.0,2
aten,aten_kron_out_cpu,/home/arjaiswal/Polygeist/issues/aten_c_kernels/results/aten_kron_out_cpu/debuf.mlir,06f6e9e74b7571d9524f5038501588f1e2c94e26dd1b4c31b69f778e1f0ec2da,syntactic,5,ok,0,668.3641113340855,0,"[""/usr/bin/python3"", ""/home/arjaiswal/Polygeist/scripts/correctness/kernel_match_rewrite.py"", ""/home/arjaiswal/Polygeist/issues/aten_c_kernels/results/aten_kron_out_cpu/debuf.mlir"", ""--dry-run"", ""--matcher-mode"", ""syntactic"", ""--telemetry-json"", ""/home/arjaiswal/Polygeist/issues/equality_saturation_eval/campaign_20260908/aten-aten_kron_out_cpu-syntactic-zuqgs7c7.json"", ""--disable-semantic-fallback""]","== match report for /home/arjaiswal/Polygeist/issues/aten_c_kernels/results/aten_kron_out_cpu/debuf.mlir ==
  match          body#[0]  cutensorKroneckerProduct2D_f32_memref
  total: 1 matched / 1 bodies
",0,[],0,0,0,0,/home/arjaiswal/Polygeist/issues/aten_c_kernels/results/aten_kron_out_cpu/debuf.mlir,2876,0,1,1,263.22416216135025,0,64768,0.015966594219207764,0,2,0,0,"[{""body_indices"": [0], ""symbol"": ""cutensorKroneckerProduct2D_f32_memref""}]",1,0,2,0.0,2
aten,aten_kron_out_cpu,/home/arjaiswal/Polygeist/issues/aten_c_kernels/results/aten_kron_out_cpu/debuf.mlir,06f6e9e74b7571d9524f5038501588f1e2c94e26dd1b4c31b69f778e1f0ec2da,egglog,5,ok,0,701.6544938087463,0,"[""/usr/bin/python3"", ""/home/arjaiswal/Polygeist/scripts/correctness/kernel_match_rewrite.py"", ""/home/arjaiswal/Polygeist/issues/aten_c_kernels/results/aten_kron_out_cpu/debuf.mlir"", ""--dry-run"", ""--matcher-mode"", ""egglog"", ""--telemetry-json"", ""/home/arjaiswal/Polygeist/issues/equality_saturation_eval/campaign_20260908/aten-aten_kron_out_cpu-egglog-jxy7axqk.json"", ""--disable-semantic-fallback""]","== match report for /home/arjaiswal/Polygeist/issues/aten_c_kernels/results/aten_kron_out_cpu/debuf.mlir ==
  match          body#[0]  cutensorKroneckerProduct2D_f32_memref
  total: 1 matched / 1 bodies
",0,[],0,0,0,0,/home/arjaiswal/Polygeist/issues/aten_c_kernels/results/aten_kron_out_cpu/debuf.mlir,2876,8,1,1,288.62734138965607,0,69252,21.71793207526207,2,2,0,4,"[{""body_indices"": [0], ""symbol"": ""cutensorKroneckerProduct2D_f32_memref""}]",1,0,0,0.0,2
aten,aten_kthvalue_cpu,/home/arjaiswal/Polygeist/issues/aten_c_kernels/results/aten_kthvalue_cpu/debuf.mlir,08d6d7d0374f93fb84ece47495eeebfdcd70e396dc67546c032112c01f086c7d,egglog,1,ok,0,841.7357802391052,0,"[""/usr/bin/python3"", ""/home/arjaiswal/Polygeist/scripts/correctness/kernel_match_rewrite.py"", ""/home/arjaiswal/Polygeist/issues/aten_c_kernels/results/aten_kthvalue_cpu/debuf.mlir"", ""--dry-run"", ""--matcher-mode"", ""egglog"", ""--telemetry-json"", ""/home/arjaiswal/Polygeist/issues/equality_saturation_eval/campaign_20260908/aten-aten_kthvalue_cpu-egglog-1fhh8roz.json"", ""--disable-semantic-fallback""]","== match report for /home/arjaiswal/Polygeist/issues/aten_c_kernels/results/aten_kthvalue_cpu/debuf.mlir ==
  match          body#[0]  cudaCopy1D_f32_tensor
  total: 1 matched / 1 bodies
",0,[],0,0,0,0,/home/arjaiswal/Polygeist/issues/aten_c_kernels/results/aten_kthvalue_cpu/debuf.mlir,4215,8,1,1,420.6261895596981,0,69668,23.17458763718605,2,2,0,0,"[{""body_indices"": [0], ""symbol"": ""cudaCopy1D_f32_tensor""}]",1,0,0,0.0,52
aten,aten_kthvalue_cpu,/home/arjaiswal/Polygeist/issues/aten_c_kernels/results/aten_kthvalue_cpu/debuf.mlir,08d6d7d0374f93fb84ece47495eeebfdcd70e396dc67546c032112c01f086c7d,syntactic,1,ok,0,802.2471219301224,0,"[""/usr/bin/python3"", ""/home/arjaiswal/Polygeist/scripts/correctness/kernel_match_rewrite.py"", ""/home/arjaiswal/Polygeist/issues/aten_c_kernels/results/aten_kthvalue_cpu/debuf.mlir"", ""--dry-run"", ""--matcher-mode"", ""syntactic"", ""--telemetry-json"", ""/home/arjaiswal/Polygeist/issues/equality_saturation_eval/campaign_20260908/aten-aten_kthvalue_cpu-syntactic-4z6xofx4.json"", ""--disable-semantic-fallback""]","== match report for /home/arjaiswal/Polygeist/issues/aten_c_kernels/results/aten_kthvalue_cpu/debuf.mlir ==
  match          body#[0]  cudaCopy1D_f32_tensor
  total: 1 matched / 1 bodies
",0,[],0,0,0,0,/home/arjaiswal/Polygeist/issues/aten_c_kernels/results/aten_kthvalue_cpu/debuf.mlir,4215,0,1,1,382.4625089764595,0,66060,0.12158229947090149,0,2,0,0,"[{""body_indices"": [0], ""symbol"": ""cudaCopy1D_f32_tensor""}]",1,0,52,0.0,52
aten,aten_kthvalue_cpu,/home/arjaiswal/Polygeist/issues/aten_c_kernels/results/aten_kthvalue_cpu/debuf.mlir,08d6d7d0374f93fb84ece47495eeebfdcd70e396dc67546c032112c01f086c7d,syntactic,2,ok,0,788.8562977313995,0,"[""/usr/bin/python3"", ""/home/arjaiswal/Polygeist/scripts/correctness/kernel_match_rewrite.py"", ""/home/arjaiswal/Polygeist/issues/aten_c_kernels/results/aten_kthvalue_cpu/debuf.mlir"", ""--dry-run"", ""--matcher-mode"", ""syntactic"", ""--telemetry-json"", ""/home/arjaiswal/Polygeist/issues/equality_saturation_eval/campaign_20260908/aten-aten_kthvalue_cpu-syntactic-8j17tj1r.json"", ""--disable-semantic-fallback""]","== match report for /home/arjaiswal/Polygeist/issues/aten_c_kernels/results/aten_kthvalue_cpu/debuf.mlir ==
  match          body#[0]  cudaCopy1D_f32_tensor
  total: 1 matched / 1 bodies
",0,[],0,0,0,0,/home/arjaiswal/Polygeist/issues/aten_c_kernels/results/aten_kthvalue_cpu/debuf.mlir,4215,0,1,1,377.82909721136093,0,65924,0.11790543794631958,0,2,0,0,"[{""body_indices"": [0], ""symbol"": ""cudaCopy1D_f32_tensor""}]",1,0,52,0.0,52
aten,aten_kthvalue_cpu,/home/arjaiswal/Polygeist/issues/aten_c_kernels/results/aten_kthvalue_cpu/debuf.mlir,08d6d7d0374f93fb84ece47495eeebfdcd70e396dc67546c032112c01f086c7d,egglog,2,ok,0,807.7286779880524,0,"[""/usr/bin/python3"", ""/home/arjaiswal/Polygeist/scripts/correctness/kernel_match_rewrite.py"", ""/home/arjaiswal/Polygeist/issues/aten_c_kernels/results/aten_kthvalue_cpu/debuf.mlir"", ""--dry-run"", ""--matcher-mode"", ""egglog"", ""--telemetry-json"", ""/home/arjaiswal/Polygeist/issues/equality_saturation_eval/campaign_20260908/aten-aten_kthvalue_cpu-egglog-uy9vvd7y.json"", ""--disable-semantic-fallback""]","== match report for /home/arjaiswal/Polygeist/issues/aten_c_kernels/results/aten_kthvalue_cpu/debuf.mlir ==
  match          body#[0]  cudaCopy1D_f32_tensor
  total: 1 matched / 1 bodies
",0,[],0,0,0,0,/home/arjaiswal/Polygeist/issues/aten_c_kernels/results/aten_kthvalue_cpu/debuf.mlir,4215,8,1,1,402.26785466074944,0,69536,25.550924241542816,2,2,0,0,"[{""body_indices"": [0], ""symbol"": ""cudaCopy1D_f32_tensor""}]",1,0,0,0.0,52
aten,aten_kthvalue_cpu,/home/arjaiswal/Polygeist/issues/aten_c_kernels/results/aten_kthvalue_cpu/debuf.mlir,08d6d7d0374f93fb84ece47495eeebfdcd70e396dc67546c032112c01f086c7d,egglog,3,ok,0,806.5135180950165,0,"[""/usr/bin/python3"", ""/home/arjaiswal/Polygeist/scripts/correctness/kernel_match_rewrite.py"", ""/home/arjaiswal/Polygeist/issues/aten_c_kernels/results/aten_kthvalue_cpu/debuf.mlir"", ""--dry-run"", ""--matcher-mode"", ""egglog"", ""--telemetry-json"", ""/home/arjaiswal/Polygeist/issues/equality_saturation_eval/campaign_20260908/aten-aten_kthvalue_cpu-egglog-ni1wu3s0.json"", ""--disable-semantic-fallback""]","== match report for /home/arjaiswal/Polygeist/issues/aten_c_kernels/results/aten_kthvalue_cpu/debuf.mlir ==
  match          body#[0]  cudaCopy1D_f32_tensor
  total: 1 matched / 1 bodies
",0,[],0,0,0,0,/home/arjaiswal/Polygeist/issues/aten_c_kernels/results/aten_kthvalue_cpu/debuf.mlir,4215,8,1,1,394.49387788772583,0,69692,21.0418738424778,2,2,0,0,"[{""body_indices"": [0], ""symbol"": ""cudaCopy1D_f32_tensor""}]",1,0,0,0.0,52
aten,aten_kthvalue_cpu,/home/arjaiswal/Polygeist/issues/aten_c_kernels/results/aten_kthvalue_cpu/debuf.mlir,08d6d7d0374f93fb84ece47495eeebfdcd70e396dc67546c032112c01f086c7d,syntactic,3,ok,0,784.3398116528988,0,"[""/usr/bin/python3"", ""/home/arjaiswal/Polygeist/scripts/correctness/kernel_match_rewrite.py"", ""/home/arjaiswal/Polygeist/issues/aten_c_kernels/results/aten_kthvalue_cpu/debuf.mlir"", ""--dry-run"", ""--matcher-mode"", ""syntactic"", ""--telemetry-json"", ""/home/arjaiswal/Polygeist/issues/equality_saturation_eval/campaign_20260908/aten-aten_kthvalue_cpu-syntactic-3rjdoi88.json"", ""--disable-semantic-fallback""]","== match report for /home/arjaiswal/Polygeist/issues/aten_c_kernels/results/aten_kthvalue_cpu/debuf.mlir ==
  match          body#[0]  cudaCopy1D_f32_tensor
  total: 1 matched / 1 bodies
",0,[],0,0,0,0,/home/arjaiswal/Polygeist/issues/aten_c_kernels/results/aten_kthvalue_cpu/debuf.mlir,4215,0,1,1,377.6758722960949,0,65880,0.1209154725074768,0,2,0,0,"[{""body_indices"": [0], ""symbol"": ""cudaCopy1D_f32_tensor""}]",1,0,52,0.0,52
aten,aten_kthvalue_cpu,/home/arjaiswal/Polygeist/issues/aten_c_kernels/results/aten_kthvalue_cpu/debuf.mlir,08d6d7d0374f93fb84ece47495eeebfdcd70e396dc67546c032112c01f086c7d,syntactic,4,ok,0,777.9154181480408,0,"[""/usr/bin/python3"", ""/home/arjaiswal/Polygeist/scripts/correctness/kernel_match_rewrite.py"", ""/home/arjaiswal/Polygeist/issues/aten_c_kernels/results/aten_kthvalue_cpu/debuf.mlir"", ""--dry-run"", ""--matcher-mode"", ""syntactic"", ""--telemetry-json"", ""/home/arjaiswal/Polygeist/issues/equality_saturation_eval/campaign_20260908/aten-aten_kthvalue_cpu-syntactic-9n7r23z1.json"", ""--disable-semantic-fallback""]","== match report for /home/arjaiswal/Polygeist/issues/aten_c_kernels/results/aten_kthvalue_cpu/debuf.mlir ==
  match          body#[0]  cudaCopy1D_f32_tensor
  total: 1 matched / 1 bodies
",0,[],0,0,0,0,/home/arjaiswal/Polygeist/issues/aten_c_kernels/results/aten_kthvalue_cpu/debuf.mlir,4215,0,1,1,376.97627022862434,0,65856,0.12696534395217896,0,2,0,0,"[{""body_indices"": [0], ""symbol"": ""cudaCopy1D_f32_tensor""}]",1,0,52,0.0,52
aten,aten_kthvalue_cpu,/home/arjaiswal/Polygeist/issues/aten_c_kernels/results/aten_kthvalue_cpu/debuf.mlir,08d6d7d0374f93fb84ece47495eeebfdcd70e396dc67546c032112c01f086c7d,egglog,4,ok,0,834.0512961149216,0,"[""/usr/bin/python3"", ""/home/arjaiswal/Polygeist/scripts/correctness/kernel_match_rewrite.py"", ""/home/arjaiswal/Polygeist/issues/aten_c_kernels/results/aten_kthvalue_cpu/debuf.mlir"", ""--dry-run"", ""--matcher-mode"", ""egglog"", ""--telemetry-json"", ""/home/arjaiswal/Polygeist/issues/equality_saturation_eval/campaign_20260908/aten-aten_kthvalue_cpu-egglog-dojfb5kh.json"", ""--disable-semantic-fallback""]","== match report for /home/arjaiswal/Polygeist/issues/aten_c_kernels/results/aten_kthvalue_cpu/debuf.mlir ==
  match          body#[0]  cudaCopy1D_f32_tensor
  total: 1 matched / 1 bodies
",0,[],0,0,0,0,/home/arjaiswal/Polygeist/issues/aten_c_kernels/results/aten_kthvalue_cpu/debuf.mlir,4215,8,1,1,415.479589253664,0,69840,22.246364504098892,2,2,0,0,"[{""body_indices"": [0], ""symbol"": ""cudaCopy1D_f32_tensor""}]",1,0,0,0.0,52
aten,aten_kthvalue_cpu,/home/arjaiswal/Polygeist/issues/aten_c_kernels/results/aten_kthvalue_cpu/debuf.mlir,08d6d7d0374f93fb84ece47495eeebfdcd70e396dc67546c032112c01f086c7d,egglog,5,ok,0,842.9032117128372,0,"[""/usr/bin/python3"", ""/home/arjaiswal/Polygeist/scripts/correctness/kernel_match_rewrite.py"", ""/home/arjaiswal/Polygeist/issues/aten_c_kernels/results/aten_kthvalue_cpu/debuf.mlir"", ""--dry-run"", ""--matcher-mode"", ""egglog"", ""--telemetry-json"", ""/home/arjaiswal/Polygeist/issues/equality_saturation_eval/campaign_20260908/aten-aten_kthvalue_cpu-egglog-bm1__889.json"", ""--disable-semantic-fallback""]","== match report for /home/arjaiswal/Polygeist/issues/aten_c_kernels/results/aten_kthvalue_cpu/debuf.mlir ==
  match          body#[0]  cudaCopy1D_f32_tensor
  total: 1 matched / 1 bodies
",0,[],0,0,0,0,/home/arjaiswal/Polygeist/issues/aten_c_kernels/results/aten_kthvalue_cpu/debuf.mlir,4215,8,1,1,415.0109775364399,0,69628,22.03121781349182,2,2,0,0,"[{""body_indices"": [0], ""symbol"": ""cudaCopy1D_f32_tensor""}]",1,0,0,0.0,52
aten,aten_kthvalue_cpu,/home/arjaiswal/Polygeist/issues/aten_c_kernels/results/aten_kthvalue_cpu/debuf.mlir,08d6d7d0374f93fb84ece47495eeebfdcd70e396dc67546c032112c01f086c7d,syntactic,5,ok,0,839.4153565168381,0,"[""/usr/bin/python3"", ""/home/arjaiswal/Polygeist/scripts/correctness/kernel_match_rewrite.py"", ""/home/arjaiswal/Polygeist/issues/aten_c_kernels/results/aten_kthvalue_cpu/debuf.mlir"", ""--dry-run"", ""--matcher-mode"", ""syntactic"", ""--telemetry-json"", ""/home/arjaiswal/Polygeist/issues/equality_saturation_eval/campaign_20260908/aten-aten_kthvalue_cpu-syntactic-2robc1ez.json"", ""--disable-semantic-fallback""]","== match report for /home/arjaiswal/Polygeist/issues/aten_c_kernels/results/aten_kthvalue_cpu/debuf.mlir ==
  match          body#[0]  cudaCopy1D_f32_tensor
  total: 1 matched / 1 bodies
",0,[],0,0,0,0,/home/arjaiswal/Polygeist/issues/aten_c_kernels/results/aten_kthvalue_cpu/debuf.mlir,4215,0,1,1,413.317434489727,0,66020,0.14023855328559875,0,2,0,0,"[{""body_indices"": [0], ""symbol"": ""cudaCopy1D_f32_tensor""}]",1,0,52,0.0,52
aten,aten_l1_loss,/home/arjaiswal/Polygeist/issues/aten_c_kernels/results/aten_l1_loss/debuf.mlir,4ce27f5da4523821bf041ef253e7bcf68b30a675dcb9afb371c69e52c5805a7c,syntactic,1,ok,0,731.2669418752193,0,"[""/usr/bin/python3"", ""/home/arjaiswal/Polygeist/scripts/correctness/kernel_match_rewrite.py"", ""/home/arjaiswal/Polygeist/issues/aten_c_kernels/results/aten_l1_loss/debuf.mlir"", ""--dry-run"", ""--matcher-mode"", ""syntactic"", ""--telemetry-json"", ""/home/arjaiswal/Polygeist/issues/equality_saturation_eval/campaign_20260908/aten-aten_l1_loss-syntactic-ei7w0bsd.json"", ""--disable-semantic-fallback""]","== match report for /home/arjaiswal/Polygeist/issues/aten_c_kernels/results/aten_l1_loss/debuf.mlir ==
  no_match       body#0  ?
  total: 0 matched / 1 bodies
",0,[],0,0,0,0,/home/arjaiswal/Polygeist/issues/aten_c_kernels/results/aten_l1_loss/debuf.mlir,2674,0,1,0,295.8631403744221,1,65920,0.0186823308467865,0,0,0,0,[],0,0,2,0.0,2
aten,aten_l1_loss,/home/arjaiswal/Polygeist/issues/aten_c_kernels/results/aten_l1_loss/debuf.mlir,4ce27f5da4523821bf041ef253e7bcf68b30a675dcb9afb371c69e52c5805a7c,egglog,1,ok,0,781.2783718109131,0,"[""/usr/bin/python3"", ""/home/arjaiswal/Polygeist/scripts/correctness/kernel_match_rewrite.py"", ""/home/arjaiswal/Polygeist/issues/aten_c_kernels/results/aten_l1_loss/debuf.mlir"", ""--dry-run"", ""--matcher-mode"", ""egglog"", ""--telemetry-json"", ""/home/arjaiswal/Polygeist/issues/equality_saturation_eval/campaign_20260908/aten-aten_l1_loss-egglog-irn06idg.json"", ""--disable-semantic-fallback""]","== match report for /home/arjaiswal/Polygeist/issues/aten_c_kernels/results/aten_l1_loss/debuf.mlir ==
  no_match       body#0  ?
  total: 0 matched / 1 bodies
",0,[],0,0,0,0,/home/arjaiswal/Polygeist/issues/aten_c_kernels/results/aten_l1_loss/debuf.mlir,2674,8,1,0,298.6954227089882,1,65640,0.0,0,0,0,0,[],0,0,0,0.0,2
aten,aten_l1_loss,/home/arjaiswal/Polygeist/issues/aten_c_kernels/results/aten_l1_loss/debuf.mlir,4ce27f5da4523821bf041ef253e7bcf68b30a675dcb9afb371c69e52c5805a7c,egglog,2,ok,0,701.7645388841629,0,"[""/usr/bin/python3"", ""/home/arjaiswal/Polygeist/scripts/correctness/kernel_match_rewrite.py"", ""/home/arjaiswal/Polygeist/issues/aten_c_kernels/results/aten_l1_loss/debuf.mlir"", ""--dry-run"", ""--matcher-mode"", ""egglog"", ""--telemetry-json"", ""/home/arjaiswal/Polygeist/issues/equality_saturation_eval/campaign_20260908/aten-aten_l1_loss-egglog-u2p7_wbi.json"", ""--disable-semantic-fallback""]","== match report for /home/arjaiswal/Polygeist/issues/aten_c_kernels/results/aten_l1_loss/debuf.mlir ==
  no_match       body#0  ?
  total: 0 matched / 1 bodies
",0,[],0,0,0,0,/home/arjaiswal/Polygeist/issues/aten_c_kernels/results/aten_l1_loss/debuf.mlir,2674,8,1,0,296.60455882549286,1,65952,0.0,0,0,0,0,[],0,0,0,0.0,2
aten,aten_l1_loss,/home/arjaiswal/Polygeist/issues/aten_c_kernels/results/aten_l1_loss/debuf.mlir,4ce27f5da4523821bf041ef253e7bcf68b30a675dcb9afb371c69e52c5805a7c,syntactic,2,ok,0,717.7453264594078,0,"[""/usr/bin/python3"", ""/home/arjaiswal/Polygeist/scripts/correctness/kernel_match_rewrite.py"", ""/home/arjaiswal/Polygeist/issues/aten_c_kernels/results/aten_l1_loss/debuf.mlir"", ""--dry-run"", ""--matcher-mode"", ""syntactic"", ""--telemetry-json"", ""/home/arjaiswal/Polygeist/issues/equality_saturation_eval/campaign_20260908/aten-aten_l1_loss-syntactic-hnx_tvq9.json"", ""--disable-semantic-fallback""]","== match report for /home/arjaiswal/Polygeist/issues/aten_c_kernels/results/aten_l1_loss/debuf.mlir ==
  no_match       body#0  ?
  total: 0 matched / 1 bodies
",0,[],0,0,0,0,/home/arjaiswal/Polygeist/issues/aten_c_kernels/results/aten_l1_loss/debuf.mlir,2674,0,1,0,298.1533668935299,1,65896,0.01917034387588501,0,0,0,0,[],0,0,2,0.0,2
aten,aten_l1_loss,/home/arjaiswal/Polygeist/issues/aten_c_kernels/results/aten_l1_loss/debuf.mlir,4ce27f5da4523821bf041ef253e7bcf68b30a675dcb9afb371c69e52c5805a7c,syntactic,3,ok,0,750.6434135138988,0,"[""/usr/bin/python3"", ""/home/arjaiswal/Polygeist/scripts/correctness/kernel_match_rewrite.py"", ""/home/arjaiswal/Polygeist/issues/aten_c_kernels/results/aten_l1_loss/debuf.mlir"", ""--dry-run"", ""--matcher-mode"", ""syntactic"", ""--telemetry-json"", ""/home/arjaiswal/Polygeist/issues/equality_saturation_eval/campaign_20260908/aten-aten_l1_loss-syntactic-o8s0c31m.json"", ""--disable-semantic-fallback""]","== match report for /home/arjaiswal/Polygeist/issues/aten_c_kernels/results/aten_l1_loss/debuf.mlir ==
  no_match       body#0  ?
  total: 0 matched / 1 bodies
",0,[],0,0,0,0,/home/arjaiswal/Polygeist/issues/aten_c_kernels/results/aten_l1_loss/debuf.mlir,2674,0,1,0,317.6243267953396,1,66036,0.01934543251991272,0,0,0,0,[],0,0,2,0.0,2
aten,aten_l1_loss,/home/arjaiswal/Polygeist/issues/aten_c_kernels/results/aten_l1_loss/debuf.mlir,4ce27f5da4523821bf041ef253e7bcf68b30a675dcb9afb371c69e52c5805a7c,egglog,3,ok,0,732.3829755187035,0,"[""/usr/bin/python3"", ""/home/arjaiswal/Polygeist/scripts/correctness/kernel_match_rewrite.py"", ""/home/arjaiswal/Polygeist/issues/aten_c_kernels/results/aten_l1_loss/debuf.mlir"", ""--dry-run"", ""--matcher-mode"", ""egglog"", ""--telemetry-json"", ""/home/arjaiswal/Polygeist/issues/equality_saturation_eval/campaign_20260908/aten-aten_l1_loss-egglog-cejmhc05.json"", ""--disable-semantic-fallback""]","== match report for /home/arjaiswal/Polygeist/issues/aten_c_kernels/results/aten_l1_loss/debuf.mlir ==
  no_match       body#0  ?
  total: 0 matched / 1 bodies
",0,[],0,0,0,0,/home/arjaiswal/Polygeist/issues/aten_c_kernels/results/aten_l1_loss/debuf.mlir,2674,8,1,0,286.7843247950077,1,66044,0.0,0,0,0,0,[],0,0,0,0.0,2
aten,aten_l1_loss,/home/arjaiswal/Polygeist/issues/aten_c_kernels/results/aten_l1_loss/debuf.mlir,4ce27f5da4523821bf041ef253e7bcf68b30a675dcb9afb371c69e52c5805a7c,egglog,4,ok,0,705.2598223090172,0,"[""/usr/bin/python3"", ""/home/arjaiswal/Polygeist/scripts/correctness/kernel_match_rewrite.py"", ""/home/arjaiswal/Polygeist/issues/aten_c_kernels/results/aten_l1_loss/debuf.mlir"", ""--dry-run"", ""--matcher-mode"", ""egglog"", ""--telemetry-json"", ""/home/arjaiswal/Polygeist/issues/equality_saturation_eval/campaign_20260908/aten-aten_l1_loss-egglog-wyh90pes.json"", ""--disable-semantic-fallback""]","== match report for /home/arjaiswal/Polygeist/issues/aten_c_kernels/results/aten_l1_loss/debuf.mlir ==
  no_match       body#0  ?
  total: 0 matched / 1 bodies
",0,[],0,0,0,0,/home/arjaiswal/Polygeist/issues/aten_c_kernels/results/aten_l1_loss/debuf.mlir,2674,8,1,0,280.76479211449623,1,66080,0.0,0,0,0,0,[],0,0,0,0.0,2
aten,aten_l1_loss,/home/arjaiswal/Polygeist/issues/aten_c_kernels/results/aten_l1_loss/debuf.mlir,4ce27f5da4523821bf041ef253e7bcf68b30a675dcb9afb371c69e52c5805a7c,syntactic,4,ok,0,701.7499171197414,0,"[""/usr/bin/python3"", ""/home/arjaiswal/Polygeist/scripts/correctness/kernel_match_rewrite.py"", ""/home/arjaiswal/Polygeist/issues/aten_c_kernels/results/aten_l1_loss/debuf.mlir"", ""--dry-run"", ""--matcher-mode"", ""syntactic"", ""--telemetry-json"", ""/home/arjaiswal/Polygeist/issues/equality_saturation_eval/campaign_20260908/aten-aten_l1_loss-syntactic-v92esmql.json"", ""--disable-semantic-fallback""]","== match report for /home/arjaiswal/Polygeist/issues/aten_c_kernels/results/aten_l1_loss/debuf.mlir ==
  no_match       body#0  ?
  total: 0 matched / 1 bodies
",0,[],0,0,0,0,/home/arjaiswal/Polygeist/issues/aten_c_kernels/results/aten_l1_loss/debuf.mlir,2674,0,1,0,285.4292578995228,1,65972,0.01833587884902954,0,0,0,0,[],0,0,2,0.0,2
aten,aten_l1_loss,/home/arjaiswal/Polygeist/issues/aten_c_kernels/results/aten_l1_loss/debuf.mlir,4ce27f5da4523821bf041ef253e7bcf68b30a675dcb9afb371c69e52c5805a7c,syntactic,5,ok,0,719.4120958447456,0,"[""/usr/bin/python3"", ""/home/arjaiswal/Polygeist/scripts/correctness/kernel_match_rewrite.py"", ""/home/arjaiswal/Polygeist/issues/aten_c_kernels/results/aten_l1_loss/debuf.mlir"", ""--dry-run"", ""--matcher-mode"", ""syntactic"", ""--telemetry-json"", ""/home/arjaiswal/Polygeist/issues/equality_saturation_eval/campaign_20260908/aten-aten_l1_loss-syntactic-vgtvk_5c.json"", ""--disable-semantic-fallback""]","== match report for /home/arjaiswal/Polygeist/issues/aten_c_kernels/results/aten_l1_loss/debuf.mlir ==
  no_match       body#0  ?
  total: 0 matched / 1 bodies
",0,[],0,0,0,0,/home/arjaiswal/Polygeist/issues/aten_c_kernels/results/aten_l1_loss/debuf.mlir,2674,0,1,0,304.882038384676,1,65976,0.0196211040019989,0,0,0,0,[],0,0,2,0.0,2
aten,aten_l1_loss,/home/arjaiswal/Polygeist/issues/aten_c_kernels/results/aten_l1_loss/debuf.mlir,4ce27f5da4523821bf041ef253e7bcf68b30a675dcb9afb371c69e52c5805a7c,egglog,5,ok,0,711.255393922329,0,"[""/usr/bin/python3"", ""/home/arjaiswal/Polygeist/scripts/correctness/kernel_match_rewrite.py"", ""/home/arjaiswal/Polygeist/issues/aten_c_kernels/results/aten_l1_loss/debuf.mlir"", ""--dry-run"", ""--matcher-mode"", ""egglog"", ""--telemetry-json"", ""/home/arjaiswal/Polygeist/issues/equality_saturation_eval/campaign_20260908/aten-aten_l1_loss-egglog-2yrk6kj_.json"", ""--disable-semantic-fallback""]","== match report for /home/arjaiswal/Polygeist/issues/aten_c_kernels/results/aten_l1_loss/debuf.mlir ==
  no_match       body#0  ?
  total: 0 matched / 1 bodies
",0,[],0,0,0,0,/home/arjaiswal/Polygeist/issues/aten_c_kernels/results/aten_l1_loss/debuf.mlir,2674,8,1,0,291.25459119677544,1,65888,0.0,0,0,0,0,[],0,0,0,0.0,2
aten,aten_laguerre_polynomial_l,/home/arjaiswal/Polygeist/issues/aten_c_kernels/results/aten_laguerre_polynomial_l/debuf.mlir,957c7a8b681108f0785fa1387d2df4bf09ee86c275d420b6ec7ed0667c8fa39a,egglog,1,ok,0,687.834944576025,0,"[""/usr/bin/python3"", ""/home/arjaiswal/Polygeist/scripts/correctness/kernel_match_rewrite.py"", ""/home/arjaiswal/Polygeist/issues/aten_c_kernels/results/aten_laguerre_polynomial_l/debuf.mlir"", ""--dry-run"", ""--matcher-mode"", ""egglog"", ""--telemetry-json"", ""/home/arjaiswal/Polygeist/issues/equality_saturation_eval/campaign_20260908/aten-aten_laguerre_polynomial_l-egglog-j7rb2rzt.json"", ""--disable-semantic-fallback""]","== match report for /home/arjaiswal/Polygeist/issues/aten_c_kernels/results/aten_laguerre_polynomial_l/debuf.mlir ==
  no_match       body#0  ?
  total: 0 matched / 1 bodies
",0,[],0,0,0,0,/home/arjaiswal/Polygeist/issues/aten_c_kernels/results/aten_laguerre_polynomial_l/debuf.mlir,2056,8,1,0,280.54698929190636,1,65612,0.0,0,0,0,0,[],0,0,0,0.0,6
aten,aten_laguerre_polynomial_l,/home/arjaiswal/Polygeist/issues/aten_c_kernels/results/aten_laguerre_polynomial_l/debuf.mlir,957c7a8b681108f0785fa1387d2df4bf09ee86c275d420b6ec7ed0667c8fa39a,syntactic,1,ok,0,689.0954412519932,0,"[""/usr/bin/python3"", ""/home/arjaiswal/Polygeist/scripts/correctness/kernel_match_rewrite.py"", ""/home/arjaiswal/Polygeist/issues/aten_c_kernels/results/aten_laguerre_polynomial_l/debuf.mlir"", ""--dry-run"", ""--matcher-mode"", ""syntactic"", ""--telemetry-json"", ""/home/arjaiswal/Polygeist/issues/equality_saturation_eval/campaign_20260908/aten-aten_laguerre_polynomial_l-syntactic-6dql7o1a.json"", ""--disable-semantic-fallback""]","== match report for /home/arjaiswal/Polygeist/issues/aten_c_kernels/results/aten_laguerre_polynomial_l/debuf.mlir ==
  no_match       body#0  ?
  total: 0 matched / 1 bodies
",0,[],0,0,0,0,/home/arjaiswal/Polygeist/issues/aten_c_kernels/results/aten_laguerre_polynomial_l/debuf.mlir,2056,0,1,0,289.59694504737854,1,65404,0.020544975996017456,0,0,0,0,[],0,0,6,0.0,6
aten,aten_laguerre_polynomial_l,/home/arjaiswal/Polygeist/issues/aten_c_kernels/results/aten_laguerre_polynomial_l/debuf.mlir,957c7a8b681108f0785fa1387d2df4bf09ee86c275d420b6ec7ed0667c8fa39a,syntactic,2,ok,0,691.7167529463768,0,"[""/usr/bin/python3"", ""/home/arjaiswal/Polygeist/scripts/correctness/kernel_match_rewrite.py"", ""/home/arjaiswal/Polygeist/issues/aten_c_kernels/results/aten_laguerre_polynomial_l/debuf.mlir"", ""--dry-run"", ""--matcher-mode"", ""syntactic"", ""--telemetry-json"", ""/home/arjaiswal/Polygeist/issues/equality_saturation_eval/campaign_20260908/aten-aten_laguerre_polynomial_l-syntactic-dbgqf0z9.json"", ""--disable-semantic-fallback""]","== match report for /home/arjaiswal/Polygeist/issues/aten_c_kernels/results/aten_laguerre_polynomial_l/debuf.mlir ==
  no_match       body#0  ?
  total: 0 matched / 1 bodies
",0,[],0,0,0,0,/home/arjaiswal/Polygeist/issues/aten_c_kernels/results/aten_laguerre_polynomial_l/debuf.mlir,2056,0,1,0,276.8864184617996,1,65612,0.016957521438598633,0,0,0,0,[],0,0,6,0.0,6
aten,aten_laguerre_polynomial_l,/home/arjaiswal/Polygeist/issues/aten_c_kernels/results/aten_laguerre_polynomial_l/debuf.mlir,957c7a8b681108f0785fa1387d2df4bf09ee86c275d420b6ec7ed0667c8fa39a,egglog,2,ok,0,692.7882544696331,0,"[""/usr/bin/python3"", ""/home/arjaiswal/Polygeist/scripts/correctness/kernel_match_rewrite.py"", ""/home/arjaiswal/Polygeist/issues/aten_c_kernels/results/aten_laguerre_polynomial_l/debuf.mlir"", ""--dry-run"", ""--matcher-mode"", ""egglog"", ""--telemetry-json"", ""/home/arjaiswal/Polygeist/issues/equality_saturation_eval/campaign_20260908/aten-aten_laguerre_polynomial_l-egglog-dwirb40q.json"", ""--disable-semantic-fallback""]","== match report for /home/arjaiswal/Polygeist/issues/aten_c_kernels/results/aten_laguerre_polynomial_l/debuf.mlir ==
  no_match       body#0  ?
  total: 0 matched / 1 bodies
",0,[],0,0,0,0,/home/arjaiswal/Polygeist/issues/aten_c_kernels/results/aten_laguerre_polynomial_l/debuf.mlir,2056,8,1,0,282.5719527900219,1,65576,0.0,0,0,0,0,[],0,0,0,0.0,6
aten,aten_laguerre_polynomial_l,/home/arjaiswal/Polygeist/issues/aten_c_kernels/results/aten_laguerre_polynomial_l/debuf.mlir,957c7a8b681108f0785fa1387d2df4bf09ee86c275d420b6ec7ed0667c8fa39a,egglog,3,ok,0,734.8715737462044,0,"[""/usr/bin/python3"", ""/home/arjaiswal/Polygeist/scripts/correctness/kernel_match_rewrite.py"", ""/home/arjaiswal/Polygeist/issues/aten_c_kernels/results/aten_laguerre_polynomial_l/debuf.mlir"", ""--dry-run"", ""--matcher-mode"", ""egglog"", ""--telemetry-json"", ""/home/arjaiswal/Polygeist/issues/equality_saturation_eval/campaign_20260908/aten-aten_laguerre_polynomial_l-egglog-dwjcco14.json"", ""--disable-semantic-fallback""]","== match report for /home/arjaiswal/Polygeist/issues/aten_c_kernels/results/aten_laguerre_polynomial_l/debuf.mlir ==
  no_match       body#0  ?
  total: 0 matched / 1 bodies
",0,[],0,0,0,0,/home/arjaiswal/Polygeist/issues/aten_c_kernels/results/aten_laguerre_polynomial_l/debuf.mlir,2056,8,1,0,306.1831705272198,1,65556,0.0,0,0,0,0,[],0,0,0,0.0,6
aten,aten_laguerre_polynomial_l,/home/arjaiswal/Polygeist/issues/aten_c_kernels/results/aten_laguerre_polynomial_l/debuf.mlir,957c7a8b681108f0785fa1387d2df4bf09ee86c275d420b6ec7ed0667c8fa39a,syntactic,3,ok,0,722.0908589661121,0,"[""/usr/bin/python3"", ""/home/arjaiswal/Polygeist/scripts/correctness/kernel_match_rewrite.py"", ""/home/arjaiswal/Polygeist/issues/aten_c_kernels/results/aten_laguerre_polynomial_l/debuf.mlir"", ""--dry-run"", ""--matcher-mode"", ""syntactic"", ""--telemetry-json"", ""/home/arjaiswal/Polygeist/issues/equality_saturation_eval/campaign_20260908/aten-aten_laguerre_polynomial_l-syntactic-i809nv1d.json"", ""--disable-semantic-fallback""]","== match report for /home/arjaiswal/Polygeist/issues/aten_c_kernels/results/aten_laguerre_polynomial_l/debuf.mlir ==
  no_match       body#0  ?
  total: 0 matched / 1 bodies
",0,[],0,0,0,0,/home/arjaiswal/Polygeist/issues/aten_c_kernels/results/aten_laguerre_polynomial_l/debuf.mlir,2056,0,1,0,299.4183115661144,1,65636,0.019781291484832764,0,0,0,0,[],0,0,6,0.0,6
aten,aten_laguerre_polynomial_l,/home/arjaiswal/Polygeist/issues/aten_c_kernels/results/aten_laguerre_polynomial_l/debuf.mlir,957c7a8b681108f0785fa1387d2df4bf09ee86c275d420b6ec7ed0667c8fa39a,syntactic,4,ok,0,721.5499356389046,0,"[""/usr/bin/python3"", ""/home/arjaiswal/Polygeist/scripts/correctness/kernel_match_rewrite.py"", ""/home/arjaiswal/Polygeist/issues/aten_c_kernels/results/aten_laguerre_polynomial_l/debuf.mlir"", ""--dry-run"", ""--matcher-mode"", ""syntactic"", ""--telemetry-json"", ""/home/arjaiswal/Polygeist/issues/equality_saturation_eval/campaign_20260908/aten-aten_laguerre_polynomial_l-syntactic-tl0hx86a.json"", ""--disable-semantic-fallback""]","== match report for /home/arjaiswal/Polygeist/issues/aten_c_kernels/results/aten_laguerre_polynomial_l/debuf.mlir ==
  no_match       body#0  ?
  total: 0 matched / 1 bodies
",0,[],0,0,0,0,/home/arjaiswal/Polygeist/issues/aten_c_kernels/results/aten_laguerre_polynomial_l/debuf.mlir,2056,0,1,0,292.5835885107517,1,65684,0.01905485987663269,0,0,0,0,[],0,0,6,0.0,6
aten,aten_laguerre_polynomial_l,/home/arjaiswal/Polygeist/issues/aten_c_kernels/results/aten_laguerre_polynomial_l/debuf.mlir,957c7a8b681108f0785fa1387d2df4bf09ee86c275d420b6ec7ed0667c8fa39a,egglog,4,ok,0,704.8954628407955,0,"[""/usr/bin/python3"", ""/home/arjaiswal/Polygeist/scripts/correctness/kernel_match_rewrite.py"", ""/home/arjaiswal/Polygeist/issues/aten_c_kernels/results/aten_laguerre_polynomial_l/debuf.mlir"", ""--dry-run"", ""--matcher-mode"", ""egglog"", ""--telemetry-json"", ""/home/arjaiswal/Polygeist/issues/equality_saturation_eval/campaign_20260908/aten-aten_laguerre_polynomial_l-egglog-t6_vyfe4.json"", ""--disable-semantic-fallback""]","== match report for /home/arjaiswal/Polygeist/issues/aten_c_kernels/results/aten_laguerre_polynomial_l/debuf.mlir ==
  no_match       body#0  ?
  total: 0 matched / 1 bodies
",0,[],0,0,0,0,/home/arjaiswal/Polygeist/issues/aten_c_kernels/results/aten_laguerre_polynomial_l/debuf.mlir,2056,8,1,0,296.97335511446,1,65508,0.0,0,0,0,0,[],0,0,0,0.0,6
aten,aten_laguerre_polynomial_l,/home/arjaiswal/Polygeist/issues/aten_c_kernels/results/aten_laguerre_polynomial_l/debuf.mlir,957c7a8b681108f0785fa1387d2df4bf09ee86c275d420b6ec7ed0667c8fa39a,egglog,5,ok,0,696.2649188935757,0,"[""/usr/bin/python3"", ""/home/arjaiswal/Polygeist/scripts/correctness/kernel_match_rewrite.py"", ""/home/arjaiswal/Polygeist/issues/aten_c_kernels/results/aten_laguerre_polynomial_l/debuf.mlir"", ""--dry-run"", ""--matcher-mode"", ""egglog"", ""--telemetry-json"", ""/home/arjaiswal/Polygeist/issues/equality_saturation_eval/campaign_20260908/aten-aten_laguerre_polynomial_l-egglog-aght2om4.json"", ""--disable-semantic-fallback""]","== match report for /home/arjaiswal/Polygeist/issues/aten_c_kernels/results/aten_laguerre_polynomial_l/debuf.mlir ==
  no_match       body#0  ?
  total: 0 matched / 1 bodies
",0,[],0,0,0,0,/home/arjaiswal/Polygeist/issues/aten_c_kernels/results/aten_laguerre_polynomial_l/debuf.mlir,2056,8,1,0,293.9269207417965,1,65908,0.0,0,0,0,0,[],0,0,0,0.0,6
aten,aten_laguerre_polynomial_l,/home/arjaiswal/Polygeist/issues/aten_c_kernels/results/aten_laguerre_polynomial_l/debuf.mlir,957c7a8b681108f0785fa1387d2df4bf09ee86c275d420b6ec7ed0667c8fa39a,syntactic,5,ok,0,723.6652448773384,0,"[""/usr/bin/python3"", ""/home/arjaiswal/Polygeist/scripts/correctness/kernel_match_rewrite.py"", ""/home/arjaiswal/Polygeist/issues/aten_c_kernels/results/aten_laguerre_polynomial_l/debuf.mlir"", ""--dry-run"", ""--matcher-mode"", ""syntactic"", ""--telemetry-json"", ""/home/arjaiswal/Polygeist/issues/equality_saturation_eval/campaign_20260908/aten-aten_laguerre_polynomial_l-syntactic-dnv858v_.json"", ""--disable-semantic-fallback""]","== match report for /home/arjaiswal/Polygeist/issues/aten_c_kernels/results/aten_laguerre_polynomial_l/debuf.mlir ==
  no_match       body#0  ?
  total: 0 matched / 1 bodies
",0,[],0,0,0,0,/home/arjaiswal/Polygeist/issues/aten_c_kernels/results/aten_laguerre_polynomial_l/debuf.mlir,2056,0,1,0,306.5374307334423,1,65444,0.015459954738616943,0,0,0,0,[],0,0,6,0.0,6
aten,aten_layer_norm,/home/arjaiswal/Polygeist/issues/aten_c_kernels/results/aten_layer_norm/debuf.mlir,3322a5851c5b36818b6a10a61b85d7b50e68c7670ede11e9c5a2b9034e1e68b9,syntactic,1,ok,0,813.2696375250816,0,"[""/usr/bin/python3"", ""/home/arjaiswal/Polygeist/scripts/correctness/kernel_match_rewrite.py"", ""/home/arjaiswal/Polygeist/issues/aten_c_kernels/results/aten_layer_norm/debuf.mlir"", ""--dry-run"", ""--matcher-mode"", ""syntactic"", ""--telemetry-json"", ""/home/arjaiswal/Polygeist/issues/equality_saturation_eval/campaign_20260908/aten-aten_layer_norm-syntactic-7q9y55u6.json"", ""--disable-semantic-fallback""]","== match report for /home/arjaiswal/Polygeist/issues/aten_c_kernels/results/aten_layer_norm/debuf.mlir ==
  match          body#[0]  cudnnReduceSum_f32
  no_match       body#1  ?
  match          body#[2]  cudnnPointwiseGraph_f32
  total: 2 matched / 3 bodies
",0,[],0,0,0,0,/home/arjaiswal/Polygeist/issues/aten_c_kernels/results/aten_layer_norm/debuf.mlir,3468,0,3,2,386.8514969944954,1,66272,0.11084601283073425,0,2,0,0,"[{""body_indices"": [0], ""symbol"": ""cudnnReduceSum_f32""}, {""body_indices"": [2], ""symbol"": ""cudnnPointwiseGraph_f32""}]",2,0,26,0.0,26
aten,aten_layer_norm,/home/arjaiswal/Polygeist/issues/aten_c_kernels/results/aten_layer_norm/debuf.mlir,3322a5851c5b36818b6a10a61b85d7b50e68c7670ede11e9c5a2b9034e1e68b9,egglog,1,ok,0,906.6654704511166,0,"[""/usr/bin/python3"", ""/home/arjaiswal/Polygeist/scripts/correctness/kernel_match_rewrite.py"", ""/home/arjaiswal/Polygeist/issues/aten_c_kernels/results/aten_layer_norm/debuf.mlir"", ""--dry-run"", ""--matcher-mode"", ""egglog"", ""--telemetry-json"", ""/home/arjaiswal/Polygeist/issues/equality_saturation_eval/campaign_20260908/aten-aten_layer_norm-egglog-3mf0xbdc.json"", ""--disable-semantic-fallback""]","== match report for /home/arjaiswal/Polygeist/issues/aten_c_kernels/results/aten_layer_norm/debuf.mlir ==
  match          body#[0]  cudnnReduceSum_f32
  no_match       body#1  ?
  match          body#[2]  cudnnPointwiseGraph_f32
  total: 2 matched / 3 bodies
",0,[],0,0,0,0,/home/arjaiswal/Polygeist/issues/aten_c_kernels/results/aten_layer_norm/debuf.mlir,3468,8,3,2,431.44258484244347,1,70000,26.987329125404358,2,2,0,4,"[{""body_indices"": [0], ""symbol"": ""cudnnReduceSum_f32""}, {""body_indices"": [2], ""symbol"": ""cudnnPointwiseGraph_f32""}]",2,0,0,0.0,26
aten,aten_layer_norm,/home/arjaiswal/Polygeist/issues/aten_c_kernels/results/aten_layer_norm/debuf.mlir,3322a5851c5b36818b6a10a61b85d7b50e68c7670ede11e9c5a2b9034e1e68b9,egglog,2,ok,0,822.8943422436714,0,"[""/usr/bin/python3"", ""/home/arjaiswal/Polygeist/scripts/correctness/kernel_match_rewrite.py"", ""/home/arjaiswal/Polygeist/issues/aten_c_kernels/results/aten_layer_norm/debuf.mlir"", ""--dry-run"", ""--matcher-mode"", ""egglog"", ""--telemetry-json"", ""/home/arjaiswal/Polygeist/issues/equality_saturation_eval/campaign_20260908/aten-aten_layer_norm-egglog-8e6cv9ec.json"", ""--disable-semantic-fallback""]","== match report for /home/arjaiswal/Polygeist/issues/aten_c_kernels/results/aten_layer_norm/debuf.mlir ==
  match          body#[0]  cudnnReduceSum_f32
  no_match       body#1  ?
  match          body#[2]  cudnnPointwiseGraph_f32
  total: 2 matched / 3 bodies
",0,[],0,0,0,0,/home/arjaiswal/Polygeist/issues/aten_c_kernels/results/aten_layer_norm/debuf.mlir,3468,8,3,2,411.017794162035,1,70044,21.22807502746582,2,2,0,4,"[{""body_indices"": [0], ""symbol"": ""cudnnReduceSum_f32""}, {""body_indices"": [2], ""symbol"": ""cudnnPointwiseGraph_f32""}]",2,0,0,0.0,26
aten,aten_layer_norm,/home/arjaiswal/Polygeist/issues/aten_c_kernels/results/aten_layer_norm/debuf.mlir,3322a5851c5b36818b6a10a61b85d7b50e68c7670ede11e9c5a2b9034e1e68b9,syntactic,2,ok,0,787.5095941126347,0,"[""/usr/bin/python3"", ""/home/arjaiswal/Polygeist/scripts/correctness/kernel_match_rewrite.py"", ""/home/arjaiswal/Polygeist/issues/aten_c_kernels/results/aten_layer_norm/debuf.mlir"", ""--dry-run"", ""--matcher-mode"", ""syntactic"", ""--telemetry-json"", ""/home/arjaiswal/Polygeist/issues/equality_saturation_eval/campaign_20260908/aten-aten_layer_norm-syntactic-1qdimetd.json"", ""--disable-semantic-fallback""]","== match report for /home/arjaiswal/Polygeist/issues/aten_c_kernels/results/aten_layer_norm/debuf.mlir ==
  match          body#[0]  cudnnReduceSum_f32
  no_match       body#1  ?
  match          body#[2]  cudnnPointwiseGraph_f32
  total: 2 matched / 3 bodies
",0,[],0,0,0,0,/home/arjaiswal/Polygeist/issues/aten_c_kernels/results/aten_layer_norm/debuf.mlir,3468,0,3,2,381.6405162215233,1,66120,0.1061856746673584,0,2,0,0,"[{""body_indices"": [0], ""symbol"": ""cudnnReduceSum_f32""}, {""body_indices"": [2], ""symbol"": ""cudnnPointwiseGraph_f32""}]",2,0,26,0.0,26
aten,aten_layer_norm,/home/arjaiswal/Polygeist/issues/aten_c_kernels/results/aten_layer_norm/debuf.mlir,3322a5851c5b36818b6a10a61b85d7b50e68c7670ede11e9c5a2b9034e1e68b9,syntactic,3,ok,0,804.3194338679314,0,"[""/usr/bin/python3"", ""/home/arjaiswal/Polygeist/scripts/correctness/kernel_match_rewrite.py"", ""/home/arjaiswal/Polygeist/issues/aten_c_kernels/results/aten_layer_norm/debuf.mlir"", ""--dry-run"", ""--matcher-mode"", ""syntactic"", ""--telemetry-json"", ""/home/arjaiswal/Polygeist/issues/equality_saturation_eval/campaign_20260908/aten-aten_layer_norm-syntactic-5scraktx.json"", ""--disable-semantic-fallback""]","== match report for /home/arjaiswal/Polygeist/issues/aten_c_kernels/results/aten_layer_norm/debuf.mlir ==
  match          body#[0]  cudnnReduceSum_f32
  no_match       body#1  ?
  match          body#[2]  cudnnPointwiseGraph_f32
  total: 2 matched / 3 bodies
",0,[],0,0,0,0,/home/arjaiswal/Polygeist/issues/aten_c_kernels/results/aten_layer_norm/debuf.mlir,3468,0,3,2,391.875047236681,1,66116,0.10769069194793701,0,2,0,0,"[{""body_indices"": [0], ""symbol"": ""cudnnReduceSum_f32""}, {""body_indices"": [2], ""symbol"": ""cudnnPointwiseGraph_f32""}]",2,0,26,0.0,26
aten,aten_layer_norm,/home/arjaiswal/Polygeist/issues/aten_c_kernels/results/aten_layer_norm/debuf.mlir,3322a5851c5b36818b6a10a61b85d7b50e68c7670ede11e9c5a2b9034e1e68b9,egglog,3,ok,0,838.181521743536,0,"[""/usr/bin/python3"", ""/home/arjaiswal/Polygeist/scripts/correctness/kernel_match_rewrite.py"", ""/home/arjaiswal/Polygeist/issues/aten_c_kernels/results/aten_layer_norm/debuf.mlir"", ""--dry-run"", ""--matcher-mode"", ""egglog"", ""--telemetry-json"", ""/home/arjaiswal/Polygeist/issues/equality_saturation_eval/campaign_20260908/aten-aten_layer_norm-egglog-ss2s44aa.json"", ""--disable-semantic-fallback""]","== match report for /home/arjaiswal/Polygeist/issues/aten_c_kernels/results/aten_layer_norm/debuf.mlir ==
  match          body#[0]  cudnnReduceSum_f32
  no_match       body#1  ?
  match          body#[2]  cudnnPointwiseGraph_f32
  total: 2 matched / 3 bodies
",0,[],0,0,0,0,/home/arjaiswal/Polygeist/issues/aten_c_kernels/results/aten_layer_norm/debuf.mlir,3468,8,3,2,407.0487841963768,1,69880,21.314293146133423,2,2,0,4,"[{""body_indices"": [0], ""symbol"": ""cudnnReduceSum_f32""}, {""body_indices"": [2], ""symbol"": ""cudnnPointwiseGraph_f32""}]",2,0,0,0.0,26
aten,aten_layer_norm,/home/arjaiswal/Polygeist/issues/aten_c_kernels/results/aten_layer_norm/debuf.mlir,3322a5851c5b36818b6a10a61b85d7b50e68c7670ede11e9c5a2b9034e1e68b9,egglog,4,ok,0,859.4902940094471,0,"[""/usr/bin/python3"", ""/home/arjaiswal/Polygeist/scripts/correctness/kernel_match_rewrite.py"", ""/home/arjaiswal/Polygeist/issues/aten_c_kernels/results/aten_layer_norm/debuf.mlir"", ""--dry-run"", ""--matcher-mode"", ""egglog"", ""--telemetry-json"", ""/home/arjaiswal/Polygeist/issues/equality_saturation_eval/campaign_20260908/aten-aten_layer_norm-egglog-x982nkad.json"", ""--disable-semantic-fallback""]","== match report for /home/arjaiswal/Polygeist/issues/aten_c_kernels/results/aten_layer_norm/debuf.mlir ==
  match          body#[0]  cudnnReduceSum_f32
  no_match       body#1  ?
  match          body#[2]  cudnnPointwiseGraph_f32
  total: 2 matched / 3 bodies
",0,[],0,0,0,0,/home/arjaiswal/Polygeist/issues/aten_c_kernels/results/aten_layer_norm/debuf.mlir,3468,8,3,2,436.9269534945488,1,69948,21.327249705791473,2,2,0,4,"[{""body_indices"": [0], ""symbol"": ""cudnnReduceSum_f32""}, {""body_indices"": [2], ""symbol"": ""cudnnPointwiseGraph_f32""}]",2,0,0,0.0,26
aten,aten_layer_norm,/home/arjaiswal/Polygeist/issues/aten_c_kernels/results/aten_layer_norm/debuf.mlir,3322a5851c5b36818b6a10a61b85d7b50e68c7670ede11e9c5a2b9034e1e68b9,syntactic,4,ok,0,820.4477056860924,0,"[""/usr/bin/python3"", ""/home/arjaiswal/Polygeist/scripts/correctness/kernel_match_rewrite.py"", ""/home/arjaiswal/Polygeist/issues/aten_c_kernels/results/aten_layer_norm/debuf.mlir"", ""--dry-run"", ""--matcher-mode"", ""syntactic"", ""--telemetry-json"", ""/home/arjaiswal/Polygeist/issues/equality_saturation_eval/campaign_20260908/aten-aten_layer_norm-syntactic-yugn1mwp.json"", ""--disable-semantic-fallback""]","== match report for /home/arjaiswal/Polygeist/issues/aten_c_kernels/results/aten_layer_norm/debuf.mlir ==
  match          body#[0]  cudnnReduceSum_f32
  no_match       body#1  ?
  match          body#[2]  cudnnPointwiseGraph_f32
  total: 2 matched / 3 bodies
",0,[],0,0,0,0,/home/arjaiswal/Polygeist/issues/aten_c_kernels/results/aten_layer_norm/debuf.mlir,3468,0,3,2,387.22019642591476,1,66220,0.10924413800239563,0,2,0,0,"[{""body_indices"": [0], ""symbol"": ""cudnnReduceSum_f32""}, {""body_indices"": [2], ""symbol"": ""cudnnPointwiseGraph_f32""}]",2,0,26,0.0,26
aten,aten_layer_norm,/home/arjaiswal/Polygeist/issues/aten_c_kernels/results/aten_layer_norm/debuf.mlir,3322a5851c5b36818b6a10a61b85d7b50e68c7670ede11e9c5a2b9034e1e68b9,syntactic,5,ok,0,834.621325135231,0,"[""/usr/bin/python3"", ""/home/arjaiswal/Polygeist/scripts/correctness/kernel_match_rewrite.py"", ""/home/arjaiswal/Polygeist/issues/aten_c_kernels/results/aten_layer_norm/debuf.mlir"", ""--dry-run"", ""--matcher-mode"", ""syntactic"", ""--telemetry-json"", ""/home/arjaiswal/Polygeist/issues/equality_saturation_eval/campaign_20260908/aten-aten_layer_norm-syntactic-v523r3ho.json"", ""--disable-semantic-fallback""]","== match report for /home/arjaiswal/Polygeist/issues/aten_c_kernels/results/aten_layer_norm/debuf.mlir ==
  match          body#[0]  cudnnReduceSum_f32
  no_match       body#1  ?
  match          body#[2]  cudnnPointwiseGraph_f32
  total: 2 matched / 3 bodies
",0,[],0,0,0,0,/home/arjaiswal/Polygeist/issues/aten_c_kernels/results/aten_layer_norm/debuf.mlir,3468,0,3,2,424.7893877327442,1,66272,0.11700019240379333,0,2,0,0,"[{""body_indices"": [0], ""symbol"": ""cudnnReduceSum_f32""}, {""body_indices"": [2], ""symbol"": ""cudnnPointwiseGraph_f32""}]",2,0,26,0.0,26
aten,aten_layer_norm,/home/arjaiswal/Polygeist/issues/aten_c_kernels/results/aten_layer_norm/debuf.mlir,3322a5851c5b36818b6a10a61b85d7b50e68c7670ede11e9c5a2b9034e1e68b9,egglog,5,ok,0,859.5317862927914,0,"[""/usr/bin/python3"", ""/home/arjaiswal/Polygeist/scripts/correctness/kernel_match_rewrite.py"", ""/home/arjaiswal/Polygeist/issues/aten_c_kernels/results/aten_layer_norm/debuf.mlir"", ""--dry-run"", ""--matcher-mode"", ""egglog"", ""--telemetry-json"", ""/home/arjaiswal/Polygeist/issues/equality_saturation_eval/campaign_20260908/aten-aten_layer_norm-egglog-8btp4_qq.json"", ""--disable-semantic-fallback""]","== match report for /home/arjaiswal/Polygeist/issues/aten_c_kernels/results/aten_layer_norm/debuf.mlir ==
  match          body#[0]  cudnnReduceSum_f32
  no_match       body#1  ?
  match          body#[2]  cudnnPointwiseGraph_f32
  total: 2 matched / 3 bodies
",0,[],0,0,0,0,/home/arjaiswal/Polygeist/issues/aten_c_kernels/results/aten_layer_norm/debuf.mlir,3468,8,3,2,422.7203279733658,1,69988,22.159717977046967,2,2,0,4,"[{""body_indices"": [0], ""symbol"": ""cudnnReduceSum_f32""}, {""body_indices"": [2], ""symbol"": ""cudnnPointwiseGraph_f32""}]",2,0,0,0.0,26
aten,aten_layer_norm_backward_cpu,/home/arjaiswal/Polygeist/issues/aten_c_kernels/results/aten_layer_norm_backward_cpu/debuf.mlir,bd39cb1fddb132aa229131691287989db52f39a28f420c00438546490b0f982d,egglog,1,ok,0,1301.077276468277,0,"[""/usr/bin/python3"", ""/home/arjaiswal/Polygeist/scripts/correctness/kernel_match_rewrite.py"", ""/home/arjaiswal/Polygeist/issues/aten_c_kernels/results/aten_layer_norm_backward_cpu/debuf.mlir"", ""--dry-run"", ""--matcher-mode"", ""egglog"", ""--telemetry-json"", ""/home/arjaiswal/Polygeist/issues/equality_saturation_eval/campaign_20260908/aten-aten_layer_norm_backward_cpu-egglog-h9wsu7qt.json"", ""--disable-semantic-fallback""]","== match report for /home/arjaiswal/Polygeist/issues/aten_c_kernels/results/aten_layer_norm_backward_cpu/debuf.mlir ==
  match          body#[0]  memset_zero_1D_f32
  match          body#[1]  memset_zero_1D_f32
  no_match       body#2  ?
  no_match       body#3  ?
  total: 2 matched / 4 bodies
",0,[],0,0,0,0,/home/arjaiswal/Polygeist/issues/aten_c_kernels/results/aten_layer_norm_backward_cpu/debuf.mlir,7773,8,4,2,881.2870159745216,2,70584,431.4122125506401,44,44,0,0,"[{""body_indices"": [0], ""symbol"": ""memset_zero_1D_f32""}, {""body_indices"": [1], ""symbol"": ""memset_zero_1D_f32""}]",2,0,0,0.0,62
aten,aten_layer_norm_backward_cpu,/home/arjaiswal/Polygeist/issues/aten_c_kernels/results/aten_layer_norm_backward_cpu/debuf.mlir,bd39cb1fddb132aa229131691287989db52f39a28f420c00438546490b0f982d,syntactic,1,ok,0,850.2866700291634,0,"[""/usr/bin/python3"", ""/home/arjaiswal/Polygeist/scripts/correctness/kernel_match_rewrite.py"", ""/home/arjaiswal/Polygeist/issues/aten_c_kernels/results/aten_layer_norm_backward_cpu/debuf.mlir"", ""--dry-run"", ""--matcher-mode"", ""syntactic"", ""--telemetry-json"", ""/home/arjaiswal/Polygeist/issues/equality_saturation_eval/campaign_20260908/aten-aten_layer_norm_backward_cpu-syntactic-7s8lcq0b.json"", ""--disable-semantic-fallback""]","== match report for /home/arjaiswal/Polygeist/issues/aten_c_kernels/results/aten_layer_norm_backward_cpu/debuf.mlir ==
  match          body#[0]  memset_zero_1D_f32
  match          body#[1]  memset_zero_1D_f32
  no_match       body#2  ?
  no_match       body#3  ?
  total: 2 matched / 4 bodies
",0,[],0,0,0,0,/home/arjaiswal/Polygeist/issues/aten_c_kernels/results/aten_layer_norm_backward_cpu/debuf.mlir,7773,0,4,2,431.59880861639977,2,66460,0.2028942108154297,0,44,0,0,"[{""body_indices"": [0], ""symbol"": ""memset_zero_1D_f32""}, {""body_indices"": [1], ""symbol"": ""memset_zero_1D_f32""}]",2,0,62,0.0,62
aten,aten_layer_norm_backward_cpu,/home/arjaiswal/Polygeist/issues/aten_c_kernels/results/aten_layer_norm_backward_cpu/debuf.mlir,bd39cb1fddb132aa229131691287989db52f39a28f420c00438546490b0f982d,syntactic,2,ok,0,882.4576660990715,0,"[""/usr/bin/python3"", ""/home/arjaiswal/Polygeist/scripts/correctness/kernel_match_rewrite.py"", ""/home/arjaiswal/Polygeist/issues/aten_c_kernels/results/aten_layer_norm_backward_cpu/debuf.mlir"", ""--dry-run"", ""--matcher-mode"", ""syntactic"", ""--telemetry-json"", ""/home/arjaiswal/Polygeist/issues/equality_saturation_eval/campaign_20260908/aten-aten_layer_norm_backward_cpu-syntactic-axod3r_f.json"", ""--disable-semantic-fallback""]","== match report for /home/arjaiswal/Polygeist/issues/aten_c_kernels/results/aten_layer_norm_backward_cpu/debuf.mlir ==
  match          body#[0]  memset_zero_1D_f32
  match          body#[1]  memset_zero_1D_f32
  no_match       body#2  ?
  no_match       body#3  ?
  total: 2 matched / 4 bodies
",0,[],0,0,0,0,/home/arjaiswal/Polygeist/issues/aten_c_kernels/results/aten_layer_norm_backward_cpu/debuf.mlir,7773,0,4,2,429.76587265729904,2,66372,0.19267573952674866,0,44,0,0,"[{""body_indices"": [0], ""symbol"": ""memset_zero_1D_f32""}, {""body_indices"": [1], ""symbol"": ""memset_zero_1D_f32""}]",2,0,62,0.0,62
aten,aten_layer_norm_backward_cpu,/home/arjaiswal/Polygeist/issues/aten_c_kernels/results/aten_layer_norm_backward_cpu/debuf.mlir,bd39cb1fddb132aa229131691287989db52f39a28f420c00438546490b0f982d,egglog,2,ok,0,1290.451567620039,0,"[""/usr/bin/python3"", ""/home/arjaiswal/Polygeist/scripts/correctness/kernel_match_rewrite.py"", ""/home/arjaiswal/Polygeist/issues/aten_c_kernels/results/aten_layer_norm_backward_cpu/debuf.mlir"", ""--dry-run"", ""--matcher-mode"", ""egglog"", ""--telemetry-json"", ""/home/arjaiswal/Polygeist/issues/equality_saturation_eval/campaign_20260908/aten-aten_layer_norm_backward_cpu-egglog-xv4n50xx.json"", ""--disable-semantic-fallback""]","== match report for /home/arjaiswal/Polygeist/issues/aten_c_kernels/results/aten_layer_norm_backward_cpu/debuf.mlir ==
  match          body#[0]  memset_zero_1D_f32
  match          body#[1]  memset_zero_1D_f32
  no_match       body#2  ?
  no_match       body#3  ?
  total: 2 matched / 4 bodies
",0,[],0,0,0,0,/home/arjaiswal/Polygeist/issues/aten_c_kernels/results/aten_layer_norm_backward_cpu/debuf.mlir,7773,8,4,2,860.6597557663918,2,70528,425.1653179526329,44,44,0,0,"[{""body_indices"": [0], ""symbol"": ""memset_zero_1D_f32""}, {""body_indices"": [1], ""symbol"": ""memset_zero_1D_f32""}]",2,0,0,0.0,62
aten,aten_layer_norm_backward_cpu,/home/arjaiswal/Polygeist/issues/aten_c_kernels/results/aten_layer_norm_backward_cpu/debuf.mlir,bd39cb1fddb132aa229131691287989db52f39a28f420c00438546490b0f982d,egglog,3,ok,0,1344.0291807055473,0,"[""/usr/bin/python3"", ""/home/arjaiswal/Polygeist/scripts/correctness/kernel_match_rewrite.py"", ""/home/arjaiswal/Polygeist/issues/aten_c_kernels/results/aten_layer_norm_backward_cpu/debuf.mlir"", ""--dry-run"", ""--matcher-mode"", ""egglog"", ""--telemetry-json"", ""/home/arjaiswal/Polygeist/issues/equality_saturation_eval/campaign_20260908/aten-aten_layer_norm_backward_cpu-egglog-tnuifg4i.json"", ""--disable-semantic-fallback""]","== match report for /home/arjaiswal/Polygeist/issues/aten_c_kernels/results/aten_layer_norm_backward_cpu/debuf.mlir ==
  match          body#[0]  memset_zero_1D_f32
  match          body#[1]  memset_zero_1D_f32
  no_match       body#2  ?
  no_match       body#3  ?
  total: 2 matched / 4 bodies
",0,[],0,0,0,0,/home/arjaiswal/Polygeist/issues/aten_c_kernels/results/aten_layer_norm_backward_cpu/debuf.mlir,7773,8,4,2,900.0996015965939,2,70560,438.6656917631626,44,44,0,0,"[{""body_indices"": [0], ""symbol"": ""memset_zero_1D_f32""}, {""body_indices"": [1], ""symbol"": ""memset_zero_1D_f32""}]",2,0,0,0.0,62
aten,aten_layer_norm_backward_cpu,/home/arjaiswal/Polygeist/issues/aten_c_kernels/results/aten_layer_norm_backward_cpu/debuf.mlir,bd39cb1fddb132aa229131691287989db52f39a28f420c00438546490b0f982d,syntactic,3,ok,0,835.8865976333618,0,"[""/usr/bin/python3"", ""/home/arjaiswal/Polygeist/scripts/correctness/kernel_match_rewrite.py"", ""/home/arjaiswal/Polygeist/issues/aten_c_kernels/results/aten_layer_norm_backward_cpu/debuf.mlir"", ""--dry-run"", ""--matcher-mode"", ""syntactic"", ""--telemetry-json"", ""/home/arjaiswal/Polygeist/issues/equality_saturation_eval/campaign_20260908/aten-aten_layer_norm_backward_cpu-syntactic-gazpl36b.json"", ""--disable-semantic-fallback""]","== match report for /home/arjaiswal/Polygeist/issues/aten_c_kernels/results/aten_layer_norm_backward_cpu/debuf.mlir ==
  match          body#[0]  memset_zero_1D_f32
  match          body#[1]  memset_zero_1D_f32
  no_match       body#2  ?
  no_match       body#3  ?
  total: 2 matched / 4 bodies
",0,[],0,0,0,0,/home/arjaiswal/Polygeist/issues/aten_c_kernels/results/aten_layer_norm_backward_cpu/debuf.mlir,7773,0,4,2,412.6875214278698,2,66360,0.18439069390296936,0,44,0,0,"[{""body_indices"": [0], ""symbol"": ""memset_zero_1D_f32""}, {""body_indices"": [1], ""symbol"": ""memset_zero_1D_f32""}]",2,0,62,0.0,62
aten,aten_layer_norm_backward_cpu,/home/arjaiswal/Polygeist/issues/aten_c_kernels/results/aten_layer_norm_backward_cpu/debuf.mlir,bd39cb1fddb132aa229131691287989db52f39a28f420c00438546490b0f982d,syntactic,4,ok,0,838.5796099901199,0,"[""/usr/bin/python3"", ""/home/arjaiswal/Polygeist/scripts/correctness/kernel_match_rewrite.py"", ""/home/arjaiswal/Polygeist/issues/aten_c_kernels/results/aten_layer_norm_backward_cpu/debuf.mlir"", ""--dry-run"", ""--matcher-mode"", ""syntactic"", ""--telemetry-json"", ""/home/arjaiswal/Polygeist/issues/equality_saturation_eval/campaign_20260908/aten-aten_layer_norm_backward_cpu-syntactic-pr5dvmeu.json"", ""--disable-semantic-fallback""]","== match report for /home/arjaiswal/Polygeist/issues/aten_c_kernels/results/aten_layer_norm_backward_cpu/debuf.mlir ==
  match          body#[0]  memset_zero_1D_f32
  match          body#[1]  memset_zero_1D_f32
  no_match       body#2  ?
  no_match       body#3  ?
  total: 2 matched / 4 bodies
",0,[],0,0,0,0,/home/arjaiswal/Polygeist/issues/aten_c_kernels/results/aten_layer_norm_backward_cpu/debuf.mlir,7773,0,4,2,421.95289582014084,2,66492,0.1884251832962036,0,44,0,0,"[{""body_indices"": [0], ""symbol"": ""memset_zero_1D_f32""}, {""body_indices"": [1], ""symbol"": ""memset_zero_1D_f32""}]",2,0,62,0.0,62
aten,aten_layer_norm_backward_cpu,/home/arjaiswal/Polygeist/issues/aten_c_kernels/results/aten_layer_norm_backward_cpu/debuf.mlir,bd39cb1fddb132aa229131691287989db52f39a28f420c00438546490b0f982d,egglog,4,ok,0,1279.7242738306522,0,"[""/usr/bin/python3"", ""/home/arjaiswal/Polygeist/scripts/correctness/kernel_match_rewrite.py"", ""/home/arjaiswal/Polygeist/issues/aten_c_kernels/results/aten_layer_norm_backward_cpu/debuf.mlir"", ""--dry-run"", ""--matcher-mode"", ""egglog"", ""--telemetry-json"", ""/home/arjaiswal/Polygeist/issues/equality_saturation_eval/campaign_20260908/aten-aten_layer_norm_backward_cpu-egglog-3ursaxzj.json"", ""--disable-semantic-fallback""]","== match report for /home/arjaiswal/Polygeist/issues/aten_c_kernels/results/aten_layer_norm_backward_cpu/debuf.mlir ==
  match          body#[0]  memset_zero_1D_f32
  match          body#[1]  memset_zero_1D_f32
  no_match       body#2  ?
  no_match       body#3  ?
  total: 2 matched / 4 bodies
",0,[],0,0,0,0,/home/arjaiswal/Polygeist/issues/aten_c_kernels/results/aten_layer_norm_backward_cpu/debuf.mlir,7773,8,4,2,853.905975818634,2,70628,419.4282218813896,44,44,0,0,"[{""body_indices"": [0], ""symbol"": ""memset_zero_1D_f32""}, {""body_indices"": [1], ""symbol"": ""memset_zero_1D_f32""}]",2,0,0,0.0,62
aten,aten_layer_norm_backward_cpu,/home/arjaiswal/Polygeist/issues/aten_c_kernels/results/aten_layer_norm_backward_cpu/debuf.mlir,bd39cb1fddb132aa229131691287989db52f39a28f420c00438546490b0f982d,egglog,5,ok,0,1309.5066659152508,0,"[""/usr/bin/python3"", ""/home/arjaiswal/Polygeist/scripts/correctness/kernel_match_rewrite.py"", ""/home/arjaiswal/Polygeist/issues/aten_c_kernels/results/aten_layer_norm_backward_cpu/debuf.mlir"", ""--dry-run"", ""--matcher-mode"", ""egglog"", ""--telemetry-json"", ""/home/arjaiswal/Polygeist/issues/equality_saturation_eval/campaign_20260908/aten-aten_layer_norm_backward_cpu-egglog-8lwqkvj4.json"", ""--disable-semantic-fallback""]","== match report for /home/arjaiswal/Polygeist/issues/aten_c_kernels/results/aten_layer_norm_backward_cpu/debuf.mlir ==
  match          body#[0]  memset_zero_1D_f32
  match          body#[1]  memset_zero_1D_f32
  no_match       body#2  ?
  no_match       body#3  ?
  total: 2 matched / 4 bodies
",0,[],0,0,0,0,/home/arjaiswal/Polygeist/issues/aten_c_kernels/results/aten_layer_norm_backward_cpu/debuf.mlir,7773,8,4,2,884.2373490333557,2,70696,426.8436059355736,44,44,0,0,"[{""body_indices"": [0], ""symbol"": ""memset_zero_1D_f32""}, {""body_indices"": [1], ""symbol"": ""memset_zero_1D_f32""}]",2,0,0,0.0,62
aten,aten_layer_norm_backward_cpu,/home/arjaiswal/Polygeist/issues/aten_c_kernels/results/aten_layer_norm_backward_cpu/debuf.mlir,bd39cb1fddb132aa229131691287989db52f39a28f420c00438546490b0f982d,syntactic,5,ok,0,847.0782749354839,0,"[""/usr/bin/python3"", ""/home/arjaiswal/Polygeist/scripts/correctness/kernel_match_rewrite.py"", ""/home/arjaiswal/Polygeist/issues/aten_c_kernels/results/aten_layer_norm_backward_cpu/debuf.mlir"", ""--dry-run"", ""--matcher-mode"", ""syntactic"", ""--telemetry-json"", ""/home/arjaiswal/Polygeist/issues/equality_saturation_eval/campaign_20260908/aten-aten_layer_norm_backward_cpu-syntactic-th346ub9.json"", ""--disable-semantic-fallback""]","== match report for /home/arjaiswal/Polygeist/issues/aten_c_kernels/results/aten_layer_norm_backward_cpu/debuf.mlir ==
  match          body#[0]  memset_zero_1D_f32
  match          body#[1]  memset_zero_1D_f32
  no_match       body#2  ?
  no_match       body#3  ?
  total: 2 matched / 4 bodies
",0,[],0,0,0,0,/home/arjaiswal/Polygeist/issues/aten_c_kernels/results/aten_layer_norm_backward_cpu/debuf.mlir,7773,0,4,2,411.71984001994133,2,66304,0.19452720880508423,0,44,0,0,"[{""body_indices"": [0], ""symbol"": ""memset_zero_1D_f32""}, {""body_indices"": [1], ""symbol"": ""memset_zero_1D_f32""}]",2,0,62,0.0,62
aten,aten_layer_norm_cpu_backend,/home/arjaiswal/Polygeist/issues/aten_c_kernels/results/aten_layer_norm_cpu_backend/debuf.mlir,d9b754827e656f0d70194f58e04fba9f5a87bbac5ec55367eaea96b490c7785b,syntactic,1,ok,0,836.1236900091171,0,"[""/usr/bin/python3"", ""/home/arjaiswal/Polygeist/scripts/correctness/kernel_match_rewrite.py"", ""/home/arjaiswal/Polygeist/issues/aten_c_kernels/results/aten_layer_norm_cpu_backend/debuf.mlir"", ""--dry-run"", ""--matcher-mode"", ""syntactic"", ""--telemetry-json"", ""/home/arjaiswal/Polygeist/issues/equality_saturation_eval/campaign_20260908/aten-aten_layer_norm_cpu_backend-syntactic-kfk1527p.json"", ""--disable-semantic-fallback""]","== match report for /home/arjaiswal/Polygeist/issues/aten_c_kernels/results/aten_layer_norm_cpu_backend/debuf.mlir ==
  match          body#[0]  cudnnReduceSum_f32
  no_match       body#1  ?
  no_match       body#2  ?
  total: 1 matched / 3 bodies
",0,[],0,0,0,0,/home/arjaiswal/Polygeist/issues/aten_c_kernels/results/aten_layer_norm_cpu_backend/debuf.mlir,5789,0,3,1,402.16875448822975,2,66268,0.11348351836204529,0,2,0,0,"[{""body_indices"": [0], ""symbol"": ""cudnnReduceSum_f32""}]",1,0,28,0.0,28
aten,aten_layer_norm_cpu_backend,/home/arjaiswal/Polygeist/issues/aten_c_kernels/results/aten_layer_norm_cpu_backend/debuf.mlir,d9b754827e656f0d70194f58e04fba9f5a87bbac5ec55367eaea96b490c7785b,egglog,1,ok,0,852.5213450193405,0,"[""/usr/bin/python3"", ""/home/arjaiswal/Polygeist/scripts/correctness/kernel_match_rewrite.py"", ""/home/arjaiswal/Polygeist/issues/aten_c_kernels/results/aten_layer_norm_cpu_backend/debuf.mlir"", ""--dry-run"", ""--matcher-mode"", ""egglog"", ""--telemetry-json"", ""/home/arjaiswal/Polygeist/issues/equality_saturation_eval/campaign_20260908/aten-aten_layer_norm_cpu_backend-egglog-uoh3u_bo.json"", ""--disable-semantic-fallback""]","== match report for /home/arjaiswal/Polygeist/issues/aten_c_kernels/results/aten_layer_norm_cpu_backend/debuf.mlir ==
  match          body#[0]  cudnnReduceSum_f32
  no_match       body#1  ?
  no_match       body#2  ?
  total: 1 matched / 3 bodies
",0,[],0,0,0,0,/home/arjaiswal/Polygeist/issues/aten_c_kernels/results/aten_layer_norm_cpu_backend/debuf.mlir,5789,8,3,1,423.37533459067345,2,70224,20.81279829144478,2,2,0,4,"[{""body_indices"": [0], ""symbol"": ""cudnnReduceSum_f32""}]",1,0,0,0.0,28
aten,aten_layer_norm_cpu_backend,/home/arjaiswal/Polygeist/issues/aten_c_kernels/results/aten_layer_norm_cpu_backend/debuf.mlir,d9b754827e656f0d70194f58e04fba9f5a87bbac5ec55367eaea96b490c7785b,egglog,2,ok,0,922.2693033516407,0,"[""/usr/bin/python3"", ""/home/arjaiswal/Polygeist/scripts/correctness/kernel_match_rewrite.py"", ""/home/arjaiswal/Polygeist/issues/aten_c_kernels/results/aten_layer_norm_cpu_backend/debuf.mlir"", ""--dry-run"", ""--matcher-mode"", ""egglog"", ""--telemetry-json"", ""/home/arjaiswal/Polygeist/issues/equality_saturation_eval/campaign_20260908/aten-aten_layer_norm_cpu_backend-egglog-y85cz03m.json"", ""--disable-semantic-fallback""]","== match report for /home/arjaiswal/Polygeist/issues/aten_c_kernels/results/aten_layer_norm_cpu_backend/debuf.mlir ==
  match          body#[0]  cudnnReduceSum_f32
  no_match       body#1  ?
  no_match       body#2  ?
  total: 1 matched / 3 bodies
",0,[],0,0,0,0,/home/arjaiswal/Polygeist/issues/aten_c_kernels/results/aten_layer_norm_cpu_backend/debuf.mlir,5789,8,3,1,490.55324867367744,2,69896,26.51553973555565,2,2,0,4,"[{""body_indices"": [0], ""symbol"": ""cudnnReduceSum_f32""}]",1,0,0,0.0,28
aten,aten_layer_norm_cpu_backend,/home/arjaiswal/Polygeist/issues/aten_c_kernels/results/aten_layer_norm_cpu_backend/debuf.mlir,d9b754827e656f0d70194f58e04fba9f5a87bbac5ec55367eaea96b490c7785b,syntactic,2,ok,0,828.5943195223808,0,"[""/usr/bin/python3"", ""/home/arjaiswal/Polygeist/scripts/correctness/kernel_match_rewrite.py"", ""/home/arjaiswal/Polygeist/issues/aten_c_kernels/results/aten_layer_norm_cpu_backend/debuf.mlir"", ""--dry-run"", ""--matcher-mode"", ""syntactic"", ""--telemetry-json"", ""/home/arjaiswal/Polygeist/issues/equality_saturation_eval/campaign_20260908/aten-aten_layer_norm_cpu_backend-syntactic-jbu67mu5.json"", ""--disable-semantic-fallback""]","== match report for /home/arjaiswal/Polygeist/issues/aten_c_kernels/results/aten_layer_norm_cpu_backend/debuf.mlir ==
  match          body#[0]  cudnnReduceSum_f32
  no_match       body#1  ?
  no_match       body#2  ?
  total: 1 matched / 3 bodies
",0,[],0,0,0,0,/home/arjaiswal/Polygeist/issues/aten_c_kernels/results/aten_layer_norm_cpu_backend/debuf.mlir,5789,0,3,1,401.9723907113075,2,66392,0.1181289553642273,0,2,0,0,"[{""body_indices"": [0], ""symbol"": ""cudnnReduceSum_f32""}]",1,0,28,0.0,28
aten,aten_layer_norm_cpu_backend,/home/arjaiswal/Polygeist/issues/aten_c_kernels/results/aten_layer_norm_cpu_backend/debuf.mlir,d9b754827e656f0d70194f58e04fba9f5a87bbac5ec55367eaea96b490c7785b,syntactic,3,ok,0,878.4582056105137,0,"[""/usr/bin/python3"", ""/home/arjaiswal/Polygeist/scripts/correctness/kernel_match_rewrite.py"", ""/home/arjaiswal/Polygeist/issues/aten_c_kernels/results/aten_layer_norm_cpu_backend/debuf.mlir"", ""--dry-run"", ""--matcher-mode"", ""syntactic"", ""--telemetry-json"", ""/home/arjaiswal/Polygeist/issues/equality_saturation_eval/campaign_20260908/aten-aten_layer_norm_cpu_backend-syntactic-an38bgwt.json"", ""--disable-semantic-fallback""]","== match report for /home/arjaiswal/Polygeist/issues/aten_c_kernels/results/aten_layer_norm_cpu_backend/debuf.mlir ==
  match          body#[0]  cudnnReduceSum_f32
  no_match       body#1  ?
  no_match       body#2  ?
  total: 1 matched / 3 bodies
",0,[],0,0,0,0,/home/arjaiswal/Polygeist/issues/aten_c_kernels/results/aten_layer_norm_cpu_backend/debuf.mlir,5789,0,3,1,467.9856449365616,2,66284,0.1585744321346283,0,2,0,0,"[{""body_indices"": [0], ""symbol"": ""cudnnReduceSum_f32""}]",1,0,28,0.0,28
aten,aten_layer_norm_cpu_backend,/home/arjaiswal/Polygeist/issues/aten_c_kernels/results/aten_layer_norm_cpu_backend/debuf.mlir,d9b754827e656f0d70194f58e04fba9f5a87bbac5ec55367eaea96b490c7785b,egglog,3,ok,0,829.1301541030407,0,"[""/usr/bin/python3"", ""/home/arjaiswal/Polygeist/scripts/correctness/kernel_match_rewrite.py"", ""/home/arjaiswal/Polygeist/issues/aten_c_kernels/results/aten_layer_norm_cpu_backend/debuf.mlir"", ""--dry-run"", ""--matcher-mode"", ""egglog"", ""--telemetry-json"", ""/home/arjaiswal/Polygeist/issues/equality_saturation_eval/campaign_20260908/aten-aten_layer_norm_cpu_backend-egglog-5nn3cqzd.json"", ""--disable-semantic-fallback""]","== match report for /home/arjaiswal/Polygeist/issues/aten_c_kernels/results/aten_layer_norm_cpu_backend/debuf.mlir ==
  match          body#[0]  cudnnReduceSum_f32
  no_match       body#1  ?
  no_match       body#2  ?
  total: 1 matched / 3 bodies
",0,[],0,0,0,0,/home/arjaiswal/Polygeist/issues/aten_c_kernels/results/aten_layer_norm_cpu_backend/debuf.mlir,5789,8,3,1,419.77328434586525,2,70128,21.293379366397858,2,2,0,4,"[{""body_indices"": [0], ""symbol"": ""cudnnReduceSum_f32""}]",1,0,0,0.0,28
aten,aten_layer_norm_cpu_backend,/home/arjaiswal/Polygeist/issues/aten_c_kernels/results/aten_layer_norm_cpu_backend/debuf.mlir,d9b754827e656f0d70194f58e04fba9f5a87bbac5ec55367eaea96b490c7785b,egglog,4,ok,0,826.0109052062035,0,"[""/usr/bin/python3"", ""/home/arjaiswal/Polygeist/scripts/correctness/kernel_match_rewrite.py"", ""/home/arjaiswal/Polygeist/issues/aten_c_kernels/results/aten_layer_norm_cpu_backend/debuf.mlir"", ""--dry-run"", ""--matcher-mode"", ""egglog"", ""--telemetry-json"", ""/home/arjaiswal/Polygeist/issues/equality_saturation_eval/campaign_20260908/aten-aten_layer_norm_cpu_backend-egglog-rntqesj0.json"", ""--disable-semantic-fallback""]","== match report for /home/arjaiswal/Polygeist/issues/aten_c_kernels/results/aten_layer_norm_cpu_backend/debuf.mlir ==
  match          body#[0]  cudnnReduceSum_f32
  no_match       body#1  ?
  no_match       body#2  ?
  total: 1 matched / 3 bodies
",0,[],0,0,0,0,/home/arjaiswal/Polygeist/issues/aten_c_kernels/results/aten_layer_norm_cpu_backend/debuf.mlir,5789,8,3,1,414.4497811794281,2,70032,20.710185170173645,2,2,0,4,"[{""body_indices"": [0], ""symbol"": ""cudnnReduceSum_f32""}]",1,0,0,0.0,28
aten,aten_layer_norm_cpu_backend,/home/arjaiswal/Polygeist/issues/aten_c_kernels/results/aten_layer_norm_cpu_backend/debuf.mlir,d9b754827e656f0d70194f58e04fba9f5a87bbac5ec55367eaea96b490c7785b,syntactic,4,ok,0,812.7774372696877,0,"[""/usr/bin/python3"", ""/home/arjaiswal/Polygeist/scripts/correctness/kernel_match_rewrite.py"", ""/home/arjaiswal/Polygeist/issues/aten_c_kernels/results/aten_layer_norm_cpu_backend/debuf.mlir"", ""--dry-run"", ""--matcher-mode"", ""syntactic"", ""--telemetry-json"", ""/home/arjaiswal/Polygeist/issues/equality_saturation_eval/campaign_20260908/aten-aten_layer_norm_cpu_backend-syntactic-qq0syr40.json"", ""--disable-semantic-fallback""]","== match report for /home/arjaiswal/Polygeist/issues/aten_c_kernels/results/aten_layer_norm_cpu_backend/debuf.mlir ==
  match          body#[0]  cudnnReduceSum_f32
  no_match       body#1  ?
  no_match       body#2  ?
  total: 1 matched / 3 bodies
",0,[],0,0,0,0,/home/arjaiswal/Polygeist/issues/aten_c_kernels/results/aten_layer_norm_cpu_backend/debuf.mlir,5789,0,3,1,390.61810821294785,2,66268,0.11480972170829773,0,2,0,0,"[{""body_indices"": [0], ""symbol"": ""cudnnReduceSum_f32""}]",1,0,28,0.0,28
aten,aten_layer_norm_cpu_backend,/home/arjaiswal/Polygeist/issues/aten_c_kernels/results/aten_layer_norm_cpu_backend/debuf.mlir,d9b754827e656f0d70194f58e04fba9f5a87bbac5ec55367eaea96b490c7785b,syntactic,5,ok,0,828.2709904015064,0,"[""/usr/bin/python3"", ""/home/arjaiswal/Polygeist/scripts/correctness/kernel_match_rewrite.py"", ""/home/arjaiswal/Polygeist/issues/aten_c_kernels/results/aten_layer_norm_cpu_backend/debuf.mlir"", ""--dry-run"", ""--matcher-mode"", ""syntactic"", ""--telemetry-json"", ""/home/arjaiswal/Polygeist/issues/equality_saturation_eval/campaign_20260908/aten-aten_layer_norm_cpu_backend-syntactic-yrfibcdq.json"", ""--disable-semantic-fallback""]","== match report for /home/arjaiswal/Polygeist/issues/aten_c_kernels/results/aten_layer_norm_cpu_backend/debuf.mlir ==
  match          body#[0]  cudnnReduceSum_f32
  no_match       body#1  ?
  no_match       body#2  ?
  total: 1 matched / 3 bodies
",0,[],0,0,0,0,/home/arjaiswal/Polygeist/issues/aten_c_kernels/results/aten_layer_norm_cpu_backend/debuf.mlir,5789,0,3,1,416.1451533436775,2,66048,0.11557713150978088,0,2,0,0,"[{""body_indices"": [0], ""symbol"": ""cudnnReduceSum_f32""}]",1,0,28,0.0,28
aten,aten_layer_norm_cpu_backend,/home/arjaiswal/Polygeist/issues/aten_c_kernels/results/aten_layer_norm_cpu_backend/debuf.mlir,d9b754827e656f0d70194f58e04fba9f5a87bbac5ec55367eaea96b490c7785b,egglog,5,ok,0,870.4925030469894,0,"[""/usr/bin/python3"", ""/home/arjaiswal/Polygeist/scripts/correctness/kernel_match_rewrite.py"", ""/home/arjaiswal/Polygeist/issues/aten_c_kernels/results/aten_layer_norm_cpu_backend/debuf.mlir"", ""--dry-run"", ""--matcher-mode"", ""egglog"", ""--telemetry-json"", ""/home/arjaiswal/Polygeist/issues/equality_saturation_eval/campaign_20260908/aten-aten_layer_norm_cpu_backend-egglog-bcfr7zhe.json"", ""--disable-semantic-fallback""]","== match report for /home/arjaiswal/Polygeist/issues/aten_c_kernels/results/aten_layer_norm_cpu_backend/debuf.mlir ==
  match          body#[0]  cudnnReduceSum_f32
  no_match       body#1  ?
  no_match       body#2  ?
  total: 1 matched / 3 bodies
",0,[],0,0,0,0,/home/arjaiswal/Polygeist/issues/aten_c_kernels/results/aten_layer_norm_cpu_backend/debuf.mlir,5789,8,3,1,452.7638517320156,2,70208,21.0651196539402,2,2,0,4,"[{""body_indices"": [0], ""symbol"": ""cudnnReduceSum_f32""}]",1,0,0,0.0,28
aten,aten_lcm_i32,/home/arjaiswal/Polygeist/issues/aten_c_kernels/results/aten_lcm_i32/debuf.mlir,953d764edf2f03adc8361176ef0ede0fe3073b3984e7bc2e1b65e19f597e79b9,egglog,1,ok,0,746.47032096982,0,"[""/usr/bin/python3"", ""/home/arjaiswal/Polygeist/scripts/correctness/kernel_match_rewrite.py"", ""/home/arjaiswal/Polygeist/issues/aten_c_kernels/results/aten_lcm_i32/debuf.mlir"", ""--dry-run"", ""--matcher-mode"", ""egglog"", ""--telemetry-json"", ""/home/arjaiswal/Polygeist/issues/equality_saturation_eval/campaign_20260908/aten-aten_lcm_i32-egglog-n998e30s.json"", ""--disable-semantic-fallback""]","== match report for /home/arjaiswal/Polygeist/issues/aten_c_kernels/results/aten_lcm_i32/debuf.mlir ==
  no_match       body#0  ?
  total: 0 matched / 1 bodies
",0,[],0,0,0,0,/home/arjaiswal/Polygeist/issues/aten_c_kernels/results/aten_lcm_i32/debuf.mlir,2648,8,1,0,340.0246202945709,1,66828,0.0,0,0,0,0,[],0,0,0,0.0,6
aten,aten_lcm_i32,/home/arjaiswal/Polygeist/issues/aten_c_kernels/results/aten_lcm_i32/debuf.mlir,953d764edf2f03adc8361176ef0ede0fe3073b3984e7bc2e1b65e19f597e79b9,syntactic,1,ok,0,735.3087067604065,0,"[""/usr/bin/python3"", ""/home/arjaiswal/Polygeist/scripts/correctness/kernel_match_rewrite.py"", ""/home/arjaiswal/Polygeist/issues/aten_c_kernels/results/aten_lcm_i32/debuf.mlir"", ""--dry-run"", ""--matcher-mode"", ""syntactic"", ""--telemetry-json"", ""/home/arjaiswal/Polygeist/issues/equality_saturation_eval/campaign_20260908/aten-aten_lcm_i32-syntactic-13xuogh_.json"", ""--disable-semantic-fallback""]","== match report for /home/arjaiswal/Polygeist/issues/aten_c_kernels/results/aten_lcm_i32/debuf.mlir ==
  no_match       body#0  ?
  total: 0 matched / 1 bodies
",0,[],0,0,0,0,/home/arjaiswal/Polygeist/issues/aten_c_kernels/results/aten_lcm_i32/debuf.mlir,2648,0,1,0,340.9349136054516,1,66752,0.017918646335601807,0,0,0,0,[],0,0,6,0.0,6
aten,aten_lcm_i32,/home/arjaiswal/Polygeist/issues/aten_c_kernels/results/aten_lcm_i32/debuf.mlir,953d764edf2f03adc8361176ef0ede0fe3073b3984e7bc2e1b65e19f597e79b9,syntactic,2,ok,0,784.193143248558,0,"[""/usr/bin/python3"", ""/home/arjaiswal/Polygeist/scripts/correctness/kernel_match_rewrite.py"", ""/home/arjaiswal/Polygeist/issues/aten_c_kernels/results/aten_lcm_i32/debuf.mlir"", ""--dry-run"", ""--matcher-mode"", ""syntactic"", ""--telemetry-json"", ""/home/arjaiswal/Polygeist/issues/equality_saturation_eval/campaign_20260908/aten-aten_lcm_i32-syntactic-djpzuzo6.json"", ""--disable-semantic-fallback""]","== match report for /home/arjaiswal/Polygeist/issues/aten_c_kernels/results/aten_lcm_i32/debuf.mlir ==
  no_match       body#0  ?
  total: 0 matched / 1 bodies
",0,[],0,0,0,0,/home/arjaiswal/Polygeist/issues/aten_c_kernels/results/aten_lcm_i32/debuf.mlir,2648,0,1,0,352.26648673415184,1,66732,0.023499131202697754,0,0,0,0,[],0,0,6,0.0,6
aten,aten_lcm_i32,/home/arjaiswal/Polygeist/issues/aten_c_kernels/results/aten_lcm_i32/debuf.mlir,953d764edf2f03adc8361176ef0ede0fe3073b3984e7bc2e1b65e19f597e79b9,egglog,2,ok,0,759.5095783472061,0,"[""/usr/bin/python3"", ""/home/arjaiswal/Polygeist/scripts/correctness/kernel_match_rewrite.py"", ""/home/arjaiswal/Polygeist/issues/aten_c_kernels/results/aten_lcm_i32/debuf.mlir"", ""--dry-run"", ""--matcher-mode"", ""egglog"", ""--telemetry-json"", ""/home/arjaiswal/Polygeist/issues/equality_saturation_eval/campaign_20260908/aten-aten_lcm_i32-egglog-bq54vj1b.json"", ""--disable-semantic-fallback""]","== match report for /home/arjaiswal/Polygeist/issues/aten_c_kernels/results/aten_lcm_i32/debuf.mlir ==
  no_match       body#0  ?
  total: 0 matched / 1 bodies
",0,[],0,0,0,0,/home/arjaiswal/Polygeist/issues/aten_c_kernels/results/aten_lcm_i32/debuf.mlir,2648,8,1,0,356.6041365265846,1,66804,0.0,0,0,0,0,[],0,0,0,0.0,6
aten,aten_lcm_i32,/home/arjaiswal/Polygeist/issues/aten_c_kernels/results/aten_lcm_i32/debuf.mlir,953d764edf2f03adc8361176ef0ede0fe3073b3984e7bc2e1b65e19f597e79b9,egglog,3,ok,0,780.8936536312103,0,"[""/usr/bin/python3"", ""/home/arjaiswal/Polygeist/scripts/correctness/kernel_match_rewrite.py"", ""/home/arjaiswal/Polygeist/issues/aten_c_kernels/results/aten_lcm_i32/debuf.mlir"", ""--dry-run"", ""--matcher-mode"", ""egglog"", ""--telemetry-json"", ""/home/arjaiswal/Polygeist/issues/equality_saturation_eval/campaign_20260908/aten-aten_lcm_i32-egglog-mk5gv9tz.json"", ""--disable-semantic-fallback""]","== match report for /home/arjaiswal/Polygeist/issues/aten_c_kernels/results/aten_lcm_i32/debuf.mlir ==
  no_match       body#0  ?
  total: 0 matched / 1 bodies
",0,[],0,0,0,0,/home/arjaiswal/Polygeist/issues/aten_c_kernels/results/aten_lcm_i32/debuf.mlir,2648,8,1,0,358.23002457618713,1,66696,0.0,0,0,0,0,[],0,0,0,0.0,6
aten,aten_lcm_i32,/home/arjaiswal/Polygeist/issues/aten_c_kernels/results/aten_lcm_i32/debuf.mlir,953d764edf2f03adc8361176ef0ede0fe3073b3984e7bc2e1b65e19f597e79b9,syntactic,3,ok,0,824.3582248687744,0,"[""/usr/bin/python3"", ""/home/arjaiswal/Polygeist/scripts/correctness/kernel_match_rewrite.py"", ""/home/arjaiswal/Polygeist/issues/aten_c_kernels/results/aten_lcm_i32/debuf.mlir"", ""--dry-run"", ""--matcher-mode"", ""syntactic"", ""--telemetry-json"", ""/home/arjaiswal/Polygeist/issues/equality_saturation_eval/campaign_20260908/aten-aten_lcm_i32-syntactic-t9fo9gkf.json"", ""--disable-semantic-fallback""]","== match report for /home/arjaiswal/Polygeist/issues/aten_c_kernels/results/aten_lcm_i32/debuf.mlir ==
  no_match       body#0  ?
  total: 0 matched / 1 bodies
",0,[],0,0,0,0,/home/arjaiswal/Polygeist/issues/aten_c_kernels/results/aten_lcm_i32/debuf.mlir,2648,0,1,0,350.8742079138756,1,66904,0.019643455743789673,0,0,0,0,[],0,0,6,0.0,6
aten,aten_lcm_i32,/home/arjaiswal/Polygeist/issues/aten_c_kernels/results/aten_lcm_i32/debuf.mlir,953d764edf2f03adc8361176ef0ede0fe3073b3984e7bc2e1b65e19f597e79b9,syntactic,4,ok,0,766.7492106556892,0,"[""/usr/bin/python3"", ""/home/arjaiswal/Polygeist/scripts/correctness/kernel_match_rewrite.py"", ""/home/arjaiswal/Polygeist/issues/aten_c_kernels/results/aten_lcm_i32/debuf.mlir"", ""--dry-run"", ""--matcher-mode"", ""syntactic"", ""--telemetry-json"", ""/home/arjaiswal/Polygeist/issues/equality_saturation_eval/campaign_20260908/aten-aten_lcm_i32-syntactic-u2ywa7kv.json"", ""--disable-semantic-fallback""]","== match report for /home/arjaiswal/Polygeist/issues/aten_c_kernels/results/aten_lcm_i32/debuf.mlir ==
  no_match       body#0  ?
  total: 0 matched / 1 bodies
",0,[],0,0,0,0,/home/arjaiswal/Polygeist/issues/aten_c_kernels/results/aten_lcm_i32/debuf.mlir,2648,0,1,0,352.4828255176544,1,66760,0.018324702978134155,0,0,0,0,[],0,0,6,0.0,6
aten,aten_lcm_i32,/home/arjaiswal/Polygeist/issues/aten_c_kernels/results/aten_lcm_i32/debuf.mlir,953d764edf2f03adc8361176ef0ede0fe3073b3984e7bc2e1b65e19f597e79b9,egglog,4,ok,0,773.504912853241,0,"[""/usr/bin/python3"", ""/home/arjaiswal/Polygeist/scripts/correctness/kernel_match_rewrite.py"", ""/home/arjaiswal/Polygeist/issues/aten_c_kernels/results/aten_lcm_i32/debuf.mlir"", ""--dry-run"", ""--matcher-mode"", ""egglog"", ""--telemetry-json"", ""/home/arjaiswal/Polygeist/issues/equality_saturation_eval/campaign_20260908/aten-aten_lcm_i32-egglog-gxhr8ta4.json"", ""--disable-semantic-fallback""]","== match report for /home/arjaiswal/Polygeist/issues/aten_c_kernels/results/aten_lcm_i32/debuf.mlir ==
  no_match       body#0  ?
  total: 0 matched / 1 bodies
",0,[],0,0,0,0,/home/arjaiswal/Polygeist/issues/aten_c_kernels/results/aten_lcm_i32/debuf.mlir,2648,8,1,0,357.09160566329956,1,66712,0.0,0,0,0,0,[],0,0,0,0.0,6
aten,aten_lcm_i32,/home/arjaiswal/Polygeist/issues/aten_c_kernels/results/aten_lcm_i32/debuf.mlir,953d764edf2f03adc8361176ef0ede0fe3073b3984e7bc2e1b65e19f597e79b9,egglog,5,ok,0,778.4593105316162,0,"[""/usr/bin/python3"", ""/home/arjaiswal/Polygeist/scripts/correctness/kernel_match_rewrite.py"", ""/home/arjaiswal/Polygeist/issues/aten_c_kernels/results/aten_lcm_i32/debuf.mlir"", ""--dry-run"", ""--matcher-mode"", ""egglog"", ""--telemetry-json"", ""/home/arjaiswal/Polygeist/issues/equality_saturation_eval/campaign_20260908/aten-aten_lcm_i32-egglog-3k1nczi6.json"", ""--disable-semantic-fallback""]","== match report for /home/arjaiswal/Polygeist/issues/aten_c_kernels/results/aten_lcm_i32/debuf.mlir ==
  no_match       body#0  ?
  total: 0 matched / 1 bodies
",0,[],0,0,0,0,/home/arjaiswal/Polygeist/issues/aten_c_kernels/results/aten_lcm_i32/debuf.mlir,2648,8,1,0,356.29886016249657,1,66860,0.0,0,0,0,0,[],0,0,0,0.0,6
aten,aten_lcm_i32,/home/arjaiswal/Polygeist/issues/aten_c_kernels/results/aten_lcm_i32/debuf.mlir,953d764edf2f03adc8361176ef0ede0fe3073b3984e7bc2e1b65e19f597e79b9,syntactic,5,ok,0,774.0868777036667,0,"[""/usr/bin/python3"", ""/home/arjaiswal/Polygeist/scripts/correctness/kernel_match_rewrite.py"", ""/home/arjaiswal/Polygeist/issues/aten_c_kernels/results/aten_lcm_i32/debuf.mlir"", ""--dry-run"", ""--matcher-mode"", ""syntactic"", ""--telemetry-json"", ""/home/arjaiswal/Polygeist/issues/equality_saturation_eval/campaign_20260908/aten-aten_lcm_i32-syntactic-mcvvbd5s.json"", ""--disable-semantic-fallback""]","== match report for /home/arjaiswal/Polygeist/issues/aten_c_kernels/results/aten_lcm_i32/debuf.mlir ==
  no_match       body#0  ?
  total: 0 matched / 1 bodies
",0,[],0,0,0,0,/home/arjaiswal/Polygeist/issues/aten_c_kernels/results/aten_lcm_i32/debuf.mlir,2648,0,1,0,356.3734106719494,1,66916,0.01784786581993103,0,0,0,0,[],0,0,6,0.0,6
aten,aten_ldexp,/home/arjaiswal/Polygeist/issues/aten_c_kernels/results/aten_ldexp/debuf.mlir,72b4dcfe27769b77f809197c740914ed6f79dca8adb26c4e17fd5b815b8e7459,syntactic,1,ok,0,746.1069338023663,0,"[""/usr/bin/python3"", ""/home/arjaiswal/Polygeist/scripts/correctness/kernel_match_rewrite.py"", ""/home/arjaiswal/Polygeist/issues/aten_c_kernels/results/aten_ldexp/debuf.mlir"", ""--dry-run"", ""--matcher-mode"", ""syntactic"", ""--telemetry-json"", ""/home/arjaiswal/Polygeist/issues/equality_saturation_eval/campaign_20260908/aten-aten_ldexp-syntactic-xlvpvs68.json"", ""--disable-semantic-fallback""]","== match report for /home/arjaiswal/Polygeist/issues/aten_c_kernels/results/aten_ldexp/debuf.mlir ==
  no_match       body#0  ?
  total: 0 matched / 1 bodies
",0,[],0,0,0,0,/home/arjaiswal/Polygeist/issues/aten_c_kernels/results/aten_ldexp/debuf.mlir,2020,0,1,0,316.95057079195976,1,65560,0.029824674129486084,0,0,0,0,[],0,0,8,0.0,8
aten,aten_ldexp,/home/arjaiswal/Polygeist/issues/aten_c_kernels/results/aten_ldexp/debuf.mlir,72b4dcfe27769b77f809197c740914ed6f79dca8adb26c4e17fd5b815b8e7459,egglog,1,ok,0,725.4469431936741,0,"[""/usr/bin/python3"", ""/home/arjaiswal/Polygeist/scripts/correctness/kernel_match_rewrite.py"", ""/home/arjaiswal/Polygeist/issues/aten_c_kernels/results/aten_ldexp/debuf.mlir"", ""--dry-run"", ""--matcher-mode"", ""egglog"", ""--telemetry-json"", ""/home/arjaiswal/Polygeist/issues/equality_saturation_eval/campaign_20260908/aten-aten_ldexp-egglog-7p50sv7w.json"", ""--disable-semantic-fallback""]","== match report for /home/arjaiswal/Polygeist/issues/aten_c_kernels/results/aten_ldexp/debuf.mlir ==
  no_match       body#0  ?
  total: 0 matched / 1 bodies
",0,[],0,0,0,0,/home/arjaiswal/Polygeist/issues/aten_c_kernels/results/aten_ldexp/debuf.mlir,2020,8,1,0,291.54809191823006,1,65776,0.0,0,0,0,0,[],0,0,0,0.0,8
aten,aten_ldexp,/home/arjaiswal/Polygeist/issues/aten_c_kernels/results/aten_ldexp/debuf.mlir,72b4dcfe27769b77f809197c740914ed6f79dca8adb26c4e17fd5b815b8e7459,egglog,2,ok,0,715.0968760251999,0,"[""/usr/bin/python3"", ""/home/arjaiswal/Polygeist/scripts/correctness/kernel_match_rewrite.py"", ""/home/arjaiswal/Polygeist/issues/aten_c_kernels/results/aten_ldexp/debuf.mlir"", ""--dry-run"", ""--matcher-mode"", ""egglog"", ""--telemetry-json"", ""/home/arjaiswal/Polygeist/issues/equality_saturation_eval/campaign_20260908/aten-aten_ldexp-egglog-ewxzq4as.json"", ""--disable-semantic-fallback""]","== match report for /home/arjaiswal/Polygeist/issues/aten_c_kernels/results/aten_ldexp/debuf.mlir ==
  no_match       body#0  ?
  total: 0 matched / 1 bodies
",0,[],0,0,0,0,/home/arjaiswal/Polygeist/issues/aten_c_kernels/results/aten_ldexp/debuf.mlir,2020,8,1,0,283.4914140403271,1,65772,0.0,0,0,0,0,[],0,0,0,0.0,8
aten,aten_ldexp,/home/arjaiswal/Polygeist/issues/aten_c_kernels/results/aten_ldexp/debuf.mlir,72b4dcfe27769b77f809197c740914ed6f79dca8adb26c4e17fd5b815b8e7459,syntactic,2,ok,0,719.9927121400833,0,"[""/usr/bin/python3"", ""/home/arjaiswal/Polygeist/scripts/correctness/kernel_match_rewrite.py"", ""/home/arjaiswal/Polygeist/issues/aten_c_kernels/results/aten_ldexp/debuf.mlir"", ""--dry-run"", ""--matcher-mode"", ""syntactic"", ""--telemetry-json"", ""/home/arjaiswal/Polygeist/issues/equality_saturation_eval/campaign_20260908/aten-aten_ldexp-syntactic-wctwuerr.json"", ""--disable-semantic-fallback""]","== match report for /home/arjaiswal/Polygeist/issues/aten_c_kernels/results/aten_ldexp/debuf.mlir ==
  no_match       body#0  ?
  total: 0 matched / 1 bodies
",0,[],0,0,0,0,/home/arjaiswal/Polygeist/issues/aten_c_kernels/results/aten_ldexp/debuf.mlir,2020,0,1,0,307.28572607040405,1,65752,0.023208558559417725,0,0,0,0,[],0,0,8,0.0,8
aten,aten_ldexp,/home/arjaiswal/Polygeist/issues/aten_c_kernels/results/aten_ldexp/debuf.mlir,72b4dcfe27769b77f809197c740914ed6f79dca8adb26c4e17fd5b815b8e7459,syntactic,3,ok,0,710.1427391171455,0,"[""/usr/bin/python3"", ""/home/arjaiswal/Polygeist/scripts/correctness/kernel_match_rewrite.py"", ""/home/arjaiswal/Polygeist/issues/aten_c_kernels/results/aten_ldexp/debuf.mlir"", ""--dry-run"", ""--matcher-mode"", ""syntactic"", ""--telemetry-json"", ""/home/arjaiswal/Polygeist/issues/equality_saturation_eval/campaign_20260908/aten-aten_ldexp-syntactic-hiqz8v0l.json"", ""--disable-semantic-fallback""]","== match report for /home/arjaiswal/Polygeist/issues/aten_c_kernels/results/aten_ldexp/debuf.mlir ==
  no_match       body#0  ?
  total: 0 matched / 1 bodies
",0,[],0,0,0,0,/home/arjaiswal/Polygeist/issues/aten_c_kernels/results/aten_ldexp/debuf.mlir,2020,0,1,0,292.36675426363945,1,65596,0.023521482944488525,0,0,0,0,[],0,0,8,0.0,8
aten,aten_ldexp,/home/arjaiswal/Polygeist/issues/aten_c_kernels/results/aten_ldexp/debuf.mlir,72b4dcfe27769b77f809197c740914ed6f79dca8adb26c4e17fd5b815b8e7459,egglog,3,ok,0,701.9942849874496,0,"[""/usr/bin/python3"", ""/home/arjaiswal/Polygeist/scripts/correctness/kernel_match_rewrite.py"", ""/home/arjaiswal/Polygeist/issues/aten_c_kernels/results/aten_ldexp/debuf.mlir"", ""--dry-run"", ""--matcher-mode"", ""egglog"", ""--telemetry-json"", ""/home/arjaiswal/Polygeist/issues/equality_saturation_eval/campaign_20260908/aten-aten_ldexp-egglog-e40hm5x2.json"", ""--disable-semantic-fallback""]","== match report for /home/arjaiswal/Polygeist/issues/aten_c_kernels/results/aten_ldexp/debuf.mlir ==
  no_match       body#0  ?
  total: 0 matched / 1 bodies
",0,[],0,0,0,0,/home/arjaiswal/Polygeist/issues/aten_c_kernels/results/aten_ldexp/debuf.mlir,2020,8,1,0,298.65914210677147,1,65556,0.0,0,0,0,0,[],0,0,0,0.0,8
aten,aten_ldexp,/home/arjaiswal/Polygeist/issues/aten_c_kernels/results/aten_ldexp/debuf.mlir,72b4dcfe27769b77f809197c740914ed6f79dca8adb26c4e17fd5b815b8e7459,egglog,4,ok,0,709.0873718261719,0,"[""/usr/bin/python3"", ""/home/arjaiswal/Polygeist/scripts/correctness/kernel_match_rewrite.py"", ""/home/arjaiswal/Polygeist/issues/aten_c_kernels/results/aten_ldexp/debuf.mlir"", ""--dry-run"", ""--matcher-mode"", ""egglog"", ""--telemetry-json"", ""/home/arjaiswal/Polygeist/issues/equality_saturation_eval/campaign_20260908/aten-aten_ldexp-egglog-hs9b1id7.json"", ""--disable-semantic-fallback""]","== match report for /home/arjaiswal/Polygeist/issues/aten_c_kernels/results/aten_ldexp/debuf.mlir ==
  no_match       body#0  ?
  total: 0 matched / 1 bodies
",0,[],0,0,0,0,/home/arjaiswal/Polygeist/issues/aten_c_kernels/results/aten_ldexp/debuf.mlir,2020,8,1,0,291.47372022271156,1,65524,0.0,0,0,0,0,[],0,0,0,0.0,8
aten,aten_ldexp,/home/arjaiswal/Polygeist/issues/aten_c_kernels/results/aten_ldexp/debuf.mlir,72b4dcfe27769b77f809197c740914ed6f79dca8adb26c4e17fd5b815b8e7459,syntactic,4,ok,0,693.2008229196072,0,"[""/usr/bin/python3"", ""/home/arjaiswal/Polygeist/scripts/correctness/kernel_match_rewrite.py"", ""/home/arjaiswal/Polygeist/issues/aten_c_kernels/results/aten_ldexp/debuf.mlir"", ""--dry-run"", ""--matcher-mode"", ""syntactic"", ""--telemetry-json"", ""/home/arjaiswal/Polygeist/issues/equality_saturation_eval/campaign_20260908/aten-aten_ldexp-syntactic-qxog4b5r.json"", ""--disable-semantic-fallback""]","== match report for /home/arjaiswal/Polygeist/issues/aten_c_kernels/results/aten_ldexp/debuf.mlir ==
  no_match       body#0  ?
  total: 0 matched / 1 bodies
",0,[],0,0,0,0,/home/arjaiswal/Polygeist/issues/aten_c_kernels/results/aten_ldexp/debuf.mlir,2020,0,1,0,281.43154457211494,1,65756,0.020500272512435913,0,0,0,0,[],0,0,8,0.0,8
aten,aten_ldexp,/home/arjaiswal/Polygeist/issues/aten_c_kernels/results/aten_ldexp/debuf.mlir,72b4dcfe27769b77f809197c740914ed6f79dca8adb26c4e17fd5b815b8e7459,syntactic,5,ok,0,682.2629235684872,0,"[""/usr/bin/python3"", ""/home/arjaiswal/Polygeist/scripts/correctness/kernel_match_rewrite.py"", ""/home/arjaiswal/Polygeist/issues/aten_c_kernels/results/aten_ldexp/debuf.mlir"", ""--dry-run"", ""--matcher-mode"", ""syntactic"", ""--telemetry-json"", ""/home/arjaiswal/Polygeist/issues/equality_saturation_eval/campaign_20260908/aten-aten_ldexp-syntactic-610j3e24.json"", ""--disable-semantic-fallback""]","== match report for /home/arjaiswal/Polygeist/issues/aten_c_kernels/results/aten_ldexp/debuf.mlir ==
  no_match       body#0  ?
  total: 0 matched / 1 bodies
",0,[],0,0,0,0,/home/arjaiswal/Polygeist/issues/aten_c_kernels/results/aten_ldexp/debuf.mlir,2020,0,1,0,283.05621445178986,1,65756,0.024702399969100952,0,0,0,0,[],0,0,8,0.0,8
aten,aten_ldexp,/home/arjaiswal/Polygeist/issues/aten_c_kernels/results/aten_ldexp/debuf.mlir,72b4dcfe27769b77f809197c740914ed6f79dca8adb26c4e17fd5b815b8e7459,egglog,5,ok,0,689.8939423263073,0,"[""/usr/bin/python3"", ""/home/arjaiswal/Polygeist/scripts/correctness/kernel_match_rewrite.py"", ""/home/arjaiswal/Polygeist/issues/aten_c_kernels/results/aten_ldexp/debuf.mlir"", ""--dry-run"", ""--matcher-mode"", ""egglog"", ""--telemetry-json"", ""/home/arjaiswal/Polygeist/issues/equality_saturation_eval/campaign_20260908/aten-aten_ldexp-egglog-d3dy3z_i.json"", ""--disable-semantic-fallback""]","== match report for /home/arjaiswal/Polygeist/issues/aten_c_kernels/results/aten_ldexp/debuf.mlir ==
  no_match       body#0  ?
  total: 0 matched / 1 bodies
",0,[],0,0,0,0,/home/arjaiswal/Polygeist/issues/aten_c_kernels/results/aten_ldexp/debuf.mlir,2020,8,1,0,284.21470895409584,1,65920,0.0,0,0,0,0,[],0,0,0,0.0,8
aten,aten_le,/home/arjaiswal/Polygeist/issues/aten_c_kernels/results/aten_le/debuf.mlir,3020da93df1d946d4de39dddab6f4cd581b044d38408c21ad2d5a29dac6637ed,egglog,1,ok,0,750.2885162830353,0,"[""/usr/bin/python3"", ""/home/arjaiswal/Polygeist/scripts/correctness/kernel_match_rewrite.py"", ""/home/arjaiswal/Polygeist/issues/aten_c_kernels/results/aten_le/debuf.mlir"", ""--dry-run"", ""--matcher-mode"", ""egglog"", ""--telemetry-json"", ""/home/arjaiswal/Polygeist/issues/equality_saturation_eval/campaign_20260908/aten-aten_le-egglog-l8fvh4ut.json"", ""--disable-semantic-fallback""]","== match report for /home/arjaiswal/Polygeist/issues/aten_c_kernels/results/aten_le/debuf.mlir ==
  no_match       body#0  ?
  total: 0 matched / 1 bodies
",0,[],0,0,0,0,/home/arjaiswal/Polygeist/issues/aten_c_kernels/results/aten_le/debuf.mlir,1965,8,1,0,316.34799763560295,1,65524,0.0,0,0,0,0,[],0,0,0,0.0,8
aten,aten_le,/home/arjaiswal/Polygeist/issues/aten_c_kernels/results/aten_le/debuf.mlir,3020da93df1d946d4de39dddab6f4cd581b044d38408c21ad2d5a29dac6637ed,syntactic,1,ok,0,720.2929966151714,0,"[""/usr/bin/python3"", ""/home/arjaiswal/Polygeist/scripts/correctness/kernel_match_rewrite.py"", ""/home/arjaiswal/Polygeist/issues/aten_c_kernels/results/aten_le/debuf.mlir"", ""--dry-run"", ""--matcher-mode"", ""syntactic"", ""--telemetry-json"", ""/home/arjaiswal/Polygeist/issues/equality_saturation_eval/campaign_20260908/aten-aten_le-syntactic-4tnuabs_.json"", ""--disable-semantic-fallback""]","== match report for /home/arjaiswal/Polygeist/issues/aten_c_kernels/results/aten_le/debuf.mlir ==
  no_match       body#0  ?
  total: 0 matched / 1 bodies
",0,[],0,0,0,0,/home/arjaiswal/Polygeist/issues/aten_c_kernels/results/aten_le/debuf.mlir,1965,0,1,0,302.47941613197327,1,65860,0.021267682313919067,0,0,0,0,[],0,0,8,0.0,8
aten,aten_le,/home/arjaiswal/Polygeist/issues/aten_c_kernels/results/aten_le/debuf.mlir,3020da93df1d946d4de39dddab6f4cd581b044d38408c21ad2d5a29dac6637ed,syntactic,2,ok,0,718.196552246809,0,"[""/usr/bin/python3"", ""/home/arjaiswal/Polygeist/scripts/correctness/kernel_match_rewrite.py"", ""/home/arjaiswal/Polygeist/issues/aten_c_kernels/results/aten_le/debuf.mlir"", ""--dry-run"", ""--matcher-mode"", ""syntactic"", ""--telemetry-json"", ""/home/arjaiswal/Polygeist/issues/equality_saturation_eval/campaign_20260908/aten-aten_le-syntactic-y4b9wkxf.json"", ""--disable-semantic-fallback""]","== match report for /home/arjaiswal/Polygeist/issues/aten_c_kernels/results/aten_le/debuf.mlir ==
  no_match       body#0  ?
  total: 0 matched / 1 bodies
",0,[],0,0,0,0,/home/arjaiswal/Polygeist/issues/aten_c_kernels/results/aten_le/debuf.mlir,1965,0,1,0,300.70364102721214,1,65884,0.022824853658676147,0,0,0,0,[],0,0,8,0.0,8
aten,aten_le,/home/arjaiswal/Polygeist/issues/aten_c_kernels/results/aten_le/debuf.mlir,3020da93df1d946d4de39dddab6f4cd581b044d38408c21ad2d5a29dac6637ed,egglog,2,ok,0,708.115991204977,0,"[""/usr/bin/python3"", ""/home/arjaiswal/Polygeist/scripts/correctness/kernel_match_rewrite.py"", ""/home/arjaiswal/Polygeist/issues/aten_c_kernels/results/aten_le/debuf.mlir"", ""--dry-run"", ""--matcher-mode"", ""egglog"", ""--telemetry-json"", ""/home/arjaiswal/Polygeist/issues/equality_saturation_eval/campaign_20260908/aten-aten_le-egglog-1hfb_nsb.json"", ""--disable-semantic-fallback""]","== match report for /home/arjaiswal/Polygeist/issues/aten_c_kernels/results/aten_le/debuf.mlir ==
  no_match       body#0  ?
  total: 0 matched / 1 bodies
",0,[],0,0,0,0,/home/arjaiswal/Polygeist/issues/aten_c_kernels/results/aten_le/debuf.mlir,1965,8,1,0,294.44538429379463,1,65720,0.0,0,0,0,0,[],0,0,0,0.0,8
aten,aten_le,/home/arjaiswal/Polygeist/issues/aten_c_kernels/results/aten_le/debuf.mlir,3020da93df1d946d4de39dddab6f4cd581b044d38408c21ad2d5a29dac6637ed,egglog,3,ok,0,772.8057727217674,0,"[""/usr/bin/python3"", ""/home/arjaiswal/Polygeist/scripts/correctness/kernel_match_rewrite.py"", ""/home/arjaiswal/Polygeist/issues/aten_c_kernels/results/aten_le/debuf.mlir"", ""--dry-run"", ""--matcher-mode"", ""egglog"", ""--telemetry-json"", ""/home/arjaiswal/Polygeist/issues/equality_saturation_eval/campaign_20260908/aten-aten_le-egglog-mgsa1nqk.json"", ""--disable-semantic-fallback""]","== match report for /home/arjaiswal/Polygeist/issues/aten_c_kernels/results/aten_le/debuf.mlir ==
  no_match       body#0  ?
  total: 0 matched / 1 bodies
",0,[],0,0,0,0,/home/arjaiswal/Polygeist/issues/aten_c_kernels/results/aten_le/debuf.mlir,1965,8,1,0,319.47655603289604,1,65712,0.0,0,0,0,0,[],0,0,0,0.0,8
aten,aten_le,/home/arjaiswal/Polygeist/issues/aten_c_kernels/results/aten_le/debuf.mlir,3020da93df1d946d4de39dddab6f4cd581b044d38408c21ad2d5a29dac6637ed,syntactic,3,ok,0,714.230339974165,0,"[""/usr/bin/python3"", ""/home/arjaiswal/Polygeist/scripts/correctness/kernel_match_rewrite.py"", ""/home/arjaiswal/Polygeist/issues/aten_c_kernels/results/aten_le/debuf.mlir"", ""--dry-run"", ""--matcher-mode"", ""syntactic"", ""--telemetry-json"", ""/home/arjaiswal/Polygeist/issues/equality_saturation_eval/campaign_20260908/aten-aten_le-syntactic-5syiwthq.json"", ""--disable-semantic-fallback""]","== match report for /home/arjaiswal/Polygeist/issues/aten_c_kernels/results/aten_le/debuf.mlir ==
  no_match       body#0  ?
  total: 0 matched / 1 bodies
",0,[],0,0,0,0,/home/arjaiswal/Polygeist/issues/aten_c_kernels/results/aten_le/debuf.mlir,1965,0,1,0,293.8365675508976,1,65892,0.02347305417060852,0,0,0,0,[],0,0,8,0.0,8
aten,aten_le,/home/arjaiswal/Polygeist/issues/aten_c_kernels/results/aten_le/debuf.mlir,3020da93df1d946d4de39dddab6f4cd581b044d38408c21ad2d5a29dac6637ed,syntactic,4,ok,0,797.7219261229038,0,"[""/usr/bin/python3"", ""/home/arjaiswal/Polygeist/scripts/correctness/kernel_match_rewrite.py"", ""/home/arjaiswal/Polygeist/issues/aten_c_kernels/results/aten_le/debuf.mlir"", ""--dry-run"", ""--matcher-mode"", ""syntactic"", ""--telemetry-json"", ""/home/arjaiswal/Polygeist/issues/equality_saturation_eval/campaign_20260908/aten-aten_le-syntactic-h2ukqs0f.json"", ""--disable-semantic-fallback""]","== match report for /home/arjaiswal/Polygeist/issues/aten_c_kernels/results/aten_le/debuf.mlir ==
  no_match       body#0  ?
  total: 0 matched / 1 bodies
",0,[],0,0,0,0,/home/arjaiswal/Polygeist/issues/aten_c_kernels/results/aten_le/debuf.mlir,1965,0,1,0,307.9143054783344,1,65748,0.022329390048980713,0,0,0,0,[],0,0,8,0.0,8
aten,aten_le,/home/arjaiswal/Polygeist/issues/aten_c_kernels/results/aten_le/debuf.mlir,3020da93df1d946d4de39dddab6f4cd581b044d38408c21ad2d5a29dac6637ed,egglog,4,ok,0,722.6621732115746,0,"[""/usr/bin/python3"", ""/home/arjaiswal/Polygeist/scripts/correctness/kernel_match_rewrite.py"", ""/home/arjaiswal/Polygeist/issues/aten_c_kernels/results/aten_le/debuf.mlir"", ""--dry-run"", ""--matcher-mode"", ""egglog"", ""--telemetry-json"", ""/home/arjaiswal/Polygeist/issues/equality_saturation_eval/campaign_20260908/aten-aten_le-egglog-8lb0gdlx.json"", ""--disable-semantic-fallback""]","== match report for /home/arjaiswal/Polygeist/issues/aten_c_kernels/results/aten_le/debuf.mlir ==
  no_match       body#0  ?
  total: 0 matched / 1 bodies
",0,[],0,0,0,0,/home/arjaiswal/Polygeist/issues/aten_c_kernels/results/aten_le/debuf.mlir,1965,8,1,0,299.242589622736,1,65640,0.0,0,0,0,0,[],0,0,0,0.0,8
aten,aten_le,/home/arjaiswal/Polygeist/issues/aten_c_kernels/results/aten_le/debuf.mlir,3020da93df1d946d4de39dddab6f4cd581b044d38408c21ad2d5a29dac6637ed,egglog,5,ok,0,724.3815995752811,0,"[""/usr/bin/python3"", ""/home/arjaiswal/Polygeist/scripts/correctness/kernel_match_rewrite.py"", ""/home/arjaiswal/Polygeist/issues/aten_c_kernels/results/aten_le/debuf.mlir"", ""--dry-run"", ""--matcher-mode"", ""egglog"", ""--telemetry-json"", ""/home/arjaiswal/Polygeist/issues/equality_saturation_eval/campaign_20260908/aten-aten_le-egglog-_b2j4f_l.json"", ""--disable-semantic-fallback""]","== match report for /home/arjaiswal/Polygeist/issues/aten_c_kernels/results/aten_le/debuf.mlir ==
  no_match       body#0  ?
  total: 0 matched / 1 bodies
",0,[],0,0,0,0,/home/arjaiswal/Polygeist/issues/aten_c_kernels/results/aten_le/debuf.mlir,1965,8,1,0,303.9579503238201,1,65636,0.0,0,0,0,0,[],0,0,0,0.0,8
aten,aten_le,/home/arjaiswal/Polygeist/issues/aten_c_kernels/results/aten_le/debuf.mlir,3020da93df1d946d4de39dddab6f4cd581b044d38408c21ad2d5a29dac6637ed,syntactic,5,ok,0,821.9263069331646,0,"[""/usr/bin/python3"", ""/home/arjaiswal/Polygeist/scripts/correctness/kernel_match_rewrite.py"", ""/home/arjaiswal/Polygeist/issues/aten_c_kernels/results/aten_le/debuf.mlir"", ""--dry-run"", ""--matcher-mode"", ""syntactic"", ""--telemetry-json"", ""/home/arjaiswal/Polygeist/issues/equality_saturation_eval/campaign_20260908/aten-aten_le-syntactic-nkyo105v.json"", ""--disable-semantic-fallback""]","== match report for /home/arjaiswal/Polygeist/issues/aten_c_kernels/results/aten_le/debuf.mlir ==
  no_match       body#0  ?
  total: 0 matched / 1 bodies
",0,[],0,0,0,0,/home/arjaiswal/Polygeist/issues/aten_c_kernels/results/aten_le/debuf.mlir,1965,0,1,0,302.0048476755619,1,65624,0.02450123429298401,0,0,0,0,[],0,0,8,0.0,8
aten,aten_leaky_relu,/home/arjaiswal/Polygeist/issues/aten_c_kernels/results/aten_leaky_relu/debuf.mlir,ba1829bd92e7dcc55005adeba2a0327215dfb4a01e3c12f2dab4818b2af6914b,syntactic,1,ok,0,980.4467111825943,0,"[""/usr/bin/python3"", ""/home/arjaiswal/Polygeist/scripts/correctness/kernel_match_rewrite.py"", ""/home/arjaiswal/Polygeist/issues/aten_c_kernels/results/aten_leaky_relu/debuf.mlir"", ""--dry-run"", ""--matcher-mode"", ""syntactic"", ""--telemetry-json"", ""/home/arjaiswal/Polygeist/issues/equality_saturation_eval/campaign_20260908/aten-aten_leaky_relu-syntactic-pa2onfvm.json"", ""--disable-semantic-fallback""]","== match report for /home/arjaiswal/Polygeist/issues/aten_c_kernels/results/aten_leaky_relu/debuf.mlir ==
  match          body#[0]  cudnnPointwiseGraph_f32
  total: 1 matched / 1 bodies
",0,[],0,0,0,0,/home/arjaiswal/Polygeist/issues/aten_c_kernels/results/aten_leaky_relu/debuf.mlir,1918,0,1,1,517.4388363957405,0,65980,0.15423819422721863,0,0,0,0,"[{""body_indices"": [0], ""symbol"": ""cudnnPointwiseGraph_f32""}]",1,0,56,0.0,56
aten,aten_leaky_relu,/home/arjaiswal/Polygeist/issues/aten_c_kernels/results/aten_leaky_relu/debuf.mlir,ba1829bd92e7dcc55005adeba2a0327215dfb4a01e3c12f2dab4818b2af6914b,egglog,1,ok,0,989.964947104454,0,"[""/usr/bin/python3"", ""/home/arjaiswal/Polygeist/scripts/correctness/kernel_match_rewrite.py"", ""/home/arjaiswal/Polygeist/issues/aten_c_kernels/results/aten_leaky_relu/debuf.mlir"", ""--dry-run"", ""--matcher-mode"", ""egglog"", ""--telemetry-json"", ""/home/arjaiswal/Polygeist/issues/equality_saturation_eval/campaign_20260908/aten-aten_leaky_relu-egglog-eved105b.json"", ""--disable-semantic-fallback""]","== match report for /home/arjaiswal/Polygeist/issues/aten_c_kernels/results/aten_leaky_relu/debuf.mlir ==
  match          body#[0]  cudnnPointwiseGraph_f32
  total: 1 matched / 1 bodies
",0,[],0,0,0,0,/home/arjaiswal/Polygeist/issues/aten_c_kernels/results/aten_leaky_relu/debuf.mlir,1918,8,1,1,524.3592038750648,0,66204,0.0,0,0,0,0,"[{""body_indices"": [0], ""symbol"": ""cudnnPointwiseGraph_f32""}]",1,0,0,0.0,56
aten,aten_leaky_relu,/home/arjaiswal/Polygeist/issues/aten_c_kernels/results/aten_leaky_relu/debuf.mlir,ba1829bd92e7dcc55005adeba2a0327215dfb4a01e3c12f2dab4818b2af6914b,egglog,2,ok,0,967.4896337091923,0,"[""/usr/bin/python3"", ""/home/arjaiswal/Polygeist/scripts/correctness/kernel_match_rewrite.py"", ""/home/arjaiswal/Polygeist/issues/aten_c_kernels/results/aten_leaky_relu/debuf.mlir"", ""--dry-run"", ""--matcher-mode"", ""egglog"", ""--telemetry-json"", ""/home/arjaiswal/Polygeist/issues/equality_saturation_eval/campaign_20260908/aten-aten_leaky_relu-egglog-bpq5b6iz.json"", ""--disable-semantic-fallback""]","== match report for /home/arjaiswal/Polygeist/issues/aten_c_kernels/results/aten_leaky_relu/debuf.mlir ==
  match          body#[0]  cudnnPointwiseGraph_f32
  total: 1 matched / 1 bodies
",0,[],0,0,0,0,/home/arjaiswal/Polygeist/issues/aten_c_kernels/results/aten_leaky_relu/debuf.mlir,1918,8,1,1,555.1410503685474,0,66024,0.0,0,0,0,0,"[{""body_indices"": [0], ""symbol"": ""cudnnPointwiseGraph_f32""}]",1,0,0,0.0,56
aten,aten_leaky_relu,/home/arjaiswal/Polygeist/issues/aten_c_kernels/results/aten_leaky_relu/debuf.mlir,ba1829bd92e7dcc55005adeba2a0327215dfb4a01e3c12f2dab4818b2af6914b,syntactic,2,ok,0,989.3435910344124,0,"[""/usr/bin/python3"", ""/home/arjaiswal/Polygeist/scripts/correctness/kernel_match_rewrite.py"", ""/home/arjaiswal/Polygeist/issues/aten_c_kernels/results/aten_leaky_relu/debuf.mlir"", ""--dry-run"", ""--matcher-mode"", ""syntactic"", ""--telemetry-json"", ""/home/arjaiswal/Polygeist/issues/equality_saturation_eval/campaign_20260908/aten-aten_leaky_relu-syntactic-xmo8rldf.json"", ""--disable-semantic-fallback""]","== match report for /home/arjaiswal/Polygeist/issues/aten_c_kernels/results/aten_leaky_relu/debuf.mlir ==
  match          body#[0]  cudnnPointwiseGraph_f32
  total: 1 matched / 1 bodies
",0,[],0,0,0,0,/home/arjaiswal/Polygeist/issues/aten_c_kernels/results/aten_leaky_relu/debuf.mlir,1918,0,1,1,540.529627352953,0,66384,0.1511611044406891,0,0,0,0,"[{""body_indices"": [0], ""symbol"": ""cudnnPointwiseGraph_f32""}]",1,0,56,0.0,56
aten,aten_leaky_relu,/home/arjaiswal/Polygeist/issues/aten_c_kernels/results/aten_leaky_relu/debuf.mlir,ba1829bd92e7dcc55005adeba2a0327215dfb4a01e3c12f2dab4818b2af6914b,syntactic,3,ok,0,961.3422453403473,0,"[""/usr/bin/python3"", ""/home/arjaiswal/Polygeist/scripts/correctness/kernel_match_rewrite.py"", ""/home/arjaiswal/Polygeist/issues/aten_c_kernels/results/aten_leaky_relu/debuf.mlir"", ""--dry-run"", ""--matcher-mode"", ""syntactic"", ""--telemetry-json"", ""/home/arjaiswal/Polygeist/issues/equality_saturation_eval/campaign_20260908/aten-aten_leaky_relu-syntactic-wut89yqc.json"", ""--disable-semantic-fallback""]","== match report for /home/arjaiswal/Polygeist/issues/aten_c_kernels/results/aten_leaky_relu/debuf.mlir ==
  match          body#[0]  cudnnPointwiseGraph_f32
  total: 1 matched / 1 bodies
",0,[],0,0,0,0,/home/arjaiswal/Polygeist/issues/aten_c_kernels/results/aten_leaky_relu/debuf.mlir,1918,0,1,1,521.0603624582291,0,66296,0.1436956226825714,0,0,0,0,"[{""body_indices"": [0], ""symbol"": ""cudnnPointwiseGraph_f32""}]",1,0,56,0.0,56
aten,aten_leaky_relu,/home/arjaiswal/Polygeist/issues/aten_c_kernels/results/aten_leaky_relu/debuf.mlir,ba1829bd92e7dcc55005adeba2a0327215dfb4a01e3c12f2dab4818b2af6914b,egglog,3,ok,0,941.0400949418545,0,"[""/usr/bin/python3"", ""/home/arjaiswal/Polygeist/scripts/correctness/kernel_match_rewrite.py"", ""/home/arjaiswal/Polygeist/issues/aten_c_kernels/results/aten_leaky_relu/debuf.mlir"", ""--dry-run"", ""--matcher-mode"", ""egglog"", ""--telemetry-json"", ""/home/arjaiswal/Polygeist/issues/equality_saturation_eval/campaign_20260908/aten-aten_leaky_relu-egglog-qe6t3eu3.json"", ""--disable-semantic-fallback""]","== match report for /home/arjaiswal/Polygeist/issues/aten_c_kernels/results/aten_leaky_relu/debuf.mlir ==
  match          body#[0]  cudnnPointwiseGraph_f32
  total: 1 matched / 1 bodies
",0,[],0,0,0,0,/home/arjaiswal/Polygeist/issues/aten_c_kernels/results/aten_leaky_relu/debuf.mlir,1918,8,1,1,513.77097889781,0,66244,0.0,0,0,0,0,"[{""body_indices"": [0], ""symbol"": ""cudnnPointwiseGraph_f32""}]",1,0,0,0.0,56
aten,aten_leaky_relu,/home/arjaiswal/Polygeist/issues/aten_c_kernels/results/aten_leaky_relu/debuf.mlir,ba1829bd92e7dcc55005adeba2a0327215dfb4a01e3c12f2dab4818b2af6914b,egglog,4,ok,0,941.783744841814,0,"[""/usr/bin/python3"", ""/home/arjaiswal/Polygeist/scripts/correctness/kernel_match_rewrite.py"", ""/home/arjaiswal/Polygeist/issues/aten_c_kernels/results/aten_leaky_relu/debuf.mlir"", ""--dry-run"", ""--matcher-mode"", ""egglog"", ""--telemetry-json"", ""/home/arjaiswal/Polygeist/issues/equality_saturation_eval/campaign_20260908/aten-aten_leaky_relu-egglog-qpa5brit.json"", ""--disable-semantic-fallback""]","== match report for /home/arjaiswal/Polygeist/issues/aten_c_kernels/results/aten_leaky_relu/debuf.mlir ==
  match          body#[0]  cudnnPointwiseGraph_f32
  total: 1 matched / 1 bodies
",0,[],0,0,0,0,/home/arjaiswal/Polygeist/issues/aten_c_kernels/results/aten_leaky_relu/debuf.mlir,1918,8,1,1,526.8713720142841,0,66388,0.0,0,0,0,0,"[{""body_indices"": [0], ""symbol"": ""cudnnPointwiseGraph_f32""}]",1,0,0,0.0,56
aten,aten_leaky_relu,/home/arjaiswal/Polygeist/issues/aten_c_kernels/results/aten_leaky_relu/debuf.mlir,ba1829bd92e7dcc55005adeba2a0327215dfb4a01e3c12f2dab4818b2af6914b,syntactic,4,ok,0,941.7793229222298,0,"[""/usr/bin/python3"", ""/home/arjaiswal/Polygeist/scripts/correctness/kernel_match_rewrite.py"", ""/home/arjaiswal/Polygeist/issues/aten_c_kernels/results/aten_leaky_relu/debuf.mlir"", ""--dry-run"", ""--matcher-mode"", ""syntactic"", ""--telemetry-json"", ""/home/arjaiswal/Polygeist/issues/equality_saturation_eval/campaign_20260908/aten-aten_leaky_relu-syntactic-9trjiewc.json"", ""--disable-semantic-fallback""]","== match report for /home/arjaiswal/Polygeist/issues/aten_c_kernels/results/aten_leaky_relu/debuf.mlir ==
  match          body#[0]  cudnnPointwiseGraph_f32
  total: 1 matched / 1 bodies
",0,[],0,0,0,0,/home/arjaiswal/Polygeist/issues/aten_c_kernels/results/aten_leaky_relu/debuf.mlir,1918,0,1,1,518.5875631868839,0,65912,0.1407228410243988,0,0,0,0,"[{""body_indices"": [0], ""symbol"": ""cudnnPointwiseGraph_f32""}]",1,0,56,0.0,56
aten,aten_leaky_relu,/home/arjaiswal/Polygeist/issues/aten_c_kernels/results/aten_leaky_relu/debuf.mlir,ba1829bd92e7dcc55005adeba2a0327215dfb4a01e3c12f2dab4818b2af6914b,syntactic,5,ok,0,977.1411567926407,0,"[""/usr/bin/python3"", ""/home/arjaiswal/Polygeist/scripts/correctness/kernel_match_rewrite.py"", ""/home/arjaiswal/Polygeist/issues/aten_c_kernels/results/aten_leaky_relu/debuf.mlir"", ""--dry-run"", ""--matcher-mode"", ""syntactic"", ""--telemetry-json"", ""/home/arjaiswal/Polygeist/issues/equality_saturation_eval/campaign_20260908/aten-aten_leaky_relu-syntactic-ifii0_o0.json"", ""--disable-semantic-fallback""]","== match report for /home/arjaiswal/Polygeist/issues/aten_c_kernels/results/aten_leaky_relu/debuf.mlir ==
  match          body#[0]  cudnnPointwiseGraph_f32
  total: 1 matched / 1 bodies
",0,[],0,0,0,0,/home/arjaiswal/Polygeist/issues/aten_c_kernels/results/aten_leaky_relu/debuf.mlir,1918,0,1,1,558.8580258190632,0,66208,0.18383562564849854,0,0,0,0,"[{""body_indices"": [0], ""symbol"": ""cudnnPointwiseGraph_f32""}]",1,0,56,0.0,56
aten,aten_leaky_relu,/home/arjaiswal/Polygeist/issues/aten_c_kernels/results/aten_leaky_relu/debuf.mlir,ba1829bd92e7dcc55005adeba2a0327215dfb4a01e3c12f2dab4818b2af6914b,egglog,5,ok,0,929.3915145099163,0,"[""/usr/bin/python3"", ""/home/arjaiswal/Polygeist/scripts/correctness/kernel_match_rewrite.py"", ""/home/arjaiswal/Polygeist/issues/aten_c_kernels/results/aten_leaky_relu/debuf.mlir"", ""--dry-run"", ""--matcher-mode"", ""egglog"", ""--telemetry-json"", ""/home/arjaiswal/Polygeist/issues/equality_saturation_eval/campaign_20260908/aten-aten_leaky_relu-egglog-9ppgrik1.json"", ""--disable-semantic-fallback""]","== match report for /home/arjaiswal/Polygeist/issues/aten_c_kernels/results/aten_leaky_relu/debuf.mlir ==
  match          body#[0]  cudnnPointwiseGraph_f32
  total: 1 matched / 1 bodies
",0,[],0,0,0,0,/home/arjaiswal/Polygeist/issues/aten_c_kernels/results/aten_leaky_relu/debuf.mlir,1918,8,1,1,523.3245342969894,0,66320,0.0,0,0,0,0,"[{""body_indices"": [0], ""symbol"": ""cudnnPointwiseGraph_f32""}]",1,0,0,0.0,56
aten,aten_legendre_polynomial_p,/home/arjaiswal/Polygeist/issues/aten_c_kernels/results/aten_legendre_polynomial_p/debuf.mlir,d1357381d29dab6f118997ff804c5b08428eb1ad6d39a9f49c26d4bea74fb156,egglog,1,ok,0,725.5479507148266,0,"[""/usr/bin/python3"", ""/home/arjaiswal/Polygeist/scripts/correctness/kernel_match_rewrite.py"", ""/home/arjaiswal/Polygeist/issues/aten_c_kernels/results/aten_legendre_polynomial_p/debuf.mlir"", ""--dry-run"", ""--matcher-mode"", ""egglog"", ""--telemetry-json"", ""/home/arjaiswal/Polygeist/issues/equality_saturation_eval/campaign_20260908/aten-aten_legendre_polynomial_p-egglog-qabfkb78.json"", ""--disable-semantic-fallback""]","== match report for /home/arjaiswal/Polygeist/issues/aten_c_kernels/results/aten_legendre_polynomial_p/debuf.mlir ==
  no_match       body#0  ?
  total: 0 matched / 1 bodies
",0,[],0,0,0,0,/home/arjaiswal/Polygeist/issues/aten_c_kernels/results/aten_legendre_polynomial_p/debuf.mlir,2056,8,1,0,304.9837127327919,1,65576,0.0,0,0,0,0,[],0,0,0,0.0,6
aten,aten_legendre_polynomial_p,/home/arjaiswal/Polygeist/issues/aten_c_kernels/results/aten_legendre_polynomial_p/debuf.mlir,d1357381d29dab6f118997ff804c5b08428eb1ad6d39a9f49c26d4bea74fb156,syntactic,1,ok,0,751.247625797987,0,"[""/usr/bin/python3"", ""/home/arjaiswal/Polygeist/scripts/correctness/kernel_match_rewrite.py"", ""/home/arjaiswal/Polygeist/issues/aten_c_kernels/results/aten_legendre_polynomial_p/debuf.mlir"", ""--dry-run"", ""--matcher-mode"", ""syntactic"", ""--telemetry-json"", ""/home/arjaiswal/Polygeist/issues/equality_saturation_eval/campaign_20260908/aten-aten_legendre_polynomial_p-syntactic-p9x1k1g0.json"", ""--disable-semantic-fallback""]","== match report for /home/arjaiswal/Polygeist/issues/aten_c_kernels/results/aten_legendre_polynomial_p/debuf.mlir ==
  no_match       body#0  ?
  total: 0 matched / 1 bodies
",0,[],0,0,0,0,/home/arjaiswal/Polygeist/issues/aten_c_kernels/results/aten_legendre_polynomial_p/debuf.mlir,2056,0,1,0,317.7864998579025,1,65692,0.019390136003494263,0,0,0,0,[],0,0,6,0.0,6
aten,aten_legendre_polynomial_p,/home/arjaiswal/Polygeist/issues/aten_c_kernels/results/aten_legendre_polynomial_p/debuf.mlir,d1357381d29dab6f118997ff804c5b08428eb1ad6d39a9f49c26d4bea74fb156,syntactic,2,ok,0,770.3101299703121,0,"[""/usr/bin/python3"", ""/home/arjaiswal/Polygeist/scripts/correctness/kernel_match_rewrite.py"", ""/home/arjaiswal/Polygeist/issues/aten_c_kernels/results/aten_legendre_polynomial_p/debuf.mlir"", ""--dry-run"", ""--matcher-mode"", ""syntactic"", ""--telemetry-json"", ""/home/arjaiswal/Polygeist/issues/equality_saturation_eval/campaign_20260908/aten-aten_legendre_polynomial_p-syntactic-1sc6y2h8.json"", ""--disable-semantic-fallback""]","== match report for /home/arjaiswal/Polygeist/issues/aten_c_kernels/results/aten_legendre_polynomial_p/debuf.mlir ==
  no_match       body#0  ?
  total: 0 matched / 1 bodies
",0,[],0,0,0,0,/home/arjaiswal/Polygeist/issues/aten_c_kernels/results/aten_legendre_polynomial_p/debuf.mlir,2056,0,1,0,345.1574221253395,1,65764,0.01913309097290039,0,0,0,0,[],0,0,6,0.0,6
aten,aten_legendre_polynomial_p,/home/arjaiswal/Polygeist/issues/aten_c_kernels/results/aten_legendre_polynomial_p/debuf.mlir,d1357381d29dab6f118997ff804c5b08428eb1ad6d39a9f49c26d4bea74fb156,egglog,2,ok,0,702.0804397761822,0,"[""/usr/bin/python3"", ""/home/arjaiswal/Polygeist/scripts/correctness/kernel_match_rewrite.py"", ""/home/arjaiswal/Polygeist/issues/aten_c_kernels/results/aten_legendre_polynomial_p/debuf.mlir"", ""--dry-run"", ""--matcher-mode"", ""egglog"", ""--telemetry-json"", ""/home/arjaiswal/Polygeist/issues/equality_saturation_eval/campaign_20260908/aten-aten_legendre_polynomial_p-egglog-l_omqx8n.json"", ""--disable-semantic-fallback""]","== match report for /home/arjaiswal/Polygeist/issues/aten_c_kernels/results/aten_legendre_polynomial_p/debuf.mlir ==
  no_match       body#0  ?
  total: 0 matched / 1 bodies
",0,[],0,0,0,0,/home/arjaiswal/Polygeist/issues/aten_c_kernels/results/aten_legendre_polynomial_p/debuf.mlir,2056,8,1,0,285.0770130753517,1,65532,0.0,0,0,0,0,[],0,0,0,0.0,6
aten,aten_legendre_polynomial_p,/home/arjaiswal/Polygeist/issues/aten_c_kernels/results/aten_legendre_polynomial_p/debuf.mlir,d1357381d29dab6f118997ff804c5b08428eb1ad6d39a9f49c26d4bea74fb156,egglog,3,ok,0,712.1106944978237,0,"[""/usr/bin/python3"", ""/home/arjaiswal/Polygeist/scripts/correctness/kernel_match_rewrite.py"", ""/home/arjaiswal/Polygeist/issues/aten_c_kernels/results/aten_legendre_polynomial_p/debuf.mlir"", ""--dry-run"", ""--matcher-mode"", ""egglog"", ""--telemetry-json"", ""/home/arjaiswal/Polygeist/issues/equality_saturation_eval/campaign_20260908/aten-aten_legendre_polynomial_p-egglog-6gc7z77k.json"", ""--disable-semantic-fallback""]","== match report for /home/arjaiswal/Polygeist/issues/aten_c_kernels/results/aten_legendre_polynomial_p/debuf.mlir ==
  no_match       body#0  ?
  total: 0 matched / 1 bodies
",0,[],0,0,0,0,/home/arjaiswal/Polygeist/issues/aten_c_kernels/results/aten_legendre_polynomial_p/debuf.mlir,2056,8,1,0,286.3583043217659,1,65712,0.0,0,0,0,0,[],0,0,0,0.0,6
aten,aten_legendre_polynomial_p,/home/arjaiswal/Polygeist/issues/aten_c_kernels/results/aten_legendre_polynomial_p/debuf.mlir,d1357381d29dab6f118997ff804c5b08428eb1ad6d39a9f49c26d4bea74fb156,syntactic,3,ok,0,714.2050750553608,0,"[""/usr/bin/python3"", ""/home/arjaiswal/Polygeist/scripts/correctness/kernel_match_rewrite.py"", ""/home/arjaiswal/Polygeist/issues/aten_c_kernels/results/aten_legendre_polynomial_p/debuf.mlir"", ""--dry-run"", ""--matcher-mode"", ""syntactic"", ""--telemetry-json"", ""/home/arjaiswal/Polygeist/issues/equality_saturation_eval/campaign_20260908/aten-aten_legendre_polynomial_p-syntactic-utwu7csn.json"", ""--disable-semantic-fallback""]","== match report for /home/arjaiswal/Polygeist/issues/aten_c_kernels/results/aten_legendre_polynomial_p/debuf.mlir ==
  no_match       body#0  ?
  total: 0 matched / 1 bodies
",0,[],0,0,0,0,/home/arjaiswal/Polygeist/issues/aten_c_kernels/results/aten_legendre_polynomial_p/debuf.mlir,2056,0,1,0,298.3602285385132,1,65700,0.01901388168334961,0,0,0,0,[],0,0,6,0.0,6
aten,aten_legendre_polynomial_p,/home/arjaiswal/Polygeist/issues/aten_c_kernels/results/aten_legendre_polynomial_p/debuf.mlir,d1357381d29dab6f118997ff804c5b08428eb1ad6d39a9f49c26d4bea74fb156,syntactic,4,ok,0,830.6882418692112,0,"[""/usr/bin/python3"", ""/home/arjaiswal/Polygeist/scripts/correctness/kernel_match_rewrite.py"", ""/home/arjaiswal/Polygeist/issues/aten_c_kernels/results/aten_legendre_polynomial_p/debuf.mlir"", ""--dry-run"", ""--matcher-mode"", ""syntactic"", ""--telemetry-json"", ""/home/arjaiswal/Polygeist/issues/equality_saturation_eval/campaign_20260908/aten-aten_legendre_polynomial_p-syntactic-zx4zw532.json"", ""--disable-semantic-fallback""]","== match report for /home/arjaiswal/Polygeist/issues/aten_c_kernels/results/aten_legendre_polynomial_p/debuf.mlir ==
  no_match       body#0  ?
  total: 0 matched / 1 bodies
",0,[],0,0,0,0,/home/arjaiswal/Polygeist/issues/aten_c_kernels/results/aten_legendre_polynomial_p/debuf.mlir,2056,0,1,0,388.65264505147934,1,65808,0.015132129192352295,0,0,0,0,[],0,0,6,0.0,6
aten,aten_legendre_polynomial_p,/home/arjaiswal/Polygeist/issues/aten_c_kernels/results/aten_legendre_polynomial_p/debuf.mlir,d1357381d29dab6f118997ff804c5b08428eb1ad6d39a9f49c26d4bea74fb156,egglog,4,ok,0,708.8287584483624,0,"[""/usr/bin/python3"", ""/home/arjaiswal/Polygeist/scripts/correctness/kernel_match_rewrite.py"", ""/home/arjaiswal/Polygeist/issues/aten_c_kernels/results/aten_legendre_polynomial_p/debuf.mlir"", ""--dry-run"", ""--matcher-mode"", ""egglog"", ""--telemetry-json"", ""/home/arjaiswal/Polygeist/issues/equality_saturation_eval/campaign_20260908/aten-aten_legendre_polynomial_p-egglog-q8zzuy_l.json"", ""--disable-semantic-fallback""]","== match report for /home/arjaiswal/Polygeist/issues/aten_c_kernels/results/aten_legendre_polynomial_p/debuf.mlir ==
  no_match       body#0  ?
  total: 0 matched / 1 bodies
",0,[],0,0,0,0,/home/arjaiswal/Polygeist/issues/aten_c_kernels/results/aten_legendre_polynomial_p/debuf.mlir,2056,8,1,0,291.5937341749668,1,65492,0.0,0,0,0,0,[],0,0,0,0.0,6
aten,aten_legendre_polynomial_p,/home/arjaiswal/Polygeist/issues/aten_c_kernels/results/aten_legendre_polynomial_p/debuf.mlir,d1357381d29dab6f118997ff804c5b08428eb1ad6d39a9f49c26d4bea74fb156,egglog,5,ok,0,698.1331184506416,0,"[""/usr/bin/python3"", ""/home/arjaiswal/Polygeist/scripts/correctness/kernel_match_rewrite.py"", ""/home/arjaiswal/Polygeist/issues/aten_c_kernels/results/aten_legendre_polynomial_p/debuf.mlir"", ""--dry-run"", ""--matcher-mode"", ""egglog"", ""--telemetry-json"", ""/home/arjaiswal/Polygeist/issues/equality_saturation_eval/campaign_20260908/aten-aten_legendre_polynomial_p-egglog-j1d63jq2.json"", ""--disable-semantic-fallback""]","== match report for /home/arjaiswal/Polygeist/issues/aten_c_kernels/results/aten_legendre_polynomial_p/debuf.mlir ==
  no_match       body#0  ?
  total: 0 matched / 1 bodies
",0,[],0,0,0,0,/home/arjaiswal/Polygeist/issues/aten_c_kernels/results/aten_legendre_polynomial_p/debuf.mlir,2056,8,1,0,281.70185536146164,1,65660,0.0,0,0,0,0,[],0,0,0,0.0,6
aten,aten_legendre_polynomial_p,/home/arjaiswal/Polygeist/issues/aten_c_kernels/results/aten_legendre_polynomial_p/debuf.mlir,d1357381d29dab6f118997ff804c5b08428eb1ad6d39a9f49c26d4bea74fb156,syntactic,5,ok,0,701.9089572131634,0,"[""/usr/bin/python3"", ""/home/arjaiswal/Polygeist/scripts/correctness/kernel_match_rewrite.py"", ""/home/arjaiswal/Polygeist/issues/aten_c_kernels/results/aten_legendre_polynomial_p/debuf.mlir"", ""--dry-run"", ""--matcher-mode"", ""syntactic"", ""--telemetry-json"", ""/home/arjaiswal/Polygeist/issues/equality_saturation_eval/campaign_20260908/aten-aten_legendre_polynomial_p-syntactic-op_s6a4g.json"", ""--disable-semantic-fallback""]","== match report for /home/arjaiswal/Polygeist/issues/aten_c_kernels/results/aten_legendre_polynomial_p/debuf.mlir ==
  no_match       body#0  ?
  total: 0 matched / 1 bodies
",0,[],0,0,0,0,/home/arjaiswal/Polygeist/issues/aten_c_kernels/results/aten_legendre_polynomial_p/debuf.mlir,2056,0,1,0,298.7997680902481,1,65744,0.019118189811706543,0,0,0,0,[],0,0,6,0.0,6
aten,aten_lerp,/home/arjaiswal/Polygeist/issues/aten_c_kernels/results/aten_lerp/debuf.mlir,af15a0cac13dc41021ece53320e1f9a726af766bf306d393a4a4ee97defa5b95,syntactic,1,ok,0,790.1144921779633,0,"[""/usr/bin/python3"", ""/home/arjaiswal/Polygeist/scripts/correctness/kernel_match_rewrite.py"", ""/home/arjaiswal/Polygeist/issues/aten_c_kernels/results/aten_lerp/debuf.mlir"", ""--dry-run"", ""--matcher-mode"", ""syntactic"", ""--telemetry-json"", ""/home/arjaiswal/Polygeist/issues/equality_saturation_eval/campaign_20260908/aten-aten_lerp-syntactic-awcn_q5h.json"", ""--disable-semantic-fallback""]","== match report for /home/arjaiswal/Polygeist/issues/aten_c_kernels/results/aten_lerp/debuf.mlir ==
  match          body#[0]  cudnnPointwiseGraph_f32
  total: 1 matched / 1 bodies
",0,[],0,0,0,0,/home/arjaiswal/Polygeist/issues/aten_c_kernels/results/aten_lerp/debuf.mlir,2072,0,1,1,268.9599469304085,0,64292,0.0,0,0,0,0,"[{""body_indices"": [0], ""symbol"": ""cudnnPointwiseGraph_f32""}]",1,0,0,0.0,0
aten,aten_lerp,/home/arjaiswal/Polygeist/issues/aten_c_kernels/results/aten_lerp/debuf.mlir,af15a0cac13dc41021ece53320e1f9a726af766bf306d393a4a4ee97defa5b95,egglog,1,ok,0,689.0394017100334,0,"[""/usr/bin/python3"", ""/home/arjaiswal/Polygeist/scripts/correctness/kernel_match_rewrite.py"", ""/home/arjaiswal/Polygeist/issues/aten_c_kernels/results/aten_lerp/debuf.mlir"", ""--dry-run"", ""--matcher-mode"", ""egglog"", ""--telemetry-json"", ""/home/arjaiswal/Polygeist/issues/equality_saturation_eval/campaign_20260908/aten-aten_lerp-egglog-9g6nx7it.json"", ""--disable-semantic-fallback""]","== match report for /home/arjaiswal/Polygeist/issues/aten_c_kernels/results/aten_lerp/debuf.mlir ==
  match          body#[0]  cudnnPointwiseGraph_f32
  total: 1 matched / 1 bodies
",0,[],0,0,0,0,/home/arjaiswal/Polygeist/issues/aten_c_kernels/results/aten_lerp/debuf.mlir,2072,8,1,1,270.9854617714882,0,64936,0.0,0,0,0,0,"[{""body_indices"": [0], ""symbol"": ""cudnnPointwiseGraph_f32""}]",1,0,0,0.0,0
aten,aten_lerp,/home/arjaiswal/Polygeist/issues/aten_c_kernels/results/aten_lerp/debuf.mlir,af15a0cac13dc41021ece53320e1f9a726af766bf306d393a4a4ee97defa5b95,egglog,2,ok,0,687.4246187508106,0,"[""/usr/bin/python3"", ""/home/arjaiswal/Polygeist/scripts/correctness/kernel_match_rewrite.py"", ""/home/arjaiswal/Polygeist/issues/aten_c_kernels/results/aten_lerp/debuf.mlir"", ""--dry-run"", ""--matcher-mode"", ""egglog"", ""--telemetry-json"", ""/home/arjaiswal/Polygeist/issues/equality_saturation_eval/campaign_20260908/aten-aten_lerp-egglog-p6de1oud.json"", ""--disable-semantic-fallback""]","== match report for /home/arjaiswal/Polygeist/issues/aten_c_kernels/results/aten_lerp/debuf.mlir ==
  match          body#[0]  cudnnPointwiseGraph_f32
  total: 1 matched / 1 bodies
",0,[],0,0,0,0,/home/arjaiswal/Polygeist/issues/aten_c_kernels/results/aten_lerp/debuf.mlir,2072,8,1,1,274.2530442774296,0,64880,0.0,0,0,0,0,"[{""body_indices"": [0], ""symbol"": ""cudnnPointwiseGraph_f32""}]",1,0,0,0.0,0
aten,aten_lerp,/home/arjaiswal/Polygeist/issues/aten_c_kernels/results/aten_lerp/debuf.mlir,af15a0cac13dc41021ece53320e1f9a726af766bf306d393a4a4ee97defa5b95,syntactic,2,ok,0,694.1779442131519,0,"[""/usr/bin/python3"", ""/home/arjaiswal/Polygeist/scripts/correctness/kernel_match_rewrite.py"", ""/home/arjaiswal/Polygeist/issues/aten_c_kernels/results/aten_lerp/debuf.mlir"", ""--dry-run"", ""--matcher-mode"", ""syntactic"", ""--telemetry-json"", ""/home/arjaiswal/Polygeist/issues/equality_saturation_eval/campaign_20260908/aten-aten_lerp-syntactic-bd2ku24y.json"", ""--disable-semantic-fallback""]","== match report for /home/arjaiswal/Polygeist/issues/aten_c_kernels/results/aten_lerp/debuf.mlir ==
  match          body#[0]  cudnnPointwiseGraph_f32
  total: 1 matched / 1 bodies
",0,[],0,0,0,0,/home/arjaiswal/Polygeist/issues/aten_c_kernels/results/aten_lerp/debuf.mlir,2072,0,1,1,269.3217694759369,0,64756,0.0,0,0,0,0,"[{""body_indices"": [0], ""symbol"": ""cudnnPointwiseGraph_f32""}]",1,0,0,0.0,0
aten,aten_lerp,/home/arjaiswal/Polygeist/issues/aten_c_kernels/results/aten_lerp/debuf.mlir,af15a0cac13dc41021ece53320e1f9a726af766bf306d393a4a4ee97defa5b95,syntactic,3,ok,0,685.4885220527649,0,"[""/usr/bin/python3"", ""/home/arjaiswal/Polygeist/scripts/correctness/kernel_match_rewrite.py"", ""/home/arjaiswal/Polygeist/issues/aten_c_kernels/results/aten_lerp/debuf.mlir"", ""--dry-run"", ""--matcher-mode"", ""syntactic"", ""--telemetry-json"", ""/home/arjaiswal/Polygeist/issues/equality_saturation_eval/campaign_20260908/aten-aten_lerp-syntactic-p_mgkcp8.json"", ""--disable-semantic-fallback""]","== match report for /home/arjaiswal/Polygeist/issues/aten_c_kernels/results/aten_lerp/debuf.mlir ==
  match          body#[0]  cudnnPointwiseGraph_f32
  total: 1 matched / 1 bodies
",0,[],0,0,0,0,/home/arjaiswal/Polygeist/issues/aten_c_kernels/results/aten_lerp/debuf.mlir,2072,0,1,1,268.97693797945976,0,64604,0.0,0,0,0,0,"[{""body_indices"": [0], ""symbol"": ""cudnnPointwiseGraph_f32""}]",1,0,0,0.0,0
aten,aten_lerp,/home/arjaiswal/Polygeist/issues/aten_c_kernels/results/aten_lerp/debuf.mlir,af15a0cac13dc41021ece53320e1f9a726af766bf306d393a4a4ee97defa5b95,egglog,3,ok,0,674.9059371650219,0,"[""/usr/bin/python3"", ""/home/arjaiswal/Polygeist/scripts/correctness/kernel_match_rewrite.py"", ""/home/arjaiswal/Polygeist/issues/aten_c_kernels/results/aten_lerp/debuf.mlir"", ""--dry-run"", ""--matcher-mode"", ""egglog"", ""--telemetry-json"", ""/home/arjaiswal/Polygeist/issues/equality_saturation_eval/campaign_20260908/aten-aten_lerp-egglog-inbspwkh.json"", ""--disable-semantic-fallback""]","== match report for /home/arjaiswal/Polygeist/issues/aten_c_kernels/results/aten_lerp/debuf.mlir ==
  match          body#[0]  cudnnPointwiseGraph_f32
  total: 1 matched / 1 bodies
",0,[],0,0,0,0,/home/arjaiswal/Polygeist/issues/aten_c_kernels/results/aten_lerp/debuf.mlir,2072,8,1,1,264.4457742571831,0,64820,0.0,0,0,0,0,"[{""body_indices"": [0], ""symbol"": ""cudnnPointwiseGraph_f32""}]",1,0,0,0.0,0
aten,aten_lerp,/home/arjaiswal/Polygeist/issues/aten_c_kernels/results/aten_lerp/debuf.mlir,af15a0cac13dc41021ece53320e1f9a726af766bf306d393a4a4ee97defa5b95,egglog,4,ok,0,686.2616613507271,0,"[""/usr/bin/python3"", ""/home/arjaiswal/Polygeist/scripts/correctness/kernel_match_rewrite.py"", ""/home/arjaiswal/Polygeist/issues/aten_c_kernels/results/aten_lerp/debuf.mlir"", ""--dry-run"", ""--matcher-mode"", ""egglog"", ""--telemetry-json"", ""/home/arjaiswal/Polygeist/issues/equality_saturation_eval/campaign_20260908/aten-aten_lerp-egglog-ce9weecx.json"", ""--disable-semantic-fallback""]","== match report for /home/arjaiswal/Polygeist/issues/aten_c_kernels/results/aten_lerp/debuf.mlir ==
  match          body#[0]  cudnnPointwiseGraph_f32
  total: 1 matched / 1 bodies
",0,[],0,0,0,0,/home/arjaiswal/Polygeist/issues/aten_c_kernels/results/aten_lerp/debuf.mlir,2072,8,1,1,270.8614766597748,0,64668,0.0,0,0,0,0,"[{""body_indices"": [0], ""symbol"": ""cudnnPointwiseGraph_f32""}]",1,0,0,0.0,0
aten,aten_lerp,/home/arjaiswal/Polygeist/issues/aten_c_kernels/results/aten_lerp/debuf.mlir,af15a0cac13dc41021ece53320e1f9a726af766bf306d393a4a4ee97defa5b95,syntactic,4,ok,0,699.6639519929886,0,"[""/usr/bin/python3"", ""/home/arjaiswal/Polygeist/scripts/correctness/kernel_match_rewrite.py"", ""/home/arjaiswal/Polygeist/issues/aten_c_kernels/results/aten_lerp/debuf.mlir"", ""--dry-run"", ""--matcher-mode"", ""syntactic"", ""--telemetry-json"", ""/home/arjaiswal/Polygeist/issues/equality_saturation_eval/campaign_20260908/aten-aten_lerp-syntactic-x_nbw1ab.json"", ""--disable-semantic-fallback""]","== match report for /home/arjaiswal/Polygeist/issues/aten_c_kernels/results/aten_lerp/debuf.mlir ==
  match          body#[0]  cudnnPointwiseGraph_f32
  total: 1 matched / 1 bodies
",0,[],0,0,0,0,/home/arjaiswal/Polygeist/issues/aten_c_kernels/results/aten_lerp/debuf.mlir,2072,0,1,1,275.9670466184616,0,64540,0.0,0,0,0,0,"[{""body_indices"": [0], ""symbol"": ""cudnnPointwiseGraph_f32""}]",1,0,0,0.0,0
aten,aten_lerp,/home/arjaiswal/Polygeist/issues/aten_c_kernels/results/aten_lerp/debuf.mlir,af15a0cac13dc41021ece53320e1f9a726af766bf306d393a4a4ee97defa5b95,syntactic,5,ok,0,697.4660269916058,0,"[""/usr/bin/python3"", ""/home/arjaiswal/Polygeist/scripts/correctness/kernel_match_rewrite.py"", ""/home/arjaiswal/Polygeist/issues/aten_c_kernels/results/aten_lerp/debuf.mlir"", ""--dry-run"", ""--matcher-mode"", ""syntactic"", ""--telemetry-json"", ""/home/arjaiswal/Polygeist/issues/equality_saturation_eval/campaign_20260908/aten-aten_lerp-syntactic-2uyqvxxh.json"", ""--disable-semantic-fallback""]","== match report for /home/arjaiswal/Polygeist/issues/aten_c_kernels/results/aten_lerp/debuf.mlir ==
  match          body#[0]  cudnnPointwiseGraph_f32
  total: 1 matched / 1 bodies
",0,[],0,0,0,0,/home/arjaiswal/Polygeist/issues/aten_c_kernels/results/aten_lerp/debuf.mlir,2072,0,1,1,272.956483066082,0,64872,0.0,0,0,0,0,"[{""body_indices"": [0], ""symbol"": ""cudnnPointwiseGraph_f32""}]",1,0,0,0.0,0
aten,aten_lerp,/home/arjaiswal/Polygeist/issues/aten_c_kernels/results/aten_lerp/debuf.mlir,af15a0cac13dc41021ece53320e1f9a726af766bf306d393a4a4ee97defa5b95,egglog,5,ok,0,690.3477534651756,0,"[""/usr/bin/python3"", ""/home/arjaiswal/Polygeist/scripts/correctness/kernel_match_rewrite.py"", ""/home/arjaiswal/Polygeist/issues/aten_c_kernels/results/aten_lerp/debuf.mlir"", ""--dry-run"", ""--matcher-mode"", ""egglog"", ""--telemetry-json"", ""/home/arjaiswal/Polygeist/issues/equality_saturation_eval/campaign_20260908/aten-aten_lerp-egglog-9fi4lt_f.json"", ""--disable-semantic-fallback""]","== match report for /home/arjaiswal/Polygeist/issues/aten_c_kernels/results/aten_lerp/debuf.mlir ==
  match          body#[0]  cudnnPointwiseGraph_f32
  total: 1 matched / 1 bodies
",0,[],0,0,0,0,/home/arjaiswal/Polygeist/issues/aten_c_kernels/results/aten_lerp/debuf.mlir,2072,8,1,1,262.28247210383415,0,64664,0.0,0,0,0,0,"[{""body_indices"": [0], ""symbol"": ""cudnnPointwiseGraph_f32""}]",1,0,0,0.0,0
aten,aten_lerp_scalar,/home/arjaiswal/Polygeist/issues/aten_c_kernels/results/aten_lerp_scalar/debuf.mlir,442b8301d37c7d9d19983957410c8fa3452109a0a462c7119f73a04b33d73755,egglog,1,ok,0,721.2732993066311,0,"[""/usr/bin/python3"", ""/home/arjaiswal/Polygeist/scripts/correctness/kernel_match_rewrite.py"", ""/home/arjaiswal/Polygeist/issues/aten_c_kernels/results/aten_lerp_scalar/debuf.mlir"", ""--dry-run"", ""--matcher-mode"", ""egglog"", ""--telemetry-json"", ""/home/arjaiswal/Polygeist/issues/equality_saturation_eval/campaign_20260908/aten-aten_lerp_scalar-egglog-p6dcto88.json"", ""--disable-semantic-fallback""]","== match report for /home/arjaiswal/Polygeist/issues/aten_c_kernels/results/aten_lerp_scalar/debuf.mlir ==
  match          body#[0]  cudnnPointwiseGraph_f32
  total: 1 matched / 1 bodies
",0,[],0,0,0,0,/home/arjaiswal/Polygeist/issues/aten_c_kernels/results/aten_lerp_scalar/debuf.mlir,1977,8,1,1,310.81677973270416,0,65712,0.0,0,0,0,0,"[{""body_indices"": [0], ""symbol"": ""cudnnPointwiseGraph_f32""}]",1,0,0,0.0,6
aten,aten_lerp_scalar,/home/arjaiswal/Polygeist/issues/aten_c_kernels/results/aten_lerp_scalar/debuf.mlir,442b8301d37c7d9d19983957410c8fa3452109a0a462c7119f73a04b33d73755,syntactic,1,ok,0,744.1032528877258,0,"[""/usr/bin/python3"", ""/home/arjaiswal/Polygeist/scripts/correctness/kernel_match_rewrite.py"", ""/home/arjaiswal/Polygeist/issues/aten_c_kernels/results/aten_lerp_scalar/debuf.mlir"", ""--dry-run"", ""--matcher-mode"", ""syntactic"", ""--telemetry-json"", ""/home/arjaiswal/Polygeist/issues/equality_saturation_eval/campaign_20260908/aten-aten_lerp_scalar-syntactic-k1m51hsx.json"", ""--disable-semantic-fallback""]","== match report for /home/arjaiswal/Polygeist/issues/aten_c_kernels/results/aten_lerp_scalar/debuf.mlir ==
  match          body#[0]  cudnnPointwiseGraph_f32
  total: 1 matched / 1 bodies
",0,[],0,0,0,0,/home/arjaiswal/Polygeist/issues/aten_c_kernels/results/aten_lerp_scalar/debuf.mlir,1977,0,1,1,310.7287436723709,0,65528,0.029828399419784546,0,0,0,0,"[{""body_indices"": [0], ""symbol"": ""cudnnPointwiseGraph_f32""}]",1,0,6,0.0,6
aten,aten_lerp_scalar,/home/arjaiswal/Polygeist/issues/aten_c_kernels/results/aten_lerp_scalar/debuf.mlir,442b8301d37c7d9d19983957410c8fa3452109a0a462c7119f73a04b33d73755,syntactic,2,ok,0,737.0781153440475,0,"[""/usr/bin/python3"", ""/home/arjaiswal/Polygeist/scripts/correctness/kernel_match_rewrite.py"", ""/home/arjaiswal/Polygeist/issues/aten_c_kernels/results/aten_lerp_scalar/debuf.mlir"", ""--dry-run"", ""--matcher-mode"", ""syntactic"", ""--telemetry-json"", ""/home/arjaiswal/Polygeist/issues/equality_saturation_eval/campaign_20260908/aten-aten_lerp_scalar-syntactic-_ke1c585.json"", ""--disable-semantic-fallback""]","== match report for /home/arjaiswal/Polygeist/issues/aten_c_kernels/results/aten_lerp_scalar/debuf.mlir ==
  match          body#[0]  cudnnPointwiseGraph_f32
  total: 1 matched / 1 bodies
",0,[],0,0,0,0,/home/arjaiswal/Polygeist/issues/aten_c_kernels/results/aten_lerp_scalar/debuf.mlir,1977,0,1,1,290.4733195900917,0,65780,0.029627233743667603,0,0,0,0,"[{""body_indices"": [0], ""symbol"": ""cudnnPointwiseGraph_f32""}]",1,0,6,0.0,6
aten,aten_lerp_scalar,/home/arjaiswal/Polygeist/issues/aten_c_kernels/results/aten_lerp_scalar/debuf.mlir,442b8301d37c7d9d19983957410c8fa3452109a0a462c7119f73a04b33d73755,egglog,2,ok,0,698.8110728561878,0,"[""/usr/bin/python3"", ""/home/arjaiswal/Polygeist/scripts/correctness/kernel_match_rewrite.py"", ""/home/arjaiswal/Polygeist/issues/aten_c_kernels/results/aten_lerp_scalar/debuf.mlir"", ""--dry-run"", ""--matcher-mode"", ""egglog"", ""--telemetry-json"", ""/home/arjaiswal/Polygeist/issues/equality_saturation_eval/campaign_20260908/aten-aten_lerp_scalar-egglog-ows6xjrh.json"", ""--disable-semantic-fallback""]","== match report for /home/arjaiswal/Polygeist/issues/aten_c_kernels/results/aten_lerp_scalar/debuf.mlir ==
  match          body#[0]  cudnnPointwiseGraph_f32
  total: 1 matched / 1 bodies
",0,[],0,0,0,0,/home/arjaiswal/Polygeist/issues/aten_c_kernels/results/aten_lerp_scalar/debuf.mlir,1977,8,1,1,290.6171754002571,0,65572,0.0,0,0,0,0,"[{""body_indices"": [0], ""symbol"": ""cudnnPointwiseGraph_f32""}]",1,0,0,0.0,6
aten,aten_lerp_scalar,/home/arjaiswal/Polygeist/issues/aten_c_kernels/results/aten_lerp_scalar/debuf.mlir,442b8301d37c7d9d19983957410c8fa3452109a0a462c7119f73a04b33d73755,egglog,3,ok,0,712.5947512686253,0,"[""/usr/bin/python3"", ""/home/arjaiswal/Polygeist/scripts/correctness/kernel_match_rewrite.py"", ""/home/arjaiswal/Polygeist/issues/aten_c_kernels/results/aten_lerp_scalar/debuf.mlir"", ""--dry-run"", ""--matcher-mode"", ""egglog"", ""--telemetry-json"", ""/home/arjaiswal/Polygeist/issues/equality_saturation_eval/campaign_20260908/aten-aten_lerp_scalar-egglog-88_0_036.json"", ""--disable-semantic-fallback""]","== match report for /home/arjaiswal/Polygeist/issues/aten_c_kernels/results/aten_lerp_scalar/debuf.mlir ==
  match          body#[0]  cudnnPointwiseGraph_f32
  total: 1 matched / 1 bodies
",0,[],0,0,0,0,/home/arjaiswal/Polygeist/issues/aten_c_kernels/results/aten_lerp_scalar/debuf.mlir,1977,8,1,1,296.5661361813545,0,65412,0.0,0,0,0,0,"[{""body_indices"": [0], ""symbol"": ""cudnnPointwiseGraph_f32""}]",1,0,0,0.0,6
aten,aten_lerp_scalar,/home/arjaiswal/Polygeist/issues/aten_c_kernels/results/aten_lerp_scalar/debuf.mlir,442b8301d37c7d9d19983957410c8fa3452109a0a462c7119f73a04b33d73755,syntactic,3,ok,0,722.5176803767681,0,"[""/usr/bin/python3"", ""/home/arjaiswal/Polygeist/scripts/correctness/kernel_match_rewrite.py"", ""/home/arjaiswal/Polygeist/issues/aten_c_kernels/results/aten_lerp_scalar/debuf.mlir"", ""--dry-run"", ""--matcher-mode"", ""syntactic"", ""--telemetry-json"", ""/home/arjaiswal/Polygeist/issues/equality_saturation_eval/campaign_20260908/aten-aten_lerp_scalar-syntactic-ont5znaq.json"", ""--disable-semantic-fallback""]","== match report for /home/arjaiswal/Polygeist/issues/aten_c_kernels/results/aten_lerp_scalar/debuf.mlir ==
  match          body#[0]  cudnnPointwiseGraph_f32
  total: 1 matched / 1 bodies
",0,[],0,0,0,0,/home/arjaiswal/Polygeist/issues/aten_c_kernels/results/aten_lerp_scalar/debuf.mlir,1977,0,1,1,298.42543601989746,0,65888,0.030327588319778442,0,0,0,0,"[{""body_indices"": [0], ""symbol"": ""cudnnPointwiseGraph_f32""}]",1,0,6,0.0,6
aten,aten_lerp_scalar,/home/arjaiswal/Polygeist/issues/aten_c_kernels/results/aten_lerp_scalar/debuf.mlir,442b8301d37c7d9d19983957410c8fa3452109a0a462c7119f73a04b33d73755,syntactic,4,ok,0,714.3126092851162,0,"[""/usr/bin/python3"", ""/home/arjaiswal/Polygeist/scripts/correctness/kernel_match_rewrite.py"", ""/home/arjaiswal/Polygeist/issues/aten_c_kernels/results/aten_lerp_scalar/debuf.mlir"", ""--dry-run"", ""--matcher-mode"", ""syntactic"", ""--telemetry-json"", ""/home/arjaiswal/Polygeist/issues/equality_saturation_eval/campaign_20260908/aten-aten_lerp_scalar-syntactic-lgb4j4og.json"", ""--disable-semantic-fallback""]","== match report for /home/arjaiswal/Polygeist/issues/aten_c_kernels/results/aten_lerp_scalar/debuf.mlir ==
  match          body#[0]  cudnnPointwiseGraph_f32
  total: 1 matched / 1 bodies
",0,[],0,0,0,0,/home/arjaiswal/Polygeist/issues/aten_c_kernels/results/aten_lerp_scalar/debuf.mlir,1977,0,1,1,293.5769259929657,0,65544,0.032220035791397095,0,0,0,0,"[{""body_indices"": [0], ""symbol"": ""cudnnPointwiseGraph_f32""}]",1,0,6,0.0,6
aten,aten_lerp_scalar,/home/arjaiswal/Polygeist/issues/aten_c_kernels/results/aten_lerp_scalar/debuf.mlir,442b8301d37c7d9d19983957410c8fa3452109a0a462c7119f73a04b33d73755,egglog,4,ok,0,713.5377451777458,0,"[""/usr/bin/python3"", ""/home/arjaiswal/Polygeist/scripts/correctness/kernel_match_rewrite.py"", ""/home/arjaiswal/Polygeist/issues/aten_c_kernels/results/aten_lerp_scalar/debuf.mlir"", ""--dry-run"", ""--matcher-mode"", ""egglog"", ""--telemetry-json"", ""/home/arjaiswal/Polygeist/issues/equality_saturation_eval/campaign_20260908/aten-aten_lerp_scalar-egglog-tka43mfb.json"", ""--disable-semantic-fallback""]","== match report for /home/arjaiswal/Polygeist/issues/aten_c_kernels/results/aten_lerp_scalar/debuf.mlir ==
  match          body#[0]  cudnnPointwiseGraph_f32
  total: 1 matched / 1 bodies
",0,[],0,0,0,0,/home/arjaiswal/Polygeist/issues/aten_c_kernels/results/aten_lerp_scalar/debuf.mlir,1977,8,1,1,297.0240041613579,0,65844,0.0,0,0,0,0,"[{""body_indices"": [0], ""symbol"": ""cudnnPointwiseGraph_f32""}]",1,0,0,0.0,6
aten,aten_lerp_scalar,/home/arjaiswal/Polygeist/issues/aten_c_kernels/results/aten_lerp_scalar/debuf.mlir,442b8301d37c7d9d19983957410c8fa3452109a0a462c7119f73a04b33d73755,egglog,5,ok,0,721.8760140240192,0,"[""/usr/bin/python3"", ""/home/arjaiswal/Polygeist/scripts/correctness/kernel_match_rewrite.py"", ""/home/arjaiswal/Polygeist/issues/aten_c_kernels/results/aten_lerp_scalar/debuf.mlir"", ""--dry-run"", ""--matcher-mode"", ""egglog"", ""--telemetry-json"", ""/home/arjaiswal/Polygeist/issues/equality_saturation_eval/campaign_20260908/aten-aten_lerp_scalar-egglog-jyi85euq.json"", ""--disable-semantic-fallback""]","== match report for /home/arjaiswal/Polygeist/issues/aten_c_kernels/results/aten_lerp_scalar/debuf.mlir ==
  match          body#[0]  cudnnPointwiseGraph_f32
  total: 1 matched / 1 bodies
",0,[],0,0,0,0,/home/arjaiswal/Polygeist/issues/aten_c_kernels/results/aten_lerp_scalar/debuf.mlir,1977,8,1,1,296.8647740781307,0,65476,0.0,0,0,0,0,"[{""body_indices"": [0], ""symbol"": ""cudnnPointwiseGraph_f32""}]",1,0,0,0.0,6
aten,aten_lerp_scalar,/home/arjaiswal/Polygeist/issues/aten_c_kernels/results/aten_lerp_scalar/debuf.mlir,442b8301d37c7d9d19983957410c8fa3452109a0a462c7119f73a04b33d73755,syntactic,5,ok,0,709.0026549994946,0,"[""/usr/bin/python3"", ""/home/arjaiswal/Polygeist/scripts/correctness/kernel_match_rewrite.py"", ""/home/arjaiswal/Polygeist/issues/aten_c_kernels/results/aten_lerp_scalar/debuf.mlir"", ""--dry-run"", ""--matcher-mode"", ""syntactic"", ""--telemetry-json"", ""/home/arjaiswal/Polygeist/issues/equality_saturation_eval/campaign_20260908/aten-aten_lerp_scalar-syntactic-invxoqzf.json"", ""--disable-semantic-fallback""]","== match report for /home/arjaiswal/Polygeist/issues/aten_c_kernels/results/aten_lerp_scalar/debuf.mlir ==
  match          body#[0]  cudnnPointwiseGraph_f32
  total: 1 matched / 1 bodies
",0,[],0,0,0,0,/home/arjaiswal/Polygeist/issues/aten_c_kernels/results/aten_lerp_scalar/debuf.mlir,1977,0,1,1,304.78744953870773,0,65640,0.026188790798187256,0,0,0,0,"[{""body_indices"": [0], ""symbol"": ""cudnnPointwiseGraph_f32""}]",1,0,6,0.0,6
aten,aten_lerp_scalar_cpu,/home/arjaiswal/Polygeist/issues/aten_c_kernels/results/aten_lerp_scalar_cpu/debuf.mlir,9c8a46f340dd92a5a467afb60691959246e6f941a6f79f02b89815618c605f90,syntactic,1,ok,0,728.9967350661755,0,"[""/usr/bin/python3"", ""/home/arjaiswal/Polygeist/scripts/correctness/kernel_match_rewrite.py"", ""/home/arjaiswal/Polygeist/issues/aten_c_kernels/results/aten_lerp_scalar_cpu/debuf.mlir"", ""--dry-run"", ""--matcher-mode"", ""syntactic"", ""--telemetry-json"", ""/home/arjaiswal/Polygeist/issues/equality_saturation_eval/campaign_20260908/aten-aten_lerp_scalar_cpu-syntactic-um8i1pqb.json"", ""--disable-semantic-fallback""]","== match report for /home/arjaiswal/Polygeist/issues/aten_c_kernels/results/aten_lerp_scalar_cpu/debuf.mlir ==
  match          body#[0]  cudnnPointwiseGraph_f32
  total: 1 matched / 1 bodies
",0,[],0,0,0,0,/home/arjaiswal/Polygeist/issues/aten_c_kernels/results/aten_lerp_scalar_cpu/debuf.mlir,1981,0,1,1,303.55118215084076,0,65480,0.030603259801864624,0,0,0,0,"[{""body_indices"": [0], ""symbol"": ""cudnnPointwiseGraph_f32""}]",1,0,6,0.0,6
aten,aten_lerp_scalar_cpu,/home/arjaiswal/Polygeist/issues/aten_c_kernels/results/aten_lerp_scalar_cpu/debuf.mlir,9c8a46f340dd92a5a467afb60691959246e6f941a6f79f02b89815618c605f90,egglog,1,ok,0,736.9920872151852,0,"[""/usr/bin/python3"", ""/home/arjaiswal/Polygeist/scripts/correctness/kernel_match_rewrite.py"", ""/home/arjaiswal/Polygeist/issues/aten_c_kernels/results/aten_lerp_scalar_cpu/debuf.mlir"", ""--dry-run"", ""--matcher-mode"", ""egglog"", ""--telemetry-json"", ""/home/arjaiswal/Polygeist/issues/equality_saturation_eval/campaign_20260908/aten-aten_lerp_scalar_cpu-egglog-yg18hjvq.json"", ""--disable-semantic-fallback""]","== match report for /home/arjaiswal/Polygeist/issues/aten_c_kernels/results/aten_lerp_scalar_cpu/debuf.mlir ==
  match          body#[0]  cudnnPointwiseGraph_f32
  total: 1 matched / 1 bodies
",0,[],0,0,0,0,/home/arjaiswal/Polygeist/issues/aten_c_kernels/results/aten_lerp_scalar_cpu/debuf.mlir,1981,8,1,1,317.52411648631096,0,65808,0.0,0,0,0,0,"[{""body_indices"": [0], ""symbol"": ""cudnnPointwiseGraph_f32""}]",1,0,0,0.0,6
aten,aten_lerp_scalar_cpu,/home/arjaiswal/Polygeist/issues/aten_c_kernels/results/aten_lerp_scalar_cpu/debuf.mlir,9c8a46f340dd92a5a467afb60691959246e6f941a6f79f02b89815618c605f90,egglog,2,ok,0,728.2081916928291,0,"[""/usr/bin/python3"", ""/home/arjaiswal/Polygeist/scripts/correctness/kernel_match_rewrite.py"", ""/home/arjaiswal/Polygeist/issues/aten_c_kernels/results/aten_lerp_scalar_cpu/debuf.mlir"", ""--dry-run"", ""--matcher-mode"", ""egglog"", ""--telemetry-json"", ""/home/arjaiswal/Polygeist/issues/equality_saturation_eval/campaign_20260908/aten-aten_lerp_scalar_cpu-egglog-6kekylag.json"", ""--disable-semantic-fallback""]","== match report for /home/arjaiswal/Polygeist/issues/aten_c_kernels/results/aten_lerp_scalar_cpu/debuf.mlir ==
  match          body#[0]  cudnnPointwiseGraph_f32
  total: 1 matched / 1 bodies
",0,[],0,0,0,0,/home/arjaiswal/Polygeist/issues/aten_c_kernels/results/aten_lerp_scalar_cpu/debuf.mlir,1981,8,1,1,306.0157783329487,0,65588,0.0,0,0,0,0,"[{""body_indices"": [0], ""symbol"": ""cudnnPointwiseGraph_f32""}]",1,0,0,0.0,6
aten,aten_lerp_scalar_cpu,/home/arjaiswal/Polygeist/issues/aten_c_kernels/results/aten_lerp_scalar_cpu/debuf.mlir,9c8a46f340dd92a5a467afb60691959246e6f941a6f79f02b89815618c605f90,syntactic,2,ok,0,726.4081798493862,0,"[""/usr/bin/python3"", ""/home/arjaiswal/Polygeist/scripts/correctness/kernel_match_rewrite.py"", ""/home/arjaiswal/Polygeist/issues/aten_c_kernels/results/aten_lerp_scalar_cpu/debuf.mlir"", ""--dry-run"", ""--matcher-mode"", ""syntactic"", ""--telemetry-json"", ""/home/arjaiswal/Polygeist/issues/equality_saturation_eval/campaign_20260908/aten-aten_lerp_scalar_cpu-syntactic-l3qzrt7u.json"", ""--disable-semantic-fallback""]","== match report for /home/arjaiswal/Polygeist/issues/aten_c_kernels/results/aten_lerp_scalar_cpu/debuf.mlir ==
  match          body#[0]  cudnnPointwiseGraph_f32
  total: 1 matched / 1 bodies
",0,[],0,0,0,0,/home/arjaiswal/Polygeist/issues/aten_c_kernels/results/aten_lerp_scalar_cpu/debuf.mlir,1981,0,1,1,298.72002080082893,0,65696,0.03576651215553284,0,0,0,0,"[{""body_indices"": [0], ""symbol"": ""cudnnPointwiseGraph_f32""}]",1,0,6,0.0,6
aten,aten_lerp_scalar_cpu,/home/arjaiswal/Polygeist/issues/aten_c_kernels/results/aten_lerp_scalar_cpu/debuf.mlir,9c8a46f340dd92a5a467afb60691959246e6f941a6f79f02b89815618c605f90,syntactic,3,ok,0,744.5605173707008,0,"[""/usr/bin/python3"", ""/home/arjaiswal/Polygeist/scripts/correctness/kernel_match_rewrite.py"", ""/home/arjaiswal/Polygeist/issues/aten_c_kernels/results/aten_lerp_scalar_cpu/debuf.mlir"", ""--dry-run"", ""--matcher-mode"", ""syntactic"", ""--telemetry-json"", ""/home/arjaiswal/Polygeist/issues/equality_saturation_eval/campaign_20260908/aten-aten_lerp_scalar_cpu-syntactic-0oz7jgqk.json"", ""--disable-semantic-fallback""]","== match report for /home/arjaiswal/Polygeist/issues/aten_c_kernels/results/aten_lerp_scalar_cpu/debuf.mlir ==
  match          body#[0]  cudnnPointwiseGraph_f32
  total: 1 matched / 1 bodies
",0,[],0,0,0,0,/home/arjaiswal/Polygeist/issues/aten_c_kernels/results/aten_lerp_scalar_cpu/debuf.mlir,1981,0,1,1,325.46745985746384,0,65676,0.02641230821609497,0,0,0,0,"[{""body_indices"": [0], ""symbol"": ""cudnnPointwiseGraph_f32""}]",1,0,6,0.0,6
aten,aten_lerp_scalar_cpu,/home/arjaiswal/Polygeist/issues/aten_c_kernels/results/aten_lerp_scalar_cpu/debuf.mlir,9c8a46f340dd92a5a467afb60691959246e6f941a6f79f02b89815618c605f90,egglog,3,ok,0,735.6125675141811,0,"[""/usr/bin/python3"", ""/home/arjaiswal/Polygeist/scripts/correctness/kernel_match_rewrite.py"", ""/home/arjaiswal/Polygeist/issues/aten_c_kernels/results/aten_lerp_scalar_cpu/debuf.mlir"", ""--dry-run"", ""--matcher-mode"", ""egglog"", ""--telemetry-json"", ""/home/arjaiswal/Polygeist/issues/equality_saturation_eval/campaign_20260908/aten-aten_lerp_scalar_cpu-egglog-o8z8mlp5.json"", ""--disable-semantic-fallback""]","== match report for /home/arjaiswal/Polygeist/issues/aten_c_kernels/results/aten_lerp_scalar_cpu/debuf.mlir ==
  match          body#[0]  cudnnPointwiseGraph_f32
  total: 1 matched / 1 bodies
",0,[],0,0,0,0,/home/arjaiswal/Polygeist/issues/aten_c_kernels/results/aten_lerp_scalar_cpu/debuf.mlir,1981,8,1,1,298.4025776386261,0,65884,0.0,0,0,0,0,"[{""body_indices"": [0], ""symbol"": ""cudnnPointwiseGraph_f32""}]",1,0,0,0.0,6
aten,aten_lerp_scalar_cpu,/home/arjaiswal/Polygeist/issues/aten_c_kernels/results/aten_lerp_scalar_cpu/debuf.mlir,9c8a46f340dd92a5a467afb60691959246e6f941a6f79f02b89815618c605f90,egglog,4,ok,0,826.4794982969761,0,"[""/usr/bin/python3"", ""/home/arjaiswal/Polygeist/scripts/correctness/kernel_match_rewrite.py"", ""/home/arjaiswal/Polygeist/issues/aten_c_kernels/results/aten_lerp_scalar_cpu/debuf.mlir"", ""--dry-run"", ""--matcher-mode"", ""egglog"", ""--telemetry-json"", ""/home/arjaiswal/Polygeist/issues/equality_saturation_eval/campaign_20260908/aten-aten_lerp_scalar_cpu-egglog-qr4meop2.json"", ""--disable-semantic-fallback""]","== match report for /home/arjaiswal/Polygeist/issues/aten_c_kernels/results/aten_lerp_scalar_cpu/debuf.mlir ==
  match          body#[0]  cudnnPointwiseGraph_f32
  total: 1 matched / 1 bodies
",0,[],0,0,0,0,/home/arjaiswal/Polygeist/issues/aten_c_kernels/results/aten_lerp_scalar_cpu/debuf.mlir,1981,8,1,1,375.1707375049591,0,65816,0.0,0,0,0,0,"[{""body_indices"": [0], ""symbol"": ""cudnnPointwiseGraph_f32""}]",1,0,0,0.0,6
aten,aten_lerp_scalar_cpu,/home/arjaiswal/Polygeist/issues/aten_c_kernels/results/aten_lerp_scalar_cpu/debuf.mlir,9c8a46f340dd92a5a467afb60691959246e6f941a6f79f02b89815618c605f90,syntactic,4,ok,0,730.2910648286343,0,"[""/usr/bin/python3"", ""/home/arjaiswal/Polygeist/scripts/correctness/kernel_match_rewrite.py"", ""/home/arjaiswal/Polygeist/issues/aten_c_kernels/results/aten_lerp_scalar_cpu/debuf.mlir"", ""--dry-run"", ""--matcher-mode"", ""syntactic"", ""--telemetry-json"", ""/home/arjaiswal/Polygeist/issues/equality_saturation_eval/campaign_20260908/aten-aten_lerp_scalar_cpu-syntactic-qhkxhheu.json"", ""--disable-semantic-fallback""]","== match report for /home/arjaiswal/Polygeist/issues/aten_c_kernels/results/aten_lerp_scalar_cpu/debuf.mlir ==
  match          body#[0]  cudnnPointwiseGraph_f32
  total: 1 matched / 1 bodies
",0,[],0,0,0,0,/home/arjaiswal/Polygeist/issues/aten_c_kernels/results/aten_lerp_scalar_cpu/debuf.mlir,1981,0,1,1,301.9285164773464,0,65576,0.026613473892211914,0,0,0,0,"[{""body_indices"": [0], ""symbol"": ""cudnnPointwiseGraph_f32""}]",1,0,6,0.0,6
aten,aten_lerp_scalar_cpu,/home/arjaiswal/Polygeist/issues/aten_c_kernels/results/aten_lerp_scalar_cpu/debuf.mlir,9c8a46f340dd92a5a467afb60691959246e6f941a6f79f02b89815618c605f90,syntactic,5,ok,0,724.1954058408737,0,"[""/usr/bin/python3"", ""/home/arjaiswal/Polygeist/scripts/correctness/kernel_match_rewrite.py"", ""/home/arjaiswal/Polygeist/issues/aten_c_kernels/results/aten_lerp_scalar_cpu/debuf.mlir"", ""--dry-run"", ""--matcher-mode"", ""syntactic"", ""--telemetry-json"", ""/home/arjaiswal/Polygeist/issues/equality_saturation_eval/campaign_20260908/aten-aten_lerp_scalar_cpu-syntactic-e0cpjjiq.json"", ""--disable-semantic-fallback""]","== match report for /home/arjaiswal/Polygeist/issues/aten_c_kernels/results/aten_lerp_scalar_cpu/debuf.mlir ==
  match          body#[0]  cudnnPointwiseGraph_f32
  total: 1 matched / 1 bodies
",0,[],0,0,0,0,/home/arjaiswal/Polygeist/issues/aten_c_kernels/results/aten_lerp_scalar_cpu/debuf.mlir,1981,0,1,1,290.0151126086712,0,65680,0.025060027837753296,0,0,0,0,"[{""body_indices"": [0], ""symbol"": ""cudnnPointwiseGraph_f32""}]",1,0,6,0.0,6
aten,aten_lerp_scalar_cpu,/home/arjaiswal/Polygeist/issues/aten_c_kernels/results/aten_lerp_scalar_cpu/debuf.mlir,9c8a46f340dd92a5a467afb60691959246e6f941a6f79f02b89815618c605f90,egglog,5,ok,0,721.7721343040466,0,"[""/usr/bin/python3"", ""/home/arjaiswal/Polygeist/scripts/correctness/kernel_match_rewrite.py"", ""/home/arjaiswal/Polygeist/issues/aten_c_kernels/results/aten_lerp_scalar_cpu/debuf.mlir"", ""--dry-run"", ""--matcher-mode"", ""egglog"", ""--telemetry-json"", ""/home/arjaiswal/Polygeist/issues/equality_saturation_eval/campaign_20260908/aten-aten_lerp_scalar_cpu-egglog-8catse_g.json"", ""--disable-semantic-fallback""]","== match report for /home/arjaiswal/Polygeist/issues/aten_c_kernels/results/aten_lerp_scalar_cpu/debuf.mlir ==
  match          body#[0]  cudnnPointwiseGraph_f32
  total: 1 matched / 1 bodies
",0,[],0,0,0,0,/home/arjaiswal/Polygeist/issues/aten_c_kernels/results/aten_lerp_scalar_cpu/debuf.mlir,1981,8,1,1,309.0555816888809,0,65824,0.0,0,0,0,0,"[{""body_indices"": [0], ""symbol"": ""cudnnPointwiseGraph_f32""}]",1,0,0,0.0,6
aten,aten_lerp_tensor_cpu,/home/arjaiswal/Polygeist/issues/aten_c_kernels/results/aten_lerp_tensor_cpu/debuf.mlir,6cae97f1952f87dfb3bcb240cc994a1b81f505568e267e60e4e76f4f96c3bc87,egglog,1,ok,0,717.1725295484066,0,"[""/usr/bin/python3"", ""/home/arjaiswal/Polygeist/scripts/correctness/kernel_match_rewrite.py"", ""/home/arjaiswal/Polygeist/issues/aten_c_kernels/results/aten_lerp_tensor_cpu/debuf.mlir"", ""--dry-run"", ""--matcher-mode"", ""egglog"", ""--telemetry-json"", ""/home/arjaiswal/Polygeist/issues/equality_saturation_eval/campaign_20260908/aten-aten_lerp_tensor_cpu-egglog-tw7om8r2.json"", ""--disable-semantic-fallback""]","== match report for /home/arjaiswal/Polygeist/issues/aten_c_kernels/results/aten_lerp_tensor_cpu/debuf.mlir ==
  match          body#[0]  cudnnPointwiseGraph_f32
  total: 1 matched / 1 bodies
",0,[],0,0,0,0,/home/arjaiswal/Polygeist/issues/aten_c_kernels/results/aten_lerp_tensor_cpu/debuf.mlir,2083,8,1,1,300.63769593834877,0,64660,0.0,0,0,0,0,"[{""body_indices"": [0], ""symbol"": ""cudnnPointwiseGraph_f32""}]",1,0,0,0.0,0
aten,aten_lerp_tensor_cpu,/home/arjaiswal/Polygeist/issues/aten_c_kernels/results/aten_lerp_tensor_cpu/debuf.mlir,6cae97f1952f87dfb3bcb240cc994a1b81f505568e267e60e4e76f4f96c3bc87,syntactic,1,ok,0,701.1255472898483,0,"[""/usr/bin/python3"", ""/home/arjaiswal/Polygeist/scripts/correctness/kernel_match_rewrite.py"", ""/home/arjaiswal/Polygeist/issues/aten_c_kernels/results/aten_lerp_tensor_cpu/debuf.mlir"", ""--dry-run"", ""--matcher-mode"", ""syntactic"", ""--telemetry-json"", ""/home/arjaiswal/Polygeist/issues/equality_saturation_eval/campaign_20260908/aten-aten_lerp_tensor_cpu-syntactic-dchdey3y.json"", ""--disable-semantic-fallback""]","== match report for /home/arjaiswal/Polygeist/issues/aten_c_kernels/results/aten_lerp_tensor_cpu/debuf.mlir ==
  match          body#[0]  cudnnPointwiseGraph_f32
  total: 1 matched / 1 bodies
",0,[],0,0,0,0,/home/arjaiswal/Polygeist/issues/aten_c_kernels/results/aten_lerp_tensor_cpu/debuf.mlir,2083,0,1,1,275.9030647575855,0,64596,0.0,0,0,0,0,"[{""body_indices"": [0], ""symbol"": ""cudnnPointwiseGraph_f32""}]",1,0,0,0.0,0
aten,aten_lerp_tensor_cpu,/home/arjaiswal/Polygeist/issues/aten_c_kernels/results/aten_lerp_tensor_cpu/debuf.mlir,6cae97f1952f87dfb3bcb240cc994a1b81f505568e267e60e4e76f4f96c3bc87,syntactic,2,ok,0,711.7391526699066,0,"[""/usr/bin/python3"", ""/home/arjaiswal/Polygeist/scripts/correctness/kernel_match_rewrite.py"", ""/home/arjaiswal/Polygeist/issues/aten_c_kernels/results/aten_lerp_tensor_cpu/debuf.mlir"", ""--dry-run"", ""--matcher-mode"", ""syntactic"", ""--telemetry-json"", ""/home/arjaiswal/Polygeist/issues/equality_saturation_eval/campaign_20260908/aten-aten_lerp_tensor_cpu-syntactic-8mmpz4dy.json"", ""--disable-semantic-fallback""]","== match report for /home/arjaiswal/Polygeist/issues/aten_c_kernels/results/aten_lerp_tensor_cpu/debuf.mlir ==
  match          body#[0]  cudnnPointwiseGraph_f32
  total: 1 matched / 1 bodies
",0,[],0,0,0,0,/home/arjaiswal/Polygeist/issues/aten_c_kernels/results/aten_lerp_tensor_cpu/debuf.mlir,2083,0,1,1,281.0630388557911,0,64508,0.0,0,0,0,0,"[{""body_indices"": [0], ""symbol"": ""cudnnPointwiseGraph_f32""}]",1,0,0,0.0,0
aten,aten_lerp_tensor_cpu,/home/arjaiswal/Polygeist/issues/aten_c_kernels/results/aten_lerp_tensor_cpu/debuf.mlir,6cae97f1952f87dfb3bcb240cc994a1b81f505568e267e60e4e76f4f96c3bc87,egglog,2,ok,0,719.678170979023,0,"[""/usr/bin/python3"", ""/home/arjaiswal/Polygeist/scripts/correctness/kernel_match_rewrite.py"", ""/home/arjaiswal/Polygeist/issues/aten_c_kernels/results/aten_lerp_tensor_cpu/debuf.mlir"", ""--dry-run"", ""--matcher-mode"", ""egglog"", ""--telemetry-json"", ""/home/arjaiswal/Polygeist/issues/equality_saturation_eval/campaign_20260908/aten-aten_lerp_tensor_cpu-egglog-9mec1re2.json"", ""--disable-semantic-fallback""]","== match report for /home/arjaiswal/Polygeist/issues/aten_c_kernels/results/aten_lerp_tensor_cpu/debuf.mlir ==
  match          body#[0]  cudnnPointwiseGraph_f32
  total: 1 matched / 1 bodies
",0,[],0,0,0,0,/home/arjaiswal/Polygeist/issues/aten_c_kernels/results/aten_lerp_tensor_cpu/debuf.mlir,2083,8,1,1,304.03148010373116,0,64792,0.0,0,0,0,0,"[{""body_indices"": [0], ""symbol"": ""cudnnPointwiseGraph_f32""}]",1,0,0,0.0,0
aten,aten_lerp_tensor_cpu,/home/arjaiswal/Polygeist/issues/aten_c_kernels/results/aten_lerp_tensor_cpu/debuf.mlir,6cae97f1952f87dfb3bcb240cc994a1b81f505568e267e60e4e76f4f96c3bc87,egglog,3,ok,0,705.143254250288,0,"[""/usr/bin/python3"", ""/home/arjaiswal/Polygeist/scripts/correctness/kernel_match_rewrite.py"", ""/home/arjaiswal/Polygeist/issues/aten_c_kernels/results/aten_lerp_tensor_cpu/debuf.mlir"", ""--dry-run"", ""--matcher-mode"", ""egglog"", ""--telemetry-json"", ""/home/arjaiswal/Polygeist/issues/equality_saturation_eval/campaign_20260908/aten-aten_lerp_tensor_cpu-egglog-_q2vyse5.json"", ""--disable-semantic-fallback""]","== match report for /home/arjaiswal/Polygeist/issues/aten_c_kernels/results/aten_lerp_tensor_cpu/debuf.mlir ==
  match          body#[0]  cudnnPointwiseGraph_f32
  total: 1 matched / 1 bodies
",0,[],0,0,0,0,/home/arjaiswal/Polygeist/issues/aten_c_kernels/results/aten_lerp_tensor_cpu/debuf.mlir,2083,8,1,1,264.31412622332573,0,64588,0.0,0,0,0,0,"[{""body_indices"": [0], ""symbol"": ""cudnnPointwiseGraph_f32""}]",1,0,0,0.0,0
aten,aten_lerp_tensor_cpu,/home/arjaiswal/Polygeist/issues/aten_c_kernels/results/aten_lerp_tensor_cpu/debuf.mlir,6cae97f1952f87dfb3bcb240cc994a1b81f505568e267e60e4e76f4f96c3bc87,syntactic,3,ok,0,704.222034662962,0,"[""/usr/bin/python3"", ""/home/arjaiswal/Polygeist/scripts/correctness/kernel_match_rewrite.py"", ""/home/arjaiswal/Polygeist/issues/aten_c_kernels/results/aten_lerp_tensor_cpu/debuf.mlir"", ""--dry-run"", ""--matcher-mode"", ""syntactic"", ""--telemetry-json"", ""/home/arjaiswal/Polygeist/issues/equality_saturation_eval/campaign_20260908/aten-aten_lerp_tensor_cpu-syntactic-qebuyqa4.json"", ""--disable-semantic-fallback""]","== match report for /home/arjaiswal/Polygeist/issues/aten_c_kernels/results/aten_lerp_tensor_cpu/debuf.mlir ==
  match          body#[0]  cudnnPointwiseGraph_f32
  total: 1 matched / 1 bodies
",0,[],0,0,0,0,/home/arjaiswal/Polygeist/issues/aten_c_kernels/results/aten_lerp_tensor_cpu/debuf.mlir,2083,0,1,1,280.01439198851585,0,64588,0.0,0,0,0,0,"[{""body_indices"": [0], ""symbol"": ""cudnnPointwiseGraph_f32""}]",1,0,0,0.0,0
aten,aten_lerp_tensor_cpu,/home/arjaiswal/Polygeist/issues/aten_c_kernels/results/aten_lerp_tensor_cpu/debuf.mlir,6cae97f1952f87dfb3bcb240cc994a1b81f505568e267e60e4e76f4f96c3bc87,syntactic,4,ok,0,687.9530213773251,0,"[""/usr/bin/python3"", ""/home/arjaiswal/Polygeist/scripts/correctness/kernel_match_rewrite.py"", ""/home/arjaiswal/Polygeist/issues/aten_c_kernels/results/aten_lerp_tensor_cpu/debuf.mlir"", ""--dry-run"", ""--matcher-mode"", ""syntactic"", ""--telemetry-json"", ""/home/arjaiswal/Polygeist/issues/equality_saturation_eval/campaign_20260908/aten-aten_lerp_tensor_cpu-syntactic-oay2tcb7.json"", ""--disable-semantic-fallback""]","== match report for /home/arjaiswal/Polygeist/issues/aten_c_kernels/results/aten_lerp_tensor_cpu/debuf.mlir ==
  match          body#[0]  cudnnPointwiseGraph_f32
  total: 1 matched / 1 bodies
",0,[],0,0,0,0,/home/arjaiswal/Polygeist/issues/aten_c_kernels/results/aten_lerp_tensor_cpu/debuf.mlir,2083,0,1,1,283.95016863942146,0,64812,0.0,0,0,0,0,"[{""body_indices"": [0], ""symbol"": ""cudnnPointwiseGraph_f32""}]",1,0,0,0.0,0
aten,aten_lerp_tensor_cpu,/home/arjaiswal/Polygeist/issues/aten_c_kernels/results/aten_lerp_tensor_cpu/debuf.mlir,6cae97f1952f87dfb3bcb240cc994a1b81f505568e267e60e4e76f4f96c3bc87,egglog,4,ok,0,686.9473196566105,0,"[""/usr/bin/python3"", ""/home/arjaiswal/Polygeist/scripts/correctness/kernel_match_rewrite.py"", ""/home/arjaiswal/Polygeist/issues/aten_c_kernels/results/aten_lerp_tensor_cpu/debuf.mlir"", ""--dry-run"", ""--matcher-mode"", ""egglog"", ""--telemetry-json"", ""/home/arjaiswal/Polygeist/issues/equality_saturation_eval/campaign_20260908/aten-aten_lerp_tensor_cpu-egglog-6vjd240b.json"", ""--disable-semantic-fallback""]","== match report for /home/arjaiswal/Polygeist/issues/aten_c_kernels/results/aten_lerp_tensor_cpu/debuf.mlir ==
  match          body#[0]  cudnnPointwiseGraph_f32
  total: 1 matched / 1 bodies
",0,[],0,0,0,0,/home/arjaiswal/Polygeist/issues/aten_c_kernels/results/aten_lerp_tensor_cpu/debuf.mlir,2083,8,1,1,263.53760808706284,0,64556,0.0,0,0,0,0,"[{""body_indices"": [0], ""symbol"": ""cudnnPointwiseGraph_f32""}]",1,0,0,0.0,0
aten,aten_lerp_tensor_cpu,/home/arjaiswal/Polygeist/issues/aten_c_kernels/results/aten_lerp_tensor_cpu/debuf.mlir,6cae97f1952f87dfb3bcb240cc994a1b81f505568e267e60e4e76f4f96c3bc87,egglog,5,ok,0,690.9537129104137,0,"[""/usr/bin/python3"", ""/home/arjaiswal/Polygeist/scripts/correctness/kernel_match_rewrite.py"", ""/home/arjaiswal/Polygeist/issues/aten_c_kernels/results/aten_lerp_tensor_cpu/debuf.mlir"", ""--dry-run"", ""--matcher-mode"", ""egglog"", ""--telemetry-json"", ""/home/arjaiswal/Polygeist/issues/equality_saturation_eval/campaign_20260908/aten-aten_lerp_tensor_cpu-egglog-0mi4moil.json"", ""--disable-semantic-fallback""]","== match report for /home/arjaiswal/Polygeist/issues/aten_c_kernels/results/aten_lerp_tensor_cpu/debuf.mlir ==
  match          body#[0]  cudnnPointwiseGraph_f32
  total: 1 matched / 1 bodies
",0,[],0,0,0,0,/home/arjaiswal/Polygeist/issues/aten_c_kernels/results/aten_lerp_tensor_cpu/debuf.mlir,2083,8,1,1,261.41858473420143,0,64560,0.0,0,0,0,0,"[{""body_indices"": [0], ""symbol"": ""cudnnPointwiseGraph_f32""}]",1,0,0,0.0,0
aten,aten_lerp_tensor_cpu,/home/arjaiswal/Polygeist/issues/aten_c_kernels/results/aten_lerp_tensor_cpu/debuf.mlir,6cae97f1952f87dfb3bcb240cc994a1b81f505568e267e60e4e76f4f96c3bc87,syntactic,5,ok,0,697.9206427931786,0,"[""/usr/bin/python3"", ""/home/arjaiswal/Polygeist/scripts/correctness/kernel_match_rewrite.py"", ""/home/arjaiswal/Polygeist/issues/aten_c_kernels/results/aten_lerp_tensor_cpu/debuf.mlir"", ""--dry-run"", ""--matcher-mode"", ""syntactic"", ""--telemetry-json"", ""/home/arjaiswal/Polygeist/issues/equality_saturation_eval/campaign_20260908/aten-aten_lerp_tensor_cpu-syntactic-4ecdqwuv.json"", ""--disable-semantic-fallback""]","== match report for /home/arjaiswal/Polygeist/issues/aten_c_kernels/results/aten_lerp_tensor_cpu/debuf.mlir ==
  match          body#[0]  cudnnPointwiseGraph_f32
  total: 1 matched / 1 bodies
",0,[],0,0,0,0,/home/arjaiswal/Polygeist/issues/aten_c_kernels/results/aten_lerp_tensor_cpu/debuf.mlir,2083,0,1,1,286.17510944604874,0,64768,0.0,0,0,0,0,"[{""body_indices"": [0], ""symbol"": ""cudnnPointwiseGraph_f32""}]",1,0,0,0.0,0
aten,aten_lgamma,/home/arjaiswal/Polygeist/issues/aten_c_kernels/results/aten_lgamma/debuf.mlir,e833d36b2dc010b3f1a8bc0fa5abffe80ddb663baab0833e16af87c4c8c110b3,syntactic,1,ok,0,841.3272351026535,0,"[""/usr/bin/python3"", ""/home/arjaiswal/Polygeist/scripts/correctness/kernel_match_rewrite.py"", ""/home/arjaiswal/Polygeist/issues/aten_c_kernels/results/aten_lgamma/debuf.mlir"", ""--dry-run"", ""--matcher-mode"", ""syntactic"", ""--telemetry-json"", ""/home/arjaiswal/Polygeist/issues/equality_saturation_eval/campaign_20260908/aten-aten_lgamma-syntactic-_amx7zvu.json"", ""--disable-semantic-fallback""]","== match report for /home/arjaiswal/Polygeist/issues/aten_c_kernels/results/aten_lgamma/debuf.mlir ==
  no_match       body#0  ?
  total: 0 matched / 1 bodies
",0,[],0,0,0,0,/home/arjaiswal/Polygeist/issues/aten_c_kernels/results/aten_lgamma/debuf.mlir,1892,0,1,0,410.8429290354252,1,65520,0.1330636441707611,0,0,0,0,[],0,0,56,0.0,56
aten,aten_lgamma,/home/arjaiswal/Polygeist/issues/aten_c_kernels/results/aten_lgamma/debuf.mlir,e833d36b2dc010b3f1a8bc0fa5abffe80ddb663baab0833e16af87c4c8c110b3,egglog,1,ok,0,866.9788539409637,0,"[""/usr/bin/python3"", ""/home/arjaiswal/Polygeist/scripts/correctness/kernel_match_rewrite.py"", ""/home/arjaiswal/Polygeist/issues/aten_c_kernels/results/aten_lgamma/debuf.mlir"", ""--dry-run"", ""--matcher-mode"", ""egglog"", ""--telemetry-json"", ""/home/arjaiswal/Polygeist/issues/equality_saturation_eval/campaign_20260908/aten-aten_lgamma-egglog-tzoqky0f.json"", ""--disable-semantic-fallback""]","== match report for /home/arjaiswal/Polygeist/issues/aten_c_kernels/results/aten_lgamma/debuf.mlir ==
  no_match       body#0  ?
  total: 0 matched / 1 bodies
",0,[],0,0,0,0,/home/arjaiswal/Polygeist/issues/aten_c_kernels/results/aten_lgamma/debuf.mlir,1892,8,1,0,421.2298393249512,1,65680,0.0,0,0,0,0,[],0,0,0,0.0,56
aten,aten_lgamma,/home/arjaiswal/Polygeist/issues/aten_c_kernels/results/aten_lgamma/debuf.mlir,e833d36b2dc010b3f1a8bc0fa5abffe80ddb663baab0833e16af87c4c8c110b3,egglog,2,ok,0,854.4436767697334,0,"[""/usr/bin/python3"", ""/home/arjaiswal/Polygeist/scripts/correctness/kernel_match_rewrite.py"", ""/home/arjaiswal/Polygeist/issues/aten_c_kernels/results/aten_lgamma/debuf.mlir"", ""--dry-run"", ""--matcher-mode"", ""egglog"", ""--telemetry-json"", ""/home/arjaiswal/Polygeist/issues/equality_saturation_eval/campaign_20260908/aten-aten_lgamma-egglog-mfb9zxua.json"", ""--disable-semantic-fallback""]","== match report for /home/arjaiswal/Polygeist/issues/aten_c_kernels/results/aten_lgamma/debuf.mlir ==
  no_match       body#0  ?
  total: 0 matched / 1 bodies
",0,[],0,0,0,0,/home/arjaiswal/Polygeist/issues/aten_c_kernels/results/aten_lgamma/debuf.mlir,1892,8,1,0,398.5946513712406,1,66020,0.0,0,0,0,0,[],0,0,0,0.0,56
aten,aten_lgamma,/home/arjaiswal/Polygeist/issues/aten_c_kernels/results/aten_lgamma/debuf.mlir,e833d36b2dc010b3f1a8bc0fa5abffe80ddb663baab0833e16af87c4c8c110b3,syntactic,2,ok,0,831.3062228262424,0,"[""/usr/bin/python3"", ""/home/arjaiswal/Polygeist/scripts/correctness/kernel_match_rewrite.py"", ""/home/arjaiswal/Polygeist/issues/aten_c_kernels/results/aten_lgamma/debuf.mlir"", ""--dry-run"", ""--matcher-mode"", ""syntactic"", ""--telemetry-json"", ""/home/arjaiswal/Polygeist/issues/equality_saturation_eval/campaign_20260908/aten-aten_lgamma-syntactic-j5j68g0k.json"", ""--disable-semantic-fallback""]","== match report for /home/arjaiswal/Polygeist/issues/aten_c_kernels/results/aten_lgamma/debuf.mlir ==
  no_match       body#0  ?
  total: 0 matched / 1 bodies
",0,[],0,0,0,0,/home/arjaiswal/Polygeist/issues/aten_c_kernels/results/aten_lgamma/debuf.mlir,1892,0,1,0,410.75050830841064,1,65512,0.130385160446167,0,0,0,0,[],0,0,56,0.0,56
aten,aten_lgamma,/home/arjaiswal/Polygeist/issues/aten_c_kernels/results/aten_lgamma/debuf.mlir,e833d36b2dc010b3f1a8bc0fa5abffe80ddb663baab0833e16af87c4c8c110b3,syntactic,3,ok,0,837.479256093502,0,"[""/usr/bin/python3"", ""/home/arjaiswal/Polygeist/scripts/correctness/kernel_match_rewrite.py"", ""/home/arjaiswal/Polygeist/issues/aten_c_kernels/results/aten_lgamma/debuf.mlir"", ""--dry-run"", ""--matcher-mode"", ""syntactic"", ""--telemetry-json"", ""/home/arjaiswal/Polygeist/issues/equality_saturation_eval/campaign_20260908/aten-aten_lgamma-syntactic-x7abo7v1.json"", ""--disable-semantic-fallback""]","== match report for /home/arjaiswal/Polygeist/issues/aten_c_kernels/results/aten_lgamma/debuf.mlir ==
  no_match       body#0  ?
  total: 0 matched / 1 bodies
",0,[],0,0,0,0,/home/arjaiswal/Polygeist/issues/aten_c_kernels/results/aten_lgamma/debuf.mlir,1892,0,1,0,409.2639423906803,1,65784,0.13725459575653076,0,0,0,0,[],0,0,56,0.0,56
aten,aten_lgamma,/home/arjaiswal/Polygeist/issues/aten_c_kernels/results/aten_lgamma/debuf.mlir,e833d36b2dc010b3f1a8bc0fa5abffe80ddb663baab0833e16af87c4c8c110b3,egglog,3,ok,0,797.0514073967934,0,"[""/usr/bin/python3"", ""/home/arjaiswal/Polygeist/scripts/correctness/kernel_match_rewrite.py"", ""/home/arjaiswal/Polygeist/issues/aten_c_kernels/results/aten_lgamma/debuf.mlir"", ""--dry-run"", ""--matcher-mode"", ""egglog"", ""--telemetry-json"", ""/home/arjaiswal/Polygeist/issues/equality_saturation_eval/campaign_20260908/aten-aten_lgamma-egglog-tlqlojag.json"", ""--disable-semantic-fallback""]","== match report for /home/arjaiswal/Polygeist/issues/aten_c_kernels/results/aten_lgamma/debuf.mlir ==
  no_match       body#0  ?
  total: 0 matched / 1 bodies
",0,[],0,0,0,0,/home/arjaiswal/Polygeist/issues/aten_c_kernels/results/aten_lgamma/debuf.mlir,1892,8,1,0,393.30121874809265,1,65692,0.0,0,0,0,0,[],0,0,0,0.0,56
aten,aten_lgamma,/home/arjaiswal/Polygeist/issues/aten_c_kernels/results/aten_lgamma/debuf.mlir,e833d36b2dc010b3f1a8bc0fa5abffe80ddb663baab0833e16af87c4c8c110b3,egglog,4,ok,0,810.3563189506531,0,"[""/usr/bin/python3"", ""/home/arjaiswal/Polygeist/scripts/correctness/kernel_match_rewrite.py"", ""/home/arjaiswal/Polygeist/issues/aten_c_kernels/results/aten_lgamma/debuf.mlir"", ""--dry-run"", ""--matcher-mode"", ""egglog"", ""--telemetry-json"", ""/home/arjaiswal/Polygeist/issues/equality_saturation_eval/campaign_20260908/aten-aten_lgamma-egglog-rbznqeie.json"", ""--disable-semantic-fallback""]","== match report for /home/arjaiswal/Polygeist/issues/aten_c_kernels/results/aten_lgamma/debuf.mlir ==
  no_match       body#0  ?
  total: 0 matched / 1 bodies
",0,[],0,0,0,0,/home/arjaiswal/Polygeist/issues/aten_c_kernels/results/aten_lgamma/debuf.mlir,1892,8,1,0,396.30796760320663,1,65584,0.0,0,0,0,0,[],0,0,0,0.0,56
aten,aten_lgamma,/home/arjaiswal/Polygeist/issues/aten_c_kernels/results/aten_lgamma/debuf.mlir,e833d36b2dc010b3f1a8bc0fa5abffe80ddb663baab0833e16af87c4c8c110b3,syntactic,4,ok,0,805.3982928395271,0,"[""/usr/bin/python3"", ""/home/arjaiswal/Polygeist/scripts/correctness/kernel_match_rewrite.py"", ""/home/arjaiswal/Polygeist/issues/aten_c_kernels/results/aten_lgamma/debuf.mlir"", ""--dry-run"", ""--matcher-mode"", ""syntactic"", ""--telemetry-json"", ""/home/arjaiswal/Polygeist/issues/equality_saturation_eval/campaign_20260908/aten-aten_lgamma-syntactic-p97rqtqk.json"", ""--disable-semantic-fallback""]","== match report for /home/arjaiswal/Polygeist/issues/aten_c_kernels/results/aten_lgamma/debuf.mlir ==
  no_match       body#0  ?
  total: 0 matched / 1 bodies
",0,[],0,0,0,0,/home/arjaiswal/Polygeist/issues/aten_c_kernels/results/aten_lgamma/debuf.mlir,1892,0,1,0,396.8346007168293,1,66064,0.14265626668930054,0,0,0,0,[],0,0,56,0.0,56
aten,aten_lgamma,/home/arjaiswal/Polygeist/issues/aten_c_kernels/results/aten_lgamma/debuf.mlir,e833d36b2dc010b3f1a8bc0fa5abffe80ddb663baab0833e16af87c4c8c110b3,syntactic,5,ok,0,819.0654888749123,0,"[""/usr/bin/python3"", ""/home/arjaiswal/Polygeist/scripts/correctness/kernel_match_rewrite.py"", ""/home/arjaiswal/Polygeist/issues/aten_c_kernels/results/aten_lgamma/debuf.mlir"", ""--dry-run"", ""--matcher-mode"", ""syntactic"", ""--telemetry-json"", ""/home/arjaiswal/Polygeist/issues/equality_saturation_eval/campaign_20260908/aten-aten_lgamma-syntactic-xcm9mi34.json"", ""--disable-semantic-fallback""]","== match report for /home/arjaiswal/Polygeist/issues/aten_c_kernels/results/aten_lgamma/debuf.mlir ==
  no_match       body#0  ?
  total: 0 matched / 1 bodies
",0,[],0,0,0,0,/home/arjaiswal/Polygeist/issues/aten_c_kernels/results/aten_lgamma/debuf.mlir,1892,0,1,0,399.25213530659676,1,65524,0.13663247227668762,0,0,0,0,[],0,0,56,0.0,56
aten,aten_lgamma,/home/arjaiswal/Polygeist/issues/aten_c_kernels/results/aten_lgamma/debuf.mlir,e833d36b2dc010b3f1a8bc0fa5abffe80ddb663baab0833e16af87c4c8c110b3,egglog,5,ok,0,857.7623255550861,0,"[""/usr/bin/python3"", ""/home/arjaiswal/Polygeist/scripts/correctness/kernel_match_rewrite.py"", ""/home/arjaiswal/Polygeist/issues/aten_c_kernels/results/aten_lgamma/debuf.mlir"", ""--dry-run"", ""--matcher-mode"", ""egglog"", ""--telemetry-json"", ""/home/arjaiswal/Polygeist/issues/equality_saturation_eval/campaign_20260908/aten-aten_lgamma-egglog-b9bjrrbs.json"", ""--disable-semantic-fallback""]","== match report for /home/arjaiswal/Polygeist/issues/aten_c_kernels/results/aten_lgamma/debuf.mlir ==
  no_match       body#0  ?
  total: 0 matched / 1 bodies
",0,[],0,0,0,0,/home/arjaiswal/Polygeist/issues/aten_c_kernels/results/aten_lgamma/debuf.mlir,1892,8,1,0,432.5666129589081,1,65616,0.0,0,0,0,0,[],0,0,0,0.0,56
aten,aten_linalg_powsum_cpu,/home/arjaiswal/Polygeist/issues/aten_c_kernels/results/aten_linalg_powsum_cpu/debuf.mlir,b29e6dcde3db97a9b89e7ef2aa3cebc62b1754037ed410006bd7b5ab90f13121,egglog,1,ok,0,1017.3015110194683,0,"[""/usr/bin/python3"", ""/home/arjaiswal/Polygeist/scripts/correctness/kernel_match_rewrite.py"", ""/home/arjaiswal/Polygeist/issues/aten_c_kernels/results/aten_linalg_powsum_cpu/debuf.mlir"", ""--dry-run"", ""--matcher-mode"", ""egglog"", ""--telemetry-json"", ""/home/arjaiswal/Polygeist/issues/equality_saturation_eval/campaign_20260908/aten-aten_linalg_powsum_cpu-egglog-qzg_4bsf.json"", ""--disable-semantic-fallback""]","== match report for /home/arjaiswal/Polygeist/issues/aten_c_kernels/results/aten_linalg_powsum_cpu/debuf.mlir ==
  match          body#[0]  memset_zero_1D_f32
  no_match       body#1  ?
  total: 1 matched / 2 bodies
",0,[],0,0,0,0,/home/arjaiswal/Polygeist/issues/aten_c_kernels/results/aten_linalg_powsum_cpu/debuf.mlir,2729,8,2,1,594.6635901927948,1,70024,200.57188346982002,20,20,0,0,"[{""body_indices"": [0], ""symbol"": ""memset_zero_1D_f32""}]",1,0,0,0.0,36
aten,aten_linalg_powsum_cpu,/home/arjaiswal/Polygeist/issues/aten_c_kernels/results/aten_linalg_powsum_cpu/debuf.mlir,b29e6dcde3db97a9b89e7ef2aa3cebc62b1754037ed410006bd7b5ab90f13121,syntactic,1,ok,0,822.535790503025,0,"[""/usr/bin/python3"", ""/home/arjaiswal/Polygeist/scripts/correctness/kernel_match_rewrite.py"", ""/home/arjaiswal/Polygeist/issues/aten_c_kernels/results/aten_linalg_powsum_cpu/debuf.mlir"", ""--dry-run"", ""--matcher-mode"", ""syntactic"", ""--telemetry-json"", ""/home/arjaiswal/Polygeist/issues/equality_saturation_eval/campaign_20260908/aten-aten_linalg_powsum_cpu-syntactic-dhx3uwlp.json"", ""--disable-semantic-fallback""]","== match report for /home/arjaiswal/Polygeist/issues/aten_c_kernels/results/aten_linalg_powsum_cpu/debuf.mlir ==
  match          body#[0]  memset_zero_1D_f32
  no_match       body#1  ?
  total: 1 matched / 2 bodies
",0,[],0,0,0,0,/home/arjaiswal/Polygeist/issues/aten_c_kernels/results/aten_linalg_powsum_cpu/debuf.mlir,2729,0,2,1,370.19089981913567,1,65700,0.12911111116409302,0,20,0,0,"[{""body_indices"": [0], ""symbol"": ""memset_zero_1D_f32""}]",1,0,36,0.0,36
aten,aten_linalg_powsum_cpu,/home/arjaiswal/Polygeist/issues/aten_c_kernels/results/aten_linalg_powsum_cpu/debuf.mlir,b29e6dcde3db97a9b89e7ef2aa3cebc62b1754037ed410006bd7b5ab90f13121,syntactic,2,ok,0,822.446446865797,0,"[""/usr/bin/python3"", ""/home/arjaiswal/Polygeist/scripts/correctness/kernel_match_rewrite.py"", ""/home/arjaiswal/Polygeist/issues/aten_c_kernels/results/aten_linalg_powsum_cpu/debuf.mlir"", ""--dry-run"", ""--matcher-mode"", ""syntactic"", ""--telemetry-json"", ""/home/arjaiswal/Polygeist/issues/equality_saturation_eval/campaign_20260908/aten-aten_linalg_powsum_cpu-syntactic-52ke74z_.json"", ""--disable-semantic-fallback""]","== match report for /home/arjaiswal/Polygeist/issues/aten_c_kernels/results/aten_linalg_powsum_cpu/debuf.mlir ==
  match          body#[0]  memset_zero_1D_f32
  no_match       body#1  ?
  total: 1 matched / 2 bodies
",0,[],0,0,0,0,/home/arjaiswal/Polygeist/issues/aten_c_kernels/results/aten_linalg_powsum_cpu/debuf.mlir,2729,0,2,1,400.0188782811165,1,65948,0.12805312871932983,0,20,0,0,"[{""body_indices"": [0], ""symbol"": ""memset_zero_1D_f32""}]",1,0,36,0.0,36
aten,aten_linalg_powsum_cpu,/home/arjaiswal/Polygeist/issues/aten_c_kernels/results/aten_linalg_powsum_cpu/debuf.mlir,b29e6dcde3db97a9b89e7ef2aa3cebc62b1754037ed410006bd7b5ab90f13121,egglog,2,ok,0,1196.9720870256424,0,"[""/usr/bin/python3"", ""/home/arjaiswal/Polygeist/scripts/correctness/kernel_match_rewrite.py"", ""/home/arjaiswal/Polygeist/issues/aten_c_kernels/results/aten_linalg_powsum_cpu/debuf.mlir"", ""--dry-run"", ""--matcher-mode"", ""egglog"", ""--telemetry-json"", ""/home/arjaiswal/Polygeist/issues/equality_saturation_eval/campaign_20260908/aten-aten_linalg_powsum_cpu-egglog-xmrql3r0.json"", ""--disable-semantic-fallback""]","== match report for /home/arjaiswal/Polygeist/issues/aten_c_kernels/results/aten_linalg_powsum_cpu/debuf.mlir ==
  match          body#[0]  memset_zero_1D_f32
  no_match       body#1  ?
  total: 1 matched / 2 bodies
",0,[],0,0,0,0,/home/arjaiswal/Polygeist/issues/aten_c_kernels/results/aten_linalg_powsum_cpu/debuf.mlir,2729,8,2,1,677.2008687257767,1,70176,226.6574501991272,20,20,0,0,"[{""body_indices"": [0], ""symbol"": ""memset_zero_1D_f32""}]",1,0,0,0.0,36
aten,aten_linalg_powsum_cpu,/home/arjaiswal/Polygeist/issues/aten_c_kernels/results/aten_linalg_powsum_cpu/debuf.mlir,b29e6dcde3db97a9b89e7ef2aa3cebc62b1754037ed410006bd7b5ab90f13121,egglog,3,ok,0,1028.8527496159077,0,"[""/usr/bin/python3"", ""/home/arjaiswal/Polygeist/scripts/correctness/kernel_match_rewrite.py"", ""/home/arjaiswal/Polygeist/issues/aten_c_kernels/results/aten_linalg_powsum_cpu/debuf.mlir"", ""--dry-run"", ""--matcher-mode"", ""egglog"", ""--telemetry-json"", ""/home/arjaiswal/Polygeist/issues/equality_saturation_eval/campaign_20260908/aten-aten_linalg_powsum_cpu-egglog-0sdgi443.json"", ""--disable-semantic-fallback""]","== match report for /home/arjaiswal/Polygeist/issues/aten_c_kernels/results/aten_linalg_powsum_cpu/debuf.mlir ==
  match          body#[0]  memset_zero_1D_f32
  no_match       body#1  ?
  total: 1 matched / 2 bodies
",0,[],0,0,0,0,/home/arjaiswal/Polygeist/issues/aten_c_kernels/results/aten_linalg_powsum_cpu/debuf.mlir,2729,8,2,1,601.2646034359932,1,69948,202.8142288327217,20,20,0,0,"[{""body_indices"": [0], ""symbol"": ""memset_zero_1D_f32""}]",1,0,0,0.0,36
aten,aten_linalg_powsum_cpu,/home/arjaiswal/Polygeist/issues/aten_c_kernels/results/aten_linalg_powsum_cpu/debuf.mlir,b29e6dcde3db97a9b89e7ef2aa3cebc62b1754037ed410006bd7b5ab90f13121,syntactic,3,ok,0,797.5864820182323,0,"[""/usr/bin/python3"", ""/home/arjaiswal/Polygeist/scripts/correctness/kernel_match_rewrite.py"", ""/home/arjaiswal/Polygeist/issues/aten_c_kernels/results/aten_linalg_powsum_cpu/debuf.mlir"", ""--dry-run"", ""--matcher-mode"", ""syntactic"", ""--telemetry-json"", ""/home/arjaiswal/Polygeist/issues/equality_saturation_eval/campaign_20260908/aten-aten_linalg_powsum_cpu-syntactic-21lznelr.json"", ""--disable-semantic-fallback""]","== match report for /home/arjaiswal/Polygeist/issues/aten_c_kernels/results/aten_linalg_powsum_cpu/debuf.mlir ==
  match          body#[0]  memset_zero_1D_f32
  no_match       body#1  ?
  total: 1 matched / 2 bodies
",0,[],0,0,0,0,/home/arjaiswal/Polygeist/issues/aten_c_kernels/results/aten_linalg_powsum_cpu/debuf.mlir,2729,0,2,1,381.74736499786377,1,65864,0.11963024735450745,0,20,0,0,"[{""body_indices"": [0], ""symbol"": ""memset_zero_1D_f32""}]",1,0,36,0.0,36
aten,aten_linalg_powsum_cpu,/home/arjaiswal/Polygeist/issues/aten_c_kernels/results/aten_linalg_powsum_cpu/debuf.mlir,b29e6dcde3db97a9b89e7ef2aa3cebc62b1754037ed410006bd7b5ab90f13121,syntactic,4,ok,0,776.3789221644402,0,"[""/usr/bin/python3"", ""/home/arjaiswal/Polygeist/scripts/correctness/kernel_match_rewrite.py"", ""/home/arjaiswal/Polygeist/issues/aten_c_kernels/results/aten_linalg_powsum_cpu/debuf.mlir"", ""--dry-run"", ""--matcher-mode"", ""syntactic"", ""--telemetry-json"", ""/home/arjaiswal/Polygeist/issues/equality_saturation_eval/campaign_20260908/aten-aten_linalg_powsum_cpu-syntactic-rrod6jc2.json"", ""--disable-semantic-fallback""]","== match report for /home/arjaiswal/Polygeist/issues/aten_c_kernels/results/aten_linalg_powsum_cpu/debuf.mlir ==
  match          body#[0]  memset_zero_1D_f32
  no_match       body#1  ?
  total: 1 matched / 2 bodies
",0,[],0,0,0,0,/home/arjaiswal/Polygeist/issues/aten_c_kernels/results/aten_linalg_powsum_cpu/debuf.mlir,2729,0,2,1,367.655623704195,1,65912,0.12654811143875122,0,20,0,0,"[{""body_indices"": [0], ""symbol"": ""memset_zero_1D_f32""}]",1,0,36,0.0,36
aten,aten_linalg_powsum_cpu,/home/arjaiswal/Polygeist/issues/aten_c_kernels/results/aten_linalg_powsum_cpu/debuf.mlir,b29e6dcde3db97a9b89e7ef2aa3cebc62b1754037ed410006bd7b5ab90f13121,egglog,4,ok,0,1071.9138197600842,0,"[""/usr/bin/python3"", ""/home/arjaiswal/Polygeist/scripts/correctness/kernel_match_rewrite.py"", ""/home/arjaiswal/Polygeist/issues/aten_c_kernels/results/aten_linalg_powsum_cpu/debuf.mlir"", ""--dry-run"", ""--matcher-mode"", ""egglog"", ""--telemetry-json"", ""/home/arjaiswal/Polygeist/issues/equality_saturation_eval/campaign_20260908/aten-aten_linalg_powsum_cpu-egglog-en58_b9q.json"", ""--disable-semantic-fallback""]","== match report for /home/arjaiswal/Polygeist/issues/aten_c_kernels/results/aten_linalg_powsum_cpu/debuf.mlir ==
  match          body#[0]  memset_zero_1D_f32
  no_match       body#1  ?
  total: 1 matched / 2 bodies
",0,[],0,0,0,0,/home/arjaiswal/Polygeist/issues/aten_c_kernels/results/aten_linalg_powsum_cpu/debuf.mlir,2729,8,2,1,629.6019777655602,1,70068,216.47505462169647,20,20,0,0,"[{""body_indices"": [0], ""symbol"": ""memset_zero_1D_f32""}]",1,0,0,0.0,36
aten,aten_linalg_powsum_cpu,/home/arjaiswal/Polygeist/issues/aten_c_kernels/results/aten_linalg_powsum_cpu/debuf.mlir,b29e6dcde3db97a9b89e7ef2aa3cebc62b1754037ed410006bd7b5ab90f13121,egglog,5,ok,0,1074.891384691,0,"[""/usr/bin/python3"", ""/home/arjaiswal/Polygeist/scripts/correctness/kernel_match_rewrite.py"", ""/home/arjaiswal/Polygeist/issues/aten_c_kernels/results/aten_linalg_powsum_cpu/debuf.mlir"", ""--dry-run"", ""--matcher-mode"", ""egglog"", ""--telemetry-json"", ""/home/arjaiswal/Polygeist/issues/equality_saturation_eval/campaign_20260908/aten-aten_linalg_powsum_cpu-egglog-wz8aik0l.json"", ""--disable-semantic-fallback""]","== match report for /home/arjaiswal/Polygeist/issues/aten_c_kernels/results/aten_linalg_powsum_cpu/debuf.mlir ==
  match          body#[0]  memset_zero_1D_f32
  no_match       body#1  ?
  total: 1 matched / 2 bodies
",0,[],0,0,0,0,/home/arjaiswal/Polygeist/issues/aten_c_kernels/results/aten_linalg_powsum_cpu/debuf.mlir,2729,8,2,1,637.2216939926147,1,70144,206.676684319973,20,20,0,0,"[{""body_indices"": [0], ""symbol"": ""memset_zero_1D_f32""}]",1,0,0,0.0,36
aten,aten_linalg_powsum_cpu,/home/arjaiswal/Polygeist/issues/aten_c_kernels/results/aten_linalg_powsum_cpu/debuf.mlir,b29e6dcde3db97a9b89e7ef2aa3cebc62b1754037ed410006bd7b5ab90f13121,syntactic,5,ok,0,789.8472473025322,0,"[""/usr/bin/python3"", ""/home/arjaiswal/Polygeist/scripts/correctness/kernel_match_rewrite.py"", ""/home/arjaiswal/Polygeist/issues/aten_c_kernels/results/aten_linalg_powsum_cpu/debuf.mlir"", ""--dry-run"", ""--matcher-mode"", ""syntactic"", ""--telemetry-json"", ""/home/arjaiswal/Polygeist/issues/equality_saturation_eval/campaign_20260908/aten-aten_linalg_powsum_cpu-syntactic-55jjetfa.json"", ""--disable-semantic-fallback""]","== match report for /home/arjaiswal/Polygeist/issues/aten_c_kernels/results/aten_linalg_powsum_cpu/debuf.mlir ==
  match          body#[0]  memset_zero_1D_f32
  no_match       body#1  ?
  total: 1 matched / 2 bodies
",0,[],0,0,0,0,/home/arjaiswal/Polygeist/issues/aten_c_kernels/results/aten_linalg_powsum_cpu/debuf.mlir,2729,0,2,1,364.5678386092186,1,66060,0.1205243170261383,0,20,0,0,"[{""body_indices"": [0], ""symbol"": ""memset_zero_1D_f32""}]",1,0,36,0.0,36
aten,aten_linear_combination_cpu,/home/arjaiswal/Polygeist/issues/aten_c_kernels/results/aten_linear_combination_cpu/debuf.mlir,cf202f66af2b937e16f6d13fea440c7205d3281bfcfd61f6a89c1ced3519389c,syntactic,1,ok,0,856.0309559106827,0,"[""/usr/bin/python3"", ""/home/arjaiswal/Polygeist/scripts/correctness/kernel_match_rewrite.py"", ""/home/arjaiswal/Polygeist/issues/aten_c_kernels/results/aten_linear_combination_cpu/debuf.mlir"", ""--dry-run"", ""--matcher-mode"", ""syntactic"", ""--telemetry-json"", ""/home/arjaiswal/Polygeist/issues/equality_saturation_eval/campaign_20260908/aten-aten_linear_combination_cpu-syntactic-dvy2a59f.json"", ""--disable-semantic-fallback""]","== match report for /home/arjaiswal/Polygeist/issues/aten_c_kernels/results/aten_linear_combination_cpu/debuf.mlir ==
  match          body#[0, 1]  cublasSgemv_T
  match          body#[2]  cudaCopy1D_f32_tensor
  total: 2 matched / 2 bodies
",0,[],0,0,0,0,/home/arjaiswal/Polygeist/issues/aten_c_kernels/results/aten_linear_combination_cpu/debuf.mlir,3178,0,3,3,423.9654578268528,0,65944,0.203009694814682,0,25,0,0,"[{""body_indices"": [0, 1], ""symbol"": ""cublasSgemv_T""}, {""body_indices"": [2], ""symbol"": ""cudaCopy1D_f32_tensor""}]",2,0,78,0.0,78
aten,aten_linear_combination_cpu,/home/arjaiswal/Polygeist/issues/aten_c_kernels/results/aten_linear_combination_cpu/debuf.mlir,cf202f66af2b937e16f6d13fea440c7205d3281bfcfd61f6a89c1ced3519389c,egglog,1,ok,0,1134.9363327026367,0,"[""/usr/bin/python3"", ""/home/arjaiswal/Polygeist/scripts/correctness/kernel_match_rewrite.py"", ""/home/arjaiswal/Polygeist/issues/aten_c_kernels/results/aten_linear_combination_cpu/debuf.mlir"", ""--dry-run"", ""--matcher-mode"", ""egglog"", ""--telemetry-json"", ""/home/arjaiswal/Polygeist/issues/equality_saturation_eval/campaign_20260908/aten-aten_linear_combination_cpu-egglog-gf6jnwqr.json"", ""--disable-semantic-fallback""]","== match report for /home/arjaiswal/Polygeist/issues/aten_c_kernels/results/aten_linear_combination_cpu/debuf.mlir ==
  match          body#[0, 1]  cublasSgemv_T
  match          body#[2]  cudaCopy1D_f32_tensor
  total: 2 matched / 2 bodies
",0,[],0,0,0,0,/home/arjaiswal/Polygeist/issues/aten_c_kernels/results/aten_linear_combination_cpu/debuf.mlir,3178,8,3,3,712.2330814599991,0,70104,260.62800362706184,25,25,0,12,"[{""body_indices"": [0, 1], ""symbol"": ""cublasSgemv_T""}, {""body_indices"": [2], ""symbol"": ""cudaCopy1D_f32_tensor""}]",2,0,0,0.0,78
aten,aten_linear_combination_cpu,/home/arjaiswal/Polygeist/issues/aten_c_kernels/results/aten_linear_combination_cpu/debuf.mlir,cf202f66af2b937e16f6d13fea440c7205d3281bfcfd61f6a89c1ced3519389c,egglog,2,ok,0,1281.6772386431694,0,"[""/usr/bin/python3"", ""/home/arjaiswal/Polygeist/scripts/correctness/kernel_match_rewrite.py"", ""/home/arjaiswal/Polygeist/issues/aten_c_kernels/results/aten_linear_combination_cpu/debuf.mlir"", ""--dry-run"", ""--matcher-mode"", ""egglog"", ""--telemetry-json"", ""/home/arjaiswal/Polygeist/issues/equality_saturation_eval/campaign_20260908/aten-aten_linear_combination_cpu-egglog-mekv2xhb.json"", ""--disable-semantic-fallback""]","== match report for /home/arjaiswal/Polygeist/issues/aten_c_kernels/results/aten_linear_combination_cpu/debuf.mlir ==
  match          body#[0, 1]  cublasSgemv_T
  match          body#[2]  cudaCopy1D_f32_tensor
  total: 2 matched / 2 bodies
",0,[],0,0,0,0,/home/arjaiswal/Polygeist/issues/aten_c_kernels/results/aten_linear_combination_cpu/debuf.mlir,3178,8,3,3,753.6988370120525,0,70188,277.28335559368134,25,25,0,12,"[{""body_indices"": [0, 1], ""symbol"": ""cublasSgemv_T""}, {""body_indices"": [2], ""symbol"": ""cudaCopy1D_f32_tensor""}]",2,0,0,0.0,78
aten,aten_linear_combination_cpu,/home/arjaiswal/Polygeist/issues/aten_c_kernels/results/aten_linear_combination_cpu/debuf.mlir,cf202f66af2b937e16f6d13fea440c7205d3281bfcfd61f6a89c1ced3519389c,syntactic,2,ok,0,878.8166008889675,0,"[""/usr/bin/python3"", ""/home/arjaiswal/Polygeist/scripts/correctness/kernel_match_rewrite.py"", ""/home/arjaiswal/Polygeist/issues/aten_c_kernels/results/aten_linear_combination_cpu/debuf.mlir"", ""--dry-run"", ""--matcher-mode"", ""syntactic"", ""--telemetry-json"", ""/home/arjaiswal/Polygeist/issues/equality_saturation_eval/campaign_20260908/aten-aten_linear_combination_cpu-syntactic-i_jfsw7o.json"", ""--disable-semantic-fallback""]","== match report for /home/arjaiswal/Polygeist/issues/aten_c_kernels/results/aten_linear_combination_cpu/debuf.mlir ==
  match          body#[0, 1]  cublasSgemv_T
  match          body#[2]  cudaCopy1D_f32_tensor
  total: 2 matched / 2 bodies
",0,[],0,0,0,0,/home/arjaiswal/Polygeist/issues/aten_c_kernels/results/aten_linear_combination_cpu/debuf.mlir,3178,0,3,3,441.88522547483444,0,66040,0.22863224148750305,0,25,0,0,"[{""body_indices"": [0, 1], ""symbol"": ""cublasSgemv_T""}, {""body_indices"": [2], ""symbol"": ""cudaCopy1D_f32_tensor""}]",2,0,78,0.0,78
aten,aten_linear_combination_cpu,/home/arjaiswal/Polygeist/issues/aten_c_kernels/results/aten_linear_combination_cpu/debuf.mlir,cf202f66af2b937e16f6d13fea440c7205d3281bfcfd61f6a89c1ced3519389c,syntactic,3,ok,0,907.6936170458794,0,"[""/usr/bin/python3"", ""/home/arjaiswal/Polygeist/scripts/correctness/kernel_match_rewrite.py"", ""/home/arjaiswal/Polygeist/issues/aten_c_kernels/results/aten_linear_combination_cpu/debuf.mlir"", ""--dry-run"", ""--matcher-mode"", ""syntactic"", ""--telemetry-json"", ""/home/arjaiswal/Polygeist/issues/equality_saturation_eval/campaign_20260908/aten-aten_linear_combination_cpu-syntactic-xu69351_.json"", ""--disable-semantic-fallback""]","== match report for /home/arjaiswal/Polygeist/issues/aten_c_kernels/results/aten_linear_combination_cpu/debuf.mlir ==
  match          body#[0, 1]  cublasSgemv_T
  match          body#[2]  cudaCopy1D_f32_tensor
  total: 2 matched / 2 bodies
",0,[],0,0,0,0,/home/arjaiswal/Polygeist/issues/aten_c_kernels/results/aten_linear_combination_cpu/debuf.mlir,3178,0,3,3,461.7600589990616,0,65940,0.2277269959449768,0,25,0,0,"[{""body_indices"": [0, 1], ""symbol"": ""cublasSgemv_T""}, {""body_indices"": [2], ""symbol"": ""cudaCopy1D_f32_tensor""}]",2,0,78,0.0,78
aten,aten_linear_combination_cpu,/home/arjaiswal/Polygeist/issues/aten_c_kernels/results/aten_linear_combination_cpu/debuf.mlir,cf202f66af2b937e16f6d13fea440c7205d3281bfcfd61f6a89c1ced3519389c,egglog,3,ok,0,1152.9216766357422,0,"[""/usr/bin/python3"", ""/home/arjaiswal/Polygeist/scripts/correctness/kernel_match_rewrite.py"", ""/home/arjaiswal/Polygeist/issues/aten_c_kernels/results/aten_linear_combination_cpu/debuf.mlir"", ""--dry-run"", ""--matcher-mode"", ""egglog"", ""--telemetry-json"", ""/home/arjaiswal/Polygeist/issues/equality_saturation_eval/campaign_20260908/aten-aten_linear_combination_cpu-egglog-f6vvt6ap.json"", ""--disable-semantic-fallback""]","== match report for /home/arjaiswal/Polygeist/issues/aten_c_kernels/results/aten_linear_combination_cpu/debuf.mlir ==
  match          body#[0, 1]  cublasSgemv_T
  match          body#[2]  cudaCopy1D_f32_tensor
  total: 2 matched / 2 bodies
",0,[],0,0,0,0,/home/arjaiswal/Polygeist/issues/aten_c_kernels/results/aten_linear_combination_cpu/debuf.mlir,3178,8,3,3,734.2484667897224,0,69768,280.7702198624611,25,25,0,12,"[{""body_indices"": [0, 1], ""symbol"": ""cublasSgemv_T""}, {""body_indices"": [2], ""symbol"": ""cudaCopy1D_f32_tensor""}]",2,0,0,0.0,78
aten,aten_linear_combination_cpu,/home/arjaiswal/Polygeist/issues/aten_c_kernels/results/aten_linear_combination_cpu/debuf.mlir,cf202f66af2b937e16f6d13fea440c7205d3281bfcfd61f6a89c1ced3519389c,egglog,4,ok,0,1161.0948741436005,0,"[""/usr/bin/python3"", ""/home/arjaiswal/Polygeist/scripts/correctness/kernel_match_rewrite.py"", ""/home/arjaiswal/Polygeist/issues/aten_c_kernels/results/aten_linear_combination_cpu/debuf.mlir"", ""--dry-run"", ""--matcher-mode"", ""egglog"", ""--telemetry-json"", ""/home/arjaiswal/Polygeist/issues/equality_saturation_eval/campaign_20260908/aten-aten_linear_combination_cpu-egglog-c0ki4fjn.json"", ""--disable-semantic-fallback""]","== match report for /home/arjaiswal/Polygeist/issues/aten_c_kernels/results/aten_linear_combination_cpu/debuf.mlir ==
  match          body#[0, 1]  cublasSgemv_T
  match          body#[2]  cudaCopy1D_f32_tensor
  total: 2 matched / 2 bodies
",0,[],0,0,0,0,/home/arjaiswal/Polygeist/issues/aten_c_kernels/results/aten_linear_combination_cpu/debuf.mlir,3178,8,3,3,739.8738414049149,0,70092,268.34627240896225,25,25,0,12,"[{""body_indices"": [0, 1], ""symbol"": ""cublasSgemv_T""}, {""body_indices"": [2], ""symbol"": ""cudaCopy1D_f32_tensor""}]",2,0,0,0.0,78
aten,aten_linear_combination_cpu,/home/arjaiswal/Polygeist/issues/aten_c_kernels/results/aten_linear_combination_cpu/debuf.mlir,cf202f66af2b937e16f6d13fea440c7205d3281bfcfd61f6a89c1ced3519389c,syntactic,4,ok,0,900.8070677518845,0,"[""/usr/bin/python3"", ""/home/arjaiswal/Polygeist/scripts/correctness/kernel_match_rewrite.py"", ""/home/arjaiswal/Polygeist/issues/aten_c_kernels/results/aten_linear_combination_cpu/debuf.mlir"", ""--dry-run"", ""--matcher-mode"", ""syntactic"", ""--telemetry-json"", ""/home/arjaiswal/Polygeist/issues/equality_saturation_eval/campaign_20260908/aten-aten_linear_combination_cpu-syntactic-w2c8rpsq.json"", ""--disable-semantic-fallback""]","== match report for /home/arjaiswal/Polygeist/issues/aten_c_kernels/results/aten_linear_combination_cpu/debuf.mlir ==
  match          body#[0, 1]  cublasSgemv_T
  match          body#[2]  cudaCopy1D_f32_tensor
  total: 2 matched / 2 bodies
",0,[],0,0,0,0,/home/arjaiswal/Polygeist/issues/aten_c_kernels/results/aten_linear_combination_cpu/debuf.mlir,3178,0,3,3,471.5226888656616,0,65996,0.2165473997592926,0,25,0,0,"[{""body_indices"": [0, 1], ""symbol"": ""cublasSgemv_T""}, {""body_indices"": [2], ""symbol"": ""cudaCopy1D_f32_tensor""}]",2,0,78,0.0,78
aten,aten_linear_combination_cpu,/home/arjaiswal/Polygeist/issues/aten_c_kernels/results/aten_linear_combination_cpu/debuf.mlir,cf202f66af2b937e16f6d13fea440c7205d3281bfcfd61f6a89c1ced3519389c,syntactic,5,ok,0,874.819666147232,0,"[""/usr/bin/python3"", ""/home/arjaiswal/Polygeist/scripts/correctness/kernel_match_rewrite.py"", ""/home/arjaiswal/Polygeist/issues/aten_c_kernels/results/aten_linear_combination_cpu/debuf.mlir"", ""--dry-run"", ""--matcher-mode"", ""syntactic"", ""--telemetry-json"", ""/home/arjaiswal/Polygeist/issues/equality_saturation_eval/campaign_20260908/aten-aten_linear_combination_cpu-syntactic-gdng9u63.json"", ""--disable-semantic-fallback""]","== match report for /home/arjaiswal/Polygeist/issues/aten_c_kernels/results/aten_linear_combination_cpu/debuf.mlir ==
  match          body#[0, 1]  cublasSgemv_T
  match          body#[2]  cudaCopy1D_f32_tensor
  total: 2 matched / 2 bodies
",0,[],0,0,0,0,/home/arjaiswal/Polygeist/issues/aten_c_kernels/results/aten_linear_combination_cpu/debuf.mlir,3178,0,3,3,448.68455827236176,0,65968,0.21944940090179443,0,25,0,0,"[{""body_indices"": [0, 1], ""symbol"": ""cublasSgemv_T""}, {""body_indices"": [2], ""symbol"": ""cudaCopy1D_f32_tensor""}]",2,0,78,0.0,78
aten,aten_linear_combination_cpu,/home/arjaiswal/Polygeist/issues/aten_c_kernels/results/aten_linear_combination_cpu/debuf.mlir,cf202f66af2b937e16f6d13fea440c7205d3281bfcfd61f6a89c1ced3519389c,egglog,5,ok,0,1159.6220061182976,0,"[""/usr/bin/python3"", ""/home/arjaiswal/Polygeist/scripts/correctness/kernel_match_rewrite.py"", ""/home/arjaiswal/Polygeist/issues/aten_c_kernels/results/aten_linear_combination_cpu/debuf.mlir"", ""--dry-run"", ""--matcher-mode"", ""egglog"", ""--telemetry-json"", ""/home/arjaiswal/Polygeist/issues/equality_saturation_eval/campaign_20260908/aten-aten_linear_combination_cpu-egglog-4l2lsbf9.json"", ""--disable-semantic-fallback""]","== match report for /home/arjaiswal/Polygeist/issues/aten_c_kernels/results/aten_linear_combination_cpu/debuf.mlir ==
  match          body#[0, 1]  cublasSgemv_T
  match          body#[2]  cudaCopy1D_f32_tensor
  total: 2 matched / 2 bodies
",0,[],0,0,0,0,/home/arjaiswal/Polygeist/issues/aten_c_kernels/results/aten_linear_combination_cpu/debuf.mlir,3178,8,3,3,710.8595818281174,0,70136,253.42071801424026,25,25,0,12,"[{""body_indices"": [0, 1], ""symbol"": ""cublasSgemv_T""}, {""body_indices"": [2], ""symbol"": ""cudaCopy1D_f32_tensor""}]",2,0,0,0.0,78
aten,aten_linspace,/home/arjaiswal/Polygeist/issues/aten_c_kernels/results/aten_linspace/debuf.mlir,6c8cdbfc948c8c9b37dfc244cedf54605635d4ac82a9569ad2b8c286efca9438,egglog,1,ok,0,711.0610119998455,0,"[""/usr/bin/python3"", ""/home/arjaiswal/Polygeist/scripts/correctness/kernel_match_rewrite.py"", ""/home/arjaiswal/Polygeist/issues/aten_c_kernels/results/aten_linspace/debuf.mlir"", ""--dry-run"", ""--matcher-mode"", ""egglog"", ""--telemetry-json"", ""/home/arjaiswal/Polygeist/issues/equality_saturation_eval/campaign_20260908/aten-aten_linspace-egglog-db97jj1n.json"", ""--disable-semantic-fallback""]","== match report for /home/arjaiswal/Polygeist/issues/aten_c_kernels/results/aten_linspace/debuf.mlir ==
  no_match       body#0  ?
  total: 0 matched / 1 bodies
",0,[],0,0,0,0,/home/arjaiswal/Polygeist/issues/aten_c_kernels/results/aten_linspace/debuf.mlir,1838,8,1,0,288.0396135151386,1,64644,0.0,0,0,0,0,[],0,0,0,0.0,4
aten,aten_linspace,/home/arjaiswal/Polygeist/issues/aten_c_kernels/results/aten_linspace/debuf.mlir,6c8cdbfc948c8c9b37dfc244cedf54605635d4ac82a9569ad2b8c286efca9438,syntactic,1,ok,0,734.8846383392811,0,"[""/usr/bin/python3"", ""/home/arjaiswal/Polygeist/scripts/correctness/kernel_match_rewrite.py"", ""/home/arjaiswal/Polygeist/issues/aten_c_kernels/results/aten_linspace/debuf.mlir"", ""--dry-run"", ""--matcher-mode"", ""syntactic"", ""--telemetry-json"", ""/home/arjaiswal/Polygeist/issues/equality_saturation_eval/campaign_20260908/aten-aten_linspace-syntactic-rzrmrvvd.json"", ""--disable-semantic-fallback""]","== match report for /home/arjaiswal/Polygeist/issues/aten_c_kernels/results/aten_linspace/debuf.mlir ==
  no_match       body#0  ?
  total: 0 matched / 1 bodies
",0,[],0,0,0,0,/home/arjaiswal/Polygeist/issues/aten_c_kernels/results/aten_linspace/debuf.mlir,1838,0,1,0,298.39953407645226,1,64676,0.014021992683410645,0,0,0,0,[],0,0,4,0.0,4
aten,aten_linspace,/home/arjaiswal/Polygeist/issues/aten_c_kernels/results/aten_linspace/debuf.mlir,6c8cdbfc948c8c9b37dfc244cedf54605635d4ac82a9569ad2b8c286efca9438,syntactic,2,ok,0,736.3485246896744,0,"[""/usr/bin/python3"", ""/home/arjaiswal/Polygeist/scripts/correctness/kernel_match_rewrite.py"", ""/home/arjaiswal/Polygeist/issues/aten_c_kernels/results/aten_linspace/debuf.mlir"", ""--dry-run"", ""--matcher-mode"", ""syntactic"", ""--telemetry-json"", ""/home/arjaiswal/Polygeist/issues/equality_saturation_eval/campaign_20260908/aten-aten_linspace-syntactic-av6vyhn_.json"", ""--disable-semantic-fallback""]","== match report for /home/arjaiswal/Polygeist/issues/aten_c_kernels/results/aten_linspace/debuf.mlir ==
  no_match       body#0  ?
  total: 0 matched / 1 bodies
",0,[],0,0,0,0,/home/arjaiswal/Polygeist/issues/aten_c_kernels/results/aten_linspace/debuf.mlir,1838,0,1,0,293.309960514307,1,64840,0.016260892152786255,0,0,0,0,[],0,0,4,0.0,4
aten,aten_linspace,/home/arjaiswal/Polygeist/issues/aten_c_kernels/results/aten_linspace/debuf.mlir,6c8cdbfc948c8c9b37dfc244cedf54605635d4ac82a9569ad2b8c286efca9438,egglog,2,ok,0,714.844323694706,0,"[""/usr/bin/python3"", ""/home/arjaiswal/Polygeist/scripts/correctness/kernel_match_rewrite.py"", ""/home/arjaiswal/Polygeist/issues/aten_c_kernels/results/aten_linspace/debuf.mlir"", ""--dry-run"", ""--matcher-mode"", ""egglog"", ""--telemetry-json"", ""/home/arjaiswal/Polygeist/issues/equality_saturation_eval/campaign_20260908/aten-aten_linspace-egglog-w_1wisjh.json"", ""--disable-semantic-fallback""]","== match report for /home/arjaiswal/Polygeist/issues/aten_c_kernels/results/aten_linspace/debuf.mlir ==
  no_match       body#0  ?
  total: 0 matched / 1 bodies
",0,[],0,0,0,0,/home/arjaiswal/Polygeist/issues/aten_c_kernels/results/aten_linspace/debuf.mlir,1838,8,1,0,293.49978268146515,1,64576,0.0,0,0,0,0,[],0,0,0,0.0,4
aten,aten_linspace,/home/arjaiswal/Polygeist/issues/aten_c_kernels/results/aten_linspace/debuf.mlir,6c8cdbfc948c8c9b37dfc244cedf54605635d4ac82a9569ad2b8c286efca9438,egglog,3,ok,0,716.8488837778568,0,"[""/usr/bin/python3"", ""/home/arjaiswal/Polygeist/scripts/correctness/kernel_match_rewrite.py"", ""/home/arjaiswal/Polygeist/issues/aten_c_kernels/results/aten_linspace/debuf.mlir"", ""--dry-run"", ""--matcher-mode"", ""egglog"", ""--telemetry-json"", ""/home/arjaiswal/Polygeist/issues/equality_saturation_eval/campaign_20260908/aten-aten_linspace-egglog-q6eo6r3n.json"", ""--disable-semantic-fallback""]","== match report for /home/arjaiswal/Polygeist/issues/aten_c_kernels/results/aten_linspace/debuf.mlir ==
  no_match       body#0  ?
  total: 0 matched / 1 bodies
",0,[],0,0,0,0,/home/arjaiswal/Polygeist/issues/aten_c_kernels/results/aten_linspace/debuf.mlir,1838,8,1,0,291.6114628314972,1,64584,0.0,0,0,0,0,[],0,0,0,0.0,4
aten,aten_linspace,/home/arjaiswal/Polygeist/issues/aten_c_kernels/results/aten_linspace/debuf.mlir,6c8cdbfc948c8c9b37dfc244cedf54605635d4ac82a9569ad2b8c286efca9438,syntactic,3,ok,0,707.9621329903603,0,"[""/usr/bin/python3"", ""/home/arjaiswal/Polygeist/scripts/correctness/kernel_match_rewrite.py"", ""/home/arjaiswal/Polygeist/issues/aten_c_kernels/results/aten_linspace/debuf.mlir"", ""--dry-run"", ""--matcher-mode"", ""syntactic"", ""--telemetry-json"", ""/home/arjaiswal/Polygeist/issues/equality_saturation_eval/campaign_20260908/aten-aten_linspace-syntactic-5gl22lwy.json"", ""--disable-semantic-fallback""]","== match report for /home/arjaiswal/Polygeist/issues/aten_c_kernels/results/aten_linspace/debuf.mlir ==
  no_match       body#0  ?
  total: 0 matched / 1 bodies
",0,[],0,0,0,0,/home/arjaiswal/Polygeist/issues/aten_c_kernels/results/aten_linspace/debuf.mlir,1838,0,1,0,280.1799774169922,1,64716,0.01559033989906311,0,0,0,0,[],0,0,4,0.0,4
aten,aten_linspace,/home/arjaiswal/Polygeist/issues/aten_c_kernels/results/aten_linspace/debuf.mlir,6c8cdbfc948c8c9b37dfc244cedf54605635d4ac82a9569ad2b8c286efca9438,syntactic,4,ok,0,727.4673208594322,0,"[""/usr/bin/python3"", ""/home/arjaiswal/Polygeist/scripts/correctness/kernel_match_rewrite.py"", ""/home/arjaiswal/Polygeist/issues/aten_c_kernels/results/aten_linspace/debuf.mlir"", ""--dry-run"", ""--matcher-mode"", ""syntactic"", ""--telemetry-json"", ""/home/arjaiswal/Polygeist/issues/equality_saturation_eval/campaign_20260908/aten-aten_linspace-syntactic-6lybi3i_.json"", ""--disable-semantic-fallback""]","== match report for /home/arjaiswal/Polygeist/issues/aten_c_kernels/results/aten_linspace/debuf.mlir ==
  no_match       body#0  ?
  total: 0 matched / 1 bodies
",0,[],0,0,0,0,/home/arjaiswal/Polygeist/issues/aten_c_kernels/results/aten_linspace/debuf.mlir,1838,0,1,0,284.832950681448,1,64408,0.01574680209159851,0,0,0,0,[],0,0,4,0.0,4
aten,aten_linspace,/home/arjaiswal/Polygeist/issues/aten_c_kernels/results/aten_linspace/debuf.mlir,6c8cdbfc948c8c9b37dfc244cedf54605635d4ac82a9569ad2b8c286efca9438,egglog,4,ok,0,711.9642570614815,0,"[""/usr/bin/python3"", ""/home/arjaiswal/Polygeist/scripts/correctness/kernel_match_rewrite.py"", ""/home/arjaiswal/Polygeist/issues/aten_c_kernels/results/aten_linspace/debuf.mlir"", ""--dry-run"", ""--matcher-mode"", ""egglog"", ""--telemetry-json"", ""/home/arjaiswal/Polygeist/issues/equality_saturation_eval/campaign_20260908/aten-aten_linspace-egglog-weif3tf0.json"", ""--disable-semantic-fallback""]","== match report for /home/arjaiswal/Polygeist/issues/aten_c_kernels/results/aten_linspace/debuf.mlir ==
  no_match       body#0  ?
  total: 0 matched / 1 bodies
",0,[],0,0,0,0,/home/arjaiswal/Polygeist/issues/aten_c_kernels/results/aten_linspace/debuf.mlir,1838,8,1,0,287.1765308082104,1,64524,0.0,0,0,0,0,[],0,0,0,0.0,4
aten,aten_linspace,/home/arjaiswal/Polygeist/issues/aten_c_kernels/results/aten_linspace/debuf.mlir,6c8cdbfc948c8c9b37dfc244cedf54605635d4ac82a9569ad2b8c286efca9438,egglog,5,ok,0,717.7622318267822,0,"[""/usr/bin/python3"", ""/home/arjaiswal/Polygeist/scripts/correctness/kernel_match_rewrite.py"", ""/home/arjaiswal/Polygeist/issues/aten_c_kernels/results/aten_linspace/debuf.mlir"", ""--dry-run"", ""--matcher-mode"", ""egglog"", ""--telemetry-json"", ""/home/arjaiswal/Polygeist/issues/equality_saturation_eval/campaign_20260908/aten-aten_linspace-egglog-791j5sn5.json"", ""--disable-semantic-fallback""]","== match report for /home/arjaiswal/Polygeist/issues/aten_c_kernels/results/aten_linspace/debuf.mlir ==
  no_match       body#0  ?
  total: 0 matched / 1 bodies
",0,[],0,0,0,0,/home/arjaiswal/Polygeist/issues/aten_c_kernels/results/aten_linspace/debuf.mlir,1838,8,1,0,283.454529941082,1,64872,0.0,0,0,0,0,[],0,0,0,0.0,4
aten,aten_linspace,/home/arjaiswal/Polygeist/issues/aten_c_kernels/results/aten_linspace/debuf.mlir,6c8cdbfc948c8c9b37dfc244cedf54605635d4ac82a9569ad2b8c286efca9438,syntactic,5,ok,0,697.9971565306187,0,"[""/usr/bin/python3"", ""/home/arjaiswal/Polygeist/scripts/correctness/kernel_match_rewrite.py"", ""/home/arjaiswal/Polygeist/issues/aten_c_kernels/results/aten_linspace/debuf.mlir"", ""--dry-run"", ""--matcher-mode"", ""syntactic"", ""--telemetry-json"", ""/home/arjaiswal/Polygeist/issues/equality_saturation_eval/campaign_20260908/aten-aten_linspace-syntactic-serpi3ul.json"", ""--disable-semantic-fallback""]","== match report for /home/arjaiswal/Polygeist/issues/aten_c_kernels/results/aten_linspace/debuf.mlir ==
  no_match       body#0  ?
  total: 0 matched / 1 bodies
",0,[],0,0,0,0,/home/arjaiswal/Polygeist/issues/aten_c_kernels/results/aten_linspace/debuf.mlir,1838,0,1,0,278.3803604543209,1,64836,0.013161450624465942,0,0,0,0,[],0,0,4,0.0,4
aten,aten_log,/home/arjaiswal/Polygeist/issues/aten_c_kernels/results/aten_log/debuf.mlir,eb1e6a88d799fee5b09ddf6b31e016e54246245fd84fb06dd032178fad7bfa3c,syntactic,1,ok,0,772.9925848543644,0,"[""/usr/bin/python3"", ""/home/arjaiswal/Polygeist/scripts/correctness/kernel_match_rewrite.py"", ""/home/arjaiswal/Polygeist/issues/aten_c_kernels/results/aten_log/debuf.mlir"", ""--dry-run"", ""--matcher-mode"", ""syntactic"", ""--telemetry-json"", ""/home/arjaiswal/Polygeist/issues/equality_saturation_eval/campaign_20260908/aten-aten_log-syntactic-gxu2uwzl.json"", ""--disable-semantic-fallback""]","== match report for /home/arjaiswal/Polygeist/issues/aten_c_kernels/results/aten_log/debuf.mlir ==
  match          body#[0]  cutensorUnary_log_f32
  total: 1 matched / 1 bodies
",0,[],0,0,0,0,/home/arjaiswal/Polygeist/issues/aten_c_kernels/results/aten_log/debuf.mlir,1866,0,1,1,331.1769999563694,0,65728,0.12124329805374146,0,2,0,0,"[{""body_indices"": [0], ""symbol"": ""cutensorUnary_log_f32""}]",1,0,24,0.0,24
aten,aten_log,/home/arjaiswal/Polygeist/issues/aten_c_kernels/results/aten_log/debuf.mlir,eb1e6a88d799fee5b09ddf6b31e016e54246245fd84fb06dd032178fad7bfa3c,egglog,1,ok,0,791.6494607925415,0,"[""/usr/bin/python3"", ""/home/arjaiswal/Polygeist/scripts/correctness/kernel_match_rewrite.py"", ""/home/arjaiswal/Polygeist/issues/aten_c_kernels/results/aten_log/debuf.mlir"", ""--dry-run"", ""--matcher-mode"", ""egglog"", ""--telemetry-json"", ""/home/arjaiswal/Polygeist/issues/equality_saturation_eval/campaign_20260908/aten-aten_log-egglog-dm4nf3sr.json"", ""--disable-semantic-fallback""]","== match report for /home/arjaiswal/Polygeist/issues/aten_c_kernels/results/aten_log/debuf.mlir ==
  match          body#[0]  cutensorUnary_log_f32
  total: 1 matched / 1 bodies
",0,[],0,0,0,0,/home/arjaiswal/Polygeist/issues/aten_c_kernels/results/aten_log/debuf.mlir,1866,8,1,1,364.99329283833504,0,68888,21.960284560918808,2,2,0,0,"[{""body_indices"": [0], ""symbol"": ""cutensorUnary_log_f32""}]",1,0,0,0.0,24
aten,aten_log,/home/arjaiswal/Polygeist/issues/aten_c_kernels/results/aten_log/debuf.mlir,eb1e6a88d799fee5b09ddf6b31e016e54246245fd84fb06dd032178fad7bfa3c,egglog,2,ok,0,803.8360811769962,0,"[""/usr/bin/python3"", ""/home/arjaiswal/Polygeist/scripts/correctness/kernel_match_rewrite.py"", ""/home/arjaiswal/Polygeist/issues/aten_c_kernels/results/aten_log/debuf.mlir"", ""--dry-run"", ""--matcher-mode"", ""egglog"", ""--telemetry-json"", ""/home/arjaiswal/Polygeist/issues/equality_saturation_eval/campaign_20260908/aten-aten_log-egglog-mgbf4n_1.json"", ""--disable-semantic-fallback""]","== match report for /home/arjaiswal/Polygeist/issues/aten_c_kernels/results/aten_log/debuf.mlir ==
  match          body#[0]  cutensorUnary_log_f32
  total: 1 matched / 1 bodies
",0,[],0,0,0,0,/home/arjaiswal/Polygeist/issues/aten_c_kernels/results/aten_log/debuf.mlir,1866,8,1,1,373.1238730251789,0,69180,23.43914657831192,2,2,0,0,"[{""body_indices"": [0], ""symbol"": ""cutensorUnary_log_f32""}]",1,0,0,0.0,24
aten,aten_log,/home/arjaiswal/Polygeist/issues/aten_c_kernels/results/aten_log/debuf.mlir,eb1e6a88d799fee5b09ddf6b31e016e54246245fd84fb06dd032178fad7bfa3c,syntactic,2,ok,0,812.7095215022564,0,"[""/usr/bin/python3"", ""/home/arjaiswal/Polygeist/scripts/correctness/kernel_match_rewrite.py"", ""/home/arjaiswal/Polygeist/issues/aten_c_kernels/results/aten_log/debuf.mlir"", ""--dry-run"", ""--matcher-mode"", ""syntactic"", ""--telemetry-json"", ""/home/arjaiswal/Polygeist/issues/equality_saturation_eval/campaign_20260908/aten-aten_log-syntactic-srt2wn8o.json"", ""--disable-semantic-fallback""]","== match report for /home/arjaiswal/Polygeist/issues/aten_c_kernels/results/aten_log/debuf.mlir ==
  match          body#[0]  cutensorUnary_log_f32
  total: 1 matched / 1 bodies
",0,[],0,0,0,0,/home/arjaiswal/Polygeist/issues/aten_c_kernels/results/aten_log/debuf.mlir,1866,0,1,1,345.95174714922905,0,65712,0.13354793190956116,0,2,0,0,"[{""body_indices"": [0], ""symbol"": ""cutensorUnary_log_f32""}]",1,0,24,0.0,24
aten,aten_log,/home/arjaiswal/Polygeist/issues/aten_c_kernels/results/aten_log/debuf.mlir,eb1e6a88d799fee5b09ddf6b31e016e54246245fd84fb06dd032178fad7bfa3c,syntactic,3,ok,0,728.0688360333443,0,"[""/usr/bin/python3"", ""/home/arjaiswal/Polygeist/scripts/correctness/kernel_match_rewrite.py"", ""/home/arjaiswal/Polygeist/issues/aten_c_kernels/results/aten_log/debuf.mlir"", ""--dry-run"", ""--matcher-mode"", ""syntactic"", ""--telemetry-json"", ""/home/arjaiswal/Polygeist/issues/equality_saturation_eval/campaign_20260908/aten-aten_log-syntactic-d17zua98.json"", ""--disable-semantic-fallback""]","== match report for /home/arjaiswal/Polygeist/issues/aten_c_kernels/results/aten_log/debuf.mlir ==
  match          body#[0]  cutensorUnary_log_f32
  total: 1 matched / 1 bodies
",0,[],0,0,0,0,/home/arjaiswal/Polygeist/issues/aten_c_kernels/results/aten_log/debuf.mlir,1866,0,1,1,314.98049572110176,0,65528,0.1266784965991974,0,2,0,0,"[{""body_indices"": [0], ""symbol"": ""cutensorUnary_log_f32""}]",1,0,24,0.0,24
aten,aten_log,/home/arjaiswal/Polygeist/issues/aten_c_kernels/results/aten_log/debuf.mlir,eb1e6a88d799fee5b09ddf6b31e016e54246245fd84fb06dd032178fad7bfa3c,egglog,3,ok,0,868.6995469033718,0,"[""/usr/bin/python3"", ""/home/arjaiswal/Polygeist/scripts/correctness/kernel_match_rewrite.py"", ""/home/arjaiswal/Polygeist/issues/aten_c_kernels/results/aten_log/debuf.mlir"", ""--dry-run"", ""--matcher-mode"", ""egglog"", ""--telemetry-json"", ""/home/arjaiswal/Polygeist/issues/equality_saturation_eval/campaign_20260908/aten-aten_log-egglog-ni1lxsyx.json"", ""--disable-semantic-fallback""]","== match report for /home/arjaiswal/Polygeist/issues/aten_c_kernels/results/aten_log/debuf.mlir ==
  match          body#[0]  cutensorUnary_log_f32
  total: 1 matched / 1 bodies
",0,[],0,0,0,0,/home/arjaiswal/Polygeist/issues/aten_c_kernels/results/aten_log/debuf.mlir,1866,8,1,1,424.6281422674656,0,68744,25.035284459590912,2,2,0,0,"[{""body_indices"": [0], ""symbol"": ""cutensorUnary_log_f32""}]",1,0,0,0.0,24
aten,aten_log,/home/arjaiswal/Polygeist/issues/aten_c_kernels/results/aten_log/debuf.mlir,eb1e6a88d799fee5b09ddf6b31e016e54246245fd84fb06dd032178fad7bfa3c,egglog,4,ok,0,751.7352811992168,0,"[""/usr/bin/python3"", ""/home/arjaiswal/Polygeist/scripts/correctness/kernel_match_rewrite.py"", ""/home/arjaiswal/Polygeist/issues/aten_c_kernels/results/aten_log/debuf.mlir"", ""--dry-run"", ""--matcher-mode"", ""egglog"", ""--telemetry-json"", ""/home/arjaiswal/Polygeist/issues/equality_saturation_eval/campaign_20260908/aten-aten_log-egglog-6a_9jtrm.json"", ""--disable-semantic-fallback""]","== match report for /home/arjaiswal/Polygeist/issues/aten_c_kernels/results/aten_log/debuf.mlir ==
  match          body#[0]  cutensorUnary_log_f32
  total: 1 matched / 1 bodies
",0,[],0,0,0,0,/home/arjaiswal/Polygeist/issues/aten_c_kernels/results/aten_log/debuf.mlir,1866,8,1,1,342.96855330467224,0,68620,21.626245230436325,2,2,0,0,"[{""body_indices"": [0], ""symbol"": ""cutensorUnary_log_f32""}]",1,0,0,0.0,24
aten,aten_log,/home/arjaiswal/Polygeist/issues/aten_c_kernels/results/aten_log/debuf.mlir,eb1e6a88d799fee5b09ddf6b31e016e54246245fd84fb06dd032178fad7bfa3c,syntactic,4,ok,0,769.9273563921452,0,"[""/usr/bin/python3"", ""/home/arjaiswal/Polygeist/scripts/correctness/kernel_match_rewrite.py"", ""/home/arjaiswal/Polygeist/issues/aten_c_kernels/results/aten_log/debuf.mlir"", ""--dry-run"", ""--matcher-mode"", ""syntactic"", ""--telemetry-json"", ""/home/arjaiswal/Polygeist/issues/equality_saturation_eval/campaign_20260908/aten-aten_log-syntactic-yxnnvbv8.json"", ""--disable-semantic-fallback""]","== match report for /home/arjaiswal/Polygeist/issues/aten_c_kernels/results/aten_log/debuf.mlir ==
  match          body#[0]  cutensorUnary_log_f32
  total: 1 matched / 1 bodies
",0,[],0,0,0,0,/home/arjaiswal/Polygeist/issues/aten_c_kernels/results/aten_log/debuf.mlir,1866,0,1,1,336.2400270998478,0,65440,0.12916699051856995,0,2,0,0,"[{""body_indices"": [0], ""symbol"": ""cutensorUnary_log_f32""}]",1,0,24,0.0,24
aten,aten_log,/home/arjaiswal/Polygeist/issues/aten_c_kernels/results/aten_log/debuf.mlir,eb1e6a88d799fee5b09ddf6b31e016e54246245fd84fb06dd032178fad7bfa3c,syntactic,5,ok,0,774.2519341409206,0,"[""/usr/bin/python3"", ""/home/arjaiswal/Polygeist/scripts/correctness/kernel_match_rewrite.py"", ""/home/arjaiswal/Polygeist/issues/aten_c_kernels/results/aten_log/debuf.mlir"", ""--dry-run"", ""--matcher-mode"", ""syntactic"", ""--telemetry-json"", ""/home/arjaiswal/Polygeist/issues/equality_saturation_eval/campaign_20260908/aten-aten_log-syntactic-k7fz8mr6.json"", ""--disable-semantic-fallback""]","== match report for /home/arjaiswal/Polygeist/issues/aten_c_kernels/results/aten_log/debuf.mlir ==
  match          body#[0]  cutensorUnary_log_f32
  total: 1 matched / 1 bodies
",0,[],0,0,0,0,/home/arjaiswal/Polygeist/issues/aten_c_kernels/results/aten_log/debuf.mlir,1866,0,1,1,346.7409536242485,0,65632,0.1434721052646637,0,2,0,0,"[{""body_indices"": [0], ""symbol"": ""cutensorUnary_log_f32""}]",1,0,24,0.0,24
aten,aten_log,/home/arjaiswal/Polygeist/issues/aten_c_kernels/results/aten_log/debuf.mlir,eb1e6a88d799fee5b09ddf6b31e016e54246245fd84fb06dd032178fad7bfa3c,egglog,5,ok,0,793.556272983551,0,"[""/usr/bin/python3"", ""/home/arjaiswal/Polygeist/scripts/correctness/kernel_match_rewrite.py"", ""/home/arjaiswal/Polygeist/issues/aten_c_kernels/results/aten_log/debuf.mlir"", ""--dry-run"", ""--matcher-mode"", ""egglog"", ""--telemetry-json"", ""/home/arjaiswal/Polygeist/issues/equality_saturation_eval/campaign_20260908/aten-aten_log-egglog-s7_qx95m.json"", ""--disable-semantic-fallback""]","== match report for /home/arjaiswal/Polygeist/issues/aten_c_kernels/results/aten_log/debuf.mlir ==
  match          body#[0]  cutensorUnary_log_f32
  total: 1 matched / 1 bodies
",0,[],0,0,0,0,/home/arjaiswal/Polygeist/issues/aten_c_kernels/results/aten_log/debuf.mlir,1866,8,1,1,360.21456122398376,0,68924,25.032401084899902,2,2,0,0,"[{""body_indices"": [0], ""symbol"": ""cutensorUnary_log_f32""}]",1,0,0,0.0,24
aten,aten_log10,/home/arjaiswal/Polygeist/issues/aten_c_kernels/results/aten_log10/debuf.mlir,39f8cc795f3a9b9a46f4f8ecaea4f6d4ea9f6248b414523bb94cb737fe7556c6,egglog,1,ok,0,917.295828461647,0,"[""/usr/bin/python3"", ""/home/arjaiswal/Polygeist/scripts/correctness/kernel_match_rewrite.py"", ""/home/arjaiswal/Polygeist/issues/aten_c_kernels/results/aten_log10/debuf.mlir"", ""--dry-run"", ""--matcher-mode"", ""egglog"", ""--telemetry-json"", ""/home/arjaiswal/Polygeist/issues/equality_saturation_eval/campaign_20260908/aten-aten_log10-egglog-kpzi6lq_.json"", ""--disable-semantic-fallback""]","== match report for /home/arjaiswal/Polygeist/issues/aten_c_kernels/results/aten_log10/debuf.mlir ==
  match          body#[0]  cudnnPointwiseGraph_f32
  total: 1 matched / 1 bodies
",0,[],0,0,0,0,/home/arjaiswal/Polygeist/issues/aten_c_kernels/results/aten_log10/debuf.mlir,1872,8,1,1,478.39269414544106,0,66120,0.0,0,0,0,0,"[{""body_indices"": [0], ""symbol"": ""cudnnPointwiseGraph_f32""}]",1,0,0,0.0,56
aten,aten_log10,/home/arjaiswal/Polygeist/issues/aten_c_kernels/results/aten_log10/debuf.mlir,39f8cc795f3a9b9a46f4f8ecaea4f6d4ea9f6248b414523bb94cb737fe7556c6,syntactic,1,ok,0,867.6631934940815,0,"[""/usr/bin/python3"", ""/home/arjaiswal/Polygeist/scripts/correctness/kernel_match_rewrite.py"", ""/home/arjaiswal/Polygeist/issues/aten_c_kernels/results/aten_log10/debuf.mlir"", ""--dry-run"", ""--matcher-mode"", ""syntactic"", ""--telemetry-json"", ""/home/arjaiswal/Polygeist/issues/equality_saturation_eval/campaign_20260908/aten-aten_log10-syntactic-hqz9lzw0.json"", ""--disable-semantic-fallback""]","== match report for /home/arjaiswal/Polygeist/issues/aten_c_kernels/results/aten_log10/debuf.mlir ==
  match          body#[0]  cudnnPointwiseGraph_f32
  total: 1 matched / 1 bodies
",0,[],0,0,0,0,/home/arjaiswal/Polygeist/issues/aten_c_kernels/results/aten_log10/debuf.mlir,1872,0,1,1,440.8152438700199,0,66020,0.22424384951591492,0,0,0,0,"[{""body_indices"": [0], ""symbol"": ""cudnnPointwiseGraph_f32""}]",1,0,56,0.0,56
aten,aten_log10,/home/arjaiswal/Polygeist/issues/aten_c_kernels/results/aten_log10/debuf.mlir,39f8cc795f3a9b9a46f4f8ecaea4f6d4ea9f6248b414523bb94cb737fe7556c6,syntactic,2,ok,0,841.3645140826702,0,"[""/usr/bin/python3"", ""/home/arjaiswal/Polygeist/scripts/correctness/kernel_match_rewrite.py"", ""/home/arjaiswal/Polygeist/issues/aten_c_kernels/results/aten_log10/debuf.mlir"", ""--dry-run"", ""--matcher-mode"", ""syntactic"", ""--telemetry-json"", ""/home/arjaiswal/Polygeist/issues/equality_saturation_eval/campaign_20260908/aten-aten_log10-syntactic-bkk1xj6r.json"", ""--disable-semantic-fallback""]","== match report for /home/arjaiswal/Polygeist/issues/aten_c_kernels/results/aten_log10/debuf.mlir ==
  match          body#[0]  cudnnPointwiseGraph_f32
  total: 1 matched / 1 bodies
",0,[],0,0,0,0,/home/arjaiswal/Polygeist/issues/aten_c_kernels/results/aten_log10/debuf.mlir,1872,0,1,1,420.8425171673298,0,66076,0.2435930073261261,0,0,0,0,"[{""body_indices"": [0], ""symbol"": ""cudnnPointwiseGraph_f32""}]",1,0,56,0.0,56
aten,aten_log10,/home/arjaiswal/Polygeist/issues/aten_c_kernels/results/aten_log10/debuf.mlir,39f8cc795f3a9b9a46f4f8ecaea4f6d4ea9f6248b414523bb94cb737fe7556c6,egglog,2,ok,0,827.426977455616,0,"[""/usr/bin/python3"", ""/home/arjaiswal/Polygeist/scripts/correctness/kernel_match_rewrite.py"", ""/home/arjaiswal/Polygeist/issues/aten_c_kernels/results/aten_log10/debuf.mlir"", ""--dry-run"", ""--matcher-mode"", ""egglog"", ""--telemetry-json"", ""/home/arjaiswal/Polygeist/issues/equality_saturation_eval/campaign_20260908/aten-aten_log10-egglog-hq7e7__6.json"", ""--disable-semantic-fallback""]","== match report for /home/arjaiswal/Polygeist/issues/aten_c_kernels/results/aten_log10/debuf.mlir ==
  match          body#[0]  cudnnPointwiseGraph_f32
  total: 1 matched / 1 bodies
",0,[],0,0,0,0,/home/arjaiswal/Polygeist/issues/aten_c_kernels/results/aten_log10/debuf.mlir,1872,8,1,1,406.9950394332409,0,66016,0.0,0,0,0,0,"[{""body_indices"": [0], ""symbol"": ""cudnnPointwiseGraph_f32""}]",1,0,0,0.0,56
aten,aten_log10,/home/arjaiswal/Polygeist/issues/aten_c_kernels/results/aten_log10/debuf.mlir,39f8cc795f3a9b9a46f4f8ecaea4f6d4ea9f6248b414523bb94cb737fe7556c6,egglog,3,ok,0,863.0740121006966,0,"[""/usr/bin/python3"", ""/home/arjaiswal/Polygeist/scripts/correctness/kernel_match_rewrite.py"", ""/home/arjaiswal/Polygeist/issues/aten_c_kernels/results/aten_log10/debuf.mlir"", ""--dry-run"", ""--matcher-mode"", ""egglog"", ""--telemetry-json"", ""/home/arjaiswal/Polygeist/issues/equality_saturation_eval/campaign_20260908/aten-aten_log10-egglog-xxz9aewf.json"", ""--disable-semantic-fallback""]","== match report for /home/arjaiswal/Polygeist/issues/aten_c_kernels/results/aten_log10/debuf.mlir ==
  match          body#[0]  cudnnPointwiseGraph_f32
  total: 1 matched / 1 bodies
",0,[],0,0,0,0,/home/arjaiswal/Polygeist/issues/aten_c_kernels/results/aten_log10/debuf.mlir,1872,8,1,1,426.28781870007515,0,65856,0.0,0,0,0,0,"[{""body_indices"": [0], ""symbol"": ""cudnnPointwiseGraph_f32""}]",1,0,0,0.0,56
aten,aten_log10,/home/arjaiswal/Polygeist/issues/aten_c_kernels/results/aten_log10/debuf.mlir,39f8cc795f3a9b9a46f4f8ecaea4f6d4ea9f6248b414523bb94cb737fe7556c6,syntactic,3,ok,0,834.8192758858204,0,"[""/usr/bin/python3"", ""/home/arjaiswal/Polygeist/scripts/correctness/kernel_match_rewrite.py"", ""/home/arjaiswal/Polygeist/issues/aten_c_kernels/results/aten_log10/debuf.mlir"", ""--dry-run"", ""--matcher-mode"", ""syntactic"", ""--telemetry-json"", ""/home/arjaiswal/Polygeist/issues/equality_saturation_eval/campaign_20260908/aten-aten_log10-syntactic-6kdh219z.json"", ""--disable-semantic-fallback""]","== match report for /home/arjaiswal/Polygeist/issues/aten_c_kernels/results/aten_log10/debuf.mlir ==
  match          body#[0]  cudnnPointwiseGraph_f32
  total: 1 matched / 1 bodies
",0,[],0,0,0,0,/home/arjaiswal/Polygeist/issues/aten_c_kernels/results/aten_log10/debuf.mlir,1872,0,1,1,427.63271927833557,0,65980,0.23346766829490662,0,0,0,0,"[{""body_indices"": [0], ""symbol"": ""cudnnPointwiseGraph_f32""}]",1,0,56,0.0,56
aten,aten_log10,/home/arjaiswal/Polygeist/issues/aten_c_kernels/results/aten_log10/debuf.mlir,39f8cc795f3a9b9a46f4f8ecaea4f6d4ea9f6248b414523bb94cb737fe7556c6,syntactic,4,ok,0,862.330000847578,0,"[""/usr/bin/python3"", ""/home/arjaiswal/Polygeist/scripts/correctness/kernel_match_rewrite.py"", ""/home/arjaiswal/Polygeist/issues/aten_c_kernels/results/aten_log10/debuf.mlir"", ""--dry-run"", ""--matcher-mode"", ""syntactic"", ""--telemetry-json"", ""/home/arjaiswal/Polygeist/issues/equality_saturation_eval/campaign_20260908/aten-aten_log10-syntactic-w28q9z57.json"", ""--disable-semantic-fallback""]","== match report for /home/arjaiswal/Polygeist/issues/aten_c_kernels/results/aten_log10/debuf.mlir ==
  match          body#[0]  cudnnPointwiseGraph_f32
  total: 1 matched / 1 bodies
",0,[],0,0,0,0,/home/arjaiswal/Polygeist/issues/aten_c_kernels/results/aten_log10/debuf.mlir,1872,0,1,1,443.9549818634987,0,66136,0.22790953516960144,0,0,0,0,"[{""body_indices"": [0], ""symbol"": ""cudnnPointwiseGraph_f32""}]",1,0,56,0.0,56
aten,aten_log10,/home/arjaiswal/Polygeist/issues/aten_c_kernels/results/aten_log10/debuf.mlir,39f8cc795f3a9b9a46f4f8ecaea4f6d4ea9f6248b414523bb94cb737fe7556c6,egglog,4,ok,0,888.2131911814213,0,"[""/usr/bin/python3"", ""/home/arjaiswal/Polygeist/scripts/correctness/kernel_match_rewrite.py"", ""/home/arjaiswal/Polygeist/issues/aten_c_kernels/results/aten_log10/debuf.mlir"", ""--dry-run"", ""--matcher-mode"", ""egglog"", ""--telemetry-json"", ""/home/arjaiswal/Polygeist/issues/equality_saturation_eval/campaign_20260908/aten-aten_log10-egglog-mim59rjx.json"", ""--disable-semantic-fallback""]","== match report for /home/arjaiswal/Polygeist/issues/aten_c_kernels/results/aten_log10/debuf.mlir ==
  match          body#[0]  cudnnPointwiseGraph_f32
  total: 1 matched / 1 bodies
",0,[],0,0,0,0,/home/arjaiswal/Polygeist/issues/aten_c_kernels/results/aten_log10/debuf.mlir,1872,8,1,1,417.1464033424854,0,65808,0.0,0,0,0,0,"[{""body_indices"": [0], ""symbol"": ""cudnnPointwiseGraph_f32""}]",1,0,0,0.0,56
aten,aten_log10,/home/arjaiswal/Polygeist/issues/aten_c_kernels/results/aten_log10/debuf.mlir,39f8cc795f3a9b9a46f4f8ecaea4f6d4ea9f6248b414523bb94cb737fe7556c6,egglog,5,ok,0,863.1481789052486,0,"[""/usr/bin/python3"", ""/home/arjaiswal/Polygeist/scripts/correctness/kernel_match_rewrite.py"", ""/home/arjaiswal/Polygeist/issues/aten_c_kernels/results/aten_log10/debuf.mlir"", ""--dry-run"", ""--matcher-mode"", ""egglog"", ""--telemetry-json"", ""/home/arjaiswal/Polygeist/issues/equality_saturation_eval/campaign_20260908/aten-aten_log10-egglog-tp3x0t2u.json"", ""--disable-semantic-fallback""]","== match report for /home/arjaiswal/Polygeist/issues/aten_c_kernels/results/aten_log10/debuf.mlir ==
  match          body#[0]  cudnnPointwiseGraph_f32
  total: 1 matched / 1 bodies
",0,[],0,0,0,0,/home/arjaiswal/Polygeist/issues/aten_c_kernels/results/aten_log10/debuf.mlir,1872,8,1,1,433.7483197450638,0,65788,0.0,0,0,0,0,"[{""body_indices"": [0], ""symbol"": ""cudnnPointwiseGraph_f32""}]",1,0,0,0.0,56
aten,aten_log10,/home/arjaiswal/Polygeist/issues/aten_c_kernels/results/aten_log10/debuf.mlir,39f8cc795f3a9b9a46f4f8ecaea4f6d4ea9f6248b414523bb94cb737fe7556c6,syntactic,5,ok,0,907.1976318955421,0,"[""/usr/bin/python3"", ""/home/arjaiswal/Polygeist/scripts/correctness/kernel_match_rewrite.py"", ""/home/arjaiswal/Polygeist/issues/aten_c_kernels/results/aten_log10/debuf.mlir"", ""--dry-run"", ""--matcher-mode"", ""syntactic"", ""--telemetry-json"", ""/home/arjaiswal/Polygeist/issues/equality_saturation_eval/campaign_20260908/aten-aten_log10-syntactic-yk_0y_uo.json"", ""--disable-semantic-fallback""]","== match report for /home/arjaiswal/Polygeist/issues/aten_c_kernels/results/aten_log10/debuf.mlir ==
  match          body#[0]  cudnnPointwiseGraph_f32
  total: 1 matched / 1 bodies
",0,[],0,0,0,0,/home/arjaiswal/Polygeist/issues/aten_c_kernels/results/aten_log10/debuf.mlir,1872,0,1,1,449.4604878127575,0,65940,0.2369992434978485,0,0,0,0,"[{""body_indices"": [0], ""symbol"": ""cudnnPointwiseGraph_f32""}]",1,0,56,0.0,56
aten,aten_log1p,/home/arjaiswal/Polygeist/issues/aten_c_kernels/results/aten_log1p/debuf.mlir,eca91218df1e69daf80bbe970c1dff02ab7f98f6c4d6bcaddc78367656654d58,syntactic,1,ok,0,889.3816843628883,0,"[""/usr/bin/python3"", ""/home/arjaiswal/Polygeist/scripts/correctness/kernel_match_rewrite.py"", ""/home/arjaiswal/Polygeist/issues/aten_c_kernels/results/aten_log1p/debuf.mlir"", ""--dry-run"", ""--matcher-mode"", ""syntactic"", ""--telemetry-json"", ""/home/arjaiswal/Polygeist/issues/equality_saturation_eval/campaign_20260908/aten-aten_log1p-syntactic-voy0i8bp.json"", ""--disable-semantic-fallback""]","== match report for /home/arjaiswal/Polygeist/issues/aten_c_kernels/results/aten_log1p/debuf.mlir ==
  match          body#[0]  cudnnPointwiseGraph_f32
  total: 1 matched / 1 bodies
",0,[],0,0,0,0,/home/arjaiswal/Polygeist/issues/aten_c_kernels/results/aten_log1p/debuf.mlir,1872,0,1,1,433.1873469054699,0,65948,0.22919848561286926,0,0,0,0,"[{""body_indices"": [0], ""symbol"": ""cudnnPointwiseGraph_f32""}]",1,0,56,0.0,56
aten,aten_log1p,/home/arjaiswal/Polygeist/issues/aten_c_kernels/results/aten_log1p/debuf.mlir,eca91218df1e69daf80bbe970c1dff02ab7f98f6c4d6bcaddc78367656654d58,egglog,1,ok,0,840.8226296305656,0,"[""/usr/bin/python3"", ""/home/arjaiswal/Polygeist/scripts/correctness/kernel_match_rewrite.py"", ""/home/arjaiswal/Polygeist/issues/aten_c_kernels/results/aten_log1p/debuf.mlir"", ""--dry-run"", ""--matcher-mode"", ""egglog"", ""--telemetry-json"", ""/home/arjaiswal/Polygeist/issues/equality_saturation_eval/campaign_20260908/aten-aten_log1p-egglog-x7v7qdbb.json"", ""--disable-semantic-fallback""]","== match report for /home/arjaiswal/Polygeist/issues/aten_c_kernels/results/aten_log1p/debuf.mlir ==
  match          body#[0]  cudnnPointwiseGraph_f32
  total: 1 matched / 1 bodies
",0,[],0,0,0,0,/home/arjaiswal/Polygeist/issues/aten_c_kernels/results/aten_log1p/debuf.mlir,1872,8,1,1,422.7372333407402,0,65844,0.0,0,0,0,0,"[{""body_indices"": [0], ""symbol"": ""cudnnPointwiseGraph_f32""}]",1,0,0,0.0,56
aten,aten_log1p,/home/arjaiswal/Polygeist/issues/aten_c_kernels/results/aten_log1p/debuf.mlir,eca91218df1e69daf80bbe970c1dff02ab7f98f6c4d6bcaddc78367656654d58,egglog,2,ok,0,860.3346273303032,0,"[""/usr/bin/python3"", ""/home/arjaiswal/Polygeist/scripts/correctness/kernel_match_rewrite.py"", ""/home/arjaiswal/Polygeist/issues/aten_c_kernels/results/aten_log1p/debuf.mlir"", ""--dry-run"", ""--matcher-mode"", ""egglog"", ""--telemetry-json"", ""/home/arjaiswal/Polygeist/issues/equality_saturation_eval/campaign_20260908/aten-aten_log1p-egglog-um8fie_3.json"", ""--disable-semantic-fallback""]","== match report for /home/arjaiswal/Polygeist/issues/aten_c_kernels/results/aten_log1p/debuf.mlir ==
  match          body#[0]  cudnnPointwiseGraph_f32
  total: 1 matched / 1 bodies
",0,[],0,0,0,0,/home/arjaiswal/Polygeist/issues/aten_c_kernels/results/aten_log1p/debuf.mlir,1872,8,1,1,436.2245909869671,0,66016,0.0,0,0,0,0,"[{""body_indices"": [0], ""symbol"": ""cudnnPointwiseGraph_f32""}]",1,0,0,0.0,56
aten,aten_log1p,/home/arjaiswal/Polygeist/issues/aten_c_kernels/results/aten_log1p/debuf.mlir,eca91218df1e69daf80bbe970c1dff02ab7f98f6c4d6bcaddc78367656654d58,syntactic,2,ok,0,864.6148629486561,0,"[""/usr/bin/python3"", ""/home/arjaiswal/Polygeist/scripts/correctness/kernel_match_rewrite.py"", ""/home/arjaiswal/Polygeist/issues/aten_c_kernels/results/aten_log1p/debuf.mlir"", ""--dry-run"", ""--matcher-mode"", ""syntactic"", ""--telemetry-json"", ""/home/arjaiswal/Polygeist/issues/equality_saturation_eval/campaign_20260908/aten-aten_log1p-syntactic-wxhlbu28.json"", ""--disable-semantic-fallback""]","== match report for /home/arjaiswal/Polygeist/issues/aten_c_kernels/results/aten_log1p/debuf.mlir ==
  match          body#[0]  cudnnPointwiseGraph_f32
  total: 1 matched / 1 bodies
",0,[],0,0,0,0,/home/arjaiswal/Polygeist/issues/aten_c_kernels/results/aten_log1p/debuf.mlir,1872,0,1,1,419.9575148522854,0,66004,0.21759793162345886,0,0,0,0,"[{""body_indices"": [0], ""symbol"": ""cudnnPointwiseGraph_f32""}]",1,0,56,0.0,56
aten,aten_log1p,/home/arjaiswal/Polygeist/issues/aten_c_kernels/results/aten_log1p/debuf.mlir,eca91218df1e69daf80bbe970c1dff02ab7f98f6c4d6bcaddc78367656654d58,syntactic,3,ok,0,865.3713129460812,0,"[""/usr/bin/python3"", ""/home/arjaiswal/Polygeist/scripts/correctness/kernel_match_rewrite.py"", ""/home/arjaiswal/Polygeist/issues/aten_c_kernels/results/aten_log1p/debuf.mlir"", ""--dry-run"", ""--matcher-mode"", ""syntactic"", ""--telemetry-json"", ""/home/arjaiswal/Polygeist/issues/equality_saturation_eval/campaign_20260908/aten-aten_log1p-syntactic-anc82uch.json"", ""--disable-semantic-fallback""]","== match report for /home/arjaiswal/Polygeist/issues/aten_c_kernels/results/aten_log1p/debuf.mlir ==
  match          body#[0]  cudnnPointwiseGraph_f32
  total: 1 matched / 1 bodies
",0,[],0,0,0,0,/home/arjaiswal/Polygeist/issues/aten_c_kernels/results/aten_log1p/debuf.mlir,1872,0,1,1,445.4108364880085,0,65880,0.20723417401313782,0,0,0,0,"[{""body_indices"": [0], ""symbol"": ""cudnnPointwiseGraph_f32""}]",1,0,56,0.0,56
aten,aten_log1p,/home/arjaiswal/Polygeist/issues/aten_c_kernels/results/aten_log1p/debuf.mlir,eca91218df1e69daf80bbe970c1dff02ab7f98f6c4d6bcaddc78367656654d58,egglog,3,ok,0,850.358635187149,0,"[""/usr/bin/python3"", ""/home/arjaiswal/Polygeist/scripts/correctness/kernel_match_rewrite.py"", ""/home/arjaiswal/Polygeist/issues/aten_c_kernels/results/aten_log1p/debuf.mlir"", ""--dry-run"", ""--matcher-mode"", ""egglog"", ""--telemetry-json"", ""/home/arjaiswal/Polygeist/issues/equality_saturation_eval/campaign_20260908/aten-aten_log1p-egglog-pjydhto3.json"", ""--disable-semantic-fallback""]","== match report for /home/arjaiswal/Polygeist/issues/aten_c_kernels/results/aten_log1p/debuf.mlir ==
  match          body#[0]  cudnnPointwiseGraph_f32
  total: 1 matched / 1 bodies
",0,[],0,0,0,0,/home/arjaiswal/Polygeist/issues/aten_c_kernels/results/aten_log1p/debuf.mlir,1872,8,1,1,425.50449818372726,0,65808,0.0,0,0,0,0,"[{""body_indices"": [0], ""symbol"": ""cudnnPointwiseGraph_f32""}]",1,0,0,0.0,56
aten,aten_log1p,/home/arjaiswal/Polygeist/issues/aten_c_kernels/results/aten_log1p/debuf.mlir,eca91218df1e69daf80bbe970c1dff02ab7f98f6c4d6bcaddc78367656654d58,egglog,4,ok,0,828.9368711411953,0,"[""/usr/bin/python3"", ""/home/arjaiswal/Polygeist/scripts/correctness/kernel_match_rewrite.py"", ""/home/arjaiswal/Polygeist/issues/aten_c_kernels/results/aten_log1p/debuf.mlir"", ""--dry-run"", ""--matcher-mode"", ""egglog"", ""--telemetry-json"", ""/home/arjaiswal/Polygeist/issues/equality_saturation_eval/campaign_20260908/aten-aten_log1p-egglog-tmcn3v7g.json"", ""--disable-semantic-fallback""]","== match report for /home/arjaiswal/Polygeist/issues/aten_c_kernels/results/aten_log1p/debuf.mlir ==
  match          body#[0]  cudnnPointwiseGraph_f32
  total: 1 matched / 1 bodies
",0,[],0,0,0,0,/home/arjaiswal/Polygeist/issues/aten_c_kernels/results/aten_log1p/debuf.mlir,1872,8,1,1,426.94294825196266,0,66056,0.0,0,0,0,0,"[{""body_indices"": [0], ""symbol"": ""cudnnPointwiseGraph_f32""}]",1,0,0,0.0,56
aten,aten_log1p,/home/arjaiswal/Polygeist/issues/aten_c_kernels/results/aten_log1p/debuf.mlir,eca91218df1e69daf80bbe970c1dff02ab7f98f6c4d6bcaddc78367656654d58,syntactic,4,ok,0,842.7048325538635,0,"[""/usr/bin/python3"", ""/home/arjaiswal/Polygeist/scripts/correctness/kernel_match_rewrite.py"", ""/home/arjaiswal/Polygeist/issues/aten_c_kernels/results/aten_log1p/debuf.mlir"", ""--dry-run"", ""--matcher-mode"", ""syntactic"", ""--telemetry-json"", ""/home/arjaiswal/Polygeist/issues/equality_saturation_eval/campaign_20260908/aten-aten_log1p-syntactic-mvpgtnwj.json"", ""--disable-semantic-fallback""]","== match report for /home/arjaiswal/Polygeist/issues/aten_c_kernels/results/aten_log1p/debuf.mlir ==
  match          body#[0]  cudnnPointwiseGraph_f32
  total: 1 matched / 1 bodies
",0,[],0,0,0,0,/home/arjaiswal/Polygeist/issues/aten_c_kernels/results/aten_log1p/debuf.mlir,1872,0,1,1,424.0909181535244,0,65848,0.20420178771018982,0,0,0,0,"[{""body_indices"": [0], ""symbol"": ""cudnnPointwiseGraph_f32""}]",1,0,56,0.0,56
aten,aten_log1p,/home/arjaiswal/Polygeist/issues/aten_c_kernels/results/aten_log1p/debuf.mlir,eca91218df1e69daf80bbe970c1dff02ab7f98f6c4d6bcaddc78367656654d58,syntactic,5,ok,0,838.0604982376099,0,"[""/usr/bin/python3"", ""/home/arjaiswal/Polygeist/scripts/correctness/kernel_match_rewrite.py"", ""/home/arjaiswal/Polygeist/issues/aten_c_kernels/results/aten_log1p/debuf.mlir"", ""--dry-run"", ""--matcher-mode"", ""syntactic"", ""--telemetry-json"", ""/home/arjaiswal/Polygeist/issues/equality_saturation_eval/campaign_20260908/aten-aten_log1p-syntactic-itpcy70b.json"", ""--disable-semantic-fallback""]","== match report for /home/arjaiswal/Polygeist/issues/aten_c_kernels/results/aten_log1p/debuf.mlir ==
  match          body#[0]  cudnnPointwiseGraph_f32
  total: 1 matched / 1 bodies
",0,[],0,0,0,0,/home/arjaiswal/Polygeist/issues/aten_c_kernels/results/aten_log1p/debuf.mlir,1872,0,1,1,418.01922395825386,0,66048,0.21000951528549194,0,0,0,0,"[{""body_indices"": [0], ""symbol"": ""cudnnPointwiseGraph_f32""}]",1,0,56,0.0,56
aten,aten_log1p,/home/arjaiswal/Polygeist/issues/aten_c_kernels/results/aten_log1p/debuf.mlir,eca91218df1e69daf80bbe970c1dff02ab7f98f6c4d6bcaddc78367656654d58,egglog,5,ok,0,871.4657798409462,0,"[""/usr/bin/python3"", ""/home/arjaiswal/Polygeist/scripts/correctness/kernel_match_rewrite.py"", ""/home/arjaiswal/Polygeist/issues/aten_c_kernels/results/aten_log1p/debuf.mlir"", ""--dry-run"", ""--matcher-mode"", ""egglog"", ""--telemetry-json"", ""/home/arjaiswal/Polygeist/issues/equality_saturation_eval/campaign_20260908/aten-aten_log1p-egglog-0ctat28u.json"", ""--disable-semantic-fallback""]","== match report for /home/arjaiswal/Polygeist/issues/aten_c_kernels/results/aten_log1p/debuf.mlir ==
  match          body#[0]  cudnnPointwiseGraph_f32
  total: 1 matched / 1 bodies
",0,[],0,0,0,0,/home/arjaiswal/Polygeist/issues/aten_c_kernels/results/aten_log1p/debuf.mlir,1872,8,1,1,433.97805094718933,0,66124,0.0,0,0,0,0,"[{""body_indices"": [0], ""symbol"": ""cudnnPointwiseGraph_f32""}]",1,0,0,0.0,56
aten,aten_log2,/home/arjaiswal/Polygeist/issues/aten_c_kernels/results/aten_log2/debuf.mlir,fbe6c95adcbcfa1894fdb4103046040ef59c13461c1f0630ecac7304b411fdcf,egglog,1,ok,0,873.8410249352455,0,"[""/usr/bin/python3"", ""/home/arjaiswal/Polygeist/scripts/correctness/kernel_match_rewrite.py"", ""/home/arjaiswal/Polygeist/issues/aten_c_kernels/results/aten_log2/debuf.mlir"", ""--dry-run"", ""--matcher-mode"", ""egglog"", ""--telemetry-json"", ""/home/arjaiswal/Polygeist/issues/equality_saturation_eval/campaign_20260908/aten-aten_log2-egglog-4_s6aaav.json"", ""--disable-semantic-fallback""]","== match report for /home/arjaiswal/Polygeist/issues/aten_c_kernels/results/aten_log2/debuf.mlir ==
  match          body#[0]  cudnnPointwiseGraph_f32
  total: 1 matched / 1 bodies
",0,[],0,0,0,0,/home/arjaiswal/Polygeist/issues/aten_c_kernels/results/aten_log2/debuf.mlir,1869,8,1,1,443.2857073843479,0,65852,0.0,0,0,0,0,"[{""body_indices"": [0], ""symbol"": ""cudnnPointwiseGraph_f32""}]",1,0,0,0.0,56
aten,aten_log2,/home/arjaiswal/Polygeist/issues/aten_c_kernels/results/aten_log2/debuf.mlir,fbe6c95adcbcfa1894fdb4103046040ef59c13461c1f0630ecac7304b411fdcf,syntactic,1,ok,0,866.2497289478779,0,"[""/usr/bin/python3"", ""/home/arjaiswal/Polygeist/scripts/correctness/kernel_match_rewrite.py"", ""/home/arjaiswal/Polygeist/issues/aten_c_kernels/results/aten_log2/debuf.mlir"", ""--dry-run"", ""--matcher-mode"", ""syntactic"", ""--telemetry-json"", ""/home/arjaiswal/Polygeist/issues/equality_saturation_eval/campaign_20260908/aten-aten_log2-syntactic-jiwxkri5.json"", ""--disable-semantic-fallback""]","== match report for /home/arjaiswal/Polygeist/issues/aten_c_kernels/results/aten_log2/debuf.mlir ==
  match          body#[0]  cudnnPointwiseGraph_f32
  total: 1 matched / 1 bodies
",0,[],0,0,0,0,/home/arjaiswal/Polygeist/issues/aten_c_kernels/results/aten_log2/debuf.mlir,1869,0,1,1,413.96843641996384,0,65880,0.22771209478378296,0,0,0,0,"[{""body_indices"": [0], ""symbol"": ""cudnnPointwiseGraph_f32""}]",1,0,56,0.0,56
aten,aten_log2,/home/arjaiswal/Polygeist/issues/aten_c_kernels/results/aten_log2/debuf.mlir,fbe6c95adcbcfa1894fdb4103046040ef59c13461c1f0630ecac7304b411fdcf,syntactic,2,ok,0,826.881892979145,0,"[""/usr/bin/python3"", ""/home/arjaiswal/Polygeist/scripts/correctness/kernel_match_rewrite.py"", ""/home/arjaiswal/Polygeist/issues/aten_c_kernels/results/aten_log2/debuf.mlir"", ""--dry-run"", ""--matcher-mode"", ""syntactic"", ""--telemetry-json"", ""/home/arjaiswal/Polygeist/issues/equality_saturation_eval/campaign_20260908/aten-aten_log2-syntactic-g4iurlpb.json"", ""--disable-semantic-fallback""]","== match report for /home/arjaiswal/Polygeist/issues/aten_c_kernels/results/aten_log2/debuf.mlir ==
  match          body#[0]  cudnnPointwiseGraph_f32
  total: 1 matched / 1 bodies
",0,[],0,0,0,0,/home/arjaiswal/Polygeist/issues/aten_c_kernels/results/aten_log2/debuf.mlir,1869,0,1,1,417.3354171216488,0,65796,0.23798272013664246,0,0,0,0,"[{""body_indices"": [0], ""symbol"": ""cudnnPointwiseGraph_f32""}]",1,0,56,0.0,56
aten,aten_log2,/home/arjaiswal/Polygeist/issues/aten_c_kernels/results/aten_log2/debuf.mlir,fbe6c95adcbcfa1894fdb4103046040ef59c13461c1f0630ecac7304b411fdcf,egglog,2,ok,0,873.9700205624104,0,"[""/usr/bin/python3"", ""/home/arjaiswal/Polygeist/scripts/correctness/kernel_match_rewrite.py"", ""/home/arjaiswal/Polygeist/issues/aten_c_kernels/results/aten_log2/debuf.mlir"", ""--dry-run"", ""--matcher-mode"", ""egglog"", ""--telemetry-json"", ""/home/arjaiswal/Polygeist/issues/equality_saturation_eval/campaign_20260908/aten-aten_log2-egglog-cpgnqp1y.json"", ""--disable-semantic-fallback""]","== match report for /home/arjaiswal/Polygeist/issues/aten_c_kernels/results/aten_log2/debuf.mlir ==
  match          body#[0]  cudnnPointwiseGraph_f32
  total: 1 matched / 1 bodies
",0,[],0,0,0,0,/home/arjaiswal/Polygeist/issues/aten_c_kernels/results/aten_log2/debuf.mlir,1869,8,1,1,446.3362321257591,0,66024,0.0,0,0,0,0,"[{""body_indices"": [0], ""symbol"": ""cudnnPointwiseGraph_f32""}]",1,0,0,0.0,56
aten,aten_log2,/home/arjaiswal/Polygeist/issues/aten_c_kernels/results/aten_log2/debuf.mlir,fbe6c95adcbcfa1894fdb4103046040ef59c13461c1f0630ecac7304b411fdcf,egglog,3,ok,0,870.8646632730961,0,"[""/usr/bin/python3"", ""/home/arjaiswal/Polygeist/scripts/correctness/kernel_match_rewrite.py"", ""/home/arjaiswal/Polygeist/issues/aten_c_kernels/results/aten_log2/debuf.mlir"", ""--dry-run"", ""--matcher-mode"", ""egglog"", ""--telemetry-json"", ""/home/arjaiswal/Polygeist/issues/equality_saturation_eval/campaign_20260908/aten-aten_log2-egglog-fk2_7hr6.json"", ""--disable-semantic-fallback""]","== match report for /home/arjaiswal/Polygeist/issues/aten_c_kernels/results/aten_log2/debuf.mlir ==
  match          body#[0]  cudnnPointwiseGraph_f32
  total: 1 matched / 1 bodies
",0,[],0,0,0,0,/home/arjaiswal/Polygeist/issues/aten_c_kernels/results/aten_log2/debuf.mlir,1869,8,1,1,435.0084289908409,0,65756,0.0,0,0,0,0,"[{""body_indices"": [0], ""symbol"": ""cudnnPointwiseGraph_f32""}]",1,0,0,0.0,56
aten,aten_log2,/home/arjaiswal/Polygeist/issues/aten_c_kernels/results/aten_log2/debuf.mlir,fbe6c95adcbcfa1894fdb4103046040ef59c13461c1f0630ecac7304b411fdcf,syntactic,3,ok,0,887.0979361236095,0,"[""/usr/bin/python3"", ""/home/arjaiswal/Polygeist/scripts/correctness/kernel_match_rewrite.py"", ""/home/arjaiswal/Polygeist/issues/aten_c_kernels/results/aten_log2/debuf.mlir"", ""--dry-run"", ""--matcher-mode"", ""syntactic"", ""--telemetry-json"", ""/home/arjaiswal/Polygeist/issues/equality_saturation_eval/campaign_20260908/aten-aten_log2-syntactic-9zdn_wlv.json"", ""--disable-semantic-fallback""]","== match report for /home/arjaiswal/Polygeist/issues/aten_c_kernels/results/aten_log2/debuf.mlir ==
  match          body#[0]  cudnnPointwiseGraph_f32
  total: 1 matched / 1 bodies
",0,[],0,0,0,0,/home/arjaiswal/Polygeist/issues/aten_c_kernels/results/aten_log2/debuf.mlir,1869,0,1,1,444.7420872747898,0,65956,0.23533403873443604,0,0,0,0,"[{""body_indices"": [0], ""symbol"": ""cudnnPointwiseGraph_f32""}]",1,0,56,0.0,56
aten,aten_log2,/home/arjaiswal/Polygeist/issues/aten_c_kernels/results/aten_log2/debuf.mlir,fbe6c95adcbcfa1894fdb4103046040ef59c13461c1f0630ecac7304b411fdcf,syntactic,4,ok,0,849.1790853440762,0,"[""/usr/bin/python3"", ""/home/arjaiswal/Polygeist/scripts/correctness/kernel_match_rewrite.py"", ""/home/arjaiswal/Polygeist/issues/aten_c_kernels/results/aten_log2/debuf.mlir"", ""--dry-run"", ""--matcher-mode"", ""syntactic"", ""--telemetry-json"", ""/home/arjaiswal/Polygeist/issues/equality_saturation_eval/campaign_20260908/aten-aten_log2-syntactic-ccih31vb.json"", ""--disable-semantic-fallback""]","== match report for /home/arjaiswal/Polygeist/issues/aten_c_kernels/results/aten_log2/debuf.mlir ==
  match          body#[0]  cudnnPointwiseGraph_f32
  total: 1 matched / 1 bodies
",0,[],0,0,0,0,/home/arjaiswal/Polygeist/issues/aten_c_kernels/results/aten_log2/debuf.mlir,1869,0,1,1,438.47157806158066,0,65884,0.2161674201488495,0,0,0,0,"[{""body_indices"": [0], ""symbol"": ""cudnnPointwiseGraph_f32""}]",1,0,56,0.0,56
aten,aten_log2,/home/arjaiswal/Polygeist/issues/aten_c_kernels/results/aten_log2/debuf.mlir,fbe6c95adcbcfa1894fdb4103046040ef59c13461c1f0630ecac7304b411fdcf,egglog,4,ok,0,845.2125042676926,0,"[""/usr/bin/python3"", ""/home/arjaiswal/Polygeist/scripts/correctness/kernel_match_rewrite.py"", ""/home/arjaiswal/Polygeist/issues/aten_c_kernels/results/aten_log2/debuf.mlir"", ""--dry-run"", ""--matcher-mode"", ""egglog"", ""--telemetry-json"", ""/home/arjaiswal/Polygeist/issues/equality_saturation_eval/campaign_20260908/aten-aten_log2-egglog-vjj6da5p.json"", ""--disable-semantic-fallback""]","== match report for /home/arjaiswal/Polygeist/issues/aten_c_kernels/results/aten_log2/debuf.mlir ==
  match          body#[0]  cudnnPointwiseGraph_f32
  total: 1 matched / 1 bodies
",0,[],0,0,0,0,/home/arjaiswal/Polygeist/issues/aten_c_kernels/results/aten_log2/debuf.mlir,1869,8,1,1,423.21402952075005,0,65792,0.0,0,0,0,0,"[{""body_indices"": [0], ""symbol"": ""cudnnPointwiseGraph_f32""}]",1,0,0,0.0,56
aten,aten_log2,/home/arjaiswal/Polygeist/issues/aten_c_kernels/results/aten_log2/debuf.mlir,fbe6c95adcbcfa1894fdb4103046040ef59c13461c1f0630ecac7304b411fdcf,egglog,5,ok,0,841.0584293305874,0,"[""/usr/bin/python3"", ""/home/arjaiswal/Polygeist/scripts/correctness/kernel_match_rewrite.py"", ""/home/arjaiswal/Polygeist/issues/aten_c_kernels/results/aten_log2/debuf.mlir"", ""--dry-run"", ""--matcher-mode"", ""egglog"", ""--telemetry-json"", ""/home/arjaiswal/Polygeist/issues/equality_saturation_eval/campaign_20260908/aten-aten_log2-egglog-wpbjvhm5.json"", ""--disable-semantic-fallback""]","== match report for /home/arjaiswal/Polygeist/issues/aten_c_kernels/results/aten_log2/debuf.mlir ==
  match          body#[0]  cudnnPointwiseGraph_f32
  total: 1 matched / 1 bodies
",0,[],0,0,0,0,/home/arjaiswal/Polygeist/issues/aten_c_kernels/results/aten_log2/debuf.mlir,1869,8,1,1,425.34710466861725,0,66032,0.0,0,0,0,0,"[{""body_indices"": [0], ""symbol"": ""cudnnPointwiseGraph_f32""}]",1,0,0,0.0,56
aten,aten_log2,/home/arjaiswal/Polygeist/issues/aten_c_kernels/results/aten_log2/debuf.mlir,fbe6c95adcbcfa1894fdb4103046040ef59c13461c1f0630ecac7304b411fdcf,syntactic,5,ok,0,834.7552977502346,0,"[""/usr/bin/python3"", ""/home/arjaiswal/Polygeist/scripts/correctness/kernel_match_rewrite.py"", ""/home/arjaiswal/Polygeist/issues/aten_c_kernels/results/aten_log2/debuf.mlir"", ""--dry-run"", ""--matcher-mode"", ""syntactic"", ""--telemetry-json"", ""/home/arjaiswal/Polygeist/issues/equality_saturation_eval/campaign_20260908/aten-aten_log2-syntactic-s681qg7_.json"", ""--disable-semantic-fallback""]","== match report for /home/arjaiswal/Polygeist/issues/aten_c_kernels/results/aten_log2/debuf.mlir ==
  match          body#[0]  cudnnPointwiseGraph_f32
  total: 1 matched / 1 bodies
",0,[],0,0,0,0,/home/arjaiswal/Polygeist/issues/aten_c_kernels/results/aten_log2/debuf.mlir,1869,0,1,1,410.87209805846214,0,65884,0.20812824368476868,0,0,0,0,"[{""body_indices"": [0], ""symbol"": ""cudnnPointwiseGraph_f32""}]",1,0,56,0.0,56
aten,aten_log_ndtr,/home/arjaiswal/Polygeist/issues/aten_c_kernels/results/aten_log_ndtr/debuf.mlir,ebad2387ba94696080cb14b68759bbd31db7f05f52fbf1b6e37112de08c984a6,syntactic,1,ok,0,825.1011446118355,0,"[""/usr/bin/python3"", ""/home/arjaiswal/Polygeist/scripts/correctness/kernel_match_rewrite.py"", ""/home/arjaiswal/Polygeist/issues/aten_c_kernels/results/aten_log_ndtr/debuf.mlir"", ""--dry-run"", ""--matcher-mode"", ""syntactic"", ""--telemetry-json"", ""/home/arjaiswal/Polygeist/issues/equality_saturation_eval/campaign_20260908/aten-aten_log_ndtr-syntactic-qyikl6nc.json"", ""--disable-semantic-fallback""]","== match report for /home/arjaiswal/Polygeist/issues/aten_c_kernels/results/aten_log_ndtr/debuf.mlir ==
  no_match       body#0  ?
  total: 0 matched / 1 bodies
",0,[],0,0,0,0,/home/arjaiswal/Polygeist/issues/aten_c_kernels/results/aten_log_ndtr/debuf.mlir,1908,0,1,0,413.2397212088108,1,65792,0.11790543794631958,0,0,0,0,[],0,0,56,0.0,56
aten,aten_log_ndtr,/home/arjaiswal/Polygeist/issues/aten_c_kernels/results/aten_log_ndtr/debuf.mlir,ebad2387ba94696080cb14b68759bbd31db7f05f52fbf1b6e37112de08c984a6,egglog,1,ok,0,856.213103979826,0,"[""/usr/bin/python3"", ""/home/arjaiswal/Polygeist/scripts/correctness/kernel_match_rewrite.py"", ""/home/arjaiswal/Polygeist/issues/aten_c_kernels/results/aten_log_ndtr/debuf.mlir"", ""--dry-run"", ""--matcher-mode"", ""egglog"", ""--telemetry-json"", ""/home/arjaiswal/Polygeist/issues/equality_saturation_eval/campaign_20260908/aten-aten_log_ndtr-egglog-a1a34eah.json"", ""--disable-semantic-fallback""]","== match report for /home/arjaiswal/Polygeist/issues/aten_c_kernels/results/aten_log_ndtr/debuf.mlir ==
  no_match       body#0  ?
  total: 0 matched / 1 bodies
",0,[],0,0,0,0,/home/arjaiswal/Polygeist/issues/aten_c_kernels/results/aten_log_ndtr/debuf.mlir,1908,8,1,0,396.16505056619644,1,65800,0.0,0,0,0,0,[],0,0,0,0.0,56
aten,aten_log_ndtr,/home/arjaiswal/Polygeist/issues/aten_c_kernels/results/aten_log_ndtr/debuf.mlir,ebad2387ba94696080cb14b68759bbd31db7f05f52fbf1b6e37112de08c984a6,egglog,2,ok,0,820.1453052461147,0,"[""/usr/bin/python3"", ""/home/arjaiswal/Polygeist/scripts/correctness/kernel_match_rewrite.py"", ""/home/arjaiswal/Polygeist/issues/aten_c_kernels/results/aten_log_ndtr/debuf.mlir"", ""--dry-run"", ""--matcher-mode"", ""egglog"", ""--telemetry-json"", ""/home/arjaiswal/Polygeist/issues/equality_saturation_eval/campaign_20260908/aten-aten_log_ndtr-egglog-op8c8b3m.json"", ""--disable-semantic-fallback""]","== match report for /home/arjaiswal/Polygeist/issues/aten_c_kernels/results/aten_log_ndtr/debuf.mlir ==
  no_match       body#0  ?
  total: 0 matched / 1 bodies
",0,[],0,0,0,0,/home/arjaiswal/Polygeist/issues/aten_c_kernels/results/aten_log_ndtr/debuf.mlir,1908,8,1,0,400.8607380092144,1,65428,0.0,0,0,0,0,[],0,0,0,0.0,56
aten,aten_log_ndtr,/home/arjaiswal/Polygeist/issues/aten_c_kernels/results/aten_log_ndtr/debuf.mlir,ebad2387ba94696080cb14b68759bbd31db7f05f52fbf1b6e37112de08c984a6,syntactic,2,ok,0,855.0025187432766,0,"[""/usr/bin/python3"", ""/home/arjaiswal/Polygeist/scripts/correctness/kernel_match_rewrite.py"", ""/home/arjaiswal/Polygeist/issues/aten_c_kernels/results/aten_log_ndtr/debuf.mlir"", ""--dry-run"", ""--matcher-mode"", ""syntactic"", ""--telemetry-json"", ""/home/arjaiswal/Polygeist/issues/equality_saturation_eval/campaign_20260908/aten-aten_log_ndtr-syntactic-59mmtb1r.json"", ""--disable-semantic-fallback""]","== match report for /home/arjaiswal/Polygeist/issues/aten_c_kernels/results/aten_log_ndtr/debuf.mlir ==
  no_match       body#0  ?
  total: 0 matched / 1 bodies
",0,[],0,0,0,0,/home/arjaiswal/Polygeist/issues/aten_c_kernels/results/aten_log_ndtr/debuf.mlir,1908,0,1,0,410.6321185827255,1,65540,0.12535229325294495,0,0,0,0,[],0,0,56,0.0,56
aten,aten_log_ndtr,/home/arjaiswal/Polygeist/issues/aten_c_kernels/results/aten_log_ndtr/debuf.mlir,ebad2387ba94696080cb14b68759bbd31db7f05f52fbf1b6e37112de08c984a6,syntactic,3,ok,0,825.4042826592922,0,"[""/usr/bin/python3"", ""/home/arjaiswal/Polygeist/scripts/correctness/kernel_match_rewrite.py"", ""/home/arjaiswal/Polygeist/issues/aten_c_kernels/results/aten_log_ndtr/debuf.mlir"", ""--dry-run"", ""--matcher-mode"", ""syntactic"", ""--telemetry-json"", ""/home/arjaiswal/Polygeist/issues/equality_saturation_eval/campaign_20260908/aten-aten_log_ndtr-syntactic-bfisk975.json"", ""--disable-semantic-fallback""]","== match report for /home/arjaiswal/Polygeist/issues/aten_c_kernels/results/aten_log_ndtr/debuf.mlir ==
  no_match       body#0  ?
  total: 0 matched / 1 bodies
",0,[],0,0,0,0,/home/arjaiswal/Polygeist/issues/aten_c_kernels/results/aten_log_ndtr/debuf.mlir,1908,0,1,0,409.8512828350067,1,65816,0.1378580927848816,0,0,0,0,[],0,0,56,0.0,56
aten,aten_log_ndtr,/home/arjaiswal/Polygeist/issues/aten_c_kernels/results/aten_log_ndtr/debuf.mlir,ebad2387ba94696080cb14b68759bbd31db7f05f52fbf1b6e37112de08c984a6,egglog,3,ok,0,827.0473256707191,0,"[""/usr/bin/python3"", ""/home/arjaiswal/Polygeist/scripts/correctness/kernel_match_rewrite.py"", ""/home/arjaiswal/Polygeist/issues/aten_c_kernels/results/aten_log_ndtr/debuf.mlir"", ""--dry-run"", ""--matcher-mode"", ""egglog"", ""--telemetry-json"", ""/home/arjaiswal/Polygeist/issues/equality_saturation_eval/campaign_20260908/aten-aten_log_ndtr-egglog-91yrtqf8.json"", ""--disable-semantic-fallback""]","== match report for /home/arjaiswal/Polygeist/issues/aten_c_kernels/results/aten_log_ndtr/debuf.mlir ==
  no_match       body#0  ?
  total: 0 matched / 1 bodies
",0,[],0,0,0,0,/home/arjaiswal/Polygeist/issues/aten_c_kernels/results/aten_log_ndtr/debuf.mlir,1908,8,1,0,401.86766907572746,1,65796,0.0,0,0,0,0,[],0,0,0,0.0,56
aten,aten_log_ndtr,/home/arjaiswal/Polygeist/issues/aten_c_kernels/results/aten_log_ndtr/debuf.mlir,ebad2387ba94696080cb14b68759bbd31db7f05f52fbf1b6e37112de08c984a6,egglog,4,ok,0,870.5488182604313,0,"[""/usr/bin/python3"", ""/home/arjaiswal/Polygeist/scripts/correctness/kernel_match_rewrite.py"", ""/home/arjaiswal/Polygeist/issues/aten_c_kernels/results/aten_log_ndtr/debuf.mlir"", ""--dry-run"", ""--matcher-mode"", ""egglog"", ""--telemetry-json"", ""/home/arjaiswal/Polygeist/issues/equality_saturation_eval/campaign_20260908/aten-aten_log_ndtr-egglog-8mq150sb.json"", ""--disable-semantic-fallback""]","== match report for /home/arjaiswal/Polygeist/issues/aten_c_kernels/results/aten_log_ndtr/debuf.mlir ==
  no_match       body#0  ?
  total: 0 matched / 1 bodies
",0,[],0,0,0,0,/home/arjaiswal/Polygeist/issues/aten_c_kernels/results/aten_log_ndtr/debuf.mlir,1908,8,1,0,432.25156515836716,1,65732,0.0,0,0,0,0,[],0,0,0,0.0,56
aten,aten_log_ndtr,/home/arjaiswal/Polygeist/issues/aten_c_kernels/results/aten_log_ndtr/debuf.mlir,ebad2387ba94696080cb14b68759bbd31db7f05f52fbf1b6e37112de08c984a6,syntactic,4,ok,0,814.47609141469,0,"[""/usr/bin/python3"", ""/home/arjaiswal/Polygeist/scripts/correctness/kernel_match_rewrite.py"", ""/home/arjaiswal/Polygeist/issues/aten_c_kernels/results/aten_log_ndtr/debuf.mlir"", ""--dry-run"", ""--matcher-mode"", ""syntactic"", ""--telemetry-json"", ""/home/arjaiswal/Polygeist/issues/equality_saturation_eval/campaign_20260908/aten-aten_log_ndtr-syntactic-8h71ssso.json"", ""--disable-semantic-fallback""]","== match report for /home/arjaiswal/Polygeist/issues/aten_c_kernels/results/aten_log_ndtr/debuf.mlir ==
  no_match       body#0  ?
  total: 0 matched / 1 bodies
",0,[],0,0,0,0,/home/arjaiswal/Polygeist/issues/aten_c_kernels/results/aten_log_ndtr/debuf.mlir,1908,0,1,0,392.51845702528954,1,65960,0.14410912990570068,0,0,0,0,[],0,0,56,0.0,56
aten,aten_log_ndtr,/home/arjaiswal/Polygeist/issues/aten_c_kernels/results/aten_log_ndtr/debuf.mlir,ebad2387ba94696080cb14b68759bbd31db7f05f52fbf1b6e37112de08c984a6,syntactic,5,ok,0,802.442628890276,0,"[""/usr/bin/python3"", ""/home/arjaiswal/Polygeist/scripts/correctness/kernel_match_rewrite.py"", ""/home/arjaiswal/Polygeist/issues/aten_c_kernels/results/aten_log_ndtr/debuf.mlir"", ""--dry-run"", ""--matcher-mode"", ""syntactic"", ""--telemetry-json"", ""/home/arjaiswal/Polygeist/issues/equality_saturation_eval/campaign_20260908/aten-aten_log_ndtr-syntactic-8fnm8la8.json"", ""--disable-semantic-fallback""]","== match report for /home/arjaiswal/Polygeist/issues/aten_c_kernels/results/aten_log_ndtr/debuf.mlir ==
  no_match       body#0  ?
  total: 0 matched / 1 bodies
",0,[],0,0,0,0,/home/arjaiswal/Polygeist/issues/aten_c_kernels/results/aten_log_ndtr/debuf.mlir,1908,0,1,0,385.6401816010475,1,65692,0.13075396418571472,0,0,0,0,[],0,0,56,0.0,56
aten,aten_log_ndtr,/home/arjaiswal/Polygeist/issues/aten_c_kernels/results/aten_log_ndtr/debuf.mlir,ebad2387ba94696080cb14b68759bbd31db7f05f52fbf1b6e37112de08c984a6,egglog,5,ok,0,820.4421103000641,0,"[""/usr/bin/python3"", ""/home/arjaiswal/Polygeist/scripts/correctness/kernel_match_rewrite.py"", ""/home/arjaiswal/Polygeist/issues/aten_c_kernels/results/aten_log_ndtr/debuf.mlir"", ""--dry-run"", ""--matcher-mode"", ""egglog"", ""--telemetry-json"", ""/home/arjaiswal/Polygeist/issues/equality_saturation_eval/campaign_20260908/aten-aten_log_ndtr-egglog-u7tcf673.json"", ""--disable-semantic-fallback""]","== match report for /home/arjaiswal/Polygeist/issues/aten_c_kernels/results/aten_log_ndtr/debuf.mlir ==
  no_match       body#0  ?
  total: 0 matched / 1 bodies
",0,[],0,0,0,0,/home/arjaiswal/Polygeist/issues/aten_c_kernels/results/aten_log_ndtr/debuf.mlir,1908,8,1,0,397.82609418034554,1,65736,0.0,0,0,0,0,[],0,0,0,0.0,56
aten,aten_log_normal_cpu,/home/arjaiswal/Polygeist/issues/aten_c_kernels/results/aten_log_normal_cpu/debuf.mlir,73a06f97f4e924fae227de5f703744da7986c6a3f45dde91452dad0b040521b4,egglog,1,ok,0,864.1311451792717,0,"[""/usr/bin/python3"", ""/home/arjaiswal/Polygeist/scripts/correctness/kernel_match_rewrite.py"", ""/home/arjaiswal/Polygeist/issues/aten_c_kernels/results/aten_log_normal_cpu/debuf.mlir"", ""--dry-run"", ""--matcher-mode"", ""egglog"", ""--telemetry-json"", ""/home/arjaiswal/Polygeist/issues/equality_saturation_eval/campaign_20260908/aten-aten_log_normal_cpu-egglog-ahvugtpl.json"", ""--disable-semantic-fallback""]","== match report for /home/arjaiswal/Polygeist/issues/aten_c_kernels/results/aten_log_normal_cpu/debuf.mlir ==
  match          body#[0]  cudnnPointwiseGraph_f32
  total: 1 matched / 1 bodies
",0,[],0,0,0,0,/home/arjaiswal/Polygeist/issues/aten_c_kernels/results/aten_log_normal_cpu/debuf.mlir,1871,8,1,1,455.42625337839127,0,66156,0.0,0,0,0,0,"[{""body_indices"": [0], ""symbol"": ""cudnnPointwiseGraph_f32""}]",1,0,0,0.0,56
aten,aten_log_normal_cpu,/home/arjaiswal/Polygeist/issues/aten_c_kernels/results/aten_log_normal_cpu/debuf.mlir,73a06f97f4e924fae227de5f703744da7986c6a3f45dde91452dad0b040521b4,syntactic,1,ok,0,870.2962622046471,0,"[""/usr/bin/python3"", ""/home/arjaiswal/Polygeist/scripts/correctness/kernel_match_rewrite.py"", ""/home/arjaiswal/Polygeist/issues/aten_c_kernels/results/aten_log_normal_cpu/debuf.mlir"", ""--dry-run"", ""--matcher-mode"", ""syntactic"", ""--telemetry-json"", ""/home/arjaiswal/Polygeist/issues/equality_saturation_eval/campaign_20260908/aten-aten_log_normal_cpu-syntactic-q32v9vze.json"", ""--disable-semantic-fallback""]","== match report for /home/arjaiswal/Polygeist/issues/aten_c_kernels/results/aten_log_normal_cpu/debuf.mlir ==
  match          body#[0]  cudnnPointwiseGraph_f32
  total: 1 matched / 1 bodies
",0,[],0,0,0,0,/home/arjaiswal/Polygeist/issues/aten_c_kernels/results/aten_log_normal_cpu/debuf.mlir,1871,0,1,1,463.6366777122021,0,66116,0.12801960110664368,0,0,0,0,"[{""body_indices"": [0], ""symbol"": ""cudnnPointwiseGraph_f32""}]",1,0,56,0.0,56
aten,aten_log_normal_cpu,/home/arjaiswal/Polygeist/issues/aten_c_kernels/results/aten_log_normal_cpu/debuf.mlir,73a06f97f4e924fae227de5f703744da7986c6a3f45dde91452dad0b040521b4,syntactic,2,ok,0,888.5339647531509,0,"[""/usr/bin/python3"", ""/home/arjaiswal/Polygeist/scripts/correctness/kernel_match_rewrite.py"", ""/home/arjaiswal/Polygeist/issues/aten_c_kernels/results/aten_log_normal_cpu/debuf.mlir"", ""--dry-run"", ""--matcher-mode"", ""syntactic"", ""--telemetry-json"", ""/home/arjaiswal/Polygeist/issues/equality_saturation_eval/campaign_20260908/aten-aten_log_normal_cpu-syntactic-mdluevf2.json"", ""--disable-semantic-fallback""]","== match report for /home/arjaiswal/Polygeist/issues/aten_c_kernels/results/aten_log_normal_cpu/debuf.mlir ==
  match          body#[0]  cudnnPointwiseGraph_f32
  total: 1 matched / 1 bodies
",0,[],0,0,0,0,/home/arjaiswal/Polygeist/issues/aten_c_kernels/results/aten_log_normal_cpu/debuf.mlir,1871,0,1,1,473.15753996372223,0,65768,0.1363418996334076,0,0,0,0,"[{""body_indices"": [0], ""symbol"": ""cudnnPointwiseGraph_f32""}]",1,0,56,0.0,56
aten,aten_log_normal_cpu,/home/arjaiswal/Polygeist/issues/aten_c_kernels/results/aten_log_normal_cpu/debuf.mlir,73a06f97f4e924fae227de5f703744da7986c6a3f45dde91452dad0b040521b4,egglog,2,ok,0,898.9008292555809,0,"[""/usr/bin/python3"", ""/home/arjaiswal/Polygeist/scripts/correctness/kernel_match_rewrite.py"", ""/home/arjaiswal/Polygeist/issues/aten_c_kernels/results/aten_log_normal_cpu/debuf.mlir"", ""--dry-run"", ""--matcher-mode"", ""egglog"", ""--telemetry-json"", ""/home/arjaiswal/Polygeist/issues/equality_saturation_eval/campaign_20260908/aten-aten_log_normal_cpu-egglog-7650jc5y.json"", ""--disable-semantic-fallback""]","== match report for /home/arjaiswal/Polygeist/issues/aten_c_kernels/results/aten_log_normal_cpu/debuf.mlir ==
  match          body#[0]  cudnnPointwiseGraph_f32
  total: 1 matched / 1 bodies
",0,[],0,0,0,0,/home/arjaiswal/Polygeist/issues/aten_c_kernels/results/aten_log_normal_cpu/debuf.mlir,1871,8,1,1,495.2385723590851,0,65980,0.0,0,0,0,0,"[{""body_indices"": [0], ""symbol"": ""cudnnPointwiseGraph_f32""}]",1,0,0,0.0,56
aten,aten_log_normal_cpu,/home/arjaiswal/Polygeist/issues/aten_c_kernels/results/aten_log_normal_cpu/debuf.mlir,73a06f97f4e924fae227de5f703744da7986c6a3f45dde91452dad0b040521b4,egglog,3,ok,0,927.2890388965607,0,"[""/usr/bin/python3"", ""/home/arjaiswal/Polygeist/scripts/correctness/kernel_match_rewrite.py"", ""/home/arjaiswal/Polygeist/issues/aten_c_kernels/results/aten_log_normal_cpu/debuf.mlir"", ""--dry-run"", ""--matcher-mode"", ""egglog"", ""--telemetry-json"", ""/home/arjaiswal/Polygeist/issues/equality_saturation_eval/campaign_20260908/aten-aten_log_normal_cpu-egglog-4r744fc6.json"", ""--disable-semantic-fallback""]","== match report for /home/arjaiswal/Polygeist/issues/aten_c_kernels/results/aten_log_normal_cpu/debuf.mlir ==
  match          body#[0]  cudnnPointwiseGraph_f32
  total: 1 matched / 1 bodies
",0,[],0,0,0,0,/home/arjaiswal/Polygeist/issues/aten_c_kernels/results/aten_log_normal_cpu/debuf.mlir,1871,8,1,1,498.5681176185608,0,66124,0.0,0,0,0,0,"[{""body_indices"": [0], ""symbol"": ""cudnnPointwiseGraph_f32""}]",1,0,0,0.0,56
aten,aten_log_normal_cpu,/home/arjaiswal/Polygeist/issues/aten_c_kernels/results/aten_log_normal_cpu/debuf.mlir,73a06f97f4e924fae227de5f703744da7986c6a3f45dde91452dad0b040521b4,syntactic,3,ok,0,917.4211174249649,0,"[""/usr/bin/python3"", ""/home/arjaiswal/Polygeist/scripts/correctness/kernel_match_rewrite.py"", ""/home/arjaiswal/Polygeist/issues/aten_c_kernels/results/aten_log_normal_cpu/debuf.mlir"", ""--dry-run"", ""--matcher-mode"", ""syntactic"", ""--telemetry-json"", ""/home/arjaiswal/Polygeist/issues/equality_saturation_eval/campaign_20260908/aten-aten_log_normal_cpu-syntactic-dvw_5w8m.json"", ""--disable-semantic-fallback""]","== match report for /home/arjaiswal/Polygeist/issues/aten_c_kernels/results/aten_log_normal_cpu/debuf.mlir ==
  match          body#[0]  cudnnPointwiseGraph_f32
  total: 1 matched / 1 bodies
",0,[],0,0,0,0,/home/arjaiswal/Polygeist/issues/aten_c_kernels/results/aten_log_normal_cpu/debuf.mlir,1871,0,1,1,468.55444461107254,0,65880,0.13553723692893982,0,0,0,0,"[{""body_indices"": [0], ""symbol"": ""cudnnPointwiseGraph_f32""}]",1,0,56,0.0,56
aten,aten_log_normal_cpu,/home/arjaiswal/Polygeist/issues/aten_c_kernels/results/aten_log_normal_cpu/debuf.mlir,73a06f97f4e924fae227de5f703744da7986c6a3f45dde91452dad0b040521b4,syntactic,4,ok,0,856.5199039876461,0,"[""/usr/bin/python3"", ""/home/arjaiswal/Polygeist/scripts/correctness/kernel_match_rewrite.py"", ""/home/arjaiswal/Polygeist/issues/aten_c_kernels/results/aten_log_normal_cpu/debuf.mlir"", ""--dry-run"", ""--matcher-mode"", ""syntactic"", ""--telemetry-json"", ""/home/arjaiswal/Polygeist/issues/equality_saturation_eval/campaign_20260908/aten-aten_log_normal_cpu-syntactic-iqn9fha1.json"", ""--disable-semantic-fallback""]","== match report for /home/arjaiswal/Polygeist/issues/aten_c_kernels/results/aten_log_normal_cpu/debuf.mlir ==
  match          body#[0]  cudnnPointwiseGraph_f32
  total: 1 matched / 1 bodies
",0,[],0,0,0,0,/home/arjaiswal/Polygeist/issues/aten_c_kernels/results/aten_log_normal_cpu/debuf.mlir,1871,0,1,1,456.4968943595886,0,65920,0.13078749179840088,0,0,0,0,"[{""body_indices"": [0], ""symbol"": ""cudnnPointwiseGraph_f32""}]",1,0,56,0.0,56
aten,aten_log_normal_cpu,/home/arjaiswal/Polygeist/issues/aten_c_kernels/results/aten_log_normal_cpu/debuf.mlir,73a06f97f4e924fae227de5f703744da7986c6a3f45dde91452dad0b040521b4,egglog,4,ok,0,858.8296212255955,0,"[""/usr/bin/python3"", ""/home/arjaiswal/Polygeist/scripts/correctness/kernel_match_rewrite.py"", ""/home/arjaiswal/Polygeist/issues/aten_c_kernels/results/aten_log_normal_cpu/debuf.mlir"", ""--dry-run"", ""--matcher-mode"", ""egglog"", ""--telemetry-json"", ""/home/arjaiswal/Polygeist/issues/equality_saturation_eval/campaign_20260908/aten-aten_log_normal_cpu-egglog-q1qjajpy.json"", ""--disable-semantic-fallback""]","== match report for /home/arjaiswal/Polygeist/issues/aten_c_kernels/results/aten_log_normal_cpu/debuf.mlir ==
  match          body#[0]  cudnnPointwiseGraph_f32
  total: 1 matched / 1 bodies
",0,[],0,0,0,0,/home/arjaiswal/Polygeist/issues/aten_c_kernels/results/aten_log_normal_cpu/debuf.mlir,1871,8,1,1,451.9641883671284,0,66020,0.0,0,0,0,0,"[{""body_indices"": [0], ""symbol"": ""cudnnPointwiseGraph_f32""}]",1,0,0,0.0,56
aten,aten_log_normal_cpu,/home/arjaiswal/Polygeist/issues/aten_c_kernels/results/aten_log_normal_cpu/debuf.mlir,73a06f97f4e924fae227de5f703744da7986c6a3f45dde91452dad0b040521b4,egglog,5,ok,0,857.6332256197929,0,"[""/usr/bin/python3"", ""/home/arjaiswal/Polygeist/scripts/correctness/kernel_match_rewrite.py"", ""/home/arjaiswal/Polygeist/issues/aten_c_kernels/results/aten_log_normal_cpu/debuf.mlir"", ""--dry-run"", ""--matcher-mode"", ""egglog"", ""--telemetry-json"", ""/home/arjaiswal/Polygeist/issues/equality_saturation_eval/campaign_20260908/aten-aten_log_normal_cpu-egglog-gj03otp9.json"", ""--disable-semantic-fallback""]","== match report for /home/arjaiswal/Polygeist/issues/aten_c_kernels/results/aten_log_normal_cpu/debuf.mlir ==
  match          body#[0]  cudnnPointwiseGraph_f32
  total: 1 matched / 1 bodies
",0,[],0,0,0,0,/home/arjaiswal/Polygeist/issues/aten_c_kernels/results/aten_log_normal_cpu/debuf.mlir,1871,8,1,1,451.80417597293854,0,65788,0.0,0,0,0,0,"[{""body_indices"": [0], ""symbol"": ""cudnnPointwiseGraph_f32""}]",1,0,0,0.0,56
aten,aten_log_normal_cpu,/home/arjaiswal/Polygeist/issues/aten_c_kernels/results/aten_log_normal_cpu/debuf.mlir,73a06f97f4e924fae227de5f703744da7986c6a3f45dde91452dad0b040521b4,syntactic,5,ok,0,939.3388889729977,0,"[""/usr/bin/python3"", ""/home/arjaiswal/Polygeist/scripts/correctness/kernel_match_rewrite.py"", ""/home/arjaiswal/Polygeist/issues/aten_c_kernels/results/aten_log_normal_cpu/debuf.mlir"", ""--dry-run"", ""--matcher-mode"", ""syntactic"", ""--telemetry-json"", ""/home/arjaiswal/Polygeist/issues/equality_saturation_eval/campaign_20260908/aten-aten_log_normal_cpu-syntactic-pm6_mu3b.json"", ""--disable-semantic-fallback""]","== match report for /home/arjaiswal/Polygeist/issues/aten_c_kernels/results/aten_log_normal_cpu/debuf.mlir ==
  match          body#[0]  cudnnPointwiseGraph_f32
  total: 1 matched / 1 bodies
",0,[],0,0,0,0,/home/arjaiswal/Polygeist/issues/aten_c_kernels/results/aten_log_normal_cpu/debuf.mlir,1871,0,1,1,510.42740419507027,0,65776,0.13757124543190002,0,0,0,0,"[{""body_indices"": [0], ""symbol"": ""cudnnPointwiseGraph_f32""}]",1,0,56,0.0,56
aten,aten_log_sigmoid_backward_cpu,/home/arjaiswal/Polygeist/issues/aten_c_kernels/results/aten_log_sigmoid_backward_cpu/debuf.mlir,2f554e0c6e17252525a314139b6d59df5a1d9436225c4b5b430aca467ac703ea,syntactic,1,ok,0,813.5086745023727,0,"[""/usr/bin/python3"", ""/home/arjaiswal/Polygeist/scripts/correctness/kernel_match_rewrite.py"", ""/home/arjaiswal/Polygeist/issues/aten_c_kernels/results/aten_log_sigmoid_backward_cpu/debuf.mlir"", ""--dry-run"", ""--matcher-mode"", ""syntactic"", ""--telemetry-json"", ""/home/arjaiswal/Polygeist/issues/equality_saturation_eval/campaign_20260908/aten-aten_log_sigmoid_backward_cpu-syntactic-ssb44c3p.json"", ""--disable-semantic-fallback""]","== match report for /home/arjaiswal/Polygeist/issues/aten_c_kernels/results/aten_log_sigmoid_backward_cpu/debuf.mlir ==
  match          body#[0]  cudnnPointwiseGraph_f32
  total: 1 matched / 1 bodies
",0,[],0,0,0,0,/home/arjaiswal/Polygeist/issues/aten_c_kernels/results/aten_log_sigmoid_backward_cpu/debuf.mlir,2454,0,1,1,303.932748734951,0,66052,0.0,0,0,0,0,"[{""body_indices"": [0], ""symbol"": ""cudnnPointwiseGraph_f32""}]",1,0,0,0.0,0
aten,aten_log_sigmoid_backward_cpu,/home/arjaiswal/Polygeist/issues/aten_c_kernels/results/aten_log_sigmoid_backward_cpu/debuf.mlir,2f554e0c6e17252525a314139b6d59df5a1d9436225c4b5b430aca467ac703ea,egglog,1,ok,0,731.6972054541111,0,"[""/usr/bin/python3"", ""/home/arjaiswal/Polygeist/scripts/correctness/kernel_match_rewrite.py"", ""/home/arjaiswal/Polygeist/issues/aten_c_kernels/results/aten_log_sigmoid_backward_cpu/debuf.mlir"", ""--dry-run"", ""--matcher-mode"", ""egglog"", ""--telemetry-json"", ""/home/arjaiswal/Polygeist/issues/equality_saturation_eval/campaign_20260908/aten-aten_log_sigmoid_backward_cpu-egglog-tj5crplx.json"", ""--disable-semantic-fallback""]","== match report for /home/arjaiswal/Polygeist/issues/aten_c_kernels/results/aten_log_sigmoid_backward_cpu/debuf.mlir ==
  match          body#[0]  cudnnPointwiseGraph_f32
  total: 1 matched / 1 bodies
",0,[],0,0,0,0,/home/arjaiswal/Polygeist/issues/aten_c_kernels/results/aten_log_sigmoid_backward_cpu/debuf.mlir,2454,8,1,1,296.860683709383,0,66004,0.0,0,0,0,0,"[{""body_indices"": [0], ""symbol"": ""cudnnPointwiseGraph_f32""}]",1,0,0,0.0,0
aten,aten_log_sigmoid_backward_cpu,/home/arjaiswal/Polygeist/issues/aten_c_kernels/results/aten_log_sigmoid_backward_cpu/debuf.mlir,2f554e0c6e17252525a314139b6d59df5a1d9436225c4b5b430aca467ac703ea,egglog,2,ok,0,703.8777768611908,0,"[""/usr/bin/python3"", ""/home/arjaiswal/Polygeist/scripts/correctness/kernel_match_rewrite.py"", ""/home/arjaiswal/Polygeist/issues/aten_c_kernels/results/aten_log_sigmoid_backward_cpu/debuf.mlir"", ""--dry-run"", ""--matcher-mode"", ""egglog"", ""--telemetry-json"", ""/home/arjaiswal/Polygeist/issues/equality_saturation_eval/campaign_20260908/aten-aten_log_sigmoid_backward_cpu-egglog-1it4o3h_.json"", ""--disable-semantic-fallback""]","== match report for /home/arjaiswal/Polygeist/issues/aten_c_kernels/results/aten_log_sigmoid_backward_cpu/debuf.mlir ==
  match          body#[0]  cudnnPointwiseGraph_f32
  total: 1 matched / 1 bodies
",0,[],0,0,0,0,/home/arjaiswal/Polygeist/issues/aten_c_kernels/results/aten_log_sigmoid_backward_cpu/debuf.mlir,2454,8,1,1,280.49906715750694,0,65892,0.0,0,0,0,0,"[{""body_indices"": [0], ""symbol"": ""cudnnPointwiseGraph_f32""}]",1,0,0,0.0,0
aten,aten_log_sigmoid_backward_cpu,/home/arjaiswal/Polygeist/issues/aten_c_kernels/results/aten_log_sigmoid_backward_cpu/debuf.mlir,2f554e0c6e17252525a314139b6d59df5a1d9436225c4b5b430aca467ac703ea,syntactic,2,ok,0,708.8071964681149,0,"[""/usr/bin/python3"", ""/home/arjaiswal/Polygeist/scripts/correctness/kernel_match_rewrite.py"", ""/home/arjaiswal/Polygeist/issues/aten_c_kernels/results/aten_log_sigmoid_backward_cpu/debuf.mlir"", ""--dry-run"", ""--matcher-mode"", ""syntactic"", ""--telemetry-json"", ""/home/arjaiswal/Polygeist/issues/equality_saturation_eval/campaign_20260908/aten-aten_log_sigmoid_backward_cpu-syntactic-hl_v_m82.json"", ""--disable-semantic-fallback""]","== match report for /home/arjaiswal/Polygeist/issues/aten_c_kernels/results/aten_log_sigmoid_backward_cpu/debuf.mlir ==
  match          body#[0]  cudnnPointwiseGraph_f32
  total: 1 matched / 1 bodies
",0,[],0,0,0,0,/home/arjaiswal/Polygeist/issues/aten_c_kernels/results/aten_log_sigmoid_backward_cpu/debuf.mlir,2454,0,1,1,290.78158363699913,0,65904,0.0,0,0,0,0,"[{""body_indices"": [0], ""symbol"": ""cudnnPointwiseGraph_f32""}]",1,0,0,0.0,0
aten,aten_log_sigmoid_backward_cpu,/home/arjaiswal/Polygeist/issues/aten_c_kernels/results/aten_log_sigmoid_backward_cpu/debuf.mlir,2f554e0c6e17252525a314139b6d59df5a1d9436225c4b5b430aca467ac703ea,syntactic,3,ok,0,775.2046845853329,0,"[""/usr/bin/python3"", ""/home/arjaiswal/Polygeist/scripts/correctness/kernel_match_rewrite.py"", ""/home/arjaiswal/Polygeist/issues/aten_c_kernels/results/aten_log_sigmoid_backward_cpu/debuf.mlir"", ""--dry-run"", ""--matcher-mode"", ""syntactic"", ""--telemetry-json"", ""/home/arjaiswal/Polygeist/issues/equality_saturation_eval/campaign_20260908/aten-aten_log_sigmoid_backward_cpu-syntactic-z4j2jag_.json"", ""--disable-semantic-fallback""]","== match report for /home/arjaiswal/Polygeist/issues/aten_c_kernels/results/aten_log_sigmoid_backward_cpu/debuf.mlir ==
  match          body#[0]  cudnnPointwiseGraph_f32
  total: 1 matched / 1 bodies
",0,[],0,0,0,0,/home/arjaiswal/Polygeist/issues/aten_c_kernels/results/aten_log_sigmoid_backward_cpu/debuf.mlir,2454,0,1,1,346.496544778347,0,65852,0.0,0,0,0,0,"[{""body_indices"": [0], ""symbol"": ""cudnnPointwiseGraph_f32""}]",1,0,0,0.0,0
aten,aten_log_sigmoid_backward_cpu,/home/arjaiswal/Polygeist/issues/aten_c_kernels/results/aten_log_sigmoid_backward_cpu/debuf.mlir,2f554e0c6e17252525a314139b6d59df5a1d9436225c4b5b430aca467ac703ea,egglog,3,ok,0,730.5183112621307,0,"[""/usr/bin/python3"", ""/home/arjaiswal/Polygeist/scripts/correctness/kernel_match_rewrite.py"", ""/home/arjaiswal/Polygeist/issues/aten_c_kernels/results/aten_log_sigmoid_backward_cpu/debuf.mlir"", ""--dry-run"", ""--matcher-mode"", ""egglog"", ""--telemetry-json"", ""/home/arjaiswal/Polygeist/issues/equality_saturation_eval/campaign_20260908/aten-aten_log_sigmoid_backward_cpu-egglog-554364j2.json"", ""--disable-semantic-fallback""]","== match report for /home/arjaiswal/Polygeist/issues/aten_c_kernels/results/aten_log_sigmoid_backward_cpu/debuf.mlir ==
  match          body#[0]  cudnnPointwiseGraph_f32
  total: 1 matched / 1 bodies
",0,[],0,0,0,0,/home/arjaiswal/Polygeist/issues/aten_c_kernels/results/aten_log_sigmoid_backward_cpu/debuf.mlir,2454,8,1,1,299.85471069812775,0,66064,0.0,0,0,0,0,"[{""body_indices"": [0], ""symbol"": ""cudnnPointwiseGraph_f32""}]",1,0,0,0.0,0
aten,aten_log_sigmoid_backward_cpu,/home/arjaiswal/Polygeist/issues/aten_c_kernels/results/aten_log_sigmoid_backward_cpu/debuf.mlir,2f554e0c6e17252525a314139b6d59df5a1d9436225c4b5b430aca467ac703ea,egglog,4,ok,0,728.7391200661659,0,"[""/usr/bin/python3"", ""/home/arjaiswal/Polygeist/scripts/correctness/kernel_match_rewrite.py"", ""/home/arjaiswal/Polygeist/issues/aten_c_kernels/results/aten_log_sigmoid_backward_cpu/debuf.mlir"", ""--dry-run"", ""--matcher-mode"", ""egglog"", ""--telemetry-json"", ""/home/arjaiswal/Polygeist/issues/equality_saturation_eval/campaign_20260908/aten-aten_log_sigmoid_backward_cpu-egglog-y200nhdo.json"", ""--disable-semantic-fallback""]","== match report for /home/arjaiswal/Polygeist/issues/aten_c_kernels/results/aten_log_sigmoid_backward_cpu/debuf.mlir ==
  match          body#[0]  cudnnPointwiseGraph_f32
  total: 1 matched / 1 bodies
",0,[],0,0,0,0,/home/arjaiswal/Polygeist/issues/aten_c_kernels/results/aten_log_sigmoid_backward_cpu/debuf.mlir,2454,8,1,1,290.12004658579826,0,65812,0.0,0,0,0,0,"[{""body_indices"": [0], ""symbol"": ""cudnnPointwiseGraph_f32""}]",1,0,0,0.0,0
aten,aten_log_sigmoid_backward_cpu,/home/arjaiswal/Polygeist/issues/aten_c_kernels/results/aten_log_sigmoid_backward_cpu/debuf.mlir,2f554e0c6e17252525a314139b6d59df5a1d9436225c4b5b430aca467ac703ea,syntactic,4,ok,0,746.9294779002666,0,"[""/usr/bin/python3"", ""/home/arjaiswal/Polygeist/scripts/correctness/kernel_match_rewrite.py"", ""/home/arjaiswal/Polygeist/issues/aten_c_kernels/results/aten_log_sigmoid_backward_cpu/debuf.mlir"", ""--dry-run"", ""--matcher-mode"", ""syntactic"", ""--telemetry-json"", ""/home/arjaiswal/Polygeist/issues/equality_saturation_eval/campaign_20260908/aten-aten_log_sigmoid_backward_cpu-syntactic-y4yq589t.json"", ""--disable-semantic-fallback""]","== match report for /home/arjaiswal/Polygeist/issues/aten_c_kernels/results/aten_log_sigmoid_backward_cpu/debuf.mlir ==
  match          body#[0]  cudnnPointwiseGraph_f32
  total: 1 matched / 1 bodies
",0,[],0,0,0,0,/home/arjaiswal/Polygeist/issues/aten_c_kernels/results/aten_log_sigmoid_backward_cpu/debuf.mlir,2454,0,1,1,317.303866147995,0,66004,0.0,0,0,0,0,"[{""body_indices"": [0], ""symbol"": ""cudnnPointwiseGraph_f32""}]",1,0,0,0.0,0
aten,aten_log_sigmoid_backward_cpu,/home/arjaiswal/Polygeist/issues/aten_c_kernels/results/aten_log_sigmoid_backward_cpu/debuf.mlir,2f554e0c6e17252525a314139b6d59df5a1d9436225c4b5b430aca467ac703ea,syntactic,5,ok,0,732.9813949763775,0,"[""/usr/bin/python3"", ""/home/arjaiswal/Polygeist/scripts/correctness/kernel_match_rewrite.py"", ""/home/arjaiswal/Polygeist/issues/aten_c_kernels/results/aten_log_sigmoid_backward_cpu/debuf.mlir"", ""--dry-run"", ""--matcher-mode"", ""syntactic"", ""--telemetry-json"", ""/home/arjaiswal/Polygeist/issues/equality_saturation_eval/campaign_20260908/aten-aten_log_sigmoid_backward_cpu-syntactic-ysmtt1zt.json"", ""--disable-semantic-fallback""]","== match report for /home/arjaiswal/Polygeist/issues/aten_c_kernels/results/aten_log_sigmoid_backward_cpu/debuf.mlir ==
  match          body#[0]  cudnnPointwiseGraph_f32
  total: 1 matched / 1 bodies
",0,[],0,0,0,0,/home/arjaiswal/Polygeist/issues/aten_c_kernels/results/aten_log_sigmoid_backward_cpu/debuf.mlir,2454,0,1,1,300.1547120511532,0,66036,0.0,0,0,0,0,"[{""body_indices"": [0], ""symbol"": ""cudnnPointwiseGraph_f32""}]",1,0,0,0.0,0
aten,aten_log_sigmoid_backward_cpu,/home/arjaiswal/Polygeist/issues/aten_c_kernels/results/aten_log_sigmoid_backward_cpu/debuf.mlir,2f554e0c6e17252525a314139b6d59df5a1d9436225c4b5b430aca467ac703ea,egglog,5,ok,0,790.1394218206406,0,"[""/usr/bin/python3"", ""/home/arjaiswal/Polygeist/scripts/correctness/kernel_match_rewrite.py"", ""/home/arjaiswal/Polygeist/issues/aten_c_kernels/results/aten_log_sigmoid_backward_cpu/debuf.mlir"", ""--dry-run"", ""--matcher-mode"", ""egglog"", ""--telemetry-json"", ""/home/arjaiswal/Polygeist/issues/equality_saturation_eval/campaign_20260908/aten-aten_log_sigmoid_backward_cpu-egglog-61ysfwk5.json"", ""--disable-semantic-fallback""]","== match report for /home/arjaiswal/Polygeist/issues/aten_c_kernels/results/aten_log_sigmoid_backward_cpu/debuf.mlir ==
  match          body#[0]  cudnnPointwiseGraph_f32
  total: 1 matched / 1 bodies
",0,[],0,0,0,0,/home/arjaiswal/Polygeist/issues/aten_c_kernels/results/aten_log_sigmoid_backward_cpu/debuf.mlir,2454,8,1,1,351.1280491948128,0,65968,0.0,0,0,0,0,"[{""body_indices"": [0], ""symbol"": ""cudnnPointwiseGraph_f32""}]",1,0,0,0.0,0
aten,aten_log_sigmoid_cpu,/home/arjaiswal/Polygeist/issues/aten_c_kernels/results/aten_log_sigmoid_cpu/debuf.mlir,c2faeea143b273167376eada1989293305f73152318336cb72f511a6aaf521c2,egglog,1,ok,0,782.8579805791378,0,"[""/usr/bin/python3"", ""/home/arjaiswal/Polygeist/scripts/correctness/kernel_match_rewrite.py"", ""/home/arjaiswal/Polygeist/issues/aten_c_kernels/results/aten_log_sigmoid_cpu/debuf.mlir"", ""--dry-run"", ""--matcher-mode"", ""egglog"", ""--telemetry-json"", ""/home/arjaiswal/Polygeist/issues/equality_saturation_eval/campaign_20260908/aten-aten_log_sigmoid_cpu-egglog-lppfiogn.json"", ""--disable-semantic-fallback""]","== match report for /home/arjaiswal/Polygeist/issues/aten_c_kernels/results/aten_log_sigmoid_cpu/debuf.mlir ==
  match          body#[0]  cudnnLogSigmoid_f32_memref
  total: 1 matched / 1 bodies
",0,[],0,0,0,0,/home/arjaiswal/Polygeist/issues/aten_c_kernels/results/aten_log_sigmoid_cpu/debuf.mlir,2535,8,1,1,373.8098479807377,0,70440,49.76741969585419,4,4,0,0,"[{""body_indices"": [0], ""symbol"": ""cudnnLogSigmoid_f32_memref""}]",1,0,0,0.0,4
aten,aten_log_sigmoid_cpu,/home/arjaiswal/Polygeist/issues/aten_c_kernels/results/aten_log_sigmoid_cpu/debuf.mlir,c2faeea143b273167376eada1989293305f73152318336cb72f511a6aaf521c2,syntactic,1,ok,0,753.9963312447071,0,"[""/usr/bin/python3"", ""/home/arjaiswal/Polygeist/scripts/correctness/kernel_match_rewrite.py"", ""/home/arjaiswal/Polygeist/issues/aten_c_kernels/results/aten_log_sigmoid_cpu/debuf.mlir"", ""--dry-run"", ""--matcher-mode"", ""syntactic"", ""--telemetry-json"", ""/home/arjaiswal/Polygeist/issues/equality_saturation_eval/campaign_20260908/aten-aten_log_sigmoid_cpu-syntactic-4_utfhn_.json"", ""--disable-semantic-fallback""]","== match report for /home/arjaiswal/Polygeist/issues/aten_c_kernels/results/aten_log_sigmoid_cpu/debuf.mlir ==
  match          body#[0]  cudnnLogSigmoid_f32_memref
  total: 1 matched / 1 bodies
",0,[],0,0,0,0,/home/arjaiswal/Polygeist/issues/aten_c_kernels/results/aten_log_sigmoid_cpu/debuf.mlir,2535,0,1,1,299.8298108577728,0,66268,0.0903196632862091,0,4,0,0,"[{""body_indices"": [0], ""symbol"": ""cudnnLogSigmoid_f32_memref""}]",1,0,4,0.0,4
aten,aten_log_sigmoid_cpu,/home/arjaiswal/Polygeist/issues/aten_c_kernels/results/aten_log_sigmoid_cpu/debuf.mlir,c2faeea143b273167376eada1989293305f73152318336cb72f511a6aaf521c2,syntactic,2,ok,0,771.1763940751553,0,"[""/usr/bin/python3"", ""/home/arjaiswal/Polygeist/scripts/correctness/kernel_match_rewrite.py"", ""/home/arjaiswal/Polygeist/issues/aten_c_kernels/results/aten_log_sigmoid_cpu/debuf.mlir"", ""--dry-run"", ""--matcher-mode"", ""syntactic"", ""--telemetry-json"", ""/home/arjaiswal/Polygeist/issues/equality_saturation_eval/campaign_20260908/aten-aten_log_sigmoid_cpu-syntactic-evsncrix.json"", ""--disable-semantic-fallback""]","== match report for /home/arjaiswal/Polygeist/issues/aten_c_kernels/results/aten_log_sigmoid_cpu/debuf.mlir ==
  match          body#[0]  cudnnLogSigmoid_f32_memref
  total: 1 matched / 1 bodies
",0,[],0,0,0,0,/home/arjaiswal/Polygeist/issues/aten_c_kernels/results/aten_log_sigmoid_cpu/debuf.mlir,2535,0,1,1,343.04794296622276,0,66596,0.09025633335113525,0,4,0,0,"[{""body_indices"": [0], ""symbol"": ""cudnnLogSigmoid_f32_memref""}]",1,0,4,0.0,4
aten,aten_log_sigmoid_cpu,/home/arjaiswal/Polygeist/issues/aten_c_kernels/results/aten_log_sigmoid_cpu/debuf.mlir,c2faeea143b273167376eada1989293305f73152318336cb72f511a6aaf521c2,egglog,2,ok,0,811.3426193594933,0,"[""/usr/bin/python3"", ""/home/arjaiswal/Polygeist/scripts/correctness/kernel_match_rewrite.py"", ""/home/arjaiswal/Polygeist/issues/aten_c_kernels/results/aten_log_sigmoid_cpu/debuf.mlir"", ""--dry-run"", ""--matcher-mode"", ""egglog"", ""--telemetry-json"", ""/home/arjaiswal/Polygeist/issues/equality_saturation_eval/campaign_20260908/aten-aten_log_sigmoid_cpu-egglog-v9ihhrol.json"", ""--disable-semantic-fallback""]","== match report for /home/arjaiswal/Polygeist/issues/aten_c_kernels/results/aten_log_sigmoid_cpu/debuf.mlir ==
  match          body#[0]  cudnnLogSigmoid_f32_memref
  total: 1 matched / 1 bodies
",0,[],0,0,0,0,/home/arjaiswal/Polygeist/issues/aten_c_kernels/results/aten_log_sigmoid_cpu/debuf.mlir,2535,8,1,1,374.0576282143593,0,70408,47.020215541124344,4,4,0,0,"[{""body_indices"": [0], ""symbol"": ""cudnnLogSigmoid_f32_memref""}]",1,0,0,0.0,4
aten,aten_log_sigmoid_cpu,/home/arjaiswal/Polygeist/issues/aten_c_kernels/results/aten_log_sigmoid_cpu/debuf.mlir,c2faeea143b273167376eada1989293305f73152318336cb72f511a6aaf521c2,egglog,3,ok,0,828.4531161189079,0,"[""/usr/bin/python3"", ""/home/arjaiswal/Polygeist/scripts/correctness/kernel_match_rewrite.py"", ""/home/arjaiswal/Polygeist/issues/aten_c_kernels/results/aten_log_sigmoid_cpu/debuf.mlir"", ""--dry-run"", ""--matcher-mode"", ""egglog"", ""--telemetry-json"", ""/home/arjaiswal/Polygeist/issues/equality_saturation_eval/campaign_20260908/aten-aten_log_sigmoid_cpu-egglog-7nizu2tp.json"", ""--disable-semantic-fallback""]","== match report for /home/arjaiswal/Polygeist/issues/aten_c_kernels/results/aten_log_sigmoid_cpu/debuf.mlir ==
  match          body#[0]  cudnnLogSigmoid_f32_memref
  total: 1 matched / 1 bodies
",0,[],0,0,0,0,/home/arjaiswal/Polygeist/issues/aten_c_kernels/results/aten_log_sigmoid_cpu/debuf.mlir,2535,8,1,1,378.0176043510437,0,70504,44.809963554143906,4,4,0,0,"[{""body_indices"": [0], ""symbol"": ""cudnnLogSigmoid_f32_memref""}]",1,0,0,0.0,4
aten,aten_log_sigmoid_cpu,/home/arjaiswal/Polygeist/issues/aten_c_kernels/results/aten_log_sigmoid_cpu/debuf.mlir,c2faeea143b273167376eada1989293305f73152318336cb72f511a6aaf521c2,syntactic,3,ok,0,743.8367679715157,0,"[""/usr/bin/python3"", ""/home/arjaiswal/Polygeist/scripts/correctness/kernel_match_rewrite.py"", ""/home/arjaiswal/Polygeist/issues/aten_c_kernels/results/aten_log_sigmoid_cpu/debuf.mlir"", ""--dry-run"", ""--matcher-mode"", ""syntactic"", ""--telemetry-json"", ""/home/arjaiswal/Polygeist/issues/equality_saturation_eval/campaign_20260908/aten-aten_log_sigmoid_cpu-syntactic-vmpmihup.json"", ""--disable-semantic-fallback""]","== match report for /home/arjaiswal/Polygeist/issues/aten_c_kernels/results/aten_log_sigmoid_cpu/debuf.mlir ==
  match          body#[0]  cudnnLogSigmoid_f32_memref
  total: 1 matched / 1 bodies
",0,[],0,0,0,0,/home/arjaiswal/Polygeist/issues/aten_c_kernels/results/aten_log_sigmoid_cpu/debuf.mlir,2535,0,1,1,316.2117674946785,0,66512,0.10300427675247192,0,4,0,0,"[{""body_indices"": [0], ""symbol"": ""cudnnLogSigmoid_f32_memref""}]",1,0,4,0.0,4
aten,aten_log_sigmoid_cpu,/home/arjaiswal/Polygeist/issues/aten_c_kernels/results/aten_log_sigmoid_cpu/debuf.mlir,c2faeea143b273167376eada1989293305f73152318336cb72f511a6aaf521c2,syntactic,4,ok,0,761.2427361309528,0,"[""/usr/bin/python3"", ""/home/arjaiswal/Polygeist/scripts/correctness/kernel_match_rewrite.py"", ""/home/arjaiswal/Polygeist/issues/aten_c_kernels/results/aten_log_sigmoid_cpu/debuf.mlir"", ""--dry-run"", ""--matcher-mode"", ""syntactic"", ""--telemetry-json"", ""/home/arjaiswal/Polygeist/issues/equality_saturation_eval/campaign_20260908/aten-aten_log_sigmoid_cpu-syntactic-zhw4ysrz.json"", ""--disable-semantic-fallback""]","== match report for /home/arjaiswal/Polygeist/issues/aten_c_kernels/results/aten_log_sigmoid_cpu/debuf.mlir ==
  match          body#[0]  cudnnLogSigmoid_f32_memref
  total: 1 matched / 1 bodies
",0,[],0,0,0,0,/home/arjaiswal/Polygeist/issues/aten_c_kernels/results/aten_log_sigmoid_cpu/debuf.mlir,2535,0,1,1,320.8398073911667,0,66452,0.08962303400039673,0,4,0,0,"[{""body_indices"": [0], ""symbol"": ""cudnnLogSigmoid_f32_memref""}]",1,0,4,0.0,4
aten,aten_log_sigmoid_cpu,/home/arjaiswal/Polygeist/issues/aten_c_kernels/results/aten_log_sigmoid_cpu/debuf.mlir,c2faeea143b273167376eada1989293305f73152318336cb72f511a6aaf521c2,egglog,4,ok,0,780.1552377641201,0,"[""/usr/bin/python3"", ""/home/arjaiswal/Polygeist/scripts/correctness/kernel_match_rewrite.py"", ""/home/arjaiswal/Polygeist/issues/aten_c_kernels/results/aten_log_sigmoid_cpu/debuf.mlir"", ""--dry-run"", ""--matcher-mode"", ""egglog"", ""--telemetry-json"", ""/home/arjaiswal/Polygeist/issues/equality_saturation_eval/campaign_20260908/aten-aten_log_sigmoid_cpu-egglog-is19nibd.json"", ""--disable-semantic-fallback""]","== match report for /home/arjaiswal/Polygeist/issues/aten_c_kernels/results/aten_log_sigmoid_cpu/debuf.mlir ==
  match          body#[0]  cudnnLogSigmoid_f32_memref
  total: 1 matched / 1 bodies
",0,[],0,0,0,0,/home/arjaiswal/Polygeist/issues/aten_c_kernels/results/aten_log_sigmoid_cpu/debuf.mlir,2535,8,1,1,373.2314854860306,0,70304,43.56243833899498,4,4,0,0,"[{""body_indices"": [0], ""symbol"": ""cudnnLogSigmoid_f32_memref""}]",1,0,0,0.0,4
aten,aten_log_sigmoid_cpu,/home/arjaiswal/Polygeist/issues/aten_c_kernels/results/aten_log_sigmoid_cpu/debuf.mlir,c2faeea143b273167376eada1989293305f73152318336cb72f511a6aaf521c2,egglog,5,ok,0,815.594743937254,0,"[""/usr/bin/python3"", ""/home/arjaiswal/Polygeist/scripts/correctness/kernel_match_rewrite.py"", ""/home/arjaiswal/Polygeist/issues/aten_c_kernels/results/aten_log_sigmoid_cpu/debuf.mlir"", ""--dry-run"", ""--matcher-mode"", ""egglog"", ""--telemetry-json"", ""/home/arjaiswal/Polygeist/issues/equality_saturation_eval/campaign_20260908/aten-aten_log_sigmoid_cpu-egglog-4q0y30y1.json"", ""--disable-semantic-fallback""]","== match report for /home/arjaiswal/Polygeist/issues/aten_c_kernels/results/aten_log_sigmoid_cpu/debuf.mlir ==
  match          body#[0]  cudnnLogSigmoid_f32_memref
  total: 1 matched / 1 bodies
",0,[],0,0,0,0,/home/arjaiswal/Polygeist/issues/aten_c_kernels/results/aten_log_sigmoid_cpu/debuf.mlir,2535,8,1,1,381.77039474248886,0,70360,57.50370770692825,4,4,0,0,"[{""body_indices"": [0], ""symbol"": ""cudnnLogSigmoid_f32_memref""}]",1,0,0,0.0,4
aten,aten_log_sigmoid_cpu,/home/arjaiswal/Polygeist/issues/aten_c_kernels/results/aten_log_sigmoid_cpu/debuf.mlir,c2faeea143b273167376eada1989293305f73152318336cb72f511a6aaf521c2,syntactic,5,ok,0,729.0306761860847,0,"[""/usr/bin/python3"", ""/home/arjaiswal/Polygeist/scripts/correctness/kernel_match_rewrite.py"", ""/home/arjaiswal/Polygeist/issues/aten_c_kernels/results/aten_log_sigmoid_cpu/debuf.mlir"", ""--dry-run"", ""--matcher-mode"", ""syntactic"", ""--telemetry-json"", ""/home/arjaiswal/Polygeist/issues/equality_saturation_eval/campaign_20260908/aten-aten_log_sigmoid_cpu-syntactic-9n8awqjx.json"", ""--disable-semantic-fallback""]","== match report for /home/arjaiswal/Polygeist/issues/aten_c_kernels/results/aten_log_sigmoid_cpu/debuf.mlir ==
  match          body#[0]  cudnnLogSigmoid_f32_memref
  total: 1 matched / 1 bodies
",0,[],0,0,0,0,/home/arjaiswal/Polygeist/issues/aten_c_kernels/results/aten_log_sigmoid_cpu/debuf.mlir,2535,0,1,1,315.6792111694813,0,66392,0.08993223309516907,0,4,0,0,"[{""body_indices"": [0], ""symbol"": ""cudnnLogSigmoid_f32_memref""}]",1,0,4,0.0,4
aten,aten_logaddexp,/home/arjaiswal/Polygeist/issues/aten_c_kernels/results/aten_logaddexp/debuf.mlir,40fed4a34830b73bc93dc66b143dbfd3764f7c637bf5ff9f084e2ac461712ff0,syntactic,1,ok,0,767.1717181801796,0,"[""/usr/bin/python3"", ""/home/arjaiswal/Polygeist/scripts/correctness/kernel_match_rewrite.py"", ""/home/arjaiswal/Polygeist/issues/aten_c_kernels/results/aten_logaddexp/debuf.mlir"", ""--dry-run"", ""--matcher-mode"", ""syntactic"", ""--telemetry-json"", ""/home/arjaiswal/Polygeist/issues/equality_saturation_eval/campaign_20260908/aten-aten_logaddexp-syntactic-o1whsqf0.json"", ""--disable-semantic-fallback""]","== match report for /home/arjaiswal/Polygeist/issues/aten_c_kernels/results/aten_logaddexp/debuf.mlir ==
  match          body#[0]  cudnnPointwiseGraph_f32
  total: 1 matched / 1 bodies
",0,[],0,0,0,0,/home/arjaiswal/Polygeist/issues/aten_c_kernels/results/aten_logaddexp/debuf.mlir,2381,0,1,1,340.92553704977036,0,66872,0.02394244074821472,0,0,0,0,"[{""body_indices"": [0], ""symbol"": ""cudnnPointwiseGraph_f32""}]",1,0,6,0.0,6
aten,aten_logaddexp,/home/arjaiswal/Polygeist/issues/aten_c_kernels/results/aten_logaddexp/debuf.mlir,40fed4a34830b73bc93dc66b143dbfd3764f7c637bf5ff9f084e2ac461712ff0,egglog,1,ok,0,807.1833960711956,0,"[""/usr/bin/python3"", ""/home/arjaiswal/Polygeist/scripts/correctness/kernel_match_rewrite.py"", ""/home/arjaiswal/Polygeist/issues/aten_c_kernels/results/aten_logaddexp/debuf.mlir"", ""--dry-run"", ""--matcher-mode"", ""egglog"", ""--telemetry-json"", ""/home/arjaiswal/Polygeist/issues/equality_saturation_eval/campaign_20260908/aten-aten_logaddexp-egglog-ufcir2bs.json"", ""--disable-semantic-fallback""]","== match report for /home/arjaiswal/Polygeist/issues/aten_c_kernels/results/aten_logaddexp/debuf.mlir ==
  match          body#[0]  cudnnPointwiseGraph_f32
  total: 1 matched / 1 bodies
",0,[],0,0,0,0,/home/arjaiswal/Polygeist/issues/aten_c_kernels/results/aten_logaddexp/debuf.mlir,2381,8,1,1,372.72291630506516,0,66444,0.0,0,0,0,0,"[{""body_indices"": [0], ""symbol"": ""cudnnPointwiseGraph_f32""}]",1,0,0,0.0,6
aten,aten_logaddexp,/home/arjaiswal/Polygeist/issues/aten_c_kernels/results/aten_logaddexp/debuf.mlir,40fed4a34830b73bc93dc66b143dbfd3764f7c637bf5ff9f084e2ac461712ff0,egglog,2,ok,0,801.2700490653515,0,"[""/usr/bin/python3"", ""/home/arjaiswal/Polygeist/scripts/correctness/kernel_match_rewrite.py"", ""/home/arjaiswal/Polygeist/issues/aten_c_kernels/results/aten_logaddexp/debuf.mlir"", ""--dry-run"", ""--matcher-mode"", ""egglog"", ""--telemetry-json"", ""/home/arjaiswal/Polygeist/issues/equality_saturation_eval/campaign_20260908/aten-aten_logaddexp-egglog-38z6bapb.json"", ""--disable-semantic-fallback""]","== match report for /home/arjaiswal/Polygeist/issues/aten_c_kernels/results/aten_logaddexp/debuf.mlir ==
  match          body#[0]  cudnnPointwiseGraph_f32
  total: 1 matched / 1 bodies
",0,[],0,0,0,0,/home/arjaiswal/Polygeist/issues/aten_c_kernels/results/aten_logaddexp/debuf.mlir,2381,8,1,1,363.42647671699524,0,66564,0.0,0,0,0,0,"[{""body_indices"": [0], ""symbol"": ""cudnnPointwiseGraph_f32""}]",1,0,0,0.0,6
aten,aten_logaddexp,/home/arjaiswal/Polygeist/issues/aten_c_kernels/results/aten_logaddexp/debuf.mlir,40fed4a34830b73bc93dc66b143dbfd3764f7c637bf5ff9f084e2ac461712ff0,syntactic,2,ok,0,776.9639045000076,0,"[""/usr/bin/python3"", ""/home/arjaiswal/Polygeist/scripts/correctness/kernel_match_rewrite.py"", ""/home/arjaiswal/Polygeist/issues/aten_c_kernels/results/aten_logaddexp/debuf.mlir"", ""--dry-run"", ""--matcher-mode"", ""syntactic"", ""--telemetry-json"", ""/home/arjaiswal/Polygeist/issues/equality_saturation_eval/campaign_20260908/aten-aten_logaddexp-syntactic-3smu1ja3.json"", ""--disable-semantic-fallback""]","== match report for /home/arjaiswal/Polygeist/issues/aten_c_kernels/results/aten_logaddexp/debuf.mlir ==
  match          body#[0]  cudnnPointwiseGraph_f32
  total: 1 matched / 1 bodies
",0,[],0,0,0,0,/home/arjaiswal/Polygeist/issues/aten_c_kernels/results/aten_logaddexp/debuf.mlir,2381,0,1,1,356.15596547722816,0,66536,0.03246217966079712,0,0,0,0,"[{""body_indices"": [0], ""symbol"": ""cudnnPointwiseGraph_f32""}]",1,0,6,0.0,6
aten,aten_logaddexp,/home/arjaiswal/Polygeist/issues/aten_c_kernels/results/aten_logaddexp/debuf.mlir,40fed4a34830b73bc93dc66b143dbfd3764f7c637bf5ff9f084e2ac461712ff0,syntactic,3,ok,0,771.6394476592541,0,"[""/usr/bin/python3"", ""/home/arjaiswal/Polygeist/scripts/correctness/kernel_match_rewrite.py"", ""/home/arjaiswal/Polygeist/issues/aten_c_kernels/results/aten_logaddexp/debuf.mlir"", ""--dry-run"", ""--matcher-mode"", ""syntactic"", ""--telemetry-json"", ""/home/arjaiswal/Polygeist/issues/equality_saturation_eval/campaign_20260908/aten-aten_logaddexp-syntactic-5a_7tw5l.json"", ""--disable-semantic-fallback""]","== match report for /home/arjaiswal/Polygeist/issues/aten_c_kernels/results/aten_logaddexp/debuf.mlir ==
  match          body#[0]  cudnnPointwiseGraph_f32
  total: 1 matched / 1 bodies
",0,[],0,0,0,0,/home/arjaiswal/Polygeist/issues/aten_c_kernels/results/aten_logaddexp/debuf.mlir,2381,0,1,1,358.0874726176262,0,66820,0.03585591912269592,0,0,0,0,"[{""body_indices"": [0], ""symbol"": ""cudnnPointwiseGraph_f32""}]",1,0,6,0.0,6
aten,aten_logaddexp,/home/arjaiswal/Polygeist/issues/aten_c_kernels/results/aten_logaddexp/debuf.mlir,40fed4a34830b73bc93dc66b143dbfd3764f7c637bf5ff9f084e2ac461712ff0,egglog,3,ok,0,840.7010473310947,0,"[""/usr/bin/python3"", ""/home/arjaiswal/Polygeist/scripts/correctness/kernel_match_rewrite.py"", ""/home/arjaiswal/Polygeist/issues/aten_c_kernels/results/aten_logaddexp/debuf.mlir"", ""--dry-run"", ""--matcher-mode"", ""egglog"", ""--telemetry-json"", ""/home/arjaiswal/Polygeist/issues/equality_saturation_eval/campaign_20260908/aten-aten_logaddexp-egglog-c2gczxlp.json"", ""--disable-semantic-fallback""]","== match report for /home/arjaiswal/Polygeist/issues/aten_c_kernels/results/aten_logaddexp/debuf.mlir ==
  match          body#[0]  cudnnPointwiseGraph_f32
  total: 1 matched / 1 bodies
",0,[],0,0,0,0,/home/arjaiswal/Polygeist/issues/aten_c_kernels/results/aten_logaddexp/debuf.mlir,2381,8,1,1,399.99983087182045,0,66264,0.0,0,0,0,0,"[{""body_indices"": [0], ""symbol"": ""cudnnPointwiseGraph_f32""}]",1,0,0,0.0,6
aten,aten_logaddexp,/home/arjaiswal/Polygeist/issues/aten_c_kernels/results/aten_logaddexp/debuf.mlir,40fed4a34830b73bc93dc66b143dbfd3764f7c637bf5ff9f084e2ac461712ff0,egglog,4,ok,0,780.2871838212013,0,"[""/usr/bin/python3"", ""/home/arjaiswal/Polygeist/scripts/correctness/kernel_match_rewrite.py"", ""/home/arjaiswal/Polygeist/issues/aten_c_kernels/results/aten_logaddexp/debuf.mlir"", ""--dry-run"", ""--matcher-mode"", ""egglog"", ""--telemetry-json"", ""/home/arjaiswal/Polygeist/issues/equality_saturation_eval/campaign_20260908/aten-aten_logaddexp-egglog-0olobnjp.json"", ""--disable-semantic-fallback""]","== match report for /home/arjaiswal/Polygeist/issues/aten_c_kernels/results/aten_logaddexp/debuf.mlir ==
  match          body#[0]  cudnnPointwiseGraph_f32
  total: 1 matched / 1 bodies
",0,[],0,0,0,0,/home/arjaiswal/Polygeist/issues/aten_c_kernels/results/aten_logaddexp/debuf.mlir,2381,8,1,1,354.7571860253811,0,66764,0.0,0,0,0,0,"[{""body_indices"": [0], ""symbol"": ""cudnnPointwiseGraph_f32""}]",1,0,0,0.0,6
aten,aten_logaddexp,/home/arjaiswal/Polygeist/issues/aten_c_kernels/results/aten_logaddexp/debuf.mlir,40fed4a34830b73bc93dc66b143dbfd3764f7c637bf5ff9f084e2ac461712ff0,syntactic,4,ok,0,810.0862577557564,0,"[""/usr/bin/python3"", ""/home/arjaiswal/Polygeist/scripts/correctness/kernel_match_rewrite.py"", ""/home/arjaiswal/Polygeist/issues/aten_c_kernels/results/aten_logaddexp/debuf.mlir"", ""--dry-run"", ""--matcher-mode"", ""syntactic"", ""--telemetry-json"", ""/home/arjaiswal/Polygeist/issues/equality_saturation_eval/campaign_20260908/aten-aten_logaddexp-syntactic-5pkifati.json"", ""--disable-semantic-fallback""]","== match report for /home/arjaiswal/Polygeist/issues/aten_c_kernels/results/aten_logaddexp/debuf.mlir ==
  match          body#[0]  cudnnPointwiseGraph_f32
  total: 1 matched / 1 bodies
",0,[],0,0,0,0,/home/arjaiswal/Polygeist/issues/aten_c_kernels/results/aten_logaddexp/debuf.mlir,2381,0,1,1,360.8354330062866,0,66668,0.032670795917510986,0,0,0,0,"[{""body_indices"": [0], ""symbol"": ""cudnnPointwiseGraph_f32""}]",1,0,6,0.0,6
aten,aten_logaddexp,/home/arjaiswal/Polygeist/issues/aten_c_kernels/results/aten_logaddexp/debuf.mlir,40fed4a34830b73bc93dc66b143dbfd3764f7c637bf5ff9f084e2ac461712ff0,syntactic,5,ok,0,791.3469038903713,0,"[""/usr/bin/python3"", ""/home/arjaiswal/Polygeist/scripts/correctness/kernel_match_rewrite.py"", ""/home/arjaiswal/Polygeist/issues/aten_c_kernels/results/aten_logaddexp/debuf.mlir"", ""--dry-run"", ""--matcher-mode"", ""syntactic"", ""--telemetry-json"", ""/home/arjaiswal/Polygeist/issues/equality_saturation_eval/campaign_20260908/aten-aten_logaddexp-syntactic-p2vk0tgg.json"", ""--disable-semantic-fallback""]","== match report for /home/arjaiswal/Polygeist/issues/aten_c_kernels/results/aten_logaddexp/debuf.mlir ==
  match          body#[0]  cudnnPointwiseGraph_f32
  total: 1 matched / 1 bodies
",0,[],0,0,0,0,/home/arjaiswal/Polygeist/issues/aten_c_kernels/results/aten_logaddexp/debuf.mlir,2381,0,1,1,368.41749027371407,0,66824,0.028930604457855225,0,0,0,0,"[{""body_indices"": [0], ""symbol"": ""cudnnPointwiseGraph_f32""}]",1,0,6,0.0,6
aten,aten_logaddexp,/home/arjaiswal/Polygeist/issues/aten_c_kernels/results/aten_logaddexp/debuf.mlir,40fed4a34830b73bc93dc66b143dbfd3764f7c637bf5ff9f084e2ac461712ff0,egglog,5,ok,0,800.1992590725422,0,"[""/usr/bin/python3"", ""/home/arjaiswal/Polygeist/scripts/correctness/kernel_match_rewrite.py"", ""/home/arjaiswal/Polygeist/issues/aten_c_kernels/results/aten_logaddexp/debuf.mlir"", ""--dry-run"", ""--matcher-mode"", ""egglog"", ""--telemetry-json"", ""/home/arjaiswal/Polygeist/issues/equality_saturation_eval/campaign_20260908/aten-aten_logaddexp-egglog-7t546vi4.json"", ""--disable-semantic-fallback""]","== match report for /home/arjaiswal/Polygeist/issues/aten_c_kernels/results/aten_logaddexp/debuf.mlir ==
  match          body#[0]  cudnnPointwiseGraph_f32
  total: 1 matched / 1 bodies
",0,[],0,0,0,0,/home/arjaiswal/Polygeist/issues/aten_c_kernels/results/aten_logaddexp/debuf.mlir,2381,8,1,1,357.3690839111805,0,66608,0.0,0,0,0,0,"[{""body_indices"": [0], ""symbol"": ""cudnnPointwiseGraph_f32""}]",1,0,0,0.0,6
aten,aten_logaddexp2,/home/arjaiswal/Polygeist/issues/aten_c_kernels/results/aten_logaddexp2/debuf.mlir,1ed8cc4bdc3aec30935f940c88f992871204bdd5be372fc6760f32a77db8fca6,egglog,1,ok,0,805.7482801377773,0,"[""/usr/bin/python3"", ""/home/arjaiswal/Polygeist/scripts/correctness/kernel_match_rewrite.py"", ""/home/arjaiswal/Polygeist/issues/aten_c_kernels/results/aten_logaddexp2/debuf.mlir"", ""--dry-run"", ""--matcher-mode"", ""egglog"", ""--telemetry-json"", ""/home/arjaiswal/Polygeist/issues/equality_saturation_eval/campaign_20260908/aten-aten_logaddexp2-egglog-vljgmexq.json"", ""--disable-semantic-fallback""]","== match report for /home/arjaiswal/Polygeist/issues/aten_c_kernels/results/aten_logaddexp2/debuf.mlir ==
  match          body#[0]  cudnnPointwiseGraph_f32
  total: 1 matched / 1 bodies
",0,[],0,0,0,0,/home/arjaiswal/Polygeist/issues/aten_c_kernels/results/aten_logaddexp2/debuf.mlir,2576,8,1,1,370.6927113234997,0,66816,0.0,0,0,0,0,"[{""body_indices"": [0], ""symbol"": ""cudnnPointwiseGraph_f32""}]",1,0,0,0.0,6
aten,aten_logaddexp2,/home/arjaiswal/Polygeist/issues/aten_c_kernels/results/aten_logaddexp2/debuf.mlir,1ed8cc4bdc3aec30935f940c88f992871204bdd5be372fc6760f32a77db8fca6,syntactic,1,ok,0,866.2039153277874,0,"[""/usr/bin/python3"", ""/home/arjaiswal/Polygeist/scripts/correctness/kernel_match_rewrite.py"", ""/home/arjaiswal/Polygeist/issues/aten_c_kernels/results/aten_logaddexp2/debuf.mlir"", ""--dry-run"", ""--matcher-mode"", ""syntactic"", ""--telemetry-json"", ""/home/arjaiswal/Polygeist/issues/equality_saturation_eval/campaign_20260908/aten-aten_logaddexp2-syntactic-ic9a05va.json"", ""--disable-semantic-fallback""]","== match report for /home/arjaiswal/Polygeist/issues/aten_c_kernels/results/aten_logaddexp2/debuf.mlir ==
  match          body#[0]  cudnnPointwiseGraph_f32
  total: 1 matched / 1 bodies
",0,[],0,0,0,0,/home/arjaiswal/Polygeist/issues/aten_c_kernels/results/aten_logaddexp2/debuf.mlir,2576,0,1,1,395.09718865156174,0,66448,0.04038959741592407,0,0,0,0,"[{""body_indices"": [0], ""symbol"": ""cudnnPointwiseGraph_f32""}]",1,0,6,0.0,6
aten,aten_logaddexp2,/home/arjaiswal/Polygeist/issues/aten_c_kernels/results/aten_logaddexp2/debuf.mlir,1ed8cc4bdc3aec30935f940c88f992871204bdd5be372fc6760f32a77db8fca6,syntactic,2,ok,0,838.0234986543655,0,"[""/usr/bin/python3"", ""/home/arjaiswal/Polygeist/scripts/correctness/kernel_match_rewrite.py"", ""/home/arjaiswal/Polygeist/issues/aten_c_kernels/results/aten_logaddexp2/debuf.mlir"", ""--dry-run"", ""--matcher-mode"", ""syntactic"", ""--telemetry-json"", ""/home/arjaiswal/Polygeist/issues/equality_saturation_eval/campaign_20260908/aten-aten_logaddexp2-syntactic-mkbd7y8g.json"", ""--disable-semantic-fallback""]","== match report for /home/arjaiswal/Polygeist/issues/aten_c_kernels/results/aten_logaddexp2/debuf.mlir ==
  match          body#[0]  cudnnPointwiseGraph_f32
  total: 1 matched / 1 bodies
",0,[],0,0,0,0,/home/arjaiswal/Polygeist/issues/aten_c_kernels/results/aten_logaddexp2/debuf.mlir,2576,0,1,1,412.3288467526436,0,66340,0.02962350845336914,0,0,0,0,"[{""body_indices"": [0], ""symbol"": ""cudnnPointwiseGraph_f32""}]",1,0,6,0.0,6
aten,aten_logaddexp2,/home/arjaiswal/Polygeist/issues/aten_c_kernels/results/aten_logaddexp2/debuf.mlir,1ed8cc4bdc3aec30935f940c88f992871204bdd5be372fc6760f32a77db8fca6,egglog,2,ok,0,801.1439591646194,0,"[""/usr/bin/python3"", ""/home/arjaiswal/Polygeist/scripts/correctness/kernel_match_rewrite.py"", ""/home/arjaiswal/Polygeist/issues/aten_c_kernels/results/aten_logaddexp2/debuf.mlir"", ""--dry-run"", ""--matcher-mode"", ""egglog"", ""--telemetry-json"", ""/home/arjaiswal/Polygeist/issues/equality_saturation_eval/campaign_20260908/aten-aten_logaddexp2-egglog-75b8pv0n.json"", ""--disable-semantic-fallback""]","== match report for /home/arjaiswal/Polygeist/issues/aten_c_kernels/results/aten_logaddexp2/debuf.mlir ==
  match          body#[0]  cudnnPointwiseGraph_f32
  total: 1 matched / 1 bodies
",0,[],0,0,0,0,/home/arjaiswal/Polygeist/issues/aten_c_kernels/results/aten_logaddexp2/debuf.mlir,2576,8,1,1,383.6013227701187,0,66688,0.0,0,0,0,0,"[{""body_indices"": [0], ""symbol"": ""cudnnPointwiseGraph_f32""}]",1,0,0,0.0,6
aten,aten_logaddexp2,/home/arjaiswal/Polygeist/issues/aten_c_kernels/results/aten_logaddexp2/debuf.mlir,1ed8cc4bdc3aec30935f940c88f992871204bdd5be372fc6760f32a77db8fca6,egglog,3,ok,0,856.3773334026337,0,"[""/usr/bin/python3"", ""/home/arjaiswal/Polygeist/scripts/correctness/kernel_match_rewrite.py"", ""/home/arjaiswal/Polygeist/issues/aten_c_kernels/results/aten_logaddexp2/debuf.mlir"", ""--dry-run"", ""--matcher-mode"", ""egglog"", ""--telemetry-json"", ""/home/arjaiswal/Polygeist/issues/equality_saturation_eval/campaign_20260908/aten-aten_logaddexp2-egglog-wo4bb2_j.json"", ""--disable-semantic-fallback""]","== match report for /home/arjaiswal/Polygeist/issues/aten_c_kernels/results/aten_logaddexp2/debuf.mlir ==
  match          body#[0]  cudnnPointwiseGraph_f32
  total: 1 matched / 1 bodies
",0,[],0,0,0,0,/home/arjaiswal/Polygeist/issues/aten_c_kernels/results/aten_logaddexp2/debuf.mlir,2576,8,1,1,383.7179057300091,0,66580,0.0,0,0,0,0,"[{""body_indices"": [0], ""symbol"": ""cudnnPointwiseGraph_f32""}]",1,0,0,0.0,6
aten,aten_logaddexp2,/home/arjaiswal/Polygeist/issues/aten_c_kernels/results/aten_logaddexp2/debuf.mlir,1ed8cc4bdc3aec30935f940c88f992871204bdd5be372fc6760f32a77db8fca6,syntactic,3,ok,0,789.3111482262611,0,"[""/usr/bin/python3"", ""/home/arjaiswal/Polygeist/scripts/correctness/kernel_match_rewrite.py"", ""/home/arjaiswal/Polygeist/issues/aten_c_kernels/results/aten_logaddexp2/debuf.mlir"", ""--dry-run"", ""--matcher-mode"", ""syntactic"", ""--telemetry-json"", ""/home/arjaiswal/Polygeist/issues/equality_saturation_eval/campaign_20260908/aten-aten_logaddexp2-syntactic-ygm3woty.json"", ""--disable-semantic-fallback""]","== match report for /home/arjaiswal/Polygeist/issues/aten_c_kernels/results/aten_logaddexp2/debuf.mlir ==
  match          body#[0]  cudnnPointwiseGraph_f32
  total: 1 matched / 1 bodies
",0,[],0,0,0,0,/home/arjaiswal/Polygeist/issues/aten_c_kernels/results/aten_logaddexp2/debuf.mlir,2576,0,1,1,363.85172978043556,0,66484,0.032335519790649414,0,0,0,0,"[{""body_indices"": [0], ""symbol"": ""cudnnPointwiseGraph_f32""}]",1,0,6,0.0,6
aten,aten_logaddexp2,/home/arjaiswal/Polygeist/issues/aten_c_kernels/results/aten_logaddexp2/debuf.mlir,1ed8cc4bdc3aec30935f940c88f992871204bdd5be372fc6760f32a77db8fca6,syntactic,4,ok,0,804.4003359973431,0,"[""/usr/bin/python3"", ""/home/arjaiswal/Polygeist/scripts/correctness/kernel_match_rewrite.py"", ""/home/arjaiswal/Polygeist/issues/aten_c_kernels/results/aten_logaddexp2/debuf.mlir"", ""--dry-run"", ""--matcher-mode"", ""syntactic"", ""--telemetry-json"", ""/home/arjaiswal/Polygeist/issues/equality_saturation_eval/campaign_20260908/aten-aten_logaddexp2-syntactic-k8z1j0w3.json"", ""--disable-semantic-fallback""]","== match report for /home/arjaiswal/Polygeist/issues/aten_c_kernels/results/aten_logaddexp2/debuf.mlir ==
  match          body#[0]  cudnnPointwiseGraph_f32
  total: 1 matched / 1 bodies
",0,[],0,0,0,0,/home/arjaiswal/Polygeist/issues/aten_c_kernels/results/aten_logaddexp2/debuf.mlir,2576,0,1,1,378.8655772805214,0,66492,0.03134831786155701,0,0,0,0,"[{""body_indices"": [0], ""symbol"": ""cudnnPointwiseGraph_f32""}]",1,0,6,0.0,6
aten,aten_logaddexp2,/home/arjaiswal/Polygeist/issues/aten_c_kernels/results/aten_logaddexp2/debuf.mlir,1ed8cc4bdc3aec30935f940c88f992871204bdd5be372fc6760f32a77db8fca6,egglog,4,ok,0,844.3030975759029,0,"[""/usr/bin/python3"", ""/home/arjaiswal/Polygeist/scripts/correctness/kernel_match_rewrite.py"", ""/home/arjaiswal/Polygeist/issues/aten_c_kernels/results/aten_logaddexp2/debuf.mlir"", ""--dry-run"", ""--matcher-mode"", ""egglog"", ""--telemetry-json"", ""/home/arjaiswal/Polygeist/issues/equality_saturation_eval/campaign_20260908/aten-aten_logaddexp2-egglog-9s6sils9.json"", ""--disable-semantic-fallback""]","== match report for /home/arjaiswal/Polygeist/issues/aten_c_kernels/results/aten_logaddexp2/debuf.mlir ==
  match          body#[0]  cudnnPointwiseGraph_f32
  total: 1 matched / 1 bodies
",0,[],0,0,0,0,/home/arjaiswal/Polygeist/issues/aten_c_kernels/results/aten_logaddexp2/debuf.mlir,2576,8,1,1,407.70556032657623,0,66696,0.0,0,0,0,0,"[{""body_indices"": [0], ""symbol"": ""cudnnPointwiseGraph_f32""}]",1,0,0,0.0,6
aten,aten_logaddexp2,/home/arjaiswal/Polygeist/issues/aten_c_kernels/results/aten_logaddexp2/debuf.mlir,1ed8cc4bdc3aec30935f940c88f992871204bdd5be372fc6760f32a77db8fca6,egglog,5,ok,0,798.1037683784962,0,"[""/usr/bin/python3"", ""/home/arjaiswal/Polygeist/scripts/correctness/kernel_match_rewrite.py"", ""/home/arjaiswal/Polygeist/issues/aten_c_kernels/results/aten_logaddexp2/debuf.mlir"", ""--dry-run"", ""--matcher-mode"", ""egglog"", ""--telemetry-json"", ""/home/arjaiswal/Polygeist/issues/equality_saturation_eval/campaign_20260908/aten-aten_logaddexp2-egglog-533ngg8p.json"", ""--disable-semantic-fallback""]","== match report for /home/arjaiswal/Polygeist/issues/aten_c_kernels/results/aten_logaddexp2/debuf.mlir ==
  match          body#[0]  cudnnPointwiseGraph_f32
  total: 1 matched / 1 bodies
",0,[],0,0,0,0,/home/arjaiswal/Polygeist/issues/aten_c_kernels/results/aten_logaddexp2/debuf.mlir,2576,8,1,1,379.25858050584793,0,66684,0.0,0,0,0,0,"[{""body_indices"": [0], ""symbol"": ""cudnnPointwiseGraph_f32""}]",1,0,0,0.0,6
aten,aten_logaddexp2,/home/arjaiswal/Polygeist/issues/aten_c_kernels/results/aten_logaddexp2/debuf.mlir,1ed8cc4bdc3aec30935f940c88f992871204bdd5be372fc6760f32a77db8fca6,syntactic,5,ok,0,794.5774272084236,0,"[""/usr/bin/python3"", ""/home/arjaiswal/Polygeist/scripts/correctness/kernel_match_rewrite.py"", ""/home/arjaiswal/Polygeist/issues/aten_c_kernels/results/aten_logaddexp2/debuf.mlir"", ""--dry-run"", ""--matcher-mode"", ""syntactic"", ""--telemetry-json"", ""/home/arjaiswal/Polygeist/issues/equality_saturation_eval/campaign_20260908/aten-aten_logaddexp2-syntactic-ow0hylvd.json"", ""--disable-semantic-fallback""]","== match report for /home/arjaiswal/Polygeist/issues/aten_c_kernels/results/aten_logaddexp2/debuf.mlir ==
  match          body#[0]  cudnnPointwiseGraph_f32
  total: 1 matched / 1 bodies
",0,[],0,0,0,0,/home/arjaiswal/Polygeist/issues/aten_c_kernels/results/aten_logaddexp2/debuf.mlir,2576,0,1,1,370.93088030815125,0,66644,0.026382505893707275,0,0,0,0,"[{""body_indices"": [0], ""symbol"": ""cudnnPointwiseGraph_f32""}]",1,0,6,0.0,6
aten,aten_logcumsumexp_cpu,/home/arjaiswal/Polygeist/issues/aten_c_kernels/results/aten_logcumsumexp_cpu/debuf.mlir,59a15d8ea8be8f294cc04151bd36e044f24026ba0653bf2373e4c032b572339d,syntactic,1,ok,0,768.6222307384014,0,"[""/usr/bin/python3"", ""/home/arjaiswal/Polygeist/scripts/correctness/kernel_match_rewrite.py"", ""/home/arjaiswal/Polygeist/issues/aten_c_kernels/results/aten_logcumsumexp_cpu/debuf.mlir"", ""--dry-run"", ""--matcher-mode"", ""syntactic"", ""--telemetry-json"", ""/home/arjaiswal/Polygeist/issues/equality_saturation_eval/campaign_20260908/aten-aten_logcumsumexp_cpu-syntactic-ndp42c7w.json"", ""--disable-semantic-fallback""]","== match report for /home/arjaiswal/Polygeist/issues/aten_c_kernels/results/aten_logcumsumexp_cpu/debuf.mlir ==
  no_match       body#0  ?
  total: 0 matched / 1 bodies
",0,[],0,0,0,0,/home/arjaiswal/Polygeist/issues/aten_c_kernels/results/aten_logcumsumexp_cpu/debuf.mlir,3630,0,1,0,337.24548667669296,1,66596,0.01422688364982605,0,0,0,0,[],0,0,4,0.0,4
aten,aten_logcumsumexp_cpu,/home/arjaiswal/Polygeist/issues/aten_c_kernels/results/aten_logcumsumexp_cpu/debuf.mlir,59a15d8ea8be8f294cc04151bd36e044f24026ba0653bf2373e4c032b572339d,egglog,1,ok,0,742.7173107862473,0,"[""/usr/bin/python3"", ""/home/arjaiswal/Polygeist/scripts/correctness/kernel_match_rewrite.py"", ""/home/arjaiswal/Polygeist/issues/aten_c_kernels/results/aten_logcumsumexp_cpu/debuf.mlir"", ""--dry-run"", ""--matcher-mode"", ""egglog"", ""--telemetry-json"", ""/home/arjaiswal/Polygeist/issues/equality_saturation_eval/campaign_20260908/aten-aten_logcumsumexp_cpu-egglog-taw_1oo3.json"", ""--disable-semantic-fallback""]","== match report for /home/arjaiswal/Polygeist/issues/aten_c_kernels/results/aten_logcumsumexp_cpu/debuf.mlir ==
  no_match       body#0  ?
  total: 0 matched / 1 bodies
",0,[],0,0,0,0,/home/arjaiswal/Polygeist/issues/aten_c_kernels/results/aten_logcumsumexp_cpu/debuf.mlir,3630,8,1,0,328.051183372736,1,66608,0.0,0,0,0,0,[],0,0,0,0.0,4
aten,aten_logcumsumexp_cpu,/home/arjaiswal/Polygeist/issues/aten_c_kernels/results/aten_logcumsumexp_cpu/debuf.mlir,59a15d8ea8be8f294cc04151bd36e044f24026ba0653bf2373e4c032b572339d,egglog,2,ok,0,772.7456279098988,0,"[""/usr/bin/python3"", ""/home/arjaiswal/Polygeist/scripts/correctness/kernel_match_rewrite.py"", ""/home/arjaiswal/Polygeist/issues/aten_c_kernels/results/aten_logcumsumexp_cpu/debuf.mlir"", ""--dry-run"", ""--matcher-mode"", ""egglog"", ""--telemetry-json"", ""/home/arjaiswal/Polygeist/issues/equality_saturation_eval/campaign_20260908/aten-aten_logcumsumexp_cpu-egglog-rpfhxw9f.json"", ""--disable-semantic-fallback""]","== match report for /home/arjaiswal/Polygeist/issues/aten_c_kernels/results/aten_logcumsumexp_cpu/debuf.mlir ==
  no_match       body#0  ?
  total: 0 matched / 1 bodies
",0,[],0,0,0,0,/home/arjaiswal/Polygeist/issues/aten_c_kernels/results/aten_logcumsumexp_cpu/debuf.mlir,3630,8,1,0,344.0040312707424,1,66420,0.0,0,0,0,0,[],0,0,0,0.0,4
aten,aten_logcumsumexp_cpu,/home/arjaiswal/Polygeist/issues/aten_c_kernels/results/aten_logcumsumexp_cpu/debuf.mlir,59a15d8ea8be8f294cc04151bd36e044f24026ba0653bf2373e4c032b572339d,syntactic,2,ok,0,755.8941766619682,0,"[""/usr/bin/python3"", ""/home/arjaiswal/Polygeist/scripts/correctness/kernel_match_rewrite.py"", ""/home/arjaiswal/Polygeist/issues/aten_c_kernels/results/aten_logcumsumexp_cpu/debuf.mlir"", ""--dry-run"", ""--matcher-mode"", ""syntactic"", ""--telemetry-json"", ""/home/arjaiswal/Polygeist/issues/equality_saturation_eval/campaign_20260908/aten-aten_logcumsumexp_cpu-syntactic-qsqw0tw7.json"", ""--disable-semantic-fallback""]","== match report for /home/arjaiswal/Polygeist/issues/aten_c_kernels/results/aten_logcumsumexp_cpu/debuf.mlir ==
  no_match       body#0  ?
  total: 0 matched / 1 bodies
",0,[],0,0,0,0,/home/arjaiswal/Polygeist/issues/aten_c_kernels/results/aten_logcumsumexp_cpu/debuf.mlir,3630,0,1,0,326.5489749610424,1,66380,0.012014061212539673,0,0,0,0,[],0,0,4,0.0,4
aten,aten_logcumsumexp_cpu,/home/arjaiswal/Polygeist/issues/aten_c_kernels/results/aten_logcumsumexp_cpu/debuf.mlir,59a15d8ea8be8f294cc04151bd36e044f24026ba0653bf2373e4c032b572339d,syntactic,3,ok,0,762.1757835149765,0,"[""/usr/bin/python3"", ""/home/arjaiswal/Polygeist/scripts/correctness/kernel_match_rewrite.py"", ""/home/arjaiswal/Polygeist/issues/aten_c_kernels/results/aten_logcumsumexp_cpu/debuf.mlir"", ""--dry-run"", ""--matcher-mode"", ""syntactic"", ""--telemetry-json"", ""/home/arjaiswal/Polygeist/issues/equality_saturation_eval/campaign_20260908/aten-aten_logcumsumexp_cpu-syntactic-foyupxdg.json"", ""--disable-semantic-fallback""]","== match report for /home/arjaiswal/Polygeist/issues/aten_c_kernels/results/aten_logcumsumexp_cpu/debuf.mlir ==
  no_match       body#0  ?
  total: 0 matched / 1 bodies
",0,[],0,0,0,0,/home/arjaiswal/Polygeist/issues/aten_c_kernels/results/aten_logcumsumexp_cpu/debuf.mlir,3630,0,1,0,327.9520496726036,1,66200,0.01436471939086914,0,0,0,0,[],0,0,4,0.0,4
aten,aten_logcumsumexp_cpu,/home/arjaiswal/Polygeist/issues/aten_c_kernels/results/aten_logcumsumexp_cpu/debuf.mlir,59a15d8ea8be8f294cc04151bd36e044f24026ba0653bf2373e4c032b572339d,egglog,3,ok,0,781.585730612278,0,"[""/usr/bin/python3"", ""/home/arjaiswal/Polygeist/scripts/correctness/kernel_match_rewrite.py"", ""/home/arjaiswal/Polygeist/issues/aten_c_kernels/results/aten_logcumsumexp_cpu/debuf.mlir"", ""--dry-run"", ""--matcher-mode"", ""egglog"", ""--telemetry-json"", ""/home/arjaiswal/Polygeist/issues/equality_saturation_eval/campaign_20260908/aten-aten_logcumsumexp_cpu-egglog-npbs7qbt.json"", ""--disable-semantic-fallback""]","== match report for /home/arjaiswal/Polygeist/issues/aten_c_kernels/results/aten_logcumsumexp_cpu/debuf.mlir ==
  no_match       body#0  ?
  total: 0 matched / 1 bodies
",0,[],0,0,0,0,/home/arjaiswal/Polygeist/issues/aten_c_kernels/results/aten_logcumsumexp_cpu/debuf.mlir,3630,8,1,0,320.21259516477585,1,66416,0.0,0,0,0,0,[],0,0,0,0.0,4
aten,aten_logcumsumexp_cpu,/home/arjaiswal/Polygeist/issues/aten_c_kernels/results/aten_logcumsumexp_cpu/debuf.mlir,59a15d8ea8be8f294cc04151bd36e044f24026ba0653bf2373e4c032b572339d,egglog,4,ok,0,755.7887025177479,0,"[""/usr/bin/python3"", ""/home/arjaiswal/Polygeist/scripts/correctness/kernel_match_rewrite.py"", ""/home/arjaiswal/Polygeist/issues/aten_c_kernels/results/aten_logcumsumexp_cpu/debuf.mlir"", ""--dry-run"", ""--matcher-mode"", ""egglog"", ""--telemetry-json"", ""/home/arjaiswal/Polygeist/issues/equality_saturation_eval/campaign_20260908/aten-aten_logcumsumexp_cpu-egglog-fkbepsu8.json"", ""--disable-semantic-fallback""]","== match report for /home/arjaiswal/Polygeist/issues/aten_c_kernels/results/aten_logcumsumexp_cpu/debuf.mlir ==
  no_match       body#0  ?
  total: 0 matched / 1 bodies
",0,[],0,0,0,0,/home/arjaiswal/Polygeist/issues/aten_c_kernels/results/aten_logcumsumexp_cpu/debuf.mlir,3630,8,1,0,339.49626609683037,1,66464,0.0,0,0,0,0,[],0,0,0,0.0,4
aten,aten_logcumsumexp_cpu,/home/arjaiswal/Polygeist/issues/aten_c_kernels/results/aten_logcumsumexp_cpu/debuf.mlir,59a15d8ea8be8f294cc04151bd36e044f24026ba0653bf2373e4c032b572339d,syntactic,4,ok,0,745.8460479974747,0,"[""/usr/bin/python3"", ""/home/arjaiswal/Polygeist/scripts/correctness/kernel_match_rewrite.py"", ""/home/arjaiswal/Polygeist/issues/aten_c_kernels/results/aten_logcumsumexp_cpu/debuf.mlir"", ""--dry-run"", ""--matcher-mode"", ""syntactic"", ""--telemetry-json"", ""/home/arjaiswal/Polygeist/issues/equality_saturation_eval/campaign_20260908/aten-aten_logcumsumexp_cpu-syntactic-n_ngjabv.json"", ""--disable-semantic-fallback""]","== match report for /home/arjaiswal/Polygeist/issues/aten_c_kernels/results/aten_logcumsumexp_cpu/debuf.mlir ==
  no_match       body#0  ?
  total: 0 matched / 1 bodies
",0,[],0,0,0,0,/home/arjaiswal/Polygeist/issues/aten_c_kernels/results/aten_logcumsumexp_cpu/debuf.mlir,3630,0,1,0,318.6946362257004,1,66452,0.012274831533432007,0,0,0,0,[],0,0,4,0.0,4
aten,aten_logcumsumexp_cpu,/home/arjaiswal/Polygeist/issues/aten_c_kernels/results/aten_logcumsumexp_cpu/debuf.mlir,59a15d8ea8be8f294cc04151bd36e044f24026ba0653bf2373e4c032b572339d,syntactic,5,ok,0,756.8968646228313,0,"[""/usr/bin/python3"", ""/home/arjaiswal/Polygeist/scripts/correctness/kernel_match_rewrite.py"", ""/home/arjaiswal/Polygeist/issues/aten_c_kernels/results/aten_logcumsumexp_cpu/debuf.mlir"", ""--dry-run"", ""--matcher-mode"", ""syntactic"", ""--telemetry-json"", ""/home/arjaiswal/Polygeist/issues/equality_saturation_eval/campaign_20260908/aten-aten_logcumsumexp_cpu-syntactic-prfa2x75.json"", ""--disable-semantic-fallback""]","== match report for /home/arjaiswal/Polygeist/issues/aten_c_kernels/results/aten_logcumsumexp_cpu/debuf.mlir ==
  no_match       body#0  ?
  total: 0 matched / 1 bodies
",0,[],0,0,0,0,/home/arjaiswal/Polygeist/issues/aten_c_kernels/results/aten_logcumsumexp_cpu/debuf.mlir,3630,0,1,0,309.05595421791077,1,66536,0.010162591934204102,0,0,0,0,[],0,0,4,0.0,4
aten,aten_logcumsumexp_cpu,/home/arjaiswal/Polygeist/issues/aten_c_kernels/results/aten_logcumsumexp_cpu/debuf.mlir,59a15d8ea8be8f294cc04151bd36e044f24026ba0653bf2373e4c032b572339d,egglog,5,ok,0,729.6641916036606,0,"[""/usr/bin/python3"", ""/home/arjaiswal/Polygeist/scripts/correctness/kernel_match_rewrite.py"", ""/home/arjaiswal/Polygeist/issues/aten_c_kernels/results/aten_logcumsumexp_cpu/debuf.mlir"", ""--dry-run"", ""--matcher-mode"", ""egglog"", ""--telemetry-json"", ""/home/arjaiswal/Polygeist/issues/equality_saturation_eval/campaign_20260908/aten-aten_logcumsumexp_cpu-egglog-9nly6pud.json"", ""--disable-semantic-fallback""]","== match report for /home/arjaiswal/Polygeist/issues/aten_c_kernels/results/aten_logcumsumexp_cpu/debuf.mlir ==
  no_match       body#0  ?
  total: 0 matched / 1 bodies
",0,[],0,0,0,0,/home/arjaiswal/Polygeist/issues/aten_c_kernels/results/aten_logcumsumexp_cpu/debuf.mlir,3630,8,1,0,313.6111907660961,1,66644,0.0,0,0,0,0,[],0,0,0,0.0,4
aten,aten_logical_and,/home/arjaiswal/Polygeist/issues/aten_c_kernels/results/aten_logical_and/debuf.mlir,019e2f9d05e0eb7ece80f48f93892d8485482a8ccdcd0d7f883f104b77fa288d,egglog,1,ok,0,781.196765601635,0,"[""/usr/bin/python3"", ""/home/arjaiswal/Polygeist/scripts/correctness/kernel_match_rewrite.py"", ""/home/arjaiswal/Polygeist/issues/aten_c_kernels/results/aten_logical_and/debuf.mlir"", ""--dry-run"", ""--matcher-mode"", ""egglog"", ""--telemetry-json"", ""/home/arjaiswal/Polygeist/issues/equality_saturation_eval/campaign_20260908/aten-aten_logical_and-egglog-zi3r0v_j.json"", ""--disable-semantic-fallback""]","== match report for /home/arjaiswal/Polygeist/issues/aten_c_kernels/results/aten_logical_and/debuf.mlir ==
  no_match       body#0  ?
  total: 0 matched / 1 bodies
",0,[],0,0,0,0,/home/arjaiswal/Polygeist/issues/aten_c_kernels/results/aten_logical_and/debuf.mlir,2141,8,1,0,369.687344878912,1,65904,0.0,0,0,0,0,[],0,0,0,0.0,8
aten,aten_logical_and,/home/arjaiswal/Polygeist/issues/aten_c_kernels/results/aten_logical_and/debuf.mlir,019e2f9d05e0eb7ece80f48f93892d8485482a8ccdcd0d7f883f104b77fa288d,syntactic,1,ok,0,741.1633990705013,0,"[""/usr/bin/python3"", ""/home/arjaiswal/Polygeist/scripts/correctness/kernel_match_rewrite.py"", ""/home/arjaiswal/Polygeist/issues/aten_c_kernels/results/aten_logical_and/debuf.mlir"", ""--dry-run"", ""--matcher-mode"", ""syntactic"", ""--telemetry-json"", ""/home/arjaiswal/Polygeist/issues/equality_saturation_eval/campaign_20260908/aten-aten_logical_and-syntactic-7uy91hbm.json"", ""--disable-semantic-fallback""]","== match report for /home/arjaiswal/Polygeist/issues/aten_c_kernels/results/aten_logical_and/debuf.mlir ==
  no_match       body#0  ?
  total: 0 matched / 1 bodies
",0,[],0,0,0,0,/home/arjaiswal/Polygeist/issues/aten_c_kernels/results/aten_logical_and/debuf.mlir,2141,0,1,0,317.44470447301865,1,65948,0.0330023467540741,0,0,0,0,[],0,0,8,0.0,8
aten,aten_logical_and,/home/arjaiswal/Polygeist/issues/aten_c_kernels/results/aten_logical_and/debuf.mlir,019e2f9d05e0eb7ece80f48f93892d8485482a8ccdcd0d7f883f104b77fa288d,syntactic,2,ok,0,768.7275893986225,0,"[""/usr/bin/python3"", ""/home/arjaiswal/Polygeist/scripts/correctness/kernel_match_rewrite.py"", ""/home/arjaiswal/Polygeist/issues/aten_c_kernels/results/aten_logical_and/debuf.mlir"", ""--dry-run"", ""--matcher-mode"", ""syntactic"", ""--telemetry-json"", ""/home/arjaiswal/Polygeist/issues/equality_saturation_eval/campaign_20260908/aten-aten_logical_and-syntactic-4v_osp8u.json"", ""--disable-semantic-fallback""]","== match report for /home/arjaiswal/Polygeist/issues/aten_c_kernels/results/aten_logical_and/debuf.mlir ==
  no_match       body#0  ?
  total: 0 matched / 1 bodies
",0,[],0,0,0,0,/home/arjaiswal/Polygeist/issues/aten_c_kernels/results/aten_logical_and/debuf.mlir,2141,0,1,0,335.56774258613586,1,65856,0.03622099757194519,0,0,0,0,[],0,0,8,0.0,8
aten,aten_logical_and,/home/arjaiswal/Polygeist/issues/aten_c_kernels/results/aten_logical_and/debuf.mlir,019e2f9d05e0eb7ece80f48f93892d8485482a8ccdcd0d7f883f104b77fa288d,egglog,2,ok,0,733.5755117237568,0,"[""/usr/bin/python3"", ""/home/arjaiswal/Polygeist/scripts/correctness/kernel_match_rewrite.py"", ""/home/arjaiswal/Polygeist/issues/aten_c_kernels/results/aten_logical_and/debuf.mlir"", ""--dry-run"", ""--matcher-mode"", ""egglog"", ""--telemetry-json"", ""/home/arjaiswal/Polygeist/issues/equality_saturation_eval/campaign_20260908/aten-aten_logical_and-egglog-_esticqq.json"", ""--disable-semantic-fallback""]","== match report for /home/arjaiswal/Polygeist/issues/aten_c_kernels/results/aten_logical_and/debuf.mlir ==
  no_match       body#0  ?
  total: 0 matched / 1 bodies
",0,[],0,0,0,0,/home/arjaiswal/Polygeist/issues/aten_c_kernels/results/aten_logical_and/debuf.mlir,2141,8,1,0,315.2877725660801,1,66040,0.0,0,0,0,0,[],0,0,0,0.0,8
aten,aten_logical_and,/home/arjaiswal/Polygeist/issues/aten_c_kernels/results/aten_logical_and/debuf.mlir,019e2f9d05e0eb7ece80f48f93892d8485482a8ccdcd0d7f883f104b77fa288d,egglog,3,ok,0,729.2560189962387,0,"[""/usr/bin/python3"", ""/home/arjaiswal/Polygeist/scripts/correctness/kernel_match_rewrite.py"", ""/home/arjaiswal/Polygeist/issues/aten_c_kernels/results/aten_logical_and/debuf.mlir"", ""--dry-run"", ""--matcher-mode"", ""egglog"", ""--telemetry-json"", ""/home/arjaiswal/Polygeist/issues/equality_saturation_eval/campaign_20260908/aten-aten_logical_and-egglog-v61c6u0i.json"", ""--disable-semantic-fallback""]","== match report for /home/arjaiswal/Polygeist/issues/aten_c_kernels/results/aten_logical_and/debuf.mlir ==
  no_match       body#0  ?
  total: 0 matched / 1 bodies
",0,[],0,0,0,0,/home/arjaiswal/Polygeist/issues/aten_c_kernels/results/aten_logical_and/debuf.mlir,2141,8,1,0,311.9639828801155,1,65988,0.0,0,0,0,0,[],0,0,0,0.0,8
aten,aten_logical_and,/home/arjaiswal/Polygeist/issues/aten_c_kernels/results/aten_logical_and/debuf.mlir,019e2f9d05e0eb7ece80f48f93892d8485482a8ccdcd0d7f883f104b77fa288d,syntactic,3,ok,0,769.9876390397549,0,"[""/usr/bin/python3"", ""/home/arjaiswal/Polygeist/scripts/correctness/kernel_match_rewrite.py"", ""/home/arjaiswal/Polygeist/issues/aten_c_kernels/results/aten_logical_and/debuf.mlir"", ""--dry-run"", ""--matcher-mode"", ""syntactic"", ""--telemetry-json"", ""/home/arjaiswal/Polygeist/issues/equality_saturation_eval/campaign_20260908/aten-aten_logical_and-syntactic-vdqof372.json"", ""--disable-semantic-fallback""]","== match report for /home/arjaiswal/Polygeist/issues/aten_c_kernels/results/aten_logical_and/debuf.mlir ==
  no_match       body#0  ?
  total: 0 matched / 1 bodies
",0,[],0,0,0,0,/home/arjaiswal/Polygeist/issues/aten_c_kernels/results/aten_logical_and/debuf.mlir,2141,0,1,0,335.6207050383091,1,66180,0.03612414002418518,0,0,0,0,[],0,0,8,0.0,8
aten,aten_logical_and,/home/arjaiswal/Polygeist/issues/aten_c_kernels/results/aten_logical_and/debuf.mlir,019e2f9d05e0eb7ece80f48f93892d8485482a8ccdcd0d7f883f104b77fa288d,syntactic,4,ok,0,722.5588522851467,0,"[""/usr/bin/python3"", ""/home/arjaiswal/Polygeist/scripts/correctness/kernel_match_rewrite.py"", ""/home/arjaiswal/Polygeist/issues/aten_c_kernels/results/aten_logical_and/debuf.mlir"", ""--dry-run"", ""--matcher-mode"", ""syntactic"", ""--telemetry-json"", ""/home/arjaiswal/Polygeist/issues/equality_saturation_eval/campaign_20260908/aten-aten_logical_and-syntactic-4wdgs1vu.json"", ""--disable-semantic-fallback""]","== match report for /home/arjaiswal/Polygeist/issues/aten_c_kernels/results/aten_logical_and/debuf.mlir ==
  no_match       body#0  ?
  total: 0 matched / 1 bodies
",0,[],0,0,0,0,/home/arjaiswal/Polygeist/issues/aten_c_kernels/results/aten_logical_and/debuf.mlir,2141,0,1,0,305.0767183303833,1,65852,0.03257766366004944,0,0,0,0,[],0,0,8,0.0,8
aten,aten_logical_and,/home/arjaiswal/Polygeist/issues/aten_c_kernels/results/aten_logical_and/debuf.mlir,019e2f9d05e0eb7ece80f48f93892d8485482a8ccdcd0d7f883f104b77fa288d,egglog,4,ok,0,740.322221070528,0,"[""/usr/bin/python3"", ""/home/arjaiswal/Polygeist/scripts/correctness/kernel_match_rewrite.py"", ""/home/arjaiswal/Polygeist/issues/aten_c_kernels/results/aten_logical_and/debuf.mlir"", ""--dry-run"", ""--matcher-mode"", ""egglog"", ""--telemetry-json"", ""/home/arjaiswal/Polygeist/issues/equality_saturation_eval/campaign_20260908/aten-aten_logical_and-egglog-q5xs15ca.json"", ""--disable-semantic-fallback""]","== match report for /home/arjaiswal/Polygeist/issues/aten_c_kernels/results/aten_logical_and/debuf.mlir ==
  no_match       body#0  ?
  total: 0 matched / 1 bodies
",0,[],0,0,0,0,/home/arjaiswal/Polygeist/issues/aten_c_kernels/results/aten_logical_and/debuf.mlir,2141,8,1,0,317.2106109559536,1,65720,0.0,0,0,0,0,[],0,0,0,0.0,8
aten,aten_logical_and,/home/arjaiswal/Polygeist/issues/aten_c_kernels/results/aten_logical_and/debuf.mlir,019e2f9d05e0eb7ece80f48f93892d8485482a8ccdcd0d7f883f104b77fa288d,egglog,5,ok,0,735.0382171571255,0,"[""/usr/bin/python3"", ""/home/arjaiswal/Polygeist/scripts/correctness/kernel_match_rewrite.py"", ""/home/arjaiswal/Polygeist/issues/aten_c_kernels/results/aten_logical_and/debuf.mlir"", ""--dry-run"", ""--matcher-mode"", ""egglog"", ""--telemetry-json"", ""/home/arjaiswal/Polygeist/issues/equality_saturation_eval/campaign_20260908/aten-aten_logical_and-egglog-n9vzsjrd.json"", ""--disable-semantic-fallback""]","== match report for /home/arjaiswal/Polygeist/issues/aten_c_kernels/results/aten_logical_and/debuf.mlir ==
  no_match       body#0  ?
  total: 0 matched / 1 bodies
",0,[],0,0,0,0,/home/arjaiswal/Polygeist/issues/aten_c_kernels/results/aten_logical_and/debuf.mlir,2141,8,1,0,316.41735881567,1,65616,0.0,0,0,0,0,[],0,0,0,0.0,8
aten,aten_logical_and,/home/arjaiswal/Polygeist/issues/aten_c_kernels/results/aten_logical_and/debuf.mlir,019e2f9d05e0eb7ece80f48f93892d8485482a8ccdcd0d7f883f104b77fa288d,syntactic,5,ok,0,712.9643820226192,0,"[""/usr/bin/python3"", ""/home/arjaiswal/Polygeist/scripts/correctness/kernel_match_rewrite.py"", ""/home/arjaiswal/Polygeist/issues/aten_c_kernels/results/aten_logical_and/debuf.mlir"", ""--dry-run"", ""--matcher-mode"", ""syntactic"", ""--telemetry-json"", ""/home/arjaiswal/Polygeist/issues/equality_saturation_eval/campaign_20260908/aten-aten_logical_and-syntactic-69gbp2ih.json"", ""--disable-semantic-fallback""]","== match report for /home/arjaiswal/Polygeist/issues/aten_c_kernels/results/aten_logical_and/debuf.mlir ==
  no_match       body#0  ?
  total: 0 matched / 1 bodies
",0,[],0,0,0,0,/home/arjaiswal/Polygeist/issues/aten_c_kernels/results/aten_logical_and/debuf.mlir,2141,0,1,0,309.7648210823536,1,66024,0.03372505307197571,0,0,0,0,[],0,0,8,0.0,8
aten,aten_logical_not_f32,/home/arjaiswal/Polygeist/issues/aten_c_kernels/results/aten_logical_not_f32/debuf.mlir,e7dd9a8d30e9f412d694ab859e4ced5b4ac5da42de63a939963df075d123c309,syntactic,1,ok,0,915.9055165946484,0,"[""/usr/bin/python3"", ""/home/arjaiswal/Polygeist/scripts/correctness/kernel_match_rewrite.py"", ""/home/arjaiswal/Polygeist/issues/aten_c_kernels/results/aten_logical_not_f32/debuf.mlir"", ""--dry-run"", ""--matcher-mode"", ""syntactic"", ""--telemetry-json"", ""/home/arjaiswal/Polygeist/issues/equality_saturation_eval/campaign_20260908/aten-aten_logical_not_f32-syntactic-73awmhe4.json"", ""--disable-semantic-fallback""]","== match report for /home/arjaiswal/Polygeist/issues/aten_c_kernels/results/aten_logical_not_f32/debuf.mlir ==
  no_match       body#0  ?
  total: 0 matched / 1 bodies
",0,[],0,0,0,0,/home/arjaiswal/Polygeist/issues/aten_c_kernels/results/aten_logical_not_f32/debuf.mlir,1977,0,1,0,483.8404878973961,1,65908,0.12226775288581848,0,0,0,0,[],0,0,56,0.0,56
aten,aten_logical_not_f32,/home/arjaiswal/Polygeist/issues/aten_c_kernels/results/aten_logical_not_f32/debuf.mlir,e7dd9a8d30e9f412d694ab859e4ced5b4ac5da42de63a939963df075d123c309,egglog,1,ok,0,932.5759299099445,0,"[""/usr/bin/python3"", ""/home/arjaiswal/Polygeist/scripts/correctness/kernel_match_rewrite.py"", ""/home/arjaiswal/Polygeist/issues/aten_c_kernels/results/aten_logical_not_f32/debuf.mlir"", ""--dry-run"", ""--matcher-mode"", ""egglog"", ""--telemetry-json"", ""/home/arjaiswal/Polygeist/issues/equality_saturation_eval/campaign_20260908/aten-aten_logical_not_f32-egglog-zbc023wh.json"", ""--disable-semantic-fallback""]","== match report for /home/arjaiswal/Polygeist/issues/aten_c_kernels/results/aten_logical_not_f32/debuf.mlir ==
  no_match       body#0  ?
  total: 0 matched / 1 bodies
",0,[],0,0,0,0,/home/arjaiswal/Polygeist/issues/aten_c_kernels/results/aten_logical_not_f32/debuf.mlir,1977,8,1,0,508.12019035220146,1,66112,0.0,0,0,0,0,[],0,0,0,0.0,56
aten,aten_logical_not_f32,/home/arjaiswal/Polygeist/issues/aten_c_kernels/results/aten_logical_not_f32/debuf.mlir,e7dd9a8d30e9f412d694ab859e4ced5b4ac5da42de63a939963df075d123c309,egglog,2,ok,0,898.9470154047012,0,"[""/usr/bin/python3"", ""/home/arjaiswal/Polygeist/scripts/correctness/kernel_match_rewrite.py"", ""/home/arjaiswal/Polygeist/issues/aten_c_kernels/results/aten_logical_not_f32/debuf.mlir"", ""--dry-run"", ""--matcher-mode"", ""egglog"", ""--telemetry-json"", ""/home/arjaiswal/Polygeist/issues/equality_saturation_eval/campaign_20260908/aten-aten_logical_not_f32-egglog-ra7qcx6h.json"", ""--disable-semantic-fallback""]","== match report for /home/arjaiswal/Polygeist/issues/aten_c_kernels/results/aten_logical_not_f32/debuf.mlir ==
  no_match       body#0  ?
  total: 0 matched / 1 bodies
",0,[],0,0,0,0,/home/arjaiswal/Polygeist/issues/aten_c_kernels/results/aten_logical_not_f32/debuf.mlir,1977,8,1,0,483.4737032651901,1,65888,0.0,0,0,0,0,[],0,0,0,0.0,56
aten,aten_logical_not_f32,/home/arjaiswal/Polygeist/issues/aten_c_kernels/results/aten_logical_not_f32/debuf.mlir,e7dd9a8d30e9f412d694ab859e4ced5b4ac5da42de63a939963df075d123c309,syntactic,2,ok,0,912.9565432667732,0,"[""/usr/bin/python3"", ""/home/arjaiswal/Polygeist/scripts/correctness/kernel_match_rewrite.py"", ""/home/arjaiswal/Polygeist/issues/aten_c_kernels/results/aten_logical_not_f32/debuf.mlir"", ""--dry-run"", ""--matcher-mode"", ""syntactic"", ""--telemetry-json"", ""/home/arjaiswal/Polygeist/issues/equality_saturation_eval/campaign_20260908/aten-aten_logical_not_f32-syntactic-32hvussj.json"", ""--disable-semantic-fallback""]","== match report for /home/arjaiswal/Polygeist/issues/aten_c_kernels/results/aten_logical_not_f32/debuf.mlir ==
  no_match       body#0  ?
  total: 0 matched / 1 bodies
",0,[],0,0,0,0,/home/arjaiswal/Polygeist/issues/aten_c_kernels/results/aten_logical_not_f32/debuf.mlir,1977,0,1,0,479.9768924713135,1,65848,0.11933967471122742,0,0,0,0,[],0,0,56,0.0,56
aten,aten_logical_not_f32,/home/arjaiswal/Polygeist/issues/aten_c_kernels/results/aten_logical_not_f32/debuf.mlir,e7dd9a8d30e9f412d694ab859e4ced5b4ac5da42de63a939963df075d123c309,syntactic,3,ok,0,897.7964967489243,0,"[""/usr/bin/python3"", ""/home/arjaiswal/Polygeist/scripts/correctness/kernel_match_rewrite.py"", ""/home/arjaiswal/Polygeist/issues/aten_c_kernels/results/aten_logical_not_f32/debuf.mlir"", ""--dry-run"", ""--matcher-mode"", ""syntactic"", ""--telemetry-json"", ""/home/arjaiswal/Polygeist/issues/equality_saturation_eval/campaign_20260908/aten-aten_logical_not_f32-syntactic-sqnc92ed.json"", ""--disable-semantic-fallback""]","== match report for /home/arjaiswal/Polygeist/issues/aten_c_kernels/results/aten_logical_not_f32/debuf.mlir ==
  no_match       body#0  ?
  total: 0 matched / 1 bodies
",0,[],0,0,0,0,/home/arjaiswal/Polygeist/issues/aten_c_kernels/results/aten_logical_not_f32/debuf.mlir,1977,0,1,0,482.6112687587738,1,65760,0.12399628758430481,0,0,0,0,[],0,0,56,0.0,56
aten,aten_logical_not_f32,/home/arjaiswal/Polygeist/issues/aten_c_kernels/results/aten_logical_not_f32/debuf.mlir,e7dd9a8d30e9f412d694ab859e4ced5b4ac5da42de63a939963df075d123c309,egglog,3,ok,0,906.635232269764,0,"[""/usr/bin/python3"", ""/home/arjaiswal/Polygeist/scripts/correctness/kernel_match_rewrite.py"", ""/home/arjaiswal/Polygeist/issues/aten_c_kernels/results/aten_logical_not_f32/debuf.mlir"", ""--dry-run"", ""--matcher-mode"", ""egglog"", ""--telemetry-json"", ""/home/arjaiswal/Polygeist/issues/equality_saturation_eval/campaign_20260908/aten-aten_logical_not_f32-egglog-b_x3dgxy.json"", ""--disable-semantic-fallback""]","== match report for /home/arjaiswal/Polygeist/issues/aten_c_kernels/results/aten_logical_not_f32/debuf.mlir ==
  no_match       body#0  ?
  total: 0 matched / 1 bodies
",0,[],0,0,0,0,/home/arjaiswal/Polygeist/issues/aten_c_kernels/results/aten_logical_not_f32/debuf.mlir,1977,8,1,0,489.79947715997696,1,65900,0.0,0,0,0,0,[],0,0,0,0.0,56
aten,aten_logical_not_f32,/home/arjaiswal/Polygeist/issues/aten_c_kernels/results/aten_logical_not_f32/debuf.mlir,e7dd9a8d30e9f412d694ab859e4ced5b4ac5da42de63a939963df075d123c309,egglog,4,ok,0,899.3229754269123,0,"[""/usr/bin/python3"", ""/home/arjaiswal/Polygeist/scripts/correctness/kernel_match_rewrite.py"", ""/home/arjaiswal/Polygeist/issues/aten_c_kernels/results/aten_logical_not_f32/debuf.mlir"", ""--dry-run"", ""--matcher-mode"", ""egglog"", ""--telemetry-json"", ""/home/arjaiswal/Polygeist/issues/equality_saturation_eval/campaign_20260908/aten-aten_logical_not_f32-egglog-tdoiek2l.json"", ""--disable-semantic-fallback""]","== match report for /home/arjaiswal/Polygeist/issues/aten_c_kernels/results/aten_logical_not_f32/debuf.mlir ==
  no_match       body#0  ?
  total: 0 matched / 1 bodies
",0,[],0,0,0,0,/home/arjaiswal/Polygeist/issues/aten_c_kernels/results/aten_logical_not_f32/debuf.mlir,1977,8,1,0,486.10325530171394,1,66024,0.0,0,0,0,0,[],0,0,0,0.0,56
aten,aten_logical_not_f32,/home/arjaiswal/Polygeist/issues/aten_c_kernels/results/aten_logical_not_f32/debuf.mlir,e7dd9a8d30e9f412d694ab859e4ced5b4ac5da42de63a939963df075d123c309,syntactic,4,ok,0,908.8683761656284,0,"[""/usr/bin/python3"", ""/home/arjaiswal/Polygeist/scripts/correctness/kernel_match_rewrite.py"", ""/home/arjaiswal/Polygeist/issues/aten_c_kernels/results/aten_logical_not_f32/debuf.mlir"", ""--dry-run"", ""--matcher-mode"", ""syntactic"", ""--telemetry-json"", ""/home/arjaiswal/Polygeist/issues/equality_saturation_eval/campaign_20260908/aten-aten_logical_not_f32-syntactic-puzae1iv.json"", ""--disable-semantic-fallback""]","== match report for /home/arjaiswal/Polygeist/issues/aten_c_kernels/results/aten_logical_not_f32/debuf.mlir ==
  no_match       body#0  ?
  total: 0 matched / 1 bodies
",0,[],0,0,0,0,/home/arjaiswal/Polygeist/issues/aten_c_kernels/results/aten_logical_not_f32/debuf.mlir,1977,0,1,0,492.41427704691887,1,65888,0.13180822134017944,0,0,0,0,[],0,0,56,0.0,56
aten,aten_logical_not_f32,/home/arjaiswal/Polygeist/issues/aten_c_kernels/results/aten_logical_not_f32/debuf.mlir,e7dd9a8d30e9f412d694ab859e4ced5b4ac5da42de63a939963df075d123c309,syntactic,5,ok,0,939.3318481743336,0,"[""/usr/bin/python3"", ""/home/arjaiswal/Polygeist/scripts/correctness/kernel_match_rewrite.py"", ""/home/arjaiswal/Polygeist/issues/aten_c_kernels/results/aten_logical_not_f32/debuf.mlir"", ""--dry-run"", ""--matcher-mode"", ""syntactic"", ""--telemetry-json"", ""/home/arjaiswal/Polygeist/issues/equality_saturation_eval/campaign_20260908/aten-aten_logical_not_f32-syntactic-owpmuqrf.json"", ""--disable-semantic-fallback""]","== match report for /home/arjaiswal/Polygeist/issues/aten_c_kernels/results/aten_logical_not_f32/debuf.mlir ==
  no_match       body#0  ?
  total: 0 matched / 1 bodies
",0,[],0,0,0,0,/home/arjaiswal/Polygeist/issues/aten_c_kernels/results/aten_logical_not_f32/debuf.mlir,1977,0,1,0,505.76675310730934,1,66000,0.127498060464859,0,0,0,0,[],0,0,56,0.0,56
aten,aten_logical_not_f32,/home/arjaiswal/Polygeist/issues/aten_c_kernels/results/aten_logical_not_f32/debuf.mlir,e7dd9a8d30e9f412d694ab859e4ced5b4ac5da42de63a939963df075d123c309,egglog,5,ok,0,898.7111002206802,0,"[""/usr/bin/python3"", ""/home/arjaiswal/Polygeist/scripts/correctness/kernel_match_rewrite.py"", ""/home/arjaiswal/Polygeist/issues/aten_c_kernels/results/aten_logical_not_f32/debuf.mlir"", ""--dry-run"", ""--matcher-mode"", ""egglog"", ""--telemetry-json"", ""/home/arjaiswal/Polygeist/issues/equality_saturation_eval/campaign_20260908/aten-aten_logical_not_f32-egglog-381x_ie_.json"", ""--disable-semantic-fallback""]","== match report for /home/arjaiswal/Polygeist/issues/aten_c_kernels/results/aten_logical_not_f32/debuf.mlir ==
  no_match       body#0  ?
  total: 0 matched / 1 bodies
",0,[],0,0,0,0,/home/arjaiswal/Polygeist/issues/aten_c_kernels/results/aten_logical_not_f32/debuf.mlir,1977,8,1,0,485.10145023465157,1,66012,0.0,0,0,0,0,[],0,0,0,0.0,56
aten,aten_logical_or,/home/arjaiswal/Polygeist/issues/aten_c_kernels/results/aten_logical_or/debuf.mlir,0c580c633cba25fe42c1b23ab338f968edd0aecda4fe6eafd63d178b57108eb3,egglog,1,ok,0,730.3495965898037,0,"[""/usr/bin/python3"", ""/home/arjaiswal/Polygeist/scripts/correctness/kernel_match_rewrite.py"", ""/home/arjaiswal/Polygeist/issues/aten_c_kernels/results/aten_logical_or/debuf.mlir"", ""--dry-run"", ""--matcher-mode"", ""egglog"", ""--telemetry-json"", ""/home/arjaiswal/Polygeist/issues/equality_saturation_eval/campaign_20260908/aten-aten_logical_or-egglog-oy_kxm7d.json"", ""--disable-semantic-fallback""]","== match report for /home/arjaiswal/Polygeist/issues/aten_c_kernels/results/aten_logical_or/debuf.mlir ==
  no_match       body#0  ?
  total: 0 matched / 1 bodies
",0,[],0,0,0,0,/home/arjaiswal/Polygeist/issues/aten_c_kernels/results/aten_logical_or/debuf.mlir,2137,8,1,0,307.9088255763054,1,66052,0.0,0,0,0,0,[],0,0,0,0.0,8
aten,aten_logical_or,/home/arjaiswal/Polygeist/issues/aten_c_kernels/results/aten_logical_or/debuf.mlir,0c580c633cba25fe42c1b23ab338f968edd0aecda4fe6eafd63d178b57108eb3,syntactic,1,ok,0,839.5356871187687,0,"[""/usr/bin/python3"", ""/home/arjaiswal/Polygeist/scripts/correctness/kernel_match_rewrite.py"", ""/home/arjaiswal/Polygeist/issues/aten_c_kernels/results/aten_logical_or/debuf.mlir"", ""--dry-run"", ""--matcher-mode"", ""syntactic"", ""--telemetry-json"", ""/home/arjaiswal/Polygeist/issues/equality_saturation_eval/campaign_20260908/aten-aten_logical_or-syntactic-lfe87u8g.json"", ""--disable-semantic-fallback""]","== match report for /home/arjaiswal/Polygeist/issues/aten_c_kernels/results/aten_logical_or/debuf.mlir ==
  no_match       body#0  ?
  total: 0 matched / 1 bodies
",0,[],0,0,0,0,/home/arjaiswal/Polygeist/issues/aten_c_kernels/results/aten_logical_or/debuf.mlir,2137,0,1,0,388.2213570177555,1,65900,0.06375834345817566,0,0,0,0,[],0,0,8,0.0,8
aten,aten_logical_or,/home/arjaiswal/Polygeist/issues/aten_c_kernels/results/aten_logical_or/debuf.mlir,0c580c633cba25fe42c1b23ab338f968edd0aecda4fe6eafd63d178b57108eb3,syntactic,2,ok,0,753.5049207508564,0,"[""/usr/bin/python3"", ""/home/arjaiswal/Polygeist/scripts/correctness/kernel_match_rewrite.py"", ""/home/arjaiswal/Polygeist/issues/aten_c_kernels/results/aten_logical_or/debuf.mlir"", ""--dry-run"", ""--matcher-mode"", ""syntactic"", ""--telemetry-json"", ""/home/arjaiswal/Polygeist/issues/equality_saturation_eval/campaign_20260908/aten-aten_logical_or-syntactic-yi9y0nk7.json"", ""--disable-semantic-fallback""]","== match report for /home/arjaiswal/Polygeist/issues/aten_c_kernels/results/aten_logical_or/debuf.mlir ==
  no_match       body#0  ?
  total: 0 matched / 1 bodies
",0,[],0,0,0,0,/home/arjaiswal/Polygeist/issues/aten_c_kernels/results/aten_logical_or/debuf.mlir,2137,0,1,0,340.25445580482483,1,66048,0.03356859087944031,0,0,0,0,[],0,0,8,0.0,8
aten,aten_logical_or,/home/arjaiswal/Polygeist/issues/aten_c_kernels/results/aten_logical_or/debuf.mlir,0c580c633cba25fe42c1b23ab338f968edd0aecda4fe6eafd63d178b57108eb3,egglog,2,ok,0,786.4190265536308,0,"[""/usr/bin/python3"", ""/home/arjaiswal/Polygeist/scripts/correctness/kernel_match_rewrite.py"", ""/home/arjaiswal/Polygeist/issues/aten_c_kernels/results/aten_logical_or/debuf.mlir"", ""--dry-run"", ""--matcher-mode"", ""egglog"", ""--telemetry-json"", ""/home/arjaiswal/Polygeist/issues/equality_saturation_eval/campaign_20260908/aten-aten_logical_or-egglog-_e_avf24.json"", ""--disable-semantic-fallback""]","== match report for /home/arjaiswal/Polygeist/issues/aten_c_kernels/results/aten_logical_or/debuf.mlir ==
  no_match       body#0  ?
  total: 0 matched / 1 bodies
",0,[],0,0,0,0,/home/arjaiswal/Polygeist/issues/aten_c_kernels/results/aten_logical_or/debuf.mlir,2137,8,1,0,347.8839322924614,1,66068,0.0,0,0,0,0,[],0,0,0,0.0,8
aten,aten_logical_or,/home/arjaiswal/Polygeist/issues/aten_c_kernels/results/aten_logical_or/debuf.mlir,0c580c633cba25fe42c1b23ab338f968edd0aecda4fe6eafd63d178b57108eb3,egglog,3,ok,0,774.6503837406635,0,"[""/usr/bin/python3"", ""/home/arjaiswal/Polygeist/scripts/correctness/kernel_match_rewrite.py"", ""/home/arjaiswal/Polygeist/issues/aten_c_kernels/results/aten_logical_or/debuf.mlir"", ""--dry-run"", ""--matcher-mode"", ""egglog"", ""--telemetry-json"", ""/home/arjaiswal/Polygeist/issues/equality_saturation_eval/campaign_20260908/aten-aten_logical_or-egglog-ey316rda.json"", ""--disable-semantic-fallback""]","== match report for /home/arjaiswal/Polygeist/issues/aten_c_kernels/results/aten_logical_or/debuf.mlir ==
  no_match       body#0  ?
  total: 0 matched / 1 bodies
",0,[],0,0,0,0,/home/arjaiswal/Polygeist/issues/aten_c_kernels/results/aten_logical_or/debuf.mlir,2137,8,1,0,327.10083201527596,1,65960,0.0,0,0,0,0,[],0,0,0,0.0,8
aten,aten_logical_or,/home/arjaiswal/Polygeist/issues/aten_c_kernels/results/aten_logical_or/debuf.mlir,0c580c633cba25fe42c1b23ab338f968edd0aecda4fe6eafd63d178b57108eb3,syntactic,3,ok,0,769.9049338698387,0,"[""/usr/bin/python3"", ""/home/arjaiswal/Polygeist/scripts/correctness/kernel_match_rewrite.py"", ""/home/arjaiswal/Polygeist/issues/aten_c_kernels/results/aten_logical_or/debuf.mlir"", ""--dry-run"", ""--matcher-mode"", ""syntactic"", ""--telemetry-json"", ""/home/arjaiswal/Polygeist/issues/equality_saturation_eval/campaign_20260908/aten-aten_logical_or-syntactic-lvzt6nex.json"", ""--disable-semantic-fallback""]","== match report for /home/arjaiswal/Polygeist/issues/aten_c_kernels/results/aten_logical_or/debuf.mlir ==
  no_match       body#0  ?
  total: 0 matched / 1 bodies
",0,[],0,0,0,0,/home/arjaiswal/Polygeist/issues/aten_c_kernels/results/aten_logical_or/debuf.mlir,2137,0,1,0,319.7217173874378,1,65960,0.030424445867538452,0,0,0,0,[],0,0,8,0.0,8
aten,aten_logical_or,/home/arjaiswal/Polygeist/issues/aten_c_kernels/results/aten_logical_or/debuf.mlir,0c580c633cba25fe42c1b23ab338f968edd0aecda4fe6eafd63d178b57108eb3,syntactic,4,ok,0,740.8695667982101,0,"[""/usr/bin/python3"", ""/home/arjaiswal/Polygeist/scripts/correctness/kernel_match_rewrite.py"", ""/home/arjaiswal/Polygeist/issues/aten_c_kernels/results/aten_logical_or/debuf.mlir"", ""--dry-run"", ""--matcher-mode"", ""syntactic"", ""--telemetry-json"", ""/home/arjaiswal/Polygeist/issues/equality_saturation_eval/campaign_20260908/aten-aten_logical_or-syntactic-lpk8ekai.json"", ""--disable-semantic-fallback""]","== match report for /home/arjaiswal/Polygeist/issues/aten_c_kernels/results/aten_logical_or/debuf.mlir ==
  no_match       body#0  ?
  total: 0 matched / 1 bodies
",0,[],0,0,0,0,/home/arjaiswal/Polygeist/issues/aten_c_kernels/results/aten_logical_or/debuf.mlir,2137,0,1,0,319.93287429213524,1,65848,0.033371150493621826,0,0,0,0,[],0,0,8,0.0,8
aten,aten_logical_or,/home/arjaiswal/Polygeist/issues/aten_c_kernels/results/aten_logical_or/debuf.mlir,0c580c633cba25fe42c1b23ab338f968edd0aecda4fe6eafd63d178b57108eb3,egglog,4,ok,0,748.8771751523018,0,"[""/usr/bin/python3"", ""/home/arjaiswal/Polygeist/scripts/correctness/kernel_match_rewrite.py"", ""/home/arjaiswal/Polygeist/issues/aten_c_kernels/results/aten_logical_or/debuf.mlir"", ""--dry-run"", ""--matcher-mode"", ""egglog"", ""--telemetry-json"", ""/home/arjaiswal/Polygeist/issues/equality_saturation_eval/campaign_20260908/aten-aten_logical_or-egglog-wvw_5p76.json"", ""--disable-semantic-fallback""]","== match report for /home/arjaiswal/Polygeist/issues/aten_c_kernels/results/aten_logical_or/debuf.mlir ==
  no_match       body#0  ?
  total: 0 matched / 1 bodies
",0,[],0,0,0,0,/home/arjaiswal/Polygeist/issues/aten_c_kernels/results/aten_logical_or/debuf.mlir,2137,8,1,0,327.01535522937775,1,66140,0.0,0,0,0,0,[],0,0,0,0.0,8
aten,aten_logical_or,/home/arjaiswal/Polygeist/issues/aten_c_kernels/results/aten_logical_or/debuf.mlir,0c580c633cba25fe42c1b23ab338f968edd0aecda4fe6eafd63d178b57108eb3,egglog,5,ok,0,761.7492489516735,0,"[""/usr/bin/python3"", ""/home/arjaiswal/Polygeist/scripts/correctness/kernel_match_rewrite.py"", ""/home/arjaiswal/Polygeist/issues/aten_c_kernels/results/aten_logical_or/debuf.mlir"", ""--dry-run"", ""--matcher-mode"", ""egglog"", ""--telemetry-json"", ""/home/arjaiswal/Polygeist/issues/equality_saturation_eval/campaign_20260908/aten-aten_logical_or-egglog-bom4fh9t.json"", ""--disable-semantic-fallback""]","== match report for /home/arjaiswal/Polygeist/issues/aten_c_kernels/results/aten_logical_or/debuf.mlir ==
  no_match       body#0  ?
  total: 0 matched / 1 bodies
",0,[],0,0,0,0,/home/arjaiswal/Polygeist/issues/aten_c_kernels/results/aten_logical_or/debuf.mlir,2137,8,1,0,305.6862950325012,1,65956,0.0,0,0,0,0,[],0,0,0,0.0,8
aten,aten_logical_or,/home/arjaiswal/Polygeist/issues/aten_c_kernels/results/aten_logical_or/debuf.mlir,0c580c633cba25fe42c1b23ab338f968edd0aecda4fe6eafd63d178b57108eb3,syntactic,5,ok,0,714.4398503005505,0,"[""/usr/bin/python3"", ""/home/arjaiswal/Polygeist/scripts/correctness/kernel_match_rewrite.py"", ""/home/arjaiswal/Polygeist/issues/aten_c_kernels/results/aten_logical_or/debuf.mlir"", ""--dry-run"", ""--matcher-mode"", ""syntactic"", ""--telemetry-json"", ""/home/arjaiswal/Polygeist/issues/equality_saturation_eval/campaign_20260908/aten-aten_logical_or-syntactic-ujhuc52b.json"", ""--disable-semantic-fallback""]","== match report for /home/arjaiswal/Polygeist/issues/aten_c_kernels/results/aten_logical_or/debuf.mlir ==
  no_match       body#0  ?
  total: 0 matched / 1 bodies
",0,[],0,0,0,0,/home/arjaiswal/Polygeist/issues/aten_c_kernels/results/aten_logical_or/debuf.mlir,2137,0,1,0,307.5045123696327,1,65952,0.031094998121261597,0,0,0,0,[],0,0,8,0.0,8
aten,aten_logical_xor,/home/arjaiswal/Polygeist/issues/aten_c_kernels/results/aten_logical_xor/debuf.mlir,3e20069ad7faa00c118534a233e38cb8f0ace40378e8558658bc3920f24d398c,syntactic,1,ok,0,725.2819612622261,0,"[""/usr/bin/python3"", ""/home/arjaiswal/Polygeist/scripts/correctness/kernel_match_rewrite.py"", ""/home/arjaiswal/Polygeist/issues/aten_c_kernels/results/aten_logical_xor/debuf.mlir"", ""--dry-run"", ""--matcher-mode"", ""syntactic"", ""--telemetry-json"", ""/home/arjaiswal/Polygeist/issues/equality_saturation_eval/campaign_20260908/aten-aten_logical_xor-syntactic-lqn9_tvy.json"", ""--disable-semantic-fallback""]","== match report for /home/arjaiswal/Polygeist/issues/aten_c_kernels/results/aten_logical_xor/debuf.mlir ==
  no_match       body#0  ?
  total: 0 matched / 1 bodies
",0,[],0,0,0,0,/home/arjaiswal/Polygeist/issues/aten_c_kernels/results/aten_logical_xor/debuf.mlir,2101,0,1,0,311.06434762477875,1,65876,0.021345913410186768,0,0,0,0,[],0,0,8,0.0,8
aten,aten_logical_xor,/home/arjaiswal/Polygeist/issues/aten_c_kernels/results/aten_logical_xor/debuf.mlir,3e20069ad7faa00c118534a233e38cb8f0ace40378e8558658bc3920f24d398c,egglog,1,ok,0,731.273852288723,0,"[""/usr/bin/python3"", ""/home/arjaiswal/Polygeist/scripts/correctness/kernel_match_rewrite.py"", ""/home/arjaiswal/Polygeist/issues/aten_c_kernels/results/aten_logical_xor/debuf.mlir"", ""--dry-run"", ""--matcher-mode"", ""egglog"", ""--telemetry-json"", ""/home/arjaiswal/Polygeist/issues/equality_saturation_eval/campaign_20260908/aten-aten_logical_xor-egglog-79aid0n7.json"", ""--disable-semantic-fallback""]","== match report for /home/arjaiswal/Polygeist/issues/aten_c_kernels/results/aten_logical_xor/debuf.mlir ==
  no_match       body#0  ?
  total: 0 matched / 1 bodies
",0,[],0,0,0,0,/home/arjaiswal/Polygeist/issues/aten_c_kernels/results/aten_logical_xor/debuf.mlir,2101,8,1,0,313.464630395174,1,65984,0.0,0,0,0,0,[],0,0,0,0.0,8
aten,aten_logical_xor,/home/arjaiswal/Polygeist/issues/aten_c_kernels/results/aten_logical_xor/debuf.mlir,3e20069ad7faa00c118534a233e38cb8f0ace40378e8558658bc3920f24d398c,egglog,2,ok,0,774.3313126266003,0,"[""/usr/bin/python3"", ""/home/arjaiswal/Polygeist/scripts/correctness/kernel_match_rewrite.py"", ""/home/arjaiswal/Polygeist/issues/aten_c_kernels/results/aten_logical_xor/debuf.mlir"", ""--dry-run"", ""--matcher-mode"", ""egglog"", ""--telemetry-json"", ""/home/arjaiswal/Polygeist/issues/equality_saturation_eval/campaign_20260908/aten-aten_logical_xor-egglog-jtsnvkx1.json"", ""--disable-semantic-fallback""]","== match report for /home/arjaiswal/Polygeist/issues/aten_c_kernels/results/aten_logical_xor/debuf.mlir ==
  no_match       body#0  ?
  total: 0 matched / 1 bodies
",0,[],0,0,0,0,/home/arjaiswal/Polygeist/issues/aten_c_kernels/results/aten_logical_xor/debuf.mlir,2101,8,1,0,323.5635831952095,1,66088,0.0,0,0,0,0,[],0,0,0,0.0,8
aten,aten_logical_xor,/home/arjaiswal/Polygeist/issues/aten_c_kernels/results/aten_logical_xor/debuf.mlir,3e20069ad7faa00c118534a233e38cb8f0ace40378e8558658bc3920f24d398c,syntactic,2,ok,0,764.5305693149567,0,"[""/usr/bin/python3"", ""/home/arjaiswal/Polygeist/scripts/correctness/kernel_match_rewrite.py"", ""/home/arjaiswal/Polygeist/issues/aten_c_kernels/results/aten_logical_xor/debuf.mlir"", ""--dry-run"", ""--matcher-mode"", ""syntactic"", ""--telemetry-json"", ""/home/arjaiswal/Polygeist/issues/equality_saturation_eval/campaign_20260908/aten-aten_logical_xor-syntactic-xo97s_cy.json"", ""--disable-semantic-fallback""]","== match report for /home/arjaiswal/Polygeist/issues/aten_c_kernels/results/aten_logical_xor/debuf.mlir ==
  no_match       body#0  ?
  total: 0 matched / 1 bodies
",0,[],0,0,0,0,/home/arjaiswal/Polygeist/issues/aten_c_kernels/results/aten_logical_xor/debuf.mlir,2101,0,1,0,308.15356224775314,1,65844,0.020638108253479004,0,0,0,0,[],0,0,8,0.0,8
aten,aten_logical_xor,/home/arjaiswal/Polygeist/issues/aten_c_kernels/results/aten_logical_xor/debuf.mlir,3e20069ad7faa00c118534a233e38cb8f0ace40378e8558658bc3920f24d398c,syntactic,3,ok,0,749.0397356450558,0,"[""/usr/bin/python3"", ""/home/arjaiswal/Polygeist/scripts/correctness/kernel_match_rewrite.py"", ""/home/arjaiswal/Polygeist/issues/aten_c_kernels/results/aten_logical_xor/debuf.mlir"", ""--dry-run"", ""--matcher-mode"", ""syntactic"", ""--telemetry-json"", ""/home/arjaiswal/Polygeist/issues/equality_saturation_eval/campaign_20260908/aten-aten_logical_xor-syntactic-4ta76ksc.json"", ""--disable-semantic-fallback""]","== match report for /home/arjaiswal/Polygeist/issues/aten_c_kernels/results/aten_logical_xor/debuf.mlir ==
  no_match       body#0  ?
  total: 0 matched / 1 bodies
",0,[],0,0,0,0,/home/arjaiswal/Polygeist/issues/aten_c_kernels/results/aten_logical_xor/debuf.mlir,2101,0,1,0,329.78352904319763,1,65808,0.022877007722854614,0,0,0,0,[],0,0,8,0.0,8
aten,aten_logical_xor,/home/arjaiswal/Polygeist/issues/aten_c_kernels/results/aten_logical_xor/debuf.mlir,3e20069ad7faa00c118534a233e38cb8f0ace40378e8558658bc3920f24d398c,egglog,3,ok,0,757.0128813385963,0,"[""/usr/bin/python3"", ""/home/arjaiswal/Polygeist/scripts/correctness/kernel_match_rewrite.py"", ""/home/arjaiswal/Polygeist/issues/aten_c_kernels/results/aten_logical_xor/debuf.mlir"", ""--dry-run"", ""--matcher-mode"", ""egglog"", ""--telemetry-json"", ""/home/arjaiswal/Polygeist/issues/equality_saturation_eval/campaign_20260908/aten-aten_logical_xor-egglog-q8_z5gfx.json"", ""--disable-semantic-fallback""]","== match report for /home/arjaiswal/Polygeist/issues/aten_c_kernels/results/aten_logical_xor/debuf.mlir ==
  no_match       body#0  ?
  total: 0 matched / 1 bodies
",0,[],0,0,0,0,/home/arjaiswal/Polygeist/issues/aten_c_kernels/results/aten_logical_xor/debuf.mlir,2101,8,1,0,336.7367126047611,1,65732,0.0,0,0,0,0,[],0,0,0,0.0,8
aten,aten_logical_xor,/home/arjaiswal/Polygeist/issues/aten_c_kernels/results/aten_logical_xor/debuf.mlir,3e20069ad7faa00c118534a233e38cb8f0ace40378e8558658bc3920f24d398c,egglog,4,ok,0,733.4605120122433,0,"[""/usr/bin/python3"", ""/home/arjaiswal/Polygeist/scripts/correctness/kernel_match_rewrite.py"", ""/home/arjaiswal/Polygeist/issues/aten_c_kernels/results/aten_logical_xor/debuf.mlir"", ""--dry-run"", ""--matcher-mode"", ""egglog"", ""--telemetry-json"", ""/home/arjaiswal/Polygeist/issues/equality_saturation_eval/campaign_20260908/aten-aten_logical_xor-egglog-m5ut6lub.json"", ""--disable-semantic-fallback""]","== match report for /home/arjaiswal/Polygeist/issues/aten_c_kernels/results/aten_logical_xor/debuf.mlir ==
  no_match       body#0  ?
  total: 0 matched / 1 bodies
",0,[],0,0,0,0,/home/arjaiswal/Polygeist/issues/aten_c_kernels/results/aten_logical_xor/debuf.mlir,2101,8,1,0,329.3328247964382,1,66156,0.0,0,0,0,0,[],0,0,0,0.0,8
aten,aten_logical_xor,/home/arjaiswal/Polygeist/issues/aten_c_kernels/results/aten_logical_xor/debuf.mlir,3e20069ad7faa00c118534a233e38cb8f0ace40378e8558658bc3920f24d398c,syntactic,4,ok,0,773.0409316718578,0,"[""/usr/bin/python3"", ""/home/arjaiswal/Polygeist/scripts/correctness/kernel_match_rewrite.py"", ""/home/arjaiswal/Polygeist/issues/aten_c_kernels/results/aten_logical_xor/debuf.mlir"", ""--dry-run"", ""--matcher-mode"", ""syntactic"", ""--telemetry-json"", ""/home/arjaiswal/Polygeist/issues/equality_saturation_eval/campaign_20260908/aten-aten_logical_xor-syntactic-3in80dwo.json"", ""--disable-semantic-fallback""]","== match report for /home/arjaiswal/Polygeist/issues/aten_c_kernels/results/aten_logical_xor/debuf.mlir ==
  no_match       body#0  ?
  total: 0 matched / 1 bodies
",0,[],0,0,0,0,/home/arjaiswal/Polygeist/issues/aten_c_kernels/results/aten_logical_xor/debuf.mlir,2101,0,1,0,329.7272361814976,1,66020,0.02127140760421753,0,0,0,0,[],0,0,8,0.0,8
aten,aten_logical_xor,/home/arjaiswal/Polygeist/issues/aten_c_kernels/results/aten_logical_xor/debuf.mlir,3e20069ad7faa00c118534a233e38cb8f0ace40378e8558658bc3920f24d398c,syntactic,5,ok,0,926.7668649554253,0,"[""/usr/bin/python3"", ""/home/arjaiswal/Polygeist/scripts/correctness/kernel_match_rewrite.py"", ""/home/arjaiswal/Polygeist/issues/aten_c_kernels/results/aten_logical_xor/debuf.mlir"", ""--dry-run"", ""--matcher-mode"", ""syntactic"", ""--telemetry-json"", ""/home/arjaiswal/Polygeist/issues/equality_saturation_eval/campaign_20260908/aten-aten_logical_xor-syntactic-1oifjpsz.json"", ""--disable-semantic-fallback""]","== match report for /home/arjaiswal/Polygeist/issues/aten_c_kernels/results/aten_logical_xor/debuf.mlir ==
  no_match       body#0  ?
  total: 0 matched / 1 bodies
",0,[],0,0,0,0,/home/arjaiswal/Polygeist/issues/aten_c_kernels/results/aten_logical_xor/debuf.mlir,2101,0,1,0,457.97837898135185,1,65876,0.022020190954208374,0,0,0,0,[],0,0,8,0.0,8
aten,aten_logical_xor,/home/arjaiswal/Polygeist/issues/aten_c_kernels/results/aten_logical_xor/debuf.mlir,3e20069ad7faa00c118534a233e38cb8f0ace40378e8558658bc3920f24d398c,egglog,5,ok,0,774.8952768743038,0,"[""/usr/bin/python3"", ""/home/arjaiswal/Polygeist/scripts/correctness/kernel_match_rewrite.py"", ""/home/arjaiswal/Polygeist/issues/aten_c_kernels/results/aten_logical_xor/debuf.mlir"", ""--dry-run"", ""--matcher-mode"", ""egglog"", ""--telemetry-json"", ""/home/arjaiswal/Polygeist/issues/equality_saturation_eval/campaign_20260908/aten-aten_logical_xor-egglog-mm5nsms2.json"", ""--disable-semantic-fallback""]","== match report for /home/arjaiswal/Polygeist/issues/aten_c_kernels/results/aten_logical_xor/debuf.mlir ==
  no_match       body#0  ?
  total: 0 matched / 1 bodies
",0,[],0,0,0,0,/home/arjaiswal/Polygeist/issues/aten_c_kernels/results/aten_logical_xor/debuf.mlir,2101,8,1,0,348.5238701105118,1,65900,0.0,0,0,0,0,[],0,0,0,0.0,8
aten,aten_logit,/home/arjaiswal/Polygeist/issues/aten_c_kernels/results/aten_logit/debuf.mlir,5d311d4620b4d2b6f5fec53637a47f331a67d6c8aec91567568a5ea6555890b8,egglog,1,ok,0,1135.1541243493557,0,"[""/usr/bin/python3"", ""/home/arjaiswal/Polygeist/scripts/correctness/kernel_match_rewrite.py"", ""/home/arjaiswal/Polygeist/issues/aten_c_kernels/results/aten_logit/debuf.mlir"", ""--dry-run"", ""--matcher-mode"", ""egglog"", ""--telemetry-json"", ""/home/arjaiswal/Polygeist/issues/equality_saturation_eval/campaign_20260908/aten-aten_logit-egglog-ctnlqhge.json"", ""--disable-semantic-fallback""]","== match report for /home/arjaiswal/Polygeist/issues/aten_c_kernels/results/aten_logit/debuf.mlir ==
  match          body#[0]  cudnnPointwiseGraph_f32
  total: 1 matched / 1 bodies
",0,[],0,0,0,0,/home/arjaiswal/Polygeist/issues/aten_c_kernels/results/aten_logit/debuf.mlir,2209,8,1,1,693.8786618411541,0,66704,0.0,0,0,0,0,"[{""body_indices"": [0], ""symbol"": ""cudnnPointwiseGraph_f32""}]",1,0,0,0.0,56
aten,aten_logit,/home/arjaiswal/Polygeist/issues/aten_c_kernels/results/aten_logit/debuf.mlir,5d311d4620b4d2b6f5fec53637a47f331a67d6c8aec91567568a5ea6555890b8,syntactic,1,ok,0,1084.180761128664,0,"[""/usr/bin/python3"", ""/home/arjaiswal/Polygeist/scripts/correctness/kernel_match_rewrite.py"", ""/home/arjaiswal/Polygeist/issues/aten_c_kernels/results/aten_logit/debuf.mlir"", ""--dry-run"", ""--matcher-mode"", ""syntactic"", ""--telemetry-json"", ""/home/arjaiswal/Polygeist/issues/equality_saturation_eval/campaign_20260908/aten-aten_logit-syntactic-noh9i9dr.json"", ""--disable-semantic-fallback""]","== match report for /home/arjaiswal/Polygeist/issues/aten_c_kernels/results/aten_logit/debuf.mlir ==
  match          body#[0]  cudnnPointwiseGraph_f32
  total: 1 matched / 1 bodies
",0,[],0,0,0,0,/home/arjaiswal/Polygeist/issues/aten_c_kernels/results/aten_logit/debuf.mlir,2209,0,1,1,668.0391952395439,0,66772,0.23291632533073425,0,0,0,0,"[{""body_indices"": [0], ""symbol"": ""cudnnPointwiseGraph_f32""}]",1,0,56,0.0,56
aten,aten_logit,/home/arjaiswal/Polygeist/issues/aten_c_kernels/results/aten_logit/debuf.mlir,5d311d4620b4d2b6f5fec53637a47f331a67d6c8aec91567568a5ea6555890b8,syntactic,2,ok,0,1110.5451993644238,0,"[""/usr/bin/python3"", ""/home/arjaiswal/Polygeist/scripts/correctness/kernel_match_rewrite.py"", ""/home/arjaiswal/Polygeist/issues/aten_c_kernels/results/aten_logit/debuf.mlir"", ""--dry-run"", ""--matcher-mode"", ""syntactic"", ""--telemetry-json"", ""/home/arjaiswal/Polygeist/issues/equality_saturation_eval/campaign_20260908/aten-aten_logit-syntactic-ghhfz9i1.json"", ""--disable-semantic-fallback""]","== match report for /home/arjaiswal/Polygeist/issues/aten_c_kernels/results/aten_logit/debuf.mlir ==
  match          body#[0]  cudnnPointwiseGraph_f32
  total: 1 matched / 1 bodies
",0,[],0,0,0,0,/home/arjaiswal/Polygeist/issues/aten_c_kernels/results/aten_logit/debuf.mlir,2209,0,1,1,677.8297089040279,0,66524,0.24795159697532654,0,0,0,0,"[{""body_indices"": [0], ""symbol"": ""cudnnPointwiseGraph_f32""}]",1,0,56,0.0,56
aten,aten_logit,/home/arjaiswal/Polygeist/issues/aten_c_kernels/results/aten_logit/debuf.mlir,5d311d4620b4d2b6f5fec53637a47f331a67d6c8aec91567568a5ea6555890b8,egglog,2,ok,0,1154.4263288378716,0,"[""/usr/bin/python3"", ""/home/arjaiswal/Polygeist/scripts/correctness/kernel_match_rewrite.py"", ""/home/arjaiswal/Polygeist/issues/aten_c_kernels/results/aten_logit/debuf.mlir"", ""--dry-run"", ""--matcher-mode"", ""egglog"", ""--telemetry-json"", ""/home/arjaiswal/Polygeist/issues/equality_saturation_eval/campaign_20260908/aten-aten_logit-egglog-s6i3wbvq.json"", ""--disable-semantic-fallback""]","== match report for /home/arjaiswal/Polygeist/issues/aten_c_kernels/results/aten_logit/debuf.mlir ==
  match          body#[0]  cudnnPointwiseGraph_f32
  total: 1 matched / 1 bodies
",0,[],0,0,0,0,/home/arjaiswal/Polygeist/issues/aten_c_kernels/results/aten_logit/debuf.mlir,2209,8,1,1,702.6246637105942,0,66744,0.0,0,0,0,0,"[{""body_indices"": [0], ""symbol"": ""cudnnPointwiseGraph_f32""}]",1,0,0,0.0,56
aten,aten_logit,/home/arjaiswal/Polygeist/issues/aten_c_kernels/results/aten_logit/debuf.mlir,5d311d4620b4d2b6f5fec53637a47f331a67d6c8aec91567568a5ea6555890b8,egglog,3,ok,0,1192.0047141611576,0,"[""/usr/bin/python3"", ""/home/arjaiswal/Polygeist/scripts/correctness/kernel_match_rewrite.py"", ""/home/arjaiswal/Polygeist/issues/aten_c_kernels/results/aten_logit/debuf.mlir"", ""--dry-run"", ""--matcher-mode"", ""egglog"", ""--telemetry-json"", ""/home/arjaiswal/Polygeist/issues/equality_saturation_eval/campaign_20260908/aten-aten_logit-egglog-ed5f3vjq.json"", ""--disable-semantic-fallback""]","== match report for /home/arjaiswal/Polygeist/issues/aten_c_kernels/results/aten_logit/debuf.mlir ==
  match          body#[0]  cudnnPointwiseGraph_f32
  total: 1 matched / 1 bodies
",0,[],0,0,0,0,/home/arjaiswal/Polygeist/issues/aten_c_kernels/results/aten_logit/debuf.mlir,2209,8,1,1,687.2122772037983,0,66664,0.0,0,0,0,0,"[{""body_indices"": [0], ""symbol"": ""cudnnPointwiseGraph_f32""}]",1,0,0,0.0,56
aten,aten_logit,/home/arjaiswal/Polygeist/issues/aten_c_kernels/results/aten_logit/debuf.mlir,5d311d4620b4d2b6f5fec53637a47f331a67d6c8aec91567568a5ea6555890b8,syntactic,3,ok,0,1197.8674195706844,0,"[""/usr/bin/python3"", ""/home/arjaiswal/Polygeist/scripts/correctness/kernel_match_rewrite.py"", ""/home/arjaiswal/Polygeist/issues/aten_c_kernels/results/aten_logit/debuf.mlir"", ""--dry-run"", ""--matcher-mode"", ""syntactic"", ""--telemetry-json"", ""/home/arjaiswal/Polygeist/issues/equality_saturation_eval/campaign_20260908/aten-aten_logit-syntactic-62dmpgce.json"", ""--disable-semantic-fallback""]","== match report for /home/arjaiswal/Polygeist/issues/aten_c_kernels/results/aten_logit/debuf.mlir ==
  match          body#[0]  cudnnPointwiseGraph_f32
  total: 1 matched / 1 bodies
",0,[],0,0,0,0,/home/arjaiswal/Polygeist/issues/aten_c_kernels/results/aten_logit/debuf.mlir,2209,0,1,1,687.9558190703392,0,66736,0.23830309510231018,0,0,0,0,"[{""body_indices"": [0], ""symbol"": ""cudnnPointwiseGraph_f32""}]",1,0,56,0.0,56
aten,aten_logit,/home/arjaiswal/Polygeist/issues/aten_c_kernels/results/aten_logit/debuf.mlir,5d311d4620b4d2b6f5fec53637a47f331a67d6c8aec91567568a5ea6555890b8,syntactic,4,ok,0,1128.065776079893,0,"[""/usr/bin/python3"", ""/home/arjaiswal/Polygeist/scripts/correctness/kernel_match_rewrite.py"", ""/home/arjaiswal/Polygeist/issues/aten_c_kernels/results/aten_logit/debuf.mlir"", ""--dry-run"", ""--matcher-mode"", ""syntactic"", ""--telemetry-json"", ""/home/arjaiswal/Polygeist/issues/equality_saturation_eval/campaign_20260908/aten-aten_logit-syntactic-2770kbgs.json"", ""--disable-semantic-fallback""]","== match report for /home/arjaiswal/Polygeist/issues/aten_c_kernels/results/aten_logit/debuf.mlir ==
  match          body#[0]  cudnnPointwiseGraph_f32
  total: 1 matched / 1 bodies
",0,[],0,0,0,0,/home/arjaiswal/Polygeist/issues/aten_c_kernels/results/aten_logit/debuf.mlir,2209,0,1,1,716.4367362856865,0,66824,0.2572685480117798,0,0,0,0,"[{""body_indices"": [0], ""symbol"": ""cudnnPointwiseGraph_f32""}]",1,0,56,0.0,56
aten,aten_logit,/home/arjaiswal/Polygeist/issues/aten_c_kernels/results/aten_logit/debuf.mlir,5d311d4620b4d2b6f5fec53637a47f331a67d6c8aec91567568a5ea6555890b8,egglog,4,ok,0,1088.1104953587055,0,"[""/usr/bin/python3"", ""/home/arjaiswal/Polygeist/scripts/correctness/kernel_match_rewrite.py"", ""/home/arjaiswal/Polygeist/issues/aten_c_kernels/results/aten_logit/debuf.mlir"", ""--dry-run"", ""--matcher-mode"", ""egglog"", ""--telemetry-json"", ""/home/arjaiswal/Polygeist/issues/equality_saturation_eval/campaign_20260908/aten-aten_logit-egglog-_w50vylz.json"", ""--disable-semantic-fallback""]","== match report for /home/arjaiswal/Polygeist/issues/aten_c_kernels/results/aten_logit/debuf.mlir ==
  match          body#[0]  cudnnPointwiseGraph_f32
  total: 1 matched / 1 bodies
",0,[],0,0,0,0,/home/arjaiswal/Polygeist/issues/aten_c_kernels/results/aten_logit/debuf.mlir,2209,8,1,1,670.6569045782089,0,66716,0.0,0,0,0,0,"[{""body_indices"": [0], ""symbol"": ""cudnnPointwiseGraph_f32""}]",1,0,0,0.0,56
aten,aten_logit,/home/arjaiswal/Polygeist/issues/aten_c_kernels/results/aten_logit/debuf.mlir,5d311d4620b4d2b6f5fec53637a47f331a67d6c8aec91567568a5ea6555890b8,egglog,5,ok,0,1066.3694702088833,0,"[""/usr/bin/python3"", ""/home/arjaiswal/Polygeist/scripts/correctness/kernel_match_rewrite.py"", ""/home/arjaiswal/Polygeist/issues/aten_c_kernels/results/aten_logit/debuf.mlir"", ""--dry-run"", ""--matcher-mode"", ""egglog"", ""--telemetry-json"", ""/home/arjaiswal/Polygeist/issues/equality_saturation_eval/campaign_20260908/aten-aten_logit-egglog-qw3f9qy9.json"", ""--disable-semantic-fallback""]","== match report for /home/arjaiswal/Polygeist/issues/aten_c_kernels/results/aten_logit/debuf.mlir ==
  match          body#[0]  cudnnPointwiseGraph_f32
  total: 1 matched / 1 bodies
",0,[],0,0,0,0,/home/arjaiswal/Polygeist/issues/aten_c_kernels/results/aten_logit/debuf.mlir,2209,8,1,1,655.8234244585037,0,66740,0.0,0,0,0,0,"[{""body_indices"": [0], ""symbol"": ""cudnnPointwiseGraph_f32""}]",1,0,0,0.0,56
aten,aten_logit,/home/arjaiswal/Polygeist/issues/aten_c_kernels/results/aten_logit/debuf.mlir,5d311d4620b4d2b6f5fec53637a47f331a67d6c8aec91567568a5ea6555890b8,syntactic,5,ok,0,1099.2638505995274,0,"[""/usr/bin/python3"", ""/home/arjaiswal/Polygeist/scripts/correctness/kernel_match_rewrite.py"", ""/home/arjaiswal/Polygeist/issues/aten_c_kernels/results/aten_logit/debuf.mlir"", ""--dry-run"", ""--matcher-mode"", ""syntactic"", ""--telemetry-json"", ""/home/arjaiswal/Polygeist/issues/equality_saturation_eval/campaign_20260908/aten-aten_logit-syntactic-jm8r6exc.json"", ""--disable-semantic-fallback""]","== match report for /home/arjaiswal/Polygeist/issues/aten_c_kernels/results/aten_logit/debuf.mlir ==
  match          body#[0]  cudnnPointwiseGraph_f32
  total: 1 matched / 1 bodies
",0,[],0,0,0,0,/home/arjaiswal/Polygeist/issues/aten_c_kernels/results/aten_logit/debuf.mlir,2209,0,1,1,684.9377043545246,0,66880,0.23435428738594055,0,0,0,0,"[{""body_indices"": [0], ""symbol"": ""cudnnPointwiseGraph_f32""}]",1,0,56,0.0,56
aten,aten_logit_backward,/home/arjaiswal/Polygeist/issues/aten_c_kernels/results/aten_logit_backward/debuf.mlir,ea34395caf3a50b5c2c3212d8ed68d90fb1a7de841263f4373ab87ebd443f2ac,syntactic,1,ok,0,791.4972901344299,0,"[""/usr/bin/python3"", ""/home/arjaiswal/Polygeist/scripts/correctness/kernel_match_rewrite.py"", ""/home/arjaiswal/Polygeist/issues/aten_c_kernels/results/aten_logit_backward/debuf.mlir"", ""--dry-run"", ""--matcher-mode"", ""syntactic"", ""--telemetry-json"", ""/home/arjaiswal/Polygeist/issues/equality_saturation_eval/campaign_20260908/aten-aten_logit_backward-syntactic-wjztw57b.json"", ""--disable-semantic-fallback""]","== match report for /home/arjaiswal/Polygeist/issues/aten_c_kernels/results/aten_logit_backward/debuf.mlir ==
  match          body#[0]  cudnnPointwiseGraph_f32
  total: 1 matched / 1 bodies
",0,[],0,0,0,0,/home/arjaiswal/Polygeist/issues/aten_c_kernels/results/aten_logit_backward/debuf.mlir,2320,0,1,1,342.413779348135,0,66204,0.026401132345199585,0,0,0,0,"[{""body_indices"": [0], ""symbol"": ""cudnnPointwiseGraph_f32""}]",1,0,6,0.0,6
aten,aten_logit_backward,/home/arjaiswal/Polygeist/issues/aten_c_kernels/results/aten_logit_backward/debuf.mlir,ea34395caf3a50b5c2c3212d8ed68d90fb1a7de841263f4373ab87ebd443f2ac,egglog,1,ok,0,760.7821561396122,0,"[""/usr/bin/python3"", ""/home/arjaiswal/Polygeist/scripts/correctness/kernel_match_rewrite.py"", ""/home/arjaiswal/Polygeist/issues/aten_c_kernels/results/aten_logit_backward/debuf.mlir"", ""--dry-run"", ""--matcher-mode"", ""egglog"", ""--telemetry-json"", ""/home/arjaiswal/Polygeist/issues/equality_saturation_eval/campaign_20260908/aten-aten_logit_backward-egglog-0sph_101.json"", ""--disable-semantic-fallback""]","== match report for /home/arjaiswal/Polygeist/issues/aten_c_kernels/results/aten_logit_backward/debuf.mlir ==
  match          body#[0]  cudnnPointwiseGraph_f32
  total: 1 matched / 1 bodies
",0,[],0,0,0,0,/home/arjaiswal/Polygeist/issues/aten_c_kernels/results/aten_logit_backward/debuf.mlir,2320,8,1,1,342.49312803149223,0,66440,0.0,0,0,0,0,"[{""body_indices"": [0], ""symbol"": ""cudnnPointwiseGraph_f32""}]",1,0,0,0.0,6
aten,aten_logit_backward,/home/arjaiswal/Polygeist/issues/aten_c_kernels/results/aten_logit_backward/debuf.mlir,ea34395caf3a50b5c2c3212d8ed68d90fb1a7de841263f4373ab87ebd443f2ac,egglog,2,ok,0,795.3740730881691,0,"[""/usr/bin/python3"", ""/home/arjaiswal/Polygeist/scripts/correctness/kernel_match_rewrite.py"", ""/home/arjaiswal/Polygeist/issues/aten_c_kernels/results/aten_logit_backward/debuf.mlir"", ""--dry-run"", ""--matcher-mode"", ""egglog"", ""--telemetry-json"", ""/home/arjaiswal/Polygeist/issues/equality_saturation_eval/campaign_20260908/aten-aten_logit_backward-egglog-4hruw23t.json"", ""--disable-semantic-fallback""]","== match report for /home/arjaiswal/Polygeist/issues/aten_c_kernels/results/aten_logit_backward/debuf.mlir ==
  match          body#[0]  cudnnPointwiseGraph_f32
  total: 1 matched / 1 bodies
",0,[],0,0,0,0,/home/arjaiswal/Polygeist/issues/aten_c_kernels/results/aten_logit_backward/debuf.mlir,2320,8,1,1,361.6731986403465,0,66168,0.0,0,0,0,0,"[{""body_indices"": [0], ""symbol"": ""cudnnPointwiseGraph_f32""}]",1,0,0,0.0,6
aten,aten_logit_backward,/home/arjaiswal/Polygeist/issues/aten_c_kernels/results/aten_logit_backward/debuf.mlir,ea34395caf3a50b5c2c3212d8ed68d90fb1a7de841263f4373ab87ebd443f2ac,syntactic,2,ok,0,800.0281527638435,0,"[""/usr/bin/python3"", ""/home/arjaiswal/Polygeist/scripts/correctness/kernel_match_rewrite.py"", ""/home/arjaiswal/Polygeist/issues/aten_c_kernels/results/aten_logit_backward/debuf.mlir"", ""--dry-run"", ""--matcher-mode"", ""syntactic"", ""--telemetry-json"", ""/home/arjaiswal/Polygeist/issues/equality_saturation_eval/campaign_20260908/aten-aten_logit_backward-syntactic-dcvwfynz.json"", ""--disable-semantic-fallback""]","== match report for /home/arjaiswal/Polygeist/issues/aten_c_kernels/results/aten_logit_backward/debuf.mlir ==
  match          body#[0]  cudnnPointwiseGraph_f32
  total: 1 matched / 1 bodies
",0,[],0,0,0,0,/home/arjaiswal/Polygeist/issues/aten_c_kernels/results/aten_logit_backward/debuf.mlir,2320,0,1,1,349.4297228753567,0,66116,0.028558075428009033,0,0,0,0,"[{""body_indices"": [0], ""symbol"": ""cudnnPointwiseGraph_f32""}]",1,0,6,0.0,6
aten,aten_logit_backward,/home/arjaiswal/Polygeist/issues/aten_c_kernels/results/aten_logit_backward/debuf.mlir,ea34395caf3a50b5c2c3212d8ed68d90fb1a7de841263f4373ab87ebd443f2ac,syntactic,3,ok,0,836.9888141751289,0,"[""/usr/bin/python3"", ""/home/arjaiswal/Polygeist/scripts/correctness/kernel_match_rewrite.py"", ""/home/arjaiswal/Polygeist/issues/aten_c_kernels/results/aten_logit_backward/debuf.mlir"", ""--dry-run"", ""--matcher-mode"", ""syntactic"", ""--telemetry-json"", ""/home/arjaiswal/Polygeist/issues/equality_saturation_eval/campaign_20260908/aten-aten_logit_backward-syntactic-10kfi2qb.json"", ""--disable-semantic-fallback""]","== match report for /home/arjaiswal/Polygeist/issues/aten_c_kernels/results/aten_logit_backward/debuf.mlir ==
  match          body#[0]  cudnnPointwiseGraph_f32
  total: 1 matched / 1 bodies
",0,[],0,0,0,0,/home/arjaiswal/Polygeist/issues/aten_c_kernels/results/aten_logit_backward/debuf.mlir,2320,0,1,1,348.0159901082516,0,66272,0.029385089874267578,0,0,0,0,"[{""body_indices"": [0], ""symbol"": ""cudnnPointwiseGraph_f32""}]",1,0,6,0.0,6
aten,aten_logit_backward,/home/arjaiswal/Polygeist/issues/aten_c_kernels/results/aten_logit_backward/debuf.mlir,ea34395caf3a50b5c2c3212d8ed68d90fb1a7de841263f4373ab87ebd443f2ac,egglog,3,ok,0,802.2260777652264,0,"[""/usr/bin/python3"", ""/home/arjaiswal/Polygeist/scripts/correctness/kernel_match_rewrite.py"", ""/home/arjaiswal/Polygeist/issues/aten_c_kernels/results/aten_logit_backward/debuf.mlir"", ""--dry-run"", ""--matcher-mode"", ""egglog"", ""--telemetry-json"", ""/home/arjaiswal/Polygeist/issues/equality_saturation_eval/campaign_20260908/aten-aten_logit_backward-egglog-mlvo4au2.json"", ""--disable-semantic-fallback""]","== match report for /home/arjaiswal/Polygeist/issues/aten_c_kernels/results/aten_logit_backward/debuf.mlir ==
  match          body#[0]  cudnnPointwiseGraph_f32
  total: 1 matched / 1 bodies
",0,[],0,0,0,0,/home/arjaiswal/Polygeist/issues/aten_c_kernels/results/aten_logit_backward/debuf.mlir,2320,8,1,1,342.7545763552189,0,66092,0.0,0,0,0,0,"[{""body_indices"": [0], ""symbol"": ""cudnnPointwiseGraph_f32""}]",1,0,0,0.0,6
aten,aten_logit_backward,/home/arjaiswal/Polygeist/issues/aten_c_kernels/results/aten_logit_backward/debuf.mlir,ea34395caf3a50b5c2c3212d8ed68d90fb1a7de841263f4373ab87ebd443f2ac,egglog,4,ok,0,785.508431494236,0,"[""/usr/bin/python3"", ""/home/arjaiswal/Polygeist/scripts/correctness/kernel_match_rewrite.py"", ""/home/arjaiswal/Polygeist/issues/aten_c_kernels/results/aten_logit_backward/debuf.mlir"", ""--dry-run"", ""--matcher-mode"", ""egglog"", ""--telemetry-json"", ""/home/arjaiswal/Polygeist/issues/equality_saturation_eval/campaign_20260908/aten-aten_logit_backward-egglog-em9waemk.json"", ""--disable-semantic-fallback""]","== match report for /home/arjaiswal/Polygeist/issues/aten_c_kernels/results/aten_logit_backward/debuf.mlir ==
  match          body#[0]  cudnnPointwiseGraph_f32
  total: 1 matched / 1 bodies
",0,[],0,0,0,0,/home/arjaiswal/Polygeist/issues/aten_c_kernels/results/aten_logit_backward/debuf.mlir,2320,8,1,1,361.3656163215637,0,66164,0.0,0,0,0,0,"[{""body_indices"": [0], ""symbol"": ""cudnnPointwiseGraph_f32""}]",1,0,0,0.0,6
aten,aten_logit_backward,/home/arjaiswal/Polygeist/issues/aten_c_kernels/results/aten_logit_backward/debuf.mlir,ea34395caf3a50b5c2c3212d8ed68d90fb1a7de841263f4373ab87ebd443f2ac,syntactic,4,ok,0,783.1600867211819,0,"[""/usr/bin/python3"", ""/home/arjaiswal/Polygeist/scripts/correctness/kernel_match_rewrite.py"", ""/home/arjaiswal/Polygeist/issues/aten_c_kernels/results/aten_logit_backward/debuf.mlir"", ""--dry-run"", ""--matcher-mode"", ""syntactic"", ""--telemetry-json"", ""/home/arjaiswal/Polygeist/issues/equality_saturation_eval/campaign_20260908/aten-aten_logit_backward-syntactic-u0u5mci2.json"", ""--disable-semantic-fallback""]","== match report for /home/arjaiswal/Polygeist/issues/aten_c_kernels/results/aten_logit_backward/debuf.mlir ==
  match          body#[0]  cudnnPointwiseGraph_f32
  total: 1 matched / 1 bodies
",0,[],0,0,0,0,/home/arjaiswal/Polygeist/issues/aten_c_kernels/results/aten_logit_backward/debuf.mlir,2320,0,1,1,344.9440225958824,0,66388,0.027216970920562744,0,0,0,0,"[{""body_indices"": [0], ""symbol"": ""cudnnPointwiseGraph_f32""}]",1,0,6,0.0,6
aten,aten_logit_backward,/home/arjaiswal/Polygeist/issues/aten_c_kernels/results/aten_logit_backward/debuf.mlir,ea34395caf3a50b5c2c3212d8ed68d90fb1a7de841263f4373ab87ebd443f2ac,syntactic,5,ok,0,781.6950753331184,0,"[""/usr/bin/python3"", ""/home/arjaiswal/Polygeist/scripts/correctness/kernel_match_rewrite.py"", ""/home/arjaiswal/Polygeist/issues/aten_c_kernels/results/aten_logit_backward/debuf.mlir"", ""--dry-run"", ""--matcher-mode"", ""syntactic"", ""--telemetry-json"", ""/home/arjaiswal/Polygeist/issues/equality_saturation_eval/campaign_20260908/aten-aten_logit_backward-syntactic-61_7i2om.json"", ""--disable-semantic-fallback""]","== match report for /home/arjaiswal/Polygeist/issues/aten_c_kernels/results/aten_logit_backward/debuf.mlir ==
  match          body#[0]  cudnnPointwiseGraph_f32
  total: 1 matched / 1 bodies
",0,[],0,0,0,0,/home/arjaiswal/Polygeist/issues/aten_c_kernels/results/aten_logit_backward/debuf.mlir,2320,0,1,1,340.5337259173393,0,66292,0.0333152711391449,0,0,0,0,"[{""body_indices"": [0], ""symbol"": ""cudnnPointwiseGraph_f32""}]",1,0,6,0.0,6
aten,aten_logit_backward,/home/arjaiswal/Polygeist/issues/aten_c_kernels/results/aten_logit_backward/debuf.mlir,ea34395caf3a50b5c2c3212d8ed68d90fb1a7de841263f4373ab87ebd443f2ac,egglog,5,ok,0,838.4427838027477,0,"[""/usr/bin/python3"", ""/home/arjaiswal/Polygeist/scripts/correctness/kernel_match_rewrite.py"", ""/home/arjaiswal/Polygeist/issues/aten_c_kernels/results/aten_logit_backward/debuf.mlir"", ""--dry-run"", ""--matcher-mode"", ""egglog"", ""--telemetry-json"", ""/home/arjaiswal/Polygeist/issues/equality_saturation_eval/campaign_20260908/aten-aten_logit_backward-egglog-1noxlpoi.json"", ""--disable-semantic-fallback""]","== match report for /home/arjaiswal/Polygeist/issues/aten_c_kernels/results/aten_logit_backward/debuf.mlir ==
  match          body#[0]  cudnnPointwiseGraph_f32
  total: 1 matched / 1 bodies
",0,[],0,0,0,0,/home/arjaiswal/Polygeist/issues/aten_c_kernels/results/aten_logit_backward/debuf.mlir,2320,8,1,1,365.0361970067024,0,66236,0.0,0,0,0,0,"[{""body_indices"": [0], ""symbol"": ""cudnnPointwiseGraph_f32""}]",1,0,0,0.0,6
aten,aten_logspace_cpu,/home/arjaiswal/Polygeist/issues/aten_c_kernels/results/aten_logspace_cpu/debuf.mlir,fe7dfe9d1ebce92674a97d6bed6f39d05294cdd1bdab82268ee10b193c7078ae,egglog,1,ok,0,688.6535659432411,0,"[""/usr/bin/python3"", ""/home/arjaiswal/Polygeist/scripts/correctness/kernel_match_rewrite.py"", ""/home/arjaiswal/Polygeist/issues/aten_c_kernels/results/aten_logspace_cpu/debuf.mlir"", ""--dry-run"", ""--matcher-mode"", ""egglog"", ""--telemetry-json"", ""/home/arjaiswal/Polygeist/issues/equality_saturation_eval/campaign_20260908/aten-aten_logspace_cpu-egglog-6ovoreaf.json"", ""--disable-semantic-fallback""]","== match report for /home/arjaiswal/Polygeist/issues/aten_c_kernels/results/aten_logspace_cpu/debuf.mlir ==
  no_match       body#0  ?
  total: 0 matched / 1 bodies
",0,[],0,0,0,0,/home/arjaiswal/Polygeist/issues/aten_c_kernels/results/aten_logspace_cpu/debuf.mlir,2011,8,1,0,283.8139273226261,1,65464,0.0,0,0,0,0,[],0,0,0,0.0,4
aten,aten_logspace_cpu,/home/arjaiswal/Polygeist/issues/aten_c_kernels/results/aten_logspace_cpu/debuf.mlir,fe7dfe9d1ebce92674a97d6bed6f39d05294cdd1bdab82268ee10b193c7078ae,syntactic,1,ok,0,692.2765336930752,0,"[""/usr/bin/python3"", ""/home/arjaiswal/Polygeist/scripts/correctness/kernel_match_rewrite.py"", ""/home/arjaiswal/Polygeist/issues/aten_c_kernels/results/aten_logspace_cpu/debuf.mlir"", ""--dry-run"", ""--matcher-mode"", ""syntactic"", ""--telemetry-json"", ""/home/arjaiswal/Polygeist/issues/equality_saturation_eval/campaign_20260908/aten-aten_logspace_cpu-syntactic-00n_lsi9.json"", ""--disable-semantic-fallback""]","== match report for /home/arjaiswal/Polygeist/issues/aten_c_kernels/results/aten_logspace_cpu/debuf.mlir ==
  no_match       body#0  ?
  total: 0 matched / 1 bodies
",0,[],0,0,0,0,/home/arjaiswal/Polygeist/issues/aten_c_kernels/results/aten_logspace_cpu/debuf.mlir,2011,0,1,0,281.6031686961651,1,65592,0.01512095332145691,0,0,0,0,[],0,0,4,0.0,4
aten,aten_logspace_cpu,/home/arjaiswal/Polygeist/issues/aten_c_kernels/results/aten_logspace_cpu/debuf.mlir,fe7dfe9d1ebce92674a97d6bed6f39d05294cdd1bdab82268ee10b193c7078ae,syntactic,2,ok,0,700.7173150777817,0,"[""/usr/bin/python3"", ""/home/arjaiswal/Polygeist/scripts/correctness/kernel_match_rewrite.py"", ""/home/arjaiswal/Polygeist/issues/aten_c_kernels/results/aten_logspace_cpu/debuf.mlir"", ""--dry-run"", ""--matcher-mode"", ""syntactic"", ""--telemetry-json"", ""/home/arjaiswal/Polygeist/issues/equality_saturation_eval/campaign_20260908/aten-aten_logspace_cpu-syntactic-ouajxt0o.json"", ""--disable-semantic-fallback""]","== match report for /home/arjaiswal/Polygeist/issues/aten_c_kernels/results/aten_logspace_cpu/debuf.mlir ==
  no_match       body#0  ?
  total: 0 matched / 1 bodies
",0,[],0,0,0,0,/home/arjaiswal/Polygeist/issues/aten_c_kernels/results/aten_logspace_cpu/debuf.mlir,2011,0,1,0,287.8846302628517,1,65548,0.014279037714004517,0,0,0,0,[],0,0,4,0.0,4
aten,aten_logspace_cpu,/home/arjaiswal/Polygeist/issues/aten_c_kernels/results/aten_logspace_cpu/debuf.mlir,fe7dfe9d1ebce92674a97d6bed6f39d05294cdd1bdab82268ee10b193c7078ae,egglog,2,ok,0,738.8264797627926,0,"[""/usr/bin/python3"", ""/home/arjaiswal/Polygeist/scripts/correctness/kernel_match_rewrite.py"", ""/home/arjaiswal/Polygeist/issues/aten_c_kernels/results/aten_logspace_cpu/debuf.mlir"", ""--dry-run"", ""--matcher-mode"", ""egglog"", ""--telemetry-json"", ""/home/arjaiswal/Polygeist/issues/equality_saturation_eval/campaign_20260908/aten-aten_logspace_cpu-egglog-8ny4dmdg.json"", ""--disable-semantic-fallback""]","== match report for /home/arjaiswal/Polygeist/issues/aten_c_kernels/results/aten_logspace_cpu/debuf.mlir ==
  no_match       body#0  ?
  total: 0 matched / 1 bodies
",0,[],0,0,0,0,/home/arjaiswal/Polygeist/issues/aten_c_kernels/results/aten_logspace_cpu/debuf.mlir,2011,8,1,0,293.78068819642067,1,65524,0.0,0,0,0,0,[],0,0,0,0.0,4
aten,aten_logspace_cpu,/home/arjaiswal/Polygeist/issues/aten_c_kernels/results/aten_logspace_cpu/debuf.mlir,fe7dfe9d1ebce92674a97d6bed6f39d05294cdd1bdab82268ee10b193c7078ae,egglog,3,ok,0,711.7225155234337,0,"[""/usr/bin/python3"", ""/home/arjaiswal/Polygeist/scripts/correctness/kernel_match_rewrite.py"", ""/home/arjaiswal/Polygeist/issues/aten_c_kernels/results/aten_logspace_cpu/debuf.mlir"", ""--dry-run"", ""--matcher-mode"", ""egglog"", ""--telemetry-json"", ""/home/arjaiswal/Polygeist/issues/equality_saturation_eval/campaign_20260908/aten-aten_logspace_cpu-egglog-afp9rdbz.json"", ""--disable-semantic-fallback""]","== match report for /home/arjaiswal/Polygeist/issues/aten_c_kernels/results/aten_logspace_cpu/debuf.mlir ==
  no_match       body#0  ?
  total: 0 matched / 1 bodies
",0,[],0,0,0,0,/home/arjaiswal/Polygeist/issues/aten_c_kernels/results/aten_logspace_cpu/debuf.mlir,2011,8,1,0,302.57076770067215,1,65724,0.0,0,0,0,0,[],0,0,0,0.0,4
aten,aten_logspace_cpu,/home/arjaiswal/Polygeist/issues/aten_c_kernels/results/aten_logspace_cpu/debuf.mlir,fe7dfe9d1ebce92674a97d6bed6f39d05294cdd1bdab82268ee10b193c7078ae,syntactic,3,ok,0,737.1832504868507,0,"[""/usr/bin/python3"", ""/home/arjaiswal/Polygeist/scripts/correctness/kernel_match_rewrite.py"", ""/home/arjaiswal/Polygeist/issues/aten_c_kernels/results/aten_logspace_cpu/debuf.mlir"", ""--dry-run"", ""--matcher-mode"", ""syntactic"", ""--telemetry-json"", ""/home/arjaiswal/Polygeist/issues/equality_saturation_eval/campaign_20260908/aten-aten_logspace_cpu-syntactic-tm2d_ke6.json"", ""--disable-semantic-fallback""]","== match report for /home/arjaiswal/Polygeist/issues/aten_c_kernels/results/aten_logspace_cpu/debuf.mlir ==
  no_match       body#0  ?
  total: 0 matched / 1 bodies
",0,[],0,0,0,0,/home/arjaiswal/Polygeist/issues/aten_c_kernels/results/aten_logspace_cpu/debuf.mlir,2011,0,1,0,305.66785112023354,1,65668,0.016201287508010864,0,0,0,0,[],0,0,4,0.0,4
aten,aten_logspace_cpu,/home/arjaiswal/Polygeist/issues/aten_c_kernels/results/aten_logspace_cpu/debuf.mlir,fe7dfe9d1ebce92674a97d6bed6f39d05294cdd1bdab82268ee10b193c7078ae,syntactic,4,ok,0,761.3828405737877,0,"[""/usr/bin/python3"", ""/home/arjaiswal/Polygeist/scripts/correctness/kernel_match_rewrite.py"", ""/home/arjaiswal/Polygeist/issues/aten_c_kernels/results/aten_logspace_cpu/debuf.mlir"", ""--dry-run"", ""--matcher-mode"", ""syntactic"", ""--telemetry-json"", ""/home/arjaiswal/Polygeist/issues/equality_saturation_eval/campaign_20260908/aten-aten_logspace_cpu-syntactic-13ercahr.json"", ""--disable-semantic-fallback""]","== match report for /home/arjaiswal/Polygeist/issues/aten_c_kernels/results/aten_logspace_cpu/debuf.mlir ==
  no_match       body#0  ?
  total: 0 matched / 1 bodies
",0,[],0,0,0,0,/home/arjaiswal/Polygeist/issues/aten_c_kernels/results/aten_logspace_cpu/debuf.mlir,2011,0,1,0,334.15842428803444,1,65520,0.01821666955947876,0,0,0,0,[],0,0,4,0.0,4
aten,aten_logspace_cpu,/home/arjaiswal/Polygeist/issues/aten_c_kernels/results/aten_logspace_cpu/debuf.mlir,fe7dfe9d1ebce92674a97d6bed6f39d05294cdd1bdab82268ee10b193c7078ae,egglog,4,ok,0,757.4765682220459,0,"[""/usr/bin/python3"", ""/home/arjaiswal/Polygeist/scripts/correctness/kernel_match_rewrite.py"", ""/home/arjaiswal/Polygeist/issues/aten_c_kernels/results/aten_logspace_cpu/debuf.mlir"", ""--dry-run"", ""--matcher-mode"", ""egglog"", ""--telemetry-json"", ""/home/arjaiswal/Polygeist/issues/equality_saturation_eval/campaign_20260908/aten-aten_logspace_cpu-egglog-qaoo4869.json"", ""--disable-semantic-fallback""]","== match report for /home/arjaiswal/Polygeist/issues/aten_c_kernels/results/aten_logspace_cpu/debuf.mlir ==
  no_match       body#0  ?
  total: 0 matched / 1 bodies
",0,[],0,0,0,0,/home/arjaiswal/Polygeist/issues/aten_c_kernels/results/aten_logspace_cpu/debuf.mlir,2011,8,1,0,322.2469948232174,1,65704,0.0,0,0,0,0,[],0,0,0,0.0,4
aten,aten_logspace_cpu,/home/arjaiswal/Polygeist/issues/aten_c_kernels/results/aten_logspace_cpu/debuf.mlir,fe7dfe9d1ebce92674a97d6bed6f39d05294cdd1bdab82268ee10b193c7078ae,egglog,5,ok,0,726.3805642724037,0,"[""/usr/bin/python3"", ""/home/arjaiswal/Polygeist/scripts/correctness/kernel_match_rewrite.py"", ""/home/arjaiswal/Polygeist/issues/aten_c_kernels/results/aten_logspace_cpu/debuf.mlir"", ""--dry-run"", ""--matcher-mode"", ""egglog"", ""--telemetry-json"", ""/home/arjaiswal/Polygeist/issues/equality_saturation_eval/campaign_20260908/aten-aten_logspace_cpu-egglog-tmg44ohd.json"", ""--disable-semantic-fallback""]","== match report for /home/arjaiswal/Polygeist/issues/aten_c_kernels/results/aten_logspace_cpu/debuf.mlir ==
  no_match       body#0  ?
  total: 0 matched / 1 bodies
",0,[],0,0,0,0,/home/arjaiswal/Polygeist/issues/aten_c_kernels/results/aten_logspace_cpu/debuf.mlir,2011,8,1,0,310.394573956728,1,65684,0.0,0,0,0,0,[],0,0,0,0.0,4
aten,aten_logspace_cpu,/home/arjaiswal/Polygeist/issues/aten_c_kernels/results/aten_logspace_cpu/debuf.mlir,fe7dfe9d1ebce92674a97d6bed6f39d05294cdd1bdab82268ee10b193c7078ae,syntactic,5,ok,0,750.3506131470203,0,"[""/usr/bin/python3"", ""/home/arjaiswal/Polygeist/scripts/correctness/kernel_match_rewrite.py"", ""/home/arjaiswal/Polygeist/issues/aten_c_kernels/results/aten_logspace_cpu/debuf.mlir"", ""--dry-run"", ""--matcher-mode"", ""syntactic"", ""--telemetry-json"", ""/home/arjaiswal/Polygeist/issues/equality_saturation_eval/campaign_20260908/aten-aten_logspace_cpu-syntactic-hz8uw9w5.json"", ""--disable-semantic-fallback""]","== match report for /home/arjaiswal/Polygeist/issues/aten_c_kernels/results/aten_logspace_cpu/debuf.mlir ==
  no_match       body#0  ?
  total: 0 matched / 1 bodies
",0,[],0,0,0,0,/home/arjaiswal/Polygeist/issues/aten_c_kernels/results/aten_logspace_cpu/debuf.mlir,2011,0,1,0,310.583408921957,1,65580,0.01381710171699524,0,0,0,0,[],0,0,4,0.0,4
aten,aten_lower_bound_cpu,/home/arjaiswal/Polygeist/issues/aten_c_kernels/results/aten_lower_bound_cpu/debuf.mlir,3ecba782c0eb82ebcb4b65aebd81849ef1adc3d749681ab0232cc6fc28691adf,syntactic,1,ok,0,661.0206589102745,0,"[""/usr/bin/python3"", ""/home/arjaiswal/Polygeist/scripts/correctness/kernel_match_rewrite.py"", ""/home/arjaiswal/Polygeist/issues/aten_c_kernels/results/aten_lower_bound_cpu/debuf.mlir"", ""--dry-run"", ""--matcher-mode"", ""syntactic"", ""--telemetry-json"", ""/home/arjaiswal/Polygeist/issues/equality_saturation_eval/campaign_20260908/aten-aten_lower_bound_cpu-syntactic-2l2ce1gl.json"", ""--disable-semantic-fallback""]","== match report for /home/arjaiswal/Polygeist/issues/aten_c_kernels/results/aten_lower_bound_cpu/debuf.mlir ==
  total: 0 matched / 0 bodies
",0,[],0,0,0,0,/home/arjaiswal/Polygeist/issues/aten_c_kernels/results/aten_lower_bound_cpu/debuf.mlir,2630,0,0,0,254.69613447785378,0,64804,0.0,0,0,0,0,[],0,0,0,0.0,0
aten,aten_lower_bound_cpu,/home/arjaiswal/Polygeist/issues/aten_c_kernels/results/aten_lower_bound_cpu/debuf.mlir,3ecba782c0eb82ebcb4b65aebd81849ef1adc3d749681ab0232cc6fc28691adf,egglog,1,ok,0,655.25708720088,0,"[""/usr/bin/python3"", ""/home/arjaiswal/Polygeist/scripts/correctness/kernel_match_rewrite.py"", ""/home/arjaiswal/Polygeist/issues/aten_c_kernels/results/aten_lower_bound_cpu/debuf.mlir"", ""--dry-run"", ""--matcher-mode"", ""egglog"", ""--telemetry-json"", ""/home/arjaiswal/Polygeist/issues/equality_saturation_eval/campaign_20260908/aten-aten_lower_bound_cpu-egglog-dcfctm_h.json"", ""--disable-semantic-fallback""]","== match report for /home/arjaiswal/Polygeist/issues/aten_c_kernels/results/aten_lower_bound_cpu/debuf.mlir ==
  total: 0 matched / 0 bodies
",0,[],0,0,0,0,/home/arjaiswal/Polygeist/issues/aten_c_kernels/results/aten_lower_bound_cpu/debuf.mlir,2630,8,0,0,250.30241534113884,0,64664,0.0,0,0,0,0,[],0,0,0,0.0,0
aten,aten_lower_bound_cpu,/home/arjaiswal/Polygeist/issues/aten_c_kernels/results/aten_lower_bound_cpu/debuf.mlir,3ecba782c0eb82ebcb4b65aebd81849ef1adc3d749681ab0232cc6fc28691adf,egglog,2,ok,0,659.3010537326336,0,"[""/usr/bin/python3"", ""/home/arjaiswal/Polygeist/scripts/correctness/kernel_match_rewrite.py"", ""/home/arjaiswal/Polygeist/issues/aten_c_kernels/results/aten_lower_bound_cpu/debuf.mlir"", ""--dry-run"", ""--matcher-mode"", ""egglog"", ""--telemetry-json"", ""/home/arjaiswal/Polygeist/issues/equality_saturation_eval/campaign_20260908/aten-aten_lower_bound_cpu-egglog-39ees0nk.json"", ""--disable-semantic-fallback""]","== match report for /home/arjaiswal/Polygeist/issues/aten_c_kernels/results/aten_lower_bound_cpu/debuf.mlir ==
  total: 0 matched / 0 bodies
",0,[],0,0,0,0,/home/arjaiswal/Polygeist/issues/aten_c_kernels/results/aten_lower_bound_cpu/debuf.mlir,2630,8,0,0,253.70904430747032,0,64708,0.0,0,0,0,0,[],0,0,0,0.0,0
aten,aten_lower_bound_cpu,/home/arjaiswal/Polygeist/issues/aten_c_kernels/results/aten_lower_bound_cpu/debuf.mlir,3ecba782c0eb82ebcb4b65aebd81849ef1adc3d749681ab0232cc6fc28691adf,syntactic,2,ok,0,665.6727865338326,0,"[""/usr/bin/python3"", ""/home/arjaiswal/Polygeist/scripts/correctness/kernel_match_rewrite.py"", ""/home/arjaiswal/Polygeist/issues/aten_c_kernels/results/aten_lower_bound_cpu/debuf.mlir"", ""--dry-run"", ""--matcher-mode"", ""syntactic"", ""--telemetry-json"", ""/home/arjaiswal/Polygeist/issues/equality_saturation_eval/campaign_20260908/aten-aten_lower_bound_cpu-syntactic-djp15sfl.json"", ""--disable-semantic-fallback""]","== match report for /home/arjaiswal/Polygeist/issues/aten_c_kernels/results/aten_lower_bound_cpu/debuf.mlir ==
  total: 0 matched / 0 bodies
",0,[],0,0,0,0,/home/arjaiswal/Polygeist/issues/aten_c_kernels/results/aten_lower_bound_cpu/debuf.mlir,2630,0,0,0,254.30044904351234,0,64668,0.0,0,0,0,0,[],0,0,0,0.0,0
aten,aten_lower_bound_cpu,/home/arjaiswal/Polygeist/issues/aten_c_kernels/results/aten_lower_bound_cpu/debuf.mlir,3ecba782c0eb82ebcb4b65aebd81849ef1adc3d749681ab0232cc6fc28691adf,syntactic,3,ok,0,669.6446947753429,0,"[""/usr/bin/python3"", ""/home/arjaiswal/Polygeist/scripts/correctness/kernel_match_rewrite.py"", ""/home/arjaiswal/Polygeist/issues/aten_c_kernels/results/aten_lower_bound_cpu/debuf.mlir"", ""--dry-run"", ""--matcher-mode"", ""syntactic"", ""--telemetry-json"", ""/home/arjaiswal/Polygeist/issues/equality_saturation_eval/campaign_20260908/aten-aten_lower_bound_cpu-syntactic-bdyjff5s.json"", ""--disable-semantic-fallback""]","== match report for /home/arjaiswal/Polygeist/issues/aten_c_kernels/results/aten_lower_bound_cpu/debuf.mlir ==
  total: 0 matched / 0 bodies
",0,[],0,0,0,0,/home/arjaiswal/Polygeist/issues/aten_c_kernels/results/aten_lower_bound_cpu/debuf.mlir,2630,0,0,0,253.8079395890236,0,64752,0.0,0,0,0,0,[],0,0,0,0.0,0
aten,aten_lower_bound_cpu,/home/arjaiswal/Polygeist/issues/aten_c_kernels/results/aten_lower_bound_cpu/debuf.mlir,3ecba782c0eb82ebcb4b65aebd81849ef1adc3d749681ab0232cc6fc28691adf,egglog,3,ok,0,715.5151516199112,0,"[""/usr/bin/python3"", ""/home/arjaiswal/Polygeist/scripts/correctness/kernel_match_rewrite.py"", ""/home/arjaiswal/Polygeist/issues/aten_c_kernels/results/aten_lower_bound_cpu/debuf.mlir"", ""--dry-run"", ""--matcher-mode"", ""egglog"", ""--telemetry-json"", ""/home/arjaiswal/Polygeist/issues/equality_saturation_eval/campaign_20260908/aten-aten_lower_bound_cpu-egglog-65r0luim.json"", ""--disable-semantic-fallback""]","== match report for /home/arjaiswal/Polygeist/issues/aten_c_kernels/results/aten_lower_bound_cpu/debuf.mlir ==
  total: 0 matched / 0 bodies
",0,[],0,0,0,0,/home/arjaiswal/Polygeist/issues/aten_c_kernels/results/aten_lower_bound_cpu/debuf.mlir,2630,8,0,0,297.4264621734619,0,64988,0.0,0,0,0,0,[],0,0,0,0.0,0
aten,aten_lower_bound_cpu,/home/arjaiswal/Polygeist/issues/aten_c_kernels/results/aten_lower_bound_cpu/debuf.mlir,3ecba782c0eb82ebcb4b65aebd81849ef1adc3d749681ab0232cc6fc28691adf,egglog,4,ok,0,706.0470022261143,0,"[""/usr/bin/python3"", ""/home/arjaiswal/Polygeist/scripts/correctness/kernel_match_rewrite.py"", ""/home/arjaiswal/Polygeist/issues/aten_c_kernels/results/aten_lower_bound_cpu/debuf.mlir"", ""--dry-run"", ""--matcher-mode"", ""egglog"", ""--telemetry-json"", ""/home/arjaiswal/Polygeist/issues/equality_saturation_eval/campaign_20260908/aten-aten_lower_bound_cpu-egglog-sbahibgb.json"", ""--disable-semantic-fallback""]","== match report for /home/arjaiswal/Polygeist/issues/aten_c_kernels/results/aten_lower_bound_cpu/debuf.mlir ==
  total: 0 matched / 0 bodies
",0,[],0,0,0,0,/home/arjaiswal/Polygeist/issues/aten_c_kernels/results/aten_lower_bound_cpu/debuf.mlir,2630,8,0,0,270.0527384877205,0,64760,0.0,0,0,0,0,[],0,0,0,0.0,0
aten,aten_lower_bound_cpu,/home/arjaiswal/Polygeist/issues/aten_c_kernels/results/aten_lower_bound_cpu/debuf.mlir,3ecba782c0eb82ebcb4b65aebd81849ef1adc3d749681ab0232cc6fc28691adf,syntactic,4,ok,0,675.0632524490356,0,"[""/usr/bin/python3"", ""/home/arjaiswal/Polygeist/scripts/correctness/kernel_match_rewrite.py"", ""/home/arjaiswal/Polygeist/issues/aten_c_kernels/results/aten_lower_bound_cpu/debuf.mlir"", ""--dry-run"", ""--matcher-mode"", ""syntactic"", ""--telemetry-json"", ""/home/arjaiswal/Polygeist/issues/equality_saturation_eval/campaign_20260908/aten-aten_lower_bound_cpu-syntactic-ztb9omq0.json"", ""--disable-semantic-fallback""]","== match report for /home/arjaiswal/Polygeist/issues/aten_c_kernels/results/aten_lower_bound_cpu/debuf.mlir ==
  total: 0 matched / 0 bodies
",0,[],0,0,0,0,/home/arjaiswal/Polygeist/issues/aten_c_kernels/results/aten_lower_bound_cpu/debuf.mlir,2630,0,0,0,252.23063305020332,0,64636,0.0,0,0,0,0,[],0,0,0,0.0,0
aten,aten_lower_bound_cpu,/home/arjaiswal/Polygeist/issues/aten_c_kernels/results/aten_lower_bound_cpu/debuf.mlir,3ecba782c0eb82ebcb4b65aebd81849ef1adc3d749681ab0232cc6fc28691adf,syntactic,5,ok,0,701.4269903302193,0,"[""/usr/bin/python3"", ""/home/arjaiswal/Polygeist/scripts/correctness/kernel_match_rewrite.py"", ""/home/arjaiswal/Polygeist/issues/aten_c_kernels/results/aten_lower_bound_cpu/debuf.mlir"", ""--dry-run"", ""--matcher-mode"", ""syntactic"", ""--telemetry-json"", ""/home/arjaiswal/Polygeist/issues/equality_saturation_eval/campaign_20260908/aten-aten_lower_bound_cpu-syntactic-7fjp_lb3.json"", ""--disable-semantic-fallback""]","== match report for /home/arjaiswal/Polygeist/issues/aten_c_kernels/results/aten_lower_bound_cpu/debuf.mlir ==
  total: 0 matched / 0 bodies
",0,[],0,0,0,0,/home/arjaiswal/Polygeist/issues/aten_c_kernels/results/aten_lower_bound_cpu/debuf.mlir,2630,0,0,0,263.1787694990635,0,64752,0.0,0,0,0,0,[],0,0,0,0.0,0
aten,aten_lower_bound_cpu,/home/arjaiswal/Polygeist/issues/aten_c_kernels/results/aten_lower_bound_cpu/debuf.mlir,3ecba782c0eb82ebcb4b65aebd81849ef1adc3d749681ab0232cc6fc28691adf,egglog,5,ok,0,697.0786526799202,0,"[""/usr/bin/python3"", ""/home/arjaiswal/Polygeist/scripts/correctness/kernel_match_rewrite.py"", ""/home/arjaiswal/Polygeist/issues/aten_c_kernels/results/aten_lower_bound_cpu/debuf.mlir"", ""--dry-run"", ""--matcher-mode"", ""egglog"", ""--telemetry-json"", ""/home/arjaiswal/Polygeist/issues/equality_saturation_eval/campaign_20260908/aten-aten_lower_bound_cpu-egglog-o3enab8n.json"", ""--disable-semantic-fallback""]","== match report for /home/arjaiswal/Polygeist/issues/aten_c_kernels/results/aten_lower_bound_cpu/debuf.mlir ==
  total: 0 matched / 0 bodies
",0,[],0,0,0,0,/home/arjaiswal/Polygeist/issues/aten_c_kernels/results/aten_lower_bound_cpu/debuf.mlir,2630,8,0,0,247.39117175340652,0,64720,0.0,0,0,0,0,[],0,0,0,0.0,0
aten,aten_lshift_i32,/home/arjaiswal/Polygeist/issues/aten_c_kernels/results/aten_lshift_i32/debuf.mlir,13165b430bd5200855fa69a7ef6c029a11746782df1d57091dd1f35d25e0bb97,egglog,1,ok,0,709.5968089997768,0,"[""/usr/bin/python3"", ""/home/arjaiswal/Polygeist/scripts/correctness/kernel_match_rewrite.py"", ""/home/arjaiswal/Polygeist/issues/aten_c_kernels/results/aten_lshift_i32/debuf.mlir"", ""--dry-run"", ""--matcher-mode"", ""egglog"", ""--telemetry-json"", ""/home/arjaiswal/Polygeist/issues/equality_saturation_eval/campaign_20260908/aten-aten_lshift_i32-egglog-2j8bulmb.json"", ""--disable-semantic-fallback""]","== match report for /home/arjaiswal/Polygeist/issues/aten_c_kernels/results/aten_lshift_i32/debuf.mlir ==
  no_match       body#0  ?
  total: 0 matched / 1 bodies
",0,[],0,0,0,0,/home/arjaiswal/Polygeist/issues/aten_c_kernels/results/aten_lshift_i32/debuf.mlir,1890,8,1,0,292.5320081412792,1,65516,0.0,0,0,0,0,[],0,0,0,0.0,6
aten,aten_lshift_i32,/home/arjaiswal/Polygeist/issues/aten_c_kernels/results/aten_lshift_i32/debuf.mlir,13165b430bd5200855fa69a7ef6c029a11746782df1d57091dd1f35d25e0bb97,syntactic,1,ok,0,705.6811265647411,0,"[""/usr/bin/python3"", ""/home/arjaiswal/Polygeist/scripts/correctness/kernel_match_rewrite.py"", ""/home/arjaiswal/Polygeist/issues/aten_c_kernels/results/aten_lshift_i32/debuf.mlir"", ""--dry-run"", ""--matcher-mode"", ""syntactic"", ""--telemetry-json"", ""/home/arjaiswal/Polygeist/issues/equality_saturation_eval/campaign_20260908/aten-aten_lshift_i32-syntactic-7d5r99mz.json"", ""--disable-semantic-fallback""]","== match report for /home/arjaiswal/Polygeist/issues/aten_c_kernels/results/aten_lshift_i32/debuf.mlir ==
  no_match       body#0  ?
  total: 0 matched / 1 bodies
",0,[],0,0,0,0,/home/arjaiswal/Polygeist/issues/aten_c_kernels/results/aten_lshift_i32/debuf.mlir,1890,0,1,0,287.4518409371376,1,65752,0.01823902130126953,0,0,0,0,[],0,0,6,0.0,6
aten,aten_lshift_i32,/home/arjaiswal/Polygeist/issues/aten_c_kernels/results/aten_lshift_i32/debuf.mlir,13165b430bd5200855fa69a7ef6c029a11746782df1d57091dd1f35d25e0bb97,syntactic,2,ok,0,693.8843503594398,0,"[""/usr/bin/python3"", ""/home/arjaiswal/Polygeist/scripts/correctness/kernel_match_rewrite.py"", ""/home/arjaiswal/Polygeist/issues/aten_c_kernels/results/aten_lshift_i32/debuf.mlir"", ""--dry-run"", ""--matcher-mode"", ""syntactic"", ""--telemetry-json"", ""/home/arjaiswal/Polygeist/issues/equality_saturation_eval/campaign_20260908/aten-aten_lshift_i32-syntactic-fiymb8aw.json"", ""--disable-semantic-fallback""]","== match report for /home/arjaiswal/Polygeist/issues/aten_c_kernels/results/aten_lshift_i32/debuf.mlir ==
  no_match       body#0  ?
  total: 0 matched / 1 bodies
",0,[],0,0,0,0,/home/arjaiswal/Polygeist/issues/aten_c_kernels/results/aten_lshift_i32/debuf.mlir,1890,0,1,0,281.11033514142036,1,65864,0.01668184995651245,0,0,0,0,[],0,0,6,0.0,6
aten,aten_lshift_i32,/home/arjaiswal/Polygeist/issues/aten_c_kernels/results/aten_lshift_i32/debuf.mlir,13165b430bd5200855fa69a7ef6c029a11746782df1d57091dd1f35d25e0bb97,egglog,2,ok,0,724.8900905251503,0,"[""/usr/bin/python3"", ""/home/arjaiswal/Polygeist/scripts/correctness/kernel_match_rewrite.py"", ""/home/arjaiswal/Polygeist/issues/aten_c_kernels/results/aten_lshift_i32/debuf.mlir"", ""--dry-run"", ""--matcher-mode"", ""egglog"", ""--telemetry-json"", ""/home/arjaiswal/Polygeist/issues/equality_saturation_eval/campaign_20260908/aten-aten_lshift_i32-egglog-t4nlh5zc.json"", ""--disable-semantic-fallback""]","== match report for /home/arjaiswal/Polygeist/issues/aten_c_kernels/results/aten_lshift_i32/debuf.mlir ==
  no_match       body#0  ?
  total: 0 matched / 1 bodies
",0,[],0,0,0,0,/home/arjaiswal/Polygeist/issues/aten_c_kernels/results/aten_lshift_i32/debuf.mlir,1890,8,1,0,286.2168774008751,1,65660,0.0,0,0,0,0,[],0,0,0,0.0,6
aten,aten_lshift_i32,/home/arjaiswal/Polygeist/issues/aten_c_kernels/results/aten_lshift_i32/debuf.mlir,13165b430bd5200855fa69a7ef6c029a11746782df1d57091dd1f35d25e0bb97,egglog,3,ok,0,758.8798813521862,0,"[""/usr/bin/python3"", ""/home/arjaiswal/Polygeist/scripts/correctness/kernel_match_rewrite.py"", ""/home/arjaiswal/Polygeist/issues/aten_c_kernels/results/aten_lshift_i32/debuf.mlir"", ""--dry-run"", ""--matcher-mode"", ""egglog"", ""--telemetry-json"", ""/home/arjaiswal/Polygeist/issues/equality_saturation_eval/campaign_20260908/aten-aten_lshift_i32-egglog-syweg_vc.json"", ""--disable-semantic-fallback""]","== match report for /home/arjaiswal/Polygeist/issues/aten_c_kernels/results/aten_lshift_i32/debuf.mlir ==
  no_match       body#0  ?
  total: 0 matched / 1 bodies
",0,[],0,0,0,0,/home/arjaiswal/Polygeist/issues/aten_c_kernels/results/aten_lshift_i32/debuf.mlir,1890,8,1,0,287.720937281847,1,65688,0.0,0,0,0,0,[],0,0,0,0.0,6
aten,aten_lshift_i32,/home/arjaiswal/Polygeist/issues/aten_c_kernels/results/aten_lshift_i32/debuf.mlir,13165b430bd5200855fa69a7ef6c029a11746782df1d57091dd1f35d25e0bb97,syntactic,3,ok,0,699.4083151221275,0,"[""/usr/bin/python3"", ""/home/arjaiswal/Polygeist/scripts/correctness/kernel_match_rewrite.py"", ""/home/arjaiswal/Polygeist/issues/aten_c_kernels/results/aten_lshift_i32/debuf.mlir"", ""--dry-run"", ""--matcher-mode"", ""syntactic"", ""--telemetry-json"", ""/home/arjaiswal/Polygeist/issues/equality_saturation_eval/campaign_20260908/aten-aten_lshift_i32-syntactic-j3si2uj8.json"", ""--disable-semantic-fallback""]","== match report for /home/arjaiswal/Polygeist/issues/aten_c_kernels/results/aten_lshift_i32/debuf.mlir ==
  no_match       body#0  ?
  total: 0 matched / 1 bodies
",0,[],0,0,0,0,/home/arjaiswal/Polygeist/issues/aten_c_kernels/results/aten_lshift_i32/debuf.mlir,1890,0,1,0,283.1572853028774,1,65872,0.017423182725906372,0,0,0,0,[],0,0,6,0.0,6
aten,aten_lshift_i32,/home/arjaiswal/Polygeist/issues/aten_c_kernels/results/aten_lshift_i32/debuf.mlir,13165b430bd5200855fa69a7ef6c029a11746782df1d57091dd1f35d25e0bb97,syntactic,4,ok,0,712.1708244085312,0,"[""/usr/bin/python3"", ""/home/arjaiswal/Polygeist/scripts/correctness/kernel_match_rewrite.py"", ""/home/arjaiswal/Polygeist/issues/aten_c_kernels/results/aten_lshift_i32/debuf.mlir"", ""--dry-run"", ""--matcher-mode"", ""syntactic"", ""--telemetry-json"", ""/home/arjaiswal/Polygeist/issues/equality_saturation_eval/campaign_20260908/aten-aten_lshift_i32-syntactic-i2c9oja9.json"", ""--disable-semantic-fallback""]","== match report for /home/arjaiswal/Polygeist/issues/aten_c_kernels/results/aten_lshift_i32/debuf.mlir ==
  no_match       body#0  ?
  total: 0 matched / 1 bodies
",0,[],0,0,0,0,/home/arjaiswal/Polygeist/issues/aten_c_kernels/results/aten_lshift_i32/debuf.mlir,1890,0,1,0,289.1962267458439,1,65544,0.01681596040725708,0,0,0,0,[],0,0,6,0.0,6
aten,aten_lshift_i32,/home/arjaiswal/Polygeist/issues/aten_c_kernels/results/aten_lshift_i32/debuf.mlir,13165b430bd5200855fa69a7ef6c029a11746782df1d57091dd1f35d25e0bb97,egglog,4,ok,0,692.8801350295544,0,"[""/usr/bin/python3"", ""/home/arjaiswal/Polygeist/scripts/correctness/kernel_match_rewrite.py"", ""/home/arjaiswal/Polygeist/issues/aten_c_kernels/results/aten_lshift_i32/debuf.mlir"", ""--dry-run"", ""--matcher-mode"", ""egglog"", ""--telemetry-json"", ""/home/arjaiswal/Polygeist/issues/equality_saturation_eval/campaign_20260908/aten-aten_lshift_i32-egglog-cbckj5i1.json"", ""--disable-semantic-fallback""]","== match report for /home/arjaiswal/Polygeist/issues/aten_c_kernels/results/aten_lshift_i32/debuf.mlir ==
  no_match       body#0  ?
  total: 0 matched / 1 bodies
",0,[],0,0,0,0,/home/arjaiswal/Polygeist/issues/aten_c_kernels/results/aten_lshift_i32/debuf.mlir,1890,8,1,0,280.53997457027435,1,65704,0.0,0,0,0,0,[],0,0,0,0.0,6
aten,aten_lshift_i32,/home/arjaiswal/Polygeist/issues/aten_c_kernels/results/aten_lshift_i32/debuf.mlir,13165b430bd5200855fa69a7ef6c029a11746782df1d57091dd1f35d25e0bb97,egglog,5,ok,0,720.8099402487278,0,"[""/usr/bin/python3"", ""/home/arjaiswal/Polygeist/scripts/correctness/kernel_match_rewrite.py"", ""/home/arjaiswal/Polygeist/issues/aten_c_kernels/results/aten_lshift_i32/debuf.mlir"", ""--dry-run"", ""--matcher-mode"", ""egglog"", ""--telemetry-json"", ""/home/arjaiswal/Polygeist/issues/equality_saturation_eval/campaign_20260908/aten-aten_lshift_i32-egglog-1t2m90n7.json"", ""--disable-semantic-fallback""]","== match report for /home/arjaiswal/Polygeist/issues/aten_c_kernels/results/aten_lshift_i32/debuf.mlir ==
  no_match       body#0  ?
  total: 0 matched / 1 bodies
",0,[],0,0,0,0,/home/arjaiswal/Polygeist/issues/aten_c_kernels/results/aten_lshift_i32/debuf.mlir,1890,8,1,0,288.7217476963997,1,65668,0.0,0,0,0,0,[],0,0,0,0.0,6
aten,aten_lshift_i32,/home/arjaiswal/Polygeist/issues/aten_c_kernels/results/aten_lshift_i32/debuf.mlir,13165b430bd5200855fa69a7ef6c029a11746782df1d57091dd1f35d25e0bb97,syntactic,5,ok,0,705.0376087427139,0,"[""/usr/bin/python3"", ""/home/arjaiswal/Polygeist/scripts/correctness/kernel_match_rewrite.py"", ""/home/arjaiswal/Polygeist/issues/aten_c_kernels/results/aten_lshift_i32/debuf.mlir"", ""--dry-run"", ""--matcher-mode"", ""syntactic"", ""--telemetry-json"", ""/home/arjaiswal/Polygeist/issues/equality_saturation_eval/campaign_20260908/aten-aten_lshift_i32-syntactic-99a9w1ui.json"", ""--disable-semantic-fallback""]","== match report for /home/arjaiswal/Polygeist/issues/aten_c_kernels/results/aten_lshift_i32/debuf.mlir ==
  no_match       body#0  ?
  total: 0 matched / 1 bodies
",0,[],0,0,0,0,/home/arjaiswal/Polygeist/issues/aten_c_kernels/results/aten_lshift_i32/debuf.mlir,1890,0,1,0,294.7491556406021,1,65612,0.016789883375167847,0,0,0,0,[],0,0,6,0.0,6
aten,aten_lt,/home/arjaiswal/Polygeist/issues/aten_c_kernels/results/aten_lt/debuf.mlir,dca487828dfd6c248e05731c193c92848ea0760920c3ab9b735bb5d9933b2189,syntactic,1,ok,0,696.400061249733,0,"[""/usr/bin/python3"", ""/home/arjaiswal/Polygeist/scripts/correctness/kernel_match_rewrite.py"", ""/home/arjaiswal/Polygeist/issues/aten_c_kernels/results/aten_lt/debuf.mlir"", ""--dry-run"", ""--matcher-mode"", ""syntactic"", ""--telemetry-json"", ""/home/arjaiswal/Polygeist/issues/equality_saturation_eval/campaign_20260908/aten-aten_lt-syntactic-q4g2cluo.json"", ""--disable-semantic-fallback""]","== match report for /home/arjaiswal/Polygeist/issues/aten_c_kernels/results/aten_lt/debuf.mlir ==
  no_match       body#0  ?
  total: 0 matched / 1 bodies
",0,[],0,0,0,0,/home/arjaiswal/Polygeist/issues/aten_c_kernels/results/aten_lt/debuf.mlir,1965,0,1,0,292.5371788442135,1,65580,0.02049654722213745,0,0,0,0,[],0,0,8,0.0,8
aten,aten_lt,/home/arjaiswal/Polygeist/issues/aten_c_kernels/results/aten_lt/debuf.mlir,dca487828dfd6c248e05731c193c92848ea0760920c3ab9b735bb5d9933b2189,egglog,1,ok,0,702.524334192276,0,"[""/usr/bin/python3"", ""/home/arjaiswal/Polygeist/scripts/correctness/kernel_match_rewrite.py"", ""/home/arjaiswal/Polygeist/issues/aten_c_kernels/results/aten_lt/debuf.mlir"", ""--dry-run"", ""--matcher-mode"", ""egglog"", ""--telemetry-json"", ""/home/arjaiswal/Polygeist/issues/equality_saturation_eval/campaign_20260908/aten-aten_lt-egglog-corp65a4.json"", ""--disable-semantic-fallback""]","== match report for /home/arjaiswal/Polygeist/issues/aten_c_kernels/results/aten_lt/debuf.mlir ==
  no_match       body#0  ?
  total: 0 matched / 1 bodies
",0,[],0,0,0,0,/home/arjaiswal/Polygeist/issues/aten_c_kernels/results/aten_lt/debuf.mlir,1965,8,1,0,287.9716828465462,1,65836,0.0,0,0,0,0,[],0,0,0,0.0,8
aten,aten_lt,/home/arjaiswal/Polygeist/issues/aten_c_kernels/results/aten_lt/debuf.mlir,dca487828dfd6c248e05731c193c92848ea0760920c3ab9b735bb5d9933b2189,egglog,2,ok,0,708.6608074605465,0,"[""/usr/bin/python3"", ""/home/arjaiswal/Polygeist/scripts/correctness/kernel_match_rewrite.py"", ""/home/arjaiswal/Polygeist/issues/aten_c_kernels/results/aten_lt/debuf.mlir"", ""--dry-run"", ""--matcher-mode"", ""egglog"", ""--telemetry-json"", ""/home/arjaiswal/Polygeist/issues/equality_saturation_eval/campaign_20260908/aten-aten_lt-egglog-1gnlv_ae.json"", ""--disable-semantic-fallback""]","== match report for /home/arjaiswal/Polygeist/issues/aten_c_kernels/results/aten_lt/debuf.mlir ==
  no_match       body#0  ?
  total: 0 matched / 1 bodies
",0,[],0,0,0,0,/home/arjaiswal/Polygeist/issues/aten_c_kernels/results/aten_lt/debuf.mlir,1965,8,1,0,294.1575348377228,1,65484,0.0,0,0,0,0,[],0,0,0,0.0,8
aten,aten_lt,/home/arjaiswal/Polygeist/issues/aten_c_kernels/results/aten_lt/debuf.mlir,dca487828dfd6c248e05731c193c92848ea0760920c3ab9b735bb5d9933b2189,syntactic,2,ok,0,730.4522059857845,0,"[""/usr/bin/python3"", ""/home/arjaiswal/Polygeist/scripts/correctness/kernel_match_rewrite.py"", ""/home/arjaiswal/Polygeist/issues/aten_c_kernels/results/aten_lt/debuf.mlir"", ""--dry-run"", ""--matcher-mode"", ""syntactic"", ""--telemetry-json"", ""/home/arjaiswal/Polygeist/issues/equality_saturation_eval/campaign_20260908/aten-aten_lt-syntactic-eaxz9yv9.json"", ""--disable-semantic-fallback""]","== match report for /home/arjaiswal/Polygeist/issues/aten_c_kernels/results/aten_lt/debuf.mlir ==
  no_match       body#0  ?
  total: 0 matched / 1 bodies
",0,[],0,0,0,0,/home/arjaiswal/Polygeist/issues/aten_c_kernels/results/aten_lt/debuf.mlir,1965,0,1,0,295.49743980169296,1,65592,0.02460181713104248,0,0,0,0,[],0,0,8,0.0,8
aten,aten_lt,/home/arjaiswal/Polygeist/issues/aten_c_kernels/results/aten_lt/debuf.mlir,dca487828dfd6c248e05731c193c92848ea0760920c3ab9b735bb5d9933b2189,syntactic,3,ok,0,734.7273044288158,0,"[""/usr/bin/python3"", ""/home/arjaiswal/Polygeist/scripts/correctness/kernel_match_rewrite.py"", ""/home/arjaiswal/Polygeist/issues/aten_c_kernels/results/aten_lt/debuf.mlir"", ""--dry-run"", ""--matcher-mode"", ""syntactic"", ""--telemetry-json"", ""/home/arjaiswal/Polygeist/issues/equality_saturation_eval/campaign_20260908/aten-aten_lt-syntactic-iwj2d5t0.json"", ""--disable-semantic-fallback""]","== match report for /home/arjaiswal/Polygeist/issues/aten_c_kernels/results/aten_lt/debuf.mlir ==
  no_match       body#0  ?
  total: 0 matched / 1 bodies
",0,[],0,0,0,0,/home/arjaiswal/Polygeist/issues/aten_c_kernels/results/aten_lt/debuf.mlir,1965,0,1,0,297.966081649065,1,65508,0.024337321519851685,0,0,0,0,[],0,0,8,0.0,8
aten,aten_lt,/home/arjaiswal/Polygeist/issues/aten_c_kernels/results/aten_lt/debuf.mlir,dca487828dfd6c248e05731c193c92848ea0760920c3ab9b735bb5d9933b2189,egglog,3,ok,0,715.6475447118282,0,"[""/usr/bin/python3"", ""/home/arjaiswal/Polygeist/scripts/correctness/kernel_match_rewrite.py"", ""/home/arjaiswal/Polygeist/issues/aten_c_kernels/results/aten_lt/debuf.mlir"", ""--dry-run"", ""--matcher-mode"", ""egglog"", ""--telemetry-json"", ""/home/arjaiswal/Polygeist/issues/equality_saturation_eval/campaign_20260908/aten-aten_lt-egglog-zl3vkmjw.json"", ""--disable-semantic-fallback""]","== match report for /home/arjaiswal/Polygeist/issues/aten_c_kernels/results/aten_lt/debuf.mlir ==
  no_match       body#0  ?
  total: 0 matched / 1 bodies
",0,[],0,0,0,0,/home/arjaiswal/Polygeist/issues/aten_c_kernels/results/aten_lt/debuf.mlir,1965,8,1,0,306.83427676558495,1,65840,0.0,0,0,0,0,[],0,0,0,0.0,8
aten,aten_lt,/home/arjaiswal/Polygeist/issues/aten_c_kernels/results/aten_lt/debuf.mlir,dca487828dfd6c248e05731c193c92848ea0760920c3ab9b735bb5d9933b2189,egglog,4,ok,0,702.7095146477222,0,"[""/usr/bin/python3"", ""/home/arjaiswal/Polygeist/scripts/correctness/kernel_match_rewrite.py"", ""/home/arjaiswal/Polygeist/issues/aten_c_kernels/results/aten_lt/debuf.mlir"", ""--dry-run"", ""--matcher-mode"", ""egglog"", ""--telemetry-json"", ""/home/arjaiswal/Polygeist/issues/equality_saturation_eval/campaign_20260908/aten-aten_lt-egglog-4dcqfdpq.json"", ""--disable-semantic-fallback""]","== match report for /home/arjaiswal/Polygeist/issues/aten_c_kernels/results/aten_lt/debuf.mlir ==
  no_match       body#0  ?
  total: 0 matched / 1 bodies
",0,[],0,0,0,0,/home/arjaiswal/Polygeist/issues/aten_c_kernels/results/aten_lt/debuf.mlir,1965,8,1,0,292.65590757131577,1,65660,0.0,0,0,0,0,[],0,0,0,0.0,8
aten,aten_lt,/home/arjaiswal/Polygeist/issues/aten_c_kernels/results/aten_lt/debuf.mlir,dca487828dfd6c248e05731c193c92848ea0760920c3ab9b735bb5d9933b2189,syntactic,4,ok,0,710.2234810590744,0,"[""/usr/bin/python3"", ""/home/arjaiswal/Polygeist/scripts/correctness/kernel_match_rewrite.py"", ""/home/arjaiswal/Polygeist/issues/aten_c_kernels/results/aten_lt/debuf.mlir"", ""--dry-run"", ""--matcher-mode"", ""syntactic"", ""--telemetry-json"", ""/home/arjaiswal/Polygeist/issues/equality_saturation_eval/campaign_20260908/aten-aten_lt-syntactic-qbkcc3if.json"", ""--disable-semantic-fallback""]","== match report for /home/arjaiswal/Polygeist/issues/aten_c_kernels/results/aten_lt/debuf.mlir ==
  no_match       body#0  ?
  total: 0 matched / 1 bodies
",0,[],0,0,0,0,/home/arjaiswal/Polygeist/issues/aten_c_kernels/results/aten_lt/debuf.mlir,1965,0,1,0,285.1533330976963,1,65652,0.02197548747062683,0,0,0,0,[],0,0,8,0.0,8
aten,aten_lt,/home/arjaiswal/Polygeist/issues/aten_c_kernels/results/aten_lt/debuf.mlir,dca487828dfd6c248e05731c193c92848ea0760920c3ab9b735bb5d9933b2189,syntactic,5,ok,0,692.8213089704514,0,"[""/usr/bin/python3"", ""/home/arjaiswal/Polygeist/scripts/correctness/kernel_match_rewrite.py"", ""/home/arjaiswal/Polygeist/issues/aten_c_kernels/results/aten_lt/debuf.mlir"", ""--dry-run"", ""--matcher-mode"", ""syntactic"", ""--telemetry-json"", ""/home/arjaiswal/Polygeist/issues/equality_saturation_eval/campaign_20260908/aten-aten_lt-syntactic-822si3lq.json"", ""--disable-semantic-fallback""]","== match report for /home/arjaiswal/Polygeist/issues/aten_c_kernels/results/aten_lt/debuf.mlir ==
  no_match       body#0  ?
  total: 0 matched / 1 bodies
",0,[],0,0,0,0,/home/arjaiswal/Polygeist/issues/aten_c_kernels/results/aten_lt/debuf.mlir,1965,0,1,0,290.88106751441956,1,65736,0.020809471607208252,0,0,0,0,[],0,0,8,0.0,8
aten,aten_lt,/home/arjaiswal/Polygeist/issues/aten_c_kernels/results/aten_lt/debuf.mlir,dca487828dfd6c248e05731c193c92848ea0760920c3ab9b735bb5d9933b2189,egglog,5,ok,0,742.4062937498093,0,"[""/usr/bin/python3"", ""/home/arjaiswal/Polygeist/scripts/correctness/kernel_match_rewrite.py"", ""/home/arjaiswal/Polygeist/issues/aten_c_kernels/results/aten_lt/debuf.mlir"", ""--dry-run"", ""--matcher-mode"", ""egglog"", ""--telemetry-json"", ""/home/arjaiswal/Polygeist/issues/equality_saturation_eval/campaign_20260908/aten-aten_lt-egglog-cbysrs3o.json"", ""--disable-semantic-fallback""]","== match report for /home/arjaiswal/Polygeist/issues/aten_c_kernels/results/aten_lt/debuf.mlir ==
  no_match       body#0  ?
  total: 0 matched / 1 bodies
",0,[],0,0,0,0,/home/arjaiswal/Polygeist/issues/aten_c_kernels/results/aten_lt/debuf.mlir,1965,8,1,0,319.24624741077423,1,65636,0.0,0,0,0,0,[],0,0,0,0.0,8
aten,aten_masked_fill_cpu,/home/arjaiswal/Polygeist/issues/aten_c_kernels/results/aten_masked_fill_cpu/debuf.mlir,36c2f113a7f4a8c170a259102b06c26b1a26683150ce85264d6334ba50bbf4ff,egglog,1,ok,0,1005.5682249367237,0,"[""/usr/bin/python3"", ""/home/arjaiswal/Polygeist/scripts/correctness/kernel_match_rewrite.py"", ""/home/arjaiswal/Polygeist/issues/aten_c_kernels/results/aten_masked_fill_cpu/debuf.mlir"", ""--dry-run"", ""--matcher-mode"", ""egglog"", ""--telemetry-json"", ""/home/arjaiswal/Polygeist/issues/equality_saturation_eval/campaign_20260908/aten-aten_masked_fill_cpu-egglog-ehkxu9g4.json"", ""--disable-semantic-fallback""]","== match report for /home/arjaiswal/Polygeist/issues/aten_c_kernels/results/aten_masked_fill_cpu/debuf.mlir ==
  no_match       body#0  ?
  total: 0 matched / 1 bodies
",0,[],0,0,0,0,/home/arjaiswal/Polygeist/issues/aten_c_kernels/results/aten_masked_fill_cpu/debuf.mlir,1882,8,1,0,548.6946776509285,1,65872,0.0,0,0,0,0,[],0,0,0,0.0,56
aten,aten_masked_fill_cpu,/home/arjaiswal/Polygeist/issues/aten_c_kernels/results/aten_masked_fill_cpu/debuf.mlir,36c2f113a7f4a8c170a259102b06c26b1a26683150ce85264d6334ba50bbf4ff,syntactic,1,ok,0,953.864973038435,0,"[""/usr/bin/python3"", ""/home/arjaiswal/Polygeist/scripts/correctness/kernel_match_rewrite.py"", ""/home/arjaiswal/Polygeist/issues/aten_c_kernels/results/aten_masked_fill_cpu/debuf.mlir"", ""--dry-run"", ""--matcher-mode"", ""syntactic"", ""--telemetry-json"", ""/home/arjaiswal/Polygeist/issues/equality_saturation_eval/campaign_20260908/aten-aten_masked_fill_cpu-syntactic-qs9i0f1f.json"", ""--disable-semantic-fallback""]","== match report for /home/arjaiswal/Polygeist/issues/aten_c_kernels/results/aten_masked_fill_cpu/debuf.mlir ==
  no_match       body#0  ?
  total: 0 matched / 1 bodies
",0,[],0,0,0,0,/home/arjaiswal/Polygeist/issues/aten_c_kernels/results/aten_masked_fill_cpu/debuf.mlir,1882,0,1,0,510.490320622921,1,65976,0.1479797065258026,0,0,0,0,[],0,0,56,0.0,56
aten,aten_masked_fill_cpu,/home/arjaiswal/Polygeist/issues/aten_c_kernels/results/aten_masked_fill_cpu/debuf.mlir,36c2f113a7f4a8c170a259102b06c26b1a26683150ce85264d6334ba50bbf4ff,syntactic,2,ok,0,909.9455252289772,0,"[""/usr/bin/python3"", ""/home/arjaiswal/Polygeist/scripts/correctness/kernel_match_rewrite.py"", ""/home/arjaiswal/Polygeist/issues/aten_c_kernels/results/aten_masked_fill_cpu/debuf.mlir"", ""--dry-run"", ""--matcher-mode"", ""syntactic"", ""--telemetry-json"", ""/home/arjaiswal/Polygeist/issues/equality_saturation_eval/campaign_20260908/aten-aten_masked_fill_cpu-syntactic-incgxq1h.json"", ""--disable-semantic-fallback""]","== match report for /home/arjaiswal/Polygeist/issues/aten_c_kernels/results/aten_masked_fill_cpu/debuf.mlir ==
  no_match       body#0  ?
  total: 0 matched / 1 bodies
",0,[],0,0,0,0,/home/arjaiswal/Polygeist/issues/aten_c_kernels/results/aten_masked_fill_cpu/debuf.mlir,1882,0,1,0,494.5283681154251,1,65712,0.1446269452571869,0,0,0,0,[],0,0,56,0.0,56
aten,aten_masked_fill_cpu,/home/arjaiswal/Polygeist/issues/aten_c_kernels/results/aten_masked_fill_cpu/debuf.mlir,36c2f113a7f4a8c170a259102b06c26b1a26683150ce85264d6334ba50bbf4ff,egglog,2,ok,0,950.4270553588867,0,"[""/usr/bin/python3"", ""/home/arjaiswal/Polygeist/scripts/correctness/kernel_match_rewrite.py"", ""/home/arjaiswal/Polygeist/issues/aten_c_kernels/results/aten_masked_fill_cpu/debuf.mlir"", ""--dry-run"", ""--matcher-mode"", ""egglog"", ""--telemetry-json"", ""/home/arjaiswal/Polygeist/issues/equality_saturation_eval/campaign_20260908/aten-aten_masked_fill_cpu-egglog-kr_qwh7f.json"", ""--disable-semantic-fallback""]","== match report for /home/arjaiswal/Polygeist/issues/aten_c_kernels/results/aten_masked_fill_cpu/debuf.mlir ==
  no_match       body#0  ?
  total: 0 matched / 1 bodies
",0,[],0,0,0,0,/home/arjaiswal/Polygeist/issues/aten_c_kernels/results/aten_masked_fill_cpu/debuf.mlir,1882,8,1,0,508.35977122187614,1,65788,0.0,0,0,0,0,[],0,0,0,0.0,56
aten,aten_masked_fill_cpu,/home/arjaiswal/Polygeist/issues/aten_c_kernels/results/aten_masked_fill_cpu/debuf.mlir,36c2f113a7f4a8c170a259102b06c26b1a26683150ce85264d6334ba50bbf4ff,egglog,3,ok,0,921.0878945887089,0,"[""/usr/bin/python3"", ""/home/arjaiswal/Polygeist/scripts/correctness/kernel_match_rewrite.py"", ""/home/arjaiswal/Polygeist/issues/aten_c_kernels/results/aten_masked_fill_cpu/debuf.mlir"", ""--dry-run"", ""--matcher-mode"", ""egglog"", ""--telemetry-json"", ""/home/arjaiswal/Polygeist/issues/equality_saturation_eval/campaign_20260908/aten-aten_masked_fill_cpu-egglog-sse5adzj.json"", ""--disable-semantic-fallback""]","== match report for /home/arjaiswal/Polygeist/issues/aten_c_kernels/results/aten_masked_fill_cpu/debuf.mlir ==
  no_match       body#0  ?
  total: 0 matched / 1 bodies
",0,[],0,0,0,0,/home/arjaiswal/Polygeist/issues/aten_c_kernels/results/aten_masked_fill_cpu/debuf.mlir,1882,8,1,0,503.7962645292282,1,66064,0.0,0,0,0,0,[],0,0,0,0.0,56
aten,aten_masked_fill_cpu,/home/arjaiswal/Polygeist/issues/aten_c_kernels/results/aten_masked_fill_cpu/debuf.mlir,36c2f113a7f4a8c170a259102b06c26b1a26683150ce85264d6334ba50bbf4ff,syntactic,3,ok,0,941.319078207016,0,"[""/usr/bin/python3"", ""/home/arjaiswal/Polygeist/scripts/correctness/kernel_match_rewrite.py"", ""/home/arjaiswal/Polygeist/issues/aten_c_kernels/results/aten_masked_fill_cpu/debuf.mlir"", ""--dry-run"", ""--matcher-mode"", ""syntactic"", ""--telemetry-json"", ""/home/arjaiswal/Polygeist/issues/equality_saturation_eval/campaign_20260908/aten-aten_masked_fill_cpu-syntactic-rs4bvsf7.json"", ""--disable-semantic-fallback""]","== match report for /home/arjaiswal/Polygeist/issues/aten_c_kernels/results/aten_masked_fill_cpu/debuf.mlir ==
  no_match       body#0  ?
  total: 0 matched / 1 bodies
",0,[],0,0,0,0,/home/arjaiswal/Polygeist/issues/aten_c_kernels/results/aten_masked_fill_cpu/debuf.mlir,1882,0,1,0,502.77815014123917,1,66152,0.14998018741607666,0,0,0,0,[],0,0,56,0.0,56
aten,aten_masked_fill_cpu,/home/arjaiswal/Polygeist/issues/aten_c_kernels/results/aten_masked_fill_cpu/debuf.mlir,36c2f113a7f4a8c170a259102b06c26b1a26683150ce85264d6334ba50bbf4ff,syntactic,4,ok,0,890.78788459301,0,"[""/usr/bin/python3"", ""/home/arjaiswal/Polygeist/scripts/correctness/kernel_match_rewrite.py"", ""/home/arjaiswal/Polygeist/issues/aten_c_kernels/results/aten_masked_fill_cpu/debuf.mlir"", ""--dry-run"", ""--matcher-mode"", ""syntactic"", ""--telemetry-json"", ""/home/arjaiswal/Polygeist/issues/equality_saturation_eval/campaign_20260908/aten-aten_masked_fill_cpu-syntactic-gau13tej.json"", ""--disable-semantic-fallback""]","== match report for /home/arjaiswal/Polygeist/issues/aten_c_kernels/results/aten_masked_fill_cpu/debuf.mlir ==
  no_match       body#0  ?
  total: 0 matched / 1 bodies
",0,[],0,0,0,0,/home/arjaiswal/Polygeist/issues/aten_c_kernels/results/aten_masked_fill_cpu/debuf.mlir,1882,0,1,0,484.4258315861225,1,66044,0.14704838395118713,0,0,0,0,[],0,0,56,0.0,56
aten,aten_masked_fill_cpu,/home/arjaiswal/Polygeist/issues/aten_c_kernels/results/aten_masked_fill_cpu/debuf.mlir,36c2f113a7f4a8c170a259102b06c26b1a26683150ce85264d6334ba50bbf4ff,egglog,4,ok,0,902.9609225690365,0,"[""/usr/bin/python3"", ""/home/arjaiswal/Polygeist/scripts/correctness/kernel_match_rewrite.py"", ""/home/arjaiswal/Polygeist/issues/aten_c_kernels/results/aten_masked_fill_cpu/debuf.mlir"", ""--dry-run"", ""--matcher-mode"", ""egglog"", ""--telemetry-json"", ""/home/arjaiswal/Polygeist/issues/equality_saturation_eval/campaign_20260908/aten-aten_masked_fill_cpu-egglog-vh2h2stm.json"", ""--disable-semantic-fallback""]","== match report for /home/arjaiswal/Polygeist/issues/aten_c_kernels/results/aten_masked_fill_cpu/debuf.mlir ==
  no_match       body#0  ?
  total: 0 matched / 1 bodies
",0,[],0,0,0,0,/home/arjaiswal/Polygeist/issues/aten_c_kernels/results/aten_masked_fill_cpu/debuf.mlir,1882,8,1,0,496.5401850640774,1,66076,0.0,0,0,0,0,[],0,0,0,0.0,56
aten,aten_masked_fill_cpu,/home/arjaiswal/Polygeist/issues/aten_c_kernels/results/aten_masked_fill_cpu/debuf.mlir,36c2f113a7f4a8c170a259102b06c26b1a26683150ce85264d6334ba50bbf4ff,egglog,5,ok,0,895.5561257898808,0,"[""/usr/bin/python3"", ""/home/arjaiswal/Polygeist/scripts/correctness/kernel_match_rewrite.py"", ""/home/arjaiswal/Polygeist/issues/aten_c_kernels/results/aten_masked_fill_cpu/debuf.mlir"", ""--dry-run"", ""--matcher-mode"", ""egglog"", ""--telemetry-json"", ""/home/arjaiswal/Polygeist/issues/equality_saturation_eval/campaign_20260908/aten-aten_masked_fill_cpu-egglog-av941rpm.json"", ""--disable-semantic-fallback""]","== match report for /home/arjaiswal/Polygeist/issues/aten_c_kernels/results/aten_masked_fill_cpu/debuf.mlir ==
  no_match       body#0  ?
  total: 0 matched / 1 bodies
",0,[],0,0,0,0,/home/arjaiswal/Polygeist/issues/aten_c_kernels/results/aten_masked_fill_cpu/debuf.mlir,1882,8,1,0,485.7495129108429,1,66112,0.0,0,0,0,0,[],0,0,0,0.0,56
aten,aten_masked_fill_cpu,/home/arjaiswal/Polygeist/issues/aten_c_kernels/results/aten_masked_fill_cpu/debuf.mlir,36c2f113a7f4a8c170a259102b06c26b1a26683150ce85264d6334ba50bbf4ff,syntactic,5,ok,0,900.2747163176537,0,"[""/usr/bin/python3"", ""/home/arjaiswal/Polygeist/scripts/correctness/kernel_match_rewrite.py"", ""/home/arjaiswal/Polygeist/issues/aten_c_kernels/results/aten_masked_fill_cpu/debuf.mlir"", ""--dry-run"", ""--matcher-mode"", ""syntactic"", ""--telemetry-json"", ""/home/arjaiswal/Polygeist/issues/equality_saturation_eval/campaign_20260908/aten-aten_masked_fill_cpu-syntactic-sc1ulu5d.json"", ""--disable-semantic-fallback""]","== match report for /home/arjaiswal/Polygeist/issues/aten_c_kernels/results/aten_masked_fill_cpu/debuf.mlir ==
  no_match       body#0  ?
  total: 0 matched / 1 bodies
",0,[],0,0,0,0,/home/arjaiswal/Polygeist/issues/aten_c_kernels/results/aten_masked_fill_cpu/debuf.mlir,1882,0,1,0,494.1130541265011,1,65764,0.14750659465789795,0,0,0,0,[],0,0,56,0.0,56
aten,aten_masked_scale,/home/arjaiswal/Polygeist/issues/aten_c_kernels/results/aten_masked_scale/debuf.mlir,2851ca4ab3094dd5e29b6a574a871451acc0ccf6df1a5aa7cc3ca6983a3eb6e9,syntactic,1,ok,0,839.6529778838158,0,"[""/usr/bin/python3"", ""/home/arjaiswal/Polygeist/scripts/correctness/kernel_match_rewrite.py"", ""/home/arjaiswal/Polygeist/issues/aten_c_kernels/results/aten_masked_scale/debuf.mlir"", ""--dry-run"", ""--matcher-mode"", ""syntactic"", ""--telemetry-json"", ""/home/arjaiswal/Polygeist/issues/equality_saturation_eval/campaign_20260908/aten-aten_masked_scale-syntactic-dfifs0ku.json"", ""--disable-semantic-fallback""]","== match report for /home/arjaiswal/Polygeist/issues/aten_c_kernels/results/aten_masked_scale/debuf.mlir ==
  match          body#[0]  cudnnPointwiseGraph_f32
  total: 1 matched / 1 bodies
",0,[],0,0,0,0,/home/arjaiswal/Polygeist/issues/aten_c_kernels/results/aten_masked_scale/debuf.mlir,1790,0,1,1,432.54512920975685,0,65896,0.13253837823867798,0,0,0,0,"[{""body_indices"": [0], ""symbol"": ""cudnnPointwiseGraph_f32""}]",1,0,56,0.0,56
aten,aten_masked_scale,/home/arjaiswal/Polygeist/issues/aten_c_kernels/results/aten_masked_scale/debuf.mlir,2851ca4ab3094dd5e29b6a574a871451acc0ccf6df1a5aa7cc3ca6983a3eb6e9,egglog,1,ok,0,850.346028804779,0,"[""/usr/bin/python3"", ""/home/arjaiswal/Polygeist/scripts/correctness/kernel_match_rewrite.py"", ""/home/arjaiswal/Polygeist/issues/aten_c_kernels/results/aten_masked_scale/debuf.mlir"", ""--dry-run"", ""--matcher-mode"", ""egglog"", ""--telemetry-json"", ""/home/arjaiswal/Polygeist/issues/equality_saturation_eval/campaign_20260908/aten-aten_masked_scale-egglog-vtfoxhcj.json"", ""--disable-semantic-fallback""]","== match report for /home/arjaiswal/Polygeist/issues/aten_c_kernels/results/aten_masked_scale/debuf.mlir ==
  match          body#[0]  cudnnPointwiseGraph_f32
  total: 1 matched / 1 bodies
",0,[],0,0,0,0,/home/arjaiswal/Polygeist/issues/aten_c_kernels/results/aten_masked_scale/debuf.mlir,1790,8,1,1,430.00584840774536,0,65868,0.0,0,0,0,0,"[{""body_indices"": [0], ""symbol"": ""cudnnPointwiseGraph_f32""}]",1,0,0,0.0,56
aten,aten_masked_scale,/home/arjaiswal/Polygeist/issues/aten_c_kernels/results/aten_masked_scale/debuf.mlir,2851ca4ab3094dd5e29b6a574a871451acc0ccf6df1a5aa7cc3ca6983a3eb6e9,egglog,2,ok,0,857.9907417297363,0,"[""/usr/bin/python3"", ""/home/arjaiswal/Polygeist/scripts/correctness/kernel_match_rewrite.py"", ""/home/arjaiswal/Polygeist/issues/aten_c_kernels/results/aten_masked_scale/debuf.mlir"", ""--dry-run"", ""--matcher-mode"", ""egglog"", ""--telemetry-json"", ""/home/arjaiswal/Polygeist/issues/equality_saturation_eval/campaign_20260908/aten-aten_masked_scale-egglog-zqa3p8jp.json"", ""--disable-semantic-fallback""]","== match report for /home/arjaiswal/Polygeist/issues/aten_c_kernels/results/aten_masked_scale/debuf.mlir ==
  match          body#[0]  cudnnPointwiseGraph_f32
  total: 1 matched / 1 bodies
",0,[],0,0,0,0,/home/arjaiswal/Polygeist/issues/aten_c_kernels/results/aten_masked_scale/debuf.mlir,1790,8,1,1,433.4913566708565,0,66100,0.0,0,0,0,0,"[{""body_indices"": [0], ""symbol"": ""cudnnPointwiseGraph_f32""}]",1,0,0,0.0,56
aten,aten_masked_scale,/home/arjaiswal/Polygeist/issues/aten_c_kernels/results/aten_masked_scale/debuf.mlir,2851ca4ab3094dd5e29b6a574a871451acc0ccf6df1a5aa7cc3ca6983a3eb6e9,syntactic,2,ok,0,923.7687550485134,0,"[""/usr/bin/python3"", ""/home/arjaiswal/Polygeist/scripts/correctness/kernel_match_rewrite.py"", ""/home/arjaiswal/Polygeist/issues/aten_c_kernels/results/aten_masked_scale/debuf.mlir"", ""--dry-run"", ""--matcher-mode"", ""syntactic"", ""--telemetry-json"", ""/home/arjaiswal/Polygeist/issues/equality_saturation_eval/campaign_20260908/aten-aten_masked_scale-syntactic-a1w7tyw_.json"", ""--disable-semantic-fallback""]","== match report for /home/arjaiswal/Polygeist/issues/aten_c_kernels/results/aten_masked_scale/debuf.mlir ==
  match          body#[0]  cudnnPointwiseGraph_f32
  total: 1 matched / 1 bodies
",0,[],0,0,0,0,/home/arjaiswal/Polygeist/issues/aten_c_kernels/results/aten_masked_scale/debuf.mlir,1790,0,1,1,452.2087834775448,0,66000,0.15519559383392334,0,0,0,0,"[{""body_indices"": [0], ""symbol"": ""cudnnPointwiseGraph_f32""}]",1,0,56,0.0,56
aten,aten_masked_scale,/home/arjaiswal/Polygeist/issues/aten_c_kernels/results/aten_masked_scale/debuf.mlir,2851ca4ab3094dd5e29b6a574a871451acc0ccf6df1a5aa7cc3ca6983a3eb6e9,syntactic,3,ok,0,847.3958969116211,0,"[""/usr/bin/python3"", ""/home/arjaiswal/Polygeist/scripts/correctness/kernel_match_rewrite.py"", ""/home/arjaiswal/Polygeist/issues/aten_c_kernels/results/aten_masked_scale/debuf.mlir"", ""--dry-run"", ""--matcher-mode"", ""syntactic"", ""--telemetry-json"", ""/home/arjaiswal/Polygeist/issues/equality_saturation_eval/campaign_20260908/aten-aten_masked_scale-syntactic-dukz34s3.json"", ""--disable-semantic-fallback""]","== match report for /home/arjaiswal/Polygeist/issues/aten_c_kernels/results/aten_masked_scale/debuf.mlir ==
  match          body#[0]  cudnnPointwiseGraph_f32
  total: 1 matched / 1 bodies
",0,[],0,0,0,0,/home/arjaiswal/Polygeist/issues/aten_c_kernels/results/aten_masked_scale/debuf.mlir,1790,0,1,1,434.2709146440029,0,66080,0.1326426863670349,0,0,0,0,"[{""body_indices"": [0], ""symbol"": ""cudnnPointwiseGraph_f32""}]",1,0,56,0.0,56
aten,aten_masked_scale,/home/arjaiswal/Polygeist/issues/aten_c_kernels/results/aten_masked_scale/debuf.mlir,2851ca4ab3094dd5e29b6a574a871451acc0ccf6df1a5aa7cc3ca6983a3eb6e9,egglog,3,ok,0,894.0437771379948,0,"[""/usr/bin/python3"", ""/home/arjaiswal/Polygeist/scripts/correctness/kernel_match_rewrite.py"", ""/home/arjaiswal/Polygeist/issues/aten_c_kernels/results/aten_masked_scale/debuf.mlir"", ""--dry-run"", ""--matcher-mode"", ""egglog"", ""--telemetry-json"", ""/home/arjaiswal/Polygeist/issues/equality_saturation_eval/campaign_20260908/aten-aten_masked_scale-egglog-jzyh10fp.json"", ""--disable-semantic-fallback""]","== match report for /home/arjaiswal/Polygeist/issues/aten_c_kernels/results/aten_masked_scale/debuf.mlir ==
  match          body#[0]  cudnnPointwiseGraph_f32
  total: 1 matched / 1 bodies
",0,[],0,0,0,0,/home/arjaiswal/Polygeist/issues/aten_c_kernels/results/aten_masked_scale/debuf.mlir,1790,8,1,1,428.94547432661057,0,65892,0.0,0,0,0,0,"[{""body_indices"": [0], ""symbol"": ""cudnnPointwiseGraph_f32""}]",1,0,0,0.0,56
aten,aten_masked_scale,/home/arjaiswal/Polygeist/issues/aten_c_kernels/results/aten_masked_scale/debuf.mlir,2851ca4ab3094dd5e29b6a574a871451acc0ccf6df1a5aa7cc3ca6983a3eb6e9,egglog,4,ok,0,827.0350769162178,0,"[""/usr/bin/python3"", ""/home/arjaiswal/Polygeist/scripts/correctness/kernel_match_rewrite.py"", ""/home/arjaiswal/Polygeist/issues/aten_c_kernels/results/aten_masked_scale/debuf.mlir"", ""--dry-run"", ""--matcher-mode"", ""egglog"", ""--telemetry-json"", ""/home/arjaiswal/Polygeist/issues/equality_saturation_eval/campaign_20260908/aten-aten_masked_scale-egglog-9lh92__y.json"", ""--disable-semantic-fallback""]","== match report for /home/arjaiswal/Polygeist/issues/aten_c_kernels/results/aten_masked_scale/debuf.mlir ==
  match          body#[0]  cudnnPointwiseGraph_f32
  total: 1 matched / 1 bodies
",0,[],0,0,0,0,/home/arjaiswal/Polygeist/issues/aten_c_kernels/results/aten_masked_scale/debuf.mlir,1790,8,1,1,426.6540892422199,0,65920,0.0,0,0,0,0,"[{""body_indices"": [0], ""symbol"": ""cudnnPointwiseGraph_f32""}]",1,0,0,0.0,56
aten,aten_masked_scale,/home/arjaiswal/Polygeist/issues/aten_c_kernels/results/aten_masked_scale/debuf.mlir,2851ca4ab3094dd5e29b6a574a871451acc0ccf6df1a5aa7cc3ca6983a3eb6e9,syntactic,4,ok,0,869.6528188884258,0,"[""/usr/bin/python3"", ""/home/arjaiswal/Polygeist/scripts/correctness/kernel_match_rewrite.py"", ""/home/arjaiswal/Polygeist/issues/aten_c_kernels/results/aten_masked_scale/debuf.mlir"", ""--dry-run"", ""--matcher-mode"", ""syntactic"", ""--telemetry-json"", ""/home/arjaiswal/Polygeist/issues/equality_saturation_eval/campaign_20260908/aten-aten_masked_scale-syntactic-y5_qw384.json"", ""--disable-semantic-fallback""]","== match report for /home/arjaiswal/Polygeist/issues/aten_c_kernels/results/aten_masked_scale/debuf.mlir ==
  match          body#[0]  cudnnPointwiseGraph_f32
  total: 1 matched / 1 bodies
",0,[],0,0,0,0,/home/arjaiswal/Polygeist/issues/aten_c_kernels/results/aten_masked_scale/debuf.mlir,1790,0,1,1,439.1143172979355,0,66036,0.14761090278625488,0,0,0,0,"[{""body_indices"": [0], ""symbol"": ""cudnnPointwiseGraph_f32""}]",1,0,56,0.0,56
aten,aten_masked_scale,/home/arjaiswal/Polygeist/issues/aten_c_kernels/results/aten_masked_scale/debuf.mlir,2851ca4ab3094dd5e29b6a574a871451acc0ccf6df1a5aa7cc3ca6983a3eb6e9,syntactic,5,ok,0,866.6212521493435,0,"[""/usr/bin/python3"", ""/home/arjaiswal/Polygeist/scripts/correctness/kernel_match_rewrite.py"", ""/home/arjaiswal/Polygeist/issues/aten_c_kernels/results/aten_masked_scale/debuf.mlir"", ""--dry-run"", ""--matcher-mode"", ""syntactic"", ""--telemetry-json"", ""/home/arjaiswal/Polygeist/issues/equality_saturation_eval/campaign_20260908/aten-aten_masked_scale-syntactic-46mzxx40.json"", ""--disable-semantic-fallback""]","== match report for /home/arjaiswal/Polygeist/issues/aten_c_kernels/results/aten_masked_scale/debuf.mlir ==
  match          body#[0]  cudnnPointwiseGraph_f32
  total: 1 matched / 1 bodies
",0,[],0,0,0,0,/home/arjaiswal/Polygeist/issues/aten_c_kernels/results/aten_masked_scale/debuf.mlir,1790,0,1,1,450.15446096658707,0,65844,0.16814842820167542,0,0,0,0,"[{""body_indices"": [0], ""symbol"": ""cudnnPointwiseGraph_f32""}]",1,0,56,0.0,56
aten,aten_masked_scale,/home/arjaiswal/Polygeist/issues/aten_c_kernels/results/aten_masked_scale/debuf.mlir,2851ca4ab3094dd5e29b6a574a871451acc0ccf6df1a5aa7cc3ca6983a3eb6e9,egglog,5,ok,0,888.3634842932224,0,"[""/usr/bin/python3"", ""/home/arjaiswal/Polygeist/scripts/correctness/kernel_match_rewrite.py"", ""/home/arjaiswal/Polygeist/issues/aten_c_kernels/results/aten_masked_scale/debuf.mlir"", ""--dry-run"", ""--matcher-mode"", ""egglog"", ""--telemetry-json"", ""/home/arjaiswal/Polygeist/issues/equality_saturation_eval/campaign_20260908/aten-aten_masked_scale-egglog-un_r3sy9.json"", ""--disable-semantic-fallback""]","== match report for /home/arjaiswal/Polygeist/issues/aten_c_kernels/results/aten_masked_scale/debuf.mlir ==
  match          body#[0]  cudnnPointwiseGraph_f32
  total: 1 matched / 1 bodies
",0,[],0,0,0,0,/home/arjaiswal/Polygeist/issues/aten_c_kernels/results/aten_masked_scale/debuf.mlir,1790,8,1,1,454.034972935915,0,65964,0.0,0,0,0,0,"[{""body_indices"": [0], ""symbol"": ""cudnnPointwiseGraph_f32""}]",1,0,0,0.0,56
aten,aten_masked_scatter_backward_cpu,/home/arjaiswal/Polygeist/issues/aten_c_kernels/results/aten_masked_scatter_backward_cpu/debuf.mlir,82e111e679c7221e2f5086e99d9628243beab41509b44ddb453e4a8146fe3ecf,egglog,1,ok,0,685.8098618686199,0,"[""/usr/bin/python3"", ""/home/arjaiswal/Polygeist/scripts/correctness/kernel_match_rewrite.py"", ""/home/arjaiswal/Polygeist/issues/aten_c_kernels/results/aten_masked_scatter_backward_cpu/debuf.mlir"", ""--dry-run"", ""--matcher-mode"", ""egglog"", ""--telemetry-json"", ""/home/arjaiswal/Polygeist/issues/equality_saturation_eval/campaign_20260908/aten-aten_masked_scatter_backward_cpu-egglog-4dedks1m.json"", ""--disable-semantic-fallback""]","== match report for /home/arjaiswal/Polygeist/issues/aten_c_kernels/results/aten_masked_scatter_backward_cpu/debuf.mlir ==
  total: 0 matched / 0 bodies
",0,[],0,0,0,0,/home/arjaiswal/Polygeist/issues/aten_c_kernels/results/aten_masked_scatter_backward_cpu/debuf.mlir,2585,8,0,0,261.26256212592125,0,64664,0.0,0,0,0,0,[],0,0,0,0.0,0
aten,aten_masked_scatter_backward_cpu,/home/arjaiswal/Polygeist/issues/aten_c_kernels/results/aten_masked_scatter_backward_cpu/debuf.mlir,82e111e679c7221e2f5086e99d9628243beab41509b44ddb453e4a8146fe3ecf,syntactic,1,ok,0,684.9544942378998,0,"[""/usr/bin/python3"", ""/home/arjaiswal/Polygeist/scripts/correctness/kernel_match_rewrite.py"", ""/home/arjaiswal/Polygeist/issues/aten_c_kernels/results/aten_masked_scatter_backward_cpu/debuf.mlir"", ""--dry-run"", ""--matcher-mode"", ""syntactic"", ""--telemetry-json"", ""/home/arjaiswal/Polygeist/issues/equality_saturation_eval/campaign_20260908/aten-aten_masked_scatter_backward_cpu-syntactic-i2_cbkq5.json"", ""--disable-semantic-fallback""]","== match report for /home/arjaiswal/Polygeist/issues/aten_c_kernels/results/aten_masked_scatter_backward_cpu/debuf.mlir ==
  total: 0 matched / 0 bodies
",0,[],0,0,0,0,/home/arjaiswal/Polygeist/issues/aten_c_kernels/results/aten_masked_scatter_backward_cpu/debuf.mlir,2585,0,0,0,258.0771595239639,0,64560,0.0,0,0,0,0,[],0,0,0,0.0,0
aten,aten_masked_scatter_backward_cpu,/home/arjaiswal/Polygeist/issues/aten_c_kernels/results/aten_masked_scatter_backward_cpu/debuf.mlir,82e111e679c7221e2f5086e99d9628243beab41509b44ddb453e4a8146fe3ecf,syntactic,2,ok,0,821.055743843317,0,"[""/usr/bin/python3"", ""/home/arjaiswal/Polygeist/scripts/correctness/kernel_match_rewrite.py"", ""/home/arjaiswal/Polygeist/issues/aten_c_kernels/results/aten_masked_scatter_backward_cpu/debuf.mlir"", ""--dry-run"", ""--matcher-mode"", ""syntactic"", ""--telemetry-json"", ""/home/arjaiswal/Polygeist/issues/equality_saturation_eval/campaign_20260908/aten-aten_masked_scatter_backward_cpu-syntactic-3w642zwx.json"", ""--disable-semantic-fallback""]","== match report for /home/arjaiswal/Polygeist/issues/aten_c_kernels/results/aten_masked_scatter_backward_cpu/debuf.mlir ==
  total: 0 matched / 0 bodies
",0,[],0,0,0,0,/home/arjaiswal/Polygeist/issues/aten_c_kernels/results/aten_masked_scatter_backward_cpu/debuf.mlir,2585,0,0,0,337.91913464665413,0,64484,0.0,0,0,0,0,[],0,0,0,0.0,0
aten,aten_masked_scatter_backward_cpu,/home/arjaiswal/Polygeist/issues/aten_c_kernels/results/aten_masked_scatter_backward_cpu/debuf.mlir,82e111e679c7221e2f5086e99d9628243beab41509b44ddb453e4a8146fe3ecf,egglog,2,ok,0,675.3870882093906,0,"[""/usr/bin/python3"", ""/home/arjaiswal/Polygeist/scripts/correctness/kernel_match_rewrite.py"", ""/home/arjaiswal/Polygeist/issues/aten_c_kernels/results/aten_masked_scatter_backward_cpu/debuf.mlir"", ""--dry-run"", ""--matcher-mode"", ""egglog"", ""--telemetry-json"", ""/home/arjaiswal/Polygeist/issues/equality_saturation_eval/campaign_20260908/aten-aten_masked_scatter_backward_cpu-egglog-glo4a__h.json"", ""--disable-semantic-fallback""]","== match report for /home/arjaiswal/Polygeist/issues/aten_c_kernels/results/aten_masked_scatter_backward_cpu/debuf.mlir ==
  total: 0 matched / 0 bodies
",0,[],0,0,0,0,/home/arjaiswal/Polygeist/issues/aten_c_kernels/results/aten_masked_scatter_backward_cpu/debuf.mlir,2585,8,0,0,251.66073068976402,0,64576,0.0,0,0,0,0,[],0,0,0,0.0,0
aten,aten_masked_scatter_backward_cpu,/home/arjaiswal/Polygeist/issues/aten_c_kernels/results/aten_masked_scatter_backward_cpu/debuf.mlir,82e111e679c7221e2f5086e99d9628243beab41509b44ddb453e4a8146fe3ecf,egglog,3,ok,0,720.7334488630295,0,"[""/usr/bin/python3"", ""/home/arjaiswal/Polygeist/scripts/correctness/kernel_match_rewrite.py"", ""/home/arjaiswal/Polygeist/issues/aten_c_kernels/results/aten_masked_scatter_backward_cpu/debuf.mlir"", ""--dry-run"", ""--matcher-mode"", ""egglog"", ""--telemetry-json"", ""/home/arjaiswal/Polygeist/issues/equality_saturation_eval/campaign_20260908/aten-aten_masked_scatter_backward_cpu-egglog-vaz6h8tn.json"", ""--disable-semantic-fallback""]","== match report for /home/arjaiswal/Polygeist/issues/aten_c_kernels/results/aten_masked_scatter_backward_cpu/debuf.mlir ==
  total: 0 matched / 0 bodies
",0,[],0,0,0,0,/home/arjaiswal/Polygeist/issues/aten_c_kernels/results/aten_masked_scatter_backward_cpu/debuf.mlir,2585,8,0,0,264.0852481126785,0,64676,0.0,0,0,0,0,[],0,0,0,0.0,0
aten,aten_masked_scatter_backward_cpu,/home/arjaiswal/Polygeist/issues/aten_c_kernels/results/aten_masked_scatter_backward_cpu/debuf.mlir,82e111e679c7221e2f5086e99d9628243beab41509b44ddb453e4a8146fe3ecf,syntactic,3,ok,0,665.3309985995293,0,"[""/usr/bin/python3"", ""/home/arjaiswal/Polygeist/scripts/correctness/kernel_match_rewrite.py"", ""/home/arjaiswal/Polygeist/issues/aten_c_kernels/results/aten_masked_scatter_backward_cpu/debuf.mlir"", ""--dry-run"", ""--matcher-mode"", ""syntactic"", ""--telemetry-json"", ""/home/arjaiswal/Polygeist/issues/equality_saturation_eval/campaign_20260908/aten-aten_masked_scatter_backward_cpu-syntactic-jqzgevur.json"", ""--disable-semantic-fallback""]","== match report for /home/arjaiswal/Polygeist/issues/aten_c_kernels/results/aten_masked_scatter_backward_cpu/debuf.mlir ==
  total: 0 matched / 0 bodies
",0,[],0,0,0,0,/home/arjaiswal/Polygeist/issues/aten_c_kernels/results/aten_masked_scatter_backward_cpu/debuf.mlir,2585,0,0,0,256.2536783516407,0,64784,0.0,0,0,0,0,[],0,0,0,0.0,0
aten,aten_masked_scatter_backward_cpu,/home/arjaiswal/Polygeist/issues/aten_c_kernels/results/aten_masked_scatter_backward_cpu/debuf.mlir,82e111e679c7221e2f5086e99d9628243beab41509b44ddb453e4a8146fe3ecf,syntactic,4,ok,0,664.8224964737892,0,"[""/usr/bin/python3"", ""/home/arjaiswal/Polygeist/scripts/correctness/kernel_match_rewrite.py"", ""/home/arjaiswal/Polygeist/issues/aten_c_kernels/results/aten_masked_scatter_backward_cpu/debuf.mlir"", ""--dry-run"", ""--matcher-mode"", ""syntactic"", ""--telemetry-json"", ""/home/arjaiswal/Polygeist/issues/equality_saturation_eval/campaign_20260908/aten-aten_masked_scatter_backward_cpu-syntactic-y7rmabty.json"", ""--disable-semantic-fallback""]","== match report for /home/arjaiswal/Polygeist/issues/aten_c_kernels/results/aten_masked_scatter_backward_cpu/debuf.mlir ==
  total: 0 matched / 0 bodies
",0,[],0,0,0,0,/home/arjaiswal/Polygeist/issues/aten_c_kernels/results/aten_masked_scatter_backward_cpu/debuf.mlir,2585,0,0,0,252.73391976952553,0,64592,0.0,0,0,0,0,[],0,0,0,0.0,0
aten,aten_masked_scatter_backward_cpu,/home/arjaiswal/Polygeist/issues/aten_c_kernels/results/aten_masked_scatter_backward_cpu/debuf.mlir,82e111e679c7221e2f5086e99d9628243beab41509b44ddb453e4a8146fe3ecf,egglog,4,ok,0,685.1841732859612,0,"[""/usr/bin/python3"", ""/home/arjaiswal/Polygeist/scripts/correctness/kernel_match_rewrite.py"", ""/home/arjaiswal/Polygeist/issues/aten_c_kernels/results/aten_masked_scatter_backward_cpu/debuf.mlir"", ""--dry-run"", ""--matcher-mode"", ""egglog"", ""--telemetry-json"", ""/home/arjaiswal/Polygeist/issues/equality_saturation_eval/campaign_20260908/aten-aten_masked_scatter_backward_cpu-egglog-6a2h8lq6.json"", ""--disable-semantic-fallback""]","== match report for /home/arjaiswal/Polygeist/issues/aten_c_kernels/results/aten_masked_scatter_backward_cpu/debuf.mlir ==
  total: 0 matched / 0 bodies
",0,[],0,0,0,0,/home/arjaiswal/Polygeist/issues/aten_c_kernels/results/aten_masked_scatter_backward_cpu/debuf.mlir,2585,8,0,0,252.79895961284637,0,64676,0.0,0,0,0,0,[],0,0,0,0.0,0
aten,aten_masked_scatter_backward_cpu,/home/arjaiswal/Polygeist/issues/aten_c_kernels/results/aten_masked_scatter_backward_cpu/debuf.mlir,82e111e679c7221e2f5086e99d9628243beab41509b44ddb453e4a8146fe3ecf,egglog,5,ok,0,749.9062903225422,0,"[""/usr/bin/python3"", ""/home/arjaiswal/Polygeist/scripts/correctness/kernel_match_rewrite.py"", ""/home/arjaiswal/Polygeist/issues/aten_c_kernels/results/aten_masked_scatter_backward_cpu/debuf.mlir"", ""--dry-run"", ""--matcher-mode"", ""egglog"", ""--telemetry-json"", ""/home/arjaiswal/Polygeist/issues/equality_saturation_eval/campaign_20260908/aten-aten_masked_scatter_backward_cpu-egglog-6ko6z8yb.json"", ""--disable-semantic-fallback""]","== match report for /home/arjaiswal/Polygeist/issues/aten_c_kernels/results/aten_masked_scatter_backward_cpu/debuf.mlir ==
  total: 0 matched / 0 bodies
",0,[],0,0,0,0,/home/arjaiswal/Polygeist/issues/aten_c_kernels/results/aten_masked_scatter_backward_cpu/debuf.mlir,2585,8,0,0,330.40088787674904,0,64868,0.0,0,0,0,0,[],0,0,0,0.0,0
aten,aten_masked_scatter_backward_cpu,/home/arjaiswal/Polygeist/issues/aten_c_kernels/results/aten_masked_scatter_backward_cpu/debuf.mlir,82e111e679c7221e2f5086e99d9628243beab41509b44ddb453e4a8146fe3ecf,syntactic,5,ok,0,682.4891716241837,0,"[""/usr/bin/python3"", ""/home/arjaiswal/Polygeist/scripts/correctness/kernel_match_rewrite.py"", ""/home/arjaiswal/Polygeist/issues/aten_c_kernels/results/aten_masked_scatter_backward_cpu/debuf.mlir"", ""--dry-run"", ""--matcher-mode"", ""syntactic"", ""--telemetry-json"", ""/home/arjaiswal/Polygeist/issues/equality_saturation_eval/campaign_20260908/aten-aten_masked_scatter_backward_cpu-syntactic-sjq3qzo3.json"", ""--disable-semantic-fallback""]","== match report for /home/arjaiswal/Polygeist/issues/aten_c_kernels/results/aten_masked_scatter_backward_cpu/debuf.mlir ==
  total: 0 matched / 0 bodies
",0,[],0,0,0,0,/home/arjaiswal/Polygeist/issues/aten_c_kernels/results/aten_masked_scatter_backward_cpu/debuf.mlir,2585,0,0,0,272.6125530898571,0,64668,0.0,0,0,0,0,[],0,0,0,0.0,0
aten,aten_masked_scatter_cpu,/home/arjaiswal/Polygeist/issues/aten_c_kernels/results/aten_masked_scatter_cpu/debuf.mlir,90c7cf80935c4dae964d77ef37c41221de70f619afa5e95311869f6aec755021,syntactic,1,ok,0,724.3215069174767,0,"[""/usr/bin/python3"", ""/home/arjaiswal/Polygeist/scripts/correctness/kernel_match_rewrite.py"", ""/home/arjaiswal/Polygeist/issues/aten_c_kernels/results/aten_masked_scatter_cpu/debuf.mlir"", ""--dry-run"", ""--matcher-mode"", ""syntactic"", ""--telemetry-json"", ""/home/arjaiswal/Polygeist/issues/equality_saturation_eval/campaign_20260908/aten-aten_masked_scatter_cpu-syntactic-3cbn5vbt.json"", ""--disable-semantic-fallback""]","== match report for /home/arjaiswal/Polygeist/issues/aten_c_kernels/results/aten_masked_scatter_cpu/debuf.mlir ==
  total: 0 matched / 0 bodies
",0,[],0,0,0,0,/home/arjaiswal/Polygeist/issues/aten_c_kernels/results/aten_masked_scatter_cpu/debuf.mlir,2576,0,0,0,281.26756101846695,0,64716,0.0,0,0,0,0,[],0,0,0,0.0,0
aten,aten_masked_scatter_cpu,/home/arjaiswal/Polygeist/issues/aten_c_kernels/results/aten_masked_scatter_cpu/debuf.mlir,90c7cf80935c4dae964d77ef37c41221de70f619afa5e95311869f6aec755021,egglog,1,ok,0,662.2407324612141,0,"[""/usr/bin/python3"", ""/home/arjaiswal/Polygeist/scripts/correctness/kernel_match_rewrite.py"", ""/home/arjaiswal/Polygeist/issues/aten_c_kernels/results/aten_masked_scatter_cpu/debuf.mlir"", ""--dry-run"", ""--matcher-mode"", ""egglog"", ""--telemetry-json"", ""/home/arjaiswal/Polygeist/issues/equality_saturation_eval/campaign_20260908/aten-aten_masked_scatter_cpu-egglog-nznf767v.json"", ""--disable-semantic-fallback""]","== match report for /home/arjaiswal/Polygeist/issues/aten_c_kernels/results/aten_masked_scatter_cpu/debuf.mlir ==
  total: 0 matched / 0 bodies
",0,[],0,0,0,0,/home/arjaiswal/Polygeist/issues/aten_c_kernels/results/aten_masked_scatter_cpu/debuf.mlir,2576,8,0,0,252.06854566931725,0,64592,0.0,0,0,0,0,[],0,0,0,0.0,0
aten,aten_masked_scatter_cpu,/home/arjaiswal/Polygeist/issues/aten_c_kernels/results/aten_masked_scatter_cpu/debuf.mlir,90c7cf80935c4dae964d77ef37c41221de70f619afa5e95311869f6aec755021,egglog,2,ok,0,680.4016269743443,0,"[""/usr/bin/python3"", ""/home/arjaiswal/Polygeist/scripts/correctness/kernel_match_rewrite.py"", ""/home/arjaiswal/Polygeist/issues/aten_c_kernels/results/aten_masked_scatter_cpu/debuf.mlir"", ""--dry-run"", ""--matcher-mode"", ""egglog"", ""--telemetry-json"", ""/home/arjaiswal/Polygeist/issues/equality_saturation_eval/campaign_20260908/aten-aten_masked_scatter_cpu-egglog-kctjtbjx.json"", ""--disable-semantic-fallback""]","== match report for /home/arjaiswal/Polygeist/issues/aten_c_kernels/results/aten_masked_scatter_cpu/debuf.mlir ==
  total: 0 matched / 0 bodies
",0,[],0,0,0,0,/home/arjaiswal/Polygeist/issues/aten_c_kernels/results/aten_masked_scatter_cpu/debuf.mlir,2576,8,0,0,249.9438114464283,0,64660,0.0,0,0,0,0,[],0,0,0,0.0,0
aten,aten_masked_scatter_cpu,/home/arjaiswal/Polygeist/issues/aten_c_kernels/results/aten_masked_scatter_cpu/debuf.mlir,90c7cf80935c4dae964d77ef37c41221de70f619afa5e95311869f6aec755021,syntactic,2,ok,0,665.6810231506824,0,"[""/usr/bin/python3"", ""/home/arjaiswal/Polygeist/scripts/correctness/kernel_match_rewrite.py"", ""/home/arjaiswal/Polygeist/issues/aten_c_kernels/results/aten_masked_scatter_cpu/debuf.mlir"", ""--dry-run"", ""--matcher-mode"", ""syntactic"", ""--telemetry-json"", ""/home/arjaiswal/Polygeist/issues/equality_saturation_eval/campaign_20260908/aten-aten_masked_scatter_cpu-syntactic-7c4qxzx2.json"", ""--disable-semantic-fallback""]","== match report for /home/arjaiswal/Polygeist/issues/aten_c_kernels/results/aten_masked_scatter_cpu/debuf.mlir ==
  total: 0 matched / 0 bodies
",0,[],0,0,0,0,/home/arjaiswal/Polygeist/issues/aten_c_kernels/results/aten_masked_scatter_cpu/debuf.mlir,2576,0,0,0,256.8570002913475,0,64448,0.0,0,0,0,0,[],0,0,0,0.0,0
aten,aten_masked_scatter_cpu,/home/arjaiswal/Polygeist/issues/aten_c_kernels/results/aten_masked_scatter_cpu/debuf.mlir,90c7cf80935c4dae964d77ef37c41221de70f619afa5e95311869f6aec755021,syntactic,3,ok,0,662.987720221281,0,"[""/usr/bin/python3"", ""/home/arjaiswal/Polygeist/scripts/correctness/kernel_match_rewrite.py"", ""/home/arjaiswal/Polygeist/issues/aten_c_kernels/results/aten_masked_scatter_cpu/debuf.mlir"", ""--dry-run"", ""--matcher-mode"", ""syntactic"", ""--telemetry-json"", ""/home/arjaiswal/Polygeist/issues/equality_saturation_eval/campaign_20260908/aten-aten_masked_scatter_cpu-syntactic-zzeeck3y.json"", ""--disable-semantic-fallback""]","== match report for /home/arjaiswal/Polygeist/issues/aten_c_kernels/results/aten_masked_scatter_cpu/debuf.mlir ==
  total: 0 matched / 0 bodies
",0,[],0,0,0,0,/home/arjaiswal/Polygeist/issues/aten_c_kernels/results/aten_masked_scatter_cpu/debuf.mlir,2576,0,0,0,250.48672035336494,0,64720,0.0,0,0,0,0,[],0,0,0,0.0,0
aten,aten_masked_scatter_cpu,/home/arjaiswal/Polygeist/issues/aten_c_kernels/results/aten_masked_scatter_cpu/debuf.mlir,90c7cf80935c4dae964d77ef37c41221de70f619afa5e95311869f6aec755021,egglog,3,ok,0,701.0896317660809,0,"[""/usr/bin/python3"", ""/home/arjaiswal/Polygeist/scripts/correctness/kernel_match_rewrite.py"", ""/home/arjaiswal/Polygeist/issues/aten_c_kernels/results/aten_masked_scatter_cpu/debuf.mlir"", ""--dry-run"", ""--matcher-mode"", ""egglog"", ""--telemetry-json"", ""/home/arjaiswal/Polygeist/issues/equality_saturation_eval/campaign_20260908/aten-aten_masked_scatter_cpu-egglog-nvzec07f.json"", ""--disable-semantic-fallback""]","== match report for /home/arjaiswal/Polygeist/issues/aten_c_kernels/results/aten_masked_scatter_cpu/debuf.mlir ==
  total: 0 matched / 0 bodies
",0,[],0,0,0,0,/home/arjaiswal/Polygeist/issues/aten_c_kernels/results/aten_masked_scatter_cpu/debuf.mlir,2576,8,0,0,269.68372613191605,0,64780,0.0,0,0,0,0,[],0,0,0,0.0,0
aten,aten_masked_scatter_cpu,/home/arjaiswal/Polygeist/issues/aten_c_kernels/results/aten_masked_scatter_cpu/debuf.mlir,90c7cf80935c4dae964d77ef37c41221de70f619afa5e95311869f6aec755021,egglog,4,ok,0,739.5421341061592,0,"[""/usr/bin/python3"", ""/home/arjaiswal/Polygeist/scripts/correctness/kernel_match_rewrite.py"", ""/home/arjaiswal/Polygeist/issues/aten_c_kernels/results/aten_masked_scatter_cpu/debuf.mlir"", ""--dry-run"", ""--matcher-mode"", ""egglog"", ""--telemetry-json"", ""/home/arjaiswal/Polygeist/issues/equality_saturation_eval/campaign_20260908/aten-aten_masked_scatter_cpu-egglog-r1_7xl8w.json"", ""--disable-semantic-fallback""]","== match report for /home/arjaiswal/Polygeist/issues/aten_c_kernels/results/aten_masked_scatter_cpu/debuf.mlir ==
  total: 0 matched / 0 bodies
",0,[],0,0,0,0,/home/arjaiswal/Polygeist/issues/aten_c_kernels/results/aten_masked_scatter_cpu/debuf.mlir,2576,8,0,0,312.56160140037537,0,64840,0.0,0,0,0,0,[],0,0,0,0.0,0
aten,aten_masked_scatter_cpu,/home/arjaiswal/Polygeist/issues/aten_c_kernels/results/aten_masked_scatter_cpu/debuf.mlir,90c7cf80935c4dae964d77ef37c41221de70f619afa5e95311869f6aec755021,syntactic,4,ok,0,684.522021561861,0,"[""/usr/bin/python3"", ""/home/arjaiswal/Polygeist/scripts/correctness/kernel_match_rewrite.py"", ""/home/arjaiswal/Polygeist/issues/aten_c_kernels/results/aten_masked_scatter_cpu/debuf.mlir"", ""--dry-run"", ""--matcher-mode"", ""syntactic"", ""--telemetry-json"", ""/home/arjaiswal/Polygeist/issues/equality_saturation_eval/campaign_20260908/aten-aten_masked_scatter_cpu-syntactic-whds5fnb.json"", ""--disable-semantic-fallback""]","== match report for /home/arjaiswal/Polygeist/issues/aten_c_kernels/results/aten_masked_scatter_cpu/debuf.mlir ==
  total: 0 matched / 0 bodies
",0,[],0,0,0,0,/home/arjaiswal/Polygeist/issues/aten_c_kernels/results/aten_masked_scatter_cpu/debuf.mlir,2576,0,0,0,264.1509175300598,0,64776,0.0,0,0,0,0,[],0,0,0,0.0,0
aten,aten_masked_scatter_cpu,/home/arjaiswal/Polygeist/issues/aten_c_kernels/results/aten_masked_scatter_cpu/debuf.mlir,90c7cf80935c4dae964d77ef37c41221de70f619afa5e95311869f6aec755021,syntactic,5,ok,0,702.6004418730736,0,"[""/usr/bin/python3"", ""/home/arjaiswal/Polygeist/scripts/correctness/kernel_match_rewrite.py"", ""/home/arjaiswal/Polygeist/issues/aten_c_kernels/results/aten_masked_scatter_cpu/debuf.mlir"", ""--dry-run"", ""--matcher-mode"", ""syntactic"", ""--telemetry-json"", ""/home/arjaiswal/Polygeist/issues/equality_saturation_eval/campaign_20260908/aten-aten_masked_scatter_cpu-syntactic-57ttiqun.json"", ""--disable-semantic-fallback""]","== match report for /home/arjaiswal/Polygeist/issues/aten_c_kernels/results/aten_masked_scatter_cpu/debuf.mlir ==
  total: 0 matched / 0 bodies
",0,[],0,0,0,0,/home/arjaiswal/Polygeist/issues/aten_c_kernels/results/aten_masked_scatter_cpu/debuf.mlir,2576,0,0,0,273.7058103084564,0,64784,0.0,0,0,0,0,[],0,0,0,0.0,0
aten,aten_masked_scatter_cpu,/home/arjaiswal/Polygeist/issues/aten_c_kernels/results/aten_masked_scatter_cpu/debuf.mlir,90c7cf80935c4dae964d77ef37c41221de70f619afa5e95311869f6aec755021,egglog,5,ok,0,716.4067514240742,0,"[""/usr/bin/python3"", ""/home/arjaiswal/Polygeist/scripts/correctness/kernel_match_rewrite.py"", ""/home/arjaiswal/Polygeist/issues/aten_c_kernels/results/aten_masked_scatter_cpu/debuf.mlir"", ""--dry-run"", ""--matcher-mode"", ""egglog"", ""--telemetry-json"", ""/home/arjaiswal/Polygeist/issues/equality_saturation_eval/campaign_20260908/aten-aten_masked_scatter_cpu-egglog-anw34_19.json"", ""--disable-semantic-fallback""]","== match report for /home/arjaiswal/Polygeist/issues/aten_c_kernels/results/aten_masked_scatter_cpu/debuf.mlir ==
  total: 0 matched / 0 bodies
",0,[],0,0,0,0,/home/arjaiswal/Polygeist/issues/aten_c_kernels/results/aten_masked_scatter_cpu/debuf.mlir,2576,8,0,0,291.80821403861046,0,64608,0.0,0,0,0,0,[],0,0,0,0.0,0
aten,aten_masked_select_cpu,/home/arjaiswal/Polygeist/issues/aten_c_kernels/results/aten_masked_select_cpu/debuf.mlir,221c2a3039083cf5dd85f8be10ffcb78e49521e535d96daa53563f01d7ddf2e2,egglog,1,ok,0,682.0490397512913,0,"[""/usr/bin/python3"", ""/home/arjaiswal/Polygeist/scripts/correctness/kernel_match_rewrite.py"", ""/home/arjaiswal/Polygeist/issues/aten_c_kernels/results/aten_masked_select_cpu/debuf.mlir"", ""--dry-run"", ""--matcher-mode"", ""egglog"", ""--telemetry-json"", ""/home/arjaiswal/Polygeist/issues/equality_saturation_eval/campaign_20260908/aten-aten_masked_select_cpu-egglog-fyo9rzxz.json"", ""--disable-semantic-fallback""]","== match report for /home/arjaiswal/Polygeist/issues/aten_c_kernels/results/aten_masked_select_cpu/debuf.mlir ==
  total: 0 matched / 0 bodies
",0,[],0,0,0,0,/home/arjaiswal/Polygeist/issues/aten_c_kernels/results/aten_masked_select_cpu/debuf.mlir,2903,8,0,0,256.15319237113,0,64644,0.0,0,0,0,0,[],0,0,0,0.0,0
aten,aten_masked_select_cpu,/home/arjaiswal/Polygeist/issues/aten_c_kernels/results/aten_masked_select_cpu/debuf.mlir,221c2a3039083cf5dd85f8be10ffcb78e49521e535d96daa53563f01d7ddf2e2,syntactic,1,ok,0,656.7694060504436,0,"[""/usr/bin/python3"", ""/home/arjaiswal/Polygeist/scripts/correctness/kernel_match_rewrite.py"", ""/home/arjaiswal/Polygeist/issues/aten_c_kernels/results/aten_masked_select_cpu/debuf.mlir"", ""--dry-run"", ""--matcher-mode"", ""syntactic"", ""--telemetry-json"", ""/home/arjaiswal/Polygeist/issues/equality_saturation_eval/campaign_20260908/aten-aten_masked_select_cpu-syntactic-111lm59j.json"", ""--disable-semantic-fallback""]","== match report for /home/arjaiswal/Polygeist/issues/aten_c_kernels/results/aten_masked_select_cpu/debuf.mlir ==
  total: 0 matched / 0 bodies
",0,[],0,0,0,0,/home/arjaiswal/Polygeist/issues/aten_c_kernels/results/aten_masked_select_cpu/debuf.mlir,2903,0,0,0,253.99720296263695,0,64716,0.0,0,0,0,0,[],0,0,0,0.0,0
aten,aten_masked_select_cpu,/home/arjaiswal/Polygeist/issues/aten_c_kernels/results/aten_masked_select_cpu/debuf.mlir,221c2a3039083cf5dd85f8be10ffcb78e49521e535d96daa53563f01d7ddf2e2,syntactic,2,ok,0,668.402936309576,0,"[""/usr/bin/python3"", ""/home/arjaiswal/Polygeist/scripts/correctness/kernel_match_rewrite.py"", ""/home/arjaiswal/Polygeist/issues/aten_c_kernels/results/aten_masked_select_cpu/debuf.mlir"", ""--dry-run"", ""--matcher-mode"", ""syntactic"", ""--telemetry-json"", ""/home/arjaiswal/Polygeist/issues/equality_saturation_eval/campaign_20260908/aten-aten_masked_select_cpu-syntactic-9apd8dyg.json"", ""--disable-semantic-fallback""]","== match report for /home/arjaiswal/Polygeist/issues/aten_c_kernels/results/aten_masked_select_cpu/debuf.mlir ==
  total: 0 matched / 0 bodies
",0,[],0,0,0,0,/home/arjaiswal/Polygeist/issues/aten_c_kernels/results/aten_masked_select_cpu/debuf.mlir,2903,0,0,0,248.271394520998,0,64568,0.0,0,0,0,0,[],0,0,0,0.0,0
aten,aten_masked_select_cpu,/home/arjaiswal/Polygeist/issues/aten_c_kernels/results/aten_masked_select_cpu/debuf.mlir,221c2a3039083cf5dd85f8be10ffcb78e49521e535d96daa53563f01d7ddf2e2,egglog,2,ok,0,678.4723922610283,0,"[""/usr/bin/python3"", ""/home/arjaiswal/Polygeist/scripts/correctness/kernel_match_rewrite.py"", ""/home/arjaiswal/Polygeist/issues/aten_c_kernels/results/aten_masked_select_cpu/debuf.mlir"", ""--dry-run"", ""--matcher-mode"", ""egglog"", ""--telemetry-json"", ""/home/arjaiswal/Polygeist/issues/equality_saturation_eval/campaign_20260908/aten-aten_masked_select_cpu-egglog-annfluj6.json"", ""--disable-semantic-fallback""]","== match report for /home/arjaiswal/Polygeist/issues/aten_c_kernels/results/aten_masked_select_cpu/debuf.mlir ==
  total: 0 matched / 0 bodies
",0,[],0,0,0,0,/home/arjaiswal/Polygeist/issues/aten_c_kernels/results/aten_masked_select_cpu/debuf.mlir,2903,8,0,0,268.46127212047577,0,64684,0.0,0,0,0,0,[],0,0,0,0.0,0
aten,aten_masked_select_cpu,/home/arjaiswal/Polygeist/issues/aten_c_kernels/results/aten_masked_select_cpu/debuf.mlir,221c2a3039083cf5dd85f8be10ffcb78e49521e535d96daa53563f01d7ddf2e2,egglog,3,ok,0,669.7420962154865,0,"[""/usr/bin/python3"", ""/home/arjaiswal/Polygeist/scripts/correctness/kernel_match_rewrite.py"", ""/home/arjaiswal/Polygeist/issues/aten_c_kernels/results/aten_masked_select_cpu/debuf.mlir"", ""--dry-run"", ""--matcher-mode"", ""egglog"", ""--telemetry-json"", ""/home/arjaiswal/Polygeist/issues/equality_saturation_eval/campaign_20260908/aten-aten_masked_select_cpu-egglog-k8tfc5jq.json"", ""--disable-semantic-fallback""]","== match report for /home/arjaiswal/Polygeist/issues/aten_c_kernels/results/aten_masked_select_cpu/debuf.mlir ==
  total: 0 matched / 0 bodies
",0,[],0,0,0,0,/home/arjaiswal/Polygeist/issues/aten_c_kernels/results/aten_masked_select_cpu/debuf.mlir,2903,8,0,0,256.91090151667595,0,64616,0.0,0,0,0,0,[],0,0,0,0.0,0
aten,aten_masked_select_cpu,/home/arjaiswal/Polygeist/issues/aten_c_kernels/results/aten_masked_select_cpu/debuf.mlir,221c2a3039083cf5dd85f8be10ffcb78e49521e535d96daa53563f01d7ddf2e2,syntactic,3,ok,0,669.2225448787212,0,"[""/usr/bin/python3"", ""/home/arjaiswal/Polygeist/scripts/correctness/kernel_match_rewrite.py"", ""/home/arjaiswal/Polygeist/issues/aten_c_kernels/results/aten_masked_select_cpu/debuf.mlir"", ""--dry-run"", ""--matcher-mode"", ""syntactic"", ""--telemetry-json"", ""/home/arjaiswal/Polygeist/issues/equality_saturation_eval/campaign_20260908/aten-aten_masked_select_cpu-syntactic-mmm3sz0c.json"", ""--disable-semantic-fallback""]","== match report for /home/arjaiswal/Polygeist/issues/aten_c_kernels/results/aten_masked_select_cpu/debuf.mlir ==
  total: 0 matched / 0 bodies
",0,[],0,0,0,0,/home/arjaiswal/Polygeist/issues/aten_c_kernels/results/aten_masked_select_cpu/debuf.mlir,2903,0,0,0,254.4192373752594,0,64428,0.0,0,0,0,0,[],0,0,0,0.0,0
aten,aten_masked_select_cpu,/home/arjaiswal/Polygeist/issues/aten_c_kernels/results/aten_masked_select_cpu/debuf.mlir,221c2a3039083cf5dd85f8be10ffcb78e49521e535d96daa53563f01d7ddf2e2,syntactic,4,ok,0,680.4768107831478,0,"[""/usr/bin/python3"", ""/home/arjaiswal/Polygeist/scripts/correctness/kernel_match_rewrite.py"", ""/home/arjaiswal/Polygeist/issues/aten_c_kernels/results/aten_masked_select_cpu/debuf.mlir"", ""--dry-run"", ""--matcher-mode"", ""syntactic"", ""--telemetry-json"", ""/home/arjaiswal/Polygeist/issues/equality_saturation_eval/campaign_20260908/aten-aten_masked_select_cpu-syntactic-t0pejadt.json"", ""--disable-semantic-fallback""]","== match report for /home/arjaiswal/Polygeist/issues/aten_c_kernels/results/aten_masked_select_cpu/debuf.mlir ==
  total: 0 matched / 0 bodies
",0,[],0,0,0,0,/home/arjaiswal/Polygeist/issues/aten_c_kernels/results/aten_masked_select_cpu/debuf.mlir,2903,0,0,0,253.237534314394,0,64824,0.0,0,0,0,0,[],0,0,0,0.0,0
aten,aten_masked_select_cpu,/home/arjaiswal/Polygeist/issues/aten_c_kernels/results/aten_masked_select_cpu/debuf.mlir,221c2a3039083cf5dd85f8be10ffcb78e49521e535d96daa53563f01d7ddf2e2,egglog,4,ok,0,700.3932073712349,0,"[""/usr/bin/python3"", ""/home/arjaiswal/Polygeist/scripts/correctness/kernel_match_rewrite.py"", ""/home/arjaiswal/Polygeist/issues/aten_c_kernels/results/aten_masked_select_cpu/debuf.mlir"", ""--dry-run"", ""--matcher-mode"", ""egglog"", ""--telemetry-json"", ""/home/arjaiswal/Polygeist/issues/equality_saturation_eval/campaign_20260908/aten-aten_masked_select_cpu-egglog-rin52wp9.json"", ""--disable-semantic-fallback""]","== match report for /home/arjaiswal/Polygeist/issues/aten_c_kernels/results/aten_masked_select_cpu/debuf.mlir ==
  total: 0 matched / 0 bodies
",0,[],0,0,0,0,/home/arjaiswal/Polygeist/issues/aten_c_kernels/results/aten_masked_select_cpu/debuf.mlir,2903,8,0,0,272.78462424874306,0,64736,0.0,0,0,0,0,[],0,0,0,0.0,0
aten,aten_masked_select_cpu,/home/arjaiswal/Polygeist/issues/aten_c_kernels/results/aten_masked_select_cpu/debuf.mlir,221c2a3039083cf5dd85f8be10ffcb78e49521e535d96daa53563f01d7ddf2e2,egglog,5,ok,0,685.0793436169624,0,"[""/usr/bin/python3"", ""/home/arjaiswal/Polygeist/scripts/correctness/kernel_match_rewrite.py"", ""/home/arjaiswal/Polygeist/issues/aten_c_kernels/results/aten_masked_select_cpu/debuf.mlir"", ""--dry-run"", ""--matcher-mode"", ""egglog"", ""--telemetry-json"", ""/home/arjaiswal/Polygeist/issues/equality_saturation_eval/campaign_20260908/aten-aten_masked_select_cpu-egglog-f6kic0x8.json"", ""--disable-semantic-fallback""]","== match report for /home/arjaiswal/Polygeist/issues/aten_c_kernels/results/aten_masked_select_cpu/debuf.mlir ==
  total: 0 matched / 0 bodies
",0,[],0,0,0,0,/home/arjaiswal/Polygeist/issues/aten_c_kernels/results/aten_masked_select_cpu/debuf.mlir,2903,8,0,0,265.2495801448822,0,64772,0.0,0,0,0,0,[],0,0,0,0.0,0
aten,aten_masked_select_cpu,/home/arjaiswal/Polygeist/issues/aten_c_kernels/results/aten_masked_select_cpu/debuf.mlir,221c2a3039083cf5dd85f8be10ffcb78e49521e535d96daa53563f01d7ddf2e2,syntactic,5,ok,0,670.2576875686646,0,"[""/usr/bin/python3"", ""/home/arjaiswal/Polygeist/scripts/correctness/kernel_match_rewrite.py"", ""/home/arjaiswal/Polygeist/issues/aten_c_kernels/results/aten_masked_select_cpu/debuf.mlir"", ""--dry-run"", ""--matcher-mode"", ""syntactic"", ""--telemetry-json"", ""/home/arjaiswal/Polygeist/issues/equality_saturation_eval/campaign_20260908/aten-aten_masked_select_cpu-syntactic-kblii5v2.json"", ""--disable-semantic-fallback""]","== match report for /home/arjaiswal/Polygeist/issues/aten_c_kernels/results/aten_masked_select_cpu/debuf.mlir ==
  total: 0 matched / 0 bodies
",0,[],0,0,0,0,/home/arjaiswal/Polygeist/issues/aten_c_kernels/results/aten_masked_select_cpu/debuf.mlir,2903,0,0,0,252.35789641737938,0,64744,0.0,0,0,0,0,[],0,0,0,0.0,0
aten,aten_masked_select_serial_cpu,/home/arjaiswal/Polygeist/issues/aten_c_kernels/results/aten_masked_select_serial_cpu/debuf.mlir,c729f82850ea059aa678eb0038aa8002f023719f4ed533b10ba92b5d83f4e349,syntactic,1,ok,0,681.0495555400848,0,"[""/usr/bin/python3"", ""/home/arjaiswal/Polygeist/scripts/correctness/kernel_match_rewrite.py"", ""/home/arjaiswal/Polygeist/issues/aten_c_kernels/results/aten_masked_select_serial_cpu/debuf.mlir"", ""--dry-run"", ""--matcher-mode"", ""syntactic"", ""--telemetry-json"", ""/home/arjaiswal/Polygeist/issues/equality_saturation_eval/campaign_20260908/aten-aten_masked_select_serial_cpu-syntactic-5xcszw6y.json"", ""--disable-semantic-fallback""]","== match report for /home/arjaiswal/Polygeist/issues/aten_c_kernels/results/aten_masked_select_serial_cpu/debuf.mlir ==
  total: 0 matched / 0 bodies
",0,[],0,0,0,0,/home/arjaiswal/Polygeist/issues/aten_c_kernels/results/aten_masked_select_serial_cpu/debuf.mlir,2790,0,0,0,270.8815932273865,0,64776,0.0,0,0,0,0,[],0,0,0,0.0,0
aten,aten_masked_select_serial_cpu,/home/arjaiswal/Polygeist/issues/aten_c_kernels/results/aten_masked_select_serial_cpu/debuf.mlir,c729f82850ea059aa678eb0038aa8002f023719f4ed533b10ba92b5d83f4e349,egglog,1,ok,0,654.8543460667133,0,"[""/usr/bin/python3"", ""/home/arjaiswal/Polygeist/scripts/correctness/kernel_match_rewrite.py"", ""/home/arjaiswal/Polygeist/issues/aten_c_kernels/results/aten_masked_select_serial_cpu/debuf.mlir"", ""--dry-run"", ""--matcher-mode"", ""egglog"", ""--telemetry-json"", ""/home/arjaiswal/Polygeist/issues/equality_saturation_eval/campaign_20260908/aten-aten_masked_select_serial_cpu-egglog-l1g33vd7.json"", ""--disable-semantic-fallback""]","== match report for /home/arjaiswal/Polygeist/issues/aten_c_kernels/results/aten_masked_select_serial_cpu/debuf.mlir ==
  total: 0 matched / 0 bodies
",0,[],0,0,0,0,/home/arjaiswal/Polygeist/issues/aten_c_kernels/results/aten_masked_select_serial_cpu/debuf.mlir,2790,8,0,0,250.86826086044312,0,64808,0.0,0,0,0,0,[],0,0,0,0.0,0
aten,aten_masked_select_serial_cpu,/home/arjaiswal/Polygeist/issues/aten_c_kernels/results/aten_masked_select_serial_cpu/debuf.mlir,c729f82850ea059aa678eb0038aa8002f023719f4ed533b10ba92b5d83f4e349,egglog,2,ok,0,705.0147764384747,0,"[""/usr/bin/python3"", ""/home/arjaiswal/Polygeist/scripts/correctness/kernel_match_rewrite.py"", ""/home/arjaiswal/Polygeist/issues/aten_c_kernels/results/aten_masked_select_serial_cpu/debuf.mlir"", ""--dry-run"", ""--matcher-mode"", ""egglog"", ""--telemetry-json"", ""/home/arjaiswal/Polygeist/issues/equality_saturation_eval/campaign_20260908/aten-aten_masked_select_serial_cpu-egglog-nn5qvqps.json"", ""--disable-semantic-fallback""]","== match report for /home/arjaiswal/Polygeist/issues/aten_c_kernels/results/aten_masked_select_serial_cpu/debuf.mlir ==
  total: 0 matched / 0 bodies
",0,[],0,0,0,0,/home/arjaiswal/Polygeist/issues/aten_c_kernels/results/aten_masked_select_serial_cpu/debuf.mlir,2790,8,0,0,279.7735296189785,0,64476,0.0,0,0,0,0,[],0,0,0,0.0,0
aten,aten_masked_select_serial_cpu,/home/arjaiswal/Polygeist/issues/aten_c_kernels/results/aten_masked_select_serial_cpu/debuf.mlir,c729f82850ea059aa678eb0038aa8002f023719f4ed533b10ba92b5d83f4e349,syntactic,2,ok,0,669.1464260220528,0,"[""/usr/bin/python3"", ""/home/arjaiswal/Polygeist/scripts/correctness/kernel_match_rewrite.py"", ""/home/arjaiswal/Polygeist/issues/aten_c_kernels/results/aten_masked_select_serial_cpu/debuf.mlir"", ""--dry-run"", ""--matcher-mode"", ""syntactic"", ""--telemetry-json"", ""/home/arjaiswal/Polygeist/issues/equality_saturation_eval/campaign_20260908/aten-aten_masked_select_serial_cpu-syntactic-2t6p2vxo.json"", ""--disable-semantic-fallback""]","== match report for /home/arjaiswal/Polygeist/issues/aten_c_kernels/results/aten_masked_select_serial_cpu/debuf.mlir ==
  total: 0 matched / 0 bodies
",0,[],0,0,0,0,/home/arjaiswal/Polygeist/issues/aten_c_kernels/results/aten_masked_select_serial_cpu/debuf.mlir,2790,0,0,0,254.5727714896202,0,64724,0.0,0,0,0,0,[],0,0,0,0.0,0
aten,aten_masked_select_serial_cpu,/home/arjaiswal/Polygeist/issues/aten_c_kernels/results/aten_masked_select_serial_cpu/debuf.mlir,c729f82850ea059aa678eb0038aa8002f023719f4ed533b10ba92b5d83f4e349,syntactic,3,ok,0,677.1956644952297,0,"[""/usr/bin/python3"", ""/home/arjaiswal/Polygeist/scripts/correctness/kernel_match_rewrite.py"", ""/home/arjaiswal/Polygeist/issues/aten_c_kernels/results/aten_masked_select_serial_cpu/debuf.mlir"", ""--dry-run"", ""--matcher-mode"", ""syntactic"", ""--telemetry-json"", ""/home/arjaiswal/Polygeist/issues/equality_saturation_eval/campaign_20260908/aten-aten_masked_select_serial_cpu-syntactic-s16yczjm.json"", ""--disable-semantic-fallback""]","== match report for /home/arjaiswal/Polygeist/issues/aten_c_kernels/results/aten_masked_select_serial_cpu/debuf.mlir ==
  total: 0 matched / 0 bodies
",0,[],0,0,0,0,/home/arjaiswal/Polygeist/issues/aten_c_kernels/results/aten_masked_select_serial_cpu/debuf.mlir,2790,0,0,0,256.39793276786804,0,64676,0.0,0,0,0,0,[],0,0,0,0.0,0
aten,aten_masked_select_serial_cpu,/home/arjaiswal/Polygeist/issues/aten_c_kernels/results/aten_masked_select_serial_cpu/debuf.mlir,c729f82850ea059aa678eb0038aa8002f023719f4ed533b10ba92b5d83f4e349,egglog,3,ok,0,726.1547707021236,0,"[""/usr/bin/python3"", ""/home/arjaiswal/Polygeist/scripts/correctness/kernel_match_rewrite.py"", ""/home/arjaiswal/Polygeist/issues/aten_c_kernels/results/aten_masked_select_serial_cpu/debuf.mlir"", ""--dry-run"", ""--matcher-mode"", ""egglog"", ""--telemetry-json"", ""/home/arjaiswal/Polygeist/issues/equality_saturation_eval/campaign_20260908/aten-aten_masked_select_serial_cpu-egglog-8bh8wsk0.json"", ""--disable-semantic-fallback""]","== match report for /home/arjaiswal/Polygeist/issues/aten_c_kernels/results/aten_masked_select_serial_cpu/debuf.mlir ==
  total: 0 matched / 0 bodies
",0,[],0,0,0,0,/home/arjaiswal/Polygeist/issues/aten_c_kernels/results/aten_masked_select_serial_cpu/debuf.mlir,2790,8,0,0,300.88362470269203,0,64776,0.0,0,0,0,0,[],0,0,0,0.0,0
aten,aten_masked_select_serial_cpu,/home/arjaiswal/Polygeist/issues/aten_c_kernels/results/aten_masked_select_serial_cpu/debuf.mlir,c729f82850ea059aa678eb0038aa8002f023719f4ed533b10ba92b5d83f4e349,egglog,4,ok,0,660.1877696812153,0,"[""/usr/bin/python3"", ""/home/arjaiswal/Polygeist/scripts/correctness/kernel_match_rewrite.py"", ""/home/arjaiswal/Polygeist/issues/aten_c_kernels/results/aten_masked_select_serial_cpu/debuf.mlir"", ""--dry-run"", ""--matcher-mode"", ""egglog"", ""--telemetry-json"", ""/home/arjaiswal/Polygeist/issues/equality_saturation_eval/campaign_20260908/aten-aten_masked_select_serial_cpu-egglog-e61c1wy1.json"", ""--disable-semantic-fallback""]","== match report for /home/arjaiswal/Polygeist/issues/aten_c_kernels/results/aten_masked_select_serial_cpu/debuf.mlir ==
  total: 0 matched / 0 bodies
",0,[],0,0,0,0,/home/arjaiswal/Polygeist/issues/aten_c_kernels/results/aten_masked_select_serial_cpu/debuf.mlir,2790,8,0,0,248.86683747172356,0,64720,0.0,0,0,0,0,[],0,0,0,0.0,0
aten,aten_masked_select_serial_cpu,/home/arjaiswal/Polygeist/issues/aten_c_kernels/results/aten_masked_select_serial_cpu/debuf.mlir,c729f82850ea059aa678eb0038aa8002f023719f4ed533b10ba92b5d83f4e349,syntactic,4,ok,0,748.8801069557667,0,"[""/usr/bin/python3"", ""/home/arjaiswal/Polygeist/scripts/correctness/kernel_match_rewrite.py"", ""/home/arjaiswal/Polygeist/issues/aten_c_kernels/results/aten_masked_select_serial_cpu/debuf.mlir"", ""--dry-run"", ""--matcher-mode"", ""syntactic"", ""--telemetry-json"", ""/home/arjaiswal/Polygeist/issues/equality_saturation_eval/campaign_20260908/aten-aten_masked_select_serial_cpu-syntactic-tvwr_e8c.json"", ""--disable-semantic-fallback""]","== match report for /home/arjaiswal/Polygeist/issues/aten_c_kernels/results/aten_masked_select_serial_cpu/debuf.mlir ==
  total: 0 matched / 0 bodies
",0,[],0,0,0,0,/home/arjaiswal/Polygeist/issues/aten_c_kernels/results/aten_masked_select_serial_cpu/debuf.mlir,2790,0,0,0,248.7720213830471,0,64568,0.0,0,0,0,0,[],0,0,0,0.0,0
aten,aten_masked_select_serial_cpu,/home/arjaiswal/Polygeist/issues/aten_c_kernels/results/aten_masked_select_serial_cpu/debuf.mlir,c729f82850ea059aa678eb0038aa8002f023719f4ed533b10ba92b5d83f4e349,syntactic,5,ok,0,684.8048716783524,0,"[""/usr/bin/python3"", ""/home/arjaiswal/Polygeist/scripts/correctness/kernel_match_rewrite.py"", ""/home/arjaiswal/Polygeist/issues/aten_c_kernels/results/aten_masked_select_serial_cpu/debuf.mlir"", ""--dry-run"", ""--matcher-mode"", ""syntactic"", ""--telemetry-json"", ""/home/arjaiswal/Polygeist/issues/equality_saturation_eval/campaign_20260908/aten-aten_masked_select_serial_cpu-syntactic-a11a13jf.json"", ""--disable-semantic-fallback""]","== match report for /home/arjaiswal/Polygeist/issues/aten_c_kernels/results/aten_masked_select_serial_cpu/debuf.mlir ==
  total: 0 matched / 0 bodies
",0,[],0,0,0,0,/home/arjaiswal/Polygeist/issues/aten_c_kernels/results/aten_masked_select_serial_cpu/debuf.mlir,2790,0,0,0,255.4827369749546,0,64880,0.0,0,0,0,0,[],0,0,0,0.0,0
aten,aten_masked_select_serial_cpu,/home/arjaiswal/Polygeist/issues/aten_c_kernels/results/aten_masked_select_serial_cpu/debuf.mlir,c729f82850ea059aa678eb0038aa8002f023719f4ed533b10ba92b5d83f4e349,egglog,5,ok,0,698.045089840889,0,"[""/usr/bin/python3"", ""/home/arjaiswal/Polygeist/scripts/correctness/kernel_match_rewrite.py"", ""/home/arjaiswal/Polygeist/issues/aten_c_kernels/results/aten_masked_select_serial_cpu/debuf.mlir"", ""--dry-run"", ""--matcher-mode"", ""egglog"", ""--telemetry-json"", ""/home/arjaiswal/Polygeist/issues/equality_saturation_eval/campaign_20260908/aten-aten_masked_select_serial_cpu-egglog-5twc4gu1.json"", ""--disable-semantic-fallback""]","== match report for /home/arjaiswal/Polygeist/issues/aten_c_kernels/results/aten_masked_select_serial_cpu/debuf.mlir ==
  total: 0 matched / 0 bodies
",0,[],0,0,0,0,/home/arjaiswal/Polygeist/issues/aten_c_kernels/results/aten_masked_select_serial_cpu/debuf.mlir,2790,8,0,0,257.2602294385433,0,64856,0.0,0,0,0,0,[],0,0,0,0.0,0
aten,aten_max_all_cpu,/home/arjaiswal/Polygeist/issues/aten_c_kernels/results/aten_max_all_cpu/debuf.mlir,c56b73ed92a374a57b936728e2c834dd785c4a702c3eeffb48adb15a2c2b053b,egglog,1,ok,0,762.3935714364052,0,"[""/usr/bin/python3"", ""/home/arjaiswal/Polygeist/scripts/correctness/kernel_match_rewrite.py"", ""/home/arjaiswal/Polygeist/issues/aten_c_kernels/results/aten_max_all_cpu/debuf.mlir"", ""--dry-run"", ""--matcher-mode"", ""egglog"", ""--telemetry-json"", ""/home/arjaiswal/Polygeist/issues/equality_saturation_eval/campaign_20260908/aten-aten_max_all_cpu-egglog-7e9jhn4a.json"", ""--disable-semantic-fallback""]","== match report for /home/arjaiswal/Polygeist/issues/aten_c_kernels/results/aten_max_all_cpu/debuf.mlir ==
  match          body#[0]  cudnnReduceMax_f32
  total: 1 matched / 1 bodies
",0,[],0,0,0,0,/home/arjaiswal/Polygeist/issues/aten_c_kernels/results/aten_max_all_cpu/debuf.mlir,2397,8,1,1,328.06480675935745,0,69872,24.065036326646805,2,2,0,0,"[{""body_indices"": [0], ""symbol"": ""cudnnReduceMax_f32""}]",1,0,0,0.0,6
aten,aten_max_all_cpu,/home/arjaiswal/Polygeist/issues/aten_c_kernels/results/aten_max_all_cpu/debuf.mlir,c56b73ed92a374a57b936728e2c834dd785c4a702c3eeffb48adb15a2c2b053b,syntactic,1,ok,0,727.5154627859592,0,"[""/usr/bin/python3"", ""/home/arjaiswal/Polygeist/scripts/correctness/kernel_match_rewrite.py"", ""/home/arjaiswal/Polygeist/issues/aten_c_kernels/results/aten_max_all_cpu/debuf.mlir"", ""--dry-run"", ""--matcher-mode"", ""syntactic"", ""--telemetry-json"", ""/home/arjaiswal/Polygeist/issues/equality_saturation_eval/campaign_20260908/aten-aten_max_all_cpu-syntactic-361urlkv.json"", ""--disable-semantic-fallback""]","== match report for /home/arjaiswal/Polygeist/issues/aten_c_kernels/results/aten_max_all_cpu/debuf.mlir ==
  match          body#[0]  cudnnReduceMax_f32
  total: 1 matched / 1 bodies
",0,[],0,0,0,0,/home/arjaiswal/Polygeist/issues/aten_c_kernels/results/aten_max_all_cpu/debuf.mlir,2397,0,1,1,306.97451531887054,0,65664,0.05399063229560852,0,2,0,0,"[{""body_indices"": [0], ""symbol"": ""cudnnReduceMax_f32""}]",1,0,6,0.0,6
aten,aten_max_all_cpu,/home/arjaiswal/Polygeist/issues/aten_c_kernels/results/aten_max_all_cpu/debuf.mlir,c56b73ed92a374a57b936728e2c834dd785c4a702c3eeffb48adb15a2c2b053b,syntactic,2,ok,0,727.0567081868649,0,"[""/usr/bin/python3"", ""/home/arjaiswal/Polygeist/scripts/correctness/kernel_match_rewrite.py"", ""/home/arjaiswal/Polygeist/issues/aten_c_kernels/results/aten_max_all_cpu/debuf.mlir"", ""--dry-run"", ""--matcher-mode"", ""syntactic"", ""--telemetry-json"", ""/home/arjaiswal/Polygeist/issues/equality_saturation_eval/campaign_20260908/aten-aten_max_all_cpu-syntactic-km_95dlu.json"", ""--disable-semantic-fallback""]","== match report for /home/arjaiswal/Polygeist/issues/aten_c_kernels/results/aten_max_all_cpu/debuf.mlir ==
  match          body#[0]  cudnnReduceMax_f32
  total: 1 matched / 1 bodies
",0,[],0,0,0,0,/home/arjaiswal/Polygeist/issues/aten_c_kernels/results/aten_max_all_cpu/debuf.mlir,2397,0,1,1,288.5313704609871,0,65488,0.04914775490760803,0,2,0,0,"[{""body_indices"": [0], ""symbol"": ""cudnnReduceMax_f32""}]",1,0,6,0.0,6
aten,aten_max_all_cpu,/home/arjaiswal/Polygeist/issues/aten_c_kernels/results/aten_max_all_cpu/debuf.mlir,c56b73ed92a374a57b936728e2c834dd785c4a702c3eeffb48adb15a2c2b053b,egglog,2,ok,0,826.1800147593021,0,"[""/usr/bin/python3"", ""/home/arjaiswal/Polygeist/scripts/correctness/kernel_match_rewrite.py"", ""/home/arjaiswal/Polygeist/issues/aten_c_kernels/results/aten_max_all_cpu/debuf.mlir"", ""--dry-run"", ""--matcher-mode"", ""egglog"", ""--telemetry-json"", ""/home/arjaiswal/Polygeist/issues/equality_saturation_eval/campaign_20260908/aten-aten_max_all_cpu-egglog-bf3n2qs5.json"", ""--disable-semantic-fallback""]","== match report for /home/arjaiswal/Polygeist/issues/aten_c_kernels/results/aten_max_all_cpu/debuf.mlir ==
  match          body#[0]  cudnnReduceMax_f32
  total: 1 matched / 1 bodies
",0,[],0,0,0,0,/home/arjaiswal/Polygeist/issues/aten_c_kernels/results/aten_max_all_cpu/debuf.mlir,2397,8,1,1,343.0258072912693,0,69768,24.06623214483261,2,2,0,0,"[{""body_indices"": [0], ""symbol"": ""cudnnReduceMax_f32""}]",1,0,0,0.0,6
aten,aten_max_all_cpu,/home/arjaiswal/Polygeist/issues/aten_c_kernels/results/aten_max_all_cpu/debuf.mlir,c56b73ed92a374a57b936728e2c834dd785c4a702c3eeffb48adb15a2c2b053b,egglog,3,ok,0,845.8179458975792,0,"[""/usr/bin/python3"", ""/home/arjaiswal/Polygeist/scripts/correctness/kernel_match_rewrite.py"", ""/home/arjaiswal/Polygeist/issues/aten_c_kernels/results/aten_max_all_cpu/debuf.mlir"", ""--dry-run"", ""--matcher-mode"", ""egglog"", ""--telemetry-json"", ""/home/arjaiswal/Polygeist/issues/equality_saturation_eval/campaign_20260908/aten-aten_max_all_cpu-egglog-jd__bf8u.json"", ""--disable-semantic-fallback""]","== match report for /home/arjaiswal/Polygeist/issues/aten_c_kernels/results/aten_max_all_cpu/debuf.mlir ==
  match          body#[0]  cudnnReduceMax_f32
  total: 1 matched / 1 bodies
",0,[],0,0,0,0,/home/arjaiswal/Polygeist/issues/aten_c_kernels/results/aten_max_all_cpu/debuf.mlir,2397,8,1,1,368.55584010481834,0,69812,28.53330597281456,2,2,0,0,"[{""body_indices"": [0], ""symbol"": ""cudnnReduceMax_f32""}]",1,0,0,0.0,6
aten,aten_max_all_cpu,/home/arjaiswal/Polygeist/issues/aten_c_kernels/results/aten_max_all_cpu/debuf.mlir,c56b73ed92a374a57b936728e2c834dd785c4a702c3eeffb48adb15a2c2b053b,syntactic,3,ok,0,772.2947299480438,0,"[""/usr/bin/python3"", ""/home/arjaiswal/Polygeist/scripts/correctness/kernel_match_rewrite.py"", ""/home/arjaiswal/Polygeist/issues/aten_c_kernels/results/aten_max_all_cpu/debuf.mlir"", ""--dry-run"", ""--matcher-mode"", ""syntactic"", ""--telemetry-json"", ""/home/arjaiswal/Polygeist/issues/equality_saturation_eval/campaign_20260908/aten-aten_max_all_cpu-syntactic-zdrdrqn6.json"", ""--disable-semantic-fallback""]","== match report for /home/arjaiswal/Polygeist/issues/aten_c_kernels/results/aten_max_all_cpu/debuf.mlir ==
  match          body#[0]  cudnnReduceMax_f32
  total: 1 matched / 1 bodies
",0,[],0,0,0,0,/home/arjaiswal/Polygeist/issues/aten_c_kernels/results/aten_max_all_cpu/debuf.mlir,2397,0,1,1,303.05301025509834,0,65788,0.04996731877326965,0,2,0,0,"[{""body_indices"": [0], ""symbol"": ""cudnnReduceMax_f32""}]",1,0,6,0.0,6
aten,aten_max_all_cpu,/home/arjaiswal/Polygeist/issues/aten_c_kernels/results/aten_max_all_cpu/debuf.mlir,c56b73ed92a374a57b936728e2c834dd785c4a702c3eeffb48adb15a2c2b053b,syntactic,4,ok,0,772.450178861618,0,"[""/usr/bin/python3"", ""/home/arjaiswal/Polygeist/scripts/correctness/kernel_match_rewrite.py"", ""/home/arjaiswal/Polygeist/issues/aten_c_kernels/results/aten_max_all_cpu/debuf.mlir"", ""--dry-run"", ""--matcher-mode"", ""syntactic"", ""--telemetry-json"", ""/home/arjaiswal/Polygeist/issues/equality_saturation_eval/campaign_20260908/aten-aten_max_all_cpu-syntactic-_crlcl_3.json"", ""--disable-semantic-fallback""]","== match report for /home/arjaiswal/Polygeist/issues/aten_c_kernels/results/aten_max_all_cpu/debuf.mlir ==
  match          body#[0]  cudnnReduceMax_f32
  total: 1 matched / 1 bodies
",0,[],0,0,0,0,/home/arjaiswal/Polygeist/issues/aten_c_kernels/results/aten_max_all_cpu/debuf.mlir,2397,0,1,1,304.1387051343918,0,65744,0.0446029007434845,0,2,0,0,"[{""body_indices"": [0], ""symbol"": ""cudnnReduceMax_f32""}]",1,0,6,0.0,6
aten,aten_max_all_cpu,/home/arjaiswal/Polygeist/issues/aten_c_kernels/results/aten_max_all_cpu/debuf.mlir,c56b73ed92a374a57b936728e2c834dd785c4a702c3eeffb48adb15a2c2b053b,egglog,4,ok,0,800.1540973782539,0,"[""/usr/bin/python3"", ""/home/arjaiswal/Polygeist/scripts/correctness/kernel_match_rewrite.py"", ""/home/arjaiswal/Polygeist/issues/aten_c_kernels/results/aten_max_all_cpu/debuf.mlir"", ""--dry-run"", ""--matcher-mode"", ""egglog"", ""--telemetry-json"", ""/home/arjaiswal/Polygeist/issues/equality_saturation_eval/campaign_20260908/aten-aten_max_all_cpu-egglog-ozth12nv.json"", ""--disable-semantic-fallback""]","== match report for /home/arjaiswal/Polygeist/issues/aten_c_kernels/results/aten_max_all_cpu/debuf.mlir ==
  match          body#[0]  cudnnReduceMax_f32
  total: 1 matched / 1 bodies
",0,[],0,0,0,0,/home/arjaiswal/Polygeist/issues/aten_c_kernels/results/aten_max_all_cpu/debuf.mlir,2397,8,1,1,346.9388000667095,0,69716,21.396279335021973,2,2,0,0,"[{""body_indices"": [0], ""symbol"": ""cudnnReduceMax_f32""}]",1,0,0,0.0,6
aten,aten_max_all_cpu,/home/arjaiswal/Polygeist/issues/aten_c_kernels/results/aten_max_all_cpu/debuf.mlir,c56b73ed92a374a57b936728e2c834dd785c4a702c3eeffb48adb15a2c2b053b,egglog,5,ok,0,810.2145493030548,0,"[""/usr/bin/python3"", ""/home/arjaiswal/Polygeist/scripts/correctness/kernel_match_rewrite.py"", ""/home/arjaiswal/Polygeist/issues/aten_c_kernels/results/aten_max_all_cpu/debuf.mlir"", ""--dry-run"", ""--matcher-mode"", ""egglog"", ""--telemetry-json"", ""/home/arjaiswal/Polygeist/issues/equality_saturation_eval/campaign_20260908/aten-aten_max_all_cpu-egglog-j5axvvgf.json"", ""--disable-semantic-fallback""]","== match report for /home/arjaiswal/Polygeist/issues/aten_c_kernels/results/aten_max_all_cpu/debuf.mlir ==
  match          body#[0]  cudnnReduceMax_f32
  total: 1 matched / 1 bodies
",0,[],0,0,0,0,/home/arjaiswal/Polygeist/issues/aten_c_kernels/results/aten_max_all_cpu/debuf.mlir,2397,8,1,1,367.9193966090679,0,69848,22.70274981856346,2,2,0,0,"[{""body_indices"": [0], ""symbol"": ""cudnnReduceMax_f32""}]",1,0,0,0.0,6
aten,aten_max_all_cpu,/home/arjaiswal/Polygeist/issues/aten_c_kernels/results/aten_max_all_cpu/debuf.mlir,c56b73ed92a374a57b936728e2c834dd785c4a702c3eeffb48adb15a2c2b053b,syntactic,5,ok,0,734.9347770214081,0,"[""/usr/bin/python3"", ""/home/arjaiswal/Polygeist/scripts/correctness/kernel_match_rewrite.py"", ""/home/arjaiswal/Polygeist/issues/aten_c_kernels/results/aten_max_all_cpu/debuf.mlir"", ""--dry-run"", ""--matcher-mode"", ""syntactic"", ""--telemetry-json"", ""/home/arjaiswal/Polygeist/issues/equality_saturation_eval/campaign_20260908/aten-aten_max_all_cpu-syntactic-524553fu.json"", ""--disable-semantic-fallback""]","== match report for /home/arjaiswal/Polygeist/issues/aten_c_kernels/results/aten_max_all_cpu/debuf.mlir ==
  match          body#[0]  cudnnReduceMax_f32
  total: 1 matched / 1 bodies
",0,[],0,0,0,0,/home/arjaiswal/Polygeist/issues/aten_c_kernels/results/aten_max_all_cpu/debuf.mlir,2397,0,1,1,306.38402700424194,0,65676,0.05380064249038696,0,2,0,0,"[{""body_indices"": [0], ""symbol"": ""cudnnReduceMax_f32""}]",1,0,6,0.0,6
aten,aten_max_pool1d_cpu,/home/arjaiswal/Polygeist/issues/aten_c_kernels/results/aten_max_pool1d_cpu/debuf.mlir,7a258852f1934f4119fea673f5cde2450354f744369aabebd6f7a29145e09a50,syntactic,1,ok,0,917.3226729035378,0,"[""/usr/bin/python3"", ""/home/arjaiswal/Polygeist/scripts/correctness/kernel_match_rewrite.py"", ""/home/arjaiswal/Polygeist/issues/aten_c_kernels/results/aten_max_pool1d_cpu/debuf.mlir"", ""--dry-run"", ""--matcher-mode"", ""syntactic"", ""--telemetry-json"", ""/home/arjaiswal/Polygeist/issues/equality_saturation_eval/campaign_20260908/aten-aten_max_pool1d_cpu-syntactic-belqk9xx.json"", ""--disable-semantic-fallback""]","== match report for /home/arjaiswal/Polygeist/issues/aten_c_kernels/results/aten_max_pool1d_cpu/debuf.mlir ==
  copy_layout_reject body#0  cublasDcopy_tensor
  copy_layout_reject body#1  cublasDcopy_tensor
  total: 0 matched / 2 bodies
",0,[],0,0,0,0,/home/arjaiswal/Polygeist/issues/aten_c_kernels/results/aten_max_pool1d_cpu/debuf.mlir,3117,0,2,0,445.5905705690384,0,65560,0.18279999494552612,0,8,0,0,[],0,0,60,0.0,60
aten,aten_max_pool1d_cpu,/home/arjaiswal/Polygeist/issues/aten_c_kernels/results/aten_max_pool1d_cpu/debuf.mlir,7a258852f1934f4119fea673f5cde2450354f744369aabebd6f7a29145e09a50,egglog,1,ok,0,943.18438321352,0,"[""/usr/bin/python3"", ""/home/arjaiswal/Polygeist/scripts/correctness/kernel_match_rewrite.py"", ""/home/arjaiswal/Polygeist/issues/aten_c_kernels/results/aten_max_pool1d_cpu/debuf.mlir"", ""--dry-run"", ""--matcher-mode"", ""egglog"", ""--telemetry-json"", ""/home/arjaiswal/Polygeist/issues/equality_saturation_eval/campaign_20260908/aten-aten_max_pool1d_cpu-egglog-a_uidm1b.json"", ""--disable-semantic-fallback""]","== match report for /home/arjaiswal/Polygeist/issues/aten_c_kernels/results/aten_max_pool1d_cpu/debuf.mlir ==
  copy_layout_reject body#0  cublasDcopy_tensor
  copy_layout_reject body#1  cublasDcopy_tensor
  total: 0 matched / 2 bodies
",0,[],0,0,0,0,/home/arjaiswal/Polygeist/issues/aten_c_kernels/results/aten_max_pool1d_cpu/debuf.mlir,3117,8,2,0,504.32321801781654,0,69808,86.89747378230095,8,8,0,0,[],0,0,0,0.0,60
aten,aten_max_pool1d_cpu,/home/arjaiswal/Polygeist/issues/aten_c_kernels/results/aten_max_pool1d_cpu/debuf.mlir,7a258852f1934f4119fea673f5cde2450354f744369aabebd6f7a29145e09a50,egglog,2,ok,0,939.441692084074,0,"[""/usr/bin/python3"", ""/home/arjaiswal/Polygeist/scripts/correctness/kernel_match_rewrite.py"", ""/home/arjaiswal/Polygeist/issues/aten_c_kernels/results/aten_max_pool1d_cpu/debuf.mlir"", ""--dry-run"", ""--matcher-mode"", ""egglog"", ""--telemetry-json"", ""/home/arjaiswal/Polygeist/issues/equality_saturation_eval/campaign_20260908/aten-aten_max_pool1d_cpu-egglog-l__vwdi0.json"", ""--disable-semantic-fallback""]","== match report for /home/arjaiswal/Polygeist/issues/aten_c_kernels/results/aten_max_pool1d_cpu/debuf.mlir ==
  copy_layout_reject body#0  cublasDcopy_tensor
  copy_layout_reject body#1  cublasDcopy_tensor
  total: 0 matched / 2 bodies
",0,[],0,0,0,0,/home/arjaiswal/Polygeist/issues/aten_c_kernels/results/aten_max_pool1d_cpu/debuf.mlir,3117,8,2,0,483.5893586277962,0,69816,81.12586662173271,8,8,0,0,[],0,0,0,0.0,60
aten,aten_max_pool1d_cpu,/home/arjaiswal/Polygeist/issues/aten_c_kernels/results/aten_max_pool1d_cpu/debuf.mlir,7a258852f1934f4119fea673f5cde2450354f744369aabebd6f7a29145e09a50,syntactic,2,ok,0,902.6448018848896,0,"[""/usr/bin/python3"", ""/home/arjaiswal/Polygeist/scripts/correctness/kernel_match_rewrite.py"", ""/home/arjaiswal/Polygeist/issues/aten_c_kernels/results/aten_max_pool1d_cpu/debuf.mlir"", ""--dry-run"", ""--matcher-mode"", ""syntactic"", ""--telemetry-json"", ""/home/arjaiswal/Polygeist/issues/equality_saturation_eval/campaign_20260908/aten-aten_max_pool1d_cpu-syntactic-ildlhntn.json"", ""--disable-semantic-fallback""]","== match report for /home/arjaiswal/Polygeist/issues/aten_c_kernels/results/aten_max_pool1d_cpu/debuf.mlir ==
  copy_layout_reject body#0  cublasDcopy_tensor
  copy_layout_reject body#1  cublasDcopy_tensor
  total: 0 matched / 2 bodies
",0,[],0,0,0,0,/home/arjaiswal/Polygeist/issues/aten_c_kernels/results/aten_max_pool1d_cpu/debuf.mlir,3117,0,2,0,452.6863507926464,0,65684,0.1438930630683899,0,8,0,0,[],0,0,60,0.0,60
aten,aten_max_pool1d_cpu,/home/arjaiswal/Polygeist/issues/aten_c_kernels/results/aten_max_pool1d_cpu/debuf.mlir,7a258852f1934f4119fea673f5cde2450354f744369aabebd6f7a29145e09a50,syntactic,3,ok,0,825.7368877530098,0,"[""/usr/bin/python3"", ""/home/arjaiswal/Polygeist/scripts/correctness/kernel_match_rewrite.py"", ""/home/arjaiswal/Polygeist/issues/aten_c_kernels/results/aten_max_pool1d_cpu/debuf.mlir"", ""--dry-run"", ""--matcher-mode"", ""syntactic"", ""--telemetry-json"", ""/home/arjaiswal/Polygeist/issues/equality_saturation_eval/campaign_20260908/aten-aten_max_pool1d_cpu-syntactic-4eviasg8.json"", ""--disable-semantic-fallback""]","== match report for /home/arjaiswal/Polygeist/issues/aten_c_kernels/results/aten_max_pool1d_cpu/debuf.mlir ==
  copy_layout_reject body#0  cublasDcopy_tensor
  copy_layout_reject body#1  cublasDcopy_tensor
  total: 0 matched / 2 bodies
",0,[],0,0,0,0,/home/arjaiswal/Polygeist/issues/aten_c_kernels/results/aten_max_pool1d_cpu/debuf.mlir,3117,0,2,0,401.3665281236172,0,65976,0.15868991613388062,0,8,0,0,[],0,0,60,0.0,60
aten,aten_max_pool1d_cpu,/home/arjaiswal/Polygeist/issues/aten_c_kernels/results/aten_max_pool1d_cpu/debuf.mlir,7a258852f1934f4119fea673f5cde2450354f744369aabebd6f7a29145e09a50,egglog,3,ok,0,902.6985503733158,0,"[""/usr/bin/python3"", ""/home/arjaiswal/Polygeist/scripts/correctness/kernel_match_rewrite.py"", ""/home/arjaiswal/Polygeist/issues/aten_c_kernels/results/aten_max_pool1d_cpu/debuf.mlir"", ""--dry-run"", ""--matcher-mode"", ""egglog"", ""--telemetry-json"", ""/home/arjaiswal/Polygeist/issues/equality_saturation_eval/campaign_20260908/aten-aten_max_pool1d_cpu-egglog-9syzy52j.json"", ""--disable-semantic-fallback""]","== match report for /home/arjaiswal/Polygeist/issues/aten_c_kernels/results/aten_max_pool1d_cpu/debuf.mlir ==
  copy_layout_reject body#0  cublasDcopy_tensor
  copy_layout_reject body#1  cublasDcopy_tensor
  total: 0 matched / 2 bodies
",0,[],0,0,0,0,/home/arjaiswal/Polygeist/issues/aten_c_kernels/results/aten_max_pool1d_cpu/debuf.mlir,3117,8,2,0,495.65520882606506,0,69852,81.57607913017273,8,8,0,0,[],0,0,0,0.0,60
aten,aten_max_pool1d_cpu,/home/arjaiswal/Polygeist/issues/aten_c_kernels/results/aten_max_pool1d_cpu/debuf.mlir,7a258852f1934f4119fea673f5cde2450354f744369aabebd6f7a29145e09a50,egglog,4,ok,0,900.1728482544422,0,"[""/usr/bin/python3"", ""/home/arjaiswal/Polygeist/scripts/correctness/kernel_match_rewrite.py"", ""/home/arjaiswal/Polygeist/issues/aten_c_kernels/results/aten_max_pool1d_cpu/debuf.mlir"", ""--dry-run"", ""--matcher-mode"", ""egglog"", ""--telemetry-json"", ""/home/arjaiswal/Polygeist/issues/equality_saturation_eval/campaign_20260908/aten-aten_max_pool1d_cpu-egglog-spjme8oe.json"", ""--disable-semantic-fallback""]","== match report for /home/arjaiswal/Polygeist/issues/aten_c_kernels/results/aten_max_pool1d_cpu/debuf.mlir ==
  copy_layout_reject body#0  cublasDcopy_tensor
  copy_layout_reject body#1  cublasDcopy_tensor
  total: 0 matched / 2 bodies
",0,[],0,0,0,0,/home/arjaiswal/Polygeist/issues/aten_c_kernels/results/aten_max_pool1d_cpu/debuf.mlir,3117,8,2,0,487.6628592610359,0,69756,82.2405107319355,8,8,0,0,[],0,0,0,0.0,60
aten,aten_max_pool1d_cpu,/home/arjaiswal/Polygeist/issues/aten_c_kernels/results/aten_max_pool1d_cpu/debuf.mlir,7a258852f1934f4119fea673f5cde2450354f744369aabebd6f7a29145e09a50,syntactic,4,ok,0,863.4886853396893,0,"[""/usr/bin/python3"", ""/home/arjaiswal/Polygeist/scripts/correctness/kernel_match_rewrite.py"", ""/home/arjaiswal/Polygeist/issues/aten_c_kernels/results/aten_max_pool1d_cpu/debuf.mlir"", ""--dry-run"", ""--matcher-mode"", ""syntactic"", ""--telemetry-json"", ""/home/arjaiswal/Polygeist/issues/equality_saturation_eval/campaign_20260908/aten-aten_max_pool1d_cpu-syntactic-ee_vug8b.json"", ""--disable-semantic-fallback""]","== match report for /home/arjaiswal/Polygeist/issues/aten_c_kernels/results/aten_max_pool1d_cpu/debuf.mlir ==
  copy_layout_reject body#0  cublasDcopy_tensor
  copy_layout_reject body#1  cublasDcopy_tensor
  total: 0 matched / 2 bodies
",0,[],0,0,0,0,/home/arjaiswal/Polygeist/issues/aten_c_kernels/results/aten_max_pool1d_cpu/debuf.mlir,3117,0,2,0,432.9691044986248,0,65640,0.1614503562450409,0,8,0,0,[],0,0,60,0.0,60
aten,aten_max_pool1d_cpu,/home/arjaiswal/Polygeist/issues/aten_c_kernels/results/aten_max_pool1d_cpu/debuf.mlir,7a258852f1934f4119fea673f5cde2450354f744369aabebd6f7a29145e09a50,syntactic,5,ok,0,853.2059900462627,0,"[""/usr/bin/python3"", ""/home/arjaiswal/Polygeist/scripts/correctness/kernel_match_rewrite.py"", ""/home/arjaiswal/Polygeist/issues/aten_c_kernels/results/aten_max_pool1d_cpu/debuf.mlir"", ""--dry-run"", ""--matcher-mode"", ""syntactic"", ""--telemetry-json"", ""/home/arjaiswal/Polygeist/issues/equality_saturation_eval/campaign_20260908/aten-aten_max_pool1d_cpu-syntactic-hoarh_nj.json"", ""--disable-semantic-fallback""]","== match report for /home/arjaiswal/Polygeist/issues/aten_c_kernels/results/aten_max_pool1d_cpu/debuf.mlir ==
  copy_layout_reject body#0  cublasDcopy_tensor
  copy_layout_reject body#1  cublasDcopy_tensor
  total: 0 matched / 2 bodies
",0,[],0,0,0,0,/home/arjaiswal/Polygeist/issues/aten_c_kernels/results/aten_max_pool1d_cpu/debuf.mlir,3117,0,2,0,400.4480354487896,0,66012,0.14836713671684265,0,8,0,0,[],0,0,60,0.0,60
aten,aten_max_pool1d_cpu,/home/arjaiswal/Polygeist/issues/aten_c_kernels/results/aten_max_pool1d_cpu/debuf.mlir,7a258852f1934f4119fea673f5cde2450354f744369aabebd6f7a29145e09a50,egglog,5,ok,0,917.820293456316,0,"[""/usr/bin/python3"", ""/home/arjaiswal/Polygeist/scripts/correctness/kernel_match_rewrite.py"", ""/home/arjaiswal/Polygeist/issues/aten_c_kernels/results/aten_max_pool1d_cpu/debuf.mlir"", ""--dry-run"", ""--matcher-mode"", ""egglog"", ""--telemetry-json"", ""/home/arjaiswal/Polygeist/issues/equality_saturation_eval/campaign_20260908/aten-aten_max_pool1d_cpu-egglog-huhdu14j.json"", ""--disable-semantic-fallback""]","== match report for /home/arjaiswal/Polygeist/issues/aten_c_kernels/results/aten_max_pool1d_cpu/debuf.mlir ==
  copy_layout_reject body#0  cublasDcopy_tensor
  copy_layout_reject body#1  cublasDcopy_tensor
  total: 0 matched / 2 bodies
",0,[],0,0,0,0,/home/arjaiswal/Polygeist/issues/aten_c_kernels/results/aten_max_pool1d_cpu/debuf.mlir,3117,8,2,0,491.6478767991066,0,69708,83.94687250256538,8,8,0,0,[],0,0,0,0.0,60
aten,aten_max_pool2d,/home/arjaiswal/Polygeist/issues/aten_c_kernels/results/aten_max_pool2d/debuf.mlir,3ba30bbf22f417efc786f0db8d8ca225818a4c39302ca6b128e6a42355413233,egglog,1,ok,0,791.8441481888294,0,"[""/usr/bin/python3"", ""/home/arjaiswal/Polygeist/scripts/correctness/kernel_match_rewrite.py"", ""/home/arjaiswal/Polygeist/issues/aten_c_kernels/results/aten_max_pool2d/debuf.mlir"", ""--dry-run"", ""--matcher-mode"", ""egglog"", ""--telemetry-json"", ""/home/arjaiswal/Polygeist/issues/equality_saturation_eval/campaign_20260908/aten-aten_max_pool2d-egglog-t7qlem_o.json"", ""--disable-semantic-fallback""]","== match report for /home/arjaiswal/Polygeist/issues/aten_c_kernels/results/aten_max_pool2d/debuf.mlir ==
  match          body#[0, 1]  cudnnMaxPoolFwd_batched
  total: 1 matched / 1 bodies
",0,[],0,0,0,0,/home/arjaiswal/Polygeist/issues/aten_c_kernels/results/aten_max_pool2d/debuf.mlir,3057,8,2,2,355.3444445133209,0,69780,44.077664613723755,4,4,0,0,"[{""body_indices"": [0, 1], ""symbol"": ""cudnnMaxPoolFwd_batched""}]",1,0,0,0.0,10
aten,aten_max_pool2d,/home/arjaiswal/Polygeist/issues/aten_c_kernels/results/aten_max_pool2d/debuf.mlir,3ba30bbf22f417efc786f0db8d8ca225818a4c39302ca6b128e6a42355413233,syntactic,1,ok,0,751.8380396068096,0,"[""/usr/bin/python3"", ""/home/arjaiswal/Polygeist/scripts/correctness/kernel_match_rewrite.py"", ""/home/arjaiswal/Polygeist/issues/aten_c_kernels/results/aten_max_pool2d/debuf.mlir"", ""--dry-run"", ""--matcher-mode"", ""syntactic"", ""--telemetry-json"", ""/home/arjaiswal/Polygeist/issues/equality_saturation_eval/campaign_20260908/aten-aten_max_pool2d-syntactic-1it8j1vy.json"", ""--disable-semantic-fallback""]","== match report for /home/arjaiswal/Polygeist/issues/aten_c_kernels/results/aten_max_pool2d/debuf.mlir ==
  match          body#[0, 1]  cudnnMaxPoolFwd_batched
  total: 1 matched / 1 bodies
",0,[],0,0,0,0,/home/arjaiswal/Polygeist/issues/aten_c_kernels/results/aten_max_pool2d/debuf.mlir,3057,0,2,2,326.14002004265785,0,65776,0.06448104977607727,0,4,0,0,"[{""body_indices"": [0, 1], ""symbol"": ""cudnnMaxPoolFwd_batched""}]",1,0,10,0.0,10
aten,aten_max_pool2d,/home/arjaiswal/Polygeist/issues/aten_c_kernels/results/aten_max_pool2d/debuf.mlir,3ba30bbf22f417efc786f0db8d8ca225818a4c39302ca6b128e6a42355413233,syntactic,2,ok,0,704.2425386607647,0,"[""/usr/bin/python3"", ""/home/arjaiswal/Polygeist/scripts/correctness/kernel_match_rewrite.py"", ""/home/arjaiswal/Polygeist/issues/aten_c_kernels/results/aten_max_pool2d/debuf.mlir"", ""--dry-run"", ""--matcher-mode"", ""syntactic"", ""--telemetry-json"", ""/home/arjaiswal/Polygeist/issues/equality_saturation_eval/campaign_20260908/aten-aten_max_pool2d-syntactic-1am8hwar.json"", ""--disable-semantic-fallback""]","== match report for /home/arjaiswal/Polygeist/issues/aten_c_kernels/results/aten_max_pool2d/debuf.mlir ==
  match          body#[0, 1]  cudnnMaxPoolFwd_batched
  total: 1 matched / 1 bodies
",0,[],0,0,0,0,/home/arjaiswal/Polygeist/issues/aten_c_kernels/results/aten_max_pool2d/debuf.mlir,3057,0,2,2,278.6122150719166,0,65560,0.04828348755836487,0,4,0,0,"[{""body_indices"": [0, 1], ""symbol"": ""cudnnMaxPoolFwd_batched""}]",1,0,10,0.0,10
aten,aten_max_pool2d,/home/arjaiswal/Polygeist/issues/aten_c_kernels/results/aten_max_pool2d/debuf.mlir,3ba30bbf22f417efc786f0db8d8ca225818a4c39302ca6b128e6a42355413233,egglog,2,ok,0,795.1355464756489,0,"[""/usr/bin/python3"", ""/home/arjaiswal/Polygeist/scripts/correctness/kernel_match_rewrite.py"", ""/home/arjaiswal/Polygeist/issues/aten_c_kernels/results/aten_max_pool2d/debuf.mlir"", ""--dry-run"", ""--matcher-mode"", ""egglog"", ""--telemetry-json"", ""/home/arjaiswal/Polygeist/issues/equality_saturation_eval/campaign_20260908/aten-aten_max_pool2d-egglog-fbf65khw.json"", ""--disable-semantic-fallback""]","== match report for /home/arjaiswal/Polygeist/issues/aten_c_kernels/results/aten_max_pool2d/debuf.mlir ==
  match          body#[0, 1]  cudnnMaxPoolFwd_batched
  total: 1 matched / 1 bodies
",0,[],0,0,0,0,/home/arjaiswal/Polygeist/issues/aten_c_kernels/results/aten_max_pool2d/debuf.mlir,3057,8,2,2,346.2868966162205,0,69668,41.90058261156082,4,4,0,0,"[{""body_indices"": [0, 1], ""symbol"": ""cudnnMaxPoolFwd_batched""}]",1,0,0,0.0,10
aten,aten_max_pool2d,/home/arjaiswal/Polygeist/issues/aten_c_kernels/results/aten_max_pool2d/debuf.mlir,3ba30bbf22f417efc786f0db8d8ca225818a4c39302ca6b128e6a42355413233,egglog,3,ok,0,845.1025895774364,0,"[""/usr/bin/python3"", ""/home/arjaiswal/Polygeist/scripts/correctness/kernel_match_rewrite.py"", ""/home/arjaiswal/Polygeist/issues/aten_c_kernels/results/aten_max_pool2d/debuf.mlir"", ""--dry-run"", ""--matcher-mode"", ""egglog"", ""--telemetry-json"", ""/home/arjaiswal/Polygeist/issues/equality_saturation_eval/campaign_20260908/aten-aten_max_pool2d-egglog-mfga5kwr.json"", ""--disable-semantic-fallback""]","== match report for /home/arjaiswal/Polygeist/issues/aten_c_kernels/results/aten_max_pool2d/debuf.mlir ==
  match          body#[0, 1]  cudnnMaxPoolFwd_batched
  total: 1 matched / 1 bodies
",0,[],0,0,0,0,/home/arjaiswal/Polygeist/issues/aten_c_kernels/results/aten_max_pool2d/debuf.mlir,3057,8,2,2,362.35686391592026,0,69736,53.72157692909241,4,4,0,0,"[{""body_indices"": [0, 1], ""symbol"": ""cudnnMaxPoolFwd_batched""}]",1,0,0,0.0,10
aten,aten_max_pool2d,/home/arjaiswal/Polygeist/issues/aten_c_kernels/results/aten_max_pool2d/debuf.mlir,3ba30bbf22f417efc786f0db8d8ca225818a4c39302ca6b128e6a42355413233,syntactic,3,ok,0,722.2116850316525,0,"[""/usr/bin/python3"", ""/home/arjaiswal/Polygeist/scripts/correctness/kernel_match_rewrite.py"", ""/home/arjaiswal/Polygeist/issues/aten_c_kernels/results/aten_max_pool2d/debuf.mlir"", ""--dry-run"", ""--matcher-mode"", ""syntactic"", ""--telemetry-json"", ""/home/arjaiswal/Polygeist/issues/equality_saturation_eval/campaign_20260908/aten-aten_max_pool2d-syntactic-a8osfpxq.json"", ""--disable-semantic-fallback""]","== match report for /home/arjaiswal/Polygeist/issues/aten_c_kernels/results/aten_max_pool2d/debuf.mlir ==
  match          body#[0, 1]  cudnnMaxPoolFwd_batched
  total: 1 matched / 1 bodies
",0,[],0,0,0,0,/home/arjaiswal/Polygeist/issues/aten_c_kernels/results/aten_max_pool2d/debuf.mlir,3057,0,2,2,298.80908876657486,0,65680,0.05022808909416199,0,4,0,0,"[{""body_indices"": [0, 1], ""symbol"": ""cudnnMaxPoolFwd_batched""}]",1,0,10,0.0,10
aten,aten_max_pool2d,/home/arjaiswal/Polygeist/issues/aten_c_kernels/results/aten_max_pool2d/debuf.mlir,3ba30bbf22f417efc786f0db8d8ca225818a4c39302ca6b128e6a42355413233,syntactic,4,ok,0,717.9073914885521,0,"[""/usr/bin/python3"", ""/home/arjaiswal/Polygeist/scripts/correctness/kernel_match_rewrite.py"", ""/home/arjaiswal/Polygeist/issues/aten_c_kernels/results/aten_max_pool2d/debuf.mlir"", ""--dry-run"", ""--matcher-mode"", ""syntactic"", ""--telemetry-json"", ""/home/arjaiswal/Polygeist/issues/equality_saturation_eval/campaign_20260908/aten-aten_max_pool2d-syntactic-l5qx_l0w.json"", ""--disable-semantic-fallback""]","== match report for /home/arjaiswal/Polygeist/issues/aten_c_kernels/results/aten_max_pool2d/debuf.mlir ==
  match          body#[0, 1]  cudnnMaxPoolFwd_batched
  total: 1 matched / 1 bodies
",0,[],0,0,0,0,/home/arjaiswal/Polygeist/issues/aten_c_kernels/results/aten_max_pool2d/debuf.mlir,3057,0,2,2,293.5183756053448,0,65700,0.04684925079345703,0,4,0,0,"[{""body_indices"": [0, 1], ""symbol"": ""cudnnMaxPoolFwd_batched""}]",1,0,10,0.0,10
aten,aten_max_pool2d,/home/arjaiswal/Polygeist/issues/aten_c_kernels/results/aten_max_pool2d/debuf.mlir,3ba30bbf22f417efc786f0db8d8ca225818a4c39302ca6b128e6a42355413233,egglog,4,ok,0,795.8463989198208,0,"[""/usr/bin/python3"", ""/home/arjaiswal/Polygeist/scripts/correctness/kernel_match_rewrite.py"", ""/home/arjaiswal/Polygeist/issues/aten_c_kernels/results/aten_max_pool2d/debuf.mlir"", ""--dry-run"", ""--matcher-mode"", ""egglog"", ""--telemetry-json"", ""/home/arjaiswal/Polygeist/issues/equality_saturation_eval/campaign_20260908/aten-aten_max_pool2d-egglog-hrxod80c.json"", ""--disable-semantic-fallback""]","== match report for /home/arjaiswal/Polygeist/issues/aten_c_kernels/results/aten_max_pool2d/debuf.mlir ==
  match          body#[0, 1]  cudnnMaxPoolFwd_batched
  total: 1 matched / 1 bodies
",0,[],0,0,0,0,/home/arjaiswal/Polygeist/issues/aten_c_kernels/results/aten_max_pool2d/debuf.mlir,3057,8,2,2,355.9728227555752,0,69300,50.192393362522125,4,4,0,0,"[{""body_indices"": [0, 1], ""symbol"": ""cudnnMaxPoolFwd_batched""}]",1,0,0,0.0,10
aten,aten_max_pool2d,/home/arjaiswal/Polygeist/issues/aten_c_kernels/results/aten_max_pool2d/debuf.mlir,3ba30bbf22f417efc786f0db8d8ca225818a4c39302ca6b128e6a42355413233,egglog,5,ok,0,804.8231340944767,0,"[""/usr/bin/python3"", ""/home/arjaiswal/Polygeist/scripts/correctness/kernel_match_rewrite.py"", ""/home/arjaiswal/Polygeist/issues/aten_c_kernels/results/aten_max_pool2d/debuf.mlir"", ""--dry-run"", ""--matcher-mode"", ""egglog"", ""--telemetry-json"", ""/home/arjaiswal/Polygeist/issues/equality_saturation_eval/campaign_20260908/aten-aten_max_pool2d-egglog-1znr0or0.json"", ""--disable-semantic-fallback""]","== match report for /home/arjaiswal/Polygeist/issues/aten_c_kernels/results/aten_max_pool2d/debuf.mlir ==
  match          body#[0, 1]  cudnnMaxPoolFwd_batched
  total: 1 matched / 1 bodies
",0,[],0,0,0,0,/home/arjaiswal/Polygeist/issues/aten_c_kernels/results/aten_max_pool2d/debuf.mlir,3057,8,2,2,400.4853740334511,0,69236,40.161892771720886,4,4,0,0,"[{""body_indices"": [0, 1], ""symbol"": ""cudnnMaxPoolFwd_batched""}]",1,0,0,0.0,10
aten,aten_max_pool2d,/home/arjaiswal/Polygeist/issues/aten_c_kernels/results/aten_max_pool2d/debuf.mlir,3ba30bbf22f417efc786f0db8d8ca225818a4c39302ca6b128e6a42355413233,syntactic,5,ok,0,734.534103423357,0,"[""/usr/bin/python3"", ""/home/arjaiswal/Polygeist/scripts/correctness/kernel_match_rewrite.py"", ""/home/arjaiswal/Polygeist/issues/aten_c_kernels/results/aten_max_pool2d/debuf.mlir"", ""--dry-run"", ""--matcher-mode"", ""syntactic"", ""--telemetry-json"", ""/home/arjaiswal/Polygeist/issues/equality_saturation_eval/campaign_20260908/aten-aten_max_pool2d-syntactic-jfalc51t.json"", ""--disable-semantic-fallback""]","== match report for /home/arjaiswal/Polygeist/issues/aten_c_kernels/results/aten_max_pool2d/debuf.mlir ==
  match          body#[0, 1]  cudnnMaxPoolFwd_batched
  total: 1 matched / 1 bodies
",0,[],0,0,0,0,/home/arjaiswal/Polygeist/issues/aten_c_kernels/results/aten_max_pool2d/debuf.mlir,3057,0,2,2,287.44086623191833,0,65528,0.0479966402053833,0,4,0,0,"[{""body_indices"": [0, 1], ""symbol"": ""cudnnMaxPoolFwd_batched""}]",1,0,10,0.0,10
aten,aten_max_pool3d_backward_cpu,/home/arjaiswal/Polygeist/issues/aten_c_kernels/results/aten_max_pool3d_backward_cpu/debuf.mlir,a8449cb26450d9064e3c50968254b4e4dc609265ff268c60758573224f5bf46c,syntactic,1,ok,0,718.9906127750874,0,"[""/usr/bin/python3"", ""/home/arjaiswal/Polygeist/scripts/correctness/kernel_match_rewrite.py"", ""/home/arjaiswal/Polygeist/issues/aten_c_kernels/results/aten_max_pool3d_backward_cpu/debuf.mlir"", ""--dry-run"", ""--matcher-mode"", ""syntactic"", ""--telemetry-json"", ""/home/arjaiswal/Polygeist/issues/equality_saturation_eval/campaign_20260908/aten-aten_max_pool3d_backward_cpu-syntactic-xvhp1agh.json"", ""--disable-semantic-fallback""]","== match report for /home/arjaiswal/Polygeist/issues/aten_c_kernels/results/aten_max_pool3d_backward_cpu/debuf.mlir ==
  match          body#[0]  memset_zero_1D_f32
  total: 1 matched / 1 bodies
",0,[],0,0,0,0,/home/arjaiswal/Polygeist/issues/aten_c_kernels/results/aten_max_pool3d_backward_cpu/debuf.mlir,3154,0,1,1,281.05972707271576,0,64428,0.016763806343078613,0,2,0,0,"[{""body_indices"": [0], ""symbol"": ""memset_zero_1D_f32""}]",1,0,4,0.0,4
aten,aten_max_pool3d_backward_cpu,/home/arjaiswal/Polygeist/issues/aten_c_kernels/results/aten_max_pool3d_backward_cpu/debuf.mlir,a8449cb26450d9064e3c50968254b4e4dc609265ff268c60758573224f5bf46c,egglog,1,ok,0,730.1338128745556,0,"[""/usr/bin/python3"", ""/home/arjaiswal/Polygeist/scripts/correctness/kernel_match_rewrite.py"", ""/home/arjaiswal/Polygeist/issues/aten_c_kernels/results/aten_max_pool3d_backward_cpu/debuf.mlir"", ""--dry-run"", ""--matcher-mode"", ""egglog"", ""--telemetry-json"", ""/home/arjaiswal/Polygeist/issues/equality_saturation_eval/campaign_20260908/aten-aten_max_pool3d_backward_cpu-egglog-ctwvla4y.json"", ""--disable-semantic-fallback""]","== match report for /home/arjaiswal/Polygeist/issues/aten_c_kernels/results/aten_max_pool3d_backward_cpu/debuf.mlir ==
  match          body#[0]  memset_zero_1D_f32
  total: 1 matched / 1 bodies
",0,[],0,0,0,0,/home/arjaiswal/Polygeist/issues/aten_c_kernels/results/aten_max_pool3d_backward_cpu/debuf.mlir,3154,8,1,1,292.0624539256096,0,69372,21.901831030845642,2,2,0,0,"[{""body_indices"": [0], ""symbol"": ""memset_zero_1D_f32""}]",1,0,0,0.0,4
aten,aten_max_pool3d_backward_cpu,/home/arjaiswal/Polygeist/issues/aten_c_kernels/results/aten_max_pool3d_backward_cpu/debuf.mlir,a8449cb26450d9064e3c50968254b4e4dc609265ff268c60758573224f5bf46c,egglog,2,ok,0,727.4331450462341,0,"[""/usr/bin/python3"", ""/home/arjaiswal/Polygeist/scripts/correctness/kernel_match_rewrite.py"", ""/home/arjaiswal/Polygeist/issues/aten_c_kernels/results/aten_max_pool3d_backward_cpu/debuf.mlir"", ""--dry-run"", ""--matcher-mode"", ""egglog"", ""--telemetry-json"", ""/home/arjaiswal/Polygeist/issues/equality_saturation_eval/campaign_20260908/aten-aten_max_pool3d_backward_cpu-egglog-qy0sp77b.json"", ""--disable-semantic-fallback""]","== match report for /home/arjaiswal/Polygeist/issues/aten_c_kernels/results/aten_max_pool3d_backward_cpu/debuf.mlir ==
  match          body#[0]  memset_zero_1D_f32
  total: 1 matched / 1 bodies
",0,[],0,0,0,0,/home/arjaiswal/Polygeist/issues/aten_c_kernels/results/aten_max_pool3d_backward_cpu/debuf.mlir,3154,8,1,1,294.8419898748398,0,69188,21.12281695008278,2,2,0,0,"[{""body_indices"": [0], ""symbol"": ""memset_zero_1D_f32""}]",1,0,0,0.0,4
aten,aten_max_pool3d_backward_cpu,/home/arjaiswal/Polygeist/issues/aten_c_kernels/results/aten_max_pool3d_backward_cpu/debuf.mlir,a8449cb26450d9064e3c50968254b4e4dc609265ff268c60758573224f5bf46c,syntactic,2,ok,0,703.6817632615566,0,"[""/usr/bin/python3"", ""/home/arjaiswal/Polygeist/scripts/correctness/kernel_match_rewrite.py"", ""/home/arjaiswal/Polygeist/issues/aten_c_kernels/results/aten_max_pool3d_backward_cpu/debuf.mlir"", ""--dry-run"", ""--matcher-mode"", ""syntactic"", ""--telemetry-json"", ""/home/arjaiswal/Polygeist/issues/equality_saturation_eval/campaign_20260908/aten-aten_max_pool3d_backward_cpu-syntactic-lyqmci0n.json"", ""--disable-semantic-fallback""]","== match report for /home/arjaiswal/Polygeist/issues/aten_c_kernels/results/aten_max_pool3d_backward_cpu/debuf.mlir ==
  match          body#[0]  memset_zero_1D_f32
  total: 1 matched / 1 bodies
",0,[],0,0,0,0,/home/arjaiswal/Polygeist/issues/aten_c_kernels/results/aten_max_pool3d_backward_cpu/debuf.mlir,3154,0,1,1,282.36211091279984,0,64456,0.01603737473487854,0,2,0,0,"[{""body_indices"": [0], ""symbol"": ""memset_zero_1D_f32""}]",1,0,4,0.0,4
aten,aten_max_pool3d_backward_cpu,/home/arjaiswal/Polygeist/issues/aten_c_kernels/results/aten_max_pool3d_backward_cpu/debuf.mlir,a8449cb26450d9064e3c50968254b4e4dc609265ff268c60758573224f5bf46c,syntactic,3,ok,0,717.7807204425335,0,"[""/usr/bin/python3"", ""/home/arjaiswal/Polygeist/scripts/correctness/kernel_match_rewrite.py"", ""/home/arjaiswal/Polygeist/issues/aten_c_kernels/results/aten_max_pool3d_backward_cpu/debuf.mlir"", ""--dry-run"", ""--matcher-mode"", ""syntactic"", ""--telemetry-json"", ""/home/arjaiswal/Polygeist/issues/equality_saturation_eval/campaign_20260908/aten-aten_max_pool3d_backward_cpu-syntactic-y3owj0t8.json"", ""--disable-semantic-fallback""]","== match report for /home/arjaiswal/Polygeist/issues/aten_c_kernels/results/aten_max_pool3d_backward_cpu/debuf.mlir ==
  match          body#[0]  memset_zero_1D_f32
  total: 1 matched / 1 bodies
",0,[],0,0,0,0,/home/arjaiswal/Polygeist/issues/aten_c_kernels/results/aten_max_pool3d_backward_cpu/debuf.mlir,3154,0,1,1,267.42568239569664,0,64624,0.016245990991592407,0,2,0,0,"[{""body_indices"": [0], ""symbol"": ""memset_zero_1D_f32""}]",1,0,4,0.0,4
aten,aten_max_pool3d_backward_cpu,/home/arjaiswal/Polygeist/issues/aten_c_kernels/results/aten_max_pool3d_backward_cpu/debuf.mlir,a8449cb26450d9064e3c50968254b4e4dc609265ff268c60758573224f5bf46c,egglog,3,ok,0,716.8797738850117,0,"[""/usr/bin/python3"", ""/home/arjaiswal/Polygeist/scripts/correctness/kernel_match_rewrite.py"", ""/home/arjaiswal/Polygeist/issues/aten_c_kernels/results/aten_max_pool3d_backward_cpu/debuf.mlir"", ""--dry-run"", ""--matcher-mode"", ""egglog"", ""--telemetry-json"", ""/home/arjaiswal/Polygeist/issues/equality_saturation_eval/campaign_20260908/aten-aten_max_pool3d_backward_cpu-egglog-8of824_5.json"", ""--disable-semantic-fallback""]","== match report for /home/arjaiswal/Polygeist/issues/aten_c_kernels/results/aten_max_pool3d_backward_cpu/debuf.mlir ==
  match          body#[0]  memset_zero_1D_f32
  total: 1 matched / 1 bodies
",0,[],0,0,0,0,/home/arjaiswal/Polygeist/issues/aten_c_kernels/results/aten_max_pool3d_backward_cpu/debuf.mlir,3154,8,1,1,295.76266929507256,0,69392,20.90590074658394,2,2,0,0,"[{""body_indices"": [0], ""symbol"": ""memset_zero_1D_f32""}]",1,0,0,0.0,4
aten,aten_max_pool3d_backward_cpu,/home/arjaiswal/Polygeist/issues/aten_c_kernels/results/aten_max_pool3d_backward_cpu/debuf.mlir,a8449cb26450d9064e3c50968254b4e4dc609265ff268c60758573224f5bf46c,egglog,4,ok,0,749.452743679285,0,"[""/usr/bin/python3"", ""/home/arjaiswal/Polygeist/scripts/correctness/kernel_match_rewrite.py"", ""/home/arjaiswal/Polygeist/issues/aten_c_kernels/results/aten_max_pool3d_backward_cpu/debuf.mlir"", ""--dry-run"", ""--matcher-mode"", ""egglog"", ""--telemetry-json"", ""/home/arjaiswal/Polygeist/issues/equality_saturation_eval/campaign_20260908/aten-aten_max_pool3d_backward_cpu-egglog-4k00t2gi.json"", ""--disable-semantic-fallback""]","== match report for /home/arjaiswal/Polygeist/issues/aten_c_kernels/results/aten_max_pool3d_backward_cpu/debuf.mlir ==
  match          body#[0]  memset_zero_1D_f32
  total: 1 matched / 1 bodies
",0,[],0,0,0,0,/home/arjaiswal/Polygeist/issues/aten_c_kernels/results/aten_max_pool3d_backward_cpu/debuf.mlir,3154,8,1,1,322.6645328104496,0,69424,22.349495440721512,2,2,0,0,"[{""body_indices"": [0], ""symbol"": ""memset_zero_1D_f32""}]",1,0,0,0.0,4
aten,aten_max_pool3d_backward_cpu,/home/arjaiswal/Polygeist/issues/aten_c_kernels/results/aten_max_pool3d_backward_cpu/debuf.mlir,a8449cb26450d9064e3c50968254b4e4dc609265ff268c60758573224f5bf46c,syntactic,4,ok,0,692.5285570323467,0,"[""/usr/bin/python3"", ""/home/arjaiswal/Polygeist/scripts/correctness/kernel_match_rewrite.py"", ""/home/arjaiswal/Polygeist/issues/aten_c_kernels/results/aten_max_pool3d_backward_cpu/debuf.mlir"", ""--dry-run"", ""--matcher-mode"", ""syntactic"", ""--telemetry-json"", ""/home/arjaiswal/Polygeist/issues/equality_saturation_eval/campaign_20260908/aten-aten_max_pool3d_backward_cpu-syntactic-25qes6s5.json"", ""--disable-semantic-fallback""]","== match report for /home/arjaiswal/Polygeist/issues/aten_c_kernels/results/aten_max_pool3d_backward_cpu/debuf.mlir ==
  match          body#[0]  memset_zero_1D_f32
  total: 1 matched / 1 bodies
",0,[],0,0,0,0,/home/arjaiswal/Polygeist/issues/aten_c_kernels/results/aten_max_pool3d_backward_cpu/debuf.mlir,3154,0,1,1,275.98005160689354,0,64984,0.016711652278900146,0,2,0,0,"[{""body_indices"": [0], ""symbol"": ""memset_zero_1D_f32""}]",1,0,4,0.0,4
aten,aten_max_pool3d_backward_cpu,/home/arjaiswal/Polygeist/issues/aten_c_kernels/results/aten_max_pool3d_backward_cpu/debuf.mlir,a8449cb26450d9064e3c50968254b4e4dc609265ff268c60758573224f5bf46c,syntactic,5,ok,0,670.7666963338852,0,"[""/usr/bin/python3"", ""/home/arjaiswal/Polygeist/scripts/correctness/kernel_match_rewrite.py"", ""/home/arjaiswal/Polygeist/issues/aten_c_kernels/results/aten_max_pool3d_backward_cpu/debuf.mlir"", ""--dry-run"", ""--matcher-mode"", ""syntactic"", ""--telemetry-json"", ""/home/arjaiswal/Polygeist/issues/equality_saturation_eval/campaign_20260908/aten-aten_max_pool3d_backward_cpu-syntactic-xk2sg6f4.json"", ""--disable-semantic-fallback""]","== match report for /home/arjaiswal/Polygeist/issues/aten_c_kernels/results/aten_max_pool3d_backward_cpu/debuf.mlir ==
  match          body#[0]  memset_zero_1D_f32
  total: 1 matched / 1 bodies
",0,[],0,0,0,0,/home/arjaiswal/Polygeist/issues/aten_c_kernels/results/aten_max_pool3d_backward_cpu/debuf.mlir,3154,0,1,1,263.0045600235462,0,64920,0.016201287508010864,0,2,0,0,"[{""body_indices"": [0], ""symbol"": ""memset_zero_1D_f32""}]",1,0,4,0.0,4
aten,aten_max_pool3d_backward_cpu,/home/arjaiswal/Polygeist/issues/aten_c_kernels/results/aten_max_pool3d_backward_cpu/debuf.mlir,a8449cb26450d9064e3c50968254b4e4dc609265ff268c60758573224f5bf46c,egglog,5,ok,0,722.7806746959686,0,"[""/usr/bin/python3"", ""/home/arjaiswal/Polygeist/scripts/correctness/kernel_match_rewrite.py"", ""/home/arjaiswal/Polygeist/issues/aten_c_kernels/results/aten_max_pool3d_backward_cpu/debuf.mlir"", ""--dry-run"", ""--matcher-mode"", ""egglog"", ""--telemetry-json"", ""/home/arjaiswal/Polygeist/issues/equality_saturation_eval/campaign_20260908/aten-aten_max_pool3d_backward_cpu-egglog-zonvbdy6.json"", ""--disable-semantic-fallback""]","== match report for /home/arjaiswal/Polygeist/issues/aten_c_kernels/results/aten_max_pool3d_backward_cpu/debuf.mlir ==
  match          body#[0]  memset_zero_1D_f32
  total: 1 matched / 1 bodies
",0,[],0,0,0,0,/home/arjaiswal/Polygeist/issues/aten_c_kernels/results/aten_max_pool3d_backward_cpu/debuf.mlir,3154,8,1,1,293.7139458954334,0,69464,21.97348326444626,2,2,0,0,"[{""body_indices"": [0], ""symbol"": ""memset_zero_1D_f32""}]",1,0,0,0.0,4
aten,aten_max_pool3d_cpu,/home/arjaiswal/Polygeist/issues/aten_c_kernels/results/aten_max_pool3d_cpu/debuf.mlir,543edf69b1ac17c215253193ad33284c8e114afc1be95b6bb5dff0f8b6c56c1b,egglog,1,ok,0,914.4590087234974,0,"[""/usr/bin/python3"", ""/home/arjaiswal/Polygeist/scripts/correctness/kernel_match_rewrite.py"", ""/home/arjaiswal/Polygeist/issues/aten_c_kernels/results/aten_max_pool3d_cpu/debuf.mlir"", ""--dry-run"", ""--matcher-mode"", ""egglog"", ""--telemetry-json"", ""/home/arjaiswal/Polygeist/issues/equality_saturation_eval/campaign_20260908/aten-aten_max_pool3d_cpu-egglog-1udi_mot.json"", ""--disable-semantic-fallback""]","== match report for /home/arjaiswal/Polygeist/issues/aten_c_kernels/results/aten_max_pool3d_cpu/debuf.mlir ==
  copy_layout_reject body#0  cublasDcopy_tensor
  copy_layout_reject body#1  cublasDcopy_tensor
  total: 0 matched / 2 bodies
",0,[],0,0,0,0,/home/arjaiswal/Polygeist/issues/aten_c_kernels/results/aten_max_pool3d_cpu/debuf.mlir,3709,8,2,0,494.2561127245426,0,69676,83.83721858263016,8,8,0,0,[],0,0,0,0.0,60
aten,aten_max_pool3d_cpu,/home/arjaiswal/Polygeist/issues/aten_c_kernels/results/aten_max_pool3d_cpu/debuf.mlir,543edf69b1ac17c215253193ad33284c8e114afc1be95b6bb5dff0f8b6c56c1b,syntactic,1,ok,0,841.0394266247749,0,"[""/usr/bin/python3"", ""/home/arjaiswal/Polygeist/scripts/correctness/kernel_match_rewrite.py"", ""/home/arjaiswal/Polygeist/issues/aten_c_kernels/results/aten_max_pool3d_cpu/debuf.mlir"", ""--dry-run"", ""--matcher-mode"", ""syntactic"", ""--telemetry-json"", ""/home/arjaiswal/Polygeist/issues/equality_saturation_eval/campaign_20260908/aten-aten_max_pool3d_cpu-syntactic-coy_icpb.json"", ""--disable-semantic-fallback""]","== match report for /home/arjaiswal/Polygeist/issues/aten_c_kernels/results/aten_max_pool3d_cpu/debuf.mlir ==
  copy_layout_reject body#0  cublasDcopy_tensor
  copy_layout_reject body#1  cublasDcopy_tensor
  total: 0 matched / 2 bodies
",0,[],0,0,0,0,/home/arjaiswal/Polygeist/issues/aten_c_kernels/results/aten_max_pool3d_cpu/debuf.mlir,3709,0,2,0,420.0589396059513,0,65644,0.19699335098266602,0,8,0,0,[],0,0,60,0.0,60
aten,aten_max_pool3d_cpu,/home/arjaiswal/Polygeist/issues/aten_c_kernels/results/aten_max_pool3d_cpu/debuf.mlir,543edf69b1ac17c215253193ad33284c8e114afc1be95b6bb5dff0f8b6c56c1b,syntactic,2,ok,0,844.3096205592155,0,"[""/usr/bin/python3"", ""/home/arjaiswal/Polygeist/scripts/correctness/kernel_match_rewrite.py"", ""/home/arjaiswal/Polygeist/issues/aten_c_kernels/results/aten_max_pool3d_cpu/debuf.mlir"", ""--dry-run"", ""--matcher-mode"", ""syntactic"", ""--telemetry-json"", ""/home/arjaiswal/Polygeist/issues/equality_saturation_eval/campaign_20260908/aten-aten_max_pool3d_cpu-syntactic-9yvuo7z4.json"", ""--disable-semantic-fallback""]","== match report for /home/arjaiswal/Polygeist/issues/aten_c_kernels/results/aten_max_pool3d_cpu/debuf.mlir ==
  copy_layout_reject body#0  cublasDcopy_tensor
  copy_layout_reject body#1  cublasDcopy_tensor
  total: 0 matched / 2 bodies
",0,[],0,0,0,0,/home/arjaiswal/Polygeist/issues/aten_c_kernels/results/aten_max_pool3d_cpu/debuf.mlir,3709,0,2,0,421.4704558253288,0,65532,0.14303997159004211,0,8,0,0,[],0,0,60,0.0,60
aten,aten_max_pool3d_cpu,/home/arjaiswal/Polygeist/issues/aten_c_kernels/results/aten_max_pool3d_cpu/debuf.mlir,543edf69b1ac17c215253193ad33284c8e114afc1be95b6bb5dff0f8b6c56c1b,egglog,2,ok,0,929.850772023201,0,"[""/usr/bin/python3"", ""/home/arjaiswal/Polygeist/scripts/correctness/kernel_match_rewrite.py"", ""/home/arjaiswal/Polygeist/issues/aten_c_kernels/results/aten_max_pool3d_cpu/debuf.mlir"", ""--dry-run"", ""--matcher-mode"", ""egglog"", ""--telemetry-json"", ""/home/arjaiswal/Polygeist/issues/equality_saturation_eval/campaign_20260908/aten-aten_max_pool3d_cpu-egglog-wg_cw21x.json"", ""--disable-semantic-fallback""]","== match report for /home/arjaiswal/Polygeist/issues/aten_c_kernels/results/aten_max_pool3d_cpu/debuf.mlir ==
  copy_layout_reject body#0  cublasDcopy_tensor
  copy_layout_reject body#1  cublasDcopy_tensor
  total: 0 matched / 2 bodies
",0,[],0,0,0,0,/home/arjaiswal/Polygeist/issues/aten_c_kernels/results/aten_max_pool3d_cpu/debuf.mlir,3709,8,2,0,510.2739669382572,0,69716,84.8374255001545,8,8,0,0,[],0,0,0,0.0,60
aten,aten_max_pool3d_cpu,/home/arjaiswal/Polygeist/issues/aten_c_kernels/results/aten_max_pool3d_cpu/debuf.mlir,543edf69b1ac17c215253193ad33284c8e114afc1be95b6bb5dff0f8b6c56c1b,egglog,3,ok,0,913.4780429303646,0,"[""/usr/bin/python3"", ""/home/arjaiswal/Polygeist/scripts/correctness/kernel_match_rewrite.py"", ""/home/arjaiswal/Polygeist/issues/aten_c_kernels/results/aten_max_pool3d_cpu/debuf.mlir"", ""--dry-run"", ""--matcher-mode"", ""egglog"", ""--telemetry-json"", ""/home/arjaiswal/Polygeist/issues/equality_saturation_eval/campaign_20260908/aten-aten_max_pool3d_cpu-egglog-bvao_57l.json"", ""--disable-semantic-fallback""]","== match report for /home/arjaiswal/Polygeist/issues/aten_c_kernels/results/aten_max_pool3d_cpu/debuf.mlir ==
  copy_layout_reject body#0  cublasDcopy_tensor
  copy_layout_reject body#1  cublasDcopy_tensor
  total: 0 matched / 2 bodies
",0,[],0,0,0,0,/home/arjaiswal/Polygeist/issues/aten_c_kernels/results/aten_max_pool3d_cpu/debuf.mlir,3709,8,2,0,497.8201799094677,0,69700,82.79811963438988,8,8,0,0,[],0,0,0,0.0,60
aten,aten_max_pool3d_cpu,/home/arjaiswal/Polygeist/issues/aten_c_kernels/results/aten_max_pool3d_cpu/debuf.mlir,543edf69b1ac17c215253193ad33284c8e114afc1be95b6bb5dff0f8b6c56c1b,syntactic,3,ok,0,833.079881966114,0,"[""/usr/bin/python3"", ""/home/arjaiswal/Polygeist/scripts/correctness/kernel_match_rewrite.py"", ""/home/arjaiswal/Polygeist/issues/aten_c_kernels/results/aten_max_pool3d_cpu/debuf.mlir"", ""--dry-run"", ""--matcher-mode"", ""syntactic"", ""--telemetry-json"", ""/home/arjaiswal/Polygeist/issues/equality_saturation_eval/campaign_20260908/aten-aten_max_pool3d_cpu-syntactic-f2ugiu_u.json"", ""--disable-semantic-fallback""]","== match report for /home/arjaiswal/Polygeist/issues/aten_c_kernels/results/aten_max_pool3d_cpu/debuf.mlir ==
  copy_layout_reject body#0  cublasDcopy_tensor
  copy_layout_reject body#1  cublasDcopy_tensor
  total: 0 matched / 2 bodies
",0,[],0,0,0,0,/home/arjaiswal/Polygeist/issues/aten_c_kernels/results/aten_max_pool3d_cpu/debuf.mlir,3709,0,2,0,414.08293694257736,0,65632,0.18571317195892334,0,8,0,0,[],0,0,60,0.0,60
aten,aten_max_pool3d_cpu,/home/arjaiswal/Polygeist/issues/aten_c_kernels/results/aten_max_pool3d_cpu/debuf.mlir,543edf69b1ac17c215253193ad33284c8e114afc1be95b6bb5dff0f8b6c56c1b,syntactic,4,ok,0,807.8389875590801,0,"[""/usr/bin/python3"", ""/home/arjaiswal/Polygeist/scripts/correctness/kernel_match_rewrite.py"", ""/home/arjaiswal/Polygeist/issues/aten_c_kernels/results/aten_max_pool3d_cpu/debuf.mlir"", ""--dry-run"", ""--matcher-mode"", ""syntactic"", ""--telemetry-json"", ""/home/arjaiswal/Polygeist/issues/equality_saturation_eval/campaign_20260908/aten-aten_max_pool3d_cpu-syntactic-n61_85pa.json"", ""--disable-semantic-fallback""]","== match report for /home/arjaiswal/Polygeist/issues/aten_c_kernels/results/aten_max_pool3d_cpu/debuf.mlir ==
  copy_layout_reject body#0  cublasDcopy_tensor
  copy_layout_reject body#1  cublasDcopy_tensor
  total: 0 matched / 2 bodies
",0,[],0,0,0,0,/home/arjaiswal/Polygeist/issues/aten_c_kernels/results/aten_max_pool3d_cpu/debuf.mlir,3709,0,2,0,396.97717875242233,0,65600,0.14194846153259277,0,8,0,0,[],0,0,60,0.0,60
aten,aten_max_pool3d_cpu,/home/arjaiswal/Polygeist/issues/aten_c_kernels/results/aten_max_pool3d_cpu/debuf.mlir,543edf69b1ac17c215253193ad33284c8e114afc1be95b6bb5dff0f8b6c56c1b,egglog,4,ok,0,957.892581820488,0,"[""/usr/bin/python3"", ""/home/arjaiswal/Polygeist/scripts/correctness/kernel_match_rewrite.py"", ""/home/arjaiswal/Polygeist/issues/aten_c_kernels/results/aten_max_pool3d_cpu/debuf.mlir"", ""--dry-run"", ""--matcher-mode"", ""egglog"", ""--telemetry-json"", ""/home/arjaiswal/Polygeist/issues/equality_saturation_eval/campaign_20260908/aten-aten_max_pool3d_cpu-egglog-73npujc_.json"", ""--disable-semantic-fallback""]","== match report for /home/arjaiswal/Polygeist/issues/aten_c_kernels/results/aten_max_pool3d_cpu/debuf.mlir ==
  copy_layout_reject body#0  cublasDcopy_tensor
  copy_layout_reject body#1  cublasDcopy_tensor
  total: 0 matched / 2 bodies
",0,[],0,0,0,0,/home/arjaiswal/Polygeist/issues/aten_c_kernels/results/aten_max_pool3d_cpu/debuf.mlir,3709,8,2,0,516.5373235940933,0,69824,86.07140183448792,8,8,0,0,[],0,0,0,0.0,60
aten,aten_max_pool3d_cpu,/home/arjaiswal/Polygeist/issues/aten_c_kernels/results/aten_max_pool3d_cpu/debuf.mlir,543edf69b1ac17c215253193ad33284c8e114afc1be95b6bb5dff0f8b6c56c1b,egglog,5,ok,0,1033.9309088885784,0,"[""/usr/bin/python3"", ""/home/arjaiswal/Polygeist/scripts/correctness/kernel_match_rewrite.py"", ""/home/arjaiswal/Polygeist/issues/aten_c_kernels/results/aten_max_pool3d_cpu/debuf.mlir"", ""--dry-run"", ""--matcher-mode"", ""egglog"", ""--telemetry-json"", ""/home/arjaiswal/Polygeist/issues/equality_saturation_eval/campaign_20260908/aten-aten_max_pool3d_cpu-egglog-segsxue_.json"", ""--disable-semantic-fallback""]","== match report for /home/arjaiswal/Polygeist/issues/aten_c_kernels/results/aten_max_pool3d_cpu/debuf.mlir ==
  copy_layout_reject body#0  cublasDcopy_tensor
  copy_layout_reject body#1  cublasDcopy_tensor
  total: 0 matched / 2 bodies
",0,[],0,0,0,0,/home/arjaiswal/Polygeist/issues/aten_c_kernels/results/aten_max_pool3d_cpu/debuf.mlir,3709,8,2,0,579.9622945487499,0,69820,99.60909932851791,8,8,0,0,[],0,0,0,0.0,60
aten,aten_max_pool3d_cpu,/home/arjaiswal/Polygeist/issues/aten_c_kernels/results/aten_max_pool3d_cpu/debuf.mlir,543edf69b1ac17c215253193ad33284c8e114afc1be95b6bb5dff0f8b6c56c1b,syntactic,5,ok,0,845.8996266126633,0,"[""/usr/bin/python3"", ""/home/arjaiswal/Polygeist/scripts/correctness/kernel_match_rewrite.py"", ""/home/arjaiswal/Polygeist/issues/aten_c_kernels/results/aten_max_pool3d_cpu/debuf.mlir"", ""--dry-run"", ""--matcher-mode"", ""syntactic"", ""--telemetry-json"", ""/home/arjaiswal/Polygeist/issues/equality_saturation_eval/campaign_20260908/aten-aten_max_pool3d_cpu-syntactic-o19fed4q.json"", ""--disable-semantic-fallback""]","== match report for /home/arjaiswal/Polygeist/issues/aten_c_kernels/results/aten_max_pool3d_cpu/debuf.mlir ==
  copy_layout_reject body#0  cublasDcopy_tensor
  copy_layout_reject body#1  cublasDcopy_tensor
  total: 0 matched / 2 bodies
",0,[],0,0,0,0,/home/arjaiswal/Polygeist/issues/aten_c_kernels/results/aten_max_pool3d_cpu/debuf.mlir,3709,0,2,0,410.2146290242672,0,65628,0.1394227147102356,0,8,0,0,[],0,0,60,0.0,60
aten,aten_max_reduce_cpu,/home/arjaiswal/Polygeist/issues/aten_c_kernels/results/aten_max_reduce_cpu/debuf.mlir,6306036f04655e7abc1223fc1e370f6e0bdbfda5cc1cdb9718602bca2bf039dc,syntactic,1,ok,0,723.2152372598648,0,"[""/usr/bin/python3"", ""/home/arjaiswal/Polygeist/scripts/correctness/kernel_match_rewrite.py"", ""/home/arjaiswal/Polygeist/issues/aten_c_kernels/results/aten_max_reduce_cpu/debuf.mlir"", ""--dry-run"", ""--matcher-mode"", ""syntactic"", ""--telemetry-json"", ""/home/arjaiswal/Polygeist/issues/equality_saturation_eval/campaign_20260908/aten-aten_max_reduce_cpu-syntactic-rur56hle.json"", ""--disable-semantic-fallback""]","== match report for /home/arjaiswal/Polygeist/issues/aten_c_kernels/results/aten_max_reduce_cpu/debuf.mlir ==
  match          body#[0]  cudnnReduceMax_f32
  total: 1 matched / 1 bodies
",0,[],0,0,0,0,/home/arjaiswal/Polygeist/issues/aten_c_kernels/results/aten_max_reduce_cpu/debuf.mlir,2444,0,1,1,293.629202991724,0,65584,0.04431605339050293,0,2,0,0,"[{""body_indices"": [0], ""symbol"": ""cudnnReduceMax_f32""}]",1,0,6,0.0,6
aten,aten_max_reduce_cpu,/home/arjaiswal/Polygeist/issues/aten_c_kernels/results/aten_max_reduce_cpu/debuf.mlir,6306036f04655e7abc1223fc1e370f6e0bdbfda5cc1cdb9718602bca2bf039dc,egglog,1,ok,0,761.9301155209541,0,"[""/usr/bin/python3"", ""/home/arjaiswal/Polygeist/scripts/correctness/kernel_match_rewrite.py"", ""/home/arjaiswal/Polygeist/issues/aten_c_kernels/results/aten_max_reduce_cpu/debuf.mlir"", ""--dry-run"", ""--matcher-mode"", ""egglog"", ""--telemetry-json"", ""/home/arjaiswal/Polygeist/issues/equality_saturation_eval/campaign_20260908/aten-aten_max_reduce_cpu-egglog-r7kama6t.json"", ""--disable-semantic-fallback""]","== match report for /home/arjaiswal/Polygeist/issues/aten_c_kernels/results/aten_max_reduce_cpu/debuf.mlir ==
  match          body#[0]  cudnnReduceMax_f32
  total: 1 matched / 1 bodies
",0,[],0,0,0,0,/home/arjaiswal/Polygeist/issues/aten_c_kernels/results/aten_max_reduce_cpu/debuf.mlir,2444,8,1,1,329.9081139266491,0,69664,24.03385564684868,2,2,0,0,"[{""body_indices"": [0], ""symbol"": ""cudnnReduceMax_f32""}]",1,0,0,0.0,6
aten,aten_max_reduce_cpu,/home/arjaiswal/Polygeist/issues/aten_c_kernels/results/aten_max_reduce_cpu/debuf.mlir,6306036f04655e7abc1223fc1e370f6e0bdbfda5cc1cdb9718602bca2bf039dc,egglog,2,ok,0,783.2596227526665,0,"[""/usr/bin/python3"", ""/home/arjaiswal/Polygeist/scripts/correctness/kernel_match_rewrite.py"", ""/home/arjaiswal/Polygeist/issues/aten_c_kernels/results/aten_max_reduce_cpu/debuf.mlir"", ""--dry-run"", ""--matcher-mode"", ""egglog"", ""--telemetry-json"", ""/home/arjaiswal/Polygeist/issues/equality_saturation_eval/campaign_20260908/aten-aten_max_reduce_cpu-egglog-k16y1s26.json"", ""--disable-semantic-fallback""]","== match report for /home/arjaiswal/Polygeist/issues/aten_c_kernels/results/aten_max_reduce_cpu/debuf.mlir ==
  match          body#[0]  cudnnReduceMax_f32
  total: 1 matched / 1 bodies
",0,[],0,0,0,0,/home/arjaiswal/Polygeist/issues/aten_c_kernels/results/aten_max_reduce_cpu/debuf.mlir,2444,8,1,1,337.25542575120926,0,69512,26.64909139275551,2,2,0,0,"[{""body_indices"": [0], ""symbol"": ""cudnnReduceMax_f32""}]",1,0,0,0.0,6
aten,aten_max_reduce_cpu,/home/arjaiswal/Polygeist/issues/aten_c_kernels/results/aten_max_reduce_cpu/debuf.mlir,6306036f04655e7abc1223fc1e370f6e0bdbfda5cc1cdb9718602bca2bf039dc,syntactic,2,ok,0,771.1080200970173,0,"[""/usr/bin/python3"", ""/home/arjaiswal/Polygeist/scripts/correctness/kernel_match_rewrite.py"", ""/home/arjaiswal/Polygeist/issues/aten_c_kernels/results/aten_max_reduce_cpu/debuf.mlir"", ""--dry-run"", ""--matcher-mode"", ""syntactic"", ""--telemetry-json"", ""/home/arjaiswal/Polygeist/issues/equality_saturation_eval/campaign_20260908/aten-aten_max_reduce_cpu-syntactic-eieekyir.json"", ""--disable-semantic-fallback""]","== match report for /home/arjaiswal/Polygeist/issues/aten_c_kernels/results/aten_max_reduce_cpu/debuf.mlir ==
  match          body#[0]  cudnnReduceMax_f32
  total: 1 matched / 1 bodies
",0,[],0,0,0,0,/home/arjaiswal/Polygeist/issues/aten_c_kernels/results/aten_max_reduce_cpu/debuf.mlir,2444,0,1,1,293.09581965208054,0,65756,0.04600733518600464,0,2,0,0,"[{""body_indices"": [0], ""symbol"": ""cudnnReduceMax_f32""}]",1,0,6,0.0,6
aten,aten_max_reduce_cpu,/home/arjaiswal/Polygeist/issues/aten_c_kernels/results/aten_max_reduce_cpu/debuf.mlir,6306036f04655e7abc1223fc1e370f6e0bdbfda5cc1cdb9718602bca2bf039dc,syntactic,3,ok,0,689.4019171595573,0,"[""/usr/bin/python3"", ""/home/arjaiswal/Polygeist/scripts/correctness/kernel_match_rewrite.py"", ""/home/arjaiswal/Polygeist/issues/aten_c_kernels/results/aten_max_reduce_cpu/debuf.mlir"", ""--dry-run"", ""--matcher-mode"", ""syntactic"", ""--telemetry-json"", ""/home/arjaiswal/Polygeist/issues/equality_saturation_eval/campaign_20260908/aten-aten_max_reduce_cpu-syntactic-eb5c6n2j.json"", ""--disable-semantic-fallback""]","== match report for /home/arjaiswal/Polygeist/issues/aten_c_kernels/results/aten_max_reduce_cpu/debuf.mlir ==
  match          body#[0]  cudnnReduceMax_f32
  total: 1 matched / 1 bodies
",0,[],0,0,0,0,/home/arjaiswal/Polygeist/issues/aten_c_kernels/results/aten_max_reduce_cpu/debuf.mlir,2444,0,1,1,284.6962437033653,0,65672,0.04564225673675537,0,2,0,0,"[{""body_indices"": [0], ""symbol"": ""cudnnReduceMax_f32""}]",1,0,6,0.0,6
aten,aten_max_reduce_cpu,/home/arjaiswal/Polygeist/issues/aten_c_kernels/results/aten_max_reduce_cpu/debuf.mlir,6306036f04655e7abc1223fc1e370f6e0bdbfda5cc1cdb9718602bca2bf039dc,egglog,3,ok,0,732.6309531927109,0,"[""/usr/bin/python3"", ""/home/arjaiswal/Polygeist/scripts/correctness/kernel_match_rewrite.py"", ""/home/arjaiswal/Polygeist/issues/aten_c_kernels/results/aten_max_reduce_cpu/debuf.mlir"", ""--dry-run"", ""--matcher-mode"", ""egglog"", ""--telemetry-json"", ""/home/arjaiswal/Polygeist/issues/equality_saturation_eval/campaign_20260908/aten-aten_max_reduce_cpu-egglog-ar678p3o.json"", ""--disable-semantic-fallback""]","== match report for /home/arjaiswal/Polygeist/issues/aten_c_kernels/results/aten_max_reduce_cpu/debuf.mlir ==
  match          body#[0]  cudnnReduceMax_f32
  total: 1 matched / 1 bodies
",0,[],0,0,0,0,/home/arjaiswal/Polygeist/issues/aten_c_kernels/results/aten_max_reduce_cpu/debuf.mlir,2444,8,1,1,320.9099993109703,0,69964,21.936427801847458,2,2,0,0,"[{""body_indices"": [0], ""symbol"": ""cudnnReduceMax_f32""}]",1,0,0,0.0,6
aten,aten_max_reduce_cpu,/home/arjaiswal/Polygeist/issues/aten_c_kernels/results/aten_max_reduce_cpu/debuf.mlir,6306036f04655e7abc1223fc1e370f6e0bdbfda5cc1cdb9718602bca2bf039dc,egglog,4,ok,0,812.1125660836697,0,"[""/usr/bin/python3"", ""/home/arjaiswal/Polygeist/scripts/correctness/kernel_match_rewrite.py"", ""/home/arjaiswal/Polygeist/issues/aten_c_kernels/results/aten_max_reduce_cpu/debuf.mlir"", ""--dry-run"", ""--matcher-mode"", ""egglog"", ""--telemetry-json"", ""/home/arjaiswal/Polygeist/issues/equality_saturation_eval/campaign_20260908/aten-aten_max_reduce_cpu-egglog-p0giie10.json"", ""--disable-semantic-fallback""]","== match report for /home/arjaiswal/Polygeist/issues/aten_c_kernels/results/aten_max_reduce_cpu/debuf.mlir ==
  match          body#[0]  cudnnReduceMax_f32
  total: 1 matched / 1 bodies
",0,[],0,0,0,0,/home/arjaiswal/Polygeist/issues/aten_c_kernels/results/aten_max_reduce_cpu/debuf.mlir,2444,8,1,1,321.56937941908836,0,69768,22.17523381114006,2,2,0,0,"[{""body_indices"": [0], ""symbol"": ""cudnnReduceMax_f32""}]",1,0,0,0.0,6
aten,aten_max_reduce_cpu,/home/arjaiswal/Polygeist/issues/aten_c_kernels/results/aten_max_reduce_cpu/debuf.mlir,6306036f04655e7abc1223fc1e370f6e0bdbfda5cc1cdb9718602bca2bf039dc,syntactic,4,ok,0,714.7192098200321,0,"[""/usr/bin/python3"", ""/home/arjaiswal/Polygeist/scripts/correctness/kernel_match_rewrite.py"", ""/home/arjaiswal/Polygeist/issues/aten_c_kernels/results/aten_max_reduce_cpu/debuf.mlir"", ""--dry-run"", ""--matcher-mode"", ""syntactic"", ""--telemetry-json"", ""/home/arjaiswal/Polygeist/issues/equality_saturation_eval/campaign_20260908/aten-aten_max_reduce_cpu-syntactic-0i31qv1u.json"", ""--disable-semantic-fallback""]","== match report for /home/arjaiswal/Polygeist/issues/aten_c_kernels/results/aten_max_reduce_cpu/debuf.mlir ==
  match          body#[0]  cudnnReduceMax_f32
  total: 1 matched / 1 bodies
",0,[],0,0,0,0,/home/arjaiswal/Polygeist/issues/aten_c_kernels/results/aten_max_reduce_cpu/debuf.mlir,2444,0,1,1,288.9192961156368,0,65436,0.04433095455169678,0,2,0,0,"[{""body_indices"": [0], ""symbol"": ""cudnnReduceMax_f32""}]",1,0,6,0.0,6
aten,aten_max_reduce_cpu,/home/arjaiswal/Polygeist/issues/aten_c_kernels/results/aten_max_reduce_cpu/debuf.mlir,6306036f04655e7abc1223fc1e370f6e0bdbfda5cc1cdb9718602bca2bf039dc,syntactic,5,ok,0,707.5739204883575,0,"[""/usr/bin/python3"", ""/home/arjaiswal/Polygeist/scripts/correctness/kernel_match_rewrite.py"", ""/home/arjaiswal/Polygeist/issues/aten_c_kernels/results/aten_max_reduce_cpu/debuf.mlir"", ""--dry-run"", ""--matcher-mode"", ""syntactic"", ""--telemetry-json"", ""/home/arjaiswal/Polygeist/issues/equality_saturation_eval/campaign_20260908/aten-aten_max_reduce_cpu-syntactic-16d9wi87.json"", ""--disable-semantic-fallback""]","== match report for /home/arjaiswal/Polygeist/issues/aten_c_kernels/results/aten_max_reduce_cpu/debuf.mlir ==
  match          body#[0]  cudnnReduceMax_f32
  total: 1 matched / 1 bodies
",0,[],0,0,0,0,/home/arjaiswal/Polygeist/issues/aten_c_kernels/results/aten_max_reduce_cpu/debuf.mlir,2444,0,1,1,303.9577975869179,0,65532,0.043645501136779785,0,2,0,0,"[{""body_indices"": [0], ""symbol"": ""cudnnReduceMax_f32""}]",1,0,6,0.0,6
aten,aten_max_reduce_cpu,/home/arjaiswal/Polygeist/issues/aten_c_kernels/results/aten_max_reduce_cpu/debuf.mlir,6306036f04655e7abc1223fc1e370f6e0bdbfda5cc1cdb9718602bca2bf039dc,egglog,5,ok,0,730.4998338222504,0,"[""/usr/bin/python3"", ""/home/arjaiswal/Polygeist/scripts/correctness/kernel_match_rewrite.py"", ""/home/arjaiswal/Polygeist/issues/aten_c_kernels/results/aten_max_reduce_cpu/debuf.mlir"", ""--dry-run"", ""--matcher-mode"", ""egglog"", ""--telemetry-json"", ""/home/arjaiswal/Polygeist/issues/equality_saturation_eval/campaign_20260908/aten-aten_max_reduce_cpu-egglog-chdqqwkg.json"", ""--disable-semantic-fallback""]","== match report for /home/arjaiswal/Polygeist/issues/aten_c_kernels/results/aten_max_reduce_cpu/debuf.mlir ==
  match          body#[0]  cudnnReduceMax_f32
  total: 1 matched / 1 bodies
",0,[],0,0,0,0,/home/arjaiswal/Polygeist/issues/aten_c_kernels/results/aten_max_reduce_cpu/debuf.mlir,2444,8,1,1,315.3388351202011,0,69768,22.322911769151688,2,2,0,0,"[{""body_indices"": [0], ""symbol"": ""cudnnReduceMax_f32""}]",1,0,0,0.0,6
aten,aten_max_unpool2d_cpu,/home/arjaiswal/Polygeist/issues/aten_c_kernels/results/aten_max_unpool2d_cpu/debuf.mlir,cb370953012852b0020d9b7f578f326a54dd2508939d2ce5c53eafcfacd05e5b,egglog,1,ok,0,732.9547964036465,0,"[""/usr/bin/python3"", ""/home/arjaiswal/Polygeist/scripts/correctness/kernel_match_rewrite.py"", ""/home/arjaiswal/Polygeist/issues/aten_c_kernels/results/aten_max_unpool2d_cpu/debuf.mlir"", ""--dry-run"", ""--matcher-mode"", ""egglog"", ""--telemetry-json"", ""/home/arjaiswal/Polygeist/issues/equality_saturation_eval/campaign_20260908/aten-aten_max_unpool2d_cpu-egglog-t0vazuj8.json"", ""--disable-semantic-fallback""]","== match report for /home/arjaiswal/Polygeist/issues/aten_c_kernels/results/aten_max_unpool2d_cpu/debuf.mlir ==
  match          body#[0]  memset_zero_1D_f32
  total: 1 matched / 1 bodies
",0,[],0,0,0,0,/home/arjaiswal/Polygeist/issues/aten_c_kernels/results/aten_max_unpool2d_cpu/debuf.mlir,2717,8,1,1,311.5767687559128,0,69464,28.783924877643585,2,2,0,0,"[{""body_indices"": [0], ""symbol"": ""memset_zero_1D_f32""}]",1,0,0,0.0,4
aten,aten_max_unpool2d_cpu,/home/arjaiswal/Polygeist/issues/aten_c_kernels/results/aten_max_unpool2d_cpu/debuf.mlir,cb370953012852b0020d9b7f578f326a54dd2508939d2ce5c53eafcfacd05e5b,syntactic,1,ok,0,698.4014995396137,0,"[""/usr/bin/python3"", ""/home/arjaiswal/Polygeist/scripts/correctness/kernel_match_rewrite.py"", ""/home/arjaiswal/Polygeist/issues/aten_c_kernels/results/aten_max_unpool2d_cpu/debuf.mlir"", ""--dry-run"", ""--matcher-mode"", ""syntactic"", ""--telemetry-json"", ""/home/arjaiswal/Polygeist/issues/equality_saturation_eval/campaign_20260908/aten-aten_max_unpool2d_cpu-syntactic-2ddqdsdf.json"", ""--disable-semantic-fallback""]","== match report for /home/arjaiswal/Polygeist/issues/aten_c_kernels/results/aten_max_unpool2d_cpu/debuf.mlir ==
  match          body#[0]  memset_zero_1D_f32
  total: 1 matched / 1 bodies
",0,[],0,0,0,0,/home/arjaiswal/Polygeist/issues/aten_c_kernels/results/aten_max_unpool2d_cpu/debuf.mlir,2717,0,1,1,277.2284373641014,0,64968,0.016666948795318604,0,2,0,0,"[{""body_indices"": [0], ""symbol"": ""memset_zero_1D_f32""}]",1,0,4,0.0,4
aten,aten_max_unpool2d_cpu,/home/arjaiswal/Polygeist/issues/aten_c_kernels/results/aten_max_unpool2d_cpu/debuf.mlir,cb370953012852b0020d9b7f578f326a54dd2508939d2ce5c53eafcfacd05e5b,syntactic,2,ok,0,719.9392206966877,0,"[""/usr/bin/python3"", ""/home/arjaiswal/Polygeist/scripts/correctness/kernel_match_rewrite.py"", ""/home/arjaiswal/Polygeist/issues/aten_c_kernels/results/aten_max_unpool2d_cpu/debuf.mlir"", ""--dry-run"", ""--matcher-mode"", ""syntactic"", ""--telemetry-json"", ""/home/arjaiswal/Polygeist/issues/equality_saturation_eval/campaign_20260908/aten-aten_max_unpool2d_cpu-syntactic-m11wuhvl.json"", ""--disable-semantic-fallback""]","== match report for /home/arjaiswal/Polygeist/issues/aten_c_kernels/results/aten_max_unpool2d_cpu/debuf.mlir ==
  match          body#[0]  memset_zero_1D_f32
  total: 1 matched / 1 bodies
",0,[],0,0,0,0,/home/arjaiswal/Polygeist/issues/aten_c_kernels/results/aten_max_unpool2d_cpu/debuf.mlir,2717,0,1,1,281.91618621349335,0,64940,0.017192214727401733,0,2,0,0,"[{""body_indices"": [0], ""symbol"": ""memset_zero_1D_f32""}]",1,0,4,0.0,4
aten,aten_max_unpool2d_cpu,/home/arjaiswal/Polygeist/issues/aten_c_kernels/results/aten_max_unpool2d_cpu/debuf.mlir,cb370953012852b0020d9b7f578f326a54dd2508939d2ce5c53eafcfacd05e5b,egglog,2,ok,0,745.5814965069294,0,"[""/usr/bin/python3"", ""/home/arjaiswal/Polygeist/scripts/correctness/kernel_match_rewrite.py"", ""/home/arjaiswal/Polygeist/issues/aten_c_kernels/results/aten_max_unpool2d_cpu/debuf.mlir"", ""--dry-run"", ""--matcher-mode"", ""egglog"", ""--telemetry-json"", ""/home/arjaiswal/Polygeist/issues/equality_saturation_eval/campaign_20260908/aten-aten_max_unpool2d_cpu-egglog-1d6t_5nr.json"", ""--disable-semantic-fallback""]","== match report for /home/arjaiswal/Polygeist/issues/aten_c_kernels/results/aten_max_unpool2d_cpu/debuf.mlir ==
  match          body#[0]  memset_zero_1D_f32
  total: 1 matched / 1 bodies
",0,[],0,0,0,0,/home/arjaiswal/Polygeist/issues/aten_c_kernels/results/aten_max_unpool2d_cpu/debuf.mlir,2717,8,1,1,307.3544651269913,0,69356,23.410219699144363,2,2,0,0,"[{""body_indices"": [0], ""symbol"": ""memset_zero_1D_f32""}]",1,0,0,0.0,4
aten,aten_max_unpool2d_cpu,/home/arjaiswal/Polygeist/issues/aten_c_kernels/results/aten_max_unpool2d_cpu/debuf.mlir,cb370953012852b0020d9b7f578f326a54dd2508939d2ce5c53eafcfacd05e5b,egglog,3,ok,0,715.90431407094,0,"[""/usr/bin/python3"", ""/home/arjaiswal/Polygeist/scripts/correctness/kernel_match_rewrite.py"", ""/home/arjaiswal/Polygeist/issues/aten_c_kernels/results/aten_max_unpool2d_cpu/debuf.mlir"", ""--dry-run"", ""--matcher-mode"", ""egglog"", ""--telemetry-json"", ""/home/arjaiswal/Polygeist/issues/equality_saturation_eval/campaign_20260908/aten-aten_max_unpool2d_cpu-egglog-ruzx9bos.json"", ""--disable-semantic-fallback""]","== match report for /home/arjaiswal/Polygeist/issues/aten_c_kernels/results/aten_max_unpool2d_cpu/debuf.mlir ==
  match          body#[0]  memset_zero_1D_f32
  total: 1 matched / 1 bodies
",0,[],0,0,0,0,/home/arjaiswal/Polygeist/issues/aten_c_kernels/results/aten_max_unpool2d_cpu/debuf.mlir,2717,8,1,1,300.3413639962673,0,69416,21.24180644750595,2,2,0,0,"[{""body_indices"": [0], ""symbol"": ""memset_zero_1D_f32""}]",1,0,0,0.0,4
aten,aten_max_unpool2d_cpu,/home/arjaiswal/Polygeist/issues/aten_c_kernels/results/aten_max_unpool2d_cpu/debuf.mlir,cb370953012852b0020d9b7f578f326a54dd2508939d2ce5c53eafcfacd05e5b,syntactic,3,ok,0,682.1532435715199,0,"[""/usr/bin/python3"", ""/home/arjaiswal/Polygeist/scripts/correctness/kernel_match_rewrite.py"", ""/home/arjaiswal/Polygeist/issues/aten_c_kernels/results/aten_max_unpool2d_cpu/debuf.mlir"", ""--dry-run"", ""--matcher-mode"", ""syntactic"", ""--telemetry-json"", ""/home/arjaiswal/Polygeist/issues/equality_saturation_eval/campaign_20260908/aten-aten_max_unpool2d_cpu-syntactic-drjexto1.json"", ""--disable-semantic-fallback""]","== match report for /home/arjaiswal/Polygeist/issues/aten_c_kernels/results/aten_max_unpool2d_cpu/debuf.mlir ==
  match          body#[0]  memset_zero_1D_f32
  total: 1 matched / 1 bodies
",0,[],0,0,0,0,/home/arjaiswal/Polygeist/issues/aten_c_kernels/results/aten_max_unpool2d_cpu/debuf.mlir,2717,0,1,1,272.99989387393,0,64556,0.016529113054275513,0,2,0,0,"[{""body_indices"": [0], ""symbol"": ""memset_zero_1D_f32""}]",1,0,4,0.0,4
aten,aten_max_unpool2d_cpu,/home/arjaiswal/Polygeist/issues/aten_c_kernels/results/aten_max_unpool2d_cpu/debuf.mlir,cb370953012852b0020d9b7f578f326a54dd2508939d2ce5c53eafcfacd05e5b,syntactic,4,ok,0,694.3998336791992,0,"[""/usr/bin/python3"", ""/home/arjaiswal/Polygeist/scripts/correctness/kernel_match_rewrite.py"", ""/home/arjaiswal/Polygeist/issues/aten_c_kernels/results/aten_max_unpool2d_cpu/debuf.mlir"", ""--dry-run"", ""--matcher-mode"", ""syntactic"", ""--telemetry-json"", ""/home/arjaiswal/Polygeist/issues/equality_saturation_eval/campaign_20260908/aten-aten_max_unpool2d_cpu-syntactic-lv80unvz.json"", ""--disable-semantic-fallback""]","== match report for /home/arjaiswal/Polygeist/issues/aten_c_kernels/results/aten_max_unpool2d_cpu/debuf.mlir ==
  match          body#[0]  memset_zero_1D_f32
  total: 1 matched / 1 bodies
",0,[],0,0,0,0,/home/arjaiswal/Polygeist/issues/aten_c_kernels/results/aten_max_unpool2d_cpu/debuf.mlir,2717,0,1,1,272.8762477636337,0,64664,0.019669532775878906,0,2,0,0,"[{""body_indices"": [0], ""symbol"": ""memset_zero_1D_f32""}]",1,0,4,0.0,4
aten,aten_max_unpool2d_cpu,/home/arjaiswal/Polygeist/issues/aten_c_kernels/results/aten_max_unpool2d_cpu/debuf.mlir,cb370953012852b0020d9b7f578f326a54dd2508939d2ce5c53eafcfacd05e5b,egglog,4,ok,0,706.2841542065144,0,"[""/usr/bin/python3"", ""/home/arjaiswal/Polygeist/scripts/correctness/kernel_match_rewrite.py"", ""/home/arjaiswal/Polygeist/issues/aten_c_kernels/results/aten_max_unpool2d_cpu/debuf.mlir"", ""--dry-run"", ""--matcher-mode"", ""egglog"", ""--telemetry-json"", ""/home/arjaiswal/Polygeist/issues/equality_saturation_eval/campaign_20260908/aten-aten_max_unpool2d_cpu-egglog-devy2au_.json"", ""--disable-semantic-fallback""]","== match report for /home/arjaiswal/Polygeist/issues/aten_c_kernels/results/aten_max_unpool2d_cpu/debuf.mlir ==
  match          body#[0]  memset_zero_1D_f32
  total: 1 matched / 1 bodies
",0,[],0,0,0,0,/home/arjaiswal/Polygeist/issues/aten_c_kernels/results/aten_max_unpool2d_cpu/debuf.mlir,2717,8,1,1,294.9647903442383,0,69548,21.34518325328827,2,2,0,0,"[{""body_indices"": [0], ""symbol"": ""memset_zero_1D_f32""}]",1,0,0,0.0,4
aten,aten_max_unpool2d_cpu,/home/arjaiswal/Polygeist/issues/aten_c_kernels/results/aten_max_unpool2d_cpu/debuf.mlir,cb370953012852b0020d9b7f578f326a54dd2508939d2ce5c53eafcfacd05e5b,egglog,5,ok,0,708.608191460371,0,"[""/usr/bin/python3"", ""/home/arjaiswal/Polygeist/scripts/correctness/kernel_match_rewrite.py"", ""/home/arjaiswal/Polygeist/issues/aten_c_kernels/results/aten_max_unpool2d_cpu/debuf.mlir"", ""--dry-run"", ""--matcher-mode"", ""egglog"", ""--telemetry-json"", ""/home/arjaiswal/Polygeist/issues/equality_saturation_eval/campaign_20260908/aten-aten_max_unpool2d_cpu-egglog-6zms1_7b.json"", ""--disable-semantic-fallback""]","== match report for /home/arjaiswal/Polygeist/issues/aten_c_kernels/results/aten_max_unpool2d_cpu/debuf.mlir ==
  match          body#[0]  memset_zero_1D_f32
  total: 1 matched / 1 bodies
",0,[],0,0,0,0,/home/arjaiswal/Polygeist/issues/aten_c_kernels/results/aten_max_unpool2d_cpu/debuf.mlir,2717,8,1,1,290.4730513691902,0,69412,22.128388285636902,2,2,0,0,"[{""body_indices"": [0], ""symbol"": ""memset_zero_1D_f32""}]",1,0,0,0.0,4
aten,aten_max_unpool2d_cpu,/home/arjaiswal/Polygeist/issues/aten_c_kernels/results/aten_max_unpool2d_cpu/debuf.mlir,cb370953012852b0020d9b7f578f326a54dd2508939d2ce5c53eafcfacd05e5b,syntactic,5,ok,0,697.4532157182693,0,"[""/usr/bin/python3"", ""/home/arjaiswal/Polygeist/scripts/correctness/kernel_match_rewrite.py"", ""/home/arjaiswal/Polygeist/issues/aten_c_kernels/results/aten_max_unpool2d_cpu/debuf.mlir"", ""--dry-run"", ""--matcher-mode"", ""syntactic"", ""--telemetry-json"", ""/home/arjaiswal/Polygeist/issues/equality_saturation_eval/campaign_20260908/aten-aten_max_unpool2d_cpu-syntactic-18fpucsf.json"", ""--disable-semantic-fallback""]","== match report for /home/arjaiswal/Polygeist/issues/aten_c_kernels/results/aten_max_unpool2d_cpu/debuf.mlir ==
  match          body#[0]  memset_zero_1D_f32
  total: 1 matched / 1 bodies
",0,[],0,0,0,0,/home/arjaiswal/Polygeist/issues/aten_c_kernels/results/aten_max_unpool2d_cpu/debuf.mlir,2717,0,1,1,274.2948867380619,0,64836,0.0154152512550354,0,2,0,0,"[{""body_indices"": [0], ""symbol"": ""memset_zero_1D_f32""}]",1,0,4,0.0,4
aten,aten_max_unpool3d_cpu,/home/arjaiswal/Polygeist/issues/aten_c_kernels/results/aten_max_unpool3d_cpu/debuf.mlir,74d70e5fe482e9965f408e408406c1dc8e9a6da9b8bb8686b1afdc49a69ca1b1,syntactic,1,ok,0,712.9018306732178,0,"[""/usr/bin/python3"", ""/home/arjaiswal/Polygeist/scripts/correctness/kernel_match_rewrite.py"", ""/home/arjaiswal/Polygeist/issues/aten_c_kernels/results/aten_max_unpool3d_cpu/debuf.mlir"", ""--dry-run"", ""--matcher-mode"", ""syntactic"", ""--telemetry-json"", ""/home/arjaiswal/Polygeist/issues/equality_saturation_eval/campaign_20260908/aten-aten_max_unpool3d_cpu-syntactic-opd3mi56.json"", ""--disable-semantic-fallback""]","== match report for /home/arjaiswal/Polygeist/issues/aten_c_kernels/results/aten_max_unpool3d_cpu/debuf.mlir ==
  match          body#[0]  memset_zero_1D_f32
  total: 1 matched / 1 bodies
",0,[],0,0,0,0,/home/arjaiswal/Polygeist/issues/aten_c_kernels/results/aten_max_unpool3d_cpu/debuf.mlir,2721,0,1,1,264.2929330468178,0,64748,0.01706928014755249,0,2,0,0,"[{""body_indices"": [0], ""symbol"": ""memset_zero_1D_f32""}]",1,0,4,0.0,4
aten,aten_max_unpool3d_cpu,/home/arjaiswal/Polygeist/issues/aten_c_kernels/results/aten_max_unpool3d_cpu/debuf.mlir,74d70e5fe482e9965f408e408406c1dc8e9a6da9b8bb8686b1afdc49a69ca1b1,egglog,1,ok,0,710.3382833302021,0,"[""/usr/bin/python3"", ""/home/arjaiswal/Polygeist/scripts/correctness/kernel_match_rewrite.py"", ""/home/arjaiswal/Polygeist/issues/aten_c_kernels/results/aten_max_unpool3d_cpu/debuf.mlir"", ""--dry-run"", ""--matcher-mode"", ""egglog"", ""--telemetry-json"", ""/home/arjaiswal/Polygeist/issues/equality_saturation_eval/campaign_20260908/aten-aten_max_unpool3d_cpu-egglog-8bbi8le2.json"", ""--disable-semantic-fallback""]","== match report for /home/arjaiswal/Polygeist/issues/aten_c_kernels/results/aten_max_unpool3d_cpu/debuf.mlir ==
  match          body#[0]  memset_zero_1D_f32
  total: 1 matched / 1 bodies
",0,[],0,0,0,0,/home/arjaiswal/Polygeist/issues/aten_c_kernels/results/aten_max_unpool3d_cpu/debuf.mlir,2721,8,1,1,291.13076999783516,0,69352,20.792942494153976,2,2,0,0,"[{""body_indices"": [0], ""symbol"": ""memset_zero_1D_f32""}]",1,0,0,0.0,4
aten,aten_max_unpool3d_cpu,/home/arjaiswal/Polygeist/issues/aten_c_kernels/results/aten_max_unpool3d_cpu/debuf.mlir,74d70e5fe482e9965f408e408406c1dc8e9a6da9b8bb8686b1afdc49a69ca1b1,egglog,2,ok,0,733.3299033343792,0,"[""/usr/bin/python3"", ""/home/arjaiswal/Polygeist/scripts/correctness/kernel_match_rewrite.py"", ""/home/arjaiswal/Polygeist/issues/aten_c_kernels/results/aten_max_unpool3d_cpu/debuf.mlir"", ""--dry-run"", ""--matcher-mode"", ""egglog"", ""--telemetry-json"", ""/home/arjaiswal/Polygeist/issues/equality_saturation_eval/campaign_20260908/aten-aten_max_unpool3d_cpu-egglog-46n2m40e.json"", ""--disable-semantic-fallback""]","== match report for /home/arjaiswal/Polygeist/issues/aten_c_kernels/results/aten_max_unpool3d_cpu/debuf.mlir ==
  match          body#[0]  memset_zero_1D_f32
  total: 1 matched / 1 bodies
",0,[],0,0,0,0,/home/arjaiswal/Polygeist/issues/aten_c_kernels/results/aten_max_unpool3d_cpu/debuf.mlir,2721,8,1,1,295.61111330986023,0,69484,22.635675966739655,2,2,0,0,"[{""body_indices"": [0], ""symbol"": ""memset_zero_1D_f32""}]",1,0,0,0.0,4
aten,aten_max_unpool3d_cpu,/home/arjaiswal/Polygeist/issues/aten_c_kernels/results/aten_max_unpool3d_cpu/debuf.mlir,74d70e5fe482e9965f408e408406c1dc8e9a6da9b8bb8686b1afdc49a69ca1b1,syntactic,2,ok,0,689.0973374247551,0,"[""/usr/bin/python3"", ""/home/arjaiswal/Polygeist/scripts/correctness/kernel_match_rewrite.py"", ""/home/arjaiswal/Polygeist/issues/aten_c_kernels/results/aten_max_unpool3d_cpu/debuf.mlir"", ""--dry-run"", ""--matcher-mode"", ""syntactic"", ""--telemetry-json"", ""/home/arjaiswal/Polygeist/issues/equality_saturation_eval/campaign_20260908/aten-aten_max_unpool3d_cpu-syntactic-3wjqx59a.json"", ""--disable-semantic-fallback""]","== match report for /home/arjaiswal/Polygeist/issues/aten_c_kernels/results/aten_max_unpool3d_cpu/debuf.mlir ==
  match          body#[0]  memset_zero_1D_f32
  total: 1 matched / 1 bodies
",0,[],0,0,0,0,/home/arjaiswal/Polygeist/issues/aten_c_kernels/results/aten_max_unpool3d_cpu/debuf.mlir,2721,0,1,1,271.3751196861267,0,64776,0.016592442989349365,0,2,0,0,"[{""body_indices"": [0], ""symbol"": ""memset_zero_1D_f32""}]",1,0,4,0.0,4
aten,aten_max_unpool3d_cpu,/home/arjaiswal/Polygeist/issues/aten_c_kernels/results/aten_max_unpool3d_cpu/debuf.mlir,74d70e5fe482e9965f408e408406c1dc8e9a6da9b8bb8686b1afdc49a69ca1b1,syntactic,3,ok,0,713.2672145962715,0,"[""/usr/bin/python3"", ""/home/arjaiswal/Polygeist/scripts/correctness/kernel_match_rewrite.py"", ""/home/arjaiswal/Polygeist/issues/aten_c_kernels/results/aten_max_unpool3d_cpu/debuf.mlir"", ""--dry-run"", ""--matcher-mode"", ""syntactic"", ""--telemetry-json"", ""/home/arjaiswal/Polygeist/issues/equality_saturation_eval/campaign_20260908/aten-aten_max_unpool3d_cpu-syntactic-2y3vesk1.json"", ""--disable-semantic-fallback""]","== match report for /home/arjaiswal/Polygeist/issues/aten_c_kernels/results/aten_max_unpool3d_cpu/debuf.mlir ==
  match          body#[0]  memset_zero_1D_f32
  total: 1 matched / 1 bodies
",0,[],0,0,0,0,/home/arjaiswal/Polygeist/issues/aten_c_kernels/results/aten_max_unpool3d_cpu/debuf.mlir,2721,0,1,1,286.4932455122471,0,64556,0.016219913959503174,0,2,0,0,"[{""body_indices"": [0], ""symbol"": ""memset_zero_1D_f32""}]",1,0,4,0.0,4
aten,aten_max_unpool3d_cpu,/home/arjaiswal/Polygeist/issues/aten_c_kernels/results/aten_max_unpool3d_cpu/debuf.mlir,74d70e5fe482e9965f408e408406c1dc8e9a6da9b8bb8686b1afdc49a69ca1b1,egglog,3,ok,0,755.0834380090237,0,"[""/usr/bin/python3"", ""/home/arjaiswal/Polygeist/scripts/correctness/kernel_match_rewrite.py"", ""/home/arjaiswal/Polygeist/issues/aten_c_kernels/results/aten_max_unpool3d_cpu/debuf.mlir"", ""--dry-run"", ""--matcher-mode"", ""egglog"", ""--telemetry-json"", ""/home/arjaiswal/Polygeist/issues/equality_saturation_eval/campaign_20260908/aten-aten_max_unpool3d_cpu-egglog-zwvuext8.json"", ""--disable-semantic-fallback""]","== match report for /home/arjaiswal/Polygeist/issues/aten_c_kernels/results/aten_max_unpool3d_cpu/debuf.mlir ==
  match          body#[0]  memset_zero_1D_f32
  total: 1 matched / 1 bodies
",0,[],0,0,0,0,/home/arjaiswal/Polygeist/issues/aten_c_kernels/results/aten_max_unpool3d_cpu/debuf.mlir,2721,8,1,1,303.7725202739239,0,69296,23.279834538698196,2,2,0,0,"[{""body_indices"": [0], ""symbol"": ""memset_zero_1D_f32""}]",1,0,0,0.0,4
aten,aten_max_unpool3d_cpu,/home/arjaiswal/Polygeist/issues/aten_c_kernels/results/aten_max_unpool3d_cpu/debuf.mlir,74d70e5fe482e9965f408e408406c1dc8e9a6da9b8bb8686b1afdc49a69ca1b1,egglog,4,ok,0,818.0567733943462,0,"[""/usr/bin/python3"", ""/home/arjaiswal/Polygeist/scripts/correctness/kernel_match_rewrite.py"", ""/home/arjaiswal/Polygeist/issues/aten_c_kernels/results/aten_max_unpool3d_cpu/debuf.mlir"", ""--dry-run"", ""--matcher-mode"", ""egglog"", ""--telemetry-json"", ""/home/arjaiswal/Polygeist/issues/equality_saturation_eval/campaign_20260908/aten-aten_max_unpool3d_cpu-egglog-orgkjlog.json"", ""--disable-semantic-fallback""]","== match report for /home/arjaiswal/Polygeist/issues/aten_c_kernels/results/aten_max_unpool3d_cpu/debuf.mlir ==
  match          body#[0]  memset_zero_1D_f32
  total: 1 matched / 1 bodies
",0,[],0,0,0,0,/home/arjaiswal/Polygeist/issues/aten_c_kernels/results/aten_max_unpool3d_cpu/debuf.mlir,2721,8,1,1,289.4233837723732,0,69404,20.622987300157547,2,2,0,0,"[{""body_indices"": [0], ""symbol"": ""memset_zero_1D_f32""}]",1,0,0,0.0,4
aten,aten_max_unpool3d_cpu,/home/arjaiswal/Polygeist/issues/aten_c_kernels/results/aten_max_unpool3d_cpu/debuf.mlir,74d70e5fe482e9965f408e408406c1dc8e9a6da9b8bb8686b1afdc49a69ca1b1,syntactic,4,ok,0,809.7914345562458,0,"[""/usr/bin/python3"", ""/home/arjaiswal/Polygeist/scripts/correctness/kernel_match_rewrite.py"", ""/home/arjaiswal/Polygeist/issues/aten_c_kernels/results/aten_max_unpool3d_cpu/debuf.mlir"", ""--dry-run"", ""--matcher-mode"", ""syntactic"", ""--telemetry-json"", ""/home/arjaiswal/Polygeist/issues/equality_saturation_eval/campaign_20260908/aten-aten_max_unpool3d_cpu-syntactic-x1vfq1q8.json"", ""--disable-semantic-fallback""]","== match report for /home/arjaiswal/Polygeist/issues/aten_c_kernels/results/aten_max_unpool3d_cpu/debuf.mlir ==
  match          body#[0]  memset_zero_1D_f32
  total: 1 matched / 1 bodies
",0,[],0,0,0,0,/home/arjaiswal/Polygeist/issues/aten_c_kernels/results/aten_max_unpool3d_cpu/debuf.mlir,2721,0,1,1,282.5727015733719,0,64680,0.014938414096832275,0,2,0,0,"[{""body_indices"": [0], ""symbol"": ""memset_zero_1D_f32""}]",1,0,4,0.0,4
aten,aten_max_unpool3d_cpu,/home/arjaiswal/Polygeist/issues/aten_c_kernels/results/aten_max_unpool3d_cpu/debuf.mlir,74d70e5fe482e9965f408e408406c1dc8e9a6da9b8bb8686b1afdc49a69ca1b1,syntactic,5,ok,0,721.409160643816,0,"[""/usr/bin/python3"", ""/home/arjaiswal/Polygeist/scripts/correctness/kernel_match_rewrite.py"", ""/home/arjaiswal/Polygeist/issues/aten_c_kernels/results/aten_max_unpool3d_cpu/debuf.mlir"", ""--dry-run"", ""--matcher-mode"", ""syntactic"", ""--telemetry-json"", ""/home/arjaiswal/Polygeist/issues/equality_saturation_eval/campaign_20260908/aten-aten_max_unpool3d_cpu-syntactic-r7t7453v.json"", ""--disable-semantic-fallback""]","== match report for /home/arjaiswal/Polygeist/issues/aten_c_kernels/results/aten_max_unpool3d_cpu/debuf.mlir ==
  match          body#[0]  memset_zero_1D_f32
  total: 1 matched / 1 bodies
",0,[],0,0,0,0,/home/arjaiswal/Polygeist/issues/aten_c_kernels/results/aten_max_unpool3d_cpu/debuf.mlir,2721,0,1,1,287.62347996234894,0,64548,0.017959624528884888,0,2,0,0,"[{""body_indices"": [0], ""symbol"": ""memset_zero_1D_f32""}]",1,0,4,0.0,4
aten,aten_max_unpool3d_cpu,/home/arjaiswal/Polygeist/issues/aten_c_kernels/results/aten_max_unpool3d_cpu/debuf.mlir,74d70e5fe482e9965f408e408406c1dc8e9a6da9b8bb8686b1afdc49a69ca1b1,egglog,5,ok,0,717.3371985554695,0,"[""/usr/bin/python3"", ""/home/arjaiswal/Polygeist/scripts/correctness/kernel_match_rewrite.py"", ""/home/arjaiswal/Polygeist/issues/aten_c_kernels/results/aten_max_unpool3d_cpu/debuf.mlir"", ""--dry-run"", ""--matcher-mode"", ""egglog"", ""--telemetry-json"", ""/home/arjaiswal/Polygeist/issues/equality_saturation_eval/campaign_20260908/aten-aten_max_unpool3d_cpu-egglog-y84aj7be.json"", ""--disable-semantic-fallback""]","== match report for /home/arjaiswal/Polygeist/issues/aten_c_kernels/results/aten_max_unpool3d_cpu/debuf.mlir ==
  match          body#[0]  memset_zero_1D_f32
  total: 1 matched / 1 bodies
",0,[],0,0,0,0,/home/arjaiswal/Polygeist/issues/aten_c_kernels/results/aten_max_unpool3d_cpu/debuf.mlir,2721,8,1,1,285.3204645216465,0,69508,21.13218978047371,2,2,0,0,"[{""body_indices"": [0], ""symbol"": ""memset_zero_1D_f32""}]",1,0,0,0.0,4
aten,aten_max_unpool_backward_cpu,/home/arjaiswal/Polygeist/issues/aten_c_kernels/results/aten_max_unpool_backward_cpu/debuf.mlir,1fd97b4bc21274830874f88178d2fab2388e7fa8351adeb9366053492fb0c74a,egglog,1,ok,0,722.5814908742905,0,"[""/usr/bin/python3"", ""/home/arjaiswal/Polygeist/scripts/correctness/kernel_match_rewrite.py"", ""/home/arjaiswal/Polygeist/issues/aten_c_kernels/results/aten_max_unpool_backward_cpu/debuf.mlir"", ""--dry-run"", ""--matcher-mode"", ""egglog"", ""--telemetry-json"", ""/home/arjaiswal/Polygeist/issues/equality_saturation_eval/campaign_20260908/aten-aten_max_unpool_backward_cpu-egglog-8j2y4fv2.json"", ""--disable-semantic-fallback""]","== match report for /home/arjaiswal/Polygeist/issues/aten_c_kernels/results/aten_max_unpool_backward_cpu/debuf.mlir ==
  no_match       body#0  ?
  total: 0 matched / 1 bodies
",0,[],0,0,0,0,/home/arjaiswal/Polygeist/issues/aten_c_kernels/results/aten_max_unpool_backward_cpu/debuf.mlir,1855,8,1,0,282.48441591858864,1,64604,0.0,0,0,0,0,[],0,0,0,0.0,4
aten,aten_max_unpool_backward_cpu,/home/arjaiswal/Polygeist/issues/aten_c_kernels/results/aten_max_unpool_backward_cpu/debuf.mlir,1fd97b4bc21274830874f88178d2fab2388e7fa8351adeb9366053492fb0c74a,syntactic,1,ok,0,699.7169777750969,0,"[""/usr/bin/python3"", ""/home/arjaiswal/Polygeist/scripts/correctness/kernel_match_rewrite.py"", ""/home/arjaiswal/Polygeist/issues/aten_c_kernels/results/aten_max_unpool_backward_cpu/debuf.mlir"", ""--dry-run"", ""--matcher-mode"", ""syntactic"", ""--telemetry-json"", ""/home/arjaiswal/Polygeist/issues/equality_saturation_eval/campaign_20260908/aten-aten_max_unpool_backward_cpu-syntactic-czcyk5_z.json"", ""--disable-semantic-fallback""]","== match report for /home/arjaiswal/Polygeist/issues/aten_c_kernels/results/aten_max_unpool_backward_cpu/debuf.mlir ==
  no_match       body#0  ?
  total: 0 matched / 1 bodies
",0,[],0,0,0,0,/home/arjaiswal/Polygeist/issues/aten_c_kernels/results/aten_max_unpool_backward_cpu/debuf.mlir,1855,0,1,0,284.6374735236168,1,64768,0.015556812286376953,0,0,0,0,[],0,0,4,0.0,4
aten,aten_max_unpool_backward_cpu,/home/arjaiswal/Polygeist/issues/aten_c_kernels/results/aten_max_unpool_backward_cpu/debuf.mlir,1fd97b4bc21274830874f88178d2fab2388e7fa8351adeb9366053492fb0c74a,syntactic,2,ok,0,755.9912316501141,0,"[""/usr/bin/python3"", ""/home/arjaiswal/Polygeist/scripts/correctness/kernel_match_rewrite.py"", ""/home/arjaiswal/Polygeist/issues/aten_c_kernels/results/aten_max_unpool_backward_cpu/debuf.mlir"", ""--dry-run"", ""--matcher-mode"", ""syntactic"", ""--telemetry-json"", ""/home/arjaiswal/Polygeist/issues/equality_saturation_eval/campaign_20260908/aten-aten_max_unpool_backward_cpu-syntactic-4c2x7z_2.json"", ""--disable-semantic-fallback""]","== match report for /home/arjaiswal/Polygeist/issues/aten_c_kernels/results/aten_max_unpool_backward_cpu/debuf.mlir ==
  no_match       body#0  ?
  total: 0 matched / 1 bodies
",0,[],0,0,0,0,/home/arjaiswal/Polygeist/issues/aten_c_kernels/results/aten_max_unpool_backward_cpu/debuf.mlir,1855,0,1,0,264.3336355686188,1,64424,0.015698373317718506,0,0,0,0,[],0,0,4,0.0,4
aten,aten_max_unpool_backward_cpu,/home/arjaiswal/Polygeist/issues/aten_c_kernels/results/aten_max_unpool_backward_cpu/debuf.mlir,1fd97b4bc21274830874f88178d2fab2388e7fa8351adeb9366053492fb0c74a,egglog,2,ok,0,691.7311251163483,0,"[""/usr/bin/python3"", ""/home/arjaiswal/Polygeist/scripts/correctness/kernel_match_rewrite.py"", ""/home/arjaiswal/Polygeist/issues/aten_c_kernels/results/aten_max_unpool_backward_cpu/debuf.mlir"", ""--dry-run"", ""--matcher-mode"", ""egglog"", ""--telemetry-json"", ""/home/arjaiswal/Polygeist/issues/equality_saturation_eval/campaign_20260908/aten-aten_max_unpool_backward_cpu-egglog-f6xldhb4.json"", ""--disable-semantic-fallback""]","== match report for /home/arjaiswal/Polygeist/issues/aten_c_kernels/results/aten_max_unpool_backward_cpu/debuf.mlir ==
  no_match       body#0  ?
  total: 0 matched / 1 bodies
",0,[],0,0,0,0,/home/arjaiswal/Polygeist/issues/aten_c_kernels/results/aten_max_unpool_backward_cpu/debuf.mlir,1855,8,1,0,264.283012598753,1,64592,0.0,0,0,0,0,[],0,0,0,0.0,4
aten,aten_max_unpool_backward_cpu,/home/arjaiswal/Polygeist/issues/aten_c_kernels/results/aten_max_unpool_backward_cpu/debuf.mlir,1fd97b4bc21274830874f88178d2fab2388e7fa8351adeb9366053492fb0c74a,egglog,3,ok,0,680.4209649562836,0,"[""/usr/bin/python3"", ""/home/arjaiswal/Polygeist/scripts/correctness/kernel_match_rewrite.py"", ""/home/arjaiswal/Polygeist/issues/aten_c_kernels/results/aten_max_unpool_backward_cpu/debuf.mlir"", ""--dry-run"", ""--matcher-mode"", ""egglog"", ""--telemetry-json"", ""/home/arjaiswal/Polygeist/issues/equality_saturation_eval/campaign_20260908/aten-aten_max_unpool_backward_cpu-egglog-o7xupqxx.json"", ""--disable-semantic-fallback""]","== match report for /home/arjaiswal/Polygeist/issues/aten_c_kernels/results/aten_max_unpool_backward_cpu/debuf.mlir ==
  no_match       body#0  ?
  total: 0 matched / 1 bodies
",0,[],0,0,0,0,/home/arjaiswal/Polygeist/issues/aten_c_kernels/results/aten_max_unpool_backward_cpu/debuf.mlir,1855,8,1,0,269.1868841648102,1,64836,0.0,0,0,0,0,[],0,0,0,0.0,4
aten,aten_max_unpool_backward_cpu,/home/arjaiswal/Polygeist/issues/aten_c_kernels/results/aten_max_unpool_backward_cpu/debuf.mlir,1fd97b4bc21274830874f88178d2fab2388e7fa8351adeb9366053492fb0c74a,syntactic,3,ok,0,698.121577501297,0,"[""/usr/bin/python3"", ""/home/arjaiswal/Polygeist/scripts/correctness/kernel_match_rewrite.py"", ""/home/arjaiswal/Polygeist/issues/aten_c_kernels/results/aten_max_unpool_backward_cpu/debuf.mlir"", ""--dry-run"", ""--matcher-mode"", ""syntactic"", ""--telemetry-json"", ""/home/arjaiswal/Polygeist/issues/equality_saturation_eval/campaign_20260908/aten-aten_max_unpool_backward_cpu-syntactic-q1j1jpsd.json"", ""--disable-semantic-fallback""]","== match report for /home/arjaiswal/Polygeist/issues/aten_c_kernels/results/aten_max_unpool_backward_cpu/debuf.mlir ==
  no_match       body#0  ?
  total: 0 matched / 1 bodies
",0,[],0,0,0,0,/home/arjaiswal/Polygeist/issues/aten_c_kernels/results/aten_max_unpool_backward_cpu/debuf.mlir,1855,0,1,0,265.7625451683998,1,64768,0.014930963516235352,0,0,0,0,[],0,0,4,0.0,4
aten,aten_max_unpool_backward_cpu,/home/arjaiswal/Polygeist/issues/aten_c_kernels/results/aten_max_unpool_backward_cpu/debuf.mlir,1fd97b4bc21274830874f88178d2fab2388e7fa8351adeb9366053492fb0c74a,syntactic,4,ok,0,663.0823723971844,0,"[""/usr/bin/python3"", ""/home/arjaiswal/Polygeist/scripts/correctness/kernel_match_rewrite.py"", ""/home/arjaiswal/Polygeist/issues/aten_c_kernels/results/aten_max_unpool_backward_cpu/debuf.mlir"", ""--dry-run"", ""--matcher-mode"", ""syntactic"", ""--telemetry-json"", ""/home/arjaiswal/Polygeist/issues/equality_saturation_eval/campaign_20260908/aten-aten_max_unpool_backward_cpu-syntactic-_ab5jjhl.json"", ""--disable-semantic-fallback""]","== match report for /home/arjaiswal/Polygeist/issues/aten_c_kernels/results/aten_max_unpool_backward_cpu/debuf.mlir ==
  no_match       body#0  ?
  total: 0 matched / 1 bodies
",0,[],0,0,0,0,/home/arjaiswal/Polygeist/issues/aten_c_kernels/results/aten_max_unpool_backward_cpu/debuf.mlir,1855,0,1,0,261.40715181827545,1,64744,0.015929341316223145,0,0,0,0,[],0,0,4,0.0,4
aten,aten_max_unpool_backward_cpu,/home/arjaiswal/Polygeist/issues/aten_c_kernels/results/aten_max_unpool_backward_cpu/debuf.mlir,1fd97b4bc21274830874f88178d2fab2388e7fa8351adeb9366053492fb0c74a,egglog,4,ok,0,714.0516228973866,0,"[""/usr/bin/python3"", ""/home/arjaiswal/Polygeist/scripts/correctness/kernel_match_rewrite.py"", ""/home/arjaiswal/Polygeist/issues/aten_c_kernels/results/aten_max_unpool_backward_cpu/debuf.mlir"", ""--dry-run"", ""--matcher-mode"", ""egglog"", ""--telemetry-json"", ""/home/arjaiswal/Polygeist/issues/equality_saturation_eval/campaign_20260908/aten-aten_max_unpool_backward_cpu-egglog-8fl_5g48.json"", ""--disable-semantic-fallback""]","== match report for /home/arjaiswal/Polygeist/issues/aten_c_kernels/results/aten_max_unpool_backward_cpu/debuf.mlir ==
  no_match       body#0  ?
  total: 0 matched / 1 bodies
",0,[],0,0,0,0,/home/arjaiswal/Polygeist/issues/aten_c_kernels/results/aten_max_unpool_backward_cpu/debuf.mlir,1855,8,1,0,280.07692098617554,1,64868,0.0,0,0,0,0,[],0,0,0,0.0,4
aten,aten_max_unpool_backward_cpu,/home/arjaiswal/Polygeist/issues/aten_c_kernels/results/aten_max_unpool_backward_cpu/debuf.mlir,1fd97b4bc21274830874f88178d2fab2388e7fa8351adeb9366053492fb0c74a,egglog,5,ok,0,700.5654275417328,0,"[""/usr/bin/python3"", ""/home/arjaiswal/Polygeist/scripts/correctness/kernel_match_rewrite.py"", ""/home/arjaiswal/Polygeist/issues/aten_c_kernels/results/aten_max_unpool_backward_cpu/debuf.mlir"", ""--dry-run"", ""--matcher-mode"", ""egglog"", ""--telemetry-json"", ""/home/arjaiswal/Polygeist/issues/equality_saturation_eval/campaign_20260908/aten-aten_max_unpool_backward_cpu-egglog-_jpy3f57.json"", ""--disable-semantic-fallback""]","== match report for /home/arjaiswal/Polygeist/issues/aten_c_kernels/results/aten_max_unpool_backward_cpu/debuf.mlir ==
  no_match       body#0  ?
  total: 0 matched / 1 bodies
",0,[],0,0,0,0,/home/arjaiswal/Polygeist/issues/aten_c_kernels/results/aten_max_unpool_backward_cpu/debuf.mlir,1855,8,1,0,284.46139767766,1,64552,0.0,0,0,0,0,[],0,0,0,0.0,4
aten,aten_max_unpool_backward_cpu,/home/arjaiswal/Polygeist/issues/aten_c_kernels/results/aten_max_unpool_backward_cpu/debuf.mlir,1fd97b4bc21274830874f88178d2fab2388e7fa8351adeb9366053492fb0c74a,syntactic,5,ok,0,696.6760978102684,0,"[""/usr/bin/python3"", ""/home/arjaiswal/Polygeist/scripts/correctness/kernel_match_rewrite.py"", ""/home/arjaiswal/Polygeist/issues/aten_c_kernels/results/aten_max_unpool_backward_cpu/debuf.mlir"", ""--dry-run"", ""--matcher-mode"", ""syntactic"", ""--telemetry-json"", ""/home/arjaiswal/Polygeist/issues/equality_saturation_eval/campaign_20260908/aten-aten_max_unpool_backward_cpu-syntactic-qrxlembo.json"", ""--disable-semantic-fallback""]","== match report for /home/arjaiswal/Polygeist/issues/aten_c_kernels/results/aten_max_unpool_backward_cpu/debuf.mlir ==
  no_match       body#0  ?
  total: 0 matched / 1 bodies
",0,[],0,0,0,0,/home/arjaiswal/Polygeist/issues/aten_c_kernels/results/aten_max_unpool_backward_cpu/debuf.mlir,1855,0,1,0,281.61387890577316,1,64528,0.01623481512069702,0,0,0,0,[],0,0,4,0.0,4
aten,aten_max_values_cpu,/home/arjaiswal/Polygeist/issues/aten_c_kernels/results/aten_max_values_cpu/debuf.mlir,e63a3da15121641bc7cbadecad0b7517070d9726fa07a9752fdedb54a6f69d8e,syntactic,1,ok,0,730.5272109806538,0,"[""/usr/bin/python3"", ""/home/arjaiswal/Polygeist/scripts/correctness/kernel_match_rewrite.py"", ""/home/arjaiswal/Polygeist/issues/aten_c_kernels/results/aten_max_values_cpu/debuf.mlir"", ""--dry-run"", ""--matcher-mode"", ""syntactic"", ""--telemetry-json"", ""/home/arjaiswal/Polygeist/issues/equality_saturation_eval/campaign_20260908/aten-aten_max_values_cpu-syntactic-rl3hy6nl.json"", ""--disable-semantic-fallback""]","== match report for /home/arjaiswal/Polygeist/issues/aten_c_kernels/results/aten_max_values_cpu/debuf.mlir ==
  match          body#[0, 1]  cubSegmentedMax_f32_memref
  total: 1 matched / 1 bodies
",0,[],0,0,0,0,/home/arjaiswal/Polygeist/issues/aten_c_kernels/results/aten_max_values_cpu/debuf.mlir,2728,0,2,2,302.6648834347725,0,65564,0.0527501106262207,0,6,0,0,"[{""body_indices"": [0, 1], ""symbol"": ""cubSegmentedMax_f32_memref""}]",1,0,8,0.0,8
aten,aten_max_values_cpu,/home/arjaiswal/Polygeist/issues/aten_c_kernels/results/aten_max_values_cpu/debuf.mlir,e63a3da15121641bc7cbadecad0b7517070d9726fa07a9752fdedb54a6f69d8e,egglog,1,ok,0,782.3087237775326,0,"[""/usr/bin/python3"", ""/home/arjaiswal/Polygeist/scripts/correctness/kernel_match_rewrite.py"", ""/home/arjaiswal/Polygeist/issues/aten_c_kernels/results/aten_max_values_cpu/debuf.mlir"", ""--dry-run"", ""--matcher-mode"", ""egglog"", ""--telemetry-json"", ""/home/arjaiswal/Polygeist/issues/equality_saturation_eval/campaign_20260908/aten-aten_max_values_cpu-egglog-lcl57qis.json"", ""--disable-semantic-fallback""]","== match report for /home/arjaiswal/Polygeist/issues/aten_c_kernels/results/aten_max_values_cpu/debuf.mlir ==
  match          body#[0, 1]  cubSegmentedMax_f32_memref
  total: 1 matched / 1 bodies
",0,[],0,0,0,0,/home/arjaiswal/Polygeist/issues/aten_c_kernels/results/aten_max_values_cpu/debuf.mlir,2728,8,2,2,361.233226954937,0,69780,61.89752370119095,6,6,0,0,"[{""body_indices"": [0, 1], ""symbol"": ""cubSegmentedMax_f32_memref""}]",1,0,0,0.0,8
aten,aten_max_values_cpu,/home/arjaiswal/Polygeist/issues/aten_c_kernels/results/aten_max_values_cpu/debuf.mlir,e63a3da15121641bc7cbadecad0b7517070d9726fa07a9752fdedb54a6f69d8e,egglog,2,ok,0,779.1805192828178,0,"[""/usr/bin/python3"", ""/home/arjaiswal/Polygeist/scripts/correctness/kernel_match_rewrite.py"", ""/home/arjaiswal/Polygeist/issues/aten_c_kernels/results/aten_max_values_cpu/debuf.mlir"", ""--dry-run"", ""--matcher-mode"", ""egglog"", ""--telemetry-json"", ""/home/arjaiswal/Polygeist/issues/equality_saturation_eval/campaign_20260908/aten-aten_max_values_cpu-egglog-k0hm7j3n.json"", ""--disable-semantic-fallback""]","== match report for /home/arjaiswal/Polygeist/issues/aten_c_kernels/results/aten_max_values_cpu/debuf.mlir ==
  match          body#[0, 1]  cubSegmentedMax_f32_memref
  total: 1 matched / 1 bodies
",0,[],0,0,0,0,/home/arjaiswal/Polygeist/issues/aten_c_kernels/results/aten_max_values_cpu/debuf.mlir,2728,8,2,2,357.11728408932686,0,69920,62.29155510663986,6,6,0,0,"[{""body_indices"": [0, 1], ""symbol"": ""cubSegmentedMax_f32_memref""}]",1,0,0,0.0,8
aten,aten_max_values_cpu,/home/arjaiswal/Polygeist/issues/aten_c_kernels/results/aten_max_values_cpu/debuf.mlir,e63a3da15121641bc7cbadecad0b7517070d9726fa07a9752fdedb54a6f69d8e,syntactic,2,ok,0,733.6344234645367,0,"[""/usr/bin/python3"", ""/home/arjaiswal/Polygeist/scripts/correctness/kernel_match_rewrite.py"", ""/home/arjaiswal/Polygeist/issues/aten_c_kernels/results/aten_max_values_cpu/debuf.mlir"", ""--dry-run"", ""--matcher-mode"", ""syntactic"", ""--telemetry-json"", ""/home/arjaiswal/Polygeist/issues/equality_saturation_eval/campaign_20260908/aten-aten_max_values_cpu-syntactic-vhs_q7xx.json"", ""--disable-semantic-fallback""]","== match report for /home/arjaiswal/Polygeist/issues/aten_c_kernels/results/aten_max_values_cpu/debuf.mlir ==
  match          body#[0, 1]  cubSegmentedMax_f32_memref
  total: 1 matched / 1 bodies
",0,[],0,0,0,0,/home/arjaiswal/Polygeist/issues/aten_c_kernels/results/aten_max_values_cpu/debuf.mlir,2728,0,2,2,307.19806998968124,0,65472,0.06499886512756348,0,6,0,0,"[{""body_indices"": [0, 1], ""symbol"": ""cubSegmentedMax_f32_memref""}]",1,0,8,0.0,8
aten,aten_max_values_cpu,/home/arjaiswal/Polygeist/issues/aten_c_kernels/results/aten_max_values_cpu/debuf.mlir,e63a3da15121641bc7cbadecad0b7517070d9726fa07a9752fdedb54a6f69d8e,syntactic,3,ok,0,704.6506069600582,0,"[""/usr/bin/python3"", ""/home/arjaiswal/Polygeist/scripts/correctness/kernel_match_rewrite.py"", ""/home/arjaiswal/Polygeist/issues/aten_c_kernels/results/aten_max_values_cpu/debuf.mlir"", ""--dry-run"", ""--matcher-mode"", ""syntactic"", ""--telemetry-json"", ""/home/arjaiswal/Polygeist/issues/equality_saturation_eval/campaign_20260908/aten-aten_max_values_cpu-syntactic-ffhx_m72.json"", ""--disable-semantic-fallback""]","== match report for /home/arjaiswal/Polygeist/issues/aten_c_kernels/results/aten_max_values_cpu/debuf.mlir ==
  match          body#[0, 1]  cubSegmentedMax_f32_memref
  total: 1 matched / 1 bodies
",0,[],0,0,0,0,/home/arjaiswal/Polygeist/issues/aten_c_kernels/results/aten_max_values_cpu/debuf.mlir,2728,0,2,2,287.6537926495075,0,65756,0.04729628562927246,0,6,0,0,"[{""body_indices"": [0, 1], ""symbol"": ""cubSegmentedMax_f32_memref""}]",1,0,8,0.0,8
aten,aten_max_values_cpu,/home/arjaiswal/Polygeist/issues/aten_c_kernels/results/aten_max_values_cpu/debuf.mlir,e63a3da15121641bc7cbadecad0b7517070d9726fa07a9752fdedb54a6f69d8e,egglog,3,ok,0,808.369804173708,0,"[""/usr/bin/python3"", ""/home/arjaiswal/Polygeist/scripts/correctness/kernel_match_rewrite.py"", ""/home/arjaiswal/Polygeist/issues/aten_c_kernels/results/aten_max_values_cpu/debuf.mlir"", ""--dry-run"", ""--matcher-mode"", ""egglog"", ""--telemetry-json"", ""/home/arjaiswal/Polygeist/issues/equality_saturation_eval/campaign_20260908/aten-aten_max_values_cpu-egglog-smooyd9u.json"", ""--disable-semantic-fallback""]","== match report for /home/arjaiswal/Polygeist/issues/aten_c_kernels/results/aten_max_values_cpu/debuf.mlir ==
  match          body#[0, 1]  cubSegmentedMax_f32_memref
  total: 1 matched / 1 bodies
",0,[],0,0,0,0,/home/arjaiswal/Polygeist/issues/aten_c_kernels/results/aten_max_values_cpu/debuf.mlir,2728,8,2,2,384.3410275876522,0,69896,70.07718086242676,6,6,0,0,"[{""body_indices"": [0, 1], ""symbol"": ""cubSegmentedMax_f32_memref""}]",1,0,0,0.0,8
aten,aten_max_values_cpu,/home/arjaiswal/Polygeist/issues/aten_c_kernels/results/aten_max_values_cpu/debuf.mlir,e63a3da15121641bc7cbadecad0b7517070d9726fa07a9752fdedb54a6f69d8e,egglog,4,ok,0,802.5884255766869,0,"[""/usr/bin/python3"", ""/home/arjaiswal/Polygeist/scripts/correctness/kernel_match_rewrite.py"", ""/home/arjaiswal/Polygeist/issues/aten_c_kernels/results/aten_max_values_cpu/debuf.mlir"", ""--dry-run"", ""--matcher-mode"", ""egglog"", ""--telemetry-json"", ""/home/arjaiswal/Polygeist/issues/equality_saturation_eval/campaign_20260908/aten-aten_max_values_cpu-egglog-1b65tgze.json"", ""--disable-semantic-fallback""]","== match report for /home/arjaiswal/Polygeist/issues/aten_c_kernels/results/aten_max_values_cpu/debuf.mlir ==
  match          body#[0, 1]  cubSegmentedMax_f32_memref
  total: 1 matched / 1 bodies
",0,[],0,0,0,0,/home/arjaiswal/Polygeist/issues/aten_c_kernels/results/aten_max_values_cpu/debuf.mlir,2728,8,2,2,366.7786344885826,0,69608,63.18818777799606,6,6,0,0,"[{""body_indices"": [0, 1], ""symbol"": ""cubSegmentedMax_f32_memref""}]",1,0,0,0.0,8
aten,aten_max_values_cpu,/home/arjaiswal/Polygeist/issues/aten_c_kernels/results/aten_max_values_cpu/debuf.mlir,e63a3da15121641bc7cbadecad0b7517070d9726fa07a9752fdedb54a6f69d8e,syntactic,4,ok,0,726.9798703491688,0,"[""/usr/bin/python3"", ""/home/arjaiswal/Polygeist/scripts/correctness/kernel_match_rewrite.py"", ""/home/arjaiswal/Polygeist/issues/aten_c_kernels/results/aten_max_values_cpu/debuf.mlir"", ""--dry-run"", ""--matcher-mode"", ""syntactic"", ""--telemetry-json"", ""/home/arjaiswal/Polygeist/issues/equality_saturation_eval/campaign_20260908/aten-aten_max_values_cpu-syntactic-pd8duqxj.json"", ""--disable-semantic-fallback""]","== match report for /home/arjaiswal/Polygeist/issues/aten_c_kernels/results/aten_max_values_cpu/debuf.mlir ==
  match          body#[0, 1]  cubSegmentedMax_f32_memref
  total: 1 matched / 1 bodies
",0,[],0,0,0,0,/home/arjaiswal/Polygeist/issues/aten_c_kernels/results/aten_max_values_cpu/debuf.mlir,2728,0,2,2,307.26297572255135,0,65572,0.05463138222694397,0,6,0,0,"[{""body_indices"": [0, 1], ""symbol"": ""cubSegmentedMax_f32_memref""}]",1,0,8,0.0,8
aten,aten_max_values_cpu,/home/arjaiswal/Polygeist/issues/aten_c_kernels/results/aten_max_values_cpu/debuf.mlir,e63a3da15121641bc7cbadecad0b7517070d9726fa07a9752fdedb54a6f69d8e,syntactic,5,ok,0,698.973648250103,0,"[""/usr/bin/python3"", ""/home/arjaiswal/Polygeist/scripts/correctness/kernel_match_rewrite.py"", ""/home/arjaiswal/Polygeist/issues/aten_c_kernels/results/aten_max_values_cpu/debuf.mlir"", ""--dry-run"", ""--matcher-mode"", ""syntactic"", ""--telemetry-json"", ""/home/arjaiswal/Polygeist/issues/equality_saturation_eval/campaign_20260908/aten-aten_max_values_cpu-syntactic-8xwiev3y.json"", ""--disable-semantic-fallback""]","== match report for /home/arjaiswal/Polygeist/issues/aten_c_kernels/results/aten_max_values_cpu/debuf.mlir ==
  match          body#[0, 1]  cubSegmentedMax_f32_memref
  total: 1 matched / 1 bodies
",0,[],0,0,0,0,/home/arjaiswal/Polygeist/issues/aten_c_kernels/results/aten_max_values_cpu/debuf.mlir,2728,0,2,2,291.58781468868256,0,65636,0.04914402961730957,0,6,0,0,"[{""body_indices"": [0, 1], ""symbol"": ""cubSegmentedMax_f32_memref""}]",1,0,8,0.0,8
aten,aten_max_values_cpu,/home/arjaiswal/Polygeist/issues/aten_c_kernels/results/aten_max_values_cpu/debuf.mlir,e63a3da15121641bc7cbadecad0b7517070d9726fa07a9752fdedb54a6f69d8e,egglog,5,ok,0,795.6045791506767,0,"[""/usr/bin/python3"", ""/home/arjaiswal/Polygeist/scripts/correctness/kernel_match_rewrite.py"", ""/home/arjaiswal/Polygeist/issues/aten_c_kernels/results/aten_max_values_cpu/debuf.mlir"", ""--dry-run"", ""--matcher-mode"", ""egglog"", ""--telemetry-json"", ""/home/arjaiswal/Polygeist/issues/equality_saturation_eval/campaign_20260908/aten-aten_max_values_cpu-egglog-c7rc4ewh.json"", ""--disable-semantic-fallback""]","== match report for /home/arjaiswal/Polygeist/issues/aten_c_kernels/results/aten_max_values_cpu/debuf.mlir ==
  match          body#[0, 1]  cubSegmentedMax_f32_memref
  total: 1 matched / 1 bodies
",0,[],0,0,0,0,/home/arjaiswal/Polygeist/issues/aten_c_kernels/results/aten_max_values_cpu/debuf.mlir,2728,8,2,2,374.29017201066017,0,69896,63.22692707180977,6,6,0,0,"[{""body_indices"": [0, 1], ""symbol"": ""cubSegmentedMax_f32_memref""}]",1,0,0,0.0,8
aten,aten_maximum,/home/arjaiswal/Polygeist/issues/aten_c_kernels/results/aten_maximum/debuf.mlir,252d0b3918bb909bce454ba18b647032896a0c7b8c0f2a0c58cbfba25c4db0d3,egglog,1,ok,0,708.8360860943794,0,"[""/usr/bin/python3"", ""/home/arjaiswal/Polygeist/scripts/correctness/kernel_match_rewrite.py"", ""/home/arjaiswal/Polygeist/issues/aten_c_kernels/results/aten_maximum/debuf.mlir"", ""--dry-run"", ""--matcher-mode"", ""egglog"", ""--telemetry-json"", ""/home/arjaiswal/Polygeist/issues/equality_saturation_eval/campaign_20260908/aten-aten_maximum-egglog-itijre60.json"", ""--disable-semantic-fallback""]","== match report for /home/arjaiswal/Polygeist/issues/aten_c_kernels/results/aten_maximum/debuf.mlir ==
  match          body#[0]  cudnnPointwiseGraph_f32
  total: 1 matched / 1 bodies
",0,[],0,0,0,0,/home/arjaiswal/Polygeist/issues/aten_c_kernels/results/aten_maximum/debuf.mlir,1937,8,1,1,291.4466857910156,0,65700,0.0,0,0,0,0,"[{""body_indices"": [0], ""symbol"": ""cudnnPointwiseGraph_f32""}]",1,0,0,0.0,6
aten,aten_maximum,/home/arjaiswal/Polygeist/issues/aten_c_kernels/results/aten_maximum/debuf.mlir,252d0b3918bb909bce454ba18b647032896a0c7b8c0f2a0c58cbfba25c4db0d3,syntactic,1,ok,0,735.9691336750984,0,"[""/usr/bin/python3"", ""/home/arjaiswal/Polygeist/scripts/correctness/kernel_match_rewrite.py"", ""/home/arjaiswal/Polygeist/issues/aten_c_kernels/results/aten_maximum/debuf.mlir"", ""--dry-run"", ""--matcher-mode"", ""syntactic"", ""--telemetry-json"", ""/home/arjaiswal/Polygeist/issues/equality_saturation_eval/campaign_20260908/aten-aten_maximum-syntactic-jrkebl4r.json"", ""--disable-semantic-fallback""]","== match report for /home/arjaiswal/Polygeist/issues/aten_c_kernels/results/aten_maximum/debuf.mlir ==
  match          body#[0]  cudnnPointwiseGraph_f32
  total: 1 matched / 1 bodies
",0,[],0,0,0,0,/home/arjaiswal/Polygeist/issues/aten_c_kernels/results/aten_maximum/debuf.mlir,1937,0,1,1,307.1938082575798,0,65884,0.03198161721229553,0,0,0,0,"[{""body_indices"": [0], ""symbol"": ""cudnnPointwiseGraph_f32""}]",1,0,6,0.0,6
aten,aten_maximum,/home/arjaiswal/Polygeist/issues/aten_c_kernels/results/aten_maximum/debuf.mlir,252d0b3918bb909bce454ba18b647032896a0c7b8c0f2a0c58cbfba25c4db0d3,syntactic,2,ok,0,728.0653938651085,0,"[""/usr/bin/python3"", ""/home/arjaiswal/Polygeist/scripts/correctness/kernel_match_rewrite.py"", ""/home/arjaiswal/Polygeist/issues/aten_c_kernels/results/aten_maximum/debuf.mlir"", ""--dry-run"", ""--matcher-mode"", ""syntactic"", ""--telemetry-json"", ""/home/arjaiswal/Polygeist/issues/equality_saturation_eval/campaign_20260908/aten-aten_maximum-syntactic-2_i20hwm.json"", ""--disable-semantic-fallback""]","== match report for /home/arjaiswal/Polygeist/issues/aten_c_kernels/results/aten_maximum/debuf.mlir ==
  match          body#[0]  cudnnPointwiseGraph_f32
  total: 1 matched / 1 bodies
",0,[],0,0,0,0,/home/arjaiswal/Polygeist/issues/aten_c_kernels/results/aten_maximum/debuf.mlir,1937,0,1,1,305.9506565332413,0,65804,0.032067298889160156,0,0,0,0,"[{""body_indices"": [0], ""symbol"": ""cudnnPointwiseGraph_f32""}]",1,0,6,0.0,6
aten,aten_maximum,/home/arjaiswal/Polygeist/issues/aten_c_kernels/results/aten_maximum/debuf.mlir,252d0b3918bb909bce454ba18b647032896a0c7b8c0f2a0c58cbfba25c4db0d3,egglog,2,ok,0,737.3554222285748,0,"[""/usr/bin/python3"", ""/home/arjaiswal/Polygeist/scripts/correctness/kernel_match_rewrite.py"", ""/home/arjaiswal/Polygeist/issues/aten_c_kernels/results/aten_maximum/debuf.mlir"", ""--dry-run"", ""--matcher-mode"", ""egglog"", ""--telemetry-json"", ""/home/arjaiswal/Polygeist/issues/equality_saturation_eval/campaign_20260908/aten-aten_maximum-egglog-fwgejmyl.json"", ""--disable-semantic-fallback""]","== match report for /home/arjaiswal/Polygeist/issues/aten_c_kernels/results/aten_maximum/debuf.mlir ==
  match          body#[0]  cudnnPointwiseGraph_f32
  total: 1 matched / 1 bodies
",0,[],0,0,0,0,/home/arjaiswal/Polygeist/issues/aten_c_kernels/results/aten_maximum/debuf.mlir,1937,8,1,1,301.39313638210297,0,65652,0.0,0,0,0,0,"[{""body_indices"": [0], ""symbol"": ""cudnnPointwiseGraph_f32""}]",1,0,0,0.0,6
aten,aten_maximum,/home/arjaiswal/Polygeist/issues/aten_c_kernels/results/aten_maximum/debuf.mlir,252d0b3918bb909bce454ba18b647032896a0c7b8c0f2a0c58cbfba25c4db0d3,egglog,3,ok,0,718.3373048901558,0,"[""/usr/bin/python3"", ""/home/arjaiswal/Polygeist/scripts/correctness/kernel_match_rewrite.py"", ""/home/arjaiswal/Polygeist/issues/aten_c_kernels/results/aten_maximum/debuf.mlir"", ""--dry-run"", ""--matcher-mode"", ""egglog"", ""--telemetry-json"", ""/home/arjaiswal/Polygeist/issues/equality_saturation_eval/campaign_20260908/aten-aten_maximum-egglog-lpezbff5.json"", ""--disable-semantic-fallback""]","== match report for /home/arjaiswal/Polygeist/issues/aten_c_kernels/results/aten_maximum/debuf.mlir ==
  match          body#[0]  cudnnPointwiseGraph_f32
  total: 1 matched / 1 bodies
",0,[],0,0,0,0,/home/arjaiswal/Polygeist/issues/aten_c_kernels/results/aten_maximum/debuf.mlir,1937,8,1,1,299.5382212102413,0,65508,0.0,0,0,0,0,"[{""body_indices"": [0], ""symbol"": ""cudnnPointwiseGraph_f32""}]",1,0,0,0.0,6
aten,aten_maximum,/home/arjaiswal/Polygeist/issues/aten_c_kernels/results/aten_maximum/debuf.mlir,252d0b3918bb909bce454ba18b647032896a0c7b8c0f2a0c58cbfba25c4db0d3,syntactic,3,ok,0,728.5779416561127,0,"[""/usr/bin/python3"", ""/home/arjaiswal/Polygeist/scripts/correctness/kernel_match_rewrite.py"", ""/home/arjaiswal/Polygeist/issues/aten_c_kernels/results/aten_maximum/debuf.mlir"", ""--dry-run"", ""--matcher-mode"", ""syntactic"", ""--telemetry-json"", ""/home/arjaiswal/Polygeist/issues/equality_saturation_eval/campaign_20260908/aten-aten_maximum-syntactic-yvuzct25.json"", ""--disable-semantic-fallback""]","== match report for /home/arjaiswal/Polygeist/issues/aten_c_kernels/results/aten_maximum/debuf.mlir ==
  match          body#[0]  cudnnPointwiseGraph_f32
  total: 1 matched / 1 bodies
",0,[],0,0,0,0,/home/arjaiswal/Polygeist/issues/aten_c_kernels/results/aten_maximum/debuf.mlir,1937,0,1,1,304.8914894461632,0,65980,0.03349408507347107,0,0,0,0,"[{""body_indices"": [0], ""symbol"": ""cudnnPointwiseGraph_f32""}]",1,0,6,0.0,6
aten,aten_maximum,/home/arjaiswal/Polygeist/issues/aten_c_kernels/results/aten_maximum/debuf.mlir,252d0b3918bb909bce454ba18b647032896a0c7b8c0f2a0c58cbfba25c4db0d3,syntactic,4,ok,0,719.4375656545162,0,"[""/usr/bin/python3"", ""/home/arjaiswal/Polygeist/scripts/correctness/kernel_match_rewrite.py"", ""/home/arjaiswal/Polygeist/issues/aten_c_kernels/results/aten_maximum/debuf.mlir"", ""--dry-run"", ""--matcher-mode"", ""syntactic"", ""--telemetry-json"", ""/home/arjaiswal/Polygeist/issues/equality_saturation_eval/campaign_20260908/aten-aten_maximum-syntactic-mvzab_y4.json"", ""--disable-semantic-fallback""]","== match report for /home/arjaiswal/Polygeist/issues/aten_c_kernels/results/aten_maximum/debuf.mlir ==
  match          body#[0]  cudnnPointwiseGraph_f32
  total: 1 matched / 1 bodies
",0,[],0,0,0,0,/home/arjaiswal/Polygeist/issues/aten_c_kernels/results/aten_maximum/debuf.mlir,1937,0,1,1,305.670578032732,0,66020,0.0290796160697937,0,0,0,0,"[{""body_indices"": [0], ""symbol"": ""cudnnPointwiseGraph_f32""}]",1,0,6,0.0,6
aten,aten_maximum,/home/arjaiswal/Polygeist/issues/aten_c_kernels/results/aten_maximum/debuf.mlir,252d0b3918bb909bce454ba18b647032896a0c7b8c0f2a0c58cbfba25c4db0d3,egglog,4,ok,0,718.1711420416832,0,"[""/usr/bin/python3"", ""/home/arjaiswal/Polygeist/scripts/correctness/kernel_match_rewrite.py"", ""/home/arjaiswal/Polygeist/issues/aten_c_kernels/results/aten_maximum/debuf.mlir"", ""--dry-run"", ""--matcher-mode"", ""egglog"", ""--telemetry-json"", ""/home/arjaiswal/Polygeist/issues/equality_saturation_eval/campaign_20260908/aten-aten_maximum-egglog-pnt90law.json"", ""--disable-semantic-fallback""]","== match report for /home/arjaiswal/Polygeist/issues/aten_c_kernels/results/aten_maximum/debuf.mlir ==
  match          body#[0]  cudnnPointwiseGraph_f32
  total: 1 matched / 1 bodies
",0,[],0,0,0,0,/home/arjaiswal/Polygeist/issues/aten_c_kernels/results/aten_maximum/debuf.mlir,1937,8,1,1,295.21647095680237,0,65660,0.0,0,0,0,0,"[{""body_indices"": [0], ""symbol"": ""cudnnPointwiseGraph_f32""}]",1,0,0,0.0,6
aten,aten_maximum,/home/arjaiswal/Polygeist/issues/aten_c_kernels/results/aten_maximum/debuf.mlir,252d0b3918bb909bce454ba18b647032896a0c7b8c0f2a0c58cbfba25c4db0d3,egglog,5,ok,0,721.7852026224136,0,"[""/usr/bin/python3"", ""/home/arjaiswal/Polygeist/scripts/correctness/kernel_match_rewrite.py"", ""/home/arjaiswal/Polygeist/issues/aten_c_kernels/results/aten_maximum/debuf.mlir"", ""--dry-run"", ""--matcher-mode"", ""egglog"", ""--telemetry-json"", ""/home/arjaiswal/Polygeist/issues/equality_saturation_eval/campaign_20260908/aten-aten_maximum-egglog-s2f7vqgr.json"", ""--disable-semantic-fallback""]","== match report for /home/arjaiswal/Polygeist/issues/aten_c_kernels/results/aten_maximum/debuf.mlir ==
  match          body#[0]  cudnnPointwiseGraph_f32
  total: 1 matched / 1 bodies
",0,[],0,0,0,0,/home/arjaiswal/Polygeist/issues/aten_c_kernels/results/aten_maximum/debuf.mlir,1937,8,1,1,300.26406794786453,0,65600,0.0,0,0,0,0,"[{""body_indices"": [0], ""symbol"": ""cudnnPointwiseGraph_f32""}]",1,0,0,0.0,6
aten,aten_maximum,/home/arjaiswal/Polygeist/issues/aten_c_kernels/results/aten_maximum/debuf.mlir,252d0b3918bb909bce454ba18b647032896a0c7b8c0f2a0c58cbfba25c4db0d3,syntactic,5,ok,0,707.8710049390793,0,"[""/usr/bin/python3"", ""/home/arjaiswal/Polygeist/scripts/correctness/kernel_match_rewrite.py"", ""/home/arjaiswal/Polygeist/issues/aten_c_kernels/results/aten_maximum/debuf.mlir"", ""--dry-run"", ""--matcher-mode"", ""syntactic"", ""--telemetry-json"", ""/home/arjaiswal/Polygeist/issues/equality_saturation_eval/campaign_20260908/aten-aten_maximum-syntactic-ujz4re_o.json"", ""--disable-semantic-fallback""]","== match report for /home/arjaiswal/Polygeist/issues/aten_c_kernels/results/aten_maximum/debuf.mlir ==
  match          body#[0]  cudnnPointwiseGraph_f32
  total: 1 matched / 1 bodies
",0,[],0,0,0,0,/home/arjaiswal/Polygeist/issues/aten_c_kernels/results/aten_maximum/debuf.mlir,1937,0,1,1,300.0085763633251,0,65952,0.03213807940483093,0,0,0,0,"[{""body_indices"": [0], ""symbol"": ""cudnnPointwiseGraph_f32""}]",1,0,6,0.0,6
aten,aten_mean,/home/arjaiswal/Polygeist/issues/aten_c_kernels/results/aten_mean/debuf.mlir,5413aab4a878e54f912d0e43fa56663fd92749d49897edf86c2cbda66cdfc754,syntactic,1,ok,0,713.3886478841305,0,"[""/usr/bin/python3"", ""/home/arjaiswal/Polygeist/scripts/correctness/kernel_match_rewrite.py"", ""/home/arjaiswal/Polygeist/issues/aten_c_kernels/results/aten_mean/debuf.mlir"", ""--dry-run"", ""--matcher-mode"", ""syntactic"", ""--telemetry-json"", ""/home/arjaiswal/Polygeist/issues/equality_saturation_eval/campaign_20260908/aten-aten_mean-syntactic-2nzof4jw.json"", ""--disable-semantic-fallback""]","== match report for /home/arjaiswal/Polygeist/issues/aten_c_kernels/results/aten_mean/debuf.mlir ==
  match          body#[0]  cudnnReduceSum_f64
  total: 1 matched / 1 bodies
",0,[],0,0,0,0,/home/arjaiswal/Polygeist/issues/aten_c_kernels/results/aten_mean/debuf.mlir,2198,0,1,1,291.86609014868736,0,65728,0.031266361474990845,0,2,0,0,"[{""body_indices"": [0], ""symbol"": ""cudnnReduceSum_f64""}]",1,0,8,0.0,8
aten,aten_mean,/home/arjaiswal/Polygeist/issues/aten_c_kernels/results/aten_mean/debuf.mlir,5413aab4a878e54f912d0e43fa56663fd92749d49897edf86c2cbda66cdfc754,egglog,1,ok,0,742.2512546181679,0,"[""/usr/bin/python3"", ""/home/arjaiswal/Polygeist/scripts/correctness/kernel_match_rewrite.py"", ""/home/arjaiswal/Polygeist/issues/aten_c_kernels/results/aten_mean/debuf.mlir"", ""--dry-run"", ""--matcher-mode"", ""egglog"", ""--telemetry-json"", ""/home/arjaiswal/Polygeist/issues/equality_saturation_eval/campaign_20260908/aten-aten_mean-egglog-g4ievumy.json"", ""--disable-semantic-fallback""]","== match report for /home/arjaiswal/Polygeist/issues/aten_c_kernels/results/aten_mean/debuf.mlir ==
  match          body#[0]  cudnnReduceSum_f64
  total: 1 matched / 1 bodies
",0,[],0,0,0,0,/home/arjaiswal/Polygeist/issues/aten_c_kernels/results/aten_mean/debuf.mlir,2198,8,1,1,316.5293037891388,0,69248,21.329928189516068,2,2,0,4,"[{""body_indices"": [0], ""symbol"": ""cudnnReduceSum_f64""}]",1,0,0,0.0,8
aten,aten_mean,/home/arjaiswal/Polygeist/issues/aten_c_kernels/results/aten_mean/debuf.mlir,5413aab4a878e54f912d0e43fa56663fd92749d49897edf86c2cbda66cdfc754,egglog,2,ok,0,741.327740252018,0,"[""/usr/bin/python3"", ""/home/arjaiswal/Polygeist/scripts/correctness/kernel_match_rewrite.py"", ""/home/arjaiswal/Polygeist/issues/aten_c_kernels/results/aten_mean/debuf.mlir"", ""--dry-run"", ""--matcher-mode"", ""egglog"", ""--telemetry-json"", ""/home/arjaiswal/Polygeist/issues/equality_saturation_eval/campaign_20260908/aten-aten_mean-egglog-e19hwtlf.json"", ""--disable-semantic-fallback""]","== match report for /home/arjaiswal/Polygeist/issues/aten_c_kernels/results/aten_mean/debuf.mlir ==
  match          body#[0]  cudnnReduceSum_f64
  total: 1 matched / 1 bodies
",0,[],0,0,0,0,/home/arjaiswal/Polygeist/issues/aten_c_kernels/results/aten_mean/debuf.mlir,2198,8,1,1,311.85487657785416,0,69264,21.83007448911667,2,2,0,4,"[{""body_indices"": [0], ""symbol"": ""cudnnReduceSum_f64""}]",1,0,0,0.0,8
aten,aten_mean,/home/arjaiswal/Polygeist/issues/aten_c_kernels/results/aten_mean/debuf.mlir,5413aab4a878e54f912d0e43fa56663fd92749d49897edf86c2cbda66cdfc754,syntactic,2,ok,0,705.5552564561367,0,"[""/usr/bin/python3"", ""/home/arjaiswal/Polygeist/scripts/correctness/kernel_match_rewrite.py"", ""/home/arjaiswal/Polygeist/issues/aten_c_kernels/results/aten_mean/debuf.mlir"", ""--dry-run"", ""--matcher-mode"", ""syntactic"", ""--telemetry-json"", ""/home/arjaiswal/Polygeist/issues/equality_saturation_eval/campaign_20260908/aten-aten_mean-syntactic-91w7xt4r.json"", ""--disable-semantic-fallback""]","== match report for /home/arjaiswal/Polygeist/issues/aten_c_kernels/results/aten_mean/debuf.mlir ==
  match          body#[0]  cudnnReduceSum_f64
  total: 1 matched / 1 bodies
",0,[],0,0,0,0,/home/arjaiswal/Polygeist/issues/aten_c_kernels/results/aten_mean/debuf.mlir,2198,0,1,1,285.7031896710396,0,65624,0.030510127544403076,0,2,0,0,"[{""body_indices"": [0], ""symbol"": ""cudnnReduceSum_f64""}]",1,0,8,0.0,8
aten,aten_mean,/home/arjaiswal/Polygeist/issues/aten_c_kernels/results/aten_mean/debuf.mlir,5413aab4a878e54f912d0e43fa56663fd92749d49897edf86c2cbda66cdfc754,syntactic,3,ok,0,724.478654563427,0,"[""/usr/bin/python3"", ""/home/arjaiswal/Polygeist/scripts/correctness/kernel_match_rewrite.py"", ""/home/arjaiswal/Polygeist/issues/aten_c_kernels/results/aten_mean/debuf.mlir"", ""--dry-run"", ""--matcher-mode"", ""syntactic"", ""--telemetry-json"", ""/home/arjaiswal/Polygeist/issues/equality_saturation_eval/campaign_20260908/aten-aten_mean-syntactic-rm85l0xy.json"", ""--disable-semantic-fallback""]","== match report for /home/arjaiswal/Polygeist/issues/aten_c_kernels/results/aten_mean/debuf.mlir ==
  match          body#[0]  cudnnReduceSum_f64
  total: 1 matched / 1 bodies
",0,[],0,0,0,0,/home/arjaiswal/Polygeist/issues/aten_c_kernels/results/aten_mean/debuf.mlir,2198,0,1,1,301.9317537546158,0,65656,0.03582984209060669,0,2,0,0,"[{""body_indices"": [0], ""symbol"": ""cudnnReduceSum_f64""}]",1,0,8,0.0,8
aten,aten_mean,/home/arjaiswal/Polygeist/issues/aten_c_kernels/results/aten_mean/debuf.mlir,5413aab4a878e54f912d0e43fa56663fd92749d49897edf86c2cbda66cdfc754,egglog,3,ok,0,723.7574569880962,0,"[""/usr/bin/python3"", ""/home/arjaiswal/Polygeist/scripts/correctness/kernel_match_rewrite.py"", ""/home/arjaiswal/Polygeist/issues/aten_c_kernels/results/aten_mean/debuf.mlir"", ""--dry-run"", ""--matcher-mode"", ""egglog"", ""--telemetry-json"", ""/home/arjaiswal/Polygeist/issues/equality_saturation_eval/campaign_20260908/aten-aten_mean-egglog-9d8o_z7g.json"", ""--disable-semantic-fallback""]","== match report for /home/arjaiswal/Polygeist/issues/aten_c_kernels/results/aten_mean/debuf.mlir ==
  match          body#[0]  cudnnReduceSum_f64
  total: 1 matched / 1 bodies
",0,[],0,0,0,0,/home/arjaiswal/Polygeist/issues/aten_c_kernels/results/aten_mean/debuf.mlir,2198,8,1,1,308.1595003604889,0,69164,21.03780210018158,2,2,0,4,"[{""body_indices"": [0], ""symbol"": ""cudnnReduceSum_f64""}]",1,0,0,0.0,8
aten,aten_mean,/home/arjaiswal/Polygeist/issues/aten_c_kernels/results/aten_mean/debuf.mlir,5413aab4a878e54f912d0e43fa56663fd92749d49897edf86c2cbda66cdfc754,egglog,4,ok,0,711.5892954170704,0,"[""/usr/bin/python3"", ""/home/arjaiswal/Polygeist/scripts/correctness/kernel_match_rewrite.py"", ""/home/arjaiswal/Polygeist/issues/aten_c_kernels/results/aten_mean/debuf.mlir"", ""--dry-run"", ""--matcher-mode"", ""egglog"", ""--telemetry-json"", ""/home/arjaiswal/Polygeist/issues/equality_saturation_eval/campaign_20260908/aten-aten_mean-egglog-1vqyuj1n.json"", ""--disable-semantic-fallback""]","== match report for /home/arjaiswal/Polygeist/issues/aten_c_kernels/results/aten_mean/debuf.mlir ==
  match          body#[0]  cudnnReduceSum_f64
  total: 1 matched / 1 bodies
",0,[],0,0,0,0,/home/arjaiswal/Polygeist/issues/aten_c_kernels/results/aten_mean/debuf.mlir,2198,8,1,1,306.9661110639572,0,69304,22.224608808755875,2,2,0,4,"[{""body_indices"": [0], ""symbol"": ""cudnnReduceSum_f64""}]",1,0,0,0.0,8
aten,aten_mean,/home/arjaiswal/Polygeist/issues/aten_c_kernels/results/aten_mean/debuf.mlir,5413aab4a878e54f912d0e43fa56663fd92749d49897edf86c2cbda66cdfc754,syntactic,4,ok,0,715.1940576732159,0,"[""/usr/bin/python3"", ""/home/arjaiswal/Polygeist/scripts/correctness/kernel_match_rewrite.py"", ""/home/arjaiswal/Polygeist/issues/aten_c_kernels/results/aten_mean/debuf.mlir"", ""--dry-run"", ""--matcher-mode"", ""syntactic"", ""--telemetry-json"", ""/home/arjaiswal/Polygeist/issues/equality_saturation_eval/campaign_20260908/aten-aten_mean-syntactic-olgvcqsx.json"", ""--disable-semantic-fallback""]","== match report for /home/arjaiswal/Polygeist/issues/aten_c_kernels/results/aten_mean/debuf.mlir ==
  match          body#[0]  cudnnReduceSum_f64
  total: 1 matched / 1 bodies
",0,[],0,0,0,0,/home/arjaiswal/Polygeist/issues/aten_c_kernels/results/aten_mean/debuf.mlir,2198,0,1,1,292.56628453731537,0,65728,0.032685697078704834,0,2,0,0,"[{""body_indices"": [0], ""symbol"": ""cudnnReduceSum_f64""}]",1,0,8,0.0,8
aten,aten_mean,/home/arjaiswal/Polygeist/issues/aten_c_kernels/results/aten_mean/debuf.mlir,5413aab4a878e54f912d0e43fa56663fd92749d49897edf86c2cbda66cdfc754,syntactic,5,ok,0,724.5019525289536,0,"[""/usr/bin/python3"", ""/home/arjaiswal/Polygeist/scripts/correctness/kernel_match_rewrite.py"", ""/home/arjaiswal/Polygeist/issues/aten_c_kernels/results/aten_mean/debuf.mlir"", ""--dry-run"", ""--matcher-mode"", ""syntactic"", ""--telemetry-json"", ""/home/arjaiswal/Polygeist/issues/equality_saturation_eval/campaign_20260908/aten-aten_mean-syntactic-7wqp_rc_.json"", ""--disable-semantic-fallback""]","== match report for /home/arjaiswal/Polygeist/issues/aten_c_kernels/results/aten_mean/debuf.mlir ==
  match          body#[0]  cudnnReduceSum_f64
  total: 1 matched / 1 bodies
",0,[],0,0,0,0,/home/arjaiswal/Polygeist/issues/aten_c_kernels/results/aten_mean/debuf.mlir,2198,0,1,1,306.4322806894779,0,65676,0.03921985626220703,0,2,0,0,"[{""body_indices"": [0], ""symbol"": ""cudnnReduceSum_f64""}]",1,0,8,0.0,8
aten,aten_mean,/home/arjaiswal/Polygeist/issues/aten_c_kernels/results/aten_mean/debuf.mlir,5413aab4a878e54f912d0e43fa56663fd92749d49897edf86c2cbda66cdfc754,egglog,5,ok,0,770.6312425434589,0,"[""/usr/bin/python3"", ""/home/arjaiswal/Polygeist/scripts/correctness/kernel_match_rewrite.py"", ""/home/arjaiswal/Polygeist/issues/aten_c_kernels/results/aten_mean/debuf.mlir"", ""--dry-run"", ""--matcher-mode"", ""egglog"", ""--telemetry-json"", ""/home/arjaiswal/Polygeist/issues/equality_saturation_eval/campaign_20260908/aten-aten_mean-egglog-nu8wxfno.json"", ""--disable-semantic-fallback""]","== match report for /home/arjaiswal/Polygeist/issues/aten_c_kernels/results/aten_mean/debuf.mlir ==
  match          body#[0]  cudnnReduceSum_f64
  total: 1 matched / 1 bodies
",0,[],0,0,0,0,/home/arjaiswal/Polygeist/issues/aten_c_kernels/results/aten_mean/debuf.mlir,2198,8,1,1,331.5902352333069,0,69180,21.330740302801132,2,2,0,4,"[{""body_indices"": [0], ""symbol"": ""cudnnReduceSum_f64""}]",1,0,0,0.0,8
aten,aten_median_indices_cpu,/home/arjaiswal/Polygeist/issues/aten_c_kernels/results/aten_median_indices_cpu/debuf.mlir,e20002913cd96145f2e9a5a4b43341e3c5e401f7a3c37cd1880a37718563461e,egglog,1,ok,0,955.4804898798466,0,"[""/usr/bin/python3"", ""/home/arjaiswal/Polygeist/scripts/correctness/kernel_match_rewrite.py"", ""/home/arjaiswal/Polygeist/issues/aten_c_kernels/results/aten_median_indices_cpu/debuf.mlir"", ""--dry-run"", ""--matcher-mode"", ""egglog"", ""--telemetry-json"", ""/home/arjaiswal/Polygeist/issues/equality_saturation_eval/campaign_20260908/aten-aten_median_indices_cpu-egglog-74szxz06.json"", ""--disable-semantic-fallback""]","== match report for /home/arjaiswal/Polygeist/issues/aten_c_kernels/results/aten_median_indices_cpu/debuf.mlir ==
  match          body#[0]  cudaCopy1D_f32_tensor
  no_match       body#1  ?
  total: 1 matched / 2 bodies
",0,[],0,0,0,0,/home/arjaiswal/Polygeist/issues/aten_c_kernels/results/aten_median_indices_cpu/debuf.mlir,4562,8,2,1,459.66077223420143,1,69744,62.4845027923584,6,6,0,0,"[{""body_indices"": [0], ""symbol"": ""cudaCopy1D_f32_tensor""}]",1,0,0,0.0,60
aten,aten_median_indices_cpu,/home/arjaiswal/Polygeist/issues/aten_c_kernels/results/aten_median_indices_cpu/debuf.mlir,e20002913cd96145f2e9a5a4b43341e3c5e401f7a3c37cd1880a37718563461e,syntactic,1,ok,0,841.6968397796154,0,"[""/usr/bin/python3"", ""/home/arjaiswal/Polygeist/scripts/correctness/kernel_match_rewrite.py"", ""/home/arjaiswal/Polygeist/issues/aten_c_kernels/results/aten_median_indices_cpu/debuf.mlir"", ""--dry-run"", ""--matcher-mode"", ""syntactic"", ""--telemetry-json"", ""/home/arjaiswal/Polygeist/issues/equality_saturation_eval/campaign_20260908/aten-aten_median_indices_cpu-syntactic-60viko2r.json"", ""--disable-semantic-fallback""]","== match report for /home/arjaiswal/Polygeist/issues/aten_c_kernels/results/aten_median_indices_cpu/debuf.mlir ==
  match          body#[0]  cudaCopy1D_f32_tensor
  no_match       body#1  ?
  total: 1 matched / 2 bodies
",0,[],0,0,0,0,/home/arjaiswal/Polygeist/issues/aten_c_kernels/results/aten_median_indices_cpu/debuf.mlir,4562,0,2,1,400.45347809791565,1,65940,0.1489296555519104,0,6,0,0,"[{""body_indices"": [0], ""symbol"": ""cudaCopy1D_f32_tensor""}]",1,0,60,0.0,60
aten,aten_median_indices_cpu,/home/arjaiswal/Polygeist/issues/aten_c_kernels/results/aten_median_indices_cpu/debuf.mlir,e20002913cd96145f2e9a5a4b43341e3c5e401f7a3c37cd1880a37718563461e,syntactic,2,ok,0,847.1620567142963,0,"[""/usr/bin/python3"", ""/home/arjaiswal/Polygeist/scripts/correctness/kernel_match_rewrite.py"", ""/home/arjaiswal/Polygeist/issues/aten_c_kernels/results/aten_median_indices_cpu/debuf.mlir"", ""--dry-run"", ""--matcher-mode"", ""syntactic"", ""--telemetry-json"", ""/home/arjaiswal/Polygeist/issues/equality_saturation_eval/campaign_20260908/aten-aten_median_indices_cpu-syntactic-6tpha5jx.json"", ""--disable-semantic-fallback""]","== match report for /home/arjaiswal/Polygeist/issues/aten_c_kernels/results/aten_median_indices_cpu/debuf.mlir ==
  match          body#[0]  cudaCopy1D_f32_tensor
  no_match       body#1  ?
  total: 1 matched / 2 bodies
",0,[],0,0,0,0,/home/arjaiswal/Polygeist/issues/aten_c_kernels/results/aten_median_indices_cpu/debuf.mlir,4562,0,2,1,412.28052228689194,1,66112,0.1530759036540985,0,6,0,0,"[{""body_indices"": [0], ""symbol"": ""cudaCopy1D_f32_tensor""}]",1,0,60,0.0,60
aten,aten_median_indices_cpu,/home/arjaiswal/Polygeist/issues/aten_c_kernels/results/aten_median_indices_cpu/debuf.mlir,e20002913cd96145f2e9a5a4b43341e3c5e401f7a3c37cd1880a37718563461e,egglog,2,ok,0,931.0985319316387,0,"[""/usr/bin/python3"", ""/home/arjaiswal/Polygeist/scripts/correctness/kernel_match_rewrite.py"", ""/home/arjaiswal/Polygeist/issues/aten_c_kernels/results/aten_median_indices_cpu/debuf.mlir"", ""--dry-run"", ""--matcher-mode"", ""egglog"", ""--telemetry-json"", ""/home/arjaiswal/Polygeist/issues/equality_saturation_eval/campaign_20260908/aten-aten_median_indices_cpu-egglog-enyc4se2.json"", ""--disable-semantic-fallback""]","== match report for /home/arjaiswal/Polygeist/issues/aten_c_kernels/results/aten_median_indices_cpu/debuf.mlir ==
  match          body#[0]  cudaCopy1D_f32_tensor
  no_match       body#1  ?
  total: 1 matched / 2 bodies
",0,[],0,0,0,0,/home/arjaiswal/Polygeist/issues/aten_c_kernels/results/aten_median_indices_cpu/debuf.mlir,4562,8,2,1,493.17311123013496,1,70024,64.76867198944092,6,6,0,0,"[{""body_indices"": [0], ""symbol"": ""cudaCopy1D_f32_tensor""}]",1,0,0,0.0,60
aten,aten_median_indices_cpu,/home/arjaiswal/Polygeist/issues/aten_c_kernels/results/aten_median_indices_cpu/debuf.mlir,e20002913cd96145f2e9a5a4b43341e3c5e401f7a3c37cd1880a37718563461e,egglog,3,ok,0,880.3877606987953,0,"[""/usr/bin/python3"", ""/home/arjaiswal/Polygeist/scripts/correctness/kernel_match_rewrite.py"", ""/home/arjaiswal/Polygeist/issues/aten_c_kernels/results/aten_median_indices_cpu/debuf.mlir"", ""--dry-run"", ""--matcher-mode"", ""egglog"", ""--telemetry-json"", ""/home/arjaiswal/Polygeist/issues/equality_saturation_eval/campaign_20260908/aten-aten_median_indices_cpu-egglog-ge3d0q_a.json"", ""--disable-semantic-fallback""]","== match report for /home/arjaiswal/Polygeist/issues/aten_c_kernels/results/aten_median_indices_cpu/debuf.mlir ==
  match          body#[0]  cudaCopy1D_f32_tensor
  no_match       body#1  ?
  total: 1 matched / 2 bodies
",0,[],0,0,0,0,/home/arjaiswal/Polygeist/issues/aten_c_kernels/results/aten_median_indices_cpu/debuf.mlir,4562,8,2,1,467.6002413034439,1,69984,62.47835233807564,6,6,0,0,"[{""body_indices"": [0], ""symbol"": ""cudaCopy1D_f32_tensor""}]",1,0,0,0.0,60
aten,aten_median_indices_cpu,/home/arjaiswal/Polygeist/issues/aten_c_kernels/results/aten_median_indices_cpu/debuf.mlir,e20002913cd96145f2e9a5a4b43341e3c5e401f7a3c37cd1880a37718563461e,syntactic,3,ok,0,830.0690948963165,0,"[""/usr/bin/python3"", ""/home/arjaiswal/Polygeist/scripts/correctness/kernel_match_rewrite.py"", ""/home/arjaiswal/Polygeist/issues/aten_c_kernels/results/aten_median_indices_cpu/debuf.mlir"", ""--dry-run"", ""--matcher-mode"", ""syntactic"", ""--telemetry-json"", ""/home/arjaiswal/Polygeist/issues/equality_saturation_eval/campaign_20260908/aten-aten_median_indices_cpu-syntactic-l6gcavyi.json"", ""--disable-semantic-fallback""]","== match report for /home/arjaiswal/Polygeist/issues/aten_c_kernels/results/aten_median_indices_cpu/debuf.mlir ==
  match          body#[0]  cudaCopy1D_f32_tensor
  no_match       body#1  ?
  total: 1 matched / 2 bodies
",0,[],0,0,0,0,/home/arjaiswal/Polygeist/issues/aten_c_kernels/results/aten_median_indices_cpu/debuf.mlir,4562,0,2,1,407.26542100310326,1,65892,0.151708722114563,0,6,0,0,"[{""body_indices"": [0], ""symbol"": ""cudaCopy1D_f32_tensor""}]",1,0,60,0.0,60
aten,aten_median_indices_cpu,/home/arjaiswal/Polygeist/issues/aten_c_kernels/results/aten_median_indices_cpu/debuf.mlir,e20002913cd96145f2e9a5a4b43341e3c5e401f7a3c37cd1880a37718563461e,syntactic,4,ok,0,805.4179251194,0,"[""/usr/bin/python3"", ""/home/arjaiswal/Polygeist/scripts/correctness/kernel_match_rewrite.py"", ""/home/arjaiswal/Polygeist/issues/aten_c_kernels/results/aten_median_indices_cpu/debuf.mlir"", ""--dry-run"", ""--matcher-mode"", ""syntactic"", ""--telemetry-json"", ""/home/arjaiswal/Polygeist/issues/equality_saturation_eval/campaign_20260908/aten-aten_median_indices_cpu-syntactic-_jyjhkgu.json"", ""--disable-semantic-fallback""]","== match report for /home/arjaiswal/Polygeist/issues/aten_c_kernels/results/aten_median_indices_cpu/debuf.mlir ==
  match          body#[0]  cudaCopy1D_f32_tensor
  no_match       body#1  ?
  total: 1 matched / 2 bodies
",0,[],0,0,0,0,/home/arjaiswal/Polygeist/issues/aten_c_kernels/results/aten_median_indices_cpu/debuf.mlir,4562,0,2,1,391.7117565870285,1,65888,0.14536455273628235,0,6,0,0,"[{""body_indices"": [0], ""symbol"": ""cudaCopy1D_f32_tensor""}]",1,0,60,0.0,60
aten,aten_median_indices_cpu,/home/arjaiswal/Polygeist/issues/aten_c_kernels/results/aten_median_indices_cpu/debuf.mlir,e20002913cd96145f2e9a5a4b43341e3c5e401f7a3c37cd1880a37718563461e,egglog,4,ok,0,890.7415345311165,0,"[""/usr/bin/python3"", ""/home/arjaiswal/Polygeist/scripts/correctness/kernel_match_rewrite.py"", ""/home/arjaiswal/Polygeist/issues/aten_c_kernels/results/aten_median_indices_cpu/debuf.mlir"", ""--dry-run"", ""--matcher-mode"", ""egglog"", ""--telemetry-json"", ""/home/arjaiswal/Polygeist/issues/equality_saturation_eval/campaign_20260908/aten-aten_median_indices_cpu-egglog-tfsuzdp8.json"", ""--disable-semantic-fallback""]","== match report for /home/arjaiswal/Polygeist/issues/aten_c_kernels/results/aten_median_indices_cpu/debuf.mlir ==
  match          body#[0]  cudaCopy1D_f32_tensor
  no_match       body#1  ?
  total: 1 matched / 2 bodies
",0,[],0,0,0,0,/home/arjaiswal/Polygeist/issues/aten_c_kernels/results/aten_median_indices_cpu/debuf.mlir,4562,8,2,1,467.0570641756058,1,69752,61.63604557514191,6,6,0,0,"[{""body_indices"": [0], ""symbol"": ""cudaCopy1D_f32_tensor""}]",1,0,0,0.0,60
aten,aten_median_indices_cpu,/home/arjaiswal/Polygeist/issues/aten_c_kernels/results/aten_median_indices_cpu/debuf.mlir,e20002913cd96145f2e9a5a4b43341e3c5e401f7a3c37cd1880a37718563461e,egglog,5,ok,0,881.199162453413,0,"[""/usr/bin/python3"", ""/home/arjaiswal/Polygeist/scripts/correctness/kernel_match_rewrite.py"", ""/home/arjaiswal/Polygeist/issues/aten_c_kernels/results/aten_median_indices_cpu/debuf.mlir"", ""--dry-run"", ""--matcher-mode"", ""egglog"", ""--telemetry-json"", ""/home/arjaiswal/Polygeist/issues/equality_saturation_eval/campaign_20260908/aten-aten_median_indices_cpu-egglog-ijyl2way.json"", ""--disable-semantic-fallback""]","== match report for /home/arjaiswal/Polygeist/issues/aten_c_kernels/results/aten_median_indices_cpu/debuf.mlir ==
  match          body#[0]  cudaCopy1D_f32_tensor
  no_match       body#1  ?
  total: 1 matched / 2 bodies
",0,[],0,0,0,0,/home/arjaiswal/Polygeist/issues/aten_c_kernels/results/aten_median_indices_cpu/debuf.mlir,4562,8,2,1,472.04556316137314,1,70040,64.08854201436043,6,6,0,0,"[{""body_indices"": [0], ""symbol"": ""cudaCopy1D_f32_tensor""}]",1,0,0,0.0,60
aten,aten_median_indices_cpu,/home/arjaiswal/Polygeist/issues/aten_c_kernels/results/aten_median_indices_cpu/debuf.mlir,e20002913cd96145f2e9a5a4b43341e3c5e401f7a3c37cd1880a37718563461e,syntactic,5,ok,0,818.9497739076614,0,"[""/usr/bin/python3"", ""/home/arjaiswal/Polygeist/scripts/correctness/kernel_match_rewrite.py"", ""/home/arjaiswal/Polygeist/issues/aten_c_kernels/results/aten_median_indices_cpu/debuf.mlir"", ""--dry-run"", ""--matcher-mode"", ""syntactic"", ""--telemetry-json"", ""/home/arjaiswal/Polygeist/issues/equality_saturation_eval/campaign_20260908/aten-aten_median_indices_cpu-syntactic-vr7as5l1.json"", ""--disable-semantic-fallback""]","== match report for /home/arjaiswal/Polygeist/issues/aten_c_kernels/results/aten_median_indices_cpu/debuf.mlir ==
  match          body#[0]  cudaCopy1D_f32_tensor
  no_match       body#1  ?
  total: 1 matched / 2 bodies
",0,[],0,0,0,0,/home/arjaiswal/Polygeist/issues/aten_c_kernels/results/aten_median_indices_cpu/debuf.mlir,4562,0,2,1,395.99547162652016,1,65700,0.14812126755714417,0,6,0,0,"[{""body_indices"": [0], ""symbol"": ""cudaCopy1D_f32_tensor""}]",1,0,60,0.0,60
aten,aten_min_all_cpu,/home/arjaiswal/Polygeist/issues/aten_c_kernels/results/aten_min_all_cpu/debuf.mlir,4081e98d31e7083374a9356cb6863d7d08720b009c7c4088f08d44821a7d6630,syntactic,1,ok,0,695.0726211071014,0,"[""/usr/bin/python3"", ""/home/arjaiswal/Polygeist/scripts/correctness/kernel_match_rewrite.py"", ""/home/arjaiswal/Polygeist/issues/aten_c_kernels/results/aten_min_all_cpu/debuf.mlir"", ""--dry-run"", ""--matcher-mode"", ""syntactic"", ""--telemetry-json"", ""/home/arjaiswal/Polygeist/issues/equality_saturation_eval/campaign_20260908/aten-aten_min_all_cpu-syntactic-krjy3ql_.json"", ""--disable-semantic-fallback""]","== match report for /home/arjaiswal/Polygeist/issues/aten_c_kernels/results/aten_min_all_cpu/debuf.mlir ==
  match          body#[0]  cudnnReduceMin_f32
  total: 1 matched / 1 bodies
",0,[],0,0,0,0,/home/arjaiswal/Polygeist/issues/aten_c_kernels/results/aten_min_all_cpu/debuf.mlir,2397,0,1,1,284.61407124996185,0,65608,0.030566006898880005,0,2,0,0,"[{""body_indices"": [0], ""symbol"": ""cudnnReduceMin_f32""}]",1,0,4,0.0,4
aten,aten_min_all_cpu,/home/arjaiswal/Polygeist/issues/aten_c_kernels/results/aten_min_all_cpu/debuf.mlir,4081e98d31e7083374a9356cb6863d7d08720b009c7c4088f08d44821a7d6630,egglog,1,ok,0,747.5794069468975,0,"[""/usr/bin/python3"", ""/home/arjaiswal/Polygeist/scripts/correctness/kernel_match_rewrite.py"", ""/home/arjaiswal/Polygeist/issues/aten_c_kernels/results/aten_min_all_cpu/debuf.mlir"", ""--dry-run"", ""--matcher-mode"", ""egglog"", ""--telemetry-json"", ""/home/arjaiswal/Polygeist/issues/equality_saturation_eval/campaign_20260908/aten-aten_min_all_cpu-egglog-qt49425j.json"", ""--disable-semantic-fallback""]","== match report for /home/arjaiswal/Polygeist/issues/aten_c_kernels/results/aten_min_all_cpu/debuf.mlir ==
  match          body#[0]  cudnnReduceMin_f32
  total: 1 matched / 1 bodies
",0,[],0,0,0,0,/home/arjaiswal/Polygeist/issues/aten_c_kernels/results/aten_min_all_cpu/debuf.mlir,2397,8,1,1,307.79439210891724,0,69468,21.48260921239853,2,2,0,0,"[{""body_indices"": [0], ""symbol"": ""cudnnReduceMin_f32""}]",1,0,0,0.0,4
aten,aten_min_all_cpu,/home/arjaiswal/Polygeist/issues/aten_c_kernels/results/aten_min_all_cpu/debuf.mlir,4081e98d31e7083374a9356cb6863d7d08720b009c7c4088f08d44821a7d6630,egglog,2,ok,0,733.9146807789803,0,"[""/usr/bin/python3"", ""/home/arjaiswal/Polygeist/scripts/correctness/kernel_match_rewrite.py"", ""/home/arjaiswal/Polygeist/issues/aten_c_kernels/results/aten_min_all_cpu/debuf.mlir"", ""--dry-run"", ""--matcher-mode"", ""egglog"", ""--telemetry-json"", ""/home/arjaiswal/Polygeist/issues/equality_saturation_eval/campaign_20260908/aten-aten_min_all_cpu-egglog-1d0x3o8w.json"", ""--disable-semantic-fallback""]","== match report for /home/arjaiswal/Polygeist/issues/aten_c_kernels/results/aten_min_all_cpu/debuf.mlir ==
  match          body#[0]  cudnnReduceMin_f32
  total: 1 matched / 1 bodies
",0,[],0,0,0,0,/home/arjaiswal/Polygeist/issues/aten_c_kernels/results/aten_min_all_cpu/debuf.mlir,2397,8,1,1,311.6578049957752,0,69600,25.340236723423004,2,2,0,0,"[{""body_indices"": [0], ""symbol"": ""cudnnReduceMin_f32""}]",1,0,0,0.0,4
aten,aten_min_all_cpu,/home/arjaiswal/Polygeist/issues/aten_c_kernels/results/aten_min_all_cpu/debuf.mlir,4081e98d31e7083374a9356cb6863d7d08720b009c7c4088f08d44821a7d6630,syntactic,2,ok,0,678.5677783191204,0,"[""/usr/bin/python3"", ""/home/arjaiswal/Polygeist/scripts/correctness/kernel_match_rewrite.py"", ""/home/arjaiswal/Polygeist/issues/aten_c_kernels/results/aten_min_all_cpu/debuf.mlir"", ""--dry-run"", ""--matcher-mode"", ""syntactic"", ""--telemetry-json"", ""/home/arjaiswal/Polygeist/issues/equality_saturation_eval/campaign_20260908/aten-aten_min_all_cpu-syntactic-69hmbq39.json"", ""--disable-semantic-fallback""]","== match report for /home/arjaiswal/Polygeist/issues/aten_c_kernels/results/aten_min_all_cpu/debuf.mlir ==
  match          body#[0]  cudnnReduceMin_f32
  total: 1 matched / 1 bodies
",0,[],0,0,0,0,/home/arjaiswal/Polygeist/issues/aten_c_kernels/results/aten_min_all_cpu/debuf.mlir,2397,0,1,1,273.20655062794685,0,65560,0.028971582651138306,0,2,0,0,"[{""body_indices"": [0], ""symbol"": ""cudnnReduceMin_f32""}]",1,0,4,0.0,4
aten,aten_min_all_cpu,/home/arjaiswal/Polygeist/issues/aten_c_kernels/results/aten_min_all_cpu/debuf.mlir,4081e98d31e7083374a9356cb6863d7d08720b009c7c4088f08d44821a7d6630,syntactic,3,ok,0,687.7140402793884,0,"[""/usr/bin/python3"", ""/home/arjaiswal/Polygeist/scripts/correctness/kernel_match_rewrite.py"", ""/home/arjaiswal/Polygeist/issues/aten_c_kernels/results/aten_min_all_cpu/debuf.mlir"", ""--dry-run"", ""--matcher-mode"", ""syntactic"", ""--telemetry-json"", ""/home/arjaiswal/Polygeist/issues/equality_saturation_eval/campaign_20260908/aten-aten_min_all_cpu-syntactic-k2p14_yx.json"", ""--disable-semantic-fallback""]","== match report for /home/arjaiswal/Polygeist/issues/aten_c_kernels/results/aten_min_all_cpu/debuf.mlir ==
  match          body#[0]  cudnnReduceMin_f32
  total: 1 matched / 1 bodies
",0,[],0,0,0,0,/home/arjaiswal/Polygeist/issues/aten_c_kernels/results/aten_min_all_cpu/debuf.mlir,2397,0,1,1,283.3784259855747,0,65728,0.03509595990180969,0,2,0,0,"[{""body_indices"": [0], ""symbol"": ""cudnnReduceMin_f32""}]",1,0,4,0.0,4
aten,aten_min_all_cpu,/home/arjaiswal/Polygeist/issues/aten_c_kernels/results/aten_min_all_cpu/debuf.mlir,4081e98d31e7083374a9356cb6863d7d08720b009c7c4088f08d44821a7d6630,egglog,3,ok,0,777.693085372448,0,"[""/usr/bin/python3"", ""/home/arjaiswal/Polygeist/scripts/correctness/kernel_match_rewrite.py"", ""/home/arjaiswal/Polygeist/issues/aten_c_kernels/results/aten_min_all_cpu/debuf.mlir"", ""--dry-run"", ""--matcher-mode"", ""egglog"", ""--telemetry-json"", ""/home/arjaiswal/Polygeist/issues/equality_saturation_eval/campaign_20260908/aten-aten_min_all_cpu-egglog-se8mifqh.json"", ""--disable-semantic-fallback""]","== match report for /home/arjaiswal/Polygeist/issues/aten_c_kernels/results/aten_min_all_cpu/debuf.mlir ==
  match          body#[0]  cudnnReduceMin_f32
  total: 1 matched / 1 bodies
",0,[],0,0,0,0,/home/arjaiswal/Polygeist/issues/aten_c_kernels/results/aten_min_all_cpu/debuf.mlir,2397,8,1,1,339.96424823999405,0,69364,29.109206050634384,2,2,0,0,"[{""body_indices"": [0], ""symbol"": ""cudnnReduceMin_f32""}]",1,0,0,0.0,4
aten,aten_min_all_cpu,/home/arjaiswal/Polygeist/issues/aten_c_kernels/results/aten_min_all_cpu/debuf.mlir,4081e98d31e7083374a9356cb6863d7d08720b009c7c4088f08d44821a7d6630,egglog,4,ok,0,765.2006223797798,0,"[""/usr/bin/python3"", ""/home/arjaiswal/Polygeist/scripts/correctness/kernel_match_rewrite.py"", ""/home/arjaiswal/Polygeist/issues/aten_c_kernels/results/aten_min_all_cpu/debuf.mlir"", ""--dry-run"", ""--matcher-mode"", ""egglog"", ""--telemetry-json"", ""/home/arjaiswal/Polygeist/issues/equality_saturation_eval/campaign_20260908/aten-aten_min_all_cpu-egglog-56redvna.json"", ""--disable-semantic-fallback""]","== match report for /home/arjaiswal/Polygeist/issues/aten_c_kernels/results/aten_min_all_cpu/debuf.mlir ==
  match          body#[0]  cudnnReduceMin_f32
  total: 1 matched / 1 bodies
",0,[],0,0,0,0,/home/arjaiswal/Polygeist/issues/aten_c_kernels/results/aten_min_all_cpu/debuf.mlir,2397,8,1,1,320.4033114016056,0,69432,24.923864752054214,2,2,0,0,"[{""body_indices"": [0], ""symbol"": ""cudnnReduceMin_f32""}]",1,0,0,0.0,4
aten,aten_min_all_cpu,/home/arjaiswal/Polygeist/issues/aten_c_kernels/results/aten_min_all_cpu/debuf.mlir,4081e98d31e7083374a9356cb6863d7d08720b009c7c4088f08d44821a7d6630,syntactic,4,ok,0,704.5340240001678,0,"[""/usr/bin/python3"", ""/home/arjaiswal/Polygeist/scripts/correctness/kernel_match_rewrite.py"", ""/home/arjaiswal/Polygeist/issues/aten_c_kernels/results/aten_min_all_cpu/debuf.mlir"", ""--dry-run"", ""--matcher-mode"", ""syntactic"", ""--telemetry-json"", ""/home/arjaiswal/Polygeist/issues/equality_saturation_eval/campaign_20260908/aten-aten_min_all_cpu-syntactic-i1o9fhha.json"", ""--disable-semantic-fallback""]","== match report for /home/arjaiswal/Polygeist/issues/aten_c_kernels/results/aten_min_all_cpu/debuf.mlir ==
  match          body#[0]  cudnnReduceMin_f32
  total: 1 matched / 1 bodies
",0,[],0,0,0,0,/home/arjaiswal/Polygeist/issues/aten_c_kernels/results/aten_min_all_cpu/debuf.mlir,2397,0,1,1,289.26095366477966,0,65548,0.04558265209197998,0,2,0,0,"[{""body_indices"": [0], ""symbol"": ""cudnnReduceMin_f32""}]",1,0,4,0.0,4
aten,aten_min_all_cpu,/home/arjaiswal/Polygeist/issues/aten_c_kernels/results/aten_min_all_cpu/debuf.mlir,4081e98d31e7083374a9356cb6863d7d08720b009c7c4088f08d44821a7d6630,syntactic,5,ok,0,703.4095115959644,0,"[""/usr/bin/python3"", ""/home/arjaiswal/Polygeist/scripts/correctness/kernel_match_rewrite.py"", ""/home/arjaiswal/Polygeist/issues/aten_c_kernels/results/aten_min_all_cpu/debuf.mlir"", ""--dry-run"", ""--matcher-mode"", ""syntactic"", ""--telemetry-json"", ""/home/arjaiswal/Polygeist/issues/equality_saturation_eval/campaign_20260908/aten-aten_min_all_cpu-syntactic-pcppruom.json"", ""--disable-semantic-fallback""]","== match report for /home/arjaiswal/Polygeist/issues/aten_c_kernels/results/aten_min_all_cpu/debuf.mlir ==
  match          body#[0]  cudnnReduceMin_f32
  total: 1 matched / 1 bodies
",0,[],0,0,0,0,/home/arjaiswal/Polygeist/issues/aten_c_kernels/results/aten_min_all_cpu/debuf.mlir,2397,0,1,1,287.5685468316078,0,65424,0.0302046537399292,0,2,0,0,"[{""body_indices"": [0], ""symbol"": ""cudnnReduceMin_f32""}]",1,0,4,0.0,4
aten,aten_min_all_cpu,/home/arjaiswal/Polygeist/issues/aten_c_kernels/results/aten_min_all_cpu/debuf.mlir,4081e98d31e7083374a9356cb6863d7d08720b009c7c4088f08d44821a7d6630,egglog,5,ok,0,726.6822084784508,0,"[""/usr/bin/python3"", ""/home/arjaiswal/Polygeist/scripts/correctness/kernel_match_rewrite.py"", ""/home/arjaiswal/Polygeist/issues/aten_c_kernels/results/aten_min_all_cpu/debuf.mlir"", ""--dry-run"", ""--matcher-mode"", ""egglog"", ""--telemetry-json"", ""/home/arjaiswal/Polygeist/issues/equality_saturation_eval/campaign_20260908/aten-aten_min_all_cpu-egglog-85a3sw0d.json"", ""--disable-semantic-fallback""]","== match report for /home/arjaiswal/Polygeist/issues/aten_c_kernels/results/aten_min_all_cpu/debuf.mlir ==
  match          body#[0]  cudnnReduceMin_f32
  total: 1 matched / 1 bodies
",0,[],0,0,0,0,/home/arjaiswal/Polygeist/issues/aten_c_kernels/results/aten_min_all_cpu/debuf.mlir,2397,8,1,1,310.7651621103287,0,69416,21.794959902763367,2,2,0,0,"[{""body_indices"": [0], ""symbol"": ""cudnnReduceMin_f32""}]",1,0,0,0.0,4
aten,aten_min_reduce_cpu,/home/arjaiswal/Polygeist/issues/aten_c_kernels/results/aten_min_reduce_cpu/debuf.mlir,f6e836654a98750d5d45b7c5c071e425e5f0bee6832da956204b5aaa3cfbb89f,egglog,1,ok,0,695.3923553228378,0,"[""/usr/bin/python3"", ""/home/arjaiswal/Polygeist/scripts/correctness/kernel_match_rewrite.py"", ""/home/arjaiswal/Polygeist/issues/aten_c_kernels/results/aten_min_reduce_cpu/debuf.mlir"", ""--dry-run"", ""--matcher-mode"", ""egglog"", ""--telemetry-json"", ""/home/arjaiswal/Polygeist/issues/equality_saturation_eval/campaign_20260908/aten-aten_min_reduce_cpu-egglog-7v62hwxr.json"", ""--disable-semantic-fallback""]","== match report for /home/arjaiswal/Polygeist/issues/aten_c_kernels/results/aten_min_reduce_cpu/debuf.mlir ==
  match          body#[0]  cudnnReduceMin_f32
  total: 1 matched / 1 bodies
",0,[],0,0,0,0,/home/arjaiswal/Polygeist/issues/aten_c_kernels/results/aten_min_reduce_cpu/debuf.mlir,2444,8,1,1,299.6651604771614,0,69368,21.474309265613556,2,2,0,0,"[{""body_indices"": [0], ""symbol"": ""cudnnReduceMin_f32""}]",1,0,0,0.0,4
aten,aten_min_reduce_cpu,/home/arjaiswal/Polygeist/issues/aten_c_kernels/results/aten_min_reduce_cpu/debuf.mlir,f6e836654a98750d5d45b7c5c071e425e5f0bee6832da956204b5aaa3cfbb89f,syntactic,1,ok,0,696.5309754014015,0,"[""/usr/bin/python3"", ""/home/arjaiswal/Polygeist/scripts/correctness/kernel_match_rewrite.py"", ""/home/arjaiswal/Polygeist/issues/aten_c_kernels/results/aten_min_reduce_cpu/debuf.mlir"", ""--dry-run"", ""--matcher-mode"", ""syntactic"", ""--telemetry-json"", ""/home/arjaiswal/Polygeist/issues/equality_saturation_eval/campaign_20260908/aten-aten_min_reduce_cpu-syntactic-a8vgjhbn.json"", ""--disable-semantic-fallback""]","== match report for /home/arjaiswal/Polygeist/issues/aten_c_kernels/results/aten_min_reduce_cpu/debuf.mlir ==
  match          body#[0]  cudnnReduceMin_f32
  total: 1 matched / 1 bodies
",0,[],0,0,0,0,/home/arjaiswal/Polygeist/issues/aten_c_kernels/results/aten_min_reduce_cpu/debuf.mlir,2444,0,1,1,286.38530150055885,0,65836,0.03236904740333557,0,2,0,0,"[{""body_indices"": [0], ""symbol"": ""cudnnReduceMin_f32""}]",1,0,4,0.0,4
aten,aten_min_reduce_cpu,/home/arjaiswal/Polygeist/issues/aten_c_kernels/results/aten_min_reduce_cpu/debuf.mlir,f6e836654a98750d5d45b7c5c071e425e5f0bee6832da956204b5aaa3cfbb89f,syntactic,2,ok,0,717.6823616027832,0,"[""/usr/bin/python3"", ""/home/arjaiswal/Polygeist/scripts/correctness/kernel_match_rewrite.py"", ""/home/arjaiswal/Polygeist/issues/aten_c_kernels/results/aten_min_reduce_cpu/debuf.mlir"", ""--dry-run"", ""--matcher-mode"", ""syntactic"", ""--telemetry-json"", ""/home/arjaiswal/Polygeist/issues/equality_saturation_eval/campaign_20260908/aten-aten_min_reduce_cpu-syntactic-6k5f6cet.json"", ""--disable-semantic-fallback""]","== match report for /home/arjaiswal/Polygeist/issues/aten_c_kernels/results/aten_min_reduce_cpu/debuf.mlir ==
  match          body#[0]  cudnnReduceMin_f32
  total: 1 matched / 1 bodies
",0,[],0,0,0,0,/home/arjaiswal/Polygeist/issues/aten_c_kernels/results/aten_min_reduce_cpu/debuf.mlir,2444,0,1,1,290.9362353384495,0,65736,0.04049763083457947,0,2,0,0,"[{""body_indices"": [0], ""symbol"": ""cudnnReduceMin_f32""}]",1,0,4,0.0,4
aten,aten_min_reduce_cpu,/home/arjaiswal/Polygeist/issues/aten_c_kernels/results/aten_min_reduce_cpu/debuf.mlir,f6e836654a98750d5d45b7c5c071e425e5f0bee6832da956204b5aaa3cfbb89f,egglog,2,ok,0,931.2085174024105,0,"[""/usr/bin/python3"", ""/home/arjaiswal/Polygeist/scripts/correctness/kernel_match_rewrite.py"", ""/home/arjaiswal/Polygeist/issues/aten_c_kernels/results/aten_min_reduce_cpu/debuf.mlir"", ""--dry-run"", ""--matcher-mode"", ""egglog"", ""--telemetry-json"", ""/home/arjaiswal/Polygeist/issues/equality_saturation_eval/campaign_20260908/aten-aten_min_reduce_cpu-egglog-4cjiqx3i.json"", ""--disable-semantic-fallback""]","== match report for /home/arjaiswal/Polygeist/issues/aten_c_kernels/results/aten_min_reduce_cpu/debuf.mlir ==
  match          body#[0]  cudnnReduceMin_f32
  total: 1 matched / 1 bodies
",0,[],0,0,0,0,/home/arjaiswal/Polygeist/issues/aten_c_kernels/results/aten_min_reduce_cpu/debuf.mlir,2444,8,1,1,372.08082526922226,0,69608,21.886292845010757,2,2,0,0,"[{""body_indices"": [0], ""symbol"": ""cudnnReduceMin_f32""}]",1,0,0,0.0,4
aten,aten_min_reduce_cpu,/home/arjaiswal/Polygeist/issues/aten_c_kernels/results/aten_min_reduce_cpu/debuf.mlir,f6e836654a98750d5d45b7c5c071e425e5f0bee6832da956204b5aaa3cfbb89f,egglog,3,ok,0,767.7572593092918,0,"[""/usr/bin/python3"", ""/home/arjaiswal/Polygeist/scripts/correctness/kernel_match_rewrite.py"", ""/home/arjaiswal/Polygeist/issues/aten_c_kernels/results/aten_min_reduce_cpu/debuf.mlir"", ""--dry-run"", ""--matcher-mode"", ""egglog"", ""--telemetry-json"", ""/home/arjaiswal/Polygeist/issues/equality_saturation_eval/campaign_20260908/aten-aten_min_reduce_cpu-egglog-2pnkz6gw.json"", ""--disable-semantic-fallback""]","== match report for /home/arjaiswal/Polygeist/issues/aten_c_kernels/results/aten_min_reduce_cpu/debuf.mlir ==
  match          body#[0]  cudnnReduceMin_f32
  total: 1 matched / 1 bodies
",0,[],0,0,0,0,/home/arjaiswal/Polygeist/issues/aten_c_kernels/results/aten_min_reduce_cpu/debuf.mlir,2444,8,1,1,329.96193692088127,0,69528,28.062060475349426,2,2,0,0,"[{""body_indices"": [0], ""symbol"": ""cudnnReduceMin_f32""}]",1,0,0,0.0,4
aten,aten_min_reduce_cpu,/home/arjaiswal/Polygeist/issues/aten_c_kernels/results/aten_min_reduce_cpu/debuf.mlir,f6e836654a98750d5d45b7c5c071e425e5f0bee6832da956204b5aaa3cfbb89f,syntactic,3,ok,0,773.0736471712589,0,"[""/usr/bin/python3"", ""/home/arjaiswal/Polygeist/scripts/correctness/kernel_match_rewrite.py"", ""/home/arjaiswal/Polygeist/issues/aten_c_kernels/results/aten_min_reduce_cpu/debuf.mlir"", ""--dry-run"", ""--matcher-mode"", ""syntactic"", ""--telemetry-json"", ""/home/arjaiswal/Polygeist/issues/equality_saturation_eval/campaign_20260908/aten-aten_min_reduce_cpu-syntactic-yyka5ai9.json"", ""--disable-semantic-fallback""]","== match report for /home/arjaiswal/Polygeist/issues/aten_c_kernels/results/aten_min_reduce_cpu/debuf.mlir ==
  match          body#[0]  cudnnReduceMin_f32
  total: 1 matched / 1 bodies
",0,[],0,0,0,0,/home/arjaiswal/Polygeist/issues/aten_c_kernels/results/aten_min_reduce_cpu/debuf.mlir,2444,0,1,1,329.9515023827553,0,65640,0.04113838076591492,0,2,0,0,"[{""body_indices"": [0], ""symbol"": ""cudnnReduceMin_f32""}]",1,0,4,0.0,4
aten,aten_min_reduce_cpu,/home/arjaiswal/Polygeist/issues/aten_c_kernels/results/aten_min_reduce_cpu/debuf.mlir,f6e836654a98750d5d45b7c5c071e425e5f0bee6832da956204b5aaa3cfbb89f,syntactic,4,ok,0,706.4896635711193,0,"[""/usr/bin/python3"", ""/home/arjaiswal/Polygeist/scripts/correctness/kernel_match_rewrite.py"", ""/home/arjaiswal/Polygeist/issues/aten_c_kernels/results/aten_min_reduce_cpu/debuf.mlir"", ""--dry-run"", ""--matcher-mode"", ""syntactic"", ""--telemetry-json"", ""/home/arjaiswal/Polygeist/issues/equality_saturation_eval/campaign_20260908/aten-aten_min_reduce_cpu-syntactic-pxzmipfj.json"", ""--disable-semantic-fallback""]","== match report for /home/arjaiswal/Polygeist/issues/aten_c_kernels/results/aten_min_reduce_cpu/debuf.mlir ==
  match          body#[0]  cudnnReduceMin_f32
  total: 1 matched / 1 bodies
",0,[],0,0,0,0,/home/arjaiswal/Polygeist/issues/aten_c_kernels/results/aten_min_reduce_cpu/debuf.mlir,2444,0,1,1,286.3440215587616,0,64940,0.02857297658920288,0,2,0,0,"[{""body_indices"": [0], ""symbol"": ""cudnnReduceMin_f32""}]",1,0,4,0.0,4
aten,aten_min_reduce_cpu,/home/arjaiswal/Polygeist/issues/aten_c_kernels/results/aten_min_reduce_cpu/debuf.mlir,f6e836654a98750d5d45b7c5c071e425e5f0bee6832da956204b5aaa3cfbb89f,egglog,4,ok,0,744.9882887303829,0,"[""/usr/bin/python3"", ""/home/arjaiswal/Polygeist/scripts/correctness/kernel_match_rewrite.py"", ""/home/arjaiswal/Polygeist/issues/aten_c_kernels/results/aten_min_reduce_cpu/debuf.mlir"", ""--dry-run"", ""--matcher-mode"", ""egglog"", ""--telemetry-json"", ""/home/arjaiswal/Polygeist/issues/equality_saturation_eval/campaign_20260908/aten-aten_min_reduce_cpu-egglog-f75sbcn_.json"", ""--disable-semantic-fallback""]","== match report for /home/arjaiswal/Polygeist/issues/aten_c_kernels/results/aten_min_reduce_cpu/debuf.mlir ==
  match          body#[0]  cudnnReduceMin_f32
  total: 1 matched / 1 bodies
",0,[],0,0,0,0,/home/arjaiswal/Polygeist/issues/aten_c_kernels/results/aten_min_reduce_cpu/debuf.mlir,2444,8,1,1,317.6851123571396,0,69372,21.852590143680573,2,2,0,0,"[{""body_indices"": [0], ""symbol"": ""cudnnReduceMin_f32""}]",1,0,0,0.0,4
aten,aten_min_reduce_cpu,/home/arjaiswal/Polygeist/issues/aten_c_kernels/results/aten_min_reduce_cpu/debuf.mlir,f6e836654a98750d5d45b7c5c071e425e5f0bee6832da956204b5aaa3cfbb89f,egglog,5,ok,0,745.9834478795528,0,"[""/usr/bin/python3"", ""/home/arjaiswal/Polygeist/scripts/correctness/kernel_match_rewrite.py"", ""/home/arjaiswal/Polygeist/issues/aten_c_kernels/results/aten_min_reduce_cpu/debuf.mlir"", ""--dry-run"", ""--matcher-mode"", ""egglog"", ""--telemetry-json"", ""/home/arjaiswal/Polygeist/issues/equality_saturation_eval/campaign_20260908/aten-aten_min_reduce_cpu-egglog-07bsmhb7.json"", ""--disable-semantic-fallback""]","== match report for /home/arjaiswal/Polygeist/issues/aten_c_kernels/results/aten_min_reduce_cpu/debuf.mlir ==
  match          body#[0]  cudnnReduceMin_f32
  total: 1 matched / 1 bodies
",0,[],0,0,0,0,/home/arjaiswal/Polygeist/issues/aten_c_kernels/results/aten_min_reduce_cpu/debuf.mlir,2444,8,1,1,324.5782293379307,0,69436,22.575225681066513,2,2,0,0,"[{""body_indices"": [0], ""symbol"": ""cudnnReduceMin_f32""}]",1,0,0,0.0,4
aten,aten_min_reduce_cpu,/home/arjaiswal/Polygeist/issues/aten_c_kernels/results/aten_min_reduce_cpu/debuf.mlir,f6e836654a98750d5d45b7c5c071e425e5f0bee6832da956204b5aaa3cfbb89f,syntactic,5,ok,0,726.0590493679047,0,"[""/usr/bin/python3"", ""/home/arjaiswal/Polygeist/scripts/correctness/kernel_match_rewrite.py"", ""/home/arjaiswal/Polygeist/issues/aten_c_kernels/results/aten_min_reduce_cpu/debuf.mlir"", ""--dry-run"", ""--matcher-mode"", ""syntactic"", ""--telemetry-json"", ""/home/arjaiswal/Polygeist/issues/equality_saturation_eval/campaign_20260908/aten-aten_min_reduce_cpu-syntactic-ihgvzbek.json"", ""--disable-semantic-fallback""]","== match report for /home/arjaiswal/Polygeist/issues/aten_c_kernels/results/aten_min_reduce_cpu/debuf.mlir ==
  match          body#[0]  cudnnReduceMin_f32
  total: 1 matched / 1 bodies
",0,[],0,0,0,0,/home/arjaiswal/Polygeist/issues/aten_c_kernels/results/aten_min_reduce_cpu/debuf.mlir,2444,0,1,1,290.99562391638756,0,65500,0.030141323804855347,0,2,0,0,"[{""body_indices"": [0], ""symbol"": ""cudnnReduceMin_f32""}]",1,0,4,0.0,4
aten,aten_min_values_cpu,/home/arjaiswal/Polygeist/issues/aten_c_kernels/results/aten_min_values_cpu/debuf.mlir,135d5ff7ff07b8b90a3ded9b24e2b20c8f237898d5d073122263f8048ab0b273,syntactic,1,ok,0,713.5298177599907,0,"[""/usr/bin/python3"", ""/home/arjaiswal/Polygeist/scripts/correctness/kernel_match_rewrite.py"", ""/home/arjaiswal/Polygeist/issues/aten_c_kernels/results/aten_min_values_cpu/debuf.mlir"", ""--dry-run"", ""--matcher-mode"", ""syntactic"", ""--telemetry-json"", ""/home/arjaiswal/Polygeist/issues/equality_saturation_eval/campaign_20260908/aten-aten_min_values_cpu-syntactic-40am6d74.json"", ""--disable-semantic-fallback""]","== match report for /home/arjaiswal/Polygeist/issues/aten_c_kernels/results/aten_min_values_cpu/debuf.mlir ==
  match          body#[0, 1]  cubSegmentedMin_f32_memref
  total: 1 matched / 1 bodies
",0,[],0,0,0,0,/home/arjaiswal/Polygeist/issues/aten_c_kernels/results/aten_min_values_cpu/debuf.mlir,2728,0,2,2,286.942932754755,0,64752,0.03077089786529541,0,4,0,0,"[{""body_indices"": [0, 1], ""symbol"": ""cubSegmentedMin_f32_memref""}]",1,0,4,0.0,4
aten,aten_min_values_cpu,/home/arjaiswal/Polygeist/issues/aten_c_kernels/results/aten_min_values_cpu/debuf.mlir,135d5ff7ff07b8b90a3ded9b24e2b20c8f237898d5d073122263f8048ab0b273,egglog,1,ok,0,767.7526548504829,0,"[""/usr/bin/python3"", ""/home/arjaiswal/Polygeist/scripts/correctness/kernel_match_rewrite.py"", ""/home/arjaiswal/Polygeist/issues/aten_c_kernels/results/aten_min_values_cpu/debuf.mlir"", ""--dry-run"", ""--matcher-mode"", ""egglog"", ""--telemetry-json"", ""/home/arjaiswal/Polygeist/issues/equality_saturation_eval/campaign_20260908/aten-aten_min_values_cpu-egglog-o9jseear.json"", ""--disable-semantic-fallback""]","== match report for /home/arjaiswal/Polygeist/issues/aten_c_kernels/results/aten_min_values_cpu/debuf.mlir ==
  match          body#[0, 1]  cubSegmentedMin_f32_memref
  total: 1 matched / 1 bodies
",0,[],0,0,0,0,/home/arjaiswal/Polygeist/issues/aten_c_kernels/results/aten_min_values_cpu/debuf.mlir,2728,8,2,2,342.2854170203209,0,69856,42.732175439596176,4,4,0,0,"[{""body_indices"": [0, 1], ""symbol"": ""cubSegmentedMin_f32_memref""}]",1,0,0,0.0,4
aten,aten_min_values_cpu,/home/arjaiswal/Polygeist/issues/aten_c_kernels/results/aten_min_values_cpu/debuf.mlir,135d5ff7ff07b8b90a3ded9b24e2b20c8f237898d5d073122263f8048ab0b273,egglog,2,ok,0,766.1014683544636,0,"[""/usr/bin/python3"", ""/home/arjaiswal/Polygeist/scripts/correctness/kernel_match_rewrite.py"", ""/home/arjaiswal/Polygeist/issues/aten_c_kernels/results/aten_min_values_cpu/debuf.mlir"", ""--dry-run"", ""--matcher-mode"", ""egglog"", ""--telemetry-json"", ""/home/arjaiswal/Polygeist/issues/equality_saturation_eval/campaign_20260908/aten-aten_min_values_cpu-egglog-j9gno_60.json"", ""--disable-semantic-fallback""]","== match report for /home/arjaiswal/Polygeist/issues/aten_c_kernels/results/aten_min_values_cpu/debuf.mlir ==
  match          body#[0, 1]  cubSegmentedMin_f32_memref
  total: 1 matched / 1 bodies
",0,[],0,0,0,0,/home/arjaiswal/Polygeist/issues/aten_c_kernels/results/aten_min_values_cpu/debuf.mlir,2728,8,2,2,327.9357925057411,0,69512,42.45129972696304,4,4,0,0,"[{""body_indices"": [0, 1], ""symbol"": ""cubSegmentedMin_f32_memref""}]",1,0,0,0.0,4
aten,aten_min_values_cpu,/home/arjaiswal/Polygeist/issues/aten_c_kernels/results/aten_min_values_cpu/debuf.mlir,135d5ff7ff07b8b90a3ded9b24e2b20c8f237898d5d073122263f8048ab0b273,syntactic,2,ok,0,715.6755216419697,0,"[""/usr/bin/python3"", ""/home/arjaiswal/Polygeist/scripts/correctness/kernel_match_rewrite.py"", ""/home/arjaiswal/Polygeist/issues/aten_c_kernels/results/aten_min_values_cpu/debuf.mlir"", ""--dry-run"", ""--matcher-mode"", ""syntactic"", ""--telemetry-json"", ""/home/arjaiswal/Polygeist/issues/equality_saturation_eval/campaign_20260908/aten-aten_min_values_cpu-syntactic-onmmq6qi.json"", ""--disable-semantic-fallback""]","== match report for /home/arjaiswal/Polygeist/issues/aten_c_kernels/results/aten_min_values_cpu/debuf.mlir ==
  match          body#[0, 1]  cubSegmentedMin_f32_memref
  total: 1 matched / 1 bodies
",0,[],0,0,0,0,/home/arjaiswal/Polygeist/issues/aten_c_kernels/results/aten_min_values_cpu/debuf.mlir,2728,0,2,2,281.4810797572136,0,64548,0.02919137477874756,0,4,0,0,"[{""body_indices"": [0, 1], ""symbol"": ""cubSegmentedMin_f32_memref""}]",1,0,4,0.0,4
aten,aten_min_values_cpu,/home/arjaiswal/Polygeist/issues/aten_c_kernels/results/aten_min_values_cpu/debuf.mlir,135d5ff7ff07b8b90a3ded9b24e2b20c8f237898d5d073122263f8048ab0b273,syntactic,3,ok,0,694.3774484097958,0,"[""/usr/bin/python3"", ""/home/arjaiswal/Polygeist/scripts/correctness/kernel_match_rewrite.py"", ""/home/arjaiswal/Polygeist/issues/aten_c_kernels/results/aten_min_values_cpu/debuf.mlir"", ""--dry-run"", ""--matcher-mode"", ""syntactic"", ""--telemetry-json"", ""/home/arjaiswal/Polygeist/issues/equality_saturation_eval/campaign_20260908/aten-aten_min_values_cpu-syntactic-4zzpx2w9.json"", ""--disable-semantic-fallback""]","== match report for /home/arjaiswal/Polygeist/issues/aten_c_kernels/results/aten_min_values_cpu/debuf.mlir ==
  match          body#[0, 1]  cubSegmentedMin_f32_memref
  total: 1 matched / 1 bodies
",0,[],0,0,0,0,/home/arjaiswal/Polygeist/issues/aten_c_kernels/results/aten_min_values_cpu/debuf.mlir,2728,0,2,2,277.5077037513256,0,65884,0.02858787775039673,0,4,0,0,"[{""body_indices"": [0, 1], ""symbol"": ""cubSegmentedMin_f32_memref""}]",1,0,4,0.0,4
aten,aten_min_values_cpu,/home/arjaiswal/Polygeist/issues/aten_c_kernels/results/aten_min_values_cpu/debuf.mlir,135d5ff7ff07b8b90a3ded9b24e2b20c8f237898d5d073122263f8048ab0b273,egglog,3,ok,0,743.2454042136669,0,"[""/usr/bin/python3"", ""/home/arjaiswal/Polygeist/scripts/correctness/kernel_match_rewrite.py"", ""/home/arjaiswal/Polygeist/issues/aten_c_kernels/results/aten_min_values_cpu/debuf.mlir"", ""--dry-run"", ""--matcher-mode"", ""egglog"", ""--telemetry-json"", ""/home/arjaiswal/Polygeist/issues/equality_saturation_eval/campaign_20260908/aten-aten_min_values_cpu-egglog-scx0ekqf.json"", ""--disable-semantic-fallback""]","== match report for /home/arjaiswal/Polygeist/issues/aten_c_kernels/results/aten_min_values_cpu/debuf.mlir ==
  match          body#[0, 1]  cubSegmentedMin_f32_memref
  total: 1 matched / 1 bodies
",0,[],0,0,0,0,/home/arjaiswal/Polygeist/issues/aten_c_kernels/results/aten_min_values_cpu/debuf.mlir,2728,8,2,2,325.95741748809814,0,69712,43.60475391149521,4,4,0,0,"[{""body_indices"": [0, 1], ""symbol"": ""cubSegmentedMin_f32_memref""}]",1,0,0,0.0,4
aten,aten_min_values_cpu,/home/arjaiswal/Polygeist/issues/aten_c_kernels/results/aten_min_values_cpu/debuf.mlir,135d5ff7ff07b8b90a3ded9b24e2b20c8f237898d5d073122263f8048ab0b273,egglog,4,ok,0,752.549059689045,0,"[""/usr/bin/python3"", ""/home/arjaiswal/Polygeist/scripts/correctness/kernel_match_rewrite.py"", ""/home/arjaiswal/Polygeist/issues/aten_c_kernels/results/aten_min_values_cpu/debuf.mlir"", ""--dry-run"", ""--matcher-mode"", ""egglog"", ""--telemetry-json"", ""/home/arjaiswal/Polygeist/issues/equality_saturation_eval/campaign_20260908/aten-aten_min_values_cpu-egglog-efga55z5.json"", ""--disable-semantic-fallback""]","== match report for /home/arjaiswal/Polygeist/issues/aten_c_kernels/results/aten_min_values_cpu/debuf.mlir ==
  match          body#[0, 1]  cubSegmentedMin_f32_memref
  total: 1 matched / 1 bodies
",0,[],0,0,0,0,/home/arjaiswal/Polygeist/issues/aten_c_kernels/results/aten_min_values_cpu/debuf.mlir,2728,8,2,2,331.8939618766308,0,69832,42.902082204818726,4,4,0,0,"[{""body_indices"": [0, 1], ""symbol"": ""cubSegmentedMin_f32_memref""}]",1,0,0,0.0,4
aten,aten_min_values_cpu,/home/arjaiswal/Polygeist/issues/aten_c_kernels/results/aten_min_values_cpu/debuf.mlir,135d5ff7ff07b8b90a3ded9b24e2b20c8f237898d5d073122263f8048ab0b273,syntactic,4,ok,0,709.6450924873352,0,"[""/usr/bin/python3"", ""/home/arjaiswal/Polygeist/scripts/correctness/kernel_match_rewrite.py"", ""/home/arjaiswal/Polygeist/issues/aten_c_kernels/results/aten_min_values_cpu/debuf.mlir"", ""--dry-run"", ""--matcher-mode"", ""syntactic"", ""--telemetry-json"", ""/home/arjaiswal/Polygeist/issues/equality_saturation_eval/campaign_20260908/aten-aten_min_values_cpu-syntactic-508mecc0.json"", ""--disable-semantic-fallback""]","== match report for /home/arjaiswal/Polygeist/issues/aten_c_kernels/results/aten_min_values_cpu/debuf.mlir ==
  match          body#[0, 1]  cubSegmentedMin_f32_memref
  total: 1 matched / 1 bodies
",0,[],0,0,0,0,/home/arjaiswal/Polygeist/issues/aten_c_kernels/results/aten_min_values_cpu/debuf.mlir,2728,0,2,2,286.33901849389076,0,64844,0.03256648778915405,0,4,0,0,"[{""body_indices"": [0, 1], ""symbol"": ""cubSegmentedMin_f32_memref""}]",1,0,4,0.0,4
aten,aten_min_values_cpu,/home/arjaiswal/Polygeist/issues/aten_c_kernels/results/aten_min_values_cpu/debuf.mlir,135d5ff7ff07b8b90a3ded9b24e2b20c8f237898d5d073122263f8048ab0b273,syntactic,5,ok,0,703.1263187527657,0,"[""/usr/bin/python3"", ""/home/arjaiswal/Polygeist/scripts/correctness/kernel_match_rewrite.py"", ""/home/arjaiswal/Polygeist/issues/aten_c_kernels/results/aten_min_values_cpu/debuf.mlir"", ""--dry-run"", ""--matcher-mode"", ""syntactic"", ""--telemetry-json"", ""/home/arjaiswal/Polygeist/issues/equality_saturation_eval/campaign_20260908/aten-aten_min_values_cpu-syntactic-7snw_j5k.json"", ""--disable-semantic-fallback""]","== match report for /home/arjaiswal/Polygeist/issues/aten_c_kernels/results/aten_min_values_cpu/debuf.mlir ==
  match          body#[0, 1]  cubSegmentedMin_f32_memref
  total: 1 matched / 1 bodies
",0,[],0,0,0,0,/home/arjaiswal/Polygeist/issues/aten_c_kernels/results/aten_min_values_cpu/debuf.mlir,2728,0,2,2,275.9474851191044,0,64812,0.03254413604736328,0,4,0,0,"[{""body_indices"": [0, 1], ""symbol"": ""cubSegmentedMin_f32_memref""}]",1,0,4,0.0,4
aten,aten_min_values_cpu,/home/arjaiswal/Polygeist/issues/aten_c_kernels/results/aten_min_values_cpu/debuf.mlir,135d5ff7ff07b8b90a3ded9b24e2b20c8f237898d5d073122263f8048ab0b273,egglog,5,ok,0,772.4494934082031,0,"[""/usr/bin/python3"", ""/home/arjaiswal/Polygeist/scripts/correctness/kernel_match_rewrite.py"", ""/home/arjaiswal/Polygeist/issues/aten_c_kernels/results/aten_min_values_cpu/debuf.mlir"", ""--dry-run"", ""--matcher-mode"", ""egglog"", ""--telemetry-json"", ""/home/arjaiswal/Polygeist/issues/equality_saturation_eval/campaign_20260908/aten-aten_min_values_cpu-egglog-olkjn94n.json"", ""--disable-semantic-fallback""]","== match report for /home/arjaiswal/Polygeist/issues/aten_c_kernels/results/aten_min_values_cpu/debuf.mlir ==
  match          body#[0, 1]  cubSegmentedMin_f32_memref
  total: 1 matched / 1 bodies
",0,[],0,0,0,0,/home/arjaiswal/Polygeist/issues/aten_c_kernels/results/aten_min_values_cpu/debuf.mlir,2728,8,2,2,346.90235555171967,0,69356,47.51834273338318,4,4,0,0,"[{""body_indices"": [0, 1], ""symbol"": ""cubSegmentedMin_f32_memref""}]",1,0,0,0.0,4
aten,aten_minimum,/home/arjaiswal/Polygeist/issues/aten_c_kernels/results/aten_minimum/debuf.mlir,7f6dc37b44525d33d1aeb96a5b2fdaad348822476376edbd0bbd894223c320a2,egglog,1,ok,0,750.5272328853607,0,"[""/usr/bin/python3"", ""/home/arjaiswal/Polygeist/scripts/correctness/kernel_match_rewrite.py"", ""/home/arjaiswal/Polygeist/issues/aten_c_kernels/results/aten_minimum/debuf.mlir"", ""--dry-run"", ""--matcher-mode"", ""egglog"", ""--telemetry-json"", ""/home/arjaiswal/Polygeist/issues/equality_saturation_eval/campaign_20260908/aten-aten_minimum-egglog-q_y0bopu.json"", ""--disable-semantic-fallback""]","== match report for /home/arjaiswal/Polygeist/issues/aten_c_kernels/results/aten_minimum/debuf.mlir ==
  match          body#[0]  cudnnPointwiseGraph_f32
  total: 1 matched / 1 bodies
",0,[],0,0,0,0,/home/arjaiswal/Polygeist/issues/aten_c_kernels/results/aten_minimum/debuf.mlir,1937,8,1,1,305.5955246090889,0,65684,0.0,0,0,0,0,"[{""body_indices"": [0], ""symbol"": ""cudnnPointwiseGraph_f32""}]",1,0,0,0.0,6
aten,aten_minimum,/home/arjaiswal/Polygeist/issues/aten_c_kernels/results/aten_minimum/debuf.mlir,7f6dc37b44525d33d1aeb96a5b2fdaad348822476376edbd0bbd894223c320a2,syntactic,1,ok,0,800.2856969833374,0,"[""/usr/bin/python3"", ""/home/arjaiswal/Polygeist/scripts/correctness/kernel_match_rewrite.py"", ""/home/arjaiswal/Polygeist/issues/aten_c_kernels/results/aten_minimum/debuf.mlir"", ""--dry-run"", ""--matcher-mode"", ""syntactic"", ""--telemetry-json"", ""/home/arjaiswal/Polygeist/issues/equality_saturation_eval/campaign_20260908/aten-aten_minimum-syntactic-241ebjig.json"", ""--disable-semantic-fallback""]","== match report for /home/arjaiswal/Polygeist/issues/aten_c_kernels/results/aten_minimum/debuf.mlir ==
  match          body#[0]  cudnnPointwiseGraph_f32
  total: 1 matched / 1 bodies
",0,[],0,0,0,0,/home/arjaiswal/Polygeist/issues/aten_c_kernels/results/aten_minimum/debuf.mlir,1937,0,1,1,313.426423817873,0,65600,0.03645569086074829,0,0,0,0,"[{""body_indices"": [0], ""symbol"": ""cudnnPointwiseGraph_f32""}]",1,0,6,0.0,6
aten,aten_minimum,/home/arjaiswal/Polygeist/issues/aten_c_kernels/results/aten_minimum/debuf.mlir,7f6dc37b44525d33d1aeb96a5b2fdaad348822476376edbd0bbd894223c320a2,syntactic,2,ok,0,740.4730021953583,0,"[""/usr/bin/python3"", ""/home/arjaiswal/Polygeist/scripts/correctness/kernel_match_rewrite.py"", ""/home/arjaiswal/Polygeist/issues/aten_c_kernels/results/aten_minimum/debuf.mlir"", ""--dry-run"", ""--matcher-mode"", ""syntactic"", ""--telemetry-json"", ""/home/arjaiswal/Polygeist/issues/equality_saturation_eval/campaign_20260908/aten-aten_minimum-syntactic-0bst1apt.json"", ""--disable-semantic-fallback""]","== match report for /home/arjaiswal/Polygeist/issues/aten_c_kernels/results/aten_minimum/debuf.mlir ==
  match          body#[0]  cudnnPointwiseGraph_f32
  total: 1 matched / 1 bodies
",0,[],0,0,0,0,/home/arjaiswal/Polygeist/issues/aten_c_kernels/results/aten_minimum/debuf.mlir,1937,0,1,1,300.82618445158005,0,65796,0.031288713216781616,0,0,0,0,"[{""body_indices"": [0], ""symbol"": ""cudnnPointwiseGraph_f32""}]",1,0,6,0.0,6
aten,aten_minimum,/home/arjaiswal/Polygeist/issues/aten_c_kernels/results/aten_minimum/debuf.mlir,7f6dc37b44525d33d1aeb96a5b2fdaad348822476376edbd0bbd894223c320a2,egglog,2,ok,0,737.0395436882973,0,"[""/usr/bin/python3"", ""/home/arjaiswal/Polygeist/scripts/correctness/kernel_match_rewrite.py"", ""/home/arjaiswal/Polygeist/issues/aten_c_kernels/results/aten_minimum/debuf.mlir"", ""--dry-run"", ""--matcher-mode"", ""egglog"", ""--telemetry-json"", ""/home/arjaiswal/Polygeist/issues/equality_saturation_eval/campaign_20260908/aten-aten_minimum-egglog-3pxuwq6n.json"", ""--disable-semantic-fallback""]","== match report for /home/arjaiswal/Polygeist/issues/aten_c_kernels/results/aten_minimum/debuf.mlir ==
  match          body#[0]  cudnnPointwiseGraph_f32
  total: 1 matched / 1 bodies
",0,[],0,0,0,0,/home/arjaiswal/Polygeist/issues/aten_c_kernels/results/aten_minimum/debuf.mlir,1937,8,1,1,313.2544867694378,0,65456,0.0,0,0,0,0,"[{""body_indices"": [0], ""symbol"": ""cudnnPointwiseGraph_f32""}]",1,0,0,0.0,6
aten,aten_minimum,/home/arjaiswal/Polygeist/issues/aten_c_kernels/results/aten_minimum/debuf.mlir,7f6dc37b44525d33d1aeb96a5b2fdaad348822476376edbd0bbd894223c320a2,egglog,3,ok,0,740.1235029101372,0,"[""/usr/bin/python3"", ""/home/arjaiswal/Polygeist/scripts/correctness/kernel_match_rewrite.py"", ""/home/arjaiswal/Polygeist/issues/aten_c_kernels/results/aten_minimum/debuf.mlir"", ""--dry-run"", ""--matcher-mode"", ""egglog"", ""--telemetry-json"", ""/home/arjaiswal/Polygeist/issues/equality_saturation_eval/campaign_20260908/aten-aten_minimum-egglog-0qt1fvji.json"", ""--disable-semantic-fallback""]","== match report for /home/arjaiswal/Polygeist/issues/aten_c_kernels/results/aten_minimum/debuf.mlir ==
  match          body#[0]  cudnnPointwiseGraph_f32
  total: 1 matched / 1 bodies
",0,[],0,0,0,0,/home/arjaiswal/Polygeist/issues/aten_c_kernels/results/aten_minimum/debuf.mlir,1937,8,1,1,314.8634135723114,0,65676,0.0,0,0,0,0,"[{""body_indices"": [0], ""symbol"": ""cudnnPointwiseGraph_f32""}]",1,0,0,0.0,6
aten,aten_minimum,/home/arjaiswal/Polygeist/issues/aten_c_kernels/results/aten_minimum/debuf.mlir,7f6dc37b44525d33d1aeb96a5b2fdaad348822476376edbd0bbd894223c320a2,syntactic,3,ok,0,732.5808517634869,0,"[""/usr/bin/python3"", ""/home/arjaiswal/Polygeist/scripts/correctness/kernel_match_rewrite.py"", ""/home/arjaiswal/Polygeist/issues/aten_c_kernels/results/aten_minimum/debuf.mlir"", ""--dry-run"", ""--matcher-mode"", ""syntactic"", ""--telemetry-json"", ""/home/arjaiswal/Polygeist/issues/equality_saturation_eval/campaign_20260908/aten-aten_minimum-syntactic-pced57jb.json"", ""--disable-semantic-fallback""]","== match report for /home/arjaiswal/Polygeist/issues/aten_c_kernels/results/aten_minimum/debuf.mlir ==
  match          body#[0]  cudnnPointwiseGraph_f32
  total: 1 matched / 1 bodies
",0,[],0,0,0,0,/home/arjaiswal/Polygeist/issues/aten_c_kernels/results/aten_minimum/debuf.mlir,1937,0,1,1,321.4397691190243,0,65684,0.02942979335784912,0,0,0,0,"[{""body_indices"": [0], ""symbol"": ""cudnnPointwiseGraph_f32""}]",1,0,6,0.0,6
aten,aten_minimum,/home/arjaiswal/Polygeist/issues/aten_c_kernels/results/aten_minimum/debuf.mlir,7f6dc37b44525d33d1aeb96a5b2fdaad348822476376edbd0bbd894223c320a2,syntactic,4,ok,0,776.074655354023,0,"[""/usr/bin/python3"", ""/home/arjaiswal/Polygeist/scripts/correctness/kernel_match_rewrite.py"", ""/home/arjaiswal/Polygeist/issues/aten_c_kernels/results/aten_minimum/debuf.mlir"", ""--dry-run"", ""--matcher-mode"", ""syntactic"", ""--telemetry-json"", ""/home/arjaiswal/Polygeist/issues/equality_saturation_eval/campaign_20260908/aten-aten_minimum-syntactic-o4gnxrp4.json"", ""--disable-semantic-fallback""]","== match report for /home/arjaiswal/Polygeist/issues/aten_c_kernels/results/aten_minimum/debuf.mlir ==
  match          body#[0]  cudnnPointwiseGraph_f32
  total: 1 matched / 1 bodies
",0,[],0,0,0,0,/home/arjaiswal/Polygeist/issues/aten_c_kernels/results/aten_minimum/debuf.mlir,1937,0,1,1,316.7717009782791,0,65520,0.03011152148246765,0,0,0,0,"[{""body_indices"": [0], ""symbol"": ""cudnnPointwiseGraph_f32""}]",1,0,6,0.0,6
aten,aten_minimum,/home/arjaiswal/Polygeist/issues/aten_c_kernels/results/aten_minimum/debuf.mlir,7f6dc37b44525d33d1aeb96a5b2fdaad348822476376edbd0bbd894223c320a2,egglog,4,ok,0,748.0981238186359,0,"[""/usr/bin/python3"", ""/home/arjaiswal/Polygeist/scripts/correctness/kernel_match_rewrite.py"", ""/home/arjaiswal/Polygeist/issues/aten_c_kernels/results/aten_minimum/debuf.mlir"", ""--dry-run"", ""--matcher-mode"", ""egglog"", ""--telemetry-json"", ""/home/arjaiswal/Polygeist/issues/equality_saturation_eval/campaign_20260908/aten-aten_minimum-egglog-vc1htivv.json"", ""--disable-semantic-fallback""]","== match report for /home/arjaiswal/Polygeist/issues/aten_c_kernels/results/aten_minimum/debuf.mlir ==
  match          body#[0]  cudnnPointwiseGraph_f32
  total: 1 matched / 1 bodies
",0,[],0,0,0,0,/home/arjaiswal/Polygeist/issues/aten_c_kernels/results/aten_minimum/debuf.mlir,1937,8,1,1,325.5700431764126,0,65568,0.0,0,0,0,0,"[{""body_indices"": [0], ""symbol"": ""cudnnPointwiseGraph_f32""}]",1,0,0,0.0,6
aten,aten_minimum,/home/arjaiswal/Polygeist/issues/aten_c_kernels/results/aten_minimum/debuf.mlir,7f6dc37b44525d33d1aeb96a5b2fdaad348822476376edbd0bbd894223c320a2,egglog,5,ok,0,744.1376224160194,0,"[""/usr/bin/python3"", ""/home/arjaiswal/Polygeist/scripts/correctness/kernel_match_rewrite.py"", ""/home/arjaiswal/Polygeist/issues/aten_c_kernels/results/aten_minimum/debuf.mlir"", ""--dry-run"", ""--matcher-mode"", ""egglog"", ""--telemetry-json"", ""/home/arjaiswal/Polygeist/issues/equality_saturation_eval/campaign_20260908/aten-aten_minimum-egglog-vtf0fvqm.json"", ""--disable-semantic-fallback""]","== match report for /home/arjaiswal/Polygeist/issues/aten_c_kernels/results/aten_minimum/debuf.mlir ==
  match          body#[0]  cudnnPointwiseGraph_f32
  total: 1 matched / 1 bodies
",0,[],0,0,0,0,/home/arjaiswal/Polygeist/issues/aten_c_kernels/results/aten_minimum/debuf.mlir,1937,8,1,1,305.6250140070915,0,65528,0.0,0,0,0,0,"[{""body_indices"": [0], ""symbol"": ""cudnnPointwiseGraph_f32""}]",1,0,0,0.0,6
aten,aten_minimum,/home/arjaiswal/Polygeist/issues/aten_c_kernels/results/aten_minimum/debuf.mlir,7f6dc37b44525d33d1aeb96a5b2fdaad348822476376edbd0bbd894223c320a2,syntactic,5,ok,0,761.9708031415939,0,"[""/usr/bin/python3"", ""/home/arjaiswal/Polygeist/scripts/correctness/kernel_match_rewrite.py"", ""/home/arjaiswal/Polygeist/issues/aten_c_kernels/results/aten_minimum/debuf.mlir"", ""--dry-run"", ""--matcher-mode"", ""syntactic"", ""--telemetry-json"", ""/home/arjaiswal/Polygeist/issues/equality_saturation_eval/campaign_20260908/aten-aten_minimum-syntactic-ld8j14r0.json"", ""--disable-semantic-fallback""]","== match report for /home/arjaiswal/Polygeist/issues/aten_c_kernels/results/aten_minimum/debuf.mlir ==
  match          body#[0]  cudnnPointwiseGraph_f32
  total: 1 matched / 1 bodies
",0,[],0,0,0,0,/home/arjaiswal/Polygeist/issues/aten_c_kernels/results/aten_minimum/debuf.mlir,1937,0,1,1,336.095679551363,0,65560,0.03543496131896973,0,0,0,0,"[{""body_indices"": [0], ""symbol"": ""cudnnPointwiseGraph_f32""}]",1,0,6,0.0,6
aten,aten_mish,/home/arjaiswal/Polygeist/issues/aten_c_kernels/results/aten_mish/debuf.mlir,a96aff20547889a2eecdf6d8ccc34cf1541714683c24cdff7ede63d595649a2b,syntactic,1,ok,0,882.3730237782001,0,"[""/usr/bin/python3"", ""/home/arjaiswal/Polygeist/scripts/correctness/kernel_match_rewrite.py"", ""/home/arjaiswal/Polygeist/issues/aten_c_kernels/results/aten_mish/debuf.mlir"", ""--dry-run"", ""--matcher-mode"", ""syntactic"", ""--telemetry-json"", ""/home/arjaiswal/Polygeist/issues/equality_saturation_eval/campaign_20260908/aten-aten_mish-syntactic-emnzxr3f.json"", ""--disable-semantic-fallback""]","== match report for /home/arjaiswal/Polygeist/issues/aten_c_kernels/results/aten_mish/debuf.mlir ==
  match          body#[0]  cutensorUnary_mish_f32
  total: 1 matched / 1 bodies
",0,[],0,0,0,0,/home/arjaiswal/Polygeist/issues/aten_c_kernels/results/aten_mish/debuf.mlir,1966,0,1,1,455.95162734389305,0,65888,0.13580545783042908,0,2,0,0,"[{""body_indices"": [0], ""symbol"": ""cutensorUnary_mish_f32""}]",1,0,48,0.0,48
aten,aten_mish,/home/arjaiswal/Polygeist/issues/aten_c_kernels/results/aten_mish/debuf.mlir,a96aff20547889a2eecdf6d8ccc34cf1541714683c24cdff7ede63d595649a2b,egglog,1,ok,0,890.6391859054565,0,"[""/usr/bin/python3"", ""/home/arjaiswal/Polygeist/scripts/correctness/kernel_match_rewrite.py"", ""/home/arjaiswal/Polygeist/issues/aten_c_kernels/results/aten_mish/debuf.mlir"", ""--dry-run"", ""--matcher-mode"", ""egglog"", ""--telemetry-json"", ""/home/arjaiswal/Polygeist/issues/equality_saturation_eval/campaign_20260908/aten-aten_mish-egglog-stnvzq5z.json"", ""--disable-semantic-fallback""]","== match report for /home/arjaiswal/Polygeist/issues/aten_c_kernels/results/aten_mish/debuf.mlir ==
  match          body#[0]  cutensorUnary_mish_f32
  total: 1 matched / 1 bodies
",0,[],0,0,0,0,/home/arjaiswal/Polygeist/issues/aten_c_kernels/results/aten_mish/debuf.mlir,1966,8,1,1,457.34577625989914,0,69728,22.473212331533432,2,2,0,4,"[{""body_indices"": [0], ""symbol"": ""cutensorUnary_mish_f32""}]",1,0,0,0.0,48
aten,aten_mish,/home/arjaiswal/Polygeist/issues/aten_c_kernels/results/aten_mish/debuf.mlir,a96aff20547889a2eecdf6d8ccc34cf1541714683c24cdff7ede63d595649a2b,egglog,2,ok,0,910.5309508740902,0,"[""/usr/bin/python3"", ""/home/arjaiswal/Polygeist/scripts/correctness/kernel_match_rewrite.py"", ""/home/arjaiswal/Polygeist/issues/aten_c_kernels/results/aten_mish/debuf.mlir"", ""--dry-run"", ""--matcher-mode"", ""egglog"", ""--telemetry-json"", ""/home/arjaiswal/Polygeist/issues/equality_saturation_eval/campaign_20260908/aten-aten_mish-egglog-0xo3i6_f.json"", ""--disable-semantic-fallback""]","== match report for /home/arjaiswal/Polygeist/issues/aten_c_kernels/results/aten_mish/debuf.mlir ==
  match          body#[0]  cutensorUnary_mish_f32
  total: 1 matched / 1 bodies
",0,[],0,0,0,0,/home/arjaiswal/Polygeist/issues/aten_c_kernels/results/aten_mish/debuf.mlir,1966,8,1,1,473.04172068834305,0,69376,26.55208110809326,2,2,0,4,"[{""body_indices"": [0], ""symbol"": ""cutensorUnary_mish_f32""}]",1,0,0,0.0,48
aten,aten_mish,/home/arjaiswal/Polygeist/issues/aten_c_kernels/results/aten_mish/debuf.mlir,a96aff20547889a2eecdf6d8ccc34cf1541714683c24cdff7ede63d595649a2b,syntactic,2,ok,0,840.9511297941208,0,"[""/usr/bin/python3"", ""/home/arjaiswal/Polygeist/scripts/correctness/kernel_match_rewrite.py"", ""/home/arjaiswal/Polygeist/issues/aten_c_kernels/results/aten_mish/debuf.mlir"", ""--dry-run"", ""--matcher-mode"", ""syntactic"", ""--telemetry-json"", ""/home/arjaiswal/Polygeist/issues/equality_saturation_eval/campaign_20260908/aten-aten_mish-syntactic-lf0sd798.json"", ""--disable-semantic-fallback""]","== match report for /home/arjaiswal/Polygeist/issues/aten_c_kernels/results/aten_mish/debuf.mlir ==
  match          body#[0]  cutensorUnary_mish_f32
  total: 1 matched / 1 bodies
",0,[],0,0,0,0,/home/arjaiswal/Polygeist/issues/aten_c_kernels/results/aten_mish/debuf.mlir,1966,0,1,1,437.6455098390579,0,65900,0.12559443712234497,0,2,0,0,"[{""body_indices"": [0], ""symbol"": ""cutensorUnary_mish_f32""}]",1,0,48,0.0,48
aten,aten_mish,/home/arjaiswal/Polygeist/issues/aten_c_kernels/results/aten_mish/debuf.mlir,a96aff20547889a2eecdf6d8ccc34cf1541714683c24cdff7ede63d595649a2b,syntactic,3,ok,0,869.2327253520489,0,"[""/usr/bin/python3"", ""/home/arjaiswal/Polygeist/scripts/correctness/kernel_match_rewrite.py"", ""/home/arjaiswal/Polygeist/issues/aten_c_kernels/results/aten_mish/debuf.mlir"", ""--dry-run"", ""--matcher-mode"", ""syntactic"", ""--telemetry-json"", ""/home/arjaiswal/Polygeist/issues/equality_saturation_eval/campaign_20260908/aten-aten_mish-syntactic-3r6ki8nt.json"", ""--disable-semantic-fallback""]","== match report for /home/arjaiswal/Polygeist/issues/aten_c_kernels/results/aten_mish/debuf.mlir ==
  match          body#[0]  cutensorUnary_mish_f32
  total: 1 matched / 1 bodies
",0,[],0,0,0,0,/home/arjaiswal/Polygeist/issues/aten_c_kernels/results/aten_mish/debuf.mlir,1966,0,1,1,443.35637614130974,0,65968,0.13376399874687195,0,2,0,0,"[{""body_indices"": [0], ""symbol"": ""cutensorUnary_mish_f32""}]",1,0,48,0.0,48
aten,aten_mish,/home/arjaiswal/Polygeist/issues/aten_c_kernels/results/aten_mish/debuf.mlir,a96aff20547889a2eecdf6d8ccc34cf1541714683c24cdff7ede63d595649a2b,egglog,3,ok,0,899.9436609447002,0,"[""/usr/bin/python3"", ""/home/arjaiswal/Polygeist/scripts/correctness/kernel_match_rewrite.py"", ""/home/arjaiswal/Polygeist/issues/aten_c_kernels/results/aten_mish/debuf.mlir"", ""--dry-run"", ""--matcher-mode"", ""egglog"", ""--telemetry-json"", ""/home/arjaiswal/Polygeist/issues/equality_saturation_eval/campaign_20260908/aten-aten_mish-egglog-zns1xtsk.json"", ""--disable-semantic-fallback""]","== match report for /home/arjaiswal/Polygeist/issues/aten_c_kernels/results/aten_mish/debuf.mlir ==
  match          body#[0]  cutensorUnary_mish_f32
  total: 1 matched / 1 bodies
",0,[],0,0,0,0,/home/arjaiswal/Polygeist/issues/aten_c_kernels/results/aten_mish/debuf.mlir,1966,8,1,1,472.5516550242901,0,69744,27.313154190778732,2,2,0,4,"[{""body_indices"": [0], ""symbol"": ""cutensorUnary_mish_f32""}]",1,0,0,0.0,48
aten,aten_mish,/home/arjaiswal/Polygeist/issues/aten_c_kernels/results/aten_mish/debuf.mlir,a96aff20547889a2eecdf6d8ccc34cf1541714683c24cdff7ede63d595649a2b,egglog,4,ok,0,907.0810340344906,0,"[""/usr/bin/python3"", ""/home/arjaiswal/Polygeist/scripts/correctness/kernel_match_rewrite.py"", ""/home/arjaiswal/Polygeist/issues/aten_c_kernels/results/aten_mish/debuf.mlir"", ""--dry-run"", ""--matcher-mode"", ""egglog"", ""--telemetry-json"", ""/home/arjaiswal/Polygeist/issues/equality_saturation_eval/campaign_20260908/aten-aten_mish-egglog-9x1czmz1.json"", ""--disable-semantic-fallback""]","== match report for /home/arjaiswal/Polygeist/issues/aten_c_kernels/results/aten_mish/debuf.mlir ==
  match          body#[0]  cutensorUnary_mish_f32
  total: 1 matched / 1 bodies
",0,[],0,0,0,0,/home/arjaiswal/Polygeist/issues/aten_c_kernels/results/aten_mish/debuf.mlir,1966,8,1,1,462.9927948117256,0,69728,22.86757156252861,2,2,0,4,"[{""body_indices"": [0], ""symbol"": ""cutensorUnary_mish_f32""}]",1,0,0,0.0,48
aten,aten_mish,/home/arjaiswal/Polygeist/issues/aten_c_kernels/results/aten_mish/debuf.mlir,a96aff20547889a2eecdf6d8ccc34cf1541714683c24cdff7ede63d595649a2b,syntactic,4,ok,0,874.9776780605316,0,"[""/usr/bin/python3"", ""/home/arjaiswal/Polygeist/scripts/correctness/kernel_match_rewrite.py"", ""/home/arjaiswal/Polygeist/issues/aten_c_kernels/results/aten_mish/debuf.mlir"", ""--dry-run"", ""--matcher-mode"", ""syntactic"", ""--telemetry-json"", ""/home/arjaiswal/Polygeist/issues/equality_saturation_eval/campaign_20260908/aten-aten_mish-syntactic-jkz5d77t.json"", ""--disable-semantic-fallback""]","== match report for /home/arjaiswal/Polygeist/issues/aten_c_kernels/results/aten_mish/debuf.mlir ==
  match          body#[0]  cutensorUnary_mish_f32
  total: 1 matched / 1 bodies
",0,[],0,0,0,0,/home/arjaiswal/Polygeist/issues/aten_c_kernels/results/aten_mish/debuf.mlir,1966,0,1,1,437.6836381852627,0,66040,0.1394115388393402,0,2,0,0,"[{""body_indices"": [0], ""symbol"": ""cutensorUnary_mish_f32""}]",1,0,48,0.0,48
aten,aten_mish,/home/arjaiswal/Polygeist/issues/aten_c_kernels/results/aten_mish/debuf.mlir,a96aff20547889a2eecdf6d8ccc34cf1541714683c24cdff7ede63d595649a2b,syntactic,5,ok,0,863.3706457912922,0,"[""/usr/bin/python3"", ""/home/arjaiswal/Polygeist/scripts/correctness/kernel_match_rewrite.py"", ""/home/arjaiswal/Polygeist/issues/aten_c_kernels/results/aten_mish/debuf.mlir"", ""--dry-run"", ""--matcher-mode"", ""syntactic"", ""--telemetry-json"", ""/home/arjaiswal/Polygeist/issues/equality_saturation_eval/campaign_20260908/aten-aten_mish-syntactic-oiujggrs.json"", ""--disable-semantic-fallback""]","== match report for /home/arjaiswal/Polygeist/issues/aten_c_kernels/results/aten_mish/debuf.mlir ==
  match          body#[0]  cutensorUnary_mish_f32
  total: 1 matched / 1 bodies
",0,[],0,0,0,0,/home/arjaiswal/Polygeist/issues/aten_c_kernels/results/aten_mish/debuf.mlir,1966,0,1,1,436.78001686930656,0,65896,0.12890994548797607,0,2,0,0,"[{""body_indices"": [0], ""symbol"": ""cutensorUnary_mish_f32""}]",1,0,48,0.0,48
aten,aten_mish,/home/arjaiswal/Polygeist/issues/aten_c_kernels/results/aten_mish/debuf.mlir,a96aff20547889a2eecdf6d8ccc34cf1541714683c24cdff7ede63d595649a2b,egglog,5,ok,0,869.4788478314877,0,"[""/usr/bin/python3"", ""/home/arjaiswal/Polygeist/scripts/correctness/kernel_match_rewrite.py"", ""/home/arjaiswal/Polygeist/issues/aten_c_kernels/results/aten_mish/debuf.mlir"", ""--dry-run"", ""--matcher-mode"", ""egglog"", ""--telemetry-json"", ""/home/arjaiswal/Polygeist/issues/equality_saturation_eval/campaign_20260908/aten-aten_mish-egglog-al3puhz8.json"", ""--disable-semantic-fallback""]","== match report for /home/arjaiswal/Polygeist/issues/aten_c_kernels/results/aten_mish/debuf.mlir ==
  match          body#[0]  cutensorUnary_mish_f32
  total: 1 matched / 1 bodies
",0,[],0,0,0,0,/home/arjaiswal/Polygeist/issues/aten_c_kernels/results/aten_mish/debuf.mlir,1966,8,1,1,448.2564814388752,0,69604,22.563964128494263,2,2,0,4,"[{""body_indices"": [0], ""symbol"": ""cutensorUnary_mish_f32""}]",1,0,0,0.0,48
aten,aten_mish_backward,/home/arjaiswal/Polygeist/issues/aten_c_kernels/results/aten_mish_backward/debuf.mlir,f8080e6dba573d19d8d7987fd5182274d1a38e8c7573da5cbfa09c8e0a356765,egglog,1,ok,0,704.3061666190624,0,"[""/usr/bin/python3"", ""/home/arjaiswal/Polygeist/scripts/correctness/kernel_match_rewrite.py"", ""/home/arjaiswal/Polygeist/issues/aten_c_kernels/results/aten_mish_backward/debuf.mlir"", ""--dry-run"", ""--matcher-mode"", ""egglog"", ""--telemetry-json"", ""/home/arjaiswal/Polygeist/issues/equality_saturation_eval/campaign_20260908/aten-aten_mish_backward-egglog-eyqzuq7v.json"", ""--disable-semantic-fallback""]","== match report for /home/arjaiswal/Polygeist/issues/aten_c_kernels/results/aten_mish_backward/debuf.mlir ==
  match          body#[0]  cudnnPointwiseGraph_f32
  total: 1 matched / 1 bodies
",0,[],0,0,0,0,/home/arjaiswal/Polygeist/issues/aten_c_kernels/results/aten_mish_backward/debuf.mlir,2506,8,1,1,294.20287907123566,0,66008,0.0,0,0,0,0,"[{""body_indices"": [0], ""symbol"": ""cudnnPointwiseGraph_f32""}]",1,0,0,0.0,0
aten,aten_mish_backward,/home/arjaiswal/Polygeist/issues/aten_c_kernels/results/aten_mish_backward/debuf.mlir,f8080e6dba573d19d8d7987fd5182274d1a38e8c7573da5cbfa09c8e0a356765,syntactic,1,ok,0,756.9877654314041,0,"[""/usr/bin/python3"", ""/home/arjaiswal/Polygeist/scripts/correctness/kernel_match_rewrite.py"", ""/home/arjaiswal/Polygeist/issues/aten_c_kernels/results/aten_mish_backward/debuf.mlir"", ""--dry-run"", ""--matcher-mode"", ""syntactic"", ""--telemetry-json"", ""/home/arjaiswal/Polygeist/issues/equality_saturation_eval/campaign_20260908/aten-aten_mish_backward-syntactic-hcrn4_eq.json"", ""--disable-semantic-fallback""]","== match report for /home/arjaiswal/Polygeist/issues/aten_c_kernels/results/aten_mish_backward/debuf.mlir ==
  match          body#[0]  cudnnPointwiseGraph_f32
  total: 1 matched / 1 bodies
",0,[],0,0,0,0,/home/arjaiswal/Polygeist/issues/aten_c_kernels/results/aten_mish_backward/debuf.mlir,2506,0,1,1,292.00639948248863,0,65892,0.0,0,0,0,0,"[{""body_indices"": [0], ""symbol"": ""cudnnPointwiseGraph_f32""}]",1,0,0,0.0,0
aten,aten_mish_backward,/home/arjaiswal/Polygeist/issues/aten_c_kernels/results/aten_mish_backward/debuf.mlir,f8080e6dba573d19d8d7987fd5182274d1a38e8c7573da5cbfa09c8e0a356765,syntactic,2,ok,0,720.8312600851059,0,"[""/usr/bin/python3"", ""/home/arjaiswal/Polygeist/scripts/correctness/kernel_match_rewrite.py"", ""/home/arjaiswal/Polygeist/issues/aten_c_kernels/results/aten_mish_backward/debuf.mlir"", ""--dry-run"", ""--matcher-mode"", ""syntactic"", ""--telemetry-json"", ""/home/arjaiswal/Polygeist/issues/equality_saturation_eval/campaign_20260908/aten-aten_mish_backward-syntactic-w1a314eh.json"", ""--disable-semantic-fallback""]","== match report for /home/arjaiswal/Polygeist/issues/aten_c_kernels/results/aten_mish_backward/debuf.mlir ==
  match          body#[0]  cudnnPointwiseGraph_f32
  total: 1 matched / 1 bodies
",0,[],0,0,0,0,/home/arjaiswal/Polygeist/issues/aten_c_kernels/results/aten_mish_backward/debuf.mlir,2506,0,1,1,296.44618183374405,0,65896,0.0,0,0,0,0,"[{""body_indices"": [0], ""symbol"": ""cudnnPointwiseGraph_f32""}]",1,0,0,0.0,0
aten,aten_mish_backward,/home/arjaiswal/Polygeist/issues/aten_c_kernels/results/aten_mish_backward/debuf.mlir,f8080e6dba573d19d8d7987fd5182274d1a38e8c7573da5cbfa09c8e0a356765,egglog,2,ok,0,732.8804805874825,0,"[""/usr/bin/python3"", ""/home/arjaiswal/Polygeist/scripts/correctness/kernel_match_rewrite.py"", ""/home/arjaiswal/Polygeist/issues/aten_c_kernels/results/aten_mish_backward/debuf.mlir"", ""--dry-run"", ""--matcher-mode"", ""egglog"", ""--telemetry-json"", ""/home/arjaiswal/Polygeist/issues/equality_saturation_eval/campaign_20260908/aten-aten_mish_backward-egglog-xzwr2npc.json"", ""--disable-semantic-fallback""]","== match report for /home/arjaiswal/Polygeist/issues/aten_c_kernels/results/aten_mish_backward/debuf.mlir ==
  match          body#[0]  cudnnPointwiseGraph_f32
  total: 1 matched / 1 bodies
",0,[],0,0,0,0,/home/arjaiswal/Polygeist/issues/aten_c_kernels/results/aten_mish_backward/debuf.mlir,2506,8,1,1,292.06422716379166,0,66220,0.0,0,0,0,0,"[{""body_indices"": [0], ""symbol"": ""cudnnPointwiseGraph_f32""}]",1,0,0,0.0,0
aten,aten_mish_backward,/home/arjaiswal/Polygeist/issues/aten_c_kernels/results/aten_mish_backward/debuf.mlir,f8080e6dba573d19d8d7987fd5182274d1a38e8c7573da5cbfa09c8e0a356765,egglog,3,ok,0,715.8637829124928,0,"[""/usr/bin/python3"", ""/home/arjaiswal/Polygeist/scripts/correctness/kernel_match_rewrite.py"", ""/home/arjaiswal/Polygeist/issues/aten_c_kernels/results/aten_mish_backward/debuf.mlir"", ""--dry-run"", ""--matcher-mode"", ""egglog"", ""--telemetry-json"", ""/home/arjaiswal/Polygeist/issues/equality_saturation_eval/campaign_20260908/aten-aten_mish_backward-egglog-gbyl02ss.json"", ""--disable-semantic-fallback""]","== match report for /home/arjaiswal/Polygeist/issues/aten_c_kernels/results/aten_mish_backward/debuf.mlir ==
  match          body#[0]  cudnnPointwiseGraph_f32
  total: 1 matched / 1 bodies
",0,[],0,0,0,0,/home/arjaiswal/Polygeist/issues/aten_c_kernels/results/aten_mish_backward/debuf.mlir,2506,8,1,1,292.4807742238045,0,65756,0.0,0,0,0,0,"[{""body_indices"": [0], ""symbol"": ""cudnnPointwiseGraph_f32""}]",1,0,0,0.0,0
aten,aten_mish_backward,/home/arjaiswal/Polygeist/issues/aten_c_kernels/results/aten_mish_backward/debuf.mlir,f8080e6dba573d19d8d7987fd5182274d1a38e8c7573da5cbfa09c8e0a356765,syntactic,3,ok,0,737.558402121067,0,"[""/usr/bin/python3"", ""/home/arjaiswal/Polygeist/scripts/correctness/kernel_match_rewrite.py"", ""/home/arjaiswal/Polygeist/issues/aten_c_kernels/results/aten_mish_backward/debuf.mlir"", ""--dry-run"", ""--matcher-mode"", ""syntactic"", ""--telemetry-json"", ""/home/arjaiswal/Polygeist/issues/equality_saturation_eval/campaign_20260908/aten-aten_mish_backward-syntactic-5oehzx7i.json"", ""--disable-semantic-fallback""]","== match report for /home/arjaiswal/Polygeist/issues/aten_c_kernels/results/aten_mish_backward/debuf.mlir ==
  match          body#[0]  cudnnPointwiseGraph_f32
  total: 1 matched / 1 bodies
",0,[],0,0,0,0,/home/arjaiswal/Polygeist/issues/aten_c_kernels/results/aten_mish_backward/debuf.mlir,2506,0,1,1,297.4223829805851,0,66052,0.0,0,0,0,0,"[{""body_indices"": [0], ""symbol"": ""cudnnPointwiseGraph_f32""}]",1,0,0,0.0,0
aten,aten_mish_backward,/home/arjaiswal/Polygeist/issues/aten_c_kernels/results/aten_mish_backward/debuf.mlir,f8080e6dba573d19d8d7987fd5182274d1a38e8c7573da5cbfa09c8e0a356765,syntactic,4,ok,0,683.3487972617149,0,"[""/usr/bin/python3"", ""/home/arjaiswal/Polygeist/scripts/correctness/kernel_match_rewrite.py"", ""/home/arjaiswal/Polygeist/issues/aten_c_kernels/results/aten_mish_backward/debuf.mlir"", ""--dry-run"", ""--matcher-mode"", ""syntactic"", ""--telemetry-json"", ""/home/arjaiswal/Polygeist/issues/equality_saturation_eval/campaign_20260908/aten-aten_mish_backward-syntactic-vyu5wprv.json"", ""--disable-semantic-fallback""]","== match report for /home/arjaiswal/Polygeist/issues/aten_c_kernels/results/aten_mish_backward/debuf.mlir ==
  match          body#[0]  cudnnPointwiseGraph_f32
  total: 1 matched / 1 bodies
",0,[],0,0,0,0,/home/arjaiswal/Polygeist/issues/aten_c_kernels/results/aten_mish_backward/debuf.mlir,2506,0,1,1,274.036530405283,0,65828,0.0,0,0,0,0,"[{""body_indices"": [0], ""symbol"": ""cudnnPointwiseGraph_f32""}]",1,0,0,0.0,0
aten,aten_mish_backward,/home/arjaiswal/Polygeist/issues/aten_c_kernels/results/aten_mish_backward/debuf.mlir,f8080e6dba573d19d8d7987fd5182274d1a38e8c7573da5cbfa09c8e0a356765,egglog,4,ok,0,704.8184908926487,0,"[""/usr/bin/python3"", ""/home/arjaiswal/Polygeist/scripts/correctness/kernel_match_rewrite.py"", ""/home/arjaiswal/Polygeist/issues/aten_c_kernels/results/aten_mish_backward/debuf.mlir"", ""--dry-run"", ""--matcher-mode"", ""egglog"", ""--telemetry-json"", ""/home/arjaiswal/Polygeist/issues/equality_saturation_eval/campaign_20260908/aten-aten_mish_backward-egglog-y8_tucgl.json"", ""--disable-semantic-fallback""]","== match report for /home/arjaiswal/Polygeist/issues/aten_c_kernels/results/aten_mish_backward/debuf.mlir ==
  match          body#[0]  cudnnPointwiseGraph_f32
  total: 1 matched / 1 bodies
",0,[],0,0,0,0,/home/arjaiswal/Polygeist/issues/aten_c_kernels/results/aten_mish_backward/debuf.mlir,2506,8,1,1,289.216086268425,0,65988,0.0,0,0,0,0,"[{""body_indices"": [0], ""symbol"": ""cudnnPointwiseGraph_f32""}]",1,0,0,0.0,0
aten,aten_mish_backward,/home/arjaiswal/Polygeist/issues/aten_c_kernels/results/aten_mish_backward/debuf.mlir,f8080e6dba573d19d8d7987fd5182274d1a38e8c7573da5cbfa09c8e0a356765,egglog,5,ok,0,792.6878295838833,0,"[""/usr/bin/python3"", ""/home/arjaiswal/Polygeist/scripts/correctness/kernel_match_rewrite.py"", ""/home/arjaiswal/Polygeist/issues/aten_c_kernels/results/aten_mish_backward/debuf.mlir"", ""--dry-run"", ""--matcher-mode"", ""egglog"", ""--telemetry-json"", ""/home/arjaiswal/Polygeist/issues/equality_saturation_eval/campaign_20260908/aten-aten_mish_backward-egglog-5s_guzbd.json"", ""--disable-semantic-fallback""]","== match report for /home/arjaiswal/Polygeist/issues/aten_c_kernels/results/aten_mish_backward/debuf.mlir ==
  match          body#[0]  cudnnPointwiseGraph_f32
  total: 1 matched / 1 bodies
",0,[],0,0,0,0,/home/arjaiswal/Polygeist/issues/aten_c_kernels/results/aten_mish_backward/debuf.mlir,2506,8,1,1,304.90656942129135,0,66216,0.0,0,0,0,0,"[{""body_indices"": [0], ""symbol"": ""cudnnPointwiseGraph_f32""}]",1,0,0,0.0,0
aten,aten_mish_backward,/home/arjaiswal/Polygeist/issues/aten_c_kernels/results/aten_mish_backward/debuf.mlir,f8080e6dba573d19d8d7987fd5182274d1a38e8c7573da5cbfa09c8e0a356765,syntactic,5,ok,0,707.8451476991177,0,"[""/usr/bin/python3"", ""/home/arjaiswal/Polygeist/scripts/correctness/kernel_match_rewrite.py"", ""/home/arjaiswal/Polygeist/issues/aten_c_kernels/results/aten_mish_backward/debuf.mlir"", ""--dry-run"", ""--matcher-mode"", ""syntactic"", ""--telemetry-json"", ""/home/arjaiswal/Polygeist/issues/equality_saturation_eval/campaign_20260908/aten-aten_mish_backward-syntactic-h8kf28xo.json"", ""--disable-semantic-fallback""]","== match report for /home/arjaiswal/Polygeist/issues/aten_c_kernels/results/aten_mish_backward/debuf.mlir ==
  match          body#[0]  cudnnPointwiseGraph_f32
  total: 1 matched / 1 bodies
",0,[],0,0,0,0,/home/arjaiswal/Polygeist/issues/aten_c_kernels/results/aten_mish_backward/debuf.mlir,2506,0,1,1,281.88356757164,0,66016,0.0,0,0,0,0,"[{""body_indices"": [0], ""symbol"": ""cudnnPointwiseGraph_f32""}]",1,0,0,0.0,0
aten,aten_mm,/home/arjaiswal/Polygeist/issues/aten_c_kernels/results/aten_mm/debuf.mlir,1e63ad620812ad653a8551b7bf142984258baa80ebddbff1a4b32b351ffed73a,syntactic,1,ok,0,696.6927833855152,0,"[""/usr/bin/python3"", ""/home/arjaiswal/Polygeist/scripts/correctness/kernel_match_rewrite.py"", ""/home/arjaiswal/Polygeist/issues/aten_c_kernels/results/aten_mm/debuf.mlir"", ""--dry-run"", ""--matcher-mode"", ""syntactic"", ""--telemetry-json"", ""/home/arjaiswal/Polygeist/issues/equality_saturation_eval/campaign_20260908/aten-aten_mm-syntactic-dfskcgv6.json"", ""--disable-semantic-fallback""]","== match report for /home/arjaiswal/Polygeist/issues/aten_c_kernels/results/aten_mm/debuf.mlir ==
  match          body#[0, 1]  cublasDgemm_simple
  total: 1 matched / 1 bodies
",0,[],0,0,0,0,/home/arjaiswal/Polygeist/issues/aten_c_kernels/results/aten_mm/debuf.mlir,2948,0,2,2,280.2482023835182,0,65684,0.04127621650695801,0,6,0,0,"[{""body_indices"": [0, 1], ""symbol"": ""cublasDgemm_simple""}]",1,0,8,0.0,8
aten,aten_mm,/home/arjaiswal/Polygeist/issues/aten_c_kernels/results/aten_mm/debuf.mlir,1e63ad620812ad653a8551b7bf142984258baa80ebddbff1a4b32b351ffed73a,egglog,1,ok,0,857.8203804790974,0,"[""/usr/bin/python3"", ""/home/arjaiswal/Polygeist/scripts/correctness/kernel_match_rewrite.py"", ""/home/arjaiswal/Polygeist/issues/aten_c_kernels/results/aten_mm/debuf.mlir"", ""--dry-run"", ""--matcher-mode"", ""egglog"", ""--telemetry-json"", ""/home/arjaiswal/Polygeist/issues/equality_saturation_eval/campaign_20260908/aten-aten_mm-egglog-v2jy7avs.json"", ""--disable-semantic-fallback""]","== match report for /home/arjaiswal/Polygeist/issues/aten_c_kernels/results/aten_mm/debuf.mlir ==
  match          body#[0, 1]  cublasDgemm_simple
  total: 1 matched / 1 bodies
",0,[],0,0,0,0,/home/arjaiswal/Polygeist/issues/aten_c_kernels/results/aten_mm/debuf.mlir,2948,8,2,2,387.03882694244385,0,69444,74.68229904770851,6,6,0,8,"[{""body_indices"": [0, 1], ""symbol"": ""cublasDgemm_simple""}]",1,0,0,0.0,8
aten,aten_mm,/home/arjaiswal/Polygeist/issues/aten_c_kernels/results/aten_mm/debuf.mlir,1e63ad620812ad653a8551b7bf142984258baa80ebddbff1a4b32b351ffed73a,egglog,2,ok,0,749.3672482669353,0,"[""/usr/bin/python3"", ""/home/arjaiswal/Polygeist/scripts/correctness/kernel_match_rewrite.py"", ""/home/arjaiswal/Polygeist/issues/aten_c_kernels/results/aten_mm/debuf.mlir"", ""--dry-run"", ""--matcher-mode"", ""egglog"", ""--telemetry-json"", ""/home/arjaiswal/Polygeist/issues/equality_saturation_eval/campaign_20260908/aten-aten_mm-egglog-kkwks6gj.json"", ""--disable-semantic-fallback""]","== match report for /home/arjaiswal/Polygeist/issues/aten_c_kernels/results/aten_mm/debuf.mlir ==
  match          body#[0, 1]  cublasDgemm_simple
  total: 1 matched / 1 bodies
",0,[],0,0,0,0,/home/arjaiswal/Polygeist/issues/aten_c_kernels/results/aten_mm/debuf.mlir,2948,8,2,2,340.8293351531029,0,69336,59.50420722365379,6,6,0,8,"[{""body_indices"": [0, 1], ""symbol"": ""cublasDgemm_simple""}]",1,0,0,0.0,8
aten,aten_mm,/home/arjaiswal/Polygeist/issues/aten_c_kernels/results/aten_mm/debuf.mlir,1e63ad620812ad653a8551b7bf142984258baa80ebddbff1a4b32b351ffed73a,syntactic,2,ok,0,708.4091119468212,0,"[""/usr/bin/python3"", ""/home/arjaiswal/Polygeist/scripts/correctness/kernel_match_rewrite.py"", ""/home/arjaiswal/Polygeist/issues/aten_c_kernels/results/aten_mm/debuf.mlir"", ""--dry-run"", ""--matcher-mode"", ""syntactic"", ""--telemetry-json"", ""/home/arjaiswal/Polygeist/issues/equality_saturation_eval/campaign_20260908/aten-aten_mm-syntactic-kufu2wq_.json"", ""--disable-semantic-fallback""]","== match report for /home/arjaiswal/Polygeist/issues/aten_c_kernels/results/aten_mm/debuf.mlir ==
  match          body#[0, 1]  cublasDgemm_simple
  total: 1 matched / 1 bodies
",0,[],0,0,0,0,/home/arjaiswal/Polygeist/issues/aten_c_kernels/results/aten_mm/debuf.mlir,2948,0,2,2,283.81309658288956,0,65696,0.05471333861351013,0,6,0,0,"[{""body_indices"": [0, 1], ""symbol"": ""cublasDgemm_simple""}]",1,0,8,0.0,8
aten,aten_mm,/home/arjaiswal/Polygeist/issues/aten_c_kernels/results/aten_mm/debuf.mlir,1e63ad620812ad653a8551b7bf142984258baa80ebddbff1a4b32b351ffed73a,syntactic,3,ok,0,720.1230600476265,0,"[""/usr/bin/python3"", ""/home/arjaiswal/Polygeist/scripts/correctness/kernel_match_rewrite.py"", ""/home/arjaiswal/Polygeist/issues/aten_c_kernels/results/aten_mm/debuf.mlir"", ""--dry-run"", ""--matcher-mode"", ""syntactic"", ""--telemetry-json"", ""/home/arjaiswal/Polygeist/issues/equality_saturation_eval/campaign_20260908/aten-aten_mm-syntactic-ld01_ktf.json"", ""--disable-semantic-fallback""]","== match report for /home/arjaiswal/Polygeist/issues/aten_c_kernels/results/aten_mm/debuf.mlir ==
  match          body#[0, 1]  cublasDgemm_simple
  total: 1 matched / 1 bodies
",0,[],0,0,0,0,/home/arjaiswal/Polygeist/issues/aten_c_kernels/results/aten_mm/debuf.mlir,2948,0,2,2,296.1272671818733,0,65660,0.05465373396873474,0,6,0,0,"[{""body_indices"": [0, 1], ""symbol"": ""cublasDgemm_simple""}]",1,0,8,0.0,8
aten,aten_mm,/home/arjaiswal/Polygeist/issues/aten_c_kernels/results/aten_mm/debuf.mlir,1e63ad620812ad653a8551b7bf142984258baa80ebddbff1a4b32b351ffed73a,egglog,3,ok,0,801.550418138504,0,"[""/usr/bin/python3"", ""/home/arjaiswal/Polygeist/scripts/correctness/kernel_match_rewrite.py"", ""/home/arjaiswal/Polygeist/issues/aten_c_kernels/results/aten_mm/debuf.mlir"", ""--dry-run"", ""--matcher-mode"", ""egglog"", ""--telemetry-json"", ""/home/arjaiswal/Polygeist/issues/equality_saturation_eval/campaign_20260908/aten-aten_mm-egglog-a076yl4c.json"", ""--disable-semantic-fallback""]","== match report for /home/arjaiswal/Polygeist/issues/aten_c_kernels/results/aten_mm/debuf.mlir ==
  match          body#[0, 1]  cublasDgemm_simple
  total: 1 matched / 1 bodies
",0,[],0,0,0,0,/home/arjaiswal/Polygeist/issues/aten_c_kernels/results/aten_mm/debuf.mlir,2948,8,2,2,351.27343237400055,0,69380,59.79286879301071,6,6,0,8,"[{""body_indices"": [0, 1], ""symbol"": ""cublasDgemm_simple""}]",1,0,0,0.0,8
aten,aten_mm,/home/arjaiswal/Polygeist/issues/aten_c_kernels/results/aten_mm/debuf.mlir,1e63ad620812ad653a8551b7bf142984258baa80ebddbff1a4b32b351ffed73a,egglog,4,ok,0,805.4281733930111,0,"[""/usr/bin/python3"", ""/home/arjaiswal/Polygeist/scripts/correctness/kernel_match_rewrite.py"", ""/home/arjaiswal/Polygeist/issues/aten_c_kernels/results/aten_mm/debuf.mlir"", ""--dry-run"", ""--matcher-mode"", ""egglog"", ""--telemetry-json"", ""/home/arjaiswal/Polygeist/issues/equality_saturation_eval/campaign_20260908/aten-aten_mm-egglog-9re0gh4r.json"", ""--disable-semantic-fallback""]","== match report for /home/arjaiswal/Polygeist/issues/aten_c_kernels/results/aten_mm/debuf.mlir ==
  match          body#[0, 1]  cublasDgemm_simple
  total: 1 matched / 1 bodies
",0,[],0,0,0,0,/home/arjaiswal/Polygeist/issues/aten_c_kernels/results/aten_mm/debuf.mlir,2948,8,2,2,388.44867795705795,0,69300,61.63647770881653,6,6,0,8,"[{""body_indices"": [0, 1], ""symbol"": ""cublasDgemm_simple""}]",1,0,0,0.0,8
aten,aten_mm,/home/arjaiswal/Polygeist/issues/aten_c_kernels/results/aten_mm/debuf.mlir,1e63ad620812ad653a8551b7bf142984258baa80ebddbff1a4b32b351ffed73a,syntactic,4,ok,0,706.2273509800434,0,"[""/usr/bin/python3"", ""/home/arjaiswal/Polygeist/scripts/correctness/kernel_match_rewrite.py"", ""/home/arjaiswal/Polygeist/issues/aten_c_kernels/results/aten_mm/debuf.mlir"", ""--dry-run"", ""--matcher-mode"", ""syntactic"", ""--telemetry-json"", ""/home/arjaiswal/Polygeist/issues/equality_saturation_eval/campaign_20260908/aten-aten_mm-syntactic-wijuouat.json"", ""--disable-semantic-fallback""]","== match report for /home/arjaiswal/Polygeist/issues/aten_c_kernels/results/aten_mm/debuf.mlir ==
  match          body#[0, 1]  cublasDgemm_simple
  total: 1 matched / 1 bodies
",0,[],0,0,0,0,/home/arjaiswal/Polygeist/issues/aten_c_kernels/results/aten_mm/debuf.mlir,2948,0,2,2,283.805787563324,0,65504,0.04330277442932129,0,6,0,0,"[{""body_indices"": [0, 1], ""symbol"": ""cublasDgemm_simple""}]",1,0,8,0.0,8
aten,aten_mm,/home/arjaiswal/Polygeist/issues/aten_c_kernels/results/aten_mm/debuf.mlir,1e63ad620812ad653a8551b7bf142984258baa80ebddbff1a4b32b351ffed73a,syntactic,5,ok,0,734.9109649658203,0,"[""/usr/bin/python3"", ""/home/arjaiswal/Polygeist/scripts/correctness/kernel_match_rewrite.py"", ""/home/arjaiswal/Polygeist/issues/aten_c_kernels/results/aten_mm/debuf.mlir"", ""--dry-run"", ""--matcher-mode"", ""syntactic"", ""--telemetry-json"", ""/home/arjaiswal/Polygeist/issues/equality_saturation_eval/campaign_20260908/aten-aten_mm-syntactic-_0lvib6n.json"", ""--disable-semantic-fallback""]","== match report for /home/arjaiswal/Polygeist/issues/aten_c_kernels/results/aten_mm/debuf.mlir ==
  match          body#[0, 1]  cublasDgemm_simple
  total: 1 matched / 1 bodies
",0,[],0,0,0,0,/home/arjaiswal/Polygeist/issues/aten_c_kernels/results/aten_mm/debuf.mlir,2948,0,2,2,276.5916548669338,0,65780,0.04388764500617981,0,6,0,0,"[{""body_indices"": [0, 1], ""symbol"": ""cublasDgemm_simple""}]",1,0,8,0.0,8
aten,aten_mm,/home/arjaiswal/Polygeist/issues/aten_c_kernels/results/aten_mm/debuf.mlir,1e63ad620812ad653a8551b7bf142984258baa80ebddbff1a4b32b351ffed73a,egglog,5,ok,0,787.1444225311279,0,"[""/usr/bin/python3"", ""/home/arjaiswal/Polygeist/scripts/correctness/kernel_match_rewrite.py"", ""/home/arjaiswal/Polygeist/issues/aten_c_kernels/results/aten_mm/debuf.mlir"", ""--dry-run"", ""--matcher-mode"", ""egglog"", ""--telemetry-json"", ""/home/arjaiswal/Polygeist/issues/equality_saturation_eval/campaign_20260908/aten-aten_mm-egglog-v5q24kw_.json"", ""--disable-semantic-fallback""]","== match report for /home/arjaiswal/Polygeist/issues/aten_c_kernels/results/aten_mm/debuf.mlir ==
  match          body#[0, 1]  cublasDgemm_simple
  total: 1 matched / 1 bodies
",0,[],0,0,0,0,/home/arjaiswal/Polygeist/issues/aten_c_kernels/results/aten_mm/debuf.mlir,2948,8,2,2,358.6694523692131,0,69408,61.07687205076218,6,6,0,8,"[{""body_indices"": [0, 1], ""symbol"": ""cublasDgemm_simple""}]",1,0,0,0.0,8
aten,aten_mode_cpu,/home/arjaiswal/Polygeist/issues/aten_c_kernels/results/aten_mode_cpu/debuf.mlir,eee27741bf5c883a02146eeeffa528a43d4bfd68f4fa4359677d8c5ffdecd5a6,egglog,1,ok,0,948.13347235322,0,"[""/usr/bin/python3"", ""/home/arjaiswal/Polygeist/scripts/correctness/kernel_match_rewrite.py"", ""/home/arjaiswal/Polygeist/issues/aten_c_kernels/results/aten_mode_cpu/debuf.mlir"", ""--dry-run"", ""--matcher-mode"", ""egglog"", ""--telemetry-json"", ""/home/arjaiswal/Polygeist/issues/equality_saturation_eval/campaign_20260908/aten-aten_mode_cpu-egglog-0rfiq80o.json"", ""--disable-semantic-fallback""]","== match report for /home/arjaiswal/Polygeist/issues/aten_c_kernels/results/aten_mode_cpu/debuf.mlir ==
  match          body#[0]  cudaCopy1D_f32_tensor
  no_match       body#1  ?
  no_match       body#2  ?
  total: 1 matched / 3 bodies
",0,[],0,0,0,0,/home/arjaiswal/Polygeist/issues/aten_c_kernels/results/aten_mode_cpu/debuf.mlir,7277,8,3,1,526.1477902531624,2,70108,63.86011466383934,6,6,0,0,"[{""body_indices"": [0], ""symbol"": ""cudaCopy1D_f32_tensor""}]",1,0,0,0.0,76
aten,aten_mode_cpu,/home/arjaiswal/Polygeist/issues/aten_c_kernels/results/aten_mode_cpu/debuf.mlir,eee27741bf5c883a02146eeeffa528a43d4bfd68f4fa4359677d8c5ffdecd5a6,syntactic,1,ok,0,913.8630665838718,0,"[""/usr/bin/python3"", ""/home/arjaiswal/Polygeist/scripts/correctness/kernel_match_rewrite.py"", ""/home/arjaiswal/Polygeist/issues/aten_c_kernels/results/aten_mode_cpu/debuf.mlir"", ""--dry-run"", ""--matcher-mode"", ""syntactic"", ""--telemetry-json"", ""/home/arjaiswal/Polygeist/issues/equality_saturation_eval/campaign_20260908/aten-aten_mode_cpu-syntactic-le8dcahd.json"", ""--disable-semantic-fallback""]","== match report for /home/arjaiswal/Polygeist/issues/aten_c_kernels/results/aten_mode_cpu/debuf.mlir ==
  match          body#[0]  cudaCopy1D_f32_tensor
  no_match       body#1  ?
  no_match       body#2  ?
  total: 1 matched / 3 bodies
",0,[],0,0,0,0,/home/arjaiswal/Polygeist/issues/aten_c_kernels/results/aten_mode_cpu/debuf.mlir,7277,0,3,1,434.31371822953224,2,65772,0.18462911248207092,0,6,0,0,"[{""body_indices"": [0], ""symbol"": ""cudaCopy1D_f32_tensor""}]",1,0,76,0.0,76
aten,aten_mode_cpu,/home/arjaiswal/Polygeist/issues/aten_c_kernels/results/aten_mode_cpu/debuf.mlir,eee27741bf5c883a02146eeeffa528a43d4bfd68f4fa4359677d8c5ffdecd5a6,syntactic,2,ok,0,909.6172228455544,0,"[""/usr/bin/python3"", ""/home/arjaiswal/Polygeist/scripts/correctness/kernel_match_rewrite.py"", ""/home/arjaiswal/Polygeist/issues/aten_c_kernels/results/aten_mode_cpu/debuf.mlir"", ""--dry-run"", ""--matcher-mode"", ""syntactic"", ""--telemetry-json"", ""/home/arjaiswal/Polygeist/issues/equality_saturation_eval/campaign_20260908/aten-aten_mode_cpu-syntactic-1qq3pnwk.json"", ""--disable-semantic-fallback""]","== match report for /home/arjaiswal/Polygeist/issues/aten_c_kernels/results/aten_mode_cpu/debuf.mlir ==
  match          body#[0]  cudaCopy1D_f32_tensor
  no_match       body#1  ?
  no_match       body#2  ?
  total: 1 matched / 3 bodies
",0,[],0,0,0,0,/home/arjaiswal/Polygeist/issues/aten_c_kernels/results/aten_mode_cpu/debuf.mlir,7277,0,3,1,454.872190952301,2,65908,0.17533078789710999,0,6,0,0,"[{""body_indices"": [0], ""symbol"": ""cudaCopy1D_f32_tensor""}]",1,0,76,0.0,76
aten,aten_mode_cpu,/home/arjaiswal/Polygeist/issues/aten_c_kernels/results/aten_mode_cpu/debuf.mlir,eee27741bf5c883a02146eeeffa528a43d4bfd68f4fa4359677d8c5ffdecd5a6,egglog,2,ok,0,951.5884555876255,0,"[""/usr/bin/python3"", ""/home/arjaiswal/Polygeist/scripts/correctness/kernel_match_rewrite.py"", ""/home/arjaiswal/Polygeist/issues/aten_c_kernels/results/aten_mode_cpu/debuf.mlir"", ""--dry-run"", ""--matcher-mode"", ""egglog"", ""--telemetry-json"", ""/home/arjaiswal/Polygeist/issues/equality_saturation_eval/campaign_20260908/aten-aten_mode_cpu-egglog-27mcm19s.json"", ""--disable-semantic-fallback""]","== match report for /home/arjaiswal/Polygeist/issues/aten_c_kernels/results/aten_mode_cpu/debuf.mlir ==
  match          body#[0]  cudaCopy1D_f32_tensor
  no_match       body#1  ?
  no_match       body#2  ?
  total: 1 matched / 3 bodies
",0,[],0,0,0,0,/home/arjaiswal/Polygeist/issues/aten_c_kernels/results/aten_mode_cpu/debuf.mlir,7277,8,3,1,518.9051926136017,2,69968,63.50099667906761,6,6,0,0,"[{""body_indices"": [0], ""symbol"": ""cudaCopy1D_f32_tensor""}]",1,0,0,0.0,76
aten,aten_mode_cpu,/home/arjaiswal/Polygeist/issues/aten_c_kernels/results/aten_mode_cpu/debuf.mlir,eee27741bf5c883a02146eeeffa528a43d4bfd68f4fa4359677d8c5ffdecd5a6,egglog,3,ok,0,1038.0927324295044,0,"[""/usr/bin/python3"", ""/home/arjaiswal/Polygeist/scripts/correctness/kernel_match_rewrite.py"", ""/home/arjaiswal/Polygeist/issues/aten_c_kernels/results/aten_mode_cpu/debuf.mlir"", ""--dry-run"", ""--matcher-mode"", ""egglog"", ""--telemetry-json"", ""/home/arjaiswal/Polygeist/issues/equality_saturation_eval/campaign_20260908/aten-aten_mode_cpu-egglog-lnegzell.json"", ""--disable-semantic-fallback""]","== match report for /home/arjaiswal/Polygeist/issues/aten_c_kernels/results/aten_mode_cpu/debuf.mlir ==
  match          body#[0]  cudaCopy1D_f32_tensor
  no_match       body#1  ?
  no_match       body#2  ?
  total: 1 matched / 3 bodies
",0,[],0,0,0,0,/home/arjaiswal/Polygeist/issues/aten_c_kernels/results/aten_mode_cpu/debuf.mlir,7277,8,3,1,593.6418250203133,2,70096,69.09742206335068,6,6,0,0,"[{""body_indices"": [0], ""symbol"": ""cudaCopy1D_f32_tensor""}]",1,0,0,0.0,76
aten,aten_mode_cpu,/home/arjaiswal/Polygeist/issues/aten_c_kernels/results/aten_mode_cpu/debuf.mlir,eee27741bf5c883a02146eeeffa528a43d4bfd68f4fa4359677d8c5ffdecd5a6,syntactic,3,ok,0,853.0496023595333,0,"[""/usr/bin/python3"", ""/home/arjaiswal/Polygeist/scripts/correctness/kernel_match_rewrite.py"", ""/home/arjaiswal/Polygeist/issues/aten_c_kernels/results/aten_mode_cpu/debuf.mlir"", ""--dry-run"", ""--matcher-mode"", ""syntactic"", ""--telemetry-json"", ""/home/arjaiswal/Polygeist/issues/equality_saturation_eval/campaign_20260908/aten-aten_mode_cpu-syntactic-an38zsum.json"", ""--disable-semantic-fallback""]","== match report for /home/arjaiswal/Polygeist/issues/aten_c_kernels/results/aten_mode_cpu/debuf.mlir ==
  match          body#[0]  cudaCopy1D_f32_tensor
  no_match       body#1  ?
  no_match       body#2  ?
  total: 1 matched / 3 bodies
",0,[],0,0,0,0,/home/arjaiswal/Polygeist/issues/aten_c_kernels/results/aten_mode_cpu/debuf.mlir,7277,0,3,1,436.64441257715225,2,65916,0.19179657101631165,0,6,0,0,"[{""body_indices"": [0], ""symbol"": ""cudaCopy1D_f32_tensor""}]",1,0,76,0.0,76
aten,aten_mode_cpu,/home/arjaiswal/Polygeist/issues/aten_c_kernels/results/aten_mode_cpu/debuf.mlir,eee27741bf5c883a02146eeeffa528a43d4bfd68f4fa4359677d8c5ffdecd5a6,syntactic,4,ok,0,927.6957027614117,0,"[""/usr/bin/python3"", ""/home/arjaiswal/Polygeist/scripts/correctness/kernel_match_rewrite.py"", ""/home/arjaiswal/Polygeist/issues/aten_c_kernels/results/aten_mode_cpu/debuf.mlir"", ""--dry-run"", ""--matcher-mode"", ""syntactic"", ""--telemetry-json"", ""/home/arjaiswal/Polygeist/issues/equality_saturation_eval/campaign_20260908/aten-aten_mode_cpu-syntactic-x9347yzb.json"", ""--disable-semantic-fallback""]","== match report for /home/arjaiswal/Polygeist/issues/aten_c_kernels/results/aten_mode_cpu/debuf.mlir ==
  match          body#[0]  cudaCopy1D_f32_tensor
  no_match       body#1  ?
  no_match       body#2  ?
  total: 1 matched / 3 bodies
",0,[],0,0,0,0,/home/arjaiswal/Polygeist/issues/aten_c_kernels/results/aten_mode_cpu/debuf.mlir,7277,0,3,1,444.91488859057426,2,66088,0.18063560128211975,0,6,0,0,"[{""body_indices"": [0], ""symbol"": ""cudaCopy1D_f32_tensor""}]",1,0,76,0.0,76
aten,aten_mode_cpu,/home/arjaiswal/Polygeist/issues/aten_c_kernels/results/aten_mode_cpu/debuf.mlir,eee27741bf5c883a02146eeeffa528a43d4bfd68f4fa4359677d8c5ffdecd5a6,egglog,4,ok,0,957.2841450572014,0,"[""/usr/bin/python3"", ""/home/arjaiswal/Polygeist/scripts/correctness/kernel_match_rewrite.py"", ""/home/arjaiswal/Polygeist/issues/aten_c_kernels/results/aten_mode_cpu/debuf.mlir"", ""--dry-run"", ""--matcher-mode"", ""egglog"", ""--telemetry-json"", ""/home/arjaiswal/Polygeist/issues/equality_saturation_eval/campaign_20260908/aten-aten_mode_cpu-egglog-c5cvsdxz.json"", ""--disable-semantic-fallback""]","== match report for /home/arjaiswal/Polygeist/issues/aten_c_kernels/results/aten_mode_cpu/debuf.mlir ==
  match          body#[0]  cudaCopy1D_f32_tensor
  no_match       body#1  ?
  no_match       body#2  ?
  total: 1 matched / 3 bodies
",0,[],0,0,0,0,/home/arjaiswal/Polygeist/issues/aten_c_kernels/results/aten_mode_cpu/debuf.mlir,7277,8,3,1,537.4184474349022,2,70120,63.346389681100845,6,6,0,0,"[{""body_indices"": [0], ""symbol"": ""cudaCopy1D_f32_tensor""}]",1,0,0,0.0,76
aten,aten_mode_cpu,/home/arjaiswal/Polygeist/issues/aten_c_kernels/results/aten_mode_cpu/debuf.mlir,eee27741bf5c883a02146eeeffa528a43d4bfd68f4fa4359677d8c5ffdecd5a6,egglog,5,ok,0,953.5413384437561,0,"[""/usr/bin/python3"", ""/home/arjaiswal/Polygeist/scripts/correctness/kernel_match_rewrite.py"", ""/home/arjaiswal/Polygeist/issues/aten_c_kernels/results/aten_mode_cpu/debuf.mlir"", ""--dry-run"", ""--matcher-mode"", ""egglog"", ""--telemetry-json"", ""/home/arjaiswal/Polygeist/issues/equality_saturation_eval/campaign_20260908/aten-aten_mode_cpu-egglog-bmfcm8u8.json"", ""--disable-semantic-fallback""]","== match report for /home/arjaiswal/Polygeist/issues/aten_c_kernels/results/aten_mode_cpu/debuf.mlir ==
  match          body#[0]  cudaCopy1D_f32_tensor
  no_match       body#1  ?
  no_match       body#2  ?
  total: 1 matched / 3 bodies
",0,[],0,0,0,0,/home/arjaiswal/Polygeist/issues/aten_c_kernels/results/aten_mode_cpu/debuf.mlir,7277,8,3,1,527.3552313446999,2,69972,64.29774686694145,6,6,0,0,"[{""body_indices"": [0], ""symbol"": ""cudaCopy1D_f32_tensor""}]",1,0,0,0.0,76
aten,aten_mode_cpu,/home/arjaiswal/Polygeist/issues/aten_c_kernels/results/aten_mode_cpu/debuf.mlir,eee27741bf5c883a02146eeeffa528a43d4bfd68f4fa4359677d8c5ffdecd5a6,syntactic,5,ok,0,877.3593120276928,0,"[""/usr/bin/python3"", ""/home/arjaiswal/Polygeist/scripts/correctness/kernel_match_rewrite.py"", ""/home/arjaiswal/Polygeist/issues/aten_c_kernels/results/aten_mode_cpu/debuf.mlir"", ""--dry-run"", ""--matcher-mode"", ""syntactic"", ""--telemetry-json"", ""/home/arjaiswal/Polygeist/issues/equality_saturation_eval/campaign_20260908/aten-aten_mode_cpu-syntactic-qwkwxs44.json"", ""--disable-semantic-fallback""]","== match report for /home/arjaiswal/Polygeist/issues/aten_c_kernels/results/aten_mode_cpu/debuf.mlir ==
  match          body#[0]  cudaCopy1D_f32_tensor
  no_match       body#1  ?
  no_match       body#2  ?
  total: 1 matched / 3 bodies
",0,[],0,0,0,0,/home/arjaiswal/Polygeist/issues/aten_c_kernels/results/aten_mode_cpu/debuf.mlir,7277,0,3,1,456.8074345588684,2,66124,0.19089505076408386,0,6,0,0,"[{""body_indices"": [0], ""symbol"": ""cudaCopy1D_f32_tensor""}]",1,0,76,0.0,76
aten,aten_modified_bessel_i0,/home/arjaiswal/Polygeist/issues/aten_c_kernels/results/aten_modified_bessel_i0/debuf.mlir,aa3321005236bc683adbb0a2329bcc6ef893a1fa86bcadcda4720ba139a4b5c2,syntactic,1,ok,0,797.3250113427639,0,"[""/usr/bin/python3"", ""/home/arjaiswal/Polygeist/scripts/correctness/kernel_match_rewrite.py"", ""/home/arjaiswal/Polygeist/issues/aten_c_kernels/results/aten_modified_bessel_i0/debuf.mlir"", ""--dry-run"", ""--matcher-mode"", ""syntactic"", ""--telemetry-json"", ""/home/arjaiswal/Polygeist/issues/equality_saturation_eval/campaign_20260908/aten-aten_modified_bessel_i0-syntactic-18t279cy.json"", ""--disable-semantic-fallback""]","== match report for /home/arjaiswal/Polygeist/issues/aten_c_kernels/results/aten_modified_bessel_i0/debuf.mlir ==
  no_match       body#0  ?
  total: 0 matched / 1 bodies
",0,[],0,0,0,0,/home/arjaiswal/Polygeist/issues/aten_c_kernels/results/aten_modified_bessel_i0/debuf.mlir,1944,0,1,0,386.74550876021385,1,65556,0.13272464275360107,0,0,0,0,[],0,0,56,0.0,56
aten,aten_modified_bessel_i0,/home/arjaiswal/Polygeist/issues/aten_c_kernels/results/aten_modified_bessel_i0/debuf.mlir,aa3321005236bc683adbb0a2329bcc6ef893a1fa86bcadcda4720ba139a4b5c2,egglog,1,ok,0,806.9732189178467,0,"[""/usr/bin/python3"", ""/home/arjaiswal/Polygeist/scripts/correctness/kernel_match_rewrite.py"", ""/home/arjaiswal/Polygeist/issues/aten_c_kernels/results/aten_modified_bessel_i0/debuf.mlir"", ""--dry-run"", ""--matcher-mode"", ""egglog"", ""--telemetry-json"", ""/home/arjaiswal/Polygeist/issues/equality_saturation_eval/campaign_20260908/aten-aten_modified_bessel_i0-egglog-i23dm3d5.json"", ""--disable-semantic-fallback""]","== match report for /home/arjaiswal/Polygeist/issues/aten_c_kernels/results/aten_modified_bessel_i0/debuf.mlir ==
  no_match       body#0  ?
  total: 0 matched / 1 bodies
",0,[],0,0,0,0,/home/arjaiswal/Polygeist/issues/aten_c_kernels/results/aten_modified_bessel_i0/debuf.mlir,1944,8,1,0,394.3871930241585,1,65452,0.0,0,0,0,0,[],0,0,0,0.0,56
aten,aten_modified_bessel_i0,/home/arjaiswal/Polygeist/issues/aten_c_kernels/results/aten_modified_bessel_i0/debuf.mlir,aa3321005236bc683adbb0a2329bcc6ef893a1fa86bcadcda4720ba139a4b5c2,egglog,2,ok,0,847.6877734065056,0,"[""/usr/bin/python3"", ""/home/arjaiswal/Polygeist/scripts/correctness/kernel_match_rewrite.py"", ""/home/arjaiswal/Polygeist/issues/aten_c_kernels/results/aten_modified_bessel_i0/debuf.mlir"", ""--dry-run"", ""--matcher-mode"", ""egglog"", ""--telemetry-json"", ""/home/arjaiswal/Polygeist/issues/equality_saturation_eval/campaign_20260908/aten-aten_modified_bessel_i0-egglog-0yhblvy6.json"", ""--disable-semantic-fallback""]","== match report for /home/arjaiswal/Polygeist/issues/aten_c_kernels/results/aten_modified_bessel_i0/debuf.mlir ==
  no_match       body#0  ?
  total: 0 matched / 1 bodies
",0,[],0,0,0,0,/home/arjaiswal/Polygeist/issues/aten_c_kernels/results/aten_modified_bessel_i0/debuf.mlir,1944,8,1,0,409.1796390712261,1,65536,0.0,0,0,0,0,[],0,0,0,0.0,56
aten,aten_modified_bessel_i0,/home/arjaiswal/Polygeist/issues/aten_c_kernels/results/aten_modified_bessel_i0/debuf.mlir,aa3321005236bc683adbb0a2329bcc6ef893a1fa86bcadcda4720ba139a4b5c2,syntactic,2,ok,0,831.1834186315536,0,"[""/usr/bin/python3"", ""/home/arjaiswal/Polygeist/scripts/correctness/kernel_match_rewrite.py"", ""/home/arjaiswal/Polygeist/issues/aten_c_kernels/results/aten_modified_bessel_i0/debuf.mlir"", ""--dry-run"", ""--matcher-mode"", ""syntactic"", ""--telemetry-json"", ""/home/arjaiswal/Polygeist/issues/equality_saturation_eval/campaign_20260908/aten-aten_modified_bessel_i0-syntactic-kvgp31v9.json"", ""--disable-semantic-fallback""]","== match report for /home/arjaiswal/Polygeist/issues/aten_c_kernels/results/aten_modified_bessel_i0/debuf.mlir ==
  no_match       body#0  ?
  total: 0 matched / 1 bodies
",0,[],0,0,0,0,/home/arjaiswal/Polygeist/issues/aten_c_kernels/results/aten_modified_bessel_i0/debuf.mlir,1944,0,1,0,394.7599232196808,1,65476,0.12918561697006226,0,0,0,0,[],0,0,56,0.0,56
aten,aten_modified_bessel_i0,/home/arjaiswal/Polygeist/issues/aten_c_kernels/results/aten_modified_bessel_i0/debuf.mlir,aa3321005236bc683adbb0a2329bcc6ef893a1fa86bcadcda4720ba139a4b5c2,syntactic,3,ok,0,826.4789469540119,0,"[""/usr/bin/python3"", ""/home/arjaiswal/Polygeist/scripts/correctness/kernel_match_rewrite.py"", ""/home/arjaiswal/Polygeist/issues/aten_c_kernels/results/aten_modified_bessel_i0/debuf.mlir"", ""--dry-run"", ""--matcher-mode"", ""syntactic"", ""--telemetry-json"", ""/home/arjaiswal/Polygeist/issues/equality_saturation_eval/campaign_20260908/aten-aten_modified_bessel_i0-syntactic-hefaj5_4.json"", ""--disable-semantic-fallback""]","== match report for /home/arjaiswal/Polygeist/issues/aten_c_kernels/results/aten_modified_bessel_i0/debuf.mlir ==
  no_match       body#0  ?
  total: 0 matched / 1 bodies
",0,[],0,0,0,0,/home/arjaiswal/Polygeist/issues/aten_c_kernels/results/aten_modified_bessel_i0/debuf.mlir,1944,0,1,0,398.7923562526703,1,65496,0.12420862913131714,0,0,0,0,[],0,0,56,0.0,56
aten,aten_modified_bessel_i0,/home/arjaiswal/Polygeist/issues/aten_c_kernels/results/aten_modified_bessel_i0/debuf.mlir,aa3321005236bc683adbb0a2329bcc6ef893a1fa86bcadcda4720ba139a4b5c2,egglog,3,ok,0,858.0398187041283,0,"[""/usr/bin/python3"", ""/home/arjaiswal/Polygeist/scripts/correctness/kernel_match_rewrite.py"", ""/home/arjaiswal/Polygeist/issues/aten_c_kernels/results/aten_modified_bessel_i0/debuf.mlir"", ""--dry-run"", ""--matcher-mode"", ""egglog"", ""--telemetry-json"", ""/home/arjaiswal/Polygeist/issues/equality_saturation_eval/campaign_20260908/aten-aten_modified_bessel_i0-egglog-z_7eiaxz.json"", ""--disable-semantic-fallback""]","== match report for /home/arjaiswal/Polygeist/issues/aten_c_kernels/results/aten_modified_bessel_i0/debuf.mlir ==
  no_match       body#0  ?
  total: 0 matched / 1 bodies
",0,[],0,0,0,0,/home/arjaiswal/Polygeist/issues/aten_c_kernels/results/aten_modified_bessel_i0/debuf.mlir,1944,8,1,0,422.3283976316452,1,65516,0.0,0,0,0,0,[],0,0,0,0.0,56
aten,aten_modified_bessel_i0,/home/arjaiswal/Polygeist/issues/aten_c_kernels/results/aten_modified_bessel_i0/debuf.mlir,aa3321005236bc683adbb0a2329bcc6ef893a1fa86bcadcda4720ba139a4b5c2,egglog,4,ok,0,865.6487725675106,0,"[""/usr/bin/python3"", ""/home/arjaiswal/Polygeist/scripts/correctness/kernel_match_rewrite.py"", ""/home/arjaiswal/Polygeist/issues/aten_c_kernels/results/aten_modified_bessel_i0/debuf.mlir"", ""--dry-run"", ""--matcher-mode"", ""egglog"", ""--telemetry-json"", ""/home/arjaiswal/Polygeist/issues/equality_saturation_eval/campaign_20260908/aten-aten_modified_bessel_i0-egglog-mqig3jb1.json"", ""--disable-semantic-fallback""]","== match report for /home/arjaiswal/Polygeist/issues/aten_c_kernels/results/aten_modified_bessel_i0/debuf.mlir ==
  no_match       body#0  ?
  total: 0 matched / 1 bodies
",0,[],0,0,0,0,/home/arjaiswal/Polygeist/issues/aten_c_kernels/results/aten_modified_bessel_i0/debuf.mlir,1944,8,1,0,430.0117455422878,1,65632,0.0,0,0,0,0,[],0,0,0,0.0,56
aten,aten_modified_bessel_i0,/home/arjaiswal/Polygeist/issues/aten_c_kernels/results/aten_modified_bessel_i0/debuf.mlir,aa3321005236bc683adbb0a2329bcc6ef893a1fa86bcadcda4720ba139a4b5c2,syntactic,4,ok,0,887.3187378048897,0,"[""/usr/bin/python3"", ""/home/arjaiswal/Polygeist/scripts/correctness/kernel_match_rewrite.py"", ""/home/arjaiswal/Polygeist/issues/aten_c_kernels/results/aten_modified_bessel_i0/debuf.mlir"", ""--dry-run"", ""--matcher-mode"", ""syntactic"", ""--telemetry-json"", ""/home/arjaiswal/Polygeist/issues/equality_saturation_eval/campaign_20260908/aten-aten_modified_bessel_i0-syntactic-5plr13pw.json"", ""--disable-semantic-fallback""]","== match report for /home/arjaiswal/Polygeist/issues/aten_c_kernels/results/aten_modified_bessel_i0/debuf.mlir ==
  no_match       body#0  ?
  total: 0 matched / 1 bodies
",0,[],0,0,0,0,/home/arjaiswal/Polygeist/issues/aten_c_kernels/results/aten_modified_bessel_i0/debuf.mlir,1944,0,1,0,447.46336713433266,1,65584,0.13974308967590332,0,0,0,0,[],0,0,56,0.0,56
aten,aten_modified_bessel_i0,/home/arjaiswal/Polygeist/issues/aten_c_kernels/results/aten_modified_bessel_i0/debuf.mlir,aa3321005236bc683adbb0a2329bcc6ef893a1fa86bcadcda4720ba139a4b5c2,syntactic,5,ok,0,829.3844014406204,0,"[""/usr/bin/python3"", ""/home/arjaiswal/Polygeist/scripts/correctness/kernel_match_rewrite.py"", ""/home/arjaiswal/Polygeist/issues/aten_c_kernels/results/aten_modified_bessel_i0/debuf.mlir"", ""--dry-run"", ""--matcher-mode"", ""syntactic"", ""--telemetry-json"", ""/home/arjaiswal/Polygeist/issues/equality_saturation_eval/campaign_20260908/aten-aten_modified_bessel_i0-syntactic-6nb371e8.json"", ""--disable-semantic-fallback""]","== match report for /home/arjaiswal/Polygeist/issues/aten_c_kernels/results/aten_modified_bessel_i0/debuf.mlir ==
  no_match       body#0  ?
  total: 0 matched / 1 bodies
",0,[],0,0,0,0,/home/arjaiswal/Polygeist/issues/aten_c_kernels/results/aten_modified_bessel_i0/debuf.mlir,1944,0,1,0,402.83113718032837,1,65620,0.12748315930366516,0,0,0,0,[],0,0,56,0.0,56
aten,aten_modified_bessel_i0,/home/arjaiswal/Polygeist/issues/aten_c_kernels/results/aten_modified_bessel_i0/debuf.mlir,aa3321005236bc683adbb0a2329bcc6ef893a1fa86bcadcda4720ba139a4b5c2,egglog,5,ok,0,846.6435298323631,0,"[""/usr/bin/python3"", ""/home/arjaiswal/Polygeist/scripts/correctness/kernel_match_rewrite.py"", ""/home/arjaiswal/Polygeist/issues/aten_c_kernels/results/aten_modified_bessel_i0/debuf.mlir"", ""--dry-run"", ""--matcher-mode"", ""egglog"", ""--telemetry-json"", ""/home/arjaiswal/Polygeist/issues/equality_saturation_eval/campaign_20260908/aten-aten_modified_bessel_i0-egglog-7xdadqfp.json"", ""--disable-semantic-fallback""]","== match report for /home/arjaiswal/Polygeist/issues/aten_c_kernels/results/aten_modified_bessel_i0/debuf.mlir ==
  no_match       body#0  ?
  total: 0 matched / 1 bodies
",0,[],0,0,0,0,/home/arjaiswal/Polygeist/issues/aten_c_kernels/results/aten_modified_bessel_i0/debuf.mlir,1944,8,1,0,415.4857024550438,1,65732,0.0,0,0,0,0,[],0,0,0,0.0,56
aten,aten_modified_bessel_i1,/home/arjaiswal/Polygeist/issues/aten_c_kernels/results/aten_modified_bessel_i1/debuf.mlir,0609147b9b4e559a0aafe4a6dace573151cd47e2074d322a5fafa51b94e71a49,egglog,1,ok,0,819.7241201996803,0,"[""/usr/bin/python3"", ""/home/arjaiswal/Polygeist/scripts/correctness/kernel_match_rewrite.py"", ""/home/arjaiswal/Polygeist/issues/aten_c_kernels/results/aten_modified_bessel_i1/debuf.mlir"", ""--dry-run"", ""--matcher-mode"", ""egglog"", ""--telemetry-json"", ""/home/arjaiswal/Polygeist/issues/equality_saturation_eval/campaign_20260908/aten-aten_modified_bessel_i1-egglog-27iz8n46.json"", ""--disable-semantic-fallback""]","== match report for /home/arjaiswal/Polygeist/issues/aten_c_kernels/results/aten_modified_bessel_i1/debuf.mlir ==
  no_match       body#0  ?
  total: 0 matched / 1 bodies
",0,[],0,0,0,0,/home/arjaiswal/Polygeist/issues/aten_c_kernels/results/aten_modified_bessel_i1/debuf.mlir,1944,8,1,0,392.9569534957409,1,65948,0.0,0,0,0,0,[],0,0,0,0.0,56
aten,aten_modified_bessel_i1,/home/arjaiswal/Polygeist/issues/aten_c_kernels/results/aten_modified_bessel_i1/debuf.mlir,0609147b9b4e559a0aafe4a6dace573151cd47e2074d322a5fafa51b94e71a49,syntactic,1,ok,0,839.886736124754,0,"[""/usr/bin/python3"", ""/home/arjaiswal/Polygeist/scripts/correctness/kernel_match_rewrite.py"", ""/home/arjaiswal/Polygeist/issues/aten_c_kernels/results/aten_modified_bessel_i1/debuf.mlir"", ""--dry-run"", ""--matcher-mode"", ""syntactic"", ""--telemetry-json"", ""/home/arjaiswal/Polygeist/issues/equality_saturation_eval/campaign_20260908/aten-aten_modified_bessel_i1-syntactic-84hfyxmu.json"", ""--disable-semantic-fallback""]","== match report for /home/arjaiswal/Polygeist/issues/aten_c_kernels/results/aten_modified_bessel_i1/debuf.mlir ==
  no_match       body#0  ?
  total: 0 matched / 1 bodies
",0,[],0,0,0,0,/home/arjaiswal/Polygeist/issues/aten_c_kernels/results/aten_modified_bessel_i1/debuf.mlir,1944,0,1,0,413.9913320541382,1,65660,0.1451335847377777,0,0,0,0,[],0,0,56,0.0,56
aten,aten_modified_bessel_i1,/home/arjaiswal/Polygeist/issues/aten_c_kernels/results/aten_modified_bessel_i1/debuf.mlir,0609147b9b4e559a0aafe4a6dace573151cd47e2074d322a5fafa51b94e71a49,syntactic,2,ok,0,842.330951243639,0,"[""/usr/bin/python3"", ""/home/arjaiswal/Polygeist/scripts/correctness/kernel_match_rewrite.py"", ""/home/arjaiswal/Polygeist/issues/aten_c_kernels/results/aten_modified_bessel_i1/debuf.mlir"", ""--dry-run"", ""--matcher-mode"", ""syntactic"", ""--telemetry-json"", ""/home/arjaiswal/Polygeist/issues/equality_saturation_eval/campaign_20260908/aten-aten_modified_bessel_i1-syntactic-vebsf9rv.json"", ""--disable-semantic-fallback""]","== match report for /home/arjaiswal/Polygeist/issues/aten_c_kernels/results/aten_modified_bessel_i1/debuf.mlir ==
  no_match       body#0  ?
  total: 0 matched / 1 bodies
",0,[],0,0,0,0,/home/arjaiswal/Polygeist/issues/aten_c_kernels/results/aten_modified_bessel_i1/debuf.mlir,1944,0,1,0,403.1407944858074,1,65792,0.13077259063720703,0,0,0,0,[],0,0,56,0.0,56
aten,aten_modified_bessel_i1,/home/arjaiswal/Polygeist/issues/aten_c_kernels/results/aten_modified_bessel_i1/debuf.mlir,0609147b9b4e559a0aafe4a6dace573151cd47e2074d322a5fafa51b94e71a49,egglog,2,ok,0,825.1124508678913,0,"[""/usr/bin/python3"", ""/home/arjaiswal/Polygeist/scripts/correctness/kernel_match_rewrite.py"", ""/home/arjaiswal/Polygeist/issues/aten_c_kernels/results/aten_modified_bessel_i1/debuf.mlir"", ""--dry-run"", ""--matcher-mode"", ""egglog"", ""--telemetry-json"", ""/home/arjaiswal/Polygeist/issues/equality_saturation_eval/campaign_20260908/aten-aten_modified_bessel_i1-egglog-5gi4klog.json"", ""--disable-semantic-fallback""]","== match report for /home/arjaiswal/Polygeist/issues/aten_c_kernels/results/aten_modified_bessel_i1/debuf.mlir ==
  no_match       body#0  ?
  total: 0 matched / 1 bodies
",0,[],0,0,0,0,/home/arjaiswal/Polygeist/issues/aten_c_kernels/results/aten_modified_bessel_i1/debuf.mlir,1944,8,1,0,406.5072797238827,1,65780,0.0,0,0,0,0,[],0,0,0,0.0,56
aten,aten_modified_bessel_i1,/home/arjaiswal/Polygeist/issues/aten_c_kernels/results/aten_modified_bessel_i1/debuf.mlir,0609147b9b4e559a0aafe4a6dace573151cd47e2074d322a5fafa51b94e71a49,egglog,3,ok,0,831.0238607227802,0,"[""/usr/bin/python3"", ""/home/arjaiswal/Polygeist/scripts/correctness/kernel_match_rewrite.py"", ""/home/arjaiswal/Polygeist/issues/aten_c_kernels/results/aten_modified_bessel_i1/debuf.mlir"", ""--dry-run"", ""--matcher-mode"", ""egglog"", ""--telemetry-json"", ""/home/arjaiswal/Polygeist/issues/equality_saturation_eval/campaign_20260908/aten-aten_modified_bessel_i1-egglog-h65svuyb.json"", ""--disable-semantic-fallback""]","== match report for /home/arjaiswal/Polygeist/issues/aten_c_kernels/results/aten_modified_bessel_i1/debuf.mlir ==
  no_match       body#0  ?
  total: 0 matched / 1 bodies
",0,[],0,0,0,0,/home/arjaiswal/Polygeist/issues/aten_c_kernels/results/aten_modified_bessel_i1/debuf.mlir,1944,8,1,0,413.2900908589363,1,65524,0.0,0,0,0,0,[],0,0,0,0.0,56
aten,aten_modified_bessel_i1,/home/arjaiswal/Polygeist/issues/aten_c_kernels/results/aten_modified_bessel_i1/debuf.mlir,0609147b9b4e559a0aafe4a6dace573151cd47e2074d322a5fafa51b94e71a49,syntactic,3,ok,0,847.7933779358864,0,"[""/usr/bin/python3"", ""/home/arjaiswal/Polygeist/scripts/correctness/kernel_match_rewrite.py"", ""/home/arjaiswal/Polygeist/issues/aten_c_kernels/results/aten_modified_bessel_i1/debuf.mlir"", ""--dry-run"", ""--matcher-mode"", ""syntactic"", ""--telemetry-json"", ""/home/arjaiswal/Polygeist/issues/equality_saturation_eval/campaign_20260908/aten-aten_modified_bessel_i1-syntactic-lrc44t7w.json"", ""--disable-semantic-fallback""]","== match report for /home/arjaiswal/Polygeist/issues/aten_c_kernels/results/aten_modified_bessel_i1/debuf.mlir ==
  no_match       body#0  ?
  total: 0 matched / 1 bodies
",0,[],0,0,0,0,/home/arjaiswal/Polygeist/issues/aten_c_kernels/results/aten_modified_bessel_i1/debuf.mlir,1944,0,1,0,413.4127274155617,1,65792,0.1409389078617096,0,0,0,0,[],0,0,56,0.0,56
aten,aten_modified_bessel_i1,/home/arjaiswal/Polygeist/issues/aten_c_kernels/results/aten_modified_bessel_i1/debuf.mlir,0609147b9b4e559a0aafe4a6dace573151cd47e2074d322a5fafa51b94e71a49,syntactic,4,ok,0,820.5111660063267,0,"[""/usr/bin/python3"", ""/home/arjaiswal/Polygeist/scripts/correctness/kernel_match_rewrite.py"", ""/home/arjaiswal/Polygeist/issues/aten_c_kernels/results/aten_modified_bessel_i1/debuf.mlir"", ""--dry-run"", ""--matcher-mode"", ""syntactic"", ""--telemetry-json"", ""/home/arjaiswal/Polygeist/issues/equality_saturation_eval/campaign_20260908/aten-aten_modified_bessel_i1-syntactic-wf83q_3n.json"", ""--disable-semantic-fallback""]","== match report for /home/arjaiswal/Polygeist/issues/aten_c_kernels/results/aten_modified_bessel_i1/debuf.mlir ==
  no_match       body#0  ?
  total: 0 matched / 1 bodies
",0,[],0,0,0,0,/home/arjaiswal/Polygeist/issues/aten_c_kernels/results/aten_modified_bessel_i1/debuf.mlir,1944,0,1,0,406.9730415940285,1,65836,0.13937056064605713,0,0,0,0,[],0,0,56,0.0,56
aten,aten_modified_bessel_i1,/home/arjaiswal/Polygeist/issues/aten_c_kernels/results/aten_modified_bessel_i1/debuf.mlir,0609147b9b4e559a0aafe4a6dace573151cd47e2074d322a5fafa51b94e71a49,egglog,4,ok,0,842.4419052898884,0,"[""/usr/bin/python3"", ""/home/arjaiswal/Polygeist/scripts/correctness/kernel_match_rewrite.py"", ""/home/arjaiswal/Polygeist/issues/aten_c_kernels/results/aten_modified_bessel_i1/debuf.mlir"", ""--dry-run"", ""--matcher-mode"", ""egglog"", ""--telemetry-json"", ""/home/arjaiswal/Polygeist/issues/equality_saturation_eval/campaign_20260908/aten-aten_modified_bessel_i1-egglog-n9e944aq.json"", ""--disable-semantic-fallback""]","== match report for /home/arjaiswal/Polygeist/issues/aten_c_kernels/results/aten_modified_bessel_i1/debuf.mlir ==
  no_match       body#0  ?
  total: 0 matched / 1 bodies
",0,[],0,0,0,0,/home/arjaiswal/Polygeist/issues/aten_c_kernels/results/aten_modified_bessel_i1/debuf.mlir,1944,8,1,0,408.5331819951534,1,65736,0.0,0,0,0,0,[],0,0,0,0.0,56
aten,aten_modified_bessel_i1,/home/arjaiswal/Polygeist/issues/aten_c_kernels/results/aten_modified_bessel_i1/debuf.mlir,0609147b9b4e559a0aafe4a6dace573151cd47e2074d322a5fafa51b94e71a49,egglog,5,ok,0,836.2494222819805,0,"[""/usr/bin/python3"", ""/home/arjaiswal/Polygeist/scripts/correctness/kernel_match_rewrite.py"", ""/home/arjaiswal/Polygeist/issues/aten_c_kernels/results/aten_modified_bessel_i1/debuf.mlir"", ""--dry-run"", ""--matcher-mode"", ""egglog"", ""--telemetry-json"", ""/home/arjaiswal/Polygeist/issues/equality_saturation_eval/campaign_20260908/aten-aten_modified_bessel_i1-egglog-ldk156_6.json"", ""--disable-semantic-fallback""]","== match report for /home/arjaiswal/Polygeist/issues/aten_c_kernels/results/aten_modified_bessel_i1/debuf.mlir ==
  no_match       body#0  ?
  total: 0 matched / 1 bodies
",0,[],0,0,0,0,/home/arjaiswal/Polygeist/issues/aten_c_kernels/results/aten_modified_bessel_i1/debuf.mlir,1944,8,1,0,405.1574803888798,1,65772,0.0,0,0,0,0,[],0,0,0,0.0,56
aten,aten_modified_bessel_i1,/home/arjaiswal/Polygeist/issues/aten_c_kernels/results/aten_modified_bessel_i1/debuf.mlir,0609147b9b4e559a0aafe4a6dace573151cd47e2074d322a5fafa51b94e71a49,syntactic,5,ok,0,856.4600199460983,0,"[""/usr/bin/python3"", ""/home/arjaiswal/Polygeist/scripts/correctness/kernel_match_rewrite.py"", ""/home/arjaiswal/Polygeist/issues/aten_c_kernels/results/aten_modified_bessel_i1/debuf.mlir"", ""--dry-run"", ""--matcher-mode"", ""syntactic"", ""--telemetry-json"", ""/home/arjaiswal/Polygeist/issues/equality_saturation_eval/campaign_20260908/aten-aten_modified_bessel_i1-syntactic-kpf0jdw3.json"", ""--disable-semantic-fallback""]","== match report for /home/arjaiswal/Polygeist/issues/aten_c_kernels/results/aten_modified_bessel_i1/debuf.mlir ==
  no_match       body#0  ?
  total: 0 matched / 1 bodies
",0,[],0,0,0,0,/home/arjaiswal/Polygeist/issues/aten_c_kernels/results/aten_modified_bessel_i1/debuf.mlir,1944,0,1,0,420.9093935787678,1,65996,0.13714656233787537,0,0,0,0,[],0,0,56,0.0,56
aten,aten_modified_bessel_k0,/home/arjaiswal/Polygeist/issues/aten_c_kernels/results/aten_modified_bessel_k0/debuf.mlir,1a2f5864ccd0db9213bc6474a64b3ca7cdc9ed801e603016b08d36a4ed94095f,syntactic,1,ok,0,979.8672646284103,0,"[""/usr/bin/python3"", ""/home/arjaiswal/Polygeist/scripts/correctness/kernel_match_rewrite.py"", ""/home/arjaiswal/Polygeist/issues/aten_c_kernels/results/aten_modified_bessel_k0/debuf.mlir"", ""--dry-run"", ""--matcher-mode"", ""syntactic"", ""--telemetry-json"", ""/home/arjaiswal/Polygeist/issues/equality_saturation_eval/campaign_20260908/aten-aten_modified_bessel_k0-syntactic-qapjspm3.json"", ""--disable-semantic-fallback""]","== match report for /home/arjaiswal/Polygeist/issues/aten_c_kernels/results/aten_modified_bessel_k0/debuf.mlir ==
  no_match       body#0  ?
  total: 0 matched / 1 bodies
",0,[],0,0,0,0,/home/arjaiswal/Polygeist/issues/aten_c_kernels/results/aten_modified_bessel_k0/debuf.mlir,1944,0,1,0,419.6818433701992,1,65668,0.13742968440055847,0,0,0,0,[],0,0,56,0.0,56
aten,aten_modified_bessel_k0,/home/arjaiswal/Polygeist/issues/aten_c_kernels/results/aten_modified_bessel_k0/debuf.mlir,1a2f5864ccd0db9213bc6474a64b3ca7cdc9ed801e603016b08d36a4ed94095f,egglog,1,ok,0,827.7847170829773,0,"[""/usr/bin/python3"", ""/home/arjaiswal/Polygeist/scripts/correctness/kernel_match_rewrite.py"", ""/home/arjaiswal/Polygeist/issues/aten_c_kernels/results/aten_modified_bessel_k0/debuf.mlir"", ""--dry-run"", ""--matcher-mode"", ""egglog"", ""--telemetry-json"", ""/home/arjaiswal/Polygeist/issues/equality_saturation_eval/campaign_20260908/aten-aten_modified_bessel_k0-egglog-50yo1ct_.json"", ""--disable-semantic-fallback""]","== match report for /home/arjaiswal/Polygeist/issues/aten_c_kernels/results/aten_modified_bessel_k0/debuf.mlir ==
  no_match       body#0  ?
  total: 0 matched / 1 bodies
",0,[],0,0,0,0,/home/arjaiswal/Polygeist/issues/aten_c_kernels/results/aten_modified_bessel_k0/debuf.mlir,1944,8,1,0,404.830452054739,1,65652,0.0,0,0,0,0,[],0,0,0,0.0,56
aten,aten_modified_bessel_k0,/home/arjaiswal/Polygeist/issues/aten_c_kernels/results/aten_modified_bessel_k0/debuf.mlir,1a2f5864ccd0db9213bc6474a64b3ca7cdc9ed801e603016b08d36a4ed94095f,egglog,2,ok,0,817.2591328620911,0,"[""/usr/bin/python3"", ""/home/arjaiswal/Polygeist/scripts/correctness/kernel_match_rewrite.py"", ""/home/arjaiswal/Polygeist/issues/aten_c_kernels/results/aten_modified_bessel_k0/debuf.mlir"", ""--dry-run"", ""--matcher-mode"", ""egglog"", ""--telemetry-json"", ""/home/arjaiswal/Polygeist/issues/equality_saturation_eval/campaign_20260908/aten-aten_modified_bessel_k0-egglog-abs623x5.json"", ""--disable-semantic-fallback""]","== match report for /home/arjaiswal/Polygeist/issues/aten_c_kernels/results/aten_modified_bessel_k0/debuf.mlir ==
  no_match       body#0  ?
  total: 0 matched / 1 bodies
",0,[],0,0,0,0,/home/arjaiswal/Polygeist/issues/aten_c_kernels/results/aten_modified_bessel_k0/debuf.mlir,1944,8,1,0,407.69290551543236,1,65716,0.0,0,0,0,0,[],0,0,0,0.0,56
aten,aten_modified_bessel_k0,/home/arjaiswal/Polygeist/issues/aten_c_kernels/results/aten_modified_bessel_k0/debuf.mlir,1a2f5864ccd0db9213bc6474a64b3ca7cdc9ed801e603016b08d36a4ed94095f,syntactic,2,ok,0,811.6210401058197,0,"[""/usr/bin/python3"", ""/home/arjaiswal/Polygeist/scripts/correctness/kernel_match_rewrite.py"", ""/home/arjaiswal/Polygeist/issues/aten_c_kernels/results/aten_modified_bessel_k0/debuf.mlir"", ""--dry-run"", ""--matcher-mode"", ""syntactic"", ""--telemetry-json"", ""/home/arjaiswal/Polygeist/issues/equality_saturation_eval/campaign_20260908/aten-aten_modified_bessel_k0-syntactic-vhyfnkre.json"", ""--disable-semantic-fallback""]","== match report for /home/arjaiswal/Polygeist/issues/aten_c_kernels/results/aten_modified_bessel_k0/debuf.mlir ==
  no_match       body#0  ?
  total: 0 matched / 1 bodies
",0,[],0,0,0,0,/home/arjaiswal/Polygeist/issues/aten_c_kernels/results/aten_modified_bessel_k0/debuf.mlir,1944,0,1,0,396.3000439107418,1,65496,0.14214590191841125,0,0,0,0,[],0,0,56,0.0,56
aten,aten_modified_bessel_k0,/home/arjaiswal/Polygeist/issues/aten_c_kernels/results/aten_modified_bessel_k0/debuf.mlir,1a2f5864ccd0db9213bc6474a64b3ca7cdc9ed801e603016b08d36a4ed94095f,syntactic,3,ok,0,810.4852363467216,0,"[""/usr/bin/python3"", ""/home/arjaiswal/Polygeist/scripts/correctness/kernel_match_rewrite.py"", ""/home/arjaiswal/Polygeist/issues/aten_c_kernels/results/aten_modified_bessel_k0/debuf.mlir"", ""--dry-run"", ""--matcher-mode"", ""syntactic"", ""--telemetry-json"", ""/home/arjaiswal/Polygeist/issues/equality_saturation_eval/campaign_20260908/aten-aten_modified_bessel_k0-syntactic-15nb0ica.json"", ""--disable-semantic-fallback""]","== match report for /home/arjaiswal/Polygeist/issues/aten_c_kernels/results/aten_modified_bessel_k0/debuf.mlir ==
  no_match       body#0  ?
  total: 0 matched / 1 bodies
",0,[],0,0,0,0,/home/arjaiswal/Polygeist/issues/aten_c_kernels/results/aten_modified_bessel_k0/debuf.mlir,1944,0,1,0,389.8780941963196,1,65656,0.13338401913642883,0,0,0,0,[],0,0,56,0.0,56
aten,aten_modified_bessel_k0,/home/arjaiswal/Polygeist/issues/aten_c_kernels/results/aten_modified_bessel_k0/debuf.mlir,1a2f5864ccd0db9213bc6474a64b3ca7cdc9ed801e603016b08d36a4ed94095f,egglog,3,ok,0,811.679694801569,0,"[""/usr/bin/python3"", ""/home/arjaiswal/Polygeist/scripts/correctness/kernel_match_rewrite.py"", ""/home/arjaiswal/Polygeist/issues/aten_c_kernels/results/aten_modified_bessel_k0/debuf.mlir"", ""--dry-run"", ""--matcher-mode"", ""egglog"", ""--telemetry-json"", ""/home/arjaiswal/Polygeist/issues/equality_saturation_eval/campaign_20260908/aten-aten_modified_bessel_k0-egglog-ox0mao94.json"", ""--disable-semantic-fallback""]","== match report for /home/arjaiswal/Polygeist/issues/aten_c_kernels/results/aten_modified_bessel_k0/debuf.mlir ==
  no_match       body#0  ?
  total: 0 matched / 1 bodies
",0,[],0,0,0,0,/home/arjaiswal/Polygeist/issues/aten_c_kernels/results/aten_modified_bessel_k0/debuf.mlir,1944,8,1,0,391.92741736769676,1,65624,0.0,0,0,0,0,[],0,0,0,0.0,56
aten,aten_modified_bessel_k0,/home/arjaiswal/Polygeist/issues/aten_c_kernels/results/aten_modified_bessel_k0/debuf.mlir,1a2f5864ccd0db9213bc6474a64b3ca7cdc9ed801e603016b08d36a4ed94095f,egglog,4,ok,0,812.5266134738922,0,"[""/usr/bin/python3"", ""/home/arjaiswal/Polygeist/scripts/correctness/kernel_match_rewrite.py"", ""/home/arjaiswal/Polygeist/issues/aten_c_kernels/results/aten_modified_bessel_k0/debuf.mlir"", ""--dry-run"", ""--matcher-mode"", ""egglog"", ""--telemetry-json"", ""/home/arjaiswal/Polygeist/issues/equality_saturation_eval/campaign_20260908/aten-aten_modified_bessel_k0-egglog-6lai7wmb.json"", ""--disable-semantic-fallback""]","== match report for /home/arjaiswal/Polygeist/issues/aten_c_kernels/results/aten_modified_bessel_k0/debuf.mlir ==
  no_match       body#0  ?
  total: 0 matched / 1 bodies
",0,[],0,0,0,0,/home/arjaiswal/Polygeist/issues/aten_c_kernels/results/aten_modified_bessel_k0/debuf.mlir,1944,8,1,0,406.44069015979767,1,65576,0.0,0,0,0,0,[],0,0,0,0.0,56
aten,aten_modified_bessel_k0,/home/arjaiswal/Polygeist/issues/aten_c_kernels/results/aten_modified_bessel_k0/debuf.mlir,1a2f5864ccd0db9213bc6474a64b3ca7cdc9ed801e603016b08d36a4ed94095f,syntactic,4,ok,0,832.0133611559868,0,"[""/usr/bin/python3"", ""/home/arjaiswal/Polygeist/scripts/correctness/kernel_match_rewrite.py"", ""/home/arjaiswal/Polygeist/issues/aten_c_kernels/results/aten_modified_bessel_k0/debuf.mlir"", ""--dry-run"", ""--matcher-mode"", ""syntactic"", ""--telemetry-json"", ""/home/arjaiswal/Polygeist/issues/equality_saturation_eval/campaign_20260908/aten-aten_modified_bessel_k0-syntactic-vwn4fyyf.json"", ""--disable-semantic-fallback""]","== match report for /home/arjaiswal/Polygeist/issues/aten_c_kernels/results/aten_modified_bessel_k0/debuf.mlir ==
  no_match       body#0  ?
  total: 0 matched / 1 bodies
",0,[],0,0,0,0,/home/arjaiswal/Polygeist/issues/aten_c_kernels/results/aten_modified_bessel_k0/debuf.mlir,1944,0,1,0,413.09305652976036,1,65636,0.1387558877468109,0,0,0,0,[],0,0,56,0.0,56
aten,aten_modified_bessel_k0,/home/arjaiswal/Polygeist/issues/aten_c_kernels/results/aten_modified_bessel_k0/debuf.mlir,1a2f5864ccd0db9213bc6474a64b3ca7cdc9ed801e603016b08d36a4ed94095f,syntactic,5,ok,0,800.5035221576691,0,"[""/usr/bin/python3"", ""/home/arjaiswal/Polygeist/scripts/correctness/kernel_match_rewrite.py"", ""/home/arjaiswal/Polygeist/issues/aten_c_kernels/results/aten_modified_bessel_k0/debuf.mlir"", ""--dry-run"", ""--matcher-mode"", ""syntactic"", ""--telemetry-json"", ""/home/arjaiswal/Polygeist/issues/equality_saturation_eval/campaign_20260908/aten-aten_modified_bessel_k0-syntactic-g75xiu28.json"", ""--disable-semantic-fallback""]","== match report for /home/arjaiswal/Polygeist/issues/aten_c_kernels/results/aten_modified_bessel_k0/debuf.mlir ==
  no_match       body#0  ?
  total: 0 matched / 1 bodies
",0,[],0,0,0,0,/home/arjaiswal/Polygeist/issues/aten_c_kernels/results/aten_modified_bessel_k0/debuf.mlir,1944,0,1,0,392.49957352876663,1,65692,0.12598559260368347,0,0,0,0,[],0,0,56,0.0,56
aten,aten_modified_bessel_k0,/home/arjaiswal/Polygeist/issues/aten_c_kernels/results/aten_modified_bessel_k0/debuf.mlir,1a2f5864ccd0db9213bc6474a64b3ca7cdc9ed801e603016b08d36a4ed94095f,egglog,5,ok,0,828.5050801932812,0,"[""/usr/bin/python3"", ""/home/arjaiswal/Polygeist/scripts/correctness/kernel_match_rewrite.py"", ""/home/arjaiswal/Polygeist/issues/aten_c_kernels/results/aten_modified_bessel_k0/debuf.mlir"", ""--dry-run"", ""--matcher-mode"", ""egglog"", ""--telemetry-json"", ""/home/arjaiswal/Polygeist/issues/equality_saturation_eval/campaign_20260908/aten-aten_modified_bessel_k0-egglog-yn1giwrp.json"", ""--disable-semantic-fallback""]","== match report for /home/arjaiswal/Polygeist/issues/aten_c_kernels/results/aten_modified_bessel_k0/debuf.mlir ==
  no_match       body#0  ?
  total: 0 matched / 1 bodies
",0,[],0,0,0,0,/home/arjaiswal/Polygeist/issues/aten_c_kernels/results/aten_modified_bessel_k0/debuf.mlir,1944,8,1,0,410.1445786654949,1,65408,0.0,0,0,0,0,[],0,0,0,0.0,56
aten,aten_modified_bessel_k1,/home/arjaiswal/Polygeist/issues/aten_c_kernels/results/aten_modified_bessel_k1/debuf.mlir,a95f9dbd9d494ab303b682a79475807658148d9ae8ad9bba111e6eb3b960a7c9,egglog,1,ok,0,821.8805268406868,0,"[""/usr/bin/python3"", ""/home/arjaiswal/Polygeist/scripts/correctness/kernel_match_rewrite.py"", ""/home/arjaiswal/Polygeist/issues/aten_c_kernels/results/aten_modified_bessel_k1/debuf.mlir"", ""--dry-run"", ""--matcher-mode"", ""egglog"", ""--telemetry-json"", ""/home/arjaiswal/Polygeist/issues/equality_saturation_eval/campaign_20260908/aten-aten_modified_bessel_k1-egglog-zy2uel_p.json"", ""--disable-semantic-fallback""]","== match report for /home/arjaiswal/Polygeist/issues/aten_c_kernels/results/aten_modified_bessel_k1/debuf.mlir ==
  no_match       body#0  ?
  total: 0 matched / 1 bodies
",0,[],0,0,0,0,/home/arjaiswal/Polygeist/issues/aten_c_kernels/results/aten_modified_bessel_k1/debuf.mlir,1944,8,1,0,395.7210071384907,1,65632,0.0,0,0,0,0,[],0,0,0,0.0,56
aten,aten_modified_bessel_k1,/home/arjaiswal/Polygeist/issues/aten_c_kernels/results/aten_modified_bessel_k1/debuf.mlir,a95f9dbd9d494ab303b682a79475807658148d9ae8ad9bba111e6eb3b960a7c9,syntactic,1,ok,0,800.450436770916,0,"[""/usr/bin/python3"", ""/home/arjaiswal/Polygeist/scripts/correctness/kernel_match_rewrite.py"", ""/home/arjaiswal/Polygeist/issues/aten_c_kernels/results/aten_modified_bessel_k1/debuf.mlir"", ""--dry-run"", ""--matcher-mode"", ""syntactic"", ""--telemetry-json"", ""/home/arjaiswal/Polygeist/issues/equality_saturation_eval/campaign_20260908/aten-aten_modified_bessel_k1-syntactic-7yyb6ztn.json"", ""--disable-semantic-fallback""]","== match report for /home/arjaiswal/Polygeist/issues/aten_c_kernels/results/aten_modified_bessel_k1/debuf.mlir ==
  no_match       body#0  ?
  total: 0 matched / 1 bodies
",0,[],0,0,0,0,/home/arjaiswal/Polygeist/issues/aten_c_kernels/results/aten_modified_bessel_k1/debuf.mlir,1944,0,1,0,389.0553489327431,1,65776,0.11801347136497498,0,0,0,0,[],0,0,56,0.0,56
aten,aten_modified_bessel_k1,/home/arjaiswal/Polygeist/issues/aten_c_kernels/results/aten_modified_bessel_k1/debuf.mlir,a95f9dbd9d494ab303b682a79475807658148d9ae8ad9bba111e6eb3b960a7c9,syntactic,2,ok,0,883.6722373962402,0,"[""/usr/bin/python3"", ""/home/arjaiswal/Polygeist/scripts/correctness/kernel_match_rewrite.py"", ""/home/arjaiswal/Polygeist/issues/aten_c_kernels/results/aten_modified_bessel_k1/debuf.mlir"", ""--dry-run"", ""--matcher-mode"", ""syntactic"", ""--telemetry-json"", ""/home/arjaiswal/Polygeist/issues/equality_saturation_eval/campaign_20260908/aten-aten_modified_bessel_k1-syntactic-u7_x2gcb.json"", ""--disable-semantic-fallback""]","== match report for /home/arjaiswal/Polygeist/issues/aten_c_kernels/results/aten_modified_bessel_k1/debuf.mlir ==
  no_match       body#0  ?
  total: 0 matched / 1 bodies
",0,[],0,0,0,0,/home/arjaiswal/Polygeist/issues/aten_c_kernels/results/aten_modified_bessel_k1/debuf.mlir,1944,0,1,0,451.6005218029022,1,65688,0.14834478497505188,0,0,0,0,[],0,0,56,0.0,56
aten,aten_modified_bessel_k1,/home/arjaiswal/Polygeist/issues/aten_c_kernels/results/aten_modified_bessel_k1/debuf.mlir,a95f9dbd9d494ab303b682a79475807658148d9ae8ad9bba111e6eb3b960a7c9,egglog,2,ok,0,825.0912390649319,0,"[""/usr/bin/python3"", ""/home/arjaiswal/Polygeist/scripts/correctness/kernel_match_rewrite.py"", ""/home/arjaiswal/Polygeist/issues/aten_c_kernels/results/aten_modified_bessel_k1/debuf.mlir"", ""--dry-run"", ""--matcher-mode"", ""egglog"", ""--telemetry-json"", ""/home/arjaiswal/Polygeist/issues/equality_saturation_eval/campaign_20260908/aten-aten_modified_bessel_k1-egglog-gewsmfyq.json"", ""--disable-semantic-fallback""]","== match report for /home/arjaiswal/Polygeist/issues/aten_c_kernels/results/aten_modified_bessel_k1/debuf.mlir ==
  no_match       body#0  ?
  total: 0 matched / 1 bodies
",0,[],0,0,0,0,/home/arjaiswal/Polygeist/issues/aten_c_kernels/results/aten_modified_bessel_k1/debuf.mlir,1944,8,1,0,419.6573942899704,1,65600,0.0,0,0,0,0,[],0,0,0,0.0,56
aten,aten_modified_bessel_k1,/home/arjaiswal/Polygeist/issues/aten_c_kernels/results/aten_modified_bessel_k1/debuf.mlir,a95f9dbd9d494ab303b682a79475807658148d9ae8ad9bba111e6eb3b960a7c9,egglog,3,ok,0,831.5990716218948,0,"[""/usr/bin/python3"", ""/home/arjaiswal/Polygeist/scripts/correctness/kernel_match_rewrite.py"", ""/home/arjaiswal/Polygeist/issues/aten_c_kernels/results/aten_modified_bessel_k1/debuf.mlir"", ""--dry-run"", ""--matcher-mode"", ""egglog"", ""--telemetry-json"", ""/home/arjaiswal/Polygeist/issues/equality_saturation_eval/campaign_20260908/aten-aten_modified_bessel_k1-egglog-idac87jw.json"", ""--disable-semantic-fallback""]","== match report for /home/arjaiswal/Polygeist/issues/aten_c_kernels/results/aten_modified_bessel_k1/debuf.mlir ==
  no_match       body#0  ?
  total: 0 matched / 1 bodies
",0,[],0,0,0,0,/home/arjaiswal/Polygeist/issues/aten_c_kernels/results/aten_modified_bessel_k1/debuf.mlir,1944,8,1,0,419.1231057047844,1,65656,0.0,0,0,0,0,[],0,0,0,0.0,56
aten,aten_modified_bessel_k1,/home/arjaiswal/Polygeist/issues/aten_c_kernels/results/aten_modified_bessel_k1/debuf.mlir,a95f9dbd9d494ab303b682a79475807658148d9ae8ad9bba111e6eb3b960a7c9,syntactic,3,ok,0,820.443969219923,0,"[""/usr/bin/python3"", ""/home/arjaiswal/Polygeist/scripts/correctness/kernel_match_rewrite.py"", ""/home/arjaiswal/Polygeist/issues/aten_c_kernels/results/aten_modified_bessel_k1/debuf.mlir"", ""--dry-run"", ""--matcher-mode"", ""syntactic"", ""--telemetry-json"", ""/home/arjaiswal/Polygeist/issues/equality_saturation_eval/campaign_20260908/aten-aten_modified_bessel_k1-syntactic-p7fbizxe.json"", ""--disable-semantic-fallback""]","== match report for /home/arjaiswal/Polygeist/issues/aten_c_kernels/results/aten_modified_bessel_k1/debuf.mlir ==
  no_match       body#0  ?
  total: 0 matched / 1 bodies
",0,[],0,0,0,0,/home/arjaiswal/Polygeist/issues/aten_c_kernels/results/aten_modified_bessel_k1/debuf.mlir,1944,0,1,0,397.5675031542778,1,66088,0.1313909888267517,0,0,0,0,[],0,0,56,0.0,56
aten,aten_modified_bessel_k1,/home/arjaiswal/Polygeist/issues/aten_c_kernels/results/aten_modified_bessel_k1/debuf.mlir,a95f9dbd9d494ab303b682a79475807658148d9ae8ad9bba111e6eb3b960a7c9,syntactic,4,ok,0,824.2967687547207,0,"[""/usr/bin/python3"", ""/home/arjaiswal/Polygeist/scripts/correctness/kernel_match_rewrite.py"", ""/home/arjaiswal/Polygeist/issues/aten_c_kernels/results/aten_modified_bessel_k1/debuf.mlir"", ""--dry-run"", ""--matcher-mode"", ""syntactic"", ""--telemetry-json"", ""/home/arjaiswal/Polygeist/issues/equality_saturation_eval/campaign_20260908/aten-aten_modified_bessel_k1-syntactic-q7ak_8gs.json"", ""--disable-semantic-fallback""]","== match report for /home/arjaiswal/Polygeist/issues/aten_c_kernels/results/aten_modified_bessel_k1/debuf.mlir ==
  no_match       body#0  ?
  total: 0 matched / 1 bodies
",0,[],0,0,0,0,/home/arjaiswal/Polygeist/issues/aten_c_kernels/results/aten_modified_bessel_k1/debuf.mlir,1944,0,1,0,400.32146126031876,1,65668,0.12789294123649597,0,0,0,0,[],0,0,56,0.0,56
aten,aten_modified_bessel_k1,/home/arjaiswal/Polygeist/issues/aten_c_kernels/results/aten_modified_bessel_k1/debuf.mlir,a95f9dbd9d494ab303b682a79475807658148d9ae8ad9bba111e6eb3b960a7c9,egglog,4,ok,0,819.3765729665756,0,"[""/usr/bin/python3"", ""/home/arjaiswal/Polygeist/scripts/correctness/kernel_match_rewrite.py"", ""/home/arjaiswal/Polygeist/issues/aten_c_kernels/results/aten_modified_bessel_k1/debuf.mlir"", ""--dry-run"", ""--matcher-mode"", ""egglog"", ""--telemetry-json"", ""/home/arjaiswal/Polygeist/issues/equality_saturation_eval/campaign_20260908/aten-aten_modified_bessel_k1-egglog-2i1zp7wf.json"", ""--disable-semantic-fallback""]","== match report for /home/arjaiswal/Polygeist/issues/aten_c_kernels/results/aten_modified_bessel_k1/debuf.mlir ==
  no_match       body#0  ?
  total: 0 matched / 1 bodies
",0,[],0,0,0,0,/home/arjaiswal/Polygeist/issues/aten_c_kernels/results/aten_modified_bessel_k1/debuf.mlir,1944,8,1,0,401.8423371016979,1,65812,0.0,0,0,0,0,[],0,0,0,0.0,56
aten,aten_modified_bessel_k1,/home/arjaiswal/Polygeist/issues/aten_c_kernels/results/aten_modified_bessel_k1/debuf.mlir,a95f9dbd9d494ab303b682a79475807658148d9ae8ad9bba111e6eb3b960a7c9,egglog,5,ok,0,849.4880646467209,0,"[""/usr/bin/python3"", ""/home/arjaiswal/Polygeist/scripts/correctness/kernel_match_rewrite.py"", ""/home/arjaiswal/Polygeist/issues/aten_c_kernels/results/aten_modified_bessel_k1/debuf.mlir"", ""--dry-run"", ""--matcher-mode"", ""egglog"", ""--telemetry-json"", ""/home/arjaiswal/Polygeist/issues/equality_saturation_eval/campaign_20260908/aten-aten_modified_bessel_k1-egglog-9wpbjtob.json"", ""--disable-semantic-fallback""]","== match report for /home/arjaiswal/Polygeist/issues/aten_c_kernels/results/aten_modified_bessel_k1/debuf.mlir ==
  no_match       body#0  ?
  total: 0 matched / 1 bodies
",0,[],0,0,0,0,/home/arjaiswal/Polygeist/issues/aten_c_kernels/results/aten_modified_bessel_k1/debuf.mlir,1944,8,1,0,429.68225479125977,1,65860,0.0,0,0,0,0,[],0,0,0,0.0,56
aten,aten_modified_bessel_k1,/home/arjaiswal/Polygeist/issues/aten_c_kernels/results/aten_modified_bessel_k1/debuf.mlir,a95f9dbd9d494ab303b682a79475807658148d9ae8ad9bba111e6eb3b960a7c9,syntactic,5,ok,0,798.9765293896198,0,"[""/usr/bin/python3"", ""/home/arjaiswal/Polygeist/scripts/correctness/kernel_match_rewrite.py"", ""/home/arjaiswal/Polygeist/issues/aten_c_kernels/results/aten_modified_bessel_k1/debuf.mlir"", ""--dry-run"", ""--matcher-mode"", ""syntactic"", ""--telemetry-json"", ""/home/arjaiswal/Polygeist/issues/equality_saturation_eval/campaign_20260908/aten-aten_modified_bessel_k1-syntactic-l4rzuvlu.json"", ""--disable-semantic-fallback""]","== match report for /home/arjaiswal/Polygeist/issues/aten_c_kernels/results/aten_modified_bessel_k1/debuf.mlir ==
  no_match       body#0  ?
  total: 0 matched / 1 bodies
",0,[],0,0,0,0,/home/arjaiswal/Polygeist/issues/aten_c_kernels/results/aten_modified_bessel_k1/debuf.mlir,1944,0,1,0,392.4209289252758,1,65820,0.12979656457901,0,0,0,0,[],0,0,56,0.0,56
aten,aten_mse_backward,/home/arjaiswal/Polygeist/issues/aten_c_kernels/results/aten_mse_backward/debuf.mlir,98d2de65591e3e2ec73848430e55987615fdd3028f9a26aca5ffe266e8bb6afd,syntactic,1,ok,0,712.6066200435162,0,"[""/usr/bin/python3"", ""/home/arjaiswal/Polygeist/scripts/correctness/kernel_match_rewrite.py"", ""/home/arjaiswal/Polygeist/issues/aten_c_kernels/results/aten_mse_backward/debuf.mlir"", ""--dry-run"", ""--matcher-mode"", ""syntactic"", ""--telemetry-json"", ""/home/arjaiswal/Polygeist/issues/equality_saturation_eval/campaign_20260908/aten-aten_mse_backward-syntactic-r5g3v76y.json"", ""--disable-semantic-fallback""]","== match report for /home/arjaiswal/Polygeist/issues/aten_c_kernels/results/aten_mse_backward/debuf.mlir ==
  match          body#[0]  cudnnPointwiseGraph_f32
  total: 1 matched / 1 bodies
",0,[],0,0,0,0,/home/arjaiswal/Polygeist/issues/aten_c_kernels/results/aten_mse_backward/debuf.mlir,1942,0,1,1,286.7503613233566,0,65676,0.0264681875705719,0,0,0,0,"[{""body_indices"": [0], ""symbol"": ""cudnnPointwiseGraph_f32""}]",1,0,6,0.0,6
aten,aten_mse_backward,/home/arjaiswal/Polygeist/issues/aten_c_kernels/results/aten_mse_backward/debuf.mlir,98d2de65591e3e2ec73848430e55987615fdd3028f9a26aca5ffe266e8bb6afd,egglog,1,ok,0,716.8096750974655,0,"[""/usr/bin/python3"", ""/home/arjaiswal/Polygeist/scripts/correctness/kernel_match_rewrite.py"", ""/home/arjaiswal/Polygeist/issues/aten_c_kernels/results/aten_mse_backward/debuf.mlir"", ""--dry-run"", ""--matcher-mode"", ""egglog"", ""--telemetry-json"", ""/home/arjaiswal/Polygeist/issues/equality_saturation_eval/campaign_20260908/aten-aten_mse_backward-egglog-nx6abw2p.json"", ""--disable-semantic-fallback""]","== match report for /home/arjaiswal/Polygeist/issues/aten_c_kernels/results/aten_mse_backward/debuf.mlir ==
  match          body#[0]  cudnnPointwiseGraph_f32
  total: 1 matched / 1 bodies
",0,[],0,0,0,0,/home/arjaiswal/Polygeist/issues/aten_c_kernels/results/aten_mse_backward/debuf.mlir,1942,8,1,1,314.3070824444294,0,65616,0.0,0,0,0,0,"[{""body_indices"": [0], ""symbol"": ""cudnnPointwiseGraph_f32""}]",1,0,0,0.0,6
aten,aten_mse_backward,/home/arjaiswal/Polygeist/issues/aten_c_kernels/results/aten_mse_backward/debuf.mlir,98d2de65591e3e2ec73848430e55987615fdd3028f9a26aca5ffe266e8bb6afd,egglog,2,ok,0,721.8759879469872,0,"[""/usr/bin/python3"", ""/home/arjaiswal/Polygeist/scripts/correctness/kernel_match_rewrite.py"", ""/home/arjaiswal/Polygeist/issues/aten_c_kernels/results/aten_mse_backward/debuf.mlir"", ""--dry-run"", ""--matcher-mode"", ""egglog"", ""--telemetry-json"", ""/home/arjaiswal/Polygeist/issues/equality_saturation_eval/campaign_20260908/aten-aten_mse_backward-egglog-3gytm171.json"", ""--disable-semantic-fallback""]","== match report for /home/arjaiswal/Polygeist/issues/aten_c_kernels/results/aten_mse_backward/debuf.mlir ==
  match          body#[0]  cudnnPointwiseGraph_f32
  total: 1 matched / 1 bodies
",0,[],0,0,0,0,/home/arjaiswal/Polygeist/issues/aten_c_kernels/results/aten_mse_backward/debuf.mlir,1942,8,1,1,290.3638109564781,0,65772,0.0,0,0,0,0,"[{""body_indices"": [0], ""symbol"": ""cudnnPointwiseGraph_f32""}]",1,0,0,0.0,6
aten,aten_mse_backward,/home/arjaiswal/Polygeist/issues/aten_c_kernels/results/aten_mse_backward/debuf.mlir,98d2de65591e3e2ec73848430e55987615fdd3028f9a26aca5ffe266e8bb6afd,syntactic,2,ok,0,758.832186460495,0,"[""/usr/bin/python3"", ""/home/arjaiswal/Polygeist/scripts/correctness/kernel_match_rewrite.py"", ""/home/arjaiswal/Polygeist/issues/aten_c_kernels/results/aten_mse_backward/debuf.mlir"", ""--dry-run"", ""--matcher-mode"", ""syntactic"", ""--telemetry-json"", ""/home/arjaiswal/Polygeist/issues/equality_saturation_eval/campaign_20260908/aten-aten_mse_backward-syntactic-vyva3n78.json"", ""--disable-semantic-fallback""]","== match report for /home/arjaiswal/Polygeist/issues/aten_c_kernels/results/aten_mse_backward/debuf.mlir ==
  match          body#[0]  cudnnPointwiseGraph_f32
  total: 1 matched / 1 bodies
",0,[],0,0,0,0,/home/arjaiswal/Polygeist/issues/aten_c_kernels/results/aten_mse_backward/debuf.mlir,1942,0,1,1,318.0253282189369,0,65644,0.023134052753448486,0,0,0,0,"[{""body_indices"": [0], ""symbol"": ""cudnnPointwiseGraph_f32""}]",1,0,6,0.0,6
aten,aten_mse_backward,/home/arjaiswal/Polygeist/issues/aten_c_kernels/results/aten_mse_backward/debuf.mlir,98d2de65591e3e2ec73848430e55987615fdd3028f9a26aca5ffe266e8bb6afd,syntactic,3,ok,0,729.087583720684,0,"[""/usr/bin/python3"", ""/home/arjaiswal/Polygeist/scripts/correctness/kernel_match_rewrite.py"", ""/home/arjaiswal/Polygeist/issues/aten_c_kernels/results/aten_mse_backward/debuf.mlir"", ""--dry-run"", ""--matcher-mode"", ""syntactic"", ""--telemetry-json"", ""/home/arjaiswal/Polygeist/issues/equality_saturation_eval/campaign_20260908/aten-aten_mse_backward-syntactic-ox2p0ka4.json"", ""--disable-semantic-fallback""]","== match report for /home/arjaiswal/Polygeist/issues/aten_c_kernels/results/aten_mse_backward/debuf.mlir ==
  match          body#[0]  cudnnPointwiseGraph_f32
  total: 1 matched / 1 bodies
",0,[],0,0,0,0,/home/arjaiswal/Polygeist/issues/aten_c_kernels/results/aten_mse_backward/debuf.mlir,1942,0,1,1,299.0032732486725,0,65568,0.02497062087059021,0,0,0,0,"[{""body_indices"": [0], ""symbol"": ""cudnnPointwiseGraph_f32""}]",1,0,6,0.0,6
aten,aten_mse_backward,/home/arjaiswal/Polygeist/issues/aten_c_kernels/results/aten_mse_backward/debuf.mlir,98d2de65591e3e2ec73848430e55987615fdd3028f9a26aca5ffe266e8bb6afd,egglog,3,ok,0,757.2670988738537,0,"[""/usr/bin/python3"", ""/home/arjaiswal/Polygeist/scripts/correctness/kernel_match_rewrite.py"", ""/home/arjaiswal/Polygeist/issues/aten_c_kernels/results/aten_mse_backward/debuf.mlir"", ""--dry-run"", ""--matcher-mode"", ""egglog"", ""--telemetry-json"", ""/home/arjaiswal/Polygeist/issues/equality_saturation_eval/campaign_20260908/aten-aten_mse_backward-egglog-48vcl3yn.json"", ""--disable-semantic-fallback""]","== match report for /home/arjaiswal/Polygeist/issues/aten_c_kernels/results/aten_mse_backward/debuf.mlir ==
  match          body#[0]  cudnnPointwiseGraph_f32
  total: 1 matched / 1 bodies
",0,[],0,0,0,0,/home/arjaiswal/Polygeist/issues/aten_c_kernels/results/aten_mse_backward/debuf.mlir,1942,8,1,1,304.3472692370415,0,65560,0.0,0,0,0,0,"[{""body_indices"": [0], ""symbol"": ""cudnnPointwiseGraph_f32""}]",1,0,0,0.0,6
aten,aten_mse_backward,/home/arjaiswal/Polygeist/issues/aten_c_kernels/results/aten_mse_backward/debuf.mlir,98d2de65591e3e2ec73848430e55987615fdd3028f9a26aca5ffe266e8bb6afd,egglog,4,ok,0,730.8343648910522,0,"[""/usr/bin/python3"", ""/home/arjaiswal/Polygeist/scripts/correctness/kernel_match_rewrite.py"", ""/home/arjaiswal/Polygeist/issues/aten_c_kernels/results/aten_mse_backward/debuf.mlir"", ""--dry-run"", ""--matcher-mode"", ""egglog"", ""--telemetry-json"", ""/home/arjaiswal/Polygeist/issues/equality_saturation_eval/campaign_20260908/aten-aten_mse_backward-egglog-fmoyr01f.json"", ""--disable-semantic-fallback""]","== match report for /home/arjaiswal/Polygeist/issues/aten_c_kernels/results/aten_mse_backward/debuf.mlir ==
  match          body#[0]  cudnnPointwiseGraph_f32
  total: 1 matched / 1 bodies
",0,[],0,0,0,0,/home/arjaiswal/Polygeist/issues/aten_c_kernels/results/aten_mse_backward/debuf.mlir,1942,8,1,1,301.570326089859,0,65556,0.0,0,0,0,0,"[{""body_indices"": [0], ""symbol"": ""cudnnPointwiseGraph_f32""}]",1,0,0,0.0,6
aten,aten_mse_backward,/home/arjaiswal/Polygeist/issues/aten_c_kernels/results/aten_mse_backward/debuf.mlir,98d2de65591e3e2ec73848430e55987615fdd3028f9a26aca5ffe266e8bb6afd,syntactic,4,ok,0,713.4797982871532,0,"[""/usr/bin/python3"", ""/home/arjaiswal/Polygeist/scripts/correctness/kernel_match_rewrite.py"", ""/home/arjaiswal/Polygeist/issues/aten_c_kernels/results/aten_mse_backward/debuf.mlir"", ""--dry-run"", ""--matcher-mode"", ""syntactic"", ""--telemetry-json"", ""/home/arjaiswal/Polygeist/issues/equality_saturation_eval/campaign_20260908/aten-aten_mse_backward-syntactic-_uxv8emr.json"", ""--disable-semantic-fallback""]","== match report for /home/arjaiswal/Polygeist/issues/aten_c_kernels/results/aten_mse_backward/debuf.mlir ==
  match          body#[0]  cudnnPointwiseGraph_f32
  total: 1 matched / 1 bodies
",0,[],0,0,0,0,/home/arjaiswal/Polygeist/issues/aten_c_kernels/results/aten_mse_backward/debuf.mlir,1942,0,1,1,299.82754588127136,0,65620,0.02483278512954712,0,0,0,0,"[{""body_indices"": [0], ""symbol"": ""cudnnPointwiseGraph_f32""}]",1,0,6,0.0,6
aten,aten_mse_backward,/home/arjaiswal/Polygeist/issues/aten_c_kernels/results/aten_mse_backward/debuf.mlir,98d2de65591e3e2ec73848430e55987615fdd3028f9a26aca5ffe266e8bb6afd,syntactic,5,ok,0,718.0385813117027,0,"[""/usr/bin/python3"", ""/home/arjaiswal/Polygeist/scripts/correctness/kernel_match_rewrite.py"", ""/home/arjaiswal/Polygeist/issues/aten_c_kernels/results/aten_mse_backward/debuf.mlir"", ""--dry-run"", ""--matcher-mode"", ""syntactic"", ""--telemetry-json"", ""/home/arjaiswal/Polygeist/issues/equality_saturation_eval/campaign_20260908/aten-aten_mse_backward-syntactic-m8n7nsdp.json"", ""--disable-semantic-fallback""]","== match report for /home/arjaiswal/Polygeist/issues/aten_c_kernels/results/aten_mse_backward/debuf.mlir ==
  match          body#[0]  cudnnPointwiseGraph_f32
  total: 1 matched / 1 bodies
",0,[],0,0,0,0,/home/arjaiswal/Polygeist/issues/aten_c_kernels/results/aten_mse_backward/debuf.mlir,1942,0,1,1,287.66752406954765,0,65724,0.022202730178833008,0,0,0,0,"[{""body_indices"": [0], ""symbol"": ""cudnnPointwiseGraph_f32""}]",1,0,6,0.0,6
aten,aten_mse_backward,/home/arjaiswal/Polygeist/issues/aten_c_kernels/results/aten_mse_backward/debuf.mlir,98d2de65591e3e2ec73848430e55987615fdd3028f9a26aca5ffe266e8bb6afd,egglog,5,ok,0,707.3434889316559,0,"[""/usr/bin/python3"", ""/home/arjaiswal/Polygeist/scripts/correctness/kernel_match_rewrite.py"", ""/home/arjaiswal/Polygeist/issues/aten_c_kernels/results/aten_mse_backward/debuf.mlir"", ""--dry-run"", ""--matcher-mode"", ""egglog"", ""--telemetry-json"", ""/home/arjaiswal/Polygeist/issues/equality_saturation_eval/campaign_20260908/aten-aten_mse_backward-egglog-d4n3f81y.json"", ""--disable-semantic-fallback""]","== match report for /home/arjaiswal/Polygeist/issues/aten_c_kernels/results/aten_mse_backward/debuf.mlir ==
  match          body#[0]  cudnnPointwiseGraph_f32
  total: 1 matched / 1 bodies
",0,[],0,0,0,0,/home/arjaiswal/Polygeist/issues/aten_c_kernels/results/aten_mse_backward/debuf.mlir,1942,8,1,1,287.82788664102554,0,65764,0.0,0,0,0,0,"[{""body_indices"": [0], ""symbol"": ""cudnnPointwiseGraph_f32""}]",1,0,0,0.0,6
aten,aten_mse_elementwise,/home/arjaiswal/Polygeist/issues/aten_c_kernels/results/aten_mse_elementwise/debuf.mlir,3ce8f8fe861e44d09e862e1b223ec047a02b849df20eeca90e096c051b1f46e7,egglog,1,ok,0,720.978606492281,0,"[""/usr/bin/python3"", ""/home/arjaiswal/Polygeist/scripts/correctness/kernel_match_rewrite.py"", ""/home/arjaiswal/Polygeist/issues/aten_c_kernels/results/aten_mse_elementwise/debuf.mlir"", ""--dry-run"", ""--matcher-mode"", ""egglog"", ""--telemetry-json"", ""/home/arjaiswal/Polygeist/issues/equality_saturation_eval/campaign_20260908/aten-aten_mse_elementwise-egglog-4xiuxnvu.json"", ""--disable-semantic-fallback""]","== match report for /home/arjaiswal/Polygeist/issues/aten_c_kernels/results/aten_mse_elementwise/debuf.mlir ==
  match          body#[0]  cudnnPointwiseGraph_f32
  total: 1 matched / 1 bodies
",0,[],0,0,0,0,/home/arjaiswal/Polygeist/issues/aten_c_kernels/results/aten_mse_elementwise/debuf.mlir,1930,8,1,1,310.98825857043266,0,65648,0.0,0,0,0,0,"[{""body_indices"": [0], ""symbol"": ""cudnnPointwiseGraph_f32""}]",1,0,0,0.0,6
aten,aten_mse_elementwise,/home/arjaiswal/Polygeist/issues/aten_c_kernels/results/aten_mse_elementwise/debuf.mlir,3ce8f8fe861e44d09e862e1b223ec047a02b849df20eeca90e096c051b1f46e7,syntactic,1,ok,0,740.29391258955,0,"[""/usr/bin/python3"", ""/home/arjaiswal/Polygeist/scripts/correctness/kernel_match_rewrite.py"", ""/home/arjaiswal/Polygeist/issues/aten_c_kernels/results/aten_mse_elementwise/debuf.mlir"", ""--dry-run"", ""--matcher-mode"", ""syntactic"", ""--telemetry-json"", ""/home/arjaiswal/Polygeist/issues/equality_saturation_eval/campaign_20260908/aten-aten_mse_elementwise-syntactic-_i513egy.json"", ""--disable-semantic-fallback""]","== match report for /home/arjaiswal/Polygeist/issues/aten_c_kernels/results/aten_mse_elementwise/debuf.mlir ==
  match          body#[0]  cudnnPointwiseGraph_f32
  total: 1 matched / 1 bodies
",0,[],0,0,0,0,/home/arjaiswal/Polygeist/issues/aten_c_kernels/results/aten_mse_elementwise/debuf.mlir,1930,0,1,1,301.71627178788185,0,65644,0.027183443307876587,0,0,0,0,"[{""body_indices"": [0], ""symbol"": ""cudnnPointwiseGraph_f32""}]",1,0,6,0.0,6
aten,aten_mse_elementwise,/home/arjaiswal/Polygeist/issues/aten_c_kernels/results/aten_mse_elementwise/debuf.mlir,3ce8f8fe861e44d09e862e1b223ec047a02b849df20eeca90e096c051b1f46e7,syntactic,2,ok,0,711.5163691341877,0,"[""/usr/bin/python3"", ""/home/arjaiswal/Polygeist/scripts/correctness/kernel_match_rewrite.py"", ""/home/arjaiswal/Polygeist/issues/aten_c_kernels/results/aten_mse_elementwise/debuf.mlir"", ""--dry-run"", ""--matcher-mode"", ""syntactic"", ""--telemetry-json"", ""/home/arjaiswal/Polygeist/issues/equality_saturation_eval/campaign_20260908/aten-aten_mse_elementwise-syntactic-f1fs404f.json"", ""--disable-semantic-fallback""]","== match report for /home/arjaiswal/Polygeist/issues/aten_c_kernels/results/aten_mse_elementwise/debuf.mlir ==
  match          body#[0]  cudnnPointwiseGraph_f32
  total: 1 matched / 1 bodies
",0,[],0,0,0,0,/home/arjaiswal/Polygeist/issues/aten_c_kernels/results/aten_mse_elementwise/debuf.mlir,1930,0,1,1,294.1242791712284,0,65680,0.025186687707901,0,0,0,0,"[{""body_indices"": [0], ""symbol"": ""cudnnPointwiseGraph_f32""}]",1,0,6,0.0,6
aten,aten_mse_elementwise,/home/arjaiswal/Polygeist/issues/aten_c_kernels/results/aten_mse_elementwise/debuf.mlir,3ce8f8fe861e44d09e862e1b223ec047a02b849df20eeca90e096c051b1f46e7,egglog,2,ok,0,788.9810688793659,0,"[""/usr/bin/python3"", ""/home/arjaiswal/Polygeist/scripts/correctness/kernel_match_rewrite.py"", ""/home/arjaiswal/Polygeist/issues/aten_c_kernels/results/aten_mse_elementwise/debuf.mlir"", ""--dry-run"", ""--matcher-mode"", ""egglog"", ""--telemetry-json"", ""/home/arjaiswal/Polygeist/issues/equality_saturation_eval/campaign_20260908/aten-aten_mse_elementwise-egglog-rvvw8uug.json"", ""--disable-semantic-fallback""]","== match report for /home/arjaiswal/Polygeist/issues/aten_c_kernels/results/aten_mse_elementwise/debuf.mlir ==
  match          body#[0]  cudnnPointwiseGraph_f32
  total: 1 matched / 1 bodies
",0,[],0,0,0,0,/home/arjaiswal/Polygeist/issues/aten_c_kernels/results/aten_mse_elementwise/debuf.mlir,1930,8,1,1,321.9083659350872,0,65600,0.0,0,0,0,0,"[{""body_indices"": [0], ""symbol"": ""cudnnPointwiseGraph_f32""}]",1,0,0,0.0,6
aten,aten_mse_elementwise,/home/arjaiswal/Polygeist/issues/aten_c_kernels/results/aten_mse_elementwise/debuf.mlir,3ce8f8fe861e44d09e862e1b223ec047a02b849df20eeca90e096c051b1f46e7,egglog,3,ok,0,716.7410738766193,0,"[""/usr/bin/python3"", ""/home/arjaiswal/Polygeist/scripts/correctness/kernel_match_rewrite.py"", ""/home/arjaiswal/Polygeist/issues/aten_c_kernels/results/aten_mse_elementwise/debuf.mlir"", ""--dry-run"", ""--matcher-mode"", ""egglog"", ""--telemetry-json"", ""/home/arjaiswal/Polygeist/issues/equality_saturation_eval/campaign_20260908/aten-aten_mse_elementwise-egglog-0h0skmdj.json"", ""--disable-semantic-fallback""]","== match report for /home/arjaiswal/Polygeist/issues/aten_c_kernels/results/aten_mse_elementwise/debuf.mlir ==
  match          body#[0]  cudnnPointwiseGraph_f32
  total: 1 matched / 1 bodies
",0,[],0,0,0,0,/home/arjaiswal/Polygeist/issues/aten_c_kernels/results/aten_mse_elementwise/debuf.mlir,1930,8,1,1,301.301758736372,0,65736,0.0,0,0,0,0,"[{""body_indices"": [0], ""symbol"": ""cudnnPointwiseGraph_f32""}]",1,0,0,0.0,6
aten,aten_mse_elementwise,/home/arjaiswal/Polygeist/issues/aten_c_kernels/results/aten_mse_elementwise/debuf.mlir,3ce8f8fe861e44d09e862e1b223ec047a02b849df20eeca90e096c051b1f46e7,syntactic,3,ok,0,748.8489486277103,0,"[""/usr/bin/python3"", ""/home/arjaiswal/Polygeist/scripts/correctness/kernel_match_rewrite.py"", ""/home/arjaiswal/Polygeist/issues/aten_c_kernels/results/aten_mse_elementwise/debuf.mlir"", ""--dry-run"", ""--matcher-mode"", ""syntactic"", ""--telemetry-json"", ""/home/arjaiswal/Polygeist/issues/equality_saturation_eval/campaign_20260908/aten-aten_mse_elementwise-syntactic-95xtt8xq.json"", ""--disable-semantic-fallback""]","== match report for /home/arjaiswal/Polygeist/issues/aten_c_kernels/results/aten_mse_elementwise/debuf.mlir ==
  match          body#[0]  cudnnPointwiseGraph_f32
  total: 1 matched / 1 bodies
",0,[],0,0,0,0,/home/arjaiswal/Polygeist/issues/aten_c_kernels/results/aten_mse_elementwise/debuf.mlir,1930,0,1,1,314.3647648394108,0,65660,0.029228627681732178,0,0,0,0,"[{""body_indices"": [0], ""symbol"": ""cudnnPointwiseGraph_f32""}]",1,0,6,0.0,6
aten,aten_mse_elementwise,/home/arjaiswal/Polygeist/issues/aten_c_kernels/results/aten_mse_elementwise/debuf.mlir,3ce8f8fe861e44d09e862e1b223ec047a02b849df20eeca90e096c051b1f46e7,syntactic,4,ok,0,771.2182104587555,0,"[""/usr/bin/python3"", ""/home/arjaiswal/Polygeist/scripts/correctness/kernel_match_rewrite.py"", ""/home/arjaiswal/Polygeist/issues/aten_c_kernels/results/aten_mse_elementwise/debuf.mlir"", ""--dry-run"", ""--matcher-mode"", ""syntactic"", ""--telemetry-json"", ""/home/arjaiswal/Polygeist/issues/equality_saturation_eval/campaign_20260908/aten-aten_mse_elementwise-syntactic-8nb40tmi.json"", ""--disable-semantic-fallback""]","== match report for /home/arjaiswal/Polygeist/issues/aten_c_kernels/results/aten_mse_elementwise/debuf.mlir ==
  match          body#[0]  cudnnPointwiseGraph_f32
  total: 1 matched / 1 bodies
",0,[],0,0,0,0,/home/arjaiswal/Polygeist/issues/aten_c_kernels/results/aten_mse_elementwise/debuf.mlir,1930,0,1,1,354.49594259262085,0,65648,0.025637447834014893,0,0,0,0,"[{""body_indices"": [0], ""symbol"": ""cudnnPointwiseGraph_f32""}]",1,0,6,0.0,6
aten,aten_mse_elementwise,/home/arjaiswal/Polygeist/issues/aten_c_kernels/results/aten_mse_elementwise/debuf.mlir,3ce8f8fe861e44d09e862e1b223ec047a02b849df20eeca90e096c051b1f46e7,egglog,4,ok,0,722.164161503315,0,"[""/usr/bin/python3"", ""/home/arjaiswal/Polygeist/scripts/correctness/kernel_match_rewrite.py"", ""/home/arjaiswal/Polygeist/issues/aten_c_kernels/results/aten_mse_elementwise/debuf.mlir"", ""--dry-run"", ""--matcher-mode"", ""egglog"", ""--telemetry-json"", ""/home/arjaiswal/Polygeist/issues/equality_saturation_eval/campaign_20260908/aten-aten_mse_elementwise-egglog-5yn59de1.json"", ""--disable-semantic-fallback""]","== match report for /home/arjaiswal/Polygeist/issues/aten_c_kernels/results/aten_mse_elementwise/debuf.mlir ==
  match          body#[0]  cudnnPointwiseGraph_f32
  total: 1 matched / 1 bodies
",0,[],0,0,0,0,/home/arjaiswal/Polygeist/issues/aten_c_kernels/results/aten_mse_elementwise/debuf.mlir,1930,8,1,1,302.5553300976753,0,65528,0.0,0,0,0,0,"[{""body_indices"": [0], ""symbol"": ""cudnnPointwiseGraph_f32""}]",1,0,0,0.0,6
aten,aten_mse_elementwise,/home/arjaiswal/Polygeist/issues/aten_c_kernels/results/aten_mse_elementwise/debuf.mlir,3ce8f8fe861e44d09e862e1b223ec047a02b849df20eeca90e096c051b1f46e7,egglog,5,ok,0,779.8773907124996,0,"[""/usr/bin/python3"", ""/home/arjaiswal/Polygeist/scripts/correctness/kernel_match_rewrite.py"", ""/home/arjaiswal/Polygeist/issues/aten_c_kernels/results/aten_mse_elementwise/debuf.mlir"", ""--dry-run"", ""--matcher-mode"", ""egglog"", ""--telemetry-json"", ""/home/arjaiswal/Polygeist/issues/equality_saturation_eval/campaign_20260908/aten-aten_mse_elementwise-egglog-gzqn_1nc.json"", ""--disable-semantic-fallback""]","== match report for /home/arjaiswal/Polygeist/issues/aten_c_kernels/results/aten_mse_elementwise/debuf.mlir ==
  match          body#[0]  cudnnPointwiseGraph_f32
  total: 1 matched / 1 bodies
",0,[],0,0,0,0,/home/arjaiswal/Polygeist/issues/aten_c_kernels/results/aten_mse_elementwise/debuf.mlir,1930,8,1,1,341.2574902176857,0,65692,0.0,0,0,0,0,"[{""body_indices"": [0], ""symbol"": ""cudnnPointwiseGraph_f32""}]",1,0,0,0.0,6
aten,aten_mse_elementwise,/home/arjaiswal/Polygeist/issues/aten_c_kernels/results/aten_mse_elementwise/debuf.mlir,3ce8f8fe861e44d09e862e1b223ec047a02b849df20eeca90e096c051b1f46e7,syntactic,5,ok,0,733.8467463850975,0,"[""/usr/bin/python3"", ""/home/arjaiswal/Polygeist/scripts/correctness/kernel_match_rewrite.py"", ""/home/arjaiswal/Polygeist/issues/aten_c_kernels/results/aten_mse_elementwise/debuf.mlir"", ""--dry-run"", ""--matcher-mode"", ""syntactic"", ""--telemetry-json"", ""/home/arjaiswal/Polygeist/issues/equality_saturation_eval/campaign_20260908/aten-aten_mse_elementwise-syntactic-yp56yysj.json"", ""--disable-semantic-fallback""]","== match report for /home/arjaiswal/Polygeist/issues/aten_c_kernels/results/aten_mse_elementwise/debuf.mlir ==
  match          body#[0]  cudnnPointwiseGraph_f32
  total: 1 matched / 1 bodies
",0,[],0,0,0,0,/home/arjaiswal/Polygeist/issues/aten_c_kernels/results/aten_mse_elementwise/debuf.mlir,1930,0,1,1,304.6107515692711,0,65800,0.0232011079788208,0,0,0,0,"[{""body_indices"": [0], ""symbol"": ""cudnnPointwiseGraph_f32""}]",1,0,6,0.0,6
aten,aten_mse_loss,/home/arjaiswal/Polygeist/issues/aten_c_kernels/results/aten_mse_loss/debuf.mlir,8eaa6b78e5ee633252358eaa38ce6fa640d56cde298c1169c9d992115f348a9d,syntactic,1,ok,0,761.2308450043201,0,"[""/usr/bin/python3"", ""/home/arjaiswal/Polygeist/scripts/correctness/kernel_match_rewrite.py"", ""/home/arjaiswal/Polygeist/issues/aten_c_kernels/results/aten_mse_loss/debuf.mlir"", ""--dry-run"", ""--matcher-mode"", ""syntactic"", ""--telemetry-json"", ""/home/arjaiswal/Polygeist/issues/equality_saturation_eval/campaign_20260908/aten-aten_mse_loss-syntactic-hepik3vc.json"", ""--disable-semantic-fallback""]","== match report for /home/arjaiswal/Polygeist/issues/aten_c_kernels/results/aten_mse_loss/debuf.mlir ==
  match          body#[0]  cudnnPointwiseGraph_f32
  match          body#[1]  cudnnReduceSum_f32
  total: 2 matched / 2 bodies
",0,[],0,0,0,0,/home/arjaiswal/Polygeist/issues/aten_c_kernels/results/aten_mse_loss/debuf.mlir,2833,0,2,2,333.1199996173382,0,66124,0.0512637197971344,0,2,0,0,"[{""body_indices"": [0], ""symbol"": ""cudnnPointwiseGraph_f32""}, {""body_indices"": [1], ""symbol"": ""cudnnReduceSum_f32""}]",2,0,14,0.0,14
aten,aten_mse_loss,/home/arjaiswal/Polygeist/issues/aten_c_kernels/results/aten_mse_loss/debuf.mlir,8eaa6b78e5ee633252358eaa38ce6fa640d56cde298c1169c9d992115f348a9d,egglog,1,ok,0,796.7123985290527,0,"[""/usr/bin/python3"", ""/home/arjaiswal/Polygeist/scripts/correctness/kernel_match_rewrite.py"", ""/home/arjaiswal/Polygeist/issues/aten_c_kernels/results/aten_mse_loss/debuf.mlir"", ""--dry-run"", ""--matcher-mode"", ""egglog"", ""--telemetry-json"", ""/home/arjaiswal/Polygeist/issues/equality_saturation_eval/campaign_20260908/aten-aten_mse_loss-egglog-ojzv4bpn.json"", ""--disable-semantic-fallback""]","== match report for /home/arjaiswal/Polygeist/issues/aten_c_kernels/results/aten_mse_loss/debuf.mlir ==
  match          body#[0]  cudnnPointwiseGraph_f32
  match          body#[1]  cudnnReduceSum_f32
  total: 2 matched / 2 bodies
",0,[],0,0,0,0,/home/arjaiswal/Polygeist/issues/aten_c_kernels/results/aten_mse_loss/debuf.mlir,2833,8,2,2,372.3249174654484,0,68636,25.68874880671501,2,2,0,4,"[{""body_indices"": [0], ""symbol"": ""cudnnPointwiseGraph_f32""}, {""body_indices"": [1], ""symbol"": ""cudnnReduceSum_f32""}]",2,0,0,0.0,14
aten,aten_mse_loss,/home/arjaiswal/Polygeist/issues/aten_c_kernels/results/aten_mse_loss/debuf.mlir,8eaa6b78e5ee633252358eaa38ce6fa640d56cde298c1169c9d992115f348a9d,egglog,2,ok,0,756.9171376526356,0,"[""/usr/bin/python3"", ""/home/arjaiswal/Polygeist/scripts/correctness/kernel_match_rewrite.py"", ""/home/arjaiswal/Polygeist/issues/aten_c_kernels/results/aten_mse_loss/debuf.mlir"", ""--dry-run"", ""--matcher-mode"", ""egglog"", ""--telemetry-json"", ""/home/arjaiswal/Polygeist/issues/equality_saturation_eval/campaign_20260908/aten-aten_mse_loss-egglog-uq8sjtr7.json"", ""--disable-semantic-fallback""]","== match report for /home/arjaiswal/Polygeist/issues/aten_c_kernels/results/aten_mse_loss/debuf.mlir ==
  match          body#[0]  cudnnPointwiseGraph_f32
  match          body#[1]  cudnnReduceSum_f32
  total: 2 matched / 2 bodies
",0,[],0,0,0,0,/home/arjaiswal/Polygeist/issues/aten_c_kernels/results/aten_mse_loss/debuf.mlir,2833,8,2,2,348.08143228292465,0,68844,21.212156862020493,2,2,0,4,"[{""body_indices"": [0], ""symbol"": ""cudnnPointwiseGraph_f32""}, {""body_indices"": [1], ""symbol"": ""cudnnReduceSum_f32""}]",2,0,0,0.0,14
aten,aten_mse_loss,/home/arjaiswal/Polygeist/issues/aten_c_kernels/results/aten_mse_loss/debuf.mlir,8eaa6b78e5ee633252358eaa38ce6fa640d56cde298c1169c9d992115f348a9d,syntactic,2,ok,0,748.2071854174137,0,"[""/usr/bin/python3"", ""/home/arjaiswal/Polygeist/scripts/correctness/kernel_match_rewrite.py"", ""/home/arjaiswal/Polygeist/issues/aten_c_kernels/results/aten_mse_loss/debuf.mlir"", ""--dry-run"", ""--matcher-mode"", ""syntactic"", ""--telemetry-json"", ""/home/arjaiswal/Polygeist/issues/equality_saturation_eval/campaign_20260908/aten-aten_mse_loss-syntactic-pkuvdiyt.json"", ""--disable-semantic-fallback""]","== match report for /home/arjaiswal/Polygeist/issues/aten_c_kernels/results/aten_mse_loss/debuf.mlir ==
  match          body#[0]  cudnnPointwiseGraph_f32
  match          body#[1]  cudnnReduceSum_f32
  total: 2 matched / 2 bodies
",0,[],0,0,0,0,/home/arjaiswal/Polygeist/issues/aten_c_kernels/results/aten_mse_loss/debuf.mlir,2833,0,2,2,324.5442993938923,0,65856,0.05150213837623596,0,2,0,0,"[{""body_indices"": [0], ""symbol"": ""cudnnPointwiseGraph_f32""}, {""body_indices"": [1], ""symbol"": ""cudnnReduceSum_f32""}]",2,0,14,0.0,14
aten,aten_mse_loss,/home/arjaiswal/Polygeist/issues/aten_c_kernels/results/aten_mse_loss/debuf.mlir,8eaa6b78e5ee633252358eaa38ce6fa640d56cde298c1169c9d992115f348a9d,syntactic,3,ok,0,724.8974181711674,0,"[""/usr/bin/python3"", ""/home/arjaiswal/Polygeist/scripts/correctness/kernel_match_rewrite.py"", ""/home/arjaiswal/Polygeist/issues/aten_c_kernels/results/aten_mse_loss/debuf.mlir"", ""--dry-run"", ""--matcher-mode"", ""syntactic"", ""--telemetry-json"", ""/home/arjaiswal/Polygeist/issues/equality_saturation_eval/campaign_20260908/aten-aten_mse_loss-syntactic-9ot1vz6a.json"", ""--disable-semantic-fallback""]","== match report for /home/arjaiswal/Polygeist/issues/aten_c_kernels/results/aten_mse_loss/debuf.mlir ==
  match          body#[0]  cudnnPointwiseGraph_f32
  match          body#[1]  cudnnReduceSum_f32
  total: 2 matched / 2 bodies
",0,[],0,0,0,0,/home/arjaiswal/Polygeist/issues/aten_c_kernels/results/aten_mse_loss/debuf.mlir,2833,0,2,2,318.0839568376541,0,65872,0.05492568016052246,0,2,0,0,"[{""body_indices"": [0], ""symbol"": ""cudnnPointwiseGraph_f32""}, {""body_indices"": [1], ""symbol"": ""cudnnReduceSum_f32""}]",2,0,14,0.0,14
aten,aten_mse_loss,/home/arjaiswal/Polygeist/issues/aten_c_kernels/results/aten_mse_loss/debuf.mlir,8eaa6b78e5ee633252358eaa38ce6fa640d56cde298c1169c9d992115f348a9d,egglog,3,ok,0,809.3772754073143,0,"[""/usr/bin/python3"", ""/home/arjaiswal/Polygeist/scripts/correctness/kernel_match_rewrite.py"", ""/home/arjaiswal/Polygeist/issues/aten_c_kernels/results/aten_mse_loss/debuf.mlir"", ""--dry-run"", ""--matcher-mode"", ""egglog"", ""--telemetry-json"", ""/home/arjaiswal/Polygeist/issues/equality_saturation_eval/campaign_20260908/aten-aten_mse_loss-egglog-wrudssfn.json"", ""--disable-semantic-fallback""]","== match report for /home/arjaiswal/Polygeist/issues/aten_c_kernels/results/aten_mse_loss/debuf.mlir ==
  match          body#[0]  cudnnPointwiseGraph_f32
  match          body#[1]  cudnnReduceSum_f32
  total: 2 matched / 2 bodies
",0,[],0,0,0,0,/home/arjaiswal/Polygeist/issues/aten_c_kernels/results/aten_mse_loss/debuf.mlir,2833,8,2,2,349.0791246294975,0,68576,21.543648093938828,2,2,0,4,"[{""body_indices"": [0], ""symbol"": ""cudnnPointwiseGraph_f32""}, {""body_indices"": [1], ""symbol"": ""cudnnReduceSum_f32""}]",2,0,0,0.0,14
aten,aten_mse_loss,/home/arjaiswal/Polygeist/issues/aten_c_kernels/results/aten_mse_loss/debuf.mlir,8eaa6b78e5ee633252358eaa38ce6fa640d56cde298c1169c9d992115f348a9d,egglog,4,ok,0,770.847748965025,0,"[""/usr/bin/python3"", ""/home/arjaiswal/Polygeist/scripts/correctness/kernel_match_rewrite.py"", ""/home/arjaiswal/Polygeist/issues/aten_c_kernels/results/aten_mse_loss/debuf.mlir"", ""--dry-run"", ""--matcher-mode"", ""egglog"", ""--telemetry-json"", ""/home/arjaiswal/Polygeist/issues/equality_saturation_eval/campaign_20260908/aten-aten_mse_loss-egglog-inzccj2z.json"", ""--disable-semantic-fallback""]","== match report for /home/arjaiswal/Polygeist/issues/aten_c_kernels/results/aten_mse_loss/debuf.mlir ==
  match          body#[0]  cudnnPointwiseGraph_f32
  match          body#[1]  cudnnReduceSum_f32
  total: 2 matched / 2 bodies
",0,[],0,0,0,0,/home/arjaiswal/Polygeist/issues/aten_c_kernels/results/aten_mse_loss/debuf.mlir,2833,8,2,2,366.4548955857754,0,68616,21.56062051653862,2,2,0,4,"[{""body_indices"": [0], ""symbol"": ""cudnnPointwiseGraph_f32""}, {""body_indices"": [1], ""symbol"": ""cudnnReduceSum_f32""}]",2,0,0,0.0,14
aten,aten_mse_loss,/home/arjaiswal/Polygeist/issues/aten_c_kernels/results/aten_mse_loss/debuf.mlir,8eaa6b78e5ee633252358eaa38ce6fa640d56cde298c1169c9d992115f348a9d,syntactic,4,ok,0,749.557476490736,0,"[""/usr/bin/python3"", ""/home/arjaiswal/Polygeist/scripts/correctness/kernel_match_rewrite.py"", ""/home/arjaiswal/Polygeist/issues/aten_c_kernels/results/aten_mse_loss/debuf.mlir"", ""--dry-run"", ""--matcher-mode"", ""syntactic"", ""--telemetry-json"", ""/home/arjaiswal/Polygeist/issues/equality_saturation_eval/campaign_20260908/aten-aten_mse_loss-syntactic-j2jwxan2.json"", ""--disable-semantic-fallback""]","== match report for /home/arjaiswal/Polygeist/issues/aten_c_kernels/results/aten_mse_loss/debuf.mlir ==
  match          body#[0]  cudnnPointwiseGraph_f32
  match          body#[1]  cudnnReduceSum_f32
  total: 2 matched / 2 bodies
",0,[],0,0,0,0,/home/arjaiswal/Polygeist/issues/aten_c_kernels/results/aten_mse_loss/debuf.mlir,2833,0,2,2,336.48961409926414,0,65856,0.05480647087097168,0,2,0,0,"[{""body_indices"": [0], ""symbol"": ""cudnnPointwiseGraph_f32""}, {""body_indices"": [1], ""symbol"": ""cudnnReduceSum_f32""}]",2,0,14,0.0,14
aten,aten_mse_loss,/home/arjaiswal/Polygeist/issues/aten_c_kernels/results/aten_mse_loss/debuf.mlir,8eaa6b78e5ee633252358eaa38ce6fa640d56cde298c1169c9d992115f348a9d,syntactic,5,ok,0,753.4982971847057,0,"[""/usr/bin/python3"", ""/home/arjaiswal/Polygeist/scripts/correctness/kernel_match_rewrite.py"", ""/home/arjaiswal/Polygeist/issues/aten_c_kernels/results/aten_mse_loss/debuf.mlir"", ""--dry-run"", ""--matcher-mode"", ""syntactic"", ""--telemetry-json"", ""/home/arjaiswal/Polygeist/issues/equality_saturation_eval/campaign_20260908/aten-aten_mse_loss-syntactic-4_c3j6mj.json"", ""--disable-semantic-fallback""]","== match report for /home/arjaiswal/Polygeist/issues/aten_c_kernels/results/aten_mse_loss/debuf.mlir ==
  match          body#[0]  cudnnPointwiseGraph_f32
  match          body#[1]  cudnnReduceSum_f32
  total: 2 matched / 2 bodies
",0,[],0,0,0,0,/home/arjaiswal/Polygeist/issues/aten_c_kernels/results/aten_mse_loss/debuf.mlir,2833,0,2,2,324.7349336743355,0,65904,0.05057826638221741,0,2,0,0,"[{""body_indices"": [0], ""symbol"": ""cudnnPointwiseGraph_f32""}, {""body_indices"": [1], ""symbol"": ""cudnnReduceSum_f32""}]",2,0,14,0.0,14
aten,aten_mse_loss,/home/arjaiswal/Polygeist/issues/aten_c_kernels/results/aten_mse_loss/debuf.mlir,8eaa6b78e5ee633252358eaa38ce6fa640d56cde298c1169c9d992115f348a9d,egglog,5,ok,0,767.479944974184,0,"[""/usr/bin/python3"", ""/home/arjaiswal/Polygeist/scripts/correctness/kernel_match_rewrite.py"", ""/home/arjaiswal/Polygeist/issues/aten_c_kernels/results/aten_mse_loss/debuf.mlir"", ""--dry-run"", ""--matcher-mode"", ""egglog"", ""--telemetry-json"", ""/home/arjaiswal/Polygeist/issues/equality_saturation_eval/campaign_20260908/aten-aten_mse_loss-egglog-y0yz008t.json"", ""--disable-semantic-fallback""]","== match report for /home/arjaiswal/Polygeist/issues/aten_c_kernels/results/aten_mse_loss/debuf.mlir ==
  match          body#[0]  cudnnPointwiseGraph_f32
  match          body#[1]  cudnnReduceSum_f32
  total: 2 matched / 2 bodies
",0,[],0,0,0,0,/home/arjaiswal/Polygeist/issues/aten_c_kernels/results/aten_mse_loss/debuf.mlir,2833,8,2,2,350.36441311240196,0,68868,21.201055496931076,2,2,0,4,"[{""body_indices"": [0], ""symbol"": ""cudnnPointwiseGraph_f32""}, {""body_indices"": [1], ""symbol"": ""cudnnReduceSum_f32""}]",2,0,0,0.0,14
aten,aten_mul,/home/arjaiswal/Polygeist/issues/aten_c_kernels/results/aten_mul/debuf.mlir,cbef3bdb5d2acca1a1f7abd9e80c0ef035c2849d413ad8336748430057bdf63d,egglog,1,ok,0,765.3785012662411,0,"[""/usr/bin/python3"", ""/home/arjaiswal/Polygeist/scripts/correctness/kernel_match_rewrite.py"", ""/home/arjaiswal/Polygeist/issues/aten_c_kernels/results/aten_mul/debuf.mlir"", ""--dry-run"", ""--matcher-mode"", ""egglog"", ""--telemetry-json"", ""/home/arjaiswal/Polygeist/issues/equality_saturation_eval/campaign_20260908/aten-aten_mul-egglog-ouxogoha.json"", ""--disable-semantic-fallback""]","== match report for /home/arjaiswal/Polygeist/issues/aten_c_kernels/results/aten_mul/debuf.mlir ==
  match          body#[0]  cudnnPointwiseGraph_f32
  total: 1 matched / 1 bodies
",0,[],0,0,0,0,/home/arjaiswal/Polygeist/issues/aten_c_kernels/results/aten_mul/debuf.mlir,1883,8,1,1,314.0721395611763,0,65912,0.0,0,0,0,0,"[{""body_indices"": [0], ""symbol"": ""cudnnPointwiseGraph_f32""}]",1,0,0,0.0,6
aten,aten_mul,/home/arjaiswal/Polygeist/issues/aten_c_kernels/results/aten_mul/debuf.mlir,cbef3bdb5d2acca1a1f7abd9e80c0ef035c2849d413ad8336748430057bdf63d,syntactic,1,ok,0,740.7950051128864,0,"[""/usr/bin/python3"", ""/home/arjaiswal/Polygeist/scripts/correctness/kernel_match_rewrite.py"", ""/home/arjaiswal/Polygeist/issues/aten_c_kernels/results/aten_mul/debuf.mlir"", ""--dry-run"", ""--matcher-mode"", ""syntactic"", ""--telemetry-json"", ""/home/arjaiswal/Polygeist/issues/equality_saturation_eval/campaign_20260908/aten-aten_mul-syntactic-nklkcxb9.json"", ""--disable-semantic-fallback""]","== match report for /home/arjaiswal/Polygeist/issues/aten_c_kernels/results/aten_mul/debuf.mlir ==
  match          body#[0]  cudnnPointwiseGraph_f32
  total: 1 matched / 1 bodies
",0,[],0,0,0,0,/home/arjaiswal/Polygeist/issues/aten_c_kernels/results/aten_mul/debuf.mlir,1883,0,1,1,309.1227822005749,0,65500,0.025272369384765625,0,0,0,0,"[{""body_indices"": [0], ""symbol"": ""cudnnPointwiseGraph_f32""}]",1,0,6,0.0,6
aten,aten_mul,/home/arjaiswal/Polygeist/issues/aten_c_kernels/results/aten_mul/debuf.mlir,cbef3bdb5d2acca1a1f7abd9e80c0ef035c2849d413ad8336748430057bdf63d,syntactic,2,ok,0,716.4041958749294,0,"[""/usr/bin/python3"", ""/home/arjaiswal/Polygeist/scripts/correctness/kernel_match_rewrite.py"", ""/home/arjaiswal/Polygeist/issues/aten_c_kernels/results/aten_mul/debuf.mlir"", ""--dry-run"", ""--matcher-mode"", ""syntactic"", ""--telemetry-json"", ""/home/arjaiswal/Polygeist/issues/equality_saturation_eval/campaign_20260908/aten-aten_mul-syntactic-5j43620d.json"", ""--disable-semantic-fallback""]","== match report for /home/arjaiswal/Polygeist/issues/aten_c_kernels/results/aten_mul/debuf.mlir ==
  match          body#[0]  cudnnPointwiseGraph_f32
  total: 1 matched / 1 bodies
",0,[],0,0,0,0,/home/arjaiswal/Polygeist/issues/aten_c_kernels/results/aten_mul/debuf.mlir,1883,0,1,1,296.1808070540428,0,65588,0.026304274797439575,0,0,0,0,"[{""body_indices"": [0], ""symbol"": ""cudnnPointwiseGraph_f32""}]",1,0,6,0.0,6
aten,aten_mul,/home/arjaiswal/Polygeist/issues/aten_c_kernels/results/aten_mul/debuf.mlir,cbef3bdb5d2acca1a1f7abd9e80c0ef035c2849d413ad8336748430057bdf63d,egglog,2,ok,0,716.2847183644772,0,"[""/usr/bin/python3"", ""/home/arjaiswal/Polygeist/scripts/correctness/kernel_match_rewrite.py"", ""/home/arjaiswal/Polygeist/issues/aten_c_kernels/results/aten_mul/debuf.mlir"", ""--dry-run"", ""--matcher-mode"", ""egglog"", ""--telemetry-json"", ""/home/arjaiswal/Polygeist/issues/equality_saturation_eval/campaign_20260908/aten-aten_mul-egglog-6_xdpsvl.json"", ""--disable-semantic-fallback""]","== match report for /home/arjaiswal/Polygeist/issues/aten_c_kernels/results/aten_mul/debuf.mlir ==
  match          body#[0]  cudnnPointwiseGraph_f32
  total: 1 matched / 1 bodies
",0,[],0,0,0,0,/home/arjaiswal/Polygeist/issues/aten_c_kernels/results/aten_mul/debuf.mlir,1883,8,1,1,283.2942381501198,0,65412,0.0,0,0,0,0,"[{""body_indices"": [0], ""symbol"": ""cudnnPointwiseGraph_f32""}]",1,0,0,0.0,6
aten,aten_mul,/home/arjaiswal/Polygeist/issues/aten_c_kernels/results/aten_mul/debuf.mlir,cbef3bdb5d2acca1a1f7abd9e80c0ef035c2849d413ad8336748430057bdf63d,egglog,3,ok,0,738.6689186096191,0,"[""/usr/bin/python3"", ""/home/arjaiswal/Polygeist/scripts/correctness/kernel_match_rewrite.py"", ""/home/arjaiswal/Polygeist/issues/aten_c_kernels/results/aten_mul/debuf.mlir"", ""--dry-run"", ""--matcher-mode"", ""egglog"", ""--telemetry-json"", ""/home/arjaiswal/Polygeist/issues/equality_saturation_eval/campaign_20260908/aten-aten_mul-egglog-vwbq0z0h.json"", ""--disable-semantic-fallback""]","== match report for /home/arjaiswal/Polygeist/issues/aten_c_kernels/results/aten_mul/debuf.mlir ==
  match          body#[0]  cudnnPointwiseGraph_f32
  total: 1 matched / 1 bodies
",0,[],0,0,0,0,/home/arjaiswal/Polygeist/issues/aten_c_kernels/results/aten_mul/debuf.mlir,1883,8,1,1,310.51449850201607,0,65480,0.0,0,0,0,0,"[{""body_indices"": [0], ""symbol"": ""cudnnPointwiseGraph_f32""}]",1,0,0,0.0,6
aten,aten_mul,/home/arjaiswal/Polygeist/issues/aten_c_kernels/results/aten_mul/debuf.mlir,cbef3bdb5d2acca1a1f7abd9e80c0ef035c2849d413ad8336748430057bdf63d,syntactic,3,ok,0,713.4324423968792,0,"[""/usr/bin/python3"", ""/home/arjaiswal/Polygeist/scripts/correctness/kernel_match_rewrite.py"", ""/home/arjaiswal/Polygeist/issues/aten_c_kernels/results/aten_mul/debuf.mlir"", ""--dry-run"", ""--matcher-mode"", ""syntactic"", ""--telemetry-json"", ""/home/arjaiswal/Polygeist/issues/equality_saturation_eval/campaign_20260908/aten-aten_mul-syntactic-eopdjom2.json"", ""--disable-semantic-fallback""]","== match report for /home/arjaiswal/Polygeist/issues/aten_c_kernels/results/aten_mul/debuf.mlir ==
  match          body#[0]  cudnnPointwiseGraph_f32
  total: 1 matched / 1 bodies
",0,[],0,0,0,0,/home/arjaiswal/Polygeist/issues/aten_c_kernels/results/aten_mul/debuf.mlir,1883,0,1,1,287.3712033033371,0,65528,0.02750009298324585,0,0,0,0,"[{""body_indices"": [0], ""symbol"": ""cudnnPointwiseGraph_f32""}]",1,0,6,0.0,6
aten,aten_mul,/home/arjaiswal/Polygeist/issues/aten_c_kernels/results/aten_mul/debuf.mlir,cbef3bdb5d2acca1a1f7abd9e80c0ef035c2849d413ad8336748430057bdf63d,syntactic,4,ok,0,721.2432473897934,0,"[""/usr/bin/python3"", ""/home/arjaiswal/Polygeist/scripts/correctness/kernel_match_rewrite.py"", ""/home/arjaiswal/Polygeist/issues/aten_c_kernels/results/aten_mul/debuf.mlir"", ""--dry-run"", ""--matcher-mode"", ""syntactic"", ""--telemetry-json"", ""/home/arjaiswal/Polygeist/issues/equality_saturation_eval/campaign_20260908/aten-aten_mul-syntactic-bd58lyie.json"", ""--disable-semantic-fallback""]","== match report for /home/arjaiswal/Polygeist/issues/aten_c_kernels/results/aten_mul/debuf.mlir ==
  match          body#[0]  cudnnPointwiseGraph_f32
  total: 1 matched / 1 bodies
",0,[],0,0,0,0,/home/arjaiswal/Polygeist/issues/aten_c_kernels/results/aten_mul/debuf.mlir,1883,0,1,1,291.64961725473404,0,65628,0.02504885196685791,0,0,0,0,"[{""body_indices"": [0], ""symbol"": ""cudnnPointwiseGraph_f32""}]",1,0,6,0.0,6
aten,aten_mul,/home/arjaiswal/Polygeist/issues/aten_c_kernels/results/aten_mul/debuf.mlir,cbef3bdb5d2acca1a1f7abd9e80c0ef035c2849d413ad8336748430057bdf63d,egglog,4,ok,0,733.5642836987972,0,"[""/usr/bin/python3"", ""/home/arjaiswal/Polygeist/scripts/correctness/kernel_match_rewrite.py"", ""/home/arjaiswal/Polygeist/issues/aten_c_kernels/results/aten_mul/debuf.mlir"", ""--dry-run"", ""--matcher-mode"", ""egglog"", ""--telemetry-json"", ""/home/arjaiswal/Polygeist/issues/equality_saturation_eval/campaign_20260908/aten-aten_mul-egglog-obrtbise.json"", ""--disable-semantic-fallback""]","== match report for /home/arjaiswal/Polygeist/issues/aten_c_kernels/results/aten_mul/debuf.mlir ==
  match          body#[0]  cudnnPointwiseGraph_f32
  total: 1 matched / 1 bodies
",0,[],0,0,0,0,/home/arjaiswal/Polygeist/issues/aten_c_kernels/results/aten_mul/debuf.mlir,1883,8,1,1,303.6871924996376,0,65424,0.0,0,0,0,0,"[{""body_indices"": [0], ""symbol"": ""cudnnPointwiseGraph_f32""}]",1,0,0,0.0,6
aten,aten_mul,/home/arjaiswal/Polygeist/issues/aten_c_kernels/results/aten_mul/debuf.mlir,cbef3bdb5d2acca1a1f7abd9e80c0ef035c2849d413ad8336748430057bdf63d,egglog,5,ok,0,727.4135127663612,0,"[""/usr/bin/python3"", ""/home/arjaiswal/Polygeist/scripts/correctness/kernel_match_rewrite.py"", ""/home/arjaiswal/Polygeist/issues/aten_c_kernels/results/aten_mul/debuf.mlir"", ""--dry-run"", ""--matcher-mode"", ""egglog"", ""--telemetry-json"", ""/home/arjaiswal/Polygeist/issues/equality_saturation_eval/campaign_20260908/aten-aten_mul-egglog-4tonqzht.json"", ""--disable-semantic-fallback""]","== match report for /home/arjaiswal/Polygeist/issues/aten_c_kernels/results/aten_mul/debuf.mlir ==
  match          body#[0]  cudnnPointwiseGraph_f32
  total: 1 matched / 1 bodies
",0,[],0,0,0,0,/home/arjaiswal/Polygeist/issues/aten_c_kernels/results/aten_mul/debuf.mlir,1883,8,1,1,292.3443652689457,0,65616,0.0,0,0,0,0,"[{""body_indices"": [0], ""symbol"": ""cudnnPointwiseGraph_f32""}]",1,0,0,0.0,6
aten,aten_mul,/home/arjaiswal/Polygeist/issues/aten_c_kernels/results/aten_mul/debuf.mlir,cbef3bdb5d2acca1a1f7abd9e80c0ef035c2849d413ad8336748430057bdf63d,syntactic,5,ok,0,737.5331744551659,0,"[""/usr/bin/python3"", ""/home/arjaiswal/Polygeist/scripts/correctness/kernel_match_rewrite.py"", ""/home/arjaiswal/Polygeist/issues/aten_c_kernels/results/aten_mul/debuf.mlir"", ""--dry-run"", ""--matcher-mode"", ""syntactic"", ""--telemetry-json"", ""/home/arjaiswal/Polygeist/issues/equality_saturation_eval/campaign_20260908/aten-aten_mul-syntactic-cia_96yq.json"", ""--disable-semantic-fallback""]","== match report for /home/arjaiswal/Polygeist/issues/aten_c_kernels/results/aten_mul/debuf.mlir ==
  match          body#[0]  cudnnPointwiseGraph_f32
  total: 1 matched / 1 bodies
",0,[],0,0,0,0,/home/arjaiswal/Polygeist/issues/aten_c_kernels/results/aten_mul/debuf.mlir,1883,0,1,1,282.6942950487137,0,65664,0.02577155828475952,0,0,0,0,"[{""body_indices"": [0], ""symbol"": ""cudnnPointwiseGraph_f32""}]",1,0,6,0.0,6
aten,aten_multi_margin_loss_backward_cpu,/home/arjaiswal/Polygeist/issues/aten_c_kernels/results/aten_multi_margin_loss_backward_cpu/debuf.mlir,4f5ad0bc00dc0a9fd55a2c2a75c3d72d1fa32f7787c4af0532144b51e686560b,syntactic,1,ok,0,696.5002007782459,0,"[""/usr/bin/python3"", ""/home/arjaiswal/Polygeist/scripts/correctness/kernel_match_rewrite.py"", ""/home/arjaiswal/Polygeist/issues/aten_c_kernels/results/aten_multi_margin_loss_backward_cpu/debuf.mlir"", ""--dry-run"", ""--matcher-mode"", ""syntactic"", ""--telemetry-json"", ""/home/arjaiswal/Polygeist/issues/equality_saturation_eval/campaign_20260908/aten-aten_multi_margin_loss_backward_cpu-syntactic-mzg9h1nk.json"", ""--disable-semantic-fallback""]","== match report for /home/arjaiswal/Polygeist/issues/aten_c_kernels/results/aten_multi_margin_loss_backward_cpu/debuf.mlir ==
  match          body#[0]  memset_zero_1D_f32
  total: 1 matched / 1 bodies
",0,[],0,0,0,0,/home/arjaiswal/Polygeist/issues/aten_c_kernels/results/aten_multi_margin_loss_backward_cpu/debuf.mlir,5069,0,1,1,275.273572653532,0,64556,0.01850724220275879,0,2,0,0,"[{""body_indices"": [0], ""symbol"": ""memset_zero_1D_f32""}]",1,0,4,0.0,4
aten,aten_multi_margin_loss_backward_cpu,/home/arjaiswal/Polygeist/issues/aten_c_kernels/results/aten_multi_margin_loss_backward_cpu/debuf.mlir,4f5ad0bc00dc0a9fd55a2c2a75c3d72d1fa32f7787c4af0532144b51e686560b,egglog,1,ok,0,696.4546702802181,0,"[""/usr/bin/python3"", ""/home/arjaiswal/Polygeist/scripts/correctness/kernel_match_rewrite.py"", ""/home/arjaiswal/Polygeist/issues/aten_c_kernels/results/aten_multi_margin_loss_backward_cpu/debuf.mlir"", ""--dry-run"", ""--matcher-mode"", ""egglog"", ""--telemetry-json"", ""/home/arjaiswal/Polygeist/issues/equality_saturation_eval/campaign_20260908/aten-aten_multi_margin_loss_backward_cpu-egglog-xe4xjbac.json"", ""--disable-semantic-fallback""]","== match report for /home/arjaiswal/Polygeist/issues/aten_c_kernels/results/aten_multi_margin_loss_backward_cpu/debuf.mlir ==
  match          body#[0]  memset_zero_1D_f32
  total: 1 matched / 1 bodies
",0,[],0,0,0,0,/home/arjaiswal/Polygeist/issues/aten_c_kernels/results/aten_multi_margin_loss_backward_cpu/debuf.mlir,5069,8,1,1,287.9023104906082,0,69400,20.12135088443756,2,2,0,0,"[{""body_indices"": [0], ""symbol"": ""memset_zero_1D_f32""}]",1,0,0,0.0,4
aten,aten_multi_margin_loss_backward_cpu,/home/arjaiswal/Polygeist/issues/aten_c_kernels/results/aten_multi_margin_loss_backward_cpu/debuf.mlir,4f5ad0bc00dc0a9fd55a2c2a75c3d72d1fa32f7787c4af0532144b51e686560b,egglog,2,ok,0,734.9197901785374,0,"[""/usr/bin/python3"", ""/home/arjaiswal/Polygeist/scripts/correctness/kernel_match_rewrite.py"", ""/home/arjaiswal/Polygeist/issues/aten_c_kernels/results/aten_multi_margin_loss_backward_cpu/debuf.mlir"", ""--dry-run"", ""--matcher-mode"", ""egglog"", ""--telemetry-json"", ""/home/arjaiswal/Polygeist/issues/equality_saturation_eval/campaign_20260908/aten-aten_multi_margin_loss_backward_cpu-egglog-be3s0z08.json"", ""--disable-semantic-fallback""]","== match report for /home/arjaiswal/Polygeist/issues/aten_c_kernels/results/aten_multi_margin_loss_backward_cpu/debuf.mlir ==
  match          body#[0]  memset_zero_1D_f32
  total: 1 matched / 1 bodies
",0,[],0,0,0,0,/home/arjaiswal/Polygeist/issues/aten_c_kernels/results/aten_multi_margin_loss_backward_cpu/debuf.mlir,5069,8,1,1,291.4024516940117,0,69420,20.511239767074585,2,2,0,0,"[{""body_indices"": [0], ""symbol"": ""memset_zero_1D_f32""}]",1,0,0,0.0,4
aten,aten_multi_margin_loss_backward_cpu,/home/arjaiswal/Polygeist/issues/aten_c_kernels/results/aten_multi_margin_loss_backward_cpu/debuf.mlir,4f5ad0bc00dc0a9fd55a2c2a75c3d72d1fa32f7787c4af0532144b51e686560b,syntactic,2,ok,0,805.1421493291855,0,"[""/usr/bin/python3"", ""/home/arjaiswal/Polygeist/scripts/correctness/kernel_match_rewrite.py"", ""/home/arjaiswal/Polygeist/issues/aten_c_kernels/results/aten_multi_margin_loss_backward_cpu/debuf.mlir"", ""--dry-run"", ""--matcher-mode"", ""syntactic"", ""--telemetry-json"", ""/home/arjaiswal/Polygeist/issues/equality_saturation_eval/campaign_20260908/aten-aten_multi_margin_loss_backward_cpu-syntactic-vo_39lzs.json"", ""--disable-semantic-fallback""]","== match report for /home/arjaiswal/Polygeist/issues/aten_c_kernels/results/aten_multi_margin_loss_backward_cpu/debuf.mlir ==
  match          body#[0]  memset_zero_1D_f32
  total: 1 matched / 1 bodies
",0,[],0,0,0,0,/home/arjaiswal/Polygeist/issues/aten_c_kernels/results/aten_multi_margin_loss_backward_cpu/debuf.mlir,5069,0,1,1,280.7510048151016,0,64524,0.016588717699050903,0,2,0,0,"[{""body_indices"": [0], ""symbol"": ""memset_zero_1D_f32""}]",1,0,4,0.0,4
aten,aten_multi_margin_loss_backward_cpu,/home/arjaiswal/Polygeist/issues/aten_c_kernels/results/aten_multi_margin_loss_backward_cpu/debuf.mlir,4f5ad0bc00dc0a9fd55a2c2a75c3d72d1fa32f7787c4af0532144b51e686560b,syntactic,3,ok,0,764.5162530243397,0,"[""/usr/bin/python3"", ""/home/arjaiswal/Polygeist/scripts/correctness/kernel_match_rewrite.py"", ""/home/arjaiswal/Polygeist/issues/aten_c_kernels/results/aten_multi_margin_loss_backward_cpu/debuf.mlir"", ""--dry-run"", ""--matcher-mode"", ""syntactic"", ""--telemetry-json"", ""/home/arjaiswal/Polygeist/issues/equality_saturation_eval/campaign_20260908/aten-aten_multi_margin_loss_backward_cpu-syntactic-hl8ce5kq.json"", ""--disable-semantic-fallback""]","== match report for /home/arjaiswal/Polygeist/issues/aten_c_kernels/results/aten_multi_margin_loss_backward_cpu/debuf.mlir ==
  match          body#[0]  memset_zero_1D_f32
  total: 1 matched / 1 bodies
",0,[],0,0,0,0,/home/arjaiswal/Polygeist/issues/aten_c_kernels/results/aten_multi_margin_loss_backward_cpu/debuf.mlir,5069,0,1,1,314.94852155447006,0,64864,0.01940503716468811,0,2,0,0,"[{""body_indices"": [0], ""symbol"": ""memset_zero_1D_f32""}]",1,0,4,0.0,4
aten,aten_multi_margin_loss_backward_cpu,/home/arjaiswal/Polygeist/issues/aten_c_kernels/results/aten_multi_margin_loss_backward_cpu/debuf.mlir,4f5ad0bc00dc0a9fd55a2c2a75c3d72d1fa32f7787c4af0532144b51e686560b,egglog,3,ok,0,796.4786812663078,0,"[""/usr/bin/python3"", ""/home/arjaiswal/Polygeist/scripts/correctness/kernel_match_rewrite.py"", ""/home/arjaiswal/Polygeist/issues/aten_c_kernels/results/aten_multi_margin_loss_backward_cpu/debuf.mlir"", ""--dry-run"", ""--matcher-mode"", ""egglog"", ""--telemetry-json"", ""/home/arjaiswal/Polygeist/issues/equality_saturation_eval/campaign_20260908/aten-aten_multi_margin_loss_backward_cpu-egglog-41irnkjo.json"", ""--disable-semantic-fallback""]","== match report for /home/arjaiswal/Polygeist/issues/aten_c_kernels/results/aten_multi_margin_loss_backward_cpu/debuf.mlir ==
  match          body#[0]  memset_zero_1D_f32
  total: 1 matched / 1 bodies
",0,[],0,0,0,0,/home/arjaiswal/Polygeist/issues/aten_c_kernels/results/aten_multi_margin_loss_backward_cpu/debuf.mlir,5069,8,1,1,330.5956535041332,0,69308,20.977221429347992,2,2,0,0,"[{""body_indices"": [0], ""symbol"": ""memset_zero_1D_f32""}]",1,0,0,0.0,4
aten,aten_multi_margin_loss_backward_cpu,/home/arjaiswal/Polygeist/issues/aten_c_kernels/results/aten_multi_margin_loss_backward_cpu/debuf.mlir,4f5ad0bc00dc0a9fd55a2c2a75c3d72d1fa32f7787c4af0532144b51e686560b,egglog,4,ok,0,724.6836870908737,0,"[""/usr/bin/python3"", ""/home/arjaiswal/Polygeist/scripts/correctness/kernel_match_rewrite.py"", ""/home/arjaiswal/Polygeist/issues/aten_c_kernels/results/aten_multi_margin_loss_backward_cpu/debuf.mlir"", ""--dry-run"", ""--matcher-mode"", ""egglog"", ""--telemetry-json"", ""/home/arjaiswal/Polygeist/issues/equality_saturation_eval/campaign_20260908/aten-aten_multi_margin_loss_backward_cpu-egglog-d1y02f0o.json"", ""--disable-semantic-fallback""]","== match report for /home/arjaiswal/Polygeist/issues/aten_c_kernels/results/aten_multi_margin_loss_backward_cpu/debuf.mlir ==
  match          body#[0]  memset_zero_1D_f32
  total: 1 matched / 1 bodies
",0,[],0,0,0,0,/home/arjaiswal/Polygeist/issues/aten_c_kernels/results/aten_multi_margin_loss_backward_cpu/debuf.mlir,5069,8,1,1,306.11737817525864,0,69616,21.114658564329147,2,2,0,0,"[{""body_indices"": [0], ""symbol"": ""memset_zero_1D_f32""}]",1,0,0,0.0,4
aten,aten_multi_margin_loss_backward_cpu,/home/arjaiswal/Polygeist/issues/aten_c_kernels/results/aten_multi_margin_loss_backward_cpu/debuf.mlir,4f5ad0bc00dc0a9fd55a2c2a75c3d72d1fa32f7787c4af0532144b51e686560b,syntactic,4,ok,0,746.2346516549587,0,"[""/usr/bin/python3"", ""/home/arjaiswal/Polygeist/scripts/correctness/kernel_match_rewrite.py"", ""/home/arjaiswal/Polygeist/issues/aten_c_kernels/results/aten_multi_margin_loss_backward_cpu/debuf.mlir"", ""--dry-run"", ""--matcher-mode"", ""syntactic"", ""--telemetry-json"", ""/home/arjaiswal/Polygeist/issues/equality_saturation_eval/campaign_20260908/aten-aten_multi_margin_loss_backward_cpu-syntactic-2kywy12h.json"", ""--disable-semantic-fallback""]","== match report for /home/arjaiswal/Polygeist/issues/aten_c_kernels/results/aten_multi_margin_loss_backward_cpu/debuf.mlir ==
  match          body#[0]  memset_zero_1D_f32
  total: 1 matched / 1 bodies
",0,[],0,0,0,0,/home/arjaiswal/Polygeist/issues/aten_c_kernels/results/aten_multi_margin_loss_backward_cpu/debuf.mlir,5069,0,1,1,304.87624555826187,0,64728,0.024840235710144043,0,2,0,0,"[{""body_indices"": [0], ""symbol"": ""memset_zero_1D_f32""}]",1,0,4,0.0,4
aten,aten_multi_margin_loss_backward_cpu,/home/arjaiswal/Polygeist/issues/aten_c_kernels/results/aten_multi_margin_loss_backward_cpu/debuf.mlir,4f5ad0bc00dc0a9fd55a2c2a75c3d72d1fa32f7787c4af0532144b51e686560b,syntactic,5,ok,0,705.1122896373272,0,"[""/usr/bin/python3"", ""/home/arjaiswal/Polygeist/scripts/correctness/kernel_match_rewrite.py"", ""/home/arjaiswal/Polygeist/issues/aten_c_kernels/results/aten_multi_margin_loss_backward_cpu/debuf.mlir"", ""--dry-run"", ""--matcher-mode"", ""syntactic"", ""--telemetry-json"", ""/home/arjaiswal/Polygeist/issues/equality_saturation_eval/campaign_20260908/aten-aten_multi_margin_loss_backward_cpu-syntactic-2ip1pjqr.json"", ""--disable-semantic-fallback""]","== match report for /home/arjaiswal/Polygeist/issues/aten_c_kernels/results/aten_multi_margin_loss_backward_cpu/debuf.mlir ==
  match          body#[0]  memset_zero_1D_f32
  total: 1 matched / 1 bodies
",0,[],0,0,0,0,/home/arjaiswal/Polygeist/issues/aten_c_kernels/results/aten_multi_margin_loss_backward_cpu/debuf.mlir,5069,0,1,1,281.07669204473495,0,64504,0.029049813747406006,0,2,0,0,"[{""body_indices"": [0], ""symbol"": ""memset_zero_1D_f32""}]",1,0,4,0.0,4
aten,aten_multi_margin_loss_backward_cpu,/home/arjaiswal/Polygeist/issues/aten_c_kernels/results/aten_multi_margin_loss_backward_cpu/debuf.mlir,4f5ad0bc00dc0a9fd55a2c2a75c3d72d1fa32f7787c4af0532144b51e686560b,egglog,5,ok,0,778.9500802755356,0,"[""/usr/bin/python3"", ""/home/arjaiswal/Polygeist/scripts/correctness/kernel_match_rewrite.py"", ""/home/arjaiswal/Polygeist/issues/aten_c_kernels/results/aten_multi_margin_loss_backward_cpu/debuf.mlir"", ""--dry-run"", ""--matcher-mode"", ""egglog"", ""--telemetry-json"", ""/home/arjaiswal/Polygeist/issues/equality_saturation_eval/campaign_20260908/aten-aten_multi_margin_loss_backward_cpu-egglog-3jzzsinz.json"", ""--disable-semantic-fallback""]","== match report for /home/arjaiswal/Polygeist/issues/aten_c_kernels/results/aten_multi_margin_loss_backward_cpu/debuf.mlir ==
  match          body#[0]  memset_zero_1D_f32
  total: 1 matched / 1 bodies
",0,[],0,0,0,0,/home/arjaiswal/Polygeist/issues/aten_c_kernels/results/aten_multi_margin_loss_backward_cpu/debuf.mlir,5069,8,1,1,324.8688466846943,0,69432,21.3044174015522,2,2,0,0,"[{""body_indices"": [0], ""symbol"": ""memset_zero_1D_f32""}]",1,0,0,0.0,4
aten,aten_multi_margin_loss_cpu,/home/arjaiswal/Polygeist/issues/aten_c_kernels/results/aten_multi_margin_loss_cpu/debuf.mlir,3ebaca2661e93d25af157113eb9bac8a9048448dc8d7d39c7e6b197904341c79,egglog,1,ok,0,677.5924898684025,0,"[""/usr/bin/python3"", ""/home/arjaiswal/Polygeist/scripts/correctness/kernel_match_rewrite.py"", ""/home/arjaiswal/Polygeist/issues/aten_c_kernels/results/aten_multi_margin_loss_cpu/debuf.mlir"", ""--dry-run"", ""--matcher-mode"", ""egglog"", ""--telemetry-json"", ""/home/arjaiswal/Polygeist/issues/equality_saturation_eval/campaign_20260908/aten-aten_multi_margin_loss_cpu-egglog-9nxctfw8.json"", ""--disable-semantic-fallback""]","== match report for /home/arjaiswal/Polygeist/issues/aten_c_kernels/results/aten_multi_margin_loss_cpu/debuf.mlir ==
  no_match       body#0  ?
  total: 0 matched / 1 bodies
",0,[],0,0,0,0,/home/arjaiswal/Polygeist/issues/aten_c_kernels/results/aten_multi_margin_loss_cpu/debuf.mlir,4021,8,1,0,266.7737044394016,1,64856,0.0,0,0,0,0,[],0,0,0,0.0,0
aten,aten_multi_margin_loss_cpu,/home/arjaiswal/Polygeist/issues/aten_c_kernels/results/aten_multi_margin_loss_cpu/debuf.mlir,3ebaca2661e93d25af157113eb9bac8a9048448dc8d7d39c7e6b197904341c79,syntactic,1,ok,0,669.4155596196651,0,"[""/usr/bin/python3"", ""/home/arjaiswal/Polygeist/scripts/correctness/kernel_match_rewrite.py"", ""/home/arjaiswal/Polygeist/issues/aten_c_kernels/results/aten_multi_margin_loss_cpu/debuf.mlir"", ""--dry-run"", ""--matcher-mode"", ""syntactic"", ""--telemetry-json"", ""/home/arjaiswal/Polygeist/issues/equality_saturation_eval/campaign_20260908/aten-aten_multi_margin_loss_cpu-syntactic-lba1qlk2.json"", ""--disable-semantic-fallback""]","== match report for /home/arjaiswal/Polygeist/issues/aten_c_kernels/results/aten_multi_margin_loss_cpu/debuf.mlir ==
  no_match       body#0  ?
  total: 0 matched / 1 bodies
",0,[],0,0,0,0,/home/arjaiswal/Polygeist/issues/aten_c_kernels/results/aten_multi_margin_loss_cpu/debuf.mlir,4021,0,1,0,264.68751206994057,1,64568,0.0,0,0,0,0,[],0,0,0,0.0,0
aten,aten_multi_margin_loss_cpu,/home/arjaiswal/Polygeist/issues/aten_c_kernels/results/aten_multi_margin_loss_cpu/debuf.mlir,3ebaca2661e93d25af157113eb9bac8a9048448dc8d7d39c7e6b197904341c79,syntactic,2,ok,0,687.3828247189522,0,"[""/usr/bin/python3"", ""/home/arjaiswal/Polygeist/scripts/correctness/kernel_match_rewrite.py"", ""/home/arjaiswal/Polygeist/issues/aten_c_kernels/results/aten_multi_margin_loss_cpu/debuf.mlir"", ""--dry-run"", ""--matcher-mode"", ""syntactic"", ""--telemetry-json"", ""/home/arjaiswal/Polygeist/issues/equality_saturation_eval/campaign_20260908/aten-aten_multi_margin_loss_cpu-syntactic-hcmqk1fi.json"", ""--disable-semantic-fallback""]","== match report for /home/arjaiswal/Polygeist/issues/aten_c_kernels/results/aten_multi_margin_loss_cpu/debuf.mlir ==
  no_match       body#0  ?
  total: 0 matched / 1 bodies
",0,[],0,0,0,0,/home/arjaiswal/Polygeist/issues/aten_c_kernels/results/aten_multi_margin_loss_cpu/debuf.mlir,4021,0,1,0,272.9126773774624,1,64584,0.0,0,0,0,0,[],0,0,0,0.0,0
aten,aten_multi_margin_loss_cpu,/home/arjaiswal/Polygeist/issues/aten_c_kernels/results/aten_multi_margin_loss_cpu/debuf.mlir,3ebaca2661e93d25af157113eb9bac8a9048448dc8d7d39c7e6b197904341c79,egglog,2,ok,0,741.5836527943611,0,"[""/usr/bin/python3"", ""/home/arjaiswal/Polygeist/scripts/correctness/kernel_match_rewrite.py"", ""/home/arjaiswal/Polygeist/issues/aten_c_kernels/results/aten_multi_margin_loss_cpu/debuf.mlir"", ""--dry-run"", ""--matcher-mode"", ""egglog"", ""--telemetry-json"", ""/home/arjaiswal/Polygeist/issues/equality_saturation_eval/campaign_20260908/aten-aten_multi_margin_loss_cpu-egglog-jsv_tmu2.json"", ""--disable-semantic-fallback""]","== match report for /home/arjaiswal/Polygeist/issues/aten_c_kernels/results/aten_multi_margin_loss_cpu/debuf.mlir ==
  no_match       body#0  ?
  total: 0 matched / 1 bodies
",0,[],0,0,0,0,/home/arjaiswal/Polygeist/issues/aten_c_kernels/results/aten_multi_margin_loss_cpu/debuf.mlir,4021,8,1,0,277.4983420968056,1,64428,0.0,0,0,0,0,[],0,0,0,0.0,0
aten,aten_multi_margin_loss_cpu,/home/arjaiswal/Polygeist/issues/aten_c_kernels/results/aten_multi_margin_loss_cpu/debuf.mlir,3ebaca2661e93d25af157113eb9bac8a9048448dc8d7d39c7e6b197904341c79,egglog,3,ok,0,707.583524286747,0,"[""/usr/bin/python3"", ""/home/arjaiswal/Polygeist/scripts/correctness/kernel_match_rewrite.py"", ""/home/arjaiswal/Polygeist/issues/aten_c_kernels/results/aten_multi_margin_loss_cpu/debuf.mlir"", ""--dry-run"", ""--matcher-mode"", ""egglog"", ""--telemetry-json"", ""/home/arjaiswal/Polygeist/issues/equality_saturation_eval/campaign_20260908/aten-aten_multi_margin_loss_cpu-egglog-ro0xzw2e.json"", ""--disable-semantic-fallback""]","== match report for /home/arjaiswal/Polygeist/issues/aten_c_kernels/results/aten_multi_margin_loss_cpu/debuf.mlir ==
  no_match       body#0  ?
  total: 0 matched / 1 bodies
",0,[],0,0,0,0,/home/arjaiswal/Polygeist/issues/aten_c_kernels/results/aten_multi_margin_loss_cpu/debuf.mlir,4021,8,1,0,274.80274066329,1,64752,0.0,0,0,0,0,[],0,0,0,0.0,0
aten,aten_multi_margin_loss_cpu,/home/arjaiswal/Polygeist/issues/aten_c_kernels/results/aten_multi_margin_loss_cpu/debuf.mlir,3ebaca2661e93d25af157113eb9bac8a9048448dc8d7d39c7e6b197904341c79,syntactic,3,ok,0,680.9156611561775,0,"[""/usr/bin/python3"", ""/home/arjaiswal/Polygeist/scripts/correctness/kernel_match_rewrite.py"", ""/home/arjaiswal/Polygeist/issues/aten_c_kernels/results/aten_multi_margin_loss_cpu/debuf.mlir"", ""--dry-run"", ""--matcher-mode"", ""syntactic"", ""--telemetry-json"", ""/home/arjaiswal/Polygeist/issues/equality_saturation_eval/campaign_20260908/aten-aten_multi_margin_loss_cpu-syntactic-gf174u07.json"", ""--disable-semantic-fallback""]","== match report for /home/arjaiswal/Polygeist/issues/aten_c_kernels/results/aten_multi_margin_loss_cpu/debuf.mlir ==
  no_match       body#0  ?
  total: 0 matched / 1 bodies
",0,[],0,0,0,0,/home/arjaiswal/Polygeist/issues/aten_c_kernels/results/aten_multi_margin_loss_cpu/debuf.mlir,4021,0,1,0,266.66274294257164,1,64528,0.0,0,0,0,0,[],0,0,0,0.0,0
aten,aten_multi_margin_loss_cpu,/home/arjaiswal/Polygeist/issues/aten_c_kernels/results/aten_multi_margin_loss_cpu/debuf.mlir,3ebaca2661e93d25af157113eb9bac8a9048448dc8d7d39c7e6b197904341c79,syntactic,4,ok,0,685.9655641019344,0,"[""/usr/bin/python3"", ""/home/arjaiswal/Polygeist/scripts/correctness/kernel_match_rewrite.py"", ""/home/arjaiswal/Polygeist/issues/aten_c_kernels/results/aten_multi_margin_loss_cpu/debuf.mlir"", ""--dry-run"", ""--matcher-mode"", ""syntactic"", ""--telemetry-json"", ""/home/arjaiswal/Polygeist/issues/equality_saturation_eval/campaign_20260908/aten-aten_multi_margin_loss_cpu-syntactic-0ffvrm_j.json"", ""--disable-semantic-fallback""]","== match report for /home/arjaiswal/Polygeist/issues/aten_c_kernels/results/aten_multi_margin_loss_cpu/debuf.mlir ==
  no_match       body#0  ?
  total: 0 matched / 1 bodies
",0,[],0,0,0,0,/home/arjaiswal/Polygeist/issues/aten_c_kernels/results/aten_multi_margin_loss_cpu/debuf.mlir,4021,0,1,0,262.45614513754845,1,64460,0.0,0,0,0,0,[],0,0,0,0.0,0
aten,aten_multi_margin_loss_cpu,/home/arjaiswal/Polygeist/issues/aten_c_kernels/results/aten_multi_margin_loss_cpu/debuf.mlir,3ebaca2661e93d25af157113eb9bac8a9048448dc8d7d39c7e6b197904341c79,egglog,4,ok,0,719.583086669445,0,"[""/usr/bin/python3"", ""/home/arjaiswal/Polygeist/scripts/correctness/kernel_match_rewrite.py"", ""/home/arjaiswal/Polygeist/issues/aten_c_kernels/results/aten_multi_margin_loss_cpu/debuf.mlir"", ""--dry-run"", ""--matcher-mode"", ""egglog"", ""--telemetry-json"", ""/home/arjaiswal/Polygeist/issues/equality_saturation_eval/campaign_20260908/aten-aten_multi_margin_loss_cpu-egglog-7337mdt9.json"", ""--disable-semantic-fallback""]","== match report for /home/arjaiswal/Polygeist/issues/aten_c_kernels/results/aten_multi_margin_loss_cpu/debuf.mlir ==
  no_match       body#0  ?
  total: 0 matched / 1 bodies
",0,[],0,0,0,0,/home/arjaiswal/Polygeist/issues/aten_c_kernels/results/aten_multi_margin_loss_cpu/debuf.mlir,4021,8,1,0,276.9070900976658,1,64668,0.0,0,0,0,0,[],0,0,0,0.0,0
aten,aten_multi_margin_loss_cpu,/home/arjaiswal/Polygeist/issues/aten_c_kernels/results/aten_multi_margin_loss_cpu/debuf.mlir,3ebaca2661e93d25af157113eb9bac8a9048448dc8d7d39c7e6b197904341c79,egglog,5,ok,0,758.9009031653404,0,"[""/usr/bin/python3"", ""/home/arjaiswal/Polygeist/scripts/correctness/kernel_match_rewrite.py"", ""/home/arjaiswal/Polygeist/issues/aten_c_kernels/results/aten_multi_margin_loss_cpu/debuf.mlir"", ""--dry-run"", ""--matcher-mode"", ""egglog"", ""--telemetry-json"", ""/home/arjaiswal/Polygeist/issues/equality_saturation_eval/campaign_20260908/aten-aten_multi_margin_loss_cpu-egglog-eih_fojs.json"", ""--disable-semantic-fallback""]","== match report for /home/arjaiswal/Polygeist/issues/aten_c_kernels/results/aten_multi_margin_loss_cpu/debuf.mlir ==
  no_match       body#0  ?
  total: 0 matched / 1 bodies
",0,[],0,0,0,0,/home/arjaiswal/Polygeist/issues/aten_c_kernels/results/aten_multi_margin_loss_cpu/debuf.mlir,4021,8,1,0,308.3103448152542,1,64716,0.0,0,0,0,0,[],0,0,0,0.0,0
aten,aten_multi_margin_loss_cpu,/home/arjaiswal/Polygeist/issues/aten_c_kernels/results/aten_multi_margin_loss_cpu/debuf.mlir,3ebaca2661e93d25af157113eb9bac8a9048448dc8d7d39c7e6b197904341c79,syntactic,5,ok,0,759.0724490582943,0,"[""/usr/bin/python3"", ""/home/arjaiswal/Polygeist/scripts/correctness/kernel_match_rewrite.py"", ""/home/arjaiswal/Polygeist/issues/aten_c_kernels/results/aten_multi_margin_loss_cpu/debuf.mlir"", ""--dry-run"", ""--matcher-mode"", ""syntactic"", ""--telemetry-json"", ""/home/arjaiswal/Polygeist/issues/equality_saturation_eval/campaign_20260908/aten-aten_multi_margin_loss_cpu-syntactic-ok5to1fq.json"", ""--disable-semantic-fallback""]","== match report for /home/arjaiswal/Polygeist/issues/aten_c_kernels/results/aten_multi_margin_loss_cpu/debuf.mlir ==
  no_match       body#0  ?
  total: 0 matched / 1 bodies
",0,[],0,0,0,0,/home/arjaiswal/Polygeist/issues/aten_c_kernels/results/aten_multi_margin_loss_cpu/debuf.mlir,4021,0,1,0,306.485615670681,1,64888,0.0,0,0,0,0,[],0,0,0,0.0,0
aten,aten_multilabel_margin_loss_backward_cpu,/home/arjaiswal/Polygeist/issues/aten_c_kernels/results/aten_multilabel_margin_loss_backward_cpu/debuf.mlir,93263b3b1d5f074668456e3924e291f44bfaebd05d2e0516a07de7df56769b54,syntactic,1,ok,0,865.1999905705452,0,"[""/usr/bin/python3"", ""/home/arjaiswal/Polygeist/scripts/correctness/kernel_match_rewrite.py"", ""/home/arjaiswal/Polygeist/issues/aten_c_kernels/results/aten_multilabel_margin_loss_backward_cpu/debuf.mlir"", ""--dry-run"", ""--matcher-mode"", ""syntactic"", ""--telemetry-json"", ""/home/arjaiswal/Polygeist/issues/equality_saturation_eval/campaign_20260908/aten-aten_multilabel_margin_loss_backward_cpu-syntactic-jhogf1f8.json"", ""--disable-semantic-fallback""]","== match report for /home/arjaiswal/Polygeist/issues/aten_c_kernels/results/aten_multilabel_margin_loss_backward_cpu/debuf.mlir ==
  match          body#[0]  memset_zero_1D_f32
  rank_or_dtype_reject body#1  memset_zero_1D
  no_match       body#2  ?
  total: 1 matched / 3 bodies
",0,[],0,0,0,0,/home/arjaiswal/Polygeist/issues/aten_c_kernels/results/aten_multilabel_margin_loss_backward_cpu/debuf.mlir,6323,0,3,1,409.5493480563164,1,65928,0.18644705414772034,0,36,0,0,"[{""body_indices"": [0], ""symbol"": ""memset_zero_1D_f32""}]",1,0,58,0.0,58
aten,aten_multilabel_margin_loss_backward_cpu,/home/arjaiswal/Polygeist/issues/aten_c_kernels/results/aten_multilabel_margin_loss_backward_cpu/debuf.mlir,93263b3b1d5f074668456e3924e291f44bfaebd05d2e0516a07de7df56769b54,egglog,1,ok,0,1233.3297654986382,0,"[""/usr/bin/python3"", ""/home/arjaiswal/Polygeist/scripts/correctness/kernel_match_rewrite.py"", ""/home/arjaiswal/Polygeist/issues/aten_c_kernels/results/aten_multilabel_margin_loss_backward_cpu/debuf.mlir"", ""--dry-run"", ""--matcher-mode"", ""egglog"", ""--telemetry-json"", ""/home/arjaiswal/Polygeist/issues/equality_saturation_eval/campaign_20260908/aten-aten_multilabel_margin_loss_backward_cpu-egglog-ozuj1e5s.json"", ""--disable-semantic-fallback""]","== match report for /home/arjaiswal/Polygeist/issues/aten_c_kernels/results/aten_multilabel_margin_loss_backward_cpu/debuf.mlir ==
  match          body#[0]  memset_zero_1D_f32
  rank_or_dtype_reject body#1  memset_zero_1D
  no_match       body#2  ?
  total: 1 matched / 3 bodies
",0,[],0,0,0,0,/home/arjaiswal/Polygeist/issues/aten_c_kernels/results/aten_multilabel_margin_loss_backward_cpu/debuf.mlir,6323,8,3,1,794.7836853563786,1,69996,352.1101735532284,36,36,0,0,"[{""body_indices"": [0], ""symbol"": ""memset_zero_1D_f32""}]",1,0,0,0.0,58
aten,aten_multilabel_margin_loss_backward_cpu,/home/arjaiswal/Polygeist/issues/aten_c_kernels/results/aten_multilabel_margin_loss_backward_cpu/debuf.mlir,93263b3b1d5f074668456e3924e291f44bfaebd05d2e0516a07de7df56769b54,egglog,2,ok,0,1189.2516911029816,0,"[""/usr/bin/python3"", ""/home/arjaiswal/Polygeist/scripts/correctness/kernel_match_rewrite.py"", ""/home/arjaiswal/Polygeist/issues/aten_c_kernels/results/aten_multilabel_margin_loss_backward_cpu/debuf.mlir"", ""--dry-run"", ""--matcher-mode"", ""egglog"", ""--telemetry-json"", ""/home/arjaiswal/Polygeist/issues/equality_saturation_eval/campaign_20260908/aten-aten_multilabel_margin_loss_backward_cpu-egglog-cz0ae9g5.json"", ""--disable-semantic-fallback""]","== match report for /home/arjaiswal/Polygeist/issues/aten_c_kernels/results/aten_multilabel_margin_loss_backward_cpu/debuf.mlir ==
  match          body#[0]  memset_zero_1D_f32
  rank_or_dtype_reject body#1  memset_zero_1D
  no_match       body#2  ?
  total: 1 matched / 3 bodies
",0,[],0,0,0,0,/home/arjaiswal/Polygeist/issues/aten_c_kernels/results/aten_multilabel_margin_loss_backward_cpu/debuf.mlir,6323,8,3,1,775.9789526462555,1,70020,351.96590051054955,36,36,0,0,"[{""body_indices"": [0], ""symbol"": ""memset_zero_1D_f32""}]",1,0,0,0.0,58
aten,aten_multilabel_margin_loss_backward_cpu,/home/arjaiswal/Polygeist/issues/aten_c_kernels/results/aten_multilabel_margin_loss_backward_cpu/debuf.mlir,93263b3b1d5f074668456e3924e291f44bfaebd05d2e0516a07de7df56769b54,syntactic,2,ok,0,810.3548884391785,0,"[""/usr/bin/python3"", ""/home/arjaiswal/Polygeist/scripts/correctness/kernel_match_rewrite.py"", ""/home/arjaiswal/Polygeist/issues/aten_c_kernels/results/aten_multilabel_margin_loss_backward_cpu/debuf.mlir"", ""--dry-run"", ""--matcher-mode"", ""syntactic"", ""--telemetry-json"", ""/home/arjaiswal/Polygeist/issues/equality_saturation_eval/campaign_20260908/aten-aten_multilabel_margin_loss_backward_cpu-syntactic-3t9h_1yj.json"", ""--disable-semantic-fallback""]","== match report for /home/arjaiswal/Polygeist/issues/aten_c_kernels/results/aten_multilabel_margin_loss_backward_cpu/debuf.mlir ==
  match          body#[0]  memset_zero_1D_f32
  rank_or_dtype_reject body#1  memset_zero_1D
  no_match       body#2  ?
  total: 1 matched / 3 bodies
",0,[],0,0,0,0,/home/arjaiswal/Polygeist/issues/aten_c_kernels/results/aten_multilabel_margin_loss_backward_cpu/debuf.mlir,6323,0,3,1,382.83203914761543,1,65732,0.17431378364562988,0,36,0,0,"[{""body_indices"": [0], ""symbol"": ""memset_zero_1D_f32""}]",1,0,58,0.0,58
aten,aten_multilabel_margin_loss_backward_cpu,/home/arjaiswal/Polygeist/issues/aten_c_kernels/results/aten_multilabel_margin_loss_backward_cpu/debuf.mlir,93263b3b1d5f074668456e3924e291f44bfaebd05d2e0516a07de7df56769b54,syntactic,3,ok,0,825.7702961564064,0,"[""/usr/bin/python3"", ""/home/arjaiswal/Polygeist/scripts/correctness/kernel_match_rewrite.py"", ""/home/arjaiswal/Polygeist/issues/aten_c_kernels/results/aten_multilabel_margin_loss_backward_cpu/debuf.mlir"", ""--dry-run"", ""--matcher-mode"", ""syntactic"", ""--telemetry-json"", ""/home/arjaiswal/Polygeist/issues/equality_saturation_eval/campaign_20260908/aten-aten_multilabel_margin_loss_backward_cpu-syntactic-ds7y91z5.json"", ""--disable-semantic-fallback""]","== match report for /home/arjaiswal/Polygeist/issues/aten_c_kernels/results/aten_multilabel_margin_loss_backward_cpu/debuf.mlir ==
  match          body#[0]  memset_zero_1D_f32
  rank_or_dtype_reject body#1  memset_zero_1D
  no_match       body#2  ?
  total: 1 matched / 3 bodies
",0,[],0,0,0,0,/home/arjaiswal/Polygeist/issues/aten_c_kernels/results/aten_multilabel_margin_loss_backward_cpu/debuf.mlir,6323,0,3,1,405.4918363690376,1,66024,0.20851939916610718,0,36,0,0,"[{""body_indices"": [0], ""symbol"": ""memset_zero_1D_f32""}]",1,0,58,0.0,58
aten,aten_multilabel_margin_loss_backward_cpu,/home/arjaiswal/Polygeist/issues/aten_c_kernels/results/aten_multilabel_margin_loss_backward_cpu/debuf.mlir,93263b3b1d5f074668456e3924e291f44bfaebd05d2e0516a07de7df56769b54,egglog,3,ok,0,1188.03258985281,0,"[""/usr/bin/python3"", ""/home/arjaiswal/Polygeist/scripts/correctness/kernel_match_rewrite.py"", ""/home/arjaiswal/Polygeist/issues/aten_c_kernels/results/aten_multilabel_margin_loss_backward_cpu/debuf.mlir"", ""--dry-run"", ""--matcher-mode"", ""egglog"", ""--telemetry-json"", ""/home/arjaiswal/Polygeist/issues/equality_saturation_eval/campaign_20260908/aten-aten_multilabel_margin_loss_backward_cpu-egglog-h8gphpd5.json"", ""--disable-semantic-fallback""]","== match report for /home/arjaiswal/Polygeist/issues/aten_c_kernels/results/aten_multilabel_margin_loss_backward_cpu/debuf.mlir ==
  match          body#[0]  memset_zero_1D_f32
  rank_or_dtype_reject body#1  memset_zero_1D
  no_match       body#2  ?
  total: 1 matched / 3 bodies
",0,[],0,0,0,0,/home/arjaiswal/Polygeist/issues/aten_c_kernels/results/aten_multilabel_margin_loss_backward_cpu/debuf.mlir,6323,8,3,1,776.1336341500282,1,70064,355.74449971318245,36,36,0,0,"[{""body_indices"": [0], ""symbol"": ""memset_zero_1D_f32""}]",1,0,0,0.0,58
aten,aten_multilabel_margin_loss_backward_cpu,/home/arjaiswal/Polygeist/issues/aten_c_kernels/results/aten_multilabel_margin_loss_backward_cpu/debuf.mlir,93263b3b1d5f074668456e3924e291f44bfaebd05d2e0516a07de7df56769b54,egglog,4,ok,0,1213.8888500630856,0,"[""/usr/bin/python3"", ""/home/arjaiswal/Polygeist/scripts/correctness/kernel_match_rewrite.py"", ""/home/arjaiswal/Polygeist/issues/aten_c_kernels/results/aten_multilabel_margin_loss_backward_cpu/debuf.mlir"", ""--dry-run"", ""--matcher-mode"", ""egglog"", ""--telemetry-json"", ""/home/arjaiswal/Polygeist/issues/equality_saturation_eval/campaign_20260908/aten-aten_multilabel_margin_loss_backward_cpu-egglog-wlr7l3qn.json"", ""--disable-semantic-fallback""]","== match report for /home/arjaiswal/Polygeist/issues/aten_c_kernels/results/aten_multilabel_margin_loss_backward_cpu/debuf.mlir ==
  match          body#[0]  memset_zero_1D_f32
  rank_or_dtype_reject body#1  memset_zero_1D
  no_match       body#2  ?
  total: 1 matched / 3 bodies
",0,[],0,0,0,0,/home/arjaiswal/Polygeist/issues/aten_c_kernels/results/aten_multilabel_margin_loss_backward_cpu/debuf.mlir,6323,8,3,1,794.0934784710407,1,70012,359.6145287156105,36,36,0,0,"[{""body_indices"": [0], ""symbol"": ""memset_zero_1D_f32""}]",1,0,0,0.0,58
aten,aten_multilabel_margin_loss_backward_cpu,/home/arjaiswal/Polygeist/issues/aten_c_kernels/results/aten_multilabel_margin_loss_backward_cpu/debuf.mlir,93263b3b1d5f074668456e3924e291f44bfaebd05d2e0516a07de7df56769b54,syntactic,4,ok,0,801.8948920071125,0,"[""/usr/bin/python3"", ""/home/arjaiswal/Polygeist/scripts/correctness/kernel_match_rewrite.py"", ""/home/arjaiswal/Polygeist/issues/aten_c_kernels/results/aten_multilabel_margin_loss_backward_cpu/debuf.mlir"", ""--dry-run"", ""--matcher-mode"", ""syntactic"", ""--telemetry-json"", ""/home/arjaiswal/Polygeist/issues/equality_saturation_eval/campaign_20260908/aten-aten_multilabel_margin_loss_backward_cpu-syntactic-gej1rfbl.json"", ""--disable-semantic-fallback""]","== match report for /home/arjaiswal/Polygeist/issues/aten_c_kernels/results/aten_multilabel_margin_loss_backward_cpu/debuf.mlir ==
  match          body#[0]  memset_zero_1D_f32
  rank_or_dtype_reject body#1  memset_zero_1D
  no_match       body#2  ?
  total: 1 matched / 3 bodies
",0,[],0,0,0,0,/home/arjaiswal/Polygeist/issues/aten_c_kernels/results/aten_multilabel_margin_loss_backward_cpu/debuf.mlir,6323,0,3,1,389.5992301404476,1,65772,0.17210841178894043,0,36,0,0,"[{""body_indices"": [0], ""symbol"": ""memset_zero_1D_f32""}]",1,0,58,0.0,58
aten,aten_multilabel_margin_loss_backward_cpu,/home/arjaiswal/Polygeist/issues/aten_c_kernels/results/aten_multilabel_margin_loss_backward_cpu/debuf.mlir,93263b3b1d5f074668456e3924e291f44bfaebd05d2e0516a07de7df56769b54,syntactic,5,ok,0,846.1927883327007,0,"[""/usr/bin/python3"", ""/home/arjaiswal/Polygeist/scripts/correctness/kernel_match_rewrite.py"", ""/home/arjaiswal/Polygeist/issues/aten_c_kernels/results/aten_multilabel_margin_loss_backward_cpu/debuf.mlir"", ""--dry-run"", ""--matcher-mode"", ""syntactic"", ""--telemetry-json"", ""/home/arjaiswal/Polygeist/issues/equality_saturation_eval/campaign_20260908/aten-aten_multilabel_margin_loss_backward_cpu-syntactic-ggk55_9f.json"", ""--disable-semantic-fallback""]","== match report for /home/arjaiswal/Polygeist/issues/aten_c_kernels/results/aten_multilabel_margin_loss_backward_cpu/debuf.mlir ==
  match          body#[0]  memset_zero_1D_f32
  rank_or_dtype_reject body#1  memset_zero_1D
  no_match       body#2  ?
  total: 1 matched / 3 bodies
",0,[],0,0,0,0,/home/arjaiswal/Polygeist/issues/aten_c_kernels/results/aten_multilabel_margin_loss_backward_cpu/debuf.mlir,6323,0,3,1,397.9180119931698,1,65996,0.1775100827217102,0,36,0,0,"[{""body_indices"": [0], ""symbol"": ""memset_zero_1D_f32""}]",1,0,58,0.0,58
aten,aten_multilabel_margin_loss_backward_cpu,/home/arjaiswal/Polygeist/issues/aten_c_kernels/results/aten_multilabel_margin_loss_backward_cpu/debuf.mlir,93263b3b1d5f074668456e3924e291f44bfaebd05d2e0516a07de7df56769b54,egglog,5,ok,0,1234.7775176167488,0,"[""/usr/bin/python3"", ""/home/arjaiswal/Polygeist/scripts/correctness/kernel_match_rewrite.py"", ""/home/arjaiswal/Polygeist/issues/aten_c_kernels/results/aten_multilabel_margin_loss_backward_cpu/debuf.mlir"", ""--dry-run"", ""--matcher-mode"", ""egglog"", ""--telemetry-json"", ""/home/arjaiswal/Polygeist/issues/equality_saturation_eval/campaign_20260908/aten-aten_multilabel_margin_loss_backward_cpu-egglog-c55a_0_1.json"", ""--disable-semantic-fallback""]","== match report for /home/arjaiswal/Polygeist/issues/aten_c_kernels/results/aten_multilabel_margin_loss_backward_cpu/debuf.mlir ==
  match          body#[0]  memset_zero_1D_f32
  rank_or_dtype_reject body#1  memset_zero_1D
  no_match       body#2  ?
  total: 1 matched / 3 bodies
",0,[],0,0,0,0,/home/arjaiswal/Polygeist/issues/aten_c_kernels/results/aten_multilabel_margin_loss_backward_cpu/debuf.mlir,6323,8,3,1,804.0190637111664,1,70228,353.81152108311653,36,36,0,0,"[{""body_indices"": [0], ""symbol"": ""memset_zero_1D_f32""}]",1,0,0,0.0,58
aten,aten_multilabel_margin_loss_forward_cpu,/home/arjaiswal/Polygeist/issues/aten_c_kernels/results/aten_multilabel_margin_loss_forward_cpu/debuf.mlir,29375bbc4e99c53715f1e7c62f04aba01ea2d07b135ca162dfd2f0b6b45edec3,egglog,1,ok,0,744.5901669561863,0,"[""/usr/bin/python3"", ""/home/arjaiswal/Polygeist/scripts/correctness/kernel_match_rewrite.py"", ""/home/arjaiswal/Polygeist/issues/aten_c_kernels/results/aten_multilabel_margin_loss_forward_cpu/debuf.mlir"", ""--dry-run"", ""--matcher-mode"", ""egglog"", ""--telemetry-json"", ""/home/arjaiswal/Polygeist/issues/equality_saturation_eval/campaign_20260908/aten-aten_multilabel_margin_loss_forward_cpu-egglog-22ljazu5.json"", ""--disable-semantic-fallback""]","== match report for /home/arjaiswal/Polygeist/issues/aten_c_kernels/results/aten_multilabel_margin_loss_forward_cpu/debuf.mlir ==
  no_match       body#0  ?
  total: 0 matched / 1 bodies
",0,[],0,0,0,0,/home/arjaiswal/Polygeist/issues/aten_c_kernels/results/aten_multilabel_margin_loss_forward_cpu/debuf.mlir,6520,8,1,0,321.24465703964233,1,65712,0.0,0,0,0,0,[],0,0,0,0.0,8
aten,aten_multilabel_margin_loss_forward_cpu,/home/arjaiswal/Polygeist/issues/aten_c_kernels/results/aten_multilabel_margin_loss_forward_cpu/debuf.mlir,29375bbc4e99c53715f1e7c62f04aba01ea2d07b135ca162dfd2f0b6b45edec3,syntactic,1,ok,0,762.4026276171207,0,"[""/usr/bin/python3"", ""/home/arjaiswal/Polygeist/scripts/correctness/kernel_match_rewrite.py"", ""/home/arjaiswal/Polygeist/issues/aten_c_kernels/results/aten_multilabel_margin_loss_forward_cpu/debuf.mlir"", ""--dry-run"", ""--matcher-mode"", ""syntactic"", ""--telemetry-json"", ""/home/arjaiswal/Polygeist/issues/equality_saturation_eval/campaign_20260908/aten-aten_multilabel_margin_loss_forward_cpu-syntactic-o2mnawim.json"", ""--disable-semantic-fallback""]","== match report for /home/arjaiswal/Polygeist/issues/aten_c_kernels/results/aten_multilabel_margin_loss_forward_cpu/debuf.mlir ==
  no_match       body#0  ?
  total: 0 matched / 1 bodies
",0,[],0,0,0,0,/home/arjaiswal/Polygeist/issues/aten_c_kernels/results/aten_multilabel_margin_loss_forward_cpu/debuf.mlir,6520,0,1,0,316.5673464536667,1,65656,0.03582984209060669,0,0,0,0,[],0,0,8,0.0,8
aten,aten_multilabel_margin_loss_forward_cpu,/home/arjaiswal/Polygeist/issues/aten_c_kernels/results/aten_multilabel_margin_loss_forward_cpu/debuf.mlir,29375bbc4e99c53715f1e7c62f04aba01ea2d07b135ca162dfd2f0b6b45edec3,syntactic,2,ok,0,712.6721702516079,0,"[""/usr/bin/python3"", ""/home/arjaiswal/Polygeist/scripts/correctness/kernel_match_rewrite.py"", ""/home/arjaiswal/Polygeist/issues/aten_c_kernels/results/aten_multilabel_margin_loss_forward_cpu/debuf.mlir"", ""--dry-run"", ""--matcher-mode"", ""syntactic"", ""--telemetry-json"", ""/home/arjaiswal/Polygeist/issues/equality_saturation_eval/campaign_20260908/aten-aten_multilabel_margin_loss_forward_cpu-syntactic-umk_6h90.json"", ""--disable-semantic-fallback""]","== match report for /home/arjaiswal/Polygeist/issues/aten_c_kernels/results/aten_multilabel_margin_loss_forward_cpu/debuf.mlir ==
  no_match       body#0  ?
  total: 0 matched / 1 bodies
",0,[],0,0,0,0,/home/arjaiswal/Polygeist/issues/aten_c_kernels/results/aten_multilabel_margin_loss_forward_cpu/debuf.mlir,6520,0,1,0,298.54125902056694,1,65672,0.021375715732574463,0,0,0,0,[],0,0,8,0.0,8
aten,aten_multilabel_margin_loss_forward_cpu,/home/arjaiswal/Polygeist/issues/aten_c_kernels/results/aten_multilabel_margin_loss_forward_cpu/debuf.mlir,29375bbc4e99c53715f1e7c62f04aba01ea2d07b135ca162dfd2f0b6b45edec3,egglog,2,ok,0,708.3405405282974,0,"[""/usr/bin/python3"", ""/home/arjaiswal/Polygeist/scripts/correctness/kernel_match_rewrite.py"", ""/home/arjaiswal/Polygeist/issues/aten_c_kernels/results/aten_multilabel_margin_loss_forward_cpu/debuf.mlir"", ""--dry-run"", ""--matcher-mode"", ""egglog"", ""--telemetry-json"", ""/home/arjaiswal/Polygeist/issues/equality_saturation_eval/campaign_20260908/aten-aten_multilabel_margin_loss_forward_cpu-egglog-oj9kfo_t.json"", ""--disable-semantic-fallback""]","== match report for /home/arjaiswal/Polygeist/issues/aten_c_kernels/results/aten_multilabel_margin_loss_forward_cpu/debuf.mlir ==
  no_match       body#0  ?
  total: 0 matched / 1 bodies
",0,[],0,0,0,0,/home/arjaiswal/Polygeist/issues/aten_c_kernels/results/aten_multilabel_margin_loss_forward_cpu/debuf.mlir,6520,8,1,0,303.2613955438137,1,65616,0.0,0,0,0,0,[],0,0,0,0.0,8
aten,aten_multilabel_margin_loss_forward_cpu,/home/arjaiswal/Polygeist/issues/aten_c_kernels/results/aten_multilabel_margin_loss_forward_cpu/debuf.mlir,29375bbc4e99c53715f1e7c62f04aba01ea2d07b135ca162dfd2f0b6b45edec3,egglog,3,ok,0,749.019205570221,0,"[""/usr/bin/python3"", ""/home/arjaiswal/Polygeist/scripts/correctness/kernel_match_rewrite.py"", ""/home/arjaiswal/Polygeist/issues/aten_c_kernels/results/aten_multilabel_margin_loss_forward_cpu/debuf.mlir"", ""--dry-run"", ""--matcher-mode"", ""egglog"", ""--telemetry-json"", ""/home/arjaiswal/Polygeist/issues/equality_saturation_eval/campaign_20260908/aten-aten_multilabel_margin_loss_forward_cpu-egglog-2fpqv8tt.json"", ""--disable-semantic-fallback""]","== match report for /home/arjaiswal/Polygeist/issues/aten_c_kernels/results/aten_multilabel_margin_loss_forward_cpu/debuf.mlir ==
  no_match       body#0  ?
  total: 0 matched / 1 bodies
",0,[],0,0,0,0,/home/arjaiswal/Polygeist/issues/aten_c_kernels/results/aten_multilabel_margin_loss_forward_cpu/debuf.mlir,6520,8,1,0,328.60953360795975,1,65536,0.0,0,0,0,0,[],0,0,0,0.0,8
aten,aten_multilabel_margin_loss_forward_cpu,/home/arjaiswal/Polygeist/issues/aten_c_kernels/results/aten_multilabel_margin_loss_forward_cpu/debuf.mlir,29375bbc4e99c53715f1e7c62f04aba01ea2d07b135ca162dfd2f0b6b45edec3,syntactic,3,ok,0,905.2479341626167,0,"[""/usr/bin/python3"", ""/home/arjaiswal/Polygeist/scripts/correctness/kernel_match_rewrite.py"", ""/home/arjaiswal/Polygeist/issues/aten_c_kernels/results/aten_multilabel_margin_loss_forward_cpu/debuf.mlir"", ""--dry-run"", ""--matcher-mode"", ""syntactic"", ""--telemetry-json"", ""/home/arjaiswal/Polygeist/issues/equality_saturation_eval/campaign_20260908/aten-aten_multilabel_margin_loss_forward_cpu-syntactic-6h1t8l2z.json"", ""--disable-semantic-fallback""]","== match report for /home/arjaiswal/Polygeist/issues/aten_c_kernels/results/aten_multilabel_margin_loss_forward_cpu/debuf.mlir ==
  no_match       body#0  ?
  total: 0 matched / 1 bodies
",0,[],0,0,0,0,/home/arjaiswal/Polygeist/issues/aten_c_kernels/results/aten_multilabel_margin_loss_forward_cpu/debuf.mlir,6520,0,1,0,313.44446167349815,1,65648,0.02212822437286377,0,0,0,0,[],0,0,8,0.0,8
aten,aten_multilabel_margin_loss_forward_cpu,/home/arjaiswal/Polygeist/issues/aten_c_kernels/results/aten_multilabel_margin_loss_forward_cpu/debuf.mlir,29375bbc4e99c53715f1e7c62f04aba01ea2d07b135ca162dfd2f0b6b45edec3,syntactic,4,ok,0,747.9472979903221,0,"[""/usr/bin/python3"", ""/home/arjaiswal/Polygeist/scripts/correctness/kernel_match_rewrite.py"", ""/home/arjaiswal/Polygeist/issues/aten_c_kernels/results/aten_multilabel_margin_loss_forward_cpu/debuf.mlir"", ""--dry-run"", ""--matcher-mode"", ""syntactic"", ""--telemetry-json"", ""/home/arjaiswal/Polygeist/issues/equality_saturation_eval/campaign_20260908/aten-aten_multilabel_margin_loss_forward_cpu-syntactic-o5k8xgu3.json"", ""--disable-semantic-fallback""]","== match report for /home/arjaiswal/Polygeist/issues/aten_c_kernels/results/aten_multilabel_margin_loss_forward_cpu/debuf.mlir ==
  no_match       body#0  ?
  total: 0 matched / 1 bodies
",0,[],0,0,0,0,/home/arjaiswal/Polygeist/issues/aten_c_kernels/results/aten_multilabel_margin_loss_forward_cpu/debuf.mlir,6520,0,1,0,318.5197748243809,1,65688,0.021729618310928345,0,0,0,0,[],0,0,8,0.0,8
aten,aten_multilabel_margin_loss_forward_cpu,/home/arjaiswal/Polygeist/issues/aten_c_kernels/results/aten_multilabel_margin_loss_forward_cpu/debuf.mlir,29375bbc4e99c53715f1e7c62f04aba01ea2d07b135ca162dfd2f0b6b45edec3,egglog,4,ok,0,704.3478712439537,0,"[""/usr/bin/python3"", ""/home/arjaiswal/Polygeist/scripts/correctness/kernel_match_rewrite.py"", ""/home/arjaiswal/Polygeist/issues/aten_c_kernels/results/aten_multilabel_margin_loss_forward_cpu/debuf.mlir"", ""--dry-run"", ""--matcher-mode"", ""egglog"", ""--telemetry-json"", ""/home/arjaiswal/Polygeist/issues/equality_saturation_eval/campaign_20260908/aten-aten_multilabel_margin_loss_forward_cpu-egglog-9yc2i3xv.json"", ""--disable-semantic-fallback""]","== match report for /home/arjaiswal/Polygeist/issues/aten_c_kernels/results/aten_multilabel_margin_loss_forward_cpu/debuf.mlir ==
  no_match       body#0  ?
  total: 0 matched / 1 bodies
",0,[],0,0,0,0,/home/arjaiswal/Polygeist/issues/aten_c_kernels/results/aten_multilabel_margin_loss_forward_cpu/debuf.mlir,6520,8,1,0,302.5824725627899,1,65616,0.0,0,0,0,0,[],0,0,0,0.0,8
aten,aten_multilabel_margin_loss_forward_cpu,/home/arjaiswal/Polygeist/issues/aten_c_kernels/results/aten_multilabel_margin_loss_forward_cpu/debuf.mlir,29375bbc4e99c53715f1e7c62f04aba01ea2d07b135ca162dfd2f0b6b45edec3,egglog,5,ok,0,718.7943048775196,0,"[""/usr/bin/python3"", ""/home/arjaiswal/Polygeist/scripts/correctness/kernel_match_rewrite.py"", ""/home/arjaiswal/Polygeist/issues/aten_c_kernels/results/aten_multilabel_margin_loss_forward_cpu/debuf.mlir"", ""--dry-run"", ""--matcher-mode"", ""egglog"", ""--telemetry-json"", ""/home/arjaiswal/Polygeist/issues/equality_saturation_eval/campaign_20260908/aten-aten_multilabel_margin_loss_forward_cpu-egglog-eyao919u.json"", ""--disable-semantic-fallback""]","== match report for /home/arjaiswal/Polygeist/issues/aten_c_kernels/results/aten_multilabel_margin_loss_forward_cpu/debuf.mlir ==
  no_match       body#0  ?
  total: 0 matched / 1 bodies
",0,[],0,0,0,0,/home/arjaiswal/Polygeist/issues/aten_c_kernels/results/aten_multilabel_margin_loss_forward_cpu/debuf.mlir,6520,8,1,0,308.2425370812416,1,65632,0.0,0,0,0,0,[],0,0,0,0.0,8
aten,aten_multilabel_margin_loss_forward_cpu,/home/arjaiswal/Polygeist/issues/aten_c_kernels/results/aten_multilabel_margin_loss_forward_cpu/debuf.mlir,29375bbc4e99c53715f1e7c62f04aba01ea2d07b135ca162dfd2f0b6b45edec3,syntactic,5,ok,0,739.7807203233242,0,"[""/usr/bin/python3"", ""/home/arjaiswal/Polygeist/scripts/correctness/kernel_match_rewrite.py"", ""/home/arjaiswal/Polygeist/issues/aten_c_kernels/results/aten_multilabel_margin_loss_forward_cpu/debuf.mlir"", ""--dry-run"", ""--matcher-mode"", ""syntactic"", ""--telemetry-json"", ""/home/arjaiswal/Polygeist/issues/equality_saturation_eval/campaign_20260908/aten-aten_multilabel_margin_loss_forward_cpu-syntactic-b6n6jkkn.json"", ""--disable-semantic-fallback""]","== match report for /home/arjaiswal/Polygeist/issues/aten_c_kernels/results/aten_multilabel_margin_loss_forward_cpu/debuf.mlir ==
  no_match       body#0  ?
  total: 0 matched / 1 bodies
",0,[],0,0,0,0,/home/arjaiswal/Polygeist/issues/aten_c_kernels/results/aten_multilabel_margin_loss_forward_cpu/debuf.mlir,6520,0,1,0,305.78188598155975,1,65572,0.022202730178833008,0,0,0,0,[],0,0,8,0.0,8
aten,aten_multinomial_with_replacement_cpu,/home/arjaiswal/Polygeist/issues/aten_c_kernels/results/aten_multinomial_with_replacement_cpu/debuf.mlir,ebbd1c9df22b5f4d1cbecd5d03e79ea27ae27c5433af7b404285932e166e8ecf,syntactic,1,ok,0,699.4311362504959,0,"[""/usr/bin/python3"", ""/home/arjaiswal/Polygeist/scripts/correctness/kernel_match_rewrite.py"", ""/home/arjaiswal/Polygeist/issues/aten_c_kernels/results/aten_multinomial_with_replacement_cpu/debuf.mlir"", ""--dry-run"", ""--matcher-mode"", ""syntactic"", ""--telemetry-json"", ""/home/arjaiswal/Polygeist/issues/equality_saturation_eval/campaign_20260908/aten-aten_multinomial_with_replacement_cpu-syntactic-m4r0kzdm.json"", ""--disable-semantic-fallback""]","== match report for /home/arjaiswal/Polygeist/issues/aten_c_kernels/results/aten_multinomial_with_replacement_cpu/debuf.mlir ==
  no_match       body#0  ?
  total: 0 matched / 1 bodies
",0,[],0,0,0,0,/home/arjaiswal/Polygeist/issues/aten_c_kernels/results/aten_multinomial_with_replacement_cpu/debuf.mlir,4327,0,1,0,289.5945534110069,1,65004,0.010751187801361084,0,0,0,0,[],0,0,4,0.0,4
aten,aten_multinomial_with_replacement_cpu,/home/arjaiswal/Polygeist/issues/aten_c_kernels/results/aten_multinomial_with_replacement_cpu/debuf.mlir,ebbd1c9df22b5f4d1cbecd5d03e79ea27ae27c5433af7b404285932e166e8ecf,egglog,1,ok,0,722.0567129552364,0,"[""/usr/bin/python3"", ""/home/arjaiswal/Polygeist/scripts/correctness/kernel_match_rewrite.py"", ""/home/arjaiswal/Polygeist/issues/aten_c_kernels/results/aten_multinomial_with_replacement_cpu/debuf.mlir"", ""--dry-run"", ""--matcher-mode"", ""egglog"", ""--telemetry-json"", ""/home/arjaiswal/Polygeist/issues/equality_saturation_eval/campaign_20260908/aten-aten_multinomial_with_replacement_cpu-egglog-8i10iul1.json"", ""--disable-semantic-fallback""]","== match report for /home/arjaiswal/Polygeist/issues/aten_c_kernels/results/aten_multinomial_with_replacement_cpu/debuf.mlir ==
  no_match       body#0  ?
  total: 0 matched / 1 bodies
",0,[],0,0,0,0,/home/arjaiswal/Polygeist/issues/aten_c_kernels/results/aten_multinomial_with_replacement_cpu/debuf.mlir,4327,8,1,0,295.02664133906364,1,65640,0.0,0,0,0,0,[],0,0,0,0.0,4
aten,aten_multinomial_with_replacement_cpu,/home/arjaiswal/Polygeist/issues/aten_c_kernels/results/aten_multinomial_with_replacement_cpu/debuf.mlir,ebbd1c9df22b5f4d1cbecd5d03e79ea27ae27c5433af7b404285932e166e8ecf,egglog,2,ok,0,740.8968545496464,0,"[""/usr/bin/python3"", ""/home/arjaiswal/Polygeist/scripts/correctness/kernel_match_rewrite.py"", ""/home/arjaiswal/Polygeist/issues/aten_c_kernels/results/aten_multinomial_with_replacement_cpu/debuf.mlir"", ""--dry-run"", ""--matcher-mode"", ""egglog"", ""--telemetry-json"", ""/home/arjaiswal/Polygeist/issues/equality_saturation_eval/campaign_20260908/aten-aten_multinomial_with_replacement_cpu-egglog-0bn5m462.json"", ""--disable-semantic-fallback""]","== match report for /home/arjaiswal/Polygeist/issues/aten_c_kernels/results/aten_multinomial_with_replacement_cpu/debuf.mlir ==
  no_match       body#0  ?
  total: 0 matched / 1 bodies
",0,[],0,0,0,0,/home/arjaiswal/Polygeist/issues/aten_c_kernels/results/aten_multinomial_with_replacement_cpu/debuf.mlir,4327,8,1,0,285.00615805387497,1,64316,0.0,0,0,0,0,[],0,0,0,0.0,4
aten,aten_multinomial_with_replacement_cpu,/home/arjaiswal/Polygeist/issues/aten_c_kernels/results/aten_multinomial_with_replacement_cpu/debuf.mlir,ebbd1c9df22b5f4d1cbecd5d03e79ea27ae27c5433af7b404285932e166e8ecf,syntactic,2,ok,0,699.6429562568665,0,"[""/usr/bin/python3"", ""/home/arjaiswal/Polygeist/scripts/correctness/kernel_match_rewrite.py"", ""/home/arjaiswal/Polygeist/issues/aten_c_kernels/results/aten_multinomial_with_replacement_cpu/debuf.mlir"", ""--dry-run"", ""--matcher-mode"", ""syntactic"", ""--telemetry-json"", ""/home/arjaiswal/Polygeist/issues/equality_saturation_eval/campaign_20260908/aten-aten_multinomial_with_replacement_cpu-syntactic-vafxfnef.json"", ""--disable-semantic-fallback""]","== match report for /home/arjaiswal/Polygeist/issues/aten_c_kernels/results/aten_multinomial_with_replacement_cpu/debuf.mlir ==
  no_match       body#0  ?
  total: 0 matched / 1 bodies
",0,[],0,0,0,0,/home/arjaiswal/Polygeist/issues/aten_c_kernels/results/aten_multinomial_with_replacement_cpu/debuf.mlir,4327,0,1,0,288.5061763226986,1,64660,0.01021847128868103,0,0,0,0,[],0,0,4,0.0,4
aten,aten_multinomial_with_replacement_cpu,/home/arjaiswal/Polygeist/issues/aten_c_kernels/results/aten_multinomial_with_replacement_cpu/debuf.mlir,ebbd1c9df22b5f4d1cbecd5d03e79ea27ae27c5433af7b404285932e166e8ecf,syntactic,3,ok,0,710.0500799715519,0,"[""/usr/bin/python3"", ""/home/arjaiswal/Polygeist/scripts/correctness/kernel_match_rewrite.py"", ""/home/arjaiswal/Polygeist/issues/aten_c_kernels/results/aten_multinomial_with_replacement_cpu/debuf.mlir"", ""--dry-run"", ""--matcher-mode"", ""syntactic"", ""--telemetry-json"", ""/home/arjaiswal/Polygeist/issues/equality_saturation_eval/campaign_20260908/aten-aten_multinomial_with_replacement_cpu-syntactic-nmobhy36.json"", ""--disable-semantic-fallback""]","== match report for /home/arjaiswal/Polygeist/issues/aten_c_kernels/results/aten_multinomial_with_replacement_cpu/debuf.mlir ==
  no_match       body#0  ?
  total: 0 matched / 1 bodies
",0,[],0,0,0,0,/home/arjaiswal/Polygeist/issues/aten_c_kernels/results/aten_multinomial_with_replacement_cpu/debuf.mlir,4327,0,1,0,286.57788038253784,1,64724,0.010307878255844116,0,0,0,0,[],0,0,4,0.0,4
aten,aten_multinomial_with_replacement_cpu,/home/arjaiswal/Polygeist/issues/aten_c_kernels/results/aten_multinomial_with_replacement_cpu/debuf.mlir,ebbd1c9df22b5f4d1cbecd5d03e79ea27ae27c5433af7b404285932e166e8ecf,egglog,3,ok,0,701.1150345206261,0,"[""/usr/bin/python3"", ""/home/arjaiswal/Polygeist/scripts/correctness/kernel_match_rewrite.py"", ""/home/arjaiswal/Polygeist/issues/aten_c_kernels/results/aten_multinomial_with_replacement_cpu/debuf.mlir"", ""--dry-run"", ""--matcher-mode"", ""egglog"", ""--telemetry-json"", ""/home/arjaiswal/Polygeist/issues/equality_saturation_eval/campaign_20260908/aten-aten_multinomial_with_replacement_cpu-egglog-sy43jy_2.json"", ""--disable-semantic-fallback""]","== match report for /home/arjaiswal/Polygeist/issues/aten_c_kernels/results/aten_multinomial_with_replacement_cpu/debuf.mlir ==
  no_match       body#0  ?
  total: 0 matched / 1 bodies
",0,[],0,0,0,0,/home/arjaiswal/Polygeist/issues/aten_c_kernels/results/aten_multinomial_with_replacement_cpu/debuf.mlir,4327,8,1,0,274.6472731232643,1,65664,0.0,0,0,0,0,[],0,0,0,0.0,4
aten,aten_multinomial_with_replacement_cpu,/home/arjaiswal/Polygeist/issues/aten_c_kernels/results/aten_multinomial_with_replacement_cpu/debuf.mlir,ebbd1c9df22b5f4d1cbecd5d03e79ea27ae27c5433af7b404285932e166e8ecf,egglog,4,ok,0,704.7454416751862,0,"[""/usr/bin/python3"", ""/home/arjaiswal/Polygeist/scripts/correctness/kernel_match_rewrite.py"", ""/home/arjaiswal/Polygeist/issues/aten_c_kernels/results/aten_multinomial_with_replacement_cpu/debuf.mlir"", ""--dry-run"", ""--matcher-mode"", ""egglog"", ""--telemetry-json"", ""/home/arjaiswal/Polygeist/issues/equality_saturation_eval/campaign_20260908/aten-aten_multinomial_with_replacement_cpu-egglog-62pslkit.json"", ""--disable-semantic-fallback""]","== match report for /home/arjaiswal/Polygeist/issues/aten_c_kernels/results/aten_multinomial_with_replacement_cpu/debuf.mlir ==
  no_match       body#0  ?
  total: 0 matched / 1 bodies
",0,[],0,0,0,0,/home/arjaiswal/Polygeist/issues/aten_c_kernels/results/aten_multinomial_with_replacement_cpu/debuf.mlir,4327,8,1,0,289.8613065481186,1,64764,0.0,0,0,0,0,[],0,0,0,0.0,4
aten,aten_multinomial_with_replacement_cpu,/home/arjaiswal/Polygeist/issues/aten_c_kernels/results/aten_multinomial_with_replacement_cpu/debuf.mlir,ebbd1c9df22b5f4d1cbecd5d03e79ea27ae27c5433af7b404285932e166e8ecf,syntactic,4,ok,0,756.0417018830776,0,"[""/usr/bin/python3"", ""/home/arjaiswal/Polygeist/scripts/correctness/kernel_match_rewrite.py"", ""/home/arjaiswal/Polygeist/issues/aten_c_kernels/results/aten_multinomial_with_replacement_cpu/debuf.mlir"", ""--dry-run"", ""--matcher-mode"", ""syntactic"", ""--telemetry-json"", ""/home/arjaiswal/Polygeist/issues/equality_saturation_eval/campaign_20260908/aten-aten_multinomial_with_replacement_cpu-syntactic-r8ms56jy.json"", ""--disable-semantic-fallback""]","== match report for /home/arjaiswal/Polygeist/issues/aten_c_kernels/results/aten_multinomial_with_replacement_cpu/debuf.mlir ==
  no_match       body#0  ?
  total: 0 matched / 1 bodies
",0,[],0,0,0,0,/home/arjaiswal/Polygeist/issues/aten_c_kernels/results/aten_multinomial_with_replacement_cpu/debuf.mlir,4327,0,1,0,301.6054257750511,1,64636,0.03131851553916931,0,0,0,0,[],0,0,4,0.0,4
aten,aten_multinomial_with_replacement_cpu,/home/arjaiswal/Polygeist/issues/aten_c_kernels/results/aten_multinomial_with_replacement_cpu/debuf.mlir,ebbd1c9df22b5f4d1cbecd5d03e79ea27ae27c5433af7b404285932e166e8ecf,syntactic,5,ok,0,718.7920175492764,0,"[""/usr/bin/python3"", ""/home/arjaiswal/Polygeist/scripts/correctness/kernel_match_rewrite.py"", ""/home/arjaiswal/Polygeist/issues/aten_c_kernels/results/aten_multinomial_with_replacement_cpu/debuf.mlir"", ""--dry-run"", ""--matcher-mode"", ""syntactic"", ""--telemetry-json"", ""/home/arjaiswal/Polygeist/issues/equality_saturation_eval/campaign_20260908/aten-aten_multinomial_with_replacement_cpu-syntactic-6w7nz854.json"", ""--disable-semantic-fallback""]","== match report for /home/arjaiswal/Polygeist/issues/aten_c_kernels/results/aten_multinomial_with_replacement_cpu/debuf.mlir ==
  no_match       body#0  ?
  total: 0 matched / 1 bodies
",0,[],0,0,0,0,/home/arjaiswal/Polygeist/issues/aten_c_kernels/results/aten_multinomial_with_replacement_cpu/debuf.mlir,4327,0,1,0,285.17358377575874,1,65412,0.010717660188674927,0,0,0,0,[],0,0,4,0.0,4
aten,aten_multinomial_with_replacement_cpu,/home/arjaiswal/Polygeist/issues/aten_c_kernels/results/aten_multinomial_with_replacement_cpu/debuf.mlir,ebbd1c9df22b5f4d1cbecd5d03e79ea27ae27c5433af7b404285932e166e8ecf,egglog,5,ok,0,730.2669957280159,0,"[""/usr/bin/python3"", ""/home/arjaiswal/Polygeist/scripts/correctness/kernel_match_rewrite.py"", ""/home/arjaiswal/Polygeist/issues/aten_c_kernels/results/aten_multinomial_with_replacement_cpu/debuf.mlir"", ""--dry-run"", ""--matcher-mode"", ""egglog"", ""--telemetry-json"", ""/home/arjaiswal/Polygeist/issues/equality_saturation_eval/campaign_20260908/aten-aten_multinomial_with_replacement_cpu-egglog-vcjnsh7u.json"", ""--disable-semantic-fallback""]","== match report for /home/arjaiswal/Polygeist/issues/aten_c_kernels/results/aten_multinomial_with_replacement_cpu/debuf.mlir ==
  no_match       body#0  ?
  total: 0 matched / 1 bodies
",0,[],0,0,0,0,/home/arjaiswal/Polygeist/issues/aten_c_kernels/results/aten_multinomial_with_replacement_cpu/debuf.mlir,4327,8,1,0,297.8043518960476,1,65596,0.0,0,0,0,0,[],0,0,0,0.0,4
aten,aten_mv,/home/arjaiswal/Polygeist/issues/aten_c_kernels/results/aten_mv/debuf.mlir,3781b02eae331dbdeb572cbfd0ae3f4195bef67ae9cca48687d89f1cd78f3258,egglog,1,ok,0,729.6038866043091,0,"[""/usr/bin/python3"", ""/home/arjaiswal/Polygeist/scripts/correctness/kernel_match_rewrite.py"", ""/home/arjaiswal/Polygeist/issues/aten_c_kernels/results/aten_mv/debuf.mlir"", ""--dry-run"", ""--matcher-mode"", ""egglog"", ""--telemetry-json"", ""/home/arjaiswal/Polygeist/issues/equality_saturation_eval/campaign_20260908/aten-aten_mv-egglog-ru0jvo3l.json"", ""--disable-semantic-fallback""]","== match report for /home/arjaiswal/Polygeist/issues/aten_c_kernels/results/aten_mv/debuf.mlir ==
  match          body#[0]  cublasDgemv
  total: 1 matched / 1 bodies
",0,[],0,0,0,0,/home/arjaiswal/Polygeist/issues/aten_c_kernels/results/aten_mv/debuf.mlir,2525,8,1,1,303.8051091134548,0,69316,21.910756826400757,2,2,0,8,"[{""body_indices"": [0], ""symbol"": ""cublasDgemv""}]",1,0,0,0.0,2
aten,aten_mv,/home/arjaiswal/Polygeist/issues/aten_c_kernels/results/aten_mv/debuf.mlir,3781b02eae331dbdeb572cbfd0ae3f4195bef67ae9cca48687d89f1cd78f3258,syntactic,1,ok,0,732.3847711086273,0,"[""/usr/bin/python3"", ""/home/arjaiswal/Polygeist/scripts/correctness/kernel_match_rewrite.py"", ""/home/arjaiswal/Polygeist/issues/aten_c_kernels/results/aten_mv/debuf.mlir"", ""--dry-run"", ""--matcher-mode"", ""syntactic"", ""--telemetry-json"", ""/home/arjaiswal/Polygeist/issues/equality_saturation_eval/campaign_20260908/aten-aten_mv-syntactic-jyw9h_p2.json"", ""--disable-semantic-fallback""]","== match report for /home/arjaiswal/Polygeist/issues/aten_c_kernels/results/aten_mv/debuf.mlir ==
  match          body#[0]  cublasDgemv
  total: 1 matched / 1 bodies
",0,[],0,0,0,0,/home/arjaiswal/Polygeist/issues/aten_c_kernels/results/aten_mv/debuf.mlir,2525,0,1,1,286.31773963570595,0,64868,0.021964311599731445,0,2,0,0,"[{""body_indices"": [0], ""symbol"": ""cublasDgemv""}]",1,0,2,0.0,2
aten,aten_mv,/home/arjaiswal/Polygeist/issues/aten_c_kernels/results/aten_mv/debuf.mlir,3781b02eae331dbdeb572cbfd0ae3f4195bef67ae9cca48687d89f1cd78f3258,syntactic,2,ok,0,707.3235101997852,0,"[""/usr/bin/python3"", ""/home/arjaiswal/Polygeist/scripts/correctness/kernel_match_rewrite.py"", ""/home/arjaiswal/Polygeist/issues/aten_c_kernels/results/aten_mv/debuf.mlir"", ""--dry-run"", ""--matcher-mode"", ""syntactic"", ""--telemetry-json"", ""/home/arjaiswal/Polygeist/issues/equality_saturation_eval/campaign_20260908/aten-aten_mv-syntactic-8mgdw5vz.json"", ""--disable-semantic-fallback""]","== match report for /home/arjaiswal/Polygeist/issues/aten_c_kernels/results/aten_mv/debuf.mlir ==
  match          body#[0]  cublasDgemv
  total: 1 matched / 1 bodies
",0,[],0,0,0,0,/home/arjaiswal/Polygeist/issues/aten_c_kernels/results/aten_mv/debuf.mlir,2525,0,1,1,281.523734331131,0,64832,0.02076476812362671,0,2,0,0,"[{""body_indices"": [0], ""symbol"": ""cublasDgemv""}]",1,0,2,0.0,2
aten,aten_mv,/home/arjaiswal/Polygeist/issues/aten_c_kernels/results/aten_mv/debuf.mlir,3781b02eae331dbdeb572cbfd0ae3f4195bef67ae9cca48687d89f1cd78f3258,egglog,2,ok,0,723.668709397316,0,"[""/usr/bin/python3"", ""/home/arjaiswal/Polygeist/scripts/correctness/kernel_match_rewrite.py"", ""/home/arjaiswal/Polygeist/issues/aten_c_kernels/results/aten_mv/debuf.mlir"", ""--dry-run"", ""--matcher-mode"", ""egglog"", ""--telemetry-json"", ""/home/arjaiswal/Polygeist/issues/equality_saturation_eval/campaign_20260908/aten-aten_mv-egglog-mxts46q0.json"", ""--disable-semantic-fallback""]","== match report for /home/arjaiswal/Polygeist/issues/aten_c_kernels/results/aten_mv/debuf.mlir ==
  match          body#[0]  cublasDgemv
  total: 1 matched / 1 bodies
",0,[],0,0,0,0,/home/arjaiswal/Polygeist/issues/aten_c_kernels/results/aten_mv/debuf.mlir,2525,8,1,1,298.9617921411991,0,69428,21.11177146434784,2,2,0,8,"[{""body_indices"": [0], ""symbol"": ""cublasDgemv""}]",1,0,0,0.0,2
aten,aten_mv,/home/arjaiswal/Polygeist/issues/aten_c_kernels/results/aten_mv/debuf.mlir,3781b02eae331dbdeb572cbfd0ae3f4195bef67ae9cca48687d89f1cd78f3258,egglog,3,ok,0,734.9565736949444,0,"[""/usr/bin/python3"", ""/home/arjaiswal/Polygeist/scripts/correctness/kernel_match_rewrite.py"", ""/home/arjaiswal/Polygeist/issues/aten_c_kernels/results/aten_mv/debuf.mlir"", ""--dry-run"", ""--matcher-mode"", ""egglog"", ""--telemetry-json"", ""/home/arjaiswal/Polygeist/issues/equality_saturation_eval/campaign_20260908/aten-aten_mv-egglog-r8bkqdfu.json"", ""--disable-semantic-fallback""]","== match report for /home/arjaiswal/Polygeist/issues/aten_c_kernels/results/aten_mv/debuf.mlir ==
  match          body#[0]  cublasDgemv
  total: 1 matched / 1 bodies
",0,[],0,0,0,0,/home/arjaiswal/Polygeist/issues/aten_c_kernels/results/aten_mv/debuf.mlir,2525,8,1,1,304.9683943390846,0,69424,21.97432518005371,2,2,0,8,"[{""body_indices"": [0], ""symbol"": ""cublasDgemv""}]",1,0,0,0.0,2
aten,aten_mv,/home/arjaiswal/Polygeist/issues/aten_c_kernels/results/aten_mv/debuf.mlir,3781b02eae331dbdeb572cbfd0ae3f4195bef67ae9cca48687d89f1cd78f3258,syntactic,3,ok,0,707.5030766427517,0,"[""/usr/bin/python3"", ""/home/arjaiswal/Polygeist/scripts/correctness/kernel_match_rewrite.py"", ""/home/arjaiswal/Polygeist/issues/aten_c_kernels/results/aten_mv/debuf.mlir"", ""--dry-run"", ""--matcher-mode"", ""syntactic"", ""--telemetry-json"", ""/home/arjaiswal/Polygeist/issues/equality_saturation_eval/campaign_20260908/aten-aten_mv-syntactic-lxe3e7ly.json"", ""--disable-semantic-fallback""]","== match report for /home/arjaiswal/Polygeist/issues/aten_c_kernels/results/aten_mv/debuf.mlir ==
  match          body#[0]  cublasDgemv
  total: 1 matched / 1 bodies
",0,[],0,0,0,0,/home/arjaiswal/Polygeist/issues/aten_c_kernels/results/aten_mv/debuf.mlir,2525,0,1,1,288.99912908673286,0,64620,0.021945685148239136,0,2,0,0,"[{""body_indices"": [0], ""symbol"": ""cublasDgemv""}]",1,0,2,0.0,2
aten,aten_mv,/home/arjaiswal/Polygeist/issues/aten_c_kernels/results/aten_mv/debuf.mlir,3781b02eae331dbdeb572cbfd0ae3f4195bef67ae9cca48687d89f1cd78f3258,syntactic,4,ok,0,693.6632953584194,0,"[""/usr/bin/python3"", ""/home/arjaiswal/Polygeist/scripts/correctness/kernel_match_rewrite.py"", ""/home/arjaiswal/Polygeist/issues/aten_c_kernels/results/aten_mv/debuf.mlir"", ""--dry-run"", ""--matcher-mode"", ""syntactic"", ""--telemetry-json"", ""/home/arjaiswal/Polygeist/issues/equality_saturation_eval/campaign_20260908/aten-aten_mv-syntactic-8m4cynvc.json"", ""--disable-semantic-fallback""]","== match report for /home/arjaiswal/Polygeist/issues/aten_c_kernels/results/aten_mv/debuf.mlir ==
  match          body#[0]  cublasDgemv
  total: 1 matched / 1 bodies
",0,[],0,0,0,0,/home/arjaiswal/Polygeist/issues/aten_c_kernels/results/aten_mv/debuf.mlir,2525,0,1,1,267.88440346717834,0,64892,0.022336840629577637,0,2,0,0,"[{""body_indices"": [0], ""symbol"": ""cublasDgemv""}]",1,0,2,0.0,2
aten,aten_mv,/home/arjaiswal/Polygeist/issues/aten_c_kernels/results/aten_mv/debuf.mlir,3781b02eae331dbdeb572cbfd0ae3f4195bef67ae9cca48687d89f1cd78f3258,egglog,4,ok,0,716.9113904237747,0,"[""/usr/bin/python3"", ""/home/arjaiswal/Polygeist/scripts/correctness/kernel_match_rewrite.py"", ""/home/arjaiswal/Polygeist/issues/aten_c_kernels/results/aten_mv/debuf.mlir"", ""--dry-run"", ""--matcher-mode"", ""egglog"", ""--telemetry-json"", ""/home/arjaiswal/Polygeist/issues/equality_saturation_eval/campaign_20260908/aten-aten_mv-egglog-fjpmg5n9.json"", ""--disable-semantic-fallback""]","== match report for /home/arjaiswal/Polygeist/issues/aten_c_kernels/results/aten_mv/debuf.mlir ==
  match          body#[0]  cublasDgemv
  total: 1 matched / 1 bodies
",0,[],0,0,0,0,/home/arjaiswal/Polygeist/issues/aten_c_kernels/results/aten_mv/debuf.mlir,2525,8,1,1,296.2062247097492,0,69324,20.92035487294197,2,2,0,8,"[{""body_indices"": [0], ""symbol"": ""cublasDgemv""}]",1,0,0,0.0,2
aten,aten_mv,/home/arjaiswal/Polygeist/issues/aten_c_kernels/results/aten_mv/debuf.mlir,3781b02eae331dbdeb572cbfd0ae3f4195bef67ae9cca48687d89f1cd78f3258,egglog,5,ok,0,700.2642787992954,0,"[""/usr/bin/python3"", ""/home/arjaiswal/Polygeist/scripts/correctness/kernel_match_rewrite.py"", ""/home/arjaiswal/Polygeist/issues/aten_c_kernels/results/aten_mv/debuf.mlir"", ""--dry-run"", ""--matcher-mode"", ""egglog"", ""--telemetry-json"", ""/home/arjaiswal/Polygeist/issues/equality_saturation_eval/campaign_20260908/aten-aten_mv-egglog-n59uxmvf.json"", ""--disable-semantic-fallback""]","== match report for /home/arjaiswal/Polygeist/issues/aten_c_kernels/results/aten_mv/debuf.mlir ==
  match          body#[0]  cublasDgemv
  total: 1 matched / 1 bodies
",0,[],0,0,0,0,/home/arjaiswal/Polygeist/issues/aten_c_kernels/results/aten_mv/debuf.mlir,2525,8,1,1,288.2010340690613,0,69596,20.977552980184555,2,2,0,8,"[{""body_indices"": [0], ""symbol"": ""cublasDgemv""}]",1,0,0,0.0,2
aten,aten_mv,/home/arjaiswal/Polygeist/issues/aten_c_kernels/results/aten_mv/debuf.mlir,3781b02eae331dbdeb572cbfd0ae3f4195bef67ae9cca48687d89f1cd78f3258,syntactic,5,ok,0,690.1219375431538,0,"[""/usr/bin/python3"", ""/home/arjaiswal/Polygeist/scripts/correctness/kernel_match_rewrite.py"", ""/home/arjaiswal/Polygeist/issues/aten_c_kernels/results/aten_mv/debuf.mlir"", ""--dry-run"", ""--matcher-mode"", ""syntactic"", ""--telemetry-json"", ""/home/arjaiswal/Polygeist/issues/equality_saturation_eval/campaign_20260908/aten-aten_mv-syntactic-826xt240.json"", ""--disable-semantic-fallback""]","== match report for /home/arjaiswal/Polygeist/issues/aten_c_kernels/results/aten_mv/debuf.mlir ==
  match          body#[0]  cublasDgemv
  total: 1 matched / 1 bodies
",0,[],0,0,0,0,/home/arjaiswal/Polygeist/issues/aten_c_kernels/results/aten_mv/debuf.mlir,2525,0,1,1,277.430921792984,0,64560,0.020120292901992798,0,2,0,0,"[{""body_indices"": [0], ""symbol"": ""cublasDgemv""}]",1,0,2,0.0,2
aten,aten_nan_to_num,/home/arjaiswal/Polygeist/issues/aten_c_kernels/results/aten_nan_to_num/debuf.mlir,18d763287686651f8db6b4059d61b4e4a1b0b21ca5a168802fcbbfc6918d0c3b,syntactic,1,ok,0,1157.1766324341297,0,"[""/usr/bin/python3"", ""/home/arjaiswal/Polygeist/scripts/correctness/kernel_match_rewrite.py"", ""/home/arjaiswal/Polygeist/issues/aten_c_kernels/results/aten_nan_to_num/debuf.mlir"", ""--dry-run"", ""--matcher-mode"", ""syntactic"", ""--telemetry-json"", ""/home/arjaiswal/Polygeist/issues/equality_saturation_eval/campaign_20260908/aten-aten_nan_to_num-syntactic-api0rygc.json"", ""--disable-semantic-fallback""]","== match report for /home/arjaiswal/Polygeist/issues/aten_c_kernels/results/aten_nan_to_num/debuf.mlir ==
  no_match       body#0  ?
  total: 0 matched / 1 bodies
",0,[],0,0,0,0,/home/arjaiswal/Polygeist/issues/aten_c_kernels/results/aten_nan_to_num/debuf.mlir,2079,0,1,0,746.2190948426723,1,67048,0.15703588724136353,0,0,0,0,[],0,0,56,0.0,56
aten,aten_nan_to_num,/home/arjaiswal/Polygeist/issues/aten_c_kernels/results/aten_nan_to_num/debuf.mlir,18d763287686651f8db6b4059d61b4e4a1b0b21ca5a168802fcbbfc6918d0c3b,egglog,1,ok,0,1331.5663114190102,0,"[""/usr/bin/python3"", ""/home/arjaiswal/Polygeist/scripts/correctness/kernel_match_rewrite.py"", ""/home/arjaiswal/Polygeist/issues/aten_c_kernels/results/aten_nan_to_num/debuf.mlir"", ""--dry-run"", ""--matcher-mode"", ""egglog"", ""--telemetry-json"", ""/home/arjaiswal/Polygeist/issues/equality_saturation_eval/campaign_20260908/aten-aten_nan_to_num-egglog-3zlw6whu.json"", ""--disable-semantic-fallback""]","== match report for /home/arjaiswal/Polygeist/issues/aten_c_kernels/results/aten_nan_to_num/debuf.mlir ==
  no_match       body#0  ?
  total: 0 matched / 1 bodies
",0,[],0,0,0,0,/home/arjaiswal/Polygeist/issues/aten_c_kernels/results/aten_nan_to_num/debuf.mlir,2079,8,1,0,905.8651328086853,1,66876,0.0,0,0,0,0,[],0,0,0,0.0,56
aten,aten_nan_to_num,/home/arjaiswal/Polygeist/issues/aten_c_kernels/results/aten_nan_to_num/debuf.mlir,18d763287686651f8db6b4059d61b4e4a1b0b21ca5a168802fcbbfc6918d0c3b,egglog,2,ok,0,1197.9139633476734,0,"[""/usr/bin/python3"", ""/home/arjaiswal/Polygeist/scripts/correctness/kernel_match_rewrite.py"", ""/home/arjaiswal/Polygeist/issues/aten_c_kernels/results/aten_nan_to_num/debuf.mlir"", ""--dry-run"", ""--matcher-mode"", ""egglog"", ""--telemetry-json"", ""/home/arjaiswal/Polygeist/issues/equality_saturation_eval/campaign_20260908/aten-aten_nan_to_num-egglog-mc227jkw.json"", ""--disable-semantic-fallback""]","== match report for /home/arjaiswal/Polygeist/issues/aten_c_kernels/results/aten_nan_to_num/debuf.mlir ==
  no_match       body#0  ?
  total: 0 matched / 1 bodies
",0,[],0,0,0,0,/home/arjaiswal/Polygeist/issues/aten_c_kernels/results/aten_nan_to_num/debuf.mlir,2079,8,1,0,780.1656872034073,1,67068,0.0,0,0,0,0,[],0,0,0,0.0,56
aten,aten_nan_to_num,/home/arjaiswal/Polygeist/issues/aten_c_kernels/results/aten_nan_to_num/debuf.mlir,18d763287686651f8db6b4059d61b4e4a1b0b21ca5a168802fcbbfc6918d0c3b,syntactic,2,ok,0,1186.9933269917965,0,"[""/usr/bin/python3"", ""/home/arjaiswal/Polygeist/scripts/correctness/kernel_match_rewrite.py"", ""/home/arjaiswal/Polygeist/issues/aten_c_kernels/results/aten_nan_to_num/debuf.mlir"", ""--dry-run"", ""--matcher-mode"", ""syntactic"", ""--telemetry-json"", ""/home/arjaiswal/Polygeist/issues/equality_saturation_eval/campaign_20260908/aten-aten_nan_to_num-syntactic-0os769sl.json"", ""--disable-semantic-fallback""]","== match report for /home/arjaiswal/Polygeist/issues/aten_c_kernels/results/aten_nan_to_num/debuf.mlir ==
  no_match       body#0  ?
  total: 0 matched / 1 bodies
",0,[],0,0,0,0,/home/arjaiswal/Polygeist/issues/aten_c_kernels/results/aten_nan_to_num/debuf.mlir,2079,0,1,0,759.4333179295063,1,67096,0.18164142966270447,0,0,0,0,[],0,0,56,0.0,56
aten,aten_nan_to_num,/home/arjaiswal/Polygeist/issues/aten_c_kernels/results/aten_nan_to_num/debuf.mlir,18d763287686651f8db6b4059d61b4e4a1b0b21ca5a168802fcbbfc6918d0c3b,syntactic,3,ok,0,1182.989314198494,0,"[""/usr/bin/python3"", ""/home/arjaiswal/Polygeist/scripts/correctness/kernel_match_rewrite.py"", ""/home/arjaiswal/Polygeist/issues/aten_c_kernels/results/aten_nan_to_num/debuf.mlir"", ""--dry-run"", ""--matcher-mode"", ""syntactic"", ""--telemetry-json"", ""/home/arjaiswal/Polygeist/issues/equality_saturation_eval/campaign_20260908/aten-aten_nan_to_num-syntactic-yv9ijw8h.json"", ""--disable-semantic-fallback""]","== match report for /home/arjaiswal/Polygeist/issues/aten_c_kernels/results/aten_nan_to_num/debuf.mlir ==
  no_match       body#0  ?
  total: 0 matched / 1 bodies
",0,[],0,0,0,0,/home/arjaiswal/Polygeist/issues/aten_c_kernels/results/aten_nan_to_num/debuf.mlir,2079,0,1,0,758.7951943278313,1,67172,0.16513466835021973,0,0,0,0,[],0,0,56,0.0,56
aten,aten_nan_to_num,/home/arjaiswal/Polygeist/issues/aten_c_kernels/results/aten_nan_to_num/debuf.mlir,18d763287686651f8db6b4059d61b4e4a1b0b21ca5a168802fcbbfc6918d0c3b,egglog,3,ok,0,1170.9138751029968,0,"[""/usr/bin/python3"", ""/home/arjaiswal/Polygeist/scripts/correctness/kernel_match_rewrite.py"", ""/home/arjaiswal/Polygeist/issues/aten_c_kernels/results/aten_nan_to_num/debuf.mlir"", ""--dry-run"", ""--matcher-mode"", ""egglog"", ""--telemetry-json"", ""/home/arjaiswal/Polygeist/issues/equality_saturation_eval/campaign_20260908/aten-aten_nan_to_num-egglog-ebq57s02.json"", ""--disable-semantic-fallback""]","== match report for /home/arjaiswal/Polygeist/issues/aten_c_kernels/results/aten_nan_to_num/debuf.mlir ==
  no_match       body#0  ?
  total: 0 matched / 1 bodies
",0,[],0,0,0,0,/home/arjaiswal/Polygeist/issues/aten_c_kernels/results/aten_nan_to_num/debuf.mlir,2079,8,1,0,755.974467843771,1,67096,0.0,0,0,0,0,[],0,0,0,0.0,56
aten,aten_nan_to_num,/home/arjaiswal/Polygeist/issues/aten_c_kernels/results/aten_nan_to_num/debuf.mlir,18d763287686651f8db6b4059d61b4e4a1b0b21ca5a168802fcbbfc6918d0c3b,egglog,4,ok,0,1239.2335794866085,0,"[""/usr/bin/python3"", ""/home/arjaiswal/Polygeist/scripts/correctness/kernel_match_rewrite.py"", ""/home/arjaiswal/Polygeist/issues/aten_c_kernels/results/aten_nan_to_num/debuf.mlir"", ""--dry-run"", ""--matcher-mode"", ""egglog"", ""--telemetry-json"", ""/home/arjaiswal/Polygeist/issues/equality_saturation_eval/campaign_20260908/aten-aten_nan_to_num-egglog-ccttvtxu.json"", ""--disable-semantic-fallback""]","== match report for /home/arjaiswal/Polygeist/issues/aten_c_kernels/results/aten_nan_to_num/debuf.mlir ==
  no_match       body#0  ?
  total: 0 matched / 1 bodies
",0,[],0,0,0,0,/home/arjaiswal/Polygeist/issues/aten_c_kernels/results/aten_nan_to_num/debuf.mlir,2079,8,1,0,812.3630061745644,1,67124,0.0,0,0,0,0,[],0,0,0,0.0,56
aten,aten_nan_to_num,/home/arjaiswal/Polygeist/issues/aten_c_kernels/results/aten_nan_to_num/debuf.mlir,18d763287686651f8db6b4059d61b4e4a1b0b21ca5a168802fcbbfc6918d0c3b,syntactic,4,ok,0,1175.844568759203,0,"[""/usr/bin/python3"", ""/home/arjaiswal/Polygeist/scripts/correctness/kernel_match_rewrite.py"", ""/home/arjaiswal/Polygeist/issues/aten_c_kernels/results/aten_nan_to_num/debuf.mlir"", ""--dry-run"", ""--matcher-mode"", ""syntactic"", ""--telemetry-json"", ""/home/arjaiswal/Polygeist/issues/equality_saturation_eval/campaign_20260908/aten-aten_nan_to_num-syntactic-z0kdg590.json"", ""--disable-semantic-fallback""]","== match report for /home/arjaiswal/Polygeist/issues/aten_c_kernels/results/aten_nan_to_num/debuf.mlir ==
  no_match       body#0  ?
  total: 0 matched / 1 bodies
",0,[],0,0,0,0,/home/arjaiswal/Polygeist/issues/aten_c_kernels/results/aten_nan_to_num/debuf.mlir,2079,0,1,0,742.5211034715176,1,67076,0.1749880611896515,0,0,0,0,[],0,0,56,0.0,56
aten,aten_nan_to_num,/home/arjaiswal/Polygeist/issues/aten_c_kernels/results/aten_nan_to_num/debuf.mlir,18d763287686651f8db6b4059d61b4e4a1b0b21ca5a168802fcbbfc6918d0c3b,syntactic,5,ok,0,1176.6383461654186,0,"[""/usr/bin/python3"", ""/home/arjaiswal/Polygeist/scripts/correctness/kernel_match_rewrite.py"", ""/home/arjaiswal/Polygeist/issues/aten_c_kernels/results/aten_nan_to_num/debuf.mlir"", ""--dry-run"", ""--matcher-mode"", ""syntactic"", ""--telemetry-json"", ""/home/arjaiswal/Polygeist/issues/equality_saturation_eval/campaign_20260908/aten-aten_nan_to_num-syntactic-zek33_ta.json"", ""--disable-semantic-fallback""]","== match report for /home/arjaiswal/Polygeist/issues/aten_c_kernels/results/aten_nan_to_num/debuf.mlir ==
  no_match       body#0  ?
  total: 0 matched / 1 bodies
",0,[],0,0,0,0,/home/arjaiswal/Polygeist/issues/aten_c_kernels/results/aten_nan_to_num/debuf.mlir,2079,0,1,0,754.7843493521214,1,66976,0.14884769916534424,0,0,0,0,[],0,0,56,0.0,56
aten,aten_nan_to_num,/home/arjaiswal/Polygeist/issues/aten_c_kernels/results/aten_nan_to_num/debuf.mlir,18d763287686651f8db6b4059d61b4e4a1b0b21ca5a168802fcbbfc6918d0c3b,egglog,5,ok,0,1181.8822398781776,0,"[""/usr/bin/python3"", ""/home/arjaiswal/Polygeist/scripts/correctness/kernel_match_rewrite.py"", ""/home/arjaiswal/Polygeist/issues/aten_c_kernels/results/aten_nan_to_num/debuf.mlir"", ""--dry-run"", ""--matcher-mode"", ""egglog"", ""--telemetry-json"", ""/home/arjaiswal/Polygeist/issues/equality_saturation_eval/campaign_20260908/aten-aten_nan_to_num-egglog-7p55t4v1.json"", ""--disable-semantic-fallback""]","== match report for /home/arjaiswal/Polygeist/issues/aten_c_kernels/results/aten_nan_to_num/debuf.mlir ==
  no_match       body#0  ?
  total: 0 matched / 1 bodies
",0,[],0,0,0,0,/home/arjaiswal/Polygeist/issues/aten_c_kernels/results/aten_nan_to_num/debuf.mlir,2079,8,1,0,775.5218222737312,1,67156,0.0,0,0,0,0,[],0,0,0,0.0,56
aten,aten_nansum_cpu,/home/arjaiswal/Polygeist/issues/aten_c_kernels/results/aten_nansum_cpu/debuf.mlir,0a0c3ac9338bcf147b6955cc936d55774bec913a9d70f54f4699d55922e6476c,egglog,1,ok,0,1068.907219916582,0,"[""/usr/bin/python3"", ""/home/arjaiswal/Polygeist/scripts/correctness/kernel_match_rewrite.py"", ""/home/arjaiswal/Polygeist/issues/aten_c_kernels/results/aten_nansum_cpu/debuf.mlir"", ""--dry-run"", ""--matcher-mode"", ""egglog"", ""--telemetry-json"", ""/home/arjaiswal/Polygeist/issues/equality_saturation_eval/campaign_20260908/aten-aten_nansum_cpu-egglog-wo0v_5l3.json"", ""--disable-semantic-fallback""]","== match report for /home/arjaiswal/Polygeist/issues/aten_c_kernels/results/aten_nansum_cpu/debuf.mlir ==
  match          body#[0]  memset_zero_1D_f32
  no_match       body#1  ?
  total: 1 matched / 2 bodies
",0,[],0,0,0,0,/home/arjaiswal/Polygeist/issues/aten_c_kernels/results/aten_nansum_cpu/debuf.mlir,2642,8,2,1,630.7949908077717,1,69680,215.45343473553658,20,20,0,0,"[{""body_indices"": [0], ""symbol"": ""memset_zero_1D_f32""}]",1,0,0,0.0,36
aten,aten_nansum_cpu,/home/arjaiswal/Polygeist/issues/aten_c_kernels/results/aten_nansum_cpu/debuf.mlir,0a0c3ac9338bcf147b6955cc936d55774bec913a9d70f54f4699d55922e6476c,syntactic,1,ok,0,779.064804315567,0,"[""/usr/bin/python3"", ""/home/arjaiswal/Polygeist/scripts/correctness/kernel_match_rewrite.py"", ""/home/arjaiswal/Polygeist/issues/aten_c_kernels/results/aten_nansum_cpu/debuf.mlir"", ""--dry-run"", ""--matcher-mode"", ""syntactic"", ""--telemetry-json"", ""/home/arjaiswal/Polygeist/issues/equality_saturation_eval/campaign_20260908/aten-aten_nansum_cpu-syntactic-wg5bxtwc.json"", ""--disable-semantic-fallback""]","== match report for /home/arjaiswal/Polygeist/issues/aten_c_kernels/results/aten_nansum_cpu/debuf.mlir ==
  match          body#[0]  memset_zero_1D_f32
  no_match       body#1  ?
  total: 1 matched / 2 bodies
",0,[],0,0,0,0,/home/arjaiswal/Polygeist/issues/aten_c_kernels/results/aten_nansum_cpu/debuf.mlir,2642,0,2,1,365.9229017794132,1,65692,0.10942667722702026,0,20,0,0,"[{""body_indices"": [0], ""symbol"": ""memset_zero_1D_f32""}]",1,0,36,0.0,36
aten,aten_nansum_cpu,/home/arjaiswal/Polygeist/issues/aten_c_kernels/results/aten_nansum_cpu/debuf.mlir,0a0c3ac9338bcf147b6955cc936d55774bec913a9d70f54f4699d55922e6476c,syntactic,2,ok,0,816.2357471883297,0,"[""/usr/bin/python3"", ""/home/arjaiswal/Polygeist/scripts/correctness/kernel_match_rewrite.py"", ""/home/arjaiswal/Polygeist/issues/aten_c_kernels/results/aten_nansum_cpu/debuf.mlir"", ""--dry-run"", ""--matcher-mode"", ""syntactic"", ""--telemetry-json"", ""/home/arjaiswal/Polygeist/issues/equality_saturation_eval/campaign_20260908/aten-aten_nansum_cpu-syntactic-l2a8qrsi.json"", ""--disable-semantic-fallback""]","== match report for /home/arjaiswal/Polygeist/issues/aten_c_kernels/results/aten_nansum_cpu/debuf.mlir ==
  match          body#[0]  memset_zero_1D_f32
  no_match       body#1  ?
  total: 1 matched / 2 bodies
",0,[],0,0,0,0,/home/arjaiswal/Polygeist/issues/aten_c_kernels/results/aten_nansum_cpu/debuf.mlir,2642,0,2,1,387.0856650173664,1,65820,0.12090429663658142,0,20,0,0,"[{""body_indices"": [0], ""symbol"": ""memset_zero_1D_f32""}]",1,0,36,0.0,36
aten,aten_nansum_cpu,/home/arjaiswal/Polygeist/issues/aten_c_kernels/results/aten_nansum_cpu/debuf.mlir,0a0c3ac9338bcf147b6955cc936d55774bec913a9d70f54f4699d55922e6476c,egglog,2,ok,0,988.7776002287865,0,"[""/usr/bin/python3"", ""/home/arjaiswal/Polygeist/scripts/correctness/kernel_match_rewrite.py"", ""/home/arjaiswal/Polygeist/issues/aten_c_kernels/results/aten_nansum_cpu/debuf.mlir"", ""--dry-run"", ""--matcher-mode"", ""egglog"", ""--telemetry-json"", ""/home/arjaiswal/Polygeist/issues/equality_saturation_eval/campaign_20260908/aten-aten_nansum_cpu-egglog-t069vx1z.json"", ""--disable-semantic-fallback""]","== match report for /home/arjaiswal/Polygeist/issues/aten_c_kernels/results/aten_nansum_cpu/debuf.mlir ==
  match          body#[0]  memset_zero_1D_f32
  no_match       body#1  ?
  total: 1 matched / 2 bodies
",0,[],0,0,0,0,/home/arjaiswal/Polygeist/issues/aten_c_kernels/results/aten_nansum_cpu/debuf.mlir,2642,8,2,1,574.0230306982994,1,69868,198.85951653122902,20,20,0,0,"[{""body_indices"": [0], ""symbol"": ""memset_zero_1D_f32""}]",1,0,0,0.0,36
aten,aten_nansum_cpu,/home/arjaiswal/Polygeist/issues/aten_c_kernels/results/aten_nansum_cpu/debuf.mlir,0a0c3ac9338bcf147b6955cc936d55774bec913a9d70f54f4699d55922e6476c,egglog,3,ok,0,961.9420990347862,0,"[""/usr/bin/python3"", ""/home/arjaiswal/Polygeist/scripts/correctness/kernel_match_rewrite.py"", ""/home/arjaiswal/Polygeist/issues/aten_c_kernels/results/aten_nansum_cpu/debuf.mlir"", ""--dry-run"", ""--matcher-mode"", ""egglog"", ""--telemetry-json"", ""/home/arjaiswal/Polygeist/issues/equality_saturation_eval/campaign_20260908/aten-aten_nansum_cpu-egglog-4jqr6mw9.json"", ""--disable-semantic-fallback""]","== match report for /home/arjaiswal/Polygeist/issues/aten_c_kernels/results/aten_nansum_cpu/debuf.mlir ==
  match          body#[0]  memset_zero_1D_f32
  no_match       body#1  ?
  total: 1 matched / 2 bodies
",0,[],0,0,0,0,/home/arjaiswal/Polygeist/issues/aten_c_kernels/results/aten_nansum_cpu/debuf.mlir,2642,8,2,1,553.5770021378994,1,69888,193.54547932744026,20,20,0,0,"[{""body_indices"": [0], ""symbol"": ""memset_zero_1D_f32""}]",1,0,0,0.0,36
aten,aten_nansum_cpu,/home/arjaiswal/Polygeist/issues/aten_c_kernels/results/aten_nansum_cpu/debuf.mlir,0a0c3ac9338bcf147b6955cc936d55774bec913a9d70f54f4699d55922e6476c,syntactic,3,ok,0,803.7496954202652,0,"[""/usr/bin/python3"", ""/home/arjaiswal/Polygeist/scripts/correctness/kernel_match_rewrite.py"", ""/home/arjaiswal/Polygeist/issues/aten_c_kernels/results/aten_nansum_cpu/debuf.mlir"", ""--dry-run"", ""--matcher-mode"", ""syntactic"", ""--telemetry-json"", ""/home/arjaiswal/Polygeist/issues/equality_saturation_eval/campaign_20260908/aten-aten_nansum_cpu-syntactic-yaj2nzrk.json"", ""--disable-semantic-fallback""]","== match report for /home/arjaiswal/Polygeist/issues/aten_c_kernels/results/aten_nansum_cpu/debuf.mlir ==
  match          body#[0]  memset_zero_1D_f32
  no_match       body#1  ?
  total: 1 matched / 2 bodies
",0,[],0,0,0,0,/home/arjaiswal/Polygeist/issues/aten_c_kernels/results/aten_nansum_cpu/debuf.mlir,2642,0,2,1,366.3199096918106,1,65800,0.12123584747314453,0,20,0,0,"[{""body_indices"": [0], ""symbol"": ""memset_zero_1D_f32""}]",1,0,36,0.0,36
aten,aten_nansum_cpu,/home/arjaiswal/Polygeist/issues/aten_c_kernels/results/aten_nansum_cpu/debuf.mlir,0a0c3ac9338bcf147b6955cc936d55774bec913a9d70f54f4699d55922e6476c,syntactic,4,ok,0,812.5435784459114,0,"[""/usr/bin/python3"", ""/home/arjaiswal/Polygeist/scripts/correctness/kernel_match_rewrite.py"", ""/home/arjaiswal/Polygeist/issues/aten_c_kernels/results/aten_nansum_cpu/debuf.mlir"", ""--dry-run"", ""--matcher-mode"", ""syntactic"", ""--telemetry-json"", ""/home/arjaiswal/Polygeist/issues/equality_saturation_eval/campaign_20260908/aten-aten_nansum_cpu-syntactic-5s4ql772.json"", ""--disable-semantic-fallback""]","== match report for /home/arjaiswal/Polygeist/issues/aten_c_kernels/results/aten_nansum_cpu/debuf.mlir ==
  match          body#[0]  memset_zero_1D_f32
  no_match       body#1  ?
  total: 1 matched / 2 bodies
",0,[],0,0,0,0,/home/arjaiswal/Polygeist/issues/aten_c_kernels/results/aten_nansum_cpu/debuf.mlir,2642,0,2,1,382.03779235482216,1,65756,0.11735782027244568,0,20,0,0,"[{""body_indices"": [0], ""symbol"": ""memset_zero_1D_f32""}]",1,0,36,0.0,36
aten,aten_nansum_cpu,/home/arjaiswal/Polygeist/issues/aten_c_kernels/results/aten_nansum_cpu/debuf.mlir,0a0c3ac9338bcf147b6955cc936d55774bec913a9d70f54f4699d55922e6476c,egglog,4,ok,0,1017.848789691925,0,"[""/usr/bin/python3"", ""/home/arjaiswal/Polygeist/scripts/correctness/kernel_match_rewrite.py"", ""/home/arjaiswal/Polygeist/issues/aten_c_kernels/results/aten_nansum_cpu/debuf.mlir"", ""--dry-run"", ""--matcher-mode"", ""egglog"", ""--telemetry-json"", ""/home/arjaiswal/Polygeist/issues/equality_saturation_eval/campaign_20260908/aten-aten_nansum_cpu-egglog-th0rezqg.json"", ""--disable-semantic-fallback""]","== match report for /home/arjaiswal/Polygeist/issues/aten_c_kernels/results/aten_nansum_cpu/debuf.mlir ==
  match          body#[0]  memset_zero_1D_f32
  no_match       body#1  ?
  total: 1 matched / 2 bodies
",0,[],0,0,0,0,/home/arjaiswal/Polygeist/issues/aten_c_kernels/results/aten_nansum_cpu/debuf.mlir,2642,8,2,1,584.9864333868027,1,69852,199.74680989980698,20,20,0,0,"[{""body_indices"": [0], ""symbol"": ""memset_zero_1D_f32""}]",1,0,0,0.0,36
aten,aten_nansum_cpu,/home/arjaiswal/Polygeist/issues/aten_c_kernels/results/aten_nansum_cpu/debuf.mlir,0a0c3ac9338bcf147b6955cc936d55774bec913a9d70f54f4699d55922e6476c,egglog,5,ok,0,995.574600994587,0,"[""/usr/bin/python3"", ""/home/arjaiswal/Polygeist/scripts/correctness/kernel_match_rewrite.py"", ""/home/arjaiswal/Polygeist/issues/aten_c_kernels/results/aten_nansum_cpu/debuf.mlir"", ""--dry-run"", ""--matcher-mode"", ""egglog"", ""--telemetry-json"", ""/home/arjaiswal/Polygeist/issues/equality_saturation_eval/campaign_20260908/aten-aten_nansum_cpu-egglog-czn2i_y3.json"", ""--disable-semantic-fallback""]","== match report for /home/arjaiswal/Polygeist/issues/aten_c_kernels/results/aten_nansum_cpu/debuf.mlir ==
  match          body#[0]  memset_zero_1D_f32
  no_match       body#1  ?
  total: 1 matched / 2 bodies
",0,[],0,0,0,0,/home/arjaiswal/Polygeist/issues/aten_c_kernels/results/aten_nansum_cpu/debuf.mlir,2642,8,2,1,566.4191469550133,1,69812,201.28097757697105,20,20,0,0,"[{""body_indices"": [0], ""symbol"": ""memset_zero_1D_f32""}]",1,0,0,0.0,36
aten,aten_nansum_cpu,/home/arjaiswal/Polygeist/issues/aten_c_kernels/results/aten_nansum_cpu/debuf.mlir,0a0c3ac9338bcf147b6955cc936d55774bec913a9d70f54f4699d55922e6476c,syntactic,5,ok,0,779.5186974108219,0,"[""/usr/bin/python3"", ""/home/arjaiswal/Polygeist/scripts/correctness/kernel_match_rewrite.py"", ""/home/arjaiswal/Polygeist/issues/aten_c_kernels/results/aten_nansum_cpu/debuf.mlir"", ""--dry-run"", ""--matcher-mode"", ""syntactic"", ""--telemetry-json"", ""/home/arjaiswal/Polygeist/issues/equality_saturation_eval/campaign_20260908/aten-aten_nansum_cpu-syntactic-5aiq8p22.json"", ""--disable-semantic-fallback""]","== match report for /home/arjaiswal/Polygeist/issues/aten_c_kernels/results/aten_nansum_cpu/debuf.mlir ==
  match          body#[0]  memset_zero_1D_f32
  no_match       body#1  ?
  total: 1 matched / 2 bodies
",0,[],0,0,0,0,/home/arjaiswal/Polygeist/issues/aten_c_kernels/results/aten_nansum_cpu/debuf.mlir,2642,0,2,1,352.749016135931,1,65676,0.11155009269714355,0,20,0,0,"[{""body_indices"": [0], ""symbol"": ""memset_zero_1D_f32""}]",1,0,36,0.0,36
aten,aten_narrow_copy_dense_cpu,/home/arjaiswal/Polygeist/issues/aten_c_kernels/results/aten_narrow_copy_dense_cpu/debuf.mlir,7dd949c66786baa1815742f397397177df5ce90db197e33e5aa8f30773d6c1d3,syntactic,1,ok,0,824.6563859283924,0,"[""/usr/bin/python3"", ""/home/arjaiswal/Polygeist/scripts/correctness/kernel_match_rewrite.py"", ""/home/arjaiswal/Polygeist/issues/aten_c_kernels/results/aten_narrow_copy_dense_cpu/debuf.mlir"", ""--dry-run"", ""--matcher-mode"", ""syntactic"", ""--telemetry-json"", ""/home/arjaiswal/Polygeist/issues/equality_saturation_eval/campaign_20260908/aten-aten_narrow_copy_dense_cpu-syntactic-wi49aidh.json"", ""--disable-semantic-fallback""]","== match report for /home/arjaiswal/Polygeist/issues/aten_c_kernels/results/aten_narrow_copy_dense_cpu/debuf.mlir ==
  match          body#[0]  cudaCopy2D_f32_tensor
  total: 1 matched / 1 bodies
",0,[],0,0,0,0,/home/arjaiswal/Polygeist/issues/aten_c_kernels/results/aten_narrow_copy_dense_cpu/debuf.mlir,2256,0,1,1,372.2020126879215,0,65744,0.11897832155227661,0,2,0,0,"[{""body_indices"": [0], ""symbol"": ""cudaCopy2D_f32_tensor""}]",1,0,50,0.0,50
aten,aten_narrow_copy_dense_cpu,/home/arjaiswal/Polygeist/issues/aten_c_kernels/results/aten_narrow_copy_dense_cpu/debuf.mlir,7dd949c66786baa1815742f397397177df5ce90db197e33e5aa8f30773d6c1d3,egglog,1,ok,0,839.3011204898357,0,"[""/usr/bin/python3"", ""/home/arjaiswal/Polygeist/scripts/correctness/kernel_match_rewrite.py"", ""/home/arjaiswal/Polygeist/issues/aten_c_kernels/results/aten_narrow_copy_dense_cpu/debuf.mlir"", ""--dry-run"", ""--matcher-mode"", ""egglog"", ""--telemetry-json"", ""/home/arjaiswal/Polygeist/issues/equality_saturation_eval/campaign_20260908/aten-aten_narrow_copy_dense_cpu-egglog-i4y3ykbn.json"", ""--disable-semantic-fallback""]","== match report for /home/arjaiswal/Polygeist/issues/aten_c_kernels/results/aten_narrow_copy_dense_cpu/debuf.mlir ==
  match          body#[0]  cudaCopy2D_f32_tensor
  total: 1 matched / 1 bodies
",0,[],0,0,0,0,/home/arjaiswal/Polygeist/issues/aten_c_kernels/results/aten_narrow_copy_dense_cpu/debuf.mlir,2256,8,1,1,401.036623865366,0,69628,21.546024829149246,2,2,0,0,"[{""body_indices"": [0], ""symbol"": ""cudaCopy2D_f32_tensor""}]",1,0,0,0.0,50
aten,aten_narrow_copy_dense_cpu,/home/arjaiswal/Polygeist/issues/aten_c_kernels/results/aten_narrow_copy_dense_cpu/debuf.mlir,7dd949c66786baa1815742f397397177df5ce90db197e33e5aa8f30773d6c1d3,egglog,2,ok,0,807.1681633591652,0,"[""/usr/bin/python3"", ""/home/arjaiswal/Polygeist/scripts/correctness/kernel_match_rewrite.py"", ""/home/arjaiswal/Polygeist/issues/aten_c_kernels/results/aten_narrow_copy_dense_cpu/debuf.mlir"", ""--dry-run"", ""--matcher-mode"", ""egglog"", ""--telemetry-json"", ""/home/arjaiswal/Polygeist/issues/equality_saturation_eval/campaign_20260908/aten-aten_narrow_copy_dense_cpu-egglog-n21m7bm6.json"", ""--disable-semantic-fallback""]","== match report for /home/arjaiswal/Polygeist/issues/aten_c_kernels/results/aten_narrow_copy_dense_cpu/debuf.mlir ==
  match          body#[0]  cudaCopy2D_f32_tensor
  total: 1 matched / 1 bodies
",0,[],0,0,0,0,/home/arjaiswal/Polygeist/issues/aten_c_kernels/results/aten_narrow_copy_dense_cpu/debuf.mlir,2256,8,1,1,391.54916629195213,0,69756,21.416544914245605,2,2,0,0,"[{""body_indices"": [0], ""symbol"": ""cudaCopy2D_f32_tensor""}]",1,0,0,0.0,50
aten,aten_narrow_copy_dense_cpu,/home/arjaiswal/Polygeist/issues/aten_c_kernels/results/aten_narrow_copy_dense_cpu/debuf.mlir,7dd949c66786baa1815742f397397177df5ce90db197e33e5aa8f30773d6c1d3,syntactic,2,ok,0,771.8109712004662,0,"[""/usr/bin/python3"", ""/home/arjaiswal/Polygeist/scripts/correctness/kernel_match_rewrite.py"", ""/home/arjaiswal/Polygeist/issues/aten_c_kernels/results/aten_narrow_copy_dense_cpu/debuf.mlir"", ""--dry-run"", ""--matcher-mode"", ""syntactic"", ""--telemetry-json"", ""/home/arjaiswal/Polygeist/issues/equality_saturation_eval/campaign_20260908/aten-aten_narrow_copy_dense_cpu-syntactic-uk9zbug1.json"", ""--disable-semantic-fallback""]","== match report for /home/arjaiswal/Polygeist/issues/aten_c_kernels/results/aten_narrow_copy_dense_cpu/debuf.mlir ==
  match          body#[0]  cudaCopy2D_f32_tensor
  total: 1 matched / 1 bodies
",0,[],0,0,0,0,/home/arjaiswal/Polygeist/issues/aten_c_kernels/results/aten_narrow_copy_dense_cpu/debuf.mlir,2256,0,1,1,364.86343294382095,0,65640,0.13690441846847534,0,2,0,0,"[{""body_indices"": [0], ""symbol"": ""cudaCopy2D_f32_tensor""}]",1,0,50,0.0,50
aten,aten_narrow_copy_dense_cpu,/home/arjaiswal/Polygeist/issues/aten_c_kernels/results/aten_narrow_copy_dense_cpu/debuf.mlir,7dd949c66786baa1815742f397397177df5ce90db197e33e5aa8f30773d6c1d3,syntactic,3,ok,0,827.7370184659958,0,"[""/usr/bin/python3"", ""/home/arjaiswal/Polygeist/scripts/correctness/kernel_match_rewrite.py"", ""/home/arjaiswal/Polygeist/issues/aten_c_kernels/results/aten_narrow_copy_dense_cpu/debuf.mlir"", ""--dry-run"", ""--matcher-mode"", ""syntactic"", ""--telemetry-json"", ""/home/arjaiswal/Polygeist/issues/equality_saturation_eval/campaign_20260908/aten-aten_narrow_copy_dense_cpu-syntactic-8fhhw_7u.json"", ""--disable-semantic-fallback""]","== match report for /home/arjaiswal/Polygeist/issues/aten_c_kernels/results/aten_narrow_copy_dense_cpu/debuf.mlir ==
  match          body#[0]  cudaCopy2D_f32_tensor
  total: 1 matched / 1 bodies
",0,[],0,0,0,0,/home/arjaiswal/Polygeist/issues/aten_c_kernels/results/aten_narrow_copy_dense_cpu/debuf.mlir,2256,0,1,1,390.7196633517742,0,65644,0.10979175567626953,0,2,0,0,"[{""body_indices"": [0], ""symbol"": ""cudaCopy2D_f32_tensor""}]",1,0,50,0.0,50
aten,aten_narrow_copy_dense_cpu,/home/arjaiswal/Polygeist/issues/aten_c_kernels/results/aten_narrow_copy_dense_cpu/debuf.mlir,7dd949c66786baa1815742f397397177df5ce90db197e33e5aa8f30773d6c1d3,egglog,3,ok,0,817.2804415225983,0,"[""/usr/bin/python3"", ""/home/arjaiswal/Polygeist/scripts/correctness/kernel_match_rewrite.py"", ""/home/arjaiswal/Polygeist/issues/aten_c_kernels/results/aten_narrow_copy_dense_cpu/debuf.mlir"", ""--dry-run"", ""--matcher-mode"", ""egglog"", ""--telemetry-json"", ""/home/arjaiswal/Polygeist/issues/equality_saturation_eval/campaign_20260908/aten-aten_narrow_copy_dense_cpu-egglog-_aws4c61.json"", ""--disable-semantic-fallback""]","== match report for /home/arjaiswal/Polygeist/issues/aten_c_kernels/results/aten_narrow_copy_dense_cpu/debuf.mlir ==
  match          body#[0]  cudaCopy2D_f32_tensor
  total: 1 matched / 1 bodies
",0,[],0,0,0,0,/home/arjaiswal/Polygeist/issues/aten_c_kernels/results/aten_narrow_copy_dense_cpu/debuf.mlir,2256,8,1,1,396.5064063668251,0,69496,21.175604313611984,2,2,0,0,"[{""body_indices"": [0], ""symbol"": ""cudaCopy2D_f32_tensor""}]",1,0,0,0.0,50
aten,aten_narrow_copy_dense_cpu,/home/arjaiswal/Polygeist/issues/aten_c_kernels/results/aten_narrow_copy_dense_cpu/debuf.mlir,7dd949c66786baa1815742f397397177df5ce90db197e33e5aa8f30773d6c1d3,egglog,4,ok,0,806.9947138428688,0,"[""/usr/bin/python3"", ""/home/arjaiswal/Polygeist/scripts/correctness/kernel_match_rewrite.py"", ""/home/arjaiswal/Polygeist/issues/aten_c_kernels/results/aten_narrow_copy_dense_cpu/debuf.mlir"", ""--dry-run"", ""--matcher-mode"", ""egglog"", ""--telemetry-json"", ""/home/arjaiswal/Polygeist/issues/equality_saturation_eval/campaign_20260908/aten-aten_narrow_copy_dense_cpu-egglog-gaeuf3l2.json"", ""--disable-semantic-fallback""]","== match report for /home/arjaiswal/Polygeist/issues/aten_c_kernels/results/aten_narrow_copy_dense_cpu/debuf.mlir ==
  match          body#[0]  cudaCopy2D_f32_tensor
  total: 1 matched / 1 bodies
",0,[],0,0,0,0,/home/arjaiswal/Polygeist/issues/aten_c_kernels/results/aten_narrow_copy_dense_cpu/debuf.mlir,2256,8,1,1,401.16972848773,0,69840,23.128408938646317,2,2,0,0,"[{""body_indices"": [0], ""symbol"": ""cudaCopy2D_f32_tensor""}]",1,0,0,0.0,50
aten,aten_narrow_copy_dense_cpu,/home/arjaiswal/Polygeist/issues/aten_c_kernels/results/aten_narrow_copy_dense_cpu/debuf.mlir,7dd949c66786baa1815742f397397177df5ce90db197e33e5aa8f30773d6c1d3,syntactic,4,ok,0,829.4815085828304,0,"[""/usr/bin/python3"", ""/home/arjaiswal/Polygeist/scripts/correctness/kernel_match_rewrite.py"", ""/home/arjaiswal/Polygeist/issues/aten_c_kernels/results/aten_narrow_copy_dense_cpu/debuf.mlir"", ""--dry-run"", ""--matcher-mode"", ""syntactic"", ""--telemetry-json"", ""/home/arjaiswal/Polygeist/issues/equality_saturation_eval/campaign_20260908/aten-aten_narrow_copy_dense_cpu-syntactic-3hrnt08a.json"", ""--disable-semantic-fallback""]","== match report for /home/arjaiswal/Polygeist/issues/aten_c_kernels/results/aten_narrow_copy_dense_cpu/debuf.mlir ==
  match          body#[0]  cudaCopy2D_f32_tensor
  total: 1 matched / 1 bodies
",0,[],0,0,0,0,/home/arjaiswal/Polygeist/issues/aten_c_kernels/results/aten_narrow_copy_dense_cpu/debuf.mlir,2256,0,1,1,365.4068559408188,0,65692,0.11739134788513184,0,2,0,0,"[{""body_indices"": [0], ""symbol"": ""cudaCopy2D_f32_tensor""}]",1,0,50,0.0,50
aten,aten_narrow_copy_dense_cpu,/home/arjaiswal/Polygeist/issues/aten_c_kernels/results/aten_narrow_copy_dense_cpu/debuf.mlir,7dd949c66786baa1815742f397397177df5ce90db197e33e5aa8f30773d6c1d3,syntactic,5,ok,0,820.4898051917553,0,"[""/usr/bin/python3"", ""/home/arjaiswal/Polygeist/scripts/correctness/kernel_match_rewrite.py"", ""/home/arjaiswal/Polygeist/issues/aten_c_kernels/results/aten_narrow_copy_dense_cpu/debuf.mlir"", ""--dry-run"", ""--matcher-mode"", ""syntactic"", ""--telemetry-json"", ""/home/arjaiswal/Polygeist/issues/equality_saturation_eval/campaign_20260908/aten-aten_narrow_copy_dense_cpu-syntactic-xcp3y7cq.json"", ""--disable-semantic-fallback""]","== match report for /home/arjaiswal/Polygeist/issues/aten_c_kernels/results/aten_narrow_copy_dense_cpu/debuf.mlir ==
  match          body#[0]  cudaCopy2D_f32_tensor
  total: 1 matched / 1 bodies
",0,[],0,0,0,0,/home/arjaiswal/Polygeist/issues/aten_c_kernels/results/aten_narrow_copy_dense_cpu/debuf.mlir,2256,0,1,1,385.2425254881382,0,65932,0.1202896237373352,0,2,0,0,"[{""body_indices"": [0], ""symbol"": ""cudaCopy2D_f32_tensor""}]",1,0,50,0.0,50
aten,aten_narrow_copy_dense_cpu,/home/arjaiswal/Polygeist/issues/aten_c_kernels/results/aten_narrow_copy_dense_cpu/debuf.mlir,7dd949c66786baa1815742f397397177df5ce90db197e33e5aa8f30773d6c1d3,egglog,5,ok,0,831.9154381752014,0,"[""/usr/bin/python3"", ""/home/arjaiswal/Polygeist/scripts/correctness/kernel_match_rewrite.py"", ""/home/arjaiswal/Polygeist/issues/aten_c_kernels/results/aten_narrow_copy_dense_cpu/debuf.mlir"", ""--dry-run"", ""--matcher-mode"", ""egglog"", ""--telemetry-json"", ""/home/arjaiswal/Polygeist/issues/equality_saturation_eval/campaign_20260908/aten-aten_narrow_copy_dense_cpu-egglog-zbiq6ira.json"", ""--disable-semantic-fallback""]","== match report for /home/arjaiswal/Polygeist/issues/aten_c_kernels/results/aten_narrow_copy_dense_cpu/debuf.mlir ==
  match          body#[0]  cudaCopy2D_f32_tensor
  total: 1 matched / 1 bodies
",0,[],0,0,0,0,/home/arjaiswal/Polygeist/issues/aten_c_kernels/results/aten_narrow_copy_dense_cpu/debuf.mlir,2256,8,1,1,407.3900580406189,0,69700,25.434527546167374,2,2,0,0,"[{""body_indices"": [0], ""symbol"": ""cudaCopy2D_f32_tensor""}]",1,0,0,0.0,50
aten,aten_ndtri,/home/arjaiswal/Polygeist/issues/aten_c_kernels/results/aten_ndtri/debuf.mlir,dd6741ca1b2575973c2a71167e2bee9edc78bb833ef6609804156511df46524e,egglog,1,ok,0,866.9487722218037,0,"[""/usr/bin/python3"", ""/home/arjaiswal/Polygeist/scripts/correctness/kernel_match_rewrite.py"", ""/home/arjaiswal/Polygeist/issues/aten_c_kernels/results/aten_ndtri/debuf.mlir"", ""--dry-run"", ""--matcher-mode"", ""egglog"", ""--telemetry-json"", ""/home/arjaiswal/Polygeist/issues/equality_saturation_eval/campaign_20260908/aten-aten_ndtri-egglog-dnvieesd.json"", ""--disable-semantic-fallback""]","== match report for /home/arjaiswal/Polygeist/issues/aten_c_kernels/results/aten_ndtri/debuf.mlir ==
  no_match       body#0  ?
  total: 0 matched / 1 bodies
",0,[],0,0,0,0,/home/arjaiswal/Polygeist/issues/aten_c_kernels/results/aten_ndtri/debuf.mlir,1899,8,1,0,424.60838705301285,1,65520,0.0,0,0,0,0,[],0,0,0,0.0,56
aten,aten_ndtri,/home/arjaiswal/Polygeist/issues/aten_c_kernels/results/aten_ndtri/debuf.mlir,dd6741ca1b2575973c2a71167e2bee9edc78bb833ef6609804156511df46524e,syntactic,1,ok,0,834.8102010786533,0,"[""/usr/bin/python3"", ""/home/arjaiswal/Polygeist/scripts/correctness/kernel_match_rewrite.py"", ""/home/arjaiswal/Polygeist/issues/aten_c_kernels/results/aten_ndtri/debuf.mlir"", ""--dry-run"", ""--matcher-mode"", ""syntactic"", ""--telemetry-json"", ""/home/arjaiswal/Polygeist/issues/equality_saturation_eval/campaign_20260908/aten-aten_ndtri-syntactic-3jppwt4w.json"", ""--disable-semantic-fallback""]","== match report for /home/arjaiswal/Polygeist/issues/aten_c_kernels/results/aten_ndtri/debuf.mlir ==
  no_match       body#0  ?
  total: 0 matched / 1 bodies
",0,[],0,0,0,0,/home/arjaiswal/Polygeist/issues/aten_c_kernels/results/aten_ndtri/debuf.mlir,1899,0,1,0,415.6234785914421,1,65896,0.12968480587005615,0,0,0,0,[],0,0,56,0.0,56
aten,aten_ndtri,/home/arjaiswal/Polygeist/issues/aten_c_kernels/results/aten_ndtri/debuf.mlir,dd6741ca1b2575973c2a71167e2bee9edc78bb833ef6609804156511df46524e,syntactic,2,ok,0,814.5925737917423,0,"[""/usr/bin/python3"", ""/home/arjaiswal/Polygeist/scripts/correctness/kernel_match_rewrite.py"", ""/home/arjaiswal/Polygeist/issues/aten_c_kernels/results/aten_ndtri/debuf.mlir"", ""--dry-run"", ""--matcher-mode"", ""syntactic"", ""--telemetry-json"", ""/home/arjaiswal/Polygeist/issues/equality_saturation_eval/campaign_20260908/aten-aten_ndtri-syntactic-x8bd4yb3.json"", ""--disable-semantic-fallback""]","== match report for /home/arjaiswal/Polygeist/issues/aten_c_kernels/results/aten_ndtri/debuf.mlir ==
  no_match       body#0  ?
  total: 0 matched / 1 bodies
",0,[],0,0,0,0,/home/arjaiswal/Polygeist/issues/aten_c_kernels/results/aten_ndtri/debuf.mlir,1899,0,1,0,400.8440934121609,1,65976,0.1544654369354248,0,0,0,0,[],0,0,56,0.0,56
aten,aten_ndtri,/home/arjaiswal/Polygeist/issues/aten_c_kernels/results/aten_ndtri/debuf.mlir,dd6741ca1b2575973c2a71167e2bee9edc78bb833ef6609804156511df46524e,egglog,2,ok,0,891.7201906442642,0,"[""/usr/bin/python3"", ""/home/arjaiswal/Polygeist/scripts/correctness/kernel_match_rewrite.py"", ""/home/arjaiswal/Polygeist/issues/aten_c_kernels/results/aten_ndtri/debuf.mlir"", ""--dry-run"", ""--matcher-mode"", ""egglog"", ""--telemetry-json"", ""/home/arjaiswal/Polygeist/issues/equality_saturation_eval/campaign_20260908/aten-aten_ndtri-egglog-93611qcz.json"", ""--disable-semantic-fallback""]","== match report for /home/arjaiswal/Polygeist/issues/aten_c_kernels/results/aten_ndtri/debuf.mlir ==
  no_match       body#0  ?
  total: 0 matched / 1 bodies
",0,[],0,0,0,0,/home/arjaiswal/Polygeist/issues/aten_c_kernels/results/aten_ndtri/debuf.mlir,1899,8,1,0,421.00605741143227,1,65752,0.0,0,0,0,0,[],0,0,0,0.0,56
aten,aten_ndtri,/home/arjaiswal/Polygeist/issues/aten_c_kernels/results/aten_ndtri/debuf.mlir,dd6741ca1b2575973c2a71167e2bee9edc78bb833ef6609804156511df46524e,egglog,3,ok,0,830.344669520855,0,"[""/usr/bin/python3"", ""/home/arjaiswal/Polygeist/scripts/correctness/kernel_match_rewrite.py"", ""/home/arjaiswal/Polygeist/issues/aten_c_kernels/results/aten_ndtri/debuf.mlir"", ""--dry-run"", ""--matcher-mode"", ""egglog"", ""--telemetry-json"", ""/home/arjaiswal/Polygeist/issues/equality_saturation_eval/campaign_20260908/aten-aten_ndtri-egglog-10xpy3ha.json"", ""--disable-semantic-fallback""]","== match report for /home/arjaiswal/Polygeist/issues/aten_c_kernels/results/aten_ndtri/debuf.mlir ==
  no_match       body#0  ?
  total: 0 matched / 1 bodies
",0,[],0,0,0,0,/home/arjaiswal/Polygeist/issues/aten_c_kernels/results/aten_ndtri/debuf.mlir,1899,8,1,0,407.27462247014046,1,65676,0.0,0,0,0,0,[],0,0,0,0.0,56
aten,aten_ndtri,/home/arjaiswal/Polygeist/issues/aten_c_kernels/results/aten_ndtri/debuf.mlir,dd6741ca1b2575973c2a71167e2bee9edc78bb833ef6609804156511df46524e,syntactic,3,ok,0,810.6753528118134,0,"[""/usr/bin/python3"", ""/home/arjaiswal/Polygeist/scripts/correctness/kernel_match_rewrite.py"", ""/home/arjaiswal/Polygeist/issues/aten_c_kernels/results/aten_ndtri/debuf.mlir"", ""--dry-run"", ""--matcher-mode"", ""syntactic"", ""--telemetry-json"", ""/home/arjaiswal/Polygeist/issues/equality_saturation_eval/campaign_20260908/aten-aten_ndtri-syntactic-51u7siyq.json"", ""--disable-semantic-fallback""]","== match report for /home/arjaiswal/Polygeist/issues/aten_c_kernels/results/aten_ndtri/debuf.mlir ==
  no_match       body#0  ?
  total: 0 matched / 1 bodies
",0,[],0,0,0,0,/home/arjaiswal/Polygeist/issues/aten_c_kernels/results/aten_ndtri/debuf.mlir,1899,0,1,0,393.0809013545513,1,65720,0.13773515820503235,0,0,0,0,[],0,0,56,0.0,56
aten,aten_ndtri,/home/arjaiswal/Polygeist/issues/aten_c_kernels/results/aten_ndtri/debuf.mlir,dd6741ca1b2575973c2a71167e2bee9edc78bb833ef6609804156511df46524e,syntactic,4,ok,0,841.8942466378212,0,"[""/usr/bin/python3"", ""/home/arjaiswal/Polygeist/scripts/correctness/kernel_match_rewrite.py"", ""/home/arjaiswal/Polygeist/issues/aten_c_kernels/results/aten_ndtri/debuf.mlir"", ""--dry-run"", ""--matcher-mode"", ""syntactic"", ""--telemetry-json"", ""/home/arjaiswal/Polygeist/issues/equality_saturation_eval/campaign_20260908/aten-aten_ndtri-syntactic-mx9n50pf.json"", ""--disable-semantic-fallback""]","== match report for /home/arjaiswal/Polygeist/issues/aten_c_kernels/results/aten_ndtri/debuf.mlir ==
  no_match       body#0  ?
  total: 0 matched / 1 bodies
",0,[],0,0,0,0,/home/arjaiswal/Polygeist/issues/aten_c_kernels/results/aten_ndtri/debuf.mlir,1899,0,1,0,410.2659747004509,1,65900,0.1482442021369934,0,0,0,0,[],0,0,56,0.0,56
aten,aten_ndtri,/home/arjaiswal/Polygeist/issues/aten_c_kernels/results/aten_ndtri/debuf.mlir,dd6741ca1b2575973c2a71167e2bee9edc78bb833ef6609804156511df46524e,egglog,4,ok,0,897.7319747209549,0,"[""/usr/bin/python3"", ""/home/arjaiswal/Polygeist/scripts/correctness/kernel_match_rewrite.py"", ""/home/arjaiswal/Polygeist/issues/aten_c_kernels/results/aten_ndtri/debuf.mlir"", ""--dry-run"", ""--matcher-mode"", ""egglog"", ""--telemetry-json"", ""/home/arjaiswal/Polygeist/issues/equality_saturation_eval/campaign_20260908/aten-aten_ndtri-egglog-0ajc4w6g.json"", ""--disable-semantic-fallback""]","== match report for /home/arjaiswal/Polygeist/issues/aten_c_kernels/results/aten_ndtri/debuf.mlir ==
  no_match       body#0  ?
  total: 0 matched / 1 bodies
",0,[],0,0,0,0,/home/arjaiswal/Polygeist/issues/aten_c_kernels/results/aten_ndtri/debuf.mlir,1899,8,1,0,426.12846940755844,1,65988,0.0,0,0,0,0,[],0,0,0,0.0,56
aten,aten_ndtri,/home/arjaiswal/Polygeist/issues/aten_c_kernels/results/aten_ndtri/debuf.mlir,dd6741ca1b2575973c2a71167e2bee9edc78bb833ef6609804156511df46524e,egglog,5,ok,0,834.7063772380352,0,"[""/usr/bin/python3"", ""/home/arjaiswal/Polygeist/scripts/correctness/kernel_match_rewrite.py"", ""/home/arjaiswal/Polygeist/issues/aten_c_kernels/results/aten_ndtri/debuf.mlir"", ""--dry-run"", ""--matcher-mode"", ""egglog"", ""--telemetry-json"", ""/home/arjaiswal/Polygeist/issues/equality_saturation_eval/campaign_20260908/aten-aten_ndtri-egglog-uqjyi4to.json"", ""--disable-semantic-fallback""]","== match report for /home/arjaiswal/Polygeist/issues/aten_c_kernels/results/aten_ndtri/debuf.mlir ==
  no_match       body#0  ?
  total: 0 matched / 1 bodies
",0,[],0,0,0,0,/home/arjaiswal/Polygeist/issues/aten_c_kernels/results/aten_ndtri/debuf.mlir,1899,8,1,0,412.2006446123123,1,65632,0.0,0,0,0,0,[],0,0,0,0.0,56
aten,aten_ndtri,/home/arjaiswal/Polygeist/issues/aten_c_kernels/results/aten_ndtri/debuf.mlir,dd6741ca1b2575973c2a71167e2bee9edc78bb833ef6609804156511df46524e,syntactic,5,ok,0,848.6762084066868,0,"[""/usr/bin/python3"", ""/home/arjaiswal/Polygeist/scripts/correctness/kernel_match_rewrite.py"", ""/home/arjaiswal/Polygeist/issues/aten_c_kernels/results/aten_ndtri/debuf.mlir"", ""--dry-run"", ""--matcher-mode"", ""syntactic"", ""--telemetry-json"", ""/home/arjaiswal/Polygeist/issues/equality_saturation_eval/campaign_20260908/aten-aten_ndtri-syntactic-jsnirmx6.json"", ""--disable-semantic-fallback""]","== match report for /home/arjaiswal/Polygeist/issues/aten_c_kernels/results/aten_ndtri/debuf.mlir ==
  no_match       body#0  ?
  total: 0 matched / 1 bodies
",0,[],0,0,0,0,/home/arjaiswal/Polygeist/issues/aten_c_kernels/results/aten_ndtri/debuf.mlir,1899,0,1,0,414.9816185235977,1,65948,0.1237131655216217,0,0,0,0,[],0,0,56,0.0,56
aten,aten_ne,/home/arjaiswal/Polygeist/issues/aten_c_kernels/results/aten_ne/debuf.mlir,a226b93a27598a0bab63d4293a02b11b8f133fabe5d014d097dfac4ceff4afd4,syntactic,1,ok,0,718.9877443015575,0,"[""/usr/bin/python3"", ""/home/arjaiswal/Polygeist/scripts/correctness/kernel_match_rewrite.py"", ""/home/arjaiswal/Polygeist/issues/aten_c_kernels/results/aten_ne/debuf.mlir"", ""--dry-run"", ""--matcher-mode"", ""syntactic"", ""--telemetry-json"", ""/home/arjaiswal/Polygeist/issues/equality_saturation_eval/campaign_20260908/aten-aten_ne-syntactic-e_x2266u.json"", ""--disable-semantic-fallback""]","== match report for /home/arjaiswal/Polygeist/issues/aten_c_kernels/results/aten_ne/debuf.mlir ==
  no_match       body#0  ?
  total: 0 matched / 1 bodies
",0,[],0,0,0,0,/home/arjaiswal/Polygeist/issues/aten_c_kernels/results/aten_ne/debuf.mlir,1965,0,1,0,299.8710423707962,1,65696,0.0367090106010437,0,0,0,0,[],0,0,8,0.0,8
aten,aten_ne,/home/arjaiswal/Polygeist/issues/aten_c_kernels/results/aten_ne/debuf.mlir,a226b93a27598a0bab63d4293a02b11b8f133fabe5d014d097dfac4ceff4afd4,egglog,1,ok,0,738.1987683475018,0,"[""/usr/bin/python3"", ""/home/arjaiswal/Polygeist/scripts/correctness/kernel_match_rewrite.py"", ""/home/arjaiswal/Polygeist/issues/aten_c_kernels/results/aten_ne/debuf.mlir"", ""--dry-run"", ""--matcher-mode"", ""egglog"", ""--telemetry-json"", ""/home/arjaiswal/Polygeist/issues/equality_saturation_eval/campaign_20260908/aten-aten_ne-egglog-dthhap_k.json"", ""--disable-semantic-fallback""]","== match report for /home/arjaiswal/Polygeist/issues/aten_c_kernels/results/aten_ne/debuf.mlir ==
  no_match       body#0  ?
  total: 0 matched / 1 bodies
",0,[],0,0,0,0,/home/arjaiswal/Polygeist/issues/aten_c_kernels/results/aten_ne/debuf.mlir,1965,8,1,0,310.10163575410843,1,65584,0.0,0,0,0,0,[],0,0,0,0.0,8
aten,aten_ne,/home/arjaiswal/Polygeist/issues/aten_c_kernels/results/aten_ne/debuf.mlir,a226b93a27598a0bab63d4293a02b11b8f133fabe5d014d097dfac4ceff4afd4,egglog,2,ok,0,723.6222699284554,0,"[""/usr/bin/python3"", ""/home/arjaiswal/Polygeist/scripts/correctness/kernel_match_rewrite.py"", ""/home/arjaiswal/Polygeist/issues/aten_c_kernels/results/aten_ne/debuf.mlir"", ""--dry-run"", ""--matcher-mode"", ""egglog"", ""--telemetry-json"", ""/home/arjaiswal/Polygeist/issues/equality_saturation_eval/campaign_20260908/aten-aten_ne-egglog-hjl_t27d.json"", ""--disable-semantic-fallback""]","== match report for /home/arjaiswal/Polygeist/issues/aten_c_kernels/results/aten_ne/debuf.mlir ==
  no_match       body#0  ?
  total: 0 matched / 1 bodies
",0,[],0,0,0,0,/home/arjaiswal/Polygeist/issues/aten_c_kernels/results/aten_ne/debuf.mlir,1965,8,1,0,308.5314966738224,1,65696,0.0,0,0,0,0,[],0,0,0,0.0,8
aten,aten_ne,/home/arjaiswal/Polygeist/issues/aten_c_kernels/results/aten_ne/debuf.mlir,a226b93a27598a0bab63d4293a02b11b8f133fabe5d014d097dfac4ceff4afd4,syntactic,2,ok,0,730.8974266052246,0,"[""/usr/bin/python3"", ""/home/arjaiswal/Polygeist/scripts/correctness/kernel_match_rewrite.py"", ""/home/arjaiswal/Polygeist/issues/aten_c_kernels/results/aten_ne/debuf.mlir"", ""--dry-run"", ""--matcher-mode"", ""syntactic"", ""--telemetry-json"", ""/home/arjaiswal/Polygeist/issues/equality_saturation_eval/campaign_20260908/aten-aten_ne-syntactic-gin_8pl4.json"", ""--disable-semantic-fallback""]","== match report for /home/arjaiswal/Polygeist/issues/aten_c_kernels/results/aten_ne/debuf.mlir ==
  no_match       body#0  ?
  total: 0 matched / 1 bodies
",0,[],0,0,0,0,/home/arjaiswal/Polygeist/issues/aten_c_kernels/results/aten_ne/debuf.mlir,1965,0,1,0,301.76037549972534,1,65808,0.021900981664657593,0,0,0,0,[],0,0,8,0.0,8
aten,aten_ne,/home/arjaiswal/Polygeist/issues/aten_c_kernels/results/aten_ne/debuf.mlir,a226b93a27598a0bab63d4293a02b11b8f133fabe5d014d097dfac4ceff4afd4,syntactic,3,ok,0,710.4312106966972,0,"[""/usr/bin/python3"", ""/home/arjaiswal/Polygeist/scripts/correctness/kernel_match_rewrite.py"", ""/home/arjaiswal/Polygeist/issues/aten_c_kernels/results/aten_ne/debuf.mlir"", ""--dry-run"", ""--matcher-mode"", ""syntactic"", ""--telemetry-json"", ""/home/arjaiswal/Polygeist/issues/equality_saturation_eval/campaign_20260908/aten-aten_ne-syntactic-2p1r4rpp.json"", ""--disable-semantic-fallback""]","== match report for /home/arjaiswal/Polygeist/issues/aten_c_kernels/results/aten_ne/debuf.mlir ==
  no_match       body#0  ?
  total: 0 matched / 1 bodies
",0,[],0,0,0,0,/home/arjaiswal/Polygeist/issues/aten_c_kernels/results/aten_ne/debuf.mlir,1965,0,1,0,294.92201283574104,1,65572,0.023912638425827026,0,0,0,0,[],0,0,8,0.0,8
aten,aten_ne,/home/arjaiswal/Polygeist/issues/aten_c_kernels/results/aten_ne/debuf.mlir,a226b93a27598a0bab63d4293a02b11b8f133fabe5d014d097dfac4ceff4afd4,egglog,3,ok,0,719.2204296588898,0,"[""/usr/bin/python3"", ""/home/arjaiswal/Polygeist/scripts/correctness/kernel_match_rewrite.py"", ""/home/arjaiswal/Polygeist/issues/aten_c_kernels/results/aten_ne/debuf.mlir"", ""--dry-run"", ""--matcher-mode"", ""egglog"", ""--telemetry-json"", ""/home/arjaiswal/Polygeist/issues/equality_saturation_eval/campaign_20260908/aten-aten_ne-egglog-5dwms46j.json"", ""--disable-semantic-fallback""]","== match report for /home/arjaiswal/Polygeist/issues/aten_c_kernels/results/aten_ne/debuf.mlir ==
  no_match       body#0  ?
  total: 0 matched / 1 bodies
",0,[],0,0,0,0,/home/arjaiswal/Polygeist/issues/aten_c_kernels/results/aten_ne/debuf.mlir,1965,8,1,0,296.08942568302155,1,65680,0.0,0,0,0,0,[],0,0,0,0.0,8
aten,aten_ne,/home/arjaiswal/Polygeist/issues/aten_c_kernels/results/aten_ne/debuf.mlir,a226b93a27598a0bab63d4293a02b11b8f133fabe5d014d097dfac4ceff4afd4,egglog,4,ok,0,770.9871530532837,0,"[""/usr/bin/python3"", ""/home/arjaiswal/Polygeist/scripts/correctness/kernel_match_rewrite.py"", ""/home/arjaiswal/Polygeist/issues/aten_c_kernels/results/aten_ne/debuf.mlir"", ""--dry-run"", ""--matcher-mode"", ""egglog"", ""--telemetry-json"", ""/home/arjaiswal/Polygeist/issues/equality_saturation_eval/campaign_20260908/aten-aten_ne-egglog-eki3cqm5.json"", ""--disable-semantic-fallback""]","== match report for /home/arjaiswal/Polygeist/issues/aten_c_kernels/results/aten_ne/debuf.mlir ==
  no_match       body#0  ?
  total: 0 matched / 1 bodies
",0,[],0,0,0,0,/home/arjaiswal/Polygeist/issues/aten_c_kernels/results/aten_ne/debuf.mlir,1965,8,1,0,335.34104749560356,1,65824,0.0,0,0,0,0,[],0,0,0,0.0,8
aten,aten_ne,/home/arjaiswal/Polygeist/issues/aten_c_kernels/results/aten_ne/debuf.mlir,a226b93a27598a0bab63d4293a02b11b8f133fabe5d014d097dfac4ceff4afd4,syntactic,4,ok,0,725.595023483038,0,"[""/usr/bin/python3"", ""/home/arjaiswal/Polygeist/scripts/correctness/kernel_match_rewrite.py"", ""/home/arjaiswal/Polygeist/issues/aten_c_kernels/results/aten_ne/debuf.mlir"", ""--dry-run"", ""--matcher-mode"", ""syntactic"", ""--telemetry-json"", ""/home/arjaiswal/Polygeist/issues/equality_saturation_eval/campaign_20260908/aten-aten_ne-syntactic-245zx_oc.json"", ""--disable-semantic-fallback""]","== match report for /home/arjaiswal/Polygeist/issues/aten_c_kernels/results/aten_ne/debuf.mlir ==
  no_match       body#0  ?
  total: 0 matched / 1 bodies
",0,[],0,0,0,0,/home/arjaiswal/Polygeist/issues/aten_c_kernels/results/aten_ne/debuf.mlir,1965,0,1,0,301.0023534297943,1,65768,0.023793429136276245,0,0,0,0,[],0,0,8,0.0,8
aten,aten_ne,/home/arjaiswal/Polygeist/issues/aten_c_kernels/results/aten_ne/debuf.mlir,a226b93a27598a0bab63d4293a02b11b8f133fabe5d014d097dfac4ceff4afd4,syntactic,5,ok,0,782.1774855256081,0,"[""/usr/bin/python3"", ""/home/arjaiswal/Polygeist/scripts/correctness/kernel_match_rewrite.py"", ""/home/arjaiswal/Polygeist/issues/aten_c_kernels/results/aten_ne/debuf.mlir"", ""--dry-run"", ""--matcher-mode"", ""syntactic"", ""--telemetry-json"", ""/home/arjaiswal/Polygeist/issues/equality_saturation_eval/campaign_20260908/aten-aten_ne-syntactic-w8uleojv.json"", ""--disable-semantic-fallback""]","== match report for /home/arjaiswal/Polygeist/issues/aten_c_kernels/results/aten_ne/debuf.mlir ==
  no_match       body#0  ?
  total: 0 matched / 1 bodies
",0,[],0,0,0,0,/home/arjaiswal/Polygeist/issues/aten_c_kernels/results/aten_ne/debuf.mlir,1965,0,1,0,334.60380136966705,1,65708,0.03044307231903076,0,0,0,0,[],0,0,8,0.0,8
aten,aten_ne,/home/arjaiswal/Polygeist/issues/aten_c_kernels/results/aten_ne/debuf.mlir,a226b93a27598a0bab63d4293a02b11b8f133fabe5d014d097dfac4ceff4afd4,egglog,5,ok,0,728.7404201924801,0,"[""/usr/bin/python3"", ""/home/arjaiswal/Polygeist/scripts/correctness/kernel_match_rewrite.py"", ""/home/arjaiswal/Polygeist/issues/aten_c_kernels/results/aten_ne/debuf.mlir"", ""--dry-run"", ""--matcher-mode"", ""egglog"", ""--telemetry-json"", ""/home/arjaiswal/Polygeist/issues/equality_saturation_eval/campaign_20260908/aten-aten_ne-egglog-ay9eb8h9.json"", ""--disable-semantic-fallback""]","== match report for /home/arjaiswal/Polygeist/issues/aten_c_kernels/results/aten_ne/debuf.mlir ==
  no_match       body#0  ?
  total: 0 matched / 1 bodies
",0,[],0,0,0,0,/home/arjaiswal/Polygeist/issues/aten_c_kernels/results/aten_ne/debuf.mlir,1965,8,1,0,304.50716987252235,1,65672,0.0,0,0,0,0,[],0,0,0,0.0,8
aten,aten_neg,/home/arjaiswal/Polygeist/issues/aten_c_kernels/results/aten_neg/debuf.mlir,c3b8acdf1b4884d2b9de1df45c60e138fc804cc119da49a0776826e84628891f,egglog,1,ok,0,795.2758632600307,0,"[""/usr/bin/python3"", ""/home/arjaiswal/Polygeist/scripts/correctness/kernel_match_rewrite.py"", ""/home/arjaiswal/Polygeist/issues/aten_c_kernels/results/aten_neg/debuf.mlir"", ""--dry-run"", ""--matcher-mode"", ""egglog"", ""--telemetry-json"", ""/home/arjaiswal/Polygeist/issues/equality_saturation_eval/campaign_20260908/aten-aten_neg-egglog-w16a4euz.json"", ""--disable-semantic-fallback""]","== match report for /home/arjaiswal/Polygeist/issues/aten_c_kernels/results/aten_neg/debuf.mlir ==
  match          body#[0]  cutensorUnary_neg_f32
  total: 1 matched / 1 bodies
",0,[],0,0,0,0,/home/arjaiswal/Polygeist/issues/aten_c_kernels/results/aten_neg/debuf.mlir,1762,8,1,1,371.3466748595238,0,69716,21.322067826986313,2,2,0,0,"[{""body_indices"": [0], ""symbol"": ""cutensorUnary_neg_f32""}]",1,0,0,0.0,36
aten,aten_neg,/home/arjaiswal/Polygeist/issues/aten_c_kernels/results/aten_neg/debuf.mlir,c3b8acdf1b4884d2b9de1df45c60e138fc804cc119da49a0776826e84628891f,syntactic,1,ok,0,782.1904234588146,0,"[""/usr/bin/python3"", ""/home/arjaiswal/Polygeist/scripts/correctness/kernel_match_rewrite.py"", ""/home/arjaiswal/Polygeist/issues/aten_c_kernels/results/aten_neg/debuf.mlir"", ""--dry-run"", ""--matcher-mode"", ""syntactic"", ""--telemetry-json"", ""/home/arjaiswal/Polygeist/issues/equality_saturation_eval/campaign_20260908/aten-aten_neg-syntactic-v9gsl6g0.json"", ""--disable-semantic-fallback""]","== match report for /home/arjaiswal/Polygeist/issues/aten_c_kernels/results/aten_neg/debuf.mlir ==
  match          body#[0]  cutensorUnary_neg_f32
  total: 1 matched / 1 bodies
",0,[],0,0,0,0,/home/arjaiswal/Polygeist/issues/aten_c_kernels/results/aten_neg/debuf.mlir,1762,0,1,1,362.5838942825794,0,65492,0.10951235890388489,0,2,0,0,"[{""body_indices"": [0], ""symbol"": ""cutensorUnary_neg_f32""}]",1,0,36,0.0,36
aten,aten_neg,/home/arjaiswal/Polygeist/issues/aten_c_kernels/results/aten_neg/debuf.mlir,c3b8acdf1b4884d2b9de1df45c60e138fc804cc119da49a0776826e84628891f,syntactic,2,ok,0,789.2180643975735,0,"[""/usr/bin/python3"", ""/home/arjaiswal/Polygeist/scripts/correctness/kernel_match_rewrite.py"", ""/home/arjaiswal/Polygeist/issues/aten_c_kernels/results/aten_neg/debuf.mlir"", ""--dry-run"", ""--matcher-mode"", ""syntactic"", ""--telemetry-json"", ""/home/arjaiswal/Polygeist/issues/equality_saturation_eval/campaign_20260908/aten-aten_neg-syntactic-0si_8z3z.json"", ""--disable-semantic-fallback""]","== match report for /home/arjaiswal/Polygeist/issues/aten_c_kernels/results/aten_neg/debuf.mlir ==
  match          body#[0]  cutensorUnary_neg_f32
  total: 1 matched / 1 bodies
",0,[],0,0,0,0,/home/arjaiswal/Polygeist/issues/aten_c_kernels/results/aten_neg/debuf.mlir,1762,0,1,1,352.76222601532936,0,65776,0.09059906005859375,0,2,0,0,"[{""body_indices"": [0], ""symbol"": ""cutensorUnary_neg_f32""}]",1,0,36,0.0,36
aten,aten_neg,/home/arjaiswal/Polygeist/issues/aten_c_kernels/results/aten_neg/debuf.mlir,c3b8acdf1b4884d2b9de1df45c60e138fc804cc119da49a0776826e84628891f,egglog,2,ok,0,805.6362383067608,0,"[""/usr/bin/python3"", ""/home/arjaiswal/Polygeist/scripts/correctness/kernel_match_rewrite.py"", ""/home/arjaiswal/Polygeist/issues/aten_c_kernels/results/aten_neg/debuf.mlir"", ""--dry-run"", ""--matcher-mode"", ""egglog"", ""--telemetry-json"", ""/home/arjaiswal/Polygeist/issues/equality_saturation_eval/campaign_20260908/aten-aten_neg-egglog-srvns19_.json"", ""--disable-semantic-fallback""]","== match report for /home/arjaiswal/Polygeist/issues/aten_c_kernels/results/aten_neg/debuf.mlir ==
  match          body#[0]  cutensorUnary_neg_f32
  total: 1 matched / 1 bodies
",0,[],0,0,0,0,/home/arjaiswal/Polygeist/issues/aten_c_kernels/results/aten_neg/debuf.mlir,1762,8,1,1,381.5505839884281,0,69700,22.07328751683235,2,2,0,0,"[{""body_indices"": [0], ""symbol"": ""cutensorUnary_neg_f32""}]",1,0,0,0.0,36
aten,aten_neg,/home/arjaiswal/Polygeist/issues/aten_c_kernels/results/aten_neg/debuf.mlir,c3b8acdf1b4884d2b9de1df45c60e138fc804cc119da49a0776826e84628891f,egglog,3,ok,0,811.6909191012383,0,"[""/usr/bin/python3"", ""/home/arjaiswal/Polygeist/scripts/correctness/kernel_match_rewrite.py"", ""/home/arjaiswal/Polygeist/issues/aten_c_kernels/results/aten_neg/debuf.mlir"", ""--dry-run"", ""--matcher-mode"", ""egglog"", ""--telemetry-json"", ""/home/arjaiswal/Polygeist/issues/equality_saturation_eval/campaign_20260908/aten-aten_neg-egglog-r2sre8u9.json"", ""--disable-semantic-fallback""]","== match report for /home/arjaiswal/Polygeist/issues/aten_c_kernels/results/aten_neg/debuf.mlir ==
  match          body#[0]  cutensorUnary_neg_f32
  total: 1 matched / 1 bodies
",0,[],0,0,0,0,/home/arjaiswal/Polygeist/issues/aten_c_kernels/results/aten_neg/debuf.mlir,1762,8,1,1,386.8684396147728,0,69824,21.330781280994415,2,2,0,0,"[{""body_indices"": [0], ""symbol"": ""cutensorUnary_neg_f32""}]",1,0,0,0.0,36
aten,aten_neg,/home/arjaiswal/Polygeist/issues/aten_c_kernels/results/aten_neg/debuf.mlir,c3b8acdf1b4884d2b9de1df45c60e138fc804cc119da49a0776826e84628891f,syntactic,3,ok,0,753.7240758538246,0,"[""/usr/bin/python3"", ""/home/arjaiswal/Polygeist/scripts/correctness/kernel_match_rewrite.py"", ""/home/arjaiswal/Polygeist/issues/aten_c_kernels/results/aten_neg/debuf.mlir"", ""--dry-run"", ""--matcher-mode"", ""syntactic"", ""--telemetry-json"", ""/home/arjaiswal/Polygeist/issues/equality_saturation_eval/campaign_20260908/aten-aten_neg-syntactic-3l8l7xa1.json"", ""--disable-semantic-fallback""]","== match report for /home/arjaiswal/Polygeist/issues/aten_c_kernels/results/aten_neg/debuf.mlir ==
  match          body#[0]  cutensorUnary_neg_f32
  total: 1 matched / 1 bodies
",0,[],0,0,0,0,/home/arjaiswal/Polygeist/issues/aten_c_kernels/results/aten_neg/debuf.mlir,1762,0,1,1,347.48856350779533,0,65644,0.08895248174667358,0,2,0,0,"[{""body_indices"": [0], ""symbol"": ""cutensorUnary_neg_f32""}]",1,0,36,0.0,36
aten,aten_neg,/home/arjaiswal/Polygeist/issues/aten_c_kernels/results/aten_neg/debuf.mlir,c3b8acdf1b4884d2b9de1df45c60e138fc804cc119da49a0776826e84628891f,syntactic,4,ok,0,778.6833122372627,0,"[""/usr/bin/python3"", ""/home/arjaiswal/Polygeist/scripts/correctness/kernel_match_rewrite.py"", ""/home/arjaiswal/Polygeist/issues/aten_c_kernels/results/aten_neg/debuf.mlir"", ""--dry-run"", ""--matcher-mode"", ""syntactic"", ""--telemetry-json"", ""/home/arjaiswal/Polygeist/issues/equality_saturation_eval/campaign_20260908/aten-aten_neg-syntactic-_4a453js.json"", ""--disable-semantic-fallback""]","== match report for /home/arjaiswal/Polygeist/issues/aten_c_kernels/results/aten_neg/debuf.mlir ==
  match          body#[0]  cutensorUnary_neg_f32
  total: 1 matched / 1 bodies
",0,[],0,0,0,0,/home/arjaiswal/Polygeist/issues/aten_c_kernels/results/aten_neg/debuf.mlir,1762,0,1,1,342.04226359725,0,65848,0.09111687541007996,0,2,0,0,"[{""body_indices"": [0], ""symbol"": ""cutensorUnary_neg_f32""}]",1,0,36,0.0,36
aten,aten_neg,/home/arjaiswal/Polygeist/issues/aten_c_kernels/results/aten_neg/debuf.mlir,c3b8acdf1b4884d2b9de1df45c60e138fc804cc119da49a0776826e84628891f,egglog,4,ok,0,784.0910851955414,0,"[""/usr/bin/python3"", ""/home/arjaiswal/Polygeist/scripts/correctness/kernel_match_rewrite.py"", ""/home/arjaiswal/Polygeist/issues/aten_c_kernels/results/aten_neg/debuf.mlir"", ""--dry-run"", ""--matcher-mode"", ""egglog"", ""--telemetry-json"", ""/home/arjaiswal/Polygeist/issues/equality_saturation_eval/campaign_20260908/aten-aten_neg-egglog-lpr2rk0y.json"", ""--disable-semantic-fallback""]","== match report for /home/arjaiswal/Polygeist/issues/aten_c_kernels/results/aten_neg/debuf.mlir ==
  match          body#[0]  cutensorUnary_neg_f32
  total: 1 matched / 1 bodies
",0,[],0,0,0,0,/home/arjaiswal/Polygeist/issues/aten_c_kernels/results/aten_neg/debuf.mlir,1762,8,1,1,365.78288674354553,0,69648,21.049100905656815,2,2,0,0,"[{""body_indices"": [0], ""symbol"": ""cutensorUnary_neg_f32""}]",1,0,0,0.0,36
aten,aten_neg,/home/arjaiswal/Polygeist/issues/aten_c_kernels/results/aten_neg/debuf.mlir,c3b8acdf1b4884d2b9de1df45c60e138fc804cc119da49a0776826e84628891f,egglog,5,ok,0,784.8909795284271,0,"[""/usr/bin/python3"", ""/home/arjaiswal/Polygeist/scripts/correctness/kernel_match_rewrite.py"", ""/home/arjaiswal/Polygeist/issues/aten_c_kernels/results/aten_neg/debuf.mlir"", ""--dry-run"", ""--matcher-mode"", ""egglog"", ""--telemetry-json"", ""/home/arjaiswal/Polygeist/issues/equality_saturation_eval/campaign_20260908/aten-aten_neg-egglog-50r1d2a0.json"", ""--disable-semantic-fallback""]","== match report for /home/arjaiswal/Polygeist/issues/aten_c_kernels/results/aten_neg/debuf.mlir ==
  match          body#[0]  cutensorUnary_neg_f32
  total: 1 matched / 1 bodies
",0,[],0,0,0,0,/home/arjaiswal/Polygeist/issues/aten_c_kernels/results/aten_neg/debuf.mlir,1762,8,1,1,369.2787438631058,0,69928,21.589569747447968,2,2,0,0,"[{""body_indices"": [0], ""symbol"": ""cutensorUnary_neg_f32""}]",1,0,0,0.0,36
aten,aten_neg,/home/arjaiswal/Polygeist/issues/aten_c_kernels/results/aten_neg/debuf.mlir,c3b8acdf1b4884d2b9de1df45c60e138fc804cc119da49a0776826e84628891f,syntactic,5,ok,0,772.1257619559765,0,"[""/usr/bin/python3"", ""/home/arjaiswal/Polygeist/scripts/correctness/kernel_match_rewrite.py"", ""/home/arjaiswal/Polygeist/issues/aten_c_kernels/results/aten_neg/debuf.mlir"", ""--dry-run"", ""--matcher-mode"", ""syntactic"", ""--telemetry-json"", ""/home/arjaiswal/Polygeist/issues/equality_saturation_eval/campaign_20260908/aten-aten_neg-syntactic-knzet30n.json"", ""--disable-semantic-fallback""]","== match report for /home/arjaiswal/Polygeist/issues/aten_c_kernels/results/aten_neg/debuf.mlir ==
  match          body#[0]  cutensorUnary_neg_f32
  total: 1 matched / 1 bodies
",0,[],0,0,0,0,/home/arjaiswal/Polygeist/issues/aten_c_kernels/results/aten_neg/debuf.mlir,1762,0,1,1,356.2307506799698,0,65732,0.09124726057052612,0,2,0,0,"[{""body_indices"": [0], ""symbol"": ""cutensorUnary_neg_f32""}]",1,0,36,0.0,36
aten,aten_nested_all_cpu,/home/arjaiswal/Polygeist/issues/aten_c_kernels/results/aten_nested_all_cpu/debuf.mlir,fc530597279a38e9b247bee32eb3f14f98ee5dde66fc38bae74d14246266048e,syntactic,1,ok,0,731.5539717674255,0,"[""/usr/bin/python3"", ""/home/arjaiswal/Polygeist/scripts/correctness/kernel_match_rewrite.py"", ""/home/arjaiswal/Polygeist/issues/aten_c_kernels/results/aten_nested_all_cpu/debuf.mlir"", ""--dry-run"", ""--matcher-mode"", ""syntactic"", ""--telemetry-json"", ""/home/arjaiswal/Polygeist/issues/equality_saturation_eval/campaign_20260908/aten-aten_nested_all_cpu-syntactic-31rs_gi3.json"", ""--disable-semantic-fallback""]","== match report for /home/arjaiswal/Polygeist/issues/aten_c_kernels/results/aten_nested_all_cpu/debuf.mlir ==
  match          body#[0, 1]  cubSegmentedPrefixLogicalAnd_i32
  total: 1 matched / 1 bodies
",0,[],0,0,0,0,/home/arjaiswal/Polygeist/issues/aten_c_kernels/results/aten_nested_all_cpu/debuf.mlir,2539,0,2,2,312.1947981417179,0,65656,0.09782984852790833,0,6,0,0,"[{""body_indices"": [0, 1], ""symbol"": ""cubSegmentedPrefixLogicalAnd_i32""}]",1,0,20,0.0,20
aten,aten_nested_all_cpu,/home/arjaiswal/Polygeist/issues/aten_c_kernels/results/aten_nested_all_cpu/debuf.mlir,fc530597279a38e9b247bee32eb3f14f98ee5dde66fc38bae74d14246266048e,egglog,1,ok,0,831.7295871675014,0,"[""/usr/bin/python3"", ""/home/arjaiswal/Polygeist/scripts/correctness/kernel_match_rewrite.py"", ""/home/arjaiswal/Polygeist/issues/aten_c_kernels/results/aten_nested_all_cpu/debuf.mlir"", ""--dry-run"", ""--matcher-mode"", ""egglog"", ""--telemetry-json"", ""/home/arjaiswal/Polygeist/issues/equality_saturation_eval/campaign_20260908/aten-aten_nested_all_cpu-egglog-j1ei0fy2.json"", ""--disable-semantic-fallback""]","== match report for /home/arjaiswal/Polygeist/issues/aten_c_kernels/results/aten_nested_all_cpu/debuf.mlir ==
  match          body#[0, 1]  cubSegmentedPrefixLogicalAnd_i32
  total: 1 matched / 1 bodies
",0,[],0,0,0,0,/home/arjaiswal/Polygeist/issues/aten_c_kernels/results/aten_nested_all_cpu/debuf.mlir,2539,8,2,2,385.86004450917244,0,69780,64.66231867671013,6,6,0,0,"[{""body_indices"": [0, 1], ""symbol"": ""cubSegmentedPrefixLogicalAnd_i32""}]",1,0,0,0.0,20
aten,aten_nested_all_cpu,/home/arjaiswal/Polygeist/issues/aten_c_kernels/results/aten_nested_all_cpu/debuf.mlir,fc530597279a38e9b247bee32eb3f14f98ee5dde66fc38bae74d14246266048e,egglog,2,ok,0,779.3900556862354,0,"[""/usr/bin/python3"", ""/home/arjaiswal/Polygeist/scripts/correctness/kernel_match_rewrite.py"", ""/home/arjaiswal/Polygeist/issues/aten_c_kernels/results/aten_nested_all_cpu/debuf.mlir"", ""--dry-run"", ""--matcher-mode"", ""egglog"", ""--telemetry-json"", ""/home/arjaiswal/Polygeist/issues/equality_saturation_eval/campaign_20260908/aten-aten_nested_all_cpu-egglog-s5djqkto.json"", ""--disable-semantic-fallback""]","== match report for /home/arjaiswal/Polygeist/issues/aten_c_kernels/results/aten_nested_all_cpu/debuf.mlir ==
  match          body#[0, 1]  cubSegmentedPrefixLogicalAnd_i32
  total: 1 matched / 1 bodies
",0,[],0,0,0,0,/home/arjaiswal/Polygeist/issues/aten_c_kernels/results/aten_nested_all_cpu/debuf.mlir,2539,8,2,2,368.52797865867615,0,69604,59.48960781097412,6,6,0,0,"[{""body_indices"": [0, 1], ""symbol"": ""cubSegmentedPrefixLogicalAnd_i32""}]",1,0,0,0.0,20
aten,aten_nested_all_cpu,/home/arjaiswal/Polygeist/issues/aten_c_kernels/results/aten_nested_all_cpu/debuf.mlir,fc530597279a38e9b247bee32eb3f14f98ee5dde66fc38bae74d14246266048e,syntactic,2,ok,0,731.4923405647278,0,"[""/usr/bin/python3"", ""/home/arjaiswal/Polygeist/scripts/correctness/kernel_match_rewrite.py"", ""/home/arjaiswal/Polygeist/issues/aten_c_kernels/results/aten_nested_all_cpu/debuf.mlir"", ""--dry-run"", ""--matcher-mode"", ""syntactic"", ""--telemetry-json"", ""/home/arjaiswal/Polygeist/issues/equality_saturation_eval/campaign_20260908/aten-aten_nested_all_cpu-syntactic-zwicnar2.json"", ""--disable-semantic-fallback""]","== match report for /home/arjaiswal/Polygeist/issues/aten_c_kernels/results/aten_nested_all_cpu/debuf.mlir ==
  match          body#[0, 1]  cubSegmentedPrefixLogicalAnd_i32
  total: 1 matched / 1 bodies
",0,[],0,0,0,0,/home/arjaiswal/Polygeist/issues/aten_c_kernels/results/aten_nested_all_cpu/debuf.mlir,2539,0,2,2,305.68064376711845,0,65648,0.102996826171875,0,6,0,0,"[{""body_indices"": [0, 1], ""symbol"": ""cubSegmentedPrefixLogicalAnd_i32""}]",1,0,20,0.0,20
aten,aten_nested_all_cpu,/home/arjaiswal/Polygeist/issues/aten_c_kernels/results/aten_nested_all_cpu/debuf.mlir,fc530597279a38e9b247bee32eb3f14f98ee5dde66fc38bae74d14246266048e,syntactic,3,ok,0,764.1757465898991,0,"[""/usr/bin/python3"", ""/home/arjaiswal/Polygeist/scripts/correctness/kernel_match_rewrite.py"", ""/home/arjaiswal/Polygeist/issues/aten_c_kernels/results/aten_nested_all_cpu/debuf.mlir"", ""--dry-run"", ""--matcher-mode"", ""syntactic"", ""--telemetry-json"", ""/home/arjaiswal/Polygeist/issues/equality_saturation_eval/campaign_20260908/aten-aten_nested_all_cpu-syntactic-9rziulow.json"", ""--disable-semantic-fallback""]","== match report for /home/arjaiswal/Polygeist/issues/aten_c_kernels/results/aten_nested_all_cpu/debuf.mlir ==
  match          body#[0, 1]  cubSegmentedPrefixLogicalAnd_i32
  total: 1 matched / 1 bodies
",0,[],0,0,0,0,/home/arjaiswal/Polygeist/issues/aten_c_kernels/results/aten_nested_all_cpu/debuf.mlir,2539,0,2,2,329.61783930659294,0,65512,0.10738521814346313,0,6,0,0,"[{""body_indices"": [0, 1], ""symbol"": ""cubSegmentedPrefixLogicalAnd_i32""}]",1,0,20,0.0,20
aten,aten_nested_all_cpu,/home/arjaiswal/Polygeist/issues/aten_c_kernels/results/aten_nested_all_cpu/debuf.mlir,fc530597279a38e9b247bee32eb3f14f98ee5dde66fc38bae74d14246266048e,egglog,3,ok,0,813.6923052370548,0,"[""/usr/bin/python3"", ""/home/arjaiswal/Polygeist/scripts/correctness/kernel_match_rewrite.py"", ""/home/arjaiswal/Polygeist/issues/aten_c_kernels/results/aten_nested_all_cpu/debuf.mlir"", ""--dry-run"", ""--matcher-mode"", ""egglog"", ""--telemetry-json"", ""/home/arjaiswal/Polygeist/issues/equality_saturation_eval/campaign_20260908/aten-aten_nested_all_cpu-egglog-yra32229.json"", ""--disable-semantic-fallback""]","== match report for /home/arjaiswal/Polygeist/issues/aten_c_kernels/results/aten_nested_all_cpu/debuf.mlir ==
  match          body#[0, 1]  cubSegmentedPrefixLogicalAnd_i32
  total: 1 matched / 1 bodies
",0,[],0,0,0,0,/home/arjaiswal/Polygeist/issues/aten_c_kernels/results/aten_nested_all_cpu/debuf.mlir,2539,8,2,2,383.8360942900181,0,69800,66.29310920834541,6,6,0,0,"[{""body_indices"": [0, 1], ""symbol"": ""cubSegmentedPrefixLogicalAnd_i32""}]",1,0,0,0.0,20
aten,aten_nested_all_cpu,/home/arjaiswal/Polygeist/issues/aten_c_kernels/results/aten_nested_all_cpu/debuf.mlir,fc530597279a38e9b247bee32eb3f14f98ee5dde66fc38bae74d14246266048e,egglog,4,ok,0,808.9295923709869,0,"[""/usr/bin/python3"", ""/home/arjaiswal/Polygeist/scripts/correctness/kernel_match_rewrite.py"", ""/home/arjaiswal/Polygeist/issues/aten_c_kernels/results/aten_nested_all_cpu/debuf.mlir"", ""--dry-run"", ""--matcher-mode"", ""egglog"", ""--telemetry-json"", ""/home/arjaiswal/Polygeist/issues/equality_saturation_eval/campaign_20260908/aten-aten_nested_all_cpu-egglog-p9c7hi89.json"", ""--disable-semantic-fallback""]","== match report for /home/arjaiswal/Polygeist/issues/aten_c_kernels/results/aten_nested_all_cpu/debuf.mlir ==
  match          body#[0, 1]  cubSegmentedPrefixLogicalAnd_i32
  total: 1 matched / 1 bodies
",0,[],0,0,0,0,/home/arjaiswal/Polygeist/issues/aten_c_kernels/results/aten_nested_all_cpu/debuf.mlir,2539,8,2,2,387.13132962584496,0,69832,62.345776706933975,6,6,0,0,"[{""body_indices"": [0, 1], ""symbol"": ""cubSegmentedPrefixLogicalAnd_i32""}]",1,0,0,0.0,20
aten,aten_nested_all_cpu,/home/arjaiswal/Polygeist/issues/aten_c_kernels/results/aten_nested_all_cpu/debuf.mlir,fc530597279a38e9b247bee32eb3f14f98ee5dde66fc38bae74d14246266048e,syntactic,4,ok,0,767.4689777195454,0,"[""/usr/bin/python3"", ""/home/arjaiswal/Polygeist/scripts/correctness/kernel_match_rewrite.py"", ""/home/arjaiswal/Polygeist/issues/aten_c_kernels/results/aten_nested_all_cpu/debuf.mlir"", ""--dry-run"", ""--matcher-mode"", ""syntactic"", ""--telemetry-json"", ""/home/arjaiswal/Polygeist/issues/equality_saturation_eval/campaign_20260908/aten-aten_nested_all_cpu-syntactic-lf9euth9.json"", ""--disable-semantic-fallback""]","== match report for /home/arjaiswal/Polygeist/issues/aten_c_kernels/results/aten_nested_all_cpu/debuf.mlir ==
  match          body#[0, 1]  cubSegmentedPrefixLogicalAnd_i32
  total: 1 matched / 1 bodies
",0,[],0,0,0,0,/home/arjaiswal/Polygeist/issues/aten_c_kernels/results/aten_nested_all_cpu/debuf.mlir,2539,0,2,2,302.7700074017048,0,65592,0.10951235890388489,0,6,0,0,"[{""body_indices"": [0, 1], ""symbol"": ""cubSegmentedPrefixLogicalAnd_i32""}]",1,0,20,0.0,20
aten,aten_nested_all_cpu,/home/arjaiswal/Polygeist/issues/aten_c_kernels/results/aten_nested_all_cpu/debuf.mlir,fc530597279a38e9b247bee32eb3f14f98ee5dde66fc38bae74d14246266048e,syntactic,5,ok,0,741.1597780883312,0,"[""/usr/bin/python3"", ""/home/arjaiswal/Polygeist/scripts/correctness/kernel_match_rewrite.py"", ""/home/arjaiswal/Polygeist/issues/aten_c_kernels/results/aten_nested_all_cpu/debuf.mlir"", ""--dry-run"", ""--matcher-mode"", ""syntactic"", ""--telemetry-json"", ""/home/arjaiswal/Polygeist/issues/equality_saturation_eval/campaign_20260908/aten-aten_nested_all_cpu-syntactic-y31_lec4.json"", ""--disable-semantic-fallback""]","== match report for /home/arjaiswal/Polygeist/issues/aten_c_kernels/results/aten_nested_all_cpu/debuf.mlir ==
  match          body#[0, 1]  cubSegmentedPrefixLogicalAnd_i32
  total: 1 matched / 1 bodies
",0,[],0,0,0,0,/home/arjaiswal/Polygeist/issues/aten_c_kernels/results/aten_nested_all_cpu/debuf.mlir,2539,0,2,2,310.6948249042034,0,65800,0.09348616003990173,0,6,0,0,"[{""body_indices"": [0, 1], ""symbol"": ""cubSegmentedPrefixLogicalAnd_i32""}]",1,0,20,0.0,20
aten,aten_nested_all_cpu,/home/arjaiswal/Polygeist/issues/aten_c_kernels/results/aten_nested_all_cpu/debuf.mlir,fc530597279a38e9b247bee32eb3f14f98ee5dde66fc38bae74d14246266048e,egglog,5,ok,0,820.2203847467899,0,"[""/usr/bin/python3"", ""/home/arjaiswal/Polygeist/scripts/correctness/kernel_match_rewrite.py"", ""/home/arjaiswal/Polygeist/issues/aten_c_kernels/results/aten_nested_all_cpu/debuf.mlir"", ""--dry-run"", ""--matcher-mode"", ""egglog"", ""--telemetry-json"", ""/home/arjaiswal/Polygeist/issues/equality_saturation_eval/campaign_20260908/aten-aten_nested_all_cpu-egglog-aq9aag5o.json"", ""--disable-semantic-fallback""]","== match report for /home/arjaiswal/Polygeist/issues/aten_c_kernels/results/aten_nested_all_cpu/debuf.mlir ==
  match          body#[0, 1]  cubSegmentedPrefixLogicalAnd_i32
  total: 1 matched / 1 bodies
",0,[],0,0,0,0,/home/arjaiswal/Polygeist/issues/aten_c_kernels/results/aten_nested_all_cpu/debuf.mlir,2539,8,2,2,393.9944915473461,0,69596,59.166643768548965,6,6,0,0,"[{""body_indices"": [0, 1], ""symbol"": ""cubSegmentedPrefixLogicalAnd_i32""}]",1,0,0,0.0,20
aten,aten_nested_batch_offsets_cpu,/home/arjaiswal/Polygeist/issues/aten_c_kernels/results/aten_nested_batch_offsets_cpu/debuf.mlir,c1d1c0e56fa536c4e05f7b5f4d83a3bbf7dd8f83a67a61af74bc96f6797cce7c,egglog,1,ok,0,725.6617397069931,0,"[""/usr/bin/python3"", ""/home/arjaiswal/Polygeist/scripts/correctness/kernel_match_rewrite.py"", ""/home/arjaiswal/Polygeist/issues/aten_c_kernels/results/aten_nested_batch_offsets_cpu/debuf.mlir"", ""--dry-run"", ""--matcher-mode"", ""egglog"", ""--telemetry-json"", ""/home/arjaiswal/Polygeist/issues/equality_saturation_eval/campaign_20260908/aten-aten_nested_batch_offsets_cpu-egglog-yseygx97.json"", ""--disable-semantic-fallback""]","== match report for /home/arjaiswal/Polygeist/issues/aten_c_kernels/results/aten_nested_batch_offsets_cpu/debuf.mlir ==
  match          body#[0]  cubExclusiveSum1D_i32_memref
  total: 1 matched / 1 bodies
",0,[],0,0,0,0,/home/arjaiswal/Polygeist/issues/aten_c_kernels/results/aten_nested_batch_offsets_cpu/debuf.mlir,2471,8,1,1,305.1983639597893,0,69524,22.93127030134201,2,2,0,4,"[{""body_indices"": [0], ""symbol"": ""cubExclusiveSum1D_i32_memref""}]",1,0,0,0.0,2
aten,aten_nested_batch_offsets_cpu,/home/arjaiswal/Polygeist/issues/aten_c_kernels/results/aten_nested_batch_offsets_cpu/debuf.mlir,c1d1c0e56fa536c4e05f7b5f4d83a3bbf7dd8f83a67a61af74bc96f6797cce7c,syntactic,1,ok,0,680.7626411318779,0,"[""/usr/bin/python3"", ""/home/arjaiswal/Polygeist/scripts/correctness/kernel_match_rewrite.py"", ""/home/arjaiswal/Polygeist/issues/aten_c_kernels/results/aten_nested_batch_offsets_cpu/debuf.mlir"", ""--dry-run"", ""--matcher-mode"", ""syntactic"", ""--telemetry-json"", ""/home/arjaiswal/Polygeist/issues/equality_saturation_eval/campaign_20260908/aten-aten_nested_batch_offsets_cpu-syntactic-v8j76sfi.json"", ""--disable-semantic-fallback""]","== match report for /home/arjaiswal/Polygeist/issues/aten_c_kernels/results/aten_nested_batch_offsets_cpu/debuf.mlir ==
  match          body#[0]  cubExclusiveSum1D_i32_memref
  total: 1 matched / 1 bodies
",0,[],0,0,0,0,/home/arjaiswal/Polygeist/issues/aten_c_kernels/results/aten_nested_batch_offsets_cpu/debuf.mlir,2471,0,1,1,271.0627131164074,0,64668,0.013712793588638306,0,2,0,0,"[{""body_indices"": [0], ""symbol"": ""cubExclusiveSum1D_i32_memref""}]",1,0,2,0.0,2
aten,aten_nested_batch_offsets_cpu,/home/arjaiswal/Polygeist/issues/aten_c_kernels/results/aten_nested_batch_offsets_cpu/debuf.mlir,c1d1c0e56fa536c4e05f7b5f4d83a3bbf7dd8f83a67a61af74bc96f6797cce7c,syntactic,2,ok,0,685.3089556097984,0,"[""/usr/bin/python3"", ""/home/arjaiswal/Polygeist/scripts/correctness/kernel_match_rewrite.py"", ""/home/arjaiswal/Polygeist/issues/aten_c_kernels/results/aten_nested_batch_offsets_cpu/debuf.mlir"", ""--dry-run"", ""--matcher-mode"", ""syntactic"", ""--telemetry-json"", ""/home/arjaiswal/Polygeist/issues/equality_saturation_eval/campaign_20260908/aten-aten_nested_batch_offsets_cpu-syntactic-ny_x3kb6.json"", ""--disable-semantic-fallback""]","== match report for /home/arjaiswal/Polygeist/issues/aten_c_kernels/results/aten_nested_batch_offsets_cpu/debuf.mlir ==
  match          body#[0]  cubExclusiveSum1D_i32_memref
  total: 1 matched / 1 bodies
",0,[],0,0,0,0,/home/arjaiswal/Polygeist/issues/aten_c_kernels/results/aten_nested_batch_offsets_cpu/debuf.mlir,2471,0,1,1,274.1090916097164,0,64608,0.0135079026222229,0,2,0,0,"[{""body_indices"": [0], ""symbol"": ""cubExclusiveSum1D_i32_memref""}]",1,0,2,0.0,2
aten,aten_nested_batch_offsets_cpu,/home/arjaiswal/Polygeist/issues/aten_c_kernels/results/aten_nested_batch_offsets_cpu/debuf.mlir,c1d1c0e56fa536c4e05f7b5f4d83a3bbf7dd8f83a67a61af74bc96f6797cce7c,egglog,2,ok,0,705.3763531148434,0,"[""/usr/bin/python3"", ""/home/arjaiswal/Polygeist/scripts/correctness/kernel_match_rewrite.py"", ""/home/arjaiswal/Polygeist/issues/aten_c_kernels/results/aten_nested_batch_offsets_cpu/debuf.mlir"", ""--dry-run"", ""--matcher-mode"", ""egglog"", ""--telemetry-json"", ""/home/arjaiswal/Polygeist/issues/equality_saturation_eval/campaign_20260908/aten-aten_nested_batch_offsets_cpu-egglog-jtq51v29.json"", ""--disable-semantic-fallback""]","== match report for /home/arjaiswal/Polygeist/issues/aten_c_kernels/results/aten_nested_batch_offsets_cpu/debuf.mlir ==
  match          body#[0]  cubExclusiveSum1D_i32_memref
  total: 1 matched / 1 bodies
",0,[],0,0,0,0,/home/arjaiswal/Polygeist/issues/aten_c_kernels/results/aten_nested_batch_offsets_cpu/debuf.mlir,2471,8,1,1,290.94570875167847,0,69448,22.19025418162346,2,2,0,4,"[{""body_indices"": [0], ""symbol"": ""cubExclusiveSum1D_i32_memref""}]",1,0,0,0.0,2
aten,aten_nested_batch_offsets_cpu,/home/arjaiswal/Polygeist/issues/aten_c_kernels/results/aten_nested_batch_offsets_cpu/debuf.mlir,c1d1c0e56fa536c4e05f7b5f4d83a3bbf7dd8f83a67a61af74bc96f6797cce7c,egglog,3,ok,0,734.0539544820786,0,"[""/usr/bin/python3"", ""/home/arjaiswal/Polygeist/scripts/correctness/kernel_match_rewrite.py"", ""/home/arjaiswal/Polygeist/issues/aten_c_kernels/results/aten_nested_batch_offsets_cpu/debuf.mlir"", ""--dry-run"", ""--matcher-mode"", ""egglog"", ""--telemetry-json"", ""/home/arjaiswal/Polygeist/issues/equality_saturation_eval/campaign_20260908/aten-aten_nested_batch_offsets_cpu-egglog-g1e3alwl.json"", ""--disable-semantic-fallback""]","== match report for /home/arjaiswal/Polygeist/issues/aten_c_kernels/results/aten_nested_batch_offsets_cpu/debuf.mlir ==
  match          body#[0]  cubExclusiveSum1D_i32_memref
  total: 1 matched / 1 bodies
",0,[],0,0,0,0,/home/arjaiswal/Polygeist/issues/aten_c_kernels/results/aten_nested_batch_offsets_cpu/debuf.mlir,2471,8,1,1,286.8076525628567,0,69344,21.706804633140564,2,2,0,4,"[{""body_indices"": [0], ""symbol"": ""cubExclusiveSum1D_i32_memref""}]",1,0,0,0.0,2
aten,aten_nested_batch_offsets_cpu,/home/arjaiswal/Polygeist/issues/aten_c_kernels/results/aten_nested_batch_offsets_cpu/debuf.mlir,c1d1c0e56fa536c4e05f7b5f4d83a3bbf7dd8f83a67a61af74bc96f6797cce7c,syntactic,3,ok,0,678.8886450231075,0,"[""/usr/bin/python3"", ""/home/arjaiswal/Polygeist/scripts/correctness/kernel_match_rewrite.py"", ""/home/arjaiswal/Polygeist/issues/aten_c_kernels/results/aten_nested_batch_offsets_cpu/debuf.mlir"", ""--dry-run"", ""--matcher-mode"", ""syntactic"", ""--telemetry-json"", ""/home/arjaiswal/Polygeist/issues/equality_saturation_eval/campaign_20260908/aten-aten_nested_batch_offsets_cpu-syntactic-qezrnnlo.json"", ""--disable-semantic-fallback""]","== match report for /home/arjaiswal/Polygeist/issues/aten_c_kernels/results/aten_nested_batch_offsets_cpu/debuf.mlir ==
  match          body#[0]  cubExclusiveSum1D_i32_memref
  total: 1 matched / 1 bodies
",0,[],0,0,0,0,/home/arjaiswal/Polygeist/issues/aten_c_kernels/results/aten_nested_batch_offsets_cpu/debuf.mlir,2471,0,1,1,277.95492485165596,0,64680,0.01598149538040161,0,2,0,0,"[{""body_indices"": [0], ""symbol"": ""cubExclusiveSum1D_i32_memref""}]",1,0,2,0.0,2
aten,aten_nested_batch_offsets_cpu,/home/arjaiswal/Polygeist/issues/aten_c_kernels/results/aten_nested_batch_offsets_cpu/debuf.mlir,c1d1c0e56fa536c4e05f7b5f4d83a3bbf7dd8f83a67a61af74bc96f6797cce7c,syntactic,4,ok,0,702.7232386171818,0,"[""/usr/bin/python3"", ""/home/arjaiswal/Polygeist/scripts/correctness/kernel_match_rewrite.py"", ""/home/arjaiswal/Polygeist/issues/aten_c_kernels/results/aten_nested_batch_offsets_cpu/debuf.mlir"", ""--dry-run"", ""--matcher-mode"", ""syntactic"", ""--telemetry-json"", ""/home/arjaiswal/Polygeist/issues/equality_saturation_eval/campaign_20260908/aten-aten_nested_batch_offsets_cpu-syntactic-bymcq7v6.json"", ""--disable-semantic-fallback""]","== match report for /home/arjaiswal/Polygeist/issues/aten_c_kernels/results/aten_nested_batch_offsets_cpu/debuf.mlir ==
  match          body#[0]  cubExclusiveSum1D_i32_memref
  total: 1 matched / 1 bodies
",0,[],0,0,0,0,/home/arjaiswal/Polygeist/issues/aten_c_kernels/results/aten_nested_batch_offsets_cpu/debuf.mlir,2471,0,1,1,278.6962687969208,0,64924,0.01722574234008789,0,2,0,0,"[{""body_indices"": [0], ""symbol"": ""cubExclusiveSum1D_i32_memref""}]",1,0,2,0.0,2
aten,aten_nested_batch_offsets_cpu,/home/arjaiswal/Polygeist/issues/aten_c_kernels/results/aten_nested_batch_offsets_cpu/debuf.mlir,c1d1c0e56fa536c4e05f7b5f4d83a3bbf7dd8f83a67a61af74bc96f6797cce7c,egglog,4,ok,0,728.7566065788269,0,"[""/usr/bin/python3"", ""/home/arjaiswal/Polygeist/scripts/correctness/kernel_match_rewrite.py"", ""/home/arjaiswal/Polygeist/issues/aten_c_kernels/results/aten_nested_batch_offsets_cpu/debuf.mlir"", ""--dry-run"", ""--matcher-mode"", ""egglog"", ""--telemetry-json"", ""/home/arjaiswal/Polygeist/issues/equality_saturation_eval/campaign_20260908/aten-aten_nested_batch_offsets_cpu-egglog-6oqx0tak.json"", ""--disable-semantic-fallback""]","== match report for /home/arjaiswal/Polygeist/issues/aten_c_kernels/results/aten_nested_batch_offsets_cpu/debuf.mlir ==
  match          body#[0]  cubExclusiveSum1D_i32_memref
  total: 1 matched / 1 bodies
",0,[],0,0,0,0,/home/arjaiswal/Polygeist/issues/aten_c_kernels/results/aten_nested_batch_offsets_cpu/debuf.mlir,2471,8,1,1,287.23403066396713,0,69568,21.930769085884094,2,2,0,4,"[{""body_indices"": [0], ""symbol"": ""cubExclusiveSum1D_i32_memref""}]",1,0,0,0.0,2
aten,aten_nested_batch_offsets_cpu,/home/arjaiswal/Polygeist/issues/aten_c_kernels/results/aten_nested_batch_offsets_cpu/debuf.mlir,c1d1c0e56fa536c4e05f7b5f4d83a3bbf7dd8f83a67a61af74bc96f6797cce7c,egglog,5,ok,0,690.7752677798271,0,"[""/usr/bin/python3"", ""/home/arjaiswal/Polygeist/scripts/correctness/kernel_match_rewrite.py"", ""/home/arjaiswal/Polygeist/issues/aten_c_kernels/results/aten_nested_batch_offsets_cpu/debuf.mlir"", ""--dry-run"", ""--matcher-mode"", ""egglog"", ""--telemetry-json"", ""/home/arjaiswal/Polygeist/issues/equality_saturation_eval/campaign_20260908/aten-aten_nested_batch_offsets_cpu-egglog-tjvp3dhe.json"", ""--disable-semantic-fallback""]","== match report for /home/arjaiswal/Polygeist/issues/aten_c_kernels/results/aten_nested_batch_offsets_cpu/debuf.mlir ==
  match          body#[0]  cubExclusiveSum1D_i32_memref
  total: 1 matched / 1 bodies
",0,[],0,0,0,0,/home/arjaiswal/Polygeist/issues/aten_c_kernels/results/aten_nested_batch_offsets_cpu/debuf.mlir,2471,8,1,1,293.8591279089451,0,69464,21.960586309432983,2,2,0,4,"[{""body_indices"": [0], ""symbol"": ""cubExclusiveSum1D_i32_memref""}]",1,0,0,0.0,2
aten,aten_nested_batch_offsets_cpu,/home/arjaiswal/Polygeist/issues/aten_c_kernels/results/aten_nested_batch_offsets_cpu/debuf.mlir,c1d1c0e56fa536c4e05f7b5f4d83a3bbf7dd8f83a67a61af74bc96f6797cce7c,syntactic,5,ok,0,723.9696830511093,0,"[""/usr/bin/python3"", ""/home/arjaiswal/Polygeist/scripts/correctness/kernel_match_rewrite.py"", ""/home/arjaiswal/Polygeist/issues/aten_c_kernels/results/aten_nested_batch_offsets_cpu/debuf.mlir"", ""--dry-run"", ""--matcher-mode"", ""syntactic"", ""--telemetry-json"", ""/home/arjaiswal/Polygeist/issues/equality_saturation_eval/campaign_20260908/aten-aten_nested_batch_offsets_cpu-syntactic-ny_zvfu1.json"", ""--disable-semantic-fallback""]","== match report for /home/arjaiswal/Polygeist/issues/aten_c_kernels/results/aten_nested_batch_offsets_cpu/debuf.mlir ==
  match          body#[0]  cubExclusiveSum1D_i32_memref
  total: 1 matched / 1 bodies
",0,[],0,0,0,0,/home/arjaiswal/Polygeist/issues/aten_c_kernels/results/aten_nested_batch_offsets_cpu/debuf.mlir,2471,0,1,1,277.5406576693058,0,64988,0.013511627912521362,0,2,0,0,"[{""body_indices"": [0], ""symbol"": ""cubExclusiveSum1D_i32_memref""}]",1,0,2,0.0,2
aten,aten_nested_bmm_cpu,/home/arjaiswal/Polygeist/issues/aten_c_kernels/results/aten_nested_bmm_cpu/debuf.mlir,ef2140f8be6621c9b5901bc4c08ff6150ec4c52d5333564e7b0e13adf4240445,syntactic,1,ok,0,756.0885697603226,0,"[""/usr/bin/python3"", ""/home/arjaiswal/Polygeist/scripts/correctness/kernel_match_rewrite.py"", ""/home/arjaiswal/Polygeist/issues/aten_c_kernels/results/aten_nested_bmm_cpu/debuf.mlir"", ""--dry-run"", ""--matcher-mode"", ""syntactic"", ""--telemetry-json"", ""/home/arjaiswal/Polygeist/issues/equality_saturation_eval/campaign_20260908/aten-aten_nested_bmm_cpu-syntactic-f13k5ksl.json"", ""--disable-semantic-fallback""]","== match report for /home/arjaiswal/Polygeist/issues/aten_c_kernels/results/aten_nested_bmm_cpu/debuf.mlir ==
  match          body#[0, 1]  cublasSgemm_strided_batched_nn_zero
  total: 1 matched / 1 bodies
",0,[],0,0,0,0,/home/arjaiswal/Polygeist/issues/aten_c_kernels/results/aten_nested_bmm_cpu/debuf.mlir,3228,0,2,2,302.1576590836048,0,64760,0.039204955101013184,0,6,0,0,"[{""body_indices"": [0, 1], ""symbol"": ""cublasSgemm_strided_batched_nn_zero""}]",1,0,6,0.0,6
aten,aten_nested_bmm_cpu,/home/arjaiswal/Polygeist/issues/aten_c_kernels/results/aten_nested_bmm_cpu/debuf.mlir,ef2140f8be6621c9b5901bc4c08ff6150ec4c52d5333564e7b0e13adf4240445,egglog,1,ok,0,787.0919071137905,0,"[""/usr/bin/python3"", ""/home/arjaiswal/Polygeist/scripts/correctness/kernel_match_rewrite.py"", ""/home/arjaiswal/Polygeist/issues/aten_c_kernels/results/aten_nested_bmm_cpu/debuf.mlir"", ""--dry-run"", ""--matcher-mode"", ""egglog"", ""--telemetry-json"", ""/home/arjaiswal/Polygeist/issues/equality_saturation_eval/campaign_20260908/aten-aten_nested_bmm_cpu-egglog-tc45uikz.json"", ""--disable-semantic-fallback""]","== match report for /home/arjaiswal/Polygeist/issues/aten_c_kernels/results/aten_nested_bmm_cpu/debuf.mlir ==
  match          body#[0, 1]  cublasSgemm_strided_batched_nn_zero
  total: 1 matched / 1 bodies
",0,[],0,0,0,0,/home/arjaiswal/Polygeist/issues/aten_c_kernels/results/aten_nested_bmm_cpu/debuf.mlir,3228,8,2,2,361.6286367177963,0,69976,64.16796147823334,6,6,0,8,"[{""body_indices"": [0, 1], ""symbol"": ""cublasSgemm_strided_batched_nn_zero""}]",1,0,0,0.0,6
aten,aten_nested_bmm_cpu,/home/arjaiswal/Polygeist/issues/aten_c_kernels/results/aten_nested_bmm_cpu/debuf.mlir,ef2140f8be6621c9b5901bc4c08ff6150ec4c52d5333564e7b0e13adf4240445,egglog,2,ok,0,769.699614495039,0,"[""/usr/bin/python3"", ""/home/arjaiswal/Polygeist/scripts/correctness/kernel_match_rewrite.py"", ""/home/arjaiswal/Polygeist/issues/aten_c_kernels/results/aten_nested_bmm_cpu/debuf.mlir"", ""--dry-run"", ""--matcher-mode"", ""egglog"", ""--telemetry-json"", ""/home/arjaiswal/Polygeist/issues/equality_saturation_eval/campaign_20260908/aten-aten_nested_bmm_cpu-egglog-gsk2yxkq.json"", ""--disable-semantic-fallback""]","== match report for /home/arjaiswal/Polygeist/issues/aten_c_kernels/results/aten_nested_bmm_cpu/debuf.mlir ==
  match          body#[0, 1]  cublasSgemm_strided_batched_nn_zero
  total: 1 matched / 1 bodies
",0,[],0,0,0,0,/home/arjaiswal/Polygeist/issues/aten_c_kernels/results/aten_nested_bmm_cpu/debuf.mlir,3228,8,2,2,347.27906808257103,0,69928,63.25247883796692,6,6,0,8,"[{""body_indices"": [0, 1], ""symbol"": ""cublasSgemm_strided_batched_nn_zero""}]",1,0,0,0.0,6
aten,aten_nested_bmm_cpu,/home/arjaiswal/Polygeist/issues/aten_c_kernels/results/aten_nested_bmm_cpu/debuf.mlir,ef2140f8be6621c9b5901bc4c08ff6150ec4c52d5333564e7b0e13adf4240445,syntactic,2,ok,0,696.1842514574528,0,"[""/usr/bin/python3"", ""/home/arjaiswal/Polygeist/scripts/correctness/kernel_match_rewrite.py"", ""/home/arjaiswal/Polygeist/issues/aten_c_kernels/results/aten_nested_bmm_cpu/debuf.mlir"", ""--dry-run"", ""--matcher-mode"", ""syntactic"", ""--telemetry-json"", ""/home/arjaiswal/Polygeist/issues/equality_saturation_eval/campaign_20260908/aten-aten_nested_bmm_cpu-syntactic-5lptqgtp.json"", ""--disable-semantic-fallback""]","== match report for /home/arjaiswal/Polygeist/issues/aten_c_kernels/results/aten_nested_bmm_cpu/debuf.mlir ==
  match          body#[0, 1]  cublasSgemm_strided_batched_nn_zero
  total: 1 matched / 1 bodies
",0,[],0,0,0,0,/home/arjaiswal/Polygeist/issues/aten_c_kernels/results/aten_nested_bmm_cpu/debuf.mlir,3228,0,2,2,277.87357568740845,0,64536,0.03303214907646179,0,6,0,0,"[{""body_indices"": [0, 1], ""symbol"": ""cublasSgemm_strided_batched_nn_zero""}]",1,0,6,0.0,6
aten,aten_nested_bmm_cpu,/home/arjaiswal/Polygeist/issues/aten_c_kernels/results/aten_nested_bmm_cpu/debuf.mlir,ef2140f8be6621c9b5901bc4c08ff6150ec4c52d5333564e7b0e13adf4240445,syntactic,3,ok,0,697.639063000679,0,"[""/usr/bin/python3"", ""/home/arjaiswal/Polygeist/scripts/correctness/kernel_match_rewrite.py"", ""/home/arjaiswal/Polygeist/issues/aten_c_kernels/results/aten_nested_bmm_cpu/debuf.mlir"", ""--dry-run"", ""--matcher-mode"", ""syntactic"", ""--telemetry-json"", ""/home/arjaiswal/Polygeist/issues/equality_saturation_eval/campaign_20260908/aten-aten_nested_bmm_cpu-syntactic-m0b5ampr.json"", ""--disable-semantic-fallback""]","== match report for /home/arjaiswal/Polygeist/issues/aten_c_kernels/results/aten_nested_bmm_cpu/debuf.mlir ==
  match          body#[0, 1]  cublasSgemm_strided_batched_nn_zero
  total: 1 matched / 1 bodies
",0,[],0,0,0,0,/home/arjaiswal/Polygeist/issues/aten_c_kernels/results/aten_nested_bmm_cpu/debuf.mlir,3228,0,2,2,281.73715248703957,0,64460,0.04224851727485657,0,6,0,0,"[{""body_indices"": [0, 1], ""symbol"": ""cublasSgemm_strided_batched_nn_zero""}]",1,0,6,0.0,6
aten,aten_nested_bmm_cpu,/home/arjaiswal/Polygeist/issues/aten_c_kernels/results/aten_nested_bmm_cpu/debuf.mlir,ef2140f8be6621c9b5901bc4c08ff6150ec4c52d5333564e7b0e13adf4240445,egglog,3,ok,0,767.6107697188854,0,"[""/usr/bin/python3"", ""/home/arjaiswal/Polygeist/scripts/correctness/kernel_match_rewrite.py"", ""/home/arjaiswal/Polygeist/issues/aten_c_kernels/results/aten_nested_bmm_cpu/debuf.mlir"", ""--dry-run"", ""--matcher-mode"", ""egglog"", ""--telemetry-json"", ""/home/arjaiswal/Polygeist/issues/equality_saturation_eval/campaign_20260908/aten-aten_nested_bmm_cpu-egglog-_1kyi7ur.json"", ""--disable-semantic-fallback""]","== match report for /home/arjaiswal/Polygeist/issues/aten_c_kernels/results/aten_nested_bmm_cpu/debuf.mlir ==
  match          body#[0, 1]  cublasSgemm_strided_batched_nn_zero
  total: 1 matched / 1 bodies
",0,[],0,0,0,0,/home/arjaiswal/Polygeist/issues/aten_c_kernels/results/aten_nested_bmm_cpu/debuf.mlir,3228,8,2,2,345.23653611540794,0,69988,61.15857884287834,6,6,0,8,"[{""body_indices"": [0, 1], ""symbol"": ""cublasSgemm_strided_batched_nn_zero""}]",1,0,0,0.0,6
aten,aten_nested_bmm_cpu,/home/arjaiswal/Polygeist/issues/aten_c_kernels/results/aten_nested_bmm_cpu/debuf.mlir,ef2140f8be6621c9b5901bc4c08ff6150ec4c52d5333564e7b0e13adf4240445,egglog,4,ok,0,818.1200101971626,0,"[""/usr/bin/python3"", ""/home/arjaiswal/Polygeist/scripts/correctness/kernel_match_rewrite.py"", ""/home/arjaiswal/Polygeist/issues/aten_c_kernels/results/aten_nested_bmm_cpu/debuf.mlir"", ""--dry-run"", ""--matcher-mode"", ""egglog"", ""--telemetry-json"", ""/home/arjaiswal/Polygeist/issues/equality_saturation_eval/campaign_20260908/aten-aten_nested_bmm_cpu-egglog-58zh8oc2.json"", ""--disable-semantic-fallback""]","== match report for /home/arjaiswal/Polygeist/issues/aten_c_kernels/results/aten_nested_bmm_cpu/debuf.mlir ==
  match          body#[0, 1]  cublasSgemm_strided_batched_nn_zero
  total: 1 matched / 1 bodies
",0,[],0,0,0,0,/home/arjaiswal/Polygeist/issues/aten_c_kernels/results/aten_nested_bmm_cpu/debuf.mlir,3228,8,2,2,379.371952265501,0,69876,62.131285667419434,6,6,0,8,"[{""body_indices"": [0, 1], ""symbol"": ""cublasSgemm_strided_batched_nn_zero""}]",1,0,0,0.0,6
aten,aten_nested_bmm_cpu,/home/arjaiswal/Polygeist/issues/aten_c_kernels/results/aten_nested_bmm_cpu/debuf.mlir,ef2140f8be6621c9b5901bc4c08ff6150ec4c52d5333564e7b0e13adf4240445,syntactic,4,ok,0,750.3218948841095,0,"[""/usr/bin/python3"", ""/home/arjaiswal/Polygeist/scripts/correctness/kernel_match_rewrite.py"", ""/home/arjaiswal/Polygeist/issues/aten_c_kernels/results/aten_nested_bmm_cpu/debuf.mlir"", ""--dry-run"", ""--matcher-mode"", ""syntactic"", ""--telemetry-json"", ""/home/arjaiswal/Polygeist/issues/equality_saturation_eval/campaign_20260908/aten-aten_nested_bmm_cpu-syntactic-nndtsls5.json"", ""--disable-semantic-fallback""]","== match report for /home/arjaiswal/Polygeist/issues/aten_c_kernels/results/aten_nested_bmm_cpu/debuf.mlir ==
  match          body#[0, 1]  cublasSgemm_strided_batched_nn_zero
  total: 1 matched / 1 bodies
",0,[],0,0,0,0,/home/arjaiswal/Polygeist/issues/aten_c_kernels/results/aten_nested_bmm_cpu/debuf.mlir,3228,0,2,2,293.96675154566765,0,64572,0.033270567655563354,0,6,0,0,"[{""body_indices"": [0, 1], ""symbol"": ""cublasSgemm_strided_batched_nn_zero""}]",1,0,6,0.0,6
aten,aten_nested_bmm_cpu,/home/arjaiswal/Polygeist/issues/aten_c_kernels/results/aten_nested_bmm_cpu/debuf.mlir,ef2140f8be6621c9b5901bc4c08ff6150ec4c52d5333564e7b0e13adf4240445,syntactic,5,ok,0,737.6753278076649,0,"[""/usr/bin/python3"", ""/home/arjaiswal/Polygeist/scripts/correctness/kernel_match_rewrite.py"", ""/home/arjaiswal/Polygeist/issues/aten_c_kernels/results/aten_nested_bmm_cpu/debuf.mlir"", ""--dry-run"", ""--matcher-mode"", ""syntactic"", ""--telemetry-json"", ""/home/arjaiswal/Polygeist/issues/equality_saturation_eval/campaign_20260908/aten-aten_nested_bmm_cpu-syntactic-223tps6y.json"", ""--disable-semantic-fallback""]","== match report for /home/arjaiswal/Polygeist/issues/aten_c_kernels/results/aten_nested_bmm_cpu/debuf.mlir ==
  match          body#[0, 1]  cublasSgemm_strided_batched_nn_zero
  total: 1 matched / 1 bodies
",0,[],0,0,0,0,/home/arjaiswal/Polygeist/issues/aten_c_kernels/results/aten_nested_bmm_cpu/debuf.mlir,3228,0,2,2,290.8613495528698,0,64808,0.03247708082199097,0,6,0,0,"[{""body_indices"": [0, 1], ""symbol"": ""cublasSgemm_strided_batched_nn_zero""}]",1,0,6,0.0,6
aten,aten_nested_bmm_cpu,/home/arjaiswal/Polygeist/issues/aten_c_kernels/results/aten_nested_bmm_cpu/debuf.mlir,ef2140f8be6621c9b5901bc4c08ff6150ec4c52d5333564e7b0e13adf4240445,egglog,5,ok,0,799.8605109751225,0,"[""/usr/bin/python3"", ""/home/arjaiswal/Polygeist/scripts/correctness/kernel_match_rewrite.py"", ""/home/arjaiswal/Polygeist/issues/aten_c_kernels/results/aten_nested_bmm_cpu/debuf.mlir"", ""--dry-run"", ""--matcher-mode"", ""egglog"", ""--telemetry-json"", ""/home/arjaiswal/Polygeist/issues/equality_saturation_eval/campaign_20260908/aten-aten_nested_bmm_cpu-egglog-3rom49vt.json"", ""--disable-semantic-fallback""]","== match report for /home/arjaiswal/Polygeist/issues/aten_c_kernels/results/aten_nested_bmm_cpu/debuf.mlir ==
  match          body#[0, 1]  cublasSgemm_strided_batched_nn_zero
  total: 1 matched / 1 bodies
",0,[],0,0,0,0,/home/arjaiswal/Polygeist/issues/aten_c_kernels/results/aten_nested_bmm_cpu/debuf.mlir,3228,8,2,2,345.9339141845703,0,69672,63.22620436549187,6,6,0,8,"[{""body_indices"": [0, 1], ""symbol"": ""cublasSgemm_strided_batched_nn_zero""}]",1,0,0,0.0,6
aten,aten_nested_clone_cpu,/home/arjaiswal/Polygeist/issues/aten_c_kernels/results/aten_nested_clone_cpu/debuf.mlir,2ed88e1e7bea457c860d104fe3579a5591c903770ffa6e94f89cc961acf7cfd5,egglog,1,ok,0,854.1369698941708,0,"[""/usr/bin/python3"", ""/home/arjaiswal/Polygeist/scripts/correctness/kernel_match_rewrite.py"", ""/home/arjaiswal/Polygeist/issues/aten_c_kernels/results/aten_nested_clone_cpu/debuf.mlir"", ""--dry-run"", ""--matcher-mode"", ""egglog"", ""--telemetry-json"", ""/home/arjaiswal/Polygeist/issues/equality_saturation_eval/campaign_20260908/aten-aten_nested_clone_cpu-egglog-h9uq98d9.json"", ""--disable-semantic-fallback""]","== match report for /home/arjaiswal/Polygeist/issues/aten_c_kernels/results/aten_nested_clone_cpu/debuf.mlir ==
  match          body#[0]  cudaCopy2D_f32_tensor
  total: 1 matched / 1 bodies
",0,[],0,0,0,0,/home/arjaiswal/Polygeist/issues/aten_c_kernels/results/aten_nested_clone_cpu/debuf.mlir,2246,8,1,1,407.00600296258926,0,69832,21.98796719312668,2,2,0,0,"[{""body_indices"": [0], ""symbol"": ""cudaCopy2D_f32_tensor""}]",1,0,0,0.0,50
aten,aten_nested_clone_cpu,/home/arjaiswal/Polygeist/issues/aten_c_kernels/results/aten_nested_clone_cpu/debuf.mlir,2ed88e1e7bea457c860d104fe3579a5591c903770ffa6e94f89cc961acf7cfd5,syntactic,1,ok,0,829.2899690568447,0,"[""/usr/bin/python3"", ""/home/arjaiswal/Polygeist/scripts/correctness/kernel_match_rewrite.py"", ""/home/arjaiswal/Polygeist/issues/aten_c_kernels/results/aten_nested_clone_cpu/debuf.mlir"", ""--dry-run"", ""--matcher-mode"", ""syntactic"", ""--telemetry-json"", ""/home/arjaiswal/Polygeist/issues/equality_saturation_eval/campaign_20260908/aten-aten_nested_clone_cpu-syntactic-i3j3e0y9.json"", ""--disable-semantic-fallback""]","== match report for /home/arjaiswal/Polygeist/issues/aten_c_kernels/results/aten_nested_clone_cpu/debuf.mlir ==
  match          body#[0]  cudaCopy2D_f32_tensor
  total: 1 matched / 1 bodies
",0,[],0,0,0,0,/home/arjaiswal/Polygeist/issues/aten_c_kernels/results/aten_nested_clone_cpu/debuf.mlir,2246,0,1,1,398.40441569685936,0,65752,0.11968985199928284,0,2,0,0,"[{""body_indices"": [0], ""symbol"": ""cudaCopy2D_f32_tensor""}]",1,0,50,0.0,50
aten,aten_nested_clone_cpu,/home/arjaiswal/Polygeist/issues/aten_c_kernels/results/aten_nested_clone_cpu/debuf.mlir,2ed88e1e7bea457c860d104fe3579a5591c903770ffa6e94f89cc961acf7cfd5,syntactic,2,ok,0,826.6758695244789,0,"[""/usr/bin/python3"", ""/home/arjaiswal/Polygeist/scripts/correctness/kernel_match_rewrite.py"", ""/home/arjaiswal/Polygeist/issues/aten_c_kernels/results/aten_nested_clone_cpu/debuf.mlir"", ""--dry-run"", ""--matcher-mode"", ""syntactic"", ""--telemetry-json"", ""/home/arjaiswal/Polygeist/issues/equality_saturation_eval/campaign_20260908/aten-aten_nested_clone_cpu-syntactic-fy0pursy.json"", ""--disable-semantic-fallback""]","== match report for /home/arjaiswal/Polygeist/issues/aten_c_kernels/results/aten_nested_clone_cpu/debuf.mlir ==
  match          body#[0]  cudaCopy2D_f32_tensor
  total: 1 matched / 1 bodies
",0,[],0,0,0,0,/home/arjaiswal/Polygeist/issues/aten_c_kernels/results/aten_nested_clone_cpu/debuf.mlir,2246,0,1,1,402.62365713715553,0,65644,0.12481957674026489,0,2,0,0,"[{""body_indices"": [0], ""symbol"": ""cudaCopy2D_f32_tensor""}]",1,0,50,0.0,50
aten,aten_nested_clone_cpu,/home/arjaiswal/Polygeist/issues/aten_c_kernels/results/aten_nested_clone_cpu/debuf.mlir,2ed88e1e7bea457c860d104fe3579a5591c903770ffa6e94f89cc961acf7cfd5,egglog,2,ok,0,869.3861812353134,0,"[""/usr/bin/python3"", ""/home/arjaiswal/Polygeist/scripts/correctness/kernel_match_rewrite.py"", ""/home/arjaiswal/Polygeist/issues/aten_c_kernels/results/aten_nested_clone_cpu/debuf.mlir"", ""--dry-run"", ""--matcher-mode"", ""egglog"", ""--telemetry-json"", ""/home/arjaiswal/Polygeist/issues/equality_saturation_eval/campaign_20260908/aten-aten_nested_clone_cpu-egglog-4yohxpvl.json"", ""--disable-semantic-fallback""]","== match report for /home/arjaiswal/Polygeist/issues/aten_c_kernels/results/aten_nested_clone_cpu/debuf.mlir ==
  match          body#[0]  cudaCopy2D_f32_tensor
  total: 1 matched / 1 bodies
",0,[],0,0,0,0,/home/arjaiswal/Polygeist/issues/aten_c_kernels/results/aten_nested_clone_cpu/debuf.mlir,2246,8,1,1,433.71352180838585,0,69808,24.035904556512833,2,2,0,0,"[{""body_indices"": [0], ""symbol"": ""cudaCopy2D_f32_tensor""}]",1,0,0,0.0,50
aten,aten_nested_clone_cpu,/home/arjaiswal/Polygeist/issues/aten_c_kernels/results/aten_nested_clone_cpu/debuf.mlir,2ed88e1e7bea457c860d104fe3579a5591c903770ffa6e94f89cc961acf7cfd5,egglog,3,ok,0,832.0195227861404,0,"[""/usr/bin/python3"", ""/home/arjaiswal/Polygeist/scripts/correctness/kernel_match_rewrite.py"", ""/home/arjaiswal/Polygeist/issues/aten_c_kernels/results/aten_nested_clone_cpu/debuf.mlir"", ""--dry-run"", ""--matcher-mode"", ""egglog"", ""--telemetry-json"", ""/home/arjaiswal/Polygeist/issues/equality_saturation_eval/campaign_20260908/aten-aten_nested_clone_cpu-egglog-gdu5ih5s.json"", ""--disable-semantic-fallback""]","== match report for /home/arjaiswal/Polygeist/issues/aten_c_kernels/results/aten_nested_clone_cpu/debuf.mlir ==
  match          body#[0]  cudaCopy2D_f32_tensor
  total: 1 matched / 1 bodies
",0,[],0,0,0,0,/home/arjaiswal/Polygeist/issues/aten_c_kernels/results/aten_nested_clone_cpu/debuf.mlir,2246,8,1,1,404.5558385550976,0,69848,21.72234281897545,2,2,0,0,"[{""body_indices"": [0], ""symbol"": ""cudaCopy2D_f32_tensor""}]",1,0,0,0.0,50
aten,aten_nested_clone_cpu,/home/arjaiswal/Polygeist/issues/aten_c_kernels/results/aten_nested_clone_cpu/debuf.mlir,2ed88e1e7bea457c860d104fe3579a5591c903770ffa6e94f89cc961acf7cfd5,syntactic,3,ok,0,831.2913328409195,0,"[""/usr/bin/python3"", ""/home/arjaiswal/Polygeist/scripts/correctness/kernel_match_rewrite.py"", ""/home/arjaiswal/Polygeist/issues/aten_c_kernels/results/aten_nested_clone_cpu/debuf.mlir"", ""--dry-run"", ""--matcher-mode"", ""syntactic"", ""--telemetry-json"", ""/home/arjaiswal/Polygeist/issues/equality_saturation_eval/campaign_20260908/aten-aten_nested_clone_cpu-syntactic-lr6b50jw.json"", ""--disable-semantic-fallback""]","== match report for /home/arjaiswal/Polygeist/issues/aten_c_kernels/results/aten_nested_clone_cpu/debuf.mlir ==
  match          body#[0]  cudaCopy2D_f32_tensor
  total: 1 matched / 1 bodies
",0,[],0,0,0,0,/home/arjaiswal/Polygeist/issues/aten_c_kernels/results/aten_nested_clone_cpu/debuf.mlir,2246,0,1,1,399.5024748146534,0,65420,0.1214928925037384,0,2,0,0,"[{""body_indices"": [0], ""symbol"": ""cudaCopy2D_f32_tensor""}]",1,0,50,0.0,50
aten,aten_nested_clone_cpu,/home/arjaiswal/Polygeist/issues/aten_c_kernels/results/aten_nested_clone_cpu/debuf.mlir,2ed88e1e7bea457c860d104fe3579a5591c903770ffa6e94f89cc961acf7cfd5,syntactic,4,ok,0,831.7993842065334,0,"[""/usr/bin/python3"", ""/home/arjaiswal/Polygeist/scripts/correctness/kernel_match_rewrite.py"", ""/home/arjaiswal/Polygeist/issues/aten_c_kernels/results/aten_nested_clone_cpu/debuf.mlir"", ""--dry-run"", ""--matcher-mode"", ""syntactic"", ""--telemetry-json"", ""/home/arjaiswal/Polygeist/issues/equality_saturation_eval/campaign_20260908/aten-aten_nested_clone_cpu-syntactic-ywtbk_gc.json"", ""--disable-semantic-fallback""]","== match report for /home/arjaiswal/Polygeist/issues/aten_c_kernels/results/aten_nested_clone_cpu/debuf.mlir ==
  match          body#[0]  cudaCopy2D_f32_tensor
  total: 1 matched / 1 bodies
",0,[],0,0,0,0,/home/arjaiswal/Polygeist/issues/aten_c_kernels/results/aten_nested_clone_cpu/debuf.mlir,2246,0,1,1,389.918502420187,0,65748,0.12080371379852295,0,2,0,0,"[{""body_indices"": [0], ""symbol"": ""cudaCopy2D_f32_tensor""}]",1,0,50,0.0,50
aten,aten_nested_clone_cpu,/home/arjaiswal/Polygeist/issues/aten_c_kernels/results/aten_nested_clone_cpu/debuf.mlir,2ed88e1e7bea457c860d104fe3579a5591c903770ffa6e94f89cc961acf7cfd5,egglog,4,ok,0,870.903879404068,0,"[""/usr/bin/python3"", ""/home/arjaiswal/Polygeist/scripts/correctness/kernel_match_rewrite.py"", ""/home/arjaiswal/Polygeist/issues/aten_c_kernels/results/aten_nested_clone_cpu/debuf.mlir"", ""--dry-run"", ""--matcher-mode"", ""egglog"", ""--telemetry-json"", ""/home/arjaiswal/Polygeist/issues/equality_saturation_eval/campaign_20260908/aten-aten_nested_clone_cpu-egglog-pzs51khc.json"", ""--disable-semantic-fallback""]","== match report for /home/arjaiswal/Polygeist/issues/aten_c_kernels/results/aten_nested_clone_cpu/debuf.mlir ==
  match          body#[0]  cudaCopy2D_f32_tensor
  total: 1 matched / 1 bodies
",0,[],0,0,0,0,/home/arjaiswal/Polygeist/issues/aten_c_kernels/results/aten_nested_clone_cpu/debuf.mlir,2246,8,1,1,428.8894347846508,0,69764,24.10031110048294,2,2,0,0,"[{""body_indices"": [0], ""symbol"": ""cudaCopy2D_f32_tensor""}]",1,0,0,0.0,50
aten,aten_nested_clone_cpu,/home/arjaiswal/Polygeist/issues/aten_c_kernels/results/aten_nested_clone_cpu/debuf.mlir,2ed88e1e7bea457c860d104fe3579a5591c903770ffa6e94f89cc961acf7cfd5,egglog,5,ok,0,847.1752591431141,0,"[""/usr/bin/python3"", ""/home/arjaiswal/Polygeist/scripts/correctness/kernel_match_rewrite.py"", ""/home/arjaiswal/Polygeist/issues/aten_c_kernels/results/aten_nested_clone_cpu/debuf.mlir"", ""--dry-run"", ""--matcher-mode"", ""egglog"", ""--telemetry-json"", ""/home/arjaiswal/Polygeist/issues/equality_saturation_eval/campaign_20260908/aten-aten_nested_clone_cpu-egglog-5xk3t_3a.json"", ""--disable-semantic-fallback""]","== match report for /home/arjaiswal/Polygeist/issues/aten_c_kernels/results/aten_nested_clone_cpu/debuf.mlir ==
  match          body#[0]  cudaCopy2D_f32_tensor
  total: 1 matched / 1 bodies
",0,[],0,0,0,0,/home/arjaiswal/Polygeist/issues/aten_c_kernels/results/aten_nested_clone_cpu/debuf.mlir,2246,8,1,1,421.0221767425537,0,69832,22.2635418176651,2,2,0,0,"[{""body_indices"": [0], ""symbol"": ""cudaCopy2D_f32_tensor""}]",1,0,0,0.0,50
aten,aten_nested_clone_cpu,/home/arjaiswal/Polygeist/issues/aten_c_kernels/results/aten_nested_clone_cpu/debuf.mlir,2ed88e1e7bea457c860d104fe3579a5591c903770ffa6e94f89cc961acf7cfd5,syntactic,5,ok,0,813.1986707448959,0,"[""/usr/bin/python3"", ""/home/arjaiswal/Polygeist/scripts/correctness/kernel_match_rewrite.py"", ""/home/arjaiswal/Polygeist/issues/aten_c_kernels/results/aten_nested_clone_cpu/debuf.mlir"", ""--dry-run"", ""--matcher-mode"", ""syntactic"", ""--telemetry-json"", ""/home/arjaiswal/Polygeist/issues/equality_saturation_eval/campaign_20260908/aten-aten_nested_clone_cpu-syntactic-wd3f_4l7.json"", ""--disable-semantic-fallback""]","== match report for /home/arjaiswal/Polygeist/issues/aten_c_kernels/results/aten_nested_clone_cpu/debuf.mlir ==
  match          body#[0]  cudaCopy2D_f32_tensor
  total: 1 matched / 1 bodies
",0,[],0,0,0,0,/home/arjaiswal/Polygeist/issues/aten_c_kernels/results/aten_nested_clone_cpu/debuf.mlir,2246,0,1,1,381.7171938717365,0,65588,0.12445449829101562,0,2,0,0,"[{""body_indices"": [0], ""symbol"": ""cudaCopy2D_f32_tensor""}]",1,0,50,0.0,50
aten,aten_nested_from_padded_cpu,/home/arjaiswal/Polygeist/issues/aten_c_kernels/results/aten_nested_from_padded_cpu/debuf.mlir,0489cb6f99dc167203103011ca6a532994157cf09367f20a49b5f615733da98f,syntactic,1,ok,0,730.014007538557,0,"[""/usr/bin/python3"", ""/home/arjaiswal/Polygeist/scripts/correctness/kernel_match_rewrite.py"", ""/home/arjaiswal/Polygeist/issues/aten_c_kernels/results/aten_nested_from_padded_cpu/debuf.mlir"", ""--dry-run"", ""--matcher-mode"", ""syntactic"", ""--telemetry-json"", ""/home/arjaiswal/Polygeist/issues/equality_saturation_eval/campaign_20260908/aten-aten_nested_from_padded_cpu-syntactic-pnnhl74f.json"", ""--disable-semantic-fallback""]","== match report for /home/arjaiswal/Polygeist/issues/aten_c_kernels/results/aten_nested_from_padded_cpu/debuf.mlir ==
  no_match       body#0  ?
  total: 0 matched / 1 bodies
",0,[],0,0,0,0,/home/arjaiswal/Polygeist/issues/aten_c_kernels/results/aten_nested_from_padded_cpu/debuf.mlir,2727,0,1,0,304.5077435672283,1,65592,0.018399208784103394,0,0,0,0,[],0,0,2,0.0,2
aten,aten_nested_from_padded_cpu,/home/arjaiswal/Polygeist/issues/aten_c_kernels/results/aten_nested_from_padded_cpu/debuf.mlir,0489cb6f99dc167203103011ca6a532994157cf09367f20a49b5f615733da98f,egglog,1,ok,0,709.8043486475945,0,"[""/usr/bin/python3"", ""/home/arjaiswal/Polygeist/scripts/correctness/kernel_match_rewrite.py"", ""/home/arjaiswal/Polygeist/issues/aten_c_kernels/results/aten_nested_from_padded_cpu/debuf.mlir"", ""--dry-run"", ""--matcher-mode"", ""egglog"", ""--telemetry-json"", ""/home/arjaiswal/Polygeist/issues/equality_saturation_eval/campaign_20260908/aten-aten_nested_from_padded_cpu-egglog-0hg3xqz3.json"", ""--disable-semantic-fallback""]","== match report for /home/arjaiswal/Polygeist/issues/aten_c_kernels/results/aten_nested_from_padded_cpu/debuf.mlir ==
  no_match       body#0  ?
  total: 0 matched / 1 bodies
",0,[],0,0,0,0,/home/arjaiswal/Polygeist/issues/aten_c_kernels/results/aten_nested_from_padded_cpu/debuf.mlir,2727,8,1,0,280.2274189889431,1,65848,0.0,0,0,0,0,[],0,0,0,0.0,2
aten,aten_nested_from_padded_cpu,/home/arjaiswal/Polygeist/issues/aten_c_kernels/results/aten_nested_from_padded_cpu/debuf.mlir,0489cb6f99dc167203103011ca6a532994157cf09367f20a49b5f615733da98f,egglog,2,ok,0,688.4667836129665,0,"[""/usr/bin/python3"", ""/home/arjaiswal/Polygeist/scripts/correctness/kernel_match_rewrite.py"", ""/home/arjaiswal/Polygeist/issues/aten_c_kernels/results/aten_nested_from_padded_cpu/debuf.mlir"", ""--dry-run"", ""--matcher-mode"", ""egglog"", ""--telemetry-json"", ""/home/arjaiswal/Polygeist/issues/equality_saturation_eval/campaign_20260908/aten-aten_nested_from_padded_cpu-egglog-_e6tq9ka.json"", ""--disable-semantic-fallback""]","== match report for /home/arjaiswal/Polygeist/issues/aten_c_kernels/results/aten_nested_from_padded_cpu/debuf.mlir ==
  no_match       body#0  ?
  total: 0 matched / 1 bodies
",0,[],0,0,0,0,/home/arjaiswal/Polygeist/issues/aten_c_kernels/results/aten_nested_from_padded_cpu/debuf.mlir,2727,8,1,0,283.670324832201,1,65608,0.0,0,0,0,0,[],0,0,0,0.0,2
aten,aten_nested_from_padded_cpu,/home/arjaiswal/Polygeist/issues/aten_c_kernels/results/aten_nested_from_padded_cpu/debuf.mlir,0489cb6f99dc167203103011ca6a532994157cf09367f20a49b5f615733da98f,syntactic,2,ok,0,760.0392177700996,0,"[""/usr/bin/python3"", ""/home/arjaiswal/Polygeist/scripts/correctness/kernel_match_rewrite.py"", ""/home/arjaiswal/Polygeist/issues/aten_c_kernels/results/aten_nested_from_padded_cpu/debuf.mlir"", ""--dry-run"", ""--matcher-mode"", ""syntactic"", ""--telemetry-json"", ""/home/arjaiswal/Polygeist/issues/equality_saturation_eval/campaign_20260908/aten-aten_nested_from_padded_cpu-syntactic-9p4v1ivo.json"", ""--disable-semantic-fallback""]","== match report for /home/arjaiswal/Polygeist/issues/aten_c_kernels/results/aten_nested_from_padded_cpu/debuf.mlir ==
  no_match       body#0  ?
  total: 0 matched / 1 bodies
",0,[],0,0,0,0,/home/arjaiswal/Polygeist/issues/aten_c_kernels/results/aten_nested_from_padded_cpu/debuf.mlir,2727,0,1,0,327.1228075027466,1,65852,0.017557293176651,0,0,0,0,[],0,0,2,0.0,2
aten,aten_nested_from_padded_cpu,/home/arjaiswal/Polygeist/issues/aten_c_kernels/results/aten_nested_from_padded_cpu/debuf.mlir,0489cb6f99dc167203103011ca6a532994157cf09367f20a49b5f615733da98f,syntactic,3,ok,0,717.4599729478359,0,"[""/usr/bin/python3"", ""/home/arjaiswal/Polygeist/scripts/correctness/kernel_match_rewrite.py"", ""/home/arjaiswal/Polygeist/issues/aten_c_kernels/results/aten_nested_from_padded_cpu/debuf.mlir"", ""--dry-run"", ""--matcher-mode"", ""syntactic"", ""--telemetry-json"", ""/home/arjaiswal/Polygeist/issues/equality_saturation_eval/campaign_20260908/aten-aten_nested_from_padded_cpu-syntactic-tktuf1vs.json"", ""--disable-semantic-fallback""]","== match report for /home/arjaiswal/Polygeist/issues/aten_c_kernels/results/aten_nested_from_padded_cpu/debuf.mlir ==
  no_match       body#0  ?
  total: 0 matched / 1 bodies
",0,[],0,0,0,0,/home/arjaiswal/Polygeist/issues/aten_c_kernels/results/aten_nested_from_padded_cpu/debuf.mlir,2727,0,1,0,288.255762308836,1,65536,0.021398067474365234,0,0,0,0,[],0,0,2,0.0,2
aten,aten_nested_from_padded_cpu,/home/arjaiswal/Polygeist/issues/aten_c_kernels/results/aten_nested_from_padded_cpu/debuf.mlir,0489cb6f99dc167203103011ca6a532994157cf09367f20a49b5f615733da98f,egglog,3,ok,0,723.9731848239899,0,"[""/usr/bin/python3"", ""/home/arjaiswal/Polygeist/scripts/correctness/kernel_match_rewrite.py"", ""/home/arjaiswal/Polygeist/issues/aten_c_kernels/results/aten_nested_from_padded_cpu/debuf.mlir"", ""--dry-run"", ""--matcher-mode"", ""egglog"", ""--telemetry-json"", ""/home/arjaiswal/Polygeist/issues/equality_saturation_eval/campaign_20260908/aten-aten_nested_from_padded_cpu-egglog-0l75x1_h.json"", ""--disable-semantic-fallback""]","== match report for /home/arjaiswal/Polygeist/issues/aten_c_kernels/results/aten_nested_from_padded_cpu/debuf.mlir ==
  no_match       body#0  ?
  total: 0 matched / 1 bodies
",0,[],0,0,0,0,/home/arjaiswal/Polygeist/issues/aten_c_kernels/results/aten_nested_from_padded_cpu/debuf.mlir,2727,8,1,0,298.0670966207981,1,65736,0.0,0,0,0,0,[],0,0,0,0.0,2
aten,aten_nested_from_padded_cpu,/home/arjaiswal/Polygeist/issues/aten_c_kernels/results/aten_nested_from_padded_cpu/debuf.mlir,0489cb6f99dc167203103011ca6a532994157cf09367f20a49b5f615733da98f,egglog,4,ok,0,736.1195273697376,0,"[""/usr/bin/python3"", ""/home/arjaiswal/Polygeist/scripts/correctness/kernel_match_rewrite.py"", ""/home/arjaiswal/Polygeist/issues/aten_c_kernels/results/aten_nested_from_padded_cpu/debuf.mlir"", ""--dry-run"", ""--matcher-mode"", ""egglog"", ""--telemetry-json"", ""/home/arjaiswal/Polygeist/issues/equality_saturation_eval/campaign_20260908/aten-aten_nested_from_padded_cpu-egglog-u7l9uq90.json"", ""--disable-semantic-fallback""]","== match report for /home/arjaiswal/Polygeist/issues/aten_c_kernels/results/aten_nested_from_padded_cpu/debuf.mlir ==
  no_match       body#0  ?
  total: 0 matched / 1 bodies
",0,[],0,0,0,0,/home/arjaiswal/Polygeist/issues/aten_c_kernels/results/aten_nested_from_padded_cpu/debuf.mlir,2727,8,1,0,302.49564722180367,1,65752,0.0,0,0,0,0,[],0,0,0,0.0,2
aten,aten_nested_from_padded_cpu,/home/arjaiswal/Polygeist/issues/aten_c_kernels/results/aten_nested_from_padded_cpu/debuf.mlir,0489cb6f99dc167203103011ca6a532994157cf09367f20a49b5f615733da98f,syntactic,4,ok,0,723.0413742363453,0,"[""/usr/bin/python3"", ""/home/arjaiswal/Polygeist/scripts/correctness/kernel_match_rewrite.py"", ""/home/arjaiswal/Polygeist/issues/aten_c_kernels/results/aten_nested_from_padded_cpu/debuf.mlir"", ""--dry-run"", ""--matcher-mode"", ""syntactic"", ""--telemetry-json"", ""/home/arjaiswal/Polygeist/issues/equality_saturation_eval/campaign_20260908/aten-aten_nested_from_padded_cpu-syntactic-ne83a41q.json"", ""--disable-semantic-fallback""]","== match report for /home/arjaiswal/Polygeist/issues/aten_c_kernels/results/aten_nested_from_padded_cpu/debuf.mlir ==
  no_match       body#0  ?
  total: 0 matched / 1 bodies
",0,[],0,0,0,0,/home/arjaiswal/Polygeist/issues/aten_c_kernels/results/aten_nested_from_padded_cpu/debuf.mlir,2727,0,1,0,300.16741156578064,1,65616,0.017352402210235596,0,0,0,0,[],0,0,2,0.0,2
aten,aten_nested_from_padded_cpu,/home/arjaiswal/Polygeist/issues/aten_c_kernels/results/aten_nested_from_padded_cpu/debuf.mlir,0489cb6f99dc167203103011ca6a532994157cf09367f20a49b5f615733da98f,syntactic,5,ok,0,731.6723428666592,0,"[""/usr/bin/python3"", ""/home/arjaiswal/Polygeist/scripts/correctness/kernel_match_rewrite.py"", ""/home/arjaiswal/Polygeist/issues/aten_c_kernels/results/aten_nested_from_padded_cpu/debuf.mlir"", ""--dry-run"", ""--matcher-mode"", ""syntactic"", ""--telemetry-json"", ""/home/arjaiswal/Polygeist/issues/equality_saturation_eval/campaign_20260908/aten-aten_nested_from_padded_cpu-syntactic-ij40v7wb.json"", ""--disable-semantic-fallback""]","== match report for /home/arjaiswal/Polygeist/issues/aten_c_kernels/results/aten_nested_from_padded_cpu/debuf.mlir ==
  no_match       body#0  ?
  total: 0 matched / 1 bodies
",0,[],0,0,0,0,/home/arjaiswal/Polygeist/issues/aten_c_kernels/results/aten_nested_from_padded_cpu/debuf.mlir,2727,0,1,0,297.78148978948593,1,65720,0.031925737857818604,0,0,0,0,[],0,0,2,0.0,2
aten,aten_nested_from_padded_cpu,/home/arjaiswal/Polygeist/issues/aten_c_kernels/results/aten_nested_from_padded_cpu/debuf.mlir,0489cb6f99dc167203103011ca6a532994157cf09367f20a49b5f615733da98f,egglog,5,ok,0,745.9047585725784,0,"[""/usr/bin/python3"", ""/home/arjaiswal/Polygeist/scripts/correctness/kernel_match_rewrite.py"", ""/home/arjaiswal/Polygeist/issues/aten_c_kernels/results/aten_nested_from_padded_cpu/debuf.mlir"", ""--dry-run"", ""--matcher-mode"", ""egglog"", ""--telemetry-json"", ""/home/arjaiswal/Polygeist/issues/equality_saturation_eval/campaign_20260908/aten-aten_nested_from_padded_cpu-egglog-nrs4t5tt.json"", ""--disable-semantic-fallback""]","== match report for /home/arjaiswal/Polygeist/issues/aten_c_kernels/results/aten_nested_from_padded_cpu/debuf.mlir ==
  no_match       body#0  ?
  total: 0 matched / 1 bodies
",0,[],0,0,0,0,/home/arjaiswal/Polygeist/issues/aten_c_kernels/results/aten_nested_from_padded_cpu/debuf.mlir,2727,8,1,0,303.55051159858704,1,65592,0.0,0,0,0,0,[],0,0,0,0.0,2
aten,aten_nested_matmul_broadcast_cpu,/home/arjaiswal/Polygeist/issues/aten_c_kernels/results/aten_nested_matmul_broadcast_cpu/debuf.mlir,99526bd5b2c75ca913a32e37808920fb7d722b4fa9bd32e2eb3eca7b46573cd8,egglog,1,ok,0,777.4991765618324,0,"[""/usr/bin/python3"", ""/home/arjaiswal/Polygeist/scripts/correctness/kernel_match_rewrite.py"", ""/home/arjaiswal/Polygeist/issues/aten_c_kernels/results/aten_nested_matmul_broadcast_cpu/debuf.mlir"", ""--dry-run"", ""--matcher-mode"", ""egglog"", ""--telemetry-json"", ""/home/arjaiswal/Polygeist/issues/equality_saturation_eval/campaign_20260908/aten-aten_nested_matmul_broadcast_cpu-egglog-m7tw664o.json"", ""--disable-semantic-fallback""]","== match report for /home/arjaiswal/Polygeist/issues/aten_c_kernels/results/aten_nested_matmul_broadcast_cpu/debuf.mlir ==
  match          body#[0, 1]  cublasSgemm_strided_batched_broadcast_rhs
  total: 1 matched / 1 bodies
",0,[],0,0,0,0,/home/arjaiswal/Polygeist/issues/aten_c_kernels/results/aten_nested_matmul_broadcast_cpu/debuf.mlir,3213,8,2,2,354.8835851252079,0,69848,64.55206498503685,6,6,0,8,"[{""body_indices"": [0, 1], ""symbol"": ""cublasSgemm_strided_batched_broadcast_rhs""}]",1,0,0,0.0,6
aten,aten_nested_matmul_broadcast_cpu,/home/arjaiswal/Polygeist/issues/aten_c_kernels/results/aten_nested_matmul_broadcast_cpu/debuf.mlir,99526bd5b2c75ca913a32e37808920fb7d722b4fa9bd32e2eb3eca7b46573cd8,syntactic,1,ok,0,704.9080394208431,0,"[""/usr/bin/python3"", ""/home/arjaiswal/Polygeist/scripts/correctness/kernel_match_rewrite.py"", ""/home/arjaiswal/Polygeist/issues/aten_c_kernels/results/aten_nested_matmul_broadcast_cpu/debuf.mlir"", ""--dry-run"", ""--matcher-mode"", ""syntactic"", ""--telemetry-json"", ""/home/arjaiswal/Polygeist/issues/equality_saturation_eval/campaign_20260908/aten-aten_nested_matmul_broadcast_cpu-syntactic-aveylf_r.json"", ""--disable-semantic-fallback""]","== match report for /home/arjaiswal/Polygeist/issues/aten_c_kernels/results/aten_nested_matmul_broadcast_cpu/debuf.mlir ==
  match          body#[0, 1]  cublasSgemm_strided_batched_broadcast_rhs
  total: 1 matched / 1 bodies
",0,[],0,0,0,0,/home/arjaiswal/Polygeist/issues/aten_c_kernels/results/aten_nested_matmul_broadcast_cpu/debuf.mlir,3213,0,2,2,281.44360333681107,0,64680,0.0331588089466095,0,6,0,0,"[{""body_indices"": [0, 1], ""symbol"": ""cublasSgemm_strided_batched_broadcast_rhs""}]",1,0,6,0.0,6
aten,aten_nested_matmul_broadcast_cpu,/home/arjaiswal/Polygeist/issues/aten_c_kernels/results/aten_nested_matmul_broadcast_cpu/debuf.mlir,99526bd5b2c75ca913a32e37808920fb7d722b4fa9bd32e2eb3eca7b46573cd8,syntactic,2,ok,0,701.6962245106697,0,"[""/usr/bin/python3"", ""/home/arjaiswal/Polygeist/scripts/correctness/kernel_match_rewrite.py"", ""/home/arjaiswal/Polygeist/issues/aten_c_kernels/results/aten_nested_matmul_broadcast_cpu/debuf.mlir"", ""--dry-run"", ""--matcher-mode"", ""syntactic"", ""--telemetry-json"", ""/home/arjaiswal/Polygeist/issues/equality_saturation_eval/campaign_20260908/aten-aten_nested_matmul_broadcast_cpu-syntactic-q9tg1qe0.json"", ""--disable-semantic-fallback""]","== match report for /home/arjaiswal/Polygeist/issues/aten_c_kernels/results/aten_nested_matmul_broadcast_cpu/debuf.mlir ==
  match          body#[0, 1]  cublasSgemm_strided_batched_broadcast_rhs
  total: 1 matched / 1 bodies
",0,[],0,0,0,0,/home/arjaiswal/Polygeist/issues/aten_c_kernels/results/aten_nested_matmul_broadcast_cpu/debuf.mlir,3213,0,2,2,281.8574383854866,0,64460,0.03257766366004944,0,6,0,0,"[{""body_indices"": [0, 1], ""symbol"": ""cublasSgemm_strided_batched_broadcast_rhs""}]",1,0,6,0.0,6
aten,aten_nested_matmul_broadcast_cpu,/home/arjaiswal/Polygeist/issues/aten_c_kernels/results/aten_nested_matmul_broadcast_cpu/debuf.mlir,99526bd5b2c75ca913a32e37808920fb7d722b4fa9bd32e2eb3eca7b46573cd8,egglog,2,ok,0,817.2795809805393,0,"[""/usr/bin/python3"", ""/home/arjaiswal/Polygeist/scripts/correctness/kernel_match_rewrite.py"", ""/home/arjaiswal/Polygeist/issues/aten_c_kernels/results/aten_nested_matmul_broadcast_cpu/debuf.mlir"", ""--dry-run"", ""--matcher-mode"", ""egglog"", ""--telemetry-json"", ""/home/arjaiswal/Polygeist/issues/equality_saturation_eval/campaign_20260908/aten-aten_nested_matmul_broadcast_cpu-egglog-ty20zr0o.json"", ""--disable-semantic-fallback""]","== match report for /home/arjaiswal/Polygeist/issues/aten_c_kernels/results/aten_nested_matmul_broadcast_cpu/debuf.mlir ==
  match          body#[0, 1]  cublasSgemm_strided_batched_broadcast_rhs
  total: 1 matched / 1 bodies
",0,[],0,0,0,0,/home/arjaiswal/Polygeist/issues/aten_c_kernels/results/aten_nested_matmul_broadcast_cpu/debuf.mlir,3213,8,2,2,363.75487223267555,0,69816,62.23249435424805,6,6,0,8,"[{""body_indices"": [0, 1], ""symbol"": ""cublasSgemm_strided_batched_broadcast_rhs""}]",1,0,0,0.0,6
aten,aten_nested_matmul_broadcast_cpu,/home/arjaiswal/Polygeist/issues/aten_c_kernels/results/aten_nested_matmul_broadcast_cpu/debuf.mlir,99526bd5b2c75ca913a32e37808920fb7d722b4fa9bd32e2eb3eca7b46573cd8,egglog,3,ok,0,754.5265108346939,0,"[""/usr/bin/python3"", ""/home/arjaiswal/Polygeist/scripts/correctness/kernel_match_rewrite.py"", ""/home/arjaiswal/Polygeist/issues/aten_c_kernels/results/aten_nested_matmul_broadcast_cpu/debuf.mlir"", ""--dry-run"", ""--matcher-mode"", ""egglog"", ""--telemetry-json"", ""/home/arjaiswal/Polygeist/issues/equality_saturation_eval/campaign_20260908/aten-aten_nested_matmul_broadcast_cpu-egglog-_yaacfqm.json"", ""--disable-semantic-fallback""]","== match report for /home/arjaiswal/Polygeist/issues/aten_c_kernels/results/aten_nested_matmul_broadcast_cpu/debuf.mlir ==
  match          body#[0, 1]  cublasSgemm_strided_batched_broadcast_rhs
  total: 1 matched / 1 bodies
",0,[],0,0,0,0,/home/arjaiswal/Polygeist/issues/aten_c_kernels/results/aten_nested_matmul_broadcast_cpu/debuf.mlir,3213,8,2,2,343.02081912755966,0,69880,63.75180929899216,6,6,0,8,"[{""body_indices"": [0, 1], ""symbol"": ""cublasSgemm_strided_batched_broadcast_rhs""}]",1,0,0,0.0,6
aten,aten_nested_matmul_broadcast_cpu,/home/arjaiswal/Polygeist/issues/aten_c_kernels/results/aten_nested_matmul_broadcast_cpu/debuf.mlir,99526bd5b2c75ca913a32e37808920fb7d722b4fa9bd32e2eb3eca7b46573cd8,syntactic,3,ok,0,700.1680247485638,0,"[""/usr/bin/python3"", ""/home/arjaiswal/Polygeist/scripts/correctness/kernel_match_rewrite.py"", ""/home/arjaiswal/Polygeist/issues/aten_c_kernels/results/aten_nested_matmul_broadcast_cpu/debuf.mlir"", ""--dry-run"", ""--matcher-mode"", ""syntactic"", ""--telemetry-json"", ""/home/arjaiswal/Polygeist/issues/equality_saturation_eval/campaign_20260908/aten-aten_nested_matmul_broadcast_cpu-syntactic-m35x5vpz.json"", ""--disable-semantic-fallback""]","== match report for /home/arjaiswal/Polygeist/issues/aten_c_kernels/results/aten_nested_matmul_broadcast_cpu/debuf.mlir ==
  match          body#[0, 1]  cublasSgemm_strided_batched_broadcast_rhs
  total: 1 matched / 1 bodies
",0,[],0,0,0,0,/home/arjaiswal/Polygeist/issues/aten_c_kernels/results/aten_nested_matmul_broadcast_cpu/debuf.mlir,3213,0,2,2,287.1375195682049,0,64644,0.044949352741241455,0,6,0,0,"[{""body_indices"": [0, 1], ""symbol"": ""cublasSgemm_strided_batched_broadcast_rhs""}]",1,0,6,0.0,6
aten,aten_nested_matmul_broadcast_cpu,/home/arjaiswal/Polygeist/issues/aten_c_kernels/results/aten_nested_matmul_broadcast_cpu/debuf.mlir,99526bd5b2c75ca913a32e37808920fb7d722b4fa9bd32e2eb3eca7b46573cd8,syntactic,4,ok,0,717.7892960608006,0,"[""/usr/bin/python3"", ""/home/arjaiswal/Polygeist/scripts/correctness/kernel_match_rewrite.py"", ""/home/arjaiswal/Polygeist/issues/aten_c_kernels/results/aten_nested_matmul_broadcast_cpu/debuf.mlir"", ""--dry-run"", ""--matcher-mode"", ""syntactic"", ""--telemetry-json"", ""/home/arjaiswal/Polygeist/issues/equality_saturation_eval/campaign_20260908/aten-aten_nested_matmul_broadcast_cpu-syntactic-pk5fui9y.json"", ""--disable-semantic-fallback""]","== match report for /home/arjaiswal/Polygeist/issues/aten_c_kernels/results/aten_nested_matmul_broadcast_cpu/debuf.mlir ==
  match          body#[0, 1]  cublasSgemm_strided_batched_broadcast_rhs
  total: 1 matched / 1 bodies
",0,[],0,0,0,0,/home/arjaiswal/Polygeist/issues/aten_c_kernels/results/aten_nested_matmul_broadcast_cpu/debuf.mlir,3213,0,2,2,289.00518640875816,0,64396,0.033583492040634155,0,6,0,0,"[{""body_indices"": [0, 1], ""symbol"": ""cublasSgemm_strided_batched_broadcast_rhs""}]",1,0,6,0.0,6
aten,aten_nested_matmul_broadcast_cpu,/home/arjaiswal/Polygeist/issues/aten_c_kernels/results/aten_nested_matmul_broadcast_cpu/debuf.mlir,99526bd5b2c75ca913a32e37808920fb7d722b4fa9bd32e2eb3eca7b46573cd8,egglog,4,ok,0,778.4285247325897,0,"[""/usr/bin/python3"", ""/home/arjaiswal/Polygeist/scripts/correctness/kernel_match_rewrite.py"", ""/home/arjaiswal/Polygeist/issues/aten_c_kernels/results/aten_nested_matmul_broadcast_cpu/debuf.mlir"", ""--dry-run"", ""--matcher-mode"", ""egglog"", ""--telemetry-json"", ""/home/arjaiswal/Polygeist/issues/equality_saturation_eval/campaign_20260908/aten-aten_nested_matmul_broadcast_cpu-egglog-nb6kxz28.json"", ""--disable-semantic-fallback""]","== match report for /home/arjaiswal/Polygeist/issues/aten_c_kernels/results/aten_nested_matmul_broadcast_cpu/debuf.mlir ==
  match          body#[0, 1]  cublasSgemm_strided_batched_broadcast_rhs
  total: 1 matched / 1 bodies
",0,[],0,0,0,0,/home/arjaiswal/Polygeist/issues/aten_c_kernels/results/aten_nested_matmul_broadcast_cpu/debuf.mlir,3213,8,2,2,346.3911563158035,0,69740,65.81317260861397,6,6,0,8,"[{""body_indices"": [0, 1], ""symbol"": ""cublasSgemm_strided_batched_broadcast_rhs""}]",1,0,0,0.0,6
aten,aten_nested_matmul_broadcast_cpu,/home/arjaiswal/Polygeist/issues/aten_c_kernels/results/aten_nested_matmul_broadcast_cpu/debuf.mlir,99526bd5b2c75ca913a32e37808920fb7d722b4fa9bd32e2eb3eca7b46573cd8,egglog,5,ok,0,795.2112890779972,0,"[""/usr/bin/python3"", ""/home/arjaiswal/Polygeist/scripts/correctness/kernel_match_rewrite.py"", ""/home/arjaiswal/Polygeist/issues/aten_c_kernels/results/aten_nested_matmul_broadcast_cpu/debuf.mlir"", ""--dry-run"", ""--matcher-mode"", ""egglog"", ""--telemetry-json"", ""/home/arjaiswal/Polygeist/issues/equality_saturation_eval/campaign_20260908/aten-aten_nested_matmul_broadcast_cpu-egglog-90rti_ig.json"", ""--disable-semantic-fallback""]","== match report for /home/arjaiswal/Polygeist/issues/aten_c_kernels/results/aten_nested_matmul_broadcast_cpu/debuf.mlir ==
  match          body#[0, 1]  cublasSgemm_strided_batched_broadcast_rhs
  total: 1 matched / 1 bodies
",0,[],0,0,0,0,/home/arjaiswal/Polygeist/issues/aten_c_kernels/results/aten_nested_matmul_broadcast_cpu/debuf.mlir,3213,8,2,2,361.48347705602646,0,69756,62.81589716672897,6,6,0,8,"[{""body_indices"": [0, 1], ""symbol"": ""cublasSgemm_strided_batched_broadcast_rhs""}]",1,0,0,0.0,6
aten,aten_nested_matmul_broadcast_cpu,/home/arjaiswal/Polygeist/issues/aten_c_kernels/results/aten_nested_matmul_broadcast_cpu/debuf.mlir,99526bd5b2c75ca913a32e37808920fb7d722b4fa9bd32e2eb3eca7b46573cd8,syntactic,5,ok,0,758.0015175044537,0,"[""/usr/bin/python3"", ""/home/arjaiswal/Polygeist/scripts/correctness/kernel_match_rewrite.py"", ""/home/arjaiswal/Polygeist/issues/aten_c_kernels/results/aten_nested_matmul_broadcast_cpu/debuf.mlir"", ""--dry-run"", ""--matcher-mode"", ""syntactic"", ""--telemetry-json"", ""/home/arjaiswal/Polygeist/issues/equality_saturation_eval/campaign_20260908/aten-aten_nested_matmul_broadcast_cpu-syntactic-mi91tym6.json"", ""--disable-semantic-fallback""]","== match report for /home/arjaiswal/Polygeist/issues/aten_c_kernels/results/aten_nested_matmul_broadcast_cpu/debuf.mlir ==
  match          body#[0, 1]  cublasSgemm_strided_batched_broadcast_rhs
  total: 1 matched / 1 bodies
",0,[],0,0,0,0,/home/arjaiswal/Polygeist/issues/aten_c_kernels/results/aten_nested_matmul_broadcast_cpu/debuf.mlir,3213,0,2,2,307.42397159338,0,64732,0.03357231616973877,0,6,0,0,"[{""body_indices"": [0, 1], ""symbol"": ""cublasSgemm_strided_batched_broadcast_rhs""}]",1,0,6,0.0,6
aten,aten_nested_pad_cpu,/home/arjaiswal/Polygeist/issues/aten_c_kernels/results/aten_nested_pad_cpu/debuf.mlir,9c3bf99d6312d6757ba8dfd4de144b51f23fd14a66a8d95c1b7637aedc07ceae,syntactic,1,ok,0,921.0202172398567,0,"[""/usr/bin/python3"", ""/home/arjaiswal/Polygeist/scripts/correctness/kernel_match_rewrite.py"", ""/home/arjaiswal/Polygeist/issues/aten_c_kernels/results/aten_nested_pad_cpu/debuf.mlir"", ""--dry-run"", ""--matcher-mode"", ""syntactic"", ""--telemetry-json"", ""/home/arjaiswal/Polygeist/issues/equality_saturation_eval/campaign_20260908/aten-aten_nested_pad_cpu-syntactic-vmmxp35u.json"", ""--disable-semantic-fallback""]","== match report for /home/arjaiswal/Polygeist/issues/aten_c_kernels/results/aten_nested_pad_cpu/debuf.mlir ==
  no_match       body#0  ?
  total: 0 matched / 1 bodies
",0,[],0,0,0,0,/home/arjaiswal/Polygeist/issues/aten_c_kernels/results/aten_nested_pad_cpu/debuf.mlir,2517,0,1,0,488.93042653799057,1,65792,0.13548508286476135,0,0,0,0,[],0,0,52,0.0,52
aten,aten_nested_pad_cpu,/home/arjaiswal/Polygeist/issues/aten_c_kernels/results/aten_nested_pad_cpu/debuf.mlir,9c3bf99d6312d6757ba8dfd4de144b51f23fd14a66a8d95c1b7637aedc07ceae,egglog,1,ok,0,925.393134355545,0,"[""/usr/bin/python3"", ""/home/arjaiswal/Polygeist/scripts/correctness/kernel_match_rewrite.py"", ""/home/arjaiswal/Polygeist/issues/aten_c_kernels/results/aten_nested_pad_cpu/debuf.mlir"", ""--dry-run"", ""--matcher-mode"", ""egglog"", ""--telemetry-json"", ""/home/arjaiswal/Polygeist/issues/equality_saturation_eval/campaign_20260908/aten-aten_nested_pad_cpu-egglog-kvnuev9c.json"", ""--disable-semantic-fallback""]","== match report for /home/arjaiswal/Polygeist/issues/aten_c_kernels/results/aten_nested_pad_cpu/debuf.mlir ==
  no_match       body#0  ?
  total: 0 matched / 1 bodies
",0,[],0,0,0,0,/home/arjaiswal/Polygeist/issues/aten_c_kernels/results/aten_nested_pad_cpu/debuf.mlir,2517,8,1,0,486.0037788748741,1,65908,0.0,0,0,0,0,[],0,0,0,0.0,52
aten,aten_nested_pad_cpu,/home/arjaiswal/Polygeist/issues/aten_c_kernels/results/aten_nested_pad_cpu/debuf.mlir,9c3bf99d6312d6757ba8dfd4de144b51f23fd14a66a8d95c1b7637aedc07ceae,egglog,2,ok,0,924.5114475488663,0,"[""/usr/bin/python3"", ""/home/arjaiswal/Polygeist/scripts/correctness/kernel_match_rewrite.py"", ""/home/arjaiswal/Polygeist/issues/aten_c_kernels/results/aten_nested_pad_cpu/debuf.mlir"", ""--dry-run"", ""--matcher-mode"", ""egglog"", ""--telemetry-json"", ""/home/arjaiswal/Polygeist/issues/equality_saturation_eval/campaign_20260908/aten-aten_nested_pad_cpu-egglog-0o978110.json"", ""--disable-semantic-fallback""]","== match report for /home/arjaiswal/Polygeist/issues/aten_c_kernels/results/aten_nested_pad_cpu/debuf.mlir ==
  no_match       body#0  ?
  total: 0 matched / 1 bodies
",0,[],0,0,0,0,/home/arjaiswal/Polygeist/issues/aten_c_kernels/results/aten_nested_pad_cpu/debuf.mlir,2517,8,1,0,484.34245586395264,1,65740,0.0,0,0,0,0,[],0,0,0,0.0,52
aten,aten_nested_pad_cpu,/home/arjaiswal/Polygeist/issues/aten_c_kernels/results/aten_nested_pad_cpu/debuf.mlir,9c3bf99d6312d6757ba8dfd4de144b51f23fd14a66a8d95c1b7637aedc07ceae,syntactic,2,ok,0,942.0516304671764,0,"[""/usr/bin/python3"", ""/home/arjaiswal/Polygeist/scripts/correctness/kernel_match_rewrite.py"", ""/home/arjaiswal/Polygeist/issues/aten_c_kernels/results/aten_nested_pad_cpu/debuf.mlir"", ""--dry-run"", ""--matcher-mode"", ""syntactic"", ""--telemetry-json"", ""/home/arjaiswal/Polygeist/issues/equality_saturation_eval/campaign_20260908/aten-aten_nested_pad_cpu-syntactic-rhdsy5qn.json"", ""--disable-semantic-fallback""]","== match report for /home/arjaiswal/Polygeist/issues/aten_c_kernels/results/aten_nested_pad_cpu/debuf.mlir ==
  no_match       body#0  ?
  total: 0 matched / 1 bodies
",0,[],0,0,0,0,/home/arjaiswal/Polygeist/issues/aten_c_kernels/results/aten_nested_pad_cpu/debuf.mlir,2517,0,1,0,479.6278886497021,1,65932,0.17089024186134338,0,0,0,0,[],0,0,52,0.0,52
aten,aten_nested_pad_cpu,/home/arjaiswal/Polygeist/issues/aten_c_kernels/results/aten_nested_pad_cpu/debuf.mlir,9c3bf99d6312d6757ba8dfd4de144b51f23fd14a66a8d95c1b7637aedc07ceae,syntactic,3,ok,0,935.3522323071957,0,"[""/usr/bin/python3"", ""/home/arjaiswal/Polygeist/scripts/correctness/kernel_match_rewrite.py"", ""/home/arjaiswal/Polygeist/issues/aten_c_kernels/results/aten_nested_pad_cpu/debuf.mlir"", ""--dry-run"", ""--matcher-mode"", ""syntactic"", ""--telemetry-json"", ""/home/arjaiswal/Polygeist/issues/equality_saturation_eval/campaign_20260908/aten-aten_nested_pad_cpu-syntactic-t21_uu3g.json"", ""--disable-semantic-fallback""]","== match report for /home/arjaiswal/Polygeist/issues/aten_c_kernels/results/aten_nested_pad_cpu/debuf.mlir ==
  no_match       body#0  ?
  total: 0 matched / 1 bodies
",0,[],0,0,0,0,/home/arjaiswal/Polygeist/issues/aten_c_kernels/results/aten_nested_pad_cpu/debuf.mlir,2517,0,1,0,489.11387473344803,1,65772,0.12899935245513916,0,0,0,0,[],0,0,52,0.0,52
aten,aten_nested_pad_cpu,/home/arjaiswal/Polygeist/issues/aten_c_kernels/results/aten_nested_pad_cpu/debuf.mlir,9c3bf99d6312d6757ba8dfd4de144b51f23fd14a66a8d95c1b7637aedc07ceae,egglog,3,ok,0,911.1036211252213,0,"[""/usr/bin/python3"", ""/home/arjaiswal/Polygeist/scripts/correctness/kernel_match_rewrite.py"", ""/home/arjaiswal/Polygeist/issues/aten_c_kernels/results/aten_nested_pad_cpu/debuf.mlir"", ""--dry-run"", ""--matcher-mode"", ""egglog"", ""--telemetry-json"", ""/home/arjaiswal/Polygeist/issues/equality_saturation_eval/campaign_20260908/aten-aten_nested_pad_cpu-egglog-ru35f5t7.json"", ""--disable-semantic-fallback""]","== match report for /home/arjaiswal/Polygeist/issues/aten_c_kernels/results/aten_nested_pad_cpu/debuf.mlir ==
  no_match       body#0  ?
  total: 0 matched / 1 bodies
",0,[],0,0,0,0,/home/arjaiswal/Polygeist/issues/aten_c_kernels/results/aten_nested_pad_cpu/debuf.mlir,2517,8,1,0,481.9733090698719,1,65812,0.0,0,0,0,0,[],0,0,0,0.0,52
aten,aten_nested_pad_cpu,/home/arjaiswal/Polygeist/issues/aten_c_kernels/results/aten_nested_pad_cpu/debuf.mlir,9c3bf99d6312d6757ba8dfd4de144b51f23fd14a66a8d95c1b7637aedc07ceae,egglog,4,ok,0,923.4259203076363,0,"[""/usr/bin/python3"", ""/home/arjaiswal/Polygeist/scripts/correctness/kernel_match_rewrite.py"", ""/home/arjaiswal/Polygeist/issues/aten_c_kernels/results/aten_nested_pad_cpu/debuf.mlir"", ""--dry-run"", ""--matcher-mode"", ""egglog"", ""--telemetry-json"", ""/home/arjaiswal/Polygeist/issues/equality_saturation_eval/campaign_20260908/aten-aten_nested_pad_cpu-egglog-qhpzae_5.json"", ""--disable-semantic-fallback""]","== match report for /home/arjaiswal/Polygeist/issues/aten_c_kernels/results/aten_nested_pad_cpu/debuf.mlir ==
  no_match       body#0  ?
  total: 0 matched / 1 bodies
",0,[],0,0,0,0,/home/arjaiswal/Polygeist/issues/aten_c_kernels/results/aten_nested_pad_cpu/debuf.mlir,2517,8,1,0,498.53426218032837,1,65972,0.0,0,0,0,0,[],0,0,0,0.0,52
aten,aten_nested_pad_cpu,/home/arjaiswal/Polygeist/issues/aten_c_kernels/results/aten_nested_pad_cpu/debuf.mlir,9c3bf99d6312d6757ba8dfd4de144b51f23fd14a66a8d95c1b7637aedc07ceae,syntactic,4,ok,0,931.0935698449612,0,"[""/usr/bin/python3"", ""/home/arjaiswal/Polygeist/scripts/correctness/kernel_match_rewrite.py"", ""/home/arjaiswal/Polygeist/issues/aten_c_kernels/results/aten_nested_pad_cpu/debuf.mlir"", ""--dry-run"", ""--matcher-mode"", ""syntactic"", ""--telemetry-json"", ""/home/arjaiswal/Polygeist/issues/equality_saturation_eval/campaign_20260908/aten-aten_nested_pad_cpu-syntactic-_5y_9nfr.json"", ""--disable-semantic-fallback""]","== match report for /home/arjaiswal/Polygeist/issues/aten_c_kernels/results/aten_nested_pad_cpu/debuf.mlir ==
  no_match       body#0  ?
  total: 0 matched / 1 bodies
",0,[],0,0,0,0,/home/arjaiswal/Polygeist/issues/aten_c_kernels/results/aten_nested_pad_cpu/debuf.mlir,2517,0,1,0,506.8952515721321,1,65788,0.14639273285865784,0,0,0,0,[],0,0,52,0.0,52
aten,aten_nested_pad_cpu,/home/arjaiswal/Polygeist/issues/aten_c_kernels/results/aten_nested_pad_cpu/debuf.mlir,9c3bf99d6312d6757ba8dfd4de144b51f23fd14a66a8d95c1b7637aedc07ceae,syntactic,5,ok,0,924.73503947258,0,"[""/usr/bin/python3"", ""/home/arjaiswal/Polygeist/scripts/correctness/kernel_match_rewrite.py"", ""/home/arjaiswal/Polygeist/issues/aten_c_kernels/results/aten_nested_pad_cpu/debuf.mlir"", ""--dry-run"", ""--matcher-mode"", ""syntactic"", ""--telemetry-json"", ""/home/arjaiswal/Polygeist/issues/equality_saturation_eval/campaign_20260908/aten-aten_nested_pad_cpu-syntactic-m5bwr32m.json"", ""--disable-semantic-fallback""]","== match report for /home/arjaiswal/Polygeist/issues/aten_c_kernels/results/aten_nested_pad_cpu/debuf.mlir ==
  no_match       body#0  ?
  total: 0 matched / 1 bodies
",0,[],0,0,0,0,/home/arjaiswal/Polygeist/issues/aten_c_kernels/results/aten_nested_pad_cpu/debuf.mlir,2517,0,1,0,488.966953009367,1,65980,0.16513466835021973,0,0,0,0,[],0,0,52,0.0,52
aten,aten_nested_pad_cpu,/home/arjaiswal/Polygeist/issues/aten_c_kernels/results/aten_nested_pad_cpu/debuf.mlir,9c3bf99d6312d6757ba8dfd4de144b51f23fd14a66a8d95c1b7637aedc07ceae,egglog,5,ok,0,919.6816086769104,0,"[""/usr/bin/python3"", ""/home/arjaiswal/Polygeist/scripts/correctness/kernel_match_rewrite.py"", ""/home/arjaiswal/Polygeist/issues/aten_c_kernels/results/aten_nested_pad_cpu/debuf.mlir"", ""--dry-run"", ""--matcher-mode"", ""egglog"", ""--telemetry-json"", ""/home/arjaiswal/Polygeist/issues/equality_saturation_eval/campaign_20260908/aten-aten_nested_pad_cpu-egglog-7yuncc9e.json"", ""--disable-semantic-fallback""]","== match report for /home/arjaiswal/Polygeist/issues/aten_c_kernels/results/aten_nested_pad_cpu/debuf.mlir ==
  no_match       body#0  ?
  total: 0 matched / 1 bodies
",0,[],0,0,0,0,/home/arjaiswal/Polygeist/issues/aten_c_kernels/results/aten_nested_pad_cpu/debuf.mlir,2517,8,1,0,473.71068596839905,1,65948,0.0,0,0,0,0,[],0,0,0,0.0,52
aten,aten_nested_select_cpu,/home/arjaiswal/Polygeist/issues/aten_c_kernels/results/aten_nested_select_cpu/debuf.mlir,58403147bb8edd57f3b59ebd2b6f183cf9d4519615d9a6f5b0bbfee77730e945,egglog,1,ok,0,713.9057032763958,0,"[""/usr/bin/python3"", ""/home/arjaiswal/Polygeist/scripts/correctness/kernel_match_rewrite.py"", ""/home/arjaiswal/Polygeist/issues/aten_c_kernels/results/aten_nested_select_cpu/debuf.mlir"", ""--dry-run"", ""--matcher-mode"", ""egglog"", ""--telemetry-json"", ""/home/arjaiswal/Polygeist/issues/equality_saturation_eval/campaign_20260908/aten-aten_nested_select_cpu-egglog-d1910a24.json"", ""--disable-semantic-fallback""]","== match report for /home/arjaiswal/Polygeist/issues/aten_c_kernels/results/aten_nested_select_cpu/debuf.mlir ==
  no_match       body#0  ?
  total: 0 matched / 1 bodies
",0,[],0,0,0,0,/home/arjaiswal/Polygeist/issues/aten_c_kernels/results/aten_nested_select_cpu/debuf.mlir,1859,8,1,0,279.7035612165928,1,64408,0.0,0,0,0,0,[],0,0,0,0.0,4
aten,aten_nested_select_cpu,/home/arjaiswal/Polygeist/issues/aten_c_kernels/results/aten_nested_select_cpu/debuf.mlir,58403147bb8edd57f3b59ebd2b6f183cf9d4519615d9a6f5b0bbfee77730e945,syntactic,1,ok,0,757.6913349330425,0,"[""/usr/bin/python3"", ""/home/arjaiswal/Polygeist/scripts/correctness/kernel_match_rewrite.py"", ""/home/arjaiswal/Polygeist/issues/aten_c_kernels/results/aten_nested_select_cpu/debuf.mlir"", ""--dry-run"", ""--matcher-mode"", ""syntactic"", ""--telemetry-json"", ""/home/arjaiswal/Polygeist/issues/equality_saturation_eval/campaign_20260908/aten-aten_nested_select_cpu-syntactic-w24of8g7.json"", ""--disable-semantic-fallback""]","== match report for /home/arjaiswal/Polygeist/issues/aten_c_kernels/results/aten_nested_select_cpu/debuf.mlir ==
  no_match       body#0  ?
  total: 0 matched / 1 bodies
",0,[],0,0,0,0,/home/arjaiswal/Polygeist/issues/aten_c_kernels/results/aten_nested_select_cpu/debuf.mlir,1859,0,1,0,288.33793476223946,1,64528,0.021614134311676025,0,0,0,0,[],0,0,4,0.0,4
aten,aten_nested_select_cpu,/home/arjaiswal/Polygeist/issues/aten_c_kernels/results/aten_nested_select_cpu/debuf.mlir,58403147bb8edd57f3b59ebd2b6f183cf9d4519615d9a6f5b0bbfee77730e945,syntactic,2,ok,0,716.686025261879,0,"[""/usr/bin/python3"", ""/home/arjaiswal/Polygeist/scripts/correctness/kernel_match_rewrite.py"", ""/home/arjaiswal/Polygeist/issues/aten_c_kernels/results/aten_nested_select_cpu/debuf.mlir"", ""--dry-run"", ""--matcher-mode"", ""syntactic"", ""--telemetry-json"", ""/home/arjaiswal/Polygeist/issues/equality_saturation_eval/campaign_20260908/aten-aten_nested_select_cpu-syntactic-ckygsurp.json"", ""--disable-semantic-fallback""]","== match report for /home/arjaiswal/Polygeist/issues/aten_c_kernels/results/aten_nested_select_cpu/debuf.mlir ==
  no_match       body#0  ?
  total: 0 matched / 1 bodies
",0,[],0,0,0,0,/home/arjaiswal/Polygeist/issues/aten_c_kernels/results/aten_nested_select_cpu/debuf.mlir,1859,0,1,0,284.1005474328995,1,64488,0.015117228031158447,0,0,0,0,[],0,0,4,0.0,4
aten,aten_nested_select_cpu,/home/arjaiswal/Polygeist/issues/aten_c_kernels/results/aten_nested_select_cpu/debuf.mlir,58403147bb8edd57f3b59ebd2b6f183cf9d4519615d9a6f5b0bbfee77730e945,egglog,2,ok,0,729.2069643735886,0,"[""/usr/bin/python3"", ""/home/arjaiswal/Polygeist/scripts/correctness/kernel_match_rewrite.py"", ""/home/arjaiswal/Polygeist/issues/aten_c_kernels/results/aten_nested_select_cpu/debuf.mlir"", ""--dry-run"", ""--matcher-mode"", ""egglog"", ""--telemetry-json"", ""/home/arjaiswal/Polygeist/issues/equality_saturation_eval/campaign_20260908/aten-aten_nested_select_cpu-egglog-vaqyu9s5.json"", ""--disable-semantic-fallback""]","== match report for /home/arjaiswal/Polygeist/issues/aten_c_kernels/results/aten_nested_select_cpu/debuf.mlir ==
  no_match       body#0  ?
  total: 0 matched / 1 bodies
",0,[],0,0,0,0,/home/arjaiswal/Polygeist/issues/aten_c_kernels/results/aten_nested_select_cpu/debuf.mlir,1859,8,1,0,294.5709638297558,1,64604,0.0,0,0,0,0,[],0,0,0,0.0,4
aten,aten_nested_select_cpu,/home/arjaiswal/Polygeist/issues/aten_c_kernels/results/aten_nested_select_cpu/debuf.mlir,58403147bb8edd57f3b59ebd2b6f183cf9d4519615d9a6f5b0bbfee77730e945,egglog,3,ok,0,690.8027790486813,0,"[""/usr/bin/python3"", ""/home/arjaiswal/Polygeist/scripts/correctness/kernel_match_rewrite.py"", ""/home/arjaiswal/Polygeist/issues/aten_c_kernels/results/aten_nested_select_cpu/debuf.mlir"", ""--dry-run"", ""--matcher-mode"", ""egglog"", ""--telemetry-json"", ""/home/arjaiswal/Polygeist/issues/equality_saturation_eval/campaign_20260908/aten-aten_nested_select_cpu-egglog-za9yzmze.json"", ""--disable-semantic-fallback""]","== match report for /home/arjaiswal/Polygeist/issues/aten_c_kernels/results/aten_nested_select_cpu/debuf.mlir ==
  no_match       body#0  ?
  total: 0 matched / 1 bodies
",0,[],0,0,0,0,/home/arjaiswal/Polygeist/issues/aten_c_kernels/results/aten_nested_select_cpu/debuf.mlir,1859,8,1,0,267.7466683089733,1,64564,0.0,0,0,0,0,[],0,0,0,0.0,4
aten,aten_nested_select_cpu,/home/arjaiswal/Polygeist/issues/aten_c_kernels/results/aten_nested_select_cpu/debuf.mlir,58403147bb8edd57f3b59ebd2b6f183cf9d4519615d9a6f5b0bbfee77730e945,syntactic,3,ok,0,686.318252235651,0,"[""/usr/bin/python3"", ""/home/arjaiswal/Polygeist/scripts/correctness/kernel_match_rewrite.py"", ""/home/arjaiswal/Polygeist/issues/aten_c_kernels/results/aten_nested_select_cpu/debuf.mlir"", ""--dry-run"", ""--matcher-mode"", ""syntactic"", ""--telemetry-json"", ""/home/arjaiswal/Polygeist/issues/equality_saturation_eval/campaign_20260908/aten-aten_nested_select_cpu-syntactic-ecxlat6x.json"", ""--disable-semantic-fallback""]","== match report for /home/arjaiswal/Polygeist/issues/aten_c_kernels/results/aten_nested_select_cpu/debuf.mlir ==
  no_match       body#0  ?
  total: 0 matched / 1 bodies
",0,[],0,0,0,0,/home/arjaiswal/Polygeist/issues/aten_c_kernels/results/aten_nested_select_cpu/debuf.mlir,1859,0,1,0,265.4672637581825,1,64688,0.015009194612503052,0,0,0,0,[],0,0,4,0.0,4
aten,aten_nested_select_cpu,/home/arjaiswal/Polygeist/issues/aten_c_kernels/results/aten_nested_select_cpu/debuf.mlir,58403147bb8edd57f3b59ebd2b6f183cf9d4519615d9a6f5b0bbfee77730e945,syntactic,4,ok,0,675.0307194888592,0,"[""/usr/bin/python3"", ""/home/arjaiswal/Polygeist/scripts/correctness/kernel_match_rewrite.py"", ""/home/arjaiswal/Polygeist/issues/aten_c_kernels/results/aten_nested_select_cpu/debuf.mlir"", ""--dry-run"", ""--matcher-mode"", ""syntactic"", ""--telemetry-json"", ""/home/arjaiswal/Polygeist/issues/equality_saturation_eval/campaign_20260908/aten-aten_nested_select_cpu-syntactic-9yg8zct3.json"", ""--disable-semantic-fallback""]","== match report for /home/arjaiswal/Polygeist/issues/aten_c_kernels/results/aten_nested_select_cpu/debuf.mlir ==
  no_match       body#0  ?
  total: 0 matched / 1 bodies
",0,[],0,0,0,0,/home/arjaiswal/Polygeist/issues/aten_c_kernels/results/aten_nested_select_cpu/debuf.mlir,1859,0,1,0,265.46672731637955,1,64504,0.019088387489318848,0,0,0,0,[],0,0,4,0.0,4
aten,aten_nested_select_cpu,/home/arjaiswal/Polygeist/issues/aten_c_kernels/results/aten_nested_select_cpu/debuf.mlir,58403147bb8edd57f3b59ebd2b6f183cf9d4519615d9a6f5b0bbfee77730e945,egglog,4,ok,0,707.6219506561756,0,"[""/usr/bin/python3"", ""/home/arjaiswal/Polygeist/scripts/correctness/kernel_match_rewrite.py"", ""/home/arjaiswal/Polygeist/issues/aten_c_kernels/results/aten_nested_select_cpu/debuf.mlir"", ""--dry-run"", ""--matcher-mode"", ""egglog"", ""--telemetry-json"", ""/home/arjaiswal/Polygeist/issues/equality_saturation_eval/campaign_20260908/aten-aten_nested_select_cpu-egglog-1flblj2b.json"", ""--disable-semantic-fallback""]","== match report for /home/arjaiswal/Polygeist/issues/aten_c_kernels/results/aten_nested_select_cpu/debuf.mlir ==
  no_match       body#0  ?
  total: 0 matched / 1 bodies
",0,[],0,0,0,0,/home/arjaiswal/Polygeist/issues/aten_c_kernels/results/aten_nested_select_cpu/debuf.mlir,1859,8,1,0,285.995714366436,1,64952,0.0,0,0,0,0,[],0,0,0,0.0,4
aten,aten_nested_select_cpu,/home/arjaiswal/Polygeist/issues/aten_c_kernels/results/aten_nested_select_cpu/debuf.mlir,58403147bb8edd57f3b59ebd2b6f183cf9d4519615d9a6f5b0bbfee77730e945,egglog,5,ok,0,727.2023260593414,0,"[""/usr/bin/python3"", ""/home/arjaiswal/Polygeist/scripts/correctness/kernel_match_rewrite.py"", ""/home/arjaiswal/Polygeist/issues/aten_c_kernels/results/aten_nested_select_cpu/debuf.mlir"", ""--dry-run"", ""--matcher-mode"", ""egglog"", ""--telemetry-json"", ""/home/arjaiswal/Polygeist/issues/equality_saturation_eval/campaign_20260908/aten-aten_nested_select_cpu-egglog-y7tdn544.json"", ""--disable-semantic-fallback""]","== match report for /home/arjaiswal/Polygeist/issues/aten_c_kernels/results/aten_nested_select_cpu/debuf.mlir ==
  no_match       body#0  ?
  total: 0 matched / 1 bodies
",0,[],0,0,0,0,/home/arjaiswal/Polygeist/issues/aten_c_kernels/results/aten_nested_select_cpu/debuf.mlir,1859,8,1,0,283.7579436600208,1,64852,0.0,0,0,0,0,[],0,0,0,0.0,4
aten,aten_nested_select_cpu,/home/arjaiswal/Polygeist/issues/aten_c_kernels/results/aten_nested_select_cpu/debuf.mlir,58403147bb8edd57f3b59ebd2b6f183cf9d4519615d9a6f5b0bbfee77730e945,syntactic,5,ok,0,719.4718793034554,0,"[""/usr/bin/python3"", ""/home/arjaiswal/Polygeist/scripts/correctness/kernel_match_rewrite.py"", ""/home/arjaiswal/Polygeist/issues/aten_c_kernels/results/aten_nested_select_cpu/debuf.mlir"", ""--dry-run"", ""--matcher-mode"", ""syntactic"", ""--telemetry-json"", ""/home/arjaiswal/Polygeist/issues/equality_saturation_eval/campaign_20260908/aten-aten_nested_select_cpu-syntactic-9xyrwynm.json"", ""--disable-semantic-fallback""]","== match report for /home/arjaiswal/Polygeist/issues/aten_c_kernels/results/aten_nested_select_cpu/debuf.mlir ==
  no_match       body#0  ?
  total: 0 matched / 1 bodies
",0,[],0,0,0,0,/home/arjaiswal/Polygeist/issues/aten_c_kernels/results/aten_nested_select_cpu/debuf.mlir,1859,0,1,0,275.552149862051,1,64552,0.015292316675186157,0,0,0,0,[],0,0,4,0.0,4
aten,aten_nested_softmax_backward_cpu,/home/arjaiswal/Polygeist/issues/aten_c_kernels/results/aten_nested_softmax_backward_cpu/debuf.mlir,1618563914fcbdfbfa45b99d8f24c43454fe5db6570fd79407f08ab098e82cfd,syntactic,1,ok,0,750.0459365546703,0,"[""/usr/bin/python3"", ""/home/arjaiswal/Polygeist/scripts/correctness/kernel_match_rewrite.py"", ""/home/arjaiswal/Polygeist/issues/aten_c_kernels/results/aten_nested_softmax_backward_cpu/debuf.mlir"", ""--dry-run"", ""--matcher-mode"", ""syntactic"", ""--telemetry-json"", ""/home/arjaiswal/Polygeist/issues/equality_saturation_eval/campaign_20260908/aten-aten_nested_softmax_backward_cpu-syntactic-7k05138f.json"", ""--disable-semantic-fallback""]","== match report for /home/arjaiswal/Polygeist/issues/aten_c_kernels/results/aten_nested_softmax_backward_cpu/debuf.mlir ==
  match          body#[0]  cublasSdot
  match          body#[1]  cudnnPointwiseGraph_f32
  total: 2 matched / 2 bodies
",0,[],0,0,0,0,/home/arjaiswal/Polygeist/issues/aten_c_kernels/results/aten_nested_softmax_backward_cpu/debuf.mlir,3734,0,2,2,317.62849539518356,0,66056,0.04467368125915527,0,2,0,0,"[{""body_indices"": [0], ""symbol"": ""cublasSdot""}, {""body_indices"": [1], ""symbol"": ""cudnnPointwiseGraph_f32""}]",2,0,8,0.0,8
aten,aten_nested_softmax_backward_cpu,/home/arjaiswal/Polygeist/issues/aten_c_kernels/results/aten_nested_softmax_backward_cpu/debuf.mlir,1618563914fcbdfbfa45b99d8f24c43454fe5db6570fd79407f08ab098e82cfd,egglog,1,ok,0,816.8749175965786,0,"[""/usr/bin/python3"", ""/home/arjaiswal/Polygeist/scripts/correctness/kernel_match_rewrite.py"", ""/home/arjaiswal/Polygeist/issues/aten_c_kernels/results/aten_nested_softmax_backward_cpu/debuf.mlir"", ""--dry-run"", ""--matcher-mode"", ""egglog"", ""--telemetry-json"", ""/home/arjaiswal/Polygeist/issues/equality_saturation_eval/campaign_20260908/aten-aten_nested_softmax_backward_cpu-egglog-gcyzs1tg.json"", ""--disable-semantic-fallback""]","== match report for /home/arjaiswal/Polygeist/issues/aten_c_kernels/results/aten_nested_softmax_backward_cpu/debuf.mlir ==
  match          body#[0]  cublasSdot
  match          body#[1]  cudnnPointwiseGraph_f32
  total: 2 matched / 2 bodies
",0,[],0,0,0,0,/home/arjaiswal/Polygeist/issues/aten_c_kernels/results/aten_nested_softmax_backward_cpu/debuf.mlir,3734,8,2,2,343.8284322619438,0,69640,21.50951698422432,2,2,0,8,"[{""body_indices"": [0], ""symbol"": ""cublasSdot""}, {""body_indices"": [1], ""symbol"": ""cudnnPointwiseGraph_f32""}]",2,0,0,0.0,8
aten,aten_nested_softmax_backward_cpu,/home/arjaiswal/Polygeist/issues/aten_c_kernels/results/aten_nested_softmax_backward_cpu/debuf.mlir,1618563914fcbdfbfa45b99d8f24c43454fe5db6570fd79407f08ab098e82cfd,egglog,2,ok,0,775.2598747611046,0,"[""/usr/bin/python3"", ""/home/arjaiswal/Polygeist/scripts/correctness/kernel_match_rewrite.py"", ""/home/arjaiswal/Polygeist/issues/aten_c_kernels/results/aten_nested_softmax_backward_cpu/debuf.mlir"", ""--dry-run"", ""--matcher-mode"", ""egglog"", ""--telemetry-json"", ""/home/arjaiswal/Polygeist/issues/equality_saturation_eval/campaign_20260908/aten-aten_nested_softmax_backward_cpu-egglog-y343qnlt.json"", ""--disable-semantic-fallback""]","== match report for /home/arjaiswal/Polygeist/issues/aten_c_kernels/results/aten_nested_softmax_backward_cpu/debuf.mlir ==
  match          body#[0]  cublasSdot
  match          body#[1]  cudnnPointwiseGraph_f32
  total: 2 matched / 2 bodies
",0,[],0,0,0,0,/home/arjaiswal/Polygeist/issues/aten_c_kernels/results/aten_nested_softmax_backward_cpu/debuf.mlir,3734,8,2,2,330.8589197695255,0,69792,21.410390734672546,2,2,0,8,"[{""body_indices"": [0], ""symbol"": ""cublasSdot""}, {""body_indices"": [1], ""symbol"": ""cudnnPointwiseGraph_f32""}]",2,0,0,0.0,8
aten,aten_nested_softmax_backward_cpu,/home/arjaiswal/Polygeist/issues/aten_c_kernels/results/aten_nested_softmax_backward_cpu/debuf.mlir,1618563914fcbdfbfa45b99d8f24c43454fe5db6570fd79407f08ab098e82cfd,syntactic,2,ok,0,737.8296032547951,0,"[""/usr/bin/python3"", ""/home/arjaiswal/Polygeist/scripts/correctness/kernel_match_rewrite.py"", ""/home/arjaiswal/Polygeist/issues/aten_c_kernels/results/aten_nested_softmax_backward_cpu/debuf.mlir"", ""--dry-run"", ""--matcher-mode"", ""syntactic"", ""--telemetry-json"", ""/home/arjaiswal/Polygeist/issues/equality_saturation_eval/campaign_20260908/aten-aten_nested_softmax_backward_cpu-syntactic-vforbtcz.json"", ""--disable-semantic-fallback""]","== match report for /home/arjaiswal/Polygeist/issues/aten_c_kernels/results/aten_nested_softmax_backward_cpu/debuf.mlir ==
  match          body#[0]  cublasSdot
  match          body#[1]  cudnnPointwiseGraph_f32
  total: 2 matched / 2 bodies
",0,[],0,0,0,0,/home/arjaiswal/Polygeist/issues/aten_c_kernels/results/aten_nested_softmax_backward_cpu/debuf.mlir,3734,0,2,2,322.01385870575905,0,65936,0.04624202847480774,0,2,0,0,"[{""body_indices"": [0], ""symbol"": ""cublasSdot""}, {""body_indices"": [1], ""symbol"": ""cudnnPointwiseGraph_f32""}]",2,0,8,0.0,8
aten,aten_nested_softmax_backward_cpu,/home/arjaiswal/Polygeist/issues/aten_c_kernels/results/aten_nested_softmax_backward_cpu/debuf.mlir,1618563914fcbdfbfa45b99d8f24c43454fe5db6570fd79407f08ab098e82cfd,syntactic,3,ok,0,764.8955211043358,0,"[""/usr/bin/python3"", ""/home/arjaiswal/Polygeist/scripts/correctness/kernel_match_rewrite.py"", ""/home/arjaiswal/Polygeist/issues/aten_c_kernels/results/aten_nested_softmax_backward_cpu/debuf.mlir"", ""--dry-run"", ""--matcher-mode"", ""syntactic"", ""--telemetry-json"", ""/home/arjaiswal/Polygeist/issues/equality_saturation_eval/campaign_20260908/aten-aten_nested_softmax_backward_cpu-syntactic-ta_jfgop.json"", ""--disable-semantic-fallback""]","== match report for /home/arjaiswal/Polygeist/issues/aten_c_kernels/results/aten_nested_softmax_backward_cpu/debuf.mlir ==
  match          body#[0]  cublasSdot
  match          body#[1]  cudnnPointwiseGraph_f32
  total: 2 matched / 2 bodies
",0,[],0,0,0,0,/home/arjaiswal/Polygeist/issues/aten_c_kernels/results/aten_nested_softmax_backward_cpu/debuf.mlir,3734,0,2,2,334.3086391687393,0,65668,0.04933774471282959,0,2,0,0,"[{""body_indices"": [0], ""symbol"": ""cublasSdot""}, {""body_indices"": [1], ""symbol"": ""cudnnPointwiseGraph_f32""}]",2,0,8,0.0,8
aten,aten_nested_softmax_backward_cpu,/home/arjaiswal/Polygeist/issues/aten_c_kernels/results/aten_nested_softmax_backward_cpu/debuf.mlir,1618563914fcbdfbfa45b99d8f24c43454fe5db6570fd79407f08ab098e82cfd,egglog,3,ok,0,774.1298973560333,0,"[""/usr/bin/python3"", ""/home/arjaiswal/Polygeist/scripts/correctness/kernel_match_rewrite.py"", ""/home/arjaiswal/Polygeist/issues/aten_c_kernels/results/aten_nested_softmax_backward_cpu/debuf.mlir"", ""--dry-run"", ""--matcher-mode"", ""egglog"", ""--telemetry-json"", ""/home/arjaiswal/Polygeist/issues/equality_saturation_eval/campaign_20260908/aten-aten_nested_softmax_backward_cpu-egglog-h66hv0kw.json"", ""--disable-semantic-fallback""]","== match report for /home/arjaiswal/Polygeist/issues/aten_c_kernels/results/aten_nested_softmax_backward_cpu/debuf.mlir ==
  match          body#[0]  cublasSdot
  match          body#[1]  cudnnPointwiseGraph_f32
  total: 2 matched / 2 bodies
",0,[],0,0,0,0,/home/arjaiswal/Polygeist/issues/aten_c_kernels/results/aten_nested_softmax_backward_cpu/debuf.mlir,3734,8,2,2,354.577511548996,0,69904,21.172061562538147,2,2,0,8,"[{""body_indices"": [0], ""symbol"": ""cublasSdot""}, {""body_indices"": [1], ""symbol"": ""cudnnPointwiseGraph_f32""}]",2,0,0,0.0,8
aten,aten_nested_softmax_backward_cpu,/home/arjaiswal/Polygeist/issues/aten_c_kernels/results/aten_nested_softmax_backward_cpu/debuf.mlir,1618563914fcbdfbfa45b99d8f24c43454fe5db6570fd79407f08ab098e82cfd,egglog,4,ok,0,760.5299241840839,0,"[""/usr/bin/python3"", ""/home/arjaiswal/Polygeist/scripts/correctness/kernel_match_rewrite.py"", ""/home/arjaiswal/Polygeist/issues/aten_c_kernels/results/aten_nested_softmax_backward_cpu/debuf.mlir"", ""--dry-run"", ""--matcher-mode"", ""egglog"", ""--telemetry-json"", ""/home/arjaiswal/Polygeist/issues/equality_saturation_eval/campaign_20260908/aten-aten_nested_softmax_backward_cpu-egglog-8__lgo6e.json"", ""--disable-semantic-fallback""]","== match report for /home/arjaiswal/Polygeist/issues/aten_c_kernels/results/aten_nested_softmax_backward_cpu/debuf.mlir ==
  match          body#[0]  cublasSdot
  match          body#[1]  cudnnPointwiseGraph_f32
  total: 2 matched / 2 bodies
",0,[],0,0,0,0,/home/arjaiswal/Polygeist/issues/aten_c_kernels/results/aten_nested_softmax_backward_cpu/debuf.mlir,3734,8,2,2,336.8588648736477,0,69752,21.176092326641083,2,2,0,8,"[{""body_indices"": [0], ""symbol"": ""cublasSdot""}, {""body_indices"": [1], ""symbol"": ""cudnnPointwiseGraph_f32""}]",2,0,0,0.0,8
aten,aten_nested_softmax_backward_cpu,/home/arjaiswal/Polygeist/issues/aten_c_kernels/results/aten_nested_softmax_backward_cpu/debuf.mlir,1618563914fcbdfbfa45b99d8f24c43454fe5db6570fd79407f08ab098e82cfd,syntactic,4,ok,0,753.9964132010937,0,"[""/usr/bin/python3"", ""/home/arjaiswal/Polygeist/scripts/correctness/kernel_match_rewrite.py"", ""/home/arjaiswal/Polygeist/issues/aten_c_kernels/results/aten_nested_softmax_backward_cpu/debuf.mlir"", ""--dry-run"", ""--matcher-mode"", ""syntactic"", ""--telemetry-json"", ""/home/arjaiswal/Polygeist/issues/equality_saturation_eval/campaign_20260908/aten-aten_nested_softmax_backward_cpu-syntactic-scbaxogz.json"", ""--disable-semantic-fallback""]","== match report for /home/arjaiswal/Polygeist/issues/aten_c_kernels/results/aten_nested_softmax_backward_cpu/debuf.mlir ==
  match          body#[0]  cublasSdot
  match          body#[1]  cudnnPointwiseGraph_f32
  total: 2 matched / 2 bodies
",0,[],0,0,0,0,/home/arjaiswal/Polygeist/issues/aten_c_kernels/results/aten_nested_softmax_backward_cpu/debuf.mlir,3734,0,2,2,320.66062837839127,0,66080,0.048801302909851074,0,2,0,0,"[{""body_indices"": [0], ""symbol"": ""cublasSdot""}, {""body_indices"": [1], ""symbol"": ""cudnnPointwiseGraph_f32""}]",2,0,8,0.0,8
aten,aten_nested_softmax_backward_cpu,/home/arjaiswal/Polygeist/issues/aten_c_kernels/results/aten_nested_softmax_backward_cpu/debuf.mlir,1618563914fcbdfbfa45b99d8f24c43454fe5db6570fd79407f08ab098e82cfd,syntactic,5,ok,0,832.6708525419235,0,"[""/usr/bin/python3"", ""/home/arjaiswal/Polygeist/scripts/correctness/kernel_match_rewrite.py"", ""/home/arjaiswal/Polygeist/issues/aten_c_kernels/results/aten_nested_softmax_backward_cpu/debuf.mlir"", ""--dry-run"", ""--matcher-mode"", ""syntactic"", ""--telemetry-json"", ""/home/arjaiswal/Polygeist/issues/equality_saturation_eval/campaign_20260908/aten-aten_nested_softmax_backward_cpu-syntactic-ztp1zzwh.json"", ""--disable-semantic-fallback""]","== match report for /home/arjaiswal/Polygeist/issues/aten_c_kernels/results/aten_nested_softmax_backward_cpu/debuf.mlir ==
  match          body#[0]  cublasSdot
  match          body#[1]  cudnnPointwiseGraph_f32
  total: 2 matched / 2 bodies
",0,[],0,0,0,0,/home/arjaiswal/Polygeist/issues/aten_c_kernels/results/aten_nested_softmax_backward_cpu/debuf.mlir,3734,0,2,2,344.94104608893394,0,66000,0.04689022898674011,0,2,0,0,"[{""body_indices"": [0], ""symbol"": ""cublasSdot""}, {""body_indices"": [1], ""symbol"": ""cudnnPointwiseGraph_f32""}]",2,0,8,0.0,8
aten,aten_nested_softmax_backward_cpu,/home/arjaiswal/Polygeist/issues/aten_c_kernels/results/aten_nested_softmax_backward_cpu/debuf.mlir,1618563914fcbdfbfa45b99d8f24c43454fe5db6570fd79407f08ab098e82cfd,egglog,5,ok,0,792.5948277115822,0,"[""/usr/bin/python3"", ""/home/arjaiswal/Polygeist/scripts/correctness/kernel_match_rewrite.py"", ""/home/arjaiswal/Polygeist/issues/aten_c_kernels/results/aten_nested_softmax_backward_cpu/debuf.mlir"", ""--dry-run"", ""--matcher-mode"", ""egglog"", ""--telemetry-json"", ""/home/arjaiswal/Polygeist/issues/equality_saturation_eval/campaign_20260908/aten-aten_nested_softmax_backward_cpu-egglog-2oidtptd.json"", ""--disable-semantic-fallback""]","== match report for /home/arjaiswal/Polygeist/issues/aten_c_kernels/results/aten_nested_softmax_backward_cpu/debuf.mlir ==
  match          body#[0]  cublasSdot
  match          body#[1]  cudnnPointwiseGraph_f32
  total: 2 matched / 2 bodies
",0,[],0,0,0,0,/home/arjaiswal/Polygeist/issues/aten_c_kernels/results/aten_nested_softmax_backward_cpu/debuf.mlir,3734,8,2,2,352.2386737167835,0,69688,26.31436660885811,2,2,0,8,"[{""body_indices"": [0], ""symbol"": ""cublasSdot""}, {""body_indices"": [1], ""symbol"": ""cudnnPointwiseGraph_f32""}]",2,0,0,0.0,8
aten,aten_nested_softmax_cpu,/home/arjaiswal/Polygeist/issues/aten_c_kernels/results/aten_nested_softmax_cpu/debuf.mlir,86b568943be209201e3860a66b8ad0d353d6b4b66f88026635f461c3961bafed,egglog,1,ok,0,736.7422692477703,0,"[""/usr/bin/python3"", ""/home/arjaiswal/Polygeist/scripts/correctness/kernel_match_rewrite.py"", ""/home/arjaiswal/Polygeist/issues/aten_c_kernels/results/aten_nested_softmax_cpu/debuf.mlir"", ""--dry-run"", ""--matcher-mode"", ""egglog"", ""--telemetry-json"", ""/home/arjaiswal/Polygeist/issues/equality_saturation_eval/campaign_20260908/aten-aten_nested_softmax_cpu-egglog-2m5mdy34.json"", ""--disable-semantic-fallback""]","== match report for /home/arjaiswal/Polygeist/issues/aten_c_kernels/results/aten_nested_softmax_cpu/debuf.mlir ==
  total: 0 matched / 0 bodies
",0,[],0,0,0,0,/home/arjaiswal/Polygeist/issues/aten_c_kernels/results/aten_nested_softmax_cpu/debuf.mlir,3403,8,0,0,281.9174565374851,0,64380,0.0,0,0,0,0,[],0,0,0,0.0,0
aten,aten_nested_softmax_cpu,/home/arjaiswal/Polygeist/issues/aten_c_kernels/results/aten_nested_softmax_cpu/debuf.mlir,86b568943be209201e3860a66b8ad0d353d6b4b66f88026635f461c3961bafed,syntactic,1,ok,0,711.3131806254387,0,"[""/usr/bin/python3"", ""/home/arjaiswal/Polygeist/scripts/correctness/kernel_match_rewrite.py"", ""/home/arjaiswal/Polygeist/issues/aten_c_kernels/results/aten_nested_softmax_cpu/debuf.mlir"", ""--dry-run"", ""--matcher-mode"", ""syntactic"", ""--telemetry-json"", ""/home/arjaiswal/Polygeist/issues/equality_saturation_eval/campaign_20260908/aten-aten_nested_softmax_cpu-syntactic-72eijuad.json"", ""--disable-semantic-fallback""]","== match report for /home/arjaiswal/Polygeist/issues/aten_c_kernels/results/aten_nested_softmax_cpu/debuf.mlir ==
  total: 0 matched / 0 bodies
",0,[],0,0,0,0,/home/arjaiswal/Polygeist/issues/aten_c_kernels/results/aten_nested_softmax_cpu/debuf.mlir,3403,0,0,0,265.23807644844055,0,64716,0.0,0,0,0,0,[],0,0,0,0.0,0
aten,aten_nested_softmax_cpu,/home/arjaiswal/Polygeist/issues/aten_c_kernels/results/aten_nested_softmax_cpu/debuf.mlir,86b568943be209201e3860a66b8ad0d353d6b4b66f88026635f461c3961bafed,syntactic,2,ok,0,723.4638407826424,0,"[""/usr/bin/python3"", ""/home/arjaiswal/Polygeist/scripts/correctness/kernel_match_rewrite.py"", ""/home/arjaiswal/Polygeist/issues/aten_c_kernels/results/aten_nested_softmax_cpu/debuf.mlir"", ""--dry-run"", ""--matcher-mode"", ""syntactic"", ""--telemetry-json"", ""/home/arjaiswal/Polygeist/issues/equality_saturation_eval/campaign_20260908/aten-aten_nested_softmax_cpu-syntactic-8arhsfkb.json"", ""--disable-semantic-fallback""]","== match report for /home/arjaiswal/Polygeist/issues/aten_c_kernels/results/aten_nested_softmax_cpu/debuf.mlir ==
  total: 0 matched / 0 bodies
",0,[],0,0,0,0,/home/arjaiswal/Polygeist/issues/aten_c_kernels/results/aten_nested_softmax_cpu/debuf.mlir,3403,0,0,0,284.0256728231907,0,64824,0.0,0,0,0,0,[],0,0,0,0.0,0
aten,aten_nested_softmax_cpu,/home/arjaiswal/Polygeist/issues/aten_c_kernels/results/aten_nested_softmax_cpu/debuf.mlir,86b568943be209201e3860a66b8ad0d353d6b4b66f88026635f461c3961bafed,egglog,2,ok,0,687.1178559958935,0,"[""/usr/bin/python3"", ""/home/arjaiswal/Polygeist/scripts/correctness/kernel_match_rewrite.py"", ""/home/arjaiswal/Polygeist/issues/aten_c_kernels/results/aten_nested_softmax_cpu/debuf.mlir"", ""--dry-run"", ""--matcher-mode"", ""egglog"", ""--telemetry-json"", ""/home/arjaiswal/Polygeist/issues/equality_saturation_eval/campaign_20260908/aten-aten_nested_softmax_cpu-egglog-tueq2auq.json"", ""--disable-semantic-fallback""]","== match report for /home/arjaiswal/Polygeist/issues/aten_c_kernels/results/aten_nested_softmax_cpu/debuf.mlir ==
  total: 0 matched / 0 bodies
",0,[],0,0,0,0,/home/arjaiswal/Polygeist/issues/aten_c_kernels/results/aten_nested_softmax_cpu/debuf.mlir,3403,8,0,0,265.0040239095688,0,64800,0.0,0,0,0,0,[],0,0,0,0.0,0
aten,aten_nested_softmax_cpu,/home/arjaiswal/Polygeist/issues/aten_c_kernels/results/aten_nested_softmax_cpu/debuf.mlir,86b568943be209201e3860a66b8ad0d353d6b4b66f88026635f461c3961bafed,egglog,3,ok,0,713.0879200994968,0,"[""/usr/bin/python3"", ""/home/arjaiswal/Polygeist/scripts/correctness/kernel_match_rewrite.py"", ""/home/arjaiswal/Polygeist/issues/aten_c_kernels/results/aten_nested_softmax_cpu/debuf.mlir"", ""--dry-run"", ""--matcher-mode"", ""egglog"", ""--telemetry-json"", ""/home/arjaiswal/Polygeist/issues/equality_saturation_eval/campaign_20260908/aten-aten_nested_softmax_cpu-egglog-klhn3rxp.json"", ""--disable-semantic-fallback""]","== match report for /home/arjaiswal/Polygeist/issues/aten_c_kernels/results/aten_nested_softmax_cpu/debuf.mlir ==
  total: 0 matched / 0 bodies
",0,[],0,0,0,0,/home/arjaiswal/Polygeist/issues/aten_c_kernels/results/aten_nested_softmax_cpu/debuf.mlir,3403,8,0,0,270.80681920051575,0,64792,0.0,0,0,0,0,[],0,0,0,0.0,0
aten,aten_nested_softmax_cpu,/home/arjaiswal/Polygeist/issues/aten_c_kernels/results/aten_nested_softmax_cpu/debuf.mlir,86b568943be209201e3860a66b8ad0d353d6b4b66f88026635f461c3961bafed,syntactic,3,ok,0,720.9934741258621,0,"[""/usr/bin/python3"", ""/home/arjaiswal/Polygeist/scripts/correctness/kernel_match_rewrite.py"", ""/home/arjaiswal/Polygeist/issues/aten_c_kernels/results/aten_nested_softmax_cpu/debuf.mlir"", ""--dry-run"", ""--matcher-mode"", ""syntactic"", ""--telemetry-json"", ""/home/arjaiswal/Polygeist/issues/equality_saturation_eval/campaign_20260908/aten-aten_nested_softmax_cpu-syntactic-87_vmvyc.json"", ""--disable-semantic-fallback""]","== match report for /home/arjaiswal/Polygeist/issues/aten_c_kernels/results/aten_nested_softmax_cpu/debuf.mlir ==
  total: 0 matched / 0 bodies
",0,[],0,0,0,0,/home/arjaiswal/Polygeist/issues/aten_c_kernels/results/aten_nested_softmax_cpu/debuf.mlir,3403,0,0,0,283.39488059282303,0,64744,0.0,0,0,0,0,[],0,0,0,0.0,0
aten,aten_nested_softmax_cpu,/home/arjaiswal/Polygeist/issues/aten_c_kernels/results/aten_nested_softmax_cpu/debuf.mlir,86b568943be209201e3860a66b8ad0d353d6b4b66f88026635f461c3961bafed,syntactic,4,ok,0,751.0643303394318,0,"[""/usr/bin/python3"", ""/home/arjaiswal/Polygeist/scripts/correctness/kernel_match_rewrite.py"", ""/home/arjaiswal/Polygeist/issues/aten_c_kernels/results/aten_nested_softmax_cpu/debuf.mlir"", ""--dry-run"", ""--matcher-mode"", ""syntactic"", ""--telemetry-json"", ""/home/arjaiswal/Polygeist/issues/equality_saturation_eval/campaign_20260908/aten-aten_nested_softmax_cpu-syntactic-69ejina4.json"", ""--disable-semantic-fallback""]","== match report for /home/arjaiswal/Polygeist/issues/aten_c_kernels/results/aten_nested_softmax_cpu/debuf.mlir ==
  total: 0 matched / 0 bodies
",0,[],0,0,0,0,/home/arjaiswal/Polygeist/issues/aten_c_kernels/results/aten_nested_softmax_cpu/debuf.mlir,3403,0,0,0,272.8547342121601,0,64824,0.0,0,0,0,0,[],0,0,0,0.0,0
aten,aten_nested_softmax_cpu,/home/arjaiswal/Polygeist/issues/aten_c_kernels/results/aten_nested_softmax_cpu/debuf.mlir,86b568943be209201e3860a66b8ad0d353d6b4b66f88026635f461c3961bafed,egglog,4,ok,0,716.4595648646355,0,"[""/usr/bin/python3"", ""/home/arjaiswal/Polygeist/scripts/correctness/kernel_match_rewrite.py"", ""/home/arjaiswal/Polygeist/issues/aten_c_kernels/results/aten_nested_softmax_cpu/debuf.mlir"", ""--dry-run"", ""--matcher-mode"", ""egglog"", ""--telemetry-json"", ""/home/arjaiswal/Polygeist/issues/equality_saturation_eval/campaign_20260908/aten-aten_nested_softmax_cpu-egglog-mnqjmsai.json"", ""--disable-semantic-fallback""]","== match report for /home/arjaiswal/Polygeist/issues/aten_c_kernels/results/aten_nested_softmax_cpu/debuf.mlir ==
  total: 0 matched / 0 bodies
",0,[],0,0,0,0,/home/arjaiswal/Polygeist/issues/aten_c_kernels/results/aten_nested_softmax_cpu/debuf.mlir,3403,8,0,0,269.4852203130722,0,64700,0.0,0,0,0,0,[],0,0,0,0.0,0
aten,aten_nested_softmax_cpu,/home/arjaiswal/Polygeist/issues/aten_c_kernels/results/aten_nested_softmax_cpu/debuf.mlir,86b568943be209201e3860a66b8ad0d353d6b4b66f88026635f461c3961bafed,egglog,5,ok,0,709.161564707756,0,"[""/usr/bin/python3"", ""/home/arjaiswal/Polygeist/scripts/correctness/kernel_match_rewrite.py"", ""/home/arjaiswal/Polygeist/issues/aten_c_kernels/results/aten_nested_softmax_cpu/debuf.mlir"", ""--dry-run"", ""--matcher-mode"", ""egglog"", ""--telemetry-json"", ""/home/arjaiswal/Polygeist/issues/equality_saturation_eval/campaign_20260908/aten-aten_nested_softmax_cpu-egglog-ymglw_mb.json"", ""--disable-semantic-fallback""]","== match report for /home/arjaiswal/Polygeist/issues/aten_c_kernels/results/aten_nested_softmax_cpu/debuf.mlir ==
  total: 0 matched / 0 bodies
",0,[],0,0,0,0,/home/arjaiswal/Polygeist/issues/aten_c_kernels/results/aten_nested_softmax_cpu/debuf.mlir,3403,8,0,0,264.77935165166855,0,64900,0.0,0,0,0,0,[],0,0,0,0.0,0
aten,aten_nested_softmax_cpu,/home/arjaiswal/Polygeist/issues/aten_c_kernels/results/aten_nested_softmax_cpu/debuf.mlir,86b568943be209201e3860a66b8ad0d353d6b4b66f88026635f461c3961bafed,syntactic,5,ok,0,707.6529525220394,0,"[""/usr/bin/python3"", ""/home/arjaiswal/Polygeist/scripts/correctness/kernel_match_rewrite.py"", ""/home/arjaiswal/Polygeist/issues/aten_c_kernels/results/aten_nested_softmax_cpu/debuf.mlir"", ""--dry-run"", ""--matcher-mode"", ""syntactic"", ""--telemetry-json"", ""/home/arjaiswal/Polygeist/issues/equality_saturation_eval/campaign_20260908/aten-aten_nested_softmax_cpu-syntactic-kpj0n457.json"", ""--disable-semantic-fallback""]","== match report for /home/arjaiswal/Polygeist/issues/aten_c_kernels/results/aten_nested_softmax_cpu/debuf.mlir ==
  total: 0 matched / 0 bodies
",0,[],0,0,0,0,/home/arjaiswal/Polygeist/issues/aten_c_kernels/results/aten_nested_softmax_cpu/debuf.mlir,3403,0,0,0,264.89171758294106,0,64764,0.0,0,0,0,0,[],0,0,0,0.0,0
aten,aten_nested_softmax_dropout_cpu,/home/arjaiswal/Polygeist/issues/aten_c_kernels/results/aten_nested_softmax_dropout_cpu/debuf.mlir,9da90338527dca248168f5a84a07ae17be84d9d5f068a795350e03008324d23b,syntactic,1,ok,0,710.9305560588837,0,"[""/usr/bin/python3"", ""/home/arjaiswal/Polygeist/scripts/correctness/kernel_match_rewrite.py"", ""/home/arjaiswal/Polygeist/issues/aten_c_kernels/results/aten_nested_softmax_dropout_cpu/debuf.mlir"", ""--dry-run"", ""--matcher-mode"", ""syntactic"", ""--telemetry-json"", ""/home/arjaiswal/Polygeist/issues/equality_saturation_eval/campaign_20260908/aten-aten_nested_softmax_dropout_cpu-syntactic-v090b34o.json"", ""--disable-semantic-fallback""]","== match report for /home/arjaiswal/Polygeist/issues/aten_c_kernels/results/aten_nested_softmax_dropout_cpu/debuf.mlir ==
  no_match       body#0  ?
  no_match       body#1  ?
  total: 0 matched / 2 bodies
",0,[],0,0,0,0,/home/arjaiswal/Polygeist/issues/aten_c_kernels/results/aten_nested_softmax_dropout_cpu/debuf.mlir,3338,0,2,0,288.4199805557728,2,64756,0.015139579772949219,0,0,0,0,[],0,0,4,0.0,4
aten,aten_nested_softmax_dropout_cpu,/home/arjaiswal/Polygeist/issues/aten_c_kernels/results/aten_nested_softmax_dropout_cpu/debuf.mlir,9da90338527dca248168f5a84a07ae17be84d9d5f068a795350e03008324d23b,egglog,1,ok,0,722.2082689404488,0,"[""/usr/bin/python3"", ""/home/arjaiswal/Polygeist/scripts/correctness/kernel_match_rewrite.py"", ""/home/arjaiswal/Polygeist/issues/aten_c_kernels/results/aten_nested_softmax_dropout_cpu/debuf.mlir"", ""--dry-run"", ""--matcher-mode"", ""egglog"", ""--telemetry-json"", ""/home/arjaiswal/Polygeist/issues/equality_saturation_eval/campaign_20260908/aten-aten_nested_softmax_dropout_cpu-egglog-lyk9t2gp.json"", ""--disable-semantic-fallback""]","== match report for /home/arjaiswal/Polygeist/issues/aten_c_kernels/results/aten_nested_softmax_dropout_cpu/debuf.mlir ==
  no_match       body#0  ?
  no_match       body#1  ?
  total: 0 matched / 2 bodies
",0,[],0,0,0,0,/home/arjaiswal/Polygeist/issues/aten_c_kernels/results/aten_nested_softmax_dropout_cpu/debuf.mlir,3338,8,2,0,290.75057432055473,2,65576,0.0,0,0,0,0,[],0,0,0,0.0,4
aten,aten_nested_softmax_dropout_cpu,/home/arjaiswal/Polygeist/issues/aten_c_kernels/results/aten_nested_softmax_dropout_cpu/debuf.mlir,9da90338527dca248168f5a84a07ae17be84d9d5f068a795350e03008324d23b,egglog,2,ok,0,748.910266906023,0,"[""/usr/bin/python3"", ""/home/arjaiswal/Polygeist/scripts/correctness/kernel_match_rewrite.py"", ""/home/arjaiswal/Polygeist/issues/aten_c_kernels/results/aten_nested_softmax_dropout_cpu/debuf.mlir"", ""--dry-run"", ""--matcher-mode"", ""egglog"", ""--telemetry-json"", ""/home/arjaiswal/Polygeist/issues/equality_saturation_eval/campaign_20260908/aten-aten_nested_softmax_dropout_cpu-egglog-s92r6avv.json"", ""--disable-semantic-fallback""]","== match report for /home/arjaiswal/Polygeist/issues/aten_c_kernels/results/aten_nested_softmax_dropout_cpu/debuf.mlir ==
  no_match       body#0  ?
  no_match       body#1  ?
  total: 0 matched / 2 bodies
",0,[],0,0,0,0,/home/arjaiswal/Polygeist/issues/aten_c_kernels/results/aten_nested_softmax_dropout_cpu/debuf.mlir,3338,8,2,0,310.77369302511215,2,65596,0.0,0,0,0,0,[],0,0,0,0.0,4
aten,aten_nested_softmax_dropout_cpu,/home/arjaiswal/Polygeist/issues/aten_c_kernels/results/aten_nested_softmax_dropout_cpu/debuf.mlir,9da90338527dca248168f5a84a07ae17be84d9d5f068a795350e03008324d23b,syntactic,2,ok,0,800.9912855923176,0,"[""/usr/bin/python3"", ""/home/arjaiswal/Polygeist/scripts/correctness/kernel_match_rewrite.py"", ""/home/arjaiswal/Polygeist/issues/aten_c_kernels/results/aten_nested_softmax_dropout_cpu/debuf.mlir"", ""--dry-run"", ""--matcher-mode"", ""syntactic"", ""--telemetry-json"", ""/home/arjaiswal/Polygeist/issues/equality_saturation_eval/campaign_20260908/aten-aten_nested_softmax_dropout_cpu-syntactic-k75hzp28.json"", ""--disable-semantic-fallback""]","== match report for /home/arjaiswal/Polygeist/issues/aten_c_kernels/results/aten_nested_softmax_dropout_cpu/debuf.mlir ==
  no_match       body#0  ?
  no_match       body#1  ?
  total: 0 matched / 2 bodies
",0,[],0,0,0,0,/home/arjaiswal/Polygeist/issues/aten_c_kernels/results/aten_nested_softmax_dropout_cpu/debuf.mlir,3338,0,2,0,318.4475637972355,2,65752,0.01628696918487549,0,0,0,0,[],0,0,4,0.0,4
aten,aten_nested_softmax_dropout_cpu,/home/arjaiswal/Polygeist/issues/aten_c_kernels/results/aten_nested_softmax_dropout_cpu/debuf.mlir,9da90338527dca248168f5a84a07ae17be84d9d5f068a795350e03008324d23b,syntactic,3,ok,0,719.9675589799881,0,"[""/usr/bin/python3"", ""/home/arjaiswal/Polygeist/scripts/correctness/kernel_match_rewrite.py"", ""/home/arjaiswal/Polygeist/issues/aten_c_kernels/results/aten_nested_softmax_dropout_cpu/debuf.mlir"", ""--dry-run"", ""--matcher-mode"", ""syntactic"", ""--telemetry-json"", ""/home/arjaiswal/Polygeist/issues/equality_saturation_eval/campaign_20260908/aten-aten_nested_softmax_dropout_cpu-syntactic-e7xqyemj.json"", ""--disable-semantic-fallback""]","== match report for /home/arjaiswal/Polygeist/issues/aten_c_kernels/results/aten_nested_softmax_dropout_cpu/debuf.mlir ==
  no_match       body#0  ?
  no_match       body#1  ?
  total: 0 matched / 2 bodies
",0,[],0,0,0,0,/home/arjaiswal/Polygeist/issues/aten_c_kernels/results/aten_nested_softmax_dropout_cpu/debuf.mlir,3338,0,2,0,289.21331837773323,2,65768,0.01699104905128479,0,0,0,0,[],0,0,4,0.0,4
aten,aten_nested_softmax_dropout_cpu,/home/arjaiswal/Polygeist/issues/aten_c_kernels/results/aten_nested_softmax_dropout_cpu/debuf.mlir,9da90338527dca248168f5a84a07ae17be84d9d5f068a795350e03008324d23b,egglog,3,ok,0,697.4335573613644,0,"[""/usr/bin/python3"", ""/home/arjaiswal/Polygeist/scripts/correctness/kernel_match_rewrite.py"", ""/home/arjaiswal/Polygeist/issues/aten_c_kernels/results/aten_nested_softmax_dropout_cpu/debuf.mlir"", ""--dry-run"", ""--matcher-mode"", ""egglog"", ""--telemetry-json"", ""/home/arjaiswal/Polygeist/issues/equality_saturation_eval/campaign_20260908/aten-aten_nested_softmax_dropout_cpu-egglog-xh_71gfo.json"", ""--disable-semantic-fallback""]","== match report for /home/arjaiswal/Polygeist/issues/aten_c_kernels/results/aten_nested_softmax_dropout_cpu/debuf.mlir ==
  no_match       body#0  ?
  no_match       body#1  ?
  total: 0 matched / 2 bodies
",0,[],0,0,0,0,/home/arjaiswal/Polygeist/issues/aten_c_kernels/results/aten_nested_softmax_dropout_cpu/debuf.mlir,3338,8,2,0,279.9067869782448,2,65712,0.0,0,0,0,0,[],0,0,0,0.0,4
aten,aten_nested_softmax_dropout_cpu,/home/arjaiswal/Polygeist/issues/aten_c_kernels/results/aten_nested_softmax_dropout_cpu/debuf.mlir,9da90338527dca248168f5a84a07ae17be84d9d5f068a795350e03008324d23b,egglog,4,ok,0,726.2657918035984,0,"[""/usr/bin/python3"", ""/home/arjaiswal/Polygeist/scripts/correctness/kernel_match_rewrite.py"", ""/home/arjaiswal/Polygeist/issues/aten_c_kernels/results/aten_nested_softmax_dropout_cpu/debuf.mlir"", ""--dry-run"", ""--matcher-mode"", ""egglog"", ""--telemetry-json"", ""/home/arjaiswal/Polygeist/issues/equality_saturation_eval/campaign_20260908/aten-aten_nested_softmax_dropout_cpu-egglog-x0yhms4t.json"", ""--disable-semantic-fallback""]","== match report for /home/arjaiswal/Polygeist/issues/aten_c_kernels/results/aten_nested_softmax_dropout_cpu/debuf.mlir ==
  no_match       body#0  ?
  no_match       body#1  ?
  total: 0 matched / 2 bodies
",0,[],0,0,0,0,/home/arjaiswal/Polygeist/issues/aten_c_kernels/results/aten_nested_softmax_dropout_cpu/debuf.mlir,3338,8,2,0,282.6649285852909,2,65624,0.0,0,0,0,0,[],0,0,0,0.0,4
aten,aten_nested_softmax_dropout_cpu,/home/arjaiswal/Polygeist/issues/aten_c_kernels/results/aten_nested_softmax_dropout_cpu/debuf.mlir,9da90338527dca248168f5a84a07ae17be84d9d5f068a795350e03008324d23b,syntactic,4,ok,0,741.1081790924072,0,"[""/usr/bin/python3"", ""/home/arjaiswal/Polygeist/scripts/correctness/kernel_match_rewrite.py"", ""/home/arjaiswal/Polygeist/issues/aten_c_kernels/results/aten_nested_softmax_dropout_cpu/debuf.mlir"", ""--dry-run"", ""--matcher-mode"", ""syntactic"", ""--telemetry-json"", ""/home/arjaiswal/Polygeist/issues/equality_saturation_eval/campaign_20260908/aten-aten_nested_softmax_dropout_cpu-syntactic-qu82gscc.json"", ""--disable-semantic-fallback""]","== match report for /home/arjaiswal/Polygeist/issues/aten_c_kernels/results/aten_nested_softmax_dropout_cpu/debuf.mlir ==
  no_match       body#0  ?
  no_match       body#1  ?
  total: 0 matched / 2 bodies
",0,[],0,0,0,0,/home/arjaiswal/Polygeist/issues/aten_c_kernels/results/aten_nested_softmax_dropout_cpu/debuf.mlir,3338,0,2,0,291.70165583491325,2,64788,0.014603137969970703,0,0,0,0,[],0,0,4,0.0,4
aten,aten_nested_softmax_dropout_cpu,/home/arjaiswal/Polygeist/issues/aten_c_kernels/results/aten_nested_softmax_dropout_cpu/debuf.mlir,9da90338527dca248168f5a84a07ae17be84d9d5f068a795350e03008324d23b,syntactic,5,ok,0,708.5201181471348,0,"[""/usr/bin/python3"", ""/home/arjaiswal/Polygeist/scripts/correctness/kernel_match_rewrite.py"", ""/home/arjaiswal/Polygeist/issues/aten_c_kernels/results/aten_nested_softmax_dropout_cpu/debuf.mlir"", ""--dry-run"", ""--matcher-mode"", ""syntactic"", ""--telemetry-json"", ""/home/arjaiswal/Polygeist/issues/equality_saturation_eval/campaign_20260908/aten-aten_nested_softmax_dropout_cpu-syntactic-pdr2_w7d.json"", ""--disable-semantic-fallback""]","== match report for /home/arjaiswal/Polygeist/issues/aten_c_kernels/results/aten_nested_softmax_dropout_cpu/debuf.mlir ==
  no_match       body#0  ?
  no_match       body#1  ?
  total: 0 matched / 2 bodies
",0,[],0,0,0,0,/home/arjaiswal/Polygeist/issues/aten_c_kernels/results/aten_nested_softmax_dropout_cpu/debuf.mlir,3338,0,2,0,288.5966747999191,2,65536,0.014115124940872192,0,0,0,0,[],0,0,4,0.0,4
aten,aten_nested_softmax_dropout_cpu,/home/arjaiswal/Polygeist/issues/aten_c_kernels/results/aten_nested_softmax_dropout_cpu/debuf.mlir,9da90338527dca248168f5a84a07ae17be84d9d5f068a795350e03008324d23b,egglog,5,ok,0,749.440785497427,0,"[""/usr/bin/python3"", ""/home/arjaiswal/Polygeist/scripts/correctness/kernel_match_rewrite.py"", ""/home/arjaiswal/Polygeist/issues/aten_c_kernels/results/aten_nested_softmax_dropout_cpu/debuf.mlir"", ""--dry-run"", ""--matcher-mode"", ""egglog"", ""--telemetry-json"", ""/home/arjaiswal/Polygeist/issues/equality_saturation_eval/campaign_20260908/aten-aten_nested_softmax_dropout_cpu-egglog-exfm9auh.json"", ""--disable-semantic-fallback""]","== match report for /home/arjaiswal/Polygeist/issues/aten_c_kernels/results/aten_nested_softmax_dropout_cpu/debuf.mlir ==
  no_match       body#0  ?
  no_match       body#1  ?
  total: 0 matched / 2 bodies
",0,[],0,0,0,0,/home/arjaiswal/Polygeist/issues/aten_c_kernels/results/aten_nested_softmax_dropout_cpu/debuf.mlir,3338,8,2,0,304.8560284078121,2,65568,0.0,0,0,0,0,[],0,0,0,0.0,4
aten,aten_nested_squeeze_cpu,/home/arjaiswal/Polygeist/issues/aten_c_kernels/results/aten_nested_squeeze_cpu/debuf.mlir,5f8adb0579b301d79256290eb07a3595b7c4bc9f4ce969cf27653bb7893f3cda,egglog,1,ok,0,862.4597042798996,0,"[""/usr/bin/python3"", ""/home/arjaiswal/Polygeist/scripts/correctness/kernel_match_rewrite.py"", ""/home/arjaiswal/Polygeist/issues/aten_c_kernels/results/aten_nested_squeeze_cpu/debuf.mlir"", ""--dry-run"", ""--matcher-mode"", ""egglog"", ""--telemetry-json"", ""/home/arjaiswal/Polygeist/issues/equality_saturation_eval/campaign_20260908/aten-aten_nested_squeeze_cpu-egglog-r9yzv03j.json"", ""--disable-semantic-fallback""]","== match report for /home/arjaiswal/Polygeist/issues/aten_c_kernels/results/aten_nested_squeeze_cpu/debuf.mlir ==
  match          body#[0]  cudaCopy2D_f32_tensor
  total: 1 matched / 1 bodies
",0,[],0,0,0,0,/home/arjaiswal/Polygeist/issues/aten_c_kernels/results/aten_nested_squeeze_cpu/debuf.mlir,2263,8,1,1,424.4300164282322,0,69700,22.385094314813614,2,2,0,0,"[{""body_indices"": [0], ""symbol"": ""cudaCopy2D_f32_tensor""}]",1,0,0,0.0,50
aten,aten_nested_squeeze_cpu,/home/arjaiswal/Polygeist/issues/aten_c_kernels/results/aten_nested_squeeze_cpu/debuf.mlir,5f8adb0579b301d79256290eb07a3595b7c4bc9f4ce969cf27653bb7893f3cda,syntactic,1,ok,0,792.9761931300163,0,"[""/usr/bin/python3"", ""/home/arjaiswal/Polygeist/scripts/correctness/kernel_match_rewrite.py"", ""/home/arjaiswal/Polygeist/issues/aten_c_kernels/results/aten_nested_squeeze_cpu/debuf.mlir"", ""--dry-run"", ""--matcher-mode"", ""syntactic"", ""--telemetry-json"", ""/home/arjaiswal/Polygeist/issues/equality_saturation_eval/campaign_20260908/aten-aten_nested_squeeze_cpu-syntactic-tlbnzh0b.json"", ""--disable-semantic-fallback""]","== match report for /home/arjaiswal/Polygeist/issues/aten_c_kernels/results/aten_nested_squeeze_cpu/debuf.mlir ==
  match          body#[0]  cudaCopy2D_f32_tensor
  total: 1 matched / 1 bodies
",0,[],0,0,0,0,/home/arjaiswal/Polygeist/issues/aten_c_kernels/results/aten_nested_squeeze_cpu/debuf.mlir,2263,0,1,1,379.14152070879936,0,65620,0.1292489469051361,0,2,0,0,"[{""body_indices"": [0], ""symbol"": ""cudaCopy2D_f32_tensor""}]",1,0,50,0.0,50
aten,aten_nested_squeeze_cpu,/home/arjaiswal/Polygeist/issues/aten_c_kernels/results/aten_nested_squeeze_cpu/debuf.mlir,5f8adb0579b301d79256290eb07a3595b7c4bc9f4ce969cf27653bb7893f3cda,syntactic,2,ok,0,806.844349950552,0,"[""/usr/bin/python3"", ""/home/arjaiswal/Polygeist/scripts/correctness/kernel_match_rewrite.py"", ""/home/arjaiswal/Polygeist/issues/aten_c_kernels/results/aten_nested_squeeze_cpu/debuf.mlir"", ""--dry-run"", ""--matcher-mode"", ""syntactic"", ""--telemetry-json"", ""/home/arjaiswal/Polygeist/issues/equality_saturation_eval/campaign_20260908/aten-aten_nested_squeeze_cpu-syntactic-ku579nry.json"", ""--disable-semantic-fallback""]","== match report for /home/arjaiswal/Polygeist/issues/aten_c_kernels/results/aten_nested_squeeze_cpu/debuf.mlir ==
  match          body#[0]  cudaCopy2D_f32_tensor
  total: 1 matched / 1 bodies
",0,[],0,0,0,0,/home/arjaiswal/Polygeist/issues/aten_c_kernels/results/aten_nested_squeeze_cpu/debuf.mlir,2263,0,1,1,380.4975152015686,0,65572,0.12234598398208618,0,2,0,0,"[{""body_indices"": [0], ""symbol"": ""cudaCopy2D_f32_tensor""}]",1,0,50,0.0,50
aten,aten_nested_squeeze_cpu,/home/arjaiswal/Polygeist/issues/aten_c_kernels/results/aten_nested_squeeze_cpu/debuf.mlir,5f8adb0579b301d79256290eb07a3595b7c4bc9f4ce969cf27653bb7893f3cda,egglog,2,ok,0,845.0767509639263,0,"[""/usr/bin/python3"", ""/home/arjaiswal/Polygeist/scripts/correctness/kernel_match_rewrite.py"", ""/home/arjaiswal/Polygeist/issues/aten_c_kernels/results/aten_nested_squeeze_cpu/debuf.mlir"", ""--dry-run"", ""--matcher-mode"", ""egglog"", ""--telemetry-json"", ""/home/arjaiswal/Polygeist/issues/equality_saturation_eval/campaign_20260908/aten-aten_nested_squeeze_cpu-egglog-h6fu3cm4.json"", ""--disable-semantic-fallback""]","== match report for /home/arjaiswal/Polygeist/issues/aten_c_kernels/results/aten_nested_squeeze_cpu/debuf.mlir ==
  match          body#[0]  cudaCopy2D_f32_tensor
  total: 1 matched / 1 bodies
",0,[],0,0,0,0,/home/arjaiswal/Polygeist/issues/aten_c_kernels/results/aten_nested_squeeze_cpu/debuf.mlir,2263,8,1,1,411.2941101193428,0,69828,21.428845822811127,2,2,0,0,"[{""body_indices"": [0], ""symbol"": ""cudaCopy2D_f32_tensor""}]",1,0,0,0.0,50
aten,aten_nested_squeeze_cpu,/home/arjaiswal/Polygeist/issues/aten_c_kernels/results/aten_nested_squeeze_cpu/debuf.mlir,5f8adb0579b301d79256290eb07a3595b7c4bc9f4ce969cf27653bb7893f3cda,egglog,3,ok,0,829.1450142860413,0,"[""/usr/bin/python3"", ""/home/arjaiswal/Polygeist/scripts/correctness/kernel_match_rewrite.py"", ""/home/arjaiswal/Polygeist/issues/aten_c_kernels/results/aten_nested_squeeze_cpu/debuf.mlir"", ""--dry-run"", ""--matcher-mode"", ""egglog"", ""--telemetry-json"", ""/home/arjaiswal/Polygeist/issues/equality_saturation_eval/campaign_20260908/aten-aten_nested_squeeze_cpu-egglog-gmdxb9hq.json"", ""--disable-semantic-fallback""]","== match report for /home/arjaiswal/Polygeist/issues/aten_c_kernels/results/aten_nested_squeeze_cpu/debuf.mlir ==
  match          body#[0]  cudaCopy2D_f32_tensor
  total: 1 matched / 1 bodies
",0,[],0,0,0,0,/home/arjaiswal/Polygeist/issues/aten_c_kernels/results/aten_nested_squeeze_cpu/debuf.mlir,2263,8,1,1,400.20034089684486,0,69708,21.398335695266724,2,2,0,0,"[{""body_indices"": [0], ""symbol"": ""cudaCopy2D_f32_tensor""}]",1,0,0,0.0,50
aten,aten_nested_squeeze_cpu,/home/arjaiswal/Polygeist/issues/aten_c_kernels/results/aten_nested_squeeze_cpu/debuf.mlir,5f8adb0579b301d79256290eb07a3595b7c4bc9f4ce969cf27653bb7893f3cda,syntactic,3,ok,0,772.9614675045013,0,"[""/usr/bin/python3"", ""/home/arjaiswal/Polygeist/scripts/correctness/kernel_match_rewrite.py"", ""/home/arjaiswal/Polygeist/issues/aten_c_kernels/results/aten_nested_squeeze_cpu/debuf.mlir"", ""--dry-run"", ""--matcher-mode"", ""syntactic"", ""--telemetry-json"", ""/home/arjaiswal/Polygeist/issues/equality_saturation_eval/campaign_20260908/aten-aten_nested_squeeze_cpu-syntactic-17t3k8t4.json"", ""--disable-semantic-fallback""]","== match report for /home/arjaiswal/Polygeist/issues/aten_c_kernels/results/aten_nested_squeeze_cpu/debuf.mlir ==
  match          body#[0]  cudaCopy2D_f32_tensor
  total: 1 matched / 1 bodies
",0,[],0,0,0,0,/home/arjaiswal/Polygeist/issues/aten_c_kernels/results/aten_nested_squeeze_cpu/debuf.mlir,2263,0,1,1,367.5646148622036,0,65696,0.11623650789260864,0,2,0,0,"[{""body_indices"": [0], ""symbol"": ""cudaCopy2D_f32_tensor""}]",1,0,50,0.0,50
aten,aten_nested_squeeze_cpu,/home/arjaiswal/Polygeist/issues/aten_c_kernels/results/aten_nested_squeeze_cpu/debuf.mlir,5f8adb0579b301d79256290eb07a3595b7c4bc9f4ce969cf27653bb7893f3cda,syntactic,4,ok,0,785.1807363331318,0,"[""/usr/bin/python3"", ""/home/arjaiswal/Polygeist/scripts/correctness/kernel_match_rewrite.py"", ""/home/arjaiswal/Polygeist/issues/aten_c_kernels/results/aten_nested_squeeze_cpu/debuf.mlir"", ""--dry-run"", ""--matcher-mode"", ""syntactic"", ""--telemetry-json"", ""/home/arjaiswal/Polygeist/issues/equality_saturation_eval/campaign_20260908/aten-aten_nested_squeeze_cpu-syntactic-j1463egy.json"", ""--disable-semantic-fallback""]","== match report for /home/arjaiswal/Polygeist/issues/aten_c_kernels/results/aten_nested_squeeze_cpu/debuf.mlir ==
  match          body#[0]  cudaCopy2D_f32_tensor
  total: 1 matched / 1 bodies
",0,[],0,0,0,0,/home/arjaiswal/Polygeist/issues/aten_c_kernels/results/aten_nested_squeeze_cpu/debuf.mlir,2263,0,1,1,374.6759481728077,0,65592,0.11643022298812866,0,2,0,0,"[{""body_indices"": [0], ""symbol"": ""cudaCopy2D_f32_tensor""}]",1,0,50,0.0,50
aten,aten_nested_squeeze_cpu,/home/arjaiswal/Polygeist/issues/aten_c_kernels/results/aten_nested_squeeze_cpu/debuf.mlir,5f8adb0579b301d79256290eb07a3595b7c4bc9f4ce969cf27653bb7893f3cda,egglog,4,ok,0,826.2645937502384,0,"[""/usr/bin/python3"", ""/home/arjaiswal/Polygeist/scripts/correctness/kernel_match_rewrite.py"", ""/home/arjaiswal/Polygeist/issues/aten_c_kernels/results/aten_nested_squeeze_cpu/debuf.mlir"", ""--dry-run"", ""--matcher-mode"", ""egglog"", ""--telemetry-json"", ""/home/arjaiswal/Polygeist/issues/equality_saturation_eval/campaign_20260908/aten-aten_nested_squeeze_cpu-egglog-jry5d271.json"", ""--disable-semantic-fallback""]","== match report for /home/arjaiswal/Polygeist/issues/aten_c_kernels/results/aten_nested_squeeze_cpu/debuf.mlir ==
  match          body#[0]  cudaCopy2D_f32_tensor
  total: 1 matched / 1 bodies
",0,[],0,0,0,0,/home/arjaiswal/Polygeist/issues/aten_c_kernels/results/aten_nested_squeeze_cpu/debuf.mlir,2263,8,1,1,407.0746526122093,0,69808,21.849628537893295,2,2,0,0,"[{""body_indices"": [0], ""symbol"": ""cudaCopy2D_f32_tensor""}]",1,0,0,0.0,50
aten,aten_nested_squeeze_cpu,/home/arjaiswal/Polygeist/issues/aten_c_kernels/results/aten_nested_squeeze_cpu/debuf.mlir,5f8adb0579b301d79256290eb07a3595b7c4bc9f4ce969cf27653bb7893f3cda,egglog,5,ok,0,825.2374455332756,0,"[""/usr/bin/python3"", ""/home/arjaiswal/Polygeist/scripts/correctness/kernel_match_rewrite.py"", ""/home/arjaiswal/Polygeist/issues/aten_c_kernels/results/aten_nested_squeeze_cpu/debuf.mlir"", ""--dry-run"", ""--matcher-mode"", ""egglog"", ""--telemetry-json"", ""/home/arjaiswal/Polygeist/issues/equality_saturation_eval/campaign_20260908/aten-aten_nested_squeeze_cpu-egglog-3fo72mgm.json"", ""--disable-semantic-fallback""]","== match report for /home/arjaiswal/Polygeist/issues/aten_c_kernels/results/aten_nested_squeeze_cpu/debuf.mlir ==
  match          body#[0]  cudaCopy2D_f32_tensor
  total: 1 matched / 1 bodies
",0,[],0,0,0,0,/home/arjaiswal/Polygeist/issues/aten_c_kernels/results/aten_nested_squeeze_cpu/debuf.mlir,2263,8,1,1,403.3050797879696,0,69884,24.798832833766937,2,2,0,0,"[{""body_indices"": [0], ""symbol"": ""cudaCopy2D_f32_tensor""}]",1,0,0,0.0,50
aten,aten_nested_squeeze_cpu,/home/arjaiswal/Polygeist/issues/aten_c_kernels/results/aten_nested_squeeze_cpu/debuf.mlir,5f8adb0579b301d79256290eb07a3595b7c4bc9f4ce969cf27653bb7893f3cda,syntactic,5,ok,0,816.0147406160831,0,"[""/usr/bin/python3"", ""/home/arjaiswal/Polygeist/scripts/correctness/kernel_match_rewrite.py"", ""/home/arjaiswal/Polygeist/issues/aten_c_kernels/results/aten_nested_squeeze_cpu/debuf.mlir"", ""--dry-run"", ""--matcher-mode"", ""syntactic"", ""--telemetry-json"", ""/home/arjaiswal/Polygeist/issues/equality_saturation_eval/campaign_20260908/aten-aten_nested_squeeze_cpu-syntactic-44gm1g6h.json"", ""--disable-semantic-fallback""]","== match report for /home/arjaiswal/Polygeist/issues/aten_c_kernels/results/aten_nested_squeeze_cpu/debuf.mlir ==
  match          body#[0]  cudaCopy2D_f32_tensor
  total: 1 matched / 1 bodies
",0,[],0,0,0,0,/home/arjaiswal/Polygeist/issues/aten_c_kernels/results/aten_nested_squeeze_cpu/debuf.mlir,2263,0,1,1,389.49527591466904,0,65552,0.12093037366867065,0,2,0,0,"[{""body_indices"": [0], ""symbol"": ""cudaCopy2D_f32_tensor""}]",1,0,50,0.0,50
aten,aten_nested_sum_backward_cpu,/home/arjaiswal/Polygeist/issues/aten_c_kernels/results/aten_nested_sum_backward_cpu/debuf.mlir,74f45e074d71110a2451f9cc2775e64f17786bb6e0b4442769cbfbde33a11050,syntactic,1,ok,0,805.6714348495007,0,"[""/usr/bin/python3"", ""/home/arjaiswal/Polygeist/scripts/correctness/kernel_match_rewrite.py"", ""/home/arjaiswal/Polygeist/issues/aten_c_kernels/results/aten_nested_sum_backward_cpu/debuf.mlir"", ""--dry-run"", ""--matcher-mode"", ""syntactic"", ""--telemetry-json"", ""/home/arjaiswal/Polygeist/issues/equality_saturation_eval/campaign_20260908/aten-aten_nested_sum_backward_cpu-syntactic-h23i15e3.json"", ""--disable-semantic-fallback""]","== match report for /home/arjaiswal/Polygeist/issues/aten_c_kernels/results/aten_nested_sum_backward_cpu/debuf.mlir ==
  match          body#[0]  cublasBroadcastAxis0_f32
  total: 1 matched / 1 bodies
",0,[],0,0,0,0,/home/arjaiswal/Polygeist/issues/aten_c_kernels/results/aten_nested_sum_backward_cpu/debuf.mlir,2266,0,1,1,364.3502779304981,0,65708,0.1139231026172638,0,2,0,0,"[{""body_indices"": [0], ""symbol"": ""cublasBroadcastAxis0_f32""}]",1,0,50,0.0,50
aten,aten_nested_sum_backward_cpu,/home/arjaiswal/Polygeist/issues/aten_c_kernels/results/aten_nested_sum_backward_cpu/debuf.mlir,74f45e074d71110a2451f9cc2775e64f17786bb6e0b4442769cbfbde33a11050,egglog,1,ok,0,906.6814072430134,0,"[""/usr/bin/python3"", ""/home/arjaiswal/Polygeist/scripts/correctness/kernel_match_rewrite.py"", ""/home/arjaiswal/Polygeist/issues/aten_c_kernels/results/aten_nested_sum_backward_cpu/debuf.mlir"", ""--dry-run"", ""--matcher-mode"", ""egglog"", ""--telemetry-json"", ""/home/arjaiswal/Polygeist/issues/equality_saturation_eval/campaign_20260908/aten-aten_nested_sum_backward_cpu-egglog-jr1b2gr4.json"", ""--disable-semantic-fallback""]","== match report for /home/arjaiswal/Polygeist/issues/aten_c_kernels/results/aten_nested_sum_backward_cpu/debuf.mlir ==
  match          body#[0]  cublasBroadcastAxis0_f32
  total: 1 matched / 1 bodies
",0,[],0,0,0,0,/home/arjaiswal/Polygeist/issues/aten_c_kernels/results/aten_nested_sum_backward_cpu/debuf.mlir,2266,8,1,1,474.3378162384033,0,69788,21.53857797384262,2,2,0,0,"[{""body_indices"": [0], ""symbol"": ""cublasBroadcastAxis0_f32""}]",1,0,0,0.0,50
aten,aten_nested_sum_backward_cpu,/home/arjaiswal/Polygeist/issues/aten_c_kernels/results/aten_nested_sum_backward_cpu/debuf.mlir,74f45e074d71110a2451f9cc2775e64f17786bb6e0b4442769cbfbde33a11050,egglog,2,ok,0,820.8765126764774,0,"[""/usr/bin/python3"", ""/home/arjaiswal/Polygeist/scripts/correctness/kernel_match_rewrite.py"", ""/home/arjaiswal/Polygeist/issues/aten_c_kernels/results/aten_nested_sum_backward_cpu/debuf.mlir"", ""--dry-run"", ""--matcher-mode"", ""egglog"", ""--telemetry-json"", ""/home/arjaiswal/Polygeist/issues/equality_saturation_eval/campaign_20260908/aten-aten_nested_sum_backward_cpu-egglog-3wsl2ks8.json"", ""--disable-semantic-fallback""]","== match report for /home/arjaiswal/Polygeist/issues/aten_c_kernels/results/aten_nested_sum_backward_cpu/debuf.mlir ==
  match          body#[0]  cublasBroadcastAxis0_f32
  total: 1 matched / 1 bodies
",0,[],0,0,0,0,/home/arjaiswal/Polygeist/issues/aten_c_kernels/results/aten_nested_sum_backward_cpu/debuf.mlir,2266,8,1,1,405.422430485487,0,69856,24.088840931653976,2,2,0,0,"[{""body_indices"": [0], ""symbol"": ""cublasBroadcastAxis0_f32""}]",1,0,0,0.0,50
aten,aten_nested_sum_backward_cpu,/home/arjaiswal/Polygeist/issues/aten_c_kernels/results/aten_nested_sum_backward_cpu/debuf.mlir,74f45e074d71110a2451f9cc2775e64f17786bb6e0b4442769cbfbde33a11050,syntactic,2,ok,0,812.1803104877472,0,"[""/usr/bin/python3"", ""/home/arjaiswal/Polygeist/scripts/correctness/kernel_match_rewrite.py"", ""/home/arjaiswal/Polygeist/issues/aten_c_kernels/results/aten_nested_sum_backward_cpu/debuf.mlir"", ""--dry-run"", ""--matcher-mode"", ""syntactic"", ""--telemetry-json"", ""/home/arjaiswal/Polygeist/issues/equality_saturation_eval/campaign_20260908/aten-aten_nested_sum_backward_cpu-syntactic-mt_s54gw.json"", ""--disable-semantic-fallback""]","== match report for /home/arjaiswal/Polygeist/issues/aten_c_kernels/results/aten_nested_sum_backward_cpu/debuf.mlir ==
  match          body#[0]  cublasBroadcastAxis0_f32
  total: 1 matched / 1 bodies
",0,[],0,0,0,0,/home/arjaiswal/Polygeist/issues/aten_c_kernels/results/aten_nested_sum_backward_cpu/debuf.mlir,2266,0,1,1,389.58655670285225,0,65640,0.12120604515075684,0,2,0,0,"[{""body_indices"": [0], ""symbol"": ""cublasBroadcastAxis0_f32""}]",1,0,50,0.0,50
aten,aten_nested_sum_backward_cpu,/home/arjaiswal/Polygeist/issues/aten_c_kernels/results/aten_nested_sum_backward_cpu/debuf.mlir,74f45e074d71110a2451f9cc2775e64f17786bb6e0b4442769cbfbde33a11050,syntactic,3,ok,0,816.6690953075886,0,"[""/usr/bin/python3"", ""/home/arjaiswal/Polygeist/scripts/correctness/kernel_match_rewrite.py"", ""/home/arjaiswal/Polygeist/issues/aten_c_kernels/results/aten_nested_sum_backward_cpu/debuf.mlir"", ""--dry-run"", ""--matcher-mode"", ""syntactic"", ""--telemetry-json"", ""/home/arjaiswal/Polygeist/issues/equality_saturation_eval/campaign_20260908/aten-aten_nested_sum_backward_cpu-syntactic-fentcs8y.json"", ""--disable-semantic-fallback""]","== match report for /home/arjaiswal/Polygeist/issues/aten_c_kernels/results/aten_nested_sum_backward_cpu/debuf.mlir ==
  match          body#[0]  cublasBroadcastAxis0_f32
  total: 1 matched / 1 bodies
",0,[],0,0,0,0,/home/arjaiswal/Polygeist/issues/aten_c_kernels/results/aten_nested_sum_backward_cpu/debuf.mlir,2266,0,1,1,387.73058727383614,0,65776,0.1258663833141327,0,2,0,0,"[{""body_indices"": [0], ""symbol"": ""cublasBroadcastAxis0_f32""}]",1,0,50,0.0,50
aten,aten_nested_sum_backward_cpu,/home/arjaiswal/Polygeist/issues/aten_c_kernels/results/aten_nested_sum_backward_cpu/debuf.mlir,74f45e074d71110a2451f9cc2775e64f17786bb6e0b4442769cbfbde33a11050,egglog,3,ok,0,1124.1041645407677,0,"[""/usr/bin/python3"", ""/home/arjaiswal/Polygeist/scripts/correctness/kernel_match_rewrite.py"", ""/home/arjaiswal/Polygeist/issues/aten_c_kernels/results/aten_nested_sum_backward_cpu/debuf.mlir"", ""--dry-run"", ""--matcher-mode"", ""egglog"", ""--telemetry-json"", ""/home/arjaiswal/Polygeist/issues/equality_saturation_eval/campaign_20260908/aten-aten_nested_sum_backward_cpu-egglog-y4gvcf62.json"", ""--disable-semantic-fallback""]","== match report for /home/arjaiswal/Polygeist/issues/aten_c_kernels/results/aten_nested_sum_backward_cpu/debuf.mlir ==
  match          body#[0]  cublasBroadcastAxis0_f32
  total: 1 matched / 1 bodies
",0,[],0,0,0,0,/home/arjaiswal/Polygeist/issues/aten_c_kernels/results/aten_nested_sum_backward_cpu/debuf.mlir,2266,8,1,1,393.1524306535721,0,69620,22.00685814023018,2,2,0,0,"[{""body_indices"": [0], ""symbol"": ""cublasBroadcastAxis0_f32""}]",1,0,0,0.0,50
aten,aten_nested_sum_backward_cpu,/home/arjaiswal/Polygeist/issues/aten_c_kernels/results/aten_nested_sum_backward_cpu/debuf.mlir,74f45e074d71110a2451f9cc2775e64f17786bb6e0b4442769cbfbde33a11050,egglog,4,ok,0,841.9255129992962,0,"[""/usr/bin/python3"", ""/home/arjaiswal/Polygeist/scripts/correctness/kernel_match_rewrite.py"", ""/home/arjaiswal/Polygeist/issues/aten_c_kernels/results/aten_nested_sum_backward_cpu/debuf.mlir"", ""--dry-run"", ""--matcher-mode"", ""egglog"", ""--telemetry-json"", ""/home/arjaiswal/Polygeist/issues/equality_saturation_eval/campaign_20260908/aten-aten_nested_sum_backward_cpu-egglog-4ow801vm.json"", ""--disable-semantic-fallback""]","== match report for /home/arjaiswal/Polygeist/issues/aten_c_kernels/results/aten_nested_sum_backward_cpu/debuf.mlir ==
  match          body#[0]  cublasBroadcastAxis0_f32
  total: 1 matched / 1 bodies
",0,[],0,0,0,0,/home/arjaiswal/Polygeist/issues/aten_c_kernels/results/aten_nested_sum_backward_cpu/debuf.mlir,2266,8,1,1,388.28807696700096,0,69836,21.030548959970474,2,2,0,0,"[{""body_indices"": [0], ""symbol"": ""cublasBroadcastAxis0_f32""}]",1,0,0,0.0,50
aten,aten_nested_sum_backward_cpu,/home/arjaiswal/Polygeist/issues/aten_c_kernels/results/aten_nested_sum_backward_cpu/debuf.mlir,74f45e074d71110a2451f9cc2775e64f17786bb6e0b4442769cbfbde33a11050,syntactic,4,ok,0,833.0187201499939,0,"[""/usr/bin/python3"", ""/home/arjaiswal/Polygeist/scripts/correctness/kernel_match_rewrite.py"", ""/home/arjaiswal/Polygeist/issues/aten_c_kernels/results/aten_nested_sum_backward_cpu/debuf.mlir"", ""--dry-run"", ""--matcher-mode"", ""syntactic"", ""--telemetry-json"", ""/home/arjaiswal/Polygeist/issues/equality_saturation_eval/campaign_20260908/aten-aten_nested_sum_backward_cpu-syntactic-ey9mfozi.json"", ""--disable-semantic-fallback""]","== match report for /home/arjaiswal/Polygeist/issues/aten_c_kernels/results/aten_nested_sum_backward_cpu/debuf.mlir ==
  match          body#[0]  cublasBroadcastAxis0_f32
  total: 1 matched / 1 bodies
",0,[],0,0,0,0,/home/arjaiswal/Polygeist/issues/aten_c_kernels/results/aten_nested_sum_backward_cpu/debuf.mlir,2266,0,1,1,403.1493403017521,0,65624,0.12014806270599365,0,2,0,0,"[{""body_indices"": [0], ""symbol"": ""cublasBroadcastAxis0_f32""}]",1,0,50,0.0,50
aten,aten_nested_sum_backward_cpu,/home/arjaiswal/Polygeist/issues/aten_c_kernels/results/aten_nested_sum_backward_cpu/debuf.mlir,74f45e074d71110a2451f9cc2775e64f17786bb6e0b4442769cbfbde33a11050,syntactic,5,ok,0,771.0597552359104,0,"[""/usr/bin/python3"", ""/home/arjaiswal/Polygeist/scripts/correctness/kernel_match_rewrite.py"", ""/home/arjaiswal/Polygeist/issues/aten_c_kernels/results/aten_nested_sum_backward_cpu/debuf.mlir"", ""--dry-run"", ""--matcher-mode"", ""syntactic"", ""--telemetry-json"", ""/home/arjaiswal/Polygeist/issues/equality_saturation_eval/campaign_20260908/aten-aten_nested_sum_backward_cpu-syntactic-qhidr0af.json"", ""--disable-semantic-fallback""]","== match report for /home/arjaiswal/Polygeist/issues/aten_c_kernels/results/aten_nested_sum_backward_cpu/debuf.mlir ==
  match          body#[0]  cublasBroadcastAxis0_f32
  total: 1 matched / 1 bodies
",0,[],0,0,0,0,/home/arjaiswal/Polygeist/issues/aten_c_kernels/results/aten_nested_sum_backward_cpu/debuf.mlir,2266,0,1,1,362.5165782868862,0,65664,0.11215358972549438,0,2,0,0,"[{""body_indices"": [0], ""symbol"": ""cublasBroadcastAxis0_f32""}]",1,0,50,0.0,50
aten,aten_nested_sum_backward_cpu,/home/arjaiswal/Polygeist/issues/aten_c_kernels/results/aten_nested_sum_backward_cpu/debuf.mlir,74f45e074d71110a2451f9cc2775e64f17786bb6e0b4442769cbfbde33a11050,egglog,5,ok,0,858.8717542588711,0,"[""/usr/bin/python3"", ""/home/arjaiswal/Polygeist/scripts/correctness/kernel_match_rewrite.py"", ""/home/arjaiswal/Polygeist/issues/aten_c_kernels/results/aten_nested_sum_backward_cpu/debuf.mlir"", ""--dry-run"", ""--matcher-mode"", ""egglog"", ""--telemetry-json"", ""/home/arjaiswal/Polygeist/issues/equality_saturation_eval/campaign_20260908/aten-aten_nested_sum_backward_cpu-egglog-scvkwhej.json"", ""--disable-semantic-fallback""]","== match report for /home/arjaiswal/Polygeist/issues/aten_c_kernels/results/aten_nested_sum_backward_cpu/debuf.mlir ==
  match          body#[0]  cublasBroadcastAxis0_f32
  total: 1 matched / 1 bodies
",0,[],0,0,0,0,/home/arjaiswal/Polygeist/issues/aten_c_kernels/results/aten_nested_sum_backward_cpu/debuf.mlir,2266,8,1,1,429.59892377257347,0,69896,20.96572518348694,2,2,0,0,"[{""body_indices"": [0], ""symbol"": ""cublasBroadcastAxis0_f32""}]",1,0,0,0.0,50
aten,aten_nested_sum_dim_cpu,/home/arjaiswal/Polygeist/issues/aten_c_kernels/results/aten_nested_sum_dim_cpu/debuf.mlir,fb38a797452207797a7bdbdf3d5c6222d31fa0cbb0feb5b66d98d9c04bb20c38,egglog,1,ok,0,968.7874242663383,0,"[""/usr/bin/python3"", ""/home/arjaiswal/Polygeist/scripts/correctness/kernel_match_rewrite.py"", ""/home/arjaiswal/Polygeist/issues/aten_c_kernels/results/aten_nested_sum_dim_cpu/debuf.mlir"", ""--dry-run"", ""--matcher-mode"", ""egglog"", ""--telemetry-json"", ""/home/arjaiswal/Polygeist/issues/equality_saturation_eval/campaign_20260908/aten-aten_nested_sum_dim_cpu-egglog-qrnhc69m.json"", ""--disable-semantic-fallback""]","== match report for /home/arjaiswal/Polygeist/issues/aten_c_kernels/results/aten_nested_sum_dim_cpu/debuf.mlir ==
  match          body#[0, 1]  cubSegmentedPrefixSum_f32
  total: 1 matched / 1 bodies
",0,[],0,0,0,0,/home/arjaiswal/Polygeist/issues/aten_c_kernels/results/aten_nested_sum_dim_cpu/debuf.mlir,2425,8,2,2,548.5898740589619,0,69812,213.83939683437347,20,20,0,4,"[{""body_indices"": [0, 1], ""symbol"": ""cubSegmentedPrefixSum_f32""}]",1,0,0,0.0,28
aten,aten_nested_sum_dim_cpu,/home/arjaiswal/Polygeist/issues/aten_c_kernels/results/aten_nested_sum_dim_cpu/debuf.mlir,fb38a797452207797a7bdbdf3d5c6222d31fa0cbb0feb5b66d98d9c04bb20c38,syntactic,1,ok,0,744.8248490691185,0,"[""/usr/bin/python3"", ""/home/arjaiswal/Polygeist/scripts/correctness/kernel_match_rewrite.py"", ""/home/arjaiswal/Polygeist/issues/aten_c_kernels/results/aten_nested_sum_dim_cpu/debuf.mlir"", ""--dry-run"", ""--matcher-mode"", ""syntactic"", ""--telemetry-json"", ""/home/arjaiswal/Polygeist/issues/equality_saturation_eval/campaign_20260908/aten-aten_nested_sum_dim_cpu-syntactic-6t1a8wl8.json"", ""--disable-semantic-fallback""]","== match report for /home/arjaiswal/Polygeist/issues/aten_c_kernels/results/aten_nested_sum_dim_cpu/debuf.mlir ==
  match          body#[0, 1]  cubSegmentedPrefixSum_f32
  total: 1 matched / 1 bodies
",0,[],0,0,0,0,/home/arjaiswal/Polygeist/issues/aten_c_kernels/results/aten_nested_sum_dim_cpu/debuf.mlir,2425,0,2,2,325.98230242729187,0,65568,0.119820237159729,0,20,0,0,"[{""body_indices"": [0, 1], ""symbol"": ""cubSegmentedPrefixSum_f32""}]",1,0,28,0.0,28
aten,aten_nested_sum_dim_cpu,/home/arjaiswal/Polygeist/issues/aten_c_kernels/results/aten_nested_sum_dim_cpu/debuf.mlir,fb38a797452207797a7bdbdf3d5c6222d31fa0cbb0feb5b66d98d9c04bb20c38,syntactic,2,ok,0,747.7696612477303,0,"[""/usr/bin/python3"", ""/home/arjaiswal/Polygeist/scripts/correctness/kernel_match_rewrite.py"", ""/home/arjaiswal/Polygeist/issues/aten_c_kernels/results/aten_nested_sum_dim_cpu/debuf.mlir"", ""--dry-run"", ""--matcher-mode"", ""syntactic"", ""--telemetry-json"", ""/home/arjaiswal/Polygeist/issues/equality_saturation_eval/campaign_20260908/aten-aten_nested_sum_dim_cpu-syntactic-xwws328g.json"", ""--disable-semantic-fallback""]","== match report for /home/arjaiswal/Polygeist/issues/aten_c_kernels/results/aten_nested_sum_dim_cpu/debuf.mlir ==
  match          body#[0, 1]  cubSegmentedPrefixSum_f32
  total: 1 matched / 1 bodies
",0,[],0,0,0,0,/home/arjaiswal/Polygeist/issues/aten_c_kernels/results/aten_nested_sum_dim_cpu/debuf.mlir,2425,0,2,2,323.9039182662964,0,65460,0.10936707258224487,0,20,0,0,"[{""body_indices"": [0, 1], ""symbol"": ""cubSegmentedPrefixSum_f32""}]",1,0,28,0.0,28
aten,aten_nested_sum_dim_cpu,/home/arjaiswal/Polygeist/issues/aten_c_kernels/results/aten_nested_sum_dim_cpu/debuf.mlir,fb38a797452207797a7bdbdf3d5c6222d31fa0cbb0feb5b66d98d9c04bb20c38,egglog,2,ok,0,992.3021160066128,0,"[""/usr/bin/python3"", ""/home/arjaiswal/Polygeist/scripts/correctness/kernel_match_rewrite.py"", ""/home/arjaiswal/Polygeist/issues/aten_c_kernels/results/aten_nested_sum_dim_cpu/debuf.mlir"", ""--dry-run"", ""--matcher-mode"", ""egglog"", ""--telemetry-json"", ""/home/arjaiswal/Polygeist/issues/equality_saturation_eval/campaign_20260908/aten-aten_nested_sum_dim_cpu-egglog-ocdotoio.json"", ""--disable-semantic-fallback""]","== match report for /home/arjaiswal/Polygeist/issues/aten_c_kernels/results/aten_nested_sum_dim_cpu/debuf.mlir ==
  match          body#[0, 1]  cubSegmentedPrefixSum_f32
  total: 1 matched / 1 bodies
",0,[],0,0,0,0,/home/arjaiswal/Polygeist/issues/aten_c_kernels/results/aten_nested_sum_dim_cpu/debuf.mlir,2425,8,2,2,551.4828562736511,0,69748,203.66722717881203,20,20,0,4,"[{""body_indices"": [0, 1], ""symbol"": ""cubSegmentedPrefixSum_f32""}]",1,0,0,0.0,28
aten,aten_nested_sum_dim_cpu,/home/arjaiswal/Polygeist/issues/aten_c_kernels/results/aten_nested_sum_dim_cpu/debuf.mlir,fb38a797452207797a7bdbdf3d5c6222d31fa0cbb0feb5b66d98d9c04bb20c38,egglog,3,ok,0,990.5382953584194,0,"[""/usr/bin/python3"", ""/home/arjaiswal/Polygeist/scripts/correctness/kernel_match_rewrite.py"", ""/home/arjaiswal/Polygeist/issues/aten_c_kernels/results/aten_nested_sum_dim_cpu/debuf.mlir"", ""--dry-run"", ""--matcher-mode"", ""egglog"", ""--telemetry-json"", ""/home/arjaiswal/Polygeist/issues/equality_saturation_eval/campaign_20260908/aten-aten_nested_sum_dim_cpu-egglog-l7r_1mag.json"", ""--disable-semantic-fallback""]","== match report for /home/arjaiswal/Polygeist/issues/aten_c_kernels/results/aten_nested_sum_dim_cpu/debuf.mlir ==
  match          body#[0, 1]  cubSegmentedPrefixSum_f32
  total: 1 matched / 1 bodies
",0,[],0,0,0,0,/home/arjaiswal/Polygeist/issues/aten_c_kernels/results/aten_nested_sum_dim_cpu/debuf.mlir,2425,8,2,2,576.775174587965,0,69848,211.30822226405144,20,20,0,4,"[{""body_indices"": [0, 1], ""symbol"": ""cubSegmentedPrefixSum_f32""}]",1,0,0,0.0,28
aten,aten_nested_sum_dim_cpu,/home/arjaiswal/Polygeist/issues/aten_c_kernels/results/aten_nested_sum_dim_cpu/debuf.mlir,fb38a797452207797a7bdbdf3d5c6222d31fa0cbb0feb5b66d98d9c04bb20c38,syntactic,3,ok,0,758.8741891086102,0,"[""/usr/bin/python3"", ""/home/arjaiswal/Polygeist/scripts/correctness/kernel_match_rewrite.py"", ""/home/arjaiswal/Polygeist/issues/aten_c_kernels/results/aten_nested_sum_dim_cpu/debuf.mlir"", ""--dry-run"", ""--matcher-mode"", ""syntactic"", ""--telemetry-json"", ""/home/arjaiswal/Polygeist/issues/equality_saturation_eval/campaign_20260908/aten-aten_nested_sum_dim_cpu-syntactic-jfga39eq.json"", ""--disable-semantic-fallback""]","== match report for /home/arjaiswal/Polygeist/issues/aten_c_kernels/results/aten_nested_sum_dim_cpu/debuf.mlir ==
  match          body#[0, 1]  cubSegmentedPrefixSum_f32
  total: 1 matched / 1 bodies
",0,[],0,0,0,0,/home/arjaiswal/Polygeist/issues/aten_c_kernels/results/aten_nested_sum_dim_cpu/debuf.mlir,2425,0,2,2,327.3552283644676,0,65580,0.12560933828353882,0,20,0,0,"[{""body_indices"": [0, 1], ""symbol"": ""cubSegmentedPrefixSum_f32""}]",1,0,28,0.0,28
aten,aten_nested_sum_dim_cpu,/home/arjaiswal/Polygeist/issues/aten_c_kernels/results/aten_nested_sum_dim_cpu/debuf.mlir,fb38a797452207797a7bdbdf3d5c6222d31fa0cbb0feb5b66d98d9c04bb20c38,syntactic,4,ok,0,761.9156651198864,0,"[""/usr/bin/python3"", ""/home/arjaiswal/Polygeist/scripts/correctness/kernel_match_rewrite.py"", ""/home/arjaiswal/Polygeist/issues/aten_c_kernels/results/aten_nested_sum_dim_cpu/debuf.mlir"", ""--dry-run"", ""--matcher-mode"", ""syntactic"", ""--telemetry-json"", ""/home/arjaiswal/Polygeist/issues/equality_saturation_eval/campaign_20260908/aten-aten_nested_sum_dim_cpu-syntactic-wjshf2cl.json"", ""--disable-semantic-fallback""]","== match report for /home/arjaiswal/Polygeist/issues/aten_c_kernels/results/aten_nested_sum_dim_cpu/debuf.mlir ==
  match          body#[0, 1]  cubSegmentedPrefixSum_f32
  total: 1 matched / 1 bodies
",0,[],0,0,0,0,/home/arjaiswal/Polygeist/issues/aten_c_kernels/results/aten_nested_sum_dim_cpu/debuf.mlir,2425,0,2,2,342.3018977046013,0,65516,0.11998414993286133,0,20,0,0,"[{""body_indices"": [0, 1], ""symbol"": ""cubSegmentedPrefixSum_f32""}]",1,0,28,0.0,28
aten,aten_nested_sum_dim_cpu,/home/arjaiswal/Polygeist/issues/aten_c_kernels/results/aten_nested_sum_dim_cpu/debuf.mlir,fb38a797452207797a7bdbdf3d5c6222d31fa0cbb0feb5b66d98d9c04bb20c38,egglog,4,ok,0,984.7507253289223,0,"[""/usr/bin/python3"", ""/home/arjaiswal/Polygeist/scripts/correctness/kernel_match_rewrite.py"", ""/home/arjaiswal/Polygeist/issues/aten_c_kernels/results/aten_nested_sum_dim_cpu/debuf.mlir"", ""--dry-run"", ""--matcher-mode"", ""egglog"", ""--telemetry-json"", ""/home/arjaiswal/Polygeist/issues/equality_saturation_eval/campaign_20260908/aten-aten_nested_sum_dim_cpu-egglog-hr38xs2l.json"", ""--disable-semantic-fallback""]","== match report for /home/arjaiswal/Polygeist/issues/aten_c_kernels/results/aten_nested_sum_dim_cpu/debuf.mlir ==
  match          body#[0, 1]  cubSegmentedPrefixSum_f32
  total: 1 matched / 1 bodies
",0,[],0,0,0,0,/home/arjaiswal/Polygeist/issues/aten_c_kernels/results/aten_nested_sum_dim_cpu/debuf.mlir,2425,8,2,2,542.6128022372723,0,69628,203.01710069179535,20,20,0,4,"[{""body_indices"": [0, 1], ""symbol"": ""cubSegmentedPrefixSum_f32""}]",1,0,0,0.0,28
aten,aten_nested_sum_dim_cpu,/home/arjaiswal/Polygeist/issues/aten_c_kernels/results/aten_nested_sum_dim_cpu/debuf.mlir,fb38a797452207797a7bdbdf3d5c6222d31fa0cbb0feb5b66d98d9c04bb20c38,egglog,5,ok,0,1012.8435529768467,0,"[""/usr/bin/python3"", ""/home/arjaiswal/Polygeist/scripts/correctness/kernel_match_rewrite.py"", ""/home/arjaiswal/Polygeist/issues/aten_c_kernels/results/aten_nested_sum_dim_cpu/debuf.mlir"", ""--dry-run"", ""--matcher-mode"", ""egglog"", ""--telemetry-json"", ""/home/arjaiswal/Polygeist/issues/equality_saturation_eval/campaign_20260908/aten-aten_nested_sum_dim_cpu-egglog-0bcauarb.json"", ""--disable-semantic-fallback""]","== match report for /home/arjaiswal/Polygeist/issues/aten_c_kernels/results/aten_nested_sum_dim_cpu/debuf.mlir ==
  match          body#[0, 1]  cubSegmentedPrefixSum_f32
  total: 1 matched / 1 bodies
",0,[],0,0,0,0,/home/arjaiswal/Polygeist/issues/aten_c_kernels/results/aten_nested_sum_dim_cpu/debuf.mlir,2425,8,2,2,581.1364986002445,0,69844,211.54919639229774,20,20,0,4,"[{""body_indices"": [0, 1], ""symbol"": ""cubSegmentedPrefixSum_f32""}]",1,0,0,0.0,28
aten,aten_nested_sum_dim_cpu,/home/arjaiswal/Polygeist/issues/aten_c_kernels/results/aten_nested_sum_dim_cpu/debuf.mlir,fb38a797452207797a7bdbdf3d5c6222d31fa0cbb0feb5b66d98d9c04bb20c38,syntactic,5,ok,0,757.970791310072,0,"[""/usr/bin/python3"", ""/home/arjaiswal/Polygeist/scripts/correctness/kernel_match_rewrite.py"", ""/home/arjaiswal/Polygeist/issues/aten_c_kernels/results/aten_nested_sum_dim_cpu/debuf.mlir"", ""--dry-run"", ""--matcher-mode"", ""syntactic"", ""--telemetry-json"", ""/home/arjaiswal/Polygeist/issues/equality_saturation_eval/campaign_20260908/aten-aten_nested_sum_dim_cpu-syntactic-omaxl9wo.json"", ""--disable-semantic-fallback""]","== match report for /home/arjaiswal/Polygeist/issues/aten_c_kernels/results/aten_nested_sum_dim_cpu/debuf.mlir ==
  match          body#[0, 1]  cubSegmentedPrefixSum_f32
  total: 1 matched / 1 bodies
",0,[],0,0,0,0,/home/arjaiswal/Polygeist/issues/aten_c_kernels/results/aten_nested_sum_dim_cpu/debuf.mlir,2425,0,2,2,337.7840369939804,0,65716,0.13319402933120728,0,20,0,0,"[{""body_indices"": [0, 1], ""symbol"": ""cubSegmentedPrefixSum_f32""}]",1,0,28,0.0,28
aten,aten_nested_to_mask_cpu,/home/arjaiswal/Polygeist/issues/aten_c_kernels/results/aten_nested_to_mask_cpu/debuf.mlir,592f5cad320dd0fdfeec0af43ab9a342dac4fae10236a8bcaa6b414abe9f4c5c,syntactic,1,ok,0,715.1261232793331,0,"[""/usr/bin/python3"", ""/home/arjaiswal/Polygeist/scripts/correctness/kernel_match_rewrite.py"", ""/home/arjaiswal/Polygeist/issues/aten_c_kernels/results/aten_nested_to_mask_cpu/debuf.mlir"", ""--dry-run"", ""--matcher-mode"", ""syntactic"", ""--telemetry-json"", ""/home/arjaiswal/Polygeist/issues/equality_saturation_eval/campaign_20260908/aten-aten_nested_to_mask_cpu-syntactic-gfa1i693.json"", ""--disable-semantic-fallback""]","== match report for /home/arjaiswal/Polygeist/issues/aten_c_kernels/results/aten_nested_to_mask_cpu/debuf.mlir ==
  no_match       body#0  ?
  total: 0 matched / 1 bodies
",0,[],0,0,0,0,/home/arjaiswal/Polygeist/issues/aten_c_kernels/results/aten_nested_to_mask_cpu/debuf.mlir,2419,0,1,0,279.8883467912674,1,64496,0.010877847671508789,0,0,0,0,[],0,0,4,0.0,4
aten,aten_nested_to_mask_cpu,/home/arjaiswal/Polygeist/issues/aten_c_kernels/results/aten_nested_to_mask_cpu/debuf.mlir,592f5cad320dd0fdfeec0af43ab9a342dac4fae10236a8bcaa6b414abe9f4c5c,egglog,1,ok,0,695.868331938982,0,"[""/usr/bin/python3"", ""/home/arjaiswal/Polygeist/scripts/correctness/kernel_match_rewrite.py"", ""/home/arjaiswal/Polygeist/issues/aten_c_kernels/results/aten_nested_to_mask_cpu/debuf.mlir"", ""--dry-run"", ""--matcher-mode"", ""egglog"", ""--telemetry-json"", ""/home/arjaiswal/Polygeist/issues/equality_saturation_eval/campaign_20260908/aten-aten_nested_to_mask_cpu-egglog-nd8_fj59.json"", ""--disable-semantic-fallback""]","== match report for /home/arjaiswal/Polygeist/issues/aten_c_kernels/results/aten_nested_to_mask_cpu/debuf.mlir ==
  no_match       body#0  ?
  total: 0 matched / 1 bodies
",0,[],0,0,0,0,/home/arjaiswal/Polygeist/issues/aten_c_kernels/results/aten_nested_to_mask_cpu/debuf.mlir,2419,8,1,0,278.01522985100746,1,64820,0.0,0,0,0,0,[],0,0,0,0.0,4
aten,aten_nested_to_mask_cpu,/home/arjaiswal/Polygeist/issues/aten_c_kernels/results/aten_nested_to_mask_cpu/debuf.mlir,592f5cad320dd0fdfeec0af43ab9a342dac4fae10236a8bcaa6b414abe9f4c5c,egglog,2,ok,0,702.1677009761333,0,"[""/usr/bin/python3"", ""/home/arjaiswal/Polygeist/scripts/correctness/kernel_match_rewrite.py"", ""/home/arjaiswal/Polygeist/issues/aten_c_kernels/results/aten_nested_to_mask_cpu/debuf.mlir"", ""--dry-run"", ""--matcher-mode"", ""egglog"", ""--telemetry-json"", ""/home/arjaiswal/Polygeist/issues/equality_saturation_eval/campaign_20260908/aten-aten_nested_to_mask_cpu-egglog-zi_gs3a1.json"", ""--disable-semantic-fallback""]","== match report for /home/arjaiswal/Polygeist/issues/aten_c_kernels/results/aten_nested_to_mask_cpu/debuf.mlir ==
  no_match       body#0  ?
  total: 0 matched / 1 bodies
",0,[],0,0,0,0,/home/arjaiswal/Polygeist/issues/aten_c_kernels/results/aten_nested_to_mask_cpu/debuf.mlir,2419,8,1,0,288.1449908018112,1,64480,0.0,0,0,0,0,[],0,0,0,0.0,4
aten,aten_nested_to_mask_cpu,/home/arjaiswal/Polygeist/issues/aten_c_kernels/results/aten_nested_to_mask_cpu/debuf.mlir,592f5cad320dd0fdfeec0af43ab9a342dac4fae10236a8bcaa6b414abe9f4c5c,syntactic,2,ok,0,696.6789923608303,0,"[""/usr/bin/python3"", ""/home/arjaiswal/Polygeist/scripts/correctness/kernel_match_rewrite.py"", ""/home/arjaiswal/Polygeist/issues/aten_c_kernels/results/aten_nested_to_mask_cpu/debuf.mlir"", ""--dry-run"", ""--matcher-mode"", ""syntactic"", ""--telemetry-json"", ""/home/arjaiswal/Polygeist/issues/equality_saturation_eval/campaign_20260908/aten-aten_nested_to_mask_cpu-syntactic-wbxs377y.json"", ""--disable-semantic-fallback""]","== match report for /home/arjaiswal/Polygeist/issues/aten_c_kernels/results/aten_nested_to_mask_cpu/debuf.mlir ==
  no_match       body#0  ?
  total: 0 matched / 1 bodies
",0,[],0,0,0,0,/home/arjaiswal/Polygeist/issues/aten_c_kernels/results/aten_nested_to_mask_cpu/debuf.mlir,2419,0,1,0,272.9797512292862,1,64600,0.0112876296043396,0,0,0,0,[],0,0,4,0.0,4
aten,aten_nested_to_mask_cpu,/home/arjaiswal/Polygeist/issues/aten_c_kernels/results/aten_nested_to_mask_cpu/debuf.mlir,592f5cad320dd0fdfeec0af43ab9a342dac4fae10236a8bcaa6b414abe9f4c5c,syntactic,3,ok,0,704.9677297472954,0,"[""/usr/bin/python3"", ""/home/arjaiswal/Polygeist/scripts/correctness/kernel_match_rewrite.py"", ""/home/arjaiswal/Polygeist/issues/aten_c_kernels/results/aten_nested_to_mask_cpu/debuf.mlir"", ""--dry-run"", ""--matcher-mode"", ""syntactic"", ""--telemetry-json"", ""/home/arjaiswal/Polygeist/issues/equality_saturation_eval/campaign_20260908/aten-aten_nested_to_mask_cpu-syntactic-zqjzbp2h.json"", ""--disable-semantic-fallback""]","== match report for /home/arjaiswal/Polygeist/issues/aten_c_kernels/results/aten_nested_to_mask_cpu/debuf.mlir ==
  no_match       body#0  ?
  total: 0 matched / 1 bodies
",0,[],0,0,0,0,/home/arjaiswal/Polygeist/issues/aten_c_kernels/results/aten_nested_to_mask_cpu/debuf.mlir,2419,0,1,0,280.58767691254616,1,64604,0.010058283805847168,0,0,0,0,[],0,0,4,0.0,4
aten,aten_nested_to_mask_cpu,/home/arjaiswal/Polygeist/issues/aten_c_kernels/results/aten_nested_to_mask_cpu/debuf.mlir,592f5cad320dd0fdfeec0af43ab9a342dac4fae10236a8bcaa6b414abe9f4c5c,egglog,3,ok,0,719.3667888641357,0,"[""/usr/bin/python3"", ""/home/arjaiswal/Polygeist/scripts/correctness/kernel_match_rewrite.py"", ""/home/arjaiswal/Polygeist/issues/aten_c_kernels/results/aten_nested_to_mask_cpu/debuf.mlir"", ""--dry-run"", ""--matcher-mode"", ""egglog"", ""--telemetry-json"", ""/home/arjaiswal/Polygeist/issues/equality_saturation_eval/campaign_20260908/aten-aten_nested_to_mask_cpu-egglog-5hay_ze9.json"", ""--disable-semantic-fallback""]","== match report for /home/arjaiswal/Polygeist/issues/aten_c_kernels/results/aten_nested_to_mask_cpu/debuf.mlir ==
  no_match       body#0  ?
  total: 0 matched / 1 bodies
",0,[],0,0,0,0,/home/arjaiswal/Polygeist/issues/aten_c_kernels/results/aten_nested_to_mask_cpu/debuf.mlir,2419,8,1,0,292.6665283739567,1,64820,0.0,0,0,0,0,[],0,0,0,0.0,4
aten,aten_nested_to_mask_cpu,/home/arjaiswal/Polygeist/issues/aten_c_kernels/results/aten_nested_to_mask_cpu/debuf.mlir,592f5cad320dd0fdfeec0af43ab9a342dac4fae10236a8bcaa6b414abe9f4c5c,egglog,4,ok,0,715.408269315958,0,"[""/usr/bin/python3"", ""/home/arjaiswal/Polygeist/scripts/correctness/kernel_match_rewrite.py"", ""/home/arjaiswal/Polygeist/issues/aten_c_kernels/results/aten_nested_to_mask_cpu/debuf.mlir"", ""--dry-run"", ""--matcher-mode"", ""egglog"", ""--telemetry-json"", ""/home/arjaiswal/Polygeist/issues/equality_saturation_eval/campaign_20260908/aten-aten_nested_to_mask_cpu-egglog-u5561mgf.json"", ""--disable-semantic-fallback""]","== match report for /home/arjaiswal/Polygeist/issues/aten_c_kernels/results/aten_nested_to_mask_cpu/debuf.mlir ==
  no_match       body#0  ?
  total: 0 matched / 1 bodies
",0,[],0,0,0,0,/home/arjaiswal/Polygeist/issues/aten_c_kernels/results/aten_nested_to_mask_cpu/debuf.mlir,2419,8,1,0,290.6072698533535,1,64920,0.0,0,0,0,0,[],0,0,0,0.0,4
aten,aten_nested_to_mask_cpu,/home/arjaiswal/Polygeist/issues/aten_c_kernels/results/aten_nested_to_mask_cpu/debuf.mlir,592f5cad320dd0fdfeec0af43ab9a342dac4fae10236a8bcaa6b414abe9f4c5c,syntactic,4,ok,0,715.2329124510288,0,"[""/usr/bin/python3"", ""/home/arjaiswal/Polygeist/scripts/correctness/kernel_match_rewrite.py"", ""/home/arjaiswal/Polygeist/issues/aten_c_kernels/results/aten_nested_to_mask_cpu/debuf.mlir"", ""--dry-run"", ""--matcher-mode"", ""syntactic"", ""--telemetry-json"", ""/home/arjaiswal/Polygeist/issues/equality_saturation_eval/campaign_20260908/aten-aten_nested_to_mask_cpu-syntactic-6rxzrvih.json"", ""--disable-semantic-fallback""]","== match report for /home/arjaiswal/Polygeist/issues/aten_c_kernels/results/aten_nested_to_mask_cpu/debuf.mlir ==
  no_match       body#0  ?
  total: 0 matched / 1 bodies
",0,[],0,0,0,0,/home/arjaiswal/Polygeist/issues/aten_c_kernels/results/aten_nested_to_mask_cpu/debuf.mlir,2419,0,1,0,285.2412350475788,1,64760,0.011533498764038086,0,0,0,0,[],0,0,4,0.0,4
aten,aten_nested_to_mask_cpu,/home/arjaiswal/Polygeist/issues/aten_c_kernels/results/aten_nested_to_mask_cpu/debuf.mlir,592f5cad320dd0fdfeec0af43ab9a342dac4fae10236a8bcaa6b414abe9f4c5c,syntactic,5,ok,0,718.4953652322292,0,"[""/usr/bin/python3"", ""/home/arjaiswal/Polygeist/scripts/correctness/kernel_match_rewrite.py"", ""/home/arjaiswal/Polygeist/issues/aten_c_kernels/results/aten_nested_to_mask_cpu/debuf.mlir"", ""--dry-run"", ""--matcher-mode"", ""syntactic"", ""--telemetry-json"", ""/home/arjaiswal/Polygeist/issues/equality_saturation_eval/campaign_20260908/aten-aten_nested_to_mask_cpu-syntactic-npfhu0o8.json"", ""--disable-semantic-fallback""]","== match report for /home/arjaiswal/Polygeist/issues/aten_c_kernels/results/aten_nested_to_mask_cpu/debuf.mlir ==
  no_match       body#0  ?
  total: 0 matched / 1 bodies
",0,[],0,0,0,0,/home/arjaiswal/Polygeist/issues/aten_c_kernels/results/aten_nested_to_mask_cpu/debuf.mlir,2419,0,1,0,286.1494868993759,1,64628,0.01074373722076416,0,0,0,0,[],0,0,4,0.0,4
aten,aten_nested_to_mask_cpu,/home/arjaiswal/Polygeist/issues/aten_c_kernels/results/aten_nested_to_mask_cpu/debuf.mlir,592f5cad320dd0fdfeec0af43ab9a342dac4fae10236a8bcaa6b414abe9f4c5c,egglog,5,ok,0,701.6537748277187,0,"[""/usr/bin/python3"", ""/home/arjaiswal/Polygeist/scripts/correctness/kernel_match_rewrite.py"", ""/home/arjaiswal/Polygeist/issues/aten_c_kernels/results/aten_nested_to_mask_cpu/debuf.mlir"", ""--dry-run"", ""--matcher-mode"", ""egglog"", ""--telemetry-json"", ""/home/arjaiswal/Polygeist/issues/equality_saturation_eval/campaign_20260908/aten-aten_nested_to_mask_cpu-egglog-rrakl8on.json"", ""--disable-semantic-fallback""]","== match report for /home/arjaiswal/Polygeist/issues/aten_c_kernels/results/aten_nested_to_mask_cpu/debuf.mlir ==
  no_match       body#0  ?
  total: 0 matched / 1 bodies
",0,[],0,0,0,0,/home/arjaiswal/Polygeist/issues/aten_c_kernels/results/aten_nested_to_mask_cpu/debuf.mlir,2419,8,1,0,285.97794845700264,1,64840,0.0,0,0,0,0,[],0,0,0,0.0,4
aten,aten_nested_to_padded_cpu,/home/arjaiswal/Polygeist/issues/aten_c_kernels/results/aten_nested_to_padded_cpu/debuf.mlir,35172ea6355d899d34ad365ab567adc80d3923bbcd2129f97d4523a1233ff99f,egglog,1,ok,0,682.7552877366543,0,"[""/usr/bin/python3"", ""/home/arjaiswal/Polygeist/scripts/correctness/kernel_match_rewrite.py"", ""/home/arjaiswal/Polygeist/issues/aten_c_kernels/results/aten_nested_to_padded_cpu/debuf.mlir"", ""--dry-run"", ""--matcher-mode"", ""egglog"", ""--telemetry-json"", ""/home/arjaiswal/Polygeist/issues/equality_saturation_eval/campaign_20260908/aten-aten_nested_to_padded_cpu-egglog-5pokhtt4.json"", ""--disable-semantic-fallback""]","== match report for /home/arjaiswal/Polygeist/issues/aten_c_kernels/results/aten_nested_to_padded_cpu/debuf.mlir ==
  no_match       body#0  ?
  total: 0 matched / 1 bodies
",0,[],0,0,0,0,/home/arjaiswal/Polygeist/issues/aten_c_kernels/results/aten_nested_to_padded_cpu/debuf.mlir,2693,8,1,0,278.0763879418373,1,65664,0.0,0,0,0,0,[],0,0,0,0.0,2
aten,aten_nested_to_padded_cpu,/home/arjaiswal/Polygeist/issues/aten_c_kernels/results/aten_nested_to_padded_cpu/debuf.mlir,35172ea6355d899d34ad365ab567adc80d3923bbcd2129f97d4523a1233ff99f,syntactic,1,ok,0,740.0021813809872,0,"[""/usr/bin/python3"", ""/home/arjaiswal/Polygeist/scripts/correctness/kernel_match_rewrite.py"", ""/home/arjaiswal/Polygeist/issues/aten_c_kernels/results/aten_nested_to_padded_cpu/debuf.mlir"", ""--dry-run"", ""--matcher-mode"", ""syntactic"", ""--telemetry-json"", ""/home/arjaiswal/Polygeist/issues/equality_saturation_eval/campaign_20260908/aten-aten_nested_to_padded_cpu-syntactic-0xlya23k.json"", ""--disable-semantic-fallback""]","== match report for /home/arjaiswal/Polygeist/issues/aten_c_kernels/results/aten_nested_to_padded_cpu/debuf.mlir ==
  no_match       body#0  ?
  total: 0 matched / 1 bodies
",0,[],0,0,0,0,/home/arjaiswal/Polygeist/issues/aten_c_kernels/results/aten_nested_to_padded_cpu/debuf.mlir,2693,0,1,0,297.56151512265205,1,65684,0.018298625946044922,0,0,0,0,[],0,0,2,0.0,2
aten,aten_nested_to_padded_cpu,/home/arjaiswal/Polygeist/issues/aten_c_kernels/results/aten_nested_to_padded_cpu/debuf.mlir,35172ea6355d899d34ad365ab567adc80d3923bbcd2129f97d4523a1233ff99f,syntactic,2,ok,0,725.5081310868263,0,"[""/usr/bin/python3"", ""/home/arjaiswal/Polygeist/scripts/correctness/kernel_match_rewrite.py"", ""/home/arjaiswal/Polygeist/issues/aten_c_kernels/results/aten_nested_to_padded_cpu/debuf.mlir"", ""--dry-run"", ""--matcher-mode"", ""syntactic"", ""--telemetry-json"", ""/home/arjaiswal/Polygeist/issues/equality_saturation_eval/campaign_20260908/aten-aten_nested_to_padded_cpu-syntactic-kkmq6zw5.json"", ""--disable-semantic-fallback""]","== match report for /home/arjaiswal/Polygeist/issues/aten_c_kernels/results/aten_nested_to_padded_cpu/debuf.mlir ==
  no_match       body#0  ?
  total: 0 matched / 1 bodies
",0,[],0,0,0,0,/home/arjaiswal/Polygeist/issues/aten_c_kernels/results/aten_nested_to_padded_cpu/debuf.mlir,2693,0,1,0,303.2919391989708,1,65500,0.030376017093658447,0,0,0,0,[],0,0,2,0.0,2
aten,aten_nested_to_padded_cpu,/home/arjaiswal/Polygeist/issues/aten_c_kernels/results/aten_nested_to_padded_cpu/debuf.mlir,35172ea6355d899d34ad365ab567adc80d3923bbcd2129f97d4523a1233ff99f,egglog,2,ok,0,744.0991140902042,0,"[""/usr/bin/python3"", ""/home/arjaiswal/Polygeist/scripts/correctness/kernel_match_rewrite.py"", ""/home/arjaiswal/Polygeist/issues/aten_c_kernels/results/aten_nested_to_padded_cpu/debuf.mlir"", ""--dry-run"", ""--matcher-mode"", ""egglog"", ""--telemetry-json"", ""/home/arjaiswal/Polygeist/issues/equality_saturation_eval/campaign_20260908/aten-aten_nested_to_padded_cpu-egglog-k7sjcohe.json"", ""--disable-semantic-fallback""]","== match report for /home/arjaiswal/Polygeist/issues/aten_c_kernels/results/aten_nested_to_padded_cpu/debuf.mlir ==
  no_match       body#0  ?
  total: 0 matched / 1 bodies
",0,[],0,0,0,0,/home/arjaiswal/Polygeist/issues/aten_c_kernels/results/aten_nested_to_padded_cpu/debuf.mlir,2693,8,1,0,292.93619468808174,1,65596,0.0,0,0,0,0,[],0,0,0,0.0,2
aten,aten_nested_to_padded_cpu,/home/arjaiswal/Polygeist/issues/aten_c_kernels/results/aten_nested_to_padded_cpu/debuf.mlir,35172ea6355d899d34ad365ab567adc80d3923bbcd2129f97d4523a1233ff99f,egglog,3,ok,0,722.5861512124538,0,"[""/usr/bin/python3"", ""/home/arjaiswal/Polygeist/scripts/correctness/kernel_match_rewrite.py"", ""/home/arjaiswal/Polygeist/issues/aten_c_kernels/results/aten_nested_to_padded_cpu/debuf.mlir"", ""--dry-run"", ""--matcher-mode"", ""egglog"", ""--telemetry-json"", ""/home/arjaiswal/Polygeist/issues/equality_saturation_eval/campaign_20260908/aten-aten_nested_to_padded_cpu-egglog-7hqsjkeg.json"", ""--disable-semantic-fallback""]","== match report for /home/arjaiswal/Polygeist/issues/aten_c_kernels/results/aten_nested_to_padded_cpu/debuf.mlir ==
  no_match       body#0  ?
  total: 0 matched / 1 bodies
",0,[],0,0,0,0,/home/arjaiswal/Polygeist/issues/aten_c_kernels/results/aten_nested_to_padded_cpu/debuf.mlir,2693,8,1,0,294.0678223967552,1,65484,0.0,0,0,0,0,[],0,0,0,0.0,2
aten,aten_nested_to_padded_cpu,/home/arjaiswal/Polygeist/issues/aten_c_kernels/results/aten_nested_to_padded_cpu/debuf.mlir,35172ea6355d899d34ad365ab567adc80d3923bbcd2129f97d4523a1233ff99f,syntactic,3,ok,0,713.0699902772903,0,"[""/usr/bin/python3"", ""/home/arjaiswal/Polygeist/scripts/correctness/kernel_match_rewrite.py"", ""/home/arjaiswal/Polygeist/issues/aten_c_kernels/results/aten_nested_to_padded_cpu/debuf.mlir"", ""--dry-run"", ""--matcher-mode"", ""syntactic"", ""--telemetry-json"", ""/home/arjaiswal/Polygeist/issues/equality_saturation_eval/campaign_20260908/aten-aten_nested_to_padded_cpu-syntactic-yjqgqryb.json"", ""--disable-semantic-fallback""]","== match report for /home/arjaiswal/Polygeist/issues/aten_c_kernels/results/aten_nested_to_padded_cpu/debuf.mlir ==
  no_match       body#0  ?
  total: 0 matched / 1 bodies
",0,[],0,0,0,0,/home/arjaiswal/Polygeist/issues/aten_c_kernels/results/aten_nested_to_padded_cpu/debuf.mlir,2693,0,1,0,283.20033848285675,1,65884,0.018201768398284912,0,0,0,0,[],0,0,2,0.0,2
aten,aten_nested_to_padded_cpu,/home/arjaiswal/Polygeist/issues/aten_c_kernels/results/aten_nested_to_padded_cpu/debuf.mlir,35172ea6355d899d34ad365ab567adc80d3923bbcd2129f97d4523a1233ff99f,syntactic,4,ok,0,759.2525109648705,0,"[""/usr/bin/python3"", ""/home/arjaiswal/Polygeist/scripts/correctness/kernel_match_rewrite.py"", ""/home/arjaiswal/Polygeist/issues/aten_c_kernels/results/aten_nested_to_padded_cpu/debuf.mlir"", ""--dry-run"", ""--matcher-mode"", ""syntactic"", ""--telemetry-json"", ""/home/arjaiswal/Polygeist/issues/equality_saturation_eval/campaign_20260908/aten-aten_nested_to_padded_cpu-syntactic-6nsfys0t.json"", ""--disable-semantic-fallback""]","== match report for /home/arjaiswal/Polygeist/issues/aten_c_kernels/results/aten_nested_to_padded_cpu/debuf.mlir ==
  no_match       body#0  ?
  total: 0 matched / 1 bodies
",0,[],0,0,0,0,/home/arjaiswal/Polygeist/issues/aten_c_kernels/results/aten_nested_to_padded_cpu/debuf.mlir,2693,0,1,0,325.1165747642517,1,65768,0.018693506717681885,0,0,0,0,[],0,0,2,0.0,2
aten,aten_nested_to_padded_cpu,/home/arjaiswal/Polygeist/issues/aten_c_kernels/results/aten_nested_to_padded_cpu/debuf.mlir,35172ea6355d899d34ad365ab567adc80d3923bbcd2129f97d4523a1233ff99f,egglog,4,ok,0,736.9425557553768,0,"[""/usr/bin/python3"", ""/home/arjaiswal/Polygeist/scripts/correctness/kernel_match_rewrite.py"", ""/home/arjaiswal/Polygeist/issues/aten_c_kernels/results/aten_nested_to_padded_cpu/debuf.mlir"", ""--dry-run"", ""--matcher-mode"", ""egglog"", ""--telemetry-json"", ""/home/arjaiswal/Polygeist/issues/equality_saturation_eval/campaign_20260908/aten-aten_nested_to_padded_cpu-egglog-mmp2g2b5.json"", ""--disable-semantic-fallback""]","== match report for /home/arjaiswal/Polygeist/issues/aten_c_kernels/results/aten_nested_to_padded_cpu/debuf.mlir ==
  no_match       body#0  ?
  total: 0 matched / 1 bodies
",0,[],0,0,0,0,/home/arjaiswal/Polygeist/issues/aten_c_kernels/results/aten_nested_to_padded_cpu/debuf.mlir,2693,8,1,0,303.5087026655674,1,65472,0.0,0,0,0,0,[],0,0,0,0.0,2
aten,aten_nested_to_padded_cpu,/home/arjaiswal/Polygeist/issues/aten_c_kernels/results/aten_nested_to_padded_cpu/debuf.mlir,35172ea6355d899d34ad365ab567adc80d3923bbcd2129f97d4523a1233ff99f,egglog,5,ok,0,713.6882245540619,0,"[""/usr/bin/python3"", ""/home/arjaiswal/Polygeist/scripts/correctness/kernel_match_rewrite.py"", ""/home/arjaiswal/Polygeist/issues/aten_c_kernels/results/aten_nested_to_padded_cpu/debuf.mlir"", ""--dry-run"", ""--matcher-mode"", ""egglog"", ""--telemetry-json"", ""/home/arjaiswal/Polygeist/issues/equality_saturation_eval/campaign_20260908/aten-aten_nested_to_padded_cpu-egglog-_de8b0xt.json"", ""--disable-semantic-fallback""]","== match report for /home/arjaiswal/Polygeist/issues/aten_c_kernels/results/aten_nested_to_padded_cpu/debuf.mlir ==
  no_match       body#0  ?
  total: 0 matched / 1 bodies
",0,[],0,0,0,0,/home/arjaiswal/Polygeist/issues/aten_c_kernels/results/aten_nested_to_padded_cpu/debuf.mlir,2693,8,1,0,299.9390736222267,1,65844,0.0,0,0,0,0,[],0,0,0,0.0,2
aten,aten_nested_to_padded_cpu,/home/arjaiswal/Polygeist/issues/aten_c_kernels/results/aten_nested_to_padded_cpu/debuf.mlir,35172ea6355d899d34ad365ab567adc80d3923bbcd2129f97d4523a1233ff99f,syntactic,5,ok,0,775.3513976931572,0,"[""/usr/bin/python3"", ""/home/arjaiswal/Polygeist/scripts/correctness/kernel_match_rewrite.py"", ""/home/arjaiswal/Polygeist/issues/aten_c_kernels/results/aten_nested_to_padded_cpu/debuf.mlir"", ""--dry-run"", ""--matcher-mode"", ""syntactic"", ""--telemetry-json"", ""/home/arjaiswal/Polygeist/issues/equality_saturation_eval/campaign_20260908/aten-aten_nested_to_padded_cpu-syntactic-j9bdusp0.json"", ""--disable-semantic-fallback""]","== match report for /home/arjaiswal/Polygeist/issues/aten_c_kernels/results/aten_nested_to_padded_cpu/debuf.mlir ==
  no_match       body#0  ?
  total: 0 matched / 1 bodies
",0,[],0,0,0,0,/home/arjaiswal/Polygeist/issues/aten_c_kernels/results/aten_nested_to_padded_cpu/debuf.mlir,2693,0,1,0,315.7113716006279,1,65584,0.018369406461715698,0,0,0,0,[],0,0,2,0.0,2
aten,aten_nested_where_cpu,/home/arjaiswal/Polygeist/issues/aten_c_kernels/results/aten_nested_where_cpu/debuf.mlir,4e007dcb0a1af67753a5942c1d2fba70020a4b31e3eed4427593991ebd385fe1,syntactic,1,ok,0,718.0875279009342,0,"[""/usr/bin/python3"", ""/home/arjaiswal/Polygeist/scripts/correctness/kernel_match_rewrite.py"", ""/home/arjaiswal/Polygeist/issues/aten_c_kernels/results/aten_nested_where_cpu/debuf.mlir"", ""--dry-run"", ""--matcher-mode"", ""syntactic"", ""--telemetry-json"", ""/home/arjaiswal/Polygeist/issues/equality_saturation_eval/campaign_20260908/aten-aten_nested_where_cpu-syntactic-3bx0e69i.json"", ""--disable-semantic-fallback""]","== match report for /home/arjaiswal/Polygeist/issues/aten_c_kernels/results/aten_nested_where_cpu/debuf.mlir ==
  no_match       body#0  ?
  total: 0 matched / 1 bodies
",0,[],0,0,0,0,/home/arjaiswal/Polygeist/issues/aten_c_kernels/results/aten_nested_where_cpu/debuf.mlir,2874,0,1,0,273.64810556173325,1,64384,0.0,0,0,0,0,[],0,0,0,0.0,0
aten,aten_nested_where_cpu,/home/arjaiswal/Polygeist/issues/aten_c_kernels/results/aten_nested_where_cpu/debuf.mlir,4e007dcb0a1af67753a5942c1d2fba70020a4b31e3eed4427593991ebd385fe1,egglog,1,ok,0,719.3225547671318,0,"[""/usr/bin/python3"", ""/home/arjaiswal/Polygeist/scripts/correctness/kernel_match_rewrite.py"", ""/home/arjaiswal/Polygeist/issues/aten_c_kernels/results/aten_nested_where_cpu/debuf.mlir"", ""--dry-run"", ""--matcher-mode"", ""egglog"", ""--telemetry-json"", ""/home/arjaiswal/Polygeist/issues/equality_saturation_eval/campaign_20260908/aten-aten_nested_where_cpu-egglog-rj87htwu.json"", ""--disable-semantic-fallback""]","== match report for /home/arjaiswal/Polygeist/issues/aten_c_kernels/results/aten_nested_where_cpu/debuf.mlir ==
  no_match       body#0  ?
  total: 0 matched / 1 bodies
",0,[],0,0,0,0,/home/arjaiswal/Polygeist/issues/aten_c_kernels/results/aten_nested_where_cpu/debuf.mlir,2874,8,1,0,298.05978015065193,1,64352,0.0,0,0,0,0,[],0,0,0,0.0,0
aten,aten_nested_where_cpu,/home/arjaiswal/Polygeist/issues/aten_c_kernels/results/aten_nested_where_cpu/debuf.mlir,4e007dcb0a1af67753a5942c1d2fba70020a4b31e3eed4427593991ebd385fe1,egglog,2,ok,0,743.3141209185123,0,"[""/usr/bin/python3"", ""/home/arjaiswal/Polygeist/scripts/correctness/kernel_match_rewrite.py"", ""/home/arjaiswal/Polygeist/issues/aten_c_kernels/results/aten_nested_where_cpu/debuf.mlir"", ""--dry-run"", ""--matcher-mode"", ""egglog"", ""--telemetry-json"", ""/home/arjaiswal/Polygeist/issues/equality_saturation_eval/campaign_20260908/aten-aten_nested_where_cpu-egglog-sj6o_xoy.json"", ""--disable-semantic-fallback""]","== match report for /home/arjaiswal/Polygeist/issues/aten_c_kernels/results/aten_nested_where_cpu/debuf.mlir ==
  no_match       body#0  ?
  total: 0 matched / 1 bodies
",0,[],0,0,0,0,/home/arjaiswal/Polygeist/issues/aten_c_kernels/results/aten_nested_where_cpu/debuf.mlir,2874,8,1,0,295.9112264215946,1,64792,0.0,0,0,0,0,[],0,0,0,0.0,0
aten,aten_nested_where_cpu,/home/arjaiswal/Polygeist/issues/aten_c_kernels/results/aten_nested_where_cpu/debuf.mlir,4e007dcb0a1af67753a5942c1d2fba70020a4b31e3eed4427593991ebd385fe1,syntactic,2,ok,0,713.7809731066227,0,"[""/usr/bin/python3"", ""/home/arjaiswal/Polygeist/scripts/correctness/kernel_match_rewrite.py"", ""/home/arjaiswal/Polygeist/issues/aten_c_kernels/results/aten_nested_where_cpu/debuf.mlir"", ""--dry-run"", ""--matcher-mode"", ""syntactic"", ""--telemetry-json"", ""/home/arjaiswal/Polygeist/issues/equality_saturation_eval/campaign_20260908/aten-aten_nested_where_cpu-syntactic-aehge9xq.json"", ""--disable-semantic-fallback""]","== match report for /home/arjaiswal/Polygeist/issues/aten_c_kernels/results/aten_nested_where_cpu/debuf.mlir ==
  no_match       body#0  ?
  total: 0 matched / 1 bodies
",0,[],0,0,0,0,/home/arjaiswal/Polygeist/issues/aten_c_kernels/results/aten_nested_where_cpu/debuf.mlir,2874,0,1,0,276.3928137719631,1,64772,0.0,0,0,0,0,[],0,0,0,0.0,0
aten,aten_nested_where_cpu,/home/arjaiswal/Polygeist/issues/aten_c_kernels/results/aten_nested_where_cpu/debuf.mlir,4e007dcb0a1af67753a5942c1d2fba70020a4b31e3eed4427593991ebd385fe1,syntactic,3,ok,0,715.8558070659637,0,"[""/usr/bin/python3"", ""/home/arjaiswal/Polygeist/scripts/correctness/kernel_match_rewrite.py"", ""/home/arjaiswal/Polygeist/issues/aten_c_kernels/results/aten_nested_where_cpu/debuf.mlir"", ""--dry-run"", ""--matcher-mode"", ""syntactic"", ""--telemetry-json"", ""/home/arjaiswal/Polygeist/issues/equality_saturation_eval/campaign_20260908/aten-aten_nested_where_cpu-syntactic-oe8t641f.json"", ""--disable-semantic-fallback""]","== match report for /home/arjaiswal/Polygeist/issues/aten_c_kernels/results/aten_nested_where_cpu/debuf.mlir ==
  no_match       body#0  ?
  total: 0 matched / 1 bodies
",0,[],0,0,0,0,/home/arjaiswal/Polygeist/issues/aten_c_kernels/results/aten_nested_where_cpu/debuf.mlir,2874,0,1,0,297.311894595623,1,64556,0.0,0,0,0,0,[],0,0,0,0.0,0
aten,aten_nested_where_cpu,/home/arjaiswal/Polygeist/issues/aten_c_kernels/results/aten_nested_where_cpu/debuf.mlir,4e007dcb0a1af67753a5942c1d2fba70020a4b31e3eed4427593991ebd385fe1,egglog,3,ok,0,718.3165512979031,0,"[""/usr/bin/python3"", ""/home/arjaiswal/Polygeist/scripts/correctness/kernel_match_rewrite.py"", ""/home/arjaiswal/Polygeist/issues/aten_c_kernels/results/aten_nested_where_cpu/debuf.mlir"", ""--dry-run"", ""--matcher-mode"", ""egglog"", ""--telemetry-json"", ""/home/arjaiswal/Polygeist/issues/equality_saturation_eval/campaign_20260908/aten-aten_nested_where_cpu-egglog-7xsm0st0.json"", ""--disable-semantic-fallback""]","== match report for /home/arjaiswal/Polygeist/issues/aten_c_kernels/results/aten_nested_where_cpu/debuf.mlir ==
  no_match       body#0  ?
  total: 0 matched / 1 bodies
",0,[],0,0,0,0,/home/arjaiswal/Polygeist/issues/aten_c_kernels/results/aten_nested_where_cpu/debuf.mlir,2874,8,1,0,279.72060814499855,1,64872,0.0,0,0,0,0,[],0,0,0,0.0,0
aten,aten_nested_where_cpu,/home/arjaiswal/Polygeist/issues/aten_c_kernels/results/aten_nested_where_cpu/debuf.mlir,4e007dcb0a1af67753a5942c1d2fba70020a4b31e3eed4427593991ebd385fe1,egglog,4,ok,0,735.1997792720795,0,"[""/usr/bin/python3"", ""/home/arjaiswal/Polygeist/scripts/correctness/kernel_match_rewrite.py"", ""/home/arjaiswal/Polygeist/issues/aten_c_kernels/results/aten_nested_where_cpu/debuf.mlir"", ""--dry-run"", ""--matcher-mode"", ""egglog"", ""--telemetry-json"", ""/home/arjaiswal/Polygeist/issues/equality_saturation_eval/campaign_20260908/aten-aten_nested_where_cpu-egglog-hlx7e1am.json"", ""--disable-semantic-fallback""]","== match report for /home/arjaiswal/Polygeist/issues/aten_c_kernels/results/aten_nested_where_cpu/debuf.mlir ==
  no_match       body#0  ?
  total: 0 matched / 1 bodies
",0,[],0,0,0,0,/home/arjaiswal/Polygeist/issues/aten_c_kernels/results/aten_nested_where_cpu/debuf.mlir,2874,8,1,0,284.2576093971729,1,64900,0.0,0,0,0,0,[],0,0,0,0.0,0
aten,aten_nested_where_cpu,/home/arjaiswal/Polygeist/issues/aten_c_kernels/results/aten_nested_where_cpu/debuf.mlir,4e007dcb0a1af67753a5942c1d2fba70020a4b31e3eed4427593991ebd385fe1,syntactic,4,ok,0,721.5099520981312,0,"[""/usr/bin/python3"", ""/home/arjaiswal/Polygeist/scripts/correctness/kernel_match_rewrite.py"", ""/home/arjaiswal/Polygeist/issues/aten_c_kernels/results/aten_nested_where_cpu/debuf.mlir"", ""--dry-run"", ""--matcher-mode"", ""syntactic"", ""--telemetry-json"", ""/home/arjaiswal/Polygeist/issues/equality_saturation_eval/campaign_20260908/aten-aten_nested_where_cpu-syntactic-6mgl4xq8.json"", ""--disable-semantic-fallback""]","== match report for /home/arjaiswal/Polygeist/issues/aten_c_kernels/results/aten_nested_where_cpu/debuf.mlir ==
  no_match       body#0  ?
  total: 0 matched / 1 bodies
",0,[],0,0,0,0,/home/arjaiswal/Polygeist/issues/aten_c_kernels/results/aten_nested_where_cpu/debuf.mlir,2874,0,1,0,291.1340594291687,1,64604,0.0,0,0,0,0,[],0,0,0,0.0,0
aten,aten_nested_where_cpu,/home/arjaiswal/Polygeist/issues/aten_c_kernels/results/aten_nested_where_cpu/debuf.mlir,4e007dcb0a1af67753a5942c1d2fba70020a4b31e3eed4427593991ebd385fe1,syntactic,5,ok,0,716.1941267549992,0,"[""/usr/bin/python3"", ""/home/arjaiswal/Polygeist/scripts/correctness/kernel_match_rewrite.py"", ""/home/arjaiswal/Polygeist/issues/aten_c_kernels/results/aten_nested_where_cpu/debuf.mlir"", ""--dry-run"", ""--matcher-mode"", ""syntactic"", ""--telemetry-json"", ""/home/arjaiswal/Polygeist/issues/equality_saturation_eval/campaign_20260908/aten-aten_nested_where_cpu-syntactic-h5izn3om.json"", ""--disable-semantic-fallback""]","== match report for /home/arjaiswal/Polygeist/issues/aten_c_kernels/results/aten_nested_where_cpu/debuf.mlir ==
  no_match       body#0  ?
  total: 0 matched / 1 bodies
",0,[],0,0,0,0,/home/arjaiswal/Polygeist/issues/aten_c_kernels/results/aten_nested_where_cpu/debuf.mlir,2874,0,1,0,280.6660905480385,1,64860,0.0,0,0,0,0,[],0,0,0,0.0,0
aten,aten_nested_where_cpu,/home/arjaiswal/Polygeist/issues/aten_c_kernels/results/aten_nested_where_cpu/debuf.mlir,4e007dcb0a1af67753a5942c1d2fba70020a4b31e3eed4427593991ebd385fe1,egglog,5,ok,0,729.365948587656,0,"[""/usr/bin/python3"", ""/home/arjaiswal/Polygeist/scripts/correctness/kernel_match_rewrite.py"", ""/home/arjaiswal/Polygeist/issues/aten_c_kernels/results/aten_nested_where_cpu/debuf.mlir"", ""--dry-run"", ""--matcher-mode"", ""egglog"", ""--telemetry-json"", ""/home/arjaiswal/Polygeist/issues/equality_saturation_eval/campaign_20260908/aten-aten_nested_where_cpu-egglog-_8ea5246.json"", ""--disable-semantic-fallback""]","== match report for /home/arjaiswal/Polygeist/issues/aten_c_kernels/results/aten_nested_where_cpu/debuf.mlir ==
  no_match       body#0  ?
  total: 0 matched / 1 bodies
",0,[],0,0,0,0,/home/arjaiswal/Polygeist/issues/aten_c_kernels/results/aten_nested_where_cpu/debuf.mlir,2874,8,1,0,290.81983491778374,1,64476,0.0,0,0,0,0,[],0,0,0,0.0,0
aten,aten_nested_where_out_cpu,/home/arjaiswal/Polygeist/issues/aten_c_kernels/results/aten_nested_where_out_cpu/debuf.mlir,a0ae3099acf53110f736b48a6d794a2b104221adc9393dfc2dc6feb51132854e,egglog,1,ok,0,717.4542658030987,0,"[""/usr/bin/python3"", ""/home/arjaiswal/Polygeist/scripts/correctness/kernel_match_rewrite.py"", ""/home/arjaiswal/Polygeist/issues/aten_c_kernels/results/aten_nested_where_out_cpu/debuf.mlir"", ""--dry-run"", ""--matcher-mode"", ""egglog"", ""--telemetry-json"", ""/home/arjaiswal/Polygeist/issues/equality_saturation_eval/campaign_20260908/aten-aten_nested_where_out_cpu-egglog-32wvctst.json"", ""--disable-semantic-fallback""]","== match report for /home/arjaiswal/Polygeist/issues/aten_c_kernels/results/aten_nested_where_out_cpu/debuf.mlir ==
  no_match       body#0  ?
  total: 0 matched / 1 bodies
",0,[],0,0,0,0,/home/arjaiswal/Polygeist/issues/aten_c_kernels/results/aten_nested_where_out_cpu/debuf.mlir,2878,8,1,0,306.4519502222538,1,64808,0.0,0,0,0,0,[],0,0,0,0.0,0
aten,aten_nested_where_out_cpu,/home/arjaiswal/Polygeist/issues/aten_c_kernels/results/aten_nested_where_out_cpu/debuf.mlir,a0ae3099acf53110f736b48a6d794a2b104221adc9393dfc2dc6feb51132854e,syntactic,1,ok,0,727.9674224555492,0,"[""/usr/bin/python3"", ""/home/arjaiswal/Polygeist/scripts/correctness/kernel_match_rewrite.py"", ""/home/arjaiswal/Polygeist/issues/aten_c_kernels/results/aten_nested_where_out_cpu/debuf.mlir"", ""--dry-run"", ""--matcher-mode"", ""syntactic"", ""--telemetry-json"", ""/home/arjaiswal/Polygeist/issues/equality_saturation_eval/campaign_20260908/aten-aten_nested_where_out_cpu-syntactic-acf4uhlg.json"", ""--disable-semantic-fallback""]","== match report for /home/arjaiswal/Polygeist/issues/aten_c_kernels/results/aten_nested_where_out_cpu/debuf.mlir ==
  no_match       body#0  ?
  total: 0 matched / 1 bodies
",0,[],0,0,0,0,/home/arjaiswal/Polygeist/issues/aten_c_kernels/results/aten_nested_where_out_cpu/debuf.mlir,2878,0,1,0,288.64773362874985,1,64892,0.0,0,0,0,0,[],0,0,0,0.0,0
aten,aten_nested_where_out_cpu,/home/arjaiswal/Polygeist/issues/aten_c_kernels/results/aten_nested_where_out_cpu/debuf.mlir,a0ae3099acf53110f736b48a6d794a2b104221adc9393dfc2dc6feb51132854e,syntactic,2,ok,0,730.1351875066757,0,"[""/usr/bin/python3"", ""/home/arjaiswal/Polygeist/scripts/correctness/kernel_match_rewrite.py"", ""/home/arjaiswal/Polygeist/issues/aten_c_kernels/results/aten_nested_where_out_cpu/debuf.mlir"", ""--dry-run"", ""--matcher-mode"", ""syntactic"", ""--telemetry-json"", ""/home/arjaiswal/Polygeist/issues/equality_saturation_eval/campaign_20260908/aten-aten_nested_where_out_cpu-syntactic-kx5ywf_7.json"", ""--disable-semantic-fallback""]","== match report for /home/arjaiswal/Polygeist/issues/aten_c_kernels/results/aten_nested_where_out_cpu/debuf.mlir ==
  no_match       body#0  ?
  total: 0 matched / 1 bodies
",0,[],0,0,0,0,/home/arjaiswal/Polygeist/issues/aten_c_kernels/results/aten_nested_where_out_cpu/debuf.mlir,2878,0,1,0,287.5104397535324,1,64892,0.0,0,0,0,0,[],0,0,0,0.0,0
aten,aten_nested_where_out_cpu,/home/arjaiswal/Polygeist/issues/aten_c_kernels/results/aten_nested_where_out_cpu/debuf.mlir,a0ae3099acf53110f736b48a6d794a2b104221adc9393dfc2dc6feb51132854e,egglog,2,ok,0,710.78285202384,0,"[""/usr/bin/python3"", ""/home/arjaiswal/Polygeist/scripts/correctness/kernel_match_rewrite.py"", ""/home/arjaiswal/Polygeist/issues/aten_c_kernels/results/aten_nested_where_out_cpu/debuf.mlir"", ""--dry-run"", ""--matcher-mode"", ""egglog"", ""--telemetry-json"", ""/home/arjaiswal/Polygeist/issues/equality_saturation_eval/campaign_20260908/aten-aten_nested_where_out_cpu-egglog-z8xlatlw.json"", ""--disable-semantic-fallback""]","== match report for /home/arjaiswal/Polygeist/issues/aten_c_kernels/results/aten_nested_where_out_cpu/debuf.mlir ==
  no_match       body#0  ?
  total: 0 matched / 1 bodies
",0,[],0,0,0,0,/home/arjaiswal/Polygeist/issues/aten_c_kernels/results/aten_nested_where_out_cpu/debuf.mlir,2878,8,1,0,278.4663327038288,1,64648,0.0,0,0,0,0,[],0,0,0,0.0,0
aten,aten_nested_where_out_cpu,/home/arjaiswal/Polygeist/issues/aten_c_kernels/results/aten_nested_where_out_cpu/debuf.mlir,a0ae3099acf53110f736b48a6d794a2b104221adc9393dfc2dc6feb51132854e,egglog,3,ok,0,706.6851370036602,0,"[""/usr/bin/python3"", ""/home/arjaiswal/Polygeist/scripts/correctness/kernel_match_rewrite.py"", ""/home/arjaiswal/Polygeist/issues/aten_c_kernels/results/aten_nested_where_out_cpu/debuf.mlir"", ""--dry-run"", ""--matcher-mode"", ""egglog"", ""--telemetry-json"", ""/home/arjaiswal/Polygeist/issues/equality_saturation_eval/campaign_20260908/aten-aten_nested_where_out_cpu-egglog-0vua1nvx.json"", ""--disable-semantic-fallback""]","== match report for /home/arjaiswal/Polygeist/issues/aten_c_kernels/results/aten_nested_where_out_cpu/debuf.mlir ==
  no_match       body#0  ?
  total: 0 matched / 1 bodies
",0,[],0,0,0,0,/home/arjaiswal/Polygeist/issues/aten_c_kernels/results/aten_nested_where_out_cpu/debuf.mlir,2878,8,1,0,278.76141294837,1,64736,0.0,0,0,0,0,[],0,0,0,0.0,0
aten,aten_nested_where_out_cpu,/home/arjaiswal/Polygeist/issues/aten_c_kernels/results/aten_nested_where_out_cpu/debuf.mlir,a0ae3099acf53110f736b48a6d794a2b104221adc9393dfc2dc6feb51132854e,syntactic,3,ok,0,710.1255431771278,0,"[""/usr/bin/python3"", ""/home/arjaiswal/Polygeist/scripts/correctness/kernel_match_rewrite.py"", ""/home/arjaiswal/Polygeist/issues/aten_c_kernels/results/aten_nested_where_out_cpu/debuf.mlir"", ""--dry-run"", ""--matcher-mode"", ""syntactic"", ""--telemetry-json"", ""/home/arjaiswal/Polygeist/issues/equality_saturation_eval/campaign_20260908/aten-aten_nested_where_out_cpu-syntactic-4ms86fq7.json"", ""--disable-semantic-fallback""]","== match report for /home/arjaiswal/Polygeist/issues/aten_c_kernels/results/aten_nested_where_out_cpu/debuf.mlir ==
  no_match       body#0  ?
  total: 0 matched / 1 bodies
",0,[],0,0,0,0,/home/arjaiswal/Polygeist/issues/aten_c_kernels/results/aten_nested_where_out_cpu/debuf.mlir,2878,0,1,0,274.3188217282295,1,64992,0.0,0,0,0,0,[],0,0,0,0.0,0
aten,aten_nested_where_out_cpu,/home/arjaiswal/Polygeist/issues/aten_c_kernels/results/aten_nested_where_out_cpu/debuf.mlir,a0ae3099acf53110f736b48a6d794a2b104221adc9393dfc2dc6feb51132854e,syntactic,4,ok,0,722.8885591030121,0,"[""/usr/bin/python3"", ""/home/arjaiswal/Polygeist/scripts/correctness/kernel_match_rewrite.py"", ""/home/arjaiswal/Polygeist/issues/aten_c_kernels/results/aten_nested_where_out_cpu/debuf.mlir"", ""--dry-run"", ""--matcher-mode"", ""syntactic"", ""--telemetry-json"", ""/home/arjaiswal/Polygeist/issues/equality_saturation_eval/campaign_20260908/aten-aten_nested_where_out_cpu-syntactic-74c2bzcx.json"", ""--disable-semantic-fallback""]","== match report for /home/arjaiswal/Polygeist/issues/aten_c_kernels/results/aten_nested_where_out_cpu/debuf.mlir ==
  no_match       body#0  ?
  total: 0 matched / 1 bodies
",0,[],0,0,0,0,/home/arjaiswal/Polygeist/issues/aten_c_kernels/results/aten_nested_where_out_cpu/debuf.mlir,2878,0,1,0,293.1146174669266,1,64472,0.0,0,0,0,0,[],0,0,0,0.0,0
aten,aten_nested_where_out_cpu,/home/arjaiswal/Polygeist/issues/aten_c_kernels/results/aten_nested_where_out_cpu/debuf.mlir,a0ae3099acf53110f736b48a6d794a2b104221adc9393dfc2dc6feb51132854e,egglog,4,ok,0,703.8157880306244,0,"[""/usr/bin/python3"", ""/home/arjaiswal/Polygeist/scripts/correctness/kernel_match_rewrite.py"", ""/home/arjaiswal/Polygeist/issues/aten_c_kernels/results/aten_nested_where_out_cpu/debuf.mlir"", ""--dry-run"", ""--matcher-mode"", ""egglog"", ""--telemetry-json"", ""/home/arjaiswal/Polygeist/issues/equality_saturation_eval/campaign_20260908/aten-aten_nested_where_out_cpu-egglog-bzk4wkpk.json"", ""--disable-semantic-fallback""]","== match report for /home/arjaiswal/Polygeist/issues/aten_c_kernels/results/aten_nested_where_out_cpu/debuf.mlir ==
  no_match       body#0  ?
  total: 0 matched / 1 bodies
",0,[],0,0,0,0,/home/arjaiswal/Polygeist/issues/aten_c_kernels/results/aten_nested_where_out_cpu/debuf.mlir,2878,8,1,0,277.6792645454407,1,64800,0.0,0,0,0,0,[],0,0,0,0.0,0
aten,aten_nested_where_out_cpu,/home/arjaiswal/Polygeist/issues/aten_c_kernels/results/aten_nested_where_out_cpu/debuf.mlir,a0ae3099acf53110f736b48a6d794a2b104221adc9393dfc2dc6feb51132854e,egglog,5,ok,0,691.4235539734364,0,"[""/usr/bin/python3"", ""/home/arjaiswal/Polygeist/scripts/correctness/kernel_match_rewrite.py"", ""/home/arjaiswal/Polygeist/issues/aten_c_kernels/results/aten_nested_where_out_cpu/debuf.mlir"", ""--dry-run"", ""--matcher-mode"", ""egglog"", ""--telemetry-json"", ""/home/arjaiswal/Polygeist/issues/equality_saturation_eval/campaign_20260908/aten-aten_nested_where_out_cpu-egglog-ou4pkpnd.json"", ""--disable-semantic-fallback""]","== match report for /home/arjaiswal/Polygeist/issues/aten_c_kernels/results/aten_nested_where_out_cpu/debuf.mlir ==
  no_match       body#0  ?
  total: 0 matched / 1 bodies
",0,[],0,0,0,0,/home/arjaiswal/Polygeist/issues/aten_c_kernels/results/aten_nested_where_out_cpu/debuf.mlir,2878,8,1,0,265.6484469771385,1,64716,0.0,0,0,0,0,[],0,0,0,0.0,0
aten,aten_nested_where_out_cpu,/home/arjaiswal/Polygeist/issues/aten_c_kernels/results/aten_nested_where_out_cpu/debuf.mlir,a0ae3099acf53110f736b48a6d794a2b104221adc9393dfc2dc6feb51132854e,syntactic,5,ok,0,744.9791431427002,0,"[""/usr/bin/python3"", ""/home/arjaiswal/Polygeist/scripts/correctness/kernel_match_rewrite.py"", ""/home/arjaiswal/Polygeist/issues/aten_c_kernels/results/aten_nested_where_out_cpu/debuf.mlir"", ""--dry-run"", ""--matcher-mode"", ""syntactic"", ""--telemetry-json"", ""/home/arjaiswal/Polygeist/issues/equality_saturation_eval/campaign_20260908/aten-aten_nested_where_out_cpu-syntactic-xne1lifv.json"", ""--disable-semantic-fallback""]","== match report for /home/arjaiswal/Polygeist/issues/aten_c_kernels/results/aten_nested_where_out_cpu/debuf.mlir ==
  no_match       body#0  ?
  total: 0 matched / 1 bodies
",0,[],0,0,0,0,/home/arjaiswal/Polygeist/issues/aten_c_kernels/results/aten_nested_where_out_cpu/debuf.mlir,2878,0,1,0,277.0224027335644,1,64828,0.0,0,0,0,0,[],0,0,0,0.0,0
aten,aten_nextafter,/home/arjaiswal/Polygeist/issues/aten_c_kernels/results/aten_nextafter/debuf.mlir,739b48a003e5bf6edfaffddf9d82b2654d94bd300af7ca911799b363b528a692,syntactic,1,ok,0,713.9982730150223,0,"[""/usr/bin/python3"", ""/home/arjaiswal/Polygeist/scripts/correctness/kernel_match_rewrite.py"", ""/home/arjaiswal/Polygeist/issues/aten_c_kernels/results/aten_nextafter/debuf.mlir"", ""--dry-run"", ""--matcher-mode"", ""syntactic"", ""--telemetry-json"", ""/home/arjaiswal/Polygeist/issues/equality_saturation_eval/campaign_20260908/aten-aten_nextafter-syntactic-g8c88bzq.json"", ""--disable-semantic-fallback""]","== match report for /home/arjaiswal/Polygeist/issues/aten_c_kernels/results/aten_nextafter/debuf.mlir ==
  no_match       body#0  ?
  total: 0 matched / 1 bodies
",0,[],0,0,0,0,/home/arjaiswal/Polygeist/issues/aten_c_kernels/results/aten_nextafter/debuf.mlir,2032,0,1,0,284.67071056365967,1,65728,0.01720339059829712,0,0,0,0,[],0,0,6,0.0,6
aten,aten_nextafter,/home/arjaiswal/Polygeist/issues/aten_c_kernels/results/aten_nextafter/debuf.mlir,739b48a003e5bf6edfaffddf9d82b2654d94bd300af7ca911799b363b528a692,egglog,1,ok,0,774.268914014101,0,"[""/usr/bin/python3"", ""/home/arjaiswal/Polygeist/scripts/correctness/kernel_match_rewrite.py"", ""/home/arjaiswal/Polygeist/issues/aten_c_kernels/results/aten_nextafter/debuf.mlir"", ""--dry-run"", ""--matcher-mode"", ""egglog"", ""--telemetry-json"", ""/home/arjaiswal/Polygeist/issues/equality_saturation_eval/campaign_20260908/aten-aten_nextafter-egglog-eyeaszhb.json"", ""--disable-semantic-fallback""]","== match report for /home/arjaiswal/Polygeist/issues/aten_c_kernels/results/aten_nextafter/debuf.mlir ==
  no_match       body#0  ?
  total: 0 matched / 1 bodies
",0,[],0,0,0,0,/home/arjaiswal/Polygeist/issues/aten_c_kernels/results/aten_nextafter/debuf.mlir,2032,8,1,0,305.7642877101898,1,65840,0.0,0,0,0,0,[],0,0,0,0.0,6
aten,aten_nextafter,/home/arjaiswal/Polygeist/issues/aten_c_kernels/results/aten_nextafter/debuf.mlir,739b48a003e5bf6edfaffddf9d82b2654d94bd300af7ca911799b363b528a692,egglog,2,ok,0,702.5148086249828,0,"[""/usr/bin/python3"", ""/home/arjaiswal/Polygeist/scripts/correctness/kernel_match_rewrite.py"", ""/home/arjaiswal/Polygeist/issues/aten_c_kernels/results/aten_nextafter/debuf.mlir"", ""--dry-run"", ""--matcher-mode"", ""egglog"", ""--telemetry-json"", ""/home/arjaiswal/Polygeist/issues/equality_saturation_eval/campaign_20260908/aten-aten_nextafter-egglog-szp9lg0h.json"", ""--disable-semantic-fallback""]","== match report for /home/arjaiswal/Polygeist/issues/aten_c_kernels/results/aten_nextafter/debuf.mlir ==
  no_match       body#0  ?
  total: 0 matched / 1 bodies
",0,[],0,0,0,0,/home/arjaiswal/Polygeist/issues/aten_c_kernels/results/aten_nextafter/debuf.mlir,2032,8,1,0,291.99136793613434,1,65652,0.0,0,0,0,0,[],0,0,0,0.0,6
aten,aten_nextafter,/home/arjaiswal/Polygeist/issues/aten_c_kernels/results/aten_nextafter/debuf.mlir,739b48a003e5bf6edfaffddf9d82b2654d94bd300af7ca911799b363b528a692,syntactic,2,ok,0,708.7599635124207,0,"[""/usr/bin/python3"", ""/home/arjaiswal/Polygeist/scripts/correctness/kernel_match_rewrite.py"", ""/home/arjaiswal/Polygeist/issues/aten_c_kernels/results/aten_nextafter/debuf.mlir"", ""--dry-run"", ""--matcher-mode"", ""syntactic"", ""--telemetry-json"", ""/home/arjaiswal/Polygeist/issues/equality_saturation_eval/campaign_20260908/aten-aten_nextafter-syntactic-x46_smrs.json"", ""--disable-semantic-fallback""]","== match report for /home/arjaiswal/Polygeist/issues/aten_c_kernels/results/aten_nextafter/debuf.mlir ==
  no_match       body#0  ?
  total: 0 matched / 1 bodies
",0,[],0,0,0,0,/home/arjaiswal/Polygeist/issues/aten_c_kernels/results/aten_nextafter/debuf.mlir,2032,0,1,0,278.8821570575237,1,65824,0.01804530620574951,0,0,0,0,[],0,0,6,0.0,6
aten,aten_nextafter,/home/arjaiswal/Polygeist/issues/aten_c_kernels/results/aten_nextafter/debuf.mlir,739b48a003e5bf6edfaffddf9d82b2654d94bd300af7ca911799b363b528a692,syntactic,3,ok,0,714.2192982137203,0,"[""/usr/bin/python3"", ""/home/arjaiswal/Polygeist/scripts/correctness/kernel_match_rewrite.py"", ""/home/arjaiswal/Polygeist/issues/aten_c_kernels/results/aten_nextafter/debuf.mlir"", ""--dry-run"", ""--matcher-mode"", ""syntactic"", ""--telemetry-json"", ""/home/arjaiswal/Polygeist/issues/equality_saturation_eval/campaign_20260908/aten-aten_nextafter-syntactic-itmh1wbv.json"", ""--disable-semantic-fallback""]","== match report for /home/arjaiswal/Polygeist/issues/aten_c_kernels/results/aten_nextafter/debuf.mlir ==
  no_match       body#0  ?
  total: 0 matched / 1 bodies
",0,[],0,0,0,0,/home/arjaiswal/Polygeist/issues/aten_c_kernels/results/aten_nextafter/debuf.mlir,2032,0,1,0,278.287835419178,1,65808,0.01757591962814331,0,0,0,0,[],0,0,6,0.0,6
aten,aten_nextafter,/home/arjaiswal/Polygeist/issues/aten_c_kernels/results/aten_nextafter/debuf.mlir,739b48a003e5bf6edfaffddf9d82b2654d94bd300af7ca911799b363b528a692,egglog,3,ok,0,683.9105971157551,0,"[""/usr/bin/python3"", ""/home/arjaiswal/Polygeist/scripts/correctness/kernel_match_rewrite.py"", ""/home/arjaiswal/Polygeist/issues/aten_c_kernels/results/aten_nextafter/debuf.mlir"", ""--dry-run"", ""--matcher-mode"", ""egglog"", ""--telemetry-json"", ""/home/arjaiswal/Polygeist/issues/equality_saturation_eval/campaign_20260908/aten-aten_nextafter-egglog-bb65zwux.json"", ""--disable-semantic-fallback""]","== match report for /home/arjaiswal/Polygeist/issues/aten_c_kernels/results/aten_nextafter/debuf.mlir ==
  no_match       body#0  ?
  total: 0 matched / 1 bodies
",0,[],0,0,0,0,/home/arjaiswal/Polygeist/issues/aten_c_kernels/results/aten_nextafter/debuf.mlir,2032,8,1,0,282.48903155326843,1,65652,0.0,0,0,0,0,[],0,0,0,0.0,6
aten,aten_nextafter,/home/arjaiswal/Polygeist/issues/aten_c_kernels/results/aten_nextafter/debuf.mlir,739b48a003e5bf6edfaffddf9d82b2654d94bd300af7ca911799b363b528a692,egglog,4,ok,0,698.8258063793182,0,"[""/usr/bin/python3"", ""/home/arjaiswal/Polygeist/scripts/correctness/kernel_match_rewrite.py"", ""/home/arjaiswal/Polygeist/issues/aten_c_kernels/results/aten_nextafter/debuf.mlir"", ""--dry-run"", ""--matcher-mode"", ""egglog"", ""--telemetry-json"", ""/home/arjaiswal/Polygeist/issues/equality_saturation_eval/campaign_20260908/aten-aten_nextafter-egglog-6nz8pf74.json"", ""--disable-semantic-fallback""]","== match report for /home/arjaiswal/Polygeist/issues/aten_c_kernels/results/aten_nextafter/debuf.mlir ==
  no_match       body#0  ?
  total: 0 matched / 1 bodies
",0,[],0,0,0,0,/home/arjaiswal/Polygeist/issues/aten_c_kernels/results/aten_nextafter/debuf.mlir,2032,8,1,0,284.84824299812317,1,65840,0.0,0,0,0,0,[],0,0,0,0.0,6
aten,aten_nextafter,/home/arjaiswal/Polygeist/issues/aten_c_kernels/results/aten_nextafter/debuf.mlir,739b48a003e5bf6edfaffddf9d82b2654d94bd300af7ca911799b363b528a692,syntactic,4,ok,0,756.9246515631676,0,"[""/usr/bin/python3"", ""/home/arjaiswal/Polygeist/scripts/correctness/kernel_match_rewrite.py"", ""/home/arjaiswal/Polygeist/issues/aten_c_kernels/results/aten_nextafter/debuf.mlir"", ""--dry-run"", ""--matcher-mode"", ""syntactic"", ""--telemetry-json"", ""/home/arjaiswal/Polygeist/issues/equality_saturation_eval/campaign_20260908/aten-aten_nextafter-syntactic-ywe7zj2d.json"", ""--disable-semantic-fallback""]","== match report for /home/arjaiswal/Polygeist/issues/aten_c_kernels/results/aten_nextafter/debuf.mlir ==
  no_match       body#0  ?
  total: 0 matched / 1 bodies
",0,[],0,0,0,0,/home/arjaiswal/Polygeist/issues/aten_c_kernels/results/aten_nextafter/debuf.mlir,2032,0,1,0,297.02941328287125,1,65652,0.02051517367362976,0,0,0,0,[],0,0,6,0.0,6
aten,aten_nextafter,/home/arjaiswal/Polygeist/issues/aten_c_kernels/results/aten_nextafter/debuf.mlir,739b48a003e5bf6edfaffddf9d82b2654d94bd300af7ca911799b363b528a692,syntactic,5,ok,0,717.9970927536488,0,"[""/usr/bin/python3"", ""/home/arjaiswal/Polygeist/scripts/correctness/kernel_match_rewrite.py"", ""/home/arjaiswal/Polygeist/issues/aten_c_kernels/results/aten_nextafter/debuf.mlir"", ""--dry-run"", ""--matcher-mode"", ""syntactic"", ""--telemetry-json"", ""/home/arjaiswal/Polygeist/issues/equality_saturation_eval/campaign_20260908/aten-aten_nextafter-syntactic-69aqjpdz.json"", ""--disable-semantic-fallback""]","== match report for /home/arjaiswal/Polygeist/issues/aten_c_kernels/results/aten_nextafter/debuf.mlir ==
  no_match       body#0  ?
  total: 0 matched / 1 bodies
",0,[],0,0,0,0,/home/arjaiswal/Polygeist/issues/aten_c_kernels/results/aten_nextafter/debuf.mlir,2032,0,1,0,287.45826333761215,1,65736,0.0186040997505188,0,0,0,0,[],0,0,6,0.0,6
aten,aten_nextafter,/home/arjaiswal/Polygeist/issues/aten_c_kernels/results/aten_nextafter/debuf.mlir,739b48a003e5bf6edfaffddf9d82b2654d94bd300af7ca911799b363b528a692,egglog,5,ok,0,793.5407906770706,0,"[""/usr/bin/python3"", ""/home/arjaiswal/Polygeist/scripts/correctness/kernel_match_rewrite.py"", ""/home/arjaiswal/Polygeist/issues/aten_c_kernels/results/aten_nextafter/debuf.mlir"", ""--dry-run"", ""--matcher-mode"", ""egglog"", ""--telemetry-json"", ""/home/arjaiswal/Polygeist/issues/equality_saturation_eval/campaign_20260908/aten-aten_nextafter-egglog-fl457ra6.json"", ""--disable-semantic-fallback""]","== match report for /home/arjaiswal/Polygeist/issues/aten_c_kernels/results/aten_nextafter/debuf.mlir ==
  no_match       body#0  ?
  total: 0 matched / 1 bodies
",0,[],0,0,0,0,/home/arjaiswal/Polygeist/issues/aten_c_kernels/results/aten_nextafter/debuf.mlir,2032,8,1,0,290.7279320061207,1,65532,0.0,0,0,0,0,[],0,0,0,0.0,6
aten,aten_nll_loss2d_backward_cpu,/home/arjaiswal/Polygeist/issues/aten_c_kernels/results/aten_nll_loss2d_backward_cpu/debuf.mlir,8154664d2e0c0e3e1f4ff45c1b06c4622e70a84ad2a9bd411572892ca51899d5,egglog,1,ok,0,686.9622692465782,0,"[""/usr/bin/python3"", ""/home/arjaiswal/Polygeist/scripts/correctness/kernel_match_rewrite.py"", ""/home/arjaiswal/Polygeist/issues/aten_c_kernels/results/aten_nll_loss2d_backward_cpu/debuf.mlir"", ""--dry-run"", ""--matcher-mode"", ""egglog"", ""--telemetry-json"", ""/home/arjaiswal/Polygeist/issues/equality_saturation_eval/campaign_20260908/aten-aten_nll_loss2d_backward_cpu-egglog-yvrz87rx.json"", ""--disable-semantic-fallback""]","== match report for /home/arjaiswal/Polygeist/issues/aten_c_kernels/results/aten_nll_loss2d_backward_cpu/debuf.mlir ==
  total: 0 matched / 0 bodies
",0,[],0,0,0,0,/home/arjaiswal/Polygeist/issues/aten_c_kernels/results/aten_nll_loss2d_backward_cpu/debuf.mlir,2419,8,0,0,259.3214549124241,0,64784,0.0,0,0,0,0,[],0,0,0,0.0,0
aten,aten_nll_loss2d_backward_cpu,/home/arjaiswal/Polygeist/issues/aten_c_kernels/results/aten_nll_loss2d_backward_cpu/debuf.mlir,8154664d2e0c0e3e1f4ff45c1b06c4622e70a84ad2a9bd411572892ca51899d5,syntactic,1,ok,0,681.3728287816048,0,"[""/usr/bin/python3"", ""/home/arjaiswal/Polygeist/scripts/correctness/kernel_match_rewrite.py"", ""/home/arjaiswal/Polygeist/issues/aten_c_kernels/results/aten_nll_loss2d_backward_cpu/debuf.mlir"", ""--dry-run"", ""--matcher-mode"", ""syntactic"", ""--telemetry-json"", ""/home/arjaiswal/Polygeist/issues/equality_saturation_eval/campaign_20260908/aten-aten_nll_loss2d_backward_cpu-syntactic-qxqe8r_y.json"", ""--disable-semantic-fallback""]","== match report for /home/arjaiswal/Polygeist/issues/aten_c_kernels/results/aten_nll_loss2d_backward_cpu/debuf.mlir ==
  total: 0 matched / 0 bodies
",0,[],0,0,0,0,/home/arjaiswal/Polygeist/issues/aten_c_kernels/results/aten_nll_loss2d_backward_cpu/debuf.mlir,2419,0,0,0,263.5103464126587,0,64280,0.0,0,0,0,0,[],0,0,0,0.0,0
aten,aten_nll_loss2d_backward_cpu,/home/arjaiswal/Polygeist/issues/aten_c_kernels/results/aten_nll_loss2d_backward_cpu/debuf.mlir,8154664d2e0c0e3e1f4ff45c1b06c4622e70a84ad2a9bd411572892ca51899d5,syntactic,2,ok,0,685.3669285774231,0,"[""/usr/bin/python3"", ""/home/arjaiswal/Polygeist/scripts/correctness/kernel_match_rewrite.py"", ""/home/arjaiswal/Polygeist/issues/aten_c_kernels/results/aten_nll_loss2d_backward_cpu/debuf.mlir"", ""--dry-run"", ""--matcher-mode"", ""syntactic"", ""--telemetry-json"", ""/home/arjaiswal/Polygeist/issues/equality_saturation_eval/campaign_20260908/aten-aten_nll_loss2d_backward_cpu-syntactic-d2atn_ss.json"", ""--disable-semantic-fallback""]","== match report for /home/arjaiswal/Polygeist/issues/aten_c_kernels/results/aten_nll_loss2d_backward_cpu/debuf.mlir ==
  total: 0 matched / 0 bodies
",0,[],0,0,0,0,/home/arjaiswal/Polygeist/issues/aten_c_kernels/results/aten_nll_loss2d_backward_cpu/debuf.mlir,2419,0,0,0,261.04026660323143,0,64776,0.0,0,0,0,0,[],0,0,0,0.0,0
aten,aten_nll_loss2d_backward_cpu,/home/arjaiswal/Polygeist/issues/aten_c_kernels/results/aten_nll_loss2d_backward_cpu/debuf.mlir,8154664d2e0c0e3e1f4ff45c1b06c4622e70a84ad2a9bd411572892ca51899d5,egglog,2,ok,0,752.5389045476913,0,"[""/usr/bin/python3"", ""/home/arjaiswal/Polygeist/scripts/correctness/kernel_match_rewrite.py"", ""/home/arjaiswal/Polygeist/issues/aten_c_kernels/results/aten_nll_loss2d_backward_cpu/debuf.mlir"", ""--dry-run"", ""--matcher-mode"", ""egglog"", ""--telemetry-json"", ""/home/arjaiswal/Polygeist/issues/equality_saturation_eval/campaign_20260908/aten-aten_nll_loss2d_backward_cpu-egglog-xths1sw5.json"", ""--disable-semantic-fallback""]","== match report for /home/arjaiswal/Polygeist/issues/aten_c_kernels/results/aten_nll_loss2d_backward_cpu/debuf.mlir ==
  total: 0 matched / 0 bodies
",0,[],0,0,0,0,/home/arjaiswal/Polygeist/issues/aten_c_kernels/results/aten_nll_loss2d_backward_cpu/debuf.mlir,2419,8,0,0,287.3385511338711,0,64724,0.0,0,0,0,0,[],0,0,0,0.0,0
aten,aten_nll_loss2d_backward_cpu,/home/arjaiswal/Polygeist/issues/aten_c_kernels/results/aten_nll_loss2d_backward_cpu/debuf.mlir,8154664d2e0c0e3e1f4ff45c1b06c4622e70a84ad2a9bd411572892ca51899d5,egglog,3,ok,0,690.6710043549538,0,"[""/usr/bin/python3"", ""/home/arjaiswal/Polygeist/scripts/correctness/kernel_match_rewrite.py"", ""/home/arjaiswal/Polygeist/issues/aten_c_kernels/results/aten_nll_loss2d_backward_cpu/debuf.mlir"", ""--dry-run"", ""--matcher-mode"", ""egglog"", ""--telemetry-json"", ""/home/arjaiswal/Polygeist/issues/equality_saturation_eval/campaign_20260908/aten-aten_nll_loss2d_backward_cpu-egglog-odn1odf2.json"", ""--disable-semantic-fallback""]","== match report for /home/arjaiswal/Polygeist/issues/aten_c_kernels/results/aten_nll_loss2d_backward_cpu/debuf.mlir ==
  total: 0 matched / 0 bodies
",0,[],0,0,0,0,/home/arjaiswal/Polygeist/issues/aten_c_kernels/results/aten_nll_loss2d_backward_cpu/debuf.mlir,2419,8,0,0,267.334021627903,0,64672,0.0,0,0,0,0,[],0,0,0,0.0,0
aten,aten_nll_loss2d_backward_cpu,/home/arjaiswal/Polygeist/issues/aten_c_kernels/results/aten_nll_loss2d_backward_cpu/debuf.mlir,8154664d2e0c0e3e1f4ff45c1b06c4622e70a84ad2a9bd411572892ca51899d5,syntactic,3,ok,0,679.9789667129517,0,"[""/usr/bin/python3"", ""/home/arjaiswal/Polygeist/scripts/correctness/kernel_match_rewrite.py"", ""/home/arjaiswal/Polygeist/issues/aten_c_kernels/results/aten_nll_loss2d_backward_cpu/debuf.mlir"", ""--dry-run"", ""--matcher-mode"", ""syntactic"", ""--telemetry-json"", ""/home/arjaiswal/Polygeist/issues/equality_saturation_eval/campaign_20260908/aten-aten_nll_loss2d_backward_cpu-syntactic-x3c5ctjh.json"", ""--disable-semantic-fallback""]","== match report for /home/arjaiswal/Polygeist/issues/aten_c_kernels/results/aten_nll_loss2d_backward_cpu/debuf.mlir ==
  total: 0 matched / 0 bodies
",0,[],0,0,0,0,/home/arjaiswal/Polygeist/issues/aten_c_kernels/results/aten_nll_loss2d_backward_cpu/debuf.mlir,2419,0,0,0,264.1816660761833,0,64976,0.0,0,0,0,0,[],0,0,0,0.0,0
aten,aten_nll_loss2d_backward_cpu,/home/arjaiswal/Polygeist/issues/aten_c_kernels/results/aten_nll_loss2d_backward_cpu/debuf.mlir,8154664d2e0c0e3e1f4ff45c1b06c4622e70a84ad2a9bd411572892ca51899d5,syntactic,4,ok,0,673.4460443258286,0,"[""/usr/bin/python3"", ""/home/arjaiswal/Polygeist/scripts/correctness/kernel_match_rewrite.py"", ""/home/arjaiswal/Polygeist/issues/aten_c_kernels/results/aten_nll_loss2d_backward_cpu/debuf.mlir"", ""--dry-run"", ""--matcher-mode"", ""syntactic"", ""--telemetry-json"", ""/home/arjaiswal/Polygeist/issues/equality_saturation_eval/campaign_20260908/aten-aten_nll_loss2d_backward_cpu-syntactic-islyt16e.json"", ""--disable-semantic-fallback""]","== match report for /home/arjaiswal/Polygeist/issues/aten_c_kernels/results/aten_nll_loss2d_backward_cpu/debuf.mlir ==
  total: 0 matched / 0 bodies
",0,[],0,0,0,0,/home/arjaiswal/Polygeist/issues/aten_c_kernels/results/aten_nll_loss2d_backward_cpu/debuf.mlir,2419,0,0,0,257.03923031687737,0,64864,0.0,0,0,0,0,[],0,0,0,0.0,0
aten,aten_nll_loss2d_backward_cpu,/home/arjaiswal/Polygeist/issues/aten_c_kernels/results/aten_nll_loss2d_backward_cpu/debuf.mlir,8154664d2e0c0e3e1f4ff45c1b06c4622e70a84ad2a9bd411572892ca51899d5,egglog,4,ok,0,687.5712126493454,0,"[""/usr/bin/python3"", ""/home/arjaiswal/Polygeist/scripts/correctness/kernel_match_rewrite.py"", ""/home/arjaiswal/Polygeist/issues/aten_c_kernels/results/aten_nll_loss2d_backward_cpu/debuf.mlir"", ""--dry-run"", ""--matcher-mode"", ""egglog"", ""--telemetry-json"", ""/home/arjaiswal/Polygeist/issues/equality_saturation_eval/campaign_20260908/aten-aten_nll_loss2d_backward_cpu-egglog-m8xxnc08.json"", ""--disable-semantic-fallback""]","== match report for /home/arjaiswal/Polygeist/issues/aten_c_kernels/results/aten_nll_loss2d_backward_cpu/debuf.mlir ==
  total: 0 matched / 0 bodies
",0,[],0,0,0,0,/home/arjaiswal/Polygeist/issues/aten_c_kernels/results/aten_nll_loss2d_backward_cpu/debuf.mlir,2419,8,0,0,265.87658002972603,0,64728,0.0,0,0,0,0,[],0,0,0,0.0,0
aten,aten_nll_loss2d_backward_cpu,/home/arjaiswal/Polygeist/issues/aten_c_kernels/results/aten_nll_loss2d_backward_cpu/debuf.mlir,8154664d2e0c0e3e1f4ff45c1b06c4622e70a84ad2a9bd411572892ca51899d5,egglog,5,ok,0,694.4110728800297,0,"[""/usr/bin/python3"", ""/home/arjaiswal/Polygeist/scripts/correctness/kernel_match_rewrite.py"", ""/home/arjaiswal/Polygeist/issues/aten_c_kernels/results/aten_nll_loss2d_backward_cpu/debuf.mlir"", ""--dry-run"", ""--matcher-mode"", ""egglog"", ""--telemetry-json"", ""/home/arjaiswal/Polygeist/issues/equality_saturation_eval/campaign_20260908/aten-aten_nll_loss2d_backward_cpu-egglog-eixen9qg.json"", ""--disable-semantic-fallback""]","== match report for /home/arjaiswal/Polygeist/issues/aten_c_kernels/results/aten_nll_loss2d_backward_cpu/debuf.mlir ==
  total: 0 matched / 0 bodies
",0,[],0,0,0,0,/home/arjaiswal/Polygeist/issues/aten_c_kernels/results/aten_nll_loss2d_backward_cpu/debuf.mlir,2419,8,0,0,275.2550579607487,0,64472,0.0,0,0,0,0,[],0,0,0,0.0,0
aten,aten_nll_loss2d_backward_cpu,/home/arjaiswal/Polygeist/issues/aten_c_kernels/results/aten_nll_loss2d_backward_cpu/debuf.mlir,8154664d2e0c0e3e1f4ff45c1b06c4622e70a84ad2a9bd411572892ca51899d5,syntactic,5,ok,0,681.3461929559708,0,"[""/usr/bin/python3"", ""/home/arjaiswal/Polygeist/scripts/correctness/kernel_match_rewrite.py"", ""/home/arjaiswal/Polygeist/issues/aten_c_kernels/results/aten_nll_loss2d_backward_cpu/debuf.mlir"", ""--dry-run"", ""--matcher-mode"", ""syntactic"", ""--telemetry-json"", ""/home/arjaiswal/Polygeist/issues/equality_saturation_eval/campaign_20260908/aten-aten_nll_loss2d_backward_cpu-syntactic-c_c9_ew3.json"", ""--disable-semantic-fallback""]","== match report for /home/arjaiswal/Polygeist/issues/aten_c_kernels/results/aten_nll_loss2d_backward_cpu/debuf.mlir ==
  total: 0 matched / 0 bodies
",0,[],0,0,0,0,/home/arjaiswal/Polygeist/issues/aten_c_kernels/results/aten_nll_loss2d_backward_cpu/debuf.mlir,2419,0,0,0,259.8985321819782,0,64988,0.0,0,0,0,0,[],0,0,0,0.0,0
aten,aten_nll_loss2d_forward_cpu,/home/arjaiswal/Polygeist/issues/aten_c_kernels/results/aten_nll_loss2d_forward_cpu/debuf.mlir,f0857792b229d928da4025b5bfa6b4d8e1c00a1f4565dd5f997488578d53d9df,syntactic,1,ok,0,697.0461532473564,0,"[""/usr/bin/python3"", ""/home/arjaiswal/Polygeist/scripts/correctness/kernel_match_rewrite.py"", ""/home/arjaiswal/Polygeist/issues/aten_c_kernels/results/aten_nll_loss2d_forward_cpu/debuf.mlir"", ""--dry-run"", ""--matcher-mode"", ""syntactic"", ""--telemetry-json"", ""/home/arjaiswal/Polygeist/issues/equality_saturation_eval/campaign_20260908/aten-aten_nll_loss2d_forward_cpu-syntactic-2ct2xdcs.json"", ""--disable-semantic-fallback""]","== match report for /home/arjaiswal/Polygeist/issues/aten_c_kernels/results/aten_nll_loss2d_forward_cpu/debuf.mlir ==
  no_match       body#0  ?
  total: 0 matched / 1 bodies
",0,[],0,0,0,0,/home/arjaiswal/Polygeist/issues/aten_c_kernels/results/aten_nll_loss2d_forward_cpu/debuf.mlir,2550,0,1,0,265.21485298871994,1,64720,0.0,0,0,0,0,[],0,0,0,0.0,0
aten,aten_nll_loss2d_forward_cpu,/home/arjaiswal/Polygeist/issues/aten_c_kernels/results/aten_nll_loss2d_forward_cpu/debuf.mlir,f0857792b229d928da4025b5bfa6b4d8e1c00a1f4565dd5f997488578d53d9df,egglog,1,ok,0,726.7895862460136,0,"[""/usr/bin/python3"", ""/home/arjaiswal/Polygeist/scripts/correctness/kernel_match_rewrite.py"", ""/home/arjaiswal/Polygeist/issues/aten_c_kernels/results/aten_nll_loss2d_forward_cpu/debuf.mlir"", ""--dry-run"", ""--matcher-mode"", ""egglog"", ""--telemetry-json"", ""/home/arjaiswal/Polygeist/issues/equality_saturation_eval/campaign_20260908/aten-aten_nll_loss2d_forward_cpu-egglog-vl7i6zfs.json"", ""--disable-semantic-fallback""]","== match report for /home/arjaiswal/Polygeist/issues/aten_c_kernels/results/aten_nll_loss2d_forward_cpu/debuf.mlir ==
  no_match       body#0  ?
  total: 0 matched / 1 bodies
",0,[],0,0,0,0,/home/arjaiswal/Polygeist/issues/aten_c_kernels/results/aten_nll_loss2d_forward_cpu/debuf.mlir,2550,8,1,0,292.5080209970474,1,64752,0.0,0,0,0,0,[],0,0,0,0.0,0
aten,aten_nll_loss2d_forward_cpu,/home/arjaiswal/Polygeist/issues/aten_c_kernels/results/aten_nll_loss2d_forward_cpu/debuf.mlir,f0857792b229d928da4025b5bfa6b4d8e1c00a1f4565dd5f997488578d53d9df,egglog,2,ok,0,701.5073336660862,0,"[""/usr/bin/python3"", ""/home/arjaiswal/Polygeist/scripts/correctness/kernel_match_rewrite.py"", ""/home/arjaiswal/Polygeist/issues/aten_c_kernels/results/aten_nll_loss2d_forward_cpu/debuf.mlir"", ""--dry-run"", ""--matcher-mode"", ""egglog"", ""--telemetry-json"", ""/home/arjaiswal/Polygeist/issues/equality_saturation_eval/campaign_20260908/aten-aten_nll_loss2d_forward_cpu-egglog-n1z22rki.json"", ""--disable-semantic-fallback""]","== match report for /home/arjaiswal/Polygeist/issues/aten_c_kernels/results/aten_nll_loss2d_forward_cpu/debuf.mlir ==
  no_match       body#0  ?
  total: 0 matched / 1 bodies
",0,[],0,0,0,0,/home/arjaiswal/Polygeist/issues/aten_c_kernels/results/aten_nll_loss2d_forward_cpu/debuf.mlir,2550,8,1,0,277.8843119740486,1,64940,0.0,0,0,0,0,[],0,0,0,0.0,0
aten,aten_nll_loss2d_forward_cpu,/home/arjaiswal/Polygeist/issues/aten_c_kernels/results/aten_nll_loss2d_forward_cpu/debuf.mlir,f0857792b229d928da4025b5bfa6b4d8e1c00a1f4565dd5f997488578d53d9df,syntactic,2,ok,0,732.1533001959324,0,"[""/usr/bin/python3"", ""/home/arjaiswal/Polygeist/scripts/correctness/kernel_match_rewrite.py"", ""/home/arjaiswal/Polygeist/issues/aten_c_kernels/results/aten_nll_loss2d_forward_cpu/debuf.mlir"", ""--dry-run"", ""--matcher-mode"", ""syntactic"", ""--telemetry-json"", ""/home/arjaiswal/Polygeist/issues/equality_saturation_eval/campaign_20260908/aten-aten_nll_loss2d_forward_cpu-syntactic-onvhqxfz.json"", ""--disable-semantic-fallback""]","== match report for /home/arjaiswal/Polygeist/issues/aten_c_kernels/results/aten_nll_loss2d_forward_cpu/debuf.mlir ==
  no_match       body#0  ?
  total: 0 matched / 1 bodies
",0,[],0,0,0,0,/home/arjaiswal/Polygeist/issues/aten_c_kernels/results/aten_nll_loss2d_forward_cpu/debuf.mlir,2550,0,1,0,272.41532877087593,1,64776,0.0,0,0,0,0,[],0,0,0,0.0,0
aten,aten_nll_loss2d_forward_cpu,/home/arjaiswal/Polygeist/issues/aten_c_kernels/results/aten_nll_loss2d_forward_cpu/debuf.mlir,f0857792b229d928da4025b5bfa6b4d8e1c00a1f4565dd5f997488578d53d9df,syntactic,3,ok,0,674.3351481854916,0,"[""/usr/bin/python3"", ""/home/arjaiswal/Polygeist/scripts/correctness/kernel_match_rewrite.py"", ""/home/arjaiswal/Polygeist/issues/aten_c_kernels/results/aten_nll_loss2d_forward_cpu/debuf.mlir"", ""--dry-run"", ""--matcher-mode"", ""syntactic"", ""--telemetry-json"", ""/home/arjaiswal/Polygeist/issues/equality_saturation_eval/campaign_20260908/aten-aten_nll_loss2d_forward_cpu-syntactic-u2dl58d9.json"", ""--disable-semantic-fallback""]","== match report for /home/arjaiswal/Polygeist/issues/aten_c_kernels/results/aten_nll_loss2d_forward_cpu/debuf.mlir ==
  no_match       body#0  ?
  total: 0 matched / 1 bodies
",0,[],0,0,0,0,/home/arjaiswal/Polygeist/issues/aten_c_kernels/results/aten_nll_loss2d_forward_cpu/debuf.mlir,2550,0,1,0,263.7837678194046,1,64852,0.0,0,0,0,0,[],0,0,0,0.0,0
aten,aten_nll_loss2d_forward_cpu,/home/arjaiswal/Polygeist/issues/aten_c_kernels/results/aten_nll_loss2d_forward_cpu/debuf.mlir,f0857792b229d928da4025b5bfa6b4d8e1c00a1f4565dd5f997488578d53d9df,egglog,3,ok,0,665.3185114264488,0,"[""/usr/bin/python3"", ""/home/arjaiswal/Polygeist/scripts/correctness/kernel_match_rewrite.py"", ""/home/arjaiswal/Polygeist/issues/aten_c_kernels/results/aten_nll_loss2d_forward_cpu/debuf.mlir"", ""--dry-run"", ""--matcher-mode"", ""egglog"", ""--telemetry-json"", ""/home/arjaiswal/Polygeist/issues/equality_saturation_eval/campaign_20260908/aten-aten_nll_loss2d_forward_cpu-egglog-p4gc4emi.json"", ""--disable-semantic-fallback""]","== match report for /home/arjaiswal/Polygeist/issues/aten_c_kernels/results/aten_nll_loss2d_forward_cpu/debuf.mlir ==
  no_match       body#0  ?
  total: 0 matched / 1 bodies
",0,[],0,0,0,0,/home/arjaiswal/Polygeist/issues/aten_c_kernels/results/aten_nll_loss2d_forward_cpu/debuf.mlir,2550,8,1,0,267.1309933066368,1,64888,0.0,0,0,0,0,[],0,0,0,0.0,0
aten,aten_nll_loss2d_forward_cpu,/home/arjaiswal/Polygeist/issues/aten_c_kernels/results/aten_nll_loss2d_forward_cpu/debuf.mlir,f0857792b229d928da4025b5bfa6b4d8e1c00a1f4565dd5f997488578d53d9df,egglog,4,ok,0,687.4617449939251,0,"[""/usr/bin/python3"", ""/home/arjaiswal/Polygeist/scripts/correctness/kernel_match_rewrite.py"", ""/home/arjaiswal/Polygeist/issues/aten_c_kernels/results/aten_nll_loss2d_forward_cpu/debuf.mlir"", ""--dry-run"", ""--matcher-mode"", ""egglog"", ""--telemetry-json"", ""/home/arjaiswal/Polygeist/issues/equality_saturation_eval/campaign_20260908/aten-aten_nll_loss2d_forward_cpu-egglog-yx43eu9y.json"", ""--disable-semantic-fallback""]","== match report for /home/arjaiswal/Polygeist/issues/aten_c_kernels/results/aten_nll_loss2d_forward_cpu/debuf.mlir ==
  no_match       body#0  ?
  total: 0 matched / 1 bodies
",0,[],0,0,0,0,/home/arjaiswal/Polygeist/issues/aten_c_kernels/results/aten_nll_loss2d_forward_cpu/debuf.mlir,2550,8,1,0,281.64372220635414,1,64944,0.0,0,0,0,0,[],0,0,0,0.0,0
aten,aten_nll_loss2d_forward_cpu,/home/arjaiswal/Polygeist/issues/aten_c_kernels/results/aten_nll_loss2d_forward_cpu/debuf.mlir,f0857792b229d928da4025b5bfa6b4d8e1c00a1f4565dd5f997488578d53d9df,syntactic,4,ok,0,723.9832915365696,0,"[""/usr/bin/python3"", ""/home/arjaiswal/Polygeist/scripts/correctness/kernel_match_rewrite.py"", ""/home/arjaiswal/Polygeist/issues/aten_c_kernels/results/aten_nll_loss2d_forward_cpu/debuf.mlir"", ""--dry-run"", ""--matcher-mode"", ""syntactic"", ""--telemetry-json"", ""/home/arjaiswal/Polygeist/issues/equality_saturation_eval/campaign_20260908/aten-aten_nll_loss2d_forward_cpu-syntactic-t7qru9_j.json"", ""--disable-semantic-fallback""]","== match report for /home/arjaiswal/Polygeist/issues/aten_c_kernels/results/aten_nll_loss2d_forward_cpu/debuf.mlir ==
  no_match       body#0  ?
  total: 0 matched / 1 bodies
",0,[],0,0,0,0,/home/arjaiswal/Polygeist/issues/aten_c_kernels/results/aten_nll_loss2d_forward_cpu/debuf.mlir,2550,0,1,0,298.02584275603294,1,64508,0.0,0,0,0,0,[],0,0,0,0.0,0
aten,aten_nll_loss2d_forward_cpu,/home/arjaiswal/Polygeist/issues/aten_c_kernels/results/aten_nll_loss2d_forward_cpu/debuf.mlir,f0857792b229d928da4025b5bfa6b4d8e1c00a1f4565dd5f997488578d53d9df,syntactic,5,ok,0,692.1189315617085,0,"[""/usr/bin/python3"", ""/home/arjaiswal/Polygeist/scripts/correctness/kernel_match_rewrite.py"", ""/home/arjaiswal/Polygeist/issues/aten_c_kernels/results/aten_nll_loss2d_forward_cpu/debuf.mlir"", ""--dry-run"", ""--matcher-mode"", ""syntactic"", ""--telemetry-json"", ""/home/arjaiswal/Polygeist/issues/equality_saturation_eval/campaign_20260908/aten-aten_nll_loss2d_forward_cpu-syntactic-1md8vkhq.json"", ""--disable-semantic-fallback""]","== match report for /home/arjaiswal/Polygeist/issues/aten_c_kernels/results/aten_nll_loss2d_forward_cpu/debuf.mlir ==
  no_match       body#0  ?
  total: 0 matched / 1 bodies
",0,[],0,0,0,0,/home/arjaiswal/Polygeist/issues/aten_c_kernels/results/aten_nll_loss2d_forward_cpu/debuf.mlir,2550,0,1,0,279.8483856022358,1,64752,0.0,0,0,0,0,[],0,0,0,0.0,0
aten,aten_nll_loss2d_forward_cpu,/home/arjaiswal/Polygeist/issues/aten_c_kernels/results/aten_nll_loss2d_forward_cpu/debuf.mlir,f0857792b229d928da4025b5bfa6b4d8e1c00a1f4565dd5f997488578d53d9df,egglog,5,ok,0,727.582011371851,0,"[""/usr/bin/python3"", ""/home/arjaiswal/Polygeist/scripts/correctness/kernel_match_rewrite.py"", ""/home/arjaiswal/Polygeist/issues/aten_c_kernels/results/aten_nll_loss2d_forward_cpu/debuf.mlir"", ""--dry-run"", ""--matcher-mode"", ""egglog"", ""--telemetry-json"", ""/home/arjaiswal/Polygeist/issues/equality_saturation_eval/campaign_20260908/aten-aten_nll_loss2d_forward_cpu-egglog-reck4di6.json"", ""--disable-semantic-fallback""]","== match report for /home/arjaiswal/Polygeist/issues/aten_c_kernels/results/aten_nll_loss2d_forward_cpu/debuf.mlir ==
  no_match       body#0  ?
  total: 0 matched / 1 bodies
",0,[],0,0,0,0,/home/arjaiswal/Polygeist/issues/aten_c_kernels/results/aten_nll_loss2d_forward_cpu/debuf.mlir,2550,8,1,0,298.92468079924583,1,64824,0.0,0,0,0,0,[],0,0,0,0.0,0
aten,aten_nll_loss_backward_cpu,/home/arjaiswal/Polygeist/issues/aten_c_kernels/results/aten_nll_loss_backward_cpu/debuf.mlir,f462679d0bd864b2a6a4d118e5b08b6e7dd40a6fa8b9f9bce84cd7c08b7a9c66,egglog,1,ok,0,723.8493897020817,0,"[""/usr/bin/python3"", ""/home/arjaiswal/Polygeist/scripts/correctness/kernel_match_rewrite.py"", ""/home/arjaiswal/Polygeist/issues/aten_c_kernels/results/aten_nll_loss_backward_cpu/debuf.mlir"", ""--dry-run"", ""--matcher-mode"", ""egglog"", ""--telemetry-json"", ""/home/arjaiswal/Polygeist/issues/equality_saturation_eval/campaign_20260908/aten-aten_nll_loss_backward_cpu-egglog-94ych_4n.json"", ""--disable-semantic-fallback""]","== match report for /home/arjaiswal/Polygeist/issues/aten_c_kernels/results/aten_nll_loss_backward_cpu/debuf.mlir ==
  match          body#[0]  memset_zero_2D_f32
  total: 1 matched / 1 bodies
",0,[],0,0,0,0,/home/arjaiswal/Polygeist/issues/aten_c_kernels/results/aten_nll_loss_backward_cpu/debuf.mlir,2812,8,1,1,313.4082816541195,0,69248,20.896699279546738,2,2,0,0,"[{""body_indices"": [0], ""symbol"": ""memset_zero_2D_f32""}]",1,0,0,0.0,4
aten,aten_nll_loss_backward_cpu,/home/arjaiswal/Polygeist/issues/aten_c_kernels/results/aten_nll_loss_backward_cpu/debuf.mlir,f462679d0bd864b2a6a4d118e5b08b6e7dd40a6fa8b9f9bce84cd7c08b7a9c66,syntactic,1,ok,0,672.5946255028248,0,"[""/usr/bin/python3"", ""/home/arjaiswal/Polygeist/scripts/correctness/kernel_match_rewrite.py"", ""/home/arjaiswal/Polygeist/issues/aten_c_kernels/results/aten_nll_loss_backward_cpu/debuf.mlir"", ""--dry-run"", ""--matcher-mode"", ""syntactic"", ""--telemetry-json"", ""/home/arjaiswal/Polygeist/issues/equality_saturation_eval/campaign_20260908/aten-aten_nll_loss_backward_cpu-syntactic-j4dw88i5.json"", ""--disable-semantic-fallback""]","== match report for /home/arjaiswal/Polygeist/issues/aten_c_kernels/results/aten_nll_loss_backward_cpu/debuf.mlir ==
  match          body#[0]  memset_zero_2D_f32
  total: 1 matched / 1 bodies
",0,[],0,0,0,0,/home/arjaiswal/Polygeist/issues/aten_c_kernels/results/aten_nll_loss_backward_cpu/debuf.mlir,2812,0,1,1,269.6892321109772,0,64848,0.017505139112472534,0,2,0,0,"[{""body_indices"": [0], ""symbol"": ""memset_zero_2D_f32""}]",1,0,4,0.0,4
aten,aten_nll_loss_backward_cpu,/home/arjaiswal/Polygeist/issues/aten_c_kernels/results/aten_nll_loss_backward_cpu/debuf.mlir,f462679d0bd864b2a6a4d118e5b08b6e7dd40a6fa8b9f9bce84cd7c08b7a9c66,syntactic,2,ok,0,657.1151167154312,0,"[""/usr/bin/python3"", ""/home/arjaiswal/Polygeist/scripts/correctness/kernel_match_rewrite.py"", ""/home/arjaiswal/Polygeist/issues/aten_c_kernels/results/aten_nll_loss_backward_cpu/debuf.mlir"", ""--dry-run"", ""--matcher-mode"", ""syntactic"", ""--telemetry-json"", ""/home/arjaiswal/Polygeist/issues/equality_saturation_eval/campaign_20260908/aten-aten_nll_loss_backward_cpu-syntactic-nhbvce9h.json"", ""--disable-semantic-fallback""]","== match report for /home/arjaiswal/Polygeist/issues/aten_c_kernels/results/aten_nll_loss_backward_cpu/debuf.mlir ==
  match          body#[0]  memset_zero_2D_f32
  total: 1 matched / 1 bodies
",0,[],0,0,0,0,/home/arjaiswal/Polygeist/issues/aten_c_kernels/results/aten_nll_loss_backward_cpu/debuf.mlir,2812,0,1,1,260.86534932255745,0,64896,0.017531216144561768,0,2,0,0,"[{""body_indices"": [0], ""symbol"": ""memset_zero_2D_f32""}]",1,0,4,0.0,4
aten,aten_nll_loss_backward_cpu,/home/arjaiswal/Polygeist/issues/aten_c_kernels/results/aten_nll_loss_backward_cpu/debuf.mlir,f462679d0bd864b2a6a4d118e5b08b6e7dd40a6fa8b9f9bce84cd7c08b7a9c66,egglog,2,ok,0,710.4835286736488,0,"[""/usr/bin/python3"", ""/home/arjaiswal/Polygeist/scripts/correctness/kernel_match_rewrite.py"", ""/home/arjaiswal/Polygeist/issues/aten_c_kernels/results/aten_nll_loss_backward_cpu/debuf.mlir"", ""--dry-run"", ""--matcher-mode"", ""egglog"", ""--telemetry-json"", ""/home/arjaiswal/Polygeist/issues/equality_saturation_eval/campaign_20260908/aten-aten_nll_loss_backward_cpu-egglog-8crlvuvp.json"", ""--disable-semantic-fallback""]","== match report for /home/arjaiswal/Polygeist/issues/aten_c_kernels/results/aten_nll_loss_backward_cpu/debuf.mlir ==
  match          body#[0]  memset_zero_2D_f32
  total: 1 matched / 1 bodies
",0,[],0,0,0,0,/home/arjaiswal/Polygeist/issues/aten_c_kernels/results/aten_nll_loss_backward_cpu/debuf.mlir,2812,8,1,1,296.58228531479836,0,69392,22.320516407489777,2,2,0,0,"[{""body_indices"": [0], ""symbol"": ""memset_zero_2D_f32""}]",1,0,0,0.0,4
aten,aten_nll_loss_backward_cpu,/home/arjaiswal/Polygeist/issues/aten_c_kernels/results/aten_nll_loss_backward_cpu/debuf.mlir,f462679d0bd864b2a6a4d118e5b08b6e7dd40a6fa8b9f9bce84cd7c08b7a9c66,egglog,3,ok,0,717.4174077808857,0,"[""/usr/bin/python3"", ""/home/arjaiswal/Polygeist/scripts/correctness/kernel_match_rewrite.py"", ""/home/arjaiswal/Polygeist/issues/aten_c_kernels/results/aten_nll_loss_backward_cpu/debuf.mlir"", ""--dry-run"", ""--matcher-mode"", ""egglog"", ""--telemetry-json"", ""/home/arjaiswal/Polygeist/issues/equality_saturation_eval/campaign_20260908/aten-aten_nll_loss_backward_cpu-egglog-5ga4f0np.json"", ""--disable-semantic-fallback""]","== match report for /home/arjaiswal/Polygeist/issues/aten_c_kernels/results/aten_nll_loss_backward_cpu/debuf.mlir ==
  match          body#[0]  memset_zero_2D_f32
  total: 1 matched / 1 bodies
",0,[],0,0,0,0,/home/arjaiswal/Polygeist/issues/aten_c_kernels/results/aten_nll_loss_backward_cpu/debuf.mlir,2812,8,1,1,287.0897017419338,0,69384,20.882125943899155,2,2,0,0,"[{""body_indices"": [0], ""symbol"": ""memset_zero_2D_f32""}]",1,0,0,0.0,4
aten,aten_nll_loss_backward_cpu,/home/arjaiswal/Polygeist/issues/aten_c_kernels/results/aten_nll_loss_backward_cpu/debuf.mlir,f462679d0bd864b2a6a4d118e5b08b6e7dd40a6fa8b9f9bce84cd7c08b7a9c66,syntactic,3,ok,0,689.1644708812237,0,"[""/usr/bin/python3"", ""/home/arjaiswal/Polygeist/scripts/correctness/kernel_match_rewrite.py"", ""/home/arjaiswal/Polygeist/issues/aten_c_kernels/results/aten_nll_loss_backward_cpu/debuf.mlir"", ""--dry-run"", ""--matcher-mode"", ""syntactic"", ""--telemetry-json"", ""/home/arjaiswal/Polygeist/issues/equality_saturation_eval/campaign_20260908/aten-aten_nll_loss_backward_cpu-syntactic-ynmmso2k.json"", ""--disable-semantic-fallback""]","== match report for /home/arjaiswal/Polygeist/issues/aten_c_kernels/results/aten_nll_loss_backward_cpu/debuf.mlir ==
  match          body#[0]  memset_zero_2D_f32
  total: 1 matched / 1 bodies
",0,[],0,0,0,0,/home/arjaiswal/Polygeist/issues/aten_c_kernels/results/aten_nll_loss_backward_cpu/debuf.mlir,2812,0,1,1,264.986589550972,0,64664,0.01588091254234314,0,2,0,0,"[{""body_indices"": [0], ""symbol"": ""memset_zero_2D_f32""}]",1,0,4,0.0,4
aten,aten_nll_loss_backward_cpu,/home/arjaiswal/Polygeist/issues/aten_c_kernels/results/aten_nll_loss_backward_cpu/debuf.mlir,f462679d0bd864b2a6a4d118e5b08b6e7dd40a6fa8b9f9bce84cd7c08b7a9c66,syntactic,4,ok,0,773.0530835688114,0,"[""/usr/bin/python3"", ""/home/arjaiswal/Polygeist/scripts/correctness/kernel_match_rewrite.py"", ""/home/arjaiswal/Polygeist/issues/aten_c_kernels/results/aten_nll_loss_backward_cpu/debuf.mlir"", ""--dry-run"", ""--matcher-mode"", ""syntactic"", ""--telemetry-json"", ""/home/arjaiswal/Polygeist/issues/equality_saturation_eval/campaign_20260908/aten-aten_nll_loss_backward_cpu-syntactic-wjxu56qi.json"", ""--disable-semantic-fallback""]","== match report for /home/arjaiswal/Polygeist/issues/aten_c_kernels/results/aten_nll_loss_backward_cpu/debuf.mlir ==
  match          body#[0]  memset_zero_2D_f32
  total: 1 matched / 1 bodies
",0,[],0,0,0,0,/home/arjaiswal/Polygeist/issues/aten_c_kernels/results/aten_nll_loss_backward_cpu/debuf.mlir,2812,0,1,1,347.3568521440029,0,64728,0.026520341634750366,0,2,0,0,"[{""body_indices"": [0], ""symbol"": ""memset_zero_2D_f32""}]",1,0,4,0.0,4
aten,aten_nll_loss_backward_cpu,/home/arjaiswal/Polygeist/issues/aten_c_kernels/results/aten_nll_loss_backward_cpu/debuf.mlir,f462679d0bd864b2a6a4d118e5b08b6e7dd40a6fa8b9f9bce84cd7c08b7a9c66,egglog,4,ok,0,758.3190239965916,0,"[""/usr/bin/python3"", ""/home/arjaiswal/Polygeist/scripts/correctness/kernel_match_rewrite.py"", ""/home/arjaiswal/Polygeist/issues/aten_c_kernels/results/aten_nll_loss_backward_cpu/debuf.mlir"", ""--dry-run"", ""--matcher-mode"", ""egglog"", ""--telemetry-json"", ""/home/arjaiswal/Polygeist/issues/equality_saturation_eval/campaign_20260908/aten-aten_nll_loss_backward_cpu-egglog-7yoq9djn.json"", ""--disable-semantic-fallback""]","== match report for /home/arjaiswal/Polygeist/issues/aten_c_kernels/results/aten_nll_loss_backward_cpu/debuf.mlir ==
  match          body#[0]  memset_zero_2D_f32
  total: 1 matched / 1 bodies
",0,[],0,0,0,0,/home/arjaiswal/Polygeist/issues/aten_c_kernels/results/aten_nll_loss_backward_cpu/debuf.mlir,2812,8,1,1,312.8243014216423,0,69284,21.263692528009415,2,2,0,0,"[{""body_indices"": [0], ""symbol"": ""memset_zero_2D_f32""}]",1,0,0,0.0,4
aten,aten_nll_loss_backward_cpu,/home/arjaiswal/Polygeist/issues/aten_c_kernels/results/aten_nll_loss_backward_cpu/debuf.mlir,f462679d0bd864b2a6a4d118e5b08b6e7dd40a6fa8b9f9bce84cd7c08b7a9c66,egglog,5,ok,0,715.0534354150295,0,"[""/usr/bin/python3"", ""/home/arjaiswal/Polygeist/scripts/correctness/kernel_match_rewrite.py"", ""/home/arjaiswal/Polygeist/issues/aten_c_kernels/results/aten_nll_loss_backward_cpu/debuf.mlir"", ""--dry-run"", ""--matcher-mode"", ""egglog"", ""--telemetry-json"", ""/home/arjaiswal/Polygeist/issues/equality_saturation_eval/campaign_20260908/aten-aten_nll_loss_backward_cpu-egglog-q8ze7ngy.json"", ""--disable-semantic-fallback""]","== match report for /home/arjaiswal/Polygeist/issues/aten_c_kernels/results/aten_nll_loss_backward_cpu/debuf.mlir ==
  match          body#[0]  memset_zero_2D_f32
  total: 1 matched / 1 bodies
",0,[],0,0,0,0,/home/arjaiswal/Polygeist/issues/aten_c_kernels/results/aten_nll_loss_backward_cpu/debuf.mlir,2812,8,1,1,296.45324125885963,0,69540,23.043539375066757,2,2,0,0,"[{""body_indices"": [0], ""symbol"": ""memset_zero_2D_f32""}]",1,0,0,0.0,4
aten,aten_nll_loss_backward_cpu,/home/arjaiswal/Polygeist/issues/aten_c_kernels/results/aten_nll_loss_backward_cpu/debuf.mlir,f462679d0bd864b2a6a4d118e5b08b6e7dd40a6fa8b9f9bce84cd7c08b7a9c66,syntactic,5,ok,0,694.2960396409035,0,"[""/usr/bin/python3"", ""/home/arjaiswal/Polygeist/scripts/correctness/kernel_match_rewrite.py"", ""/home/arjaiswal/Polygeist/issues/aten_c_kernels/results/aten_nll_loss_backward_cpu/debuf.mlir"", ""--dry-run"", ""--matcher-mode"", ""syntactic"", ""--telemetry-json"", ""/home/arjaiswal/Polygeist/issues/equality_saturation_eval/campaign_20260908/aten-aten_nll_loss_backward_cpu-syntactic-yo0oc2e9.json"", ""--disable-semantic-fallback""]","== match report for /home/arjaiswal/Polygeist/issues/aten_c_kernels/results/aten_nll_loss_backward_cpu/debuf.mlir ==
  match          body#[0]  memset_zero_2D_f32
  total: 1 matched / 1 bodies
",0,[],0,0,0,0,/home/arjaiswal/Polygeist/issues/aten_c_kernels/results/aten_nll_loss_backward_cpu/debuf.mlir,2812,0,1,1,278.8184583187103,0,64980,0.017698854207992554,0,2,0,0,"[{""body_indices"": [0], ""symbol"": ""memset_zero_2D_f32""}]",1,0,4,0.0,4
aten,aten_nll_loss_forward_cpu,/home/arjaiswal/Polygeist/issues/aten_c_kernels/results/aten_nll_loss_forward_cpu/debuf.mlir,7c4b145ade77f851b4aa5b4525213394e829cad1a856e5833be5d8fa11034f54,syntactic,1,ok,0,654.182281345129,0,"[""/usr/bin/python3"", ""/home/arjaiswal/Polygeist/scripts/correctness/kernel_match_rewrite.py"", ""/home/arjaiswal/Polygeist/issues/aten_c_kernels/results/aten_nll_loss_forward_cpu/debuf.mlir"", ""--dry-run"", ""--matcher-mode"", ""syntactic"", ""--telemetry-json"", ""/home/arjaiswal/Polygeist/issues/equality_saturation_eval/campaign_20260908/aten-aten_nll_loss_forward_cpu-syntactic-bf3ahchy.json"", ""--disable-semantic-fallback""]","== match report for /home/arjaiswal/Polygeist/issues/aten_c_kernels/results/aten_nll_loss_forward_cpu/debuf.mlir ==
  total: 0 matched / 0 bodies
",0,[],0,0,0,0,/home/arjaiswal/Polygeist/issues/aten_c_kernels/results/aten_nll_loss_forward_cpu/debuf.mlir,2808,0,0,0,247.0758706331253,0,64620,0.0,0,0,0,0,[],0,0,0,0.0,0
aten,aten_nll_loss_forward_cpu,/home/arjaiswal/Polygeist/issues/aten_c_kernels/results/aten_nll_loss_forward_cpu/debuf.mlir,7c4b145ade77f851b4aa5b4525213394e829cad1a856e5833be5d8fa11034f54,egglog,1,ok,0,649.5557054877281,0,"[""/usr/bin/python3"", ""/home/arjaiswal/Polygeist/scripts/correctness/kernel_match_rewrite.py"", ""/home/arjaiswal/Polygeist/issues/aten_c_kernels/results/aten_nll_loss_forward_cpu/debuf.mlir"", ""--dry-run"", ""--matcher-mode"", ""egglog"", ""--telemetry-json"", ""/home/arjaiswal/Polygeist/issues/equality_saturation_eval/campaign_20260908/aten-aten_nll_loss_forward_cpu-egglog-83oneoti.json"", ""--disable-semantic-fallback""]","== match report for /home/arjaiswal/Polygeist/issues/aten_c_kernels/results/aten_nll_loss_forward_cpu/debuf.mlir ==
  total: 0 matched / 0 bodies
",0,[],0,0,0,0,/home/arjaiswal/Polygeist/issues/aten_c_kernels/results/aten_nll_loss_forward_cpu/debuf.mlir,2808,8,0,0,250.01097097992897,0,64816,0.0,0,0,0,0,[],0,0,0,0.0,0
aten,aten_nll_loss_forward_cpu,/home/arjaiswal/Polygeist/issues/aten_c_kernels/results/aten_nll_loss_forward_cpu/debuf.mlir,7c4b145ade77f851b4aa5b4525213394e829cad1a856e5833be5d8fa11034f54,egglog,2,ok,0,671.9434149563313,0,"[""/usr/bin/python3"", ""/home/arjaiswal/Polygeist/scripts/correctness/kernel_match_rewrite.py"", ""/home/arjaiswal/Polygeist/issues/aten_c_kernels/results/aten_nll_loss_forward_cpu/debuf.mlir"", ""--dry-run"", ""--matcher-mode"", ""egglog"", ""--telemetry-json"", ""/home/arjaiswal/Polygeist/issues/equality_saturation_eval/campaign_20260908/aten-aten_nll_loss_forward_cpu-egglog-yw4kn363.json"", ""--disable-semantic-fallback""]","== match report for /home/arjaiswal/Polygeist/issues/aten_c_kernels/results/aten_nll_loss_forward_cpu/debuf.mlir ==
  total: 0 matched / 0 bodies
",0,[],0,0,0,0,/home/arjaiswal/Polygeist/issues/aten_c_kernels/results/aten_nll_loss_forward_cpu/debuf.mlir,2808,8,0,0,262.4158188700676,0,64712,0.0,0,0,0,0,[],0,0,0,0.0,0
aten,aten_nll_loss_forward_cpu,/home/arjaiswal/Polygeist/issues/aten_c_kernels/results/aten_nll_loss_forward_cpu/debuf.mlir,7c4b145ade77f851b4aa5b4525213394e829cad1a856e5833be5d8fa11034f54,syntactic,2,ok,0,703.8069143891335,0,"[""/usr/bin/python3"", ""/home/arjaiswal/Polygeist/scripts/correctness/kernel_match_rewrite.py"", ""/home/arjaiswal/Polygeist/issues/aten_c_kernels/results/aten_nll_loss_forward_cpu/debuf.mlir"", ""--dry-run"", ""--matcher-mode"", ""syntactic"", ""--telemetry-json"", ""/home/arjaiswal/Polygeist/issues/equality_saturation_eval/campaign_20260908/aten-aten_nll_loss_forward_cpu-syntactic-0iaavyjm.json"", ""--disable-semantic-fallback""]","== match report for /home/arjaiswal/Polygeist/issues/aten_c_kernels/results/aten_nll_loss_forward_cpu/debuf.mlir ==
  total: 0 matched / 0 bodies
",0,[],0,0,0,0,/home/arjaiswal/Polygeist/issues/aten_c_kernels/results/aten_nll_loss_forward_cpu/debuf.mlir,2808,0,0,0,259.7760297358036,0,64532,0.0,0,0,0,0,[],0,0,0,0.0,0
aten,aten_nll_loss_forward_cpu,/home/arjaiswal/Polygeist/issues/aten_c_kernels/results/aten_nll_loss_forward_cpu/debuf.mlir,7c4b145ade77f851b4aa5b4525213394e829cad1a856e5833be5d8fa11034f54,syntactic,3,ok,0,713.5198824107647,0,"[""/usr/bin/python3"", ""/home/arjaiswal/Polygeist/scripts/correctness/kernel_match_rewrite.py"", ""/home/arjaiswal/Polygeist/issues/aten_c_kernels/results/aten_nll_loss_forward_cpu/debuf.mlir"", ""--dry-run"", ""--matcher-mode"", ""syntactic"", ""--telemetry-json"", ""/home/arjaiswal/Polygeist/issues/equality_saturation_eval/campaign_20260908/aten-aten_nll_loss_forward_cpu-syntactic-9j2hcf_4.json"", ""--disable-semantic-fallback""]","== match report for /home/arjaiswal/Polygeist/issues/aten_c_kernels/results/aten_nll_loss_forward_cpu/debuf.mlir ==
  total: 0 matched / 0 bodies
",0,[],0,0,0,0,/home/arjaiswal/Polygeist/issues/aten_c_kernels/results/aten_nll_loss_forward_cpu/debuf.mlir,2808,0,0,0,264.15812969207764,0,64668,0.0,0,0,0,0,[],0,0,0,0.0,0
aten,aten_nll_loss_forward_cpu,/home/arjaiswal/Polygeist/issues/aten_c_kernels/results/aten_nll_loss_forward_cpu/debuf.mlir,7c4b145ade77f851b4aa5b4525213394e829cad1a856e5833be5d8fa11034f54,egglog,3,ok,0,657.8730419278145,0,"[""/usr/bin/python3"", ""/home/arjaiswal/Polygeist/scripts/correctness/kernel_match_rewrite.py"", ""/home/arjaiswal/Polygeist/issues/aten_c_kernels/results/aten_nll_loss_forward_cpu/debuf.mlir"", ""--dry-run"", ""--matcher-mode"", ""egglog"", ""--telemetry-json"", ""/home/arjaiswal/Polygeist/issues/equality_saturation_eval/campaign_20260908/aten-aten_nll_loss_forward_cpu-egglog-lc22f_ck.json"", ""--disable-semantic-fallback""]","== match report for /home/arjaiswal/Polygeist/issues/aten_c_kernels/results/aten_nll_loss_forward_cpu/debuf.mlir ==
  total: 0 matched / 0 bodies
",0,[],0,0,0,0,/home/arjaiswal/Polygeist/issues/aten_c_kernels/results/aten_nll_loss_forward_cpu/debuf.mlir,2808,8,0,0,252.2302381694317,0,64752,0.0,0,0,0,0,[],0,0,0,0.0,0
aten,aten_nll_loss_forward_cpu,/home/arjaiswal/Polygeist/issues/aten_c_kernels/results/aten_nll_loss_forward_cpu/debuf.mlir,7c4b145ade77f851b4aa5b4525213394e829cad1a856e5833be5d8fa11034f54,egglog,4,ok,0,663.6663228273392,0,"[""/usr/bin/python3"", ""/home/arjaiswal/Polygeist/scripts/correctness/kernel_match_rewrite.py"", ""/home/arjaiswal/Polygeist/issues/aten_c_kernels/results/aten_nll_loss_forward_cpu/debuf.mlir"", ""--dry-run"", ""--matcher-mode"", ""egglog"", ""--telemetry-json"", ""/home/arjaiswal/Polygeist/issues/equality_saturation_eval/campaign_20260908/aten-aten_nll_loss_forward_cpu-egglog-9h_rw705.json"", ""--disable-semantic-fallback""]","== match report for /home/arjaiswal/Polygeist/issues/aten_c_kernels/results/aten_nll_loss_forward_cpu/debuf.mlir ==
  total: 0 matched / 0 bodies
",0,[],0,0,0,0,/home/arjaiswal/Polygeist/issues/aten_c_kernels/results/aten_nll_loss_forward_cpu/debuf.mlir,2808,8,0,0,248.74205887317657,0,64884,0.0,0,0,0,0,[],0,0,0,0.0,0
aten,aten_nll_loss_forward_cpu,/home/arjaiswal/Polygeist/issues/aten_c_kernels/results/aten_nll_loss_forward_cpu/debuf.mlir,7c4b145ade77f851b4aa5b4525213394e829cad1a856e5833be5d8fa11034f54,syntactic,4,ok,0,686.9010925292969,0,"[""/usr/bin/python3"", ""/home/arjaiswal/Polygeist/scripts/correctness/kernel_match_rewrite.py"", ""/home/arjaiswal/Polygeist/issues/aten_c_kernels/results/aten_nll_loss_forward_cpu/debuf.mlir"", ""--dry-run"", ""--matcher-mode"", ""syntactic"", ""--telemetry-json"", ""/home/arjaiswal/Polygeist/issues/equality_saturation_eval/campaign_20260908/aten-aten_nll_loss_forward_cpu-syntactic-_8gjhusm.json"", ""--disable-semantic-fallback""]","== match report for /home/arjaiswal/Polygeist/issues/aten_c_kernels/results/aten_nll_loss_forward_cpu/debuf.mlir ==
  total: 0 matched / 0 bodies
",0,[],0,0,0,0,/home/arjaiswal/Polygeist/issues/aten_c_kernels/results/aten_nll_loss_forward_cpu/debuf.mlir,2808,0,0,0,265.0349698960781,0,64728,0.0,0,0,0,0,[],0,0,0,0.0,0
aten,aten_nll_loss_forward_cpu,/home/arjaiswal/Polygeist/issues/aten_c_kernels/results/aten_nll_loss_forward_cpu/debuf.mlir,7c4b145ade77f851b4aa5b4525213394e829cad1a856e5833be5d8fa11034f54,syntactic,5,ok,0,659.1763831675053,0,"[""/usr/bin/python3"", ""/home/arjaiswal/Polygeist/scripts/correctness/kernel_match_rewrite.py"", ""/home/arjaiswal/Polygeist/issues/aten_c_kernels/results/aten_nll_loss_forward_cpu/debuf.mlir"", ""--dry-run"", ""--matcher-mode"", ""syntactic"", ""--telemetry-json"", ""/home/arjaiswal/Polygeist/issues/equality_saturation_eval/campaign_20260908/aten-aten_nll_loss_forward_cpu-syntactic-bopid4hr.json"", ""--disable-semantic-fallback""]","== match report for /home/arjaiswal/Polygeist/issues/aten_c_kernels/results/aten_nll_loss_forward_cpu/debuf.mlir ==
  total: 0 matched / 0 bodies
",0,[],0,0,0,0,/home/arjaiswal/Polygeist/issues/aten_c_kernels/results/aten_nll_loss_forward_cpu/debuf.mlir,2808,0,0,0,249.97317790985107,0,64488,0.0,0,0,0,0,[],0,0,0,0.0,0
aten,aten_nll_loss_forward_cpu,/home/arjaiswal/Polygeist/issues/aten_c_kernels/results/aten_nll_loss_forward_cpu/debuf.mlir,7c4b145ade77f851b4aa5b4525213394e829cad1a856e5833be5d8fa11034f54,egglog,5,ok,0,680.6568428874016,0,"[""/usr/bin/python3"", ""/home/arjaiswal/Polygeist/scripts/correctness/kernel_match_rewrite.py"", ""/home/arjaiswal/Polygeist/issues/aten_c_kernels/results/aten_nll_loss_forward_cpu/debuf.mlir"", ""--dry-run"", ""--matcher-mode"", ""egglog"", ""--telemetry-json"", ""/home/arjaiswal/Polygeist/issues/equality_saturation_eval/campaign_20260908/aten-aten_nll_loss_forward_cpu-egglog-n4do2lbs.json"", ""--disable-semantic-fallback""]","== match report for /home/arjaiswal/Polygeist/issues/aten_c_kernels/results/aten_nll_loss_forward_cpu/debuf.mlir ==
  total: 0 matched / 0 bodies
",0,[],0,0,0,0,/home/arjaiswal/Polygeist/issues/aten_c_kernels/results/aten_nll_loss_forward_cpu/debuf.mlir,2808,8,0,0,252.6458501815796,0,64552,0.0,0,0,0,0,[],0,0,0,0.0,0
aten,aten_nonzero_out_cpu,/home/arjaiswal/Polygeist/issues/aten_c_kernels/results/aten_nonzero_out_cpu/debuf.mlir,5d0e6d612b487b594ceb22a569383c3db32a0923488ece7f09cb0d4aacf1cec2,egglog,1,ok,0,693.8793137669563,0,"[""/usr/bin/python3"", ""/home/arjaiswal/Polygeist/scripts/correctness/kernel_match_rewrite.py"", ""/home/arjaiswal/Polygeist/issues/aten_c_kernels/results/aten_nonzero_out_cpu/debuf.mlir"", ""--dry-run"", ""--matcher-mode"", ""egglog"", ""--telemetry-json"", ""/home/arjaiswal/Polygeist/issues/equality_saturation_eval/campaign_20260908/aten-aten_nonzero_out_cpu-egglog-w5_ijkgl.json"", ""--disable-semantic-fallback""]","== match report for /home/arjaiswal/Polygeist/issues/aten_c_kernels/results/aten_nonzero_out_cpu/debuf.mlir ==
  total: 0 matched / 0 bodies
",0,[],0,0,0,0,/home/arjaiswal/Polygeist/issues/aten_c_kernels/results/aten_nonzero_out_cpu/debuf.mlir,3442,8,0,0,255.62070682644844,0,64724,0.0,0,0,0,0,[],0,0,0,0.0,0
aten,aten_nonzero_out_cpu,/home/arjaiswal/Polygeist/issues/aten_c_kernels/results/aten_nonzero_out_cpu/debuf.mlir,5d0e6d612b487b594ceb22a569383c3db32a0923488ece7f09cb0d4aacf1cec2,syntactic,1,ok,0,685.502115637064,0,"[""/usr/bin/python3"", ""/home/arjaiswal/Polygeist/scripts/correctness/kernel_match_rewrite.py"", ""/home/arjaiswal/Polygeist/issues/aten_c_kernels/results/aten_nonzero_out_cpu/debuf.mlir"", ""--dry-run"", ""--matcher-mode"", ""syntactic"", ""--telemetry-json"", ""/home/arjaiswal/Polygeist/issues/equality_saturation_eval/campaign_20260908/aten-aten_nonzero_out_cpu-syntactic-2i8qo5sn.json"", ""--disable-semantic-fallback""]","== match report for /home/arjaiswal/Polygeist/issues/aten_c_kernels/results/aten_nonzero_out_cpu/debuf.mlir ==
  total: 0 matched / 0 bodies
",0,[],0,0,0,0,/home/arjaiswal/Polygeist/issues/aten_c_kernels/results/aten_nonzero_out_cpu/debuf.mlir,3442,0,0,0,268.4002295136452,0,64740,0.0,0,0,0,0,[],0,0,0,0.0,0
aten,aten_nonzero_out_cpu,/home/arjaiswal/Polygeist/issues/aten_c_kernels/results/aten_nonzero_out_cpu/debuf.mlir,5d0e6d612b487b594ceb22a569383c3db32a0923488ece7f09cb0d4aacf1cec2,syntactic,2,ok,0,727.0807921886444,0,"[""/usr/bin/python3"", ""/home/arjaiswal/Polygeist/scripts/correctness/kernel_match_rewrite.py"", ""/home/arjaiswal/Polygeist/issues/aten_c_kernels/results/aten_nonzero_out_cpu/debuf.mlir"", ""--dry-run"", ""--matcher-mode"", ""syntactic"", ""--telemetry-json"", ""/home/arjaiswal/Polygeist/issues/equality_saturation_eval/campaign_20260908/aten-aten_nonzero_out_cpu-syntactic-8et9690m.json"", ""--disable-semantic-fallback""]","== match report for /home/arjaiswal/Polygeist/issues/aten_c_kernels/results/aten_nonzero_out_cpu/debuf.mlir ==
  total: 0 matched / 0 bodies
",0,[],0,0,0,0,/home/arjaiswal/Polygeist/issues/aten_c_kernels/results/aten_nonzero_out_cpu/debuf.mlir,3442,0,0,0,256.0870684683323,0,64664,0.0,0,0,0,0,[],0,0,0,0.0,0
aten,aten_nonzero_out_cpu,/home/arjaiswal/Polygeist/issues/aten_c_kernels/results/aten_nonzero_out_cpu/debuf.mlir,5d0e6d612b487b594ceb22a569383c3db32a0923488ece7f09cb0d4aacf1cec2,egglog,2,ok,0,678.7729114294052,0,"[""/usr/bin/python3"", ""/home/arjaiswal/Polygeist/scripts/correctness/kernel_match_rewrite.py"", ""/home/arjaiswal/Polygeist/issues/aten_c_kernels/results/aten_nonzero_out_cpu/debuf.mlir"", ""--dry-run"", ""--matcher-mode"", ""egglog"", ""--telemetry-json"", ""/home/arjaiswal/Polygeist/issues/equality_saturation_eval/campaign_20260908/aten-aten_nonzero_out_cpu-egglog-_uob63lc.json"", ""--disable-semantic-fallback""]","== match report for /home/arjaiswal/Polygeist/issues/aten_c_kernels/results/aten_nonzero_out_cpu/debuf.mlir ==
  total: 0 matched / 0 bodies
",0,[],0,0,0,0,/home/arjaiswal/Polygeist/issues/aten_c_kernels/results/aten_nonzero_out_cpu/debuf.mlir,3442,8,0,0,254.6381726861,0,64848,0.0,0,0,0,0,[],0,0,0,0.0,0
aten,aten_nonzero_out_cpu,/home/arjaiswal/Polygeist/issues/aten_c_kernels/results/aten_nonzero_out_cpu/debuf.mlir,5d0e6d612b487b594ceb22a569383c3db32a0923488ece7f09cb0d4aacf1cec2,egglog,3,ok,0,692.0667216181755,0,"[""/usr/bin/python3"", ""/home/arjaiswal/Polygeist/scripts/correctness/kernel_match_rewrite.py"", ""/home/arjaiswal/Polygeist/issues/aten_c_kernels/results/aten_nonzero_out_cpu/debuf.mlir"", ""--dry-run"", ""--matcher-mode"", ""egglog"", ""--telemetry-json"", ""/home/arjaiswal/Polygeist/issues/equality_saturation_eval/campaign_20260908/aten-aten_nonzero_out_cpu-egglog-ldp1g43h.json"", ""--disable-semantic-fallback""]","== match report for /home/arjaiswal/Polygeist/issues/aten_c_kernels/results/aten_nonzero_out_cpu/debuf.mlir ==
  total: 0 matched / 0 bodies
",0,[],0,0,0,0,/home/arjaiswal/Polygeist/issues/aten_c_kernels/results/aten_nonzero_out_cpu/debuf.mlir,3442,8,0,0,280.5989310145378,0,64452,0.0,0,0,0,0,[],0,0,0,0.0,0
aten,aten_nonzero_out_cpu,/home/arjaiswal/Polygeist/issues/aten_c_kernels/results/aten_nonzero_out_cpu/debuf.mlir,5d0e6d612b487b594ceb22a569383c3db32a0923488ece7f09cb0d4aacf1cec2,syntactic,3,ok,0,733.3433851599693,0,"[""/usr/bin/python3"", ""/home/arjaiswal/Polygeist/scripts/correctness/kernel_match_rewrite.py"", ""/home/arjaiswal/Polygeist/issues/aten_c_kernels/results/aten_nonzero_out_cpu/debuf.mlir"", ""--dry-run"", ""--matcher-mode"", ""syntactic"", ""--telemetry-json"", ""/home/arjaiswal/Polygeist/issues/equality_saturation_eval/campaign_20260908/aten-aten_nonzero_out_cpu-syntactic-hy917g9i.json"", ""--disable-semantic-fallback""]","== match report for /home/arjaiswal/Polygeist/issues/aten_c_kernels/results/aten_nonzero_out_cpu/debuf.mlir ==
  total: 0 matched / 0 bodies
",0,[],0,0,0,0,/home/arjaiswal/Polygeist/issues/aten_c_kernels/results/aten_nonzero_out_cpu/debuf.mlir,3442,0,0,0,256.8839266896248,0,64672,0.0,0,0,0,0,[],0,0,0,0.0,0
aten,aten_nonzero_out_cpu,/home/arjaiswal/Polygeist/issues/aten_c_kernels/results/aten_nonzero_out_cpu/debuf.mlir,5d0e6d612b487b594ceb22a569383c3db32a0923488ece7f09cb0d4aacf1cec2,syntactic,4,ok,0,677.7610331773758,0,"[""/usr/bin/python3"", ""/home/arjaiswal/Polygeist/scripts/correctness/kernel_match_rewrite.py"", ""/home/arjaiswal/Polygeist/issues/aten_c_kernels/results/aten_nonzero_out_cpu/debuf.mlir"", ""--dry-run"", ""--matcher-mode"", ""syntactic"", ""--telemetry-json"", ""/home/arjaiswal/Polygeist/issues/equality_saturation_eval/campaign_20260908/aten-aten_nonzero_out_cpu-syntactic-05wbzl28.json"", ""--disable-semantic-fallback""]","== match report for /home/arjaiswal/Polygeist/issues/aten_c_kernels/results/aten_nonzero_out_cpu/debuf.mlir ==
  total: 0 matched / 0 bodies
",0,[],0,0,0,0,/home/arjaiswal/Polygeist/issues/aten_c_kernels/results/aten_nonzero_out_cpu/debuf.mlir,3442,0,0,0,257.8359991312027,0,64864,0.0,0,0,0,0,[],0,0,0,0.0,0
aten,aten_nonzero_out_cpu,/home/arjaiswal/Polygeist/issues/aten_c_kernels/results/aten_nonzero_out_cpu/debuf.mlir,5d0e6d612b487b594ceb22a569383c3db32a0923488ece7f09cb0d4aacf1cec2,egglog,4,ok,0,739.2545267939568,0,"[""/usr/bin/python3"", ""/home/arjaiswal/Polygeist/scripts/correctness/kernel_match_rewrite.py"", ""/home/arjaiswal/Polygeist/issues/aten_c_kernels/results/aten_nonzero_out_cpu/debuf.mlir"", ""--dry-run"", ""--matcher-mode"", ""egglog"", ""--telemetry-json"", ""/home/arjaiswal/Polygeist/issues/equality_saturation_eval/campaign_20260908/aten-aten_nonzero_out_cpu-egglog-qs5fjjer.json"", ""--disable-semantic-fallback""]","== match report for /home/arjaiswal/Polygeist/issues/aten_c_kernels/results/aten_nonzero_out_cpu/debuf.mlir ==
  total: 0 matched / 0 bodies
",0,[],0,0,0,0,/home/arjaiswal/Polygeist/issues/aten_c_kernels/results/aten_nonzero_out_cpu/debuf.mlir,3442,8,0,0,265.40716364979744,0,64636,0.0,0,0,0,0,[],0,0,0,0.0,0
aten,aten_nonzero_out_cpu,/home/arjaiswal/Polygeist/issues/aten_c_kernels/results/aten_nonzero_out_cpu/debuf.mlir,5d0e6d612b487b594ceb22a569383c3db32a0923488ece7f09cb0d4aacf1cec2,egglog,5,ok,0,698.815256357193,0,"[""/usr/bin/python3"", ""/home/arjaiswal/Polygeist/scripts/correctness/kernel_match_rewrite.py"", ""/home/arjaiswal/Polygeist/issues/aten_c_kernels/results/aten_nonzero_out_cpu/debuf.mlir"", ""--dry-run"", ""--matcher-mode"", ""egglog"", ""--telemetry-json"", ""/home/arjaiswal/Polygeist/issues/equality_saturation_eval/campaign_20260908/aten-aten_nonzero_out_cpu-egglog-yggehhfh.json"", ""--disable-semantic-fallback""]","== match report for /home/arjaiswal/Polygeist/issues/aten_c_kernels/results/aten_nonzero_out_cpu/debuf.mlir ==
  total: 0 matched / 0 bodies
",0,[],0,0,0,0,/home/arjaiswal/Polygeist/issues/aten_c_kernels/results/aten_nonzero_out_cpu/debuf.mlir,3442,8,0,0,266.9193372130394,0,64572,0.0,0,0,0,0,[],0,0,0,0.0,0
aten,aten_nonzero_out_cpu,/home/arjaiswal/Polygeist/issues/aten_c_kernels/results/aten_nonzero_out_cpu/debuf.mlir,5d0e6d612b487b594ceb22a569383c3db32a0923488ece7f09cb0d4aacf1cec2,syntactic,5,ok,0,696.7908963561058,0,"[""/usr/bin/python3"", ""/home/arjaiswal/Polygeist/scripts/correctness/kernel_match_rewrite.py"", ""/home/arjaiswal/Polygeist/issues/aten_c_kernels/results/aten_nonzero_out_cpu/debuf.mlir"", ""--dry-run"", ""--matcher-mode"", ""syntactic"", ""--telemetry-json"", ""/home/arjaiswal/Polygeist/issues/equality_saturation_eval/campaign_20260908/aten-aten_nonzero_out_cpu-syntactic-ry2e3_o_.json"", ""--disable-semantic-fallback""]","== match report for /home/arjaiswal/Polygeist/issues/aten_c_kernels/results/aten_nonzero_out_cpu/debuf.mlir ==
  total: 0 matched / 0 bodies
",0,[],0,0,0,0,/home/arjaiswal/Polygeist/issues/aten_c_kernels/results/aten_nonzero_out_cpu/debuf.mlir,3442,0,0,0,273.4992429614067,0,64672,0.0,0,0,0,0,[],0,0,0,0.0,0
aten,aten_norm_cpu,/home/arjaiswal/Polygeist/issues/aten_c_kernels/results/aten_norm_cpu/debuf.mlir,e27b53a2a3b98357de03156409fc39ababf29da983e5e5ea463b8e5a5d8fd44e,syntactic,1,ok,0,867.0534007251263,0,"[""/usr/bin/python3"", ""/home/arjaiswal/Polygeist/scripts/correctness/kernel_match_rewrite.py"", ""/home/arjaiswal/Polygeist/issues/aten_c_kernels/results/aten_norm_cpu/debuf.mlir"", ""--dry-run"", ""--matcher-mode"", ""syntactic"", ""--telemetry-json"", ""/home/arjaiswal/Polygeist/issues/equality_saturation_eval/campaign_20260908/aten-aten_norm_cpu-syntactic-oj6_b6m6.json"", ""--disable-semantic-fallback""]","== match report for /home/arjaiswal/Polygeist/issues/aten_c_kernels/results/aten_norm_cpu/debuf.mlir ==
  match          body#[0]  memset_zero_1D_f32
  no_match       body#1  ?
  match          body#[2]  cutensorUnary_sqrt_f32
  total: 2 matched / 3 bodies
",0,[],0,0,0,0,/home/arjaiswal/Polygeist/issues/aten_c_kernels/results/aten_norm_cpu/debuf.mlir,2914,0,3,2,418.3172471821308,1,65416,0.20205974578857422,0,24,0,0,"[{""body_indices"": [0], ""symbol"": ""memset_zero_1D_f32""}, {""body_indices"": [2], ""symbol"": ""cutensorUnary_sqrt_f32""}]",2,0,68,0.0,68
aten,aten_norm_cpu,/home/arjaiswal/Polygeist/issues/aten_c_kernels/results/aten_norm_cpu/debuf.mlir,e27b53a2a3b98357de03156409fc39ababf29da983e5e5ea463b8e5a5d8fd44e,egglog,1,ok,0,1086.319763213396,0,"[""/usr/bin/python3"", ""/home/arjaiswal/Polygeist/scripts/correctness/kernel_match_rewrite.py"", ""/home/arjaiswal/Polygeist/issues/aten_c_kernels/results/aten_norm_cpu/debuf.mlir"", ""--dry-run"", ""--matcher-mode"", ""egglog"", ""--telemetry-json"", ""/home/arjaiswal/Polygeist/issues/equality_saturation_eval/campaign_20260908/aten-aten_norm_cpu-egglog-cg4xbuke.json"", ""--disable-semantic-fallback""]","== match report for /home/arjaiswal/Polygeist/issues/aten_c_kernels/results/aten_norm_cpu/debuf.mlir ==
  match          body#[0]  memset_zero_1D_f32
  no_match       body#1  ?
  match          body#[2]  cutensorUnary_sqrt_f32
  total: 2 matched / 3 bodies
",0,[],0,0,0,0,/home/arjaiswal/Polygeist/issues/aten_c_kernels/results/aten_norm_cpu/debuf.mlir,2914,8,3,2,672.9415021836758,1,70000,234.23850536346436,24,24,0,0,"[{""body_indices"": [0], ""symbol"": ""memset_zero_1D_f32""}, {""body_indices"": [2], ""symbol"": ""cutensorUnary_sqrt_f32""}]",2,0,0,0.0,68
aten,aten_norm_cpu,/home/arjaiswal/Polygeist/issues/aten_c_kernels/results/aten_norm_cpu/debuf.mlir,e27b53a2a3b98357de03156409fc39ababf29da983e5e5ea463b8e5a5d8fd44e,egglog,2,ok,0,1099.2395356297493,0,"[""/usr/bin/python3"", ""/home/arjaiswal/Polygeist/scripts/correctness/kernel_match_rewrite.py"", ""/home/arjaiswal/Polygeist/issues/aten_c_kernels/results/aten_norm_cpu/debuf.mlir"", ""--dry-run"", ""--matcher-mode"", ""egglog"", ""--telemetry-json"", ""/home/arjaiswal/Polygeist/issues/equality_saturation_eval/campaign_20260908/aten-aten_norm_cpu-egglog-9b1lisug.json"", ""--disable-semantic-fallback""]","== match report for /home/arjaiswal/Polygeist/issues/aten_c_kernels/results/aten_norm_cpu/debuf.mlir ==
  match          body#[0]  memset_zero_1D_f32
  no_match       body#1  ?
  match          body#[2]  cutensorUnary_sqrt_f32
  total: 2 matched / 3 bodies
",0,[],0,0,0,0,/home/arjaiswal/Polygeist/issues/aten_c_kernels/results/aten_norm_cpu/debuf.mlir,2914,8,3,2,679.3091110885143,1,69948,243.51945891976357,24,24,0,0,"[{""body_indices"": [0], ""symbol"": ""memset_zero_1D_f32""}, {""body_indices"": [2], ""symbol"": ""cutensorUnary_sqrt_f32""}]",2,0,0,0.0,68
aten,aten_norm_cpu,/home/arjaiswal/Polygeist/issues/aten_c_kernels/results/aten_norm_cpu/debuf.mlir,e27b53a2a3b98357de03156409fc39ababf29da983e5e5ea463b8e5a5d8fd44e,syntactic,2,ok,0,915.1951335370541,0,"[""/usr/bin/python3"", ""/home/arjaiswal/Polygeist/scripts/correctness/kernel_match_rewrite.py"", ""/home/arjaiswal/Polygeist/issues/aten_c_kernels/results/aten_norm_cpu/debuf.mlir"", ""--dry-run"", ""--matcher-mode"", ""syntactic"", ""--telemetry-json"", ""/home/arjaiswal/Polygeist/issues/equality_saturation_eval/campaign_20260908/aten-aten_norm_cpu-syntactic-k6oevkt4.json"", ""--disable-semantic-fallback""]","== match report for /home/arjaiswal/Polygeist/issues/aten_c_kernels/results/aten_norm_cpu/debuf.mlir ==
  match          body#[0]  memset_zero_1D_f32
  no_match       body#1  ?
  match          body#[2]  cutensorUnary_sqrt_f32
  total: 2 matched / 3 bodies
",0,[],0,0,0,0,/home/arjaiswal/Polygeist/issues/aten_c_kernels/results/aten_norm_cpu/debuf.mlir,2914,0,3,2,421.00029066205025,1,65560,0.1956745982170105,0,24,0,0,"[{""body_indices"": [0], ""symbol"": ""memset_zero_1D_f32""}, {""body_indices"": [2], ""symbol"": ""cutensorUnary_sqrt_f32""}]",2,0,68,0.0,68
aten,aten_norm_cpu,/home/arjaiswal/Polygeist/issues/aten_c_kernels/results/aten_norm_cpu/debuf.mlir,e27b53a2a3b98357de03156409fc39ababf29da983e5e5ea463b8e5a5d8fd44e,syntactic,3,ok,0,872.9284219443798,0,"[""/usr/bin/python3"", ""/home/arjaiswal/Polygeist/scripts/correctness/kernel_match_rewrite.py"", ""/home/arjaiswal/Polygeist/issues/aten_c_kernels/results/aten_norm_cpu/debuf.mlir"", ""--dry-run"", ""--matcher-mode"", ""syntactic"", ""--telemetry-json"", ""/home/arjaiswal/Polygeist/issues/equality_saturation_eval/campaign_20260908/aten-aten_norm_cpu-syntactic-a0pp9wsf.json"", ""--disable-semantic-fallback""]","== match report for /home/arjaiswal/Polygeist/issues/aten_c_kernels/results/aten_norm_cpu/debuf.mlir ==
  match          body#[0]  memset_zero_1D_f32
  no_match       body#1  ?
  match          body#[2]  cutensorUnary_sqrt_f32
  total: 2 matched / 3 bodies
",0,[],0,0,0,0,/home/arjaiswal/Polygeist/issues/aten_c_kernels/results/aten_norm_cpu/debuf.mlir,2914,0,3,2,434.1854862868786,1,65708,0.2030208706855774,0,24,0,0,"[{""body_indices"": [0], ""symbol"": ""memset_zero_1D_f32""}, {""body_indices"": [2], ""symbol"": ""cutensorUnary_sqrt_f32""}]",2,0,68,0.0,68
aten,aten_norm_cpu,/home/arjaiswal/Polygeist/issues/aten_c_kernels/results/aten_norm_cpu/debuf.mlir,e27b53a2a3b98357de03156409fc39ababf29da983e5e5ea463b8e5a5d8fd44e,egglog,3,ok,0,1168.9013913273811,0,"[""/usr/bin/python3"", ""/home/arjaiswal/Polygeist/scripts/correctness/kernel_match_rewrite.py"", ""/home/arjaiswal/Polygeist/issues/aten_c_kernels/results/aten_norm_cpu/debuf.mlir"", ""--dry-run"", ""--matcher-mode"", ""egglog"", ""--telemetry-json"", ""/home/arjaiswal/Polygeist/issues/equality_saturation_eval/campaign_20260908/aten-aten_norm_cpu-egglog-6uyysfwb.json"", ""--disable-semantic-fallback""]","== match report for /home/arjaiswal/Polygeist/issues/aten_c_kernels/results/aten_norm_cpu/debuf.mlir ==
  match          body#[0]  memset_zero_1D_f32
  no_match       body#1  ?
  match          body#[2]  cutensorUnary_sqrt_f32
  total: 2 matched / 3 bodies
",0,[],0,0,0,0,/home/arjaiswal/Polygeist/issues/aten_c_kernels/results/aten_norm_cpu/debuf.mlir,2914,8,3,2,738.2485158741474,1,69968,259.7247064113617,24,24,0,0,"[{""body_indices"": [0], ""symbol"": ""memset_zero_1D_f32""}, {""body_indices"": [2], ""symbol"": ""cutensorUnary_sqrt_f32""}]",2,0,0,0.0,68
aten,aten_norm_cpu,/home/arjaiswal/Polygeist/issues/aten_c_kernels/results/aten_norm_cpu/debuf.mlir,e27b53a2a3b98357de03156409fc39ababf29da983e5e5ea463b8e5a5d8fd44e,egglog,4,ok,0,1219.9521660804749,0,"[""/usr/bin/python3"", ""/home/arjaiswal/Polygeist/scripts/correctness/kernel_match_rewrite.py"", ""/home/arjaiswal/Polygeist/issues/aten_c_kernels/results/aten_norm_cpu/debuf.mlir"", ""--dry-run"", ""--matcher-mode"", ""egglog"", ""--telemetry-json"", ""/home/arjaiswal/Polygeist/issues/equality_saturation_eval/campaign_20260908/aten-aten_norm_cpu-egglog-sr2kypyo.json"", ""--disable-semantic-fallback""]","== match report for /home/arjaiswal/Polygeist/issues/aten_c_kernels/results/aten_norm_cpu/debuf.mlir ==
  match          body#[0]  memset_zero_1D_f32
  no_match       body#1  ?
  match          body#[2]  cutensorUnary_sqrt_f32
  total: 2 matched / 3 bodies
",0,[],0,0,0,0,/home/arjaiswal/Polygeist/issues/aten_c_kernels/results/aten_norm_cpu/debuf.mlir,2914,8,3,2,764.5581141114235,1,70056,279.2758010327816,24,24,0,0,"[{""body_indices"": [0], ""symbol"": ""memset_zero_1D_f32""}, {""body_indices"": [2], ""symbol"": ""cutensorUnary_sqrt_f32""}]",2,0,0,0.0,68
aten,aten_norm_cpu,/home/arjaiswal/Polygeist/issues/aten_c_kernels/results/aten_norm_cpu/debuf.mlir,e27b53a2a3b98357de03156409fc39ababf29da983e5e5ea463b8e5a5d8fd44e,syntactic,4,ok,0,919.524323195219,0,"[""/usr/bin/python3"", ""/home/arjaiswal/Polygeist/scripts/correctness/kernel_match_rewrite.py"", ""/home/arjaiswal/Polygeist/issues/aten_c_kernels/results/aten_norm_cpu/debuf.mlir"", ""--dry-run"", ""--matcher-mode"", ""syntactic"", ""--telemetry-json"", ""/home/arjaiswal/Polygeist/issues/equality_saturation_eval/campaign_20260908/aten-aten_norm_cpu-syntactic-rk5q0yur.json"", ""--disable-semantic-fallback""]","== match report for /home/arjaiswal/Polygeist/issues/aten_c_kernels/results/aten_norm_cpu/debuf.mlir ==
  match          body#[0]  memset_zero_1D_f32
  no_match       body#1  ?
  match          body#[2]  cutensorUnary_sqrt_f32
  total: 2 matched / 3 bodies
",0,[],0,0,0,0,/home/arjaiswal/Polygeist/issues/aten_c_kernels/results/aten_norm_cpu/debuf.mlir,2914,0,3,2,475.81954672932625,1,65408,0.2190619707107544,0,24,0,0,"[{""body_indices"": [0], ""symbol"": ""memset_zero_1D_f32""}, {""body_indices"": [2], ""symbol"": ""cutensorUnary_sqrt_f32""}]",2,0,68,0.0,68
aten,aten_norm_cpu,/home/arjaiswal/Polygeist/issues/aten_c_kernels/results/aten_norm_cpu/debuf.mlir,e27b53a2a3b98357de03156409fc39ababf29da983e5e5ea463b8e5a5d8fd44e,syntactic,5,ok,0,885.1782418787479,0,"[""/usr/bin/python3"", ""/home/arjaiswal/Polygeist/scripts/correctness/kernel_match_rewrite.py"", ""/home/arjaiswal/Polygeist/issues/aten_c_kernels/results/aten_norm_cpu/debuf.mlir"", ""--dry-run"", ""--matcher-mode"", ""syntactic"", ""--telemetry-json"", ""/home/arjaiswal/Polygeist/issues/equality_saturation_eval/campaign_20260908/aten-aten_norm_cpu-syntactic-8im407k6.json"", ""--disable-semantic-fallback""]","== match report for /home/arjaiswal/Polygeist/issues/aten_c_kernels/results/aten_norm_cpu/debuf.mlir ==
  match          body#[0]  memset_zero_1D_f32
  no_match       body#1  ?
  match          body#[2]  cutensorUnary_sqrt_f32
  total: 2 matched / 3 bodies
",0,[],0,0,0,0,/home/arjaiswal/Polygeist/issues/aten_c_kernels/results/aten_norm_cpu/debuf.mlir,2914,0,3,2,428.33608016371727,1,65488,0.2117156982421875,0,24,0,0,"[{""body_indices"": [0], ""symbol"": ""memset_zero_1D_f32""}, {""body_indices"": [2], ""symbol"": ""cutensorUnary_sqrt_f32""}]",2,0,68,0.0,68
aten,aten_norm_cpu,/home/arjaiswal/Polygeist/issues/aten_c_kernels/results/aten_norm_cpu/debuf.mlir,e27b53a2a3b98357de03156409fc39ababf29da983e5e5ea463b8e5a5d8fd44e,egglog,5,ok,0,1155.1394499838352,0,"[""/usr/bin/python3"", ""/home/arjaiswal/Polygeist/scripts/correctness/kernel_match_rewrite.py"", ""/home/arjaiswal/Polygeist/issues/aten_c_kernels/results/aten_norm_cpu/debuf.mlir"", ""--dry-run"", ""--matcher-mode"", ""egglog"", ""--telemetry-json"", ""/home/arjaiswal/Polygeist/issues/equality_saturation_eval/campaign_20260908/aten-aten_norm_cpu-egglog-92rae7tk.json"", ""--disable-semantic-fallback""]","== match report for /home/arjaiswal/Polygeist/issues/aten_c_kernels/results/aten_norm_cpu/debuf.mlir ==
  match          body#[0]  memset_zero_1D_f32
  no_match       body#1  ?
  match          body#[2]  cutensorUnary_sqrt_f32
  total: 2 matched / 3 bodies
",0,[],0,0,0,0,/home/arjaiswal/Polygeist/issues/aten_c_kernels/results/aten_norm_cpu/debuf.mlir,2914,8,3,2,716.3940854370594,1,69996,246.1535707116127,24,24,0,0,"[{""body_indices"": [0], ""symbol"": ""memset_zero_1D_f32""}, {""body_indices"": [2], ""symbol"": ""cutensorUnary_sqrt_f32""}]",2,0,0,0.0,68
aten,aten_normal_cpu,/home/arjaiswal/Polygeist/issues/aten_c_kernels/results/aten_normal_cpu/debuf.mlir,716794b77ad1b5c638b9e869ab3f207b4b67e1a98075442686f8f8eb669cd76f,egglog,1,ok,0,910.7103832066059,0,"[""/usr/bin/python3"", ""/home/arjaiswal/Polygeist/scripts/correctness/kernel_match_rewrite.py"", ""/home/arjaiswal/Polygeist/issues/aten_c_kernels/results/aten_normal_cpu/debuf.mlir"", ""--dry-run"", ""--matcher-mode"", ""egglog"", ""--telemetry-json"", ""/home/arjaiswal/Polygeist/issues/equality_saturation_eval/campaign_20260908/aten-aten_normal_cpu-egglog-wr07u4d7.json"", ""--disable-semantic-fallback""]","== match report for /home/arjaiswal/Polygeist/issues/aten_c_kernels/results/aten_normal_cpu/debuf.mlir ==
  match          body#[0]  cudnnPointwiseGraph_f32
  total: 1 matched / 1 bodies
",0,[],0,0,0,0,/home/arjaiswal/Polygeist/issues/aten_c_kernels/results/aten_normal_cpu/debuf.mlir,1838,8,1,1,468.3556519448757,0,65760,0.0,0,0,0,0,"[{""body_indices"": [0], ""symbol"": ""cudnnPointwiseGraph_f32""}]",1,0,0,0.0,56
aten,aten_normal_cpu,/home/arjaiswal/Polygeist/issues/aten_c_kernels/results/aten_normal_cpu/debuf.mlir,716794b77ad1b5c638b9e869ab3f207b4b67e1a98075442686f8f8eb669cd76f,syntactic,1,ok,0,929.5241236686707,0,"[""/usr/bin/python3"", ""/home/arjaiswal/Polygeist/scripts/correctness/kernel_match_rewrite.py"", ""/home/arjaiswal/Polygeist/issues/aten_c_kernels/results/aten_normal_cpu/debuf.mlir"", ""--dry-run"", ""--matcher-mode"", ""syntactic"", ""--telemetry-json"", ""/home/arjaiswal/Polygeist/issues/equality_saturation_eval/campaign_20260908/aten-aten_normal_cpu-syntactic-day8zh2w.json"", ""--disable-semantic-fallback""]","== match report for /home/arjaiswal/Polygeist/issues/aten_c_kernels/results/aten_normal_cpu/debuf.mlir ==
  match          body#[0]  cudnnPointwiseGraph_f32
  total: 1 matched / 1 bodies
",0,[],0,0,0,0,/home/arjaiswal/Polygeist/issues/aten_c_kernels/results/aten_normal_cpu/debuf.mlir,1838,0,1,1,476.0429821908474,0,65844,0.18070265650749207,0,0,0,0,"[{""body_indices"": [0], ""symbol"": ""cudnnPointwiseGraph_f32""}]",1,0,56,0.0,56
aten,aten_normal_cpu,/home/arjaiswal/Polygeist/issues/aten_c_kernels/results/aten_normal_cpu/debuf.mlir,716794b77ad1b5c638b9e869ab3f207b4b67e1a98075442686f8f8eb669cd76f,syntactic,2,ok,0,940.3382614254951,0,"[""/usr/bin/python3"", ""/home/arjaiswal/Polygeist/scripts/correctness/kernel_match_rewrite.py"", ""/home/arjaiswal/Polygeist/issues/aten_c_kernels/results/aten_normal_cpu/debuf.mlir"", ""--dry-run"", ""--matcher-mode"", ""syntactic"", ""--telemetry-json"", ""/home/arjaiswal/Polygeist/issues/equality_saturation_eval/campaign_20260908/aten-aten_normal_cpu-syntactic-hfzebag0.json"", ""--disable-semantic-fallback""]","== match report for /home/arjaiswal/Polygeist/issues/aten_c_kernels/results/aten_normal_cpu/debuf.mlir ==
  match          body#[0]  cudnnPointwiseGraph_f32
  total: 1 matched / 1 bodies
",0,[],0,0,0,0,/home/arjaiswal/Polygeist/issues/aten_c_kernels/results/aten_normal_cpu/debuf.mlir,1838,0,1,1,489.91163074970245,0,66024,0.16807019710540771,0,0,0,0,"[{""body_indices"": [0], ""symbol"": ""cudnnPointwiseGraph_f32""}]",1,0,56,0.0,56
aten,aten_normal_cpu,/home/arjaiswal/Polygeist/issues/aten_c_kernels/results/aten_normal_cpu/debuf.mlir,716794b77ad1b5c638b9e869ab3f207b4b67e1a98075442686f8f8eb669cd76f,egglog,2,ok,0,916.9875830411911,0,"[""/usr/bin/python3"", ""/home/arjaiswal/Polygeist/scripts/correctness/kernel_match_rewrite.py"", ""/home/arjaiswal/Polygeist/issues/aten_c_kernels/results/aten_normal_cpu/debuf.mlir"", ""--dry-run"", ""--matcher-mode"", ""egglog"", ""--telemetry-json"", ""/home/arjaiswal/Polygeist/issues/equality_saturation_eval/campaign_20260908/aten-aten_normal_cpu-egglog-d_braff7.json"", ""--disable-semantic-fallback""]","== match report for /home/arjaiswal/Polygeist/issues/aten_c_kernels/results/aten_normal_cpu/debuf.mlir ==
  match          body#[0]  cudnnPointwiseGraph_f32
  total: 1 matched / 1 bodies
",0,[],0,0,0,0,/home/arjaiswal/Polygeist/issues/aten_c_kernels/results/aten_normal_cpu/debuf.mlir,1838,8,1,1,494.03685703873634,0,66036,0.0,0,0,0,0,"[{""body_indices"": [0], ""symbol"": ""cudnnPointwiseGraph_f32""}]",1,0,0,0.0,56
aten,aten_normal_cpu,/home/arjaiswal/Polygeist/issues/aten_c_kernels/results/aten_normal_cpu/debuf.mlir,716794b77ad1b5c638b9e869ab3f207b4b67e1a98075442686f8f8eb669cd76f,egglog,3,ok,0,950.9675092995167,0,"[""/usr/bin/python3"", ""/home/arjaiswal/Polygeist/scripts/correctness/kernel_match_rewrite.py"", ""/home/arjaiswal/Polygeist/issues/aten_c_kernels/results/aten_normal_cpu/debuf.mlir"", ""--dry-run"", ""--matcher-mode"", ""egglog"", ""--telemetry-json"", ""/home/arjaiswal/Polygeist/issues/equality_saturation_eval/campaign_20260908/aten-aten_normal_cpu-egglog-2tb1hdiq.json"", ""--disable-semantic-fallback""]","== match report for /home/arjaiswal/Polygeist/issues/aten_c_kernels/results/aten_normal_cpu/debuf.mlir ==
  match          body#[0]  cudnnPointwiseGraph_f32
  total: 1 matched / 1 bodies
",0,[],0,0,0,0,/home/arjaiswal/Polygeist/issues/aten_c_kernels/results/aten_normal_cpu/debuf.mlir,1838,8,1,1,533.3384796977043,0,65904,0.0,0,0,0,0,"[{""body_indices"": [0], ""symbol"": ""cudnnPointwiseGraph_f32""}]",1,0,0,0.0,56
aten,aten_normal_cpu,/home/arjaiswal/Polygeist/issues/aten_c_kernels/results/aten_normal_cpu/debuf.mlir,716794b77ad1b5c638b9e869ab3f207b4b67e1a98075442686f8f8eb669cd76f,syntactic,3,ok,0,900.3492668271065,0,"[""/usr/bin/python3"", ""/home/arjaiswal/Polygeist/scripts/correctness/kernel_match_rewrite.py"", ""/home/arjaiswal/Polygeist/issues/aten_c_kernels/results/aten_normal_cpu/debuf.mlir"", ""--dry-run"", ""--matcher-mode"", ""syntactic"", ""--telemetry-json"", ""/home/arjaiswal/Polygeist/issues/equality_saturation_eval/campaign_20260908/aten-aten_normal_cpu-syntactic-6dlulhcw.json"", ""--disable-semantic-fallback""]","== match report for /home/arjaiswal/Polygeist/issues/aten_c_kernels/results/aten_normal_cpu/debuf.mlir ==
  match          body#[0]  cudnnPointwiseGraph_f32
  total: 1 matched / 1 bodies
",0,[],0,0,0,0,/home/arjaiswal/Polygeist/issues/aten_c_kernels/results/aten_normal_cpu/debuf.mlir,1838,0,1,1,470.4998806118965,0,65900,0.1595430076122284,0,0,0,0,"[{""body_indices"": [0], ""symbol"": ""cudnnPointwiseGraph_f32""}]",1,0,56,0.0,56
aten,aten_normal_cpu,/home/arjaiswal/Polygeist/issues/aten_c_kernels/results/aten_normal_cpu/debuf.mlir,716794b77ad1b5c638b9e869ab3f207b4b67e1a98075442686f8f8eb669cd76f,syntactic,4,ok,0,903.9036557078362,0,"[""/usr/bin/python3"", ""/home/arjaiswal/Polygeist/scripts/correctness/kernel_match_rewrite.py"", ""/home/arjaiswal/Polygeist/issues/aten_c_kernels/results/aten_normal_cpu/debuf.mlir"", ""--dry-run"", ""--matcher-mode"", ""syntactic"", ""--telemetry-json"", ""/home/arjaiswal/Polygeist/issues/equality_saturation_eval/campaign_20260908/aten-aten_normal_cpu-syntactic-sqhwas2c.json"", ""--disable-semantic-fallback""]","== match report for /home/arjaiswal/Polygeist/issues/aten_c_kernels/results/aten_normal_cpu/debuf.mlir ==
  match          body#[0]  cudnnPointwiseGraph_f32
  total: 1 matched / 1 bodies
",0,[],0,0,0,0,/home/arjaiswal/Polygeist/issues/aten_c_kernels/results/aten_normal_cpu/debuf.mlir,1838,0,1,1,477.400828152895,0,66108,0.15883147716522217,0,0,0,0,"[{""body_indices"": [0], ""symbol"": ""cudnnPointwiseGraph_f32""}]",1,0,56,0.0,56
aten,aten_normal_cpu,/home/arjaiswal/Polygeist/issues/aten_c_kernels/results/aten_normal_cpu/debuf.mlir,716794b77ad1b5c638b9e869ab3f207b4b67e1a98075442686f8f8eb669cd76f,egglog,4,ok,0,884.086586534977,0,"[""/usr/bin/python3"", ""/home/arjaiswal/Polygeist/scripts/correctness/kernel_match_rewrite.py"", ""/home/arjaiswal/Polygeist/issues/aten_c_kernels/results/aten_normal_cpu/debuf.mlir"", ""--dry-run"", ""--matcher-mode"", ""egglog"", ""--telemetry-json"", ""/home/arjaiswal/Polygeist/issues/equality_saturation_eval/campaign_20260908/aten-aten_normal_cpu-egglog-9uk_n5lg.json"", ""--disable-semantic-fallback""]","== match report for /home/arjaiswal/Polygeist/issues/aten_c_kernels/results/aten_normal_cpu/debuf.mlir ==
  match          body#[0]  cudnnPointwiseGraph_f32
  total: 1 matched / 1 bodies
",0,[],0,0,0,0,/home/arjaiswal/Polygeist/issues/aten_c_kernels/results/aten_normal_cpu/debuf.mlir,1838,8,1,1,467.1986699104309,0,66084,0.0,0,0,0,0,"[{""body_indices"": [0], ""symbol"": ""cudnnPointwiseGraph_f32""}]",1,0,0,0.0,56
aten,aten_normal_cpu,/home/arjaiswal/Polygeist/issues/aten_c_kernels/results/aten_normal_cpu/debuf.mlir,716794b77ad1b5c638b9e869ab3f207b4b67e1a98075442686f8f8eb669cd76f,egglog,5,ok,0,862.4522238969803,0,"[""/usr/bin/python3"", ""/home/arjaiswal/Polygeist/scripts/correctness/kernel_match_rewrite.py"", ""/home/arjaiswal/Polygeist/issues/aten_c_kernels/results/aten_normal_cpu/debuf.mlir"", ""--dry-run"", ""--matcher-mode"", ""egglog"", ""--telemetry-json"", ""/home/arjaiswal/Polygeist/issues/equality_saturation_eval/campaign_20260908/aten-aten_normal_cpu-egglog-ftydgvac.json"", ""--disable-semantic-fallback""]","== match report for /home/arjaiswal/Polygeist/issues/aten_c_kernels/results/aten_normal_cpu/debuf.mlir ==
  match          body#[0]  cudnnPointwiseGraph_f32
  total: 1 matched / 1 bodies
",0,[],0,0,0,0,/home/arjaiswal/Polygeist/issues/aten_c_kernels/results/aten_normal_cpu/debuf.mlir,1838,8,1,1,448.8694332540035,0,66044,0.0,0,0,0,0,"[{""body_indices"": [0], ""symbol"": ""cudnnPointwiseGraph_f32""}]",1,0,0,0.0,56
aten,aten_normal_cpu,/home/arjaiswal/Polygeist/issues/aten_c_kernels/results/aten_normal_cpu/debuf.mlir,716794b77ad1b5c638b9e869ab3f207b4b67e1a98075442686f8f8eb669cd76f,syntactic,5,ok,0,915.6393893063068,0,"[""/usr/bin/python3"", ""/home/arjaiswal/Polygeist/scripts/correctness/kernel_match_rewrite.py"", ""/home/arjaiswal/Polygeist/issues/aten_c_kernels/results/aten_normal_cpu/debuf.mlir"", ""--dry-run"", ""--matcher-mode"", ""syntactic"", ""--telemetry-json"", ""/home/arjaiswal/Polygeist/issues/equality_saturation_eval/campaign_20260908/aten-aten_normal_cpu-syntactic-t0ily6rd.json"", ""--disable-semantic-fallback""]","== match report for /home/arjaiswal/Polygeist/issues/aten_c_kernels/results/aten_normal_cpu/debuf.mlir ==
  match          body#[0]  cudnnPointwiseGraph_f32
  total: 1 matched / 1 bodies
",0,[],0,0,0,0,/home/arjaiswal/Polygeist/issues/aten_c_kernels/results/aten_normal_cpu/debuf.mlir,1838,0,1,1,489.0293590724468,0,66000,0.1499764621257782,0,0,0,0,"[{""body_indices"": [0], ""symbol"": ""cudnnPointwiseGraph_f32""}]",1,0,56,0.0,56
aten,aten_or_reduce_cpu,/home/arjaiswal/Polygeist/issues/aten_c_kernels/results/aten_or_reduce_cpu/debuf.mlir,eaf802705b6b76dfcf237419a21638685d4bf0285d07339f4b5aa98852338782,syntactic,1,ok,0,778.81945297122,0,"[""/usr/bin/python3"", ""/home/arjaiswal/Polygeist/scripts/correctness/kernel_match_rewrite.py"", ""/home/arjaiswal/Polygeist/issues/aten_c_kernels/results/aten_or_reduce_cpu/debuf.mlir"", ""--dry-run"", ""--matcher-mode"", ""syntactic"", ""--telemetry-json"", ""/home/arjaiswal/Polygeist/issues/equality_saturation_eval/campaign_20260908/aten-aten_or_reduce_cpu-syntactic-prnklop7.json"", ""--disable-semantic-fallback""]","== match report for /home/arjaiswal/Polygeist/issues/aten_c_kernels/results/aten_or_reduce_cpu/debuf.mlir ==
  match          body#[0, 1]  cubSegmentedLogicalOr_i32
  total: 1 matched / 1 bodies
",0,[],0,0,0,0,/home/arjaiswal/Polygeist/issues/aten_c_kernels/results/aten_or_reduce_cpu/debuf.mlir,2721,0,2,2,349.0140661597252,0,65780,0.08036941289901733,0,10,0,0,"[{""body_indices"": [0, 1], ""symbol"": ""cubSegmentedLogicalOr_i32""}]",1,0,18,0.0,18
aten,aten_or_reduce_cpu,/home/arjaiswal/Polygeist/issues/aten_c_kernels/results/aten_or_reduce_cpu/debuf.mlir,eaf802705b6b76dfcf237419a21638685d4bf0285d07339f4b5aa98852338782,egglog,1,ok,0,842.932689934969,0,"[""/usr/bin/python3"", ""/home/arjaiswal/Polygeist/scripts/correctness/kernel_match_rewrite.py"", ""/home/arjaiswal/Polygeist/issues/aten_c_kernels/results/aten_or_reduce_cpu/debuf.mlir"", ""--dry-run"", ""--matcher-mode"", ""egglog"", ""--telemetry-json"", ""/home/arjaiswal/Polygeist/issues/equality_saturation_eval/campaign_20260908/aten-aten_or_reduce_cpu-egglog-qfl7atrp.json"", ""--disable-semantic-fallback""]","== match report for /home/arjaiswal/Polygeist/issues/aten_c_kernels/results/aten_or_reduce_cpu/debuf.mlir ==
  match          body#[0, 1]  cubSegmentedLogicalOr_i32
  total: 1 matched / 1 bodies
",0,[],0,0,0,0,/home/arjaiswal/Polygeist/issues/aten_c_kernels/results/aten_or_reduce_cpu/debuf.mlir,2721,8,2,2,410.9478034079075,0,69852,97.18920290470123,10,10,0,0,"[{""body_indices"": [0, 1], ""symbol"": ""cubSegmentedLogicalOr_i32""}]",1,0,0,0.0,18
aten,aten_or_reduce_cpu,/home/arjaiswal/Polygeist/issues/aten_c_kernels/results/aten_or_reduce_cpu/debuf.mlir,eaf802705b6b76dfcf237419a21638685d4bf0285d07339f4b5aa98852338782,egglog,2,ok,0,875.7784403860569,0,"[""/usr/bin/python3"", ""/home/arjaiswal/Polygeist/scripts/correctness/kernel_match_rewrite.py"", ""/home/arjaiswal/Polygeist/issues/aten_c_kernels/results/aten_or_reduce_cpu/debuf.mlir"", ""--dry-run"", ""--matcher-mode"", ""egglog"", ""--telemetry-json"", ""/home/arjaiswal/Polygeist/issues/equality_saturation_eval/campaign_20260908/aten-aten_or_reduce_cpu-egglog-eh16s0dw.json"", ""--disable-semantic-fallback""]","== match report for /home/arjaiswal/Polygeist/issues/aten_c_kernels/results/aten_or_reduce_cpu/debuf.mlir ==
  match          body#[0, 1]  cubSegmentedLogicalOr_i32
  total: 1 matched / 1 bodies
",0,[],0,0,0,0,/home/arjaiswal/Polygeist/issues/aten_c_kernels/results/aten_or_reduce_cpu/debuf.mlir,2721,8,2,2,441.22639298439026,0,69740,99.13551062345505,10,10,0,0,"[{""body_indices"": [0, 1], ""symbol"": ""cubSegmentedLogicalOr_i32""}]",1,0,0,0.0,18
aten,aten_or_reduce_cpu,/home/arjaiswal/Polygeist/issues/aten_c_kernels/results/aten_or_reduce_cpu/debuf.mlir,eaf802705b6b76dfcf237419a21638685d4bf0285d07339f4b5aa98852338782,syntactic,2,ok,0,741.8927922844887,0,"[""/usr/bin/python3"", ""/home/arjaiswal/Polygeist/scripts/correctness/kernel_match_rewrite.py"", ""/home/arjaiswal/Polygeist/issues/aten_c_kernels/results/aten_or_reduce_cpu/debuf.mlir"", ""--dry-run"", ""--matcher-mode"", ""syntactic"", ""--telemetry-json"", ""/home/arjaiswal/Polygeist/issues/equality_saturation_eval/campaign_20260908/aten-aten_or_reduce_cpu-syntactic-cusp974f.json"", ""--disable-semantic-fallback""]","== match report for /home/arjaiswal/Polygeist/issues/aten_c_kernels/results/aten_or_reduce_cpu/debuf.mlir ==
  match          body#[0, 1]  cubSegmentedLogicalOr_i32
  total: 1 matched / 1 bodies
",0,[],0,0,0,0,/home/arjaiswal/Polygeist/issues/aten_c_kernels/results/aten_or_reduce_cpu/debuf.mlir,2721,0,2,2,315.9571588039398,0,65868,0.07769837975502014,0,10,0,0,"[{""body_indices"": [0, 1], ""symbol"": ""cubSegmentedLogicalOr_i32""}]",1,0,18,0.0,18
aten,aten_or_reduce_cpu,/home/arjaiswal/Polygeist/issues/aten_c_kernels/results/aten_or_reduce_cpu/debuf.mlir,eaf802705b6b76dfcf237419a21638685d4bf0285d07339f4b5aa98852338782,syntactic,3,ok,0,776.4532901346684,0,"[""/usr/bin/python3"", ""/home/arjaiswal/Polygeist/scripts/correctness/kernel_match_rewrite.py"", ""/home/arjaiswal/Polygeist/issues/aten_c_kernels/results/aten_or_reduce_cpu/debuf.mlir"", ""--dry-run"", ""--matcher-mode"", ""syntactic"", ""--telemetry-json"", ""/home/arjaiswal/Polygeist/issues/equality_saturation_eval/campaign_20260908/aten-aten_or_reduce_cpu-syntactic-2y_69unv.json"", ""--disable-semantic-fallback""]","== match report for /home/arjaiswal/Polygeist/issues/aten_c_kernels/results/aten_or_reduce_cpu/debuf.mlir ==
  match          body#[0, 1]  cubSegmentedLogicalOr_i32
  total: 1 matched / 1 bodies
",0,[],0,0,0,0,/home/arjaiswal/Polygeist/issues/aten_c_kernels/results/aten_or_reduce_cpu/debuf.mlir,2721,0,2,2,342.3896133899689,0,65992,0.0820942223072052,0,10,0,0,"[{""body_indices"": [0, 1], ""symbol"": ""cubSegmentedLogicalOr_i32""}]",1,0,18,0.0,18
aten,aten_or_reduce_cpu,/home/arjaiswal/Polygeist/issues/aten_c_kernels/results/aten_or_reduce_cpu/debuf.mlir,eaf802705b6b76dfcf237419a21638685d4bf0285d07339f4b5aa98852338782,egglog,3,ok,0,872.8001452982426,0,"[""/usr/bin/python3"", ""/home/arjaiswal/Polygeist/scripts/correctness/kernel_match_rewrite.py"", ""/home/arjaiswal/Polygeist/issues/aten_c_kernels/results/aten_or_reduce_cpu/debuf.mlir"", ""--dry-run"", ""--matcher-mode"", ""egglog"", ""--telemetry-json"", ""/home/arjaiswal/Polygeist/issues/equality_saturation_eval/campaign_20260908/aten-aten_or_reduce_cpu-egglog-sqjtxj7j.json"", ""--disable-semantic-fallback""]","== match report for /home/arjaiswal/Polygeist/issues/aten_c_kernels/results/aten_or_reduce_cpu/debuf.mlir ==
  match          body#[0, 1]  cubSegmentedLogicalOr_i32
  total: 1 matched / 1 bodies
",0,[],0,0,0,0,/home/arjaiswal/Polygeist/issues/aten_c_kernels/results/aten_or_reduce_cpu/debuf.mlir,2721,8,2,2,435.43577566742897,0,69960,101.43698751926422,10,10,0,0,"[{""body_indices"": [0, 1], ""symbol"": ""cubSegmentedLogicalOr_i32""}]",1,0,0,0.0,18
aten,aten_or_reduce_cpu,/home/arjaiswal/Polygeist/issues/aten_c_kernels/results/aten_or_reduce_cpu/debuf.mlir,eaf802705b6b76dfcf237419a21638685d4bf0285d07339f4b5aa98852338782,egglog,4,ok,0,893.8008584082127,0,"[""/usr/bin/python3"", ""/home/arjaiswal/Polygeist/scripts/correctness/kernel_match_rewrite.py"", ""/home/arjaiswal/Polygeist/issues/aten_c_kernels/results/aten_or_reduce_cpu/debuf.mlir"", ""--dry-run"", ""--matcher-mode"", ""egglog"", ""--telemetry-json"", ""/home/arjaiswal/Polygeist/issues/equality_saturation_eval/campaign_20260908/aten-aten_or_reduce_cpu-egglog-jcbhzd0r.json"", ""--disable-semantic-fallback""]","== match report for /home/arjaiswal/Polygeist/issues/aten_c_kernels/results/aten_or_reduce_cpu/debuf.mlir ==
  match          body#[0, 1]  cubSegmentedLogicalOr_i32
  total: 1 matched / 1 bodies
",0,[],0,0,0,0,/home/arjaiswal/Polygeist/issues/aten_c_kernels/results/aten_or_reduce_cpu/debuf.mlir,2721,8,2,2,448.5435038805008,0,69524,101.32406651973724,10,10,0,0,"[{""body_indices"": [0, 1], ""symbol"": ""cubSegmentedLogicalOr_i32""}]",1,0,0,0.0,18
aten,aten_or_reduce_cpu,/home/arjaiswal/Polygeist/issues/aten_c_kernels/results/aten_or_reduce_cpu/debuf.mlir,eaf802705b6b76dfcf237419a21638685d4bf0285d07339f4b5aa98852338782,syntactic,4,ok,0,742.5970584154129,0,"[""/usr/bin/python3"", ""/home/arjaiswal/Polygeist/scripts/correctness/kernel_match_rewrite.py"", ""/home/arjaiswal/Polygeist/issues/aten_c_kernels/results/aten_or_reduce_cpu/debuf.mlir"", ""--dry-run"", ""--matcher-mode"", ""syntactic"", ""--telemetry-json"", ""/home/arjaiswal/Polygeist/issues/equality_saturation_eval/campaign_20260908/aten-aten_or_reduce_cpu-syntactic-h8pil8a5.json"", ""--disable-semantic-fallback""]","== match report for /home/arjaiswal/Polygeist/issues/aten_c_kernels/results/aten_or_reduce_cpu/debuf.mlir ==
  match          body#[0, 1]  cubSegmentedLogicalOr_i32
  total: 1 matched / 1 bodies
",0,[],0,0,0,0,/home/arjaiswal/Polygeist/issues/aten_c_kernels/results/aten_or_reduce_cpu/debuf.mlir,2721,0,2,2,312.2728019952774,0,66060,0.07344037294387817,0,10,0,0,"[{""body_indices"": [0, 1], ""symbol"": ""cubSegmentedLogicalOr_i32""}]",1,0,18,0.0,18
aten,aten_or_reduce_cpu,/home/arjaiswal/Polygeist/issues/aten_c_kernels/results/aten_or_reduce_cpu/debuf.mlir,eaf802705b6b76dfcf237419a21638685d4bf0285d07339f4b5aa98852338782,syntactic,5,ok,0,761.7214694619179,0,"[""/usr/bin/python3"", ""/home/arjaiswal/Polygeist/scripts/correctness/kernel_match_rewrite.py"", ""/home/arjaiswal/Polygeist/issues/aten_c_kernels/results/aten_or_reduce_cpu/debuf.mlir"", ""--dry-run"", ""--matcher-mode"", ""syntactic"", ""--telemetry-json"", ""/home/arjaiswal/Polygeist/issues/equality_saturation_eval/campaign_20260908/aten-aten_or_reduce_cpu-syntactic-ncyr13lj.json"", ""--disable-semantic-fallback""]","== match report for /home/arjaiswal/Polygeist/issues/aten_c_kernels/results/aten_or_reduce_cpu/debuf.mlir ==
  match          body#[0, 1]  cubSegmentedLogicalOr_i32
  total: 1 matched / 1 bodies
",0,[],0,0,0,0,/home/arjaiswal/Polygeist/issues/aten_c_kernels/results/aten_or_reduce_cpu/debuf.mlir,2721,0,2,2,345.43630853295326,0,65892,0.08699297904968262,0,10,0,0,"[{""body_indices"": [0, 1], ""symbol"": ""cubSegmentedLogicalOr_i32""}]",1,0,18,0.0,18
aten,aten_or_reduce_cpu,/home/arjaiswal/Polygeist/issues/aten_c_kernels/results/aten_or_reduce_cpu/debuf.mlir,eaf802705b6b76dfcf237419a21638685d4bf0285d07339f4b5aa98852338782,egglog,5,ok,0,906.3484966754913,0,"[""/usr/bin/python3"", ""/home/arjaiswal/Polygeist/scripts/correctness/kernel_match_rewrite.py"", ""/home/arjaiswal/Polygeist/issues/aten_c_kernels/results/aten_or_reduce_cpu/debuf.mlir"", ""--dry-run"", ""--matcher-mode"", ""egglog"", ""--telemetry-json"", ""/home/arjaiswal/Polygeist/issues/equality_saturation_eval/campaign_20260908/aten-aten_or_reduce_cpu-egglog-k_l66y4u.json"", ""--disable-semantic-fallback""]","== match report for /home/arjaiswal/Polygeist/issues/aten_c_kernels/results/aten_or_reduce_cpu/debuf.mlir ==
  match          body#[0, 1]  cubSegmentedLogicalOr_i32
  total: 1 matched / 1 bodies
",0,[],0,0,0,0,/home/arjaiswal/Polygeist/issues/aten_c_kernels/results/aten_or_reduce_cpu/debuf.mlir,2721,8,2,2,464.4906371831894,0,69884,99.50847178697586,10,10,0,0,"[{""body_indices"": [0, 1], ""symbol"": ""cubSegmentedLogicalOr_i32""}]",1,0,0,0.0,18
aten,aten_outer,/home/arjaiswal/Polygeist/issues/aten_c_kernels/results/aten_outer/debuf.mlir,4af44bed94a9609747f508441567eb3c93b8e15f172ee0c8f855d91a5a0da894,egglog,1,ok,0,779.8150852322578,0,"[""/usr/bin/python3"", ""/home/arjaiswal/Polygeist/scripts/correctness/kernel_match_rewrite.py"", ""/home/arjaiswal/Polygeist/issues/aten_c_kernels/results/aten_outer/debuf.mlir"", ""--dry-run"", ""--matcher-mode"", ""egglog"", ""--telemetry-json"", ""/home/arjaiswal/Polygeist/issues/equality_saturation_eval/campaign_20260908/aten-aten_outer-egglog-wqg1jvrd.json"", ""--disable-semantic-fallback""]","== match report for /home/arjaiswal/Polygeist/issues/aten_c_kernels/results/aten_outer/debuf.mlir ==
  match          body#[0, 1]  cublasDgemm_outer_product
  total: 1 matched / 1 bodies
",0,[],0,0,0,0,/home/arjaiswal/Polygeist/issues/aten_c_kernels/results/aten_outer/debuf.mlir,2863,8,2,2,365.2639351785183,0,69576,63.06887790560722,6,6,0,8,"[{""body_indices"": [0, 1], ""symbol"": ""cublasDgemm_outer_product""}]",1,0,0,0.0,8
aten,aten_outer,/home/arjaiswal/Polygeist/issues/aten_c_kernels/results/aten_outer/debuf.mlir,4af44bed94a9609747f508441567eb3c93b8e15f172ee0c8f855d91a5a0da894,syntactic,1,ok,0,704.1109465062618,0,"[""/usr/bin/python3"", ""/home/arjaiswal/Polygeist/scripts/correctness/kernel_match_rewrite.py"", ""/home/arjaiswal/Polygeist/issues/aten_c_kernels/results/aten_outer/debuf.mlir"", ""--dry-run"", ""--matcher-mode"", ""syntactic"", ""--telemetry-json"", ""/home/arjaiswal/Polygeist/issues/equality_saturation_eval/campaign_20260908/aten-aten_outer-syntactic-qx9f4_ly.json"", ""--disable-semantic-fallback""]","== match report for /home/arjaiswal/Polygeist/issues/aten_c_kernels/results/aten_outer/debuf.mlir ==
  match          body#[0, 1]  cublasDgemm_outer_product
  total: 1 matched / 1 bodies
",0,[],0,0,0,0,/home/arjaiswal/Polygeist/issues/aten_c_kernels/results/aten_outer/debuf.mlir,2863,0,2,2,278.0275084078312,0,65756,0.04220008850097656,0,6,0,0,"[{""body_indices"": [0, 1], ""symbol"": ""cublasDgemm_outer_product""}]",1,0,8,0.0,8
aten,aten_outer,/home/arjaiswal/Polygeist/issues/aten_c_kernels/results/aten_outer/debuf.mlir,4af44bed94a9609747f508441567eb3c93b8e15f172ee0c8f855d91a5a0da894,syntactic,2,ok,0,730.0780974328518,0,"[""/usr/bin/python3"", ""/home/arjaiswal/Polygeist/scripts/correctness/kernel_match_rewrite.py"", ""/home/arjaiswal/Polygeist/issues/aten_c_kernels/results/aten_outer/debuf.mlir"", ""--dry-run"", ""--matcher-mode"", ""syntactic"", ""--telemetry-json"", ""/home/arjaiswal/Polygeist/issues/equality_saturation_eval/campaign_20260908/aten-aten_outer-syntactic-5yqwcxct.json"", ""--disable-semantic-fallback""]","== match report for /home/arjaiswal/Polygeist/issues/aten_c_kernels/results/aten_outer/debuf.mlir ==
  match          body#[0, 1]  cublasDgemm_outer_product
  total: 1 matched / 1 bodies
",0,[],0,0,0,0,/home/arjaiswal/Polygeist/issues/aten_c_kernels/results/aten_outer/debuf.mlir,2863,0,2,2,295.9614582359791,0,65684,0.050902366638183594,0,6,0,0,"[{""body_indices"": [0, 1], ""symbol"": ""cublasDgemm_outer_product""}]",1,0,8,0.0,8
aten,aten_outer,/home/arjaiswal/Polygeist/issues/aten_c_kernels/results/aten_outer/debuf.mlir,4af44bed94a9609747f508441567eb3c93b8e15f172ee0c8f855d91a5a0da894,egglog,2,ok,0,809.5740415155888,0,"[""/usr/bin/python3"", ""/home/arjaiswal/Polygeist/scripts/correctness/kernel_match_rewrite.py"", ""/home/arjaiswal/Polygeist/issues/aten_c_kernels/results/aten_outer/debuf.mlir"", ""--dry-run"", ""--matcher-mode"", ""egglog"", ""--telemetry-json"", ""/home/arjaiswal/Polygeist/issues/equality_saturation_eval/campaign_20260908/aten-aten_outer-egglog-zoxute68.json"", ""--disable-semantic-fallback""]","== match report for /home/arjaiswal/Polygeist/issues/aten_c_kernels/results/aten_outer/debuf.mlir ==
  match          body#[0, 1]  cublasDgemm_outer_product
  total: 1 matched / 1 bodies
",0,[],0,0,0,0,/home/arjaiswal/Polygeist/issues/aten_c_kernels/results/aten_outer/debuf.mlir,2863,8,2,2,366.22336134314537,0,69420,61.27889081835747,6,6,0,8,"[{""body_indices"": [0, 1], ""symbol"": ""cublasDgemm_outer_product""}]",1,0,0,0.0,8
aten,aten_outer,/home/arjaiswal/Polygeist/issues/aten_c_kernels/results/aten_outer/debuf.mlir,4af44bed94a9609747f508441567eb3c93b8e15f172ee0c8f855d91a5a0da894,egglog,3,ok,0,797.8882975876331,0,"[""/usr/bin/python3"", ""/home/arjaiswal/Polygeist/scripts/correctness/kernel_match_rewrite.py"", ""/home/arjaiswal/Polygeist/issues/aten_c_kernels/results/aten_outer/debuf.mlir"", ""--dry-run"", ""--matcher-mode"", ""egglog"", ""--telemetry-json"", ""/home/arjaiswal/Polygeist/issues/equality_saturation_eval/campaign_20260908/aten-aten_outer-egglog-2u2u6a44.json"", ""--disable-semantic-fallback""]","== match report for /home/arjaiswal/Polygeist/issues/aten_c_kernels/results/aten_outer/debuf.mlir ==
  match          body#[0, 1]  cublasDgemm_outer_product
  total: 1 matched / 1 bodies
",0,[],0,0,0,0,/home/arjaiswal/Polygeist/issues/aten_c_kernels/results/aten_outer/debuf.mlir,2863,8,2,2,352.580226957798,0,69472,67.28312000632286,6,6,0,8,"[{""body_indices"": [0, 1], ""symbol"": ""cublasDgemm_outer_product""}]",1,0,0,0.0,8
aten,aten_outer,/home/arjaiswal/Polygeist/issues/aten_c_kernels/results/aten_outer/debuf.mlir,4af44bed94a9609747f508441567eb3c93b8e15f172ee0c8f855d91a5a0da894,syntactic,3,ok,0,704.1224092245102,0,"[""/usr/bin/python3"", ""/home/arjaiswal/Polygeist/scripts/correctness/kernel_match_rewrite.py"", ""/home/arjaiswal/Polygeist/issues/aten_c_kernels/results/aten_outer/debuf.mlir"", ""--dry-run"", ""--matcher-mode"", ""syntactic"", ""--telemetry-json"", ""/home/arjaiswal/Polygeist/issues/equality_saturation_eval/campaign_20260908/aten-aten_outer-syntactic-0z29nzza.json"", ""--disable-semantic-fallback""]","== match report for /home/arjaiswal/Polygeist/issues/aten_c_kernels/results/aten_outer/debuf.mlir ==
  match          body#[0, 1]  cublasDgemm_outer_product
  total: 1 matched / 1 bodies
",0,[],0,0,0,0,/home/arjaiswal/Polygeist/issues/aten_c_kernels/results/aten_outer/debuf.mlir,2863,0,2,2,298.07695001363754,0,65592,0.041637569665908813,0,6,0,0,"[{""body_indices"": [0, 1], ""symbol"": ""cublasDgemm_outer_product""}]",1,0,8,0.0,8
aten,aten_outer,/home/arjaiswal/Polygeist/issues/aten_c_kernels/results/aten_outer/debuf.mlir,4af44bed94a9609747f508441567eb3c93b8e15f172ee0c8f855d91a5a0da894,syntactic,4,ok,0,715.1462472975254,0,"[""/usr/bin/python3"", ""/home/arjaiswal/Polygeist/scripts/correctness/kernel_match_rewrite.py"", ""/home/arjaiswal/Polygeist/issues/aten_c_kernels/results/aten_outer/debuf.mlir"", ""--dry-run"", ""--matcher-mode"", ""syntactic"", ""--telemetry-json"", ""/home/arjaiswal/Polygeist/issues/equality_saturation_eval/campaign_20260908/aten-aten_outer-syntactic-54pzis0r.json"", ""--disable-semantic-fallback""]","== match report for /home/arjaiswal/Polygeist/issues/aten_c_kernels/results/aten_outer/debuf.mlir ==
  match          body#[0, 1]  cublasDgemm_outer_product
  total: 1 matched / 1 bodies
",0,[],0,0,0,0,/home/arjaiswal/Polygeist/issues/aten_c_kernels/results/aten_outer/debuf.mlir,2863,0,2,2,291.26107692718506,0,65572,0.04101172089576721,0,6,0,0,"[{""body_indices"": [0, 1], ""symbol"": ""cublasDgemm_outer_product""}]",1,0,8,0.0,8
aten,aten_outer,/home/arjaiswal/Polygeist/issues/aten_c_kernels/results/aten_outer/debuf.mlir,4af44bed94a9609747f508441567eb3c93b8e15f172ee0c8f855d91a5a0da894,egglog,4,ok,0,825.6848342716694,0,"[""/usr/bin/python3"", ""/home/arjaiswal/Polygeist/scripts/correctness/kernel_match_rewrite.py"", ""/home/arjaiswal/Polygeist/issues/aten_c_kernels/results/aten_outer/debuf.mlir"", ""--dry-run"", ""--matcher-mode"", ""egglog"", ""--telemetry-json"", ""/home/arjaiswal/Polygeist/issues/equality_saturation_eval/campaign_20260908/aten-aten_outer-egglog-yfb2679z.json"", ""--disable-semantic-fallback""]","== match report for /home/arjaiswal/Polygeist/issues/aten_c_kernels/results/aten_outer/debuf.mlir ==
  match          body#[0, 1]  cublasDgemm_outer_product
  total: 1 matched / 1 bodies
",0,[],0,0,0,0,/home/arjaiswal/Polygeist/issues/aten_c_kernels/results/aten_outer/debuf.mlir,2863,8,2,2,367.0038543641567,0,69400,63.46343457698822,6,6,0,8,"[{""body_indices"": [0, 1], ""symbol"": ""cublasDgemm_outer_product""}]",1,0,0,0.0,8
aten,aten_outer,/home/arjaiswal/Polygeist/issues/aten_c_kernels/results/aten_outer/debuf.mlir,4af44bed94a9609747f508441567eb3c93b8e15f172ee0c8f855d91a5a0da894,egglog,5,ok,0,794.2274920642376,0,"[""/usr/bin/python3"", ""/home/arjaiswal/Polygeist/scripts/correctness/kernel_match_rewrite.py"", ""/home/arjaiswal/Polygeist/issues/aten_c_kernels/results/aten_outer/debuf.mlir"", ""--dry-run"", ""--matcher-mode"", ""egglog"", ""--telemetry-json"", ""/home/arjaiswal/Polygeist/issues/equality_saturation_eval/campaign_20260908/aten-aten_outer-egglog-xl18foi1.json"", ""--disable-semantic-fallback""]","== match report for /home/arjaiswal/Polygeist/issues/aten_c_kernels/results/aten_outer/debuf.mlir ==
  match          body#[0, 1]  cublasDgemm_outer_product
  total: 1 matched / 1 bodies
",0,[],0,0,0,0,/home/arjaiswal/Polygeist/issues/aten_c_kernels/results/aten_outer/debuf.mlir,2863,8,2,2,365.011740475893,0,69536,65.05070999264717,6,6,0,8,"[{""body_indices"": [0, 1], ""symbol"": ""cublasDgemm_outer_product""}]",1,0,0,0.0,8
aten,aten_outer,/home/arjaiswal/Polygeist/issues/aten_c_kernels/results/aten_outer/debuf.mlir,4af44bed94a9609747f508441567eb3c93b8e15f172ee0c8f855d91a5a0da894,syntactic,5,ok,0,733.193900436163,0,"[""/usr/bin/python3"", ""/home/arjaiswal/Polygeist/scripts/correctness/kernel_match_rewrite.py"", ""/home/arjaiswal/Polygeist/issues/aten_c_kernels/results/aten_outer/debuf.mlir"", ""--dry-run"", ""--matcher-mode"", ""syntactic"", ""--telemetry-json"", ""/home/arjaiswal/Polygeist/issues/equality_saturation_eval/campaign_20260908/aten-aten_outer-syntactic-anq33_nz.json"", ""--disable-semantic-fallback""]","== match report for /home/arjaiswal/Polygeist/issues/aten_c_kernels/results/aten_outer/debuf.mlir ==
  match          body#[0, 1]  cublasDgemm_outer_product
  total: 1 matched / 1 bodies
",0,[],0,0,0,0,/home/arjaiswal/Polygeist/issues/aten_c_kernels/results/aten_outer/debuf.mlir,2863,0,2,2,290.60787707567215,0,65792,0.04281476140022278,0,6,0,0,"[{""body_indices"": [0, 1], ""symbol"": ""cublasDgemm_outer_product""}]",1,0,8,0.0,8
aten,aten_padded_to_jagged_cpu,/home/arjaiswal/Polygeist/issues/aten_c_kernels/results/aten_padded_to_jagged_cpu/debuf.mlir,69760510fa123e21d3fbea931082f74b1b9e364e5f10991c2f786589cdd8ee5c,syntactic,1,ok,0,679.102897644043,0,"[""/usr/bin/python3"", ""/home/arjaiswal/Polygeist/scripts/correctness/kernel_match_rewrite.py"", ""/home/arjaiswal/Polygeist/issues/aten_c_kernels/results/aten_padded_to_jagged_cpu/debuf.mlir"", ""--dry-run"", ""--matcher-mode"", ""syntactic"", ""--telemetry-json"", ""/home/arjaiswal/Polygeist/issues/equality_saturation_eval/campaign_20260908/aten-aten_padded_to_jagged_cpu-syntactic-42x40w6_.json"", ""--disable-semantic-fallback""]","== match report for /home/arjaiswal/Polygeist/issues/aten_c_kernels/results/aten_padded_to_jagged_cpu/debuf.mlir ==
  total: 0 matched / 0 bodies
",0,[],0,0,0,0,/home/arjaiswal/Polygeist/issues/aten_c_kernels/results/aten_padded_to_jagged_cpu/debuf.mlir,2733,0,0,0,254.55502048134804,0,64524,0.0,0,0,0,0,[],0,0,0,0.0,0
aten,aten_padded_to_jagged_cpu,/home/arjaiswal/Polygeist/issues/aten_c_kernels/results/aten_padded_to_jagged_cpu/debuf.mlir,69760510fa123e21d3fbea931082f74b1b9e364e5f10991c2f786589cdd8ee5c,egglog,1,ok,0,686.645831912756,0,"[""/usr/bin/python3"", ""/home/arjaiswal/Polygeist/scripts/correctness/kernel_match_rewrite.py"", ""/home/arjaiswal/Polygeist/issues/aten_c_kernels/results/aten_padded_to_jagged_cpu/debuf.mlir"", ""--dry-run"", ""--matcher-mode"", ""egglog"", ""--telemetry-json"", ""/home/arjaiswal/Polygeist/issues/equality_saturation_eval/campaign_20260908/aten-aten_padded_to_jagged_cpu-egglog-muh7sd80.json"", ""--disable-semantic-fallback""]","== match report for /home/arjaiswal/Polygeist/issues/aten_c_kernels/results/aten_padded_to_jagged_cpu/debuf.mlir ==
  total: 0 matched / 0 bodies
",0,[],0,0,0,0,/home/arjaiswal/Polygeist/issues/aten_c_kernels/results/aten_padded_to_jagged_cpu/debuf.mlir,2733,8,0,0,273.1251083314419,0,64768,0.0,0,0,0,0,[],0,0,0,0.0,0
aten,aten_padded_to_jagged_cpu,/home/arjaiswal/Polygeist/issues/aten_c_kernels/results/aten_padded_to_jagged_cpu/debuf.mlir,69760510fa123e21d3fbea931082f74b1b9e364e5f10991c2f786589cdd8ee5c,egglog,2,ok,0,746.0812106728554,0,"[""/usr/bin/python3"", ""/home/arjaiswal/Polygeist/scripts/correctness/kernel_match_rewrite.py"", ""/home/arjaiswal/Polygeist/issues/aten_c_kernels/results/aten_padded_to_jagged_cpu/debuf.mlir"", ""--dry-run"", ""--matcher-mode"", ""egglog"", ""--telemetry-json"", ""/home/arjaiswal/Polygeist/issues/equality_saturation_eval/campaign_20260908/aten-aten_padded_to_jagged_cpu-egglog-dx_ci6lc.json"", ""--disable-semantic-fallback""]","== match report for /home/arjaiswal/Polygeist/issues/aten_c_kernels/results/aten_padded_to_jagged_cpu/debuf.mlir ==
  total: 0 matched / 0 bodies
",0,[],0,0,0,0,/home/arjaiswal/Polygeist/issues/aten_c_kernels/results/aten_padded_to_jagged_cpu/debuf.mlir,2733,8,0,0,317.9226964712143,0,64768,0.0,0,0,0,0,[],0,0,0,0.0,0
aten,aten_padded_to_jagged_cpu,/home/arjaiswal/Polygeist/issues/aten_c_kernels/results/aten_padded_to_jagged_cpu/debuf.mlir,69760510fa123e21d3fbea931082f74b1b9e364e5f10991c2f786589cdd8ee5c,syntactic,2,ok,0,738.5005243122578,0,"[""/usr/bin/python3"", ""/home/arjaiswal/Polygeist/scripts/correctness/kernel_match_rewrite.py"", ""/home/arjaiswal/Polygeist/issues/aten_c_kernels/results/aten_padded_to_jagged_cpu/debuf.mlir"", ""--dry-run"", ""--matcher-mode"", ""syntactic"", ""--telemetry-json"", ""/home/arjaiswal/Polygeist/issues/equality_saturation_eval/campaign_20260908/aten-aten_padded_to_jagged_cpu-syntactic-kwcy_o6k.json"", ""--disable-semantic-fallback""]","== match report for /home/arjaiswal/Polygeist/issues/aten_c_kernels/results/aten_padded_to_jagged_cpu/debuf.mlir ==
  total: 0 matched / 0 bodies
",0,[],0,0,0,0,/home/arjaiswal/Polygeist/issues/aten_c_kernels/results/aten_padded_to_jagged_cpu/debuf.mlir,2733,0,0,0,257.51129910349846,0,64984,0.0,0,0,0,0,[],0,0,0,0.0,0
aten,aten_padded_to_jagged_cpu,/home/arjaiswal/Polygeist/issues/aten_c_kernels/results/aten_padded_to_jagged_cpu/debuf.mlir,69760510fa123e21d3fbea931082f74b1b9e364e5f10991c2f786589cdd8ee5c,syntactic,3,ok,0,682.8867420554161,0,"[""/usr/bin/python3"", ""/home/arjaiswal/Polygeist/scripts/correctness/kernel_match_rewrite.py"", ""/home/arjaiswal/Polygeist/issues/aten_c_kernels/results/aten_padded_to_jagged_cpu/debuf.mlir"", ""--dry-run"", ""--matcher-mode"", ""syntactic"", ""--telemetry-json"", ""/home/arjaiswal/Polygeist/issues/equality_saturation_eval/campaign_20260908/aten-aten_padded_to_jagged_cpu-syntactic-u5j3dap0.json"", ""--disable-semantic-fallback""]","== match report for /home/arjaiswal/Polygeist/issues/aten_c_kernels/results/aten_padded_to_jagged_cpu/debuf.mlir ==
  total: 0 matched / 0 bodies
",0,[],0,0,0,0,/home/arjaiswal/Polygeist/issues/aten_c_kernels/results/aten_padded_to_jagged_cpu/debuf.mlir,2733,0,0,0,258.4955133497715,0,64488,0.0,0,0,0,0,[],0,0,0,0.0,0
aten,aten_padded_to_jagged_cpu,/home/arjaiswal/Polygeist/issues/aten_c_kernels/results/aten_padded_to_jagged_cpu/debuf.mlir,69760510fa123e21d3fbea931082f74b1b9e364e5f10991c2f786589cdd8ee5c,egglog,3,ok,0,693.2671405375004,0,"[""/usr/bin/python3"", ""/home/arjaiswal/Polygeist/scripts/correctness/kernel_match_rewrite.py"", ""/home/arjaiswal/Polygeist/issues/aten_c_kernels/results/aten_padded_to_jagged_cpu/debuf.mlir"", ""--dry-run"", ""--matcher-mode"", ""egglog"", ""--telemetry-json"", ""/home/arjaiswal/Polygeist/issues/equality_saturation_eval/campaign_20260908/aten-aten_padded_to_jagged_cpu-egglog-g375lxtd.json"", ""--disable-semantic-fallback""]","== match report for /home/arjaiswal/Polygeist/issues/aten_c_kernels/results/aten_padded_to_jagged_cpu/debuf.mlir ==
  total: 0 matched / 0 bodies
",0,[],0,0,0,0,/home/arjaiswal/Polygeist/issues/aten_c_kernels/results/aten_padded_to_jagged_cpu/debuf.mlir,2733,8,0,0,261.5661732852459,0,64632,0.0,0,0,0,0,[],0,0,0,0.0,0
aten,aten_padded_to_jagged_cpu,/home/arjaiswal/Polygeist/issues/aten_c_kernels/results/aten_padded_to_jagged_cpu/debuf.mlir,69760510fa123e21d3fbea931082f74b1b9e364e5f10991c2f786589cdd8ee5c,egglog,4,ok,0,677.8341270983219,0,"[""/usr/bin/python3"", ""/home/arjaiswal/Polygeist/scripts/correctness/kernel_match_rewrite.py"", ""/home/arjaiswal/Polygeist/issues/aten_c_kernels/results/aten_padded_to_jagged_cpu/debuf.mlir"", ""--dry-run"", ""--matcher-mode"", ""egglog"", ""--telemetry-json"", ""/home/arjaiswal/Polygeist/issues/equality_saturation_eval/campaign_20260908/aten-aten_padded_to_jagged_cpu-egglog-xe_owpz4.json"", ""--disable-semantic-fallback""]","== match report for /home/arjaiswal/Polygeist/issues/aten_c_kernels/results/aten_padded_to_jagged_cpu/debuf.mlir ==
  total: 0 matched / 0 bodies
",0,[],0,0,0,0,/home/arjaiswal/Polygeist/issues/aten_c_kernels/results/aten_padded_to_jagged_cpu/debuf.mlir,2733,8,0,0,253.03035974502563,0,64780,0.0,0,0,0,0,[],0,0,0,0.0,0
aten,aten_padded_to_jagged_cpu,/home/arjaiswal/Polygeist/issues/aten_c_kernels/results/aten_padded_to_jagged_cpu/debuf.mlir,69760510fa123e21d3fbea931082f74b1b9e364e5f10991c2f786589cdd8ee5c,syntactic,4,ok,0,662.4871753156185,0,"[""/usr/bin/python3"", ""/home/arjaiswal/Polygeist/scripts/correctness/kernel_match_rewrite.py"", ""/home/arjaiswal/Polygeist/issues/aten_c_kernels/results/aten_padded_to_jagged_cpu/debuf.mlir"", ""--dry-run"", ""--matcher-mode"", ""syntactic"", ""--telemetry-json"", ""/home/arjaiswal/Polygeist/issues/equality_saturation_eval/campaign_20260908/aten-aten_padded_to_jagged_cpu-syntactic-_9q2e_vz.json"", ""--disable-semantic-fallback""]","== match report for /home/arjaiswal/Polygeist/issues/aten_c_kernels/results/aten_padded_to_jagged_cpu/debuf.mlir ==
  total: 0 matched / 0 bodies
",0,[],0,0,0,0,/home/arjaiswal/Polygeist/issues/aten_c_kernels/results/aten_padded_to_jagged_cpu/debuf.mlir,2733,0,0,0,255.24509698152542,0,64744,0.0,0,0,0,0,[],0,0,0,0.0,0
aten,aten_padded_to_jagged_cpu,/home/arjaiswal/Polygeist/issues/aten_c_kernels/results/aten_padded_to_jagged_cpu/debuf.mlir,69760510fa123e21d3fbea931082f74b1b9e364e5f10991c2f786589cdd8ee5c,syntactic,5,ok,0,722.4474176764488,0,"[""/usr/bin/python3"", ""/home/arjaiswal/Polygeist/scripts/correctness/kernel_match_rewrite.py"", ""/home/arjaiswal/Polygeist/issues/aten_c_kernels/results/aten_padded_to_jagged_cpu/debuf.mlir"", ""--dry-run"", ""--matcher-mode"", ""syntactic"", ""--telemetry-json"", ""/home/arjaiswal/Polygeist/issues/equality_saturation_eval/campaign_20260908/aten-aten_padded_to_jagged_cpu-syntactic-mzvk14by.json"", ""--disable-semantic-fallback""]","== match report for /home/arjaiswal/Polygeist/issues/aten_c_kernels/results/aten_padded_to_jagged_cpu/debuf.mlir ==
  total: 0 matched / 0 bodies
",0,[],0,0,0,0,/home/arjaiswal/Polygeist/issues/aten_c_kernels/results/aten_padded_to_jagged_cpu/debuf.mlir,2733,0,0,0,288.43363747000694,0,64664,0.0,0,0,0,0,[],0,0,0,0.0,0
aten,aten_padded_to_jagged_cpu,/home/arjaiswal/Polygeist/issues/aten_c_kernels/results/aten_padded_to_jagged_cpu/debuf.mlir,69760510fa123e21d3fbea931082f74b1b9e364e5f10991c2f786589cdd8ee5c,egglog,5,ok,0,668.963722884655,0,"[""/usr/bin/python3"", ""/home/arjaiswal/Polygeist/scripts/correctness/kernel_match_rewrite.py"", ""/home/arjaiswal/Polygeist/issues/aten_c_kernels/results/aten_padded_to_jagged_cpu/debuf.mlir"", ""--dry-run"", ""--matcher-mode"", ""egglog"", ""--telemetry-json"", ""/home/arjaiswal/Polygeist/issues/equality_saturation_eval/campaign_20260908/aten-aten_padded_to_jagged_cpu-egglog-l1zy_wxr.json"", ""--disable-semantic-fallback""]","== match report for /home/arjaiswal/Polygeist/issues/aten_c_kernels/results/aten_padded_to_jagged_cpu/debuf.mlir ==
  total: 0 matched / 0 bodies
",0,[],0,0,0,0,/home/arjaiswal/Polygeist/issues/aten_c_kernels/results/aten_padded_to_jagged_cpu/debuf.mlir,2733,8,0,0,249.54647198319435,0,64820,0.0,0,0,0,0,[],0,0,0,0.0,0
aten,aten_pdist_backward_cpu,/home/arjaiswal/Polygeist/issues/aten_c_kernels/results/aten_pdist_backward_cpu/debuf.mlir,c107c62409153a2338c86a2e1abb59e7be8283d0d947caa27ea765994ace9a1d,egglog,1,ok,0,706.1023861169815,0,"[""/usr/bin/python3"", ""/home/arjaiswal/Polygeist/scripts/correctness/kernel_match_rewrite.py"", ""/home/arjaiswal/Polygeist/issues/aten_c_kernels/results/aten_pdist_backward_cpu/debuf.mlir"", ""--dry-run"", ""--matcher-mode"", ""egglog"", ""--telemetry-json"", ""/home/arjaiswal/Polygeist/issues/equality_saturation_eval/campaign_20260908/aten-aten_pdist_backward_cpu-egglog-f4lbc32a.json"", ""--disable-semantic-fallback""]","== match report for /home/arjaiswal/Polygeist/issues/aten_c_kernels/results/aten_pdist_backward_cpu/debuf.mlir ==
  match          body#[0]  memset_zero_2D_f32
  total: 1 matched / 1 bodies
",0,[],0,0,0,0,/home/arjaiswal/Polygeist/issues/aten_c_kernels/results/aten_pdist_backward_cpu/debuf.mlir,6038,8,1,1,292.0604236423969,0,69316,20.110197365283966,2,2,0,0,"[{""body_indices"": [0], ""symbol"": ""memset_zero_2D_f32""}]",1,0,0,0.0,4
aten,aten_pdist_backward_cpu,/home/arjaiswal/Polygeist/issues/aten_c_kernels/results/aten_pdist_backward_cpu/debuf.mlir,c107c62409153a2338c86a2e1abb59e7be8283d0d947caa27ea765994ace9a1d,syntactic,1,ok,0,712.6577161252499,0,"[""/usr/bin/python3"", ""/home/arjaiswal/Polygeist/scripts/correctness/kernel_match_rewrite.py"", ""/home/arjaiswal/Polygeist/issues/aten_c_kernels/results/aten_pdist_backward_cpu/debuf.mlir"", ""--dry-run"", ""--matcher-mode"", ""syntactic"", ""--telemetry-json"", ""/home/arjaiswal/Polygeist/issues/equality_saturation_eval/campaign_20260908/aten-aten_pdist_backward_cpu-syntactic-m6ssa9pj.json"", ""--disable-semantic-fallback""]","== match report for /home/arjaiswal/Polygeist/issues/aten_c_kernels/results/aten_pdist_backward_cpu/debuf.mlir ==
  match          body#[0]  memset_zero_2D_f32
  total: 1 matched / 1 bodies
",0,[],0,0,0,0,/home/arjaiswal/Polygeist/issues/aten_c_kernels/results/aten_pdist_backward_cpu/debuf.mlir,6038,0,1,1,290.11692106723785,0,65672,0.016454607248306274,0,2,0,0,"[{""body_indices"": [0], ""symbol"": ""memset_zero_2D_f32""}]",1,0,4,0.0,4
aten,aten_pdist_backward_cpu,/home/arjaiswal/Polygeist/issues/aten_c_kernels/results/aten_pdist_backward_cpu/debuf.mlir,c107c62409153a2338c86a2e1abb59e7be8283d0d947caa27ea765994ace9a1d,syntactic,2,ok,0,740.4439374804497,0,"[""/usr/bin/python3"", ""/home/arjaiswal/Polygeist/scripts/correctness/kernel_match_rewrite.py"", ""/home/arjaiswal/Polygeist/issues/aten_c_kernels/results/aten_pdist_backward_cpu/debuf.mlir"", ""--dry-run"", ""--matcher-mode"", ""syntactic"", ""--telemetry-json"", ""/home/arjaiswal/Polygeist/issues/equality_saturation_eval/campaign_20260908/aten-aten_pdist_backward_cpu-syntactic-2ntmpykx.json"", ""--disable-semantic-fallback""]","== match report for /home/arjaiswal/Polygeist/issues/aten_c_kernels/results/aten_pdist_backward_cpu/debuf.mlir ==
  match          body#[0]  memset_zero_2D_f32
  total: 1 matched / 1 bodies
",0,[],0,0,0,0,/home/arjaiswal/Polygeist/issues/aten_c_kernels/results/aten_pdist_backward_cpu/debuf.mlir,6038,0,1,1,312.5115819275379,0,64712,0.017218291759490967,0,2,0,0,"[{""body_indices"": [0], ""symbol"": ""memset_zero_2D_f32""}]",1,0,4,0.0,4
aten,aten_pdist_backward_cpu,/home/arjaiswal/Polygeist/issues/aten_c_kernels/results/aten_pdist_backward_cpu/debuf.mlir,c107c62409153a2338c86a2e1abb59e7be8283d0d947caa27ea765994ace9a1d,egglog,2,ok,0,741.8775111436844,0,"[""/usr/bin/python3"", ""/home/arjaiswal/Polygeist/scripts/correctness/kernel_match_rewrite.py"", ""/home/arjaiswal/Polygeist/issues/aten_c_kernels/results/aten_pdist_backward_cpu/debuf.mlir"", ""--dry-run"", ""--matcher-mode"", ""egglog"", ""--telemetry-json"", ""/home/arjaiswal/Polygeist/issues/equality_saturation_eval/campaign_20260908/aten-aten_pdist_backward_cpu-egglog-duu4t8si.json"", ""--disable-semantic-fallback""]","== match report for /home/arjaiswal/Polygeist/issues/aten_c_kernels/results/aten_pdist_backward_cpu/debuf.mlir ==
  match          body#[0]  memset_zero_2D_f32
  total: 1 matched / 1 bodies
",0,[],0,0,0,0,/home/arjaiswal/Polygeist/issues/aten_c_kernels/results/aten_pdist_backward_cpu/debuf.mlir,6038,8,1,1,319.15128976106644,0,69500,20.17967775464058,2,2,0,0,"[{""body_indices"": [0], ""symbol"": ""memset_zero_2D_f32""}]",1,0,0,0.0,4
aten,aten_pdist_backward_cpu,/home/arjaiswal/Polygeist/issues/aten_c_kernels/results/aten_pdist_backward_cpu/debuf.mlir,c107c62409153a2338c86a2e1abb59e7be8283d0d947caa27ea765994ace9a1d,egglog,3,ok,0,720.877792686224,0,"[""/usr/bin/python3"", ""/home/arjaiswal/Polygeist/scripts/correctness/kernel_match_rewrite.py"", ""/home/arjaiswal/Polygeist/issues/aten_c_kernels/results/aten_pdist_backward_cpu/debuf.mlir"", ""--dry-run"", ""--matcher-mode"", ""egglog"", ""--telemetry-json"", ""/home/arjaiswal/Polygeist/issues/equality_saturation_eval/campaign_20260908/aten-aten_pdist_backward_cpu-egglog-1cwzjp2u.json"", ""--disable-semantic-fallback""]","== match report for /home/arjaiswal/Polygeist/issues/aten_c_kernels/results/aten_pdist_backward_cpu/debuf.mlir ==
  match          body#[0]  memset_zero_2D_f32
  total: 1 matched / 1 bodies
",0,[],0,0,0,0,/home/arjaiswal/Polygeist/issues/aten_c_kernels/results/aten_pdist_backward_cpu/debuf.mlir,6038,8,1,1,303.8628250360489,0,69368,20.45309916138649,2,2,0,0,"[{""body_indices"": [0], ""symbol"": ""memset_zero_2D_f32""}]",1,0,0,0.0,4
aten,aten_pdist_backward_cpu,/home/arjaiswal/Polygeist/issues/aten_c_kernels/results/aten_pdist_backward_cpu/debuf.mlir,c107c62409153a2338c86a2e1abb59e7be8283d0d947caa27ea765994ace9a1d,syntactic,3,ok,0,693.6880499124527,0,"[""/usr/bin/python3"", ""/home/arjaiswal/Polygeist/scripts/correctness/kernel_match_rewrite.py"", ""/home/arjaiswal/Polygeist/issues/aten_c_kernels/results/aten_pdist_backward_cpu/debuf.mlir"", ""--dry-run"", ""--matcher-mode"", ""syntactic"", ""--telemetry-json"", ""/home/arjaiswal/Polygeist/issues/equality_saturation_eval/campaign_20260908/aten-aten_pdist_backward_cpu-syntactic-i5qo8ek1.json"", ""--disable-semantic-fallback""]","== match report for /home/arjaiswal/Polygeist/issues/aten_c_kernels/results/aten_pdist_backward_cpu/debuf.mlir ==
  match          body#[0]  memset_zero_2D_f32
  total: 1 matched / 1 bodies
",0,[],0,0,0,0,/home/arjaiswal/Polygeist/issues/aten_c_kernels/results/aten_pdist_backward_cpu/debuf.mlir,6038,0,1,1,281.3403382897377,0,65752,0.015974044799804688,0,2,0,0,"[{""body_indices"": [0], ""symbol"": ""memset_zero_2D_f32""}]",1,0,4,0.0,4
aten,aten_pdist_backward_cpu,/home/arjaiswal/Polygeist/issues/aten_c_kernels/results/aten_pdist_backward_cpu/debuf.mlir,c107c62409153a2338c86a2e1abb59e7be8283d0d947caa27ea765994ace9a1d,syntactic,4,ok,0,677.45765671134,0,"[""/usr/bin/python3"", ""/home/arjaiswal/Polygeist/scripts/correctness/kernel_match_rewrite.py"", ""/home/arjaiswal/Polygeist/issues/aten_c_kernels/results/aten_pdist_backward_cpu/debuf.mlir"", ""--dry-run"", ""--matcher-mode"", ""syntactic"", ""--telemetry-json"", ""/home/arjaiswal/Polygeist/issues/equality_saturation_eval/campaign_20260908/aten-aten_pdist_backward_cpu-syntactic-pemh_10o.json"", ""--disable-semantic-fallback""]","== match report for /home/arjaiswal/Polygeist/issues/aten_c_kernels/results/aten_pdist_backward_cpu/debuf.mlir ==
  match          body#[0]  memset_zero_2D_f32
  total: 1 matched / 1 bodies
",0,[],0,0,0,0,/home/arjaiswal/Polygeist/issues/aten_c_kernels/results/aten_pdist_backward_cpu/debuf.mlir,6038,0,1,1,267.88727939128876,0,64696,0.01734122633934021,0,2,0,0,"[{""body_indices"": [0], ""symbol"": ""memset_zero_2D_f32""}]",1,0,4,0.0,4
aten,aten_pdist_backward_cpu,/home/arjaiswal/Polygeist/issues/aten_c_kernels/results/aten_pdist_backward_cpu/debuf.mlir,c107c62409153a2338c86a2e1abb59e7be8283d0d947caa27ea765994ace9a1d,egglog,4,ok,0,758.2428008317947,0,"[""/usr/bin/python3"", ""/home/arjaiswal/Polygeist/scripts/correctness/kernel_match_rewrite.py"", ""/home/arjaiswal/Polygeist/issues/aten_c_kernels/results/aten_pdist_backward_cpu/debuf.mlir"", ""--dry-run"", ""--matcher-mode"", ""egglog"", ""--telemetry-json"", ""/home/arjaiswal/Polygeist/issues/equality_saturation_eval/campaign_20260908/aten-aten_pdist_backward_cpu-egglog-osis6458.json"", ""--disable-semantic-fallback""]","== match report for /home/arjaiswal/Polygeist/issues/aten_c_kernels/results/aten_pdist_backward_cpu/debuf.mlir ==
  match          body#[0]  memset_zero_2D_f32
  total: 1 matched / 1 bodies
",0,[],0,0,0,0,/home/arjaiswal/Polygeist/issues/aten_c_kernels/results/aten_pdist_backward_cpu/debuf.mlir,6038,8,1,1,321.23974338173866,0,69376,21.45320177078247,2,2,0,0,"[{""body_indices"": [0], ""symbol"": ""memset_zero_2D_f32""}]",1,0,0,0.0,4
aten,aten_pdist_backward_cpu,/home/arjaiswal/Polygeist/issues/aten_c_kernels/results/aten_pdist_backward_cpu/debuf.mlir,c107c62409153a2338c86a2e1abb59e7be8283d0d947caa27ea765994ace9a1d,egglog,5,ok,0,735.4858629405499,0,"[""/usr/bin/python3"", ""/home/arjaiswal/Polygeist/scripts/correctness/kernel_match_rewrite.py"", ""/home/arjaiswal/Polygeist/issues/aten_c_kernels/results/aten_pdist_backward_cpu/debuf.mlir"", ""--dry-run"", ""--matcher-mode"", ""egglog"", ""--telemetry-json"", ""/home/arjaiswal/Polygeist/issues/equality_saturation_eval/campaign_20260908/aten-aten_pdist_backward_cpu-egglog-aw4o0e0j.json"", ""--disable-semantic-fallback""]","== match report for /home/arjaiswal/Polygeist/issues/aten_c_kernels/results/aten_pdist_backward_cpu/debuf.mlir ==
  match          body#[0]  memset_zero_2D_f32
  total: 1 matched / 1 bodies
",0,[],0,0,0,0,/home/arjaiswal/Polygeist/issues/aten_c_kernels/results/aten_pdist_backward_cpu/debuf.mlir,6038,8,1,1,321.26153632998466,0,69568,20.84186300635338,2,2,0,0,"[{""body_indices"": [0], ""symbol"": ""memset_zero_2D_f32""}]",1,0,0,0.0,4
aten,aten_pdist_backward_cpu,/home/arjaiswal/Polygeist/issues/aten_c_kernels/results/aten_pdist_backward_cpu/debuf.mlir,c107c62409153a2338c86a2e1abb59e7be8283d0d947caa27ea765994ace9a1d,syntactic,5,ok,0,723.8760851323605,0,"[""/usr/bin/python3"", ""/home/arjaiswal/Polygeist/scripts/correctness/kernel_match_rewrite.py"", ""/home/arjaiswal/Polygeist/issues/aten_c_kernels/results/aten_pdist_backward_cpu/debuf.mlir"", ""--dry-run"", ""--matcher-mode"", ""syntactic"", ""--telemetry-json"", ""/home/arjaiswal/Polygeist/issues/equality_saturation_eval/campaign_20260908/aten-aten_pdist_backward_cpu-syntactic-6h3yedrh.json"", ""--disable-semantic-fallback""]","== match report for /home/arjaiswal/Polygeist/issues/aten_c_kernels/results/aten_pdist_backward_cpu/debuf.mlir ==
  match          body#[0]  memset_zero_2D_f32
  total: 1 matched / 1 bodies
",0,[],0,0,0,0,/home/arjaiswal/Polygeist/issues/aten_c_kernels/results/aten_pdist_backward_cpu/debuf.mlir,6038,0,1,1,270.5911174416542,0,65792,0.017218291759490967,0,2,0,0,"[{""body_indices"": [0], ""symbol"": ""memset_zero_2D_f32""}]",1,0,4,0.0,4
aten,aten_pdist_forward_cpu,/home/arjaiswal/Polygeist/issues/aten_c_kernels/results/aten_pdist_forward_cpu/debuf.mlir,6bed72da4a8bcdae8a45609f955185ab20cc4b9210115b8e8dab823ba1cd4dc2,syntactic,1,ok,0,733.5402518510818,0,"[""/usr/bin/python3"", ""/home/arjaiswal/Polygeist/scripts/correctness/kernel_match_rewrite.py"", ""/home/arjaiswal/Polygeist/issues/aten_c_kernels/results/aten_pdist_forward_cpu/debuf.mlir"", ""--dry-run"", ""--matcher-mode"", ""syntactic"", ""--telemetry-json"", ""/home/arjaiswal/Polygeist/issues/equality_saturation_eval/campaign_20260908/aten-aten_pdist_forward_cpu-syntactic-ab5calso.json"", ""--disable-semantic-fallback""]","== match report for /home/arjaiswal/Polygeist/issues/aten_c_kernels/results/aten_pdist_forward_cpu/debuf.mlir ==
  no_match       body#0  ?
  total: 0 matched / 1 bodies
",0,[],0,0,0,0,/home/arjaiswal/Polygeist/issues/aten_c_kernels/results/aten_pdist_forward_cpu/debuf.mlir,3262,0,1,0,288.63145411014557,1,65560,0.01535564661026001,0,0,0,0,[],0,0,4,0.0,4
aten,aten_pdist_forward_cpu,/home/arjaiswal/Polygeist/issues/aten_c_kernels/results/aten_pdist_forward_cpu/debuf.mlir,6bed72da4a8bcdae8a45609f955185ab20cc4b9210115b8e8dab823ba1cd4dc2,egglog,1,ok,0,701.5281021595001,0,"[""/usr/bin/python3"", ""/home/arjaiswal/Polygeist/scripts/correctness/kernel_match_rewrite.py"", ""/home/arjaiswal/Polygeist/issues/aten_c_kernels/results/aten_pdist_forward_cpu/debuf.mlir"", ""--dry-run"", ""--matcher-mode"", ""egglog"", ""--telemetry-json"", ""/home/arjaiswal/Polygeist/issues/equality_saturation_eval/campaign_20260908/aten-aten_pdist_forward_cpu-egglog-ctrb6wtz.json"", ""--disable-semantic-fallback""]","== match report for /home/arjaiswal/Polygeist/issues/aten_c_kernels/results/aten_pdist_forward_cpu/debuf.mlir ==
  no_match       body#0  ?
  total: 0 matched / 1 bodies
",0,[],0,0,0,0,/home/arjaiswal/Polygeist/issues/aten_c_kernels/results/aten_pdist_forward_cpu/debuf.mlir,3262,8,1,0,284.8133221268654,1,64820,0.0,0,0,0,0,[],0,0,0,0.0,4
aten,aten_pdist_forward_cpu,/home/arjaiswal/Polygeist/issues/aten_c_kernels/results/aten_pdist_forward_cpu/debuf.mlir,6bed72da4a8bcdae8a45609f955185ab20cc4b9210115b8e8dab823ba1cd4dc2,egglog,2,ok,0,673.0538420379162,0,"[""/usr/bin/python3"", ""/home/arjaiswal/Polygeist/scripts/correctness/kernel_match_rewrite.py"", ""/home/arjaiswal/Polygeist/issues/aten_c_kernels/results/aten_pdist_forward_cpu/debuf.mlir"", ""--dry-run"", ""--matcher-mode"", ""egglog"", ""--telemetry-json"", ""/home/arjaiswal/Polygeist/issues/equality_saturation_eval/campaign_20260908/aten-aten_pdist_forward_cpu-egglog-z4yfvw95.json"", ""--disable-semantic-fallback""]","== match report for /home/arjaiswal/Polygeist/issues/aten_c_kernels/results/aten_pdist_forward_cpu/debuf.mlir ==
  no_match       body#0  ?
  total: 0 matched / 1 bodies
",0,[],0,0,0,0,/home/arjaiswal/Polygeist/issues/aten_c_kernels/results/aten_pdist_forward_cpu/debuf.mlir,3262,8,1,0,269.20053362846375,1,64608,0.0,0,0,0,0,[],0,0,0,0.0,4
aten,aten_pdist_forward_cpu,/home/arjaiswal/Polygeist/issues/aten_c_kernels/results/aten_pdist_forward_cpu/debuf.mlir,6bed72da4a8bcdae8a45609f955185ab20cc4b9210115b8e8dab823ba1cd4dc2,syntactic,2,ok,0,677.7435876429081,0,"[""/usr/bin/python3"", ""/home/arjaiswal/Polygeist/scripts/correctness/kernel_match_rewrite.py"", ""/home/arjaiswal/Polygeist/issues/aten_c_kernels/results/aten_pdist_forward_cpu/debuf.mlir"", ""--dry-run"", ""--matcher-mode"", ""syntactic"", ""--telemetry-json"", ""/home/arjaiswal/Polygeist/issues/equality_saturation_eval/campaign_20260908/aten-aten_pdist_forward_cpu-syntactic-515nm4lx.json"", ""--disable-semantic-fallback""]","== match report for /home/arjaiswal/Polygeist/issues/aten_c_kernels/results/aten_pdist_forward_cpu/debuf.mlir ==
  no_match       body#0  ?
  total: 0 matched / 1 bodies
",0,[],0,0,0,0,/home/arjaiswal/Polygeist/issues/aten_c_kernels/results/aten_pdist_forward_cpu/debuf.mlir,3262,0,1,0,268.5447484254837,1,64644,0.016316771507263184,0,0,0,0,[],0,0,4,0.0,4
aten,aten_pdist_forward_cpu,/home/arjaiswal/Polygeist/issues/aten_c_kernels/results/aten_pdist_forward_cpu/debuf.mlir,6bed72da4a8bcdae8a45609f955185ab20cc4b9210115b8e8dab823ba1cd4dc2,syntactic,3,ok,0,666.5198691189289,0,"[""/usr/bin/python3"", ""/home/arjaiswal/Polygeist/scripts/correctness/kernel_match_rewrite.py"", ""/home/arjaiswal/Polygeist/issues/aten_c_kernels/results/aten_pdist_forward_cpu/debuf.mlir"", ""--dry-run"", ""--matcher-mode"", ""syntactic"", ""--telemetry-json"", ""/home/arjaiswal/Polygeist/issues/equality_saturation_eval/campaign_20260908/aten-aten_pdist_forward_cpu-syntactic-h64mw16f.json"", ""--disable-semantic-fallback""]","== match report for /home/arjaiswal/Polygeist/issues/aten_c_kernels/results/aten_pdist_forward_cpu/debuf.mlir ==
  no_match       body#0  ?
  total: 0 matched / 1 bodies
",0,[],0,0,0,0,/home/arjaiswal/Polygeist/issues/aten_c_kernels/results/aten_pdist_forward_cpu/debuf.mlir,3262,0,1,0,268.1509628891945,1,65592,0.015810132026672363,0,0,0,0,[],0,0,4,0.0,4
aten,aten_pdist_forward_cpu,/home/arjaiswal/Polygeist/issues/aten_c_kernels/results/aten_pdist_forward_cpu/debuf.mlir,6bed72da4a8bcdae8a45609f955185ab20cc4b9210115b8e8dab823ba1cd4dc2,egglog,3,ok,0,698.0224661529064,0,"[""/usr/bin/python3"", ""/home/arjaiswal/Polygeist/scripts/correctness/kernel_match_rewrite.py"", ""/home/arjaiswal/Polygeist/issues/aten_c_kernels/results/aten_pdist_forward_cpu/debuf.mlir"", ""--dry-run"", ""--matcher-mode"", ""egglog"", ""--telemetry-json"", ""/home/arjaiswal/Polygeist/issues/equality_saturation_eval/campaign_20260908/aten-aten_pdist_forward_cpu-egglog-hpac0vr9.json"", ""--disable-semantic-fallback""]","== match report for /home/arjaiswal/Polygeist/issues/aten_c_kernels/results/aten_pdist_forward_cpu/debuf.mlir ==
  no_match       body#0  ?
  total: 0 matched / 1 bodies
",0,[],0,0,0,0,/home/arjaiswal/Polygeist/issues/aten_c_kernels/results/aten_pdist_forward_cpu/debuf.mlir,3262,8,1,0,279.56273406744003,1,65744,0.0,0,0,0,0,[],0,0,0,0.0,4
aten,aten_pdist_forward_cpu,/home/arjaiswal/Polygeist/issues/aten_c_kernels/results/aten_pdist_forward_cpu/debuf.mlir,6bed72da4a8bcdae8a45609f955185ab20cc4b9210115b8e8dab823ba1cd4dc2,egglog,4,ok,0,658.1134684383869,0,"[""/usr/bin/python3"", ""/home/arjaiswal/Polygeist/scripts/correctness/kernel_match_rewrite.py"", ""/home/arjaiswal/Polygeist/issues/aten_c_kernels/results/aten_pdist_forward_cpu/debuf.mlir"", ""--dry-run"", ""--matcher-mode"", ""egglog"", ""--telemetry-json"", ""/home/arjaiswal/Polygeist/issues/equality_saturation_eval/campaign_20260908/aten-aten_pdist_forward_cpu-egglog-gutw3cz8.json"", ""--disable-semantic-fallback""]","== match report for /home/arjaiswal/Polygeist/issues/aten_c_kernels/results/aten_pdist_forward_cpu/debuf.mlir ==
  no_match       body#0  ?
  total: 0 matched / 1 bodies
",0,[],0,0,0,0,/home/arjaiswal/Polygeist/issues/aten_c_kernels/results/aten_pdist_forward_cpu/debuf.mlir,3262,8,1,0,263.8663724064827,1,64856,0.0,0,0,0,0,[],0,0,0,0.0,4
aten,aten_pdist_forward_cpu,/home/arjaiswal/Polygeist/issues/aten_c_kernels/results/aten_pdist_forward_cpu/debuf.mlir,6bed72da4a8bcdae8a45609f955185ab20cc4b9210115b8e8dab823ba1cd4dc2,syntactic,4,ok,0,697.8120915591717,0,"[""/usr/bin/python3"", ""/home/arjaiswal/Polygeist/scripts/correctness/kernel_match_rewrite.py"", ""/home/arjaiswal/Polygeist/issues/aten_c_kernels/results/aten_pdist_forward_cpu/debuf.mlir"", ""--dry-run"", ""--matcher-mode"", ""syntactic"", ""--telemetry-json"", ""/home/arjaiswal/Polygeist/issues/equality_saturation_eval/campaign_20260908/aten-aten_pdist_forward_cpu-syntactic-hpepazie.json"", ""--disable-semantic-fallback""]","== match report for /home/arjaiswal/Polygeist/issues/aten_c_kernels/results/aten_pdist_forward_cpu/debuf.mlir ==
  no_match       body#0  ?
  total: 0 matched / 1 bodies
",0,[],0,0,0,0,/home/arjaiswal/Polygeist/issues/aten_c_kernels/results/aten_pdist_forward_cpu/debuf.mlir,3262,0,1,0,278.99225428700447,1,65704,0.018868595361709595,0,0,0,0,[],0,0,4,0.0,4
aten,aten_pdist_forward_cpu,/home/arjaiswal/Polygeist/issues/aten_c_kernels/results/aten_pdist_forward_cpu/debuf.mlir,6bed72da4a8bcdae8a45609f955185ab20cc4b9210115b8e8dab823ba1cd4dc2,syntactic,5,ok,0,718.257836997509,0,"[""/usr/bin/python3"", ""/home/arjaiswal/Polygeist/scripts/correctness/kernel_match_rewrite.py"", ""/home/arjaiswal/Polygeist/issues/aten_c_kernels/results/aten_pdist_forward_cpu/debuf.mlir"", ""--dry-run"", ""--matcher-mode"", ""syntactic"", ""--telemetry-json"", ""/home/arjaiswal/Polygeist/issues/equality_saturation_eval/campaign_20260908/aten-aten_pdist_forward_cpu-syntactic-jwo662ig.json"", ""--disable-semantic-fallback""]","== match report for /home/arjaiswal/Polygeist/issues/aten_c_kernels/results/aten_pdist_forward_cpu/debuf.mlir ==
  no_match       body#0  ?
  total: 0 matched / 1 bodies
",0,[],0,0,0,0,/home/arjaiswal/Polygeist/issues/aten_c_kernels/results/aten_pdist_forward_cpu/debuf.mlir,3262,0,1,0,304.8843443393707,1,64888,0.014223158359527588,0,0,0,0,[],0,0,4,0.0,4
aten,aten_pdist_forward_cpu,/home/arjaiswal/Polygeist/issues/aten_c_kernels/results/aten_pdist_forward_cpu/debuf.mlir,6bed72da4a8bcdae8a45609f955185ab20cc4b9210115b8e8dab823ba1cd4dc2,egglog,5,ok,0,707.3926068842411,0,"[""/usr/bin/python3"", ""/home/arjaiswal/Polygeist/scripts/correctness/kernel_match_rewrite.py"", ""/home/arjaiswal/Polygeist/issues/aten_c_kernels/results/aten_pdist_forward_cpu/debuf.mlir"", ""--dry-run"", ""--matcher-mode"", ""egglog"", ""--telemetry-json"", ""/home/arjaiswal/Polygeist/issues/equality_saturation_eval/campaign_20260908/aten-aten_pdist_forward_cpu-egglog-otag7l64.json"", ""--disable-semantic-fallback""]","== match report for /home/arjaiswal/Polygeist/issues/aten_c_kernels/results/aten_pdist_forward_cpu/debuf.mlir ==
  no_match       body#0  ?
  total: 0 matched / 1 bodies
",0,[],0,0,0,0,/home/arjaiswal/Polygeist/issues/aten_c_kernels/results/aten_pdist_forward_cpu/debuf.mlir,3262,8,1,0,275.22942423820496,1,64536,0.0,0,0,0,0,[],0,0,0,0.0,4
aten,aten_permute_sparse_coo_cpu,/home/arjaiswal/Polygeist/issues/aten_c_kernels/results/aten_permute_sparse_coo_cpu/debuf.mlir,0270d6df78ff10de839c784dd7439f52fca01b7fc4f841870ad07df26830cbc1,egglog,1,ok,0,716.1282375454903,0,"[""/usr/bin/python3"", ""/home/arjaiswal/Polygeist/scripts/correctness/kernel_match_rewrite.py"", ""/home/arjaiswal/Polygeist/issues/aten_c_kernels/results/aten_permute_sparse_coo_cpu/debuf.mlir"", ""--dry-run"", ""--matcher-mode"", ""egglog"", ""--telemetry-json"", ""/home/arjaiswal/Polygeist/issues/equality_saturation_eval/campaign_20260908/aten-aten_permute_sparse_coo_cpu-egglog-frogql36.json"", ""--disable-semantic-fallback""]","== match report for /home/arjaiswal/Polygeist/issues/aten_c_kernels/results/aten_permute_sparse_coo_cpu/debuf.mlir ==
  no_match       body#0  ?
  total: 0 matched / 1 bodies
",0,[],0,0,0,0,/home/arjaiswal/Polygeist/issues/aten_c_kernels/results/aten_permute_sparse_coo_cpu/debuf.mlir,2277,8,1,0,272.28913456201553,1,64604,0.0,0,0,0,0,[],0,0,0,0.0,4
aten,aten_permute_sparse_coo_cpu,/home/arjaiswal/Polygeist/issues/aten_c_kernels/results/aten_permute_sparse_coo_cpu/debuf.mlir,0270d6df78ff10de839c784dd7439f52fca01b7fc4f841870ad07df26830cbc1,syntactic,1,ok,0,711.9485586881638,0,"[""/usr/bin/python3"", ""/home/arjaiswal/Polygeist/scripts/correctness/kernel_match_rewrite.py"", ""/home/arjaiswal/Polygeist/issues/aten_c_kernels/results/aten_permute_sparse_coo_cpu/debuf.mlir"", ""--dry-run"", ""--matcher-mode"", ""syntactic"", ""--telemetry-json"", ""/home/arjaiswal/Polygeist/issues/equality_saturation_eval/campaign_20260908/aten-aten_permute_sparse_coo_cpu-syntactic-grgs0jo2.json"", ""--disable-semantic-fallback""]","== match report for /home/arjaiswal/Polygeist/issues/aten_c_kernels/results/aten_permute_sparse_coo_cpu/debuf.mlir ==
  no_match       body#0  ?
  total: 0 matched / 1 bodies
",0,[],0,0,0,0,/home/arjaiswal/Polygeist/issues/aten_c_kernels/results/aten_permute_sparse_coo_cpu/debuf.mlir,2277,0,1,0,285.20721569657326,1,64432,0.016223639249801636,0,0,0,0,[],0,0,4,0.0,4
aten,aten_permute_sparse_coo_cpu,/home/arjaiswal/Polygeist/issues/aten_c_kernels/results/aten_permute_sparse_coo_cpu/debuf.mlir,0270d6df78ff10de839c784dd7439f52fca01b7fc4f841870ad07df26830cbc1,syntactic,2,ok,0,704.3956629931927,0,"[""/usr/bin/python3"", ""/home/arjaiswal/Polygeist/scripts/correctness/kernel_match_rewrite.py"", ""/home/arjaiswal/Polygeist/issues/aten_c_kernels/results/aten_permute_sparse_coo_cpu/debuf.mlir"", ""--dry-run"", ""--matcher-mode"", ""syntactic"", ""--telemetry-json"", ""/home/arjaiswal/Polygeist/issues/equality_saturation_eval/campaign_20260908/aten-aten_permute_sparse_coo_cpu-syntactic-nsodrxoa.json"", ""--disable-semantic-fallback""]","== match report for /home/arjaiswal/Polygeist/issues/aten_c_kernels/results/aten_permute_sparse_coo_cpu/debuf.mlir ==
  no_match       body#0  ?
  total: 0 matched / 1 bodies
",0,[],0,0,0,0,/home/arjaiswal/Polygeist/issues/aten_c_kernels/results/aten_permute_sparse_coo_cpu/debuf.mlir,2277,0,1,0,285.2722369134426,1,64412,0.015046447515487671,0,0,0,0,[],0,0,4,0.0,4
aten,aten_permute_sparse_coo_cpu,/home/arjaiswal/Polygeist/issues/aten_c_kernels/results/aten_permute_sparse_coo_cpu/debuf.mlir,0270d6df78ff10de839c784dd7439f52fca01b7fc4f841870ad07df26830cbc1,egglog,2,ok,0,686.848521232605,0,"[""/usr/bin/python3"", ""/home/arjaiswal/Polygeist/scripts/correctness/kernel_match_rewrite.py"", ""/home/arjaiswal/Polygeist/issues/aten_c_kernels/results/aten_permute_sparse_coo_cpu/debuf.mlir"", ""--dry-run"", ""--matcher-mode"", ""egglog"", ""--telemetry-json"", ""/home/arjaiswal/Polygeist/issues/equality_saturation_eval/campaign_20260908/aten-aten_permute_sparse_coo_cpu-egglog-05rhlnc0.json"", ""--disable-semantic-fallback""]","== match report for /home/arjaiswal/Polygeist/issues/aten_c_kernels/results/aten_permute_sparse_coo_cpu/debuf.mlir ==
  no_match       body#0  ?
  total: 0 matched / 1 bodies
",0,[],0,0,0,0,/home/arjaiswal/Polygeist/issues/aten_c_kernels/results/aten_permute_sparse_coo_cpu/debuf.mlir,2277,8,1,0,267.47725903987885,1,64952,0.0,0,0,0,0,[],0,0,0,0.0,4
aten,aten_permute_sparse_coo_cpu,/home/arjaiswal/Polygeist/issues/aten_c_kernels/results/aten_permute_sparse_coo_cpu/debuf.mlir,0270d6df78ff10de839c784dd7439f52fca01b7fc4f841870ad07df26830cbc1,egglog,3,ok,0,727.4949997663498,0,"[""/usr/bin/python3"", ""/home/arjaiswal/Polygeist/scripts/correctness/kernel_match_rewrite.py"", ""/home/arjaiswal/Polygeist/issues/aten_c_kernels/results/aten_permute_sparse_coo_cpu/debuf.mlir"", ""--dry-run"", ""--matcher-mode"", ""egglog"", ""--telemetry-json"", ""/home/arjaiswal/Polygeist/issues/equality_saturation_eval/campaign_20260908/aten-aten_permute_sparse_coo_cpu-egglog-yo6zrd_n.json"", ""--disable-semantic-fallback""]","== match report for /home/arjaiswal/Polygeist/issues/aten_c_kernels/results/aten_permute_sparse_coo_cpu/debuf.mlir ==
  no_match       body#0  ?
  total: 0 matched / 1 bodies
",0,[],0,0,0,0,/home/arjaiswal/Polygeist/issues/aten_c_kernels/results/aten_permute_sparse_coo_cpu/debuf.mlir,2277,8,1,0,292.2208048403263,1,64792,0.0,0,0,0,0,[],0,0,0,0.0,4
aten,aten_permute_sparse_coo_cpu,/home/arjaiswal/Polygeist/issues/aten_c_kernels/results/aten_permute_sparse_coo_cpu/debuf.mlir,0270d6df78ff10de839c784dd7439f52fca01b7fc4f841870ad07df26830cbc1,syntactic,3,ok,0,743.4697076678276,0,"[""/usr/bin/python3"", ""/home/arjaiswal/Polygeist/scripts/correctness/kernel_match_rewrite.py"", ""/home/arjaiswal/Polygeist/issues/aten_c_kernels/results/aten_permute_sparse_coo_cpu/debuf.mlir"", ""--dry-run"", ""--matcher-mode"", ""syntactic"", ""--telemetry-json"", ""/home/arjaiswal/Polygeist/issues/equality_saturation_eval/campaign_20260908/aten-aten_permute_sparse_coo_cpu-syntactic-sz0aw7t2.json"", ""--disable-semantic-fallback""]","== match report for /home/arjaiswal/Polygeist/issues/aten_c_kernels/results/aten_permute_sparse_coo_cpu/debuf.mlir ==
  no_match       body#0  ?
  total: 0 matched / 1 bodies
",0,[],0,0,0,0,/home/arjaiswal/Polygeist/issues/aten_c_kernels/results/aten_permute_sparse_coo_cpu/debuf.mlir,2277,0,1,0,332.8906446695328,1,64628,0.01659989356994629,0,0,0,0,[],0,0,4,0.0,4
aten,aten_permute_sparse_coo_cpu,/home/arjaiswal/Polygeist/issues/aten_c_kernels/results/aten_permute_sparse_coo_cpu/debuf.mlir,0270d6df78ff10de839c784dd7439f52fca01b7fc4f841870ad07df26830cbc1,syntactic,4,ok,0,676.744844764471,0,"[""/usr/bin/python3"", ""/home/arjaiswal/Polygeist/scripts/correctness/kernel_match_rewrite.py"", ""/home/arjaiswal/Polygeist/issues/aten_c_kernels/results/aten_permute_sparse_coo_cpu/debuf.mlir"", ""--dry-run"", ""--matcher-mode"", ""syntactic"", ""--telemetry-json"", ""/home/arjaiswal/Polygeist/issues/equality_saturation_eval/campaign_20260908/aten-aten_permute_sparse_coo_cpu-syntactic-owwmn_gr.json"", ""--disable-semantic-fallback""]","== match report for /home/arjaiswal/Polygeist/issues/aten_c_kernels/results/aten_permute_sparse_coo_cpu/debuf.mlir ==
  no_match       body#0  ?
  total: 0 matched / 1 bodies
",0,[],0,0,0,0,/home/arjaiswal/Polygeist/issues/aten_c_kernels/results/aten_permute_sparse_coo_cpu/debuf.mlir,2277,0,1,0,262.8856226801872,1,64684,0.014677643775939941,0,0,0,0,[],0,0,4,0.0,4
aten,aten_permute_sparse_coo_cpu,/home/arjaiswal/Polygeist/issues/aten_c_kernels/results/aten_permute_sparse_coo_cpu/debuf.mlir,0270d6df78ff10de839c784dd7439f52fca01b7fc4f841870ad07df26830cbc1,egglog,4,ok,0,714.8573696613312,0,"[""/usr/bin/python3"", ""/home/arjaiswal/Polygeist/scripts/correctness/kernel_match_rewrite.py"", ""/home/arjaiswal/Polygeist/issues/aten_c_kernels/results/aten_permute_sparse_coo_cpu/debuf.mlir"", ""--dry-run"", ""--matcher-mode"", ""egglog"", ""--telemetry-json"", ""/home/arjaiswal/Polygeist/issues/equality_saturation_eval/campaign_20260908/aten-aten_permute_sparse_coo_cpu-egglog-k_1i4wvf.json"", ""--disable-semantic-fallback""]","== match report for /home/arjaiswal/Polygeist/issues/aten_c_kernels/results/aten_permute_sparse_coo_cpu/debuf.mlir ==
  no_match       body#0  ?
  total: 0 matched / 1 bodies
",0,[],0,0,0,0,/home/arjaiswal/Polygeist/issues/aten_c_kernels/results/aten_permute_sparse_coo_cpu/debuf.mlir,2277,8,1,0,284.25365686416626,1,64696,0.0,0,0,0,0,[],0,0,0,0.0,4
aten,aten_permute_sparse_coo_cpu,/home/arjaiswal/Polygeist/issues/aten_c_kernels/results/aten_permute_sparse_coo_cpu/debuf.mlir,0270d6df78ff10de839c784dd7439f52fca01b7fc4f841870ad07df26830cbc1,egglog,5,ok,0,669.1795885562897,0,"[""/usr/bin/python3"", ""/home/arjaiswal/Polygeist/scripts/correctness/kernel_match_rewrite.py"", ""/home/arjaiswal/Polygeist/issues/aten_c_kernels/results/aten_permute_sparse_coo_cpu/debuf.mlir"", ""--dry-run"", ""--matcher-mode"", ""egglog"", ""--telemetry-json"", ""/home/arjaiswal/Polygeist/issues/equality_saturation_eval/campaign_20260908/aten-aten_permute_sparse_coo_cpu-egglog-38j7ksac.json"", ""--disable-semantic-fallback""]","== match report for /home/arjaiswal/Polygeist/issues/aten_c_kernels/results/aten_permute_sparse_coo_cpu/debuf.mlir ==
  no_match       body#0  ?
  total: 0 matched / 1 bodies
",0,[],0,0,0,0,/home/arjaiswal/Polygeist/issues/aten_c_kernels/results/aten_permute_sparse_coo_cpu/debuf.mlir,2277,8,1,0,277.85399183630943,1,64732,0.0,0,0,0,0,[],0,0,0,0.0,4
aten,aten_permute_sparse_coo_cpu,/home/arjaiswal/Polygeist/issues/aten_c_kernels/results/aten_permute_sparse_coo_cpu/debuf.mlir,0270d6df78ff10de839c784dd7439f52fca01b7fc4f841870ad07df26830cbc1,syntactic,5,ok,0,690.9834146499634,0,"[""/usr/bin/python3"", ""/home/arjaiswal/Polygeist/scripts/correctness/kernel_match_rewrite.py"", ""/home/arjaiswal/Polygeist/issues/aten_c_kernels/results/aten_permute_sparse_coo_cpu/debuf.mlir"", ""--dry-run"", ""--matcher-mode"", ""syntactic"", ""--telemetry-json"", ""/home/arjaiswal/Polygeist/issues/equality_saturation_eval/campaign_20260908/aten-aten_permute_sparse_coo_cpu-syntactic-5bql6152.json"", ""--disable-semantic-fallback""]","== match report for /home/arjaiswal/Polygeist/issues/aten_c_kernels/results/aten_permute_sparse_coo_cpu/debuf.mlir ==
  no_match       body#0  ?
  total: 0 matched / 1 bodies
",0,[],0,0,0,0,/home/arjaiswal/Polygeist/issues/aten_c_kernels/results/aten_permute_sparse_coo_cpu/debuf.mlir,2277,0,1,0,275.9948819875717,1,64832,0.026714056730270386,0,0,0,0,[],0,0,4,0.0,4
aten,aten_pixel_shuffle,/home/arjaiswal/Polygeist/issues/aten_c_kernels/results/aten_pixel_shuffle/debuf.mlir,cc7aaad632c34f87d95c52bda3d25708048d23e123fdc55c1766f5a02044d98c,syntactic,1,ok,0,731.8043410778046,0,"[""/usr/bin/python3"", ""/home/arjaiswal/Polygeist/scripts/correctness/kernel_match_rewrite.py"", ""/home/arjaiswal/Polygeist/issues/aten_c_kernels/results/aten_pixel_shuffle/debuf.mlir"", ""--dry-run"", ""--matcher-mode"", ""syntactic"", ""--telemetry-json"", ""/home/arjaiswal/Polygeist/issues/equality_saturation_eval/campaign_20260908/aten-aten_pixel_shuffle-syntactic-dyp_ov70.json"", ""--disable-semantic-fallback""]","== match report for /home/arjaiswal/Polygeist/issues/aten_c_kernels/results/aten_pixel_shuffle/debuf.mlir ==
  match          body#[0]  cutensorPermute_f32_r6_tensor
  total: 1 matched / 1 bodies
",0,[],0,0,0,0,/home/arjaiswal/Polygeist/issues/aten_c_kernels/results/aten_pixel_shuffle/debuf.mlir,2657,0,1,1,317.6291137933731,0,65736,0.06964057683944702,0,1,0,0,"[{""body_indices"": [0], ""symbol"": ""cutensorPermute_f32_r6_tensor""}]",1,0,25,0.0,25
aten,aten_pixel_shuffle,/home/arjaiswal/Polygeist/issues/aten_c_kernels/results/aten_pixel_shuffle/debuf.mlir,cc7aaad632c34f87d95c52bda3d25708048d23e123fdc55c1766f5a02044d98c,egglog,1,ok,0,784.1469794511795,0,"[""/usr/bin/python3"", ""/home/arjaiswal/Polygeist/scripts/correctness/kernel_match_rewrite.py"", ""/home/arjaiswal/Polygeist/issues/aten_c_kernels/results/aten_pixel_shuffle/debuf.mlir"", ""--dry-run"", ""--matcher-mode"", ""egglog"", ""--telemetry-json"", ""/home/arjaiswal/Polygeist/issues/equality_saturation_eval/campaign_20260908/aten-aten_pixel_shuffle-egglog-4iysbp31.json"", ""--disable-semantic-fallback""]","== match report for /home/arjaiswal/Polygeist/issues/aten_c_kernels/results/aten_pixel_shuffle/debuf.mlir ==
  match          body#[0]  cutensorPermute_f32_r6_tensor
  total: 1 matched / 1 bodies
",0,[],0,0,0,0,/home/arjaiswal/Polygeist/issues/aten_c_kernels/results/aten_pixel_shuffle/debuf.mlir,2657,8,1,1,373.1197118759155,0,68224,16.16842672228813,1,1,0,0,"[{""body_indices"": [0], ""symbol"": ""cutensorPermute_f32_r6_tensor""}]",1,0,0,0.0,25
aten,aten_pixel_shuffle,/home/arjaiswal/Polygeist/issues/aten_c_kernels/results/aten_pixel_shuffle/debuf.mlir,cc7aaad632c34f87d95c52bda3d25708048d23e123fdc55c1766f5a02044d98c,egglog,2,ok,0,750.7954128086567,0,"[""/usr/bin/python3"", ""/home/arjaiswal/Polygeist/scripts/correctness/kernel_match_rewrite.py"", ""/home/arjaiswal/Polygeist/issues/aten_c_kernels/results/aten_pixel_shuffle/debuf.mlir"", ""--dry-run"", ""--matcher-mode"", ""egglog"", ""--telemetry-json"", ""/home/arjaiswal/Polygeist/issues/equality_saturation_eval/campaign_20260908/aten-aten_pixel_shuffle-egglog-o9ran2ae.json"", ""--disable-semantic-fallback""]","== match report for /home/arjaiswal/Polygeist/issues/aten_c_kernels/results/aten_pixel_shuffle/debuf.mlir ==
  match          body#[0]  cutensorPermute_f32_r6_tensor
  total: 1 matched / 1 bodies
",0,[],0,0,0,0,/home/arjaiswal/Polygeist/issues/aten_c_kernels/results/aten_pixel_shuffle/debuf.mlir,2657,8,1,1,332.92360231280327,0,68332,10.851144790649414,1,1,0,0,"[{""body_indices"": [0], ""symbol"": ""cutensorPermute_f32_r6_tensor""}]",1,0,0,0.0,25
aten,aten_pixel_shuffle,/home/arjaiswal/Polygeist/issues/aten_c_kernels/results/aten_pixel_shuffle/debuf.mlir,cc7aaad632c34f87d95c52bda3d25708048d23e123fdc55c1766f5a02044d98c,syntactic,2,ok,0,822.3242871463299,0,"[""/usr/bin/python3"", ""/home/arjaiswal/Polygeist/scripts/correctness/kernel_match_rewrite.py"", ""/home/arjaiswal/Polygeist/issues/aten_c_kernels/results/aten_pixel_shuffle/debuf.mlir"", ""--dry-run"", ""--matcher-mode"", ""syntactic"", ""--telemetry-json"", ""/home/arjaiswal/Polygeist/issues/equality_saturation_eval/campaign_20260908/aten-aten_pixel_shuffle-syntactic-ca3fid4a.json"", ""--disable-semantic-fallback""]","== match report for /home/arjaiswal/Polygeist/issues/aten_c_kernels/results/aten_pixel_shuffle/debuf.mlir ==
  match          body#[0]  cutensorPermute_f32_r6_tensor
  total: 1 matched / 1 bodies
",0,[],0,0,0,0,/home/arjaiswal/Polygeist/issues/aten_c_kernels/results/aten_pixel_shuffle/debuf.mlir,2657,0,1,1,350.31062364578247,0,65832,0.058736652135849,0,1,0,0,"[{""body_indices"": [0], ""symbol"": ""cutensorPermute_f32_r6_tensor""}]",1,0,25,0.0,25
aten,aten_pixel_shuffle,/home/arjaiswal/Polygeist/issues/aten_c_kernels/results/aten_pixel_shuffle/debuf.mlir,cc7aaad632c34f87d95c52bda3d25708048d23e123fdc55c1766f5a02044d98c,syntactic,3,ok,0,854.583490639925,0,"[""/usr/bin/python3"", ""/home/arjaiswal/Polygeist/scripts/correctness/kernel_match_rewrite.py"", ""/home/arjaiswal/Polygeist/issues/aten_c_kernels/results/aten_pixel_shuffle/debuf.mlir"", ""--dry-run"", ""--matcher-mode"", ""syntactic"", ""--telemetry-json"", ""/home/arjaiswal/Polygeist/issues/equality_saturation_eval/campaign_20260908/aten-aten_pixel_shuffle-syntactic-cfi7n1ig.json"", ""--disable-semantic-fallback""]","== match report for /home/arjaiswal/Polygeist/issues/aten_c_kernels/results/aten_pixel_shuffle/debuf.mlir ==
  match          body#[0]  cutensorPermute_f32_r6_tensor
  total: 1 matched / 1 bodies
",0,[],0,0,0,0,/home/arjaiswal/Polygeist/issues/aten_c_kernels/results/aten_pixel_shuffle/debuf.mlir,2657,0,1,1,390.4620446264744,0,65628,0.0650547444820404,0,1,0,0,"[{""body_indices"": [0], ""symbol"": ""cutensorPermute_f32_r6_tensor""}]",1,0,25,0.0,25
aten,aten_pixel_shuffle,/home/arjaiswal/Polygeist/issues/aten_c_kernels/results/aten_pixel_shuffle/debuf.mlir,cc7aaad632c34f87d95c52bda3d25708048d23e123fdc55c1766f5a02044d98c,egglog,3,ok,0,802.3129105567932,0,"[""/usr/bin/python3"", ""/home/arjaiswal/Polygeist/scripts/correctness/kernel_match_rewrite.py"", ""/home/arjaiswal/Polygeist/issues/aten_c_kernels/results/aten_pixel_shuffle/debuf.mlir"", ""--dry-run"", ""--matcher-mode"", ""egglog"", ""--telemetry-json"", ""/home/arjaiswal/Polygeist/issues/equality_saturation_eval/campaign_20260908/aten-aten_pixel_shuffle-egglog-0k2zo_v8.json"", ""--disable-semantic-fallback""]","== match report for /home/arjaiswal/Polygeist/issues/aten_c_kernels/results/aten_pixel_shuffle/debuf.mlir ==
  match          body#[0]  cutensorPermute_f32_r6_tensor
  total: 1 matched / 1 bodies
",0,[],0,0,0,0,/home/arjaiswal/Polygeist/issues/aten_c_kernels/results/aten_pixel_shuffle/debuf.mlir,2657,8,1,1,367.36346781253815,0,68396,11.426117271184921,1,1,0,0,"[{""body_indices"": [0], ""symbol"": ""cutensorPermute_f32_r6_tensor""}]",1,0,0,0.0,25
aten,aten_pixel_shuffle,/home/arjaiswal/Polygeist/issues/aten_c_kernels/results/aten_pixel_shuffle/debuf.mlir,cc7aaad632c34f87d95c52bda3d25708048d23e123fdc55c1766f5a02044d98c,egglog,4,ok,0,783.9519381523132,0,"[""/usr/bin/python3"", ""/home/arjaiswal/Polygeist/scripts/correctness/kernel_match_rewrite.py"", ""/home/arjaiswal/Polygeist/issues/aten_c_kernels/results/aten_pixel_shuffle/debuf.mlir"", ""--dry-run"", ""--matcher-mode"", ""egglog"", ""--telemetry-json"", ""/home/arjaiswal/Polygeist/issues/equality_saturation_eval/campaign_20260908/aten-aten_pixel_shuffle-egglog-l669w8ip.json"", ""--disable-semantic-fallback""]","== match report for /home/arjaiswal/Polygeist/issues/aten_c_kernels/results/aten_pixel_shuffle/debuf.mlir ==
  match          body#[0]  cutensorPermute_f32_r6_tensor
  total: 1 matched / 1 bodies
",0,[],0,0,0,0,/home/arjaiswal/Polygeist/issues/aten_c_kernels/results/aten_pixel_shuffle/debuf.mlir,2657,8,1,1,340.35860002040863,0,68164,11.838503181934357,1,1,0,0,"[{""body_indices"": [0], ""symbol"": ""cutensorPermute_f32_r6_tensor""}]",1,0,0,0.0,25
aten,aten_pixel_shuffle,/home/arjaiswal/Polygeist/issues/aten_c_kernels/results/aten_pixel_shuffle/debuf.mlir,cc7aaad632c34f87d95c52bda3d25708048d23e123fdc55c1766f5a02044d98c,syntactic,4,ok,0,751.7817206680775,0,"[""/usr/bin/python3"", ""/home/arjaiswal/Polygeist/scripts/correctness/kernel_match_rewrite.py"", ""/home/arjaiswal/Polygeist/issues/aten_c_kernels/results/aten_pixel_shuffle/debuf.mlir"", ""--dry-run"", ""--matcher-mode"", ""syntactic"", ""--telemetry-json"", ""/home/arjaiswal/Polygeist/issues/equality_saturation_eval/campaign_20260908/aten-aten_pixel_shuffle-syntactic-ukx6acsl.json"", ""--disable-semantic-fallback""]","== match report for /home/arjaiswal/Polygeist/issues/aten_c_kernels/results/aten_pixel_shuffle/debuf.mlir ==
  match          body#[0]  cutensorPermute_f32_r6_tensor
  total: 1 matched / 1 bodies
",0,[],0,0,0,0,/home/arjaiswal/Polygeist/issues/aten_c_kernels/results/aten_pixel_shuffle/debuf.mlir,2657,0,1,1,324.70379397273064,0,65740,0.06261467933654785,0,1,0,0,"[{""body_indices"": [0], ""symbol"": ""cutensorPermute_f32_r6_tensor""}]",1,0,25,0.0,25
aten,aten_pixel_shuffle,/home/arjaiswal/Polygeist/issues/aten_c_kernels/results/aten_pixel_shuffle/debuf.mlir,cc7aaad632c34f87d95c52bda3d25708048d23e123fdc55c1766f5a02044d98c,syntactic,5,ok,0,798.8929525017738,0,"[""/usr/bin/python3"", ""/home/arjaiswal/Polygeist/scripts/correctness/kernel_match_rewrite.py"", ""/home/arjaiswal/Polygeist/issues/aten_c_kernels/results/aten_pixel_shuffle/debuf.mlir"", ""--dry-run"", ""--matcher-mode"", ""syntactic"", ""--telemetry-json"", ""/home/arjaiswal/Polygeist/issues/equality_saturation_eval/campaign_20260908/aten-aten_pixel_shuffle-syntactic-gejkao1p.json"", ""--disable-semantic-fallback""]","== match report for /home/arjaiswal/Polygeist/issues/aten_c_kernels/results/aten_pixel_shuffle/debuf.mlir ==
  match          body#[0]  cutensorPermute_f32_r6_tensor
  total: 1 matched / 1 bodies
",0,[],0,0,0,0,/home/arjaiswal/Polygeist/issues/aten_c_kernels/results/aten_pixel_shuffle/debuf.mlir,2657,0,1,1,367.92606115341187,0,65628,0.08336082100868225,0,1,0,0,"[{""body_indices"": [0], ""symbol"": ""cutensorPermute_f32_r6_tensor""}]",1,0,25,0.0,25
aten,aten_pixel_shuffle,/home/arjaiswal/Polygeist/issues/aten_c_kernels/results/aten_pixel_shuffle/debuf.mlir,cc7aaad632c34f87d95c52bda3d25708048d23e123fdc55c1766f5a02044d98c,egglog,5,ok,0,828.6004066467285,0,"[""/usr/bin/python3"", ""/home/arjaiswal/Polygeist/scripts/correctness/kernel_match_rewrite.py"", ""/home/arjaiswal/Polygeist/issues/aten_c_kernels/results/aten_pixel_shuffle/debuf.mlir"", ""--dry-run"", ""--matcher-mode"", ""egglog"", ""--telemetry-json"", ""/home/arjaiswal/Polygeist/issues/equality_saturation_eval/campaign_20260908/aten-aten_pixel_shuffle-egglog-ym3xp22p.json"", ""--disable-semantic-fallback""]","== match report for /home/arjaiswal/Polygeist/issues/aten_c_kernels/results/aten_pixel_shuffle/debuf.mlir ==
  match          body#[0]  cutensorPermute_f32_r6_tensor
  total: 1 matched / 1 bodies
",0,[],0,0,0,0,/home/arjaiswal/Polygeist/issues/aten_c_kernels/results/aten_pixel_shuffle/debuf.mlir,2657,8,1,1,373.7975135445595,0,68120,12.403082102537155,1,1,0,0,"[{""body_indices"": [0], ""symbol"": ""cutensorPermute_f32_r6_tensor""}]",1,0,0,0.0,25
aten,aten_pixel_shuffle_cpu_backend,/home/arjaiswal/Polygeist/issues/aten_c_kernels/results/aten_pixel_shuffle_cpu_backend/debuf.mlir,d053c55b4e35b78c29e87cf301d5894fa63e0d426aa28ef7139223cbe6c2e197,egglog,1,ok,0,800.1301437616348,0,"[""/usr/bin/python3"", ""/home/arjaiswal/Polygeist/scripts/correctness/kernel_match_rewrite.py"", ""/home/arjaiswal/Polygeist/issues/aten_c_kernels/results/aten_pixel_shuffle_cpu_backend/debuf.mlir"", ""--dry-run"", ""--matcher-mode"", ""egglog"", ""--telemetry-json"", ""/home/arjaiswal/Polygeist/issues/equality_saturation_eval/campaign_20260908/aten-aten_pixel_shuffle_cpu_backend-egglog-dgpa2uj7.json"", ""--disable-semantic-fallback""]","== match report for /home/arjaiswal/Polygeist/issues/aten_c_kernels/results/aten_pixel_shuffle_cpu_backend/debuf.mlir ==
  match          body#[0]  cutensorPermute_f32_r5_tensor
  total: 1 matched / 1 bodies
",0,[],0,0,0,0,/home/arjaiswal/Polygeist/issues/aten_c_kernels/results/aten_pixel_shuffle_cpu_backend/debuf.mlir,2671,8,1,1,358.3683371543884,0,68444,12.79781386256218,1,1,0,0,"[{""body_indices"": [0], ""symbol"": ""cutensorPermute_f32_r5_tensor""}]",1,0,0,0.0,25
aten,aten_pixel_shuffle_cpu_backend,/home/arjaiswal/Polygeist/issues/aten_c_kernels/results/aten_pixel_shuffle_cpu_backend/debuf.mlir,d053c55b4e35b78c29e87cf301d5894fa63e0d426aa28ef7139223cbe6c2e197,syntactic,1,ok,0,897.9136496782303,0,"[""/usr/bin/python3"", ""/home/arjaiswal/Polygeist/scripts/correctness/kernel_match_rewrite.py"", ""/home/arjaiswal/Polygeist/issues/aten_c_kernels/results/aten_pixel_shuffle_cpu_backend/debuf.mlir"", ""--dry-run"", ""--matcher-mode"", ""syntactic"", ""--telemetry-json"", ""/home/arjaiswal/Polygeist/issues/equality_saturation_eval/campaign_20260908/aten-aten_pixel_shuffle_cpu_backend-syntactic-_y2sey4v.json"", ""--disable-semantic-fallback""]","== match report for /home/arjaiswal/Polygeist/issues/aten_c_kernels/results/aten_pixel_shuffle_cpu_backend/debuf.mlir ==
  match          body#[0]  cutensorPermute_f32_r5_tensor
  total: 1 matched / 1 bodies
",0,[],0,0,0,0,/home/arjaiswal/Polygeist/issues/aten_c_kernels/results/aten_pixel_shuffle_cpu_backend/debuf.mlir,2671,0,1,1,338.0569852888584,0,65488,0.06292015314102173,0,1,0,0,"[{""body_indices"": [0], ""symbol"": ""cutensorPermute_f32_r5_tensor""}]",1,0,25,0.0,25
aten,aten_pixel_shuffle_cpu_backend,/home/arjaiswal/Polygeist/issues/aten_c_kernels/results/aten_pixel_shuffle_cpu_backend/debuf.mlir,d053c55b4e35b78c29e87cf301d5894fa63e0d426aa28ef7139223cbe6c2e197,syntactic,2,ok,0,764.1707211732864,0,"[""/usr/bin/python3"", ""/home/arjaiswal/Polygeist/scripts/correctness/kernel_match_rewrite.py"", ""/home/arjaiswal/Polygeist/issues/aten_c_kernels/results/aten_pixel_shuffle_cpu_backend/debuf.mlir"", ""--dry-run"", ""--matcher-mode"", ""syntactic"", ""--telemetry-json"", ""/home/arjaiswal/Polygeist/issues/equality_saturation_eval/campaign_20260908/aten-aten_pixel_shuffle_cpu_backend-syntactic-v_ibql2m.json"", ""--disable-semantic-fallback""]","== match report for /home/arjaiswal/Polygeist/issues/aten_c_kernels/results/aten_pixel_shuffle_cpu_backend/debuf.mlir ==
  match          body#[0]  cutensorPermute_f32_r5_tensor
  total: 1 matched / 1 bodies
",0,[],0,0,0,0,/home/arjaiswal/Polygeist/issues/aten_c_kernels/results/aten_pixel_shuffle_cpu_backend/debuf.mlir,2671,0,1,1,346.9509966671467,0,65644,0.06622821092605591,0,1,0,0,"[{""body_indices"": [0], ""symbol"": ""cutensorPermute_f32_r5_tensor""}]",1,0,25,0.0,25
aten,aten_pixel_shuffle_cpu_backend,/home/arjaiswal/Polygeist/issues/aten_c_kernels/results/aten_pixel_shuffle_cpu_backend/debuf.mlir,d053c55b4e35b78c29e87cf301d5894fa63e0d426aa28ef7139223cbe6c2e197,egglog,2,ok,0,758.9929439127445,0,"[""/usr/bin/python3"", ""/home/arjaiswal/Polygeist/scripts/correctness/kernel_match_rewrite.py"", ""/home/arjaiswal/Polygeist/issues/aten_c_kernels/results/aten_pixel_shuffle_cpu_backend/debuf.mlir"", ""--dry-run"", ""--matcher-mode"", ""egglog"", ""--telemetry-json"", ""/home/arjaiswal/Polygeist/issues/equality_saturation_eval/campaign_20260908/aten-aten_pixel_shuffle_cpu_backend-egglog-k8idi8kn.json"", ""--disable-semantic-fallback""]","== match report for /home/arjaiswal/Polygeist/issues/aten_c_kernels/results/aten_pixel_shuffle_cpu_backend/debuf.mlir ==
  match          body#[0]  cutensorPermute_f32_r5_tensor
  total: 1 matched / 1 bodies
",0,[],0,0,0,0,/home/arjaiswal/Polygeist/issues/aten_c_kernels/results/aten_pixel_shuffle_cpu_backend/debuf.mlir,2671,8,1,1,337.32764422893524,0,68088,11.205669492483139,1,1,0,0,"[{""body_indices"": [0], ""symbol"": ""cutensorPermute_f32_r5_tensor""}]",1,0,0,0.0,25
aten,aten_pixel_shuffle_cpu_backend,/home/arjaiswal/Polygeist/issues/aten_c_kernels/results/aten_pixel_shuffle_cpu_backend/debuf.mlir,d053c55b4e35b78c29e87cf301d5894fa63e0d426aa28ef7139223cbe6c2e197,egglog,3,ok,0,788.0661226809025,0,"[""/usr/bin/python3"", ""/home/arjaiswal/Polygeist/scripts/correctness/kernel_match_rewrite.py"", ""/home/arjaiswal/Polygeist/issues/aten_c_kernels/results/aten_pixel_shuffle_cpu_backend/debuf.mlir"", ""--dry-run"", ""--matcher-mode"", ""egglog"", ""--telemetry-json"", ""/home/arjaiswal/Polygeist/issues/equality_saturation_eval/campaign_20260908/aten-aten_pixel_shuffle_cpu_backend-egglog-nqy8wx93.json"", ""--disable-semantic-fallback""]","== match report for /home/arjaiswal/Polygeist/issues/aten_c_kernels/results/aten_pixel_shuffle_cpu_backend/debuf.mlir ==
  match          body#[0]  cutensorPermute_f32_r5_tensor
  total: 1 matched / 1 bodies
",0,[],0,0,0,0,/home/arjaiswal/Polygeist/issues/aten_c_kernels/results/aten_pixel_shuffle_cpu_backend/debuf.mlir,2671,8,1,1,343.7466695904732,0,68148,11.2617127597332,1,1,0,0,"[{""body_indices"": [0], ""symbol"": ""cutensorPermute_f32_r5_tensor""}]",1,0,0,0.0,25
aten,aten_pixel_shuffle_cpu_backend,/home/arjaiswal/Polygeist/issues/aten_c_kernels/results/aten_pixel_shuffle_cpu_backend/debuf.mlir,d053c55b4e35b78c29e87cf301d5894fa63e0d426aa28ef7139223cbe6c2e197,syntactic,3,ok,0,742.8714036941528,0,"[""/usr/bin/python3"", ""/home/arjaiswal/Polygeist/scripts/correctness/kernel_match_rewrite.py"", ""/home/arjaiswal/Polygeist/issues/aten_c_kernels/results/aten_pixel_shuffle_cpu_backend/debuf.mlir"", ""--dry-run"", ""--matcher-mode"", ""syntactic"", ""--telemetry-json"", ""/home/arjaiswal/Polygeist/issues/equality_saturation_eval/campaign_20260908/aten-aten_pixel_shuffle_cpu_backend-syntactic-ggz12zkz.json"", ""--disable-semantic-fallback""]","== match report for /home/arjaiswal/Polygeist/issues/aten_c_kernels/results/aten_pixel_shuffle_cpu_backend/debuf.mlir ==
  match          body#[0]  cutensorPermute_f32_r5_tensor
  total: 1 matched / 1 bodies
",0,[],0,0,0,0,/home/arjaiswal/Polygeist/issues/aten_c_kernels/results/aten_pixel_shuffle_cpu_backend/debuf.mlir,2671,0,1,1,328.0867300927639,0,65376,0.05990266799926758,0,1,0,0,"[{""body_indices"": [0], ""symbol"": ""cutensorPermute_f32_r5_tensor""}]",1,0,25,0.0,25
aten,aten_pixel_shuffle_cpu_backend,/home/arjaiswal/Polygeist/issues/aten_c_kernels/results/aten_pixel_shuffle_cpu_backend/debuf.mlir,d053c55b4e35b78c29e87cf301d5894fa63e0d426aa28ef7139223cbe6c2e197,syntactic,4,ok,0,732.0196479558945,0,"[""/usr/bin/python3"", ""/home/arjaiswal/Polygeist/scripts/correctness/kernel_match_rewrite.py"", ""/home/arjaiswal/Polygeist/issues/aten_c_kernels/results/aten_pixel_shuffle_cpu_backend/debuf.mlir"", ""--dry-run"", ""--matcher-mode"", ""syntactic"", ""--telemetry-json"", ""/home/arjaiswal/Polygeist/issues/equality_saturation_eval/campaign_20260908/aten-aten_pixel_shuffle_cpu_backend-syntactic-yr9ae5b5.json"", ""--disable-semantic-fallback""]","== match report for /home/arjaiswal/Polygeist/issues/aten_c_kernels/results/aten_pixel_shuffle_cpu_backend/debuf.mlir ==
  match          body#[0]  cutensorPermute_f32_r5_tensor
  total: 1 matched / 1 bodies
",0,[],0,0,0,0,/home/arjaiswal/Polygeist/issues/aten_c_kernels/results/aten_pixel_shuffle_cpu_backend/debuf.mlir,2671,0,1,1,317.7494928240776,0,65684,0.06533041596412659,0,1,0,0,"[{""body_indices"": [0], ""symbol"": ""cutensorPermute_f32_r5_tensor""}]",1,0,25,0.0,25
aten,aten_pixel_shuffle_cpu_backend,/home/arjaiswal/Polygeist/issues/aten_c_kernels/results/aten_pixel_shuffle_cpu_backend/debuf.mlir,d053c55b4e35b78c29e87cf301d5894fa63e0d426aa28ef7139223cbe6c2e197,egglog,4,ok,0,779.7810323536396,0,"[""/usr/bin/python3"", ""/home/arjaiswal/Polygeist/scripts/correctness/kernel_match_rewrite.py"", ""/home/arjaiswal/Polygeist/issues/aten_c_kernels/results/aten_pixel_shuffle_cpu_backend/debuf.mlir"", ""--dry-run"", ""--matcher-mode"", ""egglog"", ""--telemetry-json"", ""/home/arjaiswal/Polygeist/issues/equality_saturation_eval/campaign_20260908/aten-aten_pixel_shuffle_cpu_backend-egglog-lfmu4ksz.json"", ""--disable-semantic-fallback""]","== match report for /home/arjaiswal/Polygeist/issues/aten_c_kernels/results/aten_pixel_shuffle_cpu_backend/debuf.mlir ==
  match          body#[0]  cutensorPermute_f32_r5_tensor
  total: 1 matched / 1 bodies
",0,[],0,0,0,0,/home/arjaiswal/Polygeist/issues/aten_c_kernels/results/aten_pixel_shuffle_cpu_backend/debuf.mlir,2671,8,1,1,338.3585624396801,0,68276,11.11200824379921,1,1,0,0,"[{""body_indices"": [0], ""symbol"": ""cutensorPermute_f32_r5_tensor""}]",1,0,0,0.0,25
aten,aten_pixel_shuffle_cpu_backend,/home/arjaiswal/Polygeist/issues/aten_c_kernels/results/aten_pixel_shuffle_cpu_backend/debuf.mlir,d053c55b4e35b78c29e87cf301d5894fa63e0d426aa28ef7139223cbe6c2e197,egglog,5,ok,0,783.517625182867,0,"[""/usr/bin/python3"", ""/home/arjaiswal/Polygeist/scripts/correctness/kernel_match_rewrite.py"", ""/home/arjaiswal/Polygeist/issues/aten_c_kernels/results/aten_pixel_shuffle_cpu_backend/debuf.mlir"", ""--dry-run"", ""--matcher-mode"", ""egglog"", ""--telemetry-json"", ""/home/arjaiswal/Polygeist/issues/equality_saturation_eval/campaign_20260908/aten-aten_pixel_shuffle_cpu_backend-egglog-13fbjdo4.json"", ""--disable-semantic-fallback""]","== match report for /home/arjaiswal/Polygeist/issues/aten_c_kernels/results/aten_pixel_shuffle_cpu_backend/debuf.mlir ==
  match          body#[0]  cutensorPermute_f32_r5_tensor
  total: 1 matched / 1 bodies
",0,[],0,0,0,0,/home/arjaiswal/Polygeist/issues/aten_c_kernels/results/aten_pixel_shuffle_cpu_backend/debuf.mlir,2671,8,1,1,357.0682480931282,0,68520,11.067047715187073,1,1,0,0,"[{""body_indices"": [0], ""symbol"": ""cutensorPermute_f32_r5_tensor""}]",1,0,0,0.0,25
aten,aten_pixel_shuffle_cpu_backend,/home/arjaiswal/Polygeist/issues/aten_c_kernels/results/aten_pixel_shuffle_cpu_backend/debuf.mlir,d053c55b4e35b78c29e87cf301d5894fa63e0d426aa28ef7139223cbe6c2e197,syntactic,5,ok,0,803.0180707573891,0,"[""/usr/bin/python3"", ""/home/arjaiswal/Polygeist/scripts/correctness/kernel_match_rewrite.py"", ""/home/arjaiswal/Polygeist/issues/aten_c_kernels/results/aten_pixel_shuffle_cpu_backend/debuf.mlir"", ""--dry-run"", ""--matcher-mode"", ""syntactic"", ""--telemetry-json"", ""/home/arjaiswal/Polygeist/issues/equality_saturation_eval/campaign_20260908/aten-aten_pixel_shuffle_cpu_backend-syntactic-cqb3gnvw.json"", ""--disable-semantic-fallback""]","== match report for /home/arjaiswal/Polygeist/issues/aten_c_kernels/results/aten_pixel_shuffle_cpu_backend/debuf.mlir ==
  match          body#[0]  cutensorPermute_f32_r5_tensor
  total: 1 matched / 1 bodies
",0,[],0,0,0,0,/home/arjaiswal/Polygeist/issues/aten_c_kernels/results/aten_pixel_shuffle_cpu_backend/debuf.mlir,2671,0,1,1,357.34276846051216,0,65540,0.06746873259544373,0,1,0,0,"[{""body_indices"": [0], ""symbol"": ""cutensorPermute_f32_r5_tensor""}]",1,0,25,0.0,25
aten,aten_pixel_unshuffle_cpu_backend,/home/arjaiswal/Polygeist/issues/aten_c_kernels/results/aten_pixel_unshuffle_cpu_backend/debuf.mlir,6697d9adf5f33c1d6b0c011a6343ff09e81c9f4bb05f277e832dcb8d683f7c20,syntactic,1,ok,0,767.2680914402008,0,"[""/usr/bin/python3"", ""/home/arjaiswal/Polygeist/scripts/correctness/kernel_match_rewrite.py"", ""/home/arjaiswal/Polygeist/issues/aten_c_kernels/results/aten_pixel_unshuffle_cpu_backend/debuf.mlir"", ""--dry-run"", ""--matcher-mode"", ""syntactic"", ""--telemetry-json"", ""/home/arjaiswal/Polygeist/issues/equality_saturation_eval/campaign_20260908/aten-aten_pixel_unshuffle_cpu_backend-syntactic-tnttxxvh.json"", ""--disable-semantic-fallback""]","== match report for /home/arjaiswal/Polygeist/issues/aten_c_kernels/results/aten_pixel_unshuffle_cpu_backend/debuf.mlir ==
  match          body#[0]  cutensorPermute_f32_r5_tensor
  total: 1 matched / 1 bodies
",0,[],0,0,0,0,/home/arjaiswal/Polygeist/issues/aten_c_kernels/results/aten_pixel_unshuffle_cpu_backend/debuf.mlir,2668,0,1,1,339.0922509133816,0,65780,0.06272271275520325,0,1,0,0,"[{""body_indices"": [0], ""symbol"": ""cutensorPermute_f32_r5_tensor""}]",1,0,25,0.0,25
aten,aten_pixel_unshuffle_cpu_backend,/home/arjaiswal/Polygeist/issues/aten_c_kernels/results/aten_pixel_unshuffle_cpu_backend/debuf.mlir,6697d9adf5f33c1d6b0c011a6343ff09e81c9f4bb05f277e832dcb8d683f7c20,egglog,1,ok,0,842.9127633571625,0,"[""/usr/bin/python3"", ""/home/arjaiswal/Polygeist/scripts/correctness/kernel_match_rewrite.py"", ""/home/arjaiswal/Polygeist/issues/aten_c_kernels/results/aten_pixel_unshuffle_cpu_backend/debuf.mlir"", ""--dry-run"", ""--matcher-mode"", ""egglog"", ""--telemetry-json"", ""/home/arjaiswal/Polygeist/issues/equality_saturation_eval/campaign_20260908/aten-aten_pixel_unshuffle_cpu_backend-egglog-28r5eqmt.json"", ""--disable-semantic-fallback""]","== match report for /home/arjaiswal/Polygeist/issues/aten_c_kernels/results/aten_pixel_unshuffle_cpu_backend/debuf.mlir ==
  match          body#[0]  cutensorPermute_f32_r5_tensor
  total: 1 matched / 1 bodies
",0,[],0,0,0,0,/home/arjaiswal/Polygeist/issues/aten_c_kernels/results/aten_pixel_unshuffle_cpu_backend/debuf.mlir,2668,8,1,1,383.9596025645733,0,68096,19.164271652698517,1,1,0,0,"[{""body_indices"": [0], ""symbol"": ""cutensorPermute_f32_r5_tensor""}]",1,0,0,0.0,25
aten,aten_pixel_unshuffle_cpu_backend,/home/arjaiswal/Polygeist/issues/aten_c_kernels/results/aten_pixel_unshuffle_cpu_backend/debuf.mlir,6697d9adf5f33c1d6b0c011a6343ff09e81c9f4bb05f277e832dcb8d683f7c20,egglog,2,ok,0,792.1820729970932,0,"[""/usr/bin/python3"", ""/home/arjaiswal/Polygeist/scripts/correctness/kernel_match_rewrite.py"", ""/home/arjaiswal/Polygeist/issues/aten_c_kernels/results/aten_pixel_unshuffle_cpu_backend/debuf.mlir"", ""--dry-run"", ""--matcher-mode"", ""egglog"", ""--telemetry-json"", ""/home/arjaiswal/Polygeist/issues/equality_saturation_eval/campaign_20260908/aten-aten_pixel_unshuffle_cpu_backend-egglog-1i2w7py3.json"", ""--disable-semantic-fallback""]","== match report for /home/arjaiswal/Polygeist/issues/aten_c_kernels/results/aten_pixel_unshuffle_cpu_backend/debuf.mlir ==
  match          body#[0]  cutensorPermute_f32_r5_tensor
  total: 1 matched / 1 bodies
",0,[],0,0,0,0,/home/arjaiswal/Polygeist/issues/aten_c_kernels/results/aten_pixel_unshuffle_cpu_backend/debuf.mlir,2668,8,1,1,345.1552204787731,0,68460,11.596031486988068,1,1,0,0,"[{""body_indices"": [0], ""symbol"": ""cutensorPermute_f32_r5_tensor""}]",1,0,0,0.0,25
aten,aten_pixel_unshuffle_cpu_backend,/home/arjaiswal/Polygeist/issues/aten_c_kernels/results/aten_pixel_unshuffle_cpu_backend/debuf.mlir,6697d9adf5f33c1d6b0c011a6343ff09e81c9f4bb05f277e832dcb8d683f7c20,syntactic,2,ok,0,773.282777518034,0,"[""/usr/bin/python3"", ""/home/arjaiswal/Polygeist/scripts/correctness/kernel_match_rewrite.py"", ""/home/arjaiswal/Polygeist/issues/aten_c_kernels/results/aten_pixel_unshuffle_cpu_backend/debuf.mlir"", ""--dry-run"", ""--matcher-mode"", ""syntactic"", ""--telemetry-json"", ""/home/arjaiswal/Polygeist/issues/equality_saturation_eval/campaign_20260908/aten-aten_pixel_unshuffle_cpu_backend-syntactic-huofg1rl.json"", ""--disable-semantic-fallback""]","== match report for /home/arjaiswal/Polygeist/issues/aten_c_kernels/results/aten_pixel_unshuffle_cpu_backend/debuf.mlir ==
  match          body#[0]  cutensorPermute_f32_r5_tensor
  total: 1 matched / 1 bodies
",0,[],0,0,0,0,/home/arjaiswal/Polygeist/issues/aten_c_kernels/results/aten_pixel_unshuffle_cpu_backend/debuf.mlir,2668,0,1,1,326.9062861800194,0,65676,0.06396323442459106,0,1,0,0,"[{""body_indices"": [0], ""symbol"": ""cutensorPermute_f32_r5_tensor""}]",1,0,25,0.0,25
aten,aten_pixel_unshuffle_cpu_backend,/home/arjaiswal/Polygeist/issues/aten_c_kernels/results/aten_pixel_unshuffle_cpu_backend/debuf.mlir,6697d9adf5f33c1d6b0c011a6343ff09e81c9f4bb05f277e832dcb8d683f7c20,syntactic,3,ok,0,755.0771348178387,0,"[""/usr/bin/python3"", ""/home/arjaiswal/Polygeist/scripts/correctness/kernel_match_rewrite.py"", ""/home/arjaiswal/Polygeist/issues/aten_c_kernels/results/aten_pixel_unshuffle_cpu_backend/debuf.mlir"", ""--dry-run"", ""--matcher-mode"", ""syntactic"", ""--telemetry-json"", ""/home/arjaiswal/Polygeist/issues/equality_saturation_eval/campaign_20260908/aten-aten_pixel_unshuffle_cpu_backend-syntactic-0b5cpr3u.json"", ""--disable-semantic-fallback""]","== match report for /home/arjaiswal/Polygeist/issues/aten_c_kernels/results/aten_pixel_unshuffle_cpu_backend/debuf.mlir ==
  match          body#[0]  cutensorPermute_f32_r5_tensor
  total: 1 matched / 1 bodies
",0,[],0,0,0,0,/home/arjaiswal/Polygeist/issues/aten_c_kernels/results/aten_pixel_unshuffle_cpu_backend/debuf.mlir,2668,0,1,1,332.83400908112526,0,65756,0.060755759477615356,0,1,0,0,"[{""body_indices"": [0], ""symbol"": ""cutensorPermute_f32_r5_tensor""}]",1,0,25,0.0,25
aten,aten_pixel_unshuffle_cpu_backend,/home/arjaiswal/Polygeist/issues/aten_c_kernels/results/aten_pixel_unshuffle_cpu_backend/debuf.mlir,6697d9adf5f33c1d6b0c011a6343ff09e81c9f4bb05f277e832dcb8d683f7c20,egglog,3,ok,0,795.7624718546867,0,"[""/usr/bin/python3"", ""/home/arjaiswal/Polygeist/scripts/correctness/kernel_match_rewrite.py"", ""/home/arjaiswal/Polygeist/issues/aten_c_kernels/results/aten_pixel_unshuffle_cpu_backend/debuf.mlir"", ""--dry-run"", ""--matcher-mode"", ""egglog"", ""--telemetry-json"", ""/home/arjaiswal/Polygeist/issues/equality_saturation_eval/campaign_20260908/aten-aten_pixel_unshuffle_cpu_backend-egglog-4jl1tcrg.json"", ""--disable-semantic-fallback""]","== match report for /home/arjaiswal/Polygeist/issues/aten_c_kernels/results/aten_pixel_unshuffle_cpu_backend/debuf.mlir ==
  match          body#[0]  cutensorPermute_f32_r5_tensor
  total: 1 matched / 1 bodies
",0,[],0,0,0,0,/home/arjaiswal/Polygeist/issues/aten_c_kernels/results/aten_pixel_unshuffle_cpu_backend/debuf.mlir,2668,8,1,1,351.78621485829353,0,68452,12.861993163824081,1,1,0,0,"[{""body_indices"": [0], ""symbol"": ""cutensorPermute_f32_r5_tensor""}]",1,0,0,0.0,25
aten,aten_pixel_unshuffle_cpu_backend,/home/arjaiswal/Polygeist/issues/aten_c_kernels/results/aten_pixel_unshuffle_cpu_backend/debuf.mlir,6697d9adf5f33c1d6b0c011a6343ff09e81c9f4bb05f277e832dcb8d683f7c20,egglog,4,ok,0,807.0447817444801,0,"[""/usr/bin/python3"", ""/home/arjaiswal/Polygeist/scripts/correctness/kernel_match_rewrite.py"", ""/home/arjaiswal/Polygeist/issues/aten_c_kernels/results/aten_pixel_unshuffle_cpu_backend/debuf.mlir"", ""--dry-run"", ""--matcher-mode"", ""egglog"", ""--telemetry-json"", ""/home/arjaiswal/Polygeist/issues/equality_saturation_eval/campaign_20260908/aten-aten_pixel_unshuffle_cpu_backend-egglog-xxsgw91x.json"", ""--disable-semantic-fallback""]","== match report for /home/arjaiswal/Polygeist/issues/aten_c_kernels/results/aten_pixel_unshuffle_cpu_backend/debuf.mlir ==
  match          body#[0]  cutensorPermute_f32_r5_tensor
  total: 1 matched / 1 bodies
",0,[],0,0,0,0,/home/arjaiswal/Polygeist/issues/aten_c_kernels/results/aten_pixel_unshuffle_cpu_backend/debuf.mlir,2668,8,1,1,356.80118203163147,0,68448,13.405628502368927,1,1,0,0,"[{""body_indices"": [0], ""symbol"": ""cutensorPermute_f32_r5_tensor""}]",1,0,0,0.0,25
aten,aten_pixel_unshuffle_cpu_backend,/home/arjaiswal/Polygeist/issues/aten_c_kernels/results/aten_pixel_unshuffle_cpu_backend/debuf.mlir,6697d9adf5f33c1d6b0c011a6343ff09e81c9f4bb05f277e832dcb8d683f7c20,syntactic,4,ok,0,769.4077491760254,0,"[""/usr/bin/python3"", ""/home/arjaiswal/Polygeist/scripts/correctness/kernel_match_rewrite.py"", ""/home/arjaiswal/Polygeist/issues/aten_c_kernels/results/aten_pixel_unshuffle_cpu_backend/debuf.mlir"", ""--dry-run"", ""--matcher-mode"", ""syntactic"", ""--telemetry-json"", ""/home/arjaiswal/Polygeist/issues/equality_saturation_eval/campaign_20260908/aten-aten_pixel_unshuffle_cpu_backend-syntactic-a8q07af7.json"", ""--disable-semantic-fallback""]","== match report for /home/arjaiswal/Polygeist/issues/aten_c_kernels/results/aten_pixel_unshuffle_cpu_backend/debuf.mlir ==
  match          body#[0]  cutensorPermute_f32_r5_tensor
  total: 1 matched / 1 bodies
",0,[],0,0,0,0,/home/arjaiswal/Polygeist/issues/aten_c_kernels/results/aten_pixel_unshuffle_cpu_backend/debuf.mlir,2668,0,1,1,330.75614273548126,0,65612,0.06094202399253845,0,1,0,0,"[{""body_indices"": [0], ""symbol"": ""cutensorPermute_f32_r5_tensor""}]",1,0,25,0.0,25
aten,aten_pixel_unshuffle_cpu_backend,/home/arjaiswal/Polygeist/issues/aten_c_kernels/results/aten_pixel_unshuffle_cpu_backend/debuf.mlir,6697d9adf5f33c1d6b0c011a6343ff09e81c9f4bb05f277e832dcb8d683f7c20,syntactic,5,ok,0,775.3232568502426,0,"[""/usr/bin/python3"", ""/home/arjaiswal/Polygeist/scripts/correctness/kernel_match_rewrite.py"", ""/home/arjaiswal/Polygeist/issues/aten_c_kernels/results/aten_pixel_unshuffle_cpu_backend/debuf.mlir"", ""--dry-run"", ""--matcher-mode"", ""syntactic"", ""--telemetry-json"", ""/home/arjaiswal/Polygeist/issues/equality_saturation_eval/campaign_20260908/aten-aten_pixel_unshuffle_cpu_backend-syntactic-nh8pigqy.json"", ""--disable-semantic-fallback""]","== match report for /home/arjaiswal/Polygeist/issues/aten_c_kernels/results/aten_pixel_unshuffle_cpu_backend/debuf.mlir ==
  match          body#[0]  cutensorPermute_f32_r5_tensor
  total: 1 matched / 1 bodies
",0,[],0,0,0,0,/home/arjaiswal/Polygeist/issues/aten_c_kernels/results/aten_pixel_unshuffle_cpu_backend/debuf.mlir,2668,0,1,1,346.3187702000141,0,65600,0.06354600191116333,0,1,0,0,"[{""body_indices"": [0], ""symbol"": ""cutensorPermute_f32_r5_tensor""}]",1,0,25,0.0,25
aten,aten_pixel_unshuffle_cpu_backend,/home/arjaiswal/Polygeist/issues/aten_c_kernels/results/aten_pixel_unshuffle_cpu_backend/debuf.mlir,6697d9adf5f33c1d6b0c011a6343ff09e81c9f4bb05f277e832dcb8d683f7c20,egglog,5,ok,0,796.8287914991379,0,"[""/usr/bin/python3"", ""/home/arjaiswal/Polygeist/scripts/correctness/kernel_match_rewrite.py"", ""/home/arjaiswal/Polygeist/issues/aten_c_kernels/results/aten_pixel_unshuffle_cpu_backend/debuf.mlir"", ""--dry-run"", ""--matcher-mode"", ""egglog"", ""--telemetry-json"", ""/home/arjaiswal/Polygeist/issues/equality_saturation_eval/campaign_20260908/aten-aten_pixel_unshuffle_cpu_backend-egglog-67h0_y4i.json"", ""--disable-semantic-fallback""]","== match report for /home/arjaiswal/Polygeist/issues/aten_c_kernels/results/aten_pixel_unshuffle_cpu_backend/debuf.mlir ==
  match          body#[0]  cutensorPermute_f32_r5_tensor
  total: 1 matched / 1 bodies
",0,[],0,0,0,0,/home/arjaiswal/Polygeist/issues/aten_c_kernels/results/aten_pixel_unshuffle_cpu_backend/debuf.mlir,2668,8,1,1,363.85858431458473,0,68124,11.017195880413055,1,1,0,0,"[{""body_indices"": [0], ""symbol"": ""cutensorPermute_f32_r5_tensor""}]",1,0,0,0.0,25
aten,aten_poisson_transform_cpu,/home/arjaiswal/Polygeist/issues/aten_c_kernels/results/aten_poisson_transform_cpu/debuf.mlir,fc844e752a27d6dec06ac44305cb210130c196d2748d463818a9ff92c7a2c229,egglog,1,ok,0,685.7677064836025,0,"[""/usr/bin/python3"", ""/home/arjaiswal/Polygeist/scripts/correctness/kernel_match_rewrite.py"", ""/home/arjaiswal/Polygeist/issues/aten_c_kernels/results/aten_poisson_transform_cpu/debuf.mlir"", ""--dry-run"", ""--matcher-mode"", ""egglog"", ""--telemetry-json"", ""/home/arjaiswal/Polygeist/issues/equality_saturation_eval/campaign_20260908/aten-aten_poisson_transform_cpu-egglog-puilgz51.json"", ""--disable-semantic-fallback""]","== match report for /home/arjaiswal/Polygeist/issues/aten_c_kernels/results/aten_poisson_transform_cpu/debuf.mlir ==
  total: 0 matched / 0 bodies
",0,[],0,0,0,0,/home/arjaiswal/Polygeist/issues/aten_c_kernels/results/aten_poisson_transform_cpu/debuf.mlir,2950,8,0,0,260.80280914902687,0,64448,0.0,0,0,0,0,[],0,0,0,0.0,0
aten,aten_poisson_transform_cpu,/home/arjaiswal/Polygeist/issues/aten_c_kernels/results/aten_poisson_transform_cpu/debuf.mlir,fc844e752a27d6dec06ac44305cb210130c196d2748d463818a9ff92c7a2c229,syntactic,1,ok,0,680.6104853749275,0,"[""/usr/bin/python3"", ""/home/arjaiswal/Polygeist/scripts/correctness/kernel_match_rewrite.py"", ""/home/arjaiswal/Polygeist/issues/aten_c_kernels/results/aten_poisson_transform_cpu/debuf.mlir"", ""--dry-run"", ""--matcher-mode"", ""syntactic"", ""--telemetry-json"", ""/home/arjaiswal/Polygeist/issues/equality_saturation_eval/campaign_20260908/aten-aten_poisson_transform_cpu-syntactic-cr151wc5.json"", ""--disable-semantic-fallback""]","== match report for /home/arjaiswal/Polygeist/issues/aten_c_kernels/results/aten_poisson_transform_cpu/debuf.mlir ==
  total: 0 matched / 0 bodies
",0,[],0,0,0,0,/home/arjaiswal/Polygeist/issues/aten_c_kernels/results/aten_poisson_transform_cpu/debuf.mlir,2950,0,0,0,260.79947501420975,0,64824,0.0,0,0,0,0,[],0,0,0,0.0,0
aten,aten_poisson_transform_cpu,/home/arjaiswal/Polygeist/issues/aten_c_kernels/results/aten_poisson_transform_cpu/debuf.mlir,fc844e752a27d6dec06ac44305cb210130c196d2748d463818a9ff92c7a2c229,syntactic,2,ok,0,691.387552767992,0,"[""/usr/bin/python3"", ""/home/arjaiswal/Polygeist/scripts/correctness/kernel_match_rewrite.py"", ""/home/arjaiswal/Polygeist/issues/aten_c_kernels/results/aten_poisson_transform_cpu/debuf.mlir"", ""--dry-run"", ""--matcher-mode"", ""syntactic"", ""--telemetry-json"", ""/home/arjaiswal/Polygeist/issues/equality_saturation_eval/campaign_20260908/aten-aten_poisson_transform_cpu-syntactic-3ah7l7oa.json"", ""--disable-semantic-fallback""]","== match report for /home/arjaiswal/Polygeist/issues/aten_c_kernels/results/aten_poisson_transform_cpu/debuf.mlir ==
  total: 0 matched / 0 bodies
",0,[],0,0,0,0,/home/arjaiswal/Polygeist/issues/aten_c_kernels/results/aten_poisson_transform_cpu/debuf.mlir,2950,0,0,0,268.7700279057026,0,64416,0.0,0,0,0,0,[],0,0,0,0.0,0
aten,aten_poisson_transform_cpu,/home/arjaiswal/Polygeist/issues/aten_c_kernels/results/aten_poisson_transform_cpu/debuf.mlir,fc844e752a27d6dec06ac44305cb210130c196d2748d463818a9ff92c7a2c229,egglog,2,ok,0,698.6807025969028,0,"[""/usr/bin/python3"", ""/home/arjaiswal/Polygeist/scripts/correctness/kernel_match_rewrite.py"", ""/home/arjaiswal/Polygeist/issues/aten_c_kernels/results/aten_poisson_transform_cpu/debuf.mlir"", ""--dry-run"", ""--matcher-mode"", ""egglog"", ""--telemetry-json"", ""/home/arjaiswal/Polygeist/issues/equality_saturation_eval/campaign_20260908/aten-aten_poisson_transform_cpu-egglog-xcxdyo8d.json"", ""--disable-semantic-fallback""]","== match report for /home/arjaiswal/Polygeist/issues/aten_c_kernels/results/aten_poisson_transform_cpu/debuf.mlir ==
  total: 0 matched / 0 bodies
",0,[],0,0,0,0,/home/arjaiswal/Polygeist/issues/aten_c_kernels/results/aten_poisson_transform_cpu/debuf.mlir,2950,8,0,0,271.8334011733532,0,64780,0.0,0,0,0,0,[],0,0,0,0.0,0
aten,aten_poisson_transform_cpu,/home/arjaiswal/Polygeist/issues/aten_c_kernels/results/aten_poisson_transform_cpu/debuf.mlir,fc844e752a27d6dec06ac44305cb210130c196d2748d463818a9ff92c7a2c229,egglog,3,ok,0,693.5774311423302,0,"[""/usr/bin/python3"", ""/home/arjaiswal/Polygeist/scripts/correctness/kernel_match_rewrite.py"", ""/home/arjaiswal/Polygeist/issues/aten_c_kernels/results/aten_poisson_transform_cpu/debuf.mlir"", ""--dry-run"", ""--matcher-mode"", ""egglog"", ""--telemetry-json"", ""/home/arjaiswal/Polygeist/issues/equality_saturation_eval/campaign_20260908/aten-aten_poisson_transform_cpu-egglog-bwpwk_97.json"", ""--disable-semantic-fallback""]","== match report for /home/arjaiswal/Polygeist/issues/aten_c_kernels/results/aten_poisson_transform_cpu/debuf.mlir ==
  total: 0 matched / 0 bodies
",0,[],0,0,0,0,/home/arjaiswal/Polygeist/issues/aten_c_kernels/results/aten_poisson_transform_cpu/debuf.mlir,2950,8,0,0,266.73414930701256,0,64696,0.0,0,0,0,0,[],0,0,0,0.0,0
aten,aten_poisson_transform_cpu,/home/arjaiswal/Polygeist/issues/aten_c_kernels/results/aten_poisson_transform_cpu/debuf.mlir,fc844e752a27d6dec06ac44305cb210130c196d2748d463818a9ff92c7a2c229,syntactic,3,ok,0,677.8147704899311,0,"[""/usr/bin/python3"", ""/home/arjaiswal/Polygeist/scripts/correctness/kernel_match_rewrite.py"", ""/home/arjaiswal/Polygeist/issues/aten_c_kernels/results/aten_poisson_transform_cpu/debuf.mlir"", ""--dry-run"", ""--matcher-mode"", ""syntactic"", ""--telemetry-json"", ""/home/arjaiswal/Polygeist/issues/equality_saturation_eval/campaign_20260908/aten-aten_poisson_transform_cpu-syntactic-zzah1e4d.json"", ""--disable-semantic-fallback""]","== match report for /home/arjaiswal/Polygeist/issues/aten_c_kernels/results/aten_poisson_transform_cpu/debuf.mlir ==
  total: 0 matched / 0 bodies
",0,[],0,0,0,0,/home/arjaiswal/Polygeist/issues/aten_c_kernels/results/aten_poisson_transform_cpu/debuf.mlir,2950,0,0,0,261.7325186729431,0,64428,0.0,0,0,0,0,[],0,0,0,0.0,0
aten,aten_poisson_transform_cpu,/home/arjaiswal/Polygeist/issues/aten_c_kernels/results/aten_poisson_transform_cpu/debuf.mlir,fc844e752a27d6dec06ac44305cb210130c196d2748d463818a9ff92c7a2c229,syntactic,4,ok,0,702.8382159769535,0,"[""/usr/bin/python3"", ""/home/arjaiswal/Polygeist/scripts/correctness/kernel_match_rewrite.py"", ""/home/arjaiswal/Polygeist/issues/aten_c_kernels/results/aten_poisson_transform_cpu/debuf.mlir"", ""--dry-run"", ""--matcher-mode"", ""syntactic"", ""--telemetry-json"", ""/home/arjaiswal/Polygeist/issues/equality_saturation_eval/campaign_20260908/aten-aten_poisson_transform_cpu-syntactic-ty51d9dc.json"", ""--disable-semantic-fallback""]","== match report for /home/arjaiswal/Polygeist/issues/aten_c_kernels/results/aten_poisson_transform_cpu/debuf.mlir ==
  total: 0 matched / 0 bodies
",0,[],0,0,0,0,/home/arjaiswal/Polygeist/issues/aten_c_kernels/results/aten_poisson_transform_cpu/debuf.mlir,2950,0,0,0,270.4041302204132,0,64804,0.0,0,0,0,0,[],0,0,0,0.0,0
aten,aten_poisson_transform_cpu,/home/arjaiswal/Polygeist/issues/aten_c_kernels/results/aten_poisson_transform_cpu/debuf.mlir,fc844e752a27d6dec06ac44305cb210130c196d2748d463818a9ff92c7a2c229,egglog,4,ok,0,681.9694489240646,0,"[""/usr/bin/python3"", ""/home/arjaiswal/Polygeist/scripts/correctness/kernel_match_rewrite.py"", ""/home/arjaiswal/Polygeist/issues/aten_c_kernels/results/aten_poisson_transform_cpu/debuf.mlir"", ""--dry-run"", ""--matcher-mode"", ""egglog"", ""--telemetry-json"", ""/home/arjaiswal/Polygeist/issues/equality_saturation_eval/campaign_20260908/aten-aten_poisson_transform_cpu-egglog-tyv3mfkf.json"", ""--disable-semantic-fallback""]","== match report for /home/arjaiswal/Polygeist/issues/aten_c_kernels/results/aten_poisson_transform_cpu/debuf.mlir ==
  total: 0 matched / 0 bodies
",0,[],0,0,0,0,/home/arjaiswal/Polygeist/issues/aten_c_kernels/results/aten_poisson_transform_cpu/debuf.mlir,2950,8,0,0,265.1609778404236,0,64724,0.0,0,0,0,0,[],0,0,0,0.0,0
aten,aten_poisson_transform_cpu,/home/arjaiswal/Polygeist/issues/aten_c_kernels/results/aten_poisson_transform_cpu/debuf.mlir,fc844e752a27d6dec06ac44305cb210130c196d2748d463818a9ff92c7a2c229,egglog,5,ok,0,704.250380396843,0,"[""/usr/bin/python3"", ""/home/arjaiswal/Polygeist/scripts/correctness/kernel_match_rewrite.py"", ""/home/arjaiswal/Polygeist/issues/aten_c_kernels/results/aten_poisson_transform_cpu/debuf.mlir"", ""--dry-run"", ""--matcher-mode"", ""egglog"", ""--telemetry-json"", ""/home/arjaiswal/Polygeist/issues/equality_saturation_eval/campaign_20260908/aten-aten_poisson_transform_cpu-egglog-li733v89.json"", ""--disable-semantic-fallback""]","== match report for /home/arjaiswal/Polygeist/issues/aten_c_kernels/results/aten_poisson_transform_cpu/debuf.mlir ==
  total: 0 matched / 0 bodies
",0,[],0,0,0,0,/home/arjaiswal/Polygeist/issues/aten_c_kernels/results/aten_poisson_transform_cpu/debuf.mlir,2950,8,0,0,281.65116906166077,0,64720,0.0,0,0,0,0,[],0,0,0,0.0,0
aten,aten_poisson_transform_cpu,/home/arjaiswal/Polygeist/issues/aten_c_kernels/results/aten_poisson_transform_cpu/debuf.mlir,fc844e752a27d6dec06ac44305cb210130c196d2748d463818a9ff92c7a2c229,syntactic,5,ok,0,675.4697114229202,0,"[""/usr/bin/python3"", ""/home/arjaiswal/Polygeist/scripts/correctness/kernel_match_rewrite.py"", ""/home/arjaiswal/Polygeist/issues/aten_c_kernels/results/aten_poisson_transform_cpu/debuf.mlir"", ""--dry-run"", ""--matcher-mode"", ""syntactic"", ""--telemetry-json"", ""/home/arjaiswal/Polygeist/issues/equality_saturation_eval/campaign_20260908/aten-aten_poisson_transform_cpu-syntactic-932c8dm_.json"", ""--disable-semantic-fallback""]","== match report for /home/arjaiswal/Polygeist/issues/aten_c_kernels/results/aten_poisson_transform_cpu/debuf.mlir ==
  total: 0 matched / 0 bodies
",0,[],0,0,0,0,/home/arjaiswal/Polygeist/issues/aten_c_kernels/results/aten_poisson_transform_cpu/debuf.mlir,2950,0,0,0,261.0282748937607,0,64784,0.0,0,0,0,0,[],0,0,0,0.0,0
aten,aten_polar_scalarized,/home/arjaiswal/Polygeist/issues/aten_c_kernels/results/aten_polar_scalarized/debuf.mlir,f18cdf9da7ab4bd792a928783b9ca23564fade071add87cd843539eb8fcb6875,syntactic,1,ok,0,755.6512206792831,0,"[""/usr/bin/python3"", ""/home/arjaiswal/Polygeist/scripts/correctness/kernel_match_rewrite.py"", ""/home/arjaiswal/Polygeist/issues/aten_c_kernels/results/aten_polar_scalarized/debuf.mlir"", ""--dry-run"", ""--matcher-mode"", ""syntactic"", ""--telemetry-json"", ""/home/arjaiswal/Polygeist/issues/equality_saturation_eval/campaign_20260908/aten-aten_polar_scalarized-syntactic-myqyaqmp.json"", ""--disable-semantic-fallback""]","== match report for /home/arjaiswal/Polygeist/issues/aten_c_kernels/results/aten_polar_scalarized/debuf.mlir ==
  match          body#[0]  cudnnPointwiseGraph_f32
  match          body#[1]  cudnnPointwiseGraph_f32
  total: 2 matched / 2 bodies
",0,[],0,0,0,0,/home/arjaiswal/Polygeist/issues/aten_c_kernels/results/aten_polar_scalarized/debuf.mlir,2678,0,2,2,325.2285048365593,0,65856,0.04916265606880188,0,0,0,0,"[{""body_indices"": [0], ""symbol"": ""cudnnPointwiseGraph_f32""}, {""body_indices"": [1], ""symbol"": ""cudnnPointwiseGraph_f32""}]",2,0,12,0.0,12
aten,aten_polar_scalarized,/home/arjaiswal/Polygeist/issues/aten_c_kernels/results/aten_polar_scalarized/debuf.mlir,f18cdf9da7ab4bd792a928783b9ca23564fade071add87cd843539eb8fcb6875,egglog,1,ok,0,748.7287595868111,0,"[""/usr/bin/python3"", ""/home/arjaiswal/Polygeist/scripts/correctness/kernel_match_rewrite.py"", ""/home/arjaiswal/Polygeist/issues/aten_c_kernels/results/aten_polar_scalarized/debuf.mlir"", ""--dry-run"", ""--matcher-mode"", ""egglog"", ""--telemetry-json"", ""/home/arjaiswal/Polygeist/issues/equality_saturation_eval/campaign_20260908/aten-aten_polar_scalarized-egglog-ej8p56bf.json"", ""--disable-semantic-fallback""]","== match report for /home/arjaiswal/Polygeist/issues/aten_c_kernels/results/aten_polar_scalarized/debuf.mlir ==
  match          body#[0]  cudnnPointwiseGraph_f32
  match          body#[1]  cudnnPointwiseGraph_f32
  total: 2 matched / 2 bodies
",0,[],0,0,0,0,/home/arjaiswal/Polygeist/issues/aten_c_kernels/results/aten_polar_scalarized/debuf.mlir,2678,8,2,2,327.5393135845661,0,65932,0.0,0,0,0,0,"[{""body_indices"": [0], ""symbol"": ""cudnnPointwiseGraph_f32""}, {""body_indices"": [1], ""symbol"": ""cudnnPointwiseGraph_f32""}]",2,0,0,0.0,12
aten,aten_polar_scalarized,/home/arjaiswal/Polygeist/issues/aten_c_kernels/results/aten_polar_scalarized/debuf.mlir,f18cdf9da7ab4bd792a928783b9ca23564fade071add87cd843539eb8fcb6875,egglog,2,ok,0,754.1179768741131,0,"[""/usr/bin/python3"", ""/home/arjaiswal/Polygeist/scripts/correctness/kernel_match_rewrite.py"", ""/home/arjaiswal/Polygeist/issues/aten_c_kernels/results/aten_polar_scalarized/debuf.mlir"", ""--dry-run"", ""--matcher-mode"", ""egglog"", ""--telemetry-json"", ""/home/arjaiswal/Polygeist/issues/equality_saturation_eval/campaign_20260908/aten-aten_polar_scalarized-egglog-0rvw9pba.json"", ""--disable-semantic-fallback""]","== match report for /home/arjaiswal/Polygeist/issues/aten_c_kernels/results/aten_polar_scalarized/debuf.mlir ==
  match          body#[0]  cudnnPointwiseGraph_f32
  match          body#[1]  cudnnPointwiseGraph_f32
  total: 2 matched / 2 bodies
",0,[],0,0,0,0,/home/arjaiswal/Polygeist/issues/aten_c_kernels/results/aten_polar_scalarized/debuf.mlir,2678,8,2,2,322.97196239233017,0,65968,0.0,0,0,0,0,"[{""body_indices"": [0], ""symbol"": ""cudnnPointwiseGraph_f32""}, {""body_indices"": [1], ""symbol"": ""cudnnPointwiseGraph_f32""}]",2,0,0,0.0,12
aten,aten_polar_scalarized,/home/arjaiswal/Polygeist/issues/aten_c_kernels/results/aten_polar_scalarized/debuf.mlir,f18cdf9da7ab4bd792a928783b9ca23564fade071add87cd843539eb8fcb6875,syntactic,2,ok,0,814.8212507367134,0,"[""/usr/bin/python3"", ""/home/arjaiswal/Polygeist/scripts/correctness/kernel_match_rewrite.py"", ""/home/arjaiswal/Polygeist/issues/aten_c_kernels/results/aten_polar_scalarized/debuf.mlir"", ""--dry-run"", ""--matcher-mode"", ""syntactic"", ""--telemetry-json"", ""/home/arjaiswal/Polygeist/issues/equality_saturation_eval/campaign_20260908/aten-aten_polar_scalarized-syntactic-3qxt2sux.json"", ""--disable-semantic-fallback""]","== match report for /home/arjaiswal/Polygeist/issues/aten_c_kernels/results/aten_polar_scalarized/debuf.mlir ==
  match          body#[0]  cudnnPointwiseGraph_f32
  match          body#[1]  cudnnPointwiseGraph_f32
  total: 2 matched / 2 bodies
",0,[],0,0,0,0,/home/arjaiswal/Polygeist/issues/aten_c_kernels/results/aten_polar_scalarized/debuf.mlir,2678,0,2,2,366.29693582654,0,65884,0.056080520153045654,0,0,0,0,"[{""body_indices"": [0], ""symbol"": ""cudnnPointwiseGraph_f32""}, {""body_indices"": [1], ""symbol"": ""cudnnPointwiseGraph_f32""}]",2,0,12,0.0,12
aten,aten_polar_scalarized,/home/arjaiswal/Polygeist/issues/aten_c_kernels/results/aten_polar_scalarized/debuf.mlir,f18cdf9da7ab4bd792a928783b9ca23564fade071add87cd843539eb8fcb6875,syntactic,3,ok,0,806.3458912074566,0,"[""/usr/bin/python3"", ""/home/arjaiswal/Polygeist/scripts/correctness/kernel_match_rewrite.py"", ""/home/arjaiswal/Polygeist/issues/aten_c_kernels/results/aten_polar_scalarized/debuf.mlir"", ""--dry-run"", ""--matcher-mode"", ""syntactic"", ""--telemetry-json"", ""/home/arjaiswal/Polygeist/issues/equality_saturation_eval/campaign_20260908/aten-aten_polar_scalarized-syntactic-leb38gce.json"", ""--disable-semantic-fallback""]","== match report for /home/arjaiswal/Polygeist/issues/aten_c_kernels/results/aten_polar_scalarized/debuf.mlir ==
  match          body#[0]  cudnnPointwiseGraph_f32
  match          body#[1]  cudnnPointwiseGraph_f32
  total: 2 matched / 2 bodies
",0,[],0,0,0,0,/home/arjaiswal/Polygeist/issues/aten_c_kernels/results/aten_polar_scalarized/debuf.mlir,2678,0,2,2,378.03179398179054,0,65976,0.04572048783302307,0,0,0,0,"[{""body_indices"": [0], ""symbol"": ""cudnnPointwiseGraph_f32""}, {""body_indices"": [1], ""symbol"": ""cudnnPointwiseGraph_f32""}]",2,0,12,0.0,12
aten,aten_polar_scalarized,/home/arjaiswal/Polygeist/issues/aten_c_kernels/results/aten_polar_scalarized/debuf.mlir,f18cdf9da7ab4bd792a928783b9ca23564fade071add87cd843539eb8fcb6875,egglog,3,ok,0,754.6975165605545,0,"[""/usr/bin/python3"", ""/home/arjaiswal/Polygeist/scripts/correctness/kernel_match_rewrite.py"", ""/home/arjaiswal/Polygeist/issues/aten_c_kernels/results/aten_polar_scalarized/debuf.mlir"", ""--dry-run"", ""--matcher-mode"", ""egglog"", ""--telemetry-json"", ""/home/arjaiswal/Polygeist/issues/equality_saturation_eval/campaign_20260908/aten-aten_polar_scalarized-egglog-zrk_nl1y.json"", ""--disable-semantic-fallback""]","== match report for /home/arjaiswal/Polygeist/issues/aten_c_kernels/results/aten_polar_scalarized/debuf.mlir ==
  match          body#[0]  cudnnPointwiseGraph_f32
  match          body#[1]  cudnnPointwiseGraph_f32
  total: 2 matched / 2 bodies
",0,[],0,0,0,0,/home/arjaiswal/Polygeist/issues/aten_c_kernels/results/aten_polar_scalarized/debuf.mlir,2678,8,2,2,327.7348354458809,0,65968,0.0,0,0,0,0,"[{""body_indices"": [0], ""symbol"": ""cudnnPointwiseGraph_f32""}, {""body_indices"": [1], ""symbol"": ""cudnnPointwiseGraph_f32""}]",2,0,0,0.0,12
aten,aten_polar_scalarized,/home/arjaiswal/Polygeist/issues/aten_c_kernels/results/aten_polar_scalarized/debuf.mlir,f18cdf9da7ab4bd792a928783b9ca23564fade071add87cd843539eb8fcb6875,egglog,4,ok,0,749.0631230175495,0,"[""/usr/bin/python3"", ""/home/arjaiswal/Polygeist/scripts/correctness/kernel_match_rewrite.py"", ""/home/arjaiswal/Polygeist/issues/aten_c_kernels/results/aten_polar_scalarized/debuf.mlir"", ""--dry-run"", ""--matcher-mode"", ""egglog"", ""--telemetry-json"", ""/home/arjaiswal/Polygeist/issues/equality_saturation_eval/campaign_20260908/aten-aten_polar_scalarized-egglog-kd02gh73.json"", ""--disable-semantic-fallback""]","== match report for /home/arjaiswal/Polygeist/issues/aten_c_kernels/results/aten_polar_scalarized/debuf.mlir ==
  match          body#[0]  cudnnPointwiseGraph_f32
  match          body#[1]  cudnnPointwiseGraph_f32
  total: 2 matched / 2 bodies
",0,[],0,0,0,0,/home/arjaiswal/Polygeist/issues/aten_c_kernels/results/aten_polar_scalarized/debuf.mlir,2678,8,2,2,329.2633667588234,0,65940,0.0,0,0,0,0,"[{""body_indices"": [0], ""symbol"": ""cudnnPointwiseGraph_f32""}, {""body_indices"": [1], ""symbol"": ""cudnnPointwiseGraph_f32""}]",2,0,0,0.0,12
aten,aten_polar_scalarized,/home/arjaiswal/Polygeist/issues/aten_c_kernels/results/aten_polar_scalarized/debuf.mlir,f18cdf9da7ab4bd792a928783b9ca23564fade071add87cd843539eb8fcb6875,syntactic,4,ok,0,770.1110690832138,0,"[""/usr/bin/python3"", ""/home/arjaiswal/Polygeist/scripts/correctness/kernel_match_rewrite.py"", ""/home/arjaiswal/Polygeist/issues/aten_c_kernels/results/aten_polar_scalarized/debuf.mlir"", ""--dry-run"", ""--matcher-mode"", ""syntactic"", ""--telemetry-json"", ""/home/arjaiswal/Polygeist/issues/equality_saturation_eval/campaign_20260908/aten-aten_polar_scalarized-syntactic-qmaebp53.json"", ""--disable-semantic-fallback""]","== match report for /home/arjaiswal/Polygeist/issues/aten_c_kernels/results/aten_polar_scalarized/debuf.mlir ==
  match          body#[0]  cudnnPointwiseGraph_f32
  match          body#[1]  cudnnPointwiseGraph_f32
  total: 2 matched / 2 bodies
",0,[],0,0,0,0,/home/arjaiswal/Polygeist/issues/aten_c_kernels/results/aten_polar_scalarized/debuf.mlir,2678,0,2,2,328.16018909215927,0,65948,0.052597373723983765,0,0,0,0,"[{""body_indices"": [0], ""symbol"": ""cudnnPointwiseGraph_f32""}, {""body_indices"": [1], ""symbol"": ""cudnnPointwiseGraph_f32""}]",2,0,12,0.0,12
aten,aten_polar_scalarized,/home/arjaiswal/Polygeist/issues/aten_c_kernels/results/aten_polar_scalarized/debuf.mlir,f18cdf9da7ab4bd792a928783b9ca23564fade071add87cd843539eb8fcb6875,syntactic,5,ok,0,869.7749599814415,0,"[""/usr/bin/python3"", ""/home/arjaiswal/Polygeist/scripts/correctness/kernel_match_rewrite.py"", ""/home/arjaiswal/Polygeist/issues/aten_c_kernels/results/aten_polar_scalarized/debuf.mlir"", ""--dry-run"", ""--matcher-mode"", ""syntactic"", ""--telemetry-json"", ""/home/arjaiswal/Polygeist/issues/equality_saturation_eval/campaign_20260908/aten-aten_polar_scalarized-syntactic-ar2e8s_6.json"", ""--disable-semantic-fallback""]","== match report for /home/arjaiswal/Polygeist/issues/aten_c_kernels/results/aten_polar_scalarized/debuf.mlir ==
  match          body#[0]  cudnnPointwiseGraph_f32
  match          body#[1]  cudnnPointwiseGraph_f32
  total: 2 matched / 2 bodies
",0,[],0,0,0,0,/home/arjaiswal/Polygeist/issues/aten_c_kernels/results/aten_polar_scalarized/debuf.mlir,2678,0,2,2,411.0582582652569,0,66216,0.05881115794181824,0,0,0,0,"[{""body_indices"": [0], ""symbol"": ""cudnnPointwiseGraph_f32""}, {""body_indices"": [1], ""symbol"": ""cudnnPointwiseGraph_f32""}]",2,0,12,0.0,12
aten,aten_polar_scalarized,/home/arjaiswal/Polygeist/issues/aten_c_kernels/results/aten_polar_scalarized/debuf.mlir,f18cdf9da7ab4bd792a928783b9ca23564fade071add87cd843539eb8fcb6875,egglog,5,ok,0,920.217726379633,0,"[""/usr/bin/python3"", ""/home/arjaiswal/Polygeist/scripts/correctness/kernel_match_rewrite.py"", ""/home/arjaiswal/Polygeist/issues/aten_c_kernels/results/aten_polar_scalarized/debuf.mlir"", ""--dry-run"", ""--matcher-mode"", ""egglog"", ""--telemetry-json"", ""/home/arjaiswal/Polygeist/issues/equality_saturation_eval/campaign_20260908/aten-aten_polar_scalarized-egglog-qugekkyn.json"", ""--disable-semantic-fallback""]","== match report for /home/arjaiswal/Polygeist/issues/aten_c_kernels/results/aten_polar_scalarized/debuf.mlir ==
  match          body#[0]  cudnnPointwiseGraph_f32
  match          body#[1]  cudnnPointwiseGraph_f32
  total: 2 matched / 2 bodies
",0,[],0,0,0,0,/home/arjaiswal/Polygeist/issues/aten_c_kernels/results/aten_polar_scalarized/debuf.mlir,2678,8,2,2,457.30434358119965,0,65952,0.0,0,0,0,0,"[{""body_indices"": [0], ""symbol"": ""cudnnPointwiseGraph_f32""}, {""body_indices"": [1], ""symbol"": ""cudnnPointwiseGraph_f32""}]",2,0,0,0.0,12
aten,aten_polygamma,/home/arjaiswal/Polygeist/issues/aten_c_kernels/results/aten_polygamma/debuf.mlir,7485d433b5f299bede9f49a4651b671f54d003fcebda7a9d626ac2e7a711c30f,egglog,1,ok,0,867.9080791771412,0,"[""/usr/bin/python3"", ""/home/arjaiswal/Polygeist/scripts/correctness/kernel_match_rewrite.py"", ""/home/arjaiswal/Polygeist/issues/aten_c_kernels/results/aten_polygamma/debuf.mlir"", ""--dry-run"", ""--matcher-mode"", ""egglog"", ""--telemetry-json"", ""/home/arjaiswal/Polygeist/issues/equality_saturation_eval/campaign_20260908/aten-aten_polygamma-egglog-y5cwd17r.json"", ""--disable-semantic-fallback""]","== match report for /home/arjaiswal/Polygeist/issues/aten_c_kernels/results/aten_polygamma/debuf.mlir ==
  no_match       body#0  ?
  total: 0 matched / 1 bodies
",0,[],0,0,0,0,/home/arjaiswal/Polygeist/issues/aten_c_kernels/results/aten_polygamma/debuf.mlir,1940,8,1,0,412.8524996340275,1,65720,0.0,0,0,0,0,[],0,0,0,0.0,56
aten,aten_polygamma,/home/arjaiswal/Polygeist/issues/aten_c_kernels/results/aten_polygamma/debuf.mlir,7485d433b5f299bede9f49a4651b671f54d003fcebda7a9d626ac2e7a711c30f,syntactic,1,ok,0,826.7337717115879,0,"[""/usr/bin/python3"", ""/home/arjaiswal/Polygeist/scripts/correctness/kernel_match_rewrite.py"", ""/home/arjaiswal/Polygeist/issues/aten_c_kernels/results/aten_polygamma/debuf.mlir"", ""--dry-run"", ""--matcher-mode"", ""syntactic"", ""--telemetry-json"", ""/home/arjaiswal/Polygeist/issues/equality_saturation_eval/campaign_20260908/aten-aten_polygamma-syntactic-bh9uhh_l.json"", ""--disable-semantic-fallback""]","== match report for /home/arjaiswal/Polygeist/issues/aten_c_kernels/results/aten_polygamma/debuf.mlir ==
  no_match       body#0  ?
  total: 0 matched / 1 bodies
",0,[],0,0,0,0,/home/arjaiswal/Polygeist/issues/aten_c_kernels/results/aten_polygamma/debuf.mlir,1940,0,1,0,394.3636603653431,1,65748,0.149410218000412,0,0,0,0,[],0,0,56,0.0,56
aten,aten_polygamma,/home/arjaiswal/Polygeist/issues/aten_c_kernels/results/aten_polygamma/debuf.mlir,7485d433b5f299bede9f49a4651b671f54d003fcebda7a9d626ac2e7a711c30f,syntactic,2,ok,0,843.4196896851063,0,"[""/usr/bin/python3"", ""/home/arjaiswal/Polygeist/scripts/correctness/kernel_match_rewrite.py"", ""/home/arjaiswal/Polygeist/issues/aten_c_kernels/results/aten_polygamma/debuf.mlir"", ""--dry-run"", ""--matcher-mode"", ""syntactic"", ""--telemetry-json"", ""/home/arjaiswal/Polygeist/issues/equality_saturation_eval/campaign_20260908/aten-aten_polygamma-syntactic-0hk8d915.json"", ""--disable-semantic-fallback""]","== match report for /home/arjaiswal/Polygeist/issues/aten_c_kernels/results/aten_polygamma/debuf.mlir ==
  no_match       body#0  ?
  total: 0 matched / 1 bodies
",0,[],0,0,0,0,/home/arjaiswal/Polygeist/issues/aten_c_kernels/results/aten_polygamma/debuf.mlir,1940,0,1,0,395.4077921807766,1,65892,0.11932849884033203,0,0,0,0,[],0,0,56,0.0,56
aten,aten_polygamma,/home/arjaiswal/Polygeist/issues/aten_c_kernels/results/aten_polygamma/debuf.mlir,7485d433b5f299bede9f49a4651b671f54d003fcebda7a9d626ac2e7a711c30f,egglog,2,ok,0,822.6482644677162,0,"[""/usr/bin/python3"", ""/home/arjaiswal/Polygeist/scripts/correctness/kernel_match_rewrite.py"", ""/home/arjaiswal/Polygeist/issues/aten_c_kernels/results/aten_polygamma/debuf.mlir"", ""--dry-run"", ""--matcher-mode"", ""egglog"", ""--telemetry-json"", ""/home/arjaiswal/Polygeist/issues/equality_saturation_eval/campaign_20260908/aten-aten_polygamma-egglog-xr65adnf.json"", ""--disable-semantic-fallback""]","== match report for /home/arjaiswal/Polygeist/issues/aten_c_kernels/results/aten_polygamma/debuf.mlir ==
  no_match       body#0  ?
  total: 0 matched / 1 bodies
",0,[],0,0,0,0,/home/arjaiswal/Polygeist/issues/aten_c_kernels/results/aten_polygamma/debuf.mlir,1940,8,1,0,405.5014178156853,1,65732,0.0,0,0,0,0,[],0,0,0,0.0,56
aten,aten_polygamma,/home/arjaiswal/Polygeist/issues/aten_c_kernels/results/aten_polygamma/debuf.mlir,7485d433b5f299bede9f49a4651b671f54d003fcebda7a9d626ac2e7a711c30f,egglog,3,ok,0,839.9396874010563,0,"[""/usr/bin/python3"", ""/home/arjaiswal/Polygeist/scripts/correctness/kernel_match_rewrite.py"", ""/home/arjaiswal/Polygeist/issues/aten_c_kernels/results/aten_polygamma/debuf.mlir"", ""--dry-run"", ""--matcher-mode"", ""egglog"", ""--telemetry-json"", ""/home/arjaiswal/Polygeist/issues/equality_saturation_eval/campaign_20260908/aten-aten_polygamma-egglog-chb1f2iv.json"", ""--disable-semantic-fallback""]","== match report for /home/arjaiswal/Polygeist/issues/aten_c_kernels/results/aten_polygamma/debuf.mlir ==
  no_match       body#0  ?
  total: 0 matched / 1 bodies
",0,[],0,0,0,0,/home/arjaiswal/Polygeist/issues/aten_c_kernels/results/aten_polygamma/debuf.mlir,1940,8,1,0,417.5048731267452,1,65716,0.0,0,0,0,0,[],0,0,0,0.0,56
aten,aten_polygamma,/home/arjaiswal/Polygeist/issues/aten_c_kernels/results/aten_polygamma/debuf.mlir,7485d433b5f299bede9f49a4651b671f54d003fcebda7a9d626ac2e7a711c30f,syntactic,3,ok,0,811.0851049423218,0,"[""/usr/bin/python3"", ""/home/arjaiswal/Polygeist/scripts/correctness/kernel_match_rewrite.py"", ""/home/arjaiswal/Polygeist/issues/aten_c_kernels/results/aten_polygamma/debuf.mlir"", ""--dry-run"", ""--matcher-mode"", ""syntactic"", ""--telemetry-json"", ""/home/arjaiswal/Polygeist/issues/equality_saturation_eval/campaign_20260908/aten-aten_polygamma-syntactic-ky8u4gv2.json"", ""--disable-semantic-fallback""]","== match report for /home/arjaiswal/Polygeist/issues/aten_c_kernels/results/aten_polygamma/debuf.mlir ==
  no_match       body#0  ?
  total: 0 matched / 1 bodies
",0,[],0,0,0,0,/home/arjaiswal/Polygeist/issues/aten_c_kernels/results/aten_polygamma/debuf.mlir,1940,0,1,0,392.7316553890705,1,65704,0.12667477130889893,0,0,0,0,[],0,0,56,0.0,56
aten,aten_polygamma,/home/arjaiswal/Polygeist/issues/aten_c_kernels/results/aten_polygamma/debuf.mlir,7485d433b5f299bede9f49a4651b671f54d003fcebda7a9d626ac2e7a711c30f,syntactic,4,ok,0,813.8226009905338,0,"[""/usr/bin/python3"", ""/home/arjaiswal/Polygeist/scripts/correctness/kernel_match_rewrite.py"", ""/home/arjaiswal/Polygeist/issues/aten_c_kernels/results/aten_polygamma/debuf.mlir"", ""--dry-run"", ""--matcher-mode"", ""syntactic"", ""--telemetry-json"", ""/home/arjaiswal/Polygeist/issues/equality_saturation_eval/campaign_20260908/aten-aten_polygamma-syntactic-ohlzwasc.json"", ""--disable-semantic-fallback""]","== match report for /home/arjaiswal/Polygeist/issues/aten_c_kernels/results/aten_polygamma/debuf.mlir ==
  no_match       body#0  ?
  total: 0 matched / 1 bodies
",0,[],0,0,0,0,/home/arjaiswal/Polygeist/issues/aten_c_kernels/results/aten_polygamma/debuf.mlir,1940,0,1,0,397.69941940903664,1,65932,0.1279786229133606,0,0,0,0,[],0,0,56,0.0,56
aten,aten_polygamma,/home/arjaiswal/Polygeist/issues/aten_c_kernels/results/aten_polygamma/debuf.mlir,7485d433b5f299bede9f49a4651b671f54d003fcebda7a9d626ac2e7a711c30f,egglog,4,ok,0,863.6448085308075,0,"[""/usr/bin/python3"", ""/home/arjaiswal/Polygeist/scripts/correctness/kernel_match_rewrite.py"", ""/home/arjaiswal/Polygeist/issues/aten_c_kernels/results/aten_polygamma/debuf.mlir"", ""--dry-run"", ""--matcher-mode"", ""egglog"", ""--telemetry-json"", ""/home/arjaiswal/Polygeist/issues/equality_saturation_eval/campaign_20260908/aten-aten_polygamma-egglog-t55dxbr1.json"", ""--disable-semantic-fallback""]","== match report for /home/arjaiswal/Polygeist/issues/aten_c_kernels/results/aten_polygamma/debuf.mlir ==
  no_match       body#0  ?
  total: 0 matched / 1 bodies
",0,[],0,0,0,0,/home/arjaiswal/Polygeist/issues/aten_c_kernels/results/aten_polygamma/debuf.mlir,1940,8,1,0,440.16388431191444,1,65492,0.0,0,0,0,0,[],0,0,0,0.0,56
aten,aten_polygamma,/home/arjaiswal/Polygeist/issues/aten_c_kernels/results/aten_polygamma/debuf.mlir,7485d433b5f299bede9f49a4651b671f54d003fcebda7a9d626ac2e7a711c30f,egglog,5,ok,0,856.8625189363956,0,"[""/usr/bin/python3"", ""/home/arjaiswal/Polygeist/scripts/correctness/kernel_match_rewrite.py"", ""/home/arjaiswal/Polygeist/issues/aten_c_kernels/results/aten_polygamma/debuf.mlir"", ""--dry-run"", ""--matcher-mode"", ""egglog"", ""--telemetry-json"", ""/home/arjaiswal/Polygeist/issues/equality_saturation_eval/campaign_20260908/aten-aten_polygamma-egglog-zt_0bcey.json"", ""--disable-semantic-fallback""]","== match report for /home/arjaiswal/Polygeist/issues/aten_c_kernels/results/aten_polygamma/debuf.mlir ==
  no_match       body#0  ?
  total: 0 matched / 1 bodies
",0,[],0,0,0,0,/home/arjaiswal/Polygeist/issues/aten_c_kernels/results/aten_polygamma/debuf.mlir,1940,8,1,0,439.3913410604,1,65660,0.0,0,0,0,0,[],0,0,0,0.0,56
aten,aten_polygamma,/home/arjaiswal/Polygeist/issues/aten_c_kernels/results/aten_polygamma/debuf.mlir,7485d433b5f299bede9f49a4651b671f54d003fcebda7a9d626ac2e7a711c30f,syntactic,5,ok,0,860.1793758571148,0,"[""/usr/bin/python3"", ""/home/arjaiswal/Polygeist/scripts/correctness/kernel_match_rewrite.py"", ""/home/arjaiswal/Polygeist/issues/aten_c_kernels/results/aten_polygamma/debuf.mlir"", ""--dry-run"", ""--matcher-mode"", ""syntactic"", ""--telemetry-json"", ""/home/arjaiswal/Polygeist/issues/equality_saturation_eval/campaign_20260908/aten-aten_polygamma-syntactic-22j9efop.json"", ""--disable-semantic-fallback""]","== match report for /home/arjaiswal/Polygeist/issues/aten_c_kernels/results/aten_polygamma/debuf.mlir ==
  no_match       body#0  ?
  total: 0 matched / 1 bodies
",0,[],0,0,0,0,/home/arjaiswal/Polygeist/issues/aten_c_kernels/results/aten_polygamma/debuf.mlir,1940,0,1,0,433.2348145544529,1,65556,0.13938173651695251,0,0,0,0,[],0,0,56,0.0,56
aten,aten_pow,/home/arjaiswal/Polygeist/issues/aten_c_kernels/results/aten_pow/debuf.mlir,62056bd833be604b36bfcd962ae844a215f82e7424613411a934f9b7fb6c8f1c,syntactic,1,ok,0,737.7527728676796,0,"[""/usr/bin/python3"", ""/home/arjaiswal/Polygeist/scripts/correctness/kernel_match_rewrite.py"", ""/home/arjaiswal/Polygeist/issues/aten_c_kernels/results/aten_pow/debuf.mlir"", ""--dry-run"", ""--matcher-mode"", ""syntactic"", ""--telemetry-json"", ""/home/arjaiswal/Polygeist/issues/equality_saturation_eval/campaign_20260908/aten-aten_pow-syntactic-q0vwi_nf.json"", ""--disable-semantic-fallback""]","== match report for /home/arjaiswal/Polygeist/issues/aten_c_kernels/results/aten_pow/debuf.mlir ==
  match          body#[0]  cudnnPointwiseGraph_f32
  total: 1 matched / 1 bodies
",0,[],0,0,0,0,/home/arjaiswal/Polygeist/issues/aten_c_kernels/results/aten_pow/debuf.mlir,1882,0,1,1,298.8952323794365,0,65772,0.02321600914001465,0,0,0,0,"[{""body_indices"": [0], ""symbol"": ""cudnnPointwiseGraph_f32""}]",1,0,6,0.0,6
aten,aten_pow,/home/arjaiswal/Polygeist/issues/aten_c_kernels/results/aten_pow/debuf.mlir,62056bd833be604b36bfcd962ae844a215f82e7424613411a934f9b7fb6c8f1c,egglog,1,ok,0,710.393164306879,0,"[""/usr/bin/python3"", ""/home/arjaiswal/Polygeist/scripts/correctness/kernel_match_rewrite.py"", ""/home/arjaiswal/Polygeist/issues/aten_c_kernels/results/aten_pow/debuf.mlir"", ""--dry-run"", ""--matcher-mode"", ""egglog"", ""--telemetry-json"", ""/home/arjaiswal/Polygeist/issues/equality_saturation_eval/campaign_20260908/aten-aten_pow-egglog-elyj_oy8.json"", ""--disable-semantic-fallback""]","== match report for /home/arjaiswal/Polygeist/issues/aten_c_kernels/results/aten_pow/debuf.mlir ==
  match          body#[0]  cudnnPointwiseGraph_f32
  total: 1 matched / 1 bodies
",0,[],0,0,0,0,/home/arjaiswal/Polygeist/issues/aten_c_kernels/results/aten_pow/debuf.mlir,1882,8,1,1,280.2078388631344,0,65832,0.0,0,0,0,0,"[{""body_indices"": [0], ""symbol"": ""cudnnPointwiseGraph_f32""}]",1,0,0,0.0,6
aten,aten_pow,/home/arjaiswal/Polygeist/issues/aten_c_kernels/results/aten_pow/debuf.mlir,62056bd833be604b36bfcd962ae844a215f82e7424613411a934f9b7fb6c8f1c,egglog,2,ok,0,681.1272650957108,0,"[""/usr/bin/python3"", ""/home/arjaiswal/Polygeist/scripts/correctness/kernel_match_rewrite.py"", ""/home/arjaiswal/Polygeist/issues/aten_c_kernels/results/aten_pow/debuf.mlir"", ""--dry-run"", ""--matcher-mode"", ""egglog"", ""--telemetry-json"", ""/home/arjaiswal/Polygeist/issues/equality_saturation_eval/campaign_20260908/aten-aten_pow-egglog-oov8t1xo.json"", ""--disable-semantic-fallback""]","== match report for /home/arjaiswal/Polygeist/issues/aten_c_kernels/results/aten_pow/debuf.mlir ==
  match          body#[0]  cudnnPointwiseGraph_f32
  total: 1 matched / 1 bodies
",0,[],0,0,0,0,/home/arjaiswal/Polygeist/issues/aten_c_kernels/results/aten_pow/debuf.mlir,1882,8,1,1,283.43287482857704,0,65684,0.0,0,0,0,0,"[{""body_indices"": [0], ""symbol"": ""cudnnPointwiseGraph_f32""}]",1,0,0,0.0,6
aten,aten_pow,/home/arjaiswal/Polygeist/issues/aten_c_kernels/results/aten_pow/debuf.mlir,62056bd833be604b36bfcd962ae844a215f82e7424613411a934f9b7fb6c8f1c,syntactic,2,ok,0,716.7410925030708,0,"[""/usr/bin/python3"", ""/home/arjaiswal/Polygeist/scripts/correctness/kernel_match_rewrite.py"", ""/home/arjaiswal/Polygeist/issues/aten_c_kernels/results/aten_pow/debuf.mlir"", ""--dry-run"", ""--matcher-mode"", ""syntactic"", ""--telemetry-json"", ""/home/arjaiswal/Polygeist/issues/equality_saturation_eval/campaign_20260908/aten-aten_pow-syntactic-p9e1ywv7.json"", ""--disable-semantic-fallback""]","== match report for /home/arjaiswal/Polygeist/issues/aten_c_kernels/results/aten_pow/debuf.mlir ==
  match          body#[0]  cudnnPointwiseGraph_f32
  total: 1 matched / 1 bodies
",0,[],0,0,0,0,/home/arjaiswal/Polygeist/issues/aten_c_kernels/results/aten_pow/debuf.mlir,1882,0,1,1,287.7874821424484,0,65580,0.01705065369606018,0,0,0,0,"[{""body_indices"": [0], ""symbol"": ""cudnnPointwiseGraph_f32""}]",1,0,6,0.0,6
aten,aten_pow,/home/arjaiswal/Polygeist/issues/aten_c_kernels/results/aten_pow/debuf.mlir,62056bd833be604b36bfcd962ae844a215f82e7424613411a934f9b7fb6c8f1c,syntactic,3,ok,0,703.7413902580738,0,"[""/usr/bin/python3"", ""/home/arjaiswal/Polygeist/scripts/correctness/kernel_match_rewrite.py"", ""/home/arjaiswal/Polygeist/issues/aten_c_kernels/results/aten_pow/debuf.mlir"", ""--dry-run"", ""--matcher-mode"", ""syntactic"", ""--telemetry-json"", ""/home/arjaiswal/Polygeist/issues/equality_saturation_eval/campaign_20260908/aten-aten_pow-syntactic-1rtjrpjy.json"", ""--disable-semantic-fallback""]","== match report for /home/arjaiswal/Polygeist/issues/aten_c_kernels/results/aten_pow/debuf.mlir ==
  match          body#[0]  cudnnPointwiseGraph_f32
  total: 1 matched / 1 bodies
",0,[],0,0,0,0,/home/arjaiswal/Polygeist/issues/aten_c_kernels/results/aten_pow/debuf.mlir,1882,0,1,1,283.16351771354675,0,65596,0.01932680606842041,0,0,0,0,"[{""body_indices"": [0], ""symbol"": ""cudnnPointwiseGraph_f32""}]",1,0,6,0.0,6
aten,aten_pow,/home/arjaiswal/Polygeist/issues/aten_c_kernels/results/aten_pow/debuf.mlir,62056bd833be604b36bfcd962ae844a215f82e7424613411a934f9b7fb6c8f1c,egglog,3,ok,0,744.0251782536507,0,"[""/usr/bin/python3"", ""/home/arjaiswal/Polygeist/scripts/correctness/kernel_match_rewrite.py"", ""/home/arjaiswal/Polygeist/issues/aten_c_kernels/results/aten_pow/debuf.mlir"", ""--dry-run"", ""--matcher-mode"", ""egglog"", ""--telemetry-json"", ""/home/arjaiswal/Polygeist/issues/equality_saturation_eval/campaign_20260908/aten-aten_pow-egglog-g4q4h4ca.json"", ""--disable-semantic-fallback""]","== match report for /home/arjaiswal/Polygeist/issues/aten_c_kernels/results/aten_pow/debuf.mlir ==
  match          body#[0]  cudnnPointwiseGraph_f32
  total: 1 matched / 1 bodies
",0,[],0,0,0,0,/home/arjaiswal/Polygeist/issues/aten_c_kernels/results/aten_pow/debuf.mlir,1882,8,1,1,315.6776502728462,0,65660,0.0,0,0,0,0,"[{""body_indices"": [0], ""symbol"": ""cudnnPointwiseGraph_f32""}]",1,0,0,0.0,6
aten,aten_pow,/home/arjaiswal/Polygeist/issues/aten_c_kernels/results/aten_pow/debuf.mlir,62056bd833be604b36bfcd962ae844a215f82e7424613411a934f9b7fb6c8f1c,egglog,4,ok,0,719.5488028228283,0,"[""/usr/bin/python3"", ""/home/arjaiswal/Polygeist/scripts/correctness/kernel_match_rewrite.py"", ""/home/arjaiswal/Polygeist/issues/aten_c_kernels/results/aten_pow/debuf.mlir"", ""--dry-run"", ""--matcher-mode"", ""egglog"", ""--telemetry-json"", ""/home/arjaiswal/Polygeist/issues/equality_saturation_eval/campaign_20260908/aten-aten_pow-egglog-m9vsky1m.json"", ""--disable-semantic-fallback""]","== match report for /home/arjaiswal/Polygeist/issues/aten_c_kernels/results/aten_pow/debuf.mlir ==
  match          body#[0]  cudnnPointwiseGraph_f32
  total: 1 matched / 1 bodies
",0,[],0,0,0,0,/home/arjaiswal/Polygeist/issues/aten_c_kernels/results/aten_pow/debuf.mlir,1882,8,1,1,307.8548572957516,0,65568,0.0,0,0,0,0,"[{""body_indices"": [0], ""symbol"": ""cudnnPointwiseGraph_f32""}]",1,0,0,0.0,6
aten,aten_pow,/home/arjaiswal/Polygeist/issues/aten_c_kernels/results/aten_pow/debuf.mlir,62056bd833be604b36bfcd962ae844a215f82e7424613411a934f9b7fb6c8f1c,syntactic,4,ok,0,680.5311106145382,0,"[""/usr/bin/python3"", ""/home/arjaiswal/Polygeist/scripts/correctness/kernel_match_rewrite.py"", ""/home/arjaiswal/Polygeist/issues/aten_c_kernels/results/aten_pow/debuf.mlir"", ""--dry-run"", ""--matcher-mode"", ""syntactic"", ""--telemetry-json"", ""/home/arjaiswal/Polygeist/issues/equality_saturation_eval/campaign_20260908/aten-aten_pow-syntactic-791z7o1d.json"", ""--disable-semantic-fallback""]","== match report for /home/arjaiswal/Polygeist/issues/aten_c_kernels/results/aten_pow/debuf.mlir ==
  match          body#[0]  cudnnPointwiseGraph_f32
  total: 1 matched / 1 bodies
",0,[],0,0,0,0,/home/arjaiswal/Polygeist/issues/aten_c_kernels/results/aten_pow/debuf.mlir,1882,0,1,1,284.5044434070587,0,65708,0.017315149307250977,0,0,0,0,"[{""body_indices"": [0], ""symbol"": ""cudnnPointwiseGraph_f32""}]",1,0,6,0.0,6
aten,aten_pow,/home/arjaiswal/Polygeist/issues/aten_c_kernels/results/aten_pow/debuf.mlir,62056bd833be604b36bfcd962ae844a215f82e7424613411a934f9b7fb6c8f1c,syntactic,5,ok,0,709.7195126116276,0,"[""/usr/bin/python3"", ""/home/arjaiswal/Polygeist/scripts/correctness/kernel_match_rewrite.py"", ""/home/arjaiswal/Polygeist/issues/aten_c_kernels/results/aten_pow/debuf.mlir"", ""--dry-run"", ""--matcher-mode"", ""syntactic"", ""--telemetry-json"", ""/home/arjaiswal/Polygeist/issues/equality_saturation_eval/campaign_20260908/aten-aten_pow-syntactic-xqvo0tzo.json"", ""--disable-semantic-fallback""]","== match report for /home/arjaiswal/Polygeist/issues/aten_c_kernels/results/aten_pow/debuf.mlir ==
  match          body#[0]  cudnnPointwiseGraph_f32
  total: 1 matched / 1 bodies
",0,[],0,0,0,0,/home/arjaiswal/Polygeist/issues/aten_c_kernels/results/aten_pow/debuf.mlir,1882,0,1,1,304.1320666670799,0,65576,0.024493783712387085,0,0,0,0,"[{""body_indices"": [0], ""symbol"": ""cudnnPointwiseGraph_f32""}]",1,0,6,0.0,6
aten,aten_pow,/home/arjaiswal/Polygeist/issues/aten_c_kernels/results/aten_pow/debuf.mlir,62056bd833be604b36bfcd962ae844a215f82e7424613411a934f9b7fb6c8f1c,egglog,5,ok,0,683.4897734224796,0,"[""/usr/bin/python3"", ""/home/arjaiswal/Polygeist/scripts/correctness/kernel_match_rewrite.py"", ""/home/arjaiswal/Polygeist/issues/aten_c_kernels/results/aten_pow/debuf.mlir"", ""--dry-run"", ""--matcher-mode"", ""egglog"", ""--telemetry-json"", ""/home/arjaiswal/Polygeist/issues/equality_saturation_eval/campaign_20260908/aten-aten_pow-egglog-xkk28gl8.json"", ""--disable-semantic-fallback""]","== match report for /home/arjaiswal/Polygeist/issues/aten_c_kernels/results/aten_pow/debuf.mlir ==
  match          body#[0]  cudnnPointwiseGraph_f32
  total: 1 matched / 1 bodies
",0,[],0,0,0,0,/home/arjaiswal/Polygeist/issues/aten_c_kernels/results/aten_pow/debuf.mlir,1882,8,1,1,285.10386124253273,0,65784,0.0,0,0,0,0,"[{""body_indices"": [0], ""symbol"": ""cudnnPointwiseGraph_f32""}]",1,0,0,0.0,6
aten,aten_pow_tensor_scalar,/home/arjaiswal/Polygeist/issues/aten_c_kernels/results/aten_pow_tensor_scalar/debuf.mlir,e016f927c63304e68e2254af57c1b5888106c4079ab7a747945f0bd5a9c010f3,egglog,1,ok,0,901.774600148201,0,"[""/usr/bin/python3"", ""/home/arjaiswal/Polygeist/scripts/correctness/kernel_match_rewrite.py"", ""/home/arjaiswal/Polygeist/issues/aten_c_kernels/results/aten_pow_tensor_scalar/debuf.mlir"", ""--dry-run"", ""--matcher-mode"", ""egglog"", ""--telemetry-json"", ""/home/arjaiswal/Polygeist/issues/equality_saturation_eval/campaign_20260908/aten-aten_pow_tensor_scalar-egglog-p0jrkhk7.json"", ""--disable-semantic-fallback""]","== match report for /home/arjaiswal/Polygeist/issues/aten_c_kernels/results/aten_pow_tensor_scalar/debuf.mlir ==
  match          body#[0]  cudnnPointwiseGraph_f32
  total: 1 matched / 1 bodies
",0,[],0,0,0,0,/home/arjaiswal/Polygeist/issues/aten_c_kernels/results/aten_pow_tensor_scalar/debuf.mlir,1794,8,1,1,488.35861682891846,0,65648,0.0,0,0,0,0,"[{""body_indices"": [0], ""symbol"": ""cudnnPointwiseGraph_f32""}]",1,0,0,0.0,56
aten,aten_pow_tensor_scalar,/home/arjaiswal/Polygeist/issues/aten_c_kernels/results/aten_pow_tensor_scalar/debuf.mlir,e016f927c63304e68e2254af57c1b5888106c4079ab7a747945f0bd5a9c010f3,syntactic,1,ok,0,939.3695890903473,0,"[""/usr/bin/python3"", ""/home/arjaiswal/Polygeist/scripts/correctness/kernel_match_rewrite.py"", ""/home/arjaiswal/Polygeist/issues/aten_c_kernels/results/aten_pow_tensor_scalar/debuf.mlir"", ""--dry-run"", ""--matcher-mode"", ""syntactic"", ""--telemetry-json"", ""/home/arjaiswal/Polygeist/issues/equality_saturation_eval/campaign_20260908/aten-aten_pow_tensor_scalar-syntactic-72v_5x1f.json"", ""--disable-semantic-fallback""]","== match report for /home/arjaiswal/Polygeist/issues/aten_c_kernels/results/aten_pow_tensor_scalar/debuf.mlir ==
  match          body#[0]  cudnnPointwiseGraph_f32
  total: 1 matched / 1 bodies
",0,[],0,0,0,0,/home/arjaiswal/Polygeist/issues/aten_c_kernels/results/aten_pow_tensor_scalar/debuf.mlir,1794,0,1,1,488.97023499011993,0,65964,0.1162998378276825,0,0,0,0,"[{""body_indices"": [0], ""symbol"": ""cudnnPointwiseGraph_f32""}]",1,0,56,0.0,56
aten,aten_pow_tensor_scalar,/home/arjaiswal/Polygeist/issues/aten_c_kernels/results/aten_pow_tensor_scalar/debuf.mlir,e016f927c63304e68e2254af57c1b5888106c4079ab7a747945f0bd5a9c010f3,syntactic,2,ok,0,945.0624361634254,0,"[""/usr/bin/python3"", ""/home/arjaiswal/Polygeist/scripts/correctness/kernel_match_rewrite.py"", ""/home/arjaiswal/Polygeist/issues/aten_c_kernels/results/aten_pow_tensor_scalar/debuf.mlir"", ""--dry-run"", ""--matcher-mode"", ""syntactic"", ""--telemetry-json"", ""/home/arjaiswal/Polygeist/issues/equality_saturation_eval/campaign_20260908/aten-aten_pow_tensor_scalar-syntactic-z9mkefgw.json"", ""--disable-semantic-fallback""]","== match report for /home/arjaiswal/Polygeist/issues/aten_c_kernels/results/aten_pow_tensor_scalar/debuf.mlir ==
  match          body#[0]  cudnnPointwiseGraph_f32
  total: 1 matched / 1 bodies
",0,[],0,0,0,0,/home/arjaiswal/Polygeist/issues/aten_c_kernels/results/aten_pow_tensor_scalar/debuf.mlir,1794,0,1,1,507.4527710676193,0,66092,0.12814626097679138,0,0,0,0,"[{""body_indices"": [0], ""symbol"": ""cudnnPointwiseGraph_f32""}]",1,0,56,0.0,56
aten,aten_pow_tensor_scalar,/home/arjaiswal/Polygeist/issues/aten_c_kernels/results/aten_pow_tensor_scalar/debuf.mlir,e016f927c63304e68e2254af57c1b5888106c4079ab7a747945f0bd5a9c010f3,egglog,2,ok,0,911.6794988512993,0,"[""/usr/bin/python3"", ""/home/arjaiswal/Polygeist/scripts/correctness/kernel_match_rewrite.py"", ""/home/arjaiswal/Polygeist/issues/aten_c_kernels/results/aten_pow_tensor_scalar/debuf.mlir"", ""--dry-run"", ""--matcher-mode"", ""egglog"", ""--telemetry-json"", ""/home/arjaiswal/Polygeist/issues/equality_saturation_eval/campaign_20260908/aten-aten_pow_tensor_scalar-egglog-vcw5edrk.json"", ""--disable-semantic-fallback""]","== match report for /home/arjaiswal/Polygeist/issues/aten_c_kernels/results/aten_pow_tensor_scalar/debuf.mlir ==
  match          body#[0]  cudnnPointwiseGraph_f32
  total: 1 matched / 1 bodies
",0,[],0,0,0,0,/home/arjaiswal/Polygeist/issues/aten_c_kernels/results/aten_pow_tensor_scalar/debuf.mlir,1794,8,1,1,461.56322583556175,0,66036,0.0,0,0,0,0,"[{""body_indices"": [0], ""symbol"": ""cudnnPointwiseGraph_f32""}]",1,0,0,0.0,56
aten,aten_pow_tensor_scalar,/home/arjaiswal/Polygeist/issues/aten_c_kernels/results/aten_pow_tensor_scalar/debuf.mlir,e016f927c63304e68e2254af57c1b5888106c4079ab7a747945f0bd5a9c010f3,egglog,3,ok,0,893.7546126544476,0,"[""/usr/bin/python3"", ""/home/arjaiswal/Polygeist/scripts/correctness/kernel_match_rewrite.py"", ""/home/arjaiswal/Polygeist/issues/aten_c_kernels/results/aten_pow_tensor_scalar/debuf.mlir"", ""--dry-run"", ""--matcher-mode"", ""egglog"", ""--telemetry-json"", ""/home/arjaiswal/Polygeist/issues/equality_saturation_eval/campaign_20260908/aten-aten_pow_tensor_scalar-egglog-qv9v2p5o.json"", ""--disable-semantic-fallback""]","== match report for /home/arjaiswal/Polygeist/issues/aten_c_kernels/results/aten_pow_tensor_scalar/debuf.mlir ==
  match          body#[0]  cudnnPointwiseGraph_f32
  total: 1 matched / 1 bodies
",0,[],0,0,0,0,/home/arjaiswal/Polygeist/issues/aten_c_kernels/results/aten_pow_tensor_scalar/debuf.mlir,1794,8,1,1,470.4810343682766,0,65868,0.0,0,0,0,0,"[{""body_indices"": [0], ""symbol"": ""cudnnPointwiseGraph_f32""}]",1,0,0,0.0,56
aten,aten_pow_tensor_scalar,/home/arjaiswal/Polygeist/issues/aten_c_kernels/results/aten_pow_tensor_scalar/debuf.mlir,e016f927c63304e68e2254af57c1b5888106c4079ab7a747945f0bd5a9c010f3,syntactic,3,ok,0,1012.6567631959915,0,"[""/usr/bin/python3"", ""/home/arjaiswal/Polygeist/scripts/correctness/kernel_match_rewrite.py"", ""/home/arjaiswal/Polygeist/issues/aten_c_kernels/results/aten_pow_tensor_scalar/debuf.mlir"", ""--dry-run"", ""--matcher-mode"", ""syntactic"", ""--telemetry-json"", ""/home/arjaiswal/Polygeist/issues/equality_saturation_eval/campaign_20260908/aten-aten_pow_tensor_scalar-syntactic-pm6osoo1.json"", ""--disable-semantic-fallback""]","== match report for /home/arjaiswal/Polygeist/issues/aten_c_kernels/results/aten_pow_tensor_scalar/debuf.mlir ==
  match          body#[0]  cudnnPointwiseGraph_f32
  total: 1 matched / 1 bodies
",0,[],0,0,0,0,/home/arjaiswal/Polygeist/issues/aten_c_kernels/results/aten_pow_tensor_scalar/debuf.mlir,1794,0,1,1,493.7043525278568,0,65968,0.13108178973197937,0,0,0,0,"[{""body_indices"": [0], ""symbol"": ""cudnnPointwiseGraph_f32""}]",1,0,56,0.0,56
aten,aten_pow_tensor_scalar,/home/arjaiswal/Polygeist/issues/aten_c_kernels/results/aten_pow_tensor_scalar/debuf.mlir,e016f927c63304e68e2254af57c1b5888106c4079ab7a747945f0bd5a9c010f3,syntactic,4,ok,0,878.4901537001133,0,"[""/usr/bin/python3"", ""/home/arjaiswal/Polygeist/scripts/correctness/kernel_match_rewrite.py"", ""/home/arjaiswal/Polygeist/issues/aten_c_kernels/results/aten_pow_tensor_scalar/debuf.mlir"", ""--dry-run"", ""--matcher-mode"", ""syntactic"", ""--telemetry-json"", ""/home/arjaiswal/Polygeist/issues/equality_saturation_eval/campaign_20260908/aten-aten_pow_tensor_scalar-syntactic-qo17pgw0.json"", ""--disable-semantic-fallback""]","== match report for /home/arjaiswal/Polygeist/issues/aten_c_kernels/results/aten_pow_tensor_scalar/debuf.mlir ==
  match          body#[0]  cudnnPointwiseGraph_f32
  total: 1 matched / 1 bodies
",0,[],0,0,0,0,/home/arjaiswal/Polygeist/issues/aten_c_kernels/results/aten_pow_tensor_scalar/debuf.mlir,1794,0,1,1,451.34563744068146,0,66016,0.13593211770057678,0,0,0,0,"[{""body_indices"": [0], ""symbol"": ""cudnnPointwiseGraph_f32""}]",1,0,56,0.0,56
aten,aten_pow_tensor_scalar,/home/arjaiswal/Polygeist/issues/aten_c_kernels/results/aten_pow_tensor_scalar/debuf.mlir,e016f927c63304e68e2254af57c1b5888106c4079ab7a747945f0bd5a9c010f3,egglog,4,ok,0,870.0527809560299,0,"[""/usr/bin/python3"", ""/home/arjaiswal/Polygeist/scripts/correctness/kernel_match_rewrite.py"", ""/home/arjaiswal/Polygeist/issues/aten_c_kernels/results/aten_pow_tensor_scalar/debuf.mlir"", ""--dry-run"", ""--matcher-mode"", ""egglog"", ""--telemetry-json"", ""/home/arjaiswal/Polygeist/issues/equality_saturation_eval/campaign_20260908/aten-aten_pow_tensor_scalar-egglog-oz65f414.json"", ""--disable-semantic-fallback""]","== match report for /home/arjaiswal/Polygeist/issues/aten_c_kernels/results/aten_pow_tensor_scalar/debuf.mlir ==
  match          body#[0]  cudnnPointwiseGraph_f32
  total: 1 matched / 1 bodies
",0,[],0,0,0,0,/home/arjaiswal/Polygeist/issues/aten_c_kernels/results/aten_pow_tensor_scalar/debuf.mlir,1794,8,1,1,445.4539231956005,0,65636,0.0,0,0,0,0,"[{""body_indices"": [0], ""symbol"": ""cudnnPointwiseGraph_f32""}]",1,0,0,0.0,56
aten,aten_pow_tensor_scalar,/home/arjaiswal/Polygeist/issues/aten_c_kernels/results/aten_pow_tensor_scalar/debuf.mlir,e016f927c63304e68e2254af57c1b5888106c4079ab7a747945f0bd5a9c010f3,egglog,5,ok,0,872.5543133914471,0,"[""/usr/bin/python3"", ""/home/arjaiswal/Polygeist/scripts/correctness/kernel_match_rewrite.py"", ""/home/arjaiswal/Polygeist/issues/aten_c_kernels/results/aten_pow_tensor_scalar/debuf.mlir"", ""--dry-run"", ""--matcher-mode"", ""egglog"", ""--telemetry-json"", ""/home/arjaiswal/Polygeist/issues/equality_saturation_eval/campaign_20260908/aten-aten_pow_tensor_scalar-egglog-gdbljesy.json"", ""--disable-semantic-fallback""]","== match report for /home/arjaiswal/Polygeist/issues/aten_c_kernels/results/aten_pow_tensor_scalar/debuf.mlir ==
  match          body#[0]  cudnnPointwiseGraph_f32
  total: 1 matched / 1 bodies
",0,[],0,0,0,0,/home/arjaiswal/Polygeist/issues/aten_c_kernels/results/aten_pow_tensor_scalar/debuf.mlir,1794,8,1,1,447.89864122867584,0,66132,0.0,0,0,0,0,"[{""body_indices"": [0], ""symbol"": ""cudnnPointwiseGraph_f32""}]",1,0,0,0.0,56
aten,aten_pow_tensor_scalar,/home/arjaiswal/Polygeist/issues/aten_c_kernels/results/aten_pow_tensor_scalar/debuf.mlir,e016f927c63304e68e2254af57c1b5888106c4079ab7a747945f0bd5a9c010f3,syntactic,5,ok,0,860.4100756347179,0,"[""/usr/bin/python3"", ""/home/arjaiswal/Polygeist/scripts/correctness/kernel_match_rewrite.py"", ""/home/arjaiswal/Polygeist/issues/aten_c_kernels/results/aten_pow_tensor_scalar/debuf.mlir"", ""--dry-run"", ""--matcher-mode"", ""syntactic"", ""--telemetry-json"", ""/home/arjaiswal/Polygeist/issues/equality_saturation_eval/campaign_20260908/aten-aten_pow_tensor_scalar-syntactic-xm_7g7tr.json"", ""--disable-semantic-fallback""]","== match report for /home/arjaiswal/Polygeist/issues/aten_c_kernels/results/aten_pow_tensor_scalar/debuf.mlir ==
  match          body#[0]  cudnnPointwiseGraph_f32
  total: 1 matched / 1 bodies
",0,[],0,0,0,0,/home/arjaiswal/Polygeist/issues/aten_c_kernels/results/aten_pow_tensor_scalar/debuf.mlir,1794,0,1,1,439.7512748837471,0,65916,0.12510642409324646,0,0,0,0,"[{""body_indices"": [0], ""symbol"": ""cudnnPointwiseGraph_f32""}]",1,0,56,0.0,56
aten,aten_powsum_cpu,/home/arjaiswal/Polygeist/issues/aten_c_kernels/results/aten_powsum_cpu/debuf.mlir,c013c97ff9b538254a8ebe4cb8eeb92d795e0aff5463418ebeafb6ea2a3a7772,syntactic,1,ok,0,799.599152058363,0,"[""/usr/bin/python3"", ""/home/arjaiswal/Polygeist/scripts/correctness/kernel_match_rewrite.py"", ""/home/arjaiswal/Polygeist/issues/aten_c_kernels/results/aten_powsum_cpu/debuf.mlir"", ""--dry-run"", ""--matcher-mode"", ""syntactic"", ""--telemetry-json"", ""/home/arjaiswal/Polygeist/issues/equality_saturation_eval/campaign_20260908/aten-aten_powsum_cpu-syntactic-2_t_6cv2.json"", ""--disable-semantic-fallback""]","== match report for /home/arjaiswal/Polygeist/issues/aten_c_kernels/results/aten_powsum_cpu/debuf.mlir ==
  match          body#[0]  memset_zero_1D_f32
  no_match       body#1  ?
  total: 1 matched / 2 bodies
",0,[],0,0,0,0,/home/arjaiswal/Polygeist/issues/aten_c_kernels/results/aten_powsum_cpu/debuf.mlir,2722,0,2,1,381.3563361763954,1,65904,0.13406574726104736,0,20,0,0,"[{""body_indices"": [0], ""symbol"": ""memset_zero_1D_f32""}]",1,0,36,0.0,36
aten,aten_powsum_cpu,/home/arjaiswal/Polygeist/issues/aten_c_kernels/results/aten_powsum_cpu/debuf.mlir,c013c97ff9b538254a8ebe4cb8eeb92d795e0aff5463418ebeafb6ea2a3a7772,egglog,1,ok,0,1071.2200477719307,0,"[""/usr/bin/python3"", ""/home/arjaiswal/Polygeist/scripts/correctness/kernel_match_rewrite.py"", ""/home/arjaiswal/Polygeist/issues/aten_c_kernels/results/aten_powsum_cpu/debuf.mlir"", ""--dry-run"", ""--matcher-mode"", ""egglog"", ""--telemetry-json"", ""/home/arjaiswal/Polygeist/issues/equality_saturation_eval/campaign_20260908/aten-aten_powsum_cpu-egglog-m6adkmli.json"", ""--disable-semantic-fallback""]","== match report for /home/arjaiswal/Polygeist/issues/aten_c_kernels/results/aten_powsum_cpu/debuf.mlir ==
  match          body#[0]  memset_zero_1D_f32
  no_match       body#1  ?
  total: 1 matched / 2 bodies
",0,[],0,0,0,0,/home/arjaiswal/Polygeist/issues/aten_c_kernels/results/aten_powsum_cpu/debuf.mlir,2722,8,2,1,618.0866286158562,1,69944,214.2602689564228,20,20,0,0,"[{""body_indices"": [0], ""symbol"": ""memset_zero_1D_f32""}]",1,0,0,0.0,36
aten,aten_powsum_cpu,/home/arjaiswal/Polygeist/issues/aten_c_kernels/results/aten_powsum_cpu/debuf.mlir,c013c97ff9b538254a8ebe4cb8eeb92d795e0aff5463418ebeafb6ea2a3a7772,egglog,2,ok,0,1035.619106143713,0,"[""/usr/bin/python3"", ""/home/arjaiswal/Polygeist/scripts/correctness/kernel_match_rewrite.py"", ""/home/arjaiswal/Polygeist/issues/aten_c_kernels/results/aten_powsum_cpu/debuf.mlir"", ""--dry-run"", ""--matcher-mode"", ""egglog"", ""--telemetry-json"", ""/home/arjaiswal/Polygeist/issues/equality_saturation_eval/campaign_20260908/aten-aten_powsum_cpu-egglog-qcmtx3tv.json"", ""--disable-semantic-fallback""]","== match report for /home/arjaiswal/Polygeist/issues/aten_c_kernels/results/aten_powsum_cpu/debuf.mlir ==
  match          body#[0]  memset_zero_1D_f32
  no_match       body#1  ?
  total: 1 matched / 2 bodies
",0,[],0,0,0,0,/home/arjaiswal/Polygeist/issues/aten_c_kernels/results/aten_powsum_cpu/debuf.mlir,2722,8,2,1,595.1400436460972,1,70004,203.2678984105587,20,20,0,0,"[{""body_indices"": [0], ""symbol"": ""memset_zero_1D_f32""}]",1,0,0,0.0,36
aten,aten_powsum_cpu,/home/arjaiswal/Polygeist/issues/aten_c_kernels/results/aten_powsum_cpu/debuf.mlir,c013c97ff9b538254a8ebe4cb8eeb92d795e0aff5463418ebeafb6ea2a3a7772,syntactic,2,ok,0,817.8207725286484,0,"[""/usr/bin/python3"", ""/home/arjaiswal/Polygeist/scripts/correctness/kernel_match_rewrite.py"", ""/home/arjaiswal/Polygeist/issues/aten_c_kernels/results/aten_powsum_cpu/debuf.mlir"", ""--dry-run"", ""--matcher-mode"", ""syntactic"", ""--telemetry-json"", ""/home/arjaiswal/Polygeist/issues/equality_saturation_eval/campaign_20260908/aten-aten_powsum_cpu-syntactic-llor4wd1.json"", ""--disable-semantic-fallback""]","== match report for /home/arjaiswal/Polygeist/issues/aten_c_kernels/results/aten_powsum_cpu/debuf.mlir ==
  match          body#[0]  memset_zero_1D_f32
  no_match       body#1  ?
  total: 1 matched / 2 bodies
",0,[],0,0,0,0,/home/arjaiswal/Polygeist/issues/aten_c_kernels/results/aten_powsum_cpu/debuf.mlir,2722,0,2,1,364.9764396250248,1,65960,0.12595579028129578,0,20,0,0,"[{""body_indices"": [0], ""symbol"": ""memset_zero_1D_f32""}]",1,0,36,0.0,36
aten,aten_powsum_cpu,/home/arjaiswal/Polygeist/issues/aten_c_kernels/results/aten_powsum_cpu/debuf.mlir,c013c97ff9b538254a8ebe4cb8eeb92d795e0aff5463418ebeafb6ea2a3a7772,syntactic,3,ok,0,782.0605523884296,0,"[""/usr/bin/python3"", ""/home/arjaiswal/Polygeist/scripts/correctness/kernel_match_rewrite.py"", ""/home/arjaiswal/Polygeist/issues/aten_c_kernels/results/aten_powsum_cpu/debuf.mlir"", ""--dry-run"", ""--matcher-mode"", ""syntactic"", ""--telemetry-json"", ""/home/arjaiswal/Polygeist/issues/equality_saturation_eval/campaign_20260908/aten-aten_powsum_cpu-syntactic-9ujvbzh6.json"", ""--disable-semantic-fallback""]","== match report for /home/arjaiswal/Polygeist/issues/aten_c_kernels/results/aten_powsum_cpu/debuf.mlir ==
  match          body#[0]  memset_zero_1D_f32
  no_match       body#1  ?
  total: 1 matched / 2 bodies
",0,[],0,0,0,0,/home/arjaiswal/Polygeist/issues/aten_c_kernels/results/aten_powsum_cpu/debuf.mlir,2722,0,2,1,369.58644166588783,1,65892,0.12911483645439148,0,20,0,0,"[{""body_indices"": [0], ""symbol"": ""memset_zero_1D_f32""}]",1,0,36,0.0,36
aten,aten_powsum_cpu,/home/arjaiswal/Polygeist/issues/aten_c_kernels/results/aten_powsum_cpu/debuf.mlir,c013c97ff9b538254a8ebe4cb8eeb92d795e0aff5463418ebeafb6ea2a3a7772,egglog,3,ok,0,991.1934360861778,0,"[""/usr/bin/python3"", ""/home/arjaiswal/Polygeist/scripts/correctness/kernel_match_rewrite.py"", ""/home/arjaiswal/Polygeist/issues/aten_c_kernels/results/aten_powsum_cpu/debuf.mlir"", ""--dry-run"", ""--matcher-mode"", ""egglog"", ""--telemetry-json"", ""/home/arjaiswal/Polygeist/issues/equality_saturation_eval/campaign_20260908/aten-aten_powsum_cpu-egglog-s_j0do5w.json"", ""--disable-semantic-fallback""]","== match report for /home/arjaiswal/Polygeist/issues/aten_c_kernels/results/aten_powsum_cpu/debuf.mlir ==
  match          body#[0]  memset_zero_1D_f32
  no_match       body#1  ?
  total: 1 matched / 2 bodies
",0,[],0,0,0,0,/home/arjaiswal/Polygeist/issues/aten_c_kernels/results/aten_powsum_cpu/debuf.mlir,2722,8,2,1,582.5507678091526,1,70032,190.818190574646,20,20,0,0,"[{""body_indices"": [0], ""symbol"": ""memset_zero_1D_f32""}]",1,0,0,0.0,36
aten,aten_powsum_cpu,/home/arjaiswal/Polygeist/issues/aten_c_kernels/results/aten_powsum_cpu/debuf.mlir,c013c97ff9b538254a8ebe4cb8eeb92d795e0aff5463418ebeafb6ea2a3a7772,egglog,4,ok,0,1053.7453517317772,0,"[""/usr/bin/python3"", ""/home/arjaiswal/Polygeist/scripts/correctness/kernel_match_rewrite.py"", ""/home/arjaiswal/Polygeist/issues/aten_c_kernels/results/aten_powsum_cpu/debuf.mlir"", ""--dry-run"", ""--matcher-mode"", ""egglog"", ""--telemetry-json"", ""/home/arjaiswal/Polygeist/issues/equality_saturation_eval/campaign_20260908/aten-aten_powsum_cpu-egglog-mou6fupx.json"", ""--disable-semantic-fallback""]","== match report for /home/arjaiswal/Polygeist/issues/aten_c_kernels/results/aten_powsum_cpu/debuf.mlir ==
  match          body#[0]  memset_zero_1D_f32
  no_match       body#1  ?
  total: 1 matched / 2 bodies
",0,[],0,0,0,0,/home/arjaiswal/Polygeist/issues/aten_c_kernels/results/aten_powsum_cpu/debuf.mlir,2722,8,2,1,632.109671831131,1,69992,226.68667510151863,20,20,0,0,"[{""body_indices"": [0], ""symbol"": ""memset_zero_1D_f32""}]",1,0,0,0.0,36
aten,aten_powsum_cpu,/home/arjaiswal/Polygeist/issues/aten_c_kernels/results/aten_powsum_cpu/debuf.mlir,c013c97ff9b538254a8ebe4cb8eeb92d795e0aff5463418ebeafb6ea2a3a7772,syntactic,4,ok,0,880.7480856776237,0,"[""/usr/bin/python3"", ""/home/arjaiswal/Polygeist/scripts/correctness/kernel_match_rewrite.py"", ""/home/arjaiswal/Polygeist/issues/aten_c_kernels/results/aten_powsum_cpu/debuf.mlir"", ""--dry-run"", ""--matcher-mode"", ""syntactic"", ""--telemetry-json"", ""/home/arjaiswal/Polygeist/issues/equality_saturation_eval/campaign_20260908/aten-aten_powsum_cpu-syntactic-m6s0yxlp.json"", ""--disable-semantic-fallback""]","== match report for /home/arjaiswal/Polygeist/issues/aten_c_kernels/results/aten_powsum_cpu/debuf.mlir ==
  match          body#[0]  memset_zero_1D_f32
  no_match       body#1  ?
  total: 1 matched / 2 bodies
",0,[],0,0,0,0,/home/arjaiswal/Polygeist/issues/aten_c_kernels/results/aten_powsum_cpu/debuf.mlir,2722,0,2,1,424.7574843466282,1,66012,0.12137740850448608,0,20,0,0,"[{""body_indices"": [0], ""symbol"": ""memset_zero_1D_f32""}]",1,0,36,0.0,36
aten,aten_powsum_cpu,/home/arjaiswal/Polygeist/issues/aten_c_kernels/results/aten_powsum_cpu/debuf.mlir,c013c97ff9b538254a8ebe4cb8eeb92d795e0aff5463418ebeafb6ea2a3a7772,syntactic,5,ok,0,817.6058158278465,0,"[""/usr/bin/python3"", ""/home/arjaiswal/Polygeist/scripts/correctness/kernel_match_rewrite.py"", ""/home/arjaiswal/Polygeist/issues/aten_c_kernels/results/aten_powsum_cpu/debuf.mlir"", ""--dry-run"", ""--matcher-mode"", ""syntactic"", ""--telemetry-json"", ""/home/arjaiswal/Polygeist/issues/equality_saturation_eval/campaign_20260908/aten-aten_powsum_cpu-syntactic-akkgl44z.json"", ""--disable-semantic-fallback""]","== match report for /home/arjaiswal/Polygeist/issues/aten_c_kernels/results/aten_powsum_cpu/debuf.mlir ==
  match          body#[0]  memset_zero_1D_f32
  no_match       body#1  ?
  total: 1 matched / 2 bodies
",0,[],0,0,0,0,/home/arjaiswal/Polygeist/issues/aten_c_kernels/results/aten_powsum_cpu/debuf.mlir,2722,0,2,1,393.23384314775467,1,66040,0.13292580842971802,0,20,0,0,"[{""body_indices"": [0], ""symbol"": ""memset_zero_1D_f32""}]",1,0,36,0.0,36
aten,aten_powsum_cpu,/home/arjaiswal/Polygeist/issues/aten_c_kernels/results/aten_powsum_cpu/debuf.mlir,c013c97ff9b538254a8ebe4cb8eeb92d795e0aff5463418ebeafb6ea2a3a7772,egglog,5,ok,0,979.2015589773655,0,"[""/usr/bin/python3"", ""/home/arjaiswal/Polygeist/scripts/correctness/kernel_match_rewrite.py"", ""/home/arjaiswal/Polygeist/issues/aten_c_kernels/results/aten_powsum_cpu/debuf.mlir"", ""--dry-run"", ""--matcher-mode"", ""egglog"", ""--telemetry-json"", ""/home/arjaiswal/Polygeist/issues/equality_saturation_eval/campaign_20260908/aten-aten_powsum_cpu-egglog-dquh4n_q.json"", ""--disable-semantic-fallback""]","== match report for /home/arjaiswal/Polygeist/issues/aten_c_kernels/results/aten_powsum_cpu/debuf.mlir ==
  match          body#[0]  memset_zero_1D_f32
  no_match       body#1  ?
  total: 1 matched / 2 bodies
",0,[],0,0,0,0,/home/arjaiswal/Polygeist/issues/aten_c_kernels/results/aten_powsum_cpu/debuf.mlir,2722,8,2,1,577.4854682385921,1,69972,198.17687943577766,20,20,0,0,"[{""body_indices"": [0], ""symbol"": ""memset_zero_1D_f32""}]",1,0,0,0.0,36
aten,aten_prod,/home/arjaiswal/Polygeist/issues/aten_c_kernels/results/aten_prod/debuf.mlir,ca1bcd2984dd3de67f87ab407cb641a4580c9c5bd4abb148a50ed48afcb07248,egglog,1,ok,0,726.6182787716389,0,"[""/usr/bin/python3"", ""/home/arjaiswal/Polygeist/scripts/correctness/kernel_match_rewrite.py"", ""/home/arjaiswal/Polygeist/issues/aten_c_kernels/results/aten_prod/debuf.mlir"", ""--dry-run"", ""--matcher-mode"", ""egglog"", ""--telemetry-json"", ""/home/arjaiswal/Polygeist/issues/equality_saturation_eval/campaign_20260908/aten-aten_prod-egglog-7396a0mt.json"", ""--disable-semantic-fallback""]","== match report for /home/arjaiswal/Polygeist/issues/aten_c_kernels/results/aten_prod/debuf.mlir ==
  match          body#[0]  cudnnReduceProduct_f32
  total: 1 matched / 1 bodies
",0,[],0,0,0,0,/home/arjaiswal/Polygeist/issues/aten_c_kernels/results/aten_prod/debuf.mlir,2169,8,1,1,301.19210854172707,0,69380,22.096585482358932,2,2,0,4,"[{""body_indices"": [0], ""symbol"": ""cudnnReduceProduct_f32""}]",1,0,0,0.0,2
aten,aten_prod,/home/arjaiswal/Polygeist/issues/aten_c_kernels/results/aten_prod/debuf.mlir,ca1bcd2984dd3de67f87ab407cb641a4580c9c5bd4abb148a50ed48afcb07248,syntactic,1,ok,0,717.2603495419025,0,"[""/usr/bin/python3"", ""/home/arjaiswal/Polygeist/scripts/correctness/kernel_match_rewrite.py"", ""/home/arjaiswal/Polygeist/issues/aten_c_kernels/results/aten_prod/debuf.mlir"", ""--dry-run"", ""--matcher-mode"", ""syntactic"", ""--telemetry-json"", ""/home/arjaiswal/Polygeist/issues/equality_saturation_eval/campaign_20260908/aten-aten_prod-syntactic-fxls461_.json"", ""--disable-semantic-fallback""]","== match report for /home/arjaiswal/Polygeist/issues/aten_c_kernels/results/aten_prod/debuf.mlir ==
  match          body#[0]  cudnnReduceProduct_f32
  total: 1 matched / 1 bodies
",0,[],0,0,0,0,/home/arjaiswal/Polygeist/issues/aten_c_kernels/results/aten_prod/debuf.mlir,2169,0,1,1,268.3063857257366,0,64848,0.016100704669952393,0,2,0,0,"[{""body_indices"": [0], ""symbol"": ""cudnnReduceProduct_f32""}]",1,0,2,0.0,2
aten,aten_prod,/home/arjaiswal/Polygeist/issues/aten_c_kernels/results/aten_prod/debuf.mlir,ca1bcd2984dd3de67f87ab407cb641a4580c9c5bd4abb148a50ed48afcb07248,syntactic,2,ok,0,819.3500749766827,0,"[""/usr/bin/python3"", ""/home/arjaiswal/Polygeist/scripts/correctness/kernel_match_rewrite.py"", ""/home/arjaiswal/Polygeist/issues/aten_c_kernels/results/aten_prod/debuf.mlir"", ""--dry-run"", ""--matcher-mode"", ""syntactic"", ""--telemetry-json"", ""/home/arjaiswal/Polygeist/issues/equality_saturation_eval/campaign_20260908/aten-aten_prod-syntactic-aogj503k.json"", ""--disable-semantic-fallback""]","== match report for /home/arjaiswal/Polygeist/issues/aten_c_kernels/results/aten_prod/debuf.mlir ==
  match          body#[0]  cudnnReduceProduct_f32
  total: 1 matched / 1 bodies
",0,[],0,0,0,0,/home/arjaiswal/Polygeist/issues/aten_c_kernels/results/aten_prod/debuf.mlir,2169,0,1,1,385.7330121099949,0,64660,0.023204833269119263,0,2,0,0,"[{""body_indices"": [0], ""symbol"": ""cudnnReduceProduct_f32""}]",1,0,2,0.0,2
aten,aten_prod,/home/arjaiswal/Polygeist/issues/aten_c_kernels/results/aten_prod/debuf.mlir,ca1bcd2984dd3de67f87ab407cb641a4580c9c5bd4abb148a50ed48afcb07248,egglog,2,ok,0,821.8799643218517,0,"[""/usr/bin/python3"", ""/home/arjaiswal/Polygeist/scripts/correctness/kernel_match_rewrite.py"", ""/home/arjaiswal/Polygeist/issues/aten_c_kernels/results/aten_prod/debuf.mlir"", ""--dry-run"", ""--matcher-mode"", ""egglog"", ""--telemetry-json"", ""/home/arjaiswal/Polygeist/issues/equality_saturation_eval/campaign_20260908/aten-aten_prod-egglog-2wwzume5.json"", ""--disable-semantic-fallback""]","== match report for /home/arjaiswal/Polygeist/issues/aten_c_kernels/results/aten_prod/debuf.mlir ==
  match          body#[0]  cudnnReduceProduct_f32
  total: 1 matched / 1 bodies
",0,[],0,0,0,0,/home/arjaiswal/Polygeist/issues/aten_c_kernels/results/aten_prod/debuf.mlir,2169,8,1,1,351.33035480976105,0,69496,23.336831480264664,2,2,0,4,"[{""body_indices"": [0], ""symbol"": ""cudnnReduceProduct_f32""}]",1,0,0,0.0,2
aten,aten_prod,/home/arjaiswal/Polygeist/issues/aten_c_kernels/results/aten_prod/debuf.mlir,ca1bcd2984dd3de67f87ab407cb641a4580c9c5bd4abb148a50ed48afcb07248,egglog,3,ok,0,765.8230550587177,0,"[""/usr/bin/python3"", ""/home/arjaiswal/Polygeist/scripts/correctness/kernel_match_rewrite.py"", ""/home/arjaiswal/Polygeist/issues/aten_c_kernels/results/aten_prod/debuf.mlir"", ""--dry-run"", ""--matcher-mode"", ""egglog"", ""--telemetry-json"", ""/home/arjaiswal/Polygeist/issues/equality_saturation_eval/campaign_20260908/aten-aten_prod-egglog-mmspukxk.json"", ""--disable-semantic-fallback""]","== match report for /home/arjaiswal/Polygeist/issues/aten_c_kernels/results/aten_prod/debuf.mlir ==
  match          body#[0]  cudnnReduceProduct_f32
  total: 1 matched / 1 bodies
",0,[],0,0,0,0,/home/arjaiswal/Polygeist/issues/aten_c_kernels/results/aten_prod/debuf.mlir,2169,8,1,1,307.8863061964512,0,69436,21.752111613750458,2,2,0,4,"[{""body_indices"": [0], ""symbol"": ""cudnnReduceProduct_f32""}]",1,0,0,0.0,2
aten,aten_prod,/home/arjaiswal/Polygeist/issues/aten_c_kernels/results/aten_prod/debuf.mlir,ca1bcd2984dd3de67f87ab407cb641a4580c9c5bd4abb148a50ed48afcb07248,syntactic,3,ok,0,734.2405505478382,0,"[""/usr/bin/python3"", ""/home/arjaiswal/Polygeist/scripts/correctness/kernel_match_rewrite.py"", ""/home/arjaiswal/Polygeist/issues/aten_c_kernels/results/aten_prod/debuf.mlir"", ""--dry-run"", ""--matcher-mode"", ""syntactic"", ""--telemetry-json"", ""/home/arjaiswal/Polygeist/issues/equality_saturation_eval/campaign_20260908/aten-aten_prod-syntactic-n62bvhwo.json"", ""--disable-semantic-fallback""]","== match report for /home/arjaiswal/Polygeist/issues/aten_c_kernels/results/aten_prod/debuf.mlir ==
  match          body#[0]  cudnnReduceProduct_f32
  total: 1 matched / 1 bodies
",0,[],0,0,0,0,/home/arjaiswal/Polygeist/issues/aten_c_kernels/results/aten_prod/debuf.mlir,2169,0,1,1,285.8113497495651,0,64836,0.01744180917739868,0,2,0,0,"[{""body_indices"": [0], ""symbol"": ""cudnnReduceProduct_f32""}]",1,0,2,0.0,2
aten,aten_prod,/home/arjaiswal/Polygeist/issues/aten_c_kernels/results/aten_prod/debuf.mlir,ca1bcd2984dd3de67f87ab407cb641a4580c9c5bd4abb148a50ed48afcb07248,syntactic,4,ok,0,730.7275421917439,0,"[""/usr/bin/python3"", ""/home/arjaiswal/Polygeist/scripts/correctness/kernel_match_rewrite.py"", ""/home/arjaiswal/Polygeist/issues/aten_c_kernels/results/aten_prod/debuf.mlir"", ""--dry-run"", ""--matcher-mode"", ""syntactic"", ""--telemetry-json"", ""/home/arjaiswal/Polygeist/issues/equality_saturation_eval/campaign_20260908/aten-aten_prod-syntactic-nflox5x3.json"", ""--disable-semantic-fallback""]","== match report for /home/arjaiswal/Polygeist/issues/aten_c_kernels/results/aten_prod/debuf.mlir ==
  match          body#[0]  cudnnReduceProduct_f32
  total: 1 matched / 1 bodies
",0,[],0,0,0,0,/home/arjaiswal/Polygeist/issues/aten_c_kernels/results/aten_prod/debuf.mlir,2169,0,1,1,279.5197255909443,0,64772,0.017352402210235596,0,2,0,0,"[{""body_indices"": [0], ""symbol"": ""cudnnReduceProduct_f32""}]",1,0,2,0.0,2
aten,aten_prod,/home/arjaiswal/Polygeist/issues/aten_c_kernels/results/aten_prod/debuf.mlir,ca1bcd2984dd3de67f87ab407cb641a4580c9c5bd4abb148a50ed48afcb07248,egglog,4,ok,0,767.8278163075447,0,"[""/usr/bin/python3"", ""/home/arjaiswal/Polygeist/scripts/correctness/kernel_match_rewrite.py"", ""/home/arjaiswal/Polygeist/issues/aten_c_kernels/results/aten_prod/debuf.mlir"", ""--dry-run"", ""--matcher-mode"", ""egglog"", ""--telemetry-json"", ""/home/arjaiswal/Polygeist/issues/equality_saturation_eval/campaign_20260908/aten-aten_prod-egglog-0ruxwhri.json"", ""--disable-semantic-fallback""]","== match report for /home/arjaiswal/Polygeist/issues/aten_c_kernels/results/aten_prod/debuf.mlir ==
  match          body#[0]  cudnnReduceProduct_f32
  total: 1 matched / 1 bodies
",0,[],0,0,0,0,/home/arjaiswal/Polygeist/issues/aten_c_kernels/results/aten_prod/debuf.mlir,2169,8,1,1,320.7070343196392,0,69312,22.026799619197845,2,2,0,4,"[{""body_indices"": [0], ""symbol"": ""cudnnReduceProduct_f32""}]",1,0,0,0.0,2
aten,aten_prod,/home/arjaiswal/Polygeist/issues/aten_c_kernels/results/aten_prod/debuf.mlir,ca1bcd2984dd3de67f87ab407cb641a4580c9c5bd4abb148a50ed48afcb07248,egglog,5,ok,0,761.3876089453697,0,"[""/usr/bin/python3"", ""/home/arjaiswal/Polygeist/scripts/correctness/kernel_match_rewrite.py"", ""/home/arjaiswal/Polygeist/issues/aten_c_kernels/results/aten_prod/debuf.mlir"", ""--dry-run"", ""--matcher-mode"", ""egglog"", ""--telemetry-json"", ""/home/arjaiswal/Polygeist/issues/equality_saturation_eval/campaign_20260908/aten-aten_prod-egglog-ktgxt5zu.json"", ""--disable-semantic-fallback""]","== match report for /home/arjaiswal/Polygeist/issues/aten_c_kernels/results/aten_prod/debuf.mlir ==
  match          body#[0]  cudnnReduceProduct_f32
  total: 1 matched / 1 bodies
",0,[],0,0,0,0,/home/arjaiswal/Polygeist/issues/aten_c_kernels/results/aten_prod/debuf.mlir,2169,8,1,1,326.1336088180542,0,69488,27.182195335626602,2,2,0,4,"[{""body_indices"": [0], ""symbol"": ""cudnnReduceProduct_f32""}]",1,0,0,0.0,2
aten,aten_prod,/home/arjaiswal/Polygeist/issues/aten_c_kernels/results/aten_prod/debuf.mlir,ca1bcd2984dd3de67f87ab407cb641a4580c9c5bd4abb148a50ed48afcb07248,syntactic,5,ok,0,739.8428432643414,0,"[""/usr/bin/python3"", ""/home/arjaiswal/Polygeist/scripts/correctness/kernel_match_rewrite.py"", ""/home/arjaiswal/Polygeist/issues/aten_c_kernels/results/aten_prod/debuf.mlir"", ""--dry-run"", ""--matcher-mode"", ""syntactic"", ""--telemetry-json"", ""/home/arjaiswal/Polygeist/issues/equality_saturation_eval/campaign_20260908/aten-aten_prod-syntactic-nqvux5rr.json"", ""--disable-semantic-fallback""]","== match report for /home/arjaiswal/Polygeist/issues/aten_c_kernels/results/aten_prod/debuf.mlir ==
  match          body#[0]  cudnnReduceProduct_f32
  total: 1 matched / 1 bodies
",0,[],0,0,0,0,/home/arjaiswal/Polygeist/issues/aten_c_kernels/results/aten_prod/debuf.mlir,2169,0,1,1,305.5240735411644,0,64572,0.016257166862487793,0,2,0,0,"[{""body_indices"": [0], ""symbol"": ""cudnnReduceProduct_f32""}]",1,0,2,0.0,2
aten,aten_put_cpu,/home/arjaiswal/Polygeist/issues/aten_c_kernels/results/aten_put_cpu/debuf.mlir,edc8a660d89879fab87bed419ec9e7c836f27f0b6809fe7166dc1831b919c444,syntactic,1,ok,0,700.7164657115936,0,"[""/usr/bin/python3"", ""/home/arjaiswal/Polygeist/scripts/correctness/kernel_match_rewrite.py"", ""/home/arjaiswal/Polygeist/issues/aten_c_kernels/results/aten_put_cpu/debuf.mlir"", ""--dry-run"", ""--matcher-mode"", ""syntactic"", ""--telemetry-json"", ""/home/arjaiswal/Polygeist/issues/equality_saturation_eval/campaign_20260908/aten-aten_put_cpu-syntactic-abf_j9ix.json"", ""--disable-semantic-fallback""]","== match report for /home/arjaiswal/Polygeist/issues/aten_c_kernels/results/aten_put_cpu/debuf.mlir ==
  total: 0 matched / 0 bodies
",0,[],0,0,0,0,/home/arjaiswal/Polygeist/issues/aten_c_kernels/results/aten_put_cpu/debuf.mlir,2532,0,0,0,274.26115795969963,0,64648,0.0,0,0,0,0,[],0,0,0,0.0,0
aten,aten_put_cpu,/home/arjaiswal/Polygeist/issues/aten_c_kernels/results/aten_put_cpu/debuf.mlir,edc8a660d89879fab87bed419ec9e7c836f27f0b6809fe7166dc1831b919c444,egglog,1,ok,0,693.0142641067505,0,"[""/usr/bin/python3"", ""/home/arjaiswal/Polygeist/scripts/correctness/kernel_match_rewrite.py"", ""/home/arjaiswal/Polygeist/issues/aten_c_kernels/results/aten_put_cpu/debuf.mlir"", ""--dry-run"", ""--matcher-mode"", ""egglog"", ""--telemetry-json"", ""/home/arjaiswal/Polygeist/issues/equality_saturation_eval/campaign_20260908/aten-aten_put_cpu-egglog-44jtokzj.json"", ""--disable-semantic-fallback""]","== match report for /home/arjaiswal/Polygeist/issues/aten_c_kernels/results/aten_put_cpu/debuf.mlir ==
  total: 0 matched / 0 bodies
",0,[],0,0,0,0,/home/arjaiswal/Polygeist/issues/aten_c_kernels/results/aten_put_cpu/debuf.mlir,2532,8,0,0,271.3429480791092,0,64472,0.0,0,0,0,0,[],0,0,0,0.0,0
aten,aten_put_cpu,/home/arjaiswal/Polygeist/issues/aten_c_kernels/results/aten_put_cpu/debuf.mlir,edc8a660d89879fab87bed419ec9e7c836f27f0b6809fe7166dc1831b919c444,egglog,2,ok,0,960.1401202380657,0,"[""/usr/bin/python3"", ""/home/arjaiswal/Polygeist/scripts/correctness/kernel_match_rewrite.py"", ""/home/arjaiswal/Polygeist/issues/aten_c_kernels/results/aten_put_cpu/debuf.mlir"", ""--dry-run"", ""--matcher-mode"", ""egglog"", ""--telemetry-json"", ""/home/arjaiswal/Polygeist/issues/equality_saturation_eval/campaign_20260908/aten-aten_put_cpu-egglog-llrmsb8d.json"", ""--disable-semantic-fallback""]","== match report for /home/arjaiswal/Polygeist/issues/aten_c_kernels/results/aten_put_cpu/debuf.mlir ==
  total: 0 matched / 0 bodies
",0,[],0,0,0,0,/home/arjaiswal/Polygeist/issues/aten_c_kernels/results/aten_put_cpu/debuf.mlir,2532,8,0,0,371.9451390206814,0,64652,0.0,0,0,0,0,[],0,0,0,0.0,0
aten,aten_put_cpu,/home/arjaiswal/Polygeist/issues/aten_c_kernels/results/aten_put_cpu/debuf.mlir,edc8a660d89879fab87bed419ec9e7c836f27f0b6809fe7166dc1831b919c444,syntactic,2,ok,0,749.4047693908215,0,"[""/usr/bin/python3"", ""/home/arjaiswal/Polygeist/scripts/correctness/kernel_match_rewrite.py"", ""/home/arjaiswal/Polygeist/issues/aten_c_kernels/results/aten_put_cpu/debuf.mlir"", ""--dry-run"", ""--matcher-mode"", ""syntactic"", ""--telemetry-json"", ""/home/arjaiswal/Polygeist/issues/equality_saturation_eval/campaign_20260908/aten-aten_put_cpu-syntactic-oebyot81.json"", ""--disable-semantic-fallback""]","== match report for /home/arjaiswal/Polygeist/issues/aten_c_kernels/results/aten_put_cpu/debuf.mlir ==
  total: 0 matched / 0 bodies
",0,[],0,0,0,0,/home/arjaiswal/Polygeist/issues/aten_c_kernels/results/aten_put_cpu/debuf.mlir,2532,0,0,0,273.4862044453621,0,64880,0.0,0,0,0,0,[],0,0,0,0.0,0
aten,aten_put_cpu,/home/arjaiswal/Polygeist/issues/aten_c_kernels/results/aten_put_cpu/debuf.mlir,edc8a660d89879fab87bed419ec9e7c836f27f0b6809fe7166dc1831b919c444,syntactic,3,ok,0,765.8891677856445,0,"[""/usr/bin/python3"", ""/home/arjaiswal/Polygeist/scripts/correctness/kernel_match_rewrite.py"", ""/home/arjaiswal/Polygeist/issues/aten_c_kernels/results/aten_put_cpu/debuf.mlir"", ""--dry-run"", ""--matcher-mode"", ""syntactic"", ""--telemetry-json"", ""/home/arjaiswal/Polygeist/issues/equality_saturation_eval/campaign_20260908/aten-aten_put_cpu-syntactic-pj9s6vw7.json"", ""--disable-semantic-fallback""]","== match report for /home/arjaiswal/Polygeist/issues/aten_c_kernels/results/aten_put_cpu/debuf.mlir ==
  total: 0 matched / 0 bodies
",0,[],0,0,0,0,/home/arjaiswal/Polygeist/issues/aten_c_kernels/results/aten_put_cpu/debuf.mlir,2532,0,0,0,246.232807636261,0,64784,0.0,0,0,0,0,[],0,0,0,0.0,0
aten,aten_put_cpu,/home/arjaiswal/Polygeist/issues/aten_c_kernels/results/aten_put_cpu/debuf.mlir,edc8a660d89879fab87bed419ec9e7c836f27f0b6809fe7166dc1831b919c444,egglog,3,ok,0,700.893234461546,0,"[""/usr/bin/python3"", ""/home/arjaiswal/Polygeist/scripts/correctness/kernel_match_rewrite.py"", ""/home/arjaiswal/Polygeist/issues/aten_c_kernels/results/aten_put_cpu/debuf.mlir"", ""--dry-run"", ""--matcher-mode"", ""egglog"", ""--telemetry-json"", ""/home/arjaiswal/Polygeist/issues/equality_saturation_eval/campaign_20260908/aten-aten_put_cpu-egglog-gml5b4s2.json"", ""--disable-semantic-fallback""]","== match report for /home/arjaiswal/Polygeist/issues/aten_c_kernels/results/aten_put_cpu/debuf.mlir ==
  total: 0 matched / 0 bodies
",0,[],0,0,0,0,/home/arjaiswal/Polygeist/issues/aten_c_kernels/results/aten_put_cpu/debuf.mlir,2532,8,0,0,264.7548243403435,0,64744,0.0,0,0,0,0,[],0,0,0,0.0,0
aten,aten_put_cpu,/home/arjaiswal/Polygeist/issues/aten_c_kernels/results/aten_put_cpu/debuf.mlir,edc8a660d89879fab87bed419ec9e7c836f27f0b6809fe7166dc1831b919c444,egglog,4,ok,0,713.8146571815014,0,"[""/usr/bin/python3"", ""/home/arjaiswal/Polygeist/scripts/correctness/kernel_match_rewrite.py"", ""/home/arjaiswal/Polygeist/issues/aten_c_kernels/results/aten_put_cpu/debuf.mlir"", ""--dry-run"", ""--matcher-mode"", ""egglog"", ""--telemetry-json"", ""/home/arjaiswal/Polygeist/issues/equality_saturation_eval/campaign_20260908/aten-aten_put_cpu-egglog-wbn_jkbn.json"", ""--disable-semantic-fallback""]","== match report for /home/arjaiswal/Polygeist/issues/aten_c_kernels/results/aten_put_cpu/debuf.mlir ==
  total: 0 matched / 0 bodies
",0,[],0,0,0,0,/home/arjaiswal/Polygeist/issues/aten_c_kernels/results/aten_put_cpu/debuf.mlir,2532,8,0,0,290.8345125615597,0,64508,0.0,0,0,0,0,[],0,0,0,0.0,0
aten,aten_put_cpu,/home/arjaiswal/Polygeist/issues/aten_c_kernels/results/aten_put_cpu/debuf.mlir,edc8a660d89879fab87bed419ec9e7c836f27f0b6809fe7166dc1831b919c444,syntactic,4,ok,0,702.7430273592472,0,"[""/usr/bin/python3"", ""/home/arjaiswal/Polygeist/scripts/correctness/kernel_match_rewrite.py"", ""/home/arjaiswal/Polygeist/issues/aten_c_kernels/results/aten_put_cpu/debuf.mlir"", ""--dry-run"", ""--matcher-mode"", ""syntactic"", ""--telemetry-json"", ""/home/arjaiswal/Polygeist/issues/equality_saturation_eval/campaign_20260908/aten-aten_put_cpu-syntactic-zx3o_2fk.json"", ""--disable-semantic-fallback""]","== match report for /home/arjaiswal/Polygeist/issues/aten_c_kernels/results/aten_put_cpu/debuf.mlir ==
  total: 0 matched / 0 bodies
",0,[],0,0,0,0,/home/arjaiswal/Polygeist/issues/aten_c_kernels/results/aten_put_cpu/debuf.mlir,2532,0,0,0,255.1429532468319,0,64608,0.0,0,0,0,0,[],0,0,0,0.0,0
aten,aten_put_cpu,/home/arjaiswal/Polygeist/issues/aten_c_kernels/results/aten_put_cpu/debuf.mlir,edc8a660d89879fab87bed419ec9e7c836f27f0b6809fe7166dc1831b919c444,syntactic,5,ok,0,1185.9392039477825,0,"[""/usr/bin/python3"", ""/home/arjaiswal/Polygeist/scripts/correctness/kernel_match_rewrite.py"", ""/home/arjaiswal/Polygeist/issues/aten_c_kernels/results/aten_put_cpu/debuf.mlir"", ""--dry-run"", ""--matcher-mode"", ""syntactic"", ""--telemetry-json"", ""/home/arjaiswal/Polygeist/issues/equality_saturation_eval/campaign_20260908/aten-aten_put_cpu-syntactic-ivinig1m.json"", ""--disable-semantic-fallback""]","== match report for /home/arjaiswal/Polygeist/issues/aten_c_kernels/results/aten_put_cpu/debuf.mlir ==
  total: 0 matched / 0 bodies
",0,[],0,0,0,0,/home/arjaiswal/Polygeist/issues/aten_c_kernels/results/aten_put_cpu/debuf.mlir,2532,0,0,0,582.5578570365906,0,64532,0.0,0,0,0,0,[],0,0,0,0.0,0
aten,aten_put_cpu,/home/arjaiswal/Polygeist/issues/aten_c_kernels/results/aten_put_cpu/debuf.mlir,edc8a660d89879fab87bed419ec9e7c836f27f0b6809fe7166dc1831b919c444,egglog,5,ok,0,873.6800439655781,0,"[""/usr/bin/python3"", ""/home/arjaiswal/Polygeist/scripts/correctness/kernel_match_rewrite.py"", ""/home/arjaiswal/Polygeist/issues/aten_c_kernels/results/aten_put_cpu/debuf.mlir"", ""--dry-run"", ""--matcher-mode"", ""egglog"", ""--telemetry-json"", ""/home/arjaiswal/Polygeist/issues/equality_saturation_eval/campaign_20260908/aten-aten_put_cpu-egglog-10ashbhi.json"", ""--disable-semantic-fallback""]","== match report for /home/arjaiswal/Polygeist/issues/aten_c_kernels/results/aten_put_cpu/debuf.mlir ==
  total: 0 matched / 0 bodies
",0,[],0,0,0,0,/home/arjaiswal/Polygeist/issues/aten_c_kernels/results/aten_put_cpu/debuf.mlir,2532,8,0,0,299.4331568479538,0,64680,0.0,0,0,0,0,[],0,0,0,0.0,0
aten,aten_quant_col_offsets_cpu,/home/arjaiswal/Polygeist/issues/aten_c_kernels/results/aten_quant_col_offsets_cpu/debuf.mlir,f726d38a24e1ea18acf8c5d32edc177a408d7b78245b27c9617deebde28c5aa5,egglog,1,ok,0,1071.527786552906,0,"[""/usr/bin/python3"", ""/home/arjaiswal/Polygeist/scripts/correctness/kernel_match_rewrite.py"", ""/home/arjaiswal/Polygeist/issues/aten_c_kernels/results/aten_quant_col_offsets_cpu/debuf.mlir"", ""--dry-run"", ""--matcher-mode"", ""egglog"", ""--telemetry-json"", ""/home/arjaiswal/Polygeist/issues/equality_saturation_eval/campaign_20260908/aten-aten_quant_col_offsets_cpu-egglog-mvlc6yh_.json"", ""--disable-semantic-fallback""]","== match report for /home/arjaiswal/Polygeist/issues/aten_c_kernels/results/aten_quant_col_offsets_cpu/debuf.mlir ==
  aten_segmented_sum_region_reject body#[0, 1]  atenSegmentedSum
  no_match       body#2  ?
  total: 0 matched / 2 bodies
",0,[],0,0,0,0,/home/arjaiswal/Polygeist/issues/aten_c_kernels/results/aten_quant_col_offsets_cpu/debuf.mlir,3016,8,3,0,462.9741720855236,1,69976,78.66750285029411,6,6,0,4,[],0,0,0,0.0,16
aten,aten_quant_col_offsets_cpu,/home/arjaiswal/Polygeist/issues/aten_c_kernels/results/aten_quant_col_offsets_cpu/debuf.mlir,f726d38a24e1ea18acf8c5d32edc177a408d7b78245b27c9617deebde28c5aa5,syntactic,1,ok,0,1373.365767300129,0,"[""/usr/bin/python3"", ""/home/arjaiswal/Polygeist/scripts/correctness/kernel_match_rewrite.py"", ""/home/arjaiswal/Polygeist/issues/aten_c_kernels/results/aten_quant_col_offsets_cpu/debuf.mlir"", ""--dry-run"", ""--matcher-mode"", ""syntactic"", ""--telemetry-json"", ""/home/arjaiswal/Polygeist/issues/equality_saturation_eval/campaign_20260908/aten-aten_quant_col_offsets_cpu-syntactic-5n6ye9dw.json"", ""--disable-semantic-fallback""]","== match report for /home/arjaiswal/Polygeist/issues/aten_c_kernels/results/aten_quant_col_offsets_cpu/debuf.mlir ==
  aten_segmented_sum_region_reject body#[0, 1]  atenSegmentedSum
  no_match       body#2  ?
  total: 0 matched / 2 bodies
",0,[],0,0,0,0,/home/arjaiswal/Polygeist/issues/aten_c_kernels/results/aten_quant_col_offsets_cpu/debuf.mlir,3016,0,3,0,412.18459606170654,1,65432,0.06935372948646545,0,6,0,0,[],0,0,16,0.0,16
aten,aten_quant_col_offsets_cpu,/home/arjaiswal/Polygeist/issues/aten_c_kernels/results/aten_quant_col_offsets_cpu/debuf.mlir,f726d38a24e1ea18acf8c5d32edc177a408d7b78245b27c9617deebde28c5aa5,syntactic,2,ok,0,1722.8475920856,0,"[""/usr/bin/python3"", ""/home/arjaiswal/Polygeist/scripts/correctness/kernel_match_rewrite.py"", ""/home/arjaiswal/Polygeist/issues/aten_c_kernels/results/aten_quant_col_offsets_cpu/debuf.mlir"", ""--dry-run"", ""--matcher-mode"", ""syntactic"", ""--telemetry-json"", ""/home/arjaiswal/Polygeist/issues/equality_saturation_eval/campaign_20260908/aten-aten_quant_col_offsets_cpu-syntactic-y9pct80m.json"", ""--disable-semantic-fallback""]","== match report for /home/arjaiswal/Polygeist/issues/aten_c_kernels/results/aten_quant_col_offsets_cpu/debuf.mlir ==
  aten_segmented_sum_region_reject body#[0, 1]  atenSegmentedSum
  no_match       body#2  ?
  total: 0 matched / 2 bodies
",0,[],0,0,0,0,/home/arjaiswal/Polygeist/issues/aten_c_kernels/results/aten_quant_col_offsets_cpu/debuf.mlir,3016,0,3,0,615.0257587432861,1,65572,0.08006766438484192,0,6,0,0,[],0,0,16,0.0,16
aten,aten_quant_col_offsets_cpu,/home/arjaiswal/Polygeist/issues/aten_c_kernels/results/aten_quant_col_offsets_cpu/debuf.mlir,f726d38a24e1ea18acf8c5d32edc177a408d7b78245b27c9617deebde28c5aa5,egglog,2,ok,0,2080.083578824997,0,"[""/usr/bin/python3"", ""/home/arjaiswal/Polygeist/scripts/correctness/kernel_match_rewrite.py"", ""/home/arjaiswal/Polygeist/issues/aten_c_kernels/results/aten_quant_col_offsets_cpu/debuf.mlir"", ""--dry-run"", ""--matcher-mode"", ""egglog"", ""--telemetry-json"", ""/home/arjaiswal/Polygeist/issues/equality_saturation_eval/campaign_20260908/aten-aten_quant_col_offsets_cpu-egglog-mt_dmfs4.json"", ""--disable-semantic-fallback""]","== match report for /home/arjaiswal/Polygeist/issues/aten_c_kernels/results/aten_quant_col_offsets_cpu/debuf.mlir ==
  aten_segmented_sum_region_reject body#[0, 1]  atenSegmentedSum
  no_match       body#2  ?
  total: 0 matched / 2 bodies
",0,[],0,0,0,0,/home/arjaiswal/Polygeist/issues/aten_c_kernels/results/aten_quant_col_offsets_cpu/debuf.mlir,3016,8,3,0,998.9325515925884,1,69888,158.10012817382812,6,6,0,4,[],0,0,0,0.0,16
aten,aten_quant_col_offsets_cpu,/home/arjaiswal/Polygeist/issues/aten_c_kernels/results/aten_quant_col_offsets_cpu/debuf.mlir,f726d38a24e1ea18acf8c5d32edc177a408d7b78245b27c9617deebde28c5aa5,egglog,3,ok,0,1631.6384002566338,0,"[""/usr/bin/python3"", ""/home/arjaiswal/Polygeist/scripts/correctness/kernel_match_rewrite.py"", ""/home/arjaiswal/Polygeist/issues/aten_c_kernels/results/aten_quant_col_offsets_cpu/debuf.mlir"", ""--dry-run"", ""--matcher-mode"", ""egglog"", ""--telemetry-json"", ""/home/arjaiswal/Polygeist/issues/equality_saturation_eval/campaign_20260908/aten-aten_quant_col_offsets_cpu-egglog-9yc41bkt.json"", ""--disable-semantic-fallback""]","== match report for /home/arjaiswal/Polygeist/issues/aten_c_kernels/results/aten_quant_col_offsets_cpu/debuf.mlir ==
  aten_segmented_sum_region_reject body#[0, 1]  atenSegmentedSum
  no_match       body#2  ?
  total: 0 matched / 2 bodies
",0,[],0,0,0,0,/home/arjaiswal/Polygeist/issues/aten_c_kernels/results/aten_quant_col_offsets_cpu/debuf.mlir,3016,8,3,0,558.5006587207317,1,69908,84.28890258073807,6,6,0,4,[],0,0,0,0.0,16
aten,aten_quant_col_offsets_cpu,/home/arjaiswal/Polygeist/issues/aten_c_kernels/results/aten_quant_col_offsets_cpu/debuf.mlir,f726d38a24e1ea18acf8c5d32edc177a408d7b78245b27c9617deebde28c5aa5,syntactic,3,ok,0,1147.285096347332,0,"[""/usr/bin/python3"", ""/home/arjaiswal/Polygeist/scripts/correctness/kernel_match_rewrite.py"", ""/home/arjaiswal/Polygeist/issues/aten_c_kernels/results/aten_quant_col_offsets_cpu/debuf.mlir"", ""--dry-run"", ""--matcher-mode"", ""syntactic"", ""--telemetry-json"", ""/home/arjaiswal/Polygeist/issues/equality_saturation_eval/campaign_20260908/aten-aten_quant_col_offsets_cpu-syntactic-ix0f7ui0.json"", ""--disable-semantic-fallback""]","== match report for /home/arjaiswal/Polygeist/issues/aten_c_kernels/results/aten_quant_col_offsets_cpu/debuf.mlir ==
  aten_segmented_sum_region_reject body#[0, 1]  atenSegmentedSum
  no_match       body#2  ?
  total: 0 matched / 2 bodies
",0,[],0,0,0,0,/home/arjaiswal/Polygeist/issues/aten_c_kernels/results/aten_quant_col_offsets_cpu/debuf.mlir,3016,0,3,0,394.71856504678726,1,65428,0.09000301361083984,0,6,0,0,[],0,0,16,0.0,16
aten,aten_quant_col_offsets_cpu,/home/arjaiswal/Polygeist/issues/aten_c_kernels/results/aten_quant_col_offsets_cpu/debuf.mlir,f726d38a24e1ea18acf8c5d32edc177a408d7b78245b27c9617deebde28c5aa5,syntactic,4,ok,0,1064.5524375140667,0,"[""/usr/bin/python3"", ""/home/arjaiswal/Polygeist/scripts/correctness/kernel_match_rewrite.py"", ""/home/arjaiswal/Polygeist/issues/aten_c_kernels/results/aten_quant_col_offsets_cpu/debuf.mlir"", ""--dry-run"", ""--matcher-mode"", ""syntactic"", ""--telemetry-json"", ""/home/arjaiswal/Polygeist/issues/equality_saturation_eval/campaign_20260908/aten-aten_quant_col_offsets_cpu-syntactic-yo42gi_i.json"", ""--disable-semantic-fallback""]","== match report for /home/arjaiswal/Polygeist/issues/aten_c_kernels/results/aten_quant_col_offsets_cpu/debuf.mlir ==
  aten_segmented_sum_region_reject body#[0, 1]  atenSegmentedSum
  no_match       body#2  ?
  total: 0 matched / 2 bodies
",0,[],0,0,0,0,/home/arjaiswal/Polygeist/issues/aten_c_kernels/results/aten_quant_col_offsets_cpu/debuf.mlir,3016,0,3,0,482.1191653609276,1,65628,0.06665661931037903,0,6,0,0,[],0,0,16,0.0,16
aten,aten_quant_col_offsets_cpu,/home/arjaiswal/Polygeist/issues/aten_c_kernels/results/aten_quant_col_offsets_cpu/debuf.mlir,f726d38a24e1ea18acf8c5d32edc177a408d7b78245b27c9617deebde28c5aa5,egglog,4,ok,0,2081.9319263100624,0,"[""/usr/bin/python3"", ""/home/arjaiswal/Polygeist/scripts/correctness/kernel_match_rewrite.py"", ""/home/arjaiswal/Polygeist/issues/aten_c_kernels/results/aten_quant_col_offsets_cpu/debuf.mlir"", ""--dry-run"", ""--matcher-mode"", ""egglog"", ""--telemetry-json"", ""/home/arjaiswal/Polygeist/issues/equality_saturation_eval/campaign_20260908/aten-aten_quant_col_offsets_cpu-egglog-23zvsbim.json"", ""--disable-semantic-fallback""]","== match report for /home/arjaiswal/Polygeist/issues/aten_c_kernels/results/aten_quant_col_offsets_cpu/debuf.mlir ==
  aten_segmented_sum_region_reject body#[0, 1]  atenSegmentedSum
  no_match       body#2  ?
  total: 0 matched / 2 bodies
",0,[],0,0,0,0,/home/arjaiswal/Polygeist/issues/aten_c_kernels/results/aten_quant_col_offsets_cpu/debuf.mlir,3016,8,3,0,1177.1719008684158,1,69836,176.69378221035004,6,6,0,4,[],0,0,0,0.0,16
aten,aten_quant_col_offsets_cpu,/home/arjaiswal/Polygeist/issues/aten_c_kernels/results/aten_quant_col_offsets_cpu/debuf.mlir,f726d38a24e1ea18acf8c5d32edc177a408d7b78245b27c9617deebde28c5aa5,egglog,5,ok,0,3383.2074999809265,0,"[""/usr/bin/python3"", ""/home/arjaiswal/Polygeist/scripts/correctness/kernel_match_rewrite.py"", ""/home/arjaiswal/Polygeist/issues/aten_c_kernels/results/aten_quant_col_offsets_cpu/debuf.mlir"", ""--dry-run"", ""--matcher-mode"", ""egglog"", ""--telemetry-json"", ""/home/arjaiswal/Polygeist/issues/equality_saturation_eval/campaign_20260908/aten-aten_quant_col_offsets_cpu-egglog-o4htc786.json"", ""--disable-semantic-fallback""]","== match report for /home/arjaiswal/Polygeist/issues/aten_c_kernels/results/aten_quant_col_offsets_cpu/debuf.mlir ==
  aten_segmented_sum_region_reject body#[0, 1]  atenSegmentedSum
  no_match       body#2  ?
  total: 0 matched / 2 bodies
",0,[],0,0,0,0,/home/arjaiswal/Polygeist/issues/aten_c_kernels/results/aten_quant_col_offsets_cpu/debuf.mlir,3016,8,3,0,2000.434372574091,1,69976,301.32609605789185,6,6,0,4,[],0,0,0,0.0,16
aten,aten_quant_col_offsets_cpu,/home/arjaiswal/Polygeist/issues/aten_c_kernels/results/aten_quant_col_offsets_cpu/debuf.mlir,f726d38a24e1ea18acf8c5d32edc177a408d7b78245b27c9617deebde28c5aa5,syntactic,5,ok,0,1727.4417541921139,0,"[""/usr/bin/python3"", ""/home/arjaiswal/Polygeist/scripts/correctness/kernel_match_rewrite.py"", ""/home/arjaiswal/Polygeist/issues/aten_c_kernels/results/aten_quant_col_offsets_cpu/debuf.mlir"", ""--dry-run"", ""--matcher-mode"", ""syntactic"", ""--telemetry-json"", ""/home/arjaiswal/Polygeist/issues/equality_saturation_eval/campaign_20260908/aten-aten_quant_col_offsets_cpu-syntactic-ji1ah7ts.json"", ""--disable-semantic-fallback""]","== match report for /home/arjaiswal/Polygeist/issues/aten_c_kernels/results/aten_quant_col_offsets_cpu/debuf.mlir ==
  aten_segmented_sum_region_reject body#[0, 1]  atenSegmentedSum
  no_match       body#2  ?
  total: 0 matched / 2 bodies
",0,[],0,0,0,0,/home/arjaiswal/Polygeist/issues/aten_c_kernels/results/aten_quant_col_offsets_cpu/debuf.mlir,3016,0,3,0,672.7933697402477,1,65972,0.07419660687446594,0,6,0,0,[],0,0,16,0.0,16
aten,aten_quant_saturation_cpu,/home/arjaiswal/Polygeist/issues/aten_c_kernels/results/aten_quant_saturation_cpu/debuf.mlir,67c7c7933fa46293415ec61e7c4e19c7528f768e9e928e8109614bd774227566,syntactic,1,ok,0,1749.0852363407612,0,"[""/usr/bin/python3"", ""/home/arjaiswal/Polygeist/scripts/correctness/kernel_match_rewrite.py"", ""/home/arjaiswal/Polygeist/issues/aten_c_kernels/results/aten_quant_saturation_cpu/debuf.mlir"", ""--dry-run"", ""--matcher-mode"", ""syntactic"", ""--telemetry-json"", ""/home/arjaiswal/Polygeist/issues/equality_saturation_eval/campaign_20260908/aten-aten_quant_saturation_cpu-syntactic-z9j2j495.json"", ""--disable-semantic-fallback""]","== match report for /home/arjaiswal/Polygeist/issues/aten_c_kernels/results/aten_quant_saturation_cpu/debuf.mlir ==
  no_match       body#0  ?
  total: 0 matched / 1 bodies
",0,[],0,0,0,0,/home/arjaiswal/Polygeist/issues/aten_c_kernels/results/aten_quant_saturation_cpu/debuf.mlir,2134,0,1,0,1062.2117891907692,1,66448,0.03445148468017578,0,0,0,0,[],0,0,8,0.0,8
aten,aten_quant_saturation_cpu,/home/arjaiswal/Polygeist/issues/aten_c_kernels/results/aten_quant_saturation_cpu/debuf.mlir,67c7c7933fa46293415ec61e7c4e19c7528f768e9e928e8109614bd774227566,egglog,1,ok,0,1212.3307138681412,0,"[""/usr/bin/python3"", ""/home/arjaiswal/Polygeist/scripts/correctness/kernel_match_rewrite.py"", ""/home/arjaiswal/Polygeist/issues/aten_c_kernels/results/aten_quant_saturation_cpu/debuf.mlir"", ""--dry-run"", ""--matcher-mode"", ""egglog"", ""--telemetry-json"", ""/home/arjaiswal/Polygeist/issues/equality_saturation_eval/campaign_20260908/aten-aten_quant_saturation_cpu-egglog-g_albvar.json"", ""--disable-semantic-fallback""]","== match report for /home/arjaiswal/Polygeist/issues/aten_c_kernels/results/aten_quant_saturation_cpu/debuf.mlir ==
  no_match       body#0  ?
  total: 0 matched / 1 bodies
",0,[],0,0,0,0,/home/arjaiswal/Polygeist/issues/aten_c_kernels/results/aten_quant_saturation_cpu/debuf.mlir,2134,8,1,0,543.7760688364506,1,66652,0.0,0,0,0,0,[],0,0,0,0.0,8
aten,aten_quant_saturation_cpu,/home/arjaiswal/Polygeist/issues/aten_c_kernels/results/aten_quant_saturation_cpu/debuf.mlir,67c7c7933fa46293415ec61e7c4e19c7528f768e9e928e8109614bd774227566,egglog,2,ok,0,1410.47740355134,0,"[""/usr/bin/python3"", ""/home/arjaiswal/Polygeist/scripts/correctness/kernel_match_rewrite.py"", ""/home/arjaiswal/Polygeist/issues/aten_c_kernels/results/aten_quant_saturation_cpu/debuf.mlir"", ""--dry-run"", ""--matcher-mode"", ""egglog"", ""--telemetry-json"", ""/home/arjaiswal/Polygeist/issues/equality_saturation_eval/campaign_20260908/aten-aten_quant_saturation_cpu-egglog-ftjtsgpz.json"", ""--disable-semantic-fallback""]","== match report for /home/arjaiswal/Polygeist/issues/aten_c_kernels/results/aten_quant_saturation_cpu/debuf.mlir ==
  no_match       body#0  ?
  total: 0 matched / 1 bodies
",0,[],0,0,0,0,/home/arjaiswal/Polygeist/issues/aten_c_kernels/results/aten_quant_saturation_cpu/debuf.mlir,2134,8,1,0,771.5269923210144,1,66624,0.0,0,0,0,0,[],0,0,0,0.0,8
aten,aten_quant_saturation_cpu,/home/arjaiswal/Polygeist/issues/aten_c_kernels/results/aten_quant_saturation_cpu/debuf.mlir,67c7c7933fa46293415ec61e7c4e19c7528f768e9e928e8109614bd774227566,syntactic,2,ok,0,1871.8871511518955,0,"[""/usr/bin/python3"", ""/home/arjaiswal/Polygeist/scripts/correctness/kernel_match_rewrite.py"", ""/home/arjaiswal/Polygeist/issues/aten_c_kernels/results/aten_quant_saturation_cpu/debuf.mlir"", ""--dry-run"", ""--matcher-mode"", ""syntactic"", ""--telemetry-json"", ""/home/arjaiswal/Polygeist/issues/equality_saturation_eval/campaign_20260908/aten-aten_quant_saturation_cpu-syntactic-et4yk8_1.json"", ""--disable-semantic-fallback""]","== match report for /home/arjaiswal/Polygeist/issues/aten_c_kernels/results/aten_quant_saturation_cpu/debuf.mlir ==
  no_match       body#0  ?
  total: 0 matched / 1 bodies
",0,[],0,0,0,0,/home/arjaiswal/Polygeist/issues/aten_c_kernels/results/aten_quant_saturation_cpu/debuf.mlir,2134,0,1,0,854.3831743299961,1,66376,0.034011900424957275,0,0,0,0,[],0,0,8,0.0,8
aten,aten_quant_saturation_cpu,/home/arjaiswal/Polygeist/issues/aten_c_kernels/results/aten_quant_saturation_cpu/debuf.mlir,67c7c7933fa46293415ec61e7c4e19c7528f768e9e928e8109614bd774227566,syntactic,3,ok,0,1941.8014213442802,0,"[""/usr/bin/python3"", ""/home/arjaiswal/Polygeist/scripts/correctness/kernel_match_rewrite.py"", ""/home/arjaiswal/Polygeist/issues/aten_c_kernels/results/aten_quant_saturation_cpu/debuf.mlir"", ""--dry-run"", ""--matcher-mode"", ""syntactic"", ""--telemetry-json"", ""/home/arjaiswal/Polygeist/issues/equality_saturation_eval/campaign_20260908/aten-aten_quant_saturation_cpu-syntactic-upbfz5ht.json"", ""--disable-semantic-fallback""]","== match report for /home/arjaiswal/Polygeist/issues/aten_c_kernels/results/aten_quant_saturation_cpu/debuf.mlir ==
  no_match       body#0  ?
  total: 0 matched / 1 bodies
",0,[],0,0,0,0,/home/arjaiswal/Polygeist/issues/aten_c_kernels/results/aten_quant_saturation_cpu/debuf.mlir,2134,0,1,0,890.6696997582912,1,66700,0.03343820571899414,0,0,0,0,[],0,0,8,0.0,8
aten,aten_quant_saturation_cpu,/home/arjaiswal/Polygeist/issues/aten_c_kernels/results/aten_quant_saturation_cpu/debuf.mlir,67c7c7933fa46293415ec61e7c4e19c7528f768e9e928e8109614bd774227566,egglog,3,ok,0,2607.5342781841755,0,"[""/usr/bin/python3"", ""/home/arjaiswal/Polygeist/scripts/correctness/kernel_match_rewrite.py"", ""/home/arjaiswal/Polygeist/issues/aten_c_kernels/results/aten_quant_saturation_cpu/debuf.mlir"", ""--dry-run"", ""--matcher-mode"", ""egglog"", ""--telemetry-json"", ""/home/arjaiswal/Polygeist/issues/equality_saturation_eval/campaign_20260908/aten-aten_quant_saturation_cpu-egglog-syg70nx9.json"", ""--disable-semantic-fallback""]","== match report for /home/arjaiswal/Polygeist/issues/aten_c_kernels/results/aten_quant_saturation_cpu/debuf.mlir ==
  no_match       body#0  ?
  total: 0 matched / 1 bodies
",0,[],0,0,0,0,/home/arjaiswal/Polygeist/issues/aten_c_kernels/results/aten_quant_saturation_cpu/debuf.mlir,2134,8,1,0,1165.101170539856,1,66572,0.0,0,0,0,0,[],0,0,0,0.0,8
aten,aten_quant_saturation_cpu,/home/arjaiswal/Polygeist/issues/aten_c_kernels/results/aten_quant_saturation_cpu/debuf.mlir,67c7c7933fa46293415ec61e7c4e19c7528f768e9e928e8109614bd774227566,egglog,4,ok,0,1871.6050572693348,0,"[""/usr/bin/python3"", ""/home/arjaiswal/Polygeist/scripts/correctness/kernel_match_rewrite.py"", ""/home/arjaiswal/Polygeist/issues/aten_c_kernels/results/aten_quant_saturation_cpu/debuf.mlir"", ""--dry-run"", ""--matcher-mode"", ""egglog"", ""--telemetry-json"", ""/home/arjaiswal/Polygeist/issues/equality_saturation_eval/campaign_20260908/aten-aten_quant_saturation_cpu-egglog-ttx1p0b1.json"", ""--disable-semantic-fallback""]","== match report for /home/arjaiswal/Polygeist/issues/aten_c_kernels/results/aten_quant_saturation_cpu/debuf.mlir ==
  no_match       body#0  ?
  total: 0 matched / 1 bodies
",0,[],0,0,0,0,/home/arjaiswal/Polygeist/issues/aten_c_kernels/results/aten_quant_saturation_cpu/debuf.mlir,2134,8,1,0,894.3340331315994,1,66428,0.0,0,0,0,0,[],0,0,0,0.0,8
aten,aten_quant_saturation_cpu,/home/arjaiswal/Polygeist/issues/aten_c_kernels/results/aten_quant_saturation_cpu/debuf.mlir,67c7c7933fa46293415ec61e7c4e19c7528f768e9e928e8109614bd774227566,syntactic,4,ok,0,1013.6833898723125,0,"[""/usr/bin/python3"", ""/home/arjaiswal/Polygeist/scripts/correctness/kernel_match_rewrite.py"", ""/home/arjaiswal/Polygeist/issues/aten_c_kernels/results/aten_quant_saturation_cpu/debuf.mlir"", ""--dry-run"", ""--matcher-mode"", ""syntactic"", ""--telemetry-json"", ""/home/arjaiswal/Polygeist/issues/equality_saturation_eval/campaign_20260908/aten-aten_quant_saturation_cpu-syntactic-p6nd5ht_.json"", ""--disable-semantic-fallback""]","== match report for /home/arjaiswal/Polygeist/issues/aten_c_kernels/results/aten_quant_saturation_cpu/debuf.mlir ==
  no_match       body#0  ?
  total: 0 matched / 1 bodies
",0,[],0,0,0,0,/home/arjaiswal/Polygeist/issues/aten_c_kernels/results/aten_quant_saturation_cpu/debuf.mlir,2134,0,1,0,411.97551786899567,1,66348,0.027295202016830444,0,0,0,0,[],0,0,8,0.0,8
aten,aten_quant_saturation_cpu,/home/arjaiswal/Polygeist/issues/aten_c_kernels/results/aten_quant_saturation_cpu/debuf.mlir,67c7c7933fa46293415ec61e7c4e19c7528f768e9e928e8109614bd774227566,syntactic,5,ok,0,1040.1764661073685,0,"[""/usr/bin/python3"", ""/home/arjaiswal/Polygeist/scripts/correctness/kernel_match_rewrite.py"", ""/home/arjaiswal/Polygeist/issues/aten_c_kernels/results/aten_quant_saturation_cpu/debuf.mlir"", ""--dry-run"", ""--matcher-mode"", ""syntactic"", ""--telemetry-json"", ""/home/arjaiswal/Polygeist/issues/equality_saturation_eval/campaign_20260908/aten-aten_quant_saturation_cpu-syntactic-j8l8p1u_.json"", ""--disable-semantic-fallback""]","== match report for /home/arjaiswal/Polygeist/issues/aten_c_kernels/results/aten_quant_saturation_cpu/debuf.mlir ==
  no_match       body#0  ?
  total: 0 matched / 1 bodies
",0,[],0,0,0,0,/home/arjaiswal/Polygeist/issues/aten_c_kernels/results/aten_quant_saturation_cpu/debuf.mlir,2134,0,1,0,456.34424313902855,1,66552,0.03345683217048645,0,0,0,0,[],0,0,8,0.0,8
aten,aten_quant_saturation_cpu,/home/arjaiswal/Polygeist/issues/aten_c_kernels/results/aten_quant_saturation_cpu/debuf.mlir,67c7c7933fa46293415ec61e7c4e19c7528f768e9e928e8109614bd774227566,egglog,5,ok,0,1311.4918693900108,0,"[""/usr/bin/python3"", ""/home/arjaiswal/Polygeist/scripts/correctness/kernel_match_rewrite.py"", ""/home/arjaiswal/Polygeist/issues/aten_c_kernels/results/aten_quant_saturation_cpu/debuf.mlir"", ""--dry-run"", ""--matcher-mode"", ""egglog"", ""--telemetry-json"", ""/home/arjaiswal/Polygeist/issues/equality_saturation_eval/campaign_20260908/aten-aten_quant_saturation_cpu-egglog-f4qc_95m.json"", ""--disable-semantic-fallback""]","== match report for /home/arjaiswal/Polygeist/issues/aten_c_kernels/results/aten_quant_saturation_cpu/debuf.mlir ==
  no_match       body#0  ?
  total: 0 matched / 1 bodies
",0,[],0,0,0,0,/home/arjaiswal/Polygeist/issues/aten_c_kernels/results/aten_quant_saturation_cpu/debuf.mlir,2134,8,1,0,713.5584056377411,1,66516,0.0,0,0,0,0,[],0,0,0,0.0,8
aten,aten_quick_select_cpu,/home/arjaiswal/Polygeist/issues/aten_c_kernels/results/aten_quick_select_cpu/debuf.mlir,81a7faeaf460f3705cb08518e0f8e4731ef6f11a3c0dd4aeb39c9a05b28b8e97,egglog,1,ok,0,1436.6199634969234,0,"[""/usr/bin/python3"", ""/home/arjaiswal/Polygeist/scripts/correctness/kernel_match_rewrite.py"", ""/home/arjaiswal/Polygeist/issues/aten_c_kernels/results/aten_quick_select_cpu/debuf.mlir"", ""--dry-run"", ""--matcher-mode"", ""egglog"", ""--telemetry-json"", ""/home/arjaiswal/Polygeist/issues/equality_saturation_eval/campaign_20260908/aten-aten_quick_select_cpu-egglog-___7jiw2.json"", ""--disable-semantic-fallback""]","== match report for /home/arjaiswal/Polygeist/issues/aten_c_kernels/results/aten_quick_select_cpu/debuf.mlir ==
  total: 0 matched / 0 bodies
",0,[],0,0,0,0,/home/arjaiswal/Polygeist/issues/aten_c_kernels/results/aten_quick_select_cpu/debuf.mlir,3337,8,0,0,492.4621880054474,0,64772,0.0,0,0,0,0,[],0,0,0,0.0,0
aten,aten_quick_select_cpu,/home/arjaiswal/Polygeist/issues/aten_c_kernels/results/aten_quick_select_cpu/debuf.mlir,81a7faeaf460f3705cb08518e0f8e4731ef6f11a3c0dd4aeb39c9a05b28b8e97,syntactic,1,ok,0,1719.0232537686825,0,"[""/usr/bin/python3"", ""/home/arjaiswal/Polygeist/scripts/correctness/kernel_match_rewrite.py"", ""/home/arjaiswal/Polygeist/issues/aten_c_kernels/results/aten_quick_select_cpu/debuf.mlir"", ""--dry-run"", ""--matcher-mode"", ""syntactic"", ""--telemetry-json"", ""/home/arjaiswal/Polygeist/issues/equality_saturation_eval/campaign_20260908/aten-aten_quick_select_cpu-syntactic-9n33jjj9.json"", ""--disable-semantic-fallback""]","== match report for /home/arjaiswal/Polygeist/issues/aten_c_kernels/results/aten_quick_select_cpu/debuf.mlir ==
  total: 0 matched / 0 bodies
",0,[],0,0,0,0,/home/arjaiswal/Polygeist/issues/aten_c_kernels/results/aten_quick_select_cpu/debuf.mlir,3337,0,0,0,676.8982894718647,0,64728,0.0,0,0,0,0,[],0,0,0,0.0,0
aten,aten_quick_select_cpu,/home/arjaiswal/Polygeist/issues/aten_c_kernels/results/aten_quick_select_cpu/debuf.mlir,81a7faeaf460f3705cb08518e0f8e4731ef6f11a3c0dd4aeb39c9a05b28b8e97,syntactic,2,ok,0,1816.947266459465,0,"[""/usr/bin/python3"", ""/home/arjaiswal/Polygeist/scripts/correctness/kernel_match_rewrite.py"", ""/home/arjaiswal/Polygeist/issues/aten_c_kernels/results/aten_quick_select_cpu/debuf.mlir"", ""--dry-run"", ""--matcher-mode"", ""syntactic"", ""--telemetry-json"", ""/home/arjaiswal/Polygeist/issues/equality_saturation_eval/campaign_20260908/aten-aten_quick_select_cpu-syntactic-hbugpw13.json"", ""--disable-semantic-fallback""]","== match report for /home/arjaiswal/Polygeist/issues/aten_c_kernels/results/aten_quick_select_cpu/debuf.mlir ==
  total: 0 matched / 0 bodies
",0,[],0,0,0,0,/home/arjaiswal/Polygeist/issues/aten_c_kernels/results/aten_quick_select_cpu/debuf.mlir,3337,0,0,0,854.1962467133999,0,64712,0.0,0,0,0,0,[],0,0,0,0.0,0
aten,aten_quick_select_cpu,/home/arjaiswal/Polygeist/issues/aten_c_kernels/results/aten_quick_select_cpu/debuf.mlir,81a7faeaf460f3705cb08518e0f8e4731ef6f11a3c0dd4aeb39c9a05b28b8e97,egglog,2,ok,0,3452.080585062504,0,"[""/usr/bin/python3"", ""/home/arjaiswal/Polygeist/scripts/correctness/kernel_match_rewrite.py"", ""/home/arjaiswal/Polygeist/issues/aten_c_kernels/results/aten_quick_select_cpu/debuf.mlir"", ""--dry-run"", ""--matcher-mode"", ""egglog"", ""--telemetry-json"", ""/home/arjaiswal/Polygeist/issues/equality_saturation_eval/campaign_20260908/aten-aten_quick_select_cpu-egglog-gbnohi6l.json"", ""--disable-semantic-fallback""]","== match report for /home/arjaiswal/Polygeist/issues/aten_c_kernels/results/aten_quick_select_cpu/debuf.mlir ==
  total: 0 matched / 0 bodies
",0,[],0,0,0,0,/home/arjaiswal/Polygeist/issues/aten_c_kernels/results/aten_quick_select_cpu/debuf.mlir,3337,8,0,0,1422.2333505749702,0,64712,0.0,0,0,0,0,[],0,0,0,0.0,0
aten,aten_quick_select_cpu,/home/arjaiswal/Polygeist/issues/aten_c_kernels/results/aten_quick_select_cpu/debuf.mlir,81a7faeaf460f3705cb08518e0f8e4731ef6f11a3c0dd4aeb39c9a05b28b8e97,egglog,3,ok,0,2006.5167248249054,0,"[""/usr/bin/python3"", ""/home/arjaiswal/Polygeist/scripts/correctness/kernel_match_rewrite.py"", ""/home/arjaiswal/Polygeist/issues/aten_c_kernels/results/aten_quick_select_cpu/debuf.mlir"", ""--dry-run"", ""--matcher-mode"", ""egglog"", ""--telemetry-json"", ""/home/arjaiswal/Polygeist/issues/equality_saturation_eval/campaign_20260908/aten-aten_quick_select_cpu-egglog-m7y5ine2.json"", ""--disable-semantic-fallback""]","== match report for /home/arjaiswal/Polygeist/issues/aten_c_kernels/results/aten_quick_select_cpu/debuf.mlir ==
  total: 0 matched / 0 bodies
",0,[],0,0,0,0,/home/arjaiswal/Polygeist/issues/aten_c_kernels/results/aten_quick_select_cpu/debuf.mlir,3337,8,0,0,1057.7944219112396,0,64672,0.0,0,0,0,0,[],0,0,0,0.0,0
aten,aten_quick_select_cpu,/home/arjaiswal/Polygeist/issues/aten_c_kernels/results/aten_quick_select_cpu/debuf.mlir,81a7faeaf460f3705cb08518e0f8e4731ef6f11a3c0dd4aeb39c9a05b28b8e97,syntactic,3,ok,0,2014.1185633838177,0,"[""/usr/bin/python3"", ""/home/arjaiswal/Polygeist/scripts/correctness/kernel_match_rewrite.py"", ""/home/arjaiswal/Polygeist/issues/aten_c_kernels/results/aten_quick_select_cpu/debuf.mlir"", ""--dry-run"", ""--matcher-mode"", ""syntactic"", ""--telemetry-json"", ""/home/arjaiswal/Polygeist/issues/equality_saturation_eval/campaign_20260908/aten-aten_quick_select_cpu-syntactic-ybgrxs7q.json"", ""--disable-semantic-fallback""]","== match report for /home/arjaiswal/Polygeist/issues/aten_c_kernels/results/aten_quick_select_cpu/debuf.mlir ==
  total: 0 matched / 0 bodies
",0,[],0,0,0,0,/home/arjaiswal/Polygeist/issues/aten_c_kernels/results/aten_quick_select_cpu/debuf.mlir,3337,0,0,0,708.8012844324112,0,64796,0.0,0,0,0,0,[],0,0,0,0.0,0
aten,aten_quick_select_cpu,/home/arjaiswal/Polygeist/issues/aten_c_kernels/results/aten_quick_select_cpu/debuf.mlir,81a7faeaf460f3705cb08518e0f8e4731ef6f11a3c0dd4aeb39c9a05b28b8e97,syntactic,4,ok,0,2390.8624090254307,0,"[""/usr/bin/python3"", ""/home/arjaiswal/Polygeist/scripts/correctness/kernel_match_rewrite.py"", ""/home/arjaiswal/Polygeist/issues/aten_c_kernels/results/aten_quick_select_cpu/debuf.mlir"", ""--dry-run"", ""--matcher-mode"", ""syntactic"", ""--telemetry-json"", ""/home/arjaiswal/Polygeist/issues/equality_saturation_eval/campaign_20260908/aten-aten_quick_select_cpu-syntactic-27q8jfhy.json"", ""--disable-semantic-fallback""]","== match report for /home/arjaiswal/Polygeist/issues/aten_c_kernels/results/aten_quick_select_cpu/debuf.mlir ==
  total: 0 matched / 0 bodies
",0,[],0,0,0,0,/home/arjaiswal/Polygeist/issues/aten_c_kernels/results/aten_quick_select_cpu/debuf.mlir,3337,0,0,0,997.4472783505917,0,64568,0.0,0,0,0,0,[],0,0,0,0.0,0
aten,aten_quick_select_cpu,/home/arjaiswal/Polygeist/issues/aten_c_kernels/results/aten_quick_select_cpu/debuf.mlir,81a7faeaf460f3705cb08518e0f8e4731ef6f11a3c0dd4aeb39c9a05b28b8e97,egglog,4,ok,0,2129.868768155575,0,"[""/usr/bin/python3"", ""/home/arjaiswal/Polygeist/scripts/correctness/kernel_match_rewrite.py"", ""/home/arjaiswal/Polygeist/issues/aten_c_kernels/results/aten_quick_select_cpu/debuf.mlir"", ""--dry-run"", ""--matcher-mode"", ""egglog"", ""--telemetry-json"", ""/home/arjaiswal/Polygeist/issues/equality_saturation_eval/campaign_20260908/aten-aten_quick_select_cpu-egglog-vnk2m1au.json"", ""--disable-semantic-fallback""]","== match report for /home/arjaiswal/Polygeist/issues/aten_c_kernels/results/aten_quick_select_cpu/debuf.mlir ==
  total: 0 matched / 0 bodies
",0,[],0,0,0,0,/home/arjaiswal/Polygeist/issues/aten_c_kernels/results/aten_quick_select_cpu/debuf.mlir,3337,8,0,0,645.5971486866474,0,64700,0.0,0,0,0,0,[],0,0,0,0.0,0
aten,aten_quick_select_cpu,/home/arjaiswal/Polygeist/issues/aten_c_kernels/results/aten_quick_select_cpu/debuf.mlir,81a7faeaf460f3705cb08518e0f8e4731ef6f11a3c0dd4aeb39c9a05b28b8e97,egglog,5,ok,0,1733.4030531346798,0,"[""/usr/bin/python3"", ""/home/arjaiswal/Polygeist/scripts/correctness/kernel_match_rewrite.py"", ""/home/arjaiswal/Polygeist/issues/aten_c_kernels/results/aten_quick_select_cpu/debuf.mlir"", ""--dry-run"", ""--matcher-mode"", ""egglog"", ""--telemetry-json"", ""/home/arjaiswal/Polygeist/issues/equality_saturation_eval/campaign_20260908/aten-aten_quick_select_cpu-egglog-imc2bvam.json"", ""--disable-semantic-fallback""]","== match report for /home/arjaiswal/Polygeist/issues/aten_c_kernels/results/aten_quick_select_cpu/debuf.mlir ==
  total: 0 matched / 0 bodies
",0,[],0,0,0,0,/home/arjaiswal/Polygeist/issues/aten_c_kernels/results/aten_quick_select_cpu/debuf.mlir,3337,8,0,0,765.4027938842773,0,64772,0.0,0,0,0,0,[],0,0,0,0.0,0
aten,aten_quick_select_cpu,/home/arjaiswal/Polygeist/issues/aten_c_kernels/results/aten_quick_select_cpu/debuf.mlir,81a7faeaf460f3705cb08518e0f8e4731ef6f11a3c0dd4aeb39c9a05b28b8e97,syntactic,5,ok,0,1988.4170107543468,0,"[""/usr/bin/python3"", ""/home/arjaiswal/Polygeist/scripts/correctness/kernel_match_rewrite.py"", ""/home/arjaiswal/Polygeist/issues/aten_c_kernels/results/aten_quick_select_cpu/debuf.mlir"", ""--dry-run"", ""--matcher-mode"", ""syntactic"", ""--telemetry-json"", ""/home/arjaiswal/Polygeist/issues/equality_saturation_eval/campaign_20260908/aten-aten_quick_select_cpu-syntactic-0tk93i5m.json"", ""--disable-semantic-fallback""]","== match report for /home/arjaiswal/Polygeist/issues/aten_c_kernels/results/aten_quick_select_cpu/debuf.mlir ==
  total: 0 matched / 0 bodies
",0,[],0,0,0,0,/home/arjaiswal/Polygeist/issues/aten_c_kernels/results/aten_quick_select_cpu/debuf.mlir,3337,0,0,0,639.3161378800869,0,64808,0.0,0,0,0,0,[],0,0,0,0.0,0
aten,aten_random_cpu,/home/arjaiswal/Polygeist/issues/aten_c_kernels/results/aten_random_cpu/debuf.mlir,e4ace31c7e9daef809a875e04beaa13d6e1196492f3b6b9234a2ec12983c3116,syntactic,1,ok,0,1258.740920573473,0,"[""/usr/bin/python3"", ""/home/arjaiswal/Polygeist/scripts/correctness/kernel_match_rewrite.py"", ""/home/arjaiswal/Polygeist/issues/aten_c_kernels/results/aten_random_cpu/debuf.mlir"", ""--dry-run"", ""--matcher-mode"", ""syntactic"", ""--telemetry-json"", ""/home/arjaiswal/Polygeist/issues/equality_saturation_eval/campaign_20260908/aten-aten_random_cpu-syntactic-zboywqsy.json"", ""--disable-semantic-fallback""]","== match report for /home/arjaiswal/Polygeist/issues/aten_c_kernels/results/aten_random_cpu/debuf.mlir ==
  no_match       body#0  ?
  total: 0 matched / 1 bodies
",0,[],0,0,0,0,/home/arjaiswal/Polygeist/issues/aten_c_kernels/results/aten_random_cpu/debuf.mlir,1789,0,1,0,326.7463408410549,1,65748,0.023495405912399292,0,0,0,0,[],0,0,8,0.0,8
aten,aten_random_cpu,/home/arjaiswal/Polygeist/issues/aten_c_kernels/results/aten_random_cpu/debuf.mlir,e4ace31c7e9daef809a875e04beaa13d6e1196492f3b6b9234a2ec12983c3116,egglog,1,ok,0,786.8002839386463,0,"[""/usr/bin/python3"", ""/home/arjaiswal/Polygeist/scripts/correctness/kernel_match_rewrite.py"", ""/home/arjaiswal/Polygeist/issues/aten_c_kernels/results/aten_random_cpu/debuf.mlir"", ""--dry-run"", ""--matcher-mode"", ""egglog"", ""--telemetry-json"", ""/home/arjaiswal/Polygeist/issues/equality_saturation_eval/campaign_20260908/aten-aten_random_cpu-egglog-n_ltbyyf.json"", ""--disable-semantic-fallback""]","== match report for /home/arjaiswal/Polygeist/issues/aten_c_kernels/results/aten_random_cpu/debuf.mlir ==
  no_match       body#0  ?
  total: 0 matched / 1 bodies
",0,[],0,0,0,0,/home/arjaiswal/Polygeist/issues/aten_c_kernels/results/aten_random_cpu/debuf.mlir,1789,8,1,0,319.34748962521553,1,65540,0.0,0,0,0,0,[],0,0,0,0.0,8
aten,aten_random_cpu,/home/arjaiswal/Polygeist/issues/aten_c_kernels/results/aten_random_cpu/debuf.mlir,e4ace31c7e9daef809a875e04beaa13d6e1196492f3b6b9234a2ec12983c3116,egglog,2,ok,0,820.3815706074238,0,"[""/usr/bin/python3"", ""/home/arjaiswal/Polygeist/scripts/correctness/kernel_match_rewrite.py"", ""/home/arjaiswal/Polygeist/issues/aten_c_kernels/results/aten_random_cpu/debuf.mlir"", ""--dry-run"", ""--matcher-mode"", ""egglog"", ""--telemetry-json"", ""/home/arjaiswal/Polygeist/issues/equality_saturation_eval/campaign_20260908/aten-aten_random_cpu-egglog-aarm9s7h.json"", ""--disable-semantic-fallback""]","== match report for /home/arjaiswal/Polygeist/issues/aten_c_kernels/results/aten_random_cpu/debuf.mlir ==
  no_match       body#0  ?
  total: 0 matched / 1 bodies
",0,[],0,0,0,0,/home/arjaiswal/Polygeist/issues/aten_c_kernels/results/aten_random_cpu/debuf.mlir,1789,8,1,0,312.72248178720474,1,65636,0.0,0,0,0,0,[],0,0,0,0.0,8
aten,aten_random_cpu,/home/arjaiswal/Polygeist/issues/aten_c_kernels/results/aten_random_cpu/debuf.mlir,e4ace31c7e9daef809a875e04beaa13d6e1196492f3b6b9234a2ec12983c3116,syntactic,2,ok,0,765.7094858586788,0,"[""/usr/bin/python3"", ""/home/arjaiswal/Polygeist/scripts/correctness/kernel_match_rewrite.py"", ""/home/arjaiswal/Polygeist/issues/aten_c_kernels/results/aten_random_cpu/debuf.mlir"", ""--dry-run"", ""--matcher-mode"", ""syntactic"", ""--telemetry-json"", ""/home/arjaiswal/Polygeist/issues/equality_saturation_eval/campaign_20260908/aten-aten_random_cpu-syntactic-tuoz9xos.json"", ""--disable-semantic-fallback""]","== match report for /home/arjaiswal/Polygeist/issues/aten_c_kernels/results/aten_random_cpu/debuf.mlir ==
  no_match       body#0  ?
  total: 0 matched / 1 bodies
",0,[],0,0,0,0,/home/arjaiswal/Polygeist/issues/aten_c_kernels/results/aten_random_cpu/debuf.mlir,1789,0,1,0,309.5756098628044,1,65712,0.018116086721420288,0,0,0,0,[],0,0,8,0.0,8
aten,aten_random_cpu,/home/arjaiswal/Polygeist/issues/aten_c_kernels/results/aten_random_cpu/debuf.mlir,e4ace31c7e9daef809a875e04beaa13d6e1196492f3b6b9234a2ec12983c3116,syntactic,3,ok,0,1072.8357881307602,0,"[""/usr/bin/python3"", ""/home/arjaiswal/Polygeist/scripts/correctness/kernel_match_rewrite.py"", ""/home/arjaiswal/Polygeist/issues/aten_c_kernels/results/aten_random_cpu/debuf.mlir"", ""--dry-run"", ""--matcher-mode"", ""syntactic"", ""--telemetry-json"", ""/home/arjaiswal/Polygeist/issues/equality_saturation_eval/campaign_20260908/aten-aten_random_cpu-syntactic-yt64_q2g.json"", ""--disable-semantic-fallback""]","== match report for /home/arjaiswal/Polygeist/issues/aten_c_kernels/results/aten_random_cpu/debuf.mlir ==
  no_match       body#0  ?
  total: 0 matched / 1 bodies
",0,[],0,0,0,0,/home/arjaiswal/Polygeist/issues/aten_c_kernels/results/aten_random_cpu/debuf.mlir,1789,0,1,0,505.3708367049694,1,65488,0.040706247091293335,0,0,0,0,[],0,0,8,0.0,8
aten,aten_random_cpu,/home/arjaiswal/Polygeist/issues/aten_c_kernels/results/aten_random_cpu/debuf.mlir,e4ace31c7e9daef809a875e04beaa13d6e1196492f3b6b9234a2ec12983c3116,egglog,3,ok,0,1928.9574399590492,0,"[""/usr/bin/python3"", ""/home/arjaiswal/Polygeist/scripts/correctness/kernel_match_rewrite.py"", ""/home/arjaiswal/Polygeist/issues/aten_c_kernels/results/aten_random_cpu/debuf.mlir"", ""--dry-run"", ""--matcher-mode"", ""egglog"", ""--telemetry-json"", ""/home/arjaiswal/Polygeist/issues/equality_saturation_eval/campaign_20260908/aten-aten_random_cpu-egglog-yi30i_mb.json"", ""--disable-semantic-fallback""]","== match report for /home/arjaiswal/Polygeist/issues/aten_c_kernels/results/aten_random_cpu/debuf.mlir ==
  no_match       body#0  ?
  total: 0 matched / 1 bodies
",0,[],0,0,0,0,/home/arjaiswal/Polygeist/issues/aten_c_kernels/results/aten_random_cpu/debuf.mlir,1789,8,1,0,865.8385388553143,1,65532,0.0,0,0,0,0,[],0,0,0,0.0,8
aten,aten_random_cpu,/home/arjaiswal/Polygeist/issues/aten_c_kernels/results/aten_random_cpu/debuf.mlir,e4ace31c7e9daef809a875e04beaa13d6e1196492f3b6b9234a2ec12983c3116,egglog,4,ok,0,2506.8236850202084,0,"[""/usr/bin/python3"", ""/home/arjaiswal/Polygeist/scripts/correctness/kernel_match_rewrite.py"", ""/home/arjaiswal/Polygeist/issues/aten_c_kernels/results/aten_random_cpu/debuf.mlir"", ""--dry-run"", ""--matcher-mode"", ""egglog"", ""--telemetry-json"", ""/home/arjaiswal/Polygeist/issues/equality_saturation_eval/campaign_20260908/aten-aten_random_cpu-egglog-b3_vfcfb.json"", ""--disable-semantic-fallback""]","== match report for /home/arjaiswal/Polygeist/issues/aten_c_kernels/results/aten_random_cpu/debuf.mlir ==
  no_match       body#0  ?
  total: 0 matched / 1 bodies
",0,[],0,0,0,0,/home/arjaiswal/Polygeist/issues/aten_c_kernels/results/aten_random_cpu/debuf.mlir,1789,8,1,0,1024.4984291493893,1,65524,0.0,0,0,0,0,[],0,0,0,0.0,8
aten,aten_random_cpu,/home/arjaiswal/Polygeist/issues/aten_c_kernels/results/aten_random_cpu/debuf.mlir,e4ace31c7e9daef809a875e04beaa13d6e1196492f3b6b9234a2ec12983c3116,syntactic,4,ok,0,1775.3133215010166,0,"[""/usr/bin/python3"", ""/home/arjaiswal/Polygeist/scripts/correctness/kernel_match_rewrite.py"", ""/home/arjaiswal/Polygeist/issues/aten_c_kernels/results/aten_random_cpu/debuf.mlir"", ""--dry-run"", ""--matcher-mode"", ""syntactic"", ""--telemetry-json"", ""/home/arjaiswal/Polygeist/issues/equality_saturation_eval/campaign_20260908/aten-aten_random_cpu-syntactic-f4qq_312.json"", ""--disable-semantic-fallback""]","== match report for /home/arjaiswal/Polygeist/issues/aten_c_kernels/results/aten_random_cpu/debuf.mlir ==
  no_match       body#0  ?
  total: 0 matched / 1 bodies
",0,[],0,0,0,0,/home/arjaiswal/Polygeist/issues/aten_c_kernels/results/aten_random_cpu/debuf.mlir,1789,0,1,0,583.6520865559578,1,65652,0.0349581241607666,0,0,0,0,[],0,0,8,0.0,8
aten,aten_random_cpu,/home/arjaiswal/Polygeist/issues/aten_c_kernels/results/aten_random_cpu/debuf.mlir,e4ace31c7e9daef809a875e04beaa13d6e1196492f3b6b9234a2ec12983c3116,syntactic,5,ok,0,1352.3182533681393,0,"[""/usr/bin/python3"", ""/home/arjaiswal/Polygeist/scripts/correctness/kernel_match_rewrite.py"", ""/home/arjaiswal/Polygeist/issues/aten_c_kernels/results/aten_random_cpu/debuf.mlir"", ""--dry-run"", ""--matcher-mode"", ""syntactic"", ""--telemetry-json"", ""/home/arjaiswal/Polygeist/issues/equality_saturation_eval/campaign_20260908/aten-aten_random_cpu-syntactic-paae_ziz.json"", ""--disable-semantic-fallback""]","== match report for /home/arjaiswal/Polygeist/issues/aten_c_kernels/results/aten_random_cpu/debuf.mlir ==
  no_match       body#0  ?
  total: 0 matched / 1 bodies
",0,[],0,0,0,0,/home/arjaiswal/Polygeist/issues/aten_c_kernels/results/aten_random_cpu/debuf.mlir,1789,0,1,0,472.286619246006,1,65472,0.027067959308624268,0,0,0,0,[],0,0,8,0.0,8
aten,aten_random_cpu,/home/arjaiswal/Polygeist/issues/aten_c_kernels/results/aten_random_cpu/debuf.mlir,e4ace31c7e9daef809a875e04beaa13d6e1196492f3b6b9234a2ec12983c3116,egglog,5,ok,0,1367.07117035985,0,"[""/usr/bin/python3"", ""/home/arjaiswal/Polygeist/scripts/correctness/kernel_match_rewrite.py"", ""/home/arjaiswal/Polygeist/issues/aten_c_kernels/results/aten_random_cpu/debuf.mlir"", ""--dry-run"", ""--matcher-mode"", ""egglog"", ""--telemetry-json"", ""/home/arjaiswal/Polygeist/issues/equality_saturation_eval/campaign_20260908/aten-aten_random_cpu-egglog-rh3hixg9.json"", ""--disable-semantic-fallback""]","== match report for /home/arjaiswal/Polygeist/issues/aten_c_kernels/results/aten_random_cpu/debuf.mlir ==
  no_match       body#0  ?
  total: 0 matched / 1 bodies
",0,[],0,0,0,0,/home/arjaiswal/Polygeist/issues/aten_c_kernels/results/aten_random_cpu/debuf.mlir,1789,8,1,0,375.61650574207306,1,65732,0.0,0,0,0,0,[],0,0,0,0.0,8
aten,aten_random_from_to_cpu,/home/arjaiswal/Polygeist/issues/aten_c_kernels/results/aten_random_from_to_cpu/debuf.mlir,fe712254d0f6457865c0f348d1d004546525c9e2df04f18205baa678e9b6ee84,egglog,1,ok,0,1838.4257070720196,0,"[""/usr/bin/python3"", ""/home/arjaiswal/Polygeist/scripts/correctness/kernel_match_rewrite.py"", ""/home/arjaiswal/Polygeist/issues/aten_c_kernels/results/aten_random_from_to_cpu/debuf.mlir"", ""--dry-run"", ""--matcher-mode"", ""egglog"", ""--telemetry-json"", ""/home/arjaiswal/Polygeist/issues/equality_saturation_eval/campaign_20260908/aten-aten_random_from_to_cpu-egglog-26fx_tnm.json"", ""--disable-semantic-fallback""]","== match report for /home/arjaiswal/Polygeist/issues/aten_c_kernels/results/aten_random_from_to_cpu/debuf.mlir ==
  no_match       body#0  ?
  total: 0 matched / 1 bodies
",0,[],0,0,0,0,/home/arjaiswal/Polygeist/issues/aten_c_kernels/results/aten_random_from_to_cpu/debuf.mlir,1883,8,1,0,694.5537328720093,1,65728,0.0,0,0,0,0,[],0,0,0,0.0,8
aten,aten_random_from_to_cpu,/home/arjaiswal/Polygeist/issues/aten_c_kernels/results/aten_random_from_to_cpu/debuf.mlir,fe712254d0f6457865c0f348d1d004546525c9e2df04f18205baa678e9b6ee84,syntactic,1,ok,0,2274.695996195078,0,"[""/usr/bin/python3"", ""/home/arjaiswal/Polygeist/scripts/correctness/kernel_match_rewrite.py"", ""/home/arjaiswal/Polygeist/issues/aten_c_kernels/results/aten_random_from_to_cpu/debuf.mlir"", ""--dry-run"", ""--matcher-mode"", ""syntactic"", ""--telemetry-json"", ""/home/arjaiswal/Polygeist/issues/equality_saturation_eval/campaign_20260908/aten-aten_random_from_to_cpu-syntactic-iidxmz7s.json"", ""--disable-semantic-fallback""]","== match report for /home/arjaiswal/Polygeist/issues/aten_c_kernels/results/aten_random_from_to_cpu/debuf.mlir ==
  no_match       body#0  ?
  total: 0 matched / 1 bodies
",0,[],0,0,0,0,/home/arjaiswal/Polygeist/issues/aten_c_kernels/results/aten_random_from_to_cpu/debuf.mlir,1883,0,1,0,1069.4083161652088,1,65572,0.05953758955001831,0,0,0,0,[],0,0,8,0.0,8
aten,aten_random_from_to_cpu,/home/arjaiswal/Polygeist/issues/aten_c_kernels/results/aten_random_from_to_cpu/debuf.mlir,fe712254d0f6457865c0f348d1d004546525c9e2df04f18205baa678e9b6ee84,syntactic,2,ok,0,2423.2397377490997,0,"[""/usr/bin/python3"", ""/home/arjaiswal/Polygeist/scripts/correctness/kernel_match_rewrite.py"", ""/home/arjaiswal/Polygeist/issues/aten_c_kernels/results/aten_random_from_to_cpu/debuf.mlir"", ""--dry-run"", ""--matcher-mode"", ""syntactic"", ""--telemetry-json"", ""/home/arjaiswal/Polygeist/issues/equality_saturation_eval/campaign_20260908/aten-aten_random_from_to_cpu-syntactic-84riqlpr.json"", ""--disable-semantic-fallback""]","== match report for /home/arjaiswal/Polygeist/issues/aten_c_kernels/results/aten_random_from_to_cpu/debuf.mlir ==
  no_match       body#0  ?
  total: 0 matched / 1 bodies
",0,[],0,0,0,0,/home/arjaiswal/Polygeist/issues/aten_c_kernels/results/aten_random_from_to_cpu/debuf.mlir,1883,0,1,0,1195.9507130086422,1,65520,0.06524473428726196,0,0,0,0,[],0,0,8,0.0,8
aten,aten_random_from_to_cpu,/home/arjaiswal/Polygeist/issues/aten_c_kernels/results/aten_random_from_to_cpu/debuf.mlir,fe712254d0f6457865c0f348d1d004546525c9e2df04f18205baa678e9b6ee84,egglog,2,ok,0,1263.2559277117252,0,"[""/usr/bin/python3"", ""/home/arjaiswal/Polygeist/scripts/correctness/kernel_match_rewrite.py"", ""/home/arjaiswal/Polygeist/issues/aten_c_kernels/results/aten_random_from_to_cpu/debuf.mlir"", ""--dry-run"", ""--matcher-mode"", ""egglog"", ""--telemetry-json"", ""/home/arjaiswal/Polygeist/issues/equality_saturation_eval/campaign_20260908/aten-aten_random_from_to_cpu-egglog-k5h0zlzb.json"", ""--disable-semantic-fallback""]","== match report for /home/arjaiswal/Polygeist/issues/aten_c_kernels/results/aten_random_from_to_cpu/debuf.mlir ==
  no_match       body#0  ?
  total: 0 matched / 1 bodies
",0,[],0,0,0,0,/home/arjaiswal/Polygeist/issues/aten_c_kernels/results/aten_random_from_to_cpu/debuf.mlir,1883,8,1,0,451.9185870885849,1,65624,0.0,0,0,0,0,[],0,0,0,0.0,8
aten,aten_random_from_to_cpu,/home/arjaiswal/Polygeist/issues/aten_c_kernels/results/aten_random_from_to_cpu/debuf.mlir,fe712254d0f6457865c0f348d1d004546525c9e2df04f18205baa678e9b6ee84,egglog,3,ok,0,1219.0030701458454,0,"[""/usr/bin/python3"", ""/home/arjaiswal/Polygeist/scripts/correctness/kernel_match_rewrite.py"", ""/home/arjaiswal/Polygeist/issues/aten_c_kernels/results/aten_random_from_to_cpu/debuf.mlir"", ""--dry-run"", ""--matcher-mode"", ""egglog"", ""--telemetry-json"", ""/home/arjaiswal/Polygeist/issues/equality_saturation_eval/campaign_20260908/aten-aten_random_from_to_cpu-egglog-v97gb24i.json"", ""--disable-semantic-fallback""]","== match report for /home/arjaiswal/Polygeist/issues/aten_c_kernels/results/aten_random_from_to_cpu/debuf.mlir ==
  no_match       body#0  ?
  total: 0 matched / 1 bodies
",0,[],0,0,0,0,/home/arjaiswal/Polygeist/issues/aten_c_kernels/results/aten_random_from_to_cpu/debuf.mlir,1883,8,1,0,531.166173517704,1,65640,0.0,0,0,0,0,[],0,0,0,0.0,8
aten,aten_random_from_to_cpu,/home/arjaiswal/Polygeist/issues/aten_c_kernels/results/aten_random_from_to_cpu/debuf.mlir,fe712254d0f6457865c0f348d1d004546525c9e2df04f18205baa678e9b6ee84,syntactic,3,ok,0,1298.7970560789108,0,"[""/usr/bin/python3"", ""/home/arjaiswal/Polygeist/scripts/correctness/kernel_match_rewrite.py"", ""/home/arjaiswal/Polygeist/issues/aten_c_kernels/results/aten_random_from_to_cpu/debuf.mlir"", ""--dry-run"", ""--matcher-mode"", ""syntactic"", ""--telemetry-json"", ""/home/arjaiswal/Polygeist/issues/equality_saturation_eval/campaign_20260908/aten-aten_random_from_to_cpu-syntactic-ive40y6l.json"", ""--disable-semantic-fallback""]","== match report for /home/arjaiswal/Polygeist/issues/aten_c_kernels/results/aten_random_from_to_cpu/debuf.mlir ==
  no_match       body#0  ?
  total: 0 matched / 1 bodies
",0,[],0,0,0,0,/home/arjaiswal/Polygeist/issues/aten_c_kernels/results/aten_random_from_to_cpu/debuf.mlir,1883,0,1,0,615.5392527580261,1,65720,0.07329508662223816,0,0,0,0,[],0,0,8,0.0,8
aten,aten_random_from_to_cpu,/home/arjaiswal/Polygeist/issues/aten_c_kernels/results/aten_random_from_to_cpu/debuf.mlir,fe712254d0f6457865c0f348d1d004546525c9e2df04f18205baa678e9b6ee84,syntactic,4,ok,0,1712.1368311345577,0,"[""/usr/bin/python3"", ""/home/arjaiswal/Polygeist/scripts/correctness/kernel_match_rewrite.py"", ""/home/arjaiswal/Polygeist/issues/aten_c_kernels/results/aten_random_from_to_cpu/debuf.mlir"", ""--dry-run"", ""--matcher-mode"", ""syntactic"", ""--telemetry-json"", ""/home/arjaiswal/Polygeist/issues/equality_saturation_eval/campaign_20260908/aten-aten_random_from_to_cpu-syntactic-i7dxb8b0.json"", ""--disable-semantic-fallback""]","== match report for /home/arjaiswal/Polygeist/issues/aten_c_kernels/results/aten_random_from_to_cpu/debuf.mlir ==
  no_match       body#0  ?
  total: 0 matched / 1 bodies
",0,[],0,0,0,0,/home/arjaiswal/Polygeist/issues/aten_c_kernels/results/aten_random_from_to_cpu/debuf.mlir,1883,0,1,0,718.4822857379913,1,65756,0.061005353927612305,0,0,0,0,[],0,0,8,0.0,8
aten,aten_random_from_to_cpu,/home/arjaiswal/Polygeist/issues/aten_c_kernels/results/aten_random_from_to_cpu/debuf.mlir,fe712254d0f6457865c0f348d1d004546525c9e2df04f18205baa678e9b6ee84,egglog,4,ok,0,1587.918370962143,0,"[""/usr/bin/python3"", ""/home/arjaiswal/Polygeist/scripts/correctness/kernel_match_rewrite.py"", ""/home/arjaiswal/Polygeist/issues/aten_c_kernels/results/aten_random_from_to_cpu/debuf.mlir"", ""--dry-run"", ""--matcher-mode"", ""egglog"", ""--telemetry-json"", ""/home/arjaiswal/Polygeist/issues/equality_saturation_eval/campaign_20260908/aten-aten_random_from_to_cpu-egglog-70uxvlb5.json"", ""--disable-semantic-fallback""]","== match report for /home/arjaiswal/Polygeist/issues/aten_c_kernels/results/aten_random_from_to_cpu/debuf.mlir ==
  no_match       body#0  ?
  total: 0 matched / 1 bodies
",0,[],0,0,0,0,/home/arjaiswal/Polygeist/issues/aten_c_kernels/results/aten_random_from_to_cpu/debuf.mlir,1883,8,1,0,711.5664295852184,1,65740,0.0,0,0,0,0,[],0,0,0,0.0,8
aten,aten_random_from_to_cpu,/home/arjaiswal/Polygeist/issues/aten_c_kernels/results/aten_random_from_to_cpu/debuf.mlir,fe712254d0f6457865c0f348d1d004546525c9e2df04f18205baa678e9b6ee84,egglog,5,ok,0,1944.6200281381607,0,"[""/usr/bin/python3"", ""/home/arjaiswal/Polygeist/scripts/correctness/kernel_match_rewrite.py"", ""/home/arjaiswal/Polygeist/issues/aten_c_kernels/results/aten_random_from_to_cpu/debuf.mlir"", ""--dry-run"", ""--matcher-mode"", ""egglog"", ""--telemetry-json"", ""/home/arjaiswal/Polygeist/issues/equality_saturation_eval/campaign_20260908/aten-aten_random_from_to_cpu-egglog-tf5gb32a.json"", ""--disable-semantic-fallback""]","== match report for /home/arjaiswal/Polygeist/issues/aten_c_kernels/results/aten_random_from_to_cpu/debuf.mlir ==
  no_match       body#0  ?
  total: 0 matched / 1 bodies
",0,[],0,0,0,0,/home/arjaiswal/Polygeist/issues/aten_c_kernels/results/aten_random_from_to_cpu/debuf.mlir,1883,8,1,0,828.0262611806393,1,65864,0.0,0,0,0,0,[],0,0,0,0.0,8
aten,aten_random_from_to_cpu,/home/arjaiswal/Polygeist/issues/aten_c_kernels/results/aten_random_from_to_cpu/debuf.mlir,fe712254d0f6457865c0f348d1d004546525c9e2df04f18205baa678e9b6ee84,syntactic,5,ok,0,1160.7929021120071,0,"[""/usr/bin/python3"", ""/home/arjaiswal/Polygeist/scripts/correctness/kernel_match_rewrite.py"", ""/home/arjaiswal/Polygeist/issues/aten_c_kernels/results/aten_random_from_to_cpu/debuf.mlir"", ""--dry-run"", ""--matcher-mode"", ""syntactic"", ""--telemetry-json"", ""/home/arjaiswal/Polygeist/issues/equality_saturation_eval/campaign_20260908/aten-aten_random_from_to_cpu-syntactic-6ltmw_y9.json"", ""--disable-semantic-fallback""]","== match report for /home/arjaiswal/Polygeist/issues/aten_c_kernels/results/aten_random_from_to_cpu/debuf.mlir ==
  no_match       body#0  ?
  total: 0 matched / 1 bodies
",0,[],0,0,0,0,/home/arjaiswal/Polygeist/issues/aten_c_kernels/results/aten_random_from_to_cpu/debuf.mlir,1883,0,1,0,318.30020248889923,1,65796,0.058088451623916626,0,0,0,0,[],0,0,8,0.0,8
aten,aten_random_full_64_bits_range_cpu,/home/arjaiswal/Polygeist/issues/aten_c_kernels/results/aten_random_full_64_bits_range_cpu/debuf.mlir,0f1f92019d47bdee45b1f5c18d8667a82417b0f0e4203f9ace63ba1ec9a203c6,syntactic,1,ok,0,711.9496613740921,0,"[""/usr/bin/python3"", ""/home/arjaiswal/Polygeist/scripts/correctness/kernel_match_rewrite.py"", ""/home/arjaiswal/Polygeist/issues/aten_c_kernels/results/aten_random_full_64_bits_range_cpu/debuf.mlir"", ""--dry-run"", ""--matcher-mode"", ""syntactic"", ""--telemetry-json"", ""/home/arjaiswal/Polygeist/issues/equality_saturation_eval/campaign_20260908/aten-aten_random_full_64_bits_range_cpu-syntactic-wfa70t0j.json"", ""--disable-semantic-fallback""]","== match report for /home/arjaiswal/Polygeist/issues/aten_c_kernels/results/aten_random_full_64_bits_range_cpu/debuf.mlir ==
  rank_or_dtype_reject body#0  cublasDcopy_tensor
  total: 0 matched / 1 bodies
",0,[],0,0,0,0,/home/arjaiswal/Polygeist/issues/aten_c_kernels/results/aten_random_full_64_bits_range_cpu/debuf.mlir,1757,0,1,0,269.60816234350204,0,64896,0.01268833875656128,0,2,0,0,[],0,0,4,0.0,4
aten,aten_random_full_64_bits_range_cpu,/home/arjaiswal/Polygeist/issues/aten_c_kernels/results/aten_random_full_64_bits_range_cpu/debuf.mlir,0f1f92019d47bdee45b1f5c18d8667a82417b0f0e4203f9ace63ba1ec9a203c6,egglog,1,ok,0,767.0221887528896,0,"[""/usr/bin/python3"", ""/home/arjaiswal/Polygeist/scripts/correctness/kernel_match_rewrite.py"", ""/home/arjaiswal/Polygeist/issues/aten_c_kernels/results/aten_random_full_64_bits_range_cpu/debuf.mlir"", ""--dry-run"", ""--matcher-mode"", ""egglog"", ""--telemetry-json"", ""/home/arjaiswal/Polygeist/issues/equality_saturation_eval/campaign_20260908/aten-aten_random_full_64_bits_range_cpu-egglog-ujvv_9ih.json"", ""--disable-semantic-fallback""]","== match report for /home/arjaiswal/Polygeist/issues/aten_c_kernels/results/aten_random_full_64_bits_range_cpu/debuf.mlir ==
  rank_or_dtype_reject body#0  cublasDcopy_tensor
  total: 0 matched / 1 bodies
",0,[],0,0,0,0,/home/arjaiswal/Polygeist/issues/aten_c_kernels/results/aten_random_full_64_bits_range_cpu/debuf.mlir,1757,8,1,0,335.18069609999657,0,69564,21.07148990035057,2,2,0,0,[],0,0,0,0.0,4
aten,aten_random_full_64_bits_range_cpu,/home/arjaiswal/Polygeist/issues/aten_c_kernels/results/aten_random_full_64_bits_range_cpu/debuf.mlir,0f1f92019d47bdee45b1f5c18d8667a82417b0f0e4203f9ace63ba1ec9a203c6,egglog,2,ok,0,758.0003887414932,0,"[""/usr/bin/python3"", ""/home/arjaiswal/Polygeist/scripts/correctness/kernel_match_rewrite.py"", ""/home/arjaiswal/Polygeist/issues/aten_c_kernels/results/aten_random_full_64_bits_range_cpu/debuf.mlir"", ""--dry-run"", ""--matcher-mode"", ""egglog"", ""--telemetry-json"", ""/home/arjaiswal/Polygeist/issues/equality_saturation_eval/campaign_20260908/aten-aten_random_full_64_bits_range_cpu-egglog-6c_2v9nm.json"", ""--disable-semantic-fallback""]","== match report for /home/arjaiswal/Polygeist/issues/aten_c_kernels/results/aten_random_full_64_bits_range_cpu/debuf.mlir ==
  rank_or_dtype_reject body#0  cublasDcopy_tensor
  total: 0 matched / 1 bodies
",0,[],0,0,0,0,/home/arjaiswal/Polygeist/issues/aten_c_kernels/results/aten_random_full_64_bits_range_cpu/debuf.mlir,1757,8,1,0,309.30694937705994,0,69324,20.952049642801285,2,2,0,0,[],0,0,0,0.0,4
aten,aten_random_full_64_bits_range_cpu,/home/arjaiswal/Polygeist/issues/aten_c_kernels/results/aten_random_full_64_bits_range_cpu/debuf.mlir,0f1f92019d47bdee45b1f5c18d8667a82417b0f0e4203f9ace63ba1ec9a203c6,syntactic,2,ok,0,778.9808064699173,0,"[""/usr/bin/python3"", ""/home/arjaiswal/Polygeist/scripts/correctness/kernel_match_rewrite.py"", ""/home/arjaiswal/Polygeist/issues/aten_c_kernels/results/aten_random_full_64_bits_range_cpu/debuf.mlir"", ""--dry-run"", ""--matcher-mode"", ""syntactic"", ""--telemetry-json"", ""/home/arjaiswal/Polygeist/issues/equality_saturation_eval/campaign_20260908/aten-aten_random_full_64_bits_range_cpu-syntactic-2rx68e6a.json"", ""--disable-semantic-fallback""]","== match report for /home/arjaiswal/Polygeist/issues/aten_c_kernels/results/aten_random_full_64_bits_range_cpu/debuf.mlir ==
  rank_or_dtype_reject body#0  cublasDcopy_tensor
  total: 0 matched / 1 bodies
",0,[],0,0,0,0,/home/arjaiswal/Polygeist/issues/aten_c_kernels/results/aten_random_full_64_bits_range_cpu/debuf.mlir,1757,0,1,0,283.1064462661743,0,64716,0.01268833875656128,0,2,0,0,[],0,0,4,0.0,4
aten,aten_random_full_64_bits_range_cpu,/home/arjaiswal/Polygeist/issues/aten_c_kernels/results/aten_random_full_64_bits_range_cpu/debuf.mlir,0f1f92019d47bdee45b1f5c18d8667a82417b0f0e4203f9ace63ba1ec9a203c6,syntactic,3,ok,0,693.1981630623341,0,"[""/usr/bin/python3"", ""/home/arjaiswal/Polygeist/scripts/correctness/kernel_match_rewrite.py"", ""/home/arjaiswal/Polygeist/issues/aten_c_kernels/results/aten_random_full_64_bits_range_cpu/debuf.mlir"", ""--dry-run"", ""--matcher-mode"", ""syntactic"", ""--telemetry-json"", ""/home/arjaiswal/Polygeist/issues/equality_saturation_eval/campaign_20260908/aten-aten_random_full_64_bits_range_cpu-syntactic-r7f4i00k.json"", ""--disable-semantic-fallback""]","== match report for /home/arjaiswal/Polygeist/issues/aten_c_kernels/results/aten_random_full_64_bits_range_cpu/debuf.mlir ==
  rank_or_dtype_reject body#0  cublasDcopy_tensor
  total: 0 matched / 1 bodies
",0,[],0,0,0,0,/home/arjaiswal/Polygeist/issues/aten_c_kernels/results/aten_random_full_64_bits_range_cpu/debuf.mlir,1757,0,1,0,271.0987702012062,0,64688,0.014994293451309204,0,2,0,0,[],0,0,4,0.0,4
aten,aten_random_full_64_bits_range_cpu,/home/arjaiswal/Polygeist/issues/aten_c_kernels/results/aten_random_full_64_bits_range_cpu/debuf.mlir,0f1f92019d47bdee45b1f5c18d8667a82417b0f0e4203f9ace63ba1ec9a203c6,egglog,3,ok,0,1344.1881835460663,0,"[""/usr/bin/python3"", ""/home/arjaiswal/Polygeist/scripts/correctness/kernel_match_rewrite.py"", ""/home/arjaiswal/Polygeist/issues/aten_c_kernels/results/aten_random_full_64_bits_range_cpu/debuf.mlir"", ""--dry-run"", ""--matcher-mode"", ""egglog"", ""--telemetry-json"", ""/home/arjaiswal/Polygeist/issues/equality_saturation_eval/campaign_20260908/aten-aten_random_full_64_bits_range_cpu-egglog-ym21cs3l.json"", ""--disable-semantic-fallback""]","== match report for /home/arjaiswal/Polygeist/issues/aten_c_kernels/results/aten_random_full_64_bits_range_cpu/debuf.mlir ==
  rank_or_dtype_reject body#0  cublasDcopy_tensor
  total: 0 matched / 1 bodies
",0,[],0,0,0,0,/home/arjaiswal/Polygeist/issues/aten_c_kernels/results/aten_random_full_64_bits_range_cpu/debuf.mlir,1757,8,1,0,666.5092520415783,0,69544,31.321097165346146,2,2,0,0,[],0,0,0,0.0,4
aten,aten_random_full_64_bits_range_cpu,/home/arjaiswal/Polygeist/issues/aten_c_kernels/results/aten_random_full_64_bits_range_cpu/debuf.mlir,0f1f92019d47bdee45b1f5c18d8667a82417b0f0e4203f9ace63ba1ec9a203c6,egglog,4,ok,0,1673.769861459732,0,"[""/usr/bin/python3"", ""/home/arjaiswal/Polygeist/scripts/correctness/kernel_match_rewrite.py"", ""/home/arjaiswal/Polygeist/issues/aten_c_kernels/results/aten_random_full_64_bits_range_cpu/debuf.mlir"", ""--dry-run"", ""--matcher-mode"", ""egglog"", ""--telemetry-json"", ""/home/arjaiswal/Polygeist/issues/equality_saturation_eval/campaign_20260908/aten-aten_random_full_64_bits_range_cpu-egglog-jzsbw2ie.json"", ""--disable-semantic-fallback""]","== match report for /home/arjaiswal/Polygeist/issues/aten_c_kernels/results/aten_random_full_64_bits_range_cpu/debuf.mlir ==
  rank_or_dtype_reject body#0  cublasDcopy_tensor
  total: 0 matched / 1 bodies
",0,[],0,0,0,0,/home/arjaiswal/Polygeist/issues/aten_c_kernels/results/aten_random_full_64_bits_range_cpu/debuf.mlir,1757,8,1,0,710.9654285013676,0,69324,30.736487358808517,2,2,0,0,[],0,0,0,0.0,4
aten,aten_random_full_64_bits_range_cpu,/home/arjaiswal/Polygeist/issues/aten_c_kernels/results/aten_random_full_64_bits_range_cpu/debuf.mlir,0f1f92019d47bdee45b1f5c18d8667a82417b0f0e4203f9ace63ba1ec9a203c6,syntactic,4,ok,0,1433.047540485859,0,"[""/usr/bin/python3"", ""/home/arjaiswal/Polygeist/scripts/correctness/kernel_match_rewrite.py"", ""/home/arjaiswal/Polygeist/issues/aten_c_kernels/results/aten_random_full_64_bits_range_cpu/debuf.mlir"", ""--dry-run"", ""--matcher-mode"", ""syntactic"", ""--telemetry-json"", ""/home/arjaiswal/Polygeist/issues/equality_saturation_eval/campaign_20260908/aten-aten_random_full_64_bits_range_cpu-syntactic-9f_5ixwl.json"", ""--disable-semantic-fallback""]","== match report for /home/arjaiswal/Polygeist/issues/aten_c_kernels/results/aten_random_full_64_bits_range_cpu/debuf.mlir ==
  rank_or_dtype_reject body#0  cublasDcopy_tensor
  total: 0 matched / 1 bodies
",0,[],0,0,0,0,/home/arjaiswal/Polygeist/issues/aten_c_kernels/results/aten_random_full_64_bits_range_cpu/debuf.mlir,1757,0,1,0,562.1727518737316,0,64888,0.015344470739364624,0,2,0,0,[],0,0,4,0.0,4
aten,aten_random_full_64_bits_range_cpu,/home/arjaiswal/Polygeist/issues/aten_c_kernels/results/aten_random_full_64_bits_range_cpu/debuf.mlir,0f1f92019d47bdee45b1f5c18d8667a82417b0f0e4203f9ace63ba1ec9a203c6,syntactic,5,ok,0,1495.500672608614,0,"[""/usr/bin/python3"", ""/home/arjaiswal/Polygeist/scripts/correctness/kernel_match_rewrite.py"", ""/home/arjaiswal/Polygeist/issues/aten_c_kernels/results/aten_random_full_64_bits_range_cpu/debuf.mlir"", ""--dry-run"", ""--matcher-mode"", ""syntactic"", ""--telemetry-json"", ""/home/arjaiswal/Polygeist/issues/equality_saturation_eval/campaign_20260908/aten-aten_random_full_64_bits_range_cpu-syntactic-4wnwtju9.json"", ""--disable-semantic-fallback""]","== match report for /home/arjaiswal/Polygeist/issues/aten_c_kernels/results/aten_random_full_64_bits_range_cpu/debuf.mlir ==
  rank_or_dtype_reject body#0  cublasDcopy_tensor
  total: 0 matched / 1 bodies
",0,[],0,0,0,0,/home/arjaiswal/Polygeist/issues/aten_c_kernels/results/aten_random_full_64_bits_range_cpu/debuf.mlir,1757,0,1,0,590.5199348926544,0,64808,0.017803162336349487,0,2,0,0,[],0,0,4,0.0,4
aten,aten_random_full_64_bits_range_cpu,/home/arjaiswal/Polygeist/issues/aten_c_kernels/results/aten_random_full_64_bits_range_cpu/debuf.mlir,0f1f92019d47bdee45b1f5c18d8667a82417b0f0e4203f9ace63ba1ec9a203c6,egglog,5,ok,0,1308.128073811531,0,"[""/usr/bin/python3"", ""/home/arjaiswal/Polygeist/scripts/correctness/kernel_match_rewrite.py"", ""/home/arjaiswal/Polygeist/issues/aten_c_kernels/results/aten_random_full_64_bits_range_cpu/debuf.mlir"", ""--dry-run"", ""--matcher-mode"", ""egglog"", ""--telemetry-json"", ""/home/arjaiswal/Polygeist/issues/equality_saturation_eval/campaign_20260908/aten-aten_random_full_64_bits_range_cpu-egglog-lij8bw72.json"", ""--disable-semantic-fallback""]","== match report for /home/arjaiswal/Polygeist/issues/aten_c_kernels/results/aten_random_full_64_bits_range_cpu/debuf.mlir ==
  rank_or_dtype_reject body#0  cublasDcopy_tensor
  total: 0 matched / 1 bodies
",0,[],0,0,0,0,/home/arjaiswal/Polygeist/issues/aten_c_kernels/results/aten_random_full_64_bits_range_cpu/debuf.mlir,1757,8,1,0,759.8102651536465,0,69636,38.12769427895546,2,2,0,0,[],0,0,0,0.0,4
aten,aten_randperm_cpu,/home/arjaiswal/Polygeist/issues/aten_c_kernels/results/aten_randperm_cpu/debuf.mlir,dd2dd715c11f86e8e44989f5038f1a43f949c31b5b975f7326702c0d464ad4ba,egglog,1,ok,0,1324.814859777689,0,"[""/usr/bin/python3"", ""/home/arjaiswal/Polygeist/scripts/correctness/kernel_match_rewrite.py"", ""/home/arjaiswal/Polygeist/issues/aten_c_kernels/results/aten_randperm_cpu/debuf.mlir"", ""--dry-run"", ""--matcher-mode"", ""egglog"", ""--telemetry-json"", ""/home/arjaiswal/Polygeist/issues/equality_saturation_eval/campaign_20260908/aten-aten_randperm_cpu-egglog-4zh_j3gx.json"", ""--disable-semantic-fallback""]","== match report for /home/arjaiswal/Polygeist/issues/aten_c_kernels/results/aten_randperm_cpu/debuf.mlir ==
  no_match       body#0  ?
  total: 0 matched / 1 bodies
",0,[],0,0,0,0,/home/arjaiswal/Polygeist/issues/aten_c_kernels/results/aten_randperm_cpu/debuf.mlir,2704,8,1,0,389.7656202316284,1,64572,0.0,0,0,0,0,[],0,0,0,0.0,4
aten,aten_randperm_cpu,/home/arjaiswal/Polygeist/issues/aten_c_kernels/results/aten_randperm_cpu/debuf.mlir,dd2dd715c11f86e8e44989f5038f1a43f949c31b5b975f7326702c0d464ad4ba,syntactic,1,ok,0,1201.4510296285152,0,"[""/usr/bin/python3"", ""/home/arjaiswal/Polygeist/scripts/correctness/kernel_match_rewrite.py"", ""/home/arjaiswal/Polygeist/issues/aten_c_kernels/results/aten_randperm_cpu/debuf.mlir"", ""--dry-run"", ""--matcher-mode"", ""syntactic"", ""--telemetry-json"", ""/home/arjaiswal/Polygeist/issues/equality_saturation_eval/campaign_20260908/aten-aten_randperm_cpu-syntactic-4s4in166.json"", ""--disable-semantic-fallback""]","== match report for /home/arjaiswal/Polygeist/issues/aten_c_kernels/results/aten_randperm_cpu/debuf.mlir ==
  no_match       body#0  ?
  total: 0 matched / 1 bodies
",0,[],0,0,0,0,/home/arjaiswal/Polygeist/issues/aten_c_kernels/results/aten_randperm_cpu/debuf.mlir,2704,0,1,0,568.243432790041,1,64792,0.01737847924232483,0,0,0,0,[],0,0,4,0.0,4
aten,aten_randperm_cpu,/home/arjaiswal/Polygeist/issues/aten_c_kernels/results/aten_randperm_cpu/debuf.mlir,dd2dd715c11f86e8e44989f5038f1a43f949c31b5b975f7326702c0d464ad4ba,syntactic,2,ok,0,1426.5534095466137,0,"[""/usr/bin/python3"", ""/home/arjaiswal/Polygeist/scripts/correctness/kernel_match_rewrite.py"", ""/home/arjaiswal/Polygeist/issues/aten_c_kernels/results/aten_randperm_cpu/debuf.mlir"", ""--dry-run"", ""--matcher-mode"", ""syntactic"", ""--telemetry-json"", ""/home/arjaiswal/Polygeist/issues/equality_saturation_eval/campaign_20260908/aten-aten_randperm_cpu-syntactic-q4v8ohbq.json"", ""--disable-semantic-fallback""]","== match report for /home/arjaiswal/Polygeist/issues/aten_c_kernels/results/aten_randperm_cpu/debuf.mlir ==
  no_match       body#0  ?
  total: 0 matched / 1 bodies
",0,[],0,0,0,0,/home/arjaiswal/Polygeist/issues/aten_c_kernels/results/aten_randperm_cpu/debuf.mlir,2704,0,1,0,473.8927446305752,1,64492,0.020585954189300537,0,0,0,0,[],0,0,4,0.0,4
aten,aten_randperm_cpu,/home/arjaiswal/Polygeist/issues/aten_c_kernels/results/aten_randperm_cpu/debuf.mlir,dd2dd715c11f86e8e44989f5038f1a43f949c31b5b975f7326702c0d464ad4ba,egglog,2,ok,0,1577.6410326361656,0,"[""/usr/bin/python3"", ""/home/arjaiswal/Polygeist/scripts/correctness/kernel_match_rewrite.py"", ""/home/arjaiswal/Polygeist/issues/aten_c_kernels/results/aten_randperm_cpu/debuf.mlir"", ""--dry-run"", ""--matcher-mode"", ""egglog"", ""--telemetry-json"", ""/home/arjaiswal/Polygeist/issues/equality_saturation_eval/campaign_20260908/aten-aten_randperm_cpu-egglog-56afk6b_.json"", ""--disable-semantic-fallback""]","== match report for /home/arjaiswal/Polygeist/issues/aten_c_kernels/results/aten_randperm_cpu/debuf.mlir ==
  no_match       body#0  ?
  total: 0 matched / 1 bodies
",0,[],0,0,0,0,/home/arjaiswal/Polygeist/issues/aten_c_kernels/results/aten_randperm_cpu/debuf.mlir,2704,8,1,0,634.1305151581764,1,64784,0.0,0,0,0,0,[],0,0,0,0.0,4
aten,aten_randperm_cpu,/home/arjaiswal/Polygeist/issues/aten_c_kernels/results/aten_randperm_cpu/debuf.mlir,dd2dd715c11f86e8e44989f5038f1a43f949c31b5b975f7326702c0d464ad4ba,egglog,3,ok,0,1972.123347222805,0,"[""/usr/bin/python3"", ""/home/arjaiswal/Polygeist/scripts/correctness/kernel_match_rewrite.py"", ""/home/arjaiswal/Polygeist/issues/aten_c_kernels/results/aten_randperm_cpu/debuf.mlir"", ""--dry-run"", ""--matcher-mode"", ""egglog"", ""--telemetry-json"", ""/home/arjaiswal/Polygeist/issues/equality_saturation_eval/campaign_20260908/aten-aten_randperm_cpu-egglog-eazqfe9h.json"", ""--disable-semantic-fallback""]","== match report for /home/arjaiswal/Polygeist/issues/aten_c_kernels/results/aten_randperm_cpu/debuf.mlir ==
  no_match       body#0  ?
  total: 0 matched / 1 bodies
",0,[],0,0,0,0,/home/arjaiswal/Polygeist/issues/aten_c_kernels/results/aten_randperm_cpu/debuf.mlir,2704,8,1,0,890.250775963068,1,64776,0.0,0,0,0,0,[],0,0,0,0.0,4
aten,aten_randperm_cpu,/home/arjaiswal/Polygeist/issues/aten_c_kernels/results/aten_randperm_cpu/debuf.mlir,dd2dd715c11f86e8e44989f5038f1a43f949c31b5b975f7326702c0d464ad4ba,syntactic,3,ok,0,1924.4074113667011,0,"[""/usr/bin/python3"", ""/home/arjaiswal/Polygeist/scripts/correctness/kernel_match_rewrite.py"", ""/home/arjaiswal/Polygeist/issues/aten_c_kernels/results/aten_randperm_cpu/debuf.mlir"", ""--dry-run"", ""--matcher-mode"", ""syntactic"", ""--telemetry-json"", ""/home/arjaiswal/Polygeist/issues/equality_saturation_eval/campaign_20260908/aten-aten_randperm_cpu-syntactic-mlm0h470.json"", ""--disable-semantic-fallback""]","== match report for /home/arjaiswal/Polygeist/issues/aten_c_kernels/results/aten_randperm_cpu/debuf.mlir ==
  no_match       body#0  ?
  total: 0 matched / 1 bodies
",0,[],0,0,0,0,/home/arjaiswal/Polygeist/issues/aten_c_kernels/results/aten_randperm_cpu/debuf.mlir,2704,0,1,0,685.728345066309,1,64820,0.020563602447509766,0,0,0,0,[],0,0,4,0.0,4
aten,aten_randperm_cpu,/home/arjaiswal/Polygeist/issues/aten_c_kernels/results/aten_randperm_cpu/debuf.mlir,dd2dd715c11f86e8e44989f5038f1a43f949c31b5b975f7326702c0d464ad4ba,syntactic,4,ok,0,2019.2294232547283,0,"[""/usr/bin/python3"", ""/home/arjaiswal/Polygeist/scripts/correctness/kernel_match_rewrite.py"", ""/home/arjaiswal/Polygeist/issues/aten_c_kernels/results/aten_randperm_cpu/debuf.mlir"", ""--dry-run"", ""--matcher-mode"", ""syntactic"", ""--telemetry-json"", ""/home/arjaiswal/Polygeist/issues/equality_saturation_eval/campaign_20260908/aten-aten_randperm_cpu-syntactic-1qeiv7fc.json"", ""--disable-semantic-fallback""]","== match report for /home/arjaiswal/Polygeist/issues/aten_c_kernels/results/aten_randperm_cpu/debuf.mlir ==
  no_match       body#0  ?
  total: 0 matched / 1 bodies
",0,[],0,0,0,0,/home/arjaiswal/Polygeist/issues/aten_c_kernels/results/aten_randperm_cpu/debuf.mlir,2704,0,1,0,783.2839898765087,1,64768,0.022046267986297607,0,0,0,0,[],0,0,4,0.0,4
aten,aten_randperm_cpu,/home/arjaiswal/Polygeist/issues/aten_c_kernels/results/aten_randperm_cpu/debuf.mlir,dd2dd715c11f86e8e44989f5038f1a43f949c31b5b975f7326702c0d464ad4ba,egglog,4,ok,0,2171.4407429099083,0,"[""/usr/bin/python3"", ""/home/arjaiswal/Polygeist/scripts/correctness/kernel_match_rewrite.py"", ""/home/arjaiswal/Polygeist/issues/aten_c_kernels/results/aten_randperm_cpu/debuf.mlir"", ""--dry-run"", ""--matcher-mode"", ""egglog"", ""--telemetry-json"", ""/home/arjaiswal/Polygeist/issues/equality_saturation_eval/campaign_20260908/aten-aten_randperm_cpu-egglog-f4x68ncr.json"", ""--disable-semantic-fallback""]","== match report for /home/arjaiswal/Polygeist/issues/aten_c_kernels/results/aten_randperm_cpu/debuf.mlir ==
  no_match       body#0  ?
  total: 0 matched / 1 bodies
",0,[],0,0,0,0,/home/arjaiswal/Polygeist/issues/aten_c_kernels/results/aten_randperm_cpu/debuf.mlir,2704,8,1,0,742.0632503926754,1,64420,0.0,0,0,0,0,[],0,0,0,0.0,4
aten,aten_randperm_cpu,/home/arjaiswal/Polygeist/issues/aten_c_kernels/results/aten_randperm_cpu/debuf.mlir,dd2dd715c11f86e8e44989f5038f1a43f949c31b5b975f7326702c0d464ad4ba,egglog,5,ok,0,1406.4555019140244,0,"[""/usr/bin/python3"", ""/home/arjaiswal/Polygeist/scripts/correctness/kernel_match_rewrite.py"", ""/home/arjaiswal/Polygeist/issues/aten_c_kernels/results/aten_randperm_cpu/debuf.mlir"", ""--dry-run"", ""--matcher-mode"", ""egglog"", ""--telemetry-json"", ""/home/arjaiswal/Polygeist/issues/equality_saturation_eval/campaign_20260908/aten-aten_randperm_cpu-egglog-n4f9i1pw.json"", ""--disable-semantic-fallback""]","== match report for /home/arjaiswal/Polygeist/issues/aten_c_kernels/results/aten_randperm_cpu/debuf.mlir ==
  no_match       body#0  ?
  total: 0 matched / 1 bodies
",0,[],0,0,0,0,/home/arjaiswal/Polygeist/issues/aten_c_kernels/results/aten_randperm_cpu/debuf.mlir,2704,8,1,0,495.83369866013527,1,64928,0.0,0,0,0,0,[],0,0,0,0.0,4
aten,aten_randperm_cpu,/home/arjaiswal/Polygeist/issues/aten_c_kernels/results/aten_randperm_cpu/debuf.mlir,dd2dd715c11f86e8e44989f5038f1a43f949c31b5b975f7326702c0d464ad4ba,syntactic,5,ok,0,867.4050010740757,0,"[""/usr/bin/python3"", ""/home/arjaiswal/Polygeist/scripts/correctness/kernel_match_rewrite.py"", ""/home/arjaiswal/Polygeist/issues/aten_c_kernels/results/aten_randperm_cpu/debuf.mlir"", ""--dry-run"", ""--matcher-mode"", ""syntactic"", ""--telemetry-json"", ""/home/arjaiswal/Polygeist/issues/equality_saturation_eval/campaign_20260908/aten-aten_randperm_cpu-syntactic-es2jnxt3.json"", ""--disable-semantic-fallback""]","== match report for /home/arjaiswal/Polygeist/issues/aten_c_kernels/results/aten_randperm_cpu/debuf.mlir ==
  no_match       body#0  ?
  total: 0 matched / 1 bodies
",0,[],0,0,0,0,/home/arjaiswal/Polygeist/issues/aten_c_kernels/results/aten_randperm_cpu/debuf.mlir,2704,0,1,0,282.0010669529438,1,65012,0.019263476133346558,0,0,0,0,[],0,0,4,0.0,4
aten,aten_range_out_cpu,/home/arjaiswal/Polygeist/issues/aten_c_kernels/results/aten_range_out_cpu/debuf.mlir,396aa26eac4e8a34b276b0fa679ac2f71d692d6c68ba3311b733918b6b01a469,syntactic,1,ok,0,802.2780679166317,0,"[""/usr/bin/python3"", ""/home/arjaiswal/Polygeist/scripts/correctness/kernel_match_rewrite.py"", ""/home/arjaiswal/Polygeist/issues/aten_c_kernels/results/aten_range_out_cpu/debuf.mlir"", ""--dry-run"", ""--matcher-mode"", ""syntactic"", ""--telemetry-json"", ""/home/arjaiswal/Polygeist/issues/equality_saturation_eval/campaign_20260908/aten-aten_range_out_cpu-syntactic-ejgnvfl2.json"", ""--disable-semantic-fallback""]","== match report for /home/arjaiswal/Polygeist/issues/aten_c_kernels/results/aten_range_out_cpu/debuf.mlir ==
  no_match       body#0  ?
  total: 0 matched / 1 bodies
",0,[],0,0,0,0,/home/arjaiswal/Polygeist/issues/aten_c_kernels/results/aten_range_out_cpu/debuf.mlir,1843,0,1,0,310.7205703854561,1,64764,0.01599639654159546,0,0,0,0,[],0,0,4,0.0,4
aten,aten_range_out_cpu,/home/arjaiswal/Polygeist/issues/aten_c_kernels/results/aten_range_out_cpu/debuf.mlir,396aa26eac4e8a34b276b0fa679ac2f71d692d6c68ba3311b733918b6b01a469,egglog,1,ok,0,730.1969677209854,0,"[""/usr/bin/python3"", ""/home/arjaiswal/Polygeist/scripts/correctness/kernel_match_rewrite.py"", ""/home/arjaiswal/Polygeist/issues/aten_c_kernels/results/aten_range_out_cpu/debuf.mlir"", ""--dry-run"", ""--matcher-mode"", ""egglog"", ""--telemetry-json"", ""/home/arjaiswal/Polygeist/issues/equality_saturation_eval/campaign_20260908/aten-aten_range_out_cpu-egglog-zky7d6so.json"", ""--disable-semantic-fallback""]","== match report for /home/arjaiswal/Polygeist/issues/aten_c_kernels/results/aten_range_out_cpu/debuf.mlir ==
  no_match       body#0  ?
  total: 0 matched / 1 bodies
",0,[],0,0,0,0,/home/arjaiswal/Polygeist/issues/aten_c_kernels/results/aten_range_out_cpu/debuf.mlir,1843,8,1,0,278.2740890979767,1,64716,0.0,0,0,0,0,[],0,0,0,0.0,4
aten,aten_range_out_cpu,/home/arjaiswal/Polygeist/issues/aten_c_kernels/results/aten_range_out_cpu/debuf.mlir,396aa26eac4e8a34b276b0fa679ac2f71d692d6c68ba3311b733918b6b01a469,egglog,2,ok,0,769.0586410462856,0,"[""/usr/bin/python3"", ""/home/arjaiswal/Polygeist/scripts/correctness/kernel_match_rewrite.py"", ""/home/arjaiswal/Polygeist/issues/aten_c_kernels/results/aten_range_out_cpu/debuf.mlir"", ""--dry-run"", ""--matcher-mode"", ""egglog"", ""--telemetry-json"", ""/home/arjaiswal/Polygeist/issues/equality_saturation_eval/campaign_20260908/aten-aten_range_out_cpu-egglog-_6nqxhn5.json"", ""--disable-semantic-fallback""]","== match report for /home/arjaiswal/Polygeist/issues/aten_c_kernels/results/aten_range_out_cpu/debuf.mlir ==
  no_match       body#0  ?
  total: 0 matched / 1 bodies
",0,[],0,0,0,0,/home/arjaiswal/Polygeist/issues/aten_c_kernels/results/aten_range_out_cpu/debuf.mlir,1843,8,1,0,315.99824875593185,1,64532,0.0,0,0,0,0,[],0,0,0,0.0,4
aten,aten_range_out_cpu,/home/arjaiswal/Polygeist/issues/aten_c_kernels/results/aten_range_out_cpu/debuf.mlir,396aa26eac4e8a34b276b0fa679ac2f71d692d6c68ba3311b733918b6b01a469,syntactic,2,ok,0,773.2309997081757,0,"[""/usr/bin/python3"", ""/home/arjaiswal/Polygeist/scripts/correctness/kernel_match_rewrite.py"", ""/home/arjaiswal/Polygeist/issues/aten_c_kernels/results/aten_range_out_cpu/debuf.mlir"", ""--dry-run"", ""--matcher-mode"", ""syntactic"", ""--telemetry-json"", ""/home/arjaiswal/Polygeist/issues/equality_saturation_eval/campaign_20260908/aten-aten_range_out_cpu-syntactic-3mvjcqzl.json"", ""--disable-semantic-fallback""]","== match report for /home/arjaiswal/Polygeist/issues/aten_c_kernels/results/aten_range_out_cpu/debuf.mlir ==
  no_match       body#0  ?
  total: 0 matched / 1 bodies
",0,[],0,0,0,0,/home/arjaiswal/Polygeist/issues/aten_c_kernels/results/aten_range_out_cpu/debuf.mlir,1843,0,1,0,316.6983090341091,1,64812,0.017523765563964844,0,0,0,0,[],0,0,4,0.0,4
aten,aten_range_out_cpu,/home/arjaiswal/Polygeist/issues/aten_c_kernels/results/aten_range_out_cpu/debuf.mlir,396aa26eac4e8a34b276b0fa679ac2f71d692d6c68ba3311b733918b6b01a469,syntactic,3,ok,0,738.5149896144867,0,"[""/usr/bin/python3"", ""/home/arjaiswal/Polygeist/scripts/correctness/kernel_match_rewrite.py"", ""/home/arjaiswal/Polygeist/issues/aten_c_kernels/results/aten_range_out_cpu/debuf.mlir"", ""--dry-run"", ""--matcher-mode"", ""syntactic"", ""--telemetry-json"", ""/home/arjaiswal/Polygeist/issues/equality_saturation_eval/campaign_20260908/aten-aten_range_out_cpu-syntactic-d8hg3tcb.json"", ""--disable-semantic-fallback""]","== match report for /home/arjaiswal/Polygeist/issues/aten_c_kernels/results/aten_range_out_cpu/debuf.mlir ==
  no_match       body#0  ?
  total: 0 matched / 1 bodies
",0,[],0,0,0,0,/home/arjaiswal/Polygeist/issues/aten_c_kernels/results/aten_range_out_cpu/debuf.mlir,1843,0,1,0,297.2382605075836,1,64664,0.015620142221450806,0,0,0,0,[],0,0,4,0.0,4
aten,aten_range_out_cpu,/home/arjaiswal/Polygeist/issues/aten_c_kernels/results/aten_range_out_cpu/debuf.mlir,396aa26eac4e8a34b276b0fa679ac2f71d692d6c68ba3311b733918b6b01a469,egglog,3,ok,0,705.3053565323353,0,"[""/usr/bin/python3"", ""/home/arjaiswal/Polygeist/scripts/correctness/kernel_match_rewrite.py"", ""/home/arjaiswal/Polygeist/issues/aten_c_kernels/results/aten_range_out_cpu/debuf.mlir"", ""--dry-run"", ""--matcher-mode"", ""egglog"", ""--telemetry-json"", ""/home/arjaiswal/Polygeist/issues/equality_saturation_eval/campaign_20260908/aten-aten_range_out_cpu-egglog-2zlb1dxi.json"", ""--disable-semantic-fallback""]","== match report for /home/arjaiswal/Polygeist/issues/aten_c_kernels/results/aten_range_out_cpu/debuf.mlir ==
  no_match       body#0  ?
  total: 0 matched / 1 bodies
",0,[],0,0,0,0,/home/arjaiswal/Polygeist/issues/aten_c_kernels/results/aten_range_out_cpu/debuf.mlir,1843,8,1,0,290.28643667697906,1,64600,0.0,0,0,0,0,[],0,0,0,0.0,4
aten,aten_range_out_cpu,/home/arjaiswal/Polygeist/issues/aten_c_kernels/results/aten_range_out_cpu/debuf.mlir,396aa26eac4e8a34b276b0fa679ac2f71d692d6c68ba3311b733918b6b01a469,egglog,4,ok,0,896.1173295974731,0,"[""/usr/bin/python3"", ""/home/arjaiswal/Polygeist/scripts/correctness/kernel_match_rewrite.py"", ""/home/arjaiswal/Polygeist/issues/aten_c_kernels/results/aten_range_out_cpu/debuf.mlir"", ""--dry-run"", ""--matcher-mode"", ""egglog"", ""--telemetry-json"", ""/home/arjaiswal/Polygeist/issues/equality_saturation_eval/campaign_20260908/aten-aten_range_out_cpu-egglog-c5mvzxi0.json"", ""--disable-semantic-fallback""]","== match report for /home/arjaiswal/Polygeist/issues/aten_c_kernels/results/aten_range_out_cpu/debuf.mlir ==
  no_match       body#0  ?
  total: 0 matched / 1 bodies
",0,[],0,0,0,0,/home/arjaiswal/Polygeist/issues/aten_c_kernels/results/aten_range_out_cpu/debuf.mlir,1843,8,1,0,355.44999688863754,1,64604,0.0,0,0,0,0,[],0,0,0,0.0,4
aten,aten_range_out_cpu,/home/arjaiswal/Polygeist/issues/aten_c_kernels/results/aten_range_out_cpu/debuf.mlir,396aa26eac4e8a34b276b0fa679ac2f71d692d6c68ba3311b733918b6b01a469,syntactic,4,ok,0,1462.471593171358,0,"[""/usr/bin/python3"", ""/home/arjaiswal/Polygeist/scripts/correctness/kernel_match_rewrite.py"", ""/home/arjaiswal/Polygeist/issues/aten_c_kernels/results/aten_range_out_cpu/debuf.mlir"", ""--dry-run"", ""--matcher-mode"", ""syntactic"", ""--telemetry-json"", ""/home/arjaiswal/Polygeist/issues/equality_saturation_eval/campaign_20260908/aten-aten_range_out_cpu-syntactic-176gvcxu.json"", ""--disable-semantic-fallback""]","== match report for /home/arjaiswal/Polygeist/issues/aten_c_kernels/results/aten_range_out_cpu/debuf.mlir ==
  no_match       body#0  ?
  total: 0 matched / 1 bodies
",0,[],0,0,0,0,/home/arjaiswal/Polygeist/issues/aten_c_kernels/results/aten_range_out_cpu/debuf.mlir,1843,0,1,0,640.6797990202904,1,64496,0.024907290935516357,0,0,0,0,[],0,0,4,0.0,4
aten,aten_range_out_cpu,/home/arjaiswal/Polygeist/issues/aten_c_kernels/results/aten_range_out_cpu/debuf.mlir,396aa26eac4e8a34b276b0fa679ac2f71d692d6c68ba3311b733918b6b01a469,syntactic,5,ok,0,1784.277942031622,0,"[""/usr/bin/python3"", ""/home/arjaiswal/Polygeist/scripts/correctness/kernel_match_rewrite.py"", ""/home/arjaiswal/Polygeist/issues/aten_c_kernels/results/aten_range_out_cpu/debuf.mlir"", ""--dry-run"", ""--matcher-mode"", ""syntactic"", ""--telemetry-json"", ""/home/arjaiswal/Polygeist/issues/equality_saturation_eval/campaign_20260908/aten-aten_range_out_cpu-syntactic-9qtufe5l.json"", ""--disable-semantic-fallback""]","== match report for /home/arjaiswal/Polygeist/issues/aten_c_kernels/results/aten_range_out_cpu/debuf.mlir ==
  no_match       body#0  ?
  total: 0 matched / 1 bodies
",0,[],0,0,0,0,/home/arjaiswal/Polygeist/issues/aten_c_kernels/results/aten_range_out_cpu/debuf.mlir,1843,0,1,0,716.4469286799431,1,64640,0.030681490898132324,0,0,0,0,[],0,0,4,0.0,4
aten,aten_range_out_cpu,/home/arjaiswal/Polygeist/issues/aten_c_kernels/results/aten_range_out_cpu/debuf.mlir,396aa26eac4e8a34b276b0fa679ac2f71d692d6c68ba3311b733918b6b01a469,egglog,5,ok,0,1757.8801400959492,0,"[""/usr/bin/python3"", ""/home/arjaiswal/Polygeist/scripts/correctness/kernel_match_rewrite.py"", ""/home/arjaiswal/Polygeist/issues/aten_c_kernels/results/aten_range_out_cpu/debuf.mlir"", ""--dry-run"", ""--matcher-mode"", ""egglog"", ""--telemetry-json"", ""/home/arjaiswal/Polygeist/issues/equality_saturation_eval/campaign_20260908/aten-aten_range_out_cpu-egglog-64a7vafp.json"", ""--disable-semantic-fallback""]","== match report for /home/arjaiswal/Polygeist/issues/aten_c_kernels/results/aten_range_out_cpu/debuf.mlir ==
  no_match       body#0  ?
  total: 0 matched / 1 bodies
",0,[],0,0,0,0,/home/arjaiswal/Polygeist/issues/aten_c_kernels/results/aten_range_out_cpu/debuf.mlir,1843,8,1,0,718.620739877224,1,64860,0.0,0,0,0,0,[],0,0,0,0.0,4
aten,aten_reciprocal,/home/arjaiswal/Polygeist/issues/aten_c_kernels/results/aten_reciprocal/debuf.mlir,3bbfc1b13dbe25258659d92748d31cb5559fe6b3d96f470a60ce926fd6e8ec0b,egglog,1,ok,0,1281.5211676061153,0,"[""/usr/bin/python3"", ""/home/arjaiswal/Polygeist/scripts/correctness/kernel_match_rewrite.py"", ""/home/arjaiswal/Polygeist/issues/aten_c_kernels/results/aten_reciprocal/debuf.mlir"", ""--dry-run"", ""--matcher-mode"", ""egglog"", ""--telemetry-json"", ""/home/arjaiswal/Polygeist/issues/equality_saturation_eval/campaign_20260908/aten-aten_reciprocal-egglog-5mgkijyi.json"", ""--disable-semantic-fallback""]","== match report for /home/arjaiswal/Polygeist/issues/aten_c_kernels/results/aten_reciprocal/debuf.mlir ==
  match          body#[0]  cutensorUnary_reciprocal_f32
  total: 1 matched / 1 bodies
",0,[],0,0,0,0,/home/arjaiswal/Polygeist/issues/aten_c_kernels/results/aten_reciprocal/debuf.mlir,1820,8,1,1,505.8591403067112,0,68180,29.523171484470367,2,2,0,0,"[{""body_indices"": [0], ""symbol"": ""cutensorUnary_reciprocal_f32""}]",1,0,0,0.0,38
aten,aten_reciprocal,/home/arjaiswal/Polygeist/issues/aten_c_kernels/results/aten_reciprocal/debuf.mlir,3bbfc1b13dbe25258659d92748d31cb5559fe6b3d96f470a60ce926fd6e8ec0b,syntactic,1,ok,0,912.0517894625664,0,"[""/usr/bin/python3"", ""/home/arjaiswal/Polygeist/scripts/correctness/kernel_match_rewrite.py"", ""/home/arjaiswal/Polygeist/issues/aten_c_kernels/results/aten_reciprocal/debuf.mlir"", ""--dry-run"", ""--matcher-mode"", ""syntactic"", ""--telemetry-json"", ""/home/arjaiswal/Polygeist/issues/equality_saturation_eval/campaign_20260908/aten-aten_reciprocal-syntactic-xd5e9z79.json"", ""--disable-semantic-fallback""]","== match report for /home/arjaiswal/Polygeist/issues/aten_c_kernels/results/aten_reciprocal/debuf.mlir ==
  match          body#[0]  cutensorUnary_reciprocal_f32
  total: 1 matched / 1 bodies
",0,[],0,0,0,0,/home/arjaiswal/Polygeist/issues/aten_c_kernels/results/aten_reciprocal/debuf.mlir,1820,0,1,1,395.71088552474976,0,65584,0.11256709694862366,0,2,0,0,"[{""body_indices"": [0], ""symbol"": ""cutensorUnary_reciprocal_f32""}]",1,0,38,0.0,38
aten,aten_reciprocal,/home/arjaiswal/Polygeist/issues/aten_c_kernels/results/aten_reciprocal/debuf.mlir,3bbfc1b13dbe25258659d92748d31cb5559fe6b3d96f470a60ce926fd6e8ec0b,syntactic,2,ok,0,1876.2900605797768,0,"[""/usr/bin/python3"", ""/home/arjaiswal/Polygeist/scripts/correctness/kernel_match_rewrite.py"", ""/home/arjaiswal/Polygeist/issues/aten_c_kernels/results/aten_reciprocal/debuf.mlir"", ""--dry-run"", ""--matcher-mode"", ""syntactic"", ""--telemetry-json"", ""/home/arjaiswal/Polygeist/issues/equality_saturation_eval/campaign_20260908/aten-aten_reciprocal-syntactic-iv5mg311.json"", ""--disable-semantic-fallback""]","== match report for /home/arjaiswal/Polygeist/issues/aten_c_kernels/results/aten_reciprocal/debuf.mlir ==
  match          body#[0]  cutensorUnary_reciprocal_f32
  total: 1 matched / 1 bodies
",0,[],0,0,0,0,/home/arjaiswal/Polygeist/issues/aten_c_kernels/results/aten_reciprocal/debuf.mlir,1820,0,1,1,855.8740988373756,0,65428,0.13534724712371826,0,2,0,0,"[{""body_indices"": [0], ""symbol"": ""cutensorUnary_reciprocal_f32""}]",1,0,38,0.0,38
aten,aten_reciprocal,/home/arjaiswal/Polygeist/issues/aten_c_kernels/results/aten_reciprocal/debuf.mlir,3bbfc1b13dbe25258659d92748d31cb5559fe6b3d96f470a60ce926fd6e8ec0b,egglog,2,ok,0,1722.2979441285133,0,"[""/usr/bin/python3"", ""/home/arjaiswal/Polygeist/scripts/correctness/kernel_match_rewrite.py"", ""/home/arjaiswal/Polygeist/issues/aten_c_kernels/results/aten_reciprocal/debuf.mlir"", ""--dry-run"", ""--matcher-mode"", ""egglog"", ""--telemetry-json"", ""/home/arjaiswal/Polygeist/issues/equality_saturation_eval/campaign_20260908/aten-aten_reciprocal-egglog-gr3q52wh.json"", ""--disable-semantic-fallback""]","== match report for /home/arjaiswal/Polygeist/issues/aten_c_kernels/results/aten_reciprocal/debuf.mlir ==
  match          body#[0]  cutensorUnary_reciprocal_f32
  total: 1 matched / 1 bodies
",0,[],0,0,0,0,/home/arjaiswal/Polygeist/issues/aten_c_kernels/results/aten_reciprocal/debuf.mlir,1820,8,1,1,727.5046221911907,0,68272,23.88908341526985,2,2,0,0,"[{""body_indices"": [0], ""symbol"": ""cutensorUnary_reciprocal_f32""}]",1,0,0,0.0,38
aten,aten_reciprocal,/home/arjaiswal/Polygeist/issues/aten_c_kernels/results/aten_reciprocal/debuf.mlir,3bbfc1b13dbe25258659d92748d31cb5559fe6b3d96f470a60ce926fd6e8ec0b,egglog,3,ok,0,1213.334310799837,0,"[""/usr/bin/python3"", ""/home/arjaiswal/Polygeist/scripts/correctness/kernel_match_rewrite.py"", ""/home/arjaiswal/Polygeist/issues/aten_c_kernels/results/aten_reciprocal/debuf.mlir"", ""--dry-run"", ""--matcher-mode"", ""egglog"", ""--telemetry-json"", ""/home/arjaiswal/Polygeist/issues/equality_saturation_eval/campaign_20260908/aten-aten_reciprocal-egglog-74t_0l_g.json"", ""--disable-semantic-fallback""]","== match report for /home/arjaiswal/Polygeist/issues/aten_c_kernels/results/aten_reciprocal/debuf.mlir ==
  match          body#[0]  cutensorUnary_reciprocal_f32
  total: 1 matched / 1 bodies
",0,[],0,0,0,0,/home/arjaiswal/Polygeist/issues/aten_c_kernels/results/aten_reciprocal/debuf.mlir,1820,8,1,1,599.3141941726208,0,68124,81.05099573731422,2,2,0,0,"[{""body_indices"": [0], ""symbol"": ""cutensorUnary_reciprocal_f32""}]",1,0,0,0.0,38
aten,aten_reciprocal,/home/arjaiswal/Polygeist/issues/aten_c_kernels/results/aten_reciprocal/debuf.mlir,3bbfc1b13dbe25258659d92748d31cb5559fe6b3d96f470a60ce926fd6e8ec0b,syntactic,3,ok,0,1015.3360702097416,0,"[""/usr/bin/python3"", ""/home/arjaiswal/Polygeist/scripts/correctness/kernel_match_rewrite.py"", ""/home/arjaiswal/Polygeist/issues/aten_c_kernels/results/aten_reciprocal/debuf.mlir"", ""--dry-run"", ""--matcher-mode"", ""syntactic"", ""--telemetry-json"", ""/home/arjaiswal/Polygeist/issues/equality_saturation_eval/campaign_20260908/aten-aten_reciprocal-syntactic-3xtk3qhg.json"", ""--disable-semantic-fallback""]","== match report for /home/arjaiswal/Polygeist/issues/aten_c_kernels/results/aten_reciprocal/debuf.mlir ==
  match          body#[0]  cutensorUnary_reciprocal_f32
  total: 1 matched / 1 bodies
",0,[],0,0,0,0,/home/arjaiswal/Polygeist/issues/aten_c_kernels/results/aten_reciprocal/debuf.mlir,1820,0,1,1,395.6412374973297,0,65804,0.12172013521194458,0,2,0,0,"[{""body_indices"": [0], ""symbol"": ""cutensorUnary_reciprocal_f32""}]",1,0,38,0.0,38
aten,aten_reciprocal,/home/arjaiswal/Polygeist/issues/aten_c_kernels/results/aten_reciprocal/debuf.mlir,3bbfc1b13dbe25258659d92748d31cb5559fe6b3d96f470a60ce926fd6e8ec0b,syntactic,4,ok,0,944.6388594806194,0,"[""/usr/bin/python3"", ""/home/arjaiswal/Polygeist/scripts/correctness/kernel_match_rewrite.py"", ""/home/arjaiswal/Polygeist/issues/aten_c_kernels/results/aten_reciprocal/debuf.mlir"", ""--dry-run"", ""--matcher-mode"", ""syntactic"", ""--telemetry-json"", ""/home/arjaiswal/Polygeist/issues/equality_saturation_eval/campaign_20260908/aten-aten_reciprocal-syntactic-ch8q8ta_.json"", ""--disable-semantic-fallback""]","== match report for /home/arjaiswal/Polygeist/issues/aten_c_kernels/results/aten_reciprocal/debuf.mlir ==
  match          body#[0]  cutensorUnary_reciprocal_f32
  total: 1 matched / 1 bodies
",0,[],0,0,0,0,/home/arjaiswal/Polygeist/issues/aten_c_kernels/results/aten_reciprocal/debuf.mlir,1820,0,1,1,437.57738918066025,0,65640,0.11535361409187317,0,2,0,0,"[{""body_indices"": [0], ""symbol"": ""cutensorUnary_reciprocal_f32""}]",1,0,38,0.0,38
aten,aten_reciprocal,/home/arjaiswal/Polygeist/issues/aten_c_kernels/results/aten_reciprocal/debuf.mlir,3bbfc1b13dbe25258659d92748d31cb5559fe6b3d96f470a60ce926fd6e8ec0b,egglog,4,ok,0,1165.5206270515919,0,"[""/usr/bin/python3"", ""/home/arjaiswal/Polygeist/scripts/correctness/kernel_match_rewrite.py"", ""/home/arjaiswal/Polygeist/issues/aten_c_kernels/results/aten_reciprocal/debuf.mlir"", ""--dry-run"", ""--matcher-mode"", ""egglog"", ""--telemetry-json"", ""/home/arjaiswal/Polygeist/issues/equality_saturation_eval/campaign_20260908/aten-aten_reciprocal-egglog-x684az1g.json"", ""--disable-semantic-fallback""]","== match report for /home/arjaiswal/Polygeist/issues/aten_c_kernels/results/aten_reciprocal/debuf.mlir ==
  match          body#[0]  cutensorUnary_reciprocal_f32
  total: 1 matched / 1 bodies
",0,[],0,0,0,0,/home/arjaiswal/Polygeist/issues/aten_c_kernels/results/aten_reciprocal/debuf.mlir,1820,8,1,1,622.2030371427536,0,68240,28.37900072336197,2,2,0,0,"[{""body_indices"": [0], ""symbol"": ""cutensorUnary_reciprocal_f32""}]",1,0,0,0.0,38
aten,aten_reciprocal,/home/arjaiswal/Polygeist/issues/aten_c_kernels/results/aten_reciprocal/debuf.mlir,3bbfc1b13dbe25258659d92748d31cb5559fe6b3d96f470a60ce926fd6e8ec0b,egglog,5,ok,0,1893.0292762815952,0,"[""/usr/bin/python3"", ""/home/arjaiswal/Polygeist/scripts/correctness/kernel_match_rewrite.py"", ""/home/arjaiswal/Polygeist/issues/aten_c_kernels/results/aten_reciprocal/debuf.mlir"", ""--dry-run"", ""--matcher-mode"", ""egglog"", ""--telemetry-json"", ""/home/arjaiswal/Polygeist/issues/equality_saturation_eval/campaign_20260908/aten-aten_reciprocal-egglog-pa391v2y.json"", ""--disable-semantic-fallback""]","== match report for /home/arjaiswal/Polygeist/issues/aten_c_kernels/results/aten_reciprocal/debuf.mlir ==
  match          body#[0]  cutensorUnary_reciprocal_f32
  total: 1 matched / 1 bodies
",0,[],0,0,0,0,/home/arjaiswal/Polygeist/issues/aten_c_kernels/results/aten_reciprocal/debuf.mlir,1820,8,1,1,693.486925214529,0,68272,22.906742990016937,2,2,0,0,"[{""body_indices"": [0], ""symbol"": ""cutensorUnary_reciprocal_f32""}]",1,0,0,0.0,38
aten,aten_reciprocal,/home/arjaiswal/Polygeist/issues/aten_c_kernels/results/aten_reciprocal/debuf.mlir,3bbfc1b13dbe25258659d92748d31cb5559fe6b3d96f470a60ce926fd6e8ec0b,syntactic,5,ok,0,1145.688772201538,0,"[""/usr/bin/python3"", ""/home/arjaiswal/Polygeist/scripts/correctness/kernel_match_rewrite.py"", ""/home/arjaiswal/Polygeist/issues/aten_c_kernels/results/aten_reciprocal/debuf.mlir"", ""--dry-run"", ""--matcher-mode"", ""syntactic"", ""--telemetry-json"", ""/home/arjaiswal/Polygeist/issues/equality_saturation_eval/campaign_20260908/aten-aten_reciprocal-syntactic-binz6vt6.json"", ""--disable-semantic-fallback""]","== match report for /home/arjaiswal/Polygeist/issues/aten_c_kernels/results/aten_reciprocal/debuf.mlir ==
  match          body#[0]  cutensorUnary_reciprocal_f32
  total: 1 matched / 1 bodies
",0,[],0,0,0,0,/home/arjaiswal/Polygeist/issues/aten_c_kernels/results/aten_reciprocal/debuf.mlir,1820,0,1,1,581.7921347916126,0,65588,0.13865530490875244,0,2,0,0,"[{""body_indices"": [0], ""symbol"": ""cutensorUnary_reciprocal_f32""}]",1,0,38,0.0,38
aten,aten_reflect_conj_tri_cpu,/home/arjaiswal/Polygeist/issues/aten_c_kernels/results/aten_reflect_conj_tri_cpu/debuf.mlir,14e6315e51a7001145837876d9c1562f2bbf17b6f50ed38f239b2e69f55d96e7,syntactic,1,ok,0,2228.9354540407658,0,"[""/usr/bin/python3"", ""/home/arjaiswal/Polygeist/scripts/correctness/kernel_match_rewrite.py"", ""/home/arjaiswal/Polygeist/issues/aten_c_kernels/results/aten_reflect_conj_tri_cpu/debuf.mlir"", ""--dry-run"", ""--matcher-mode"", ""syntactic"", ""--telemetry-json"", ""/home/arjaiswal/Polygeist/issues/equality_saturation_eval/campaign_20260908/aten-aten_reflect_conj_tri_cpu-syntactic-_tg3uik3.json"", ""--disable-semantic-fallback""]","== match report for /home/arjaiswal/Polygeist/issues/aten_c_kernels/results/aten_reflect_conj_tri_cpu/debuf.mlir ==
  no_match       body#0  ?
  no_match       body#1  ?
  total: 0 matched / 2 bodies
",0,[],0,0,0,0,/home/arjaiswal/Polygeist/issues/aten_c_kernels/results/aten_reflect_conj_tri_cpu/debuf.mlir,3490,0,2,0,1305.046956986189,2,66100,0.415995717048645,0,0,0,0,[],0,0,104,0.0,104
aten,aten_reflect_conj_tri_cpu,/home/arjaiswal/Polygeist/issues/aten_c_kernels/results/aten_reflect_conj_tri_cpu/debuf.mlir,14e6315e51a7001145837876d9c1562f2bbf17b6f50ed38f239b2e69f55d96e7,egglog,1,ok,0,2467.3738852143288,0,"[""/usr/bin/python3"", ""/home/arjaiswal/Polygeist/scripts/correctness/kernel_match_rewrite.py"", ""/home/arjaiswal/Polygeist/issues/aten_c_kernels/results/aten_reflect_conj_tri_cpu/debuf.mlir"", ""--dry-run"", ""--matcher-mode"", ""egglog"", ""--telemetry-json"", ""/home/arjaiswal/Polygeist/issues/equality_saturation_eval/campaign_20260908/aten-aten_reflect_conj_tri_cpu-egglog-zyk14esc.json"", ""--disable-semantic-fallback""]","== match report for /home/arjaiswal/Polygeist/issues/aten_c_kernels/results/aten_reflect_conj_tri_cpu/debuf.mlir ==
  no_match       body#0  ?
  no_match       body#1  ?
  total: 0 matched / 2 bodies
",0,[],0,0,0,0,/home/arjaiswal/Polygeist/issues/aten_c_kernels/results/aten_reflect_conj_tri_cpu/debuf.mlir,3490,8,2,0,1761.4415362477303,2,66248,0.0,0,0,0,0,[],0,0,0,0.0,104
aten,aten_reflect_conj_tri_cpu,/home/arjaiswal/Polygeist/issues/aten_c_kernels/results/aten_reflect_conj_tri_cpu/debuf.mlir,14e6315e51a7001145837876d9c1562f2bbf17b6f50ed38f239b2e69f55d96e7,egglog,2,ok,0,2746.1269684135914,0,"[""/usr/bin/python3"", ""/home/arjaiswal/Polygeist/scripts/correctness/kernel_match_rewrite.py"", ""/home/arjaiswal/Polygeist/issues/aten_c_kernels/results/aten_reflect_conj_tri_cpu/debuf.mlir"", ""--dry-run"", ""--matcher-mode"", ""egglog"", ""--telemetry-json"", ""/home/arjaiswal/Polygeist/issues/equality_saturation_eval/campaign_20260908/aten-aten_reflect_conj_tri_cpu-egglog-y9nusvy6.json"", ""--disable-semantic-fallback""]","== match report for /home/arjaiswal/Polygeist/issues/aten_c_kernels/results/aten_reflect_conj_tri_cpu/debuf.mlir ==
  no_match       body#0  ?
  no_match       body#1  ?
  total: 0 matched / 2 bodies
",0,[],0,0,0,0,/home/arjaiswal/Polygeist/issues/aten_c_kernels/results/aten_reflect_conj_tri_cpu/debuf.mlir,3490,8,2,0,1432.8869953751564,2,65988,0.0,0,0,0,0,[],0,0,0,0.0,104
aten,aten_reflect_conj_tri_cpu,/home/arjaiswal/Polygeist/issues/aten_c_kernels/results/aten_reflect_conj_tri_cpu/debuf.mlir,14e6315e51a7001145837876d9c1562f2bbf17b6f50ed38f239b2e69f55d96e7,syntactic,2,ok,0,1305.6233748793602,0,"[""/usr/bin/python3"", ""/home/arjaiswal/Polygeist/scripts/correctness/kernel_match_rewrite.py"", ""/home/arjaiswal/Polygeist/issues/aten_c_kernels/results/aten_reflect_conj_tri_cpu/debuf.mlir"", ""--dry-run"", ""--matcher-mode"", ""syntactic"", ""--telemetry-json"", ""/home/arjaiswal/Polygeist/issues/equality_saturation_eval/campaign_20260908/aten-aten_reflect_conj_tri_cpu-syntactic-a5a8ub8t.json"", ""--disable-semantic-fallback""]","== match report for /home/arjaiswal/Polygeist/issues/aten_c_kernels/results/aten_reflect_conj_tri_cpu/debuf.mlir ==
  no_match       body#0  ?
  no_match       body#1  ?
  total: 0 matched / 2 bodies
",0,[],0,0,0,0,/home/arjaiswal/Polygeist/issues/aten_c_kernels/results/aten_reflect_conj_tri_cpu/debuf.mlir,3490,0,2,0,800.4315458238125,2,65924,0.3762170672416687,0,0,0,0,[],0,0,104,0.0,104
aten,aten_reflect_conj_tri_cpu,/home/arjaiswal/Polygeist/issues/aten_c_kernels/results/aten_reflect_conj_tri_cpu/debuf.mlir,14e6315e51a7001145837876d9c1562f2bbf17b6f50ed38f239b2e69f55d96e7,syntactic,3,ok,0,2181.090325117111,0,"[""/usr/bin/python3"", ""/home/arjaiswal/Polygeist/scripts/correctness/kernel_match_rewrite.py"", ""/home/arjaiswal/Polygeist/issues/aten_c_kernels/results/aten_reflect_conj_tri_cpu/debuf.mlir"", ""--dry-run"", ""--matcher-mode"", ""syntactic"", ""--telemetry-json"", ""/home/arjaiswal/Polygeist/issues/equality_saturation_eval/campaign_20260908/aten-aten_reflect_conj_tri_cpu-syntactic-mjcbmfbn.json"", ""--disable-semantic-fallback""]","== match report for /home/arjaiswal/Polygeist/issues/aten_c_kernels/results/aten_reflect_conj_tri_cpu/debuf.mlir ==
  no_match       body#0  ?
  no_match       body#1  ?
  total: 0 matched / 2 bodies
",0,[],0,0,0,0,/home/arjaiswal/Polygeist/issues/aten_c_kernels/results/aten_reflect_conj_tri_cpu/debuf.mlir,3490,0,2,0,1297.0645241439342,2,65900,1.4743991196155548,0,0,0,0,[],0,0,104,0.0,104
aten,aten_reflect_conj_tri_cpu,/home/arjaiswal/Polygeist/issues/aten_c_kernels/results/aten_reflect_conj_tri_cpu/debuf.mlir,14e6315e51a7001145837876d9c1562f2bbf17b6f50ed38f239b2e69f55d96e7,egglog,3,ok,0,1622.07006290555,0,"[""/usr/bin/python3"", ""/home/arjaiswal/Polygeist/scripts/correctness/kernel_match_rewrite.py"", ""/home/arjaiswal/Polygeist/issues/aten_c_kernels/results/aten_reflect_conj_tri_cpu/debuf.mlir"", ""--dry-run"", ""--matcher-mode"", ""egglog"", ""--telemetry-json"", ""/home/arjaiswal/Polygeist/issues/equality_saturation_eval/campaign_20260908/aten-aten_reflect_conj_tri_cpu-egglog-3bsw2lxx.json"", ""--disable-semantic-fallback""]","== match report for /home/arjaiswal/Polygeist/issues/aten_c_kernels/results/aten_reflect_conj_tri_cpu/debuf.mlir ==
  no_match       body#0  ?
  no_match       body#1  ?
  total: 0 matched / 2 bodies
",0,[],0,0,0,0,/home/arjaiswal/Polygeist/issues/aten_c_kernels/results/aten_reflect_conj_tri_cpu/debuf.mlir,3490,8,2,0,1083.4555439651012,2,66320,0.0,0,0,0,0,[],0,0,0,0.0,104
aten,aten_reflect_conj_tri_cpu,/home/arjaiswal/Polygeist/issues/aten_c_kernels/results/aten_reflect_conj_tri_cpu/debuf.mlir,14e6315e51a7001145837876d9c1562f2bbf17b6f50ed38f239b2e69f55d96e7,egglog,4,ok,0,1388.7823782861233,0,"[""/usr/bin/python3"", ""/home/arjaiswal/Polygeist/scripts/correctness/kernel_match_rewrite.py"", ""/home/arjaiswal/Polygeist/issues/aten_c_kernels/results/aten_reflect_conj_tri_cpu/debuf.mlir"", ""--dry-run"", ""--matcher-mode"", ""egglog"", ""--telemetry-json"", ""/home/arjaiswal/Polygeist/issues/equality_saturation_eval/campaign_20260908/aten-aten_reflect_conj_tri_cpu-egglog-ssl7q1p7.json"", ""--disable-semantic-fallback""]","== match report for /home/arjaiswal/Polygeist/issues/aten_c_kernels/results/aten_reflect_conj_tri_cpu/debuf.mlir ==
  no_match       body#0  ?
  no_match       body#1  ?
  total: 0 matched / 2 bodies
",0,[],0,0,0,0,/home/arjaiswal/Polygeist/issues/aten_c_kernels/results/aten_reflect_conj_tri_cpu/debuf.mlir,3490,8,2,0,887.9876546561718,2,66272,0.0,0,0,0,0,[],0,0,0,0.0,104
aten,aten_reflect_conj_tri_cpu,/home/arjaiswal/Polygeist/issues/aten_c_kernels/results/aten_reflect_conj_tri_cpu/debuf.mlir,14e6315e51a7001145837876d9c1562f2bbf17b6f50ed38f239b2e69f55d96e7,syntactic,4,ok,0,1831.5672539174557,0,"[""/usr/bin/python3"", ""/home/arjaiswal/Polygeist/scripts/correctness/kernel_match_rewrite.py"", ""/home/arjaiswal/Polygeist/issues/aten_c_kernels/results/aten_reflect_conj_tri_cpu/debuf.mlir"", ""--dry-run"", ""--matcher-mode"", ""syntactic"", ""--telemetry-json"", ""/home/arjaiswal/Polygeist/issues/equality_saturation_eval/campaign_20260908/aten-aten_reflect_conj_tri_cpu-syntactic-930m16ku.json"", ""--disable-semantic-fallback""]","== match report for /home/arjaiswal/Polygeist/issues/aten_c_kernels/results/aten_reflect_conj_tri_cpu/debuf.mlir ==
  no_match       body#0  ?
  no_match       body#1  ?
  total: 0 matched / 2 bodies
",0,[],0,0,0,0,/home/arjaiswal/Polygeist/issues/aten_c_kernels/results/aten_reflect_conj_tri_cpu/debuf.mlir,3490,0,2,0,1328.4627236425877,2,66252,0.46268850564956665,0,0,0,0,[],0,0,104,0.0,104
aten,aten_reflect_conj_tri_cpu,/home/arjaiswal/Polygeist/issues/aten_c_kernels/results/aten_reflect_conj_tri_cpu/debuf.mlir,14e6315e51a7001145837876d9c1562f2bbf17b6f50ed38f239b2e69f55d96e7,syntactic,5,ok,0,3025.3054164350033,0,"[""/usr/bin/python3"", ""/home/arjaiswal/Polygeist/scripts/correctness/kernel_match_rewrite.py"", ""/home/arjaiswal/Polygeist/issues/aten_c_kernels/results/aten_reflect_conj_tri_cpu/debuf.mlir"", ""--dry-run"", ""--matcher-mode"", ""syntactic"", ""--telemetry-json"", ""/home/arjaiswal/Polygeist/issues/equality_saturation_eval/campaign_20260908/aten-aten_reflect_conj_tri_cpu-syntactic-kypuhk37.json"", ""--disable-semantic-fallback""]","== match report for /home/arjaiswal/Polygeist/issues/aten_c_kernels/results/aten_reflect_conj_tri_cpu/debuf.mlir ==
  no_match       body#0  ?
  no_match       body#1  ?
  total: 0 matched / 2 bodies
",0,[],0,0,0,0,/home/arjaiswal/Polygeist/issues/aten_c_kernels/results/aten_reflect_conj_tri_cpu/debuf.mlir,3490,0,2,0,2184.105332940817,2,66272,0.4605725407600403,0,0,0,0,[],0,0,104,0.0,104
aten,aten_reflect_conj_tri_cpu,/home/arjaiswal/Polygeist/issues/aten_c_kernels/results/aten_reflect_conj_tri_cpu/debuf.mlir,14e6315e51a7001145837876d9c1562f2bbf17b6f50ed38f239b2e69f55d96e7,egglog,5,ok,0,2961.1400812864304,0,"[""/usr/bin/python3"", ""/home/arjaiswal/Polygeist/scripts/correctness/kernel_match_rewrite.py"", ""/home/arjaiswal/Polygeist/issues/aten_c_kernels/results/aten_reflect_conj_tri_cpu/debuf.mlir"", ""--dry-run"", ""--matcher-mode"", ""egglog"", ""--telemetry-json"", ""/home/arjaiswal/Polygeist/issues/equality_saturation_eval/campaign_20260908/aten-aten_reflect_conj_tri_cpu-egglog-j9k4s0bo.json"", ""--disable-semantic-fallback""]","== match report for /home/arjaiswal/Polygeist/issues/aten_c_kernels/results/aten_reflect_conj_tri_cpu/debuf.mlir ==
  no_match       body#0  ?
  no_match       body#1  ?
  total: 0 matched / 2 bodies
",0,[],0,0,0,0,/home/arjaiswal/Polygeist/issues/aten_c_kernels/results/aten_reflect_conj_tri_cpu/debuf.mlir,3490,8,2,0,1896.9623669981956,2,66196,0.0,0,0,0,0,[],0,0,0,0.0,104
aten,aten_reflection_pad1d_backward_cpu,/home/arjaiswal/Polygeist/issues/aten_c_kernels/results/aten_reflection_pad1d_backward_cpu/debuf.mlir,db15d224bc2a7c8b35dbe405a70a02e66d08c7f354e13e1076b74f4750ea1850,egglog,1,ok,0,2351.2842655181885,0,"[""/usr/bin/python3"", ""/home/arjaiswal/Polygeist/scripts/correctness/kernel_match_rewrite.py"", ""/home/arjaiswal/Polygeist/issues/aten_c_kernels/results/aten_reflection_pad1d_backward_cpu/debuf.mlir"", ""--dry-run"", ""--matcher-mode"", ""egglog"", ""--telemetry-json"", ""/home/arjaiswal/Polygeist/issues/equality_saturation_eval/campaign_20260908/aten-aten_reflection_pad1d_backward_cpu-egglog-0a25mgrb.json"", ""--disable-semantic-fallback""]","== match report for /home/arjaiswal/Polygeist/issues/aten_c_kernels/results/aten_reflection_pad1d_backward_cpu/debuf.mlir ==
  match          body#[0]  memset_zero_1D_f32
  total: 1 matched / 1 bodies
",0,[],0,0,0,0,/home/arjaiswal/Polygeist/issues/aten_c_kernels/results/aten_reflection_pad1d_backward_cpu/debuf.mlir,3178,8,1,1,664.8192703723907,0,69672,44.817157089710236,2,2,0,0,"[{""body_indices"": [0], ""symbol"": ""memset_zero_1D_f32""}]",1,0,0,0.0,4
aten,aten_reflection_pad1d_backward_cpu,/home/arjaiswal/Polygeist/issues/aten_c_kernels/results/aten_reflection_pad1d_backward_cpu/debuf.mlir,db15d224bc2a7c8b35dbe405a70a02e66d08c7f354e13e1076b74f4750ea1850,syntactic,1,ok,0,879.1608177125454,0,"[""/usr/bin/python3"", ""/home/arjaiswal/Polygeist/scripts/correctness/kernel_match_rewrite.py"", ""/home/arjaiswal/Polygeist/issues/aten_c_kernels/results/aten_reflection_pad1d_backward_cpu/debuf.mlir"", ""--dry-run"", ""--matcher-mode"", ""syntactic"", ""--telemetry-json"", ""/home/arjaiswal/Polygeist/issues/equality_saturation_eval/campaign_20260908/aten-aten_reflection_pad1d_backward_cpu-syntactic-ezyhwafq.json"", ""--disable-semantic-fallback""]","== match report for /home/arjaiswal/Polygeist/issues/aten_c_kernels/results/aten_reflection_pad1d_backward_cpu/debuf.mlir ==
  match          body#[0]  memset_zero_1D_f32
  total: 1 matched / 1 bodies
",0,[],0,0,0,0,/home/arjaiswal/Polygeist/issues/aten_c_kernels/results/aten_reflection_pad1d_backward_cpu/debuf.mlir,3178,0,1,1,304.93490770459175,0,64772,0.01920759677886963,0,2,0,0,"[{""body_indices"": [0], ""symbol"": ""memset_zero_1D_f32""}]",1,0,4,0.0,4
aten,aten_reflection_pad1d_backward_cpu,/home/arjaiswal/Polygeist/issues/aten_c_kernels/results/aten_reflection_pad1d_backward_cpu/debuf.mlir,db15d224bc2a7c8b35dbe405a70a02e66d08c7f354e13e1076b74f4750ea1850,syntactic,2,ok,0,827.3395113646984,0,"[""/usr/bin/python3"", ""/home/arjaiswal/Polygeist/scripts/correctness/kernel_match_rewrite.py"", ""/home/arjaiswal/Polygeist/issues/aten_c_kernels/results/aten_reflection_pad1d_backward_cpu/debuf.mlir"", ""--dry-run"", ""--matcher-mode"", ""syntactic"", ""--telemetry-json"", ""/home/arjaiswal/Polygeist/issues/equality_saturation_eval/campaign_20260908/aten-aten_reflection_pad1d_backward_cpu-syntactic-0psvnstm.json"", ""--disable-semantic-fallback""]","== match report for /home/arjaiswal/Polygeist/issues/aten_c_kernels/results/aten_reflection_pad1d_backward_cpu/debuf.mlir ==
  match          body#[0]  memset_zero_1D_f32
  total: 1 matched / 1 bodies
",0,[],0,0,0,0,/home/arjaiswal/Polygeist/issues/aten_c_kernels/results/aten_reflection_pad1d_backward_cpu/debuf.mlir,3178,0,1,1,295.9218919277191,0,64544,0.019758939743041992,0,2,0,0,"[{""body_indices"": [0], ""symbol"": ""memset_zero_1D_f32""}]",1,0,4,0.0,4
aten,aten_reflection_pad1d_backward_cpu,/home/arjaiswal/Polygeist/issues/aten_c_kernels/results/aten_reflection_pad1d_backward_cpu/debuf.mlir,db15d224bc2a7c8b35dbe405a70a02e66d08c7f354e13e1076b74f4750ea1850,egglog,2,ok,0,1377.3573637008667,0,"[""/usr/bin/python3"", ""/home/arjaiswal/Polygeist/scripts/correctness/kernel_match_rewrite.py"", ""/home/arjaiswal/Polygeist/issues/aten_c_kernels/results/aten_reflection_pad1d_backward_cpu/debuf.mlir"", ""--dry-run"", ""--matcher-mode"", ""egglog"", ""--telemetry-json"", ""/home/arjaiswal/Polygeist/issues/equality_saturation_eval/campaign_20260908/aten-aten_reflection_pad1d_backward_cpu-egglog-ktyod_09.json"", ""--disable-semantic-fallback""]","== match report for /home/arjaiswal/Polygeist/issues/aten_c_kernels/results/aten_reflection_pad1d_backward_cpu/debuf.mlir ==
  match          body#[0]  memset_zero_1D_f32
  total: 1 matched / 1 bodies
",0,[],0,0,0,0,/home/arjaiswal/Polygeist/issues/aten_c_kernels/results/aten_reflection_pad1d_backward_cpu/debuf.mlir,3178,8,1,1,767.3111893236637,0,69420,61.98883801698685,2,2,0,0,"[{""body_indices"": [0], ""symbol"": ""memset_zero_1D_f32""}]",1,0,0,0.0,4
aten,aten_reflection_pad1d_backward_cpu,/home/arjaiswal/Polygeist/issues/aten_c_kernels/results/aten_reflection_pad1d_backward_cpu/debuf.mlir,db15d224bc2a7c8b35dbe405a70a02e66d08c7f354e13e1076b74f4750ea1850,egglog,3,ok,0,3141.1707811057568,0,"[""/usr/bin/python3"", ""/home/arjaiswal/Polygeist/scripts/correctness/kernel_match_rewrite.py"", ""/home/arjaiswal/Polygeist/issues/aten_c_kernels/results/aten_reflection_pad1d_backward_cpu/debuf.mlir"", ""--dry-run"", ""--matcher-mode"", ""egglog"", ""--telemetry-json"", ""/home/arjaiswal/Polygeist/issues/equality_saturation_eval/campaign_20260908/aten-aten_reflection_pad1d_backward_cpu-egglog-lru3mrhm.json"", ""--disable-semantic-fallback""]","== match report for /home/arjaiswal/Polygeist/issues/aten_c_kernels/results/aten_reflection_pad1d_backward_cpu/debuf.mlir ==
  match          body#[0]  memset_zero_1D_f32
  total: 1 matched / 1 bodies
",0,[],0,0,0,0,/home/arjaiswal/Polygeist/issues/aten_c_kernels/results/aten_reflection_pad1d_backward_cpu/debuf.mlir,3178,8,1,1,1275.31947940588,0,69356,68.73195245862007,2,2,0,0,"[{""body_indices"": [0], ""symbol"": ""memset_zero_1D_f32""}]",1,0,0,0.0,4
aten,aten_reflection_pad1d_backward_cpu,/home/arjaiswal/Polygeist/issues/aten_c_kernels/results/aten_reflection_pad1d_backward_cpu/debuf.mlir,db15d224bc2a7c8b35dbe405a70a02e66d08c7f354e13e1076b74f4750ea1850,syntactic,3,ok,0,2079.4054940342903,0,"[""/usr/bin/python3"", ""/home/arjaiswal/Polygeist/scripts/correctness/kernel_match_rewrite.py"", ""/home/arjaiswal/Polygeist/issues/aten_c_kernels/results/aten_reflection_pad1d_backward_cpu/debuf.mlir"", ""--dry-run"", ""--matcher-mode"", ""syntactic"", ""--telemetry-json"", ""/home/arjaiswal/Polygeist/issues/equality_saturation_eval/campaign_20260908/aten-aten_reflection_pad1d_backward_cpu-syntactic-9oys131a.json"", ""--disable-semantic-fallback""]","== match report for /home/arjaiswal/Polygeist/issues/aten_c_kernels/results/aten_reflection_pad1d_backward_cpu/debuf.mlir ==
  match          body#[0]  memset_zero_1D_f32
  total: 1 matched / 1 bodies
",0,[],0,0,0,0,/home/arjaiswal/Polygeist/issues/aten_c_kernels/results/aten_reflection_pad1d_backward_cpu/debuf.mlir,3178,0,1,1,811.4106617867947,0,64724,0.019025057554244995,0,2,0,0,"[{""body_indices"": [0], ""symbol"": ""memset_zero_1D_f32""}]",1,0,4,0.0,4
aten,aten_reflection_pad1d_backward_cpu,/home/arjaiswal/Polygeist/issues/aten_c_kernels/results/aten_reflection_pad1d_backward_cpu/debuf.mlir,db15d224bc2a7c8b35dbe405a70a02e66d08c7f354e13e1076b74f4750ea1850,syntactic,4,ok,0,2410.2424904704094,0,"[""/usr/bin/python3"", ""/home/arjaiswal/Polygeist/scripts/correctness/kernel_match_rewrite.py"", ""/home/arjaiswal/Polygeist/issues/aten_c_kernels/results/aten_reflection_pad1d_backward_cpu/debuf.mlir"", ""--dry-run"", ""--matcher-mode"", ""syntactic"", ""--telemetry-json"", ""/home/arjaiswal/Polygeist/issues/equality_saturation_eval/campaign_20260908/aten-aten_reflection_pad1d_backward_cpu-syntactic-f_vda0lh.json"", ""--disable-semantic-fallback""]","== match report for /home/arjaiswal/Polygeist/issues/aten_c_kernels/results/aten_reflection_pad1d_backward_cpu/debuf.mlir ==
  match          body#[0]  memset_zero_1D_f32
  total: 1 matched / 1 bodies
",0,[],0,0,0,0,/home/arjaiswal/Polygeist/issues/aten_c_kernels/results/aten_reflection_pad1d_backward_cpu/debuf.mlir,3178,0,1,1,988.5148629546165,0,64492,0.021420419216156006,0,2,0,0,"[{""body_indices"": [0], ""symbol"": ""memset_zero_1D_f32""}]",1,0,4,0.0,4
aten,aten_reflection_pad1d_backward_cpu,/home/arjaiswal/Polygeist/issues/aten_c_kernels/results/aten_reflection_pad1d_backward_cpu/debuf.mlir,db15d224bc2a7c8b35dbe405a70a02e66d08c7f354e13e1076b74f4750ea1850,egglog,4,ok,0,2583.3476036787033,0,"[""/usr/bin/python3"", ""/home/arjaiswal/Polygeist/scripts/correctness/kernel_match_rewrite.py"", ""/home/arjaiswal/Polygeist/issues/aten_c_kernels/results/aten_reflection_pad1d_backward_cpu/debuf.mlir"", ""--dry-run"", ""--matcher-mode"", ""egglog"", ""--telemetry-json"", ""/home/arjaiswal/Polygeist/issues/equality_saturation_eval/campaign_20260908/aten-aten_reflection_pad1d_backward_cpu-egglog-x2c3fraj.json"", ""--disable-semantic-fallback""]","== match report for /home/arjaiswal/Polygeist/issues/aten_c_kernels/results/aten_reflection_pad1d_backward_cpu/debuf.mlir ==
  match          body#[0]  memset_zero_1D_f32
  total: 1 matched / 1 bodies
",0,[],0,0,0,0,/home/arjaiswal/Polygeist/issues/aten_c_kernels/results/aten_reflection_pad1d_backward_cpu/debuf.mlir,3178,8,1,1,1144.5877328515053,0,69568,69.00379806756973,2,2,0,0,"[{""body_indices"": [0], ""symbol"": ""memset_zero_1D_f32""}]",1,0,0,0.0,4
aten,aten_reflection_pad1d_backward_cpu,/home/arjaiswal/Polygeist/issues/aten_c_kernels/results/aten_reflection_pad1d_backward_cpu/debuf.mlir,db15d224bc2a7c8b35dbe405a70a02e66d08c7f354e13e1076b74f4750ea1850,egglog,5,ok,0,1563.1182827055454,0,"[""/usr/bin/python3"", ""/home/arjaiswal/Polygeist/scripts/correctness/kernel_match_rewrite.py"", ""/home/arjaiswal/Polygeist/issues/aten_c_kernels/results/aten_reflection_pad1d_backward_cpu/debuf.mlir"", ""--dry-run"", ""--matcher-mode"", ""egglog"", ""--telemetry-json"", ""/home/arjaiswal/Polygeist/issues/equality_saturation_eval/campaign_20260908/aten-aten_reflection_pad1d_backward_cpu-egglog-lj0hd_r0.json"", ""--disable-semantic-fallback""]","== match report for /home/arjaiswal/Polygeist/issues/aten_c_kernels/results/aten_reflection_pad1d_backward_cpu/debuf.mlir ==
  match          body#[0]  memset_zero_1D_f32
  total: 1 matched / 1 bodies
",0,[],0,0,0,0,/home/arjaiswal/Polygeist/issues/aten_c_kernels/results/aten_reflection_pad1d_backward_cpu/debuf.mlir,3178,8,1,1,422.47577384114265,0,69212,22.82046154141426,2,2,0,0,"[{""body_indices"": [0], ""symbol"": ""memset_zero_1D_f32""}]",1,0,0,0.0,4
aten,aten_reflection_pad1d_backward_cpu,/home/arjaiswal/Polygeist/issues/aten_c_kernels/results/aten_reflection_pad1d_backward_cpu/debuf.mlir,db15d224bc2a7c8b35dbe405a70a02e66d08c7f354e13e1076b74f4750ea1850,syntactic,5,ok,0,2331.2209472060204,0,"[""/usr/bin/python3"", ""/home/arjaiswal/Polygeist/scripts/correctness/kernel_match_rewrite.py"", ""/home/arjaiswal/Polygeist/issues/aten_c_kernels/results/aten_reflection_pad1d_backward_cpu/debuf.mlir"", ""--dry-run"", ""--matcher-mode"", ""syntactic"", ""--telemetry-json"", ""/home/arjaiswal/Polygeist/issues/equality_saturation_eval/campaign_20260908/aten-aten_reflection_pad1d_backward_cpu-syntactic-r2ygpold.json"", ""--disable-semantic-fallback""]","== match report for /home/arjaiswal/Polygeist/issues/aten_c_kernels/results/aten_reflection_pad1d_backward_cpu/debuf.mlir ==
  match          body#[0]  memset_zero_1D_f32
  total: 1 matched / 1 bodies
",0,[],0,0,0,0,/home/arjaiswal/Polygeist/issues/aten_c_kernels/results/aten_reflection_pad1d_backward_cpu/debuf.mlir,3178,0,1,1,904.7980755567551,0,64756,0.024199485778808594,0,2,0,0,"[{""body_indices"": [0], ""symbol"": ""memset_zero_1D_f32""}]",1,0,4,0.0,4
aten,aten_reflection_pad1d_cpu,/home/arjaiswal/Polygeist/issues/aten_c_kernels/results/aten_reflection_pad1d_cpu/debuf.mlir,6f82006cf02061043a364ce4ae475c3dfd2519bbdd5880ac7840d7558a8a1cfd,syntactic,1,ok,0,1866.2953488528728,0,"[""/usr/bin/python3"", ""/home/arjaiswal/Polygeist/scripts/correctness/kernel_match_rewrite.py"", ""/home/arjaiswal/Polygeist/issues/aten_c_kernels/results/aten_reflection_pad1d_cpu/debuf.mlir"", ""--dry-run"", ""--matcher-mode"", ""syntactic"", ""--telemetry-json"", ""/home/arjaiswal/Polygeist/issues/equality_saturation_eval/campaign_20260908/aten-aten_reflection_pad1d_cpu-syntactic-4lyfsqx4.json"", ""--disable-semantic-fallback""]","== match report for /home/arjaiswal/Polygeist/issues/aten_c_kernels/results/aten_reflection_pad1d_cpu/debuf.mlir ==
  no_match       body#0  ?
  total: 0 matched / 1 bodies
",0,[],0,0,0,0,/home/arjaiswal/Polygeist/issues/aten_c_kernels/results/aten_reflection_pad1d_cpu/debuf.mlir,2929,0,1,0,644.7691880166531,1,64796,0.021670013666152954,0,0,0,0,[],0,0,4,0.0,4
aten,aten_reflection_pad1d_cpu,/home/arjaiswal/Polygeist/issues/aten_c_kernels/results/aten_reflection_pad1d_cpu/debuf.mlir,6f82006cf02061043a364ce4ae475c3dfd2519bbdd5880ac7840d7558a8a1cfd,egglog,1,ok,0,915.3151027858257,0,"[""/usr/bin/python3"", ""/home/arjaiswal/Polygeist/scripts/correctness/kernel_match_rewrite.py"", ""/home/arjaiswal/Polygeist/issues/aten_c_kernels/results/aten_reflection_pad1d_cpu/debuf.mlir"", ""--dry-run"", ""--matcher-mode"", ""egglog"", ""--telemetry-json"", ""/home/arjaiswal/Polygeist/issues/equality_saturation_eval/campaign_20260908/aten-aten_reflection_pad1d_cpu-egglog-wk7x45yx.json"", ""--disable-semantic-fallback""]","== match report for /home/arjaiswal/Polygeist/issues/aten_c_kernels/results/aten_reflection_pad1d_cpu/debuf.mlir ==
  no_match       body#0  ?
  total: 0 matched / 1 bodies
",0,[],0,0,0,0,/home/arjaiswal/Polygeist/issues/aten_c_kernels/results/aten_reflection_pad1d_cpu/debuf.mlir,2929,8,1,0,293.9361371099949,1,64612,0.0,0,0,0,0,[],0,0,0,0.0,4
aten,aten_reflection_pad1d_cpu,/home/arjaiswal/Polygeist/issues/aten_c_kernels/results/aten_reflection_pad1d_cpu/debuf.mlir,6f82006cf02061043a364ce4ae475c3dfd2519bbdd5880ac7840d7558a8a1cfd,egglog,2,ok,0,781.4700044691563,0,"[""/usr/bin/python3"", ""/home/arjaiswal/Polygeist/scripts/correctness/kernel_match_rewrite.py"", ""/home/arjaiswal/Polygeist/issues/aten_c_kernels/results/aten_reflection_pad1d_cpu/debuf.mlir"", ""--dry-run"", ""--matcher-mode"", ""egglog"", ""--telemetry-json"", ""/home/arjaiswal/Polygeist/issues/equality_saturation_eval/campaign_20260908/aten-aten_reflection_pad1d_cpu-egglog-tam09yok.json"", ""--disable-semantic-fallback""]","== match report for /home/arjaiswal/Polygeist/issues/aten_c_kernels/results/aten_reflection_pad1d_cpu/debuf.mlir ==
  no_match       body#0  ?
  total: 0 matched / 1 bodies
",0,[],0,0,0,0,/home/arjaiswal/Polygeist/issues/aten_c_kernels/results/aten_reflection_pad1d_cpu/debuf.mlir,2929,8,1,0,299.3861474096775,1,64688,0.0,0,0,0,0,[],0,0,0,0.0,4
aten,aten_reflection_pad1d_cpu,/home/arjaiswal/Polygeist/issues/aten_c_kernels/results/aten_reflection_pad1d_cpu/debuf.mlir,6f82006cf02061043a364ce4ae475c3dfd2519bbdd5880ac7840d7558a8a1cfd,syntactic,2,ok,0,770.4995237290859,0,"[""/usr/bin/python3"", ""/home/arjaiswal/Polygeist/scripts/correctness/kernel_match_rewrite.py"", ""/home/arjaiswal/Polygeist/issues/aten_c_kernels/results/aten_reflection_pad1d_cpu/debuf.mlir"", ""--dry-run"", ""--matcher-mode"", ""syntactic"", ""--telemetry-json"", ""/home/arjaiswal/Polygeist/issues/equality_saturation_eval/campaign_20260908/aten-aten_reflection_pad1d_cpu-syntactic-538_9g8b.json"", ""--disable-semantic-fallback""]","== match report for /home/arjaiswal/Polygeist/issues/aten_c_kernels/results/aten_reflection_pad1d_cpu/debuf.mlir ==
  no_match       body#0  ?
  total: 0 matched / 1 bodies
",0,[],0,0,0,0,/home/arjaiswal/Polygeist/issues/aten_c_kernels/results/aten_reflection_pad1d_cpu/debuf.mlir,2929,0,1,0,304.0180094540119,1,64824,0.0193081796169281,0,0,0,0,[],0,0,4,0.0,4
aten,aten_reflection_pad1d_cpu,/home/arjaiswal/Polygeist/issues/aten_c_kernels/results/aten_reflection_pad1d_cpu/debuf.mlir,6f82006cf02061043a364ce4ae475c3dfd2519bbdd5880ac7840d7558a8a1cfd,syntactic,3,ok,0,707.3896341025829,0,"[""/usr/bin/python3"", ""/home/arjaiswal/Polygeist/scripts/correctness/kernel_match_rewrite.py"", ""/home/arjaiswal/Polygeist/issues/aten_c_kernels/results/aten_reflection_pad1d_cpu/debuf.mlir"", ""--dry-run"", ""--matcher-mode"", ""syntactic"", ""--telemetry-json"", ""/home/arjaiswal/Polygeist/issues/equality_saturation_eval/campaign_20260908/aten-aten_reflection_pad1d_cpu-syntactic-3itw8iok.json"", ""--disable-semantic-fallback""]","== match report for /home/arjaiswal/Polygeist/issues/aten_c_kernels/results/aten_reflection_pad1d_cpu/debuf.mlir ==
  no_match       body#0  ?
  total: 0 matched / 1 bodies
",0,[],0,0,0,0,/home/arjaiswal/Polygeist/issues/aten_c_kernels/results/aten_reflection_pad1d_cpu/debuf.mlir,2929,0,1,0,277.7397744357586,1,64848,0.017218291759490967,0,0,0,0,[],0,0,4,0.0,4
aten,aten_reflection_pad1d_cpu,/home/arjaiswal/Polygeist/issues/aten_c_kernels/results/aten_reflection_pad1d_cpu/debuf.mlir,6f82006cf02061043a364ce4ae475c3dfd2519bbdd5880ac7840d7558a8a1cfd,egglog,3,ok,0,735.5555668473244,0,"[""/usr/bin/python3"", ""/home/arjaiswal/Polygeist/scripts/correctness/kernel_match_rewrite.py"", ""/home/arjaiswal/Polygeist/issues/aten_c_kernels/results/aten_reflection_pad1d_cpu/debuf.mlir"", ""--dry-run"", ""--matcher-mode"", ""egglog"", ""--telemetry-json"", ""/home/arjaiswal/Polygeist/issues/equality_saturation_eval/campaign_20260908/aten-aten_reflection_pad1d_cpu-egglog-o2shqs3n.json"", ""--disable-semantic-fallback""]","== match report for /home/arjaiswal/Polygeist/issues/aten_c_kernels/results/aten_reflection_pad1d_cpu/debuf.mlir ==
  no_match       body#0  ?
  total: 0 matched / 1 bodies
",0,[],0,0,0,0,/home/arjaiswal/Polygeist/issues/aten_c_kernels/results/aten_reflection_pad1d_cpu/debuf.mlir,2929,8,1,0,311.1613318324089,1,64400,0.0,0,0,0,0,[],0,0,0,0.0,4
aten,aten_reflection_pad1d_cpu,/home/arjaiswal/Polygeist/issues/aten_c_kernels/results/aten_reflection_pad1d_cpu/debuf.mlir,6f82006cf02061043a364ce4ae475c3dfd2519bbdd5880ac7840d7558a8a1cfd,egglog,4,ok,0,774.4467705488205,0,"[""/usr/bin/python3"", ""/home/arjaiswal/Polygeist/scripts/correctness/kernel_match_rewrite.py"", ""/home/arjaiswal/Polygeist/issues/aten_c_kernels/results/aten_reflection_pad1d_cpu/debuf.mlir"", ""--dry-run"", ""--matcher-mode"", ""egglog"", ""--telemetry-json"", ""/home/arjaiswal/Polygeist/issues/equality_saturation_eval/campaign_20260908/aten-aten_reflection_pad1d_cpu-egglog-bmdk6c38.json"", ""--disable-semantic-fallback""]","== match report for /home/arjaiswal/Polygeist/issues/aten_c_kernels/results/aten_reflection_pad1d_cpu/debuf.mlir ==
  no_match       body#0  ?
  total: 0 matched / 1 bodies
",0,[],0,0,0,0,/home/arjaiswal/Polygeist/issues/aten_c_kernels/results/aten_reflection_pad1d_cpu/debuf.mlir,2929,8,1,0,298.1550879776478,1,64800,0.0,0,0,0,0,[],0,0,0,0.0,4
aten,aten_reflection_pad1d_cpu,/home/arjaiswal/Polygeist/issues/aten_c_kernels/results/aten_reflection_pad1d_cpu/debuf.mlir,6f82006cf02061043a364ce4ae475c3dfd2519bbdd5880ac7840d7558a8a1cfd,syntactic,4,ok,0,1135.6095261871815,0,"[""/usr/bin/python3"", ""/home/arjaiswal/Polygeist/scripts/correctness/kernel_match_rewrite.py"", ""/home/arjaiswal/Polygeist/issues/aten_c_kernels/results/aten_reflection_pad1d_cpu/debuf.mlir"", ""--dry-run"", ""--matcher-mode"", ""syntactic"", ""--telemetry-json"", ""/home/arjaiswal/Polygeist/issues/equality_saturation_eval/campaign_20260908/aten-aten_reflection_pad1d_cpu-syntactic-guwx0peg.json"", ""--disable-semantic-fallback""]","== match report for /home/arjaiswal/Polygeist/issues/aten_c_kernels/results/aten_reflection_pad1d_cpu/debuf.mlir ==
  no_match       body#0  ?
  total: 0 matched / 1 bodies
",0,[],0,0,0,0,/home/arjaiswal/Polygeist/issues/aten_c_kernels/results/aten_reflection_pad1d_cpu/debuf.mlir,2929,0,1,0,457.0784233510494,1,64468,0.02856925129890442,0,0,0,0,[],0,0,4,0.0,4
aten,aten_reflection_pad1d_cpu,/home/arjaiswal/Polygeist/issues/aten_c_kernels/results/aten_reflection_pad1d_cpu/debuf.mlir,6f82006cf02061043a364ce4ae475c3dfd2519bbdd5880ac7840d7558a8a1cfd,syntactic,5,ok,0,773.6185267567635,0,"[""/usr/bin/python3"", ""/home/arjaiswal/Polygeist/scripts/correctness/kernel_match_rewrite.py"", ""/home/arjaiswal/Polygeist/issues/aten_c_kernels/results/aten_reflection_pad1d_cpu/debuf.mlir"", ""--dry-run"", ""--matcher-mode"", ""syntactic"", ""--telemetry-json"", ""/home/arjaiswal/Polygeist/issues/equality_saturation_eval/campaign_20260908/aten-aten_reflection_pad1d_cpu-syntactic-hd4xnnxq.json"", ""--disable-semantic-fallback""]","== match report for /home/arjaiswal/Polygeist/issues/aten_c_kernels/results/aten_reflection_pad1d_cpu/debuf.mlir ==
  no_match       body#0  ?
  total: 0 matched / 1 bodies
",0,[],0,0,0,0,/home/arjaiswal/Polygeist/issues/aten_c_kernels/results/aten_reflection_pad1d_cpu/debuf.mlir,2929,0,1,0,298.6181154847145,1,64632,0.017043203115463257,0,0,0,0,[],0,0,4,0.0,4
aten,aten_reflection_pad1d_cpu,/home/arjaiswal/Polygeist/issues/aten_c_kernels/results/aten_reflection_pad1d_cpu/debuf.mlir,6f82006cf02061043a364ce4ae475c3dfd2519bbdd5880ac7840d7558a8a1cfd,egglog,5,ok,0,1348.4112955629826,0,"[""/usr/bin/python3"", ""/home/arjaiswal/Polygeist/scripts/correctness/kernel_match_rewrite.py"", ""/home/arjaiswal/Polygeist/issues/aten_c_kernels/results/aten_reflection_pad1d_cpu/debuf.mlir"", ""--dry-run"", ""--matcher-mode"", ""egglog"", ""--telemetry-json"", ""/home/arjaiswal/Polygeist/issues/equality_saturation_eval/campaign_20260908/aten-aten_reflection_pad1d_cpu-egglog-0e8vtjar.json"", ""--disable-semantic-fallback""]","== match report for /home/arjaiswal/Polygeist/issues/aten_c_kernels/results/aten_reflection_pad1d_cpu/debuf.mlir ==
  no_match       body#0  ?
  total: 0 matched / 1 bodies
",0,[],0,0,0,0,/home/arjaiswal/Polygeist/issues/aten_c_kernels/results/aten_reflection_pad1d_cpu/debuf.mlir,2929,8,1,0,605.9763617813587,1,64600,0.0,0,0,0,0,[],0,0,0,0.0,4
aten,aten_reflection_pad2d,/home/arjaiswal/Polygeist/issues/aten_c_kernels/results/aten_reflection_pad2d/debuf.mlir,510caa5633a5f6e5a1959f685405c93df58a6b52b788a54d863bf6ce7fa25cf2,egglog,1,ok,0,2162.448514252901,0,"[""/usr/bin/python3"", ""/home/arjaiswal/Polygeist/scripts/correctness/kernel_match_rewrite.py"", ""/home/arjaiswal/Polygeist/issues/aten_c_kernels/results/aten_reflection_pad2d/debuf.mlir"", ""--dry-run"", ""--matcher-mode"", ""egglog"", ""--telemetry-json"", ""/home/arjaiswal/Polygeist/issues/equality_saturation_eval/campaign_20260908/aten-aten_reflection_pad2d-egglog-a_8a2rsk.json"", ""--disable-semantic-fallback""]","== match report for /home/arjaiswal/Polygeist/issues/aten_c_kernels/results/aten_reflection_pad2d/debuf.mlir ==
  no_match       body#0  ?
  total: 0 matched / 1 bodies
",0,[],0,0,0,0,/home/arjaiswal/Polygeist/issues/aten_c_kernels/results/aten_reflection_pad2d/debuf.mlir,3153,8,1,0,844.1791608929634,1,64608,0.0,0,0,0,0,[],0,0,0,0.0,0
aten,aten_reflection_pad2d,/home/arjaiswal/Polygeist/issues/aten_c_kernels/results/aten_reflection_pad2d/debuf.mlir,510caa5633a5f6e5a1959f685405c93df58a6b52b788a54d863bf6ce7fa25cf2,syntactic,1,ok,0,2354.5546382665634,0,"[""/usr/bin/python3"", ""/home/arjaiswal/Polygeist/scripts/correctness/kernel_match_rewrite.py"", ""/home/arjaiswal/Polygeist/issues/aten_c_kernels/results/aten_reflection_pad2d/debuf.mlir"", ""--dry-run"", ""--matcher-mode"", ""syntactic"", ""--telemetry-json"", ""/home/arjaiswal/Polygeist/issues/equality_saturation_eval/campaign_20260908/aten-aten_reflection_pad2d-syntactic-slakslsm.json"", ""--disable-semantic-fallback""]","== match report for /home/arjaiswal/Polygeist/issues/aten_c_kernels/results/aten_reflection_pad2d/debuf.mlir ==
  no_match       body#0  ?
  total: 0 matched / 1 bodies
",0,[],0,0,0,0,/home/arjaiswal/Polygeist/issues/aten_c_kernels/results/aten_reflection_pad2d/debuf.mlir,3153,0,1,0,971.109077334404,1,64628,0.0,0,0,0,0,[],0,0,0,0.0,0
aten,aten_reflection_pad2d,/home/arjaiswal/Polygeist/issues/aten_c_kernels/results/aten_reflection_pad2d/debuf.mlir,510caa5633a5f6e5a1959f685405c93df58a6b52b788a54d863bf6ce7fa25cf2,syntactic,2,ok,0,902.3766629397869,0,"[""/usr/bin/python3"", ""/home/arjaiswal/Polygeist/scripts/correctness/kernel_match_rewrite.py"", ""/home/arjaiswal/Polygeist/issues/aten_c_kernels/results/aten_reflection_pad2d/debuf.mlir"", ""--dry-run"", ""--matcher-mode"", ""syntactic"", ""--telemetry-json"", ""/home/arjaiswal/Polygeist/issues/equality_saturation_eval/campaign_20260908/aten-aten_reflection_pad2d-syntactic-evnv63hr.json"", ""--disable-semantic-fallback""]","== match report for /home/arjaiswal/Polygeist/issues/aten_c_kernels/results/aten_reflection_pad2d/debuf.mlir ==
  no_match       body#0  ?
  total: 0 matched / 1 bodies
",0,[],0,0,0,0,/home/arjaiswal/Polygeist/issues/aten_c_kernels/results/aten_reflection_pad2d/debuf.mlir,3153,0,1,0,394.22496035695076,1,64676,0.0,0,0,0,0,[],0,0,0,0.0,0
aten,aten_reflection_pad2d,/home/arjaiswal/Polygeist/issues/aten_c_kernels/results/aten_reflection_pad2d/debuf.mlir,510caa5633a5f6e5a1959f685405c93df58a6b52b788a54d863bf6ce7fa25cf2,egglog,2,ok,0,852.1788828074932,0,"[""/usr/bin/python3"", ""/home/arjaiswal/Polygeist/scripts/correctness/kernel_match_rewrite.py"", ""/home/arjaiswal/Polygeist/issues/aten_c_kernels/results/aten_reflection_pad2d/debuf.mlir"", ""--dry-run"", ""--matcher-mode"", ""egglog"", ""--telemetry-json"", ""/home/arjaiswal/Polygeist/issues/equality_saturation_eval/campaign_20260908/aten-aten_reflection_pad2d-egglog-4kokqjpe.json"", ""--disable-semantic-fallback""]","== match report for /home/arjaiswal/Polygeist/issues/aten_c_kernels/results/aten_reflection_pad2d/debuf.mlir ==
  no_match       body#0  ?
  total: 0 matched / 1 bodies
",0,[],0,0,0,0,/home/arjaiswal/Polygeist/issues/aten_c_kernels/results/aten_reflection_pad2d/debuf.mlir,3153,8,1,0,298.92952367663383,1,64724,0.0,0,0,0,0,[],0,0,0,0.0,0
aten,aten_reflection_pad2d,/home/arjaiswal/Polygeist/issues/aten_c_kernels/results/aten_reflection_pad2d/debuf.mlir,510caa5633a5f6e5a1959f685405c93df58a6b52b788a54d863bf6ce7fa25cf2,egglog,3,ok,0,2367.1208545565605,0,"[""/usr/bin/python3"", ""/home/arjaiswal/Polygeist/scripts/correctness/kernel_match_rewrite.py"", ""/home/arjaiswal/Polygeist/issues/aten_c_kernels/results/aten_reflection_pad2d/debuf.mlir"", ""--dry-run"", ""--matcher-mode"", ""egglog"", ""--telemetry-json"", ""/home/arjaiswal/Polygeist/issues/equality_saturation_eval/campaign_20260908/aten-aten_reflection_pad2d-egglog-15wfwhwe.json"", ""--disable-semantic-fallback""]","== match report for /home/arjaiswal/Polygeist/issues/aten_c_kernels/results/aten_reflection_pad2d/debuf.mlir ==
  no_match       body#0  ?
  total: 0 matched / 1 bodies
",0,[],0,0,0,0,/home/arjaiswal/Polygeist/issues/aten_c_kernels/results/aten_reflection_pad2d/debuf.mlir,3153,8,1,0,999.8433254659176,1,64748,0.0,0,0,0,0,[],0,0,0,0.0,0
aten,aten_reflection_pad2d,/home/arjaiswal/Polygeist/issues/aten_c_kernels/results/aten_reflection_pad2d/debuf.mlir,510caa5633a5f6e5a1959f685405c93df58a6b52b788a54d863bf6ce7fa25cf2,syntactic,3,ok,0,1337.8458805382252,0,"[""/usr/bin/python3"", ""/home/arjaiswal/Polygeist/scripts/correctness/kernel_match_rewrite.py"", ""/home/arjaiswal/Polygeist/issues/aten_c_kernels/results/aten_reflection_pad2d/debuf.mlir"", ""--dry-run"", ""--matcher-mode"", ""syntactic"", ""--telemetry-json"", ""/home/arjaiswal/Polygeist/issues/equality_saturation_eval/campaign_20260908/aten-aten_reflection_pad2d-syntactic-kie2xfke.json"", ""--disable-semantic-fallback""]","== match report for /home/arjaiswal/Polygeist/issues/aten_c_kernels/results/aten_reflection_pad2d/debuf.mlir ==
  no_match       body#0  ?
  total: 0 matched / 1 bodies
",0,[],0,0,0,0,/home/arjaiswal/Polygeist/issues/aten_c_kernels/results/aten_reflection_pad2d/debuf.mlir,3153,0,1,0,389.74686339497566,1,64396,0.0,0,0,0,0,[],0,0,0,0.0,0
aten,aten_reflection_pad2d,/home/arjaiswal/Polygeist/issues/aten_c_kernels/results/aten_reflection_pad2d/debuf.mlir,510caa5633a5f6e5a1959f685405c93df58a6b52b788a54d863bf6ce7fa25cf2,syntactic,4,ok,0,2324.6825374662876,0,"[""/usr/bin/python3"", ""/home/arjaiswal/Polygeist/scripts/correctness/kernel_match_rewrite.py"", ""/home/arjaiswal/Polygeist/issues/aten_c_kernels/results/aten_reflection_pad2d/debuf.mlir"", ""--dry-run"", ""--matcher-mode"", ""syntactic"", ""--telemetry-json"", ""/home/arjaiswal/Polygeist/issues/equality_saturation_eval/campaign_20260908/aten-aten_reflection_pad2d-syntactic-m864vul7.json"", ""--disable-semantic-fallback""]","== match report for /home/arjaiswal/Polygeist/issues/aten_c_kernels/results/aten_reflection_pad2d/debuf.mlir ==
  no_match       body#0  ?
  total: 0 matched / 1 bodies
",0,[],0,0,0,0,/home/arjaiswal/Polygeist/issues/aten_c_kernels/results/aten_reflection_pad2d/debuf.mlir,3153,0,1,0,1011.3054364919662,1,64700,0.0,0,0,0,0,[],0,0,0,0.0,0
aten,aten_reflection_pad2d,/home/arjaiswal/Polygeist/issues/aten_c_kernels/results/aten_reflection_pad2d/debuf.mlir,510caa5633a5f6e5a1959f685405c93df58a6b52b788a54d863bf6ce7fa25cf2,egglog,4,ok,0,1703.309591859579,0,"[""/usr/bin/python3"", ""/home/arjaiswal/Polygeist/scripts/correctness/kernel_match_rewrite.py"", ""/home/arjaiswal/Polygeist/issues/aten_c_kernels/results/aten_reflection_pad2d/debuf.mlir"", ""--dry-run"", ""--matcher-mode"", ""egglog"", ""--telemetry-json"", ""/home/arjaiswal/Polygeist/issues/equality_saturation_eval/campaign_20260908/aten-aten_reflection_pad2d-egglog-nehak_te.json"", ""--disable-semantic-fallback""]","== match report for /home/arjaiswal/Polygeist/issues/aten_c_kernels/results/aten_reflection_pad2d/debuf.mlir ==
  no_match       body#0  ?
  total: 0 matched / 1 bodies
",0,[],0,0,0,0,/home/arjaiswal/Polygeist/issues/aten_c_kernels/results/aten_reflection_pad2d/debuf.mlir,3153,8,1,0,464.78452906012535,1,64696,0.0,0,0,0,0,[],0,0,0,0.0,0
aten,aten_reflection_pad2d,/home/arjaiswal/Polygeist/issues/aten_c_kernels/results/aten_reflection_pad2d/debuf.mlir,510caa5633a5f6e5a1959f685405c93df58a6b52b788a54d863bf6ce7fa25cf2,egglog,5,ok,0,1865.918181836605,0,"[""/usr/bin/python3"", ""/home/arjaiswal/Polygeist/scripts/correctness/kernel_match_rewrite.py"", ""/home/arjaiswal/Polygeist/issues/aten_c_kernels/results/aten_reflection_pad2d/debuf.mlir"", ""--dry-run"", ""--matcher-mode"", ""egglog"", ""--telemetry-json"", ""/home/arjaiswal/Polygeist/issues/equality_saturation_eval/campaign_20260908/aten-aten_reflection_pad2d-egglog-0fyk3yln.json"", ""--disable-semantic-fallback""]","== match report for /home/arjaiswal/Polygeist/issues/aten_c_kernels/results/aten_reflection_pad2d/debuf.mlir ==
  no_match       body#0  ?
  total: 0 matched / 1 bodies
",0,[],0,0,0,0,/home/arjaiswal/Polygeist/issues/aten_c_kernels/results/aten_reflection_pad2d/debuf.mlir,3153,8,1,0,466.249443590641,1,64888,0.0,0,0,0,0,[],0,0,0,0.0,0
aten,aten_reflection_pad2d,/home/arjaiswal/Polygeist/issues/aten_c_kernels/results/aten_reflection_pad2d/debuf.mlir,510caa5633a5f6e5a1959f685405c93df58a6b52b788a54d863bf6ce7fa25cf2,syntactic,5,ok,0,837.936520576477,0,"[""/usr/bin/python3"", ""/home/arjaiswal/Polygeist/scripts/correctness/kernel_match_rewrite.py"", ""/home/arjaiswal/Polygeist/issues/aten_c_kernels/results/aten_reflection_pad2d/debuf.mlir"", ""--dry-run"", ""--matcher-mode"", ""syntactic"", ""--telemetry-json"", ""/home/arjaiswal/Polygeist/issues/equality_saturation_eval/campaign_20260908/aten-aten_reflection_pad2d-syntactic-z_rzz1am.json"", ""--disable-semantic-fallback""]","== match report for /home/arjaiswal/Polygeist/issues/aten_c_kernels/results/aten_reflection_pad2d/debuf.mlir ==
  no_match       body#0  ?
  total: 0 matched / 1 bodies
",0,[],0,0,0,0,/home/arjaiswal/Polygeist/issues/aten_c_kernels/results/aten_reflection_pad2d/debuf.mlir,3153,0,1,0,312.48317286372185,1,64664,0.0,0,0,0,0,[],0,0,0,0.0,0
aten,aten_reflection_pad2d_backward_cpu,/home/arjaiswal/Polygeist/issues/aten_c_kernels/results/aten_reflection_pad2d_backward_cpu/debuf.mlir,b5c4b65fd4ad4458a2c11544b739fe9247a09622897d547363980040da3cb3d1,syntactic,1,ok,0,884.5024146139622,0,"[""/usr/bin/python3"", ""/home/arjaiswal/Polygeist/scripts/correctness/kernel_match_rewrite.py"", ""/home/arjaiswal/Polygeist/issues/aten_c_kernels/results/aten_reflection_pad2d_backward_cpu/debuf.mlir"", ""--dry-run"", ""--matcher-mode"", ""syntactic"", ""--telemetry-json"", ""/home/arjaiswal/Polygeist/issues/equality_saturation_eval/campaign_20260908/aten-aten_reflection_pad2d_backward_cpu-syntactic-wl4xmuf9.json"", ""--disable-semantic-fallback""]","== match report for /home/arjaiswal/Polygeist/issues/aten_c_kernels/results/aten_reflection_pad2d_backward_cpu/debuf.mlir ==
  match          body#[0]  memset_zero_1D_f32
  total: 1 matched / 1 bodies
",0,[],0,0,0,0,/home/arjaiswal/Polygeist/issues/aten_c_kernels/results/aten_reflection_pad2d_backward_cpu/debuf.mlir,3943,0,1,1,315.1915669441223,0,64736,0.017177313566207886,0,2,0,0,"[{""body_indices"": [0], ""symbol"": ""memset_zero_1D_f32""}]",1,0,4,0.0,4
aten,aten_reflection_pad2d_backward_cpu,/home/arjaiswal/Polygeist/issues/aten_c_kernels/results/aten_reflection_pad2d_backward_cpu/debuf.mlir,b5c4b65fd4ad4458a2c11544b739fe9247a09622897d547363980040da3cb3d1,egglog,1,ok,0,1436.8188828229904,0,"[""/usr/bin/python3"", ""/home/arjaiswal/Polygeist/scripts/correctness/kernel_match_rewrite.py"", ""/home/arjaiswal/Polygeist/issues/aten_c_kernels/results/aten_reflection_pad2d_backward_cpu/debuf.mlir"", ""--dry-run"", ""--matcher-mode"", ""egglog"", ""--telemetry-json"", ""/home/arjaiswal/Polygeist/issues/equality_saturation_eval/campaign_20260908/aten-aten_reflection_pad2d_backward_cpu-egglog-f_0sqzag.json"", ""--disable-semantic-fallback""]","== match report for /home/arjaiswal/Polygeist/issues/aten_c_kernels/results/aten_reflection_pad2d_backward_cpu/debuf.mlir ==
  match          body#[0]  memset_zero_1D_f32
  total: 1 matched / 1 bodies
",0,[],0,0,0,0,/home/arjaiswal/Polygeist/issues/aten_c_kernels/results/aten_reflection_pad2d_backward_cpu/debuf.mlir,3943,8,1,1,358.15099999308586,0,69524,25.75981244444847,2,2,0,0,"[{""body_indices"": [0], ""symbol"": ""memset_zero_1D_f32""}]",1,0,0,0.0,4
aten,aten_reflection_pad2d_backward_cpu,/home/arjaiswal/Polygeist/issues/aten_c_kernels/results/aten_reflection_pad2d_backward_cpu/debuf.mlir,b5c4b65fd4ad4458a2c11544b739fe9247a09622897d547363980040da3cb3d1,egglog,2,ok,0,1222.9411154985428,0,"[""/usr/bin/python3"", ""/home/arjaiswal/Polygeist/scripts/correctness/kernel_match_rewrite.py"", ""/home/arjaiswal/Polygeist/issues/aten_c_kernels/results/aten_reflection_pad2d_backward_cpu/debuf.mlir"", ""--dry-run"", ""--matcher-mode"", ""egglog"", ""--telemetry-json"", ""/home/arjaiswal/Polygeist/issues/equality_saturation_eval/campaign_20260908/aten-aten_reflection_pad2d_backward_cpu-egglog-kleuuabf.json"", ""--disable-semantic-fallback""]","== match report for /home/arjaiswal/Polygeist/issues/aten_c_kernels/results/aten_reflection_pad2d_backward_cpu/debuf.mlir ==
  match          body#[0]  memset_zero_1D_f32
  total: 1 matched / 1 bodies
",0,[],0,0,0,0,/home/arjaiswal/Polygeist/issues/aten_c_kernels/results/aten_reflection_pad2d_backward_cpu/debuf.mlir,3943,8,1,1,538.227517157793,0,69540,38.40554505586624,2,2,0,0,"[{""body_indices"": [0], ""symbol"": ""memset_zero_1D_f32""}]",1,0,0,0.0,4
aten,aten_reflection_pad2d_backward_cpu,/home/arjaiswal/Polygeist/issues/aten_c_kernels/results/aten_reflection_pad2d_backward_cpu/debuf.mlir,b5c4b65fd4ad4458a2c11544b739fe9247a09622897d547363980040da3cb3d1,syntactic,2,ok,0,1724.9087505042553,0,"[""/usr/bin/python3"", ""/home/arjaiswal/Polygeist/scripts/correctness/kernel_match_rewrite.py"", ""/home/arjaiswal/Polygeist/issues/aten_c_kernels/results/aten_reflection_pad2d_backward_cpu/debuf.mlir"", ""--dry-run"", ""--matcher-mode"", ""syntactic"", ""--telemetry-json"", ""/home/arjaiswal/Polygeist/issues/equality_saturation_eval/campaign_20260908/aten-aten_reflection_pad2d_backward_cpu-syntactic-qdr07ukm.json"", ""--disable-semantic-fallback""]","== match report for /home/arjaiswal/Polygeist/issues/aten_c_kernels/results/aten_reflection_pad2d_backward_cpu/debuf.mlir ==
  match          body#[0]  memset_zero_1D_f32
  total: 1 matched / 1 bodies
",0,[],0,0,0,0,/home/arjaiswal/Polygeist/issues/aten_c_kernels/results/aten_reflection_pad2d_backward_cpu/debuf.mlir,3943,0,1,1,734.3578971922398,0,64932,0.019606202840805054,0,2,0,0,"[{""body_indices"": [0], ""symbol"": ""memset_zero_1D_f32""}]",1,0,4,0.0,4
aten,aten_reflection_pad2d_backward_cpu,/home/arjaiswal/Polygeist/issues/aten_c_kernels/results/aten_reflection_pad2d_backward_cpu/debuf.mlir,b5c4b65fd4ad4458a2c11544b739fe9247a09622897d547363980040da3cb3d1,syntactic,3,ok,0,940.6766593456268,0,"[""/usr/bin/python3"", ""/home/arjaiswal/Polygeist/scripts/correctness/kernel_match_rewrite.py"", ""/home/arjaiswal/Polygeist/issues/aten_c_kernels/results/aten_reflection_pad2d_backward_cpu/debuf.mlir"", ""--dry-run"", ""--matcher-mode"", ""syntactic"", ""--telemetry-json"", ""/home/arjaiswal/Polygeist/issues/equality_saturation_eval/campaign_20260908/aten-aten_reflection_pad2d_backward_cpu-syntactic-ziiuaam3.json"", ""--disable-semantic-fallback""]","== match report for /home/arjaiswal/Polygeist/issues/aten_c_kernels/results/aten_reflection_pad2d_backward_cpu/debuf.mlir ==
  match          body#[0]  memset_zero_1D_f32
  total: 1 matched / 1 bodies
",0,[],0,0,0,0,/home/arjaiswal/Polygeist/issues/aten_c_kernels/results/aten_reflection_pad2d_backward_cpu/debuf.mlir,3943,0,1,1,317.69930198788643,0,64544,0.024158507585525513,0,2,0,0,"[{""body_indices"": [0], ""symbol"": ""memset_zero_1D_f32""}]",1,0,4,0.0,4
aten,aten_reflection_pad2d_backward_cpu,/home/arjaiswal/Polygeist/issues/aten_c_kernels/results/aten_reflection_pad2d_backward_cpu/debuf.mlir,b5c4b65fd4ad4458a2c11544b739fe9247a09622897d547363980040da3cb3d1,egglog,3,ok,0,1168.796256184578,0,"[""/usr/bin/python3"", ""/home/arjaiswal/Polygeist/scripts/correctness/kernel_match_rewrite.py"", ""/home/arjaiswal/Polygeist/issues/aten_c_kernels/results/aten_reflection_pad2d_backward_cpu/debuf.mlir"", ""--dry-run"", ""--matcher-mode"", ""egglog"", ""--telemetry-json"", ""/home/arjaiswal/Polygeist/issues/equality_saturation_eval/campaign_20260908/aten-aten_reflection_pad2d_backward_cpu-egglog-mae772ap.json"", ""--disable-semantic-fallback""]","== match report for /home/arjaiswal/Polygeist/issues/aten_c_kernels/results/aten_reflection_pad2d_backward_cpu/debuf.mlir ==
  match          body#[0]  memset_zero_1D_f32
  total: 1 matched / 1 bodies
",0,[],0,0,0,0,/home/arjaiswal/Polygeist/issues/aten_c_kernels/results/aten_reflection_pad2d_backward_cpu/debuf.mlir,3943,8,1,1,566.9138319790363,0,69568,31.07283264398575,2,2,0,0,"[{""body_indices"": [0], ""symbol"": ""memset_zero_1D_f32""}]",1,0,0,0.0,4
aten,aten_reflection_pad2d_backward_cpu,/home/arjaiswal/Polygeist/issues/aten_c_kernels/results/aten_reflection_pad2d_backward_cpu/debuf.mlir,b5c4b65fd4ad4458a2c11544b739fe9247a09622897d547363980040da3cb3d1,egglog,4,ok,0,925.3638423979282,0,"[""/usr/bin/python3"", ""/home/arjaiswal/Polygeist/scripts/correctness/kernel_match_rewrite.py"", ""/home/arjaiswal/Polygeist/issues/aten_c_kernels/results/aten_reflection_pad2d_backward_cpu/debuf.mlir"", ""--dry-run"", ""--matcher-mode"", ""egglog"", ""--telemetry-json"", ""/home/arjaiswal/Polygeist/issues/equality_saturation_eval/campaign_20260908/aten-aten_reflection_pad2d_backward_cpu-egglog-leulwhig.json"", ""--disable-semantic-fallback""]","== match report for /home/arjaiswal/Polygeist/issues/aten_c_kernels/results/aten_reflection_pad2d_backward_cpu/debuf.mlir ==
  match          body#[0]  memset_zero_1D_f32
  total: 1 matched / 1 bodies
",0,[],0,0,0,0,/home/arjaiswal/Polygeist/issues/aten_c_kernels/results/aten_reflection_pad2d_backward_cpu/debuf.mlir,3943,8,1,1,331.2848135828972,0,69580,22.875957190990448,2,2,0,0,"[{""body_indices"": [0], ""symbol"": ""memset_zero_1D_f32""}]",1,0,0,0.0,4
aten,aten_reflection_pad2d_backward_cpu,/home/arjaiswal/Polygeist/issues/aten_c_kernels/results/aten_reflection_pad2d_backward_cpu/debuf.mlir,b5c4b65fd4ad4458a2c11544b739fe9247a09622897d547363980040da3cb3d1,syntactic,4,ok,0,1684.7961097955704,0,"[""/usr/bin/python3"", ""/home/arjaiswal/Polygeist/scripts/correctness/kernel_match_rewrite.py"", ""/home/arjaiswal/Polygeist/issues/aten_c_kernels/results/aten_reflection_pad2d_backward_cpu/debuf.mlir"", ""--dry-run"", ""--matcher-mode"", ""syntactic"", ""--telemetry-json"", ""/home/arjaiswal/Polygeist/issues/equality_saturation_eval/campaign_20260908/aten-aten_reflection_pad2d_backward_cpu-syntactic-cm6jl9vm.json"", ""--disable-semantic-fallback""]","== match report for /home/arjaiswal/Polygeist/issues/aten_c_kernels/results/aten_reflection_pad2d_backward_cpu/debuf.mlir ==
  match          body#[0]  memset_zero_1D_f32
  total: 1 matched / 1 bodies
",0,[],0,0,0,0,/home/arjaiswal/Polygeist/issues/aten_c_kernels/results/aten_reflection_pad2d_backward_cpu/debuf.mlir,3943,0,1,1,629.2096935212612,0,64936,0.01918897032737732,0,2,0,0,"[{""body_indices"": [0], ""symbol"": ""memset_zero_1D_f32""}]",1,0,4,0.0,4
aten,aten_reflection_pad2d_backward_cpu,/home/arjaiswal/Polygeist/issues/aten_c_kernels/results/aten_reflection_pad2d_backward_cpu/debuf.mlir,b5c4b65fd4ad4458a2c11544b739fe9247a09622897d547363980040da3cb3d1,syntactic,5,ok,0,1188.8640709221363,0,"[""/usr/bin/python3"", ""/home/arjaiswal/Polygeist/scripts/correctness/kernel_match_rewrite.py"", ""/home/arjaiswal/Polygeist/issues/aten_c_kernels/results/aten_reflection_pad2d_backward_cpu/debuf.mlir"", ""--dry-run"", ""--matcher-mode"", ""syntactic"", ""--telemetry-json"", ""/home/arjaiswal/Polygeist/issues/equality_saturation_eval/campaign_20260908/aten-aten_reflection_pad2d_backward_cpu-syntactic-0ccwoumj.json"", ""--disable-semantic-fallback""]","== match report for /home/arjaiswal/Polygeist/issues/aten_c_kernels/results/aten_reflection_pad2d_backward_cpu/debuf.mlir ==
  match          body#[0]  memset_zero_1D_f32
  total: 1 matched / 1 bodies
",0,[],0,0,0,0,/home/arjaiswal/Polygeist/issues/aten_c_kernels/results/aten_reflection_pad2d_backward_cpu/debuf.mlir,3943,0,1,1,474.30428490042686,0,64368,0.020910054445266724,0,2,0,0,"[{""body_indices"": [0], ""symbol"": ""memset_zero_1D_f32""}]",1,0,4,0.0,4
aten,aten_reflection_pad2d_backward_cpu,/home/arjaiswal/Polygeist/issues/aten_c_kernels/results/aten_reflection_pad2d_backward_cpu/debuf.mlir,b5c4b65fd4ad4458a2c11544b739fe9247a09622897d547363980040da3cb3d1,egglog,5,ok,0,1390.25454595685,0,"[""/usr/bin/python3"", ""/home/arjaiswal/Polygeist/scripts/correctness/kernel_match_rewrite.py"", ""/home/arjaiswal/Polygeist/issues/aten_c_kernels/results/aten_reflection_pad2d_backward_cpu/debuf.mlir"", ""--dry-run"", ""--matcher-mode"", ""egglog"", ""--telemetry-json"", ""/home/arjaiswal/Polygeist/issues/equality_saturation_eval/campaign_20260908/aten-aten_reflection_pad2d_backward_cpu-egglog-m6fnuhgo.json"", ""--disable-semantic-fallback""]","== match report for /home/arjaiswal/Polygeist/issues/aten_c_kernels/results/aten_reflection_pad2d_backward_cpu/debuf.mlir ==
  match          body#[0]  memset_zero_1D_f32
  total: 1 matched / 1 bodies
",0,[],0,0,0,0,/home/arjaiswal/Polygeist/issues/aten_c_kernels/results/aten_reflection_pad2d_backward_cpu/debuf.mlir,3943,8,1,1,403.36982905864716,0,69444,23.409053683280945,2,2,0,0,"[{""body_indices"": [0], ""symbol"": ""memset_zero_1D_f32""}]",1,0,0,0.0,4
aten,aten_reflection_pad2d_cpu,/home/arjaiswal/Polygeist/issues/aten_c_kernels/results/aten_reflection_pad2d_cpu/debuf.mlir,4b954399897a941655182f4d17ca8fd87ec7e5667be12c616217bb2e827ecbec,egglog,1,ok,0,2703.135184943676,0,"[""/usr/bin/python3"", ""/home/arjaiswal/Polygeist/scripts/correctness/kernel_match_rewrite.py"", ""/home/arjaiswal/Polygeist/issues/aten_c_kernels/results/aten_reflection_pad2d_cpu/debuf.mlir"", ""--dry-run"", ""--matcher-mode"", ""egglog"", ""--telemetry-json"", ""/home/arjaiswal/Polygeist/issues/equality_saturation_eval/campaign_20260908/aten-aten_reflection_pad2d_cpu-egglog-0dqw39uh.json"", ""--disable-semantic-fallback""]","== match report for /home/arjaiswal/Polygeist/issues/aten_c_kernels/results/aten_reflection_pad2d_cpu/debuf.mlir ==
  no_match       body#0  ?
  total: 0 matched / 1 bodies
",0,[],0,0,0,0,/home/arjaiswal/Polygeist/issues/aten_c_kernels/results/aten_reflection_pad2d_cpu/debuf.mlir,3612,8,1,0,1128.1892992556095,1,64804,0.0,0,0,0,0,[],0,0,0,0.0,0
aten,aten_reflection_pad2d_cpu,/home/arjaiswal/Polygeist/issues/aten_c_kernels/results/aten_reflection_pad2d_cpu/debuf.mlir,4b954399897a941655182f4d17ca8fd87ec7e5667be12c616217bb2e827ecbec,syntactic,1,ok,0,1180.3885661065578,0,"[""/usr/bin/python3"", ""/home/arjaiswal/Polygeist/scripts/correctness/kernel_match_rewrite.py"", ""/home/arjaiswal/Polygeist/issues/aten_c_kernels/results/aten_reflection_pad2d_cpu/debuf.mlir"", ""--dry-run"", ""--matcher-mode"", ""syntactic"", ""--telemetry-json"", ""/home/arjaiswal/Polygeist/issues/equality_saturation_eval/campaign_20260908/aten-aten_reflection_pad2d_cpu-syntactic-zq9q5hpy.json"", ""--disable-semantic-fallback""]","== match report for /home/arjaiswal/Polygeist/issues/aten_c_kernels/results/aten_reflection_pad2d_cpu/debuf.mlir ==
  no_match       body#0  ?
  total: 0 matched / 1 bodies
",0,[],0,0,0,0,/home/arjaiswal/Polygeist/issues/aten_c_kernels/results/aten_reflection_pad2d_cpu/debuf.mlir,3612,0,1,0,290.8163592219353,1,64828,0.0,0,0,0,0,[],0,0,0,0.0,0
aten,aten_reflection_pad2d_cpu,/home/arjaiswal/Polygeist/issues/aten_c_kernels/results/aten_reflection_pad2d_cpu/debuf.mlir,4b954399897a941655182f4d17ca8fd87ec7e5667be12c616217bb2e827ecbec,syntactic,2,ok,0,803.9564713835716,0,"[""/usr/bin/python3"", ""/home/arjaiswal/Polygeist/scripts/correctness/kernel_match_rewrite.py"", ""/home/arjaiswal/Polygeist/issues/aten_c_kernels/results/aten_reflection_pad2d_cpu/debuf.mlir"", ""--dry-run"", ""--matcher-mode"", ""syntactic"", ""--telemetry-json"", ""/home/arjaiswal/Polygeist/issues/equality_saturation_eval/campaign_20260908/aten-aten_reflection_pad2d_cpu-syntactic-o_cwd1a2.json"", ""--disable-semantic-fallback""]","== match report for /home/arjaiswal/Polygeist/issues/aten_c_kernels/results/aten_reflection_pad2d_cpu/debuf.mlir ==
  no_match       body#0  ?
  total: 0 matched / 1 bodies
",0,[],0,0,0,0,/home/arjaiswal/Polygeist/issues/aten_c_kernels/results/aten_reflection_pad2d_cpu/debuf.mlir,3612,0,1,0,314.3867626786232,1,64660,0.0,0,0,0,0,[],0,0,0,0.0,0
aten,aten_reflection_pad2d_cpu,/home/arjaiswal/Polygeist/issues/aten_c_kernels/results/aten_reflection_pad2d_cpu/debuf.mlir,4b954399897a941655182f4d17ca8fd87ec7e5667be12c616217bb2e827ecbec,egglog,2,ok,0,1715.9109190106392,0,"[""/usr/bin/python3"", ""/home/arjaiswal/Polygeist/scripts/correctness/kernel_match_rewrite.py"", ""/home/arjaiswal/Polygeist/issues/aten_c_kernels/results/aten_reflection_pad2d_cpu/debuf.mlir"", ""--dry-run"", ""--matcher-mode"", ""egglog"", ""--telemetry-json"", ""/home/arjaiswal/Polygeist/issues/equality_saturation_eval/campaign_20260908/aten-aten_reflection_pad2d_cpu-egglog-3ufkcj9t.json"", ""--disable-semantic-fallback""]","== match report for /home/arjaiswal/Polygeist/issues/aten_c_kernels/results/aten_reflection_pad2d_cpu/debuf.mlir ==
  no_match       body#0  ?
  total: 0 matched / 1 bodies
",0,[],0,0,0,0,/home/arjaiswal/Polygeist/issues/aten_c_kernels/results/aten_reflection_pad2d_cpu/debuf.mlir,3612,8,1,0,693.5574002563953,1,64680,0.0,0,0,0,0,[],0,0,0,0.0,0
aten,aten_reflection_pad2d_cpu,/home/arjaiswal/Polygeist/issues/aten_c_kernels/results/aten_reflection_pad2d_cpu/debuf.mlir,4b954399897a941655182f4d17ca8fd87ec7e5667be12c616217bb2e827ecbec,egglog,3,ok,0,1431.9135881960392,0,"[""/usr/bin/python3"", ""/home/arjaiswal/Polygeist/scripts/correctness/kernel_match_rewrite.py"", ""/home/arjaiswal/Polygeist/issues/aten_c_kernels/results/aten_reflection_pad2d_cpu/debuf.mlir"", ""--dry-run"", ""--matcher-mode"", ""egglog"", ""--telemetry-json"", ""/home/arjaiswal/Polygeist/issues/equality_saturation_eval/campaign_20260908/aten-aten_reflection_pad2d_cpu-egglog-3je540o2.json"", ""--disable-semantic-fallback""]","== match report for /home/arjaiswal/Polygeist/issues/aten_c_kernels/results/aten_reflection_pad2d_cpu/debuf.mlir ==
  no_match       body#0  ?
  total: 0 matched / 1 bodies
",0,[],0,0,0,0,/home/arjaiswal/Polygeist/issues/aten_c_kernels/results/aten_reflection_pad2d_cpu/debuf.mlir,3612,8,1,0,397.2085900604725,1,64664,0.0,0,0,0,0,[],0,0,0,0.0,0
aten,aten_reflection_pad2d_cpu,/home/arjaiswal/Polygeist/issues/aten_c_kernels/results/aten_reflection_pad2d_cpu/debuf.mlir,4b954399897a941655182f4d17ca8fd87ec7e5667be12c616217bb2e827ecbec,syntactic,3,ok,0,1804.479230195284,0,"[""/usr/bin/python3"", ""/home/arjaiswal/Polygeist/scripts/correctness/kernel_match_rewrite.py"", ""/home/arjaiswal/Polygeist/issues/aten_c_kernels/results/aten_reflection_pad2d_cpu/debuf.mlir"", ""--dry-run"", ""--matcher-mode"", ""syntactic"", ""--telemetry-json"", ""/home/arjaiswal/Polygeist/issues/equality_saturation_eval/campaign_20260908/aten-aten_reflection_pad2d_cpu-syntactic-c1fi82pm.json"", ""--disable-semantic-fallback""]","== match report for /home/arjaiswal/Polygeist/issues/aten_c_kernels/results/aten_reflection_pad2d_cpu/debuf.mlir ==
  no_match       body#0  ?
  total: 0 matched / 1 bodies
",0,[],0,0,0,0,/home/arjaiswal/Polygeist/issues/aten_c_kernels/results/aten_reflection_pad2d_cpu/debuf.mlir,3612,0,1,0,697.124008089304,1,64512,0.0,0,0,0,0,[],0,0,0,0.0,0
aten,aten_reflection_pad2d_cpu,/home/arjaiswal/Polygeist/issues/aten_c_kernels/results/aten_reflection_pad2d_cpu/debuf.mlir,4b954399897a941655182f4d17ca8fd87ec7e5667be12c616217bb2e827ecbec,syntactic,4,ok,0,1785.8474478125572,0,"[""/usr/bin/python3"", ""/home/arjaiswal/Polygeist/scripts/correctness/kernel_match_rewrite.py"", ""/home/arjaiswal/Polygeist/issues/aten_c_kernels/results/aten_reflection_pad2d_cpu/debuf.mlir"", ""--dry-run"", ""--matcher-mode"", ""syntactic"", ""--telemetry-json"", ""/home/arjaiswal/Polygeist/issues/equality_saturation_eval/campaign_20260908/aten-aten_reflection_pad2d_cpu-syntactic-qfw7sluw.json"", ""--disable-semantic-fallback""]","== match report for /home/arjaiswal/Polygeist/issues/aten_c_kernels/results/aten_reflection_pad2d_cpu/debuf.mlir ==
  no_match       body#0  ?
  total: 0 matched / 1 bodies
",0,[],0,0,0,0,/home/arjaiswal/Polygeist/issues/aten_c_kernels/results/aten_reflection_pad2d_cpu/debuf.mlir,3612,0,1,0,685.291700065136,1,64948,0.0,0,0,0,0,[],0,0,0,0.0,0
aten,aten_reflection_pad2d_cpu,/home/arjaiswal/Polygeist/issues/aten_c_kernels/results/aten_reflection_pad2d_cpu/debuf.mlir,4b954399897a941655182f4d17ca8fd87ec7e5667be12c616217bb2e827ecbec,egglog,4,ok,0,1524.8736888170242,0,"[""/usr/bin/python3"", ""/home/arjaiswal/Polygeist/scripts/correctness/kernel_match_rewrite.py"", ""/home/arjaiswal/Polygeist/issues/aten_c_kernels/results/aten_reflection_pad2d_cpu/debuf.mlir"", ""--dry-run"", ""--matcher-mode"", ""egglog"", ""--telemetry-json"", ""/home/arjaiswal/Polygeist/issues/equality_saturation_eval/campaign_20260908/aten-aten_reflection_pad2d_cpu-egglog-9_v360r6.json"", ""--disable-semantic-fallback""]","== match report for /home/arjaiswal/Polygeist/issues/aten_c_kernels/results/aten_reflection_pad2d_cpu/debuf.mlir ==
  no_match       body#0  ?
  total: 0 matched / 1 bodies
",0,[],0,0,0,0,/home/arjaiswal/Polygeist/issues/aten_c_kernels/results/aten_reflection_pad2d_cpu/debuf.mlir,3612,8,1,0,368.75249072909355,1,64712,0.0,0,0,0,0,[],0,0,0,0.0,0
aten,aten_reflection_pad2d_cpu,/home/arjaiswal/Polygeist/issues/aten_c_kernels/results/aten_reflection_pad2d_cpu/debuf.mlir,4b954399897a941655182f4d17ca8fd87ec7e5667be12c616217bb2e827ecbec,egglog,5,ok,0,1448.1439851224422,0,"[""/usr/bin/python3"", ""/home/arjaiswal/Polygeist/scripts/correctness/kernel_match_rewrite.py"", ""/home/arjaiswal/Polygeist/issues/aten_c_kernels/results/aten_reflection_pad2d_cpu/debuf.mlir"", ""--dry-run"", ""--matcher-mode"", ""egglog"", ""--telemetry-json"", ""/home/arjaiswal/Polygeist/issues/equality_saturation_eval/campaign_20260908/aten-aten_reflection_pad2d_cpu-egglog-49k96833.json"", ""--disable-semantic-fallback""]","== match report for /home/arjaiswal/Polygeist/issues/aten_c_kernels/results/aten_reflection_pad2d_cpu/debuf.mlir ==
  no_match       body#0  ?
  total: 0 matched / 1 bodies
",0,[],0,0,0,0,/home/arjaiswal/Polygeist/issues/aten_c_kernels/results/aten_reflection_pad2d_cpu/debuf.mlir,3612,8,1,0,535.7269793748856,1,64752,0.0,0,0,0,0,[],0,0,0,0.0,0
aten,aten_reflection_pad2d_cpu,/home/arjaiswal/Polygeist/issues/aten_c_kernels/results/aten_reflection_pad2d_cpu/debuf.mlir,4b954399897a941655182f4d17ca8fd87ec7e5667be12c616217bb2e827ecbec,syntactic,5,ok,0,971.525028347969,0,"[""/usr/bin/python3"", ""/home/arjaiswal/Polygeist/scripts/correctness/kernel_match_rewrite.py"", ""/home/arjaiswal/Polygeist/issues/aten_c_kernels/results/aten_reflection_pad2d_cpu/debuf.mlir"", ""--dry-run"", ""--matcher-mode"", ""syntactic"", ""--telemetry-json"", ""/home/arjaiswal/Polygeist/issues/equality_saturation_eval/campaign_20260908/aten-aten_reflection_pad2d_cpu-syntactic-o1cqm5ah.json"", ""--disable-semantic-fallback""]","== match report for /home/arjaiswal/Polygeist/issues/aten_c_kernels/results/aten_reflection_pad2d_cpu/debuf.mlir ==
  no_match       body#0  ?
  total: 0 matched / 1 bodies
",0,[],0,0,0,0,/home/arjaiswal/Polygeist/issues/aten_c_kernels/results/aten_reflection_pad2d_cpu/debuf.mlir,3612,0,1,0,328.5323865711689,1,64768,0.0,0,0,0,0,[],0,0,0,0.0,0
aten,aten_reflection_pad3d_backward_cpu,/home/arjaiswal/Polygeist/issues/aten_c_kernels/results/aten_reflection_pad3d_backward_cpu/debuf.mlir,d6f7871f045e3434a3b2e1ded5b58ed9f205465ede5782b9affa7f6c61924b1a,syntactic,1,ok,0,1124.4569346308708,0,"[""/usr/bin/python3"", ""/home/arjaiswal/Polygeist/scripts/correctness/kernel_match_rewrite.py"", ""/home/arjaiswal/Polygeist/issues/aten_c_kernels/results/aten_reflection_pad3d_backward_cpu/debuf.mlir"", ""--dry-run"", ""--matcher-mode"", ""syntactic"", ""--telemetry-json"", ""/home/arjaiswal/Polygeist/issues/equality_saturation_eval/campaign_20260908/aten-aten_reflection_pad3d_backward_cpu-syntactic-8xt775sc.json"", ""--disable-semantic-fallback""]","== match report for /home/arjaiswal/Polygeist/issues/aten_c_kernels/results/aten_reflection_pad3d_backward_cpu/debuf.mlir ==
  match          body#[0]  memset_zero_1D_f32
  total: 1 matched / 1 bodies
",0,[],0,0,0,0,/home/arjaiswal/Polygeist/issues/aten_c_kernels/results/aten_reflection_pad3d_backward_cpu/debuf.mlir,4705,0,1,1,541.5586866438389,0,64692,0.021923333406448364,0,2,0,0,"[{""body_indices"": [0], ""symbol"": ""memset_zero_1D_f32""}]",1,0,4,0.0,4
aten,aten_reflection_pad3d_backward_cpu,/home/arjaiswal/Polygeist/issues/aten_c_kernels/results/aten_reflection_pad3d_backward_cpu/debuf.mlir,d6f7871f045e3434a3b2e1ded5b58ed9f205465ede5782b9affa7f6c61924b1a,egglog,1,ok,0,2014.0134654939175,0,"[""/usr/bin/python3"", ""/home/arjaiswal/Polygeist/scripts/correctness/kernel_match_rewrite.py"", ""/home/arjaiswal/Polygeist/issues/aten_c_kernels/results/aten_reflection_pad3d_backward_cpu/debuf.mlir"", ""--dry-run"", ""--matcher-mode"", ""egglog"", ""--telemetry-json"", ""/home/arjaiswal/Polygeist/issues/equality_saturation_eval/campaign_20260908/aten-aten_reflection_pad3d_backward_cpu-egglog-h80hrshg.json"", ""--disable-semantic-fallback""]","== match report for /home/arjaiswal/Polygeist/issues/aten_c_kernels/results/aten_reflection_pad3d_backward_cpu/debuf.mlir ==
  match          body#[0]  memset_zero_1D_f32
  total: 1 matched / 1 bodies
",0,[],0,0,0,0,/home/arjaiswal/Polygeist/issues/aten_c_kernels/results/aten_reflection_pad3d_backward_cpu/debuf.mlir,4705,8,1,1,859.3218065798283,0,69356,57.5488805770874,2,2,0,0,"[{""body_indices"": [0], ""symbol"": ""memset_zero_1D_f32""}]",1,0,0,0.0,4
aten,aten_reflection_pad3d_backward_cpu,/home/arjaiswal/Polygeist/issues/aten_c_kernels/results/aten_reflection_pad3d_backward_cpu/debuf.mlir,d6f7871f045e3434a3b2e1ded5b58ed9f205465ede5782b9affa7f6c61924b1a,egglog,2,ok,0,1619.3162389099598,0,"[""/usr/bin/python3"", ""/home/arjaiswal/Polygeist/scripts/correctness/kernel_match_rewrite.py"", ""/home/arjaiswal/Polygeist/issues/aten_c_kernels/results/aten_reflection_pad3d_backward_cpu/debuf.mlir"", ""--dry-run"", ""--matcher-mode"", ""egglog"", ""--telemetry-json"", ""/home/arjaiswal/Polygeist/issues/equality_saturation_eval/campaign_20260908/aten-aten_reflection_pad3d_backward_cpu-egglog-en_1yq21.json"", ""--disable-semantic-fallback""]","== match report for /home/arjaiswal/Polygeist/issues/aten_c_kernels/results/aten_reflection_pad3d_backward_cpu/debuf.mlir ==
  match          body#[0]  memset_zero_1D_f32
  total: 1 matched / 1 bodies
",0,[],0,0,0,0,/home/arjaiswal/Polygeist/issues/aten_c_kernels/results/aten_reflection_pad3d_backward_cpu/debuf.mlir,4705,8,1,1,603.6115325987339,0,69452,23.38464930653572,2,2,0,0,"[{""body_indices"": [0], ""symbol"": ""memset_zero_1D_f32""}]",1,0,0,0.0,4
aten,aten_reflection_pad3d_backward_cpu,/home/arjaiswal/Polygeist/issues/aten_c_kernels/results/aten_reflection_pad3d_backward_cpu/debuf.mlir,d6f7871f045e3434a3b2e1ded5b58ed9f205465ede5782b9affa7f6c61924b1a,syntactic,2,ok,0,852.7769260108471,0,"[""/usr/bin/python3"", ""/home/arjaiswal/Polygeist/scripts/correctness/kernel_match_rewrite.py"", ""/home/arjaiswal/Polygeist/issues/aten_c_kernels/results/aten_reflection_pad3d_backward_cpu/debuf.mlir"", ""--dry-run"", ""--matcher-mode"", ""syntactic"", ""--telemetry-json"", ""/home/arjaiswal/Polygeist/issues/equality_saturation_eval/campaign_20260908/aten-aten_reflection_pad3d_backward_cpu-syntactic-4ggjoyij.json"", ""--disable-semantic-fallback""]","== match report for /home/arjaiswal/Polygeist/issues/aten_c_kernels/results/aten_reflection_pad3d_backward_cpu/debuf.mlir ==
  match          body#[0]  memset_zero_1D_f32
  total: 1 matched / 1 bodies
",0,[],0,0,0,0,/home/arjaiswal/Polygeist/issues/aten_c_kernels/results/aten_reflection_pad3d_backward_cpu/debuf.mlir,4705,0,1,1,300.3624714910984,0,64668,0.018268823623657227,0,2,0,0,"[{""body_indices"": [0], ""symbol"": ""memset_zero_1D_f32""}]",1,0,4,0.0,4
aten,aten_reflection_pad3d_backward_cpu,/home/arjaiswal/Polygeist/issues/aten_c_kernels/results/aten_reflection_pad3d_backward_cpu/debuf.mlir,d6f7871f045e3434a3b2e1ded5b58ed9f205465ede5782b9affa7f6c61924b1a,syntactic,3,ok,0,773.0732932686806,0,"[""/usr/bin/python3"", ""/home/arjaiswal/Polygeist/scripts/correctness/kernel_match_rewrite.py"", ""/home/arjaiswal/Polygeist/issues/aten_c_kernels/results/aten_reflection_pad3d_backward_cpu/debuf.mlir"", ""--dry-run"", ""--matcher-mode"", ""syntactic"", ""--telemetry-json"", ""/home/arjaiswal/Polygeist/issues/equality_saturation_eval/campaign_20260908/aten-aten_reflection_pad3d_backward_cpu-syntactic-bin4ktba.json"", ""--disable-semantic-fallback""]","== match report for /home/arjaiswal/Polygeist/issues/aten_c_kernels/results/aten_reflection_pad3d_backward_cpu/debuf.mlir ==
  match          body#[0]  memset_zero_1D_f32
  total: 1 matched / 1 bodies
",0,[],0,0,0,0,/home/arjaiswal/Polygeist/issues/aten_c_kernels/results/aten_reflection_pad3d_backward_cpu/debuf.mlir,4705,0,1,1,310.3679530322552,0,64952,0.017601996660232544,0,2,0,0,"[{""body_indices"": [0], ""symbol"": ""memset_zero_1D_f32""}]",1,0,4,0.0,4
aten,aten_reflection_pad3d_backward_cpu,/home/arjaiswal/Polygeist/issues/aten_c_kernels/results/aten_reflection_pad3d_backward_cpu/debuf.mlir,d6f7871f045e3434a3b2e1ded5b58ed9f205465ede5782b9affa7f6c61924b1a,egglog,3,ok,0,776.6216062009335,0,"[""/usr/bin/python3"", ""/home/arjaiswal/Polygeist/scripts/correctness/kernel_match_rewrite.py"", ""/home/arjaiswal/Polygeist/issues/aten_c_kernels/results/aten_reflection_pad3d_backward_cpu/debuf.mlir"", ""--dry-run"", ""--matcher-mode"", ""egglog"", ""--telemetry-json"", ""/home/arjaiswal/Polygeist/issues/equality_saturation_eval/campaign_20260908/aten-aten_reflection_pad3d_backward_cpu-egglog-a3gh78as.json"", ""--disable-semantic-fallback""]","== match report for /home/arjaiswal/Polygeist/issues/aten_c_kernels/results/aten_reflection_pad3d_backward_cpu/debuf.mlir ==
  match          body#[0]  memset_zero_1D_f32
  total: 1 matched / 1 bodies
",0,[],0,0,0,0,/home/arjaiswal/Polygeist/issues/aten_c_kernels/results/aten_reflection_pad3d_backward_cpu/debuf.mlir,4705,8,1,1,312.14554607868195,0,69380,21.46488055586815,2,2,0,0,"[{""body_indices"": [0], ""symbol"": ""memset_zero_1D_f32""}]",1,0,0,0.0,4
aten,aten_reflection_pad3d_backward_cpu,/home/arjaiswal/Polygeist/issues/aten_c_kernels/results/aten_reflection_pad3d_backward_cpu/debuf.mlir,d6f7871f045e3434a3b2e1ded5b58ed9f205465ede5782b9affa7f6c61924b1a,egglog,4,ok,0,771.0437923669815,0,"[""/usr/bin/python3"", ""/home/arjaiswal/Polygeist/scripts/correctness/kernel_match_rewrite.py"", ""/home/arjaiswal/Polygeist/issues/aten_c_kernels/results/aten_reflection_pad3d_backward_cpu/debuf.mlir"", ""--dry-run"", ""--matcher-mode"", ""egglog"", ""--telemetry-json"", ""/home/arjaiswal/Polygeist/issues/equality_saturation_eval/campaign_20260908/aten-aten_reflection_pad3d_backward_cpu-egglog-e7gyrci1.json"", ""--disable-semantic-fallback""]","== match report for /home/arjaiswal/Polygeist/issues/aten_c_kernels/results/aten_reflection_pad3d_backward_cpu/debuf.mlir ==
  match          body#[0]  memset_zero_1D_f32
  total: 1 matched / 1 bodies
",0,[],0,0,0,0,/home/arjaiswal/Polygeist/issues/aten_c_kernels/results/aten_reflection_pad3d_backward_cpu/debuf.mlir,4705,8,1,1,330.4886445403099,0,69348,20.874444395303726,2,2,0,0,"[{""body_indices"": [0], ""symbol"": ""memset_zero_1D_f32""}]",1,0,0,0.0,4
aten,aten_reflection_pad3d_backward_cpu,/home/arjaiswal/Polygeist/issues/aten_c_kernels/results/aten_reflection_pad3d_backward_cpu/debuf.mlir,d6f7871f045e3434a3b2e1ded5b58ed9f205465ede5782b9affa7f6c61924b1a,syntactic,4,ok,0,712.3761549592018,0,"[""/usr/bin/python3"", ""/home/arjaiswal/Polygeist/scripts/correctness/kernel_match_rewrite.py"", ""/home/arjaiswal/Polygeist/issues/aten_c_kernels/results/aten_reflection_pad3d_backward_cpu/debuf.mlir"", ""--dry-run"", ""--matcher-mode"", ""syntactic"", ""--telemetry-json"", ""/home/arjaiswal/Polygeist/issues/equality_saturation_eval/campaign_20260908/aten-aten_reflection_pad3d_backward_cpu-syntactic-eyjklr0j.json"", ""--disable-semantic-fallback""]","== match report for /home/arjaiswal/Polygeist/issues/aten_c_kernels/results/aten_reflection_pad3d_backward_cpu/debuf.mlir ==
  match          body#[0]  memset_zero_1D_f32
  total: 1 matched / 1 bodies
",0,[],0,0,0,0,/home/arjaiswal/Polygeist/issues/aten_c_kernels/results/aten_reflection_pad3d_backward_cpu/debuf.mlir,4705,0,1,1,270.76413854956627,0,64812,0.01866370439529419,0,2,0,0,"[{""body_indices"": [0], ""symbol"": ""memset_zero_1D_f32""}]",1,0,4,0.0,4
aten,aten_reflection_pad3d_backward_cpu,/home/arjaiswal/Polygeist/issues/aten_c_kernels/results/aten_reflection_pad3d_backward_cpu/debuf.mlir,d6f7871f045e3434a3b2e1ded5b58ed9f205465ede5782b9affa7f6c61924b1a,syntactic,5,ok,0,699.2615610361099,0,"[""/usr/bin/python3"", ""/home/arjaiswal/Polygeist/scripts/correctness/kernel_match_rewrite.py"", ""/home/arjaiswal/Polygeist/issues/aten_c_kernels/results/aten_reflection_pad3d_backward_cpu/debuf.mlir"", ""--dry-run"", ""--matcher-mode"", ""syntactic"", ""--telemetry-json"", ""/home/arjaiswal/Polygeist/issues/equality_saturation_eval/campaign_20260908/aten-aten_reflection_pad3d_backward_cpu-syntactic-evoeg1oz.json"", ""--disable-semantic-fallback""]","== match report for /home/arjaiswal/Polygeist/issues/aten_c_kernels/results/aten_reflection_pad3d_backward_cpu/debuf.mlir ==
  match          body#[0]  memset_zero_1D_f32
  total: 1 matched / 1 bodies
",0,[],0,0,0,0,/home/arjaiswal/Polygeist/issues/aten_c_kernels/results/aten_reflection_pad3d_backward_cpu/debuf.mlir,4705,0,1,1,276.68001130223274,0,64728,0.020407140254974365,0,2,0,0,"[{""body_indices"": [0], ""symbol"": ""memset_zero_1D_f32""}]",1,0,4,0.0,4
aten,aten_reflection_pad3d_backward_cpu,/home/arjaiswal/Polygeist/issues/aten_c_kernels/results/aten_reflection_pad3d_backward_cpu/debuf.mlir,d6f7871f045e3434a3b2e1ded5b58ed9f205465ede5782b9affa7f6c61924b1a,egglog,5,ok,0,732.9929284751415,0,"[""/usr/bin/python3"", ""/home/arjaiswal/Polygeist/scripts/correctness/kernel_match_rewrite.py"", ""/home/arjaiswal/Polygeist/issues/aten_c_kernels/results/aten_reflection_pad3d_backward_cpu/debuf.mlir"", ""--dry-run"", ""--matcher-mode"", ""egglog"", ""--telemetry-json"", ""/home/arjaiswal/Polygeist/issues/equality_saturation_eval/campaign_20260908/aten-aten_reflection_pad3d_backward_cpu-egglog-x1a9terz.json"", ""--disable-semantic-fallback""]","== match report for /home/arjaiswal/Polygeist/issues/aten_c_kernels/results/aten_reflection_pad3d_backward_cpu/debuf.mlir ==
  match          body#[0]  memset_zero_1D_f32
  total: 1 matched / 1 bodies
",0,[],0,0,0,0,/home/arjaiswal/Polygeist/issues/aten_c_kernels/results/aten_reflection_pad3d_backward_cpu/debuf.mlir,4705,8,1,1,309.2067129909992,0,69340,24.433478713035583,2,2,0,0,"[{""body_indices"": [0], ""symbol"": ""memset_zero_1D_f32""}]",1,0,0,0.0,4
aten,aten_reflection_pad3d_cpu,/home/arjaiswal/Polygeist/issues/aten_c_kernels/results/aten_reflection_pad3d_cpu/debuf.mlir,c7823e4562bdbaca9a357adce23f396d0d13a2aae044b807ea928510d232b8ad,egglog,1,ok,0,716.2481509149075,0,"[""/usr/bin/python3"", ""/home/arjaiswal/Polygeist/scripts/correctness/kernel_match_rewrite.py"", ""/home/arjaiswal/Polygeist/issues/aten_c_kernels/results/aten_reflection_pad3d_cpu/debuf.mlir"", ""--dry-run"", ""--matcher-mode"", ""egglog"", ""--telemetry-json"", ""/home/arjaiswal/Polygeist/issues/equality_saturation_eval/campaign_20260908/aten-aten_reflection_pad3d_cpu-egglog-a2o3fy64.json"", ""--disable-semantic-fallback""]","== match report for /home/arjaiswal/Polygeist/issues/aten_c_kernels/results/aten_reflection_pad3d_cpu/debuf.mlir ==
  no_match       body#0  ?
  total: 0 matched / 1 bodies
",0,[],0,0,0,0,/home/arjaiswal/Polygeist/issues/aten_c_kernels/results/aten_reflection_pad3d_cpu/debuf.mlir,4267,8,1,0,279.0091335773468,1,64776,0.0,0,0,0,0,[],0,0,0,0.0,0
aten,aten_reflection_pad3d_cpu,/home/arjaiswal/Polygeist/issues/aten_c_kernels/results/aten_reflection_pad3d_cpu/debuf.mlir,c7823e4562bdbaca9a357adce23f396d0d13a2aae044b807ea928510d232b8ad,syntactic,1,ok,0,739.1959689557552,0,"[""/usr/bin/python3"", ""/home/arjaiswal/Polygeist/scripts/correctness/kernel_match_rewrite.py"", ""/home/arjaiswal/Polygeist/issues/aten_c_kernels/results/aten_reflection_pad3d_cpu/debuf.mlir"", ""--dry-run"", ""--matcher-mode"", ""syntactic"", ""--telemetry-json"", ""/home/arjaiswal/Polygeist/issues/equality_saturation_eval/campaign_20260908/aten-aten_reflection_pad3d_cpu-syntactic-ycy9tw0b.json"", ""--disable-semantic-fallback""]","== match report for /home/arjaiswal/Polygeist/issues/aten_c_kernels/results/aten_reflection_pad3d_cpu/debuf.mlir ==
  no_match       body#0  ?
  total: 0 matched / 1 bodies
",0,[],0,0,0,0,/home/arjaiswal/Polygeist/issues/aten_c_kernels/results/aten_reflection_pad3d_cpu/debuf.mlir,4267,0,1,0,277.0245559513569,1,64276,0.0,0,0,0,0,[],0,0,0,0.0,0
aten,aten_reflection_pad3d_cpu,/home/arjaiswal/Polygeist/issues/aten_c_kernels/results/aten_reflection_pad3d_cpu/debuf.mlir,c7823e4562bdbaca9a357adce23f396d0d13a2aae044b807ea928510d232b8ad,syntactic,2,ok,0,778.4111648797989,0,"[""/usr/bin/python3"", ""/home/arjaiswal/Polygeist/scripts/correctness/kernel_match_rewrite.py"", ""/home/arjaiswal/Polygeist/issues/aten_c_kernels/results/aten_reflection_pad3d_cpu/debuf.mlir"", ""--dry-run"", ""--matcher-mode"", ""syntactic"", ""--telemetry-json"", ""/home/arjaiswal/Polygeist/issues/equality_saturation_eval/campaign_20260908/aten-aten_reflection_pad3d_cpu-syntactic-v_0h645g.json"", ""--disable-semantic-fallback""]","== match report for /home/arjaiswal/Polygeist/issues/aten_c_kernels/results/aten_reflection_pad3d_cpu/debuf.mlir ==
  no_match       body#0  ?
  total: 0 matched / 1 bodies
",0,[],0,0,0,0,/home/arjaiswal/Polygeist/issues/aten_c_kernels/results/aten_reflection_pad3d_cpu/debuf.mlir,4267,0,1,0,345.33151239156723,1,64528,0.0,0,0,0,0,[],0,0,0,0.0,0
aten,aten_reflection_pad3d_cpu,/home/arjaiswal/Polygeist/issues/aten_c_kernels/results/aten_reflection_pad3d_cpu/debuf.mlir,c7823e4562bdbaca9a357adce23f396d0d13a2aae044b807ea928510d232b8ad,egglog,2,ok,0,701.7156220972538,0,"[""/usr/bin/python3"", ""/home/arjaiswal/Polygeist/scripts/correctness/kernel_match_rewrite.py"", ""/home/arjaiswal/Polygeist/issues/aten_c_kernels/results/aten_reflection_pad3d_cpu/debuf.mlir"", ""--dry-run"", ""--matcher-mode"", ""egglog"", ""--telemetry-json"", ""/home/arjaiswal/Polygeist/issues/equality_saturation_eval/campaign_20260908/aten-aten_reflection_pad3d_cpu-egglog-67m07f54.json"", ""--disable-semantic-fallback""]","== match report for /home/arjaiswal/Polygeist/issues/aten_c_kernels/results/aten_reflection_pad3d_cpu/debuf.mlir ==
  no_match       body#0  ?
  total: 0 matched / 1 bodies
",0,[],0,0,0,0,/home/arjaiswal/Polygeist/issues/aten_c_kernels/results/aten_reflection_pad3d_cpu/debuf.mlir,4267,8,1,0,278.83849665522575,1,64676,0.0,0,0,0,0,[],0,0,0,0.0,0
aten,aten_reflection_pad3d_cpu,/home/arjaiswal/Polygeist/issues/aten_c_kernels/results/aten_reflection_pad3d_cpu/debuf.mlir,c7823e4562bdbaca9a357adce23f396d0d13a2aae044b807ea928510d232b8ad,egglog,3,ok,0,710.6692790985107,0,"[""/usr/bin/python3"", ""/home/arjaiswal/Polygeist/scripts/correctness/kernel_match_rewrite.py"", ""/home/arjaiswal/Polygeist/issues/aten_c_kernels/results/aten_reflection_pad3d_cpu/debuf.mlir"", ""--dry-run"", ""--matcher-mode"", ""egglog"", ""--telemetry-json"", ""/home/arjaiswal/Polygeist/issues/equality_saturation_eval/campaign_20260908/aten-aten_reflection_pad3d_cpu-egglog-0xnh477c.json"", ""--disable-semantic-fallback""]","== match report for /home/arjaiswal/Polygeist/issues/aten_c_kernels/results/aten_reflection_pad3d_cpu/debuf.mlir ==
  no_match       body#0  ?
  total: 0 matched / 1 bodies
",0,[],0,0,0,0,/home/arjaiswal/Polygeist/issues/aten_c_kernels/results/aten_reflection_pad3d_cpu/debuf.mlir,4267,8,1,0,286.10890358686447,1,64880,0.0,0,0,0,0,[],0,0,0,0.0,0
aten,aten_reflection_pad3d_cpu,/home/arjaiswal/Polygeist/issues/aten_c_kernels/results/aten_reflection_pad3d_cpu/debuf.mlir,c7823e4562bdbaca9a357adce23f396d0d13a2aae044b807ea928510d232b8ad,syntactic,3,ok,0,729.8026122152805,0,"[""/usr/bin/python3"", ""/home/arjaiswal/Polygeist/scripts/correctness/kernel_match_rewrite.py"", ""/home/arjaiswal/Polygeist/issues/aten_c_kernels/results/aten_reflection_pad3d_cpu/debuf.mlir"", ""--dry-run"", ""--matcher-mode"", ""syntactic"", ""--telemetry-json"", ""/home/arjaiswal/Polygeist/issues/equality_saturation_eval/campaign_20260908/aten-aten_reflection_pad3d_cpu-syntactic-_xhnpgje.json"", ""--disable-semantic-fallback""]","== match report for /home/arjaiswal/Polygeist/issues/aten_c_kernels/results/aten_reflection_pad3d_cpu/debuf.mlir ==
  no_match       body#0  ?
  total: 0 matched / 1 bodies
",0,[],0,0,0,0,/home/arjaiswal/Polygeist/issues/aten_c_kernels/results/aten_reflection_pad3d_cpu/debuf.mlir,4267,0,1,0,296.666257083416,1,64580,0.0,0,0,0,0,[],0,0,0,0.0,0
aten,aten_reflection_pad3d_cpu,/home/arjaiswal/Polygeist/issues/aten_c_kernels/results/aten_reflection_pad3d_cpu/debuf.mlir,c7823e4562bdbaca9a357adce23f396d0d13a2aae044b807ea928510d232b8ad,syntactic,4,ok,0,880.7693384587765,0,"[""/usr/bin/python3"", ""/home/arjaiswal/Polygeist/scripts/correctness/kernel_match_rewrite.py"", ""/home/arjaiswal/Polygeist/issues/aten_c_kernels/results/aten_reflection_pad3d_cpu/debuf.mlir"", ""--dry-run"", ""--matcher-mode"", ""syntactic"", ""--telemetry-json"", ""/home/arjaiswal/Polygeist/issues/equality_saturation_eval/campaign_20260908/aten-aten_reflection_pad3d_cpu-syntactic-7j12pf99.json"", ""--disable-semantic-fallback""]","== match report for /home/arjaiswal/Polygeist/issues/aten_c_kernels/results/aten_reflection_pad3d_cpu/debuf.mlir ==
  no_match       body#0  ?
  total: 0 matched / 1 bodies
",0,[],0,0,0,0,/home/arjaiswal/Polygeist/issues/aten_c_kernels/results/aten_reflection_pad3d_cpu/debuf.mlir,4267,0,1,0,295.6441193819046,1,64816,0.0,0,0,0,0,[],0,0,0,0.0,0
aten,aten_reflection_pad3d_cpu,/home/arjaiswal/Polygeist/issues/aten_c_kernels/results/aten_reflection_pad3d_cpu/debuf.mlir,c7823e4562bdbaca9a357adce23f396d0d13a2aae044b807ea928510d232b8ad,egglog,4,ok,0,731.3391380012035,0,"[""/usr/bin/python3"", ""/home/arjaiswal/Polygeist/scripts/correctness/kernel_match_rewrite.py"", ""/home/arjaiswal/Polygeist/issues/aten_c_kernels/results/aten_reflection_pad3d_cpu/debuf.mlir"", ""--dry-run"", ""--matcher-mode"", ""egglog"", ""--telemetry-json"", ""/home/arjaiswal/Polygeist/issues/equality_saturation_eval/campaign_20260908/aten-aten_reflection_pad3d_cpu-egglog-j6rrpyzo.json"", ""--disable-semantic-fallback""]","== match report for /home/arjaiswal/Polygeist/issues/aten_c_kernels/results/aten_reflection_pad3d_cpu/debuf.mlir ==
  no_match       body#0  ?
  total: 0 matched / 1 bodies
",0,[],0,0,0,0,/home/arjaiswal/Polygeist/issues/aten_c_kernels/results/aten_reflection_pad3d_cpu/debuf.mlir,4267,8,1,0,269.24074068665504,1,64684,0.0,0,0,0,0,[],0,0,0,0.0,0
aten,aten_reflection_pad3d_cpu,/home/arjaiswal/Polygeist/issues/aten_c_kernels/results/aten_reflection_pad3d_cpu/debuf.mlir,c7823e4562bdbaca9a357adce23f396d0d13a2aae044b807ea928510d232b8ad,egglog,5,ok,0,695.3070983290672,0,"[""/usr/bin/python3"", ""/home/arjaiswal/Polygeist/scripts/correctness/kernel_match_rewrite.py"", ""/home/arjaiswal/Polygeist/issues/aten_c_kernels/results/aten_reflection_pad3d_cpu/debuf.mlir"", ""--dry-run"", ""--matcher-mode"", ""egglog"", ""--telemetry-json"", ""/home/arjaiswal/Polygeist/issues/equality_saturation_eval/campaign_20260908/aten-aten_reflection_pad3d_cpu-egglog-qbalo0wx.json"", ""--disable-semantic-fallback""]","== match report for /home/arjaiswal/Polygeist/issues/aten_c_kernels/results/aten_reflection_pad3d_cpu/debuf.mlir ==
  no_match       body#0  ?
  total: 0 matched / 1 bodies
",0,[],0,0,0,0,/home/arjaiswal/Polygeist/issues/aten_c_kernels/results/aten_reflection_pad3d_cpu/debuf.mlir,4267,8,1,0,267.2479636967182,1,64468,0.0,0,0,0,0,[],0,0,0,0.0,0
aten,aten_reflection_pad3d_cpu,/home/arjaiswal/Polygeist/issues/aten_c_kernels/results/aten_reflection_pad3d_cpu/debuf.mlir,c7823e4562bdbaca9a357adce23f396d0d13a2aae044b807ea928510d232b8ad,syntactic,5,ok,0,723.6605137586594,0,"[""/usr/bin/python3"", ""/home/arjaiswal/Polygeist/scripts/correctness/kernel_match_rewrite.py"", ""/home/arjaiswal/Polygeist/issues/aten_c_kernels/results/aten_reflection_pad3d_cpu/debuf.mlir"", ""--dry-run"", ""--matcher-mode"", ""syntactic"", ""--telemetry-json"", ""/home/arjaiswal/Polygeist/issues/equality_saturation_eval/campaign_20260908/aten-aten_reflection_pad3d_cpu-syntactic-olq9dipf.json"", ""--disable-semantic-fallback""]","== match report for /home/arjaiswal/Polygeist/issues/aten_c_kernels/results/aten_reflection_pad3d_cpu/debuf.mlir ==
  no_match       body#0  ?
  total: 0 matched / 1 bodies
",0,[],0,0,0,0,/home/arjaiswal/Polygeist/issues/aten_c_kernels/results/aten_reflection_pad3d_cpu/debuf.mlir,4267,0,1,0,285.5280935764313,1,64980,0.0,0,0,0,0,[],0,0,0,0.0,0
aten,aten_relu,/home/arjaiswal/Polygeist/issues/aten_c_kernels/results/aten_relu/debuf.mlir,5d1c3d2afa2014fc9a64febb10c4f2d52f60e504dae2003921dbd30da5e69bac,syntactic,1,ok,0,825.1763358712196,0,"[""/usr/bin/python3"", ""/home/arjaiswal/Polygeist/scripts/correctness/kernel_match_rewrite.py"", ""/home/arjaiswal/Polygeist/issues/aten_c_kernels/results/aten_relu/debuf.mlir"", ""--dry-run"", ""--matcher-mode"", ""syntactic"", ""--telemetry-json"", ""/home/arjaiswal/Polygeist/issues/equality_saturation_eval/campaign_20260908/aten-aten_relu-syntactic-8i0grr7d.json"", ""--disable-semantic-fallback""]","== match report for /home/arjaiswal/Polygeist/issues/aten_c_kernels/results/aten_relu/debuf.mlir ==
  match          body#[0]  cutensorUnary_relu_f32
  total: 1 matched / 1 bodies
",0,[],0,0,0,0,/home/arjaiswal/Polygeist/issues/aten_c_kernels/results/aten_relu/debuf.mlir,1863,0,1,1,414.0551760792732,0,65852,0.12100487947463989,0,2,0,0,"[{""body_indices"": [0], ""symbol"": ""cutensorUnary_relu_f32""}]",1,0,42,0.0,42
aten,aten_relu,/home/arjaiswal/Polygeist/issues/aten_c_kernels/results/aten_relu/debuf.mlir,5d1c3d2afa2014fc9a64febb10c4f2d52f60e504dae2003921dbd30da5e69bac,egglog,1,ok,0,858.6710207164288,0,"[""/usr/bin/python3"", ""/home/arjaiswal/Polygeist/scripts/correctness/kernel_match_rewrite.py"", ""/home/arjaiswal/Polygeist/issues/aten_c_kernels/results/aten_relu/debuf.mlir"", ""--dry-run"", ""--matcher-mode"", ""egglog"", ""--telemetry-json"", ""/home/arjaiswal/Polygeist/issues/equality_saturation_eval/campaign_20260908/aten-aten_relu-egglog-rrzzeweq.json"", ""--disable-semantic-fallback""]","== match report for /home/arjaiswal/Polygeist/issues/aten_c_kernels/results/aten_relu/debuf.mlir ==
  match          body#[0]  cutensorUnary_relu_f32
  total: 1 matched / 1 bodies
",0,[],0,0,0,0,/home/arjaiswal/Polygeist/issues/aten_c_kernels/results/aten_relu/debuf.mlir,1863,8,1,1,441.7197220027447,0,69804,22.914927452802658,2,2,0,0,"[{""body_indices"": [0], ""symbol"": ""cutensorUnary_relu_f32""}]",1,0,0,0.0,42
aten,aten_relu,/home/arjaiswal/Polygeist/issues/aten_c_kernels/results/aten_relu/debuf.mlir,5d1c3d2afa2014fc9a64febb10c4f2d52f60e504dae2003921dbd30da5e69bac,egglog,2,ok,0,858.6481027305126,0,"[""/usr/bin/python3"", ""/home/arjaiswal/Polygeist/scripts/correctness/kernel_match_rewrite.py"", ""/home/arjaiswal/Polygeist/issues/aten_c_kernels/results/aten_relu/debuf.mlir"", ""--dry-run"", ""--matcher-mode"", ""egglog"", ""--telemetry-json"", ""/home/arjaiswal/Polygeist/issues/equality_saturation_eval/campaign_20260908/aten-aten_relu-egglog-82oq4yrt.json"", ""--disable-semantic-fallback""]","== match report for /home/arjaiswal/Polygeist/issues/aten_c_kernels/results/aten_relu/debuf.mlir ==
  match          body#[0]  cutensorUnary_relu_f32
  total: 1 matched / 1 bodies
",0,[],0,0,0,0,/home/arjaiswal/Polygeist/issues/aten_c_kernels/results/aten_relu/debuf.mlir,1863,8,1,1,437.4355748295784,0,69392,22.449493408203125,2,2,0,0,"[{""body_indices"": [0], ""symbol"": ""cutensorUnary_relu_f32""}]",1,0,0,0.0,42
aten,aten_relu,/home/arjaiswal/Polygeist/issues/aten_c_kernels/results/aten_relu/debuf.mlir,5d1c3d2afa2014fc9a64febb10c4f2d52f60e504dae2003921dbd30da5e69bac,syntactic,2,ok,0,842.2965295612812,0,"[""/usr/bin/python3"", ""/home/arjaiswal/Polygeist/scripts/correctness/kernel_match_rewrite.py"", ""/home/arjaiswal/Polygeist/issues/aten_c_kernels/results/aten_relu/debuf.mlir"", ""--dry-run"", ""--matcher-mode"", ""syntactic"", ""--telemetry-json"", ""/home/arjaiswal/Polygeist/issues/equality_saturation_eval/campaign_20260908/aten-aten_relu-syntactic-a299ro8h.json"", ""--disable-semantic-fallback""]","== match report for /home/arjaiswal/Polygeist/issues/aten_c_kernels/results/aten_relu/debuf.mlir ==
  match          body#[0]  cutensorUnary_relu_f32
  total: 1 matched / 1 bodies
",0,[],0,0,0,0,/home/arjaiswal/Polygeist/issues/aten_c_kernels/results/aten_relu/debuf.mlir,1863,0,1,1,433.2408607006073,0,65884,0.1273900270462036,0,2,0,0,"[{""body_indices"": [0], ""symbol"": ""cutensorUnary_relu_f32""}]",1,0,42,0.0,42
aten,aten_relu,/home/arjaiswal/Polygeist/issues/aten_c_kernels/results/aten_relu/debuf.mlir,5d1c3d2afa2014fc9a64febb10c4f2d52f60e504dae2003921dbd30da5e69bac,syntactic,3,ok,0,866.989977657795,0,"[""/usr/bin/python3"", ""/home/arjaiswal/Polygeist/scripts/correctness/kernel_match_rewrite.py"", ""/home/arjaiswal/Polygeist/issues/aten_c_kernels/results/aten_relu/debuf.mlir"", ""--dry-run"", ""--matcher-mode"", ""syntactic"", ""--telemetry-json"", ""/home/arjaiswal/Polygeist/issues/equality_saturation_eval/campaign_20260908/aten-aten_relu-syntactic-u8iug6y2.json"", ""--disable-semantic-fallback""]","== match report for /home/arjaiswal/Polygeist/issues/aten_c_kernels/results/aten_relu/debuf.mlir ==
  match          body#[0]  cutensorUnary_relu_f32
  total: 1 matched / 1 bodies
",0,[],0,0,0,0,/home/arjaiswal/Polygeist/issues/aten_c_kernels/results/aten_relu/debuf.mlir,1863,0,1,1,439.3024444580078,0,66096,0.13682618737220764,0,2,0,0,"[{""body_indices"": [0], ""symbol"": ""cutensorUnary_relu_f32""}]",1,0,42,0.0,42
aten,aten_relu,/home/arjaiswal/Polygeist/issues/aten_c_kernels/results/aten_relu/debuf.mlir,5d1c3d2afa2014fc9a64febb10c4f2d52f60e504dae2003921dbd30da5e69bac,egglog,3,ok,0,893.2599313557148,0,"[""/usr/bin/python3"", ""/home/arjaiswal/Polygeist/scripts/correctness/kernel_match_rewrite.py"", ""/home/arjaiswal/Polygeist/issues/aten_c_kernels/results/aten_relu/debuf.mlir"", ""--dry-run"", ""--matcher-mode"", ""egglog"", ""--telemetry-json"", ""/home/arjaiswal/Polygeist/issues/equality_saturation_eval/campaign_20260908/aten-aten_relu-egglog-wr_8c_qq.json"", ""--disable-semantic-fallback""]","== match report for /home/arjaiswal/Polygeist/issues/aten_c_kernels/results/aten_relu/debuf.mlir ==
  match          body#[0]  cutensorUnary_relu_f32
  total: 1 matched / 1 bodies
",0,[],0,0,0,0,/home/arjaiswal/Polygeist/issues/aten_c_kernels/results/aten_relu/debuf.mlir,1863,8,1,1,468.1416116654873,0,69664,22.828739136457443,2,2,0,0,"[{""body_indices"": [0], ""symbol"": ""cutensorUnary_relu_f32""}]",1,0,0,0.0,42
aten,aten_relu,/home/arjaiswal/Polygeist/issues/aten_c_kernels/results/aten_relu/debuf.mlir,5d1c3d2afa2014fc9a64febb10c4f2d52f60e504dae2003921dbd30da5e69bac,egglog,4,ok,0,883.7189935147762,0,"[""/usr/bin/python3"", ""/home/arjaiswal/Polygeist/scripts/correctness/kernel_match_rewrite.py"", ""/home/arjaiswal/Polygeist/issues/aten_c_kernels/results/aten_relu/debuf.mlir"", ""--dry-run"", ""--matcher-mode"", ""egglog"", ""--telemetry-json"", ""/home/arjaiswal/Polygeist/issues/equality_saturation_eval/campaign_20260908/aten-aten_relu-egglog-kcfo67ze.json"", ""--disable-semantic-fallback""]","== match report for /home/arjaiswal/Polygeist/issues/aten_c_kernels/results/aten_relu/debuf.mlir ==
  match          body#[0]  cutensorUnary_relu_f32
  total: 1 matched / 1 bodies
",0,[],0,0,0,0,/home/arjaiswal/Polygeist/issues/aten_c_kernels/results/aten_relu/debuf.mlir,1863,8,1,1,457.351416349411,0,69408,24.19046312570572,2,2,0,0,"[{""body_indices"": [0], ""symbol"": ""cutensorUnary_relu_f32""}]",1,0,0,0.0,42
aten,aten_relu,/home/arjaiswal/Polygeist/issues/aten_c_kernels/results/aten_relu/debuf.mlir,5d1c3d2afa2014fc9a64febb10c4f2d52f60e504dae2003921dbd30da5e69bac,syntactic,4,ok,0,884.5697976648808,0,"[""/usr/bin/python3"", ""/home/arjaiswal/Polygeist/scripts/correctness/kernel_match_rewrite.py"", ""/home/arjaiswal/Polygeist/issues/aten_c_kernels/results/aten_relu/debuf.mlir"", ""--dry-run"", ""--matcher-mode"", ""syntactic"", ""--telemetry-json"", ""/home/arjaiswal/Polygeist/issues/equality_saturation_eval/campaign_20260908/aten-aten_relu-syntactic-r21k6j_9.json"", ""--disable-semantic-fallback""]","== match report for /home/arjaiswal/Polygeist/issues/aten_c_kernels/results/aten_relu/debuf.mlir ==
  match          body#[0]  cutensorUnary_relu_f32
  total: 1 matched / 1 bodies
",0,[],0,0,0,0,/home/arjaiswal/Polygeist/issues/aten_c_kernels/results/aten_relu/debuf.mlir,1863,0,1,1,441.1146603524685,0,65828,0.12260675430297852,0,2,0,0,"[{""body_indices"": [0], ""symbol"": ""cutensorUnary_relu_f32""}]",1,0,42,0.0,42
aten,aten_relu,/home/arjaiswal/Polygeist/issues/aten_c_kernels/results/aten_relu/debuf.mlir,5d1c3d2afa2014fc9a64febb10c4f2d52f60e504dae2003921dbd30da5e69bac,syntactic,5,ok,0,855.835497379303,0,"[""/usr/bin/python3"", ""/home/arjaiswal/Polygeist/scripts/correctness/kernel_match_rewrite.py"", ""/home/arjaiswal/Polygeist/issues/aten_c_kernels/results/aten_relu/debuf.mlir"", ""--dry-run"", ""--matcher-mode"", ""syntactic"", ""--telemetry-json"", ""/home/arjaiswal/Polygeist/issues/equality_saturation_eval/campaign_20260908/aten-aten_relu-syntactic-6u7ag036.json"", ""--disable-semantic-fallback""]","== match report for /home/arjaiswal/Polygeist/issues/aten_c_kernels/results/aten_relu/debuf.mlir ==
  match          body#[0]  cutensorUnary_relu_f32
  total: 1 matched / 1 bodies
",0,[],0,0,0,0,/home/arjaiswal/Polygeist/issues/aten_c_kernels/results/aten_relu/debuf.mlir,1863,0,1,1,442.38727167248726,0,65940,0.118304044008255,0,2,0,0,"[{""body_indices"": [0], ""symbol"": ""cutensorUnary_relu_f32""}]",1,0,42,0.0,42
aten,aten_relu,/home/arjaiswal/Polygeist/issues/aten_c_kernels/results/aten_relu/debuf.mlir,5d1c3d2afa2014fc9a64febb10c4f2d52f60e504dae2003921dbd30da5e69bac,egglog,5,ok,0,916.6138246655464,0,"[""/usr/bin/python3"", ""/home/arjaiswal/Polygeist/scripts/correctness/kernel_match_rewrite.py"", ""/home/arjaiswal/Polygeist/issues/aten_c_kernels/results/aten_relu/debuf.mlir"", ""--dry-run"", ""--matcher-mode"", ""egglog"", ""--telemetry-json"", ""/home/arjaiswal/Polygeist/issues/equality_saturation_eval/campaign_20260908/aten-aten_relu-egglog-eonopr_y.json"", ""--disable-semantic-fallback""]","== match report for /home/arjaiswal/Polygeist/issues/aten_c_kernels/results/aten_relu/debuf.mlir ==
  match          body#[0]  cutensorUnary_relu_f32
  total: 1 matched / 1 bodies
",0,[],0,0,0,0,/home/arjaiswal/Polygeist/issues/aten_c_kernels/results/aten_relu/debuf.mlir,1863,8,1,1,473.3635038137436,0,69912,24.017546325922012,2,2,0,0,"[{""body_indices"": [0], ""symbol"": ""cutensorUnary_relu_f32""}]",1,0,0,0.0,42
aten,aten_remainder,/home/arjaiswal/Polygeist/issues/aten_c_kernels/results/aten_remainder/debuf.mlir,4f4af6f427e38a14e683bd56e50f1d56e07e81665297445c75269b23600b2a0d,egglog,1,ok,0,748.7389892339706,0,"[""/usr/bin/python3"", ""/home/arjaiswal/Polygeist/scripts/correctness/kernel_match_rewrite.py"", ""/home/arjaiswal/Polygeist/issues/aten_c_kernels/results/aten_remainder/debuf.mlir"", ""--dry-run"", ""--matcher-mode"", ""egglog"", ""--telemetry-json"", ""/home/arjaiswal/Polygeist/issues/equality_saturation_eval/campaign_20260908/aten-aten_remainder-egglog-prujzihy.json"", ""--disable-semantic-fallback""]","== match report for /home/arjaiswal/Polygeist/issues/aten_c_kernels/results/aten_remainder/debuf.mlir ==
  no_match       body#0  ?
  total: 0 matched / 1 bodies
",0,[],0,0,0,0,/home/arjaiswal/Polygeist/issues/aten_c_kernels/results/aten_remainder/debuf.mlir,2032,8,1,0,297.2702644765377,1,65516,0.0,0,0,0,0,[],0,0,0,0.0,6
aten,aten_remainder,/home/arjaiswal/Polygeist/issues/aten_c_kernels/results/aten_remainder/debuf.mlir,4f4af6f427e38a14e683bd56e50f1d56e07e81665297445c75269b23600b2a0d,syntactic,1,ok,0,728.2858937978745,0,"[""/usr/bin/python3"", ""/home/arjaiswal/Polygeist/scripts/correctness/kernel_match_rewrite.py"", ""/home/arjaiswal/Polygeist/issues/aten_c_kernels/results/aten_remainder/debuf.mlir"", ""--dry-run"", ""--matcher-mode"", ""syntactic"", ""--telemetry-json"", ""/home/arjaiswal/Polygeist/issues/equality_saturation_eval/campaign_20260908/aten-aten_remainder-syntactic-tj4ye13_.json"", ""--disable-semantic-fallback""]","== match report for /home/arjaiswal/Polygeist/issues/aten_c_kernels/results/aten_remainder/debuf.mlir ==
  no_match       body#0  ?
  total: 0 matched / 1 bodies
",0,[],0,0,0,0,/home/arjaiswal/Polygeist/issues/aten_c_kernels/results/aten_remainder/debuf.mlir,2032,0,1,0,297.0934435725212,1,65812,0.01738220453262329,0,0,0,0,[],0,0,6,0.0,6
aten,aten_remainder,/home/arjaiswal/Polygeist/issues/aten_c_kernels/results/aten_remainder/debuf.mlir,4f4af6f427e38a14e683bd56e50f1d56e07e81665297445c75269b23600b2a0d,syntactic,2,ok,0,704.8656605184078,0,"[""/usr/bin/python3"", ""/home/arjaiswal/Polygeist/scripts/correctness/kernel_match_rewrite.py"", ""/home/arjaiswal/Polygeist/issues/aten_c_kernels/results/aten_remainder/debuf.mlir"", ""--dry-run"", ""--matcher-mode"", ""syntactic"", ""--telemetry-json"", ""/home/arjaiswal/Polygeist/issues/equality_saturation_eval/campaign_20260908/aten-aten_remainder-syntactic-kvow4ash.json"", ""--disable-semantic-fallback""]","== match report for /home/arjaiswal/Polygeist/issues/aten_c_kernels/results/aten_remainder/debuf.mlir ==
  no_match       body#0  ?
  total: 0 matched / 1 bodies
",0,[],0,0,0,0,/home/arjaiswal/Polygeist/issues/aten_c_kernels/results/aten_remainder/debuf.mlir,2032,0,1,0,292.0766584575176,1,65692,0.01611188054084778,0,0,0,0,[],0,0,6,0.0,6
aten,aten_remainder,/home/arjaiswal/Polygeist/issues/aten_c_kernels/results/aten_remainder/debuf.mlir,4f4af6f427e38a14e683bd56e50f1d56e07e81665297445c75269b23600b2a0d,egglog,2,ok,0,765.3816044330597,0,"[""/usr/bin/python3"", ""/home/arjaiswal/Polygeist/scripts/correctness/kernel_match_rewrite.py"", ""/home/arjaiswal/Polygeist/issues/aten_c_kernels/results/aten_remainder/debuf.mlir"", ""--dry-run"", ""--matcher-mode"", ""egglog"", ""--telemetry-json"", ""/home/arjaiswal/Polygeist/issues/equality_saturation_eval/campaign_20260908/aten-aten_remainder-egglog-x8s1mdfe.json"", ""--disable-semantic-fallback""]","== match report for /home/arjaiswal/Polygeist/issues/aten_c_kernels/results/aten_remainder/debuf.mlir ==
  no_match       body#0  ?
  total: 0 matched / 1 bodies
",0,[],0,0,0,0,/home/arjaiswal/Polygeist/issues/aten_c_kernels/results/aten_remainder/debuf.mlir,2032,8,1,0,308.2505203783512,1,65520,0.0,0,0,0,0,[],0,0,0,0.0,6
aten,aten_remainder,/home/arjaiswal/Polygeist/issues/aten_c_kernels/results/aten_remainder/debuf.mlir,4f4af6f427e38a14e683bd56e50f1d56e07e81665297445c75269b23600b2a0d,egglog,3,ok,0,781.0382694005966,0,"[""/usr/bin/python3"", ""/home/arjaiswal/Polygeist/scripts/correctness/kernel_match_rewrite.py"", ""/home/arjaiswal/Polygeist/issues/aten_c_kernels/results/aten_remainder/debuf.mlir"", ""--dry-run"", ""--matcher-mode"", ""egglog"", ""--telemetry-json"", ""/home/arjaiswal/Polygeist/issues/equality_saturation_eval/campaign_20260908/aten-aten_remainder-egglog-ylqbae1z.json"", ""--disable-semantic-fallback""]","== match report for /home/arjaiswal/Polygeist/issues/aten_c_kernels/results/aten_remainder/debuf.mlir ==
  no_match       body#0  ?
  total: 0 matched / 1 bodies
",0,[],0,0,0,0,/home/arjaiswal/Polygeist/issues/aten_c_kernels/results/aten_remainder/debuf.mlir,2032,8,1,0,299.2214970290661,1,65700,0.0,0,0,0,0,[],0,0,0,0.0,6
aten,aten_remainder,/home/arjaiswal/Polygeist/issues/aten_c_kernels/results/aten_remainder/debuf.mlir,4f4af6f427e38a14e683bd56e50f1d56e07e81665297445c75269b23600b2a0d,syntactic,3,ok,0,691.0480447113514,0,"[""/usr/bin/python3"", ""/home/arjaiswal/Polygeist/scripts/correctness/kernel_match_rewrite.py"", ""/home/arjaiswal/Polygeist/issues/aten_c_kernels/results/aten_remainder/debuf.mlir"", ""--dry-run"", ""--matcher-mode"", ""syntactic"", ""--telemetry-json"", ""/home/arjaiswal/Polygeist/issues/equality_saturation_eval/campaign_20260908/aten-aten_remainder-syntactic-bn7a0zko.json"", ""--disable-semantic-fallback""]","== match report for /home/arjaiswal/Polygeist/issues/aten_c_kernels/results/aten_remainder/debuf.mlir ==
  no_match       body#0  ?
  total: 0 matched / 1 bodies
",0,[],0,0,0,0,/home/arjaiswal/Polygeist/issues/aten_c_kernels/results/aten_remainder/debuf.mlir,2032,0,1,0,283.42142701148987,1,65688,0.01703202724456787,0,0,0,0,[],0,0,6,0.0,6
aten,aten_remainder,/home/arjaiswal/Polygeist/issues/aten_c_kernels/results/aten_remainder/debuf.mlir,4f4af6f427e38a14e683bd56e50f1d56e07e81665297445c75269b23600b2a0d,syntactic,4,ok,0,712.2548930346966,0,"[""/usr/bin/python3"", ""/home/arjaiswal/Polygeist/scripts/correctness/kernel_match_rewrite.py"", ""/home/arjaiswal/Polygeist/issues/aten_c_kernels/results/aten_remainder/debuf.mlir"", ""--dry-run"", ""--matcher-mode"", ""syntactic"", ""--telemetry-json"", ""/home/arjaiswal/Polygeist/issues/equality_saturation_eval/campaign_20260908/aten-aten_remainder-syntactic-27gr66d4.json"", ""--disable-semantic-fallback""]","== match report for /home/arjaiswal/Polygeist/issues/aten_c_kernels/results/aten_remainder/debuf.mlir ==
  no_match       body#0  ?
  total: 0 matched / 1 bodies
",0,[],0,0,0,0,/home/arjaiswal/Polygeist/issues/aten_c_kernels/results/aten_remainder/debuf.mlir,2032,0,1,0,290.40639102458954,1,65592,0.016964972019195557,0,0,0,0,[],0,0,6,0.0,6
aten,aten_remainder,/home/arjaiswal/Polygeist/issues/aten_c_kernels/results/aten_remainder/debuf.mlir,4f4af6f427e38a14e683bd56e50f1d56e07e81665297445c75269b23600b2a0d,egglog,4,ok,0,746.4997656643391,0,"[""/usr/bin/python3"", ""/home/arjaiswal/Polygeist/scripts/correctness/kernel_match_rewrite.py"", ""/home/arjaiswal/Polygeist/issues/aten_c_kernels/results/aten_remainder/debuf.mlir"", ""--dry-run"", ""--matcher-mode"", ""egglog"", ""--telemetry-json"", ""/home/arjaiswal/Polygeist/issues/equality_saturation_eval/campaign_20260908/aten-aten_remainder-egglog-p7yd4g9i.json"", ""--disable-semantic-fallback""]","== match report for /home/arjaiswal/Polygeist/issues/aten_c_kernels/results/aten_remainder/debuf.mlir ==
  no_match       body#0  ?
  total: 0 matched / 1 bodies
",0,[],0,0,0,0,/home/arjaiswal/Polygeist/issues/aten_c_kernels/results/aten_remainder/debuf.mlir,2032,8,1,0,304.22184243798256,1,65664,0.0,0,0,0,0,[],0,0,0,0.0,6
aten,aten_remainder,/home/arjaiswal/Polygeist/issues/aten_c_kernels/results/aten_remainder/debuf.mlir,4f4af6f427e38a14e683bd56e50f1d56e07e81665297445c75269b23600b2a0d,egglog,5,ok,0,764.0573307871819,0,"[""/usr/bin/python3"", ""/home/arjaiswal/Polygeist/scripts/correctness/kernel_match_rewrite.py"", ""/home/arjaiswal/Polygeist/issues/aten_c_kernels/results/aten_remainder/debuf.mlir"", ""--dry-run"", ""--matcher-mode"", ""egglog"", ""--telemetry-json"", ""/home/arjaiswal/Polygeist/issues/equality_saturation_eval/campaign_20260908/aten-aten_remainder-egglog-k8fl6iav.json"", ""--disable-semantic-fallback""]","== match report for /home/arjaiswal/Polygeist/issues/aten_c_kernels/results/aten_remainder/debuf.mlir ==
  no_match       body#0  ?
  total: 0 matched / 1 bodies
",0,[],0,0,0,0,/home/arjaiswal/Polygeist/issues/aten_c_kernels/results/aten_remainder/debuf.mlir,2032,8,1,0,330.42001724243164,1,65608,0.0,0,0,0,0,[],0,0,0,0.0,6
aten,aten_remainder,/home/arjaiswal/Polygeist/issues/aten_c_kernels/results/aten_remainder/debuf.mlir,4f4af6f427e38a14e683bd56e50f1d56e07e81665297445c75269b23600b2a0d,syntactic,5,ok,0,720.3168459236622,0,"[""/usr/bin/python3"", ""/home/arjaiswal/Polygeist/scripts/correctness/kernel_match_rewrite.py"", ""/home/arjaiswal/Polygeist/issues/aten_c_kernels/results/aten_remainder/debuf.mlir"", ""--dry-run"", ""--matcher-mode"", ""syntactic"", ""--telemetry-json"", ""/home/arjaiswal/Polygeist/issues/equality_saturation_eval/campaign_20260908/aten-aten_remainder-syntactic-hxng0oz9.json"", ""--disable-semantic-fallback""]","== match report for /home/arjaiswal/Polygeist/issues/aten_c_kernels/results/aten_remainder/debuf.mlir ==
  no_match       body#0  ?
  total: 0 matched / 1 bodies
",0,[],0,0,0,0,/home/arjaiswal/Polygeist/issues/aten_c_kernels/results/aten_remainder/debuf.mlir,2032,0,1,0,295.96613347530365,1,65772,0.016380101442337036,0,0,0,0,[],0,0,6,0.0,6
aten,aten_renorm_scale_factor,/home/arjaiswal/Polygeist/issues/aten_c_kernels/results/aten_renorm_scale_factor/debuf.mlir,5a40321b1ca04c1156a786c6cfab0bf73b66828707de088b723d57e8a672a5e8,syntactic,1,ok,0,1008.1434696912766,0,"[""/usr/bin/python3"", ""/home/arjaiswal/Polygeist/scripts/correctness/kernel_match_rewrite.py"", ""/home/arjaiswal/Polygeist/issues/aten_c_kernels/results/aten_renorm_scale_factor/debuf.mlir"", ""--dry-run"", ""--matcher-mode"", ""syntactic"", ""--telemetry-json"", ""/home/arjaiswal/Polygeist/issues/equality_saturation_eval/campaign_20260908/aten-aten_renorm_scale_factor-syntactic-dlpfv1aa.json"", ""--disable-semantic-fallback""]","== match report for /home/arjaiswal/Polygeist/issues/aten_c_kernels/results/aten_renorm_scale_factor/debuf.mlir ==
  match          body#[0]  cudnnPointwiseGraph_f32
  total: 1 matched / 1 bodies
",0,[],0,0,0,0,/home/arjaiswal/Polygeist/issues/aten_c_kernels/results/aten_renorm_scale_factor/debuf.mlir,2015,0,1,1,574.4373388588428,0,66044,0.15823915600776672,0,0,0,0,"[{""body_indices"": [0], ""symbol"": ""cudnnPointwiseGraph_f32""}]",1,0,56,0.0,56
aten,aten_renorm_scale_factor,/home/arjaiswal/Polygeist/issues/aten_c_kernels/results/aten_renorm_scale_factor/debuf.mlir,5a40321b1ca04c1156a786c6cfab0bf73b66828707de088b723d57e8a672a5e8,egglog,1,ok,0,964.8833982646465,0,"[""/usr/bin/python3"", ""/home/arjaiswal/Polygeist/scripts/correctness/kernel_match_rewrite.py"", ""/home/arjaiswal/Polygeist/issues/aten_c_kernels/results/aten_renorm_scale_factor/debuf.mlir"", ""--dry-run"", ""--matcher-mode"", ""egglog"", ""--telemetry-json"", ""/home/arjaiswal/Polygeist/issues/equality_saturation_eval/campaign_20260908/aten-aten_renorm_scale_factor-egglog-cfun3yax.json"", ""--disable-semantic-fallback""]","== match report for /home/arjaiswal/Polygeist/issues/aten_c_kernels/results/aten_renorm_scale_factor/debuf.mlir ==
  match          body#[0]  cudnnPointwiseGraph_f32
  total: 1 matched / 1 bodies
",0,[],0,0,0,0,/home/arjaiswal/Polygeist/issues/aten_c_kernels/results/aten_renorm_scale_factor/debuf.mlir,2015,8,1,1,544.4169566035271,0,65952,0.0,0,0,0,0,"[{""body_indices"": [0], ""symbol"": ""cudnnPointwiseGraph_f32""}]",1,0,0,0.0,56
aten,aten_renorm_scale_factor,/home/arjaiswal/Polygeist/issues/aten_c_kernels/results/aten_renorm_scale_factor/debuf.mlir,5a40321b1ca04c1156a786c6cfab0bf73b66828707de088b723d57e8a672a5e8,egglog,2,ok,0,1053.0719235539436,0,"[""/usr/bin/python3"", ""/home/arjaiswal/Polygeist/scripts/correctness/kernel_match_rewrite.py"", ""/home/arjaiswal/Polygeist/issues/aten_c_kernels/results/aten_renorm_scale_factor/debuf.mlir"", ""--dry-run"", ""--matcher-mode"", ""egglog"", ""--telemetry-json"", ""/home/arjaiswal/Polygeist/issues/equality_saturation_eval/campaign_20260908/aten-aten_renorm_scale_factor-egglog-rlh5f6zt.json"", ""--disable-semantic-fallback""]","== match report for /home/arjaiswal/Polygeist/issues/aten_c_kernels/results/aten_renorm_scale_factor/debuf.mlir ==
  match          body#[0]  cudnnPointwiseGraph_f32
  total: 1 matched / 1 bodies
",0,[],0,0,0,0,/home/arjaiswal/Polygeist/issues/aten_c_kernels/results/aten_renorm_scale_factor/debuf.mlir,2015,8,1,1,615.7284118235111,0,66228,0.0,0,0,0,0,"[{""body_indices"": [0], ""symbol"": ""cudnnPointwiseGraph_f32""}]",1,0,0,0.0,56
aten,aten_renorm_scale_factor,/home/arjaiswal/Polygeist/issues/aten_c_kernels/results/aten_renorm_scale_factor/debuf.mlir,5a40321b1ca04c1156a786c6cfab0bf73b66828707de088b723d57e8a672a5e8,syntactic,2,ok,0,979.0418483316898,0,"[""/usr/bin/python3"", ""/home/arjaiswal/Polygeist/scripts/correctness/kernel_match_rewrite.py"", ""/home/arjaiswal/Polygeist/issues/aten_c_kernels/results/aten_renorm_scale_factor/debuf.mlir"", ""--dry-run"", ""--matcher-mode"", ""syntactic"", ""--telemetry-json"", ""/home/arjaiswal/Polygeist/issues/equality_saturation_eval/campaign_20260908/aten-aten_renorm_scale_factor-syntactic-l6jjm_b4.json"", ""--disable-semantic-fallback""]","== match report for /home/arjaiswal/Polygeist/issues/aten_c_kernels/results/aten_renorm_scale_factor/debuf.mlir ==
  match          body#[0]  cudnnPointwiseGraph_f32
  total: 1 matched / 1 bodies
",0,[],0,0,0,0,/home/arjaiswal/Polygeist/issues/aten_c_kernels/results/aten_renorm_scale_factor/debuf.mlir,2015,0,1,1,546.5639047324657,0,66356,0.1630820333957672,0,0,0,0,"[{""body_indices"": [0], ""symbol"": ""cudnnPointwiseGraph_f32""}]",1,0,56,0.0,56
aten,aten_renorm_scale_factor,/home/arjaiswal/Polygeist/issues/aten_c_kernels/results/aten_renorm_scale_factor/debuf.mlir,5a40321b1ca04c1156a786c6cfab0bf73b66828707de088b723d57e8a672a5e8,syntactic,3,ok,0,1105.643268674612,0,"[""/usr/bin/python3"", ""/home/arjaiswal/Polygeist/scripts/correctness/kernel_match_rewrite.py"", ""/home/arjaiswal/Polygeist/issues/aten_c_kernels/results/aten_renorm_scale_factor/debuf.mlir"", ""--dry-run"", ""--matcher-mode"", ""syntactic"", ""--telemetry-json"", ""/home/arjaiswal/Polygeist/issues/equality_saturation_eval/campaign_20260908/aten-aten_renorm_scale_factor-syntactic-_3hv3h_i.json"", ""--disable-semantic-fallback""]","== match report for /home/arjaiswal/Polygeist/issues/aten_c_kernels/results/aten_renorm_scale_factor/debuf.mlir ==
  match          body#[0]  cudnnPointwiseGraph_f32
  total: 1 matched / 1 bodies
",0,[],0,0,0,0,/home/arjaiswal/Polygeist/issues/aten_c_kernels/results/aten_renorm_scale_factor/debuf.mlir,2015,0,1,1,657.9449400305748,0,66048,0.1702047884464264,0,0,0,0,"[{""body_indices"": [0], ""symbol"": ""cudnnPointwiseGraph_f32""}]",1,0,56,0.0,56
aten,aten_renorm_scale_factor,/home/arjaiswal/Polygeist/issues/aten_c_kernels/results/aten_renorm_scale_factor/debuf.mlir,5a40321b1ca04c1156a786c6cfab0bf73b66828707de088b723d57e8a672a5e8,egglog,3,ok,0,1003.7951953709126,0,"[""/usr/bin/python3"", ""/home/arjaiswal/Polygeist/scripts/correctness/kernel_match_rewrite.py"", ""/home/arjaiswal/Polygeist/issues/aten_c_kernels/results/aten_renorm_scale_factor/debuf.mlir"", ""--dry-run"", ""--matcher-mode"", ""egglog"", ""--telemetry-json"", ""/home/arjaiswal/Polygeist/issues/equality_saturation_eval/campaign_20260908/aten-aten_renorm_scale_factor-egglog-s2m8rkf3.json"", ""--disable-semantic-fallback""]","== match report for /home/arjaiswal/Polygeist/issues/aten_c_kernels/results/aten_renorm_scale_factor/debuf.mlir ==
  match          body#[0]  cudnnPointwiseGraph_f32
  total: 1 matched / 1 bodies
",0,[],0,0,0,0,/home/arjaiswal/Polygeist/issues/aten_c_kernels/results/aten_renorm_scale_factor/debuf.mlir,2015,8,1,1,568.9358711242676,0,66152,0.0,0,0,0,0,"[{""body_indices"": [0], ""symbol"": ""cudnnPointwiseGraph_f32""}]",1,0,0,0.0,56
aten,aten_renorm_scale_factor,/home/arjaiswal/Polygeist/issues/aten_c_kernels/results/aten_renorm_scale_factor/debuf.mlir,5a40321b1ca04c1156a786c6cfab0bf73b66828707de088b723d57e8a672a5e8,egglog,4,ok,0,1010.7572078704834,0,"[""/usr/bin/python3"", ""/home/arjaiswal/Polygeist/scripts/correctness/kernel_match_rewrite.py"", ""/home/arjaiswal/Polygeist/issues/aten_c_kernels/results/aten_renorm_scale_factor/debuf.mlir"", ""--dry-run"", ""--matcher-mode"", ""egglog"", ""--telemetry-json"", ""/home/arjaiswal/Polygeist/issues/equality_saturation_eval/campaign_20260908/aten-aten_renorm_scale_factor-egglog-puc0idew.json"", ""--disable-semantic-fallback""]","== match report for /home/arjaiswal/Polygeist/issues/aten_c_kernels/results/aten_renorm_scale_factor/debuf.mlir ==
  match          body#[0]  cudnnPointwiseGraph_f32
  total: 1 matched / 1 bodies
",0,[],0,0,0,0,/home/arjaiswal/Polygeist/issues/aten_c_kernels/results/aten_renorm_scale_factor/debuf.mlir,2015,8,1,1,585.5865962803364,0,66180,0.0,0,0,0,0,"[{""body_indices"": [0], ""symbol"": ""cudnnPointwiseGraph_f32""}]",1,0,0,0.0,56
aten,aten_renorm_scale_factor,/home/arjaiswal/Polygeist/issues/aten_c_kernels/results/aten_renorm_scale_factor/debuf.mlir,5a40321b1ca04c1156a786c6cfab0bf73b66828707de088b723d57e8a672a5e8,syntactic,4,ok,0,983.4695123136044,0,"[""/usr/bin/python3"", ""/home/arjaiswal/Polygeist/scripts/correctness/kernel_match_rewrite.py"", ""/home/arjaiswal/Polygeist/issues/aten_c_kernels/results/aten_renorm_scale_factor/debuf.mlir"", ""--dry-run"", ""--matcher-mode"", ""syntactic"", ""--telemetry-json"", ""/home/arjaiswal/Polygeist/issues/equality_saturation_eval/campaign_20260908/aten-aten_renorm_scale_factor-syntactic-e22bc0_q.json"", ""--disable-semantic-fallback""]","== match report for /home/arjaiswal/Polygeist/issues/aten_c_kernels/results/aten_renorm_scale_factor/debuf.mlir ==
  match          body#[0]  cudnnPointwiseGraph_f32
  total: 1 matched / 1 bodies
",0,[],0,0,0,0,/home/arjaiswal/Polygeist/issues/aten_c_kernels/results/aten_renorm_scale_factor/debuf.mlir,2015,0,1,1,559.1008849442005,0,65972,0.16996264457702637,0,0,0,0,"[{""body_indices"": [0], ""symbol"": ""cudnnPointwiseGraph_f32""}]",1,0,56,0.0,56
aten,aten_renorm_scale_factor,/home/arjaiswal/Polygeist/issues/aten_c_kernels/results/aten_renorm_scale_factor/debuf.mlir,5a40321b1ca04c1156a786c6cfab0bf73b66828707de088b723d57e8a672a5e8,syntactic,5,ok,0,985.5583496391773,0,"[""/usr/bin/python3"", ""/home/arjaiswal/Polygeist/scripts/correctness/kernel_match_rewrite.py"", ""/home/arjaiswal/Polygeist/issues/aten_c_kernels/results/aten_renorm_scale_factor/debuf.mlir"", ""--dry-run"", ""--matcher-mode"", ""syntactic"", ""--telemetry-json"", ""/home/arjaiswal/Polygeist/issues/equality_saturation_eval/campaign_20260908/aten-aten_renorm_scale_factor-syntactic-0evdku4i.json"", ""--disable-semantic-fallback""]","== match report for /home/arjaiswal/Polygeist/issues/aten_c_kernels/results/aten_renorm_scale_factor/debuf.mlir ==
  match          body#[0]  cudnnPointwiseGraph_f32
  total: 1 matched / 1 bodies
",0,[],0,0,0,0,/home/arjaiswal/Polygeist/issues/aten_c_kernels/results/aten_renorm_scale_factor/debuf.mlir,2015,0,1,1,553.5200424492359,0,66388,0.1599639654159546,0,0,0,0,"[{""body_indices"": [0], ""symbol"": ""cudnnPointwiseGraph_f32""}]",1,0,56,0.0,56
aten,aten_renorm_scale_factor,/home/arjaiswal/Polygeist/issues/aten_c_kernels/results/aten_renorm_scale_factor/debuf.mlir,5a40321b1ca04c1156a786c6cfab0bf73b66828707de088b723d57e8a672a5e8,egglog,5,ok,0,981.5025068819523,0,"[""/usr/bin/python3"", ""/home/arjaiswal/Polygeist/scripts/correctness/kernel_match_rewrite.py"", ""/home/arjaiswal/Polygeist/issues/aten_c_kernels/results/aten_renorm_scale_factor/debuf.mlir"", ""--dry-run"", ""--matcher-mode"", ""egglog"", ""--telemetry-json"", ""/home/arjaiswal/Polygeist/issues/equality_saturation_eval/campaign_20260908/aten-aten_renorm_scale_factor-egglog-kcs19z5i.json"", ""--disable-semantic-fallback""]","== match report for /home/arjaiswal/Polygeist/issues/aten_c_kernels/results/aten_renorm_scale_factor/debuf.mlir ==
  match          body#[0]  cudnnPointwiseGraph_f32
  total: 1 matched / 1 bodies
",0,[],0,0,0,0,/home/arjaiswal/Polygeist/issues/aten_c_kernels/results/aten_renorm_scale_factor/debuf.mlir,2015,8,1,1,541.1513075232506,0,66132,0.0,0,0,0,0,"[{""body_indices"": [0], ""symbol"": ""cudnnPointwiseGraph_f32""}]",1,0,0,0.0,56
aten,aten_repeat_compute_cpu,/home/arjaiswal/Polygeist/issues/aten_c_kernels/results/aten_repeat_compute_cpu/debuf.mlir,2780616f9caec9346f80e7ee850ffb4b9c575a44240ca5c86787eab43035b9ee,egglog,1,ok,0,858.1984154880047,0,"[""/usr/bin/python3"", ""/home/arjaiswal/Polygeist/scripts/correctness/kernel_match_rewrite.py"", ""/home/arjaiswal/Polygeist/issues/aten_c_kernels/results/aten_repeat_compute_cpu/debuf.mlir"", ""--dry-run"", ""--matcher-mode"", ""egglog"", ""--telemetry-json"", ""/home/arjaiswal/Polygeist/issues/equality_saturation_eval/campaign_20260908/aten-aten_repeat_compute_cpu-egglog-jjq6nxok.json"", ""--disable-semantic-fallback""]","== match report for /home/arjaiswal/Polygeist/issues/aten_c_kernels/results/aten_repeat_compute_cpu/debuf.mlir ==
  match          body#[0]  cublasBroadcastAxis1_f32
  total: 1 matched / 1 bodies
",0,[],0,0,0,0,/home/arjaiswal/Polygeist/issues/aten_c_kernels/results/aten_repeat_compute_cpu/debuf.mlir,2262,8,1,1,443.8757598400116,0,69812,21.04436233639717,2,2,0,0,"[{""body_indices"": [0], ""symbol"": ""cublasBroadcastAxis1_f32""}]",1,0,0,0.0,50
aten,aten_repeat_compute_cpu,/home/arjaiswal/Polygeist/issues/aten_c_kernels/results/aten_repeat_compute_cpu/debuf.mlir,2780616f9caec9346f80e7ee850ffb4b9c575a44240ca5c86787eab43035b9ee,syntactic,1,ok,0,816.4357505738735,0,"[""/usr/bin/python3"", ""/home/arjaiswal/Polygeist/scripts/correctness/kernel_match_rewrite.py"", ""/home/arjaiswal/Polygeist/issues/aten_c_kernels/results/aten_repeat_compute_cpu/debuf.mlir"", ""--dry-run"", ""--matcher-mode"", ""syntactic"", ""--telemetry-json"", ""/home/arjaiswal/Polygeist/issues/equality_saturation_eval/campaign_20260908/aten-aten_repeat_compute_cpu-syntactic-1cd5_0h9.json"", ""--disable-semantic-fallback""]","== match report for /home/arjaiswal/Polygeist/issues/aten_c_kernels/results/aten_repeat_compute_cpu/debuf.mlir ==
  match          body#[0]  cublasBroadcastAxis1_f32
  total: 1 matched / 1 bodies
",0,[],0,0,0,0,/home/arjaiswal/Polygeist/issues/aten_c_kernels/results/aten_repeat_compute_cpu/debuf.mlir,2262,0,1,1,386.0319256782532,0,65856,0.1279786229133606,0,2,0,0,"[{""body_indices"": [0], ""symbol"": ""cublasBroadcastAxis1_f32""}]",1,0,50,0.0,50
aten,aten_repeat_compute_cpu,/home/arjaiswal/Polygeist/issues/aten_c_kernels/results/aten_repeat_compute_cpu/debuf.mlir,2780616f9caec9346f80e7ee850ffb4b9c575a44240ca5c86787eab43035b9ee,syntactic,2,ok,0,787.576474249363,0,"[""/usr/bin/python3"", ""/home/arjaiswal/Polygeist/scripts/correctness/kernel_match_rewrite.py"", ""/home/arjaiswal/Polygeist/issues/aten_c_kernels/results/aten_repeat_compute_cpu/debuf.mlir"", ""--dry-run"", ""--matcher-mode"", ""syntactic"", ""--telemetry-json"", ""/home/arjaiswal/Polygeist/issues/equality_saturation_eval/campaign_20260908/aten-aten_repeat_compute_cpu-syntactic-ihvexyre.json"", ""--disable-semantic-fallback""]","== match report for /home/arjaiswal/Polygeist/issues/aten_c_kernels/results/aten_repeat_compute_cpu/debuf.mlir ==
  match          body#[0]  cublasBroadcastAxis1_f32
  total: 1 matched / 1 bodies
",0,[],0,0,0,0,/home/arjaiswal/Polygeist/issues/aten_c_kernels/results/aten_repeat_compute_cpu/debuf.mlir,2262,0,1,1,371.6021664440632,0,65476,0.12124702334403992,0,2,0,0,"[{""body_indices"": [0], ""symbol"": ""cublasBroadcastAxis1_f32""}]",1,0,50,0.0,50
aten,aten_repeat_compute_cpu,/home/arjaiswal/Polygeist/issues/aten_c_kernels/results/aten_repeat_compute_cpu/debuf.mlir,2780616f9caec9346f80e7ee850ffb4b9c575a44240ca5c86787eab43035b9ee,egglog,2,ok,0,861.3938093185425,0,"[""/usr/bin/python3"", ""/home/arjaiswal/Polygeist/scripts/correctness/kernel_match_rewrite.py"", ""/home/arjaiswal/Polygeist/issues/aten_c_kernels/results/aten_repeat_compute_cpu/debuf.mlir"", ""--dry-run"", ""--matcher-mode"", ""egglog"", ""--telemetry-json"", ""/home/arjaiswal/Polygeist/issues/equality_saturation_eval/campaign_20260908/aten-aten_repeat_compute_cpu-egglog-byxi5quz.json"", ""--disable-semantic-fallback""]","== match report for /home/arjaiswal/Polygeist/issues/aten_c_kernels/results/aten_repeat_compute_cpu/debuf.mlir ==
  match          body#[0]  cublasBroadcastAxis1_f32
  total: 1 matched / 1 bodies
",0,[],0,0,0,0,/home/arjaiswal/Polygeist/issues/aten_c_kernels/results/aten_repeat_compute_cpu/debuf.mlir,2262,8,1,1,425.0111021101475,0,69896,22.331103682518005,2,2,0,0,"[{""body_indices"": [0], ""symbol"": ""cublasBroadcastAxis1_f32""}]",1,0,0,0.0,50
aten,aten_repeat_compute_cpu,/home/arjaiswal/Polygeist/issues/aten_c_kernels/results/aten_repeat_compute_cpu/debuf.mlir,2780616f9caec9346f80e7ee850ffb4b9c575a44240ca5c86787eab43035b9ee,egglog,3,ok,0,896.1459845304489,0,"[""/usr/bin/python3"", ""/home/arjaiswal/Polygeist/scripts/correctness/kernel_match_rewrite.py"", ""/home/arjaiswal/Polygeist/issues/aten_c_kernels/results/aten_repeat_compute_cpu/debuf.mlir"", ""--dry-run"", ""--matcher-mode"", ""egglog"", ""--telemetry-json"", ""/home/arjaiswal/Polygeist/issues/equality_saturation_eval/campaign_20260908/aten-aten_repeat_compute_cpu-egglog-6qmn39no.json"", ""--disable-semantic-fallback""]","== match report for /home/arjaiswal/Polygeist/issues/aten_c_kernels/results/aten_repeat_compute_cpu/debuf.mlir ==
  match          body#[0]  cublasBroadcastAxis1_f32
  total: 1 matched / 1 bodies
",0,[],0,0,0,0,/home/arjaiswal/Polygeist/issues/aten_c_kernels/results/aten_repeat_compute_cpu/debuf.mlir,2262,8,1,1,471.3311828672886,0,69692,21.16512507200241,2,2,0,0,"[{""body_indices"": [0], ""symbol"": ""cublasBroadcastAxis1_f32""}]",1,0,0,0.0,50
aten,aten_repeat_compute_cpu,/home/arjaiswal/Polygeist/issues/aten_c_kernels/results/aten_repeat_compute_cpu/debuf.mlir,2780616f9caec9346f80e7ee850ffb4b9c575a44240ca5c86787eab43035b9ee,syntactic,3,ok,0,784.4237461686134,0,"[""/usr/bin/python3"", ""/home/arjaiswal/Polygeist/scripts/correctness/kernel_match_rewrite.py"", ""/home/arjaiswal/Polygeist/issues/aten_c_kernels/results/aten_repeat_compute_cpu/debuf.mlir"", ""--dry-run"", ""--matcher-mode"", ""syntactic"", ""--telemetry-json"", ""/home/arjaiswal/Polygeist/issues/equality_saturation_eval/campaign_20260908/aten-aten_repeat_compute_cpu-syntactic-ie3un11q.json"", ""--disable-semantic-fallback""]","== match report for /home/arjaiswal/Polygeist/issues/aten_c_kernels/results/aten_repeat_compute_cpu/debuf.mlir ==
  match          body#[0]  cublasBroadcastAxis1_f32
  total: 1 matched / 1 bodies
",0,[],0,0,0,0,/home/arjaiswal/Polygeist/issues/aten_c_kernels/results/aten_repeat_compute_cpu/debuf.mlir,2262,0,1,1,367.14283749461174,0,65616,0.12073665857315063,0,2,0,0,"[{""body_indices"": [0], ""symbol"": ""cublasBroadcastAxis1_f32""}]",1,0,50,0.0,50
aten,aten_repeat_compute_cpu,/home/arjaiswal/Polygeist/issues/aten_c_kernels/results/aten_repeat_compute_cpu/debuf.mlir,2780616f9caec9346f80e7ee850ffb4b9c575a44240ca5c86787eab43035b9ee,syntactic,4,ok,0,789.8977510631084,0,"[""/usr/bin/python3"", ""/home/arjaiswal/Polygeist/scripts/correctness/kernel_match_rewrite.py"", ""/home/arjaiswal/Polygeist/issues/aten_c_kernels/results/aten_repeat_compute_cpu/debuf.mlir"", ""--dry-run"", ""--matcher-mode"", ""syntactic"", ""--telemetry-json"", ""/home/arjaiswal/Polygeist/issues/equality_saturation_eval/campaign_20260908/aten-aten_repeat_compute_cpu-syntactic-1v1a3g_z.json"", ""--disable-semantic-fallback""]","== match report for /home/arjaiswal/Polygeist/issues/aten_c_kernels/results/aten_repeat_compute_cpu/debuf.mlir ==
  match          body#[0]  cublasBroadcastAxis1_f32
  total: 1 matched / 1 bodies
",0,[],0,0,0,0,/home/arjaiswal/Polygeist/issues/aten_c_kernels/results/aten_repeat_compute_cpu/debuf.mlir,2262,0,1,1,375.6313920021057,0,65616,0.11910125613212585,0,2,0,0,"[{""body_indices"": [0], ""symbol"": ""cublasBroadcastAxis1_f32""}]",1,0,50,0.0,50
aten,aten_repeat_compute_cpu,/home/arjaiswal/Polygeist/issues/aten_c_kernels/results/aten_repeat_compute_cpu/debuf.mlir,2780616f9caec9346f80e7ee850ffb4b9c575a44240ca5c86787eab43035b9ee,egglog,4,ok,0,798.1352359056473,0,"[""/usr/bin/python3"", ""/home/arjaiswal/Polygeist/scripts/correctness/kernel_match_rewrite.py"", ""/home/arjaiswal/Polygeist/issues/aten_c_kernels/results/aten_repeat_compute_cpu/debuf.mlir"", ""--dry-run"", ""--matcher-mode"", ""egglog"", ""--telemetry-json"", ""/home/arjaiswal/Polygeist/issues/equality_saturation_eval/campaign_20260908/aten-aten_repeat_compute_cpu-egglog-rda4c39z.json"", ""--disable-semantic-fallback""]","== match report for /home/arjaiswal/Polygeist/issues/aten_c_kernels/results/aten_repeat_compute_cpu/debuf.mlir ==
  match          body#[0]  cublasBroadcastAxis1_f32
  total: 1 matched / 1 bodies
",0,[],0,0,0,0,/home/arjaiswal/Polygeist/issues/aten_c_kernels/results/aten_repeat_compute_cpu/debuf.mlir,2262,8,1,1,387.5662088394165,0,69812,20.859401673078537,2,2,0,0,"[{""body_indices"": [0], ""symbol"": ""cublasBroadcastAxis1_f32""}]",1,0,0,0.0,50
aten,aten_repeat_compute_cpu,/home/arjaiswal/Polygeist/issues/aten_c_kernels/results/aten_repeat_compute_cpu/debuf.mlir,2780616f9caec9346f80e7ee850ffb4b9c575a44240ca5c86787eab43035b9ee,egglog,5,ok,0,810.7315450906754,0,"[""/usr/bin/python3"", ""/home/arjaiswal/Polygeist/scripts/correctness/kernel_match_rewrite.py"", ""/home/arjaiswal/Polygeist/issues/aten_c_kernels/results/aten_repeat_compute_cpu/debuf.mlir"", ""--dry-run"", ""--matcher-mode"", ""egglog"", ""--telemetry-json"", ""/home/arjaiswal/Polygeist/issues/equality_saturation_eval/campaign_20260908/aten-aten_repeat_compute_cpu-egglog-54_vacxk.json"", ""--disable-semantic-fallback""]","== match report for /home/arjaiswal/Polygeist/issues/aten_c_kernels/results/aten_repeat_compute_cpu/debuf.mlir ==
  match          body#[0]  cublasBroadcastAxis1_f32
  total: 1 matched / 1 bodies
",0,[],0,0,0,0,/home/arjaiswal/Polygeist/issues/aten_c_kernels/results/aten_repeat_compute_cpu/debuf.mlir,2262,8,1,1,391.8767422437668,0,69836,21.604567766189575,2,2,0,0,"[{""body_indices"": [0], ""symbol"": ""cublasBroadcastAxis1_f32""}]",1,0,0,0.0,50
aten,aten_repeat_compute_cpu,/home/arjaiswal/Polygeist/issues/aten_c_kernels/results/aten_repeat_compute_cpu/debuf.mlir,2780616f9caec9346f80e7ee850ffb4b9c575a44240ca5c86787eab43035b9ee,syntactic,5,ok,0,799.7256517410278,0,"[""/usr/bin/python3"", ""/home/arjaiswal/Polygeist/scripts/correctness/kernel_match_rewrite.py"", ""/home/arjaiswal/Polygeist/issues/aten_c_kernels/results/aten_repeat_compute_cpu/debuf.mlir"", ""--dry-run"", ""--matcher-mode"", ""syntactic"", ""--telemetry-json"", ""/home/arjaiswal/Polygeist/issues/equality_saturation_eval/campaign_20260908/aten-aten_repeat_compute_cpu-syntactic-6mql5jup.json"", ""--disable-semantic-fallback""]","== match report for /home/arjaiswal/Polygeist/issues/aten_c_kernels/results/aten_repeat_compute_cpu/debuf.mlir ==
  match          body#[0]  cublasBroadcastAxis1_f32
  total: 1 matched / 1 bodies
",0,[],0,0,0,0,/home/arjaiswal/Polygeist/issues/aten_c_kernels/results/aten_repeat_compute_cpu/debuf.mlir,2262,0,1,1,381.6443495452404,0,65740,0.12185797095298767,0,2,0,0,"[{""body_indices"": [0], ""symbol"": ""cublasBroadcastAxis1_f32""}]",1,0,50,0.0,50
aten,aten_repeat_tensor_shape_cpu,/home/arjaiswal/Polygeist/issues/aten_c_kernels/results/aten_repeat_tensor_shape_cpu/debuf.mlir,cf70928110777f068310b34419d6979d90ebc16536f56df77a5dccb6a0396a61,syntactic,1,ok,0,783.4358587861061,0,"[""/usr/bin/python3"", ""/home/arjaiswal/Polygeist/scripts/correctness/kernel_match_rewrite.py"", ""/home/arjaiswal/Polygeist/issues/aten_c_kernels/results/aten_repeat_tensor_shape_cpu/debuf.mlir"", ""--dry-run"", ""--matcher-mode"", ""syntactic"", ""--telemetry-json"", ""/home/arjaiswal/Polygeist/issues/equality_saturation_eval/campaign_20260908/aten-aten_repeat_tensor_shape_cpu-syntactic-ecc32iho.json"", ""--disable-semantic-fallback""]","== match report for /home/arjaiswal/Polygeist/issues/aten_c_kernels/results/aten_repeat_tensor_shape_cpu/debuf.mlir ==
  match          body#[0]  cublasBroadcastAxis1_f32
  total: 1 matched / 1 bodies
",0,[],0,0,0,0,/home/arjaiswal/Polygeist/issues/aten_c_kernels/results/aten_repeat_tensor_shape_cpu/debuf.mlir,2267,0,1,1,372.00015410780907,0,65668,0.1099519431591034,0,2,0,0,"[{""body_indices"": [0], ""symbol"": ""cublasBroadcastAxis1_f32""}]",1,0,50,0.0,50
aten,aten_repeat_tensor_shape_cpu,/home/arjaiswal/Polygeist/issues/aten_c_kernels/results/aten_repeat_tensor_shape_cpu/debuf.mlir,cf70928110777f068310b34419d6979d90ebc16536f56df77a5dccb6a0396a61,egglog,1,ok,0,839.1050323843956,0,"[""/usr/bin/python3"", ""/home/arjaiswal/Polygeist/scripts/correctness/kernel_match_rewrite.py"", ""/home/arjaiswal/Polygeist/issues/aten_c_kernels/results/aten_repeat_tensor_shape_cpu/debuf.mlir"", ""--dry-run"", ""--matcher-mode"", ""egglog"", ""--telemetry-json"", ""/home/arjaiswal/Polygeist/issues/equality_saturation_eval/campaign_20260908/aten-aten_repeat_tensor_shape_cpu-egglog-h9li6jh5.json"", ""--disable-semantic-fallback""]","== match report for /home/arjaiswal/Polygeist/issues/aten_c_kernels/results/aten_repeat_tensor_shape_cpu/debuf.mlir ==
  match          body#[0]  cublasBroadcastAxis1_f32
  total: 1 matched / 1 bodies
",0,[],0,0,0,0,/home/arjaiswal/Polygeist/issues/aten_c_kernels/results/aten_repeat_tensor_shape_cpu/debuf.mlir,2267,8,1,1,407.43497386574745,0,69720,21.366052329540253,2,2,0,0,"[{""body_indices"": [0], ""symbol"": ""cublasBroadcastAxis1_f32""}]",1,0,0,0.0,50
aten,aten_repeat_tensor_shape_cpu,/home/arjaiswal/Polygeist/issues/aten_c_kernels/results/aten_repeat_tensor_shape_cpu/debuf.mlir,cf70928110777f068310b34419d6979d90ebc16536f56df77a5dccb6a0396a61,egglog,2,ok,0,814.9258829653263,0,"[""/usr/bin/python3"", ""/home/arjaiswal/Polygeist/scripts/correctness/kernel_match_rewrite.py"", ""/home/arjaiswal/Polygeist/issues/aten_c_kernels/results/aten_repeat_tensor_shape_cpu/debuf.mlir"", ""--dry-run"", ""--matcher-mode"", ""egglog"", ""--telemetry-json"", ""/home/arjaiswal/Polygeist/issues/equality_saturation_eval/campaign_20260908/aten-aten_repeat_tensor_shape_cpu-egglog-s3f9p495.json"", ""--disable-semantic-fallback""]","== match report for /home/arjaiswal/Polygeist/issues/aten_c_kernels/results/aten_repeat_tensor_shape_cpu/debuf.mlir ==
  match          body#[0]  cublasBroadcastAxis1_f32
  total: 1 matched / 1 bodies
",0,[],0,0,0,0,/home/arjaiswal/Polygeist/issues/aten_c_kernels/results/aten_repeat_tensor_shape_cpu/debuf.mlir,2267,8,1,1,398.79029244184494,0,69572,21.851513534784317,2,2,0,0,"[{""body_indices"": [0], ""symbol"": ""cublasBroadcastAxis1_f32""}]",1,0,0,0.0,50
aten,aten_repeat_tensor_shape_cpu,/home/arjaiswal/Polygeist/issues/aten_c_kernels/results/aten_repeat_tensor_shape_cpu/debuf.mlir,cf70928110777f068310b34419d6979d90ebc16536f56df77a5dccb6a0396a61,syntactic,2,ok,0,782.5790345668793,0,"[""/usr/bin/python3"", ""/home/arjaiswal/Polygeist/scripts/correctness/kernel_match_rewrite.py"", ""/home/arjaiswal/Polygeist/issues/aten_c_kernels/results/aten_repeat_tensor_shape_cpu/debuf.mlir"", ""--dry-run"", ""--matcher-mode"", ""syntactic"", ""--telemetry-json"", ""/home/arjaiswal/Polygeist/issues/equality_saturation_eval/campaign_20260908/aten-aten_repeat_tensor_shape_cpu-syntactic-066an5j7.json"", ""--disable-semantic-fallback""]","== match report for /home/arjaiswal/Polygeist/issues/aten_c_kernels/results/aten_repeat_tensor_shape_cpu/debuf.mlir ==
  match          body#[0]  cublasBroadcastAxis1_f32
  total: 1 matched / 1 bodies
",0,[],0,0,0,0,/home/arjaiswal/Polygeist/issues/aten_c_kernels/results/aten_repeat_tensor_shape_cpu/debuf.mlir,2267,0,1,1,370.6410974264145,0,65748,0.13708695769309998,0,2,0,0,"[{""body_indices"": [0], ""symbol"": ""cublasBroadcastAxis1_f32""}]",1,0,50,0.0,50
aten,aten_repeat_tensor_shape_cpu,/home/arjaiswal/Polygeist/issues/aten_c_kernels/results/aten_repeat_tensor_shape_cpu/debuf.mlir,cf70928110777f068310b34419d6979d90ebc16536f56df77a5dccb6a0396a61,syntactic,3,ok,0,798.2892021536827,0,"[""/usr/bin/python3"", ""/home/arjaiswal/Polygeist/scripts/correctness/kernel_match_rewrite.py"", ""/home/arjaiswal/Polygeist/issues/aten_c_kernels/results/aten_repeat_tensor_shape_cpu/debuf.mlir"", ""--dry-run"", ""--matcher-mode"", ""syntactic"", ""--telemetry-json"", ""/home/arjaiswal/Polygeist/issues/equality_saturation_eval/campaign_20260908/aten-aten_repeat_tensor_shape_cpu-syntactic-4is_vkd2.json"", ""--disable-semantic-fallback""]","== match report for /home/arjaiswal/Polygeist/issues/aten_c_kernels/results/aten_repeat_tensor_shape_cpu/debuf.mlir ==
  match          body#[0]  cublasBroadcastAxis1_f32
  total: 1 matched / 1 bodies
",0,[],0,0,0,0,/home/arjaiswal/Polygeist/issues/aten_c_kernels/results/aten_repeat_tensor_shape_cpu/debuf.mlir,2267,0,1,1,369.1816069185734,0,65688,0.1273825764656067,0,2,0,0,"[{""body_indices"": [0], ""symbol"": ""cublasBroadcastAxis1_f32""}]",1,0,50,0.0,50
aten,aten_repeat_tensor_shape_cpu,/home/arjaiswal/Polygeist/issues/aten_c_kernels/results/aten_repeat_tensor_shape_cpu/debuf.mlir,cf70928110777f068310b34419d6979d90ebc16536f56df77a5dccb6a0396a61,egglog,3,ok,0,809.0194128453732,0,"[""/usr/bin/python3"", ""/home/arjaiswal/Polygeist/scripts/correctness/kernel_match_rewrite.py"", ""/home/arjaiswal/Polygeist/issues/aten_c_kernels/results/aten_repeat_tensor_shape_cpu/debuf.mlir"", ""--dry-run"", ""--matcher-mode"", ""egglog"", ""--telemetry-json"", ""/home/arjaiswal/Polygeist/issues/equality_saturation_eval/campaign_20260908/aten-aten_repeat_tensor_shape_cpu-egglog-tfmypt0m.json"", ""--disable-semantic-fallback""]","== match report for /home/arjaiswal/Polygeist/issues/aten_c_kernels/results/aten_repeat_tensor_shape_cpu/debuf.mlir ==
  match          body#[0]  cublasBroadcastAxis1_f32
  total: 1 matched / 1 bodies
",0,[],0,0,0,0,/home/arjaiswal/Polygeist/issues/aten_c_kernels/results/aten_repeat_tensor_shape_cpu/debuf.mlir,2267,8,1,1,396.836020052433,0,69788,21.50336652994156,2,2,0,0,"[{""body_indices"": [0], ""symbol"": ""cublasBroadcastAxis1_f32""}]",1,0,0,0.0,50
aten,aten_repeat_tensor_shape_cpu,/home/arjaiswal/Polygeist/issues/aten_c_kernels/results/aten_repeat_tensor_shape_cpu/debuf.mlir,cf70928110777f068310b34419d6979d90ebc16536f56df77a5dccb6a0396a61,egglog,4,ok,0,836.7767296731472,0,"[""/usr/bin/python3"", ""/home/arjaiswal/Polygeist/scripts/correctness/kernel_match_rewrite.py"", ""/home/arjaiswal/Polygeist/issues/aten_c_kernels/results/aten_repeat_tensor_shape_cpu/debuf.mlir"", ""--dry-run"", ""--matcher-mode"", ""egglog"", ""--telemetry-json"", ""/home/arjaiswal/Polygeist/issues/equality_saturation_eval/campaign_20260908/aten-aten_repeat_tensor_shape_cpu-egglog-ad0h9ycr.json"", ""--disable-semantic-fallback""]","== match report for /home/arjaiswal/Polygeist/issues/aten_c_kernels/results/aten_repeat_tensor_shape_cpu/debuf.mlir ==
  match          body#[0]  cublasBroadcastAxis1_f32
  total: 1 matched / 1 bodies
",0,[],0,0,0,0,/home/arjaiswal/Polygeist/issues/aten_c_kernels/results/aten_repeat_tensor_shape_cpu/debuf.mlir,2267,8,1,1,393.69576424360275,0,69756,21.797005087137222,2,2,0,0,"[{""body_indices"": [0], ""symbol"": ""cublasBroadcastAxis1_f32""}]",1,0,0,0.0,50
aten,aten_repeat_tensor_shape_cpu,/home/arjaiswal/Polygeist/issues/aten_c_kernels/results/aten_repeat_tensor_shape_cpu/debuf.mlir,cf70928110777f068310b34419d6979d90ebc16536f56df77a5dccb6a0396a61,syntactic,4,ok,0,784.3892760574818,0,"[""/usr/bin/python3"", ""/home/arjaiswal/Polygeist/scripts/correctness/kernel_match_rewrite.py"", ""/home/arjaiswal/Polygeist/issues/aten_c_kernels/results/aten_repeat_tensor_shape_cpu/debuf.mlir"", ""--dry-run"", ""--matcher-mode"", ""syntactic"", ""--telemetry-json"", ""/home/arjaiswal/Polygeist/issues/equality_saturation_eval/campaign_20260908/aten-aten_repeat_tensor_shape_cpu-syntactic-6o510tdr.json"", ""--disable-semantic-fallback""]","== match report for /home/arjaiswal/Polygeist/issues/aten_c_kernels/results/aten_repeat_tensor_shape_cpu/debuf.mlir ==
  match          body#[0]  cublasBroadcastAxis1_f32
  total: 1 matched / 1 bodies
",0,[],0,0,0,0,/home/arjaiswal/Polygeist/issues/aten_c_kernels/results/aten_repeat_tensor_shape_cpu/debuf.mlir,2267,0,1,1,368.43451112508774,0,65672,0.1209452748298645,0,2,0,0,"[{""body_indices"": [0], ""symbol"": ""cublasBroadcastAxis1_f32""}]",1,0,50,0.0,50
aten,aten_repeat_tensor_shape_cpu,/home/arjaiswal/Polygeist/issues/aten_c_kernels/results/aten_repeat_tensor_shape_cpu/debuf.mlir,cf70928110777f068310b34419d6979d90ebc16536f56df77a5dccb6a0396a61,syntactic,5,ok,0,807.5268529355526,0,"[""/usr/bin/python3"", ""/home/arjaiswal/Polygeist/scripts/correctness/kernel_match_rewrite.py"", ""/home/arjaiswal/Polygeist/issues/aten_c_kernels/results/aten_repeat_tensor_shape_cpu/debuf.mlir"", ""--dry-run"", ""--matcher-mode"", ""syntactic"", ""--telemetry-json"", ""/home/arjaiswal/Polygeist/issues/equality_saturation_eval/campaign_20260908/aten-aten_repeat_tensor_shape_cpu-syntactic-90vuvg5h.json"", ""--disable-semantic-fallback""]","== match report for /home/arjaiswal/Polygeist/issues/aten_c_kernels/results/aten_repeat_tensor_shape_cpu/debuf.mlir ==
  match          body#[0]  cublasBroadcastAxis1_f32
  total: 1 matched / 1 bodies
",0,[],0,0,0,0,/home/arjaiswal/Polygeist/issues/aten_c_kernels/results/aten_repeat_tensor_shape_cpu/debuf.mlir,2267,0,1,1,387.77580112218857,0,65844,0.13127177953720093,0,2,0,0,"[{""body_indices"": [0], ""symbol"": ""cublasBroadcastAxis1_f32""}]",1,0,50,0.0,50
aten,aten_repeat_tensor_shape_cpu,/home/arjaiswal/Polygeist/issues/aten_c_kernels/results/aten_repeat_tensor_shape_cpu/debuf.mlir,cf70928110777f068310b34419d6979d90ebc16536f56df77a5dccb6a0396a61,egglog,5,ok,0,837.0827212929726,0,"[""/usr/bin/python3"", ""/home/arjaiswal/Polygeist/scripts/correctness/kernel_match_rewrite.py"", ""/home/arjaiswal/Polygeist/issues/aten_c_kernels/results/aten_repeat_tensor_shape_cpu/debuf.mlir"", ""--dry-run"", ""--matcher-mode"", ""egglog"", ""--telemetry-json"", ""/home/arjaiswal/Polygeist/issues/equality_saturation_eval/campaign_20260908/aten-aten_repeat_tensor_shape_cpu-egglog-yszxa_i7.json"", ""--disable-semantic-fallback""]","== match report for /home/arjaiswal/Polygeist/issues/aten_c_kernels/results/aten_repeat_tensor_shape_cpu/debuf.mlir ==
  match          body#[0]  cublasBroadcastAxis1_f32
  total: 1 matched / 1 bodies
",0,[],0,0,0,0,/home/arjaiswal/Polygeist/issues/aten_c_kernels/results/aten_repeat_tensor_shape_cpu/debuf.mlir,2267,8,1,1,410.9799824655056,0,69720,21.24514803290367,2,2,0,0,"[{""body_indices"": [0], ""symbol"": ""cublasBroadcastAxis1_f32""}]",1,0,0,0.0,50
aten,aten_replication_pad1d_backward_cpu,/home/arjaiswal/Polygeist/issues/aten_c_kernels/results/aten_replication_pad1d_backward_cpu/debuf.mlir,f93ecea35c494de263d346ba600eab0756473571b2b6fa35c9efc67d22d7ed62,egglog,1,ok,0,707.9788409173489,0,"[""/usr/bin/python3"", ""/home/arjaiswal/Polygeist/scripts/correctness/kernel_match_rewrite.py"", ""/home/arjaiswal/Polygeist/issues/aten_c_kernels/results/aten_replication_pad1d_backward_cpu/debuf.mlir"", ""--dry-run"", ""--matcher-mode"", ""egglog"", ""--telemetry-json"", ""/home/arjaiswal/Polygeist/issues/equality_saturation_eval/campaign_20260908/aten-aten_replication_pad1d_backward_cpu-egglog-9_yc9re4.json"", ""--disable-semantic-fallback""]","== match report for /home/arjaiswal/Polygeist/issues/aten_c_kernels/results/aten_replication_pad1d_backward_cpu/debuf.mlir ==
  match          body#[0]  memset_zero_1D_f32
  total: 1 matched / 1 bodies
",0,[],0,0,0,0,/home/arjaiswal/Polygeist/issues/aten_c_kernels/results/aten_replication_pad1d_backward_cpu/debuf.mlir,3230,8,1,1,298.35283011198044,0,69432,20.04612609744072,2,2,0,0,"[{""body_indices"": [0], ""symbol"": ""memset_zero_1D_f32""}]",1,0,0,0.0,4
aten,aten_replication_pad1d_backward_cpu,/home/arjaiswal/Polygeist/issues/aten_c_kernels/results/aten_replication_pad1d_backward_cpu/debuf.mlir,f93ecea35c494de263d346ba600eab0756473571b2b6fa35c9efc67d22d7ed62,syntactic,1,ok,0,711.5458995103836,0,"[""/usr/bin/python3"", ""/home/arjaiswal/Polygeist/scripts/correctness/kernel_match_rewrite.py"", ""/home/arjaiswal/Polygeist/issues/aten_c_kernels/results/aten_replication_pad1d_backward_cpu/debuf.mlir"", ""--dry-run"", ""--matcher-mode"", ""syntactic"", ""--telemetry-json"", ""/home/arjaiswal/Polygeist/issues/equality_saturation_eval/campaign_20260908/aten-aten_replication_pad1d_backward_cpu-syntactic-ny365nug.json"", ""--disable-semantic-fallback""]","== match report for /home/arjaiswal/Polygeist/issues/aten_c_kernels/results/aten_replication_pad1d_backward_cpu/debuf.mlir ==
  match          body#[0]  memset_zero_1D_f32
  total: 1 matched / 1 bodies
",0,[],0,0,0,0,/home/arjaiswal/Polygeist/issues/aten_c_kernels/results/aten_replication_pad1d_backward_cpu/debuf.mlir,3230,0,1,1,270.5966793000698,0,64832,0.016938894987106323,0,2,0,0,"[{""body_indices"": [0], ""symbol"": ""memset_zero_1D_f32""}]",1,0,4,0.0,4
aten,aten_replication_pad1d_backward_cpu,/home/arjaiswal/Polygeist/issues/aten_c_kernels/results/aten_replication_pad1d_backward_cpu/debuf.mlir,f93ecea35c494de263d346ba600eab0756473571b2b6fa35c9efc67d22d7ed62,syntactic,2,ok,0,720.4783745110035,0,"[""/usr/bin/python3"", ""/home/arjaiswal/Polygeist/scripts/correctness/kernel_match_rewrite.py"", ""/home/arjaiswal/Polygeist/issues/aten_c_kernels/results/aten_replication_pad1d_backward_cpu/debuf.mlir"", ""--dry-run"", ""--matcher-mode"", ""syntactic"", ""--telemetry-json"", ""/home/arjaiswal/Polygeist/issues/equality_saturation_eval/campaign_20260908/aten-aten_replication_pad1d_backward_cpu-syntactic-wfx_x2ne.json"", ""--disable-semantic-fallback""]","== match report for /home/arjaiswal/Polygeist/issues/aten_c_kernels/results/aten_replication_pad1d_backward_cpu/debuf.mlir ==
  match          body#[0]  memset_zero_1D_f32
  total: 1 matched / 1 bodies
",0,[],0,0,0,0,/home/arjaiswal/Polygeist/issues/aten_c_kernels/results/aten_replication_pad1d_backward_cpu/debuf.mlir,3230,0,1,1,278.8271754980087,0,64760,0.017993152141571045,0,2,0,0,"[{""body_indices"": [0], ""symbol"": ""memset_zero_1D_f32""}]",1,0,4,0.0,4
aten,aten_replication_pad1d_backward_cpu,/home/arjaiswal/Polygeist/issues/aten_c_kernels/results/aten_replication_pad1d_backward_cpu/debuf.mlir,f93ecea35c494de263d346ba600eab0756473571b2b6fa35c9efc67d22d7ed62,egglog,2,ok,0,729.2754538357258,0,"[""/usr/bin/python3"", ""/home/arjaiswal/Polygeist/scripts/correctness/kernel_match_rewrite.py"", ""/home/arjaiswal/Polygeist/issues/aten_c_kernels/results/aten_replication_pad1d_backward_cpu/debuf.mlir"", ""--dry-run"", ""--matcher-mode"", ""egglog"", ""--telemetry-json"", ""/home/arjaiswal/Polygeist/issues/equality_saturation_eval/campaign_20260908/aten-aten_replication_pad1d_backward_cpu-egglog-3zm38y0d.json"", ""--disable-semantic-fallback""]","== match report for /home/arjaiswal/Polygeist/issues/aten_c_kernels/results/aten_replication_pad1d_backward_cpu/debuf.mlir ==
  match          body#[0]  memset_zero_1D_f32
  total: 1 matched / 1 bodies
",0,[],0,0,0,0,/home/arjaiswal/Polygeist/issues/aten_c_kernels/results/aten_replication_pad1d_backward_cpu/debuf.mlir,3230,8,1,1,294.71441730856895,0,69516,20.30998095870018,2,2,0,0,"[{""body_indices"": [0], ""symbol"": ""memset_zero_1D_f32""}]",1,0,0,0.0,4
aten,aten_replication_pad1d_backward_cpu,/home/arjaiswal/Polygeist/issues/aten_c_kernels/results/aten_replication_pad1d_backward_cpu/debuf.mlir,f93ecea35c494de263d346ba600eab0756473571b2b6fa35c9efc67d22d7ed62,egglog,3,ok,0,718.5646146535873,0,"[""/usr/bin/python3"", ""/home/arjaiswal/Polygeist/scripts/correctness/kernel_match_rewrite.py"", ""/home/arjaiswal/Polygeist/issues/aten_c_kernels/results/aten_replication_pad1d_backward_cpu/debuf.mlir"", ""--dry-run"", ""--matcher-mode"", ""egglog"", ""--telemetry-json"", ""/home/arjaiswal/Polygeist/issues/equality_saturation_eval/campaign_20260908/aten-aten_replication_pad1d_backward_cpu-egglog-8_dp6oc4.json"", ""--disable-semantic-fallback""]","== match report for /home/arjaiswal/Polygeist/issues/aten_c_kernels/results/aten_replication_pad1d_backward_cpu/debuf.mlir ==
  match          body#[0]  memset_zero_1D_f32
  total: 1 matched / 1 bodies
",0,[],0,0,0,0,/home/arjaiswal/Polygeist/issues/aten_c_kernels/results/aten_replication_pad1d_backward_cpu/debuf.mlir,3230,8,1,1,292.2936864197254,0,69192,20.616687834262848,2,2,0,0,"[{""body_indices"": [0], ""symbol"": ""memset_zero_1D_f32""}]",1,0,0,0.0,4
aten,aten_replication_pad1d_backward_cpu,/home/arjaiswal/Polygeist/issues/aten_c_kernels/results/aten_replication_pad1d_backward_cpu/debuf.mlir,f93ecea35c494de263d346ba600eab0756473571b2b6fa35c9efc67d22d7ed62,syntactic,3,ok,0,711.52213960886,0,"[""/usr/bin/python3"", ""/home/arjaiswal/Polygeist/scripts/correctness/kernel_match_rewrite.py"", ""/home/arjaiswal/Polygeist/issues/aten_c_kernels/results/aten_replication_pad1d_backward_cpu/debuf.mlir"", ""--dry-run"", ""--matcher-mode"", ""syntactic"", ""--telemetry-json"", ""/home/arjaiswal/Polygeist/issues/equality_saturation_eval/campaign_20260908/aten-aten_replication_pad1d_backward_cpu-syntactic-mwfr05r2.json"", ""--disable-semantic-fallback""]","== match report for /home/arjaiswal/Polygeist/issues/aten_c_kernels/results/aten_replication_pad1d_backward_cpu/debuf.mlir ==
  match          body#[0]  memset_zero_1D_f32
  total: 1 matched / 1 bodies
",0,[],0,0,0,0,/home/arjaiswal/Polygeist/issues/aten_c_kernels/results/aten_replication_pad1d_backward_cpu/debuf.mlir,3230,0,1,1,285.64848750829697,0,64816,0.019583851099014282,0,2,0,0,"[{""body_indices"": [0], ""symbol"": ""memset_zero_1D_f32""}]",1,0,4,0.0,4
aten,aten_replication_pad1d_backward_cpu,/home/arjaiswal/Polygeist/issues/aten_c_kernels/results/aten_replication_pad1d_backward_cpu/debuf.mlir,f93ecea35c494de263d346ba600eab0756473571b2b6fa35c9efc67d22d7ed62,syntactic,4,ok,0,695.1903663575649,0,"[""/usr/bin/python3"", ""/home/arjaiswal/Polygeist/scripts/correctness/kernel_match_rewrite.py"", ""/home/arjaiswal/Polygeist/issues/aten_c_kernels/results/aten_replication_pad1d_backward_cpu/debuf.mlir"", ""--dry-run"", ""--matcher-mode"", ""syntactic"", ""--telemetry-json"", ""/home/arjaiswal/Polygeist/issues/equality_saturation_eval/campaign_20260908/aten-aten_replication_pad1d_backward_cpu-syntactic-x25hbi8k.json"", ""--disable-semantic-fallback""]","== match report for /home/arjaiswal/Polygeist/issues/aten_c_kernels/results/aten_replication_pad1d_backward_cpu/debuf.mlir ==
  match          body#[0]  memset_zero_1D_f32
  total: 1 matched / 1 bodies
",0,[],0,0,0,0,/home/arjaiswal/Polygeist/issues/aten_c_kernels/results/aten_replication_pad1d_backward_cpu/debuf.mlir,3230,0,1,1,264.79796320199966,0,64572,0.017218291759490967,0,2,0,0,"[{""body_indices"": [0], ""symbol"": ""memset_zero_1D_f32""}]",1,0,4,0.0,4
aten,aten_replication_pad1d_backward_cpu,/home/arjaiswal/Polygeist/issues/aten_c_kernels/results/aten_replication_pad1d_backward_cpu/debuf.mlir,f93ecea35c494de263d346ba600eab0756473571b2b6fa35c9efc67d22d7ed62,egglog,4,ok,0,696.8407444655895,0,"[""/usr/bin/python3"", ""/home/arjaiswal/Polygeist/scripts/correctness/kernel_match_rewrite.py"", ""/home/arjaiswal/Polygeist/issues/aten_c_kernels/results/aten_replication_pad1d_backward_cpu/debuf.mlir"", ""--dry-run"", ""--matcher-mode"", ""egglog"", ""--telemetry-json"", ""/home/arjaiswal/Polygeist/issues/equality_saturation_eval/campaign_20260908/aten-aten_replication_pad1d_backward_cpu-egglog-epsfseft.json"", ""--disable-semantic-fallback""]","== match report for /home/arjaiswal/Polygeist/issues/aten_c_kernels/results/aten_replication_pad1d_backward_cpu/debuf.mlir ==
  match          body#[0]  memset_zero_1D_f32
  total: 1 matched / 1 bodies
",0,[],0,0,0,0,/home/arjaiswal/Polygeist/issues/aten_c_kernels/results/aten_replication_pad1d_backward_cpu/debuf.mlir,3230,8,1,1,285.66014021635056,0,69216,19.97355744242668,2,2,0,0,"[{""body_indices"": [0], ""symbol"": ""memset_zero_1D_f32""}]",1,0,0,0.0,4
aten,aten_replication_pad1d_backward_cpu,/home/arjaiswal/Polygeist/issues/aten_c_kernels/results/aten_replication_pad1d_backward_cpu/debuf.mlir,f93ecea35c494de263d346ba600eab0756473571b2b6fa35c9efc67d22d7ed62,egglog,5,ok,0,700.088657438755,0,"[""/usr/bin/python3"", ""/home/arjaiswal/Polygeist/scripts/correctness/kernel_match_rewrite.py"", ""/home/arjaiswal/Polygeist/issues/aten_c_kernels/results/aten_replication_pad1d_backward_cpu/debuf.mlir"", ""--dry-run"", ""--matcher-mode"", ""egglog"", ""--telemetry-json"", ""/home/arjaiswal/Polygeist/issues/equality_saturation_eval/campaign_20260908/aten-aten_replication_pad1d_backward_cpu-egglog-6x1ytr0m.json"", ""--disable-semantic-fallback""]","== match report for /home/arjaiswal/Polygeist/issues/aten_c_kernels/results/aten_replication_pad1d_backward_cpu/debuf.mlir ==
  match          body#[0]  memset_zero_1D_f32
  total: 1 matched / 1 bodies
",0,[],0,0,0,0,/home/arjaiswal/Polygeist/issues/aten_c_kernels/results/aten_replication_pad1d_backward_cpu/debuf.mlir,3230,8,1,1,291.97680950164795,0,69184,20.96835896372795,2,2,0,0,"[{""body_indices"": [0], ""symbol"": ""memset_zero_1D_f32""}]",1,0,0,0.0,4
aten,aten_replication_pad1d_backward_cpu,/home/arjaiswal/Polygeist/issues/aten_c_kernels/results/aten_replication_pad1d_backward_cpu/debuf.mlir,f93ecea35c494de263d346ba600eab0756473571b2b6fa35c9efc67d22d7ed62,syntactic,5,ok,0,693.6725080013275,0,"[""/usr/bin/python3"", ""/home/arjaiswal/Polygeist/scripts/correctness/kernel_match_rewrite.py"", ""/home/arjaiswal/Polygeist/issues/aten_c_kernels/results/aten_replication_pad1d_backward_cpu/debuf.mlir"", ""--dry-run"", ""--matcher-mode"", ""syntactic"", ""--telemetry-json"", ""/home/arjaiswal/Polygeist/issues/equality_saturation_eval/campaign_20260908/aten-aten_replication_pad1d_backward_cpu-syntactic-61i_6yku.json"", ""--disable-semantic-fallback""]","== match report for /home/arjaiswal/Polygeist/issues/aten_c_kernels/results/aten_replication_pad1d_backward_cpu/debuf.mlir ==
  match          body#[0]  memset_zero_1D_f32
  total: 1 matched / 1 bodies
",0,[],0,0,0,0,/home/arjaiswal/Polygeist/issues/aten_c_kernels/results/aten_replication_pad1d_backward_cpu/debuf.mlir,3230,0,1,1,269.5165425539017,0,64684,0.016439706087112427,0,2,0,0,"[{""body_indices"": [0], ""symbol"": ""memset_zero_1D_f32""}]",1,0,4,0.0,4
aten,aten_replication_pad1d_cpu,/home/arjaiswal/Polygeist/issues/aten_c_kernels/results/aten_replication_pad1d_cpu/debuf.mlir,a92f1edc6654ab97082bd9884428e0dbc59cf1d83718aa500abd867bebdd1a97,syntactic,1,ok,0,681.9335930049419,0,"[""/usr/bin/python3"", ""/home/arjaiswal/Polygeist/scripts/correctness/kernel_match_rewrite.py"", ""/home/arjaiswal/Polygeist/issues/aten_c_kernels/results/aten_replication_pad1d_cpu/debuf.mlir"", ""--dry-run"", ""--matcher-mode"", ""syntactic"", ""--telemetry-json"", ""/home/arjaiswal/Polygeist/issues/equality_saturation_eval/campaign_20260908/aten-aten_replication_pad1d_cpu-syntactic-2jr8vqir.json"", ""--disable-semantic-fallback""]","== match report for /home/arjaiswal/Polygeist/issues/aten_c_kernels/results/aten_replication_pad1d_cpu/debuf.mlir ==
  no_match       body#0  ?
  total: 0 matched / 1 bodies
",0,[],0,0,0,0,/home/arjaiswal/Polygeist/issues/aten_c_kernels/results/aten_replication_pad1d_cpu/debuf.mlir,2983,0,1,0,274.2699384689331,1,64848,0.01484900712966919,0,0,0,0,[],0,0,4,0.0,4
aten,aten_replication_pad1d_cpu,/home/arjaiswal/Polygeist/issues/aten_c_kernels/results/aten_replication_pad1d_cpu/debuf.mlir,a92f1edc6654ab97082bd9884428e0dbc59cf1d83718aa500abd867bebdd1a97,egglog,1,ok,0,712.4011777341366,0,"[""/usr/bin/python3"", ""/home/arjaiswal/Polygeist/scripts/correctness/kernel_match_rewrite.py"", ""/home/arjaiswal/Polygeist/issues/aten_c_kernels/results/aten_replication_pad1d_cpu/debuf.mlir"", ""--dry-run"", ""--matcher-mode"", ""egglog"", ""--telemetry-json"", ""/home/arjaiswal/Polygeist/issues/equality_saturation_eval/campaign_20260908/aten-aten_replication_pad1d_cpu-egglog-kqkqqexk.json"", ""--disable-semantic-fallback""]","== match report for /home/arjaiswal/Polygeist/issues/aten_c_kernels/results/aten_replication_pad1d_cpu/debuf.mlir ==
  no_match       body#0  ?
  total: 0 matched / 1 bodies
",0,[],0,0,0,0,/home/arjaiswal/Polygeist/issues/aten_c_kernels/results/aten_replication_pad1d_cpu/debuf.mlir,2983,8,1,0,290.8008545637131,1,64528,0.0,0,0,0,0,[],0,0,0,0.0,4
aten,aten_replication_pad1d_cpu,/home/arjaiswal/Polygeist/issues/aten_c_kernels/results/aten_replication_pad1d_cpu/debuf.mlir,a92f1edc6654ab97082bd9884428e0dbc59cf1d83718aa500abd867bebdd1a97,egglog,2,ok,0,692.6036477088928,0,"[""/usr/bin/python3"", ""/home/arjaiswal/Polygeist/scripts/correctness/kernel_match_rewrite.py"", ""/home/arjaiswal/Polygeist/issues/aten_c_kernels/results/aten_replication_pad1d_cpu/debuf.mlir"", ""--dry-run"", ""--matcher-mode"", ""egglog"", ""--telemetry-json"", ""/home/arjaiswal/Polygeist/issues/equality_saturation_eval/campaign_20260908/aten-aten_replication_pad1d_cpu-egglog-r9tt7ihr.json"", ""--disable-semantic-fallback""]","== match report for /home/arjaiswal/Polygeist/issues/aten_c_kernels/results/aten_replication_pad1d_cpu/debuf.mlir ==
  no_match       body#0  ?
  total: 0 matched / 1 bodies
",0,[],0,0,0,0,/home/arjaiswal/Polygeist/issues/aten_c_kernels/results/aten_replication_pad1d_cpu/debuf.mlir,2983,8,1,0,272.89461717009544,1,64640,0.0,0,0,0,0,[],0,0,0,0.0,4
aten,aten_replication_pad1d_cpu,/home/arjaiswal/Polygeist/issues/aten_c_kernels/results/aten_replication_pad1d_cpu/debuf.mlir,a92f1edc6654ab97082bd9884428e0dbc59cf1d83718aa500abd867bebdd1a97,syntactic,2,ok,0,686.7103427648544,0,"[""/usr/bin/python3"", ""/home/arjaiswal/Polygeist/scripts/correctness/kernel_match_rewrite.py"", ""/home/arjaiswal/Polygeist/issues/aten_c_kernels/results/aten_replication_pad1d_cpu/debuf.mlir"", ""--dry-run"", ""--matcher-mode"", ""syntactic"", ""--telemetry-json"", ""/home/arjaiswal/Polygeist/issues/equality_saturation_eval/campaign_20260908/aten-aten_replication_pad1d_cpu-syntactic-z9140a3x.json"", ""--disable-semantic-fallback""]","== match report for /home/arjaiswal/Polygeist/issues/aten_c_kernels/results/aten_replication_pad1d_cpu/debuf.mlir ==
  no_match       body#0  ?
  total: 0 matched / 1 bodies
",0,[],0,0,0,0,/home/arjaiswal/Polygeist/issues/aten_c_kernels/results/aten_replication_pad1d_cpu/debuf.mlir,2983,0,1,0,277.40129083395004,1,64692,0.01792237162590027,0,0,0,0,[],0,0,4,0.0,4
aten,aten_replication_pad1d_cpu,/home/arjaiswal/Polygeist/issues/aten_c_kernels/results/aten_replication_pad1d_cpu/debuf.mlir,a92f1edc6654ab97082bd9884428e0dbc59cf1d83718aa500abd867bebdd1a97,syntactic,3,ok,0,685.8954466879368,0,"[""/usr/bin/python3"", ""/home/arjaiswal/Polygeist/scripts/correctness/kernel_match_rewrite.py"", ""/home/arjaiswal/Polygeist/issues/aten_c_kernels/results/aten_replication_pad1d_cpu/debuf.mlir"", ""--dry-run"", ""--matcher-mode"", ""syntactic"", ""--telemetry-json"", ""/home/arjaiswal/Polygeist/issues/equality_saturation_eval/campaign_20260908/aten-aten_replication_pad1d_cpu-syntactic-hzfcuscm.json"", ""--disable-semantic-fallback""]","== match report for /home/arjaiswal/Polygeist/issues/aten_c_kernels/results/aten_replication_pad1d_cpu/debuf.mlir ==
  no_match       body#0  ?
  total: 0 matched / 1 bodies
",0,[],0,0,0,0,/home/arjaiswal/Polygeist/issues/aten_c_kernels/results/aten_replication_pad1d_cpu/debuf.mlir,2983,0,1,0,268.1913450360298,1,64600,0.017233192920684814,0,0,0,0,[],0,0,4,0.0,4
aten,aten_replication_pad1d_cpu,/home/arjaiswal/Polygeist/issues/aten_c_kernels/results/aten_replication_pad1d_cpu/debuf.mlir,a92f1edc6654ab97082bd9884428e0dbc59cf1d83718aa500abd867bebdd1a97,egglog,3,ok,0,695.6214122474194,0,"[""/usr/bin/python3"", ""/home/arjaiswal/Polygeist/scripts/correctness/kernel_match_rewrite.py"", ""/home/arjaiswal/Polygeist/issues/aten_c_kernels/results/aten_replication_pad1d_cpu/debuf.mlir"", ""--dry-run"", ""--matcher-mode"", ""egglog"", ""--telemetry-json"", ""/home/arjaiswal/Polygeist/issues/equality_saturation_eval/campaign_20260908/aten-aten_replication_pad1d_cpu-egglog-p296mhgh.json"", ""--disable-semantic-fallback""]","== match report for /home/arjaiswal/Polygeist/issues/aten_c_kernels/results/aten_replication_pad1d_cpu/debuf.mlir ==
  no_match       body#0  ?
  total: 0 matched / 1 bodies
",0,[],0,0,0,0,/home/arjaiswal/Polygeist/issues/aten_c_kernels/results/aten_replication_pad1d_cpu/debuf.mlir,2983,8,1,0,280.2070192992687,1,64584,0.0,0,0,0,0,[],0,0,0,0.0,4
aten,aten_replication_pad1d_cpu,/home/arjaiswal/Polygeist/issues/aten_c_kernels/results/aten_replication_pad1d_cpu/debuf.mlir,a92f1edc6654ab97082bd9884428e0dbc59cf1d83718aa500abd867bebdd1a97,egglog,4,ok,0,779.06708791852,0,"[""/usr/bin/python3"", ""/home/arjaiswal/Polygeist/scripts/correctness/kernel_match_rewrite.py"", ""/home/arjaiswal/Polygeist/issues/aten_c_kernels/results/aten_replication_pad1d_cpu/debuf.mlir"", ""--dry-run"", ""--matcher-mode"", ""egglog"", ""--telemetry-json"", ""/home/arjaiswal/Polygeist/issues/equality_saturation_eval/campaign_20260908/aten-aten_replication_pad1d_cpu-egglog-yyeh955h.json"", ""--disable-semantic-fallback""]","== match report for /home/arjaiswal/Polygeist/issues/aten_c_kernels/results/aten_replication_pad1d_cpu/debuf.mlir ==
  no_match       body#0  ?
  total: 0 matched / 1 bodies
",0,[],0,0,0,0,/home/arjaiswal/Polygeist/issues/aten_c_kernels/results/aten_replication_pad1d_cpu/debuf.mlir,2983,8,1,0,352.3111753165722,1,64532,0.0,0,0,0,0,[],0,0,0,0.0,4
aten,aten_replication_pad1d_cpu,/home/arjaiswal/Polygeist/issues/aten_c_kernels/results/aten_replication_pad1d_cpu/debuf.mlir,a92f1edc6654ab97082bd9884428e0dbc59cf1d83718aa500abd867bebdd1a97,syntactic,4,ok,0,696.583703160286,0,"[""/usr/bin/python3"", ""/home/arjaiswal/Polygeist/scripts/correctness/kernel_match_rewrite.py"", ""/home/arjaiswal/Polygeist/issues/aten_c_kernels/results/aten_replication_pad1d_cpu/debuf.mlir"", ""--dry-run"", ""--matcher-mode"", ""syntactic"", ""--telemetry-json"", ""/home/arjaiswal/Polygeist/issues/equality_saturation_eval/campaign_20260908/aten-aten_replication_pad1d_cpu-syntactic-qad35si4.json"", ""--disable-semantic-fallback""]","== match report for /home/arjaiswal/Polygeist/issues/aten_c_kernels/results/aten_replication_pad1d_cpu/debuf.mlir ==
  no_match       body#0  ?
  total: 0 matched / 1 bodies
",0,[],0,0,0,0,/home/arjaiswal/Polygeist/issues/aten_c_kernels/results/aten_replication_pad1d_cpu/debuf.mlir,2983,0,1,0,282.69362449645996,1,64696,0.015873461961746216,0,0,0,0,[],0,0,4,0.0,4
aten,aten_replication_pad1d_cpu,/home/arjaiswal/Polygeist/issues/aten_c_kernels/results/aten_replication_pad1d_cpu/debuf.mlir,a92f1edc6654ab97082bd9884428e0dbc59cf1d83718aa500abd867bebdd1a97,syntactic,5,ok,0,699.5581723749638,0,"[""/usr/bin/python3"", ""/home/arjaiswal/Polygeist/scripts/correctness/kernel_match_rewrite.py"", ""/home/arjaiswal/Polygeist/issues/aten_c_kernels/results/aten_replication_pad1d_cpu/debuf.mlir"", ""--dry-run"", ""--matcher-mode"", ""syntactic"", ""--telemetry-json"", ""/home/arjaiswal/Polygeist/issues/equality_saturation_eval/campaign_20260908/aten-aten_replication_pad1d_cpu-syntactic-ogm9yxpb.json"", ""--disable-semantic-fallback""]","== match report for /home/arjaiswal/Polygeist/issues/aten_c_kernels/results/aten_replication_pad1d_cpu/debuf.mlir ==
  no_match       body#0  ?
  total: 0 matched / 1 bodies
",0,[],0,0,0,0,/home/arjaiswal/Polygeist/issues/aten_c_kernels/results/aten_replication_pad1d_cpu/debuf.mlir,2983,0,1,0,282.307755202055,1,64744,0.015795230865478516,0,0,0,0,[],0,0,4,0.0,4
aten,aten_replication_pad1d_cpu,/home/arjaiswal/Polygeist/issues/aten_c_kernels/results/aten_replication_pad1d_cpu/debuf.mlir,a92f1edc6654ab97082bd9884428e0dbc59cf1d83718aa500abd867bebdd1a97,egglog,5,ok,0,727.5591529905796,0,"[""/usr/bin/python3"", ""/home/arjaiswal/Polygeist/scripts/correctness/kernel_match_rewrite.py"", ""/home/arjaiswal/Polygeist/issues/aten_c_kernels/results/aten_replication_pad1d_cpu/debuf.mlir"", ""--dry-run"", ""--matcher-mode"", ""egglog"", ""--telemetry-json"", ""/home/arjaiswal/Polygeist/issues/equality_saturation_eval/campaign_20260908/aten-aten_replication_pad1d_cpu-egglog-rwq2jn84.json"", ""--disable-semantic-fallback""]","== match report for /home/arjaiswal/Polygeist/issues/aten_c_kernels/results/aten_replication_pad1d_cpu/debuf.mlir ==
  no_match       body#0  ?
  total: 0 matched / 1 bodies
",0,[],0,0,0,0,/home/arjaiswal/Polygeist/issues/aten_c_kernels/results/aten_replication_pad1d_cpu/debuf.mlir,2983,8,1,0,276.02411434054375,1,64824,0.0,0,0,0,0,[],0,0,0,0.0,4
aten,aten_replication_pad2d,/home/arjaiswal/Polygeist/issues/aten_c_kernels/results/aten_replication_pad2d/debuf.mlir,303aae6f0a6f6d862d1e7ac4c8e21bb1a2df47bf8cc76291d7cf3f3b13805df1,egglog,1,ok,0,725.8888185024261,0,"[""/usr/bin/python3"", ""/home/arjaiswal/Polygeist/scripts/correctness/kernel_match_rewrite.py"", ""/home/arjaiswal/Polygeist/issues/aten_c_kernels/results/aten_replication_pad2d/debuf.mlir"", ""--dry-run"", ""--matcher-mode"", ""egglog"", ""--telemetry-json"", ""/home/arjaiswal/Polygeist/issues/equality_saturation_eval/campaign_20260908/aten-aten_replication_pad2d-egglog-1dzuc8nf.json"", ""--disable-semantic-fallback""]","== match report for /home/arjaiswal/Polygeist/issues/aten_c_kernels/results/aten_replication_pad2d/debuf.mlir ==
  no_match       body#0  ?
  total: 0 matched / 1 bodies
",0,[],0,0,0,0,/home/arjaiswal/Polygeist/issues/aten_c_kernels/results/aten_replication_pad2d/debuf.mlir,3154,8,1,0,294.2548729479313,1,64824,0.0,0,0,0,0,[],0,0,0,0.0,0
aten,aten_replication_pad2d,/home/arjaiswal/Polygeist/issues/aten_c_kernels/results/aten_replication_pad2d/debuf.mlir,303aae6f0a6f6d862d1e7ac4c8e21bb1a2df47bf8cc76291d7cf3f3b13805df1,syntactic,1,ok,0,755.8507956564426,0,"[""/usr/bin/python3"", ""/home/arjaiswal/Polygeist/scripts/correctness/kernel_match_rewrite.py"", ""/home/arjaiswal/Polygeist/issues/aten_c_kernels/results/aten_replication_pad2d/debuf.mlir"", ""--dry-run"", ""--matcher-mode"", ""syntactic"", ""--telemetry-json"", ""/home/arjaiswal/Polygeist/issues/equality_saturation_eval/campaign_20260908/aten-aten_replication_pad2d-syntactic-ugyuitfb.json"", ""--disable-semantic-fallback""]","== match report for /home/arjaiswal/Polygeist/issues/aten_c_kernels/results/aten_replication_pad2d/debuf.mlir ==
  no_match       body#0  ?
  total: 0 matched / 1 bodies
",0,[],0,0,0,0,/home/arjaiswal/Polygeist/issues/aten_c_kernels/results/aten_replication_pad2d/debuf.mlir,3154,0,1,0,309.81579050421715,1,64740,0.0,0,0,0,0,[],0,0,0,0.0,0
aten,aten_replication_pad2d,/home/arjaiswal/Polygeist/issues/aten_c_kernels/results/aten_replication_pad2d/debuf.mlir,303aae6f0a6f6d862d1e7ac4c8e21bb1a2df47bf8cc76291d7cf3f3b13805df1,syntactic,2,ok,0,722.7378599345684,0,"[""/usr/bin/python3"", ""/home/arjaiswal/Polygeist/scripts/correctness/kernel_match_rewrite.py"", ""/home/arjaiswal/Polygeist/issues/aten_c_kernels/results/aten_replication_pad2d/debuf.mlir"", ""--dry-run"", ""--matcher-mode"", ""syntactic"", ""--telemetry-json"", ""/home/arjaiswal/Polygeist/issues/equality_saturation_eval/campaign_20260908/aten-aten_replication_pad2d-syntactic-g763cwsi.json"", ""--disable-semantic-fallback""]","== match report for /home/arjaiswal/Polygeist/issues/aten_c_kernels/results/aten_replication_pad2d/debuf.mlir ==
  no_match       body#0  ?
  total: 0 matched / 1 bodies
",0,[],0,0,0,0,/home/arjaiswal/Polygeist/issues/aten_c_kernels/results/aten_replication_pad2d/debuf.mlir,3154,0,1,0,292.0446842908859,1,64712,0.0,0,0,0,0,[],0,0,0,0.0,0
aten,aten_replication_pad2d,/home/arjaiswal/Polygeist/issues/aten_c_kernels/results/aten_replication_pad2d/debuf.mlir,303aae6f0a6f6d862d1e7ac4c8e21bb1a2df47bf8cc76291d7cf3f3b13805df1,egglog,2,ok,0,714.0074446797371,0,"[""/usr/bin/python3"", ""/home/arjaiswal/Polygeist/scripts/correctness/kernel_match_rewrite.py"", ""/home/arjaiswal/Polygeist/issues/aten_c_kernels/results/aten_replication_pad2d/debuf.mlir"", ""--dry-run"", ""--matcher-mode"", ""egglog"", ""--telemetry-json"", ""/home/arjaiswal/Polygeist/issues/equality_saturation_eval/campaign_20260908/aten-aten_replication_pad2d-egglog-1e5g_w4x.json"", ""--disable-semantic-fallback""]","== match report for /home/arjaiswal/Polygeist/issues/aten_c_kernels/results/aten_replication_pad2d/debuf.mlir ==
  no_match       body#0  ?
  total: 0 matched / 1 bodies
",0,[],0,0,0,0,/home/arjaiswal/Polygeist/issues/aten_c_kernels/results/aten_replication_pad2d/debuf.mlir,3154,8,1,0,284.4368778169155,1,64740,0.0,0,0,0,0,[],0,0,0,0.0,0
aten,aten_replication_pad2d,/home/arjaiswal/Polygeist/issues/aten_c_kernels/results/aten_replication_pad2d/debuf.mlir,303aae6f0a6f6d862d1e7ac4c8e21bb1a2df47bf8cc76291d7cf3f3b13805df1,egglog,3,ok,0,712.2368291020393,0,"[""/usr/bin/python3"", ""/home/arjaiswal/Polygeist/scripts/correctness/kernel_match_rewrite.py"", ""/home/arjaiswal/Polygeist/issues/aten_c_kernels/results/aten_replication_pad2d/debuf.mlir"", ""--dry-run"", ""--matcher-mode"", ""egglog"", ""--telemetry-json"", ""/home/arjaiswal/Polygeist/issues/equality_saturation_eval/campaign_20260908/aten-aten_replication_pad2d-egglog-oi7u_d_y.json"", ""--disable-semantic-fallback""]","== match report for /home/arjaiswal/Polygeist/issues/aten_c_kernels/results/aten_replication_pad2d/debuf.mlir ==
  no_match       body#0  ?
  total: 0 matched / 1 bodies
",0,[],0,0,0,0,/home/arjaiswal/Polygeist/issues/aten_c_kernels/results/aten_replication_pad2d/debuf.mlir,3154,8,1,0,278.7047103047371,1,64608,0.0,0,0,0,0,[],0,0,0,0.0,0
aten,aten_replication_pad2d,/home/arjaiswal/Polygeist/issues/aten_c_kernels/results/aten_replication_pad2d/debuf.mlir,303aae6f0a6f6d862d1e7ac4c8e21bb1a2df47bf8cc76291d7cf3f3b13805df1,syntactic,3,ok,0,706.286009401083,0,"[""/usr/bin/python3"", ""/home/arjaiswal/Polygeist/scripts/correctness/kernel_match_rewrite.py"", ""/home/arjaiswal/Polygeist/issues/aten_c_kernels/results/aten_replication_pad2d/debuf.mlir"", ""--dry-run"", ""--matcher-mode"", ""syntactic"", ""--telemetry-json"", ""/home/arjaiswal/Polygeist/issues/equality_saturation_eval/campaign_20260908/aten-aten_replication_pad2d-syntactic-41e8ejrk.json"", ""--disable-semantic-fallback""]","== match report for /home/arjaiswal/Polygeist/issues/aten_c_kernels/results/aten_replication_pad2d/debuf.mlir ==
  no_match       body#0  ?
  total: 0 matched / 1 bodies
",0,[],0,0,0,0,/home/arjaiswal/Polygeist/issues/aten_c_kernels/results/aten_replication_pad2d/debuf.mlir,3154,0,1,0,276.3605900108814,1,64512,0.0,0,0,0,0,[],0,0,0,0.0,0
aten,aten_replication_pad2d,/home/arjaiswal/Polygeist/issues/aten_c_kernels/results/aten_replication_pad2d/debuf.mlir,303aae6f0a6f6d862d1e7ac4c8e21bb1a2df47bf8cc76291d7cf3f3b13805df1,syntactic,4,ok,0,677.9327802360058,0,"[""/usr/bin/python3"", ""/home/arjaiswal/Polygeist/scripts/correctness/kernel_match_rewrite.py"", ""/home/arjaiswal/Polygeist/issues/aten_c_kernels/results/aten_replication_pad2d/debuf.mlir"", ""--dry-run"", ""--matcher-mode"", ""syntactic"", ""--telemetry-json"", ""/home/arjaiswal/Polygeist/issues/equality_saturation_eval/campaign_20260908/aten-aten_replication_pad2d-syntactic-ca40q9gv.json"", ""--disable-semantic-fallback""]","== match report for /home/arjaiswal/Polygeist/issues/aten_c_kernels/results/aten_replication_pad2d/debuf.mlir ==
  no_match       body#0  ?
  total: 0 matched / 1 bodies
",0,[],0,0,0,0,/home/arjaiswal/Polygeist/issues/aten_c_kernels/results/aten_replication_pad2d/debuf.mlir,3154,0,1,0,266.53075590729713,1,64724,0.0,0,0,0,0,[],0,0,0,0.0,0
aten,aten_replication_pad2d,/home/arjaiswal/Polygeist/issues/aten_c_kernels/results/aten_replication_pad2d/debuf.mlir,303aae6f0a6f6d862d1e7ac4c8e21bb1a2df47bf8cc76291d7cf3f3b13805df1,egglog,4,ok,0,703.9534635841846,0,"[""/usr/bin/python3"", ""/home/arjaiswal/Polygeist/scripts/correctness/kernel_match_rewrite.py"", ""/home/arjaiswal/Polygeist/issues/aten_c_kernels/results/aten_replication_pad2d/debuf.mlir"", ""--dry-run"", ""--matcher-mode"", ""egglog"", ""--telemetry-json"", ""/home/arjaiswal/Polygeist/issues/equality_saturation_eval/campaign_20260908/aten-aten_replication_pad2d-egglog-j6zkh6gc.json"", ""--disable-semantic-fallback""]","== match report for /home/arjaiswal/Polygeist/issues/aten_c_kernels/results/aten_replication_pad2d/debuf.mlir ==
  no_match       body#0  ?
  total: 0 matched / 1 bodies
",0,[],0,0,0,0,/home/arjaiswal/Polygeist/issues/aten_c_kernels/results/aten_replication_pad2d/debuf.mlir,3154,8,1,0,275.2555012702942,1,64560,0.0,0,0,0,0,[],0,0,0,0.0,0
aten,aten_replication_pad2d,/home/arjaiswal/Polygeist/issues/aten_c_kernels/results/aten_replication_pad2d/debuf.mlir,303aae6f0a6f6d862d1e7ac4c8e21bb1a2df47bf8cc76291d7cf3f3b13805df1,egglog,5,ok,0,698.6098401248455,0,"[""/usr/bin/python3"", ""/home/arjaiswal/Polygeist/scripts/correctness/kernel_match_rewrite.py"", ""/home/arjaiswal/Polygeist/issues/aten_c_kernels/results/aten_replication_pad2d/debuf.mlir"", ""--dry-run"", ""--matcher-mode"", ""egglog"", ""--telemetry-json"", ""/home/arjaiswal/Polygeist/issues/equality_saturation_eval/campaign_20260908/aten-aten_replication_pad2d-egglog-4nssmbtp.json"", ""--disable-semantic-fallback""]","== match report for /home/arjaiswal/Polygeist/issues/aten_c_kernels/results/aten_replication_pad2d/debuf.mlir ==
  no_match       body#0  ?
  total: 0 matched / 1 bodies
",0,[],0,0,0,0,/home/arjaiswal/Polygeist/issues/aten_c_kernels/results/aten_replication_pad2d/debuf.mlir,3154,8,1,0,270.87758108973503,1,64688,0.0,0,0,0,0,[],0,0,0,0.0,0
aten,aten_replication_pad2d,/home/arjaiswal/Polygeist/issues/aten_c_kernels/results/aten_replication_pad2d/debuf.mlir,303aae6f0a6f6d862d1e7ac4c8e21bb1a2df47bf8cc76291d7cf3f3b13805df1,syntactic,5,ok,0,716.5840044617653,0,"[""/usr/bin/python3"", ""/home/arjaiswal/Polygeist/scripts/correctness/kernel_match_rewrite.py"", ""/home/arjaiswal/Polygeist/issues/aten_c_kernels/results/aten_replication_pad2d/debuf.mlir"", ""--dry-run"", ""--matcher-mode"", ""syntactic"", ""--telemetry-json"", ""/home/arjaiswal/Polygeist/issues/equality_saturation_eval/campaign_20260908/aten-aten_replication_pad2d-syntactic-t3_a92h0.json"", ""--disable-semantic-fallback""]","== match report for /home/arjaiswal/Polygeist/issues/aten_c_kernels/results/aten_replication_pad2d/debuf.mlir ==
  no_match       body#0  ?
  total: 0 matched / 1 bodies
",0,[],0,0,0,0,/home/arjaiswal/Polygeist/issues/aten_c_kernels/results/aten_replication_pad2d/debuf.mlir,3154,0,1,0,294.155091047287,1,64424,0.0,0,0,0,0,[],0,0,0,0.0,0
aten,aten_replication_pad2d_backward_cpu,/home/arjaiswal/Polygeist/issues/aten_c_kernels/results/aten_replication_pad2d_backward_cpu/debuf.mlir,08d4278d7df79a117c4cb97aa69830cffd01de0a2ad440444fb60baaa0f1e6bd,syntactic,1,ok,0,694.0319575369358,0,"[""/usr/bin/python3"", ""/home/arjaiswal/Polygeist/scripts/correctness/kernel_match_rewrite.py"", ""/home/arjaiswal/Polygeist/issues/aten_c_kernels/results/aten_replication_pad2d_backward_cpu/debuf.mlir"", ""--dry-run"", ""--matcher-mode"", ""syntactic"", ""--telemetry-json"", ""/home/arjaiswal/Polygeist/issues/equality_saturation_eval/campaign_20260908/aten-aten_replication_pad2d_backward_cpu-syntactic-rx450qsk.json"", ""--disable-semantic-fallback""]","== match report for /home/arjaiswal/Polygeist/issues/aten_c_kernels/results/aten_replication_pad2d_backward_cpu/debuf.mlir ==
  match          body#[0]  memset_zero_1D_f32
  total: 1 matched / 1 bodies
",0,[],0,0,0,0,/home/arjaiswal/Polygeist/issues/aten_c_kernels/results/aten_replication_pad2d_backward_cpu/debuf.mlir,3976,0,1,1,278.48638966679573,0,64588,0.01971423625946045,0,2,0,0,"[{""body_indices"": [0], ""symbol"": ""memset_zero_1D_f32""}]",1,0,4,0.0,4
aten,aten_replication_pad2d_backward_cpu,/home/arjaiswal/Polygeist/issues/aten_c_kernels/results/aten_replication_pad2d_backward_cpu/debuf.mlir,08d4278d7df79a117c4cb97aa69830cffd01de0a2ad440444fb60baaa0f1e6bd,egglog,1,ok,0,733.8272258639336,0,"[""/usr/bin/python3"", ""/home/arjaiswal/Polygeist/scripts/correctness/kernel_match_rewrite.py"", ""/home/arjaiswal/Polygeist/issues/aten_c_kernels/results/aten_replication_pad2d_backward_cpu/debuf.mlir"", ""--dry-run"", ""--matcher-mode"", ""egglog"", ""--telemetry-json"", ""/home/arjaiswal/Polygeist/issues/equality_saturation_eval/campaign_20260908/aten-aten_replication_pad2d_backward_cpu-egglog-zt_pw0uu.json"", ""--disable-semantic-fallback""]","== match report for /home/arjaiswal/Polygeist/issues/aten_c_kernels/results/aten_replication_pad2d_backward_cpu/debuf.mlir ==
  match          body#[0]  memset_zero_1D_f32
  total: 1 matched / 1 bodies
",0,[],0,0,0,0,/home/arjaiswal/Polygeist/issues/aten_c_kernels/results/aten_replication_pad2d_backward_cpu/debuf.mlir,3976,8,1,1,302.79477685689926,0,69304,25.19690990447998,2,2,0,0,"[{""body_indices"": [0], ""symbol"": ""memset_zero_1D_f32""}]",1,0,0,0.0,4
aten,aten_replication_pad2d_backward_cpu,/home/arjaiswal/Polygeist/issues/aten_c_kernels/results/aten_replication_pad2d_backward_cpu/debuf.mlir,08d4278d7df79a117c4cb97aa69830cffd01de0a2ad440444fb60baaa0f1e6bd,egglog,2,ok,0,713.9726802706718,0,"[""/usr/bin/python3"", ""/home/arjaiswal/Polygeist/scripts/correctness/kernel_match_rewrite.py"", ""/home/arjaiswal/Polygeist/issues/aten_c_kernels/results/aten_replication_pad2d_backward_cpu/debuf.mlir"", ""--dry-run"", ""--matcher-mode"", ""egglog"", ""--telemetry-json"", ""/home/arjaiswal/Polygeist/issues/equality_saturation_eval/campaign_20260908/aten-aten_replication_pad2d_backward_cpu-egglog-s6ansa3s.json"", ""--disable-semantic-fallback""]","== match report for /home/arjaiswal/Polygeist/issues/aten_c_kernels/results/aten_replication_pad2d_backward_cpu/debuf.mlir ==
  match          body#[0]  memset_zero_1D_f32
  total: 1 matched / 1 bodies
",0,[],0,0,0,0,/home/arjaiswal/Polygeist/issues/aten_c_kernels/results/aten_replication_pad2d_backward_cpu/debuf.mlir,3976,8,1,1,303.0032850801945,0,69320,23.2287235558033,2,2,0,0,"[{""body_indices"": [0], ""symbol"": ""memset_zero_1D_f32""}]",1,0,0,0.0,4
aten,aten_replication_pad2d_backward_cpu,/home/arjaiswal/Polygeist/issues/aten_c_kernels/results/aten_replication_pad2d_backward_cpu/debuf.mlir,08d4278d7df79a117c4cb97aa69830cffd01de0a2ad440444fb60baaa0f1e6bd,syntactic,2,ok,0,714.0222191810608,0,"[""/usr/bin/python3"", ""/home/arjaiswal/Polygeist/scripts/correctness/kernel_match_rewrite.py"", ""/home/arjaiswal/Polygeist/issues/aten_c_kernels/results/aten_replication_pad2d_backward_cpu/debuf.mlir"", ""--dry-run"", ""--matcher-mode"", ""syntactic"", ""--telemetry-json"", ""/home/arjaiswal/Polygeist/issues/equality_saturation_eval/campaign_20260908/aten-aten_replication_pad2d_backward_cpu-syntactic-qcp_wa0f.json"", ""--disable-semantic-fallback""]","== match report for /home/arjaiswal/Polygeist/issues/aten_c_kernels/results/aten_replication_pad2d_backward_cpu/debuf.mlir ==
  match          body#[0]  memset_zero_1D_f32
  total: 1 matched / 1 bodies
",0,[],0,0,0,0,/home/arjaiswal/Polygeist/issues/aten_c_kernels/results/aten_replication_pad2d_backward_cpu/debuf.mlir,3976,0,1,1,287.7851687371731,0,64872,0.017818063497543335,0,2,0,0,"[{""body_indices"": [0], ""symbol"": ""memset_zero_1D_f32""}]",1,0,4,0.0,4
aten,aten_replication_pad2d_backward_cpu,/home/arjaiswal/Polygeist/issues/aten_c_kernels/results/aten_replication_pad2d_backward_cpu/debuf.mlir,08d4278d7df79a117c4cb97aa69830cffd01de0a2ad440444fb60baaa0f1e6bd,syntactic,3,ok,0,691.8840259313583,0,"[""/usr/bin/python3"", ""/home/arjaiswal/Polygeist/scripts/correctness/kernel_match_rewrite.py"", ""/home/arjaiswal/Polygeist/issues/aten_c_kernels/results/aten_replication_pad2d_backward_cpu/debuf.mlir"", ""--dry-run"", ""--matcher-mode"", ""syntactic"", ""--telemetry-json"", ""/home/arjaiswal/Polygeist/issues/equality_saturation_eval/campaign_20260908/aten-aten_replication_pad2d_backward_cpu-syntactic-zetyabup.json"", ""--disable-semantic-fallback""]","== match report for /home/arjaiswal/Polygeist/issues/aten_c_kernels/results/aten_replication_pad2d_backward_cpu/debuf.mlir ==
  match          body#[0]  memset_zero_1D_f32
  total: 1 matched / 1 bodies
",0,[],0,0,0,0,/home/arjaiswal/Polygeist/issues/aten_c_kernels/results/aten_replication_pad2d_backward_cpu/debuf.mlir,3976,0,1,1,273.10777828097343,0,64652,0.018130987882614136,0,2,0,0,"[{""body_indices"": [0], ""symbol"": ""memset_zero_1D_f32""}]",1,0,4,0.0,4
aten,aten_replication_pad2d_backward_cpu,/home/arjaiswal/Polygeist/issues/aten_c_kernels/results/aten_replication_pad2d_backward_cpu/debuf.mlir,08d4278d7df79a117c4cb97aa69830cffd01de0a2ad440444fb60baaa0f1e6bd,egglog,3,ok,0,742.7572458982468,0,"[""/usr/bin/python3"", ""/home/arjaiswal/Polygeist/scripts/correctness/kernel_match_rewrite.py"", ""/home/arjaiswal/Polygeist/issues/aten_c_kernels/results/aten_replication_pad2d_backward_cpu/debuf.mlir"", ""--dry-run"", ""--matcher-mode"", ""egglog"", ""--telemetry-json"", ""/home/arjaiswal/Polygeist/issues/equality_saturation_eval/campaign_20260908/aten-aten_replication_pad2d_backward_cpu-egglog-3tjkizvi.json"", ""--disable-semantic-fallback""]","== match report for /home/arjaiswal/Polygeist/issues/aten_c_kernels/results/aten_replication_pad2d_backward_cpu/debuf.mlir ==
  match          body#[0]  memset_zero_1D_f32
  total: 1 matched / 1 bodies
",0,[],0,0,0,0,/home/arjaiswal/Polygeist/issues/aten_c_kernels/results/aten_replication_pad2d_backward_cpu/debuf.mlir,3976,8,1,1,299.82539638876915,0,69272,27.736559510231018,2,2,0,0,"[{""body_indices"": [0], ""symbol"": ""memset_zero_1D_f32""}]",1,0,0,0.0,4
aten,aten_replication_pad2d_backward_cpu,/home/arjaiswal/Polygeist/issues/aten_c_kernels/results/aten_replication_pad2d_backward_cpu/debuf.mlir,08d4278d7df79a117c4cb97aa69830cffd01de0a2ad440444fb60baaa0f1e6bd,egglog,4,ok,0,737.9291579127312,0,"[""/usr/bin/python3"", ""/home/arjaiswal/Polygeist/scripts/correctness/kernel_match_rewrite.py"", ""/home/arjaiswal/Polygeist/issues/aten_c_kernels/results/aten_replication_pad2d_backward_cpu/debuf.mlir"", ""--dry-run"", ""--matcher-mode"", ""egglog"", ""--telemetry-json"", ""/home/arjaiswal/Polygeist/issues/equality_saturation_eval/campaign_20260908/aten-aten_replication_pad2d_backward_cpu-egglog-jntm2xen.json"", ""--disable-semantic-fallback""]","== match report for /home/arjaiswal/Polygeist/issues/aten_c_kernels/results/aten_replication_pad2d_backward_cpu/debuf.mlir ==
  match          body#[0]  memset_zero_1D_f32
  total: 1 matched / 1 bodies
",0,[],0,0,0,0,/home/arjaiswal/Polygeist/issues/aten_c_kernels/results/aten_replication_pad2d_backward_cpu/debuf.mlir,3976,8,1,1,307.1466162800789,0,69396,25.926411151885986,2,2,0,0,"[{""body_indices"": [0], ""symbol"": ""memset_zero_1D_f32""}]",1,0,0,0.0,4
aten,aten_replication_pad2d_backward_cpu,/home/arjaiswal/Polygeist/issues/aten_c_kernels/results/aten_replication_pad2d_backward_cpu/debuf.mlir,08d4278d7df79a117c4cb97aa69830cffd01de0a2ad440444fb60baaa0f1e6bd,syntactic,4,ok,0,720.7300215959549,0,"[""/usr/bin/python3"", ""/home/arjaiswal/Polygeist/scripts/correctness/kernel_match_rewrite.py"", ""/home/arjaiswal/Polygeist/issues/aten_c_kernels/results/aten_replication_pad2d_backward_cpu/debuf.mlir"", ""--dry-run"", ""--matcher-mode"", ""syntactic"", ""--telemetry-json"", ""/home/arjaiswal/Polygeist/issues/equality_saturation_eval/campaign_20260908/aten-aten_replication_pad2d_backward_cpu-syntactic-3cbaqzsk.json"", ""--disable-semantic-fallback""]","== match report for /home/arjaiswal/Polygeist/issues/aten_c_kernels/results/aten_replication_pad2d_backward_cpu/debuf.mlir ==
  match          body#[0]  memset_zero_1D_f32
  total: 1 matched / 1 bodies
",0,[],0,0,0,0,/home/arjaiswal/Polygeist/issues/aten_c_kernels/results/aten_replication_pad2d_backward_cpu/debuf.mlir,3976,0,1,1,298.82580786943436,0,64756,0.01934543251991272,0,2,0,0,"[{""body_indices"": [0], ""symbol"": ""memset_zero_1D_f32""}]",1,0,4,0.0,4
aten,aten_replication_pad2d_backward_cpu,/home/arjaiswal/Polygeist/issues/aten_c_kernels/results/aten_replication_pad2d_backward_cpu/debuf.mlir,08d4278d7df79a117c4cb97aa69830cffd01de0a2ad440444fb60baaa0f1e6bd,syntactic,5,ok,0,713.3113257586956,0,"[""/usr/bin/python3"", ""/home/arjaiswal/Polygeist/scripts/correctness/kernel_match_rewrite.py"", ""/home/arjaiswal/Polygeist/issues/aten_c_kernels/results/aten_replication_pad2d_backward_cpu/debuf.mlir"", ""--dry-run"", ""--matcher-mode"", ""syntactic"", ""--telemetry-json"", ""/home/arjaiswal/Polygeist/issues/equality_saturation_eval/campaign_20260908/aten-aten_replication_pad2d_backward_cpu-syntactic-sq8ver73.json"", ""--disable-semantic-fallback""]","== match report for /home/arjaiswal/Polygeist/issues/aten_c_kernels/results/aten_replication_pad2d_backward_cpu/debuf.mlir ==
  match          body#[0]  memset_zero_1D_f32
  total: 1 matched / 1 bodies
",0,[],0,0,0,0,/home/arjaiswal/Polygeist/issues/aten_c_kernels/results/aten_replication_pad2d_backward_cpu/debuf.mlir,3976,0,1,1,283.6795076727867,0,64876,0.018201768398284912,0,2,0,0,"[{""body_indices"": [0], ""symbol"": ""memset_zero_1D_f32""}]",1,0,4,0.0,4
aten,aten_replication_pad2d_backward_cpu,/home/arjaiswal/Polygeist/issues/aten_c_kernels/results/aten_replication_pad2d_backward_cpu/debuf.mlir,08d4278d7df79a117c4cb97aa69830cffd01de0a2ad440444fb60baaa0f1e6bd,egglog,5,ok,0,723.4870195388794,0,"[""/usr/bin/python3"", ""/home/arjaiswal/Polygeist/scripts/correctness/kernel_match_rewrite.py"", ""/home/arjaiswal/Polygeist/issues/aten_c_kernels/results/aten_replication_pad2d_backward_cpu/debuf.mlir"", ""--dry-run"", ""--matcher-mode"", ""egglog"", ""--telemetry-json"", ""/home/arjaiswal/Polygeist/issues/equality_saturation_eval/campaign_20260908/aten-aten_replication_pad2d_backward_cpu-egglog-eo9eamj0.json"", ""--disable-semantic-fallback""]","== match report for /home/arjaiswal/Polygeist/issues/aten_c_kernels/results/aten_replication_pad2d_backward_cpu/debuf.mlir ==
  match          body#[0]  memset_zero_1D_f32
  total: 1 matched / 1 bodies
",0,[],0,0,0,0,/home/arjaiswal/Polygeist/issues/aten_c_kernels/results/aten_replication_pad2d_backward_cpu/debuf.mlir,3976,8,1,1,306.56808614730835,0,69440,20.870231091976166,2,2,0,0,"[{""body_indices"": [0], ""symbol"": ""memset_zero_1D_f32""}]",1,0,0,0.0,4
aten,aten_replication_pad2d_cpu,/home/arjaiswal/Polygeist/issues/aten_c_kernels/results/aten_replication_pad2d_cpu/debuf.mlir,51267081cb3afc06f4fcc1aabc9ef1de24af917445d24f20ff5291a0db927d47,egglog,1,ok,0,683.9997693896294,0,"[""/usr/bin/python3"", ""/home/arjaiswal/Polygeist/scripts/correctness/kernel_match_rewrite.py"", ""/home/arjaiswal/Polygeist/issues/aten_c_kernels/results/aten_replication_pad2d_cpu/debuf.mlir"", ""--dry-run"", ""--matcher-mode"", ""egglog"", ""--telemetry-json"", ""/home/arjaiswal/Polygeist/issues/equality_saturation_eval/campaign_20260908/aten-aten_replication_pad2d_cpu-egglog-z6vkc8g9.json"", ""--disable-semantic-fallback""]","== match report for /home/arjaiswal/Polygeist/issues/aten_c_kernels/results/aten_replication_pad2d_cpu/debuf.mlir ==
  no_match       body#0  ?
  total: 0 matched / 1 bodies
",0,[],0,0,0,0,/home/arjaiswal/Polygeist/issues/aten_c_kernels/results/aten_replication_pad2d_cpu/debuf.mlir,3647,8,1,0,275.3041759133339,1,64632,0.0,0,0,0,0,[],0,0,0,0.0,0
aten,aten_replication_pad2d_cpu,/home/arjaiswal/Polygeist/issues/aten_c_kernels/results/aten_replication_pad2d_cpu/debuf.mlir,51267081cb3afc06f4fcc1aabc9ef1de24af917445d24f20ff5291a0db927d47,syntactic,1,ok,0,718.5087725520134,0,"[""/usr/bin/python3"", ""/home/arjaiswal/Polygeist/scripts/correctness/kernel_match_rewrite.py"", ""/home/arjaiswal/Polygeist/issues/aten_c_kernels/results/aten_replication_pad2d_cpu/debuf.mlir"", ""--dry-run"", ""--matcher-mode"", ""syntactic"", ""--telemetry-json"", ""/home/arjaiswal/Polygeist/issues/equality_saturation_eval/campaign_20260908/aten-aten_replication_pad2d_cpu-syntactic-572_sy43.json"", ""--disable-semantic-fallback""]","== match report for /home/arjaiswal/Polygeist/issues/aten_c_kernels/results/aten_replication_pad2d_cpu/debuf.mlir ==
  no_match       body#0  ?
  total: 0 matched / 1 bodies
",0,[],0,0,0,0,/home/arjaiswal/Polygeist/issues/aten_c_kernels/results/aten_replication_pad2d_cpu/debuf.mlir,3647,0,1,0,291.17491468787193,1,64928,0.0,0,0,0,0,[],0,0,0,0.0,0
aten,aten_replication_pad2d_cpu,/home/arjaiswal/Polygeist/issues/aten_c_kernels/results/aten_replication_pad2d_cpu/debuf.mlir,51267081cb3afc06f4fcc1aabc9ef1de24af917445d24f20ff5291a0db927d47,syntactic,2,ok,0,682.0587553083897,0,"[""/usr/bin/python3"", ""/home/arjaiswal/Polygeist/scripts/correctness/kernel_match_rewrite.py"", ""/home/arjaiswal/Polygeist/issues/aten_c_kernels/results/aten_replication_pad2d_cpu/debuf.mlir"", ""--dry-run"", ""--matcher-mode"", ""syntactic"", ""--telemetry-json"", ""/home/arjaiswal/Polygeist/issues/equality_saturation_eval/campaign_20260908/aten-aten_replication_pad2d_cpu-syntactic-w6_56nia.json"", ""--disable-semantic-fallback""]","== match report for /home/arjaiswal/Polygeist/issues/aten_c_kernels/results/aten_replication_pad2d_cpu/debuf.mlir ==
  no_match       body#0  ?
  total: 0 matched / 1 bodies
",0,[],0,0,0,0,/home/arjaiswal/Polygeist/issues/aten_c_kernels/results/aten_replication_pad2d_cpu/debuf.mlir,3647,0,1,0,267.03037321567535,1,64808,0.0,0,0,0,0,[],0,0,0,0.0,0
aten,aten_replication_pad2d_cpu,/home/arjaiswal/Polygeist/issues/aten_c_kernels/results/aten_replication_pad2d_cpu/debuf.mlir,51267081cb3afc06f4fcc1aabc9ef1de24af917445d24f20ff5291a0db927d47,egglog,2,ok,0,691.1964304745197,0,"[""/usr/bin/python3"", ""/home/arjaiswal/Polygeist/scripts/correctness/kernel_match_rewrite.py"", ""/home/arjaiswal/Polygeist/issues/aten_c_kernels/results/aten_replication_pad2d_cpu/debuf.mlir"", ""--dry-run"", ""--matcher-mode"", ""egglog"", ""--telemetry-json"", ""/home/arjaiswal/Polygeist/issues/equality_saturation_eval/campaign_20260908/aten-aten_replication_pad2d_cpu-egglog-u5mjxug5.json"", ""--disable-semantic-fallback""]","== match report for /home/arjaiswal/Polygeist/issues/aten_c_kernels/results/aten_replication_pad2d_cpu/debuf.mlir ==
  no_match       body#0  ?
  total: 0 matched / 1 bodies
",0,[],0,0,0,0,/home/arjaiswal/Polygeist/issues/aten_c_kernels/results/aten_replication_pad2d_cpu/debuf.mlir,3647,8,1,0,277.98543497920036,1,64888,0.0,0,0,0,0,[],0,0,0,0.0,0
aten,aten_replication_pad2d_cpu,/home/arjaiswal/Polygeist/issues/aten_c_kernels/results/aten_replication_pad2d_cpu/debuf.mlir,51267081cb3afc06f4fcc1aabc9ef1de24af917445d24f20ff5291a0db927d47,egglog,3,ok,0,710.8459994196892,0,"[""/usr/bin/python3"", ""/home/arjaiswal/Polygeist/scripts/correctness/kernel_match_rewrite.py"", ""/home/arjaiswal/Polygeist/issues/aten_c_kernels/results/aten_replication_pad2d_cpu/debuf.mlir"", ""--dry-run"", ""--matcher-mode"", ""egglog"", ""--telemetry-json"", ""/home/arjaiswal/Polygeist/issues/equality_saturation_eval/campaign_20260908/aten-aten_replication_pad2d_cpu-egglog-tb6v3t83.json"", ""--disable-semantic-fallback""]","== match report for /home/arjaiswal/Polygeist/issues/aten_c_kernels/results/aten_replication_pad2d_cpu/debuf.mlir ==
  no_match       body#0  ?
  total: 0 matched / 1 bodies
",0,[],0,0,0,0,/home/arjaiswal/Polygeist/issues/aten_c_kernels/results/aten_replication_pad2d_cpu/debuf.mlir,3647,8,1,0,277.6498459279537,1,64512,0.0,0,0,0,0,[],0,0,0,0.0,0
aten,aten_replication_pad2d_cpu,/home/arjaiswal/Polygeist/issues/aten_c_kernels/results/aten_replication_pad2d_cpu/debuf.mlir,51267081cb3afc06f4fcc1aabc9ef1de24af917445d24f20ff5291a0db927d47,syntactic,3,ok,0,709.7007147967815,0,"[""/usr/bin/python3"", ""/home/arjaiswal/Polygeist/scripts/correctness/kernel_match_rewrite.py"", ""/home/arjaiswal/Polygeist/issues/aten_c_kernels/results/aten_replication_pad2d_cpu/debuf.mlir"", ""--dry-run"", ""--matcher-mode"", ""syntactic"", ""--telemetry-json"", ""/home/arjaiswal/Polygeist/issues/equality_saturation_eval/campaign_20260908/aten-aten_replication_pad2d_cpu-syntactic-47qt5dvg.json"", ""--disable-semantic-fallback""]","== match report for /home/arjaiswal/Polygeist/issues/aten_c_kernels/results/aten_replication_pad2d_cpu/debuf.mlir ==
  no_match       body#0  ?
  total: 0 matched / 1 bodies
",0,[],0,0,0,0,/home/arjaiswal/Polygeist/issues/aten_c_kernels/results/aten_replication_pad2d_cpu/debuf.mlir,3647,0,1,0,270.28802782297134,1,64664,0.0,0,0,0,0,[],0,0,0,0.0,0
aten,aten_replication_pad2d_cpu,/home/arjaiswal/Polygeist/issues/aten_c_kernels/results/aten_replication_pad2d_cpu/debuf.mlir,51267081cb3afc06f4fcc1aabc9ef1de24af917445d24f20ff5291a0db927d47,syntactic,4,ok,0,684.4785585999489,0,"[""/usr/bin/python3"", ""/home/arjaiswal/Polygeist/scripts/correctness/kernel_match_rewrite.py"", ""/home/arjaiswal/Polygeist/issues/aten_c_kernels/results/aten_replication_pad2d_cpu/debuf.mlir"", ""--dry-run"", ""--matcher-mode"", ""syntactic"", ""--telemetry-json"", ""/home/arjaiswal/Polygeist/issues/equality_saturation_eval/campaign_20260908/aten-aten_replication_pad2d_cpu-syntactic-pr42bgd8.json"", ""--disable-semantic-fallback""]","== match report for /home/arjaiswal/Polygeist/issues/aten_c_kernels/results/aten_replication_pad2d_cpu/debuf.mlir ==
  no_match       body#0  ?
  total: 0 matched / 1 bodies
",0,[],0,0,0,0,/home/arjaiswal/Polygeist/issues/aten_c_kernels/results/aten_replication_pad2d_cpu/debuf.mlir,3647,0,1,0,269.22909915447235,1,64600,0.0,0,0,0,0,[],0,0,0,0.0,0
aten,aten_replication_pad2d_cpu,/home/arjaiswal/Polygeist/issues/aten_c_kernels/results/aten_replication_pad2d_cpu/debuf.mlir,51267081cb3afc06f4fcc1aabc9ef1de24af917445d24f20ff5291a0db927d47,egglog,4,ok,0,692.8697861731052,0,"[""/usr/bin/python3"", ""/home/arjaiswal/Polygeist/scripts/correctness/kernel_match_rewrite.py"", ""/home/arjaiswal/Polygeist/issues/aten_c_kernels/results/aten_replication_pad2d_cpu/debuf.mlir"", ""--dry-run"", ""--matcher-mode"", ""egglog"", ""--telemetry-json"", ""/home/arjaiswal/Polygeist/issues/equality_saturation_eval/campaign_20260908/aten-aten_replication_pad2d_cpu-egglog-0cfwu5xb.json"", ""--disable-semantic-fallback""]","== match report for /home/arjaiswal/Polygeist/issues/aten_c_kernels/results/aten_replication_pad2d_cpu/debuf.mlir ==
  no_match       body#0  ?
  total: 0 matched / 1 bodies
",0,[],0,0,0,0,/home/arjaiswal/Polygeist/issues/aten_c_kernels/results/aten_replication_pad2d_cpu/debuf.mlir,3647,8,1,0,277.4233892560005,1,64860,0.0,0,0,0,0,[],0,0,0,0.0,0
aten,aten_replication_pad2d_cpu,/home/arjaiswal/Polygeist/issues/aten_c_kernels/results/aten_replication_pad2d_cpu/debuf.mlir,51267081cb3afc06f4fcc1aabc9ef1de24af917445d24f20ff5291a0db927d47,egglog,5,ok,0,694.3038627505302,0,"[""/usr/bin/python3"", ""/home/arjaiswal/Polygeist/scripts/correctness/kernel_match_rewrite.py"", ""/home/arjaiswal/Polygeist/issues/aten_c_kernels/results/aten_replication_pad2d_cpu/debuf.mlir"", ""--dry-run"", ""--matcher-mode"", ""egglog"", ""--telemetry-json"", ""/home/arjaiswal/Polygeist/issues/equality_saturation_eval/campaign_20260908/aten-aten_replication_pad2d_cpu-egglog-b5csrpvl.json"", ""--disable-semantic-fallback""]","== match report for /home/arjaiswal/Polygeist/issues/aten_c_kernels/results/aten_replication_pad2d_cpu/debuf.mlir ==
  no_match       body#0  ?
  total: 0 matched / 1 bodies
",0,[],0,0,0,0,/home/arjaiswal/Polygeist/issues/aten_c_kernels/results/aten_replication_pad2d_cpu/debuf.mlir,3647,8,1,0,276.270791888237,1,64720,0.0,0,0,0,0,[],0,0,0,0.0,0
aten,aten_replication_pad2d_cpu,/home/arjaiswal/Polygeist/issues/aten_c_kernels/results/aten_replication_pad2d_cpu/debuf.mlir,51267081cb3afc06f4fcc1aabc9ef1de24af917445d24f20ff5291a0db927d47,syntactic,5,ok,0,688.5936558246613,0,"[""/usr/bin/python3"", ""/home/arjaiswal/Polygeist/scripts/correctness/kernel_match_rewrite.py"", ""/home/arjaiswal/Polygeist/issues/aten_c_kernels/results/aten_replication_pad2d_cpu/debuf.mlir"", ""--dry-run"", ""--matcher-mode"", ""syntactic"", ""--telemetry-json"", ""/home/arjaiswal/Polygeist/issues/equality_saturation_eval/campaign_20260908/aten-aten_replication_pad2d_cpu-syntactic-oz1_2cui.json"", ""--disable-semantic-fallback""]","== match report for /home/arjaiswal/Polygeist/issues/aten_c_kernels/results/aten_replication_pad2d_cpu/debuf.mlir ==
  no_match       body#0  ?
  total: 0 matched / 1 bodies
",0,[],0,0,0,0,/home/arjaiswal/Polygeist/issues/aten_c_kernels/results/aten_replication_pad2d_cpu/debuf.mlir,3647,0,1,0,280.19368276000023,1,64632,0.0,0,0,0,0,[],0,0,0,0.0,0
aten,aten_replication_pad3d_backward_cpu,/home/arjaiswal/Polygeist/issues/aten_c_kernels/results/aten_replication_pad3d_backward_cpu/debuf.mlir,d26207f8a69ff18e375917032d35e63c0d700853abac1e48a71ef651e733d607,syntactic,1,ok,0,687.1783956885338,0,"[""/usr/bin/python3"", ""/home/arjaiswal/Polygeist/scripts/correctness/kernel_match_rewrite.py"", ""/home/arjaiswal/Polygeist/issues/aten_c_kernels/results/aten_replication_pad3d_backward_cpu/debuf.mlir"", ""--dry-run"", ""--matcher-mode"", ""syntactic"", ""--telemetry-json"", ""/home/arjaiswal/Polygeist/issues/equality_saturation_eval/campaign_20260908/aten-aten_replication_pad3d_backward_cpu-syntactic-p9033fr8.json"", ""--disable-semantic-fallback""]","== match report for /home/arjaiswal/Polygeist/issues/aten_c_kernels/results/aten_replication_pad3d_backward_cpu/debuf.mlir ==
  match          body#[0]  memset_zero_1D_f32
  total: 1 matched / 1 bodies
",0,[],0,0,0,0,/home/arjaiswal/Polygeist/issues/aten_c_kernels/results/aten_replication_pad3d_backward_cpu/debuf.mlir,4753,0,1,1,268.3110758662224,0,64668,0.01696869730949402,0,2,0,0,"[{""body_indices"": [0], ""symbol"": ""memset_zero_1D_f32""}]",1,0,4,0.0,4
aten,aten_replication_pad3d_backward_cpu,/home/arjaiswal/Polygeist/issues/aten_c_kernels/results/aten_replication_pad3d_backward_cpu/debuf.mlir,d26207f8a69ff18e375917032d35e63c0d700853abac1e48a71ef651e733d607,egglog,1,ok,0,758.6533017456532,0,"[""/usr/bin/python3"", ""/home/arjaiswal/Polygeist/scripts/correctness/kernel_match_rewrite.py"", ""/home/arjaiswal/Polygeist/issues/aten_c_kernels/results/aten_replication_pad3d_backward_cpu/debuf.mlir"", ""--dry-run"", ""--matcher-mode"", ""egglog"", ""--telemetry-json"", ""/home/arjaiswal/Polygeist/issues/equality_saturation_eval/campaign_20260908/aten-aten_replication_pad3d_backward_cpu-egglog-icvx0ztr.json"", ""--disable-semantic-fallback""]","== match report for /home/arjaiswal/Polygeist/issues/aten_c_kernels/results/aten_replication_pad3d_backward_cpu/debuf.mlir ==
  match          body#[0]  memset_zero_1D_f32
  total: 1 matched / 1 bodies
",0,[],0,0,0,0,/home/arjaiswal/Polygeist/issues/aten_c_kernels/results/aten_replication_pad3d_backward_cpu/debuf.mlir,4753,8,1,1,313.9194846153259,0,69376,21.61553129553795,2,2,0,0,"[{""body_indices"": [0], ""symbol"": ""memset_zero_1D_f32""}]",1,0,0,0.0,4
aten,aten_replication_pad3d_backward_cpu,/home/arjaiswal/Polygeist/issues/aten_c_kernels/results/aten_replication_pad3d_backward_cpu/debuf.mlir,d26207f8a69ff18e375917032d35e63c0d700853abac1e48a71ef651e733d607,egglog,2,ok,0,742.9782748222351,0,"[""/usr/bin/python3"", ""/home/arjaiswal/Polygeist/scripts/correctness/kernel_match_rewrite.py"", ""/home/arjaiswal/Polygeist/issues/aten_c_kernels/results/aten_replication_pad3d_backward_cpu/debuf.mlir"", ""--dry-run"", ""--matcher-mode"", ""egglog"", ""--telemetry-json"", ""/home/arjaiswal/Polygeist/issues/equality_saturation_eval/campaign_20260908/aten-aten_replication_pad3d_backward_cpu-egglog-vsqqywee.json"", ""--disable-semantic-fallback""]","== match report for /home/arjaiswal/Polygeist/issues/aten_c_kernels/results/aten_replication_pad3d_backward_cpu/debuf.mlir ==
  match          body#[0]  memset_zero_1D_f32
  total: 1 matched / 1 bodies
",0,[],0,0,0,0,/home/arjaiswal/Polygeist/issues/aten_c_kernels/results/aten_replication_pad3d_backward_cpu/debuf.mlir,4753,8,1,1,309.3242458999157,0,69344,22.810127586126328,2,2,0,0,"[{""body_indices"": [0], ""symbol"": ""memset_zero_1D_f32""}]",1,0,0,0.0,4
aten,aten_replication_pad3d_backward_cpu,/home/arjaiswal/Polygeist/issues/aten_c_kernels/results/aten_replication_pad3d_backward_cpu/debuf.mlir,d26207f8a69ff18e375917032d35e63c0d700853abac1e48a71ef651e733d607,syntactic,2,ok,0,748.404435813427,0,"[""/usr/bin/python3"", ""/home/arjaiswal/Polygeist/scripts/correctness/kernel_match_rewrite.py"", ""/home/arjaiswal/Polygeist/issues/aten_c_kernels/results/aten_replication_pad3d_backward_cpu/debuf.mlir"", ""--dry-run"", ""--matcher-mode"", ""syntactic"", ""--telemetry-json"", ""/home/arjaiswal/Polygeist/issues/equality_saturation_eval/campaign_20260908/aten-aten_replication_pad3d_backward_cpu-syntactic-a_vaqc3k.json"", ""--disable-semantic-fallback""]","== match report for /home/arjaiswal/Polygeist/issues/aten_c_kernels/results/aten_replication_pad3d_backward_cpu/debuf.mlir ==
  match          body#[0]  memset_zero_1D_f32
  total: 1 matched / 1 bodies
",0,[],0,0,0,0,/home/arjaiswal/Polygeist/issues/aten_c_kernels/results/aten_replication_pad3d_backward_cpu/debuf.mlir,4753,0,1,1,301.2658543884754,0,64432,0.01817569136619568,0,2,0,0,"[{""body_indices"": [0], ""symbol"": ""memset_zero_1D_f32""}]",1,0,4,0.0,4
aten,aten_replication_pad3d_backward_cpu,/home/arjaiswal/Polygeist/issues/aten_c_kernels/results/aten_replication_pad3d_backward_cpu/debuf.mlir,d26207f8a69ff18e375917032d35e63c0d700853abac1e48a71ef651e733d607,syntactic,3,ok,0,706.6690921783447,0,"[""/usr/bin/python3"", ""/home/arjaiswal/Polygeist/scripts/correctness/kernel_match_rewrite.py"", ""/home/arjaiswal/Polygeist/issues/aten_c_kernels/results/aten_replication_pad3d_backward_cpu/debuf.mlir"", ""--dry-run"", ""--matcher-mode"", ""syntactic"", ""--telemetry-json"", ""/home/arjaiswal/Polygeist/issues/equality_saturation_eval/campaign_20260908/aten-aten_replication_pad3d_backward_cpu-syntactic-nywy2pg4.json"", ""--disable-semantic-fallback""]","== match report for /home/arjaiswal/Polygeist/issues/aten_c_kernels/results/aten_replication_pad3d_backward_cpu/debuf.mlir ==
  match          body#[0]  memset_zero_1D_f32
  total: 1 matched / 1 bodies
",0,[],0,0,0,0,/home/arjaiswal/Polygeist/issues/aten_c_kernels/results/aten_replication_pad3d_backward_cpu/debuf.mlir,4753,0,1,1,272.85392954945564,0,64760,0.018537044525146484,0,2,0,0,"[{""body_indices"": [0], ""symbol"": ""memset_zero_1D_f32""}]",1,0,4,0.0,4
aten,aten_replication_pad3d_backward_cpu,/home/arjaiswal/Polygeist/issues/aten_c_kernels/results/aten_replication_pad3d_backward_cpu/debuf.mlir,d26207f8a69ff18e375917032d35e63c0d700853abac1e48a71ef651e733d607,egglog,3,ok,0,738.8095706701279,0,"[""/usr/bin/python3"", ""/home/arjaiswal/Polygeist/scripts/correctness/kernel_match_rewrite.py"", ""/home/arjaiswal/Polygeist/issues/aten_c_kernels/results/aten_replication_pad3d_backward_cpu/debuf.mlir"", ""--dry-run"", ""--matcher-mode"", ""egglog"", ""--telemetry-json"", ""/home/arjaiswal/Polygeist/issues/equality_saturation_eval/campaign_20260908/aten-aten_replication_pad3d_backward_cpu-egglog-pd2c941e.json"", ""--disable-semantic-fallback""]","== match report for /home/arjaiswal/Polygeist/issues/aten_c_kernels/results/aten_replication_pad3d_backward_cpu/debuf.mlir ==
  match          body#[0]  memset_zero_1D_f32
  total: 1 matched / 1 bodies
",0,[],0,0,0,0,/home/arjaiswal/Polygeist/issues/aten_c_kernels/results/aten_replication_pad3d_backward_cpu/debuf.mlir,4753,8,1,1,314.23739343881607,0,69200,23.038897663354874,2,2,0,0,"[{""body_indices"": [0], ""symbol"": ""memset_zero_1D_f32""}]",1,0,0,0.0,4
aten,aten_replication_pad3d_backward_cpu,/home/arjaiswal/Polygeist/issues/aten_c_kernels/results/aten_replication_pad3d_backward_cpu/debuf.mlir,d26207f8a69ff18e375917032d35e63c0d700853abac1e48a71ef651e733d607,egglog,4,ok,0,740.3114438056946,0,"[""/usr/bin/python3"", ""/home/arjaiswal/Polygeist/scripts/correctness/kernel_match_rewrite.py"", ""/home/arjaiswal/Polygeist/issues/aten_c_kernels/results/aten_replication_pad3d_backward_cpu/debuf.mlir"", ""--dry-run"", ""--matcher-mode"", ""egglog"", ""--telemetry-json"", ""/home/arjaiswal/Polygeist/issues/equality_saturation_eval/campaign_20260908/aten-aten_replication_pad3d_backward_cpu-egglog-hwo_8kwg.json"", ""--disable-semantic-fallback""]","== match report for /home/arjaiswal/Polygeist/issues/aten_c_kernels/results/aten_replication_pad3d_backward_cpu/debuf.mlir ==
  match          body#[0]  memset_zero_1D_f32
  total: 1 matched / 1 bodies
",0,[],0,0,0,0,/home/arjaiswal/Polygeist/issues/aten_c_kernels/results/aten_replication_pad3d_backward_cpu/debuf.mlir,4753,8,1,1,307.678759098053,0,69524,21.139446645975113,2,2,0,0,"[{""body_indices"": [0], ""symbol"": ""memset_zero_1D_f32""}]",1,0,0,0.0,4
aten,aten_replication_pad3d_backward_cpu,/home/arjaiswal/Polygeist/issues/aten_c_kernels/results/aten_replication_pad3d_backward_cpu/debuf.mlir,d26207f8a69ff18e375917032d35e63c0d700853abac1e48a71ef651e733d607,syntactic,4,ok,0,712.9079848527908,0,"[""/usr/bin/python3"", ""/home/arjaiswal/Polygeist/scripts/correctness/kernel_match_rewrite.py"", ""/home/arjaiswal/Polygeist/issues/aten_c_kernels/results/aten_replication_pad3d_backward_cpu/debuf.mlir"", ""--dry-run"", ""--matcher-mode"", ""syntactic"", ""--telemetry-json"", ""/home/arjaiswal/Polygeist/issues/equality_saturation_eval/campaign_20260908/aten-aten_replication_pad3d_backward_cpu-syntactic-powoif4z.json"", ""--disable-semantic-fallback""]","== match report for /home/arjaiswal/Polygeist/issues/aten_c_kernels/results/aten_replication_pad3d_backward_cpu/debuf.mlir ==
  match          body#[0]  memset_zero_1D_f32
  total: 1 matched / 1 bodies
",0,[],0,0,0,0,/home/arjaiswal/Polygeist/issues/aten_c_kernels/results/aten_replication_pad3d_backward_cpu/debuf.mlir,4753,0,1,1,276.77538618445396,0,64672,0.016964972019195557,0,2,0,0,"[{""body_indices"": [0], ""symbol"": ""memset_zero_1D_f32""}]",1,0,4,0.0,4
aten,aten_replication_pad3d_backward_cpu,/home/arjaiswal/Polygeist/issues/aten_c_kernels/results/aten_replication_pad3d_backward_cpu/debuf.mlir,d26207f8a69ff18e375917032d35e63c0d700853abac1e48a71ef651e733d607,syntactic,5,ok,0,692.7711851894855,0,"[""/usr/bin/python3"", ""/home/arjaiswal/Polygeist/scripts/correctness/kernel_match_rewrite.py"", ""/home/arjaiswal/Polygeist/issues/aten_c_kernels/results/aten_replication_pad3d_backward_cpu/debuf.mlir"", ""--dry-run"", ""--matcher-mode"", ""syntactic"", ""--telemetry-json"", ""/home/arjaiswal/Polygeist/issues/equality_saturation_eval/campaign_20260908/aten-aten_replication_pad3d_backward_cpu-syntactic-gm7whh6m.json"", ""--disable-semantic-fallback""]","== match report for /home/arjaiswal/Polygeist/issues/aten_c_kernels/results/aten_replication_pad3d_backward_cpu/debuf.mlir ==
  match          body#[0]  memset_zero_1D_f32
  total: 1 matched / 1 bodies
",0,[],0,0,0,0,/home/arjaiswal/Polygeist/issues/aten_c_kernels/results/aten_replication_pad3d_backward_cpu/debuf.mlir,4753,0,1,1,276.45018696784973,0,64488,0.018153339624404907,0,2,0,0,"[{""body_indices"": [0], ""symbol"": ""memset_zero_1D_f32""}]",1,0,4,0.0,4
aten,aten_replication_pad3d_backward_cpu,/home/arjaiswal/Polygeist/issues/aten_c_kernels/results/aten_replication_pad3d_backward_cpu/debuf.mlir,d26207f8a69ff18e375917032d35e63c0d700853abac1e48a71ef651e733d607,egglog,5,ok,0,832.673292607069,0,"[""/usr/bin/python3"", ""/home/arjaiswal/Polygeist/scripts/correctness/kernel_match_rewrite.py"", ""/home/arjaiswal/Polygeist/issues/aten_c_kernels/results/aten_replication_pad3d_backward_cpu/debuf.mlir"", ""--dry-run"", ""--matcher-mode"", ""egglog"", ""--telemetry-json"", ""/home/arjaiswal/Polygeist/issues/equality_saturation_eval/campaign_20260908/aten-aten_replication_pad3d_backward_cpu-egglog-sb7j0d08.json"", ""--disable-semantic-fallback""]","== match report for /home/arjaiswal/Polygeist/issues/aten_c_kernels/results/aten_replication_pad3d_backward_cpu/debuf.mlir ==
  match          body#[0]  memset_zero_1D_f32
  total: 1 matched / 1 bodies
",0,[],0,0,0,0,/home/arjaiswal/Polygeist/issues/aten_c_kernels/results/aten_replication_pad3d_backward_cpu/debuf.mlir,4753,8,1,1,354.75386306643486,0,69524,28.54973077774048,2,2,0,0,"[{""body_indices"": [0], ""symbol"": ""memset_zero_1D_f32""}]",1,0,0,0.0,4
aten,aten_replication_pad3d_cpu,/home/arjaiswal/Polygeist/issues/aten_c_kernels/results/aten_replication_pad3d_cpu/debuf.mlir,b0431fa55a1c8e912c0451a1c803dabbcb26ae0da75149e26aa9d5cc60ad5731,egglog,1,ok,0,730.5164448916912,0,"[""/usr/bin/python3"", ""/home/arjaiswal/Polygeist/scripts/correctness/kernel_match_rewrite.py"", ""/home/arjaiswal/Polygeist/issues/aten_c_kernels/results/aten_replication_pad3d_cpu/debuf.mlir"", ""--dry-run"", ""--matcher-mode"", ""egglog"", ""--telemetry-json"", ""/home/arjaiswal/Polygeist/issues/equality_saturation_eval/campaign_20260908/aten-aten_replication_pad3d_cpu-egglog-80tl46kl.json"", ""--disable-semantic-fallback""]","== match report for /home/arjaiswal/Polygeist/issues/aten_c_kernels/results/aten_replication_pad3d_cpu/debuf.mlir ==
  no_match       body#0  ?
  total: 0 matched / 1 bodies
",0,[],0,0,0,0,/home/arjaiswal/Polygeist/issues/aten_c_kernels/results/aten_replication_pad3d_cpu/debuf.mlir,4317,8,1,0,284.29413586854935,1,64764,0.0,0,0,0,0,[],0,0,0,0.0,0
aten,aten_replication_pad3d_cpu,/home/arjaiswal/Polygeist/issues/aten_c_kernels/results/aten_replication_pad3d_cpu/debuf.mlir,b0431fa55a1c8e912c0451a1c803dabbcb26ae0da75149e26aa9d5cc60ad5731,syntactic,1,ok,0,719.6261025965214,0,"[""/usr/bin/python3"", ""/home/arjaiswal/Polygeist/scripts/correctness/kernel_match_rewrite.py"", ""/home/arjaiswal/Polygeist/issues/aten_c_kernels/results/aten_replication_pad3d_cpu/debuf.mlir"", ""--dry-run"", ""--matcher-mode"", ""syntactic"", ""--telemetry-json"", ""/home/arjaiswal/Polygeist/issues/equality_saturation_eval/campaign_20260908/aten-aten_replication_pad3d_cpu-syntactic-bxp0enao.json"", ""--disable-semantic-fallback""]","== match report for /home/arjaiswal/Polygeist/issues/aten_c_kernels/results/aten_replication_pad3d_cpu/debuf.mlir ==
  no_match       body#0  ?
  total: 0 matched / 1 bodies
",0,[],0,0,0,0,/home/arjaiswal/Polygeist/issues/aten_c_kernels/results/aten_replication_pad3d_cpu/debuf.mlir,4317,0,1,0,295.6671863794327,1,64772,0.0,0,0,0,0,[],0,0,0,0.0,0
aten,aten_replication_pad3d_cpu,/home/arjaiswal/Polygeist/issues/aten_c_kernels/results/aten_replication_pad3d_cpu/debuf.mlir,b0431fa55a1c8e912c0451a1c803dabbcb26ae0da75149e26aa9d5cc60ad5731,syntactic,2,ok,0,696.6289840638638,0,"[""/usr/bin/python3"", ""/home/arjaiswal/Polygeist/scripts/correctness/kernel_match_rewrite.py"", ""/home/arjaiswal/Polygeist/issues/aten_c_kernels/results/aten_replication_pad3d_cpu/debuf.mlir"", ""--dry-run"", ""--matcher-mode"", ""syntactic"", ""--telemetry-json"", ""/home/arjaiswal/Polygeist/issues/equality_saturation_eval/campaign_20260908/aten-aten_replication_pad3d_cpu-syntactic-fhf22tc0.json"", ""--disable-semantic-fallback""]","== match report for /home/arjaiswal/Polygeist/issues/aten_c_kernels/results/aten_replication_pad3d_cpu/debuf.mlir ==
  no_match       body#0  ?
  total: 0 matched / 1 bodies
",0,[],0,0,0,0,/home/arjaiswal/Polygeist/issues/aten_c_kernels/results/aten_replication_pad3d_cpu/debuf.mlir,4317,0,1,0,274.2745913565159,1,64568,0.0,0,0,0,0,[],0,0,0,0.0,0
aten,aten_replication_pad3d_cpu,/home/arjaiswal/Polygeist/issues/aten_c_kernels/results/aten_replication_pad3d_cpu/debuf.mlir,b0431fa55a1c8e912c0451a1c803dabbcb26ae0da75149e26aa9d5cc60ad5731,egglog,2,ok,0,785.9045602381229,0,"[""/usr/bin/python3"", ""/home/arjaiswal/Polygeist/scripts/correctness/kernel_match_rewrite.py"", ""/home/arjaiswal/Polygeist/issues/aten_c_kernels/results/aten_replication_pad3d_cpu/debuf.mlir"", ""--dry-run"", ""--matcher-mode"", ""egglog"", ""--telemetry-json"", ""/home/arjaiswal/Polygeist/issues/equality_saturation_eval/campaign_20260908/aten-aten_replication_pad3d_cpu-egglog-7sd5i3bp.json"", ""--disable-semantic-fallback""]","== match report for /home/arjaiswal/Polygeist/issues/aten_c_kernels/results/aten_replication_pad3d_cpu/debuf.mlir ==
  no_match       body#0  ?
  total: 0 matched / 1 bodies
",0,[],0,0,0,0,/home/arjaiswal/Polygeist/issues/aten_c_kernels/results/aten_replication_pad3d_cpu/debuf.mlir,4317,8,1,0,296.6555021703243,1,64608,0.0,0,0,0,0,[],0,0,0,0.0,0
aten,aten_replication_pad3d_cpu,/home/arjaiswal/Polygeist/issues/aten_c_kernels/results/aten_replication_pad3d_cpu/debuf.mlir,b0431fa55a1c8e912c0451a1c803dabbcb26ae0da75149e26aa9d5cc60ad5731,egglog,3,ok,0,719.0369591116905,0,"[""/usr/bin/python3"", ""/home/arjaiswal/Polygeist/scripts/correctness/kernel_match_rewrite.py"", ""/home/arjaiswal/Polygeist/issues/aten_c_kernels/results/aten_replication_pad3d_cpu/debuf.mlir"", ""--dry-run"", ""--matcher-mode"", ""egglog"", ""--telemetry-json"", ""/home/arjaiswal/Polygeist/issues/equality_saturation_eval/campaign_20260908/aten-aten_replication_pad3d_cpu-egglog-g1rz0ope.json"", ""--disable-semantic-fallback""]","== match report for /home/arjaiswal/Polygeist/issues/aten_c_kernels/results/aten_replication_pad3d_cpu/debuf.mlir ==
  no_match       body#0  ?
  total: 0 matched / 1 bodies
",0,[],0,0,0,0,/home/arjaiswal/Polygeist/issues/aten_c_kernels/results/aten_replication_pad3d_cpu/debuf.mlir,4317,8,1,0,286.10460832715034,1,64840,0.0,0,0,0,0,[],0,0,0,0.0,0
aten,aten_replication_pad3d_cpu,/home/arjaiswal/Polygeist/issues/aten_c_kernels/results/aten_replication_pad3d_cpu/debuf.mlir,b0431fa55a1c8e912c0451a1c803dabbcb26ae0da75149e26aa9d5cc60ad5731,syntactic,3,ok,0,689.894437789917,0,"[""/usr/bin/python3"", ""/home/arjaiswal/Polygeist/scripts/correctness/kernel_match_rewrite.py"", ""/home/arjaiswal/Polygeist/issues/aten_c_kernels/results/aten_replication_pad3d_cpu/debuf.mlir"", ""--dry-run"", ""--matcher-mode"", ""syntactic"", ""--telemetry-json"", ""/home/arjaiswal/Polygeist/issues/equality_saturation_eval/campaign_20260908/aten-aten_replication_pad3d_cpu-syntactic-w39j1q41.json"", ""--disable-semantic-fallback""]","== match report for /home/arjaiswal/Polygeist/issues/aten_c_kernels/results/aten_replication_pad3d_cpu/debuf.mlir ==
  no_match       body#0  ?
  total: 0 matched / 1 bodies
",0,[],0,0,0,0,/home/arjaiswal/Polygeist/issues/aten_c_kernels/results/aten_replication_pad3d_cpu/debuf.mlir,4317,0,1,0,275.0169634819031,1,64752,0.0,0,0,0,0,[],0,0,0,0.0,0
aten,aten_replication_pad3d_cpu,/home/arjaiswal/Polygeist/issues/aten_c_kernels/results/aten_replication_pad3d_cpu/debuf.mlir,b0431fa55a1c8e912c0451a1c803dabbcb26ae0da75149e26aa9d5cc60ad5731,syntactic,4,ok,0,696.6805383563042,0,"[""/usr/bin/python3"", ""/home/arjaiswal/Polygeist/scripts/correctness/kernel_match_rewrite.py"", ""/home/arjaiswal/Polygeist/issues/aten_c_kernels/results/aten_replication_pad3d_cpu/debuf.mlir"", ""--dry-run"", ""--matcher-mode"", ""syntactic"", ""--telemetry-json"", ""/home/arjaiswal/Polygeist/issues/equality_saturation_eval/campaign_20260908/aten-aten_replication_pad3d_cpu-syntactic-rtgqy9ex.json"", ""--disable-semantic-fallback""]","== match report for /home/arjaiswal/Polygeist/issues/aten_c_kernels/results/aten_replication_pad3d_cpu/debuf.mlir ==
  no_match       body#0  ?
  total: 0 matched / 1 bodies
",0,[],0,0,0,0,/home/arjaiswal/Polygeist/issues/aten_c_kernels/results/aten_replication_pad3d_cpu/debuf.mlir,4317,0,1,0,279.029443860054,1,64776,0.0,0,0,0,0,[],0,0,0,0.0,0
aten,aten_replication_pad3d_cpu,/home/arjaiswal/Polygeist/issues/aten_c_kernels/results/aten_replication_pad3d_cpu/debuf.mlir,b0431fa55a1c8e912c0451a1c803dabbcb26ae0da75149e26aa9d5cc60ad5731,egglog,4,ok,0,711.2080603837967,0,"[""/usr/bin/python3"", ""/home/arjaiswal/Polygeist/scripts/correctness/kernel_match_rewrite.py"", ""/home/arjaiswal/Polygeist/issues/aten_c_kernels/results/aten_replication_pad3d_cpu/debuf.mlir"", ""--dry-run"", ""--matcher-mode"", ""egglog"", ""--telemetry-json"", ""/home/arjaiswal/Polygeist/issues/equality_saturation_eval/campaign_20260908/aten-aten_replication_pad3d_cpu-egglog-6pcgj58x.json"", ""--disable-semantic-fallback""]","== match report for /home/arjaiswal/Polygeist/issues/aten_c_kernels/results/aten_replication_pad3d_cpu/debuf.mlir ==
  no_match       body#0  ?
  total: 0 matched / 1 bodies
",0,[],0,0,0,0,/home/arjaiswal/Polygeist/issues/aten_c_kernels/results/aten_replication_pad3d_cpu/debuf.mlir,4317,8,1,0,289.0487462282181,1,64664,0.0,0,0,0,0,[],0,0,0,0.0,0
aten,aten_replication_pad3d_cpu,/home/arjaiswal/Polygeist/issues/aten_c_kernels/results/aten_replication_pad3d_cpu/debuf.mlir,b0431fa55a1c8e912c0451a1c803dabbcb26ae0da75149e26aa9d5cc60ad5731,egglog,5,ok,0,752.2057890892029,0,"[""/usr/bin/python3"", ""/home/arjaiswal/Polygeist/scripts/correctness/kernel_match_rewrite.py"", ""/home/arjaiswal/Polygeist/issues/aten_c_kernels/results/aten_replication_pad3d_cpu/debuf.mlir"", ""--dry-run"", ""--matcher-mode"", ""egglog"", ""--telemetry-json"", ""/home/arjaiswal/Polygeist/issues/equality_saturation_eval/campaign_20260908/aten-aten_replication_pad3d_cpu-egglog-7lf1l7lt.json"", ""--disable-semantic-fallback""]","== match report for /home/arjaiswal/Polygeist/issues/aten_c_kernels/results/aten_replication_pad3d_cpu/debuf.mlir ==
  no_match       body#0  ?
  total: 0 matched / 1 bodies
",0,[],0,0,0,0,/home/arjaiswal/Polygeist/issues/aten_c_kernels/results/aten_replication_pad3d_cpu/debuf.mlir,4317,8,1,0,315.3603486716747,1,64708,0.0,0,0,0,0,[],0,0,0,0.0,0
aten,aten_replication_pad3d_cpu,/home/arjaiswal/Polygeist/issues/aten_c_kernels/results/aten_replication_pad3d_cpu/debuf.mlir,b0431fa55a1c8e912c0451a1c803dabbcb26ae0da75149e26aa9d5cc60ad5731,syntactic,5,ok,0,699.4176991283894,0,"[""/usr/bin/python3"", ""/home/arjaiswal/Polygeist/scripts/correctness/kernel_match_rewrite.py"", ""/home/arjaiswal/Polygeist/issues/aten_c_kernels/results/aten_replication_pad3d_cpu/debuf.mlir"", ""--dry-run"", ""--matcher-mode"", ""syntactic"", ""--telemetry-json"", ""/home/arjaiswal/Polygeist/issues/equality_saturation_eval/campaign_20260908/aten-aten_replication_pad3d_cpu-syntactic-d07eao9e.json"", ""--disable-semantic-fallback""]","== match report for /home/arjaiswal/Polygeist/issues/aten_c_kernels/results/aten_replication_pad3d_cpu/debuf.mlir ==
  no_match       body#0  ?
  total: 0 matched / 1 bodies
",0,[],0,0,0,0,/home/arjaiswal/Polygeist/issues/aten_c_kernels/results/aten_replication_pad3d_cpu/debuf.mlir,4317,0,1,0,274.6727503836155,1,64464,0.0,0,0,0,0,[],0,0,0,0.0,0
aten,aten_rms_norm,/home/arjaiswal/Polygeist/issues/aten_c_kernels/results/aten_rms_norm/debuf.mlir,d02f2ea9f758217ab92dc001ab4a8ebb79893e528e7a9a0f2ecdf62007d45302,syntactic,1,ok,0,702.6251927018166,0,"[""/usr/bin/python3"", ""/home/arjaiswal/Polygeist/scripts/correctness/kernel_match_rewrite.py"", ""/home/arjaiswal/Polygeist/issues/aten_c_kernels/results/aten_rms_norm/debuf.mlir"", ""--dry-run"", ""--matcher-mode"", ""syntactic"", ""--telemetry-json"", ""/home/arjaiswal/Polygeist/issues/equality_saturation_eval/campaign_20260908/aten-aten_rms_norm-syntactic-mxmj14tp.json"", ""--disable-semantic-fallback""]","== match report for /home/arjaiswal/Polygeist/issues/aten_c_kernels/results/aten_rms_norm/debuf.mlir ==
  match          body#[0, 1]  rmsnorm_f32_tensor
  total: 1 matched / 1 bodies
",0,[],0,0,0,0,/home/arjaiswal/Polygeist/issues/aten_c_kernels/results/aten_rms_norm/debuf.mlir,2736,0,2,2,288.892287760973,0,65460,0.044889748096466064,0,4,0,0,"[{""body_indices"": [0, 1], ""symbol"": ""rmsnorm_f32_tensor""}]",1,0,4,0.0,4
aten,aten_rms_norm,/home/arjaiswal/Polygeist/issues/aten_c_kernels/results/aten_rms_norm/debuf.mlir,d02f2ea9f758217ab92dc001ab4a8ebb79893e528e7a9a0f2ecdf62007d45302,egglog,1,ok,0,777.7479588985443,0,"[""/usr/bin/python3"", ""/home/arjaiswal/Polygeist/scripts/correctness/kernel_match_rewrite.py"", ""/home/arjaiswal/Polygeist/issues/aten_c_kernels/results/aten_rms_norm/debuf.mlir"", ""--dry-run"", ""--matcher-mode"", ""egglog"", ""--telemetry-json"", ""/home/arjaiswal/Polygeist/issues/equality_saturation_eval/campaign_20260908/aten-aten_rms_norm-egglog-qrcrrbg7.json"", ""--disable-semantic-fallback""]","== match report for /home/arjaiswal/Polygeist/issues/aten_c_kernels/results/aten_rms_norm/debuf.mlir ==
  match          body#[0, 1]  rmsnorm_f32_tensor
  total: 1 matched / 1 bodies
",0,[],0,0,0,0,/home/arjaiswal/Polygeist/issues/aten_c_kernels/results/aten_rms_norm/debuf.mlir,2736,8,2,2,361.09086498618126,0,69304,43.90304163098335,4,4,0,42,"[{""body_indices"": [0, 1], ""symbol"": ""rmsnorm_f32_tensor""}]",1,0,0,0.0,4
aten,aten_rms_norm,/home/arjaiswal/Polygeist/issues/aten_c_kernels/results/aten_rms_norm/debuf.mlir,d02f2ea9f758217ab92dc001ab4a8ebb79893e528e7a9a0f2ecdf62007d45302,egglog,2,ok,0,752.2212341427803,0,"[""/usr/bin/python3"", ""/home/arjaiswal/Polygeist/scripts/correctness/kernel_match_rewrite.py"", ""/home/arjaiswal/Polygeist/issues/aten_c_kernels/results/aten_rms_norm/debuf.mlir"", ""--dry-run"", ""--matcher-mode"", ""egglog"", ""--telemetry-json"", ""/home/arjaiswal/Polygeist/issues/equality_saturation_eval/campaign_20260908/aten-aten_rms_norm-egglog-5bh76b0m.json"", ""--disable-semantic-fallback""]","== match report for /home/arjaiswal/Polygeist/issues/aten_c_kernels/results/aten_rms_norm/debuf.mlir ==
  match          body#[0, 1]  rmsnorm_f32_tensor
  total: 1 matched / 1 bodies
",0,[],0,0,0,0,/home/arjaiswal/Polygeist/issues/aten_c_kernels/results/aten_rms_norm/debuf.mlir,2736,8,2,2,336.03403344750404,0,69368,42.43746027350426,4,4,0,42,"[{""body_indices"": [0, 1], ""symbol"": ""rmsnorm_f32_tensor""}]",1,0,0,0.0,4
aten,aten_rms_norm,/home/arjaiswal/Polygeist/issues/aten_c_kernels/results/aten_rms_norm/debuf.mlir,d02f2ea9f758217ab92dc001ab4a8ebb79893e528e7a9a0f2ecdf62007d45302,syntactic,2,ok,0,769.4164998829365,0,"[""/usr/bin/python3"", ""/home/arjaiswal/Polygeist/scripts/correctness/kernel_match_rewrite.py"", ""/home/arjaiswal/Polygeist/issues/aten_c_kernels/results/aten_rms_norm/debuf.mlir"", ""--dry-run"", ""--matcher-mode"", ""syntactic"", ""--telemetry-json"", ""/home/arjaiswal/Polygeist/issues/equality_saturation_eval/campaign_20260908/aten-aten_rms_norm-syntactic-0iwbjwnv.json"", ""--disable-semantic-fallback""]","== match report for /home/arjaiswal/Polygeist/issues/aten_c_kernels/results/aten_rms_norm/debuf.mlir ==
  match          body#[0, 1]  rmsnorm_f32_tensor
  total: 1 matched / 1 bodies
",0,[],0,0,0,0,/home/arjaiswal/Polygeist/issues/aten_c_kernels/results/aten_rms_norm/debuf.mlir,2736,0,2,2,300.7580041885376,0,65524,0.04252791404724121,0,4,0,0,"[{""body_indices"": [0, 1], ""symbol"": ""rmsnorm_f32_tensor""}]",1,0,4,0.0,4
aten,aten_rms_norm,/home/arjaiswal/Polygeist/issues/aten_c_kernels/results/aten_rms_norm/debuf.mlir,d02f2ea9f758217ab92dc001ab4a8ebb79893e528e7a9a0f2ecdf62007d45302,syntactic,3,ok,0,724.7174493968487,0,"[""/usr/bin/python3"", ""/home/arjaiswal/Polygeist/scripts/correctness/kernel_match_rewrite.py"", ""/home/arjaiswal/Polygeist/issues/aten_c_kernels/results/aten_rms_norm/debuf.mlir"", ""--dry-run"", ""--matcher-mode"", ""syntactic"", ""--telemetry-json"", ""/home/arjaiswal/Polygeist/issues/equality_saturation_eval/campaign_20260908/aten-aten_rms_norm-syntactic-vbknvw9w.json"", ""--disable-semantic-fallback""]","== match report for /home/arjaiswal/Polygeist/issues/aten_c_kernels/results/aten_rms_norm/debuf.mlir ==
  match          body#[0, 1]  rmsnorm_f32_tensor
  total: 1 matched / 1 bodies
",0,[],0,0,0,0,/home/arjaiswal/Polygeist/issues/aten_c_kernels/results/aten_rms_norm/debuf.mlir,2736,0,2,2,302.2040091454983,0,65796,0.057697296142578125,0,4,0,0,"[{""body_indices"": [0, 1], ""symbol"": ""rmsnorm_f32_tensor""}]",1,0,4,0.0,4
aten,aten_rms_norm,/home/arjaiswal/Polygeist/issues/aten_c_kernels/results/aten_rms_norm/debuf.mlir,d02f2ea9f758217ab92dc001ab4a8ebb79893e528e7a9a0f2ecdf62007d45302,egglog,3,ok,0,777.0522013306618,0,"[""/usr/bin/python3"", ""/home/arjaiswal/Polygeist/scripts/correctness/kernel_match_rewrite.py"", ""/home/arjaiswal/Polygeist/issues/aten_c_kernels/results/aten_rms_norm/debuf.mlir"", ""--dry-run"", ""--matcher-mode"", ""egglog"", ""--telemetry-json"", ""/home/arjaiswal/Polygeist/issues/equality_saturation_eval/campaign_20260908/aten-aten_rms_norm-egglog-ddy6rpbc.json"", ""--disable-semantic-fallback""]","== match report for /home/arjaiswal/Polygeist/issues/aten_c_kernels/results/aten_rms_norm/debuf.mlir ==
  match          body#[0, 1]  rmsnorm_f32_tensor
  total: 1 matched / 1 bodies
",0,[],0,0,0,0,/home/arjaiswal/Polygeist/issues/aten_c_kernels/results/aten_rms_norm/debuf.mlir,2736,8,2,2,348.30207750201225,0,69292,43.86004060506821,4,4,0,42,"[{""body_indices"": [0, 1], ""symbol"": ""rmsnorm_f32_tensor""}]",1,0,0,0.0,4
aten,aten_rms_norm,/home/arjaiswal/Polygeist/issues/aten_c_kernels/results/aten_rms_norm/debuf.mlir,d02f2ea9f758217ab92dc001ab4a8ebb79893e528e7a9a0f2ecdf62007d45302,egglog,4,ok,0,777.0001702010632,0,"[""/usr/bin/python3"", ""/home/arjaiswal/Polygeist/scripts/correctness/kernel_match_rewrite.py"", ""/home/arjaiswal/Polygeist/issues/aten_c_kernels/results/aten_rms_norm/debuf.mlir"", ""--dry-run"", ""--matcher-mode"", ""egglog"", ""--telemetry-json"", ""/home/arjaiswal/Polygeist/issues/equality_saturation_eval/campaign_20260908/aten-aten_rms_norm-egglog-fx9vhi4m.json"", ""--disable-semantic-fallback""]","== match report for /home/arjaiswal/Polygeist/issues/aten_c_kernels/results/aten_rms_norm/debuf.mlir ==
  match          body#[0, 1]  rmsnorm_f32_tensor
  total: 1 matched / 1 bodies
",0,[],0,0,0,0,/home/arjaiswal/Polygeist/issues/aten_c_kernels/results/aten_rms_norm/debuf.mlir,2736,8,2,2,338.9412350952625,0,69300,42.52822324633598,4,4,0,42,"[{""body_indices"": [0, 1], ""symbol"": ""rmsnorm_f32_tensor""}]",1,0,0,0.0,4
aten,aten_rms_norm,/home/arjaiswal/Polygeist/issues/aten_c_kernels/results/aten_rms_norm/debuf.mlir,d02f2ea9f758217ab92dc001ab4a8ebb79893e528e7a9a0f2ecdf62007d45302,syntactic,4,ok,0,723.2126519083977,0,"[""/usr/bin/python3"", ""/home/arjaiswal/Polygeist/scripts/correctness/kernel_match_rewrite.py"", ""/home/arjaiswal/Polygeist/issues/aten_c_kernels/results/aten_rms_norm/debuf.mlir"", ""--dry-run"", ""--matcher-mode"", ""syntactic"", ""--telemetry-json"", ""/home/arjaiswal/Polygeist/issues/equality_saturation_eval/campaign_20260908/aten-aten_rms_norm-syntactic-t91ls5g4.json"", ""--disable-semantic-fallback""]","== match report for /home/arjaiswal/Polygeist/issues/aten_c_kernels/results/aten_rms_norm/debuf.mlir ==
  match          body#[0, 1]  rmsnorm_f32_tensor
  total: 1 matched / 1 bodies
",0,[],0,0,0,0,/home/arjaiswal/Polygeist/issues/aten_c_kernels/results/aten_rms_norm/debuf.mlir,2736,0,2,2,291.2838086485863,0,65752,0.0483393669128418,0,4,0,0,"[{""body_indices"": [0, 1], ""symbol"": ""rmsnorm_f32_tensor""}]",1,0,4,0.0,4
aten,aten_rms_norm,/home/arjaiswal/Polygeist/issues/aten_c_kernels/results/aten_rms_norm/debuf.mlir,d02f2ea9f758217ab92dc001ab4a8ebb79893e528e7a9a0f2ecdf62007d45302,syntactic,5,ok,0,722.3333530128002,0,"[""/usr/bin/python3"", ""/home/arjaiswal/Polygeist/scripts/correctness/kernel_match_rewrite.py"", ""/home/arjaiswal/Polygeist/issues/aten_c_kernels/results/aten_rms_norm/debuf.mlir"", ""--dry-run"", ""--matcher-mode"", ""syntactic"", ""--telemetry-json"", ""/home/arjaiswal/Polygeist/issues/equality_saturation_eval/campaign_20260908/aten-aten_rms_norm-syntactic-somzsqxa.json"", ""--disable-semantic-fallback""]","== match report for /home/arjaiswal/Polygeist/issues/aten_c_kernels/results/aten_rms_norm/debuf.mlir ==
  match          body#[0, 1]  rmsnorm_f32_tensor
  total: 1 matched / 1 bodies
",0,[],0,0,0,0,/home/arjaiswal/Polygeist/issues/aten_c_kernels/results/aten_rms_norm/debuf.mlir,2736,0,2,2,293.56762394309044,0,64736,0.0458545982837677,0,4,0,0,"[{""body_indices"": [0, 1], ""symbol"": ""rmsnorm_f32_tensor""}]",1,0,4,0.0,4
aten,aten_rms_norm,/home/arjaiswal/Polygeist/issues/aten_c_kernels/results/aten_rms_norm/debuf.mlir,d02f2ea9f758217ab92dc001ab4a8ebb79893e528e7a9a0f2ecdf62007d45302,egglog,5,ok,0,790.3571166098118,0,"[""/usr/bin/python3"", ""/home/arjaiswal/Polygeist/scripts/correctness/kernel_match_rewrite.py"", ""/home/arjaiswal/Polygeist/issues/aten_c_kernels/results/aten_rms_norm/debuf.mlir"", ""--dry-run"", ""--matcher-mode"", ""egglog"", ""--telemetry-json"", ""/home/arjaiswal/Polygeist/issues/equality_saturation_eval/campaign_20260908/aten-aten_rms_norm-egglog-xfcwtas7.json"", ""--disable-semantic-fallback""]","== match report for /home/arjaiswal/Polygeist/issues/aten_c_kernels/results/aten_rms_norm/debuf.mlir ==
  match          body#[0, 1]  rmsnorm_f32_tensor
  total: 1 matched / 1 bodies
",0,[],0,0,0,0,/home/arjaiswal/Polygeist/issues/aten_c_kernels/results/aten_rms_norm/debuf.mlir,2736,8,2,2,343.54590252041817,0,69360,42.44470223784447,4,4,0,42,"[{""body_indices"": [0, 1], ""symbol"": ""rmsnorm_f32_tensor""}]",1,0,0,0.0,4
aten,aten_round,/home/arjaiswal/Polygeist/issues/aten_c_kernels/results/aten_round/debuf.mlir,5e059779b629b34b761b228e5588f63216e4128238d3effa99dac82ae48b8291,egglog,1,ok,0,874.266367405653,0,"[""/usr/bin/python3"", ""/home/arjaiswal/Polygeist/scripts/correctness/kernel_match_rewrite.py"", ""/home/arjaiswal/Polygeist/issues/aten_c_kernels/results/aten_round/debuf.mlir"", ""--dry-run"", ""--matcher-mode"", ""egglog"", ""--telemetry-json"", ""/home/arjaiswal/Polygeist/issues/equality_saturation_eval/campaign_20260908/aten-aten_round-egglog-xd34sju6.json"", ""--disable-semantic-fallback""]","== match report for /home/arjaiswal/Polygeist/issues/aten_c_kernels/results/aten_round/debuf.mlir ==
  match          body#[0]  cudnnPointwiseGraph_f32
  total: 1 matched / 1 bodies
",0,[],0,0,0,0,/home/arjaiswal/Polygeist/issues/aten_c_kernels/results/aten_round/debuf.mlir,1872,8,1,1,429.30397391319275,0,65868,0.0,0,0,0,0,"[{""body_indices"": [0], ""symbol"": ""cudnnPointwiseGraph_f32""}]",1,0,0,0.0,56
aten,aten_round,/home/arjaiswal/Polygeist/issues/aten_c_kernels/results/aten_round/debuf.mlir,5e059779b629b34b761b228e5588f63216e4128238d3effa99dac82ae48b8291,syntactic,1,ok,0,850.5101911723614,0,"[""/usr/bin/python3"", ""/home/arjaiswal/Polygeist/scripts/correctness/kernel_match_rewrite.py"", ""/home/arjaiswal/Polygeist/issues/aten_c_kernels/results/aten_round/debuf.mlir"", ""--dry-run"", ""--matcher-mode"", ""syntactic"", ""--telemetry-json"", ""/home/arjaiswal/Polygeist/issues/equality_saturation_eval/campaign_20260908/aten-aten_round-syntactic-_x2u2mpe.json"", ""--disable-semantic-fallback""]","== match report for /home/arjaiswal/Polygeist/issues/aten_c_kernels/results/aten_round/debuf.mlir ==
  match          body#[0]  cudnnPointwiseGraph_f32
  total: 1 matched / 1 bodies
",0,[],0,0,0,0,/home/arjaiswal/Polygeist/issues/aten_c_kernels/results/aten_round/debuf.mlir,1872,0,1,1,423.23655262589455,0,65972,0.22716820240020752,0,0,0,0,"[{""body_indices"": [0], ""symbol"": ""cudnnPointwiseGraph_f32""}]",1,0,56,0.0,56
aten,aten_round,/home/arjaiswal/Polygeist/issues/aten_c_kernels/results/aten_round/debuf.mlir,5e059779b629b34b761b228e5588f63216e4128238d3effa99dac82ae48b8291,syntactic,2,ok,0,829.9775794148445,0,"[""/usr/bin/python3"", ""/home/arjaiswal/Polygeist/scripts/correctness/kernel_match_rewrite.py"", ""/home/arjaiswal/Polygeist/issues/aten_c_kernels/results/aten_round/debuf.mlir"", ""--dry-run"", ""--matcher-mode"", ""syntactic"", ""--telemetry-json"", ""/home/arjaiswal/Polygeist/issues/equality_saturation_eval/campaign_20260908/aten-aten_round-syntactic-7cps_4u1.json"", ""--disable-semantic-fallback""]","== match report for /home/arjaiswal/Polygeist/issues/aten_c_kernels/results/aten_round/debuf.mlir ==
  match          body#[0]  cudnnPointwiseGraph_f32
  total: 1 matched / 1 bodies
",0,[],0,0,0,0,/home/arjaiswal/Polygeist/issues/aten_c_kernels/results/aten_round/debuf.mlir,1872,0,1,1,417.19846799969673,0,65956,0.21436065435409546,0,0,0,0,"[{""body_indices"": [0], ""symbol"": ""cudnnPointwiseGraph_f32""}]",1,0,56,0.0,56
aten,aten_round,/home/arjaiswal/Polygeist/issues/aten_c_kernels/results/aten_round/debuf.mlir,5e059779b629b34b761b228e5588f63216e4128238d3effa99dac82ae48b8291,egglog,2,ok,0,870.6086166203022,0,"[""/usr/bin/python3"", ""/home/arjaiswal/Polygeist/scripts/correctness/kernel_match_rewrite.py"", ""/home/arjaiswal/Polygeist/issues/aten_c_kernels/results/aten_round/debuf.mlir"", ""--dry-run"", ""--matcher-mode"", ""egglog"", ""--telemetry-json"", ""/home/arjaiswal/Polygeist/issues/equality_saturation_eval/campaign_20260908/aten-aten_round-egglog-9hm5ahsx.json"", ""--disable-semantic-fallback""]","== match report for /home/arjaiswal/Polygeist/issues/aten_c_kernels/results/aten_round/debuf.mlir ==
  match          body#[0]  cudnnPointwiseGraph_f32
  total: 1 matched / 1 bodies
",0,[],0,0,0,0,/home/arjaiswal/Polygeist/issues/aten_c_kernels/results/aten_round/debuf.mlir,1872,8,1,1,437.57250905036926,0,65800,0.0,0,0,0,0,"[{""body_indices"": [0], ""symbol"": ""cudnnPointwiseGraph_f32""}]",1,0,0,0.0,56
aten,aten_round,/home/arjaiswal/Polygeist/issues/aten_c_kernels/results/aten_round/debuf.mlir,5e059779b629b34b761b228e5588f63216e4128238d3effa99dac82ae48b8291,egglog,3,ok,0,896.1910009384155,0,"[""/usr/bin/python3"", ""/home/arjaiswal/Polygeist/scripts/correctness/kernel_match_rewrite.py"", ""/home/arjaiswal/Polygeist/issues/aten_c_kernels/results/aten_round/debuf.mlir"", ""--dry-run"", ""--matcher-mode"", ""egglog"", ""--telemetry-json"", ""/home/arjaiswal/Polygeist/issues/equality_saturation_eval/campaign_20260908/aten-aten_round-egglog-pr6lkjhp.json"", ""--disable-semantic-fallback""]","== match report for /home/arjaiswal/Polygeist/issues/aten_c_kernels/results/aten_round/debuf.mlir ==
  match          body#[0]  cudnnPointwiseGraph_f32
  total: 1 matched / 1 bodies
",0,[],0,0,0,0,/home/arjaiswal/Polygeist/issues/aten_c_kernels/results/aten_round/debuf.mlir,1872,8,1,1,456.77123218774796,0,66024,0.0,0,0,0,0,"[{""body_indices"": [0], ""symbol"": ""cudnnPointwiseGraph_f32""}]",1,0,0,0.0,56
aten,aten_round,/home/arjaiswal/Polygeist/issues/aten_c_kernels/results/aten_round/debuf.mlir,5e059779b629b34b761b228e5588f63216e4128238d3effa99dac82ae48b8291,syntactic,3,ok,0,852.7709394693375,0,"[""/usr/bin/python3"", ""/home/arjaiswal/Polygeist/scripts/correctness/kernel_match_rewrite.py"", ""/home/arjaiswal/Polygeist/issues/aten_c_kernels/results/aten_round/debuf.mlir"", ""--dry-run"", ""--matcher-mode"", ""syntactic"", ""--telemetry-json"", ""/home/arjaiswal/Polygeist/issues/equality_saturation_eval/campaign_20260908/aten-aten_round-syntactic-rrd6vj56.json"", ""--disable-semantic-fallback""]","== match report for /home/arjaiswal/Polygeist/issues/aten_c_kernels/results/aten_round/debuf.mlir ==
  match          body#[0]  cudnnPointwiseGraph_f32
  total: 1 matched / 1 bodies
",0,[],0,0,0,0,/home/arjaiswal/Polygeist/issues/aten_c_kernels/results/aten_round/debuf.mlir,1872,0,1,1,419.2775711417198,0,66076,0.22702664136886597,0,0,0,0,"[{""body_indices"": [0], ""symbol"": ""cudnnPointwiseGraph_f32""}]",1,0,56,0.0,56
aten,aten_round,/home/arjaiswal/Polygeist/issues/aten_c_kernels/results/aten_round/debuf.mlir,5e059779b629b34b761b228e5588f63216e4128238d3effa99dac82ae48b8291,syntactic,4,ok,0,888.5302990674973,0,"[""/usr/bin/python3"", ""/home/arjaiswal/Polygeist/scripts/correctness/kernel_match_rewrite.py"", ""/home/arjaiswal/Polygeist/issues/aten_c_kernels/results/aten_round/debuf.mlir"", ""--dry-run"", ""--matcher-mode"", ""syntactic"", ""--telemetry-json"", ""/home/arjaiswal/Polygeist/issues/equality_saturation_eval/campaign_20260908/aten-aten_round-syntactic-19z60xpj.json"", ""--disable-semantic-fallback""]","== match report for /home/arjaiswal/Polygeist/issues/aten_c_kernels/results/aten_round/debuf.mlir ==
  match          body#[0]  cudnnPointwiseGraph_f32
  total: 1 matched / 1 bodies
",0,[],0,0,0,0,/home/arjaiswal/Polygeist/issues/aten_c_kernels/results/aten_round/debuf.mlir,1872,0,1,1,462.59673684835434,0,65860,0.2188645303249359,0,0,0,0,"[{""body_indices"": [0], ""symbol"": ""cudnnPointwiseGraph_f32""}]",1,0,56,0.0,56
aten,aten_round,/home/arjaiswal/Polygeist/issues/aten_c_kernels/results/aten_round/debuf.mlir,5e059779b629b34b761b228e5588f63216e4128238d3effa99dac82ae48b8291,egglog,4,ok,0,849.0429595112801,0,"[""/usr/bin/python3"", ""/home/arjaiswal/Polygeist/scripts/correctness/kernel_match_rewrite.py"", ""/home/arjaiswal/Polygeist/issues/aten_c_kernels/results/aten_round/debuf.mlir"", ""--dry-run"", ""--matcher-mode"", ""egglog"", ""--telemetry-json"", ""/home/arjaiswal/Polygeist/issues/equality_saturation_eval/campaign_20260908/aten-aten_round-egglog-hp70g7u6.json"", ""--disable-semantic-fallback""]","== match report for /home/arjaiswal/Polygeist/issues/aten_c_kernels/results/aten_round/debuf.mlir ==
  match          body#[0]  cudnnPointwiseGraph_f32
  total: 1 matched / 1 bodies
",0,[],0,0,0,0,/home/arjaiswal/Polygeist/issues/aten_c_kernels/results/aten_round/debuf.mlir,1872,8,1,1,421.60383239388466,0,66088,0.0,0,0,0,0,"[{""body_indices"": [0], ""symbol"": ""cudnnPointwiseGraph_f32""}]",1,0,0,0.0,56
aten,aten_round,/home/arjaiswal/Polygeist/issues/aten_c_kernels/results/aten_round/debuf.mlir,5e059779b629b34b761b228e5588f63216e4128238d3effa99dac82ae48b8291,egglog,5,ok,0,835.9869346022606,0,"[""/usr/bin/python3"", ""/home/arjaiswal/Polygeist/scripts/correctness/kernel_match_rewrite.py"", ""/home/arjaiswal/Polygeist/issues/aten_c_kernels/results/aten_round/debuf.mlir"", ""--dry-run"", ""--matcher-mode"", ""egglog"", ""--telemetry-json"", ""/home/arjaiswal/Polygeist/issues/equality_saturation_eval/campaign_20260908/aten-aten_round-egglog-2ghtjsyd.json"", ""--disable-semantic-fallback""]","== match report for /home/arjaiswal/Polygeist/issues/aten_c_kernels/results/aten_round/debuf.mlir ==
  match          body#[0]  cudnnPointwiseGraph_f32
  total: 1 matched / 1 bodies
",0,[],0,0,0,0,/home/arjaiswal/Polygeist/issues/aten_c_kernels/results/aten_round/debuf.mlir,1872,8,1,1,420.4810671508312,0,65856,0.0,0,0,0,0,"[{""body_indices"": [0], ""symbol"": ""cudnnPointwiseGraph_f32""}]",1,0,0,0.0,56
aten,aten_round,/home/arjaiswal/Polygeist/issues/aten_c_kernels/results/aten_round/debuf.mlir,5e059779b629b34b761b228e5588f63216e4128238d3effa99dac82ae48b8291,syntactic,5,ok,0,834.5620892941952,0,"[""/usr/bin/python3"", ""/home/arjaiswal/Polygeist/scripts/correctness/kernel_match_rewrite.py"", ""/home/arjaiswal/Polygeist/issues/aten_c_kernels/results/aten_round/debuf.mlir"", ""--dry-run"", ""--matcher-mode"", ""syntactic"", ""--telemetry-json"", ""/home/arjaiswal/Polygeist/issues/equality_saturation_eval/campaign_20260908/aten-aten_round-syntactic-bkbaipw5.json"", ""--disable-semantic-fallback""]","== match report for /home/arjaiswal/Polygeist/issues/aten_c_kernels/results/aten_round/debuf.mlir ==
  match          body#[0]  cudnnPointwiseGraph_f32
  total: 1 matched / 1 bodies
",0,[],0,0,0,0,/home/arjaiswal/Polygeist/issues/aten_c_kernels/results/aten_round/debuf.mlir,1872,0,1,1,423.31212386488914,0,66076,0.21585822105407715,0,0,0,0,"[{""body_indices"": [0], ""symbol"": ""cudnnPointwiseGraph_f32""}]",1,0,56,0.0,56
aten,aten_round_decimals,/home/arjaiswal/Polygeist/issues/aten_c_kernels/results/aten_round_decimals/debuf.mlir,1a6d10ffaccc6311c02f9446d7634e777c2af9f93c0d9e907beeb2a30614f40b,syntactic,1,ok,0,929.6964891254902,0,"[""/usr/bin/python3"", ""/home/arjaiswal/Polygeist/scripts/correctness/kernel_match_rewrite.py"", ""/home/arjaiswal/Polygeist/issues/aten_c_kernels/results/aten_round_decimals/debuf.mlir"", ""--dry-run"", ""--matcher-mode"", ""syntactic"", ""--telemetry-json"", ""/home/arjaiswal/Polygeist/issues/equality_saturation_eval/campaign_20260908/aten-aten_round_decimals-syntactic-gx0rfntj.json"", ""--disable-semantic-fallback""]","== match report for /home/arjaiswal/Polygeist/issues/aten_c_kernels/results/aten_round_decimals/debuf.mlir ==
  match          body#[0]  cudnnPointwiseGraph_f32
  total: 1 matched / 1 bodies
",0,[],0,0,0,0,/home/arjaiswal/Polygeist/issues/aten_c_kernels/results/aten_round_decimals/debuf.mlir,1969,0,1,1,484.9591441452503,0,65800,0.1453682780265808,0,0,0,0,"[{""body_indices"": [0], ""symbol"": ""cudnnPointwiseGraph_f32""}]",1,0,56,0.0,56
aten,aten_round_decimals,/home/arjaiswal/Polygeist/issues/aten_c_kernels/results/aten_round_decimals/debuf.mlir,1a6d10ffaccc6311c02f9446d7634e777c2af9f93c0d9e907beeb2a30614f40b,egglog,1,ok,0,894.9290663003922,0,"[""/usr/bin/python3"", ""/home/arjaiswal/Polygeist/scripts/correctness/kernel_match_rewrite.py"", ""/home/arjaiswal/Polygeist/issues/aten_c_kernels/results/aten_round_decimals/debuf.mlir"", ""--dry-run"", ""--matcher-mode"", ""egglog"", ""--telemetry-json"", ""/home/arjaiswal/Polygeist/issues/equality_saturation_eval/campaign_20260908/aten-aten_round_decimals-egglog-_r7xrj4q.json"", ""--disable-semantic-fallback""]","== match report for /home/arjaiswal/Polygeist/issues/aten_c_kernels/results/aten_round_decimals/debuf.mlir ==
  match          body#[0]  cudnnPointwiseGraph_f32
  total: 1 matched / 1 bodies
",0,[],0,0,0,0,/home/arjaiswal/Polygeist/issues/aten_c_kernels/results/aten_round_decimals/debuf.mlir,1969,8,1,1,469.046201556921,0,65948,0.0,0,0,0,0,"[{""body_indices"": [0], ""symbol"": ""cudnnPointwiseGraph_f32""}]",1,0,0,0.0,56
aten,aten_round_decimals,/home/arjaiswal/Polygeist/issues/aten_c_kernels/results/aten_round_decimals/debuf.mlir,1a6d10ffaccc6311c02f9446d7634e777c2af9f93c0d9e907beeb2a30614f40b,egglog,2,ok,0,899.7323513031006,0,"[""/usr/bin/python3"", ""/home/arjaiswal/Polygeist/scripts/correctness/kernel_match_rewrite.py"", ""/home/arjaiswal/Polygeist/issues/aten_c_kernels/results/aten_round_decimals/debuf.mlir"", ""--dry-run"", ""--matcher-mode"", ""egglog"", ""--telemetry-json"", ""/home/arjaiswal/Polygeist/issues/equality_saturation_eval/campaign_20260908/aten-aten_round_decimals-egglog-6yptj6hi.json"", ""--disable-semantic-fallback""]","== match report for /home/arjaiswal/Polygeist/issues/aten_c_kernels/results/aten_round_decimals/debuf.mlir ==
  match          body#[0]  cudnnPointwiseGraph_f32
  total: 1 matched / 1 bodies
",0,[],0,0,0,0,/home/arjaiswal/Polygeist/issues/aten_c_kernels/results/aten_round_decimals/debuf.mlir,1969,8,1,1,482.6732650399208,0,65908,0.0,0,0,0,0,"[{""body_indices"": [0], ""symbol"": ""cudnnPointwiseGraph_f32""}]",1,0,0,0.0,56
aten,aten_round_decimals,/home/arjaiswal/Polygeist/issues/aten_c_kernels/results/aten_round_decimals/debuf.mlir,1a6d10ffaccc6311c02f9446d7634e777c2af9f93c0d9e907beeb2a30614f40b,syntactic,2,ok,0,904.0449447929859,0,"[""/usr/bin/python3"", ""/home/arjaiswal/Polygeist/scripts/correctness/kernel_match_rewrite.py"", ""/home/arjaiswal/Polygeist/issues/aten_c_kernels/results/aten_round_decimals/debuf.mlir"", ""--dry-run"", ""--matcher-mode"", ""syntactic"", ""--telemetry-json"", ""/home/arjaiswal/Polygeist/issues/equality_saturation_eval/campaign_20260908/aten-aten_round_decimals-syntactic-i1ucki3c.json"", ""--disable-semantic-fallback""]","== match report for /home/arjaiswal/Polygeist/issues/aten_c_kernels/results/aten_round_decimals/debuf.mlir ==
  match          body#[0]  cudnnPointwiseGraph_f32
  total: 1 matched / 1 bodies
",0,[],0,0,0,0,/home/arjaiswal/Polygeist/issues/aten_c_kernels/results/aten_round_decimals/debuf.mlir,1969,0,1,1,480.0501652061939,0,65912,0.1484788954257965,0,0,0,0,"[{""body_indices"": [0], ""symbol"": ""cudnnPointwiseGraph_f32""}]",1,0,56,0.0,56
aten,aten_round_decimals,/home/arjaiswal/Polygeist/issues/aten_c_kernels/results/aten_round_decimals/debuf.mlir,1a6d10ffaccc6311c02f9446d7634e777c2af9f93c0d9e907beeb2a30614f40b,syntactic,3,ok,0,880.5598728358746,0,"[""/usr/bin/python3"", ""/home/arjaiswal/Polygeist/scripts/correctness/kernel_match_rewrite.py"", ""/home/arjaiswal/Polygeist/issues/aten_c_kernels/results/aten_round_decimals/debuf.mlir"", ""--dry-run"", ""--matcher-mode"", ""syntactic"", ""--telemetry-json"", ""/home/arjaiswal/Polygeist/issues/equality_saturation_eval/campaign_20260908/aten-aten_round_decimals-syntactic-mgj_l_cc.json"", ""--disable-semantic-fallback""]","== match report for /home/arjaiswal/Polygeist/issues/aten_c_kernels/results/aten_round_decimals/debuf.mlir ==
  match          body#[0]  cudnnPointwiseGraph_f32
  total: 1 matched / 1 bodies
",0,[],0,0,0,0,/home/arjaiswal/Polygeist/issues/aten_c_kernels/results/aten_round_decimals/debuf.mlir,1969,0,1,1,459.90823954343796,0,66080,0.1461021602153778,0,0,0,0,"[{""body_indices"": [0], ""symbol"": ""cudnnPointwiseGraph_f32""}]",1,0,56,0.0,56
aten,aten_round_decimals,/home/arjaiswal/Polygeist/issues/aten_c_kernels/results/aten_round_decimals/debuf.mlir,1a6d10ffaccc6311c02f9446d7634e777c2af9f93c0d9e907beeb2a30614f40b,egglog,3,ok,0,925.5775660276413,0,"[""/usr/bin/python3"", ""/home/arjaiswal/Polygeist/scripts/correctness/kernel_match_rewrite.py"", ""/home/arjaiswal/Polygeist/issues/aten_c_kernels/results/aten_round_decimals/debuf.mlir"", ""--dry-run"", ""--matcher-mode"", ""egglog"", ""--telemetry-json"", ""/home/arjaiswal/Polygeist/issues/equality_saturation_eval/campaign_20260908/aten-aten_round_decimals-egglog-qqma8x3f.json"", ""--disable-semantic-fallback""]","== match report for /home/arjaiswal/Polygeist/issues/aten_c_kernels/results/aten_round_decimals/debuf.mlir ==
  match          body#[0]  cudnnPointwiseGraph_f32
  total: 1 matched / 1 bodies
",0,[],0,0,0,0,/home/arjaiswal/Polygeist/issues/aten_c_kernels/results/aten_round_decimals/debuf.mlir,1969,8,1,1,512.6230604946613,0,66048,0.0,0,0,0,0,"[{""body_indices"": [0], ""symbol"": ""cudnnPointwiseGraph_f32""}]",1,0,0,0.0,56
aten,aten_round_decimals,/home/arjaiswal/Polygeist/issues/aten_c_kernels/results/aten_round_decimals/debuf.mlir,1a6d10ffaccc6311c02f9446d7634e777c2af9f93c0d9e907beeb2a30614f40b,egglog,4,ok,0,919.0441109240055,0,"[""/usr/bin/python3"", ""/home/arjaiswal/Polygeist/scripts/correctness/kernel_match_rewrite.py"", ""/home/arjaiswal/Polygeist/issues/aten_c_kernels/results/aten_round_decimals/debuf.mlir"", ""--dry-run"", ""--matcher-mode"", ""egglog"", ""--telemetry-json"", ""/home/arjaiswal/Polygeist/issues/equality_saturation_eval/campaign_20260908/aten-aten_round_decimals-egglog-vfd7t6wb.json"", ""--disable-semantic-fallback""]","== match report for /home/arjaiswal/Polygeist/issues/aten_c_kernels/results/aten_round_decimals/debuf.mlir ==
  match          body#[0]  cudnnPointwiseGraph_f32
  total: 1 matched / 1 bodies
",0,[],0,0,0,0,/home/arjaiswal/Polygeist/issues/aten_c_kernels/results/aten_round_decimals/debuf.mlir,1969,8,1,1,483.24568942189217,0,65976,0.0,0,0,0,0,"[{""body_indices"": [0], ""symbol"": ""cudnnPointwiseGraph_f32""}]",1,0,0,0.0,56
aten,aten_round_decimals,/home/arjaiswal/Polygeist/issues/aten_c_kernels/results/aten_round_decimals/debuf.mlir,1a6d10ffaccc6311c02f9446d7634e777c2af9f93c0d9e907beeb2a30614f40b,syntactic,4,ok,0,919.2163534462452,0,"[""/usr/bin/python3"", ""/home/arjaiswal/Polygeist/scripts/correctness/kernel_match_rewrite.py"", ""/home/arjaiswal/Polygeist/issues/aten_c_kernels/results/aten_round_decimals/debuf.mlir"", ""--dry-run"", ""--matcher-mode"", ""syntactic"", ""--telemetry-json"", ""/home/arjaiswal/Polygeist/issues/equality_saturation_eval/campaign_20260908/aten-aten_round_decimals-syntactic-663475s6.json"", ""--disable-semantic-fallback""]","== match report for /home/arjaiswal/Polygeist/issues/aten_c_kernels/results/aten_round_decimals/debuf.mlir ==
  match          body#[0]  cudnnPointwiseGraph_f32
  total: 1 matched / 1 bodies
",0,[],0,0,0,0,/home/arjaiswal/Polygeist/issues/aten_c_kernels/results/aten_round_decimals/debuf.mlir,1969,0,1,1,481.41271620988846,0,65844,0.14393404126167297,0,0,0,0,"[{""body_indices"": [0], ""symbol"": ""cudnnPointwiseGraph_f32""}]",1,0,56,0.0,56
aten,aten_round_decimals,/home/arjaiswal/Polygeist/issues/aten_c_kernels/results/aten_round_decimals/debuf.mlir,1a6d10ffaccc6311c02f9446d7634e777c2af9f93c0d9e907beeb2a30614f40b,syntactic,5,ok,0,905.7540185749531,0,"[""/usr/bin/python3"", ""/home/arjaiswal/Polygeist/scripts/correctness/kernel_match_rewrite.py"", ""/home/arjaiswal/Polygeist/issues/aten_c_kernels/results/aten_round_decimals/debuf.mlir"", ""--dry-run"", ""--matcher-mode"", ""syntactic"", ""--telemetry-json"", ""/home/arjaiswal/Polygeist/issues/equality_saturation_eval/campaign_20260908/aten-aten_round_decimals-syntactic-k53wm948.json"", ""--disable-semantic-fallback""]","== match report for /home/arjaiswal/Polygeist/issues/aten_c_kernels/results/aten_round_decimals/debuf.mlir ==
  match          body#[0]  cudnnPointwiseGraph_f32
  total: 1 matched / 1 bodies
",0,[],0,0,0,0,/home/arjaiswal/Polygeist/issues/aten_c_kernels/results/aten_round_decimals/debuf.mlir,1969,0,1,1,486.41182109713554,0,65972,0.1586414873600006,0,0,0,0,"[{""body_indices"": [0], ""symbol"": ""cudnnPointwiseGraph_f32""}]",1,0,56,0.0,56
aten,aten_round_decimals,/home/arjaiswal/Polygeist/issues/aten_c_kernels/results/aten_round_decimals/debuf.mlir,1a6d10ffaccc6311c02f9446d7634e777c2af9f93c0d9e907beeb2a30614f40b,egglog,5,ok,0,939.5365305244923,0,"[""/usr/bin/python3"", ""/home/arjaiswal/Polygeist/scripts/correctness/kernel_match_rewrite.py"", ""/home/arjaiswal/Polygeist/issues/aten_c_kernels/results/aten_round_decimals/debuf.mlir"", ""--dry-run"", ""--matcher-mode"", ""egglog"", ""--telemetry-json"", ""/home/arjaiswal/Polygeist/issues/equality_saturation_eval/campaign_20260908/aten-aten_round_decimals-egglog-pntzxpq4.json"", ""--disable-semantic-fallback""]","== match report for /home/arjaiswal/Polygeist/issues/aten_c_kernels/results/aten_round_decimals/debuf.mlir ==
  match          body#[0]  cudnnPointwiseGraph_f32
  total: 1 matched / 1 bodies
",0,[],0,0,0,0,/home/arjaiswal/Polygeist/issues/aten_c_kernels/results/aten_round_decimals/debuf.mlir,1969,8,1,1,485.52797362208366,0,66132,0.0,0,0,0,0,"[{""body_indices"": [0], ""symbol"": ""cudnnPointwiseGraph_f32""}]",1,0,0,0.0,56
aten,aten_rowwise_prune_cpu,/home/arjaiswal/Polygeist/issues/aten_c_kernels/results/aten_rowwise_prune_cpu/debuf.mlir,c1f0151c092836832c95166c1d00c7aa02818cbde58d3af55bd21f0155d1caeb,egglog,1,ok,0,1270.1659388840199,0,"[""/usr/bin/python3"", ""/home/arjaiswal/Polygeist/scripts/correctness/kernel_match_rewrite.py"", ""/home/arjaiswal/Polygeist/issues/aten_c_kernels/results/aten_rowwise_prune_cpu/debuf.mlir"", ""--dry-run"", ""--matcher-mode"", ""egglog"", ""--telemetry-json"", ""/home/arjaiswal/Polygeist/issues/equality_saturation_eval/campaign_20260908/aten-aten_rowwise_prune_cpu-egglog-jaz38g4f.json"", ""--disable-semantic-fallback""]","== match report for /home/arjaiswal/Polygeist/issues/aten_c_kernels/results/aten_rowwise_prune_cpu/debuf.mlir ==
  match          body#[0]  memset_zero_1D_f32
  no_match       body#1  ?
  no_match       body#2  ?
  total: 1 matched / 3 bodies
",0,[],0,0,0,0,/home/arjaiswal/Polygeist/issues/aten_c_kernels/results/aten_rowwise_prune_cpu/debuf.mlir,3068,8,3,1,803.3794090151787,2,69920,218.55171769857407,22,22,0,0,"[{""body_indices"": [0], ""symbol"": ""memset_zero_1D_f32""}]",1,0,0,0.0,94
aten,aten_rowwise_prune_cpu,/home/arjaiswal/Polygeist/issues/aten_c_kernels/results/aten_rowwise_prune_cpu/debuf.mlir,c1f0151c092836832c95166c1d00c7aa02818cbde58d3af55bd21f0155d1caeb,syntactic,1,ok,0,987.2092306613922,0,"[""/usr/bin/python3"", ""/home/arjaiswal/Polygeist/scripts/correctness/kernel_match_rewrite.py"", ""/home/arjaiswal/Polygeist/issues/aten_c_kernels/results/aten_rowwise_prune_cpu/debuf.mlir"", ""--dry-run"", ""--matcher-mode"", ""syntactic"", ""--telemetry-json"", ""/home/arjaiswal/Polygeist/issues/equality_saturation_eval/campaign_20260908/aten-aten_rowwise_prune_cpu-syntactic-y9b3nxzf.json"", ""--disable-semantic-fallback""]","== match report for /home/arjaiswal/Polygeist/issues/aten_c_kernels/results/aten_rowwise_prune_cpu/debuf.mlir ==
  match          body#[0]  memset_zero_1D_f32
  no_match       body#1  ?
  no_match       body#2  ?
  total: 1 matched / 3 bodies
",0,[],0,0,0,0,/home/arjaiswal/Polygeist/issues/aten_c_kernels/results/aten_rowwise_prune_cpu/debuf.mlir,3068,0,3,1,559.7088895738125,2,66404,0.26916712522506714,0,22,0,0,"[{""body_indices"": [0], ""symbol"": ""memset_zero_1D_f32""}]",1,0,94,0.0,94
aten,aten_rowwise_prune_cpu,/home/arjaiswal/Polygeist/issues/aten_c_kernels/results/aten_rowwise_prune_cpu/debuf.mlir,c1f0151c092836832c95166c1d00c7aa02818cbde58d3af55bd21f0155d1caeb,syntactic,2,ok,0,1010.097336024046,0,"[""/usr/bin/python3"", ""/home/arjaiswal/Polygeist/scripts/correctness/kernel_match_rewrite.py"", ""/home/arjaiswal/Polygeist/issues/aten_c_kernels/results/aten_rowwise_prune_cpu/debuf.mlir"", ""--dry-run"", ""--matcher-mode"", ""syntactic"", ""--telemetry-json"", ""/home/arjaiswal/Polygeist/issues/equality_saturation_eval/campaign_20260908/aten-aten_rowwise_prune_cpu-syntactic-k7j4zd_a.json"", ""--disable-semantic-fallback""]","== match report for /home/arjaiswal/Polygeist/issues/aten_c_kernels/results/aten_rowwise_prune_cpu/debuf.mlir ==
  match          body#[0]  memset_zero_1D_f32
  no_match       body#1  ?
  no_match       body#2  ?
  total: 1 matched / 3 bodies
",0,[],0,0,0,0,/home/arjaiswal/Polygeist/issues/aten_c_kernels/results/aten_rowwise_prune_cpu/debuf.mlir,3068,0,3,1,572.3262690007687,2,66092,0.2831965684890747,0,22,0,0,"[{""body_indices"": [0], ""symbol"": ""memset_zero_1D_f32""}]",1,0,94,0.0,94
aten,aten_rowwise_prune_cpu,/home/arjaiswal/Polygeist/issues/aten_c_kernels/results/aten_rowwise_prune_cpu/debuf.mlir,c1f0151c092836832c95166c1d00c7aa02818cbde58d3af55bd21f0155d1caeb,egglog,2,ok,0,1239.6954745054245,0,"[""/usr/bin/python3"", ""/home/arjaiswal/Polygeist/scripts/correctness/kernel_match_rewrite.py"", ""/home/arjaiswal/Polygeist/issues/aten_c_kernels/results/aten_rowwise_prune_cpu/debuf.mlir"", ""--dry-run"", ""--matcher-mode"", ""egglog"", ""--telemetry-json"", ""/home/arjaiswal/Polygeist/issues/equality_saturation_eval/campaign_20260908/aten-aten_rowwise_prune_cpu-egglog-yyvb_mhr.json"", ""--disable-semantic-fallback""]","== match report for /home/arjaiswal/Polygeist/issues/aten_c_kernels/results/aten_rowwise_prune_cpu/debuf.mlir ==
  match          body#[0]  memset_zero_1D_f32
  no_match       body#1  ?
  no_match       body#2  ?
  total: 1 matched / 3 bodies
",0,[],0,0,0,0,/home/arjaiswal/Polygeist/issues/aten_c_kernels/results/aten_rowwise_prune_cpu/debuf.mlir,3068,8,3,1,779.26941588521,2,70132,216.67282283306122,22,22,0,0,"[{""body_indices"": [0], ""symbol"": ""memset_zero_1D_f32""}]",1,0,0,0.0,94
aten,aten_rowwise_prune_cpu,/home/arjaiswal/Polygeist/issues/aten_c_kernels/results/aten_rowwise_prune_cpu/debuf.mlir,c1f0151c092836832c95166c1d00c7aa02818cbde58d3af55bd21f0155d1caeb,egglog,3,ok,0,1285.653654485941,0,"[""/usr/bin/python3"", ""/home/arjaiswal/Polygeist/scripts/correctness/kernel_match_rewrite.py"", ""/home/arjaiswal/Polygeist/issues/aten_c_kernels/results/aten_rowwise_prune_cpu/debuf.mlir"", ""--dry-run"", ""--matcher-mode"", ""egglog"", ""--telemetry-json"", ""/home/arjaiswal/Polygeist/issues/equality_saturation_eval/campaign_20260908/aten-aten_rowwise_prune_cpu-egglog-v9vp_8vj.json"", ""--disable-semantic-fallback""]","== match report for /home/arjaiswal/Polygeist/issues/aten_c_kernels/results/aten_rowwise_prune_cpu/debuf.mlir ==
  match          body#[0]  memset_zero_1D_f32
  no_match       body#1  ?
  no_match       body#2  ?
  total: 1 matched / 3 bodies
",0,[],0,0,0,0,/home/arjaiswal/Polygeist/issues/aten_c_kernels/results/aten_rowwise_prune_cpu/debuf.mlir,3068,8,3,1,845.0171984732151,2,70076,236.66655272245407,22,22,0,0,"[{""body_indices"": [0], ""symbol"": ""memset_zero_1D_f32""}]",1,0,0,0.0,94
aten,aten_rowwise_prune_cpu,/home/arjaiswal/Polygeist/issues/aten_c_kernels/results/aten_rowwise_prune_cpu/debuf.mlir,c1f0151c092836832c95166c1d00c7aa02818cbde58d3af55bd21f0155d1caeb,syntactic,3,ok,0,1053.8417287170887,0,"[""/usr/bin/python3"", ""/home/arjaiswal/Polygeist/scripts/correctness/kernel_match_rewrite.py"", ""/home/arjaiswal/Polygeist/issues/aten_c_kernels/results/aten_rowwise_prune_cpu/debuf.mlir"", ""--dry-run"", ""--matcher-mode"", ""syntactic"", ""--telemetry-json"", ""/home/arjaiswal/Polygeist/issues/equality_saturation_eval/campaign_20260908/aten-aten_rowwise_prune_cpu-syntactic-rofixk3q.json"", ""--disable-semantic-fallback""]","== match report for /home/arjaiswal/Polygeist/issues/aten_c_kernels/results/aten_rowwise_prune_cpu/debuf.mlir ==
  match          body#[0]  memset_zero_1D_f32
  no_match       body#1  ?
  no_match       body#2  ?
  total: 1 matched / 3 bodies
",0,[],0,0,0,0,/home/arjaiswal/Polygeist/issues/aten_c_kernels/results/aten_rowwise_prune_cpu/debuf.mlir,3068,0,3,1,623.0435967445374,2,65988,0.28977170586586,0,22,0,0,"[{""body_indices"": [0], ""symbol"": ""memset_zero_1D_f32""}]",1,0,94,0.0,94
aten,aten_rowwise_prune_cpu,/home/arjaiswal/Polygeist/issues/aten_c_kernels/results/aten_rowwise_prune_cpu/debuf.mlir,c1f0151c092836832c95166c1d00c7aa02818cbde58d3af55bd21f0155d1caeb,syntactic,4,ok,0,1008.5267014801502,0,"[""/usr/bin/python3"", ""/home/arjaiswal/Polygeist/scripts/correctness/kernel_match_rewrite.py"", ""/home/arjaiswal/Polygeist/issues/aten_c_kernels/results/aten_rowwise_prune_cpu/debuf.mlir"", ""--dry-run"", ""--matcher-mode"", ""syntactic"", ""--telemetry-json"", ""/home/arjaiswal/Polygeist/issues/equality_saturation_eval/campaign_20260908/aten-aten_rowwise_prune_cpu-syntactic-bch5nlyo.json"", ""--disable-semantic-fallback""]","== match report for /home/arjaiswal/Polygeist/issues/aten_c_kernels/results/aten_rowwise_prune_cpu/debuf.mlir ==
  match          body#[0]  memset_zero_1D_f32
  no_match       body#1  ?
  no_match       body#2  ?
  total: 1 matched / 3 bodies
",0,[],0,0,0,0,/home/arjaiswal/Polygeist/issues/aten_c_kernels/results/aten_rowwise_prune_cpu/debuf.mlir,3068,0,3,1,560.4924634099007,2,66296,0.25967881083488464,0,22,0,0,"[{""body_indices"": [0], ""symbol"": ""memset_zero_1D_f32""}]",1,0,94,0.0,94
aten,aten_rowwise_prune_cpu,/home/arjaiswal/Polygeist/issues/aten_c_kernels/results/aten_rowwise_prune_cpu/debuf.mlir,c1f0151c092836832c95166c1d00c7aa02818cbde58d3af55bd21f0155d1caeb,egglog,4,ok,0,1262.0968259871006,0,"[""/usr/bin/python3"", ""/home/arjaiswal/Polygeist/scripts/correctness/kernel_match_rewrite.py"", ""/home/arjaiswal/Polygeist/issues/aten_c_kernels/results/aten_rowwise_prune_cpu/debuf.mlir"", ""--dry-run"", ""--matcher-mode"", ""egglog"", ""--telemetry-json"", ""/home/arjaiswal/Polygeist/issues/equality_saturation_eval/campaign_20260908/aten-aten_rowwise_prune_cpu-egglog-2fa8onlf.json"", ""--disable-semantic-fallback""]","== match report for /home/arjaiswal/Polygeist/issues/aten_c_kernels/results/aten_rowwise_prune_cpu/debuf.mlir ==
  match          body#[0]  memset_zero_1D_f32
  no_match       body#1  ?
  no_match       body#2  ?
  total: 1 matched / 3 bodies
",0,[],0,0,0,0,/home/arjaiswal/Polygeist/issues/aten_c_kernels/results/aten_rowwise_prune_cpu/debuf.mlir,3068,8,3,1,815.304234623909,2,70144,235.7957549393177,22,22,0,0,"[{""body_indices"": [0], ""symbol"": ""memset_zero_1D_f32""}]",1,0,0,0.0,94
aten,aten_rowwise_prune_cpu,/home/arjaiswal/Polygeist/issues/aten_c_kernels/results/aten_rowwise_prune_cpu/debuf.mlir,c1f0151c092836832c95166c1d00c7aa02818cbde58d3af55bd21f0155d1caeb,egglog,5,ok,0,1243.6570599675179,0,"[""/usr/bin/python3"", ""/home/arjaiswal/Polygeist/scripts/correctness/kernel_match_rewrite.py"", ""/home/arjaiswal/Polygeist/issues/aten_c_kernels/results/aten_rowwise_prune_cpu/debuf.mlir"", ""--dry-run"", ""--matcher-mode"", ""egglog"", ""--telemetry-json"", ""/home/arjaiswal/Polygeist/issues/equality_saturation_eval/campaign_20260908/aten-aten_rowwise_prune_cpu-egglog-m79um_um.json"", ""--disable-semantic-fallback""]","== match report for /home/arjaiswal/Polygeist/issues/aten_c_kernels/results/aten_rowwise_prune_cpu/debuf.mlir ==
  match          body#[0]  memset_zero_1D_f32
  no_match       body#1  ?
  no_match       body#2  ?
  total: 1 matched / 3 bodies
",0,[],0,0,0,0,/home/arjaiswal/Polygeist/issues/aten_c_kernels/results/aten_rowwise_prune_cpu/debuf.mlir,3068,8,3,1,800.3647476434708,2,69936,225.7179692387581,22,22,0,0,"[{""body_indices"": [0], ""symbol"": ""memset_zero_1D_f32""}]",1,0,0,0.0,94
aten,aten_rowwise_prune_cpu,/home/arjaiswal/Polygeist/issues/aten_c_kernels/results/aten_rowwise_prune_cpu/debuf.mlir,c1f0151c092836832c95166c1d00c7aa02818cbde58d3af55bd21f0155d1caeb,syntactic,5,ok,0,1010.1819857954979,0,"[""/usr/bin/python3"", ""/home/arjaiswal/Polygeist/scripts/correctness/kernel_match_rewrite.py"", ""/home/arjaiswal/Polygeist/issues/aten_c_kernels/results/aten_rowwise_prune_cpu/debuf.mlir"", ""--dry-run"", ""--matcher-mode"", ""syntactic"", ""--telemetry-json"", ""/home/arjaiswal/Polygeist/issues/equality_saturation_eval/campaign_20260908/aten-aten_rowwise_prune_cpu-syntactic-h3rtoozt.json"", ""--disable-semantic-fallback""]","== match report for /home/arjaiswal/Polygeist/issues/aten_c_kernels/results/aten_rowwise_prune_cpu/debuf.mlir ==
  match          body#[0]  memset_zero_1D_f32
  no_match       body#1  ?
  no_match       body#2  ?
  total: 1 matched / 3 bodies
",0,[],0,0,0,0,/home/arjaiswal/Polygeist/issues/aten_c_kernels/results/aten_rowwise_prune_cpu/debuf.mlir,3068,0,3,1,579.4563069939613,2,66236,0.2752244472503662,0,22,0,0,"[{""body_indices"": [0], ""symbol"": ""memset_zero_1D_f32""}]",1,0,94,0.0,94
aten,aten_rshift_i32,/home/arjaiswal/Polygeist/issues/aten_c_kernels/results/aten_rshift_i32/debuf.mlir,9158f1be8306c3659a921a7f89d87d4a6b4fd096902130861efd296b7b0886c6,syntactic,1,ok,0,747.7842383086681,0,"[""/usr/bin/python3"", ""/home/arjaiswal/Polygeist/scripts/correctness/kernel_match_rewrite.py"", ""/home/arjaiswal/Polygeist/issues/aten_c_kernels/results/aten_rshift_i32/debuf.mlir"", ""--dry-run"", ""--matcher-mode"", ""syntactic"", ""--telemetry-json"", ""/home/arjaiswal/Polygeist/issues/equality_saturation_eval/campaign_20260908/aten-aten_rshift_i32-syntactic-lc0jtr9n.json"", ""--disable-semantic-fallback""]","== match report for /home/arjaiswal/Polygeist/issues/aten_c_kernels/results/aten_rshift_i32/debuf.mlir ==
  no_match       body#0  ?
  total: 0 matched / 1 bodies
",0,[],0,0,0,0,/home/arjaiswal/Polygeist/issues/aten_c_kernels/results/aten_rshift_i32/debuf.mlir,1891,0,1,0,306.23847618699074,1,65660,0.01628696918487549,0,0,0,0,[],0,0,6,0.0,6
aten,aten_rshift_i32,/home/arjaiswal/Polygeist/issues/aten_c_kernels/results/aten_rshift_i32/debuf.mlir,9158f1be8306c3659a921a7f89d87d4a6b4fd096902130861efd296b7b0886c6,egglog,1,ok,0,689.268946647644,0,"[""/usr/bin/python3"", ""/home/arjaiswal/Polygeist/scripts/correctness/kernel_match_rewrite.py"", ""/home/arjaiswal/Polygeist/issues/aten_c_kernels/results/aten_rshift_i32/debuf.mlir"", ""--dry-run"", ""--matcher-mode"", ""egglog"", ""--telemetry-json"", ""/home/arjaiswal/Polygeist/issues/equality_saturation_eval/campaign_20260908/aten-aten_rshift_i32-egglog-40ts9b9j.json"", ""--disable-semantic-fallback""]","== match report for /home/arjaiswal/Polygeist/issues/aten_c_kernels/results/aten_rshift_i32/debuf.mlir ==
  no_match       body#0  ?
  total: 0 matched / 1 bodies
",0,[],0,0,0,0,/home/arjaiswal/Polygeist/issues/aten_c_kernels/results/aten_rshift_i32/debuf.mlir,1891,8,1,0,287.2147858142853,1,65764,0.0,0,0,0,0,[],0,0,0,0.0,6
aten,aten_rshift_i32,/home/arjaiswal/Polygeist/issues/aten_c_kernels/results/aten_rshift_i32/debuf.mlir,9158f1be8306c3659a921a7f89d87d4a6b4fd096902130861efd296b7b0886c6,egglog,2,ok,0,703.2421976327896,0,"[""/usr/bin/python3"", ""/home/arjaiswal/Polygeist/scripts/correctness/kernel_match_rewrite.py"", ""/home/arjaiswal/Polygeist/issues/aten_c_kernels/results/aten_rshift_i32/debuf.mlir"", ""--dry-run"", ""--matcher-mode"", ""egglog"", ""--telemetry-json"", ""/home/arjaiswal/Polygeist/issues/equality_saturation_eval/campaign_20260908/aten-aten_rshift_i32-egglog-ka8jjjp6.json"", ""--disable-semantic-fallback""]","== match report for /home/arjaiswal/Polygeist/issues/aten_c_kernels/results/aten_rshift_i32/debuf.mlir ==
  no_match       body#0  ?
  total: 0 matched / 1 bodies
",0,[],0,0,0,0,/home/arjaiswal/Polygeist/issues/aten_c_kernels/results/aten_rshift_i32/debuf.mlir,1891,8,1,0,289.9143919348717,1,65780,0.0,0,0,0,0,[],0,0,0,0.0,6
aten,aten_rshift_i32,/home/arjaiswal/Polygeist/issues/aten_c_kernels/results/aten_rshift_i32/debuf.mlir,9158f1be8306c3659a921a7f89d87d4a6b4fd096902130861efd296b7b0886c6,syntactic,2,ok,0,723.0782434344292,0,"[""/usr/bin/python3"", ""/home/arjaiswal/Polygeist/scripts/correctness/kernel_match_rewrite.py"", ""/home/arjaiswal/Polygeist/issues/aten_c_kernels/results/aten_rshift_i32/debuf.mlir"", ""--dry-run"", ""--matcher-mode"", ""syntactic"", ""--telemetry-json"", ""/home/arjaiswal/Polygeist/issues/equality_saturation_eval/campaign_20260908/aten-aten_rshift_i32-syntactic-ihi0k04v.json"", ""--disable-semantic-fallback""]","== match report for /home/arjaiswal/Polygeist/issues/aten_c_kernels/results/aten_rshift_i32/debuf.mlir ==
  no_match       body#0  ?
  total: 0 matched / 1 bodies
",0,[],0,0,0,0,/home/arjaiswal/Polygeist/issues/aten_c_kernels/results/aten_rshift_i32/debuf.mlir,1891,0,1,0,298.30529168248177,1,65660,0.018116086721420288,0,0,0,0,[],0,0,6,0.0,6
aten,aten_rshift_i32,/home/arjaiswal/Polygeist/issues/aten_c_kernels/results/aten_rshift_i32/debuf.mlir,9158f1be8306c3659a921a7f89d87d4a6b4fd096902130861efd296b7b0886c6,syntactic,3,ok,0,717.1856164932251,0,"[""/usr/bin/python3"", ""/home/arjaiswal/Polygeist/scripts/correctness/kernel_match_rewrite.py"", ""/home/arjaiswal/Polygeist/issues/aten_c_kernels/results/aten_rshift_i32/debuf.mlir"", ""--dry-run"", ""--matcher-mode"", ""syntactic"", ""--telemetry-json"", ""/home/arjaiswal/Polygeist/issues/equality_saturation_eval/campaign_20260908/aten-aten_rshift_i32-syntactic-cex66mjr.json"", ""--disable-semantic-fallback""]","== match report for /home/arjaiswal/Polygeist/issues/aten_c_kernels/results/aten_rshift_i32/debuf.mlir ==
  no_match       body#0  ?
  total: 0 matched / 1 bodies
",0,[],0,0,0,0,/home/arjaiswal/Polygeist/issues/aten_c_kernels/results/aten_rshift_i32/debuf.mlir,1891,0,1,0,305.6086003780365,1,65732,0.016160309314727783,0,0,0,0,[],0,0,6,0.0,6
aten,aten_rshift_i32,/home/arjaiswal/Polygeist/issues/aten_c_kernels/results/aten_rshift_i32/debuf.mlir,9158f1be8306c3659a921a7f89d87d4a6b4fd096902130861efd296b7b0886c6,egglog,3,ok,0,706.0175836086273,0,"[""/usr/bin/python3"", ""/home/arjaiswal/Polygeist/scripts/correctness/kernel_match_rewrite.py"", ""/home/arjaiswal/Polygeist/issues/aten_c_kernels/results/aten_rshift_i32/debuf.mlir"", ""--dry-run"", ""--matcher-mode"", ""egglog"", ""--telemetry-json"", ""/home/arjaiswal/Polygeist/issues/equality_saturation_eval/campaign_20260908/aten-aten_rshift_i32-egglog-13ocfaui.json"", ""--disable-semantic-fallback""]","== match report for /home/arjaiswal/Polygeist/issues/aten_c_kernels/results/aten_rshift_i32/debuf.mlir ==
  no_match       body#0  ?
  total: 0 matched / 1 bodies
",0,[],0,0,0,0,/home/arjaiswal/Polygeist/issues/aten_c_kernels/results/aten_rshift_i32/debuf.mlir,1891,8,1,0,285.68508103489876,1,65780,0.0,0,0,0,0,[],0,0,0,0.0,6
aten,aten_rshift_i32,/home/arjaiswal/Polygeist/issues/aten_c_kernels/results/aten_rshift_i32/debuf.mlir,9158f1be8306c3659a921a7f89d87d4a6b4fd096902130861efd296b7b0886c6,egglog,4,ok,0,744.845662266016,0,"[""/usr/bin/python3"", ""/home/arjaiswal/Polygeist/scripts/correctness/kernel_match_rewrite.py"", ""/home/arjaiswal/Polygeist/issues/aten_c_kernels/results/aten_rshift_i32/debuf.mlir"", ""--dry-run"", ""--matcher-mode"", ""egglog"", ""--telemetry-json"", ""/home/arjaiswal/Polygeist/issues/equality_saturation_eval/campaign_20260908/aten-aten_rshift_i32-egglog-z77hr4jn.json"", ""--disable-semantic-fallback""]","== match report for /home/arjaiswal/Polygeist/issues/aten_c_kernels/results/aten_rshift_i32/debuf.mlir ==
  no_match       body#0  ?
  total: 0 matched / 1 bodies
",0,[],0,0,0,0,/home/arjaiswal/Polygeist/issues/aten_c_kernels/results/aten_rshift_i32/debuf.mlir,1891,8,1,0,318.11728328466415,1,65524,0.0,0,0,0,0,[],0,0,0,0.0,6
aten,aten_rshift_i32,/home/arjaiswal/Polygeist/issues/aten_c_kernels/results/aten_rshift_i32/debuf.mlir,9158f1be8306c3659a921a7f89d87d4a6b4fd096902130861efd296b7b0886c6,syntactic,4,ok,0,735.5539053678513,0,"[""/usr/bin/python3"", ""/home/arjaiswal/Polygeist/scripts/correctness/kernel_match_rewrite.py"", ""/home/arjaiswal/Polygeist/issues/aten_c_kernels/results/aten_rshift_i32/debuf.mlir"", ""--dry-run"", ""--matcher-mode"", ""syntactic"", ""--telemetry-json"", ""/home/arjaiswal/Polygeist/issues/equality_saturation_eval/campaign_20260908/aten-aten_rshift_i32-syntactic-61iq5imj.json"", ""--disable-semantic-fallback""]","== match report for /home/arjaiswal/Polygeist/issues/aten_c_kernels/results/aten_rshift_i32/debuf.mlir ==
  no_match       body#0  ?
  total: 0 matched / 1 bodies
",0,[],0,0,0,0,/home/arjaiswal/Polygeist/issues/aten_c_kernels/results/aten_rshift_i32/debuf.mlir,1891,0,1,0,313.0289353430271,1,65780,0.026751309633255005,0,0,0,0,[],0,0,6,0.0,6
aten,aten_rshift_i32,/home/arjaiswal/Polygeist/issues/aten_c_kernels/results/aten_rshift_i32/debuf.mlir,9158f1be8306c3659a921a7f89d87d4a6b4fd096902130861efd296b7b0886c6,syntactic,5,ok,0,710.486363619566,0,"[""/usr/bin/python3"", ""/home/arjaiswal/Polygeist/scripts/correctness/kernel_match_rewrite.py"", ""/home/arjaiswal/Polygeist/issues/aten_c_kernels/results/aten_rshift_i32/debuf.mlir"", ""--dry-run"", ""--matcher-mode"", ""syntactic"", ""--telemetry-json"", ""/home/arjaiswal/Polygeist/issues/equality_saturation_eval/campaign_20260908/aten-aten_rshift_i32-syntactic-d759twn8.json"", ""--disable-semantic-fallback""]","== match report for /home/arjaiswal/Polygeist/issues/aten_c_kernels/results/aten_rshift_i32/debuf.mlir ==
  no_match       body#0  ?
  total: 0 matched / 1 bodies
",0,[],0,0,0,0,/home/arjaiswal/Polygeist/issues/aten_c_kernels/results/aten_rshift_i32/debuf.mlir,1891,0,1,0,286.0891558229923,1,65736,0.01662224531173706,0,0,0,0,[],0,0,6,0.0,6
aten,aten_rshift_i32,/home/arjaiswal/Polygeist/issues/aten_c_kernels/results/aten_rshift_i32/debuf.mlir,9158f1be8306c3659a921a7f89d87d4a6b4fd096902130861efd296b7b0886c6,egglog,5,ok,0,732.6668500900269,0,"[""/usr/bin/python3"", ""/home/arjaiswal/Polygeist/scripts/correctness/kernel_match_rewrite.py"", ""/home/arjaiswal/Polygeist/issues/aten_c_kernels/results/aten_rshift_i32/debuf.mlir"", ""--dry-run"", ""--matcher-mode"", ""egglog"", ""--telemetry-json"", ""/home/arjaiswal/Polygeist/issues/equality_saturation_eval/campaign_20260908/aten-aten_rshift_i32-egglog-od6ps_xl.json"", ""--disable-semantic-fallback""]","== match report for /home/arjaiswal/Polygeist/issues/aten_c_kernels/results/aten_rshift_i32/debuf.mlir ==
  no_match       body#0  ?
  total: 0 matched / 1 bodies
",0,[],0,0,0,0,/home/arjaiswal/Polygeist/issues/aten_c_kernels/results/aten_rshift_i32/debuf.mlir,1891,8,1,0,306.55696615576744,1,65636,0.0,0,0,0,0,[],0,0,0,0.0,6
aten,aten_rsqrt,/home/arjaiswal/Polygeist/issues/aten_c_kernels/results/aten_rsqrt/debuf.mlir,b3c6a3a02bae2d7d4fe74afa413c81d875173af1575d3eac83833636b4e2dd82,egglog,1,ok,0,894.2075110971928,0,"[""/usr/bin/python3"", ""/home/arjaiswal/Polygeist/scripts/correctness/kernel_match_rewrite.py"", ""/home/arjaiswal/Polygeist/issues/aten_c_kernels/results/aten_rsqrt/debuf.mlir"", ""--dry-run"", ""--matcher-mode"", ""egglog"", ""--telemetry-json"", ""/home/arjaiswal/Polygeist/issues/equality_saturation_eval/campaign_20260908/aten-aten_rsqrt-egglog-55m8ck75.json"", ""--disable-semantic-fallback""]","== match report for /home/arjaiswal/Polygeist/issues/aten_c_kernels/results/aten_rsqrt/debuf.mlir ==
  match          body#[0]  cudnnPointwiseGraph_f32
  total: 1 matched / 1 bodies
",0,[],0,0,0,0,/home/arjaiswal/Polygeist/issues/aten_c_kernels/results/aten_rsqrt/debuf.mlir,1845,8,1,1,456.0735374689102,0,65924,0.0,0,0,0,0,"[{""body_indices"": [0], ""symbol"": ""cudnnPointwiseGraph_f32""}]",1,0,0,0.0,56
aten,aten_rsqrt,/home/arjaiswal/Polygeist/issues/aten_c_kernels/results/aten_rsqrt/debuf.mlir,b3c6a3a02bae2d7d4fe74afa413c81d875173af1575d3eac83833636b4e2dd82,syntactic,1,ok,0,872.3821826279163,0,"[""/usr/bin/python3"", ""/home/arjaiswal/Polygeist/scripts/correctness/kernel_match_rewrite.py"", ""/home/arjaiswal/Polygeist/issues/aten_c_kernels/results/aten_rsqrt/debuf.mlir"", ""--dry-run"", ""--matcher-mode"", ""syntactic"", ""--telemetry-json"", ""/home/arjaiswal/Polygeist/issues/equality_saturation_eval/campaign_20260908/aten-aten_rsqrt-syntactic-jf39eiug.json"", ""--disable-semantic-fallback""]","== match report for /home/arjaiswal/Polygeist/issues/aten_c_kernels/results/aten_rsqrt/debuf.mlir ==
  match          body#[0]  cudnnPointwiseGraph_f32
  total: 1 matched / 1 bodies
",0,[],0,0,0,0,/home/arjaiswal/Polygeist/issues/aten_c_kernels/results/aten_rsqrt/debuf.mlir,1845,0,1,1,453.825730830431,0,65864,0.1686587929725647,0,0,0,0,"[{""body_indices"": [0], ""symbol"": ""cudnnPointwiseGraph_f32""}]",1,0,56,0.0,56
aten,aten_rsqrt,/home/arjaiswal/Polygeist/issues/aten_c_kernels/results/aten_rsqrt/debuf.mlir,b3c6a3a02bae2d7d4fe74afa413c81d875173af1575d3eac83833636b4e2dd82,syntactic,2,ok,0,879.1617006063461,0,"[""/usr/bin/python3"", ""/home/arjaiswal/Polygeist/scripts/correctness/kernel_match_rewrite.py"", ""/home/arjaiswal/Polygeist/issues/aten_c_kernels/results/aten_rsqrt/debuf.mlir"", ""--dry-run"", ""--matcher-mode"", ""syntactic"", ""--telemetry-json"", ""/home/arjaiswal/Polygeist/issues/equality_saturation_eval/campaign_20260908/aten-aten_rsqrt-syntactic-jxsvo5sh.json"", ""--disable-semantic-fallback""]","== match report for /home/arjaiswal/Polygeist/issues/aten_c_kernels/results/aten_rsqrt/debuf.mlir ==
  match          body#[0]  cudnnPointwiseGraph_f32
  total: 1 matched / 1 bodies
",0,[],0,0,0,0,/home/arjaiswal/Polygeist/issues/aten_c_kernels/results/aten_rsqrt/debuf.mlir,1845,0,1,1,440.3417743742466,0,65916,0.1725815236568451,0,0,0,0,"[{""body_indices"": [0], ""symbol"": ""cudnnPointwiseGraph_f32""}]",1,0,56,0.0,56
aten,aten_rsqrt,/home/arjaiswal/Polygeist/issues/aten_c_kernels/results/aten_rsqrt/debuf.mlir,b3c6a3a02bae2d7d4fe74afa413c81d875173af1575d3eac83833636b4e2dd82,egglog,2,ok,0,856.3885428011417,0,"[""/usr/bin/python3"", ""/home/arjaiswal/Polygeist/scripts/correctness/kernel_match_rewrite.py"", ""/home/arjaiswal/Polygeist/issues/aten_c_kernels/results/aten_rsqrt/debuf.mlir"", ""--dry-run"", ""--matcher-mode"", ""egglog"", ""--telemetry-json"", ""/home/arjaiswal/Polygeist/issues/equality_saturation_eval/campaign_20260908/aten-aten_rsqrt-egglog-q89h_d4x.json"", ""--disable-semantic-fallback""]","== match report for /home/arjaiswal/Polygeist/issues/aten_c_kernels/results/aten_rsqrt/debuf.mlir ==
  match          body#[0]  cudnnPointwiseGraph_f32
  total: 1 matched / 1 bodies
",0,[],0,0,0,0,/home/arjaiswal/Polygeist/issues/aten_c_kernels/results/aten_rsqrt/debuf.mlir,1845,8,1,1,434.04316157102585,0,65768,0.0,0,0,0,0,"[{""body_indices"": [0], ""symbol"": ""cudnnPointwiseGraph_f32""}]",1,0,0,0.0,56
aten,aten_rsqrt,/home/arjaiswal/Polygeist/issues/aten_c_kernels/results/aten_rsqrt/debuf.mlir,b3c6a3a02bae2d7d4fe74afa413c81d875173af1575d3eac83833636b4e2dd82,egglog,3,ok,0,873.2009716331959,0,"[""/usr/bin/python3"", ""/home/arjaiswal/Polygeist/scripts/correctness/kernel_match_rewrite.py"", ""/home/arjaiswal/Polygeist/issues/aten_c_kernels/results/aten_rsqrt/debuf.mlir"", ""--dry-run"", ""--matcher-mode"", ""egglog"", ""--telemetry-json"", ""/home/arjaiswal/Polygeist/issues/equality_saturation_eval/campaign_20260908/aten-aten_rsqrt-egglog-yncz2smf.json"", ""--disable-semantic-fallback""]","== match report for /home/arjaiswal/Polygeist/issues/aten_c_kernels/results/aten_rsqrt/debuf.mlir ==
  match          body#[0]  cudnnPointwiseGraph_f32
  total: 1 matched / 1 bodies
",0,[],0,0,0,0,/home/arjaiswal/Polygeist/issues/aten_c_kernels/results/aten_rsqrt/debuf.mlir,1845,8,1,1,441.6412003338337,0,66076,0.0,0,0,0,0,"[{""body_indices"": [0], ""symbol"": ""cudnnPointwiseGraph_f32""}]",1,0,0,0.0,56
aten,aten_rsqrt,/home/arjaiswal/Polygeist/issues/aten_c_kernels/results/aten_rsqrt/debuf.mlir,b3c6a3a02bae2d7d4fe74afa413c81d875173af1575d3eac83833636b4e2dd82,syntactic,3,ok,0,862.2095286846161,0,"[""/usr/bin/python3"", ""/home/arjaiswal/Polygeist/scripts/correctness/kernel_match_rewrite.py"", ""/home/arjaiswal/Polygeist/issues/aten_c_kernels/results/aten_rsqrt/debuf.mlir"", ""--dry-run"", ""--matcher-mode"", ""syntactic"", ""--telemetry-json"", ""/home/arjaiswal/Polygeist/issues/equality_saturation_eval/campaign_20260908/aten-aten_rsqrt-syntactic-fxfl2gii.json"", ""--disable-semantic-fallback""]","== match report for /home/arjaiswal/Polygeist/issues/aten_c_kernels/results/aten_rsqrt/debuf.mlir ==
  match          body#[0]  cudnnPointwiseGraph_f32
  total: 1 matched / 1 bodies
",0,[],0,0,0,0,/home/arjaiswal/Polygeist/issues/aten_c_kernels/results/aten_rsqrt/debuf.mlir,1845,0,1,1,419.79773342609406,0,65892,0.170975923538208,0,0,0,0,"[{""body_indices"": [0], ""symbol"": ""cudnnPointwiseGraph_f32""}]",1,0,56,0.0,56
aten,aten_rsqrt,/home/arjaiswal/Polygeist/issues/aten_c_kernels/results/aten_rsqrt/debuf.mlir,b3c6a3a02bae2d7d4fe74afa413c81d875173af1575d3eac83833636b4e2dd82,syntactic,4,ok,0,850.4412099719048,0,"[""/usr/bin/python3"", ""/home/arjaiswal/Polygeist/scripts/correctness/kernel_match_rewrite.py"", ""/home/arjaiswal/Polygeist/issues/aten_c_kernels/results/aten_rsqrt/debuf.mlir"", ""--dry-run"", ""--matcher-mode"", ""syntactic"", ""--telemetry-json"", ""/home/arjaiswal/Polygeist/issues/equality_saturation_eval/campaign_20260908/aten-aten_rsqrt-syntactic-nh06fto9.json"", ""--disable-semantic-fallback""]","== match report for /home/arjaiswal/Polygeist/issues/aten_c_kernels/results/aten_rsqrt/debuf.mlir ==
  match          body#[0]  cudnnPointwiseGraph_f32
  total: 1 matched / 1 bodies
",0,[],0,0,0,0,/home/arjaiswal/Polygeist/issues/aten_c_kernels/results/aten_rsqrt/debuf.mlir,1845,0,1,1,443.5160793364048,0,65632,0.15661492943763733,0,0,0,0,"[{""body_indices"": [0], ""symbol"": ""cudnnPointwiseGraph_f32""}]",1,0,56,0.0,56
aten,aten_rsqrt,/home/arjaiswal/Polygeist/issues/aten_c_kernels/results/aten_rsqrt/debuf.mlir,b3c6a3a02bae2d7d4fe74afa413c81d875173af1575d3eac83833636b4e2dd82,egglog,4,ok,0,849.9614968895912,0,"[""/usr/bin/python3"", ""/home/arjaiswal/Polygeist/scripts/correctness/kernel_match_rewrite.py"", ""/home/arjaiswal/Polygeist/issues/aten_c_kernels/results/aten_rsqrt/debuf.mlir"", ""--dry-run"", ""--matcher-mode"", ""egglog"", ""--telemetry-json"", ""/home/arjaiswal/Polygeist/issues/equality_saturation_eval/campaign_20260908/aten-aten_rsqrt-egglog-flalqkat.json"", ""--disable-semantic-fallback""]","== match report for /home/arjaiswal/Polygeist/issues/aten_c_kernels/results/aten_rsqrt/debuf.mlir ==
  match          body#[0]  cudnnPointwiseGraph_f32
  total: 1 matched / 1 bodies
",0,[],0,0,0,0,/home/arjaiswal/Polygeist/issues/aten_c_kernels/results/aten_rsqrt/debuf.mlir,1845,8,1,1,429.13809046149254,0,66016,0.0,0,0,0,0,"[{""body_indices"": [0], ""symbol"": ""cudnnPointwiseGraph_f32""}]",1,0,0,0.0,56
aten,aten_rsqrt,/home/arjaiswal/Polygeist/issues/aten_c_kernels/results/aten_rsqrt/debuf.mlir,b3c6a3a02bae2d7d4fe74afa413c81d875173af1575d3eac83833636b4e2dd82,egglog,5,ok,0,846.1452908813953,0,"[""/usr/bin/python3"", ""/home/arjaiswal/Polygeist/scripts/correctness/kernel_match_rewrite.py"", ""/home/arjaiswal/Polygeist/issues/aten_c_kernels/results/aten_rsqrt/debuf.mlir"", ""--dry-run"", ""--matcher-mode"", ""egglog"", ""--telemetry-json"", ""/home/arjaiswal/Polygeist/issues/equality_saturation_eval/campaign_20260908/aten-aten_rsqrt-egglog-canjgf4w.json"", ""--disable-semantic-fallback""]","== match report for /home/arjaiswal/Polygeist/issues/aten_c_kernels/results/aten_rsqrt/debuf.mlir ==
  match          body#[0]  cudnnPointwiseGraph_f32
  total: 1 matched / 1 bodies
",0,[],0,0,0,0,/home/arjaiswal/Polygeist/issues/aten_c_kernels/results/aten_rsqrt/debuf.mlir,1845,8,1,1,428.02682146430016,0,65804,0.0,0,0,0,0,"[{""body_indices"": [0], ""symbol"": ""cudnnPointwiseGraph_f32""}]",1,0,0,0.0,56
aten,aten_rsqrt,/home/arjaiswal/Polygeist/issues/aten_c_kernels/results/aten_rsqrt/debuf.mlir,b3c6a3a02bae2d7d4fe74afa413c81d875173af1575d3eac83833636b4e2dd82,syntactic,5,ok,0,857.0229485630989,0,"[""/usr/bin/python3"", ""/home/arjaiswal/Polygeist/scripts/correctness/kernel_match_rewrite.py"", ""/home/arjaiswal/Polygeist/issues/aten_c_kernels/results/aten_rsqrt/debuf.mlir"", ""--dry-run"", ""--matcher-mode"", ""syntactic"", ""--telemetry-json"", ""/home/arjaiswal/Polygeist/issues/equality_saturation_eval/campaign_20260908/aten-aten_rsqrt-syntactic-k5kp2qwi.json"", ""--disable-semantic-fallback""]","== match report for /home/arjaiswal/Polygeist/issues/aten_c_kernels/results/aten_rsqrt/debuf.mlir ==
  match          body#[0]  cudnnPointwiseGraph_f32
  total: 1 matched / 1 bodies
",0,[],0,0,0,0,/home/arjaiswal/Polygeist/issues/aten_c_kernels/results/aten_rsqrt/debuf.mlir,1845,0,1,1,436.0191375017166,0,66108,0.16982480883598328,0,0,0,0,"[{""body_indices"": [0], ""symbol"": ""cudnnPointwiseGraph_f32""}]",1,0,56,0.0,56
aten,aten_sample_poisson_transform_cpu,/home/arjaiswal/Polygeist/issues/aten_c_kernels/results/aten_sample_poisson_transform_cpu/debuf.mlir,a03e966c9297488a4a5e1a2cb6b4268ef5f0b6f16040b4b25772c06b81a8dc6e,syntactic,1,ok,0,678.5371154546738,0,"[""/usr/bin/python3"", ""/home/arjaiswal/Polygeist/scripts/correctness/kernel_match_rewrite.py"", ""/home/arjaiswal/Polygeist/issues/aten_c_kernels/results/aten_sample_poisson_transform_cpu/debuf.mlir"", ""--dry-run"", ""--matcher-mode"", ""syntactic"", ""--telemetry-json"", ""/home/arjaiswal/Polygeist/issues/equality_saturation_eval/campaign_20260908/aten-aten_sample_poisson_transform_cpu-syntactic-6rxpogue.json"", ""--disable-semantic-fallback""]","== match report for /home/arjaiswal/Polygeist/issues/aten_c_kernels/results/aten_sample_poisson_transform_cpu/debuf.mlir ==
  total: 0 matched / 0 bodies
",0,[],0,0,0,0,/home/arjaiswal/Polygeist/issues/aten_c_kernels/results/aten_sample_poisson_transform_cpu/debuf.mlir,3109,0,0,0,258.595060557127,0,64724,0.0,0,0,0,0,[],0,0,0,0.0,0
aten,aten_sample_poisson_transform_cpu,/home/arjaiswal/Polygeist/issues/aten_c_kernels/results/aten_sample_poisson_transform_cpu/debuf.mlir,a03e966c9297488a4a5e1a2cb6b4268ef5f0b6f16040b4b25772c06b81a8dc6e,egglog,1,ok,0,687.1974691748619,0,"[""/usr/bin/python3"", ""/home/arjaiswal/Polygeist/scripts/correctness/kernel_match_rewrite.py"", ""/home/arjaiswal/Polygeist/issues/aten_c_kernels/results/aten_sample_poisson_transform_cpu/debuf.mlir"", ""--dry-run"", ""--matcher-mode"", ""egglog"", ""--telemetry-json"", ""/home/arjaiswal/Polygeist/issues/equality_saturation_eval/campaign_20260908/aten-aten_sample_poisson_transform_cpu-egglog-832exrft.json"", ""--disable-semantic-fallback""]","== match report for /home/arjaiswal/Polygeist/issues/aten_c_kernels/results/aten_sample_poisson_transform_cpu/debuf.mlir ==
  total: 0 matched / 0 bodies
",0,[],0,0,0,0,/home/arjaiswal/Polygeist/issues/aten_c_kernels/results/aten_sample_poisson_transform_cpu/debuf.mlir,3109,8,0,0,264.4461393356323,0,64492,0.0,0,0,0,0,[],0,0,0,0.0,0
aten,aten_sample_poisson_transform_cpu,/home/arjaiswal/Polygeist/issues/aten_c_kernels/results/aten_sample_poisson_transform_cpu/debuf.mlir,a03e966c9297488a4a5e1a2cb6b4268ef5f0b6f16040b4b25772c06b81a8dc6e,egglog,2,ok,0,686.3273717463017,0,"[""/usr/bin/python3"", ""/home/arjaiswal/Polygeist/scripts/correctness/kernel_match_rewrite.py"", ""/home/arjaiswal/Polygeist/issues/aten_c_kernels/results/aten_sample_poisson_transform_cpu/debuf.mlir"", ""--dry-run"", ""--matcher-mode"", ""egglog"", ""--telemetry-json"", ""/home/arjaiswal/Polygeist/issues/equality_saturation_eval/campaign_20260908/aten-aten_sample_poisson_transform_cpu-egglog-ee3bzli4.json"", ""--disable-semantic-fallback""]","== match report for /home/arjaiswal/Polygeist/issues/aten_c_kernels/results/aten_sample_poisson_transform_cpu/debuf.mlir ==
  total: 0 matched / 0 bodies
",0,[],0,0,0,0,/home/arjaiswal/Polygeist/issues/aten_c_kernels/results/aten_sample_poisson_transform_cpu/debuf.mlir,3109,8,0,0,261.09570637345314,0,64732,0.0,0,0,0,0,[],0,0,0,0.0,0
aten,aten_sample_poisson_transform_cpu,/home/arjaiswal/Polygeist/issues/aten_c_kernels/results/aten_sample_poisson_transform_cpu/debuf.mlir,a03e966c9297488a4a5e1a2cb6b4268ef5f0b6f16040b4b25772c06b81a8dc6e,syntactic,2,ok,0,721.9234630465508,0,"[""/usr/bin/python3"", ""/home/arjaiswal/Polygeist/scripts/correctness/kernel_match_rewrite.py"", ""/home/arjaiswal/Polygeist/issues/aten_c_kernels/results/aten_sample_poisson_transform_cpu/debuf.mlir"", ""--dry-run"", ""--matcher-mode"", ""syntactic"", ""--telemetry-json"", ""/home/arjaiswal/Polygeist/issues/equality_saturation_eval/campaign_20260908/aten-aten_sample_poisson_transform_cpu-syntactic-l2ktm3cr.json"", ""--disable-semantic-fallback""]","== match report for /home/arjaiswal/Polygeist/issues/aten_c_kernels/results/aten_sample_poisson_transform_cpu/debuf.mlir ==
  total: 0 matched / 0 bodies
",0,[],0,0,0,0,/home/arjaiswal/Polygeist/issues/aten_c_kernels/results/aten_sample_poisson_transform_cpu/debuf.mlir,3109,0,0,0,282.92616456747055,0,64688,0.0,0,0,0,0,[],0,0,0,0.0,0
aten,aten_sample_poisson_transform_cpu,/home/arjaiswal/Polygeist/issues/aten_c_kernels/results/aten_sample_poisson_transform_cpu/debuf.mlir,a03e966c9297488a4a5e1a2cb6b4268ef5f0b6f16040b4b25772c06b81a8dc6e,syntactic,3,ok,0,718.6853475868702,0,"[""/usr/bin/python3"", ""/home/arjaiswal/Polygeist/scripts/correctness/kernel_match_rewrite.py"", ""/home/arjaiswal/Polygeist/issues/aten_c_kernels/results/aten_sample_poisson_transform_cpu/debuf.mlir"", ""--dry-run"", ""--matcher-mode"", ""syntactic"", ""--telemetry-json"", ""/home/arjaiswal/Polygeist/issues/equality_saturation_eval/campaign_20260908/aten-aten_sample_poisson_transform_cpu-syntactic-zgxswvak.json"", ""--disable-semantic-fallback""]","== match report for /home/arjaiswal/Polygeist/issues/aten_c_kernels/results/aten_sample_poisson_transform_cpu/debuf.mlir ==
  total: 0 matched / 0 bodies
",0,[],0,0,0,0,/home/arjaiswal/Polygeist/issues/aten_c_kernels/results/aten_sample_poisson_transform_cpu/debuf.mlir,3109,0,0,0,265.83826169371605,0,64660,0.0,0,0,0,0,[],0,0,0,0.0,0
aten,aten_sample_poisson_transform_cpu,/home/arjaiswal/Polygeist/issues/aten_c_kernels/results/aten_sample_poisson_transform_cpu/debuf.mlir,a03e966c9297488a4a5e1a2cb6b4268ef5f0b6f16040b4b25772c06b81a8dc6e,egglog,3,ok,0,679.8995956778526,0,"[""/usr/bin/python3"", ""/home/arjaiswal/Polygeist/scripts/correctness/kernel_match_rewrite.py"", ""/home/arjaiswal/Polygeist/issues/aten_c_kernels/results/aten_sample_poisson_transform_cpu/debuf.mlir"", ""--dry-run"", ""--matcher-mode"", ""egglog"", ""--telemetry-json"", ""/home/arjaiswal/Polygeist/issues/equality_saturation_eval/campaign_20260908/aten-aten_sample_poisson_transform_cpu-egglog-efvbg74o.json"", ""--disable-semantic-fallback""]","== match report for /home/arjaiswal/Polygeist/issues/aten_c_kernels/results/aten_sample_poisson_transform_cpu/debuf.mlir ==
  total: 0 matched / 0 bodies
",0,[],0,0,0,0,/home/arjaiswal/Polygeist/issues/aten_c_kernels/results/aten_sample_poisson_transform_cpu/debuf.mlir,3109,8,0,0,262.91588321328163,0,64548,0.0,0,0,0,0,[],0,0,0,0.0,0
aten,aten_sample_poisson_transform_cpu,/home/arjaiswal/Polygeist/issues/aten_c_kernels/results/aten_sample_poisson_transform_cpu/debuf.mlir,a03e966c9297488a4a5e1a2cb6b4268ef5f0b6f16040b4b25772c06b81a8dc6e,egglog,4,ok,0,678.9353564381599,0,"[""/usr/bin/python3"", ""/home/arjaiswal/Polygeist/scripts/correctness/kernel_match_rewrite.py"", ""/home/arjaiswal/Polygeist/issues/aten_c_kernels/results/aten_sample_poisson_transform_cpu/debuf.mlir"", ""--dry-run"", ""--matcher-mode"", ""egglog"", ""--telemetry-json"", ""/home/arjaiswal/Polygeist/issues/equality_saturation_eval/campaign_20260908/aten-aten_sample_poisson_transform_cpu-egglog-vrht_8qi.json"", ""--disable-semantic-fallback""]","== match report for /home/arjaiswal/Polygeist/issues/aten_c_kernels/results/aten_sample_poisson_transform_cpu/debuf.mlir ==
  total: 0 matched / 0 bodies
",0,[],0,0,0,0,/home/arjaiswal/Polygeist/issues/aten_c_kernels/results/aten_sample_poisson_transform_cpu/debuf.mlir,3109,8,0,0,255.95251470804214,0,64636,0.0,0,0,0,0,[],0,0,0,0.0,0
aten,aten_sample_poisson_transform_cpu,/home/arjaiswal/Polygeist/issues/aten_c_kernels/results/aten_sample_poisson_transform_cpu/debuf.mlir,a03e966c9297488a4a5e1a2cb6b4268ef5f0b6f16040b4b25772c06b81a8dc6e,syntactic,4,ok,0,706.1622701585293,0,"[""/usr/bin/python3"", ""/home/arjaiswal/Polygeist/scripts/correctness/kernel_match_rewrite.py"", ""/home/arjaiswal/Polygeist/issues/aten_c_kernels/results/aten_sample_poisson_transform_cpu/debuf.mlir"", ""--dry-run"", ""--matcher-mode"", ""syntactic"", ""--telemetry-json"", ""/home/arjaiswal/Polygeist/issues/equality_saturation_eval/campaign_20260908/aten-aten_sample_poisson_transform_cpu-syntactic-0jbx5emw.json"", ""--disable-semantic-fallback""]","== match report for /home/arjaiswal/Polygeist/issues/aten_c_kernels/results/aten_sample_poisson_transform_cpu/debuf.mlir ==
  total: 0 matched / 0 bodies
",0,[],0,0,0,0,/home/arjaiswal/Polygeist/issues/aten_c_kernels/results/aten_sample_poisson_transform_cpu/debuf.mlir,3109,0,0,0,280.5105932056904,0,64984,0.0,0,0,0,0,[],0,0,0,0.0,0
aten,aten_sample_poisson_transform_cpu,/home/arjaiswal/Polygeist/issues/aten_c_kernels/results/aten_sample_poisson_transform_cpu/debuf.mlir,a03e966c9297488a4a5e1a2cb6b4268ef5f0b6f16040b4b25772c06b81a8dc6e,syntactic,5,ok,0,664.6290756762028,0,"[""/usr/bin/python3"", ""/home/arjaiswal/Polygeist/scripts/correctness/kernel_match_rewrite.py"", ""/home/arjaiswal/Polygeist/issues/aten_c_kernels/results/aten_sample_poisson_transform_cpu/debuf.mlir"", ""--dry-run"", ""--matcher-mode"", ""syntactic"", ""--telemetry-json"", ""/home/arjaiswal/Polygeist/issues/equality_saturation_eval/campaign_20260908/aten-aten_sample_poisson_transform_cpu-syntactic-841v838h.json"", ""--disable-semantic-fallback""]","== match report for /home/arjaiswal/Polygeist/issues/aten_c_kernels/results/aten_sample_poisson_transform_cpu/debuf.mlir ==
  total: 0 matched / 0 bodies
",0,[],0,0,0,0,/home/arjaiswal/Polygeist/issues/aten_c_kernels/results/aten_sample_poisson_transform_cpu/debuf.mlir,3109,0,0,0,251.94301456212997,0,64764,0.0,0,0,0,0,[],0,0,0,0.0,0
aten,aten_sample_poisson_transform_cpu,/home/arjaiswal/Polygeist/issues/aten_c_kernels/results/aten_sample_poisson_transform_cpu/debuf.mlir,a03e966c9297488a4a5e1a2cb6b4268ef5f0b6f16040b4b25772c06b81a8dc6e,egglog,5,ok,0,706.5549455583096,0,"[""/usr/bin/python3"", ""/home/arjaiswal/Polygeist/scripts/correctness/kernel_match_rewrite.py"", ""/home/arjaiswal/Polygeist/issues/aten_c_kernels/results/aten_sample_poisson_transform_cpu/debuf.mlir"", ""--dry-run"", ""--matcher-mode"", ""egglog"", ""--telemetry-json"", ""/home/arjaiswal/Polygeist/issues/equality_saturation_eval/campaign_20260908/aten-aten_sample_poisson_transform_cpu-egglog-hqv_8u2p.json"", ""--disable-semantic-fallback""]","== match report for /home/arjaiswal/Polygeist/issues/aten_c_kernels/results/aten_sample_poisson_transform_cpu/debuf.mlir ==
  total: 0 matched / 0 bodies
",0,[],0,0,0,0,/home/arjaiswal/Polygeist/issues/aten_c_kernels/results/aten_sample_poisson_transform_cpu/debuf.mlir,3109,8,0,0,282.49895200133324,0,64664,0.0,0,0,0,0,[],0,0,0,0.0,0
aten,aten_sampled_addmm_sparse_csr_cpu,/home/arjaiswal/Polygeist/issues/aten_c_kernels/results/aten_sampled_addmm_sparse_csr_cpu/debuf.mlir,2552f13b3ceff687b788594492dc54a6c25db49a7f50ef4bf72c5641859d2ff3,egglog,1,ok,0,703.5083025693893,0,"[""/usr/bin/python3"", ""/home/arjaiswal/Polygeist/scripts/correctness/kernel_match_rewrite.py"", ""/home/arjaiswal/Polygeist/issues/aten_c_kernels/results/aten_sampled_addmm_sparse_csr_cpu/debuf.mlir"", ""--dry-run"", ""--matcher-mode"", ""egglog"", ""--telemetry-json"", ""/home/arjaiswal/Polygeist/issues/equality_saturation_eval/campaign_20260908/aten-aten_sampled_addmm_sparse_csr_cpu-egglog-8bcihryo.json"", ""--disable-semantic-fallback""]","== match report for /home/arjaiswal/Polygeist/issues/aten_c_kernels/results/aten_sampled_addmm_sparse_csr_cpu/debuf.mlir ==
  no_match       body#0  ?
  total: 0 matched / 1 bodies
",0,[],0,0,0,0,/home/arjaiswal/Polygeist/issues/aten_c_kernels/results/aten_sampled_addmm_sparse_csr_cpu/debuf.mlir,3989,8,1,0,271.5720236301422,1,64632,0.0,0,0,0,0,[],0,0,0,0.0,0
aten,aten_sampled_addmm_sparse_csr_cpu,/home/arjaiswal/Polygeist/issues/aten_c_kernels/results/aten_sampled_addmm_sparse_csr_cpu/debuf.mlir,2552f13b3ceff687b788594492dc54a6c25db49a7f50ef4bf72c5641859d2ff3,syntactic,1,ok,0,695.1340548694134,0,"[""/usr/bin/python3"", ""/home/arjaiswal/Polygeist/scripts/correctness/kernel_match_rewrite.py"", ""/home/arjaiswal/Polygeist/issues/aten_c_kernels/results/aten_sampled_addmm_sparse_csr_cpu/debuf.mlir"", ""--dry-run"", ""--matcher-mode"", ""syntactic"", ""--telemetry-json"", ""/home/arjaiswal/Polygeist/issues/equality_saturation_eval/campaign_20260908/aten-aten_sampled_addmm_sparse_csr_cpu-syntactic-bw4ir4v5.json"", ""--disable-semantic-fallback""]","== match report for /home/arjaiswal/Polygeist/issues/aten_c_kernels/results/aten_sampled_addmm_sparse_csr_cpu/debuf.mlir ==
  no_match       body#0  ?
  total: 0 matched / 1 bodies
",0,[],0,0,0,0,/home/arjaiswal/Polygeist/issues/aten_c_kernels/results/aten_sampled_addmm_sparse_csr_cpu/debuf.mlir,3989,0,1,0,277.97336876392365,1,64644,0.0,0,0,0,0,[],0,0,0,0.0,0
aten,aten_sampled_addmm_sparse_csr_cpu,/home/arjaiswal/Polygeist/issues/aten_c_kernels/results/aten_sampled_addmm_sparse_csr_cpu/debuf.mlir,2552f13b3ceff687b788594492dc54a6c25db49a7f50ef4bf72c5641859d2ff3,syntactic,2,ok,0,844.6634523570538,0,"[""/usr/bin/python3"", ""/home/arjaiswal/Polygeist/scripts/correctness/kernel_match_rewrite.py"", ""/home/arjaiswal/Polygeist/issues/aten_c_kernels/results/aten_sampled_addmm_sparse_csr_cpu/debuf.mlir"", ""--dry-run"", ""--matcher-mode"", ""syntactic"", ""--telemetry-json"", ""/home/arjaiswal/Polygeist/issues/equality_saturation_eval/campaign_20260908/aten-aten_sampled_addmm_sparse_csr_cpu-syntactic-11or4gzi.json"", ""--disable-semantic-fallback""]","== match report for /home/arjaiswal/Polygeist/issues/aten_c_kernels/results/aten_sampled_addmm_sparse_csr_cpu/debuf.mlir ==
  no_match       body#0  ?
  total: 0 matched / 1 bodies
",0,[],0,0,0,0,/home/arjaiswal/Polygeist/issues/aten_c_kernels/results/aten_sampled_addmm_sparse_csr_cpu/debuf.mlir,3989,0,1,0,360.56679859757423,1,64668,0.0,0,0,0,0,[],0,0,0,0.0,0
aten,aten_sampled_addmm_sparse_csr_cpu,/home/arjaiswal/Polygeist/issues/aten_c_kernels/results/aten_sampled_addmm_sparse_csr_cpu/debuf.mlir,2552f13b3ceff687b788594492dc54a6c25db49a7f50ef4bf72c5641859d2ff3,egglog,2,ok,0,711.5582711994648,0,"[""/usr/bin/python3"", ""/home/arjaiswal/Polygeist/scripts/correctness/kernel_match_rewrite.py"", ""/home/arjaiswal/Polygeist/issues/aten_c_kernels/results/aten_sampled_addmm_sparse_csr_cpu/debuf.mlir"", ""--dry-run"", ""--matcher-mode"", ""egglog"", ""--telemetry-json"", ""/home/arjaiswal/Polygeist/issues/equality_saturation_eval/campaign_20260908/aten-aten_sampled_addmm_sparse_csr_cpu-egglog-tk5qg14v.json"", ""--disable-semantic-fallback""]","== match report for /home/arjaiswal/Polygeist/issues/aten_c_kernels/results/aten_sampled_addmm_sparse_csr_cpu/debuf.mlir ==
  no_match       body#0  ?
  total: 0 matched / 1 bodies
",0,[],0,0,0,0,/home/arjaiswal/Polygeist/issues/aten_c_kernels/results/aten_sampled_addmm_sparse_csr_cpu/debuf.mlir,3989,8,1,0,279.61302548646927,1,64504,0.0,0,0,0,0,[],0,0,0,0.0,0
aten,aten_sampled_addmm_sparse_csr_cpu,/home/arjaiswal/Polygeist/issues/aten_c_kernels/results/aten_sampled_addmm_sparse_csr_cpu/debuf.mlir,2552f13b3ceff687b788594492dc54a6c25db49a7f50ef4bf72c5641859d2ff3,egglog,3,ok,0,709.9333591759205,0,"[""/usr/bin/python3"", ""/home/arjaiswal/Polygeist/scripts/correctness/kernel_match_rewrite.py"", ""/home/arjaiswal/Polygeist/issues/aten_c_kernels/results/aten_sampled_addmm_sparse_csr_cpu/debuf.mlir"", ""--dry-run"", ""--matcher-mode"", ""egglog"", ""--telemetry-json"", ""/home/arjaiswal/Polygeist/issues/equality_saturation_eval/campaign_20260908/aten-aten_sampled_addmm_sparse_csr_cpu-egglog-h9zg59q4.json"", ""--disable-semantic-fallback""]","== match report for /home/arjaiswal/Polygeist/issues/aten_c_kernels/results/aten_sampled_addmm_sparse_csr_cpu/debuf.mlir ==
  no_match       body#0  ?
  total: 0 matched / 1 bodies
",0,[],0,0,0,0,/home/arjaiswal/Polygeist/issues/aten_c_kernels/results/aten_sampled_addmm_sparse_csr_cpu/debuf.mlir,3989,8,1,0,288.83523494005203,1,64892,0.0,0,0,0,0,[],0,0,0,0.0,0
aten,aten_sampled_addmm_sparse_csr_cpu,/home/arjaiswal/Polygeist/issues/aten_c_kernels/results/aten_sampled_addmm_sparse_csr_cpu/debuf.mlir,2552f13b3ceff687b788594492dc54a6c25db49a7f50ef4bf72c5641859d2ff3,syntactic,3,ok,0,682.9607859253883,0,"[""/usr/bin/python3"", ""/home/arjaiswal/Polygeist/scripts/correctness/kernel_match_rewrite.py"", ""/home/arjaiswal/Polygeist/issues/aten_c_kernels/results/aten_sampled_addmm_sparse_csr_cpu/debuf.mlir"", ""--dry-run"", ""--matcher-mode"", ""syntactic"", ""--telemetry-json"", ""/home/arjaiswal/Polygeist/issues/equality_saturation_eval/campaign_20260908/aten-aten_sampled_addmm_sparse_csr_cpu-syntactic-4jy3jhlv.json"", ""--disable-semantic-fallback""]","== match report for /home/arjaiswal/Polygeist/issues/aten_c_kernels/results/aten_sampled_addmm_sparse_csr_cpu/debuf.mlir ==
  no_match       body#0  ?
  total: 0 matched / 1 bodies
",0,[],0,0,0,0,/home/arjaiswal/Polygeist/issues/aten_c_kernels/results/aten_sampled_addmm_sparse_csr_cpu/debuf.mlir,3989,0,1,0,270.26446908712387,1,64860,0.0,0,0,0,0,[],0,0,0,0.0,0
aten,aten_sampled_addmm_sparse_csr_cpu,/home/arjaiswal/Polygeist/issues/aten_c_kernels/results/aten_sampled_addmm_sparse_csr_cpu/debuf.mlir,2552f13b3ceff687b788594492dc54a6c25db49a7f50ef4bf72c5641859d2ff3,syntactic,4,ok,0,689.1150586307049,0,"[""/usr/bin/python3"", ""/home/arjaiswal/Polygeist/scripts/correctness/kernel_match_rewrite.py"", ""/home/arjaiswal/Polygeist/issues/aten_c_kernels/results/aten_sampled_addmm_sparse_csr_cpu/debuf.mlir"", ""--dry-run"", ""--matcher-mode"", ""syntactic"", ""--telemetry-json"", ""/home/arjaiswal/Polygeist/issues/equality_saturation_eval/campaign_20260908/aten-aten_sampled_addmm_sparse_csr_cpu-syntactic-4w62njnl.json"", ""--disable-semantic-fallback""]","== match report for /home/arjaiswal/Polygeist/issues/aten_c_kernels/results/aten_sampled_addmm_sparse_csr_cpu/debuf.mlir ==
  no_match       body#0  ?
  total: 0 matched / 1 bodies
",0,[],0,0,0,0,/home/arjaiswal/Polygeist/issues/aten_c_kernels/results/aten_sampled_addmm_sparse_csr_cpu/debuf.mlir,3989,0,1,0,264.6397203207016,1,64776,0.0,0,0,0,0,[],0,0,0,0.0,0
aten,aten_sampled_addmm_sparse_csr_cpu,/home/arjaiswal/Polygeist/issues/aten_c_kernels/results/aten_sampled_addmm_sparse_csr_cpu/debuf.mlir,2552f13b3ceff687b788594492dc54a6c25db49a7f50ef4bf72c5641859d2ff3,egglog,4,ok,0,703.5709992051125,0,"[""/usr/bin/python3"", ""/home/arjaiswal/Polygeist/scripts/correctness/kernel_match_rewrite.py"", ""/home/arjaiswal/Polygeist/issues/aten_c_kernels/results/aten_sampled_addmm_sparse_csr_cpu/debuf.mlir"", ""--dry-run"", ""--matcher-mode"", ""egglog"", ""--telemetry-json"", ""/home/arjaiswal/Polygeist/issues/equality_saturation_eval/campaign_20260908/aten-aten_sampled_addmm_sparse_csr_cpu-egglog-5l6vpul1.json"", ""--disable-semantic-fallback""]","== match report for /home/arjaiswal/Polygeist/issues/aten_c_kernels/results/aten_sampled_addmm_sparse_csr_cpu/debuf.mlir ==
  no_match       body#0  ?
  total: 0 matched / 1 bodies
",0,[],0,0,0,0,/home/arjaiswal/Polygeist/issues/aten_c_kernels/results/aten_sampled_addmm_sparse_csr_cpu/debuf.mlir,3989,8,1,0,279.94365617632866,1,64684,0.0,0,0,0,0,[],0,0,0,0.0,0
aten,aten_sampled_addmm_sparse_csr_cpu,/home/arjaiswal/Polygeist/issues/aten_c_kernels/results/aten_sampled_addmm_sparse_csr_cpu/debuf.mlir,2552f13b3ceff687b788594492dc54a6c25db49a7f50ef4bf72c5641859d2ff3,egglog,5,ok,0,710.485752671957,0,"[""/usr/bin/python3"", ""/home/arjaiswal/Polygeist/scripts/correctness/kernel_match_rewrite.py"", ""/home/arjaiswal/Polygeist/issues/aten_c_kernels/results/aten_sampled_addmm_sparse_csr_cpu/debuf.mlir"", ""--dry-run"", ""--matcher-mode"", ""egglog"", ""--telemetry-json"", ""/home/arjaiswal/Polygeist/issues/equality_saturation_eval/campaign_20260908/aten-aten_sampled_addmm_sparse_csr_cpu-egglog-q8cqq2bx.json"", ""--disable-semantic-fallback""]","== match report for /home/arjaiswal/Polygeist/issues/aten_c_kernels/results/aten_sampled_addmm_sparse_csr_cpu/debuf.mlir ==
  no_match       body#0  ?
  total: 0 matched / 1 bodies
",0,[],0,0,0,0,/home/arjaiswal/Polygeist/issues/aten_c_kernels/results/aten_sampled_addmm_sparse_csr_cpu/debuf.mlir,3989,8,1,0,293.9240150153637,1,64640,0.0,0,0,0,0,[],0,0,0,0.0,0
aten,aten_sampled_addmm_sparse_csr_cpu,/home/arjaiswal/Polygeist/issues/aten_c_kernels/results/aten_sampled_addmm_sparse_csr_cpu/debuf.mlir,2552f13b3ceff687b788594492dc54a6c25db49a7f50ef4bf72c5641859d2ff3,syntactic,5,ok,0,711.4442959427834,0,"[""/usr/bin/python3"", ""/home/arjaiswal/Polygeist/scripts/correctness/kernel_match_rewrite.py"", ""/home/arjaiswal/Polygeist/issues/aten_c_kernels/results/aten_sampled_addmm_sparse_csr_cpu/debuf.mlir"", ""--dry-run"", ""--matcher-mode"", ""syntactic"", ""--telemetry-json"", ""/home/arjaiswal/Polygeist/issues/equality_saturation_eval/campaign_20260908/aten-aten_sampled_addmm_sparse_csr_cpu-syntactic-lopk_rz_.json"", ""--disable-semantic-fallback""]","== match report for /home/arjaiswal/Polygeist/issues/aten_c_kernels/results/aten_sampled_addmm_sparse_csr_cpu/debuf.mlir ==
  no_match       body#0  ?
  total: 0 matched / 1 bodies
",0,[],0,0,0,0,/home/arjaiswal/Polygeist/issues/aten_c_kernels/results/aten_sampled_addmm_sparse_csr_cpu/debuf.mlir,3989,0,1,0,267.879705876112,1,64608,0.0,0,0,0,0,[],0,0,0,0.0,0
aten,aten_scaled_modified_bessel_k0,/home/arjaiswal/Polygeist/issues/aten_c_kernels/results/aten_scaled_modified_bessel_k0/debuf.mlir,2d348b5ce4cb20de590948323d3e64c722e7bf001e944833f7509070e36b2c87,syntactic,1,ok,0,847.3926298320293,0,"[""/usr/bin/python3"", ""/home/arjaiswal/Polygeist/scripts/correctness/kernel_match_rewrite.py"", ""/home/arjaiswal/Polygeist/issues/aten_c_kernels/results/aten_scaled_modified_bessel_k0/debuf.mlir"", ""--dry-run"", ""--matcher-mode"", ""syntactic"", ""--telemetry-json"", ""/home/arjaiswal/Polygeist/issues/equality_saturation_eval/campaign_20260908/aten-aten_scaled_modified_bessel_k0-syntactic-seopj46l.json"", ""--disable-semantic-fallback""]","== match report for /home/arjaiswal/Polygeist/issues/aten_c_kernels/results/aten_scaled_modified_bessel_k0/debuf.mlir ==
  no_match       body#0  ?
  total: 0 matched / 1 bodies
",0,[],0,0,0,0,/home/arjaiswal/Polygeist/issues/aten_c_kernels/results/aten_scaled_modified_bessel_k0/debuf.mlir,1941,0,1,0,404.6303816139698,1,65976,0.14583393931388855,0,0,0,0,[],0,0,56,0.0,56
aten,aten_scaled_modified_bessel_k0,/home/arjaiswal/Polygeist/issues/aten_c_kernels/results/aten_scaled_modified_bessel_k0/debuf.mlir,2d348b5ce4cb20de590948323d3e64c722e7bf001e944833f7509070e36b2c87,egglog,1,ok,0,822.5496709346771,0,"[""/usr/bin/python3"", ""/home/arjaiswal/Polygeist/scripts/correctness/kernel_match_rewrite.py"", ""/home/arjaiswal/Polygeist/issues/aten_c_kernels/results/aten_scaled_modified_bessel_k0/debuf.mlir"", ""--dry-run"", ""--matcher-mode"", ""egglog"", ""--telemetry-json"", ""/home/arjaiswal/Polygeist/issues/equality_saturation_eval/campaign_20260908/aten-aten_scaled_modified_bessel_k0-egglog-6pq2in4p.json"", ""--disable-semantic-fallback""]","== match report for /home/arjaiswal/Polygeist/issues/aten_c_kernels/results/aten_scaled_modified_bessel_k0/debuf.mlir ==
  no_match       body#0  ?
  total: 0 matched / 1 bodies
",0,[],0,0,0,0,/home/arjaiswal/Polygeist/issues/aten_c_kernels/results/aten_scaled_modified_bessel_k0/debuf.mlir,1941,8,1,0,401.62695944309235,1,66008,0.0,0,0,0,0,[],0,0,0,0.0,56
aten,aten_scaled_modified_bessel_k0,/home/arjaiswal/Polygeist/issues/aten_c_kernels/results/aten_scaled_modified_bessel_k0/debuf.mlir,2d348b5ce4cb20de590948323d3e64c722e7bf001e944833f7509070e36b2c87,egglog,2,ok,0,831.0438767075539,0,"[""/usr/bin/python3"", ""/home/arjaiswal/Polygeist/scripts/correctness/kernel_match_rewrite.py"", ""/home/arjaiswal/Polygeist/issues/aten_c_kernels/results/aten_scaled_modified_bessel_k0/debuf.mlir"", ""--dry-run"", ""--matcher-mode"", ""egglog"", ""--telemetry-json"", ""/home/arjaiswal/Polygeist/issues/equality_saturation_eval/campaign_20260908/aten-aten_scaled_modified_bessel_k0-egglog-k7bf8mkl.json"", ""--disable-semantic-fallback""]","== match report for /home/arjaiswal/Polygeist/issues/aten_c_kernels/results/aten_scaled_modified_bessel_k0/debuf.mlir ==
  no_match       body#0  ?
  total: 0 matched / 1 bodies
",0,[],0,0,0,0,/home/arjaiswal/Polygeist/issues/aten_c_kernels/results/aten_scaled_modified_bessel_k0/debuf.mlir,1941,8,1,0,412.5785566866398,1,66124,0.0,0,0,0,0,[],0,0,0,0.0,56
aten,aten_scaled_modified_bessel_k0,/home/arjaiswal/Polygeist/issues/aten_c_kernels/results/aten_scaled_modified_bessel_k0/debuf.mlir,2d348b5ce4cb20de590948323d3e64c722e7bf001e944833f7509070e36b2c87,syntactic,2,ok,0,823.3825638890266,0,"[""/usr/bin/python3"", ""/home/arjaiswal/Polygeist/scripts/correctness/kernel_match_rewrite.py"", ""/home/arjaiswal/Polygeist/issues/aten_c_kernels/results/aten_scaled_modified_bessel_k0/debuf.mlir"", ""--dry-run"", ""--matcher-mode"", ""syntactic"", ""--telemetry-json"", ""/home/arjaiswal/Polygeist/issues/equality_saturation_eval/campaign_20260908/aten-aten_scaled_modified_bessel_k0-syntactic-h9u4fcld.json"", ""--disable-semantic-fallback""]","== match report for /home/arjaiswal/Polygeist/issues/aten_c_kernels/results/aten_scaled_modified_bessel_k0/debuf.mlir ==
  no_match       body#0  ?
  total: 0 matched / 1 bodies
",0,[],0,0,0,0,/home/arjaiswal/Polygeist/issues/aten_c_kernels/results/aten_scaled_modified_bessel_k0/debuf.mlir,1941,0,1,0,390.9728080034256,1,65592,0.1289062201976776,0,0,0,0,[],0,0,56,0.0,56
aten,aten_scaled_modified_bessel_k0,/home/arjaiswal/Polygeist/issues/aten_c_kernels/results/aten_scaled_modified_bessel_k0/debuf.mlir,2d348b5ce4cb20de590948323d3e64c722e7bf001e944833f7509070e36b2c87,syntactic,3,ok,0,818.9170621335506,0,"[""/usr/bin/python3"", ""/home/arjaiswal/Polygeist/scripts/correctness/kernel_match_rewrite.py"", ""/home/arjaiswal/Polygeist/issues/aten_c_kernels/results/aten_scaled_modified_bessel_k0/debuf.mlir"", ""--dry-run"", ""--matcher-mode"", ""syntactic"", ""--telemetry-json"", ""/home/arjaiswal/Polygeist/issues/equality_saturation_eval/campaign_20260908/aten-aten_scaled_modified_bessel_k0-syntactic-9kicdeit.json"", ""--disable-semantic-fallback""]","== match report for /home/arjaiswal/Polygeist/issues/aten_c_kernels/results/aten_scaled_modified_bessel_k0/debuf.mlir ==
  no_match       body#0  ?
  total: 0 matched / 1 bodies
",0,[],0,0,0,0,/home/arjaiswal/Polygeist/issues/aten_c_kernels/results/aten_scaled_modified_bessel_k0/debuf.mlir,1941,0,1,0,401.2131318449974,1,65612,0.1309216022491455,0,0,0,0,[],0,0,56,0.0,56
aten,aten_scaled_modified_bessel_k0,/home/arjaiswal/Polygeist/issues/aten_c_kernels/results/aten_scaled_modified_bessel_k0/debuf.mlir,2d348b5ce4cb20de590948323d3e64c722e7bf001e944833f7509070e36b2c87,egglog,3,ok,0,858.3796061575413,0,"[""/usr/bin/python3"", ""/home/arjaiswal/Polygeist/scripts/correctness/kernel_match_rewrite.py"", ""/home/arjaiswal/Polygeist/issues/aten_c_kernels/results/aten_scaled_modified_bessel_k0/debuf.mlir"", ""--dry-run"", ""--matcher-mode"", ""egglog"", ""--telemetry-json"", ""/home/arjaiswal/Polygeist/issues/equality_saturation_eval/campaign_20260908/aten-aten_scaled_modified_bessel_k0-egglog-rp2atkfx.json"", ""--disable-semantic-fallback""]","== match report for /home/arjaiswal/Polygeist/issues/aten_c_kernels/results/aten_scaled_modified_bessel_k0/debuf.mlir ==
  no_match       body#0  ?
  total: 0 matched / 1 bodies
",0,[],0,0,0,0,/home/arjaiswal/Polygeist/issues/aten_c_kernels/results/aten_scaled_modified_bessel_k0/debuf.mlir,1941,8,1,0,404.866736382246,1,65988,0.0,0,0,0,0,[],0,0,0,0.0,56
aten,aten_scaled_modified_bessel_k0,/home/arjaiswal/Polygeist/issues/aten_c_kernels/results/aten_scaled_modified_bessel_k0/debuf.mlir,2d348b5ce4cb20de590948323d3e64c722e7bf001e944833f7509070e36b2c87,egglog,4,ok,0,827.9340974986553,0,"[""/usr/bin/python3"", ""/home/arjaiswal/Polygeist/scripts/correctness/kernel_match_rewrite.py"", ""/home/arjaiswal/Polygeist/issues/aten_c_kernels/results/aten_scaled_modified_bessel_k0/debuf.mlir"", ""--dry-run"", ""--matcher-mode"", ""egglog"", ""--telemetry-json"", ""/home/arjaiswal/Polygeist/issues/equality_saturation_eval/campaign_20260908/aten-aten_scaled_modified_bessel_k0-egglog-13ortvjh.json"", ""--disable-semantic-fallback""]","== match report for /home/arjaiswal/Polygeist/issues/aten_c_kernels/results/aten_scaled_modified_bessel_k0/debuf.mlir ==
  no_match       body#0  ?
  total: 0 matched / 1 bodies
",0,[],0,0,0,0,/home/arjaiswal/Polygeist/issues/aten_c_kernels/results/aten_scaled_modified_bessel_k0/debuf.mlir,1941,8,1,0,406.6115617752075,1,65740,0.0,0,0,0,0,[],0,0,0,0.0,56
aten,aten_scaled_modified_bessel_k0,/home/arjaiswal/Polygeist/issues/aten_c_kernels/results/aten_scaled_modified_bessel_k0/debuf.mlir,2d348b5ce4cb20de590948323d3e64c722e7bf001e944833f7509070e36b2c87,syntactic,4,ok,0,854.54311221838,0,"[""/usr/bin/python3"", ""/home/arjaiswal/Polygeist/scripts/correctness/kernel_match_rewrite.py"", ""/home/arjaiswal/Polygeist/issues/aten_c_kernels/results/aten_scaled_modified_bessel_k0/debuf.mlir"", ""--dry-run"", ""--matcher-mode"", ""syntactic"", ""--telemetry-json"", ""/home/arjaiswal/Polygeist/issues/equality_saturation_eval/campaign_20260908/aten-aten_scaled_modified_bessel_k0-syntactic-vwdchk3u.json"", ""--disable-semantic-fallback""]","== match report for /home/arjaiswal/Polygeist/issues/aten_c_kernels/results/aten_scaled_modified_bessel_k0/debuf.mlir ==
  no_match       body#0  ?
  total: 0 matched / 1 bodies
",0,[],0,0,0,0,/home/arjaiswal/Polygeist/issues/aten_c_kernels/results/aten_scaled_modified_bessel_k0/debuf.mlir,1941,0,1,0,426.8931522965431,1,65508,0.14094635844230652,0,0,0,0,[],0,0,56,0.0,56
aten,aten_scaled_modified_bessel_k0,/home/arjaiswal/Polygeist/issues/aten_c_kernels/results/aten_scaled_modified_bessel_k0/debuf.mlir,2d348b5ce4cb20de590948323d3e64c722e7bf001e944833f7509070e36b2c87,syntactic,5,ok,0,815.8455826342106,0,"[""/usr/bin/python3"", ""/home/arjaiswal/Polygeist/scripts/correctness/kernel_match_rewrite.py"", ""/home/arjaiswal/Polygeist/issues/aten_c_kernels/results/aten_scaled_modified_bessel_k0/debuf.mlir"", ""--dry-run"", ""--matcher-mode"", ""syntactic"", ""--telemetry-json"", ""/home/arjaiswal/Polygeist/issues/equality_saturation_eval/campaign_20260908/aten-aten_scaled_modified_bessel_k0-syntactic-uy7m946d.json"", ""--disable-semantic-fallback""]","== match report for /home/arjaiswal/Polygeist/issues/aten_c_kernels/results/aten_scaled_modified_bessel_k0/debuf.mlir ==
  no_match       body#0  ?
  total: 0 matched / 1 bodies
",0,[],0,0,0,0,/home/arjaiswal/Polygeist/issues/aten_c_kernels/results/aten_scaled_modified_bessel_k0/debuf.mlir,1941,0,1,0,397.6944796741009,1,65644,0.1307949423789978,0,0,0,0,[],0,0,56,0.0,56
aten,aten_scaled_modified_bessel_k0,/home/arjaiswal/Polygeist/issues/aten_c_kernels/results/aten_scaled_modified_bessel_k0/debuf.mlir,2d348b5ce4cb20de590948323d3e64c722e7bf001e944833f7509070e36b2c87,egglog,5,ok,0,800.710879266262,0,"[""/usr/bin/python3"", ""/home/arjaiswal/Polygeist/scripts/correctness/kernel_match_rewrite.py"", ""/home/arjaiswal/Polygeist/issues/aten_c_kernels/results/aten_scaled_modified_bessel_k0/debuf.mlir"", ""--dry-run"", ""--matcher-mode"", ""egglog"", ""--telemetry-json"", ""/home/arjaiswal/Polygeist/issues/equality_saturation_eval/campaign_20260908/aten-aten_scaled_modified_bessel_k0-egglog-7ry22mt0.json"", ""--disable-semantic-fallback""]","== match report for /home/arjaiswal/Polygeist/issues/aten_c_kernels/results/aten_scaled_modified_bessel_k0/debuf.mlir ==
  no_match       body#0  ?
  total: 0 matched / 1 bodies
",0,[],0,0,0,0,/home/arjaiswal/Polygeist/issues/aten_c_kernels/results/aten_scaled_modified_bessel_k0/debuf.mlir,1941,8,1,0,390.14148712158203,1,65800,0.0,0,0,0,0,[],0,0,0,0.0,56
aten,aten_scaled_modified_bessel_k1,/home/arjaiswal/Polygeist/issues/aten_c_kernels/results/aten_scaled_modified_bessel_k1/debuf.mlir,b60b5db1c75b4b9951def6eb21c079298d6c9f7801d1835799e0be3ad27d929e,egglog,1,ok,0,795.0546070933342,0,"[""/usr/bin/python3"", ""/home/arjaiswal/Polygeist/scripts/correctness/kernel_match_rewrite.py"", ""/home/arjaiswal/Polygeist/issues/aten_c_kernels/results/aten_scaled_modified_bessel_k1/debuf.mlir"", ""--dry-run"", ""--matcher-mode"", ""egglog"", ""--telemetry-json"", ""/home/arjaiswal/Polygeist/issues/equality_saturation_eval/campaign_20260908/aten-aten_scaled_modified_bessel_k1-egglog-ibix9ofy.json"", ""--disable-semantic-fallback""]","== match report for /home/arjaiswal/Polygeist/issues/aten_c_kernels/results/aten_scaled_modified_bessel_k1/debuf.mlir ==
  no_match       body#0  ?
  total: 0 matched / 1 bodies
",0,[],0,0,0,0,/home/arjaiswal/Polygeist/issues/aten_c_kernels/results/aten_scaled_modified_bessel_k1/debuf.mlir,1941,8,1,0,393.04136112332344,1,65544,0.0,0,0,0,0,[],0,0,0,0.0,56
aten,aten_scaled_modified_bessel_k1,/home/arjaiswal/Polygeist/issues/aten_c_kernels/results/aten_scaled_modified_bessel_k1/debuf.mlir,b60b5db1c75b4b9951def6eb21c079298d6c9f7801d1835799e0be3ad27d929e,syntactic,1,ok,0,845.6850796937943,0,"[""/usr/bin/python3"", ""/home/arjaiswal/Polygeist/scripts/correctness/kernel_match_rewrite.py"", ""/home/arjaiswal/Polygeist/issues/aten_c_kernels/results/aten_scaled_modified_bessel_k1/debuf.mlir"", ""--dry-run"", ""--matcher-mode"", ""syntactic"", ""--telemetry-json"", ""/home/arjaiswal/Polygeist/issues/equality_saturation_eval/campaign_20260908/aten-aten_scaled_modified_bessel_k1-syntactic-_14ax0_y.json"", ""--disable-semantic-fallback""]","== match report for /home/arjaiswal/Polygeist/issues/aten_c_kernels/results/aten_scaled_modified_bessel_k1/debuf.mlir ==
  no_match       body#0  ?
  total: 0 matched / 1 bodies
",0,[],0,0,0,0,/home/arjaiswal/Polygeist/issues/aten_c_kernels/results/aten_scaled_modified_bessel_k1/debuf.mlir,1941,0,1,0,412.3378060758114,1,65620,0.1307353377342224,0,0,0,0,[],0,0,56,0.0,56
aten,aten_scaled_modified_bessel_k1,/home/arjaiswal/Polygeist/issues/aten_c_kernels/results/aten_scaled_modified_bessel_k1/debuf.mlir,b60b5db1c75b4b9951def6eb21c079298d6c9f7801d1835799e0be3ad27d929e,syntactic,2,ok,0,825.7189616560936,0,"[""/usr/bin/python3"", ""/home/arjaiswal/Polygeist/scripts/correctness/kernel_match_rewrite.py"", ""/home/arjaiswal/Polygeist/issues/aten_c_kernels/results/aten_scaled_modified_bessel_k1/debuf.mlir"", ""--dry-run"", ""--matcher-mode"", ""syntactic"", ""--telemetry-json"", ""/home/arjaiswal/Polygeist/issues/equality_saturation_eval/campaign_20260908/aten-aten_scaled_modified_bessel_k1-syntactic-b5strivh.json"", ""--disable-semantic-fallback""]","== match report for /home/arjaiswal/Polygeist/issues/aten_c_kernels/results/aten_scaled_modified_bessel_k1/debuf.mlir ==
  no_match       body#0  ?
  total: 0 matched / 1 bodies
",0,[],0,0,0,0,/home/arjaiswal/Polygeist/issues/aten_c_kernels/results/aten_scaled_modified_bessel_k1/debuf.mlir,1941,0,1,0,396.13932743668556,1,65612,0.13103708624839783,0,0,0,0,[],0,0,56,0.0,56
aten,aten_scaled_modified_bessel_k1,/home/arjaiswal/Polygeist/issues/aten_c_kernels/results/aten_scaled_modified_bessel_k1/debuf.mlir,b60b5db1c75b4b9951def6eb21c079298d6c9f7801d1835799e0be3ad27d929e,egglog,2,ok,0,809.8643906414509,0,"[""/usr/bin/python3"", ""/home/arjaiswal/Polygeist/scripts/correctness/kernel_match_rewrite.py"", ""/home/arjaiswal/Polygeist/issues/aten_c_kernels/results/aten_scaled_modified_bessel_k1/debuf.mlir"", ""--dry-run"", ""--matcher-mode"", ""egglog"", ""--telemetry-json"", ""/home/arjaiswal/Polygeist/issues/equality_saturation_eval/campaign_20260908/aten-aten_scaled_modified_bessel_k1-egglog-gfi1y1in.json"", ""--disable-semantic-fallback""]","== match report for /home/arjaiswal/Polygeist/issues/aten_c_kernels/results/aten_scaled_modified_bessel_k1/debuf.mlir ==
  no_match       body#0  ?
  total: 0 matched / 1 bodies
",0,[],0,0,0,0,/home/arjaiswal/Polygeist/issues/aten_c_kernels/results/aten_scaled_modified_bessel_k1/debuf.mlir,1941,8,1,0,397.4226675927639,1,65952,0.0,0,0,0,0,[],0,0,0,0.0,56
aten,aten_scaled_modified_bessel_k1,/home/arjaiswal/Polygeist/issues/aten_c_kernels/results/aten_scaled_modified_bessel_k1/debuf.mlir,b60b5db1c75b4b9951def6eb21c079298d6c9f7801d1835799e0be3ad27d929e,egglog,3,ok,0,813.7313686311245,0,"[""/usr/bin/python3"", ""/home/arjaiswal/Polygeist/scripts/correctness/kernel_match_rewrite.py"", ""/home/arjaiswal/Polygeist/issues/aten_c_kernels/results/aten_scaled_modified_bessel_k1/debuf.mlir"", ""--dry-run"", ""--matcher-mode"", ""egglog"", ""--telemetry-json"", ""/home/arjaiswal/Polygeist/issues/equality_saturation_eval/campaign_20260908/aten-aten_scaled_modified_bessel_k1-egglog-acfcrrb5.json"", ""--disable-semantic-fallback""]","== match report for /home/arjaiswal/Polygeist/issues/aten_c_kernels/results/aten_scaled_modified_bessel_k1/debuf.mlir ==
  no_match       body#0  ?
  total: 0 matched / 1 bodies
",0,[],0,0,0,0,/home/arjaiswal/Polygeist/issues/aten_c_kernels/results/aten_scaled_modified_bessel_k1/debuf.mlir,1941,8,1,0,403.98886799812317,1,66116,0.0,0,0,0,0,[],0,0,0,0.0,56
aten,aten_scaled_modified_bessel_k1,/home/arjaiswal/Polygeist/issues/aten_c_kernels/results/aten_scaled_modified_bessel_k1/debuf.mlir,b60b5db1c75b4b9951def6eb21c079298d6c9f7801d1835799e0be3ad27d929e,syntactic,3,ok,0,829.8897817730904,0,"[""/usr/bin/python3"", ""/home/arjaiswal/Polygeist/scripts/correctness/kernel_match_rewrite.py"", ""/home/arjaiswal/Polygeist/issues/aten_c_kernels/results/aten_scaled_modified_bessel_k1/debuf.mlir"", ""--dry-run"", ""--matcher-mode"", ""syntactic"", ""--telemetry-json"", ""/home/arjaiswal/Polygeist/issues/equality_saturation_eval/campaign_20260908/aten-aten_scaled_modified_bessel_k1-syntactic-fa54ln6a.json"", ""--disable-semantic-fallback""]","== match report for /home/arjaiswal/Polygeist/issues/aten_c_kernels/results/aten_scaled_modified_bessel_k1/debuf.mlir ==
  no_match       body#0  ?
  total: 0 matched / 1 bodies
",0,[],0,0,0,0,/home/arjaiswal/Polygeist/issues/aten_c_kernels/results/aten_scaled_modified_bessel_k1/debuf.mlir,1941,0,1,0,399.0144692361355,1,65648,0.1365281641483307,0,0,0,0,[],0,0,56,0.0,56
aten,aten_scaled_modified_bessel_k1,/home/arjaiswal/Polygeist/issues/aten_c_kernels/results/aten_scaled_modified_bessel_k1/debuf.mlir,b60b5db1c75b4b9951def6eb21c079298d6c9f7801d1835799e0be3ad27d929e,syntactic,4,ok,0,805.9220984578133,0,"[""/usr/bin/python3"", ""/home/arjaiswal/Polygeist/scripts/correctness/kernel_match_rewrite.py"", ""/home/arjaiswal/Polygeist/issues/aten_c_kernels/results/aten_scaled_modified_bessel_k1/debuf.mlir"", ""--dry-run"", ""--matcher-mode"", ""syntactic"", ""--telemetry-json"", ""/home/arjaiswal/Polygeist/issues/equality_saturation_eval/campaign_20260908/aten-aten_scaled_modified_bessel_k1-syntactic-k90itpoa.json"", ""--disable-semantic-fallback""]","== match report for /home/arjaiswal/Polygeist/issues/aten_c_kernels/results/aten_scaled_modified_bessel_k1/debuf.mlir ==
  no_match       body#0  ?
  total: 0 matched / 1 bodies
",0,[],0,0,0,0,/home/arjaiswal/Polygeist/issues/aten_c_kernels/results/aten_scaled_modified_bessel_k1/debuf.mlir,1941,0,1,0,379.2707994580269,1,65620,0.11588633060455322,0,0,0,0,[],0,0,56,0.0,56
aten,aten_scaled_modified_bessel_k1,/home/arjaiswal/Polygeist/issues/aten_c_kernels/results/aten_scaled_modified_bessel_k1/debuf.mlir,b60b5db1c75b4b9951def6eb21c079298d6c9f7801d1835799e0be3ad27d929e,egglog,4,ok,0,868.6194121837616,0,"[""/usr/bin/python3"", ""/home/arjaiswal/Polygeist/scripts/correctness/kernel_match_rewrite.py"", ""/home/arjaiswal/Polygeist/issues/aten_c_kernels/results/aten_scaled_modified_bessel_k1/debuf.mlir"", ""--dry-run"", ""--matcher-mode"", ""egglog"", ""--telemetry-json"", ""/home/arjaiswal/Polygeist/issues/equality_saturation_eval/campaign_20260908/aten-aten_scaled_modified_bessel_k1-egglog-fuqjnww1.json"", ""--disable-semantic-fallback""]","== match report for /home/arjaiswal/Polygeist/issues/aten_c_kernels/results/aten_scaled_modified_bessel_k1/debuf.mlir ==
  no_match       body#0  ?
  total: 0 matched / 1 bodies
",0,[],0,0,0,0,/home/arjaiswal/Polygeist/issues/aten_c_kernels/results/aten_scaled_modified_bessel_k1/debuf.mlir,1941,8,1,0,427.004549652338,1,65920,0.0,0,0,0,0,[],0,0,0,0.0,56
aten,aten_scaled_modified_bessel_k1,/home/arjaiswal/Polygeist/issues/aten_c_kernels/results/aten_scaled_modified_bessel_k1/debuf.mlir,b60b5db1c75b4b9951def6eb21c079298d6c9f7801d1835799e0be3ad27d929e,egglog,5,ok,0,827.2432908415794,0,"[""/usr/bin/python3"", ""/home/arjaiswal/Polygeist/scripts/correctness/kernel_match_rewrite.py"", ""/home/arjaiswal/Polygeist/issues/aten_c_kernels/results/aten_scaled_modified_bessel_k1/debuf.mlir"", ""--dry-run"", ""--matcher-mode"", ""egglog"", ""--telemetry-json"", ""/home/arjaiswal/Polygeist/issues/equality_saturation_eval/campaign_20260908/aten-aten_scaled_modified_bessel_k1-egglog-xik_zy4q.json"", ""--disable-semantic-fallback""]","== match report for /home/arjaiswal/Polygeist/issues/aten_c_kernels/results/aten_scaled_modified_bessel_k1/debuf.mlir ==
  no_match       body#0  ?
  total: 0 matched / 1 bodies
",0,[],0,0,0,0,/home/arjaiswal/Polygeist/issues/aten_c_kernels/results/aten_scaled_modified_bessel_k1/debuf.mlir,1941,8,1,0,397.23969623446465,1,65736,0.0,0,0,0,0,[],0,0,0,0.0,56
aten,aten_scaled_modified_bessel_k1,/home/arjaiswal/Polygeist/issues/aten_c_kernels/results/aten_scaled_modified_bessel_k1/debuf.mlir,b60b5db1c75b4b9951def6eb21c079298d6c9f7801d1835799e0be3ad27d929e,syntactic,5,ok,0,873.394176363945,0,"[""/usr/bin/python3"", ""/home/arjaiswal/Polygeist/scripts/correctness/kernel_match_rewrite.py"", ""/home/arjaiswal/Polygeist/issues/aten_c_kernels/results/aten_scaled_modified_bessel_k1/debuf.mlir"", ""--dry-run"", ""--matcher-mode"", ""syntactic"", ""--telemetry-json"", ""/home/arjaiswal/Polygeist/issues/equality_saturation_eval/campaign_20260908/aten-aten_scaled_modified_bessel_k1-syntactic-nqb5369h.json"", ""--disable-semantic-fallback""]","== match report for /home/arjaiswal/Polygeist/issues/aten_c_kernels/results/aten_scaled_modified_bessel_k1/debuf.mlir ==
  no_match       body#0  ?
  total: 0 matched / 1 bodies
",0,[],0,0,0,0,/home/arjaiswal/Polygeist/issues/aten_c_kernels/results/aten_scaled_modified_bessel_k1/debuf.mlir,1941,0,1,0,391.56366884708405,1,65580,0.12648478150367737,0,0,0,0,[],0,0,56,0.0,56
aten,aten_scatter_add_cpu,/home/arjaiswal/Polygeist/issues/aten_c_kernels/results/aten_scatter_add_cpu/debuf.mlir,5825ebbf2a8e6673cc0f8ebe669f15a2325c05730e5bbe08a8f894c494201df6,syntactic,1,ok,0,676.5594892203808,0,"[""/usr/bin/python3"", ""/home/arjaiswal/Polygeist/scripts/correctness/kernel_match_rewrite.py"", ""/home/arjaiswal/Polygeist/issues/aten_c_kernels/results/aten_scatter_add_cpu/debuf.mlir"", ""--dry-run"", ""--matcher-mode"", ""syntactic"", ""--telemetry-json"", ""/home/arjaiswal/Polygeist/issues/equality_saturation_eval/campaign_20260908/aten-aten_scatter_add_cpu-syntactic-behy_hni.json"", ""--disable-semantic-fallback""]","== match report for /home/arjaiswal/Polygeist/issues/aten_c_kernels/results/aten_scatter_add_cpu/debuf.mlir ==
  total: 0 matched / 0 bodies
",0,[],0,0,0,0,/home/arjaiswal/Polygeist/issues/aten_c_kernels/results/aten_scatter_add_cpu/debuf.mlir,2262,0,0,0,252.00878456234932,0,64748,0.0,0,0,0,0,[],0,0,0,0.0,0
aten,aten_scatter_add_cpu,/home/arjaiswal/Polygeist/issues/aten_c_kernels/results/aten_scatter_add_cpu/debuf.mlir,5825ebbf2a8e6673cc0f8ebe669f15a2325c05730e5bbe08a8f894c494201df6,egglog,1,ok,0,729.3413877487183,0,"[""/usr/bin/python3"", ""/home/arjaiswal/Polygeist/scripts/correctness/kernel_match_rewrite.py"", ""/home/arjaiswal/Polygeist/issues/aten_c_kernels/results/aten_scatter_add_cpu/debuf.mlir"", ""--dry-run"", ""--matcher-mode"", ""egglog"", ""--telemetry-json"", ""/home/arjaiswal/Polygeist/issues/equality_saturation_eval/campaign_20260908/aten-aten_scatter_add_cpu-egglog-o2r1b6_l.json"", ""--disable-semantic-fallback""]","== match report for /home/arjaiswal/Polygeist/issues/aten_c_kernels/results/aten_scatter_add_cpu/debuf.mlir ==
  total: 0 matched / 0 bodies
",0,[],0,0,0,0,/home/arjaiswal/Polygeist/issues/aten_c_kernels/results/aten_scatter_add_cpu/debuf.mlir,2262,8,0,0,296.3292971253395,0,64892,0.0,0,0,0,0,[],0,0,0,0.0,0
aten,aten_scatter_add_cpu,/home/arjaiswal/Polygeist/issues/aten_c_kernels/results/aten_scatter_add_cpu/debuf.mlir,5825ebbf2a8e6673cc0f8ebe669f15a2325c05730e5bbe08a8f894c494201df6,egglog,2,ok,0,667.0747846364975,0,"[""/usr/bin/python3"", ""/home/arjaiswal/Polygeist/scripts/correctness/kernel_match_rewrite.py"", ""/home/arjaiswal/Polygeist/issues/aten_c_kernels/results/aten_scatter_add_cpu/debuf.mlir"", ""--dry-run"", ""--matcher-mode"", ""egglog"", ""--telemetry-json"", ""/home/arjaiswal/Polygeist/issues/equality_saturation_eval/campaign_20260908/aten-aten_scatter_add_cpu-egglog-2egu2z18.json"", ""--disable-semantic-fallback""]","== match report for /home/arjaiswal/Polygeist/issues/aten_c_kernels/results/aten_scatter_add_cpu/debuf.mlir ==
  total: 0 matched / 0 bodies
",0,[],0,0,0,0,/home/arjaiswal/Polygeist/issues/aten_c_kernels/results/aten_scatter_add_cpu/debuf.mlir,2262,8,0,0,252.83235684037209,0,64700,0.0,0,0,0,0,[],0,0,0,0.0,0
aten,aten_scatter_add_cpu,/home/arjaiswal/Polygeist/issues/aten_c_kernels/results/aten_scatter_add_cpu/debuf.mlir,5825ebbf2a8e6673cc0f8ebe669f15a2325c05730e5bbe08a8f894c494201df6,syntactic,2,ok,0,687.277790158987,0,"[""/usr/bin/python3"", ""/home/arjaiswal/Polygeist/scripts/correctness/kernel_match_rewrite.py"", ""/home/arjaiswal/Polygeist/issues/aten_c_kernels/results/aten_scatter_add_cpu/debuf.mlir"", ""--dry-run"", ""--matcher-mode"", ""syntactic"", ""--telemetry-json"", ""/home/arjaiswal/Polygeist/issues/equality_saturation_eval/campaign_20260908/aten-aten_scatter_add_cpu-syntactic-zetz878u.json"", ""--disable-semantic-fallback""]","== match report for /home/arjaiswal/Polygeist/issues/aten_c_kernels/results/aten_scatter_add_cpu/debuf.mlir ==
  total: 0 matched / 0 bodies
",0,[],0,0,0,0,/home/arjaiswal/Polygeist/issues/aten_c_kernels/results/aten_scatter_add_cpu/debuf.mlir,2262,0,0,0,261.3464295864105,0,64832,0.0,0,0,0,0,[],0,0,0,0.0,0
aten,aten_scatter_add_cpu,/home/arjaiswal/Polygeist/issues/aten_c_kernels/results/aten_scatter_add_cpu/debuf.mlir,5825ebbf2a8e6673cc0f8ebe669f15a2325c05730e5bbe08a8f894c494201df6,syntactic,3,ok,0,691.82313606143,0,"[""/usr/bin/python3"", ""/home/arjaiswal/Polygeist/scripts/correctness/kernel_match_rewrite.py"", ""/home/arjaiswal/Polygeist/issues/aten_c_kernels/results/aten_scatter_add_cpu/debuf.mlir"", ""--dry-run"", ""--matcher-mode"", ""syntactic"", ""--telemetry-json"", ""/home/arjaiswal/Polygeist/issues/equality_saturation_eval/campaign_20260908/aten-aten_scatter_add_cpu-syntactic-fn3t42j9.json"", ""--disable-semantic-fallback""]","== match report for /home/arjaiswal/Polygeist/issues/aten_c_kernels/results/aten_scatter_add_cpu/debuf.mlir ==
  total: 0 matched / 0 bodies
",0,[],0,0,0,0,/home/arjaiswal/Polygeist/issues/aten_c_kernels/results/aten_scatter_add_cpu/debuf.mlir,2262,0,0,0,259.0433172881603,0,64692,0.0,0,0,0,0,[],0,0,0,0.0,0
aten,aten_scatter_add_cpu,/home/arjaiswal/Polygeist/issues/aten_c_kernels/results/aten_scatter_add_cpu/debuf.mlir,5825ebbf2a8e6673cc0f8ebe669f15a2325c05730e5bbe08a8f894c494201df6,egglog,3,ok,0,674.7915260493755,0,"[""/usr/bin/python3"", ""/home/arjaiswal/Polygeist/scripts/correctness/kernel_match_rewrite.py"", ""/home/arjaiswal/Polygeist/issues/aten_c_kernels/results/aten_scatter_add_cpu/debuf.mlir"", ""--dry-run"", ""--matcher-mode"", ""egglog"", ""--telemetry-json"", ""/home/arjaiswal/Polygeist/issues/equality_saturation_eval/campaign_20260908/aten-aten_scatter_add_cpu-egglog-3g1_u6s7.json"", ""--disable-semantic-fallback""]","== match report for /home/arjaiswal/Polygeist/issues/aten_c_kernels/results/aten_scatter_add_cpu/debuf.mlir ==
  total: 0 matched / 0 bodies
",0,[],0,0,0,0,/home/arjaiswal/Polygeist/issues/aten_c_kernels/results/aten_scatter_add_cpu/debuf.mlir,2262,8,0,0,256.29230588674545,0,64652,0.0,0,0,0,0,[],0,0,0,0.0,0
aten,aten_scatter_add_cpu,/home/arjaiswal/Polygeist/issues/aten_c_kernels/results/aten_scatter_add_cpu/debuf.mlir,5825ebbf2a8e6673cc0f8ebe669f15a2325c05730e5bbe08a8f894c494201df6,egglog,4,ok,0,693.9244344830513,0,"[""/usr/bin/python3"", ""/home/arjaiswal/Polygeist/scripts/correctness/kernel_match_rewrite.py"", ""/home/arjaiswal/Polygeist/issues/aten_c_kernels/results/aten_scatter_add_cpu/debuf.mlir"", ""--dry-run"", ""--matcher-mode"", ""egglog"", ""--telemetry-json"", ""/home/arjaiswal/Polygeist/issues/equality_saturation_eval/campaign_20260908/aten-aten_scatter_add_cpu-egglog-tfoihybt.json"", ""--disable-semantic-fallback""]","== match report for /home/arjaiswal/Polygeist/issues/aten_c_kernels/results/aten_scatter_add_cpu/debuf.mlir ==
  total: 0 matched / 0 bodies
",0,[],0,0,0,0,/home/arjaiswal/Polygeist/issues/aten_c_kernels/results/aten_scatter_add_cpu/debuf.mlir,2262,8,0,0,263.33798095583916,0,64480,0.0,0,0,0,0,[],0,0,0,0.0,0
aten,aten_scatter_add_cpu,/home/arjaiswal/Polygeist/issues/aten_c_kernels/results/aten_scatter_add_cpu/debuf.mlir,5825ebbf2a8e6673cc0f8ebe669f15a2325c05730e5bbe08a8f894c494201df6,syntactic,4,ok,0,673.4818927943707,0,"[""/usr/bin/python3"", ""/home/arjaiswal/Polygeist/scripts/correctness/kernel_match_rewrite.py"", ""/home/arjaiswal/Polygeist/issues/aten_c_kernels/results/aten_scatter_add_cpu/debuf.mlir"", ""--dry-run"", ""--matcher-mode"", ""syntactic"", ""--telemetry-json"", ""/home/arjaiswal/Polygeist/issues/equality_saturation_eval/campaign_20260908/aten-aten_scatter_add_cpu-syntactic-zuc_qmo0.json"", ""--disable-semantic-fallback""]","== match report for /home/arjaiswal/Polygeist/issues/aten_c_kernels/results/aten_scatter_add_cpu/debuf.mlir ==
  total: 0 matched / 0 bodies
",0,[],0,0,0,0,/home/arjaiswal/Polygeist/issues/aten_c_kernels/results/aten_scatter_add_cpu/debuf.mlir,2262,0,0,0,252.88503244519234,0,64788,0.0,0,0,0,0,[],0,0,0,0.0,0
aten,aten_scatter_add_cpu,/home/arjaiswal/Polygeist/issues/aten_c_kernels/results/aten_scatter_add_cpu/debuf.mlir,5825ebbf2a8e6673cc0f8ebe669f15a2325c05730e5bbe08a8f894c494201df6,syntactic,5,ok,0,674.080953001976,0,"[""/usr/bin/python3"", ""/home/arjaiswal/Polygeist/scripts/correctness/kernel_match_rewrite.py"", ""/home/arjaiswal/Polygeist/issues/aten_c_kernels/results/aten_scatter_add_cpu/debuf.mlir"", ""--dry-run"", ""--matcher-mode"", ""syntactic"", ""--telemetry-json"", ""/home/arjaiswal/Polygeist/issues/equality_saturation_eval/campaign_20260908/aten-aten_scatter_add_cpu-syntactic-qllaca1c.json"", ""--disable-semantic-fallback""]","== match report for /home/arjaiswal/Polygeist/issues/aten_c_kernels/results/aten_scatter_add_cpu/debuf.mlir ==
  total: 0 matched / 0 bodies
",0,[],0,0,0,0,/home/arjaiswal/Polygeist/issues/aten_c_kernels/results/aten_scatter_add_cpu/debuf.mlir,2262,0,0,0,251.92252174019814,0,64988,0.0,0,0,0,0,[],0,0,0,0.0,0
aten,aten_scatter_add_cpu,/home/arjaiswal/Polygeist/issues/aten_c_kernels/results/aten_scatter_add_cpu/debuf.mlir,5825ebbf2a8e6673cc0f8ebe669f15a2325c05730e5bbe08a8f894c494201df6,egglog,5,ok,0,735.7127368450165,0,"[""/usr/bin/python3"", ""/home/arjaiswal/Polygeist/scripts/correctness/kernel_match_rewrite.py"", ""/home/arjaiswal/Polygeist/issues/aten_c_kernels/results/aten_scatter_add_cpu/debuf.mlir"", ""--dry-run"", ""--matcher-mode"", ""egglog"", ""--telemetry-json"", ""/home/arjaiswal/Polygeist/issues/equality_saturation_eval/campaign_20260908/aten-aten_scatter_add_cpu-egglog-qsio0f3i.json"", ""--disable-semantic-fallback""]","== match report for /home/arjaiswal/Polygeist/issues/aten_c_kernels/results/aten_scatter_add_cpu/debuf.mlir ==
  total: 0 matched / 0 bodies
",0,[],0,0,0,0,/home/arjaiswal/Polygeist/issues/aten_c_kernels/results/aten_scatter_add_cpu/debuf.mlir,2262,8,0,0,301.75476148724556,0,64636,0.0,0,0,0,0,[],0,0,0,0.0,0
aten,aten_scatter_add_expanded_index_cpu,/home/arjaiswal/Polygeist/issues/aten_c_kernels/results/aten_scatter_add_expanded_index_cpu/debuf.mlir,019e77eb20f3ed6f40ec983b0123a2e5cc6c8d24407a68f5c13e287b4cc5ce4d,egglog,1,ok,0,746.2974227964878,0,"[""/usr/bin/python3"", ""/home/arjaiswal/Polygeist/scripts/correctness/kernel_match_rewrite.py"", ""/home/arjaiswal/Polygeist/issues/aten_c_kernels/results/aten_scatter_add_expanded_index_cpu/debuf.mlir"", ""--dry-run"", ""--matcher-mode"", ""egglog"", ""--telemetry-json"", ""/home/arjaiswal/Polygeist/issues/equality_saturation_eval/campaign_20260908/aten-aten_scatter_add_expanded_index_cpu-egglog-fkcfeudi.json"", ""--disable-semantic-fallback""]","== match report for /home/arjaiswal/Polygeist/issues/aten_c_kernels/results/aten_scatter_add_expanded_index_cpu/debuf.mlir ==
  total: 0 matched / 0 bodies
",0,[],0,0,0,0,/home/arjaiswal/Polygeist/issues/aten_c_kernels/results/aten_scatter_add_expanded_index_cpu/debuf.mlir,2277,8,0,0,267.57632941007614,0,64660,0.0,0,0,0,0,[],0,0,0,0.0,0
aten,aten_scatter_add_expanded_index_cpu,/home/arjaiswal/Polygeist/issues/aten_c_kernels/results/aten_scatter_add_expanded_index_cpu/debuf.mlir,019e77eb20f3ed6f40ec983b0123a2e5cc6c8d24407a68f5c13e287b4cc5ce4d,syntactic,1,ok,0,671.2409406900406,0,"[""/usr/bin/python3"", ""/home/arjaiswal/Polygeist/scripts/correctness/kernel_match_rewrite.py"", ""/home/arjaiswal/Polygeist/issues/aten_c_kernels/results/aten_scatter_add_expanded_index_cpu/debuf.mlir"", ""--dry-run"", ""--matcher-mode"", ""syntactic"", ""--telemetry-json"", ""/home/arjaiswal/Polygeist/issues/equality_saturation_eval/campaign_20260908/aten-aten_scatter_add_expanded_index_cpu-syntactic-8kr70qrx.json"", ""--disable-semantic-fallback""]","== match report for /home/arjaiswal/Polygeist/issues/aten_c_kernels/results/aten_scatter_add_expanded_index_cpu/debuf.mlir ==
  total: 0 matched / 0 bodies
",0,[],0,0,0,0,/home/arjaiswal/Polygeist/issues/aten_c_kernels/results/aten_scatter_add_expanded_index_cpu/debuf.mlir,2277,0,0,0,260.9107978641987,0,64668,0.0,0,0,0,0,[],0,0,0,0.0,0
aten,aten_scatter_add_expanded_index_cpu,/home/arjaiswal/Polygeist/issues/aten_c_kernels/results/aten_scatter_add_expanded_index_cpu/debuf.mlir,019e77eb20f3ed6f40ec983b0123a2e5cc6c8d24407a68f5c13e287b4cc5ce4d,syntactic,2,ok,0,691.8698213994503,0,"[""/usr/bin/python3"", ""/home/arjaiswal/Polygeist/scripts/correctness/kernel_match_rewrite.py"", ""/home/arjaiswal/Polygeist/issues/aten_c_kernels/results/aten_scatter_add_expanded_index_cpu/debuf.mlir"", ""--dry-run"", ""--matcher-mode"", ""syntactic"", ""--telemetry-json"", ""/home/arjaiswal/Polygeist/issues/equality_saturation_eval/campaign_20260908/aten-aten_scatter_add_expanded_index_cpu-syntactic-inu9gykm.json"", ""--disable-semantic-fallback""]","== match report for /home/arjaiswal/Polygeist/issues/aten_c_kernels/results/aten_scatter_add_expanded_index_cpu/debuf.mlir ==
  total: 0 matched / 0 bodies
",0,[],0,0,0,0,/home/arjaiswal/Polygeist/issues/aten_c_kernels/results/aten_scatter_add_expanded_index_cpu/debuf.mlir,2277,0,0,0,264.10114392638206,0,64500,0.0,0,0,0,0,[],0,0,0,0.0,0
aten,aten_scatter_add_expanded_index_cpu,/home/arjaiswal/Polygeist/issues/aten_c_kernels/results/aten_scatter_add_expanded_index_cpu/debuf.mlir,019e77eb20f3ed6f40ec983b0123a2e5cc6c8d24407a68f5c13e287b4cc5ce4d,egglog,2,ok,0,727.6718653738499,0,"[""/usr/bin/python3"", ""/home/arjaiswal/Polygeist/scripts/correctness/kernel_match_rewrite.py"", ""/home/arjaiswal/Polygeist/issues/aten_c_kernels/results/aten_scatter_add_expanded_index_cpu/debuf.mlir"", ""--dry-run"", ""--matcher-mode"", ""egglog"", ""--telemetry-json"", ""/home/arjaiswal/Polygeist/issues/equality_saturation_eval/campaign_20260908/aten-aten_scatter_add_expanded_index_cpu-egglog-mgi2znc0.json"", ""--disable-semantic-fallback""]","== match report for /home/arjaiswal/Polygeist/issues/aten_c_kernels/results/aten_scatter_add_expanded_index_cpu/debuf.mlir ==
  total: 0 matched / 0 bodies
",0,[],0,0,0,0,/home/arjaiswal/Polygeist/issues/aten_c_kernels/results/aten_scatter_add_expanded_index_cpu/debuf.mlir,2277,8,0,0,279.7231301665306,0,64504,0.0,0,0,0,0,[],0,0,0,0.0,0
aten,aten_scatter_add_expanded_index_cpu,/home/arjaiswal/Polygeist/issues/aten_c_kernels/results/aten_scatter_add_expanded_index_cpu/debuf.mlir,019e77eb20f3ed6f40ec983b0123a2e5cc6c8d24407a68f5c13e287b4cc5ce4d,egglog,3,ok,0,687.0303638279438,0,"[""/usr/bin/python3"", ""/home/arjaiswal/Polygeist/scripts/correctness/kernel_match_rewrite.py"", ""/home/arjaiswal/Polygeist/issues/aten_c_kernels/results/aten_scatter_add_expanded_index_cpu/debuf.mlir"", ""--dry-run"", ""--matcher-mode"", ""egglog"", ""--telemetry-json"", ""/home/arjaiswal/Polygeist/issues/equality_saturation_eval/campaign_20260908/aten-aten_scatter_add_expanded_index_cpu-egglog-3rhc5mvt.json"", ""--disable-semantic-fallback""]","== match report for /home/arjaiswal/Polygeist/issues/aten_c_kernels/results/aten_scatter_add_expanded_index_cpu/debuf.mlir ==
  total: 0 matched / 0 bodies
",0,[],0,0,0,0,/home/arjaiswal/Polygeist/issues/aten_c_kernels/results/aten_scatter_add_expanded_index_cpu/debuf.mlir,2277,8,0,0,260.53789258003235,0,64352,0.0,0,0,0,0,[],0,0,0,0.0,0
aten,aten_scatter_add_expanded_index_cpu,/home/arjaiswal/Polygeist/issues/aten_c_kernels/results/aten_scatter_add_expanded_index_cpu/debuf.mlir,019e77eb20f3ed6f40ec983b0123a2e5cc6c8d24407a68f5c13e287b4cc5ce4d,syntactic,3,ok,0,686.6891197860241,0,"[""/usr/bin/python3"", ""/home/arjaiswal/Polygeist/scripts/correctness/kernel_match_rewrite.py"", ""/home/arjaiswal/Polygeist/issues/aten_c_kernels/results/aten_scatter_add_expanded_index_cpu/debuf.mlir"", ""--dry-run"", ""--matcher-mode"", ""syntactic"", ""--telemetry-json"", ""/home/arjaiswal/Polygeist/issues/equality_saturation_eval/campaign_20260908/aten-aten_scatter_add_expanded_index_cpu-syntactic-686pabdv.json"", ""--disable-semantic-fallback""]","== match report for /home/arjaiswal/Polygeist/issues/aten_c_kernels/results/aten_scatter_add_expanded_index_cpu/debuf.mlir ==
  total: 0 matched / 0 bodies
",0,[],0,0,0,0,/home/arjaiswal/Polygeist/issues/aten_c_kernels/results/aten_scatter_add_expanded_index_cpu/debuf.mlir,2277,0,0,0,252.4305172264576,0,64664,0.0,0,0,0,0,[],0,0,0,0.0,0
aten,aten_scatter_add_expanded_index_cpu,/home/arjaiswal/Polygeist/issues/aten_c_kernels/results/aten_scatter_add_expanded_index_cpu/debuf.mlir,019e77eb20f3ed6f40ec983b0123a2e5cc6c8d24407a68f5c13e287b4cc5ce4d,syntactic,4,ok,0,683.6139671504498,0,"[""/usr/bin/python3"", ""/home/arjaiswal/Polygeist/scripts/correctness/kernel_match_rewrite.py"", ""/home/arjaiswal/Polygeist/issues/aten_c_kernels/results/aten_scatter_add_expanded_index_cpu/debuf.mlir"", ""--dry-run"", ""--matcher-mode"", ""syntactic"", ""--telemetry-json"", ""/home/arjaiswal/Polygeist/issues/equality_saturation_eval/campaign_20260908/aten-aten_scatter_add_expanded_index_cpu-syntactic-yaimz8st.json"", ""--disable-semantic-fallback""]","== match report for /home/arjaiswal/Polygeist/issues/aten_c_kernels/results/aten_scatter_add_expanded_index_cpu/debuf.mlir ==
  total: 0 matched / 0 bodies
",0,[],0,0,0,0,/home/arjaiswal/Polygeist/issues/aten_c_kernels/results/aten_scatter_add_expanded_index_cpu/debuf.mlir,2277,0,0,0,255.5677443742752,0,64716,0.0,0,0,0,0,[],0,0,0,0.0,0
aten,aten_scatter_add_expanded_index_cpu,/home/arjaiswal/Polygeist/issues/aten_c_kernels/results/aten_scatter_add_expanded_index_cpu/debuf.mlir,019e77eb20f3ed6f40ec983b0123a2e5cc6c8d24407a68f5c13e287b4cc5ce4d,egglog,4,ok,0,678.4678623080254,0,"[""/usr/bin/python3"", ""/home/arjaiswal/Polygeist/scripts/correctness/kernel_match_rewrite.py"", ""/home/arjaiswal/Polygeist/issues/aten_c_kernels/results/aten_scatter_add_expanded_index_cpu/debuf.mlir"", ""--dry-run"", ""--matcher-mode"", ""egglog"", ""--telemetry-json"", ""/home/arjaiswal/Polygeist/issues/equality_saturation_eval/campaign_20260908/aten-aten_scatter_add_expanded_index_cpu-egglog-f2_3w_nm.json"", ""--disable-semantic-fallback""]","== match report for /home/arjaiswal/Polygeist/issues/aten_c_kernels/results/aten_scatter_add_expanded_index_cpu/debuf.mlir ==
  total: 0 matched / 0 bodies
",0,[],0,0,0,0,/home/arjaiswal/Polygeist/issues/aten_c_kernels/results/aten_scatter_add_expanded_index_cpu/debuf.mlir,2277,8,0,0,265.1529312133789,0,64684,0.0,0,0,0,0,[],0,0,0,0.0,0
aten,aten_scatter_add_expanded_index_cpu,/home/arjaiswal/Polygeist/issues/aten_c_kernels/results/aten_scatter_add_expanded_index_cpu/debuf.mlir,019e77eb20f3ed6f40ec983b0123a2e5cc6c8d24407a68f5c13e287b4cc5ce4d,egglog,5,ok,0,706.7732401192188,0,"[""/usr/bin/python3"", ""/home/arjaiswal/Polygeist/scripts/correctness/kernel_match_rewrite.py"", ""/home/arjaiswal/Polygeist/issues/aten_c_kernels/results/aten_scatter_add_expanded_index_cpu/debuf.mlir"", ""--dry-run"", ""--matcher-mode"", ""egglog"", ""--telemetry-json"", ""/home/arjaiswal/Polygeist/issues/equality_saturation_eval/campaign_20260908/aten-aten_scatter_add_expanded_index_cpu-egglog-o29q1ocp.json"", ""--disable-semantic-fallback""]","== match report for /home/arjaiswal/Polygeist/issues/aten_c_kernels/results/aten_scatter_add_expanded_index_cpu/debuf.mlir ==
  total: 0 matched / 0 bodies
",0,[],0,0,0,0,/home/arjaiswal/Polygeist/issues/aten_c_kernels/results/aten_scatter_add_expanded_index_cpu/debuf.mlir,2277,8,0,0,283.0248549580574,0,64864,0.0,0,0,0,0,[],0,0,0,0.0,0
aten,aten_scatter_add_expanded_index_cpu,/home/arjaiswal/Polygeist/issues/aten_c_kernels/results/aten_scatter_add_expanded_index_cpu/debuf.mlir,019e77eb20f3ed6f40ec983b0123a2e5cc6c8d24407a68f5c13e287b4cc5ce4d,syntactic,5,ok,0,715.8050425350666,0,"[""/usr/bin/python3"", ""/home/arjaiswal/Polygeist/scripts/correctness/kernel_match_rewrite.py"", ""/home/arjaiswal/Polygeist/issues/aten_c_kernels/results/aten_scatter_add_expanded_index_cpu/debuf.mlir"", ""--dry-run"", ""--matcher-mode"", ""syntactic"", ""--telemetry-json"", ""/home/arjaiswal/Polygeist/issues/equality_saturation_eval/campaign_20260908/aten-aten_scatter_add_expanded_index_cpu-syntactic-ton2xab0.json"", ""--disable-semantic-fallback""]","== match report for /home/arjaiswal/Polygeist/issues/aten_c_kernels/results/aten_scatter_add_expanded_index_cpu/debuf.mlir ==
  total: 0 matched / 0 bodies
",0,[],0,0,0,0,/home/arjaiswal/Polygeist/issues/aten_c_kernels/results/aten_scatter_add_expanded_index_cpu/debuf.mlir,2277,0,0,0,281.37822821736336,0,64320,0.0,0,0,0,0,[],0,0,0,0.0,0
aten,aten_scatter_cpu,/home/arjaiswal/Polygeist/issues/aten_c_kernels/results/aten_scatter_cpu/debuf.mlir,b7f84cc3e2f6446484cc25cf3da62da27aa3dddba86ae02fddef6e3d395edd8c,syntactic,1,ok,0,715.8255316317081,0,"[""/usr/bin/python3"", ""/home/arjaiswal/Polygeist/scripts/correctness/kernel_match_rewrite.py"", ""/home/arjaiswal/Polygeist/issues/aten_c_kernels/results/aten_scatter_cpu/debuf.mlir"", ""--dry-run"", ""--matcher-mode"", ""syntactic"", ""--telemetry-json"", ""/home/arjaiswal/Polygeist/issues/equality_saturation_eval/campaign_20260908/aten-aten_scatter_cpu-syntactic-2t9ei0il.json"", ""--disable-semantic-fallback""]","== match report for /home/arjaiswal/Polygeist/issues/aten_c_kernels/results/aten_scatter_cpu/debuf.mlir ==
  total: 0 matched / 0 bodies
",0,[],0,0,0,0,/home/arjaiswal/Polygeist/issues/aten_c_kernels/results/aten_scatter_cpu/debuf.mlir,2136,0,0,0,285.7557572424412,0,64848,0.0,0,0,0,0,[],0,0,0,0.0,0
aten,aten_scatter_cpu,/home/arjaiswal/Polygeist/issues/aten_c_kernels/results/aten_scatter_cpu/debuf.mlir,b7f84cc3e2f6446484cc25cf3da62da27aa3dddba86ae02fddef6e3d395edd8c,egglog,1,ok,0,701.1703886091709,0,"[""/usr/bin/python3"", ""/home/arjaiswal/Polygeist/scripts/correctness/kernel_match_rewrite.py"", ""/home/arjaiswal/Polygeist/issues/aten_c_kernels/results/aten_scatter_cpu/debuf.mlir"", ""--dry-run"", ""--matcher-mode"", ""egglog"", ""--telemetry-json"", ""/home/arjaiswal/Polygeist/issues/equality_saturation_eval/campaign_20260908/aten-aten_scatter_cpu-egglog-kh5z5z3m.json"", ""--disable-semantic-fallback""]","== match report for /home/arjaiswal/Polygeist/issues/aten_c_kernels/results/aten_scatter_cpu/debuf.mlir ==
  total: 0 matched / 0 bodies
",0,[],0,0,0,0,/home/arjaiswal/Polygeist/issues/aten_c_kernels/results/aten_scatter_cpu/debuf.mlir,2136,8,0,0,268.54968070983887,0,64676,0.0,0,0,0,0,[],0,0,0,0.0,0
aten,aten_scatter_cpu,/home/arjaiswal/Polygeist/issues/aten_c_kernels/results/aten_scatter_cpu/debuf.mlir,b7f84cc3e2f6446484cc25cf3da62da27aa3dddba86ae02fddef6e3d395edd8c,egglog,2,ok,0,653.9992652833462,0,"[""/usr/bin/python3"", ""/home/arjaiswal/Polygeist/scripts/correctness/kernel_match_rewrite.py"", ""/home/arjaiswal/Polygeist/issues/aten_c_kernels/results/aten_scatter_cpu/debuf.mlir"", ""--dry-run"", ""--matcher-mode"", ""egglog"", ""--telemetry-json"", ""/home/arjaiswal/Polygeist/issues/equality_saturation_eval/campaign_20260908/aten-aten_scatter_cpu-egglog-7wnmyr09.json"", ""--disable-semantic-fallback""]","== match report for /home/arjaiswal/Polygeist/issues/aten_c_kernels/results/aten_scatter_cpu/debuf.mlir ==
  total: 0 matched / 0 bodies
",0,[],0,0,0,0,/home/arjaiswal/Polygeist/issues/aten_c_kernels/results/aten_scatter_cpu/debuf.mlir,2136,8,0,0,256.0306116938591,0,64636,0.0,0,0,0,0,[],0,0,0,0.0,0
aten,aten_scatter_cpu,/home/arjaiswal/Polygeist/issues/aten_c_kernels/results/aten_scatter_cpu/debuf.mlir,b7f84cc3e2f6446484cc25cf3da62da27aa3dddba86ae02fddef6e3d395edd8c,syntactic,2,ok,0,706.5860517323017,0,"[""/usr/bin/python3"", ""/home/arjaiswal/Polygeist/scripts/correctness/kernel_match_rewrite.py"", ""/home/arjaiswal/Polygeist/issues/aten_c_kernels/results/aten_scatter_cpu/debuf.mlir"", ""--dry-run"", ""--matcher-mode"", ""syntactic"", ""--telemetry-json"", ""/home/arjaiswal/Polygeist/issues/equality_saturation_eval/campaign_20260908/aten-aten_scatter_cpu-syntactic-06sg4iou.json"", ""--disable-semantic-fallback""]","== match report for /home/arjaiswal/Polygeist/issues/aten_c_kernels/results/aten_scatter_cpu/debuf.mlir ==
  total: 0 matched / 0 bodies
",0,[],0,0,0,0,/home/arjaiswal/Polygeist/issues/aten_c_kernels/results/aten_scatter_cpu/debuf.mlir,2136,0,0,0,280.55743500590324,0,64640,0.0,0,0,0,0,[],0,0,0,0.0,0
aten,aten_scatter_cpu,/home/arjaiswal/Polygeist/issues/aten_c_kernels/results/aten_scatter_cpu/debuf.mlir,b7f84cc3e2f6446484cc25cf3da62da27aa3dddba86ae02fddef6e3d395edd8c,syntactic,3,ok,0,672.2071915864944,0,"[""/usr/bin/python3"", ""/home/arjaiswal/Polygeist/scripts/correctness/kernel_match_rewrite.py"", ""/home/arjaiswal/Polygeist/issues/aten_c_kernels/results/aten_scatter_cpu/debuf.mlir"", ""--dry-run"", ""--matcher-mode"", ""syntactic"", ""--telemetry-json"", ""/home/arjaiswal/Polygeist/issues/equality_saturation_eval/campaign_20260908/aten-aten_scatter_cpu-syntactic-scfb1a1y.json"", ""--disable-semantic-fallback""]","== match report for /home/arjaiswal/Polygeist/issues/aten_c_kernels/results/aten_scatter_cpu/debuf.mlir ==
  total: 0 matched / 0 bodies
",0,[],0,0,0,0,/home/arjaiswal/Polygeist/issues/aten_c_kernels/results/aten_scatter_cpu/debuf.mlir,2136,0,0,0,258.42317566275597,0,64892,0.0,0,0,0,0,[],0,0,0,0.0,0
aten,aten_scatter_cpu,/home/arjaiswal/Polygeist/issues/aten_c_kernels/results/aten_scatter_cpu/debuf.mlir,b7f84cc3e2f6446484cc25cf3da62da27aa3dddba86ae02fddef6e3d395edd8c,egglog,3,ok,0,701.67575776577,0,"[""/usr/bin/python3"", ""/home/arjaiswal/Polygeist/scripts/correctness/kernel_match_rewrite.py"", ""/home/arjaiswal/Polygeist/issues/aten_c_kernels/results/aten_scatter_cpu/debuf.mlir"", ""--dry-run"", ""--matcher-mode"", ""egglog"", ""--telemetry-json"", ""/home/arjaiswal/Polygeist/issues/equality_saturation_eval/campaign_20260908/aten-aten_scatter_cpu-egglog-t6ptofrn.json"", ""--disable-semantic-fallback""]","== match report for /home/arjaiswal/Polygeist/issues/aten_c_kernels/results/aten_scatter_cpu/debuf.mlir ==
  total: 0 matched / 0 bodies
",0,[],0,0,0,0,/home/arjaiswal/Polygeist/issues/aten_c_kernels/results/aten_scatter_cpu/debuf.mlir,2136,8,0,0,279.0197730064392,0,64936,0.0,0,0,0,0,[],0,0,0,0.0,0
aten,aten_scatter_cpu,/home/arjaiswal/Polygeist/issues/aten_c_kernels/results/aten_scatter_cpu/debuf.mlir,b7f84cc3e2f6446484cc25cf3da62da27aa3dddba86ae02fddef6e3d395edd8c,egglog,4,ok,0,692.8095631301403,0,"[""/usr/bin/python3"", ""/home/arjaiswal/Polygeist/scripts/correctness/kernel_match_rewrite.py"", ""/home/arjaiswal/Polygeist/issues/aten_c_kernels/results/aten_scatter_cpu/debuf.mlir"", ""--dry-run"", ""--matcher-mode"", ""egglog"", ""--telemetry-json"", ""/home/arjaiswal/Polygeist/issues/equality_saturation_eval/campaign_20260908/aten-aten_scatter_cpu-egglog-53a940mt.json"", ""--disable-semantic-fallback""]","== match report for /home/arjaiswal/Polygeist/issues/aten_c_kernels/results/aten_scatter_cpu/debuf.mlir ==
  total: 0 matched / 0 bodies
",0,[],0,0,0,0,/home/arjaiswal/Polygeist/issues/aten_c_kernels/results/aten_scatter_cpu/debuf.mlir,2136,8,0,0,257.0742592215538,0,64928,0.0,0,0,0,0,[],0,0,0,0.0,0
aten,aten_scatter_cpu,/home/arjaiswal/Polygeist/issues/aten_c_kernels/results/aten_scatter_cpu/debuf.mlir,b7f84cc3e2f6446484cc25cf3da62da27aa3dddba86ae02fddef6e3d395edd8c,syntactic,4,ok,0,676.6036786139011,0,"[""/usr/bin/python3"", ""/home/arjaiswal/Polygeist/scripts/correctness/kernel_match_rewrite.py"", ""/home/arjaiswal/Polygeist/issues/aten_c_kernels/results/aten_scatter_cpu/debuf.mlir"", ""--dry-run"", ""--matcher-mode"", ""syntactic"", ""--telemetry-json"", ""/home/arjaiswal/Polygeist/issues/equality_saturation_eval/campaign_20260908/aten-aten_scatter_cpu-syntactic-y5ne7khk.json"", ""--disable-semantic-fallback""]","== match report for /home/arjaiswal/Polygeist/issues/aten_c_kernels/results/aten_scatter_cpu/debuf.mlir ==
  total: 0 matched / 0 bodies
",0,[],0,0,0,0,/home/arjaiswal/Polygeist/issues/aten_c_kernels/results/aten_scatter_cpu/debuf.mlir,2136,0,0,0,249.51734021306038,0,64704,0.0,0,0,0,0,[],0,0,0,0.0,0
aten,aten_scatter_cpu,/home/arjaiswal/Polygeist/issues/aten_c_kernels/results/aten_scatter_cpu/debuf.mlir,b7f84cc3e2f6446484cc25cf3da62da27aa3dddba86ae02fddef6e3d395edd8c,syntactic,5,ok,0,693.4170797467232,0,"[""/usr/bin/python3"", ""/home/arjaiswal/Polygeist/scripts/correctness/kernel_match_rewrite.py"", ""/home/arjaiswal/Polygeist/issues/aten_c_kernels/results/aten_scatter_cpu/debuf.mlir"", ""--dry-run"", ""--matcher-mode"", ""syntactic"", ""--telemetry-json"", ""/home/arjaiswal/Polygeist/issues/equality_saturation_eval/campaign_20260908/aten-aten_scatter_cpu-syntactic-8zoc9_1q.json"", ""--disable-semantic-fallback""]","== match report for /home/arjaiswal/Polygeist/issues/aten_c_kernels/results/aten_scatter_cpu/debuf.mlir ==
  total: 0 matched / 0 bodies
",0,[],0,0,0,0,/home/arjaiswal/Polygeist/issues/aten_c_kernels/results/aten_scatter_cpu/debuf.mlir,2136,0,0,0,266.9013664126396,0,64756,0.0,0,0,0,0,[],0,0,0,0.0,0
aten,aten_scatter_cpu,/home/arjaiswal/Polygeist/issues/aten_c_kernels/results/aten_scatter_cpu/debuf.mlir,b7f84cc3e2f6446484cc25cf3da62da27aa3dddba86ae02fddef6e3d395edd8c,egglog,5,ok,0,655.2367769181728,0,"[""/usr/bin/python3"", ""/home/arjaiswal/Polygeist/scripts/correctness/kernel_match_rewrite.py"", ""/home/arjaiswal/Polygeist/issues/aten_c_kernels/results/aten_scatter_cpu/debuf.mlir"", ""--dry-run"", ""--matcher-mode"", ""egglog"", ""--telemetry-json"", ""/home/arjaiswal/Polygeist/issues/equality_saturation_eval/campaign_20260908/aten-aten_scatter_cpu-egglog-1fx249cn.json"", ""--disable-semantic-fallback""]","== match report for /home/arjaiswal/Polygeist/issues/aten_c_kernels/results/aten_scatter_cpu/debuf.mlir ==
  total: 0 matched / 0 bodies
",0,[],0,0,0,0,/home/arjaiswal/Polygeist/issues/aten_c_kernels/results/aten_scatter_cpu/debuf.mlir,2136,8,0,0,249.61631000041962,0,64636,0.0,0,0,0,0,[],0,0,0,0.0,0
aten,aten_scatter_fill_cpu,/home/arjaiswal/Polygeist/issues/aten_c_kernels/results/aten_scatter_fill_cpu/debuf.mlir,623d365b296c99c7fa33e6894aeb2fb5feb4edf14ec8fb63598904b3bfe64d94,egglog,1,ok,0,692.782636731863,0,"[""/usr/bin/python3"", ""/home/arjaiswal/Polygeist/scripts/correctness/kernel_match_rewrite.py"", ""/home/arjaiswal/Polygeist/issues/aten_c_kernels/results/aten_scatter_fill_cpu/debuf.mlir"", ""--dry-run"", ""--matcher-mode"", ""egglog"", ""--telemetry-json"", ""/home/arjaiswal/Polygeist/issues/equality_saturation_eval/campaign_20260908/aten-aten_scatter_fill_cpu-egglog-e0iu2axf.json"", ""--disable-semantic-fallback""]","== match report for /home/arjaiswal/Polygeist/issues/aten_c_kernels/results/aten_scatter_fill_cpu/debuf.mlir ==
  total: 0 matched / 0 bodies
",0,[],0,0,0,0,/home/arjaiswal/Polygeist/issues/aten_c_kernels/results/aten_scatter_fill_cpu/debuf.mlir,1989,8,0,0,272.91109040379524,0,64436,0.0,0,0,0,0,[],0,0,0,0.0,0
aten,aten_scatter_fill_cpu,/home/arjaiswal/Polygeist/issues/aten_c_kernels/results/aten_scatter_fill_cpu/debuf.mlir,623d365b296c99c7fa33e6894aeb2fb5feb4edf14ec8fb63598904b3bfe64d94,syntactic,1,ok,0,673.2091158628464,0,"[""/usr/bin/python3"", ""/home/arjaiswal/Polygeist/scripts/correctness/kernel_match_rewrite.py"", ""/home/arjaiswal/Polygeist/issues/aten_c_kernels/results/aten_scatter_fill_cpu/debuf.mlir"", ""--dry-run"", ""--matcher-mode"", ""syntactic"", ""--telemetry-json"", ""/home/arjaiswal/Polygeist/issues/equality_saturation_eval/campaign_20260908/aten-aten_scatter_fill_cpu-syntactic-1xoj3163.json"", ""--disable-semantic-fallback""]","== match report for /home/arjaiswal/Polygeist/issues/aten_c_kernels/results/aten_scatter_fill_cpu/debuf.mlir ==
  total: 0 matched / 0 bodies
",0,[],0,0,0,0,/home/arjaiswal/Polygeist/issues/aten_c_kernels/results/aten_scatter_fill_cpu/debuf.mlir,1989,0,0,0,250.4880093038082,0,64932,0.0,0,0,0,0,[],0,0,0,0.0,0
aten,aten_scatter_fill_cpu,/home/arjaiswal/Polygeist/issues/aten_c_kernels/results/aten_scatter_fill_cpu/debuf.mlir,623d365b296c99c7fa33e6894aeb2fb5feb4edf14ec8fb63598904b3bfe64d94,syntactic,2,ok,0,722.799513489008,0,"[""/usr/bin/python3"", ""/home/arjaiswal/Polygeist/scripts/correctness/kernel_match_rewrite.py"", ""/home/arjaiswal/Polygeist/issues/aten_c_kernels/results/aten_scatter_fill_cpu/debuf.mlir"", ""--dry-run"", ""--matcher-mode"", ""syntactic"", ""--telemetry-json"", ""/home/arjaiswal/Polygeist/issues/equality_saturation_eval/campaign_20260908/aten-aten_scatter_fill_cpu-syntactic-v1x6_0wd.json"", ""--disable-semantic-fallback""]","== match report for /home/arjaiswal/Polygeist/issues/aten_c_kernels/results/aten_scatter_fill_cpu/debuf.mlir ==
  total: 0 matched / 0 bodies
",0,[],0,0,0,0,/home/arjaiswal/Polygeist/issues/aten_c_kernels/results/aten_scatter_fill_cpu/debuf.mlir,1989,0,0,0,265.6753398478031,0,64604,0.0,0,0,0,0,[],0,0,0,0.0,0
aten,aten_scatter_fill_cpu,/home/arjaiswal/Polygeist/issues/aten_c_kernels/results/aten_scatter_fill_cpu/debuf.mlir,623d365b296c99c7fa33e6894aeb2fb5feb4edf14ec8fb63598904b3bfe64d94,egglog,2,ok,0,664.608608931303,0,"[""/usr/bin/python3"", ""/home/arjaiswal/Polygeist/scripts/correctness/kernel_match_rewrite.py"", ""/home/arjaiswal/Polygeist/issues/aten_c_kernels/results/aten_scatter_fill_cpu/debuf.mlir"", ""--dry-run"", ""--matcher-mode"", ""egglog"", ""--telemetry-json"", ""/home/arjaiswal/Polygeist/issues/equality_saturation_eval/campaign_20260908/aten-aten_scatter_fill_cpu-egglog-7q7f_9tu.json"", ""--disable-semantic-fallback""]","== match report for /home/arjaiswal/Polygeist/issues/aten_c_kernels/results/aten_scatter_fill_cpu/debuf.mlir ==
  total: 0 matched / 0 bodies
",0,[],0,0,0,0,/home/arjaiswal/Polygeist/issues/aten_c_kernels/results/aten_scatter_fill_cpu/debuf.mlir,1989,8,0,0,255.73136284947395,0,64848,0.0,0,0,0,0,[],0,0,0,0.0,0
aten,aten_scatter_fill_cpu,/home/arjaiswal/Polygeist/issues/aten_c_kernels/results/aten_scatter_fill_cpu/debuf.mlir,623d365b296c99c7fa33e6894aeb2fb5feb4edf14ec8fb63598904b3bfe64d94,egglog,3,ok,0,688.5872408747673,0,"[""/usr/bin/python3"", ""/home/arjaiswal/Polygeist/scripts/correctness/kernel_match_rewrite.py"", ""/home/arjaiswal/Polygeist/issues/aten_c_kernels/results/aten_scatter_fill_cpu/debuf.mlir"", ""--dry-run"", ""--matcher-mode"", ""egglog"", ""--telemetry-json"", ""/home/arjaiswal/Polygeist/issues/equality_saturation_eval/campaign_20260908/aten-aten_scatter_fill_cpu-egglog-k6frl24q.json"", ""--disable-semantic-fallback""]","== match report for /home/arjaiswal/Polygeist/issues/aten_c_kernels/results/aten_scatter_fill_cpu/debuf.mlir ==
  total: 0 matched / 0 bodies
",0,[],0,0,0,0,/home/arjaiswal/Polygeist/issues/aten_c_kernels/results/aten_scatter_fill_cpu/debuf.mlir,1989,8,0,0,254.2409896850586,0,64424,0.0,0,0,0,0,[],0,0,0,0.0,0
aten,aten_scatter_fill_cpu,/home/arjaiswal/Polygeist/issues/aten_c_kernels/results/aten_scatter_fill_cpu/debuf.mlir,623d365b296c99c7fa33e6894aeb2fb5feb4edf14ec8fb63598904b3bfe64d94,syntactic,3,ok,0,708.9337520301342,0,"[""/usr/bin/python3"", ""/home/arjaiswal/Polygeist/scripts/correctness/kernel_match_rewrite.py"", ""/home/arjaiswal/Polygeist/issues/aten_c_kernels/results/aten_scatter_fill_cpu/debuf.mlir"", ""--dry-run"", ""--matcher-mode"", ""syntactic"", ""--telemetry-json"", ""/home/arjaiswal/Polygeist/issues/equality_saturation_eval/campaign_20260908/aten-aten_scatter_fill_cpu-syntactic-t75div_i.json"", ""--disable-semantic-fallback""]","== match report for /home/arjaiswal/Polygeist/issues/aten_c_kernels/results/aten_scatter_fill_cpu/debuf.mlir ==
  total: 0 matched / 0 bodies
",0,[],0,0,0,0,/home/arjaiswal/Polygeist/issues/aten_c_kernels/results/aten_scatter_fill_cpu/debuf.mlir,1989,0,0,0,269.5852778851986,0,64804,0.0,0,0,0,0,[],0,0,0,0.0,0
aten,aten_scatter_fill_cpu,/home/arjaiswal/Polygeist/issues/aten_c_kernels/results/aten_scatter_fill_cpu/debuf.mlir,623d365b296c99c7fa33e6894aeb2fb5feb4edf14ec8fb63598904b3bfe64d94,syntactic,4,ok,0,688.8654828071594,0,"[""/usr/bin/python3"", ""/home/arjaiswal/Polygeist/scripts/correctness/kernel_match_rewrite.py"", ""/home/arjaiswal/Polygeist/issues/aten_c_kernels/results/aten_scatter_fill_cpu/debuf.mlir"", ""--dry-run"", ""--matcher-mode"", ""syntactic"", ""--telemetry-json"", ""/home/arjaiswal/Polygeist/issues/equality_saturation_eval/campaign_20260908/aten-aten_scatter_fill_cpu-syntactic-4iz8jgyf.json"", ""--disable-semantic-fallback""]","== match report for /home/arjaiswal/Polygeist/issues/aten_c_kernels/results/aten_scatter_fill_cpu/debuf.mlir ==
  total: 0 matched / 0 bodies
",0,[],0,0,0,0,/home/arjaiswal/Polygeist/issues/aten_c_kernels/results/aten_scatter_fill_cpu/debuf.mlir,1989,0,0,0,257.32217356562614,0,64764,0.0,0,0,0,0,[],0,0,0,0.0,0
aten,aten_scatter_fill_cpu,/home/arjaiswal/Polygeist/issues/aten_c_kernels/results/aten_scatter_fill_cpu/debuf.mlir,623d365b296c99c7fa33e6894aeb2fb5feb4edf14ec8fb63598904b3bfe64d94,egglog,4,ok,0,658.7770618498325,0,"[""/usr/bin/python3"", ""/home/arjaiswal/Polygeist/scripts/correctness/kernel_match_rewrite.py"", ""/home/arjaiswal/Polygeist/issues/aten_c_kernels/results/aten_scatter_fill_cpu/debuf.mlir"", ""--dry-run"", ""--matcher-mode"", ""egglog"", ""--telemetry-json"", ""/home/arjaiswal/Polygeist/issues/equality_saturation_eval/campaign_20260908/aten-aten_scatter_fill_cpu-egglog-n9cqv9ts.json"", ""--disable-semantic-fallback""]","== match report for /home/arjaiswal/Polygeist/issues/aten_c_kernels/results/aten_scatter_fill_cpu/debuf.mlir ==
  total: 0 matched / 0 bodies
",0,[],0,0,0,0,/home/arjaiswal/Polygeist/issues/aten_c_kernels/results/aten_scatter_fill_cpu/debuf.mlir,1989,8,0,0,250.41824206709862,0,64888,0.0,0,0,0,0,[],0,0,0,0.0,0
aten,aten_scatter_fill_cpu,/home/arjaiswal/Polygeist/issues/aten_c_kernels/results/aten_scatter_fill_cpu/debuf.mlir,623d365b296c99c7fa33e6894aeb2fb5feb4edf14ec8fb63598904b3bfe64d94,egglog,5,ok,0,669.5146225392818,0,"[""/usr/bin/python3"", ""/home/arjaiswal/Polygeist/scripts/correctness/kernel_match_rewrite.py"", ""/home/arjaiswal/Polygeist/issues/aten_c_kernels/results/aten_scatter_fill_cpu/debuf.mlir"", ""--dry-run"", ""--matcher-mode"", ""egglog"", ""--telemetry-json"", ""/home/arjaiswal/Polygeist/issues/equality_saturation_eval/campaign_20260908/aten-aten_scatter_fill_cpu-egglog-7w6gt906.json"", ""--disable-semantic-fallback""]","== match report for /home/arjaiswal/Polygeist/issues/aten_c_kernels/results/aten_scatter_fill_cpu/debuf.mlir ==
  total: 0 matched / 0 bodies
",0,[],0,0,0,0,/home/arjaiswal/Polygeist/issues/aten_c_kernels/results/aten_scatter_fill_cpu/debuf.mlir,1989,8,0,0,255.55143505334854,0,64664,0.0,0,0,0,0,[],0,0,0,0.0,0
aten,aten_scatter_fill_cpu,/home/arjaiswal/Polygeist/issues/aten_c_kernels/results/aten_scatter_fill_cpu/debuf.mlir,623d365b296c99c7fa33e6894aeb2fb5feb4edf14ec8fb63598904b3bfe64d94,syntactic,5,ok,0,659.7801558673382,0,"[""/usr/bin/python3"", ""/home/arjaiswal/Polygeist/scripts/correctness/kernel_match_rewrite.py"", ""/home/arjaiswal/Polygeist/issues/aten_c_kernels/results/aten_scatter_fill_cpu/debuf.mlir"", ""--dry-run"", ""--matcher-mode"", ""syntactic"", ""--telemetry-json"", ""/home/arjaiswal/Polygeist/issues/equality_saturation_eval/campaign_20260908/aten-aten_scatter_fill_cpu-syntactic-o61a5r9v.json"", ""--disable-semantic-fallback""]","== match report for /home/arjaiswal/Polygeist/issues/aten_c_kernels/results/aten_scatter_fill_cpu/debuf.mlir ==
  total: 0 matched / 0 bodies
",0,[],0,0,0,0,/home/arjaiswal/Polygeist/issues/aten_c_kernels/results/aten_scatter_fill_cpu/debuf.mlir,1989,0,0,0,250.78484416007996,0,64552,0.0,0,0,0,0,[],0,0,0,0.0,0
aten,aten_scatter_reduce_cpu,/home/arjaiswal/Polygeist/issues/aten_c_kernels/results/aten_scatter_reduce_cpu/debuf.mlir,592cd9170fc4fa0a583381d76767f183ff104b3c816b808c2852012e11eb87f4,syntactic,1,ok,0,677.5122918188572,0,"[""/usr/bin/python3"", ""/home/arjaiswal/Polygeist/scripts/correctness/kernel_match_rewrite.py"", ""/home/arjaiswal/Polygeist/issues/aten_c_kernels/results/aten_scatter_reduce_cpu/debuf.mlir"", ""--dry-run"", ""--matcher-mode"", ""syntactic"", ""--telemetry-json"", ""/home/arjaiswal/Polygeist/issues/equality_saturation_eval/campaign_20260908/aten-aten_scatter_reduce_cpu-syntactic-2_nqw2wg.json"", ""--disable-semantic-fallback""]","== match report for /home/arjaiswal/Polygeist/issues/aten_c_kernels/results/aten_scatter_reduce_cpu/debuf.mlir ==
  total: 0 matched / 0 bodies
",0,[],0,0,0,0,/home/arjaiswal/Polygeist/issues/aten_c_kernels/results/aten_scatter_reduce_cpu/debuf.mlir,3241,0,0,0,257.39751011133194,0,64988,0.0,0,0,0,0,[],0,0,0,0.0,0
aten,aten_scatter_reduce_cpu,/home/arjaiswal/Polygeist/issues/aten_c_kernels/results/aten_scatter_reduce_cpu/debuf.mlir,592cd9170fc4fa0a583381d76767f183ff104b3c816b808c2852012e11eb87f4,egglog,1,ok,0,677.4661503732204,0,"[""/usr/bin/python3"", ""/home/arjaiswal/Polygeist/scripts/correctness/kernel_match_rewrite.py"", ""/home/arjaiswal/Polygeist/issues/aten_c_kernels/results/aten_scatter_reduce_cpu/debuf.mlir"", ""--dry-run"", ""--matcher-mode"", ""egglog"", ""--telemetry-json"", ""/home/arjaiswal/Polygeist/issues/equality_saturation_eval/campaign_20260908/aten-aten_scatter_reduce_cpu-egglog-yppeo_fw.json"", ""--disable-semantic-fallback""]","== match report for /home/arjaiswal/Polygeist/issues/aten_c_kernels/results/aten_scatter_reduce_cpu/debuf.mlir ==
  total: 0 matched / 0 bodies
",0,[],0,0,0,0,/home/arjaiswal/Polygeist/issues/aten_c_kernels/results/aten_scatter_reduce_cpu/debuf.mlir,3241,8,0,0,256.89515471458435,0,64780,0.0,0,0,0,0,[],0,0,0,0.0,0
aten,aten_scatter_reduce_cpu,/home/arjaiswal/Polygeist/issues/aten_c_kernels/results/aten_scatter_reduce_cpu/debuf.mlir,592cd9170fc4fa0a583381d76767f183ff104b3c816b808c2852012e11eb87f4,egglog,2,ok,0,685.1765774190426,0,"[""/usr/bin/python3"", ""/home/arjaiswal/Polygeist/scripts/correctness/kernel_match_rewrite.py"", ""/home/arjaiswal/Polygeist/issues/aten_c_kernels/results/aten_scatter_reduce_cpu/debuf.mlir"", ""--dry-run"", ""--matcher-mode"", ""egglog"", ""--telemetry-json"", ""/home/arjaiswal/Polygeist/issues/equality_saturation_eval/campaign_20260908/aten-aten_scatter_reduce_cpu-egglog-woyai5n_.json"", ""--disable-semantic-fallback""]","== match report for /home/arjaiswal/Polygeist/issues/aten_c_kernels/results/aten_scatter_reduce_cpu/debuf.mlir ==
  total: 0 matched / 0 bodies
",0,[],0,0,0,0,/home/arjaiswal/Polygeist/issues/aten_c_kernels/results/aten_scatter_reduce_cpu/debuf.mlir,3241,8,0,0,259.77494567632675,0,64616,0.0,0,0,0,0,[],0,0,0,0.0,0
aten,aten_scatter_reduce_cpu,/home/arjaiswal/Polygeist/issues/aten_c_kernels/results/aten_scatter_reduce_cpu/debuf.mlir,592cd9170fc4fa0a583381d76767f183ff104b3c816b808c2852012e11eb87f4,syntactic,2,ok,0,721.451323479414,0,"[""/usr/bin/python3"", ""/home/arjaiswal/Polygeist/scripts/correctness/kernel_match_rewrite.py"", ""/home/arjaiswal/Polygeist/issues/aten_c_kernels/results/aten_scatter_reduce_cpu/debuf.mlir"", ""--dry-run"", ""--matcher-mode"", ""syntactic"", ""--telemetry-json"", ""/home/arjaiswal/Polygeist/issues/equality_saturation_eval/campaign_20260908/aten-aten_scatter_reduce_cpu-syntactic-13xdlbcx.json"", ""--disable-semantic-fallback""]","== match report for /home/arjaiswal/Polygeist/issues/aten_c_kernels/results/aten_scatter_reduce_cpu/debuf.mlir ==
  total: 0 matched / 0 bodies
",0,[],0,0,0,0,/home/arjaiswal/Polygeist/issues/aten_c_kernels/results/aten_scatter_reduce_cpu/debuf.mlir,3241,0,0,0,270.63097432255745,0,64716,0.0,0,0,0,0,[],0,0,0,0.0,0
aten,aten_scatter_reduce_cpu,/home/arjaiswal/Polygeist/issues/aten_c_kernels/results/aten_scatter_reduce_cpu/debuf.mlir,592cd9170fc4fa0a583381d76767f183ff104b3c816b808c2852012e11eb87f4,syntactic,3,ok,0,737.3462617397308,0,"[""/usr/bin/python3"", ""/home/arjaiswal/Polygeist/scripts/correctness/kernel_match_rewrite.py"", ""/home/arjaiswal/Polygeist/issues/aten_c_kernels/results/aten_scatter_reduce_cpu/debuf.mlir"", ""--dry-run"", ""--matcher-mode"", ""syntactic"", ""--telemetry-json"", ""/home/arjaiswal/Polygeist/issues/equality_saturation_eval/campaign_20260908/aten-aten_scatter_reduce_cpu-syntactic-szjwhzy8.json"", ""--disable-semantic-fallback""]","== match report for /home/arjaiswal/Polygeist/issues/aten_c_kernels/results/aten_scatter_reduce_cpu/debuf.mlir ==
  total: 0 matched / 0 bodies
",0,[],0,0,0,0,/home/arjaiswal/Polygeist/issues/aten_c_kernels/results/aten_scatter_reduce_cpu/debuf.mlir,3241,0,0,0,303.97940054535866,0,64712,0.0,0,0,0,0,[],0,0,0,0.0,0
aten,aten_scatter_reduce_cpu,/home/arjaiswal/Polygeist/issues/aten_c_kernels/results/aten_scatter_reduce_cpu/debuf.mlir,592cd9170fc4fa0a583381d76767f183ff104b3c816b808c2852012e11eb87f4,egglog,3,ok,0,750.1198574900627,0,"[""/usr/bin/python3"", ""/home/arjaiswal/Polygeist/scripts/correctness/kernel_match_rewrite.py"", ""/home/arjaiswal/Polygeist/issues/aten_c_kernels/results/aten_scatter_reduce_cpu/debuf.mlir"", ""--dry-run"", ""--matcher-mode"", ""egglog"", ""--telemetry-json"", ""/home/arjaiswal/Polygeist/issues/equality_saturation_eval/campaign_20260908/aten-aten_scatter_reduce_cpu-egglog-060fmfkd.json"", ""--disable-semantic-fallback""]","== match report for /home/arjaiswal/Polygeist/issues/aten_c_kernels/results/aten_scatter_reduce_cpu/debuf.mlir ==
  total: 0 matched / 0 bodies
",0,[],0,0,0,0,/home/arjaiswal/Polygeist/issues/aten_c_kernels/results/aten_scatter_reduce_cpu/debuf.mlir,3241,8,0,0,290.43420031666756,0,64652,0.0,0,0,0,0,[],0,0,0,0.0,0
aten,aten_scatter_reduce_cpu,/home/arjaiswal/Polygeist/issues/aten_c_kernels/results/aten_scatter_reduce_cpu/debuf.mlir,592cd9170fc4fa0a583381d76767f183ff104b3c816b808c2852012e11eb87f4,egglog,4,ok,0,798.2903569936752,0,"[""/usr/bin/python3"", ""/home/arjaiswal/Polygeist/scripts/correctness/kernel_match_rewrite.py"", ""/home/arjaiswal/Polygeist/issues/aten_c_kernels/results/aten_scatter_reduce_cpu/debuf.mlir"", ""--dry-run"", ""--matcher-mode"", ""egglog"", ""--telemetry-json"", ""/home/arjaiswal/Polygeist/issues/equality_saturation_eval/campaign_20260908/aten-aten_scatter_reduce_cpu-egglog-ijtwdb1p.json"", ""--disable-semantic-fallback""]","== match report for /home/arjaiswal/Polygeist/issues/aten_c_kernels/results/aten_scatter_reduce_cpu/debuf.mlir ==
  total: 0 matched / 0 bodies
",0,[],0,0,0,0,/home/arjaiswal/Polygeist/issues/aten_c_kernels/results/aten_scatter_reduce_cpu/debuf.mlir,3241,8,0,0,337.8960192203522,0,64816,0.0,0,0,0,0,[],0,0,0,0.0,0
aten,aten_scatter_reduce_cpu,/home/arjaiswal/Polygeist/issues/aten_c_kernels/results/aten_scatter_reduce_cpu/debuf.mlir,592cd9170fc4fa0a583381d76767f183ff104b3c816b808c2852012e11eb87f4,syntactic,4,ok,0,684.989158064127,0,"[""/usr/bin/python3"", ""/home/arjaiswal/Polygeist/scripts/correctness/kernel_match_rewrite.py"", ""/home/arjaiswal/Polygeist/issues/aten_c_kernels/results/aten_scatter_reduce_cpu/debuf.mlir"", ""--dry-run"", ""--matcher-mode"", ""syntactic"", ""--telemetry-json"", ""/home/arjaiswal/Polygeist/issues/equality_saturation_eval/campaign_20260908/aten-aten_scatter_reduce_cpu-syntactic-n77cxifc.json"", ""--disable-semantic-fallback""]","== match report for /home/arjaiswal/Polygeist/issues/aten_c_kernels/results/aten_scatter_reduce_cpu/debuf.mlir ==
  total: 0 matched / 0 bodies
",0,[],0,0,0,0,/home/arjaiswal/Polygeist/issues/aten_c_kernels/results/aten_scatter_reduce_cpu/debuf.mlir,3241,0,0,0,263.2361687719822,0,64720,0.0,0,0,0,0,[],0,0,0,0.0,0
aten,aten_scatter_reduce_cpu,/home/arjaiswal/Polygeist/issues/aten_c_kernels/results/aten_scatter_reduce_cpu/debuf.mlir,592cd9170fc4fa0a583381d76767f183ff104b3c816b808c2852012e11eb87f4,syntactic,5,ok,0,660.6960222125053,0,"[""/usr/bin/python3"", ""/home/arjaiswal/Polygeist/scripts/correctness/kernel_match_rewrite.py"", ""/home/arjaiswal/Polygeist/issues/aten_c_kernels/results/aten_scatter_reduce_cpu/debuf.mlir"", ""--dry-run"", ""--matcher-mode"", ""syntactic"", ""--telemetry-json"", ""/home/arjaiswal/Polygeist/issues/equality_saturation_eval/campaign_20260908/aten-aten_scatter_reduce_cpu-syntactic-59iq54lo.json"", ""--disable-semantic-fallback""]","== match report for /home/arjaiswal/Polygeist/issues/aten_c_kernels/results/aten_scatter_reduce_cpu/debuf.mlir ==
  total: 0 matched / 0 bodies
",0,[],0,0,0,0,/home/arjaiswal/Polygeist/issues/aten_c_kernels/results/aten_scatter_reduce_cpu/debuf.mlir,3241,0,0,0,247.78833612799644,0,64620,0.0,0,0,0,0,[],0,0,0,0.0,0
aten,aten_scatter_reduce_cpu,/home/arjaiswal/Polygeist/issues/aten_c_kernels/results/aten_scatter_reduce_cpu/debuf.mlir,592cd9170fc4fa0a583381d76767f183ff104b3c816b808c2852012e11eb87f4,egglog,5,ok,0,683.9826591312885,0,"[""/usr/bin/python3"", ""/home/arjaiswal/Polygeist/scripts/correctness/kernel_match_rewrite.py"", ""/home/arjaiswal/Polygeist/issues/aten_c_kernels/results/aten_scatter_reduce_cpu/debuf.mlir"", ""--dry-run"", ""--matcher-mode"", ""egglog"", ""--telemetry-json"", ""/home/arjaiswal/Polygeist/issues/equality_saturation_eval/campaign_20260908/aten-aten_scatter_reduce_cpu-egglog-lrkux4hq.json"", ""--disable-semantic-fallback""]","== match report for /home/arjaiswal/Polygeist/issues/aten_c_kernels/results/aten_scatter_reduce_cpu/debuf.mlir ==
  total: 0 matched / 0 bodies
",0,[],0,0,0,0,/home/arjaiswal/Polygeist/issues/aten_c_kernels/results/aten_scatter_reduce_cpu/debuf.mlir,3241,8,0,0,254.75670769810677,0,64404,0.0,0,0,0,0,[],0,0,0,0.0,0
aten,aten_scatter_reduce_expanded_index_cpu,/home/arjaiswal/Polygeist/issues/aten_c_kernels/results/aten_scatter_reduce_expanded_index_cpu/debuf.mlir,6644bc6fd1152322c6c6b61f8080d5da11dace4382eaa98f73b311a195e375d4,egglog,1,ok,0,677.4639934301376,0,"[""/usr/bin/python3"", ""/home/arjaiswal/Polygeist/scripts/correctness/kernel_match_rewrite.py"", ""/home/arjaiswal/Polygeist/issues/aten_c_kernels/results/aten_scatter_reduce_expanded_index_cpu/debuf.mlir"", ""--dry-run"", ""--matcher-mode"", ""egglog"", ""--telemetry-json"", ""/home/arjaiswal/Polygeist/issues/equality_saturation_eval/campaign_20260908/aten-aten_scatter_reduce_expanded_index_cpu-egglog-nz55eb2l.json"", ""--disable-semantic-fallback""]","== match report for /home/arjaiswal/Polygeist/issues/aten_c_kernels/results/aten_scatter_reduce_expanded_index_cpu/debuf.mlir ==
  total: 0 matched / 0 bodies
",0,[],0,0,0,0,/home/arjaiswal/Polygeist/issues/aten_c_kernels/results/aten_scatter_reduce_expanded_index_cpu/debuf.mlir,2423,8,0,0,270.2024281024933,0,64360,0.0,0,0,0,0,[],0,0,0,0.0,0
aten,aten_scatter_reduce_expanded_index_cpu,/home/arjaiswal/Polygeist/issues/aten_c_kernels/results/aten_scatter_reduce_expanded_index_cpu/debuf.mlir,6644bc6fd1152322c6c6b61f8080d5da11dace4382eaa98f73b311a195e375d4,syntactic,1,ok,0,680.061835795641,0,"[""/usr/bin/python3"", ""/home/arjaiswal/Polygeist/scripts/correctness/kernel_match_rewrite.py"", ""/home/arjaiswal/Polygeist/issues/aten_c_kernels/results/aten_scatter_reduce_expanded_index_cpu/debuf.mlir"", ""--dry-run"", ""--matcher-mode"", ""syntactic"", ""--telemetry-json"", ""/home/arjaiswal/Polygeist/issues/equality_saturation_eval/campaign_20260908/aten-aten_scatter_reduce_expanded_index_cpu-syntactic-th9a1aul.json"", ""--disable-semantic-fallback""]","== match report for /home/arjaiswal/Polygeist/issues/aten_c_kernels/results/aten_scatter_reduce_expanded_index_cpu/debuf.mlir ==
  total: 0 matched / 0 bodies
",0,[],0,0,0,0,/home/arjaiswal/Polygeist/issues/aten_c_kernels/results/aten_scatter_reduce_expanded_index_cpu/debuf.mlir,2423,0,0,0,266.84246212244034,0,64676,0.0,0,0,0,0,[],0,0,0,0.0,0
aten,aten_scatter_reduce_expanded_index_cpu,/home/arjaiswal/Polygeist/issues/aten_c_kernels/results/aten_scatter_reduce_expanded_index_cpu/debuf.mlir,6644bc6fd1152322c6c6b61f8080d5da11dace4382eaa98f73b311a195e375d4,syntactic,2,ok,0,704.7051042318344,0,"[""/usr/bin/python3"", ""/home/arjaiswal/Polygeist/scripts/correctness/kernel_match_rewrite.py"", ""/home/arjaiswal/Polygeist/issues/aten_c_kernels/results/aten_scatter_reduce_expanded_index_cpu/debuf.mlir"", ""--dry-run"", ""--matcher-mode"", ""syntactic"", ""--telemetry-json"", ""/home/arjaiswal/Polygeist/issues/equality_saturation_eval/campaign_20260908/aten-aten_scatter_reduce_expanded_index_cpu-syntactic-9l655mc1.json"", ""--disable-semantic-fallback""]","== match report for /home/arjaiswal/Polygeist/issues/aten_c_kernels/results/aten_scatter_reduce_expanded_index_cpu/debuf.mlir ==
  total: 0 matched / 0 bodies
",0,[],0,0,0,0,/home/arjaiswal/Polygeist/issues/aten_c_kernels/results/aten_scatter_reduce_expanded_index_cpu/debuf.mlir,2423,0,0,0,263.0026265978813,0,64404,0.0,0,0,0,0,[],0,0,0,0.0,0
aten,aten_scatter_reduce_expanded_index_cpu,/home/arjaiswal/Polygeist/issues/aten_c_kernels/results/aten_scatter_reduce_expanded_index_cpu/debuf.mlir,6644bc6fd1152322c6c6b61f8080d5da11dace4382eaa98f73b311a195e375d4,egglog,2,ok,0,670.7147248089314,0,"[""/usr/bin/python3"", ""/home/arjaiswal/Polygeist/scripts/correctness/kernel_match_rewrite.py"", ""/home/arjaiswal/Polygeist/issues/aten_c_kernels/results/aten_scatter_reduce_expanded_index_cpu/debuf.mlir"", ""--dry-run"", ""--matcher-mode"", ""egglog"", ""--telemetry-json"", ""/home/arjaiswal/Polygeist/issues/equality_saturation_eval/campaign_20260908/aten-aten_scatter_reduce_expanded_index_cpu-egglog-9chds73g.json"", ""--disable-semantic-fallback""]","== match report for /home/arjaiswal/Polygeist/issues/aten_c_kernels/results/aten_scatter_reduce_expanded_index_cpu/debuf.mlir ==
  total: 0 matched / 0 bodies
",0,[],0,0,0,0,/home/arjaiswal/Polygeist/issues/aten_c_kernels/results/aten_scatter_reduce_expanded_index_cpu/debuf.mlir,2423,8,0,0,252.50611454248428,0,64708,0.0,0,0,0,0,[],0,0,0,0.0,0
aten,aten_scatter_reduce_expanded_index_cpu,/home/arjaiswal/Polygeist/issues/aten_c_kernels/results/aten_scatter_reduce_expanded_index_cpu/debuf.mlir,6644bc6fd1152322c6c6b61f8080d5da11dace4382eaa98f73b311a195e375d4,egglog,3,ok,0,664.0879288315773,0,"[""/usr/bin/python3"", ""/home/arjaiswal/Polygeist/scripts/correctness/kernel_match_rewrite.py"", ""/home/arjaiswal/Polygeist/issues/aten_c_kernels/results/aten_scatter_reduce_expanded_index_cpu/debuf.mlir"", ""--dry-run"", ""--matcher-mode"", ""egglog"", ""--telemetry-json"", ""/home/arjaiswal/Polygeist/issues/equality_saturation_eval/campaign_20260908/aten-aten_scatter_reduce_expanded_index_cpu-egglog-v4326c3j.json"", ""--disable-semantic-fallback""]","== match report for /home/arjaiswal/Polygeist/issues/aten_c_kernels/results/aten_scatter_reduce_expanded_index_cpu/debuf.mlir ==
  total: 0 matched / 0 bodies
",0,[],0,0,0,0,/home/arjaiswal/Polygeist/issues/aten_c_kernels/results/aten_scatter_reduce_expanded_index_cpu/debuf.mlir,2423,8,0,0,255.1570162177086,0,64600,0.0,0,0,0,0,[],0,0,0,0.0,0
aten,aten_scatter_reduce_expanded_index_cpu,/home/arjaiswal/Polygeist/issues/aten_c_kernels/results/aten_scatter_reduce_expanded_index_cpu/debuf.mlir,6644bc6fd1152322c6c6b61f8080d5da11dace4382eaa98f73b311a195e375d4,syntactic,3,ok,0,661.7434956133366,0,"[""/usr/bin/python3"", ""/home/arjaiswal/Polygeist/scripts/correctness/kernel_match_rewrite.py"", ""/home/arjaiswal/Polygeist/issues/aten_c_kernels/results/aten_scatter_reduce_expanded_index_cpu/debuf.mlir"", ""--dry-run"", ""--matcher-mode"", ""syntactic"", ""--telemetry-json"", ""/home/arjaiswal/Polygeist/issues/equality_saturation_eval/campaign_20260908/aten-aten_scatter_reduce_expanded_index_cpu-syntactic-rt80baxp.json"", ""--disable-semantic-fallback""]","== match report for /home/arjaiswal/Polygeist/issues/aten_c_kernels/results/aten_scatter_reduce_expanded_index_cpu/debuf.mlir ==
  total: 0 matched / 0 bodies
",0,[],0,0,0,0,/home/arjaiswal/Polygeist/issues/aten_c_kernels/results/aten_scatter_reduce_expanded_index_cpu/debuf.mlir,2423,0,0,0,251.9347220659256,0,64744,0.0,0,0,0,0,[],0,0,0,0.0,0
aten,aten_scatter_reduce_expanded_index_cpu,/home/arjaiswal/Polygeist/issues/aten_c_kernels/results/aten_scatter_reduce_expanded_index_cpu/debuf.mlir,6644bc6fd1152322c6c6b61f8080d5da11dace4382eaa98f73b311a195e375d4,syntactic,4,ok,0,663.2072478532791,0,"[""/usr/bin/python3"", ""/home/arjaiswal/Polygeist/scripts/correctness/kernel_match_rewrite.py"", ""/home/arjaiswal/Polygeist/issues/aten_c_kernels/results/aten_scatter_reduce_expanded_index_cpu/debuf.mlir"", ""--dry-run"", ""--matcher-mode"", ""syntactic"", ""--telemetry-json"", ""/home/arjaiswal/Polygeist/issues/equality_saturation_eval/campaign_20260908/aten-aten_scatter_reduce_expanded_index_cpu-syntactic-a4lsqut1.json"", ""--disable-semantic-fallback""]","== match report for /home/arjaiswal/Polygeist/issues/aten_c_kernels/results/aten_scatter_reduce_expanded_index_cpu/debuf.mlir ==
  total: 0 matched / 0 bodies
",0,[],0,0,0,0,/home/arjaiswal/Polygeist/issues/aten_c_kernels/results/aten_scatter_reduce_expanded_index_cpu/debuf.mlir,2423,0,0,0,253.77792865037918,0,64612,0.0,0,0,0,0,[],0,0,0,0.0,0
aten,aten_scatter_reduce_expanded_index_cpu,/home/arjaiswal/Polygeist/issues/aten_c_kernels/results/aten_scatter_reduce_expanded_index_cpu/debuf.mlir,6644bc6fd1152322c6c6b61f8080d5da11dace4382eaa98f73b311a195e375d4,egglog,4,ok,0,700.3696337342262,0,"[""/usr/bin/python3"", ""/home/arjaiswal/Polygeist/scripts/correctness/kernel_match_rewrite.py"", ""/home/arjaiswal/Polygeist/issues/aten_c_kernels/results/aten_scatter_reduce_expanded_index_cpu/debuf.mlir"", ""--dry-run"", ""--matcher-mode"", ""egglog"", ""--telemetry-json"", ""/home/arjaiswal/Polygeist/issues/equality_saturation_eval/campaign_20260908/aten-aten_scatter_reduce_expanded_index_cpu-egglog-30ee0om0.json"", ""--disable-semantic-fallback""]","== match report for /home/arjaiswal/Polygeist/issues/aten_c_kernels/results/aten_scatter_reduce_expanded_index_cpu/debuf.mlir ==
  total: 0 matched / 0 bodies
",0,[],0,0,0,0,/home/arjaiswal/Polygeist/issues/aten_c_kernels/results/aten_scatter_reduce_expanded_index_cpu/debuf.mlir,2423,8,0,0,251.68855488300323,0,64648,0.0,0,0,0,0,[],0,0,0,0.0,0
aten,aten_scatter_reduce_expanded_index_cpu,/home/arjaiswal/Polygeist/issues/aten_c_kernels/results/aten_scatter_reduce_expanded_index_cpu/debuf.mlir,6644bc6fd1152322c6c6b61f8080d5da11dace4382eaa98f73b311a195e375d4,egglog,5,ok,0,657.7077731490135,0,"[""/usr/bin/python3"", ""/home/arjaiswal/Polygeist/scripts/correctness/kernel_match_rewrite.py"", ""/home/arjaiswal/Polygeist/issues/aten_c_kernels/results/aten_scatter_reduce_expanded_index_cpu/debuf.mlir"", ""--dry-run"", ""--matcher-mode"", ""egglog"", ""--telemetry-json"", ""/home/arjaiswal/Polygeist/issues/equality_saturation_eval/campaign_20260908/aten-aten_scatter_reduce_expanded_index_cpu-egglog-tz66xg_n.json"", ""--disable-semantic-fallback""]","== match report for /home/arjaiswal/Polygeist/issues/aten_c_kernels/results/aten_scatter_reduce_expanded_index_cpu/debuf.mlir ==
  total: 0 matched / 0 bodies
",0,[],0,0,0,0,/home/arjaiswal/Polygeist/issues/aten_c_kernels/results/aten_scatter_reduce_expanded_index_cpu/debuf.mlir,2423,8,0,0,247.99344316124916,0,64576,0.0,0,0,0,0,[],0,0,0,0.0,0
aten,aten_scatter_reduce_expanded_index_cpu,/home/arjaiswal/Polygeist/issues/aten_c_kernels/results/aten_scatter_reduce_expanded_index_cpu/debuf.mlir,6644bc6fd1152322c6c6b61f8080d5da11dace4382eaa98f73b311a195e375d4,syntactic,5,ok,0,658.1692472100258,0,"[""/usr/bin/python3"", ""/home/arjaiswal/Polygeist/scripts/correctness/kernel_match_rewrite.py"", ""/home/arjaiswal/Polygeist/issues/aten_c_kernels/results/aten_scatter_reduce_expanded_index_cpu/debuf.mlir"", ""--dry-run"", ""--matcher-mode"", ""syntactic"", ""--telemetry-json"", ""/home/arjaiswal/Polygeist/issues/equality_saturation_eval/campaign_20260908/aten-aten_scatter_reduce_expanded_index_cpu-syntactic-yo0h3en1.json"", ""--disable-semantic-fallback""]","== match report for /home/arjaiswal/Polygeist/issues/aten_c_kernels/results/aten_scatter_reduce_expanded_index_cpu/debuf.mlir ==
  total: 0 matched / 0 bodies
",0,[],0,0,0,0,/home/arjaiswal/Polygeist/issues/aten_c_kernels/results/aten_scatter_reduce_expanded_index_cpu/debuf.mlir,2423,0,0,0,257.62759521603584,0,64624,0.0,0,0,0,0,[],0,0,0,0.0,0
aten,aten_scatter_reduce_two_cpu,/home/arjaiswal/Polygeist/issues/aten_c_kernels/results/aten_scatter_reduce_two_cpu/debuf.mlir,63d6bd01742480d9209f2f1410c307ff70cd7353ef12ff9bf774beb9279e68dc,syntactic,1,ok,0,674.1276904940605,0,"[""/usr/bin/python3"", ""/home/arjaiswal/Polygeist/scripts/correctness/kernel_match_rewrite.py"", ""/home/arjaiswal/Polygeist/issues/aten_c_kernels/results/aten_scatter_reduce_two_cpu/debuf.mlir"", ""--dry-run"", ""--matcher-mode"", ""syntactic"", ""--telemetry-json"", ""/home/arjaiswal/Polygeist/issues/equality_saturation_eval/campaign_20260908/aten-aten_scatter_reduce_two_cpu-syntactic-12l5mw2d.json"", ""--disable-semantic-fallback""]","== match report for /home/arjaiswal/Polygeist/issues/aten_c_kernels/results/aten_scatter_reduce_two_cpu/debuf.mlir ==
  total: 0 matched / 0 bodies
",0,[],0,0,0,0,/home/arjaiswal/Polygeist/issues/aten_c_kernels/results/aten_scatter_reduce_two_cpu/debuf.mlir,2269,0,0,0,263.5670267045498,0,64552,0.0,0,0,0,0,[],0,0,0,0.0,0
aten,aten_scatter_reduce_two_cpu,/home/arjaiswal/Polygeist/issues/aten_c_kernels/results/aten_scatter_reduce_two_cpu/debuf.mlir,63d6bd01742480d9209f2f1410c307ff70cd7353ef12ff9bf774beb9279e68dc,egglog,1,ok,0,678.0135110020638,0,"[""/usr/bin/python3"", ""/home/arjaiswal/Polygeist/scripts/correctness/kernel_match_rewrite.py"", ""/home/arjaiswal/Polygeist/issues/aten_c_kernels/results/aten_scatter_reduce_two_cpu/debuf.mlir"", ""--dry-run"", ""--matcher-mode"", ""egglog"", ""--telemetry-json"", ""/home/arjaiswal/Polygeist/issues/equality_saturation_eval/campaign_20260908/aten-aten_scatter_reduce_two_cpu-egglog-g1zuppv7.json"", ""--disable-semantic-fallback""]","== match report for /home/arjaiswal/Polygeist/issues/aten_c_kernels/results/aten_scatter_reduce_two_cpu/debuf.mlir ==
  total: 0 matched / 0 bodies
",0,[],0,0,0,0,/home/arjaiswal/Polygeist/issues/aten_c_kernels/results/aten_scatter_reduce_two_cpu/debuf.mlir,2269,8,0,0,268.45404505729675,0,64928,0.0,0,0,0,0,[],0,0,0,0.0,0
aten,aten_scatter_reduce_two_cpu,/home/arjaiswal/Polygeist/issues/aten_c_kernels/results/aten_scatter_reduce_two_cpu/debuf.mlir,63d6bd01742480d9209f2f1410c307ff70cd7353ef12ff9bf774beb9279e68dc,egglog,2,ok,0,674.6127940714359,0,"[""/usr/bin/python3"", ""/home/arjaiswal/Polygeist/scripts/correctness/kernel_match_rewrite.py"", ""/home/arjaiswal/Polygeist/issues/aten_c_kernels/results/aten_scatter_reduce_two_cpu/debuf.mlir"", ""--dry-run"", ""--matcher-mode"", ""egglog"", ""--telemetry-json"", ""/home/arjaiswal/Polygeist/issues/equality_saturation_eval/campaign_20260908/aten-aten_scatter_reduce_two_cpu-egglog-n0txn0wz.json"", ""--disable-semantic-fallback""]","== match report for /home/arjaiswal/Polygeist/issues/aten_c_kernels/results/aten_scatter_reduce_two_cpu/debuf.mlir ==
  total: 0 matched / 0 bodies
",0,[],0,0,0,0,/home/arjaiswal/Polygeist/issues/aten_c_kernels/results/aten_scatter_reduce_two_cpu/debuf.mlir,2269,8,0,0,256.4344145357609,0,64928,0.0,0,0,0,0,[],0,0,0,0.0,0
aten,aten_scatter_reduce_two_cpu,/home/arjaiswal/Polygeist/issues/aten_c_kernels/results/aten_scatter_reduce_two_cpu/debuf.mlir,63d6bd01742480d9209f2f1410c307ff70cd7353ef12ff9bf774beb9279e68dc,syntactic,2,ok,0,687.0779357850552,0,"[""/usr/bin/python3"", ""/home/arjaiswal/Polygeist/scripts/correctness/kernel_match_rewrite.py"", ""/home/arjaiswal/Polygeist/issues/aten_c_kernels/results/aten_scatter_reduce_two_cpu/debuf.mlir"", ""--dry-run"", ""--matcher-mode"", ""syntactic"", ""--telemetry-json"", ""/home/arjaiswal/Polygeist/issues/equality_saturation_eval/campaign_20260908/aten-aten_scatter_reduce_two_cpu-syntactic-d0hub42q.json"", ""--disable-semantic-fallback""]","== match report for /home/arjaiswal/Polygeist/issues/aten_c_kernels/results/aten_scatter_reduce_two_cpu/debuf.mlir ==
  total: 0 matched / 0 bodies
",0,[],0,0,0,0,/home/arjaiswal/Polygeist/issues/aten_c_kernels/results/aten_scatter_reduce_two_cpu/debuf.mlir,2269,0,0,0,248.10121953487396,0,64804,0.0,0,0,0,0,[],0,0,0,0.0,0
aten,aten_scatter_reduce_two_cpu,/home/arjaiswal/Polygeist/issues/aten_c_kernels/results/aten_scatter_reduce_two_cpu/debuf.mlir,63d6bd01742480d9209f2f1410c307ff70cd7353ef12ff9bf774beb9279e68dc,syntactic,3,ok,0,659.7225368022919,0,"[""/usr/bin/python3"", ""/home/arjaiswal/Polygeist/scripts/correctness/kernel_match_rewrite.py"", ""/home/arjaiswal/Polygeist/issues/aten_c_kernels/results/aten_scatter_reduce_two_cpu/debuf.mlir"", ""--dry-run"", ""--matcher-mode"", ""syntactic"", ""--telemetry-json"", ""/home/arjaiswal/Polygeist/issues/equality_saturation_eval/campaign_20260908/aten-aten_scatter_reduce_two_cpu-syntactic-v92c7smn.json"", ""--disable-semantic-fallback""]","== match report for /home/arjaiswal/Polygeist/issues/aten_c_kernels/results/aten_scatter_reduce_two_cpu/debuf.mlir ==
  total: 0 matched / 0 bodies
",0,[],0,0,0,0,/home/arjaiswal/Polygeist/issues/aten_c_kernels/results/aten_scatter_reduce_two_cpu/debuf.mlir,2269,0,0,0,255.37347048521042,0,64440,0.0,0,0,0,0,[],0,0,0,0.0,0
aten,aten_scatter_reduce_two_cpu,/home/arjaiswal/Polygeist/issues/aten_c_kernels/results/aten_scatter_reduce_two_cpu/debuf.mlir,63d6bd01742480d9209f2f1410c307ff70cd7353ef12ff9bf774beb9279e68dc,egglog,3,ok,0,654.5810699462891,0,"[""/usr/bin/python3"", ""/home/arjaiswal/Polygeist/scripts/correctness/kernel_match_rewrite.py"", ""/home/arjaiswal/Polygeist/issues/aten_c_kernels/results/aten_scatter_reduce_two_cpu/debuf.mlir"", ""--dry-run"", ""--matcher-mode"", ""egglog"", ""--telemetry-json"", ""/home/arjaiswal/Polygeist/issues/equality_saturation_eval/campaign_20260908/aten-aten_scatter_reduce_two_cpu-egglog-k2v2nyl8.json"", ""--disable-semantic-fallback""]","== match report for /home/arjaiswal/Polygeist/issues/aten_c_kernels/results/aten_scatter_reduce_two_cpu/debuf.mlir ==
  total: 0 matched / 0 bodies
",0,[],0,0,0,0,/home/arjaiswal/Polygeist/issues/aten_c_kernels/results/aten_scatter_reduce_two_cpu/debuf.mlir,2269,8,0,0,248.49706515669823,0,64936,0.0,0,0,0,0,[],0,0,0,0.0,0
aten,aten_scatter_reduce_two_cpu,/home/arjaiswal/Polygeist/issues/aten_c_kernels/results/aten_scatter_reduce_two_cpu/debuf.mlir,63d6bd01742480d9209f2f1410c307ff70cd7353ef12ff9bf774beb9279e68dc,egglog,4,ok,0,657.5171239674091,0,"[""/usr/bin/python3"", ""/home/arjaiswal/Polygeist/scripts/correctness/kernel_match_rewrite.py"", ""/home/arjaiswal/Polygeist/issues/aten_c_kernels/results/aten_scatter_reduce_two_cpu/debuf.mlir"", ""--dry-run"", ""--matcher-mode"", ""egglog"", ""--telemetry-json"", ""/home/arjaiswal/Polygeist/issues/equality_saturation_eval/campaign_20260908/aten-aten_scatter_reduce_two_cpu-egglog-kp2m13_0.json"", ""--disable-semantic-fallback""]","== match report for /home/arjaiswal/Polygeist/issues/aten_c_kernels/results/aten_scatter_reduce_two_cpu/debuf.mlir ==
  total: 0 matched / 0 bodies
",0,[],0,0,0,0,/home/arjaiswal/Polygeist/issues/aten_c_kernels/results/aten_scatter_reduce_two_cpu/debuf.mlir,2269,8,0,0,250.95916539430618,0,64432,0.0,0,0,0,0,[],0,0,0,0.0,0
aten,aten_scatter_reduce_two_cpu,/home/arjaiswal/Polygeist/issues/aten_c_kernels/results/aten_scatter_reduce_two_cpu/debuf.mlir,63d6bd01742480d9209f2f1410c307ff70cd7353ef12ff9bf774beb9279e68dc,syntactic,4,ok,0,667.3276461660862,0,"[""/usr/bin/python3"", ""/home/arjaiswal/Polygeist/scripts/correctness/kernel_match_rewrite.py"", ""/home/arjaiswal/Polygeist/issues/aten_c_kernels/results/aten_scatter_reduce_two_cpu/debuf.mlir"", ""--dry-run"", ""--matcher-mode"", ""syntactic"", ""--telemetry-json"", ""/home/arjaiswal/Polygeist/issues/equality_saturation_eval/campaign_20260908/aten-aten_scatter_reduce_two_cpu-syntactic-aytjd2rb.json"", ""--disable-semantic-fallback""]","== match report for /home/arjaiswal/Polygeist/issues/aten_c_kernels/results/aten_scatter_reduce_two_cpu/debuf.mlir ==
  total: 0 matched / 0 bodies
",0,[],0,0,0,0,/home/arjaiswal/Polygeist/issues/aten_c_kernels/results/aten_scatter_reduce_two_cpu/debuf.mlir,2269,0,0,0,254.1375271975994,0,64556,0.0,0,0,0,0,[],0,0,0,0.0,0
aten,aten_scatter_reduce_two_cpu,/home/arjaiswal/Polygeist/issues/aten_c_kernels/results/aten_scatter_reduce_two_cpu/debuf.mlir,63d6bd01742480d9209f2f1410c307ff70cd7353ef12ff9bf774beb9279e68dc,syntactic,5,ok,0,702.74368673563,0,"[""/usr/bin/python3"", ""/home/arjaiswal/Polygeist/scripts/correctness/kernel_match_rewrite.py"", ""/home/arjaiswal/Polygeist/issues/aten_c_kernels/results/aten_scatter_reduce_two_cpu/debuf.mlir"", ""--dry-run"", ""--matcher-mode"", ""syntactic"", ""--telemetry-json"", ""/home/arjaiswal/Polygeist/issues/equality_saturation_eval/campaign_20260908/aten-aten_scatter_reduce_two_cpu-syntactic-knj71c50.json"", ""--disable-semantic-fallback""]","== match report for /home/arjaiswal/Polygeist/issues/aten_c_kernels/results/aten_scatter_reduce_two_cpu/debuf.mlir ==
  total: 0 matched / 0 bodies
",0,[],0,0,0,0,/home/arjaiswal/Polygeist/issues/aten_c_kernels/results/aten_scatter_reduce_two_cpu/debuf.mlir,2269,0,0,0,250.221848487854,0,64856,0.0,0,0,0,0,[],0,0,0,0.0,0
aten,aten_scatter_reduce_two_cpu,/home/arjaiswal/Polygeist/issues/aten_c_kernels/results/aten_scatter_reduce_two_cpu/debuf.mlir,63d6bd01742480d9209f2f1410c307ff70cd7353ef12ff9bf774beb9279e68dc,egglog,5,ok,0,652.9475748538971,0,"[""/usr/bin/python3"", ""/home/arjaiswal/Polygeist/scripts/correctness/kernel_match_rewrite.py"", ""/home/arjaiswal/Polygeist/issues/aten_c_kernels/results/aten_scatter_reduce_two_cpu/debuf.mlir"", ""--dry-run"", ""--matcher-mode"", ""egglog"", ""--telemetry-json"", ""/home/arjaiswal/Polygeist/issues/equality_saturation_eval/campaign_20260908/aten-aten_scatter_reduce_two_cpu-egglog-g7pb7puo.json"", ""--disable-semantic-fallback""]","== match report for /home/arjaiswal/Polygeist/issues/aten_c_kernels/results/aten_scatter_reduce_two_cpu/debuf.mlir ==
  total: 0 matched / 0 bodies
",0,[],0,0,0,0,/home/arjaiswal/Polygeist/issues/aten_c_kernels/results/aten_scatter_reduce_two_cpu/debuf.mlir,2269,8,0,0,250.54380670189857,0,64824,0.0,0,0,0,0,[],0,0,0,0.0,0
aten,aten_scatter_scalar_reduce_cpu,/home/arjaiswal/Polygeist/issues/aten_c_kernels/results/aten_scatter_scalar_reduce_cpu/debuf.mlir,1fdcbd921f302b9d1c2719c0a61d8425812a85740a760fcc9f1393f876074a14,egglog,1,ok,0,706.0228697955608,0,"[""/usr/bin/python3"", ""/home/arjaiswal/Polygeist/scripts/correctness/kernel_match_rewrite.py"", ""/home/arjaiswal/Polygeist/issues/aten_c_kernels/results/aten_scatter_scalar_reduce_cpu/debuf.mlir"", ""--dry-run"", ""--matcher-mode"", ""egglog"", ""--telemetry-json"", ""/home/arjaiswal/Polygeist/issues/equality_saturation_eval/campaign_20260908/aten-aten_scatter_scalar_reduce_cpu-egglog-zvl0sxk9.json"", ""--disable-semantic-fallback""]","== match report for /home/arjaiswal/Polygeist/issues/aten_c_kernels/results/aten_scatter_scalar_reduce_cpu/debuf.mlir ==
  total: 0 matched / 0 bodies
",0,[],0,0,0,0,/home/arjaiswal/Polygeist/issues/aten_c_kernels/results/aten_scatter_scalar_reduce_cpu/debuf.mlir,3061,8,0,0,265.160720795393,0,65008,0.0,0,0,0,0,[],0,0,0,0.0,0
aten,aten_scatter_scalar_reduce_cpu,/home/arjaiswal/Polygeist/issues/aten_c_kernels/results/aten_scatter_scalar_reduce_cpu/debuf.mlir,1fdcbd921f302b9d1c2719c0a61d8425812a85740a760fcc9f1393f876074a14,syntactic,1,ok,0,677.3880571126938,0,"[""/usr/bin/python3"", ""/home/arjaiswal/Polygeist/scripts/correctness/kernel_match_rewrite.py"", ""/home/arjaiswal/Polygeist/issues/aten_c_kernels/results/aten_scatter_scalar_reduce_cpu/debuf.mlir"", ""--dry-run"", ""--matcher-mode"", ""syntactic"", ""--telemetry-json"", ""/home/arjaiswal/Polygeist/issues/equality_saturation_eval/campaign_20260908/aten-aten_scatter_scalar_reduce_cpu-syntactic-vk167ocg.json"", ""--disable-semantic-fallback""]","== match report for /home/arjaiswal/Polygeist/issues/aten_c_kernels/results/aten_scatter_scalar_reduce_cpu/debuf.mlir ==
  total: 0 matched / 0 bodies
",0,[],0,0,0,0,/home/arjaiswal/Polygeist/issues/aten_c_kernels/results/aten_scatter_scalar_reduce_cpu/debuf.mlir,3061,0,0,0,260.2963410317898,0,64628,0.0,0,0,0,0,[],0,0,0,0.0,0
aten,aten_scatter_scalar_reduce_cpu,/home/arjaiswal/Polygeist/issues/aten_c_kernels/results/aten_scatter_scalar_reduce_cpu/debuf.mlir,1fdcbd921f302b9d1c2719c0a61d8425812a85740a760fcc9f1393f876074a14,syntactic,2,ok,0,702.712956815958,0,"[""/usr/bin/python3"", ""/home/arjaiswal/Polygeist/scripts/correctness/kernel_match_rewrite.py"", ""/home/arjaiswal/Polygeist/issues/aten_c_kernels/results/aten_scatter_scalar_reduce_cpu/debuf.mlir"", ""--dry-run"", ""--matcher-mode"", ""syntactic"", ""--telemetry-json"", ""/home/arjaiswal/Polygeist/issues/equality_saturation_eval/campaign_20260908/aten-aten_scatter_scalar_reduce_cpu-syntactic-mab2hd2a.json"", ""--disable-semantic-fallback""]","== match report for /home/arjaiswal/Polygeist/issues/aten_c_kernels/results/aten_scatter_scalar_reduce_cpu/debuf.mlir ==
  total: 0 matched / 0 bodies
",0,[],0,0,0,0,/home/arjaiswal/Polygeist/issues/aten_c_kernels/results/aten_scatter_scalar_reduce_cpu/debuf.mlir,3061,0,0,0,275.60050413012505,0,64852,0.0,0,0,0,0,[],0,0,0,0.0,0
aten,aten_scatter_scalar_reduce_cpu,/home/arjaiswal/Polygeist/issues/aten_c_kernels/results/aten_scatter_scalar_reduce_cpu/debuf.mlir,1fdcbd921f302b9d1c2719c0a61d8425812a85740a760fcc9f1393f876074a14,egglog,2,ok,0,681.904386729002,0,"[""/usr/bin/python3"", ""/home/arjaiswal/Polygeist/scripts/correctness/kernel_match_rewrite.py"", ""/home/arjaiswal/Polygeist/issues/aten_c_kernels/results/aten_scatter_scalar_reduce_cpu/debuf.mlir"", ""--dry-run"", ""--matcher-mode"", ""egglog"", ""--telemetry-json"", ""/home/arjaiswal/Polygeist/issues/equality_saturation_eval/campaign_20260908/aten-aten_scatter_scalar_reduce_cpu-egglog-qjgproub.json"", ""--disable-semantic-fallback""]","== match report for /home/arjaiswal/Polygeist/issues/aten_c_kernels/results/aten_scatter_scalar_reduce_cpu/debuf.mlir ==
  total: 0 matched / 0 bodies
",0,[],0,0,0,0,/home/arjaiswal/Polygeist/issues/aten_c_kernels/results/aten_scatter_scalar_reduce_cpu/debuf.mlir,3061,8,0,0,264.56670463085175,0,64500,0.0,0,0,0,0,[],0,0,0,0.0,0
aten,aten_scatter_scalar_reduce_cpu,/home/arjaiswal/Polygeist/issues/aten_c_kernels/results/aten_scatter_scalar_reduce_cpu/debuf.mlir,1fdcbd921f302b9d1c2719c0a61d8425812a85740a760fcc9f1393f876074a14,egglog,3,ok,0,664.236456155777,0,"[""/usr/bin/python3"", ""/home/arjaiswal/Polygeist/scripts/correctness/kernel_match_rewrite.py"", ""/home/arjaiswal/Polygeist/issues/aten_c_kernels/results/aten_scatter_scalar_reduce_cpu/debuf.mlir"", ""--dry-run"", ""--matcher-mode"", ""egglog"", ""--telemetry-json"", ""/home/arjaiswal/Polygeist/issues/equality_saturation_eval/campaign_20260908/aten-aten_scatter_scalar_reduce_cpu-egglog-th82vkw2.json"", ""--disable-semantic-fallback""]","== match report for /home/arjaiswal/Polygeist/issues/aten_c_kernels/results/aten_scatter_scalar_reduce_cpu/debuf.mlir ==
  total: 0 matched / 0 bodies
",0,[],0,0,0,0,/home/arjaiswal/Polygeist/issues/aten_c_kernels/results/aten_scatter_scalar_reduce_cpu/debuf.mlir,3061,8,0,0,249.5693862438202,0,64672,0.0,0,0,0,0,[],0,0,0,0.0,0
aten,aten_scatter_scalar_reduce_cpu,/home/arjaiswal/Polygeist/issues/aten_c_kernels/results/aten_scatter_scalar_reduce_cpu/debuf.mlir,1fdcbd921f302b9d1c2719c0a61d8425812a85740a760fcc9f1393f876074a14,syntactic,3,ok,0,693.3716759085655,0,"[""/usr/bin/python3"", ""/home/arjaiswal/Polygeist/scripts/correctness/kernel_match_rewrite.py"", ""/home/arjaiswal/Polygeist/issues/aten_c_kernels/results/aten_scatter_scalar_reduce_cpu/debuf.mlir"", ""--dry-run"", ""--matcher-mode"", ""syntactic"", ""--telemetry-json"", ""/home/arjaiswal/Polygeist/issues/equality_saturation_eval/campaign_20260908/aten-aten_scatter_scalar_reduce_cpu-syntactic-q11txlfe.json"", ""--disable-semantic-fallback""]","== match report for /home/arjaiswal/Polygeist/issues/aten_c_kernels/results/aten_scatter_scalar_reduce_cpu/debuf.mlir ==
  total: 0 matched / 0 bodies
",0,[],0,0,0,0,/home/arjaiswal/Polygeist/issues/aten_c_kernels/results/aten_scatter_scalar_reduce_cpu/debuf.mlir,3061,0,0,0,276.9596762955189,0,64612,0.0,0,0,0,0,[],0,0,0,0.0,0
aten,aten_scatter_scalar_reduce_cpu,/home/arjaiswal/Polygeist/issues/aten_c_kernels/results/aten_scatter_scalar_reduce_cpu/debuf.mlir,1fdcbd921f302b9d1c2719c0a61d8425812a85740a760fcc9f1393f876074a14,syntactic,4,ok,0,680.2293881773949,0,"[""/usr/bin/python3"", ""/home/arjaiswal/Polygeist/scripts/correctness/kernel_match_rewrite.py"", ""/home/arjaiswal/Polygeist/issues/aten_c_kernels/results/aten_scatter_scalar_reduce_cpu/debuf.mlir"", ""--dry-run"", ""--matcher-mode"", ""syntactic"", ""--telemetry-json"", ""/home/arjaiswal/Polygeist/issues/equality_saturation_eval/campaign_20260908/aten-aten_scatter_scalar_reduce_cpu-syntactic-aef5dzs_.json"", ""--disable-semantic-fallback""]","== match report for /home/arjaiswal/Polygeist/issues/aten_c_kernels/results/aten_scatter_scalar_reduce_cpu/debuf.mlir ==
  total: 0 matched / 0 bodies
",0,[],0,0,0,0,/home/arjaiswal/Polygeist/issues/aten_c_kernels/results/aten_scatter_scalar_reduce_cpu/debuf.mlir,3061,0,0,0,262.83106207847595,0,64744,0.0,0,0,0,0,[],0,0,0,0.0,0
aten,aten_scatter_scalar_reduce_cpu,/home/arjaiswal/Polygeist/issues/aten_c_kernels/results/aten_scatter_scalar_reduce_cpu/debuf.mlir,1fdcbd921f302b9d1c2719c0a61d8425812a85740a760fcc9f1393f876074a14,egglog,4,ok,0,772.5197114050388,0,"[""/usr/bin/python3"", ""/home/arjaiswal/Polygeist/scripts/correctness/kernel_match_rewrite.py"", ""/home/arjaiswal/Polygeist/issues/aten_c_kernels/results/aten_scatter_scalar_reduce_cpu/debuf.mlir"", ""--dry-run"", ""--matcher-mode"", ""egglog"", ""--telemetry-json"", ""/home/arjaiswal/Polygeist/issues/equality_saturation_eval/campaign_20260908/aten-aten_scatter_scalar_reduce_cpu-egglog-kuvcx557.json"", ""--disable-semantic-fallback""]","== match report for /home/arjaiswal/Polygeist/issues/aten_c_kernels/results/aten_scatter_scalar_reduce_cpu/debuf.mlir ==
  total: 0 matched / 0 bodies
",0,[],0,0,0,0,/home/arjaiswal/Polygeist/issues/aten_c_kernels/results/aten_scatter_scalar_reduce_cpu/debuf.mlir,3061,8,0,0,328.78121361136436,0,64592,0.0,0,0,0,0,[],0,0,0,0.0,0
aten,aten_scatter_scalar_reduce_cpu,/home/arjaiswal/Polygeist/issues/aten_c_kernels/results/aten_scatter_scalar_reduce_cpu/debuf.mlir,1fdcbd921f302b9d1c2719c0a61d8425812a85740a760fcc9f1393f876074a14,egglog,5,ok,0,781.3428789377213,0,"[""/usr/bin/python3"", ""/home/arjaiswal/Polygeist/scripts/correctness/kernel_match_rewrite.py"", ""/home/arjaiswal/Polygeist/issues/aten_c_kernels/results/aten_scatter_scalar_reduce_cpu/debuf.mlir"", ""--dry-run"", ""--matcher-mode"", ""egglog"", ""--telemetry-json"", ""/home/arjaiswal/Polygeist/issues/equality_saturation_eval/campaign_20260908/aten-aten_scatter_scalar_reduce_cpu-egglog-b2fcyvmh.json"", ""--disable-semantic-fallback""]","== match report for /home/arjaiswal/Polygeist/issues/aten_c_kernels/results/aten_scatter_scalar_reduce_cpu/debuf.mlir ==
  total: 0 matched / 0 bodies
",0,[],0,0,0,0,/home/arjaiswal/Polygeist/issues/aten_c_kernels/results/aten_scatter_scalar_reduce_cpu/debuf.mlir,3061,8,0,0,277.8537832200527,0,64672,0.0,0,0,0,0,[],0,0,0,0.0,0
aten,aten_scatter_scalar_reduce_cpu,/home/arjaiswal/Polygeist/issues/aten_c_kernels/results/aten_scatter_scalar_reduce_cpu/debuf.mlir,1fdcbd921f302b9d1c2719c0a61d8425812a85740a760fcc9f1393f876074a14,syntactic,5,ok,0,681.1104156076908,0,"[""/usr/bin/python3"", ""/home/arjaiswal/Polygeist/scripts/correctness/kernel_match_rewrite.py"", ""/home/arjaiswal/Polygeist/issues/aten_c_kernels/results/aten_scatter_scalar_reduce_cpu/debuf.mlir"", ""--dry-run"", ""--matcher-mode"", ""syntactic"", ""--telemetry-json"", ""/home/arjaiswal/Polygeist/issues/equality_saturation_eval/campaign_20260908/aten-aten_scatter_scalar_reduce_cpu-syntactic-3vne8b_1.json"", ""--disable-semantic-fallback""]","== match report for /home/arjaiswal/Polygeist/issues/aten_c_kernels/results/aten_scatter_scalar_reduce_cpu/debuf.mlir ==
  total: 0 matched / 0 bodies
",0,[],0,0,0,0,/home/arjaiswal/Polygeist/issues/aten_c_kernels/results/aten_scatter_scalar_reduce_cpu/debuf.mlir,3061,0,0,0,268.55721324682236,0,64588,0.0,0,0,0,0,[],0,0,0,0.0,0
aten,aten_searchsorted_cpu,/home/arjaiswal/Polygeist/issues/aten_c_kernels/results/aten_searchsorted_cpu/debuf.mlir,c562467cda253a77fe55a965f21dd57324c6fdb29213821b11228d3d2814dc14,syntactic,1,ok,0,714.844536036253,0,"[""/usr/bin/python3"", ""/home/arjaiswal/Polygeist/scripts/correctness/kernel_match_rewrite.py"", ""/home/arjaiswal/Polygeist/issues/aten_c_kernels/results/aten_searchsorted_cpu/debuf.mlir"", ""--dry-run"", ""--matcher-mode"", ""syntactic"", ""--telemetry-json"", ""/home/arjaiswal/Polygeist/issues/equality_saturation_eval/campaign_20260908/aten-aten_searchsorted_cpu-syntactic-ii5nu4dx.json"", ""--disable-semantic-fallback""]","== match report for /home/arjaiswal/Polygeist/issues/aten_c_kernels/results/aten_searchsorted_cpu/debuf.mlir ==
  total: 0 matched / 0 bodies
",0,[],0,0,0,0,/home/arjaiswal/Polygeist/issues/aten_c_kernels/results/aten_searchsorted_cpu/debuf.mlir,2631,0,0,0,262.7427689731121,0,64760,0.0,0,0,0,0,[],0,0,0,0.0,0
aten,aten_searchsorted_cpu,/home/arjaiswal/Polygeist/issues/aten_c_kernels/results/aten_searchsorted_cpu/debuf.mlir,c562467cda253a77fe55a965f21dd57324c6fdb29213821b11228d3d2814dc14,egglog,1,ok,0,776.9605927169323,0,"[""/usr/bin/python3"", ""/home/arjaiswal/Polygeist/scripts/correctness/kernel_match_rewrite.py"", ""/home/arjaiswal/Polygeist/issues/aten_c_kernels/results/aten_searchsorted_cpu/debuf.mlir"", ""--dry-run"", ""--matcher-mode"", ""egglog"", ""--telemetry-json"", ""/home/arjaiswal/Polygeist/issues/equality_saturation_eval/campaign_20260908/aten-aten_searchsorted_cpu-egglog-qxugx7f7.json"", ""--disable-semantic-fallback""]","== match report for /home/arjaiswal/Polygeist/issues/aten_c_kernels/results/aten_searchsorted_cpu/debuf.mlir ==
  total: 0 matched / 0 bodies
",0,[],0,0,0,0,/home/arjaiswal/Polygeist/issues/aten_c_kernels/results/aten_searchsorted_cpu/debuf.mlir,2631,8,0,0,317.82030314207077,0,64744,0.0,0,0,0,0,[],0,0,0,0.0,0
aten,aten_searchsorted_cpu,/home/arjaiswal/Polygeist/issues/aten_c_kernels/results/aten_searchsorted_cpu/debuf.mlir,c562467cda253a77fe55a965f21dd57324c6fdb29213821b11228d3d2814dc14,egglog,2,ok,0,717.9340608417988,0,"[""/usr/bin/python3"", ""/home/arjaiswal/Polygeist/scripts/correctness/kernel_match_rewrite.py"", ""/home/arjaiswal/Polygeist/issues/aten_c_kernels/results/aten_searchsorted_cpu/debuf.mlir"", ""--dry-run"", ""--matcher-mode"", ""egglog"", ""--telemetry-json"", ""/home/arjaiswal/Polygeist/issues/equality_saturation_eval/campaign_20260908/aten-aten_searchsorted_cpu-egglog-93_8_1ck.json"", ""--disable-semantic-fallback""]","== match report for /home/arjaiswal/Polygeist/issues/aten_c_kernels/results/aten_searchsorted_cpu/debuf.mlir ==
  total: 0 matched / 0 bodies
",0,[],0,0,0,0,/home/arjaiswal/Polygeist/issues/aten_c_kernels/results/aten_searchsorted_cpu/debuf.mlir,2631,8,0,0,285.72551533579826,0,64664,0.0,0,0,0,0,[],0,0,0,0.0,0
aten,aten_searchsorted_cpu,/home/arjaiswal/Polygeist/issues/aten_c_kernels/results/aten_searchsorted_cpu/debuf.mlir,c562467cda253a77fe55a965f21dd57324c6fdb29213821b11228d3d2814dc14,syntactic,2,ok,0,729.3362468481064,0,"[""/usr/bin/python3"", ""/home/arjaiswal/Polygeist/scripts/correctness/kernel_match_rewrite.py"", ""/home/arjaiswal/Polygeist/issues/aten_c_kernels/results/aten_searchsorted_cpu/debuf.mlir"", ""--dry-run"", ""--matcher-mode"", ""syntactic"", ""--telemetry-json"", ""/home/arjaiswal/Polygeist/issues/equality_saturation_eval/campaign_20260908/aten-aten_searchsorted_cpu-syntactic-h7y_4nqz.json"", ""--disable-semantic-fallback""]","== match report for /home/arjaiswal/Polygeist/issues/aten_c_kernels/results/aten_searchsorted_cpu/debuf.mlir ==
  total: 0 matched / 0 bodies
",0,[],0,0,0,0,/home/arjaiswal/Polygeist/issues/aten_c_kernels/results/aten_searchsorted_cpu/debuf.mlir,2631,0,0,0,284.98223423957825,0,64716,0.0,0,0,0,0,[],0,0,0,0.0,0
aten,aten_searchsorted_cpu,/home/arjaiswal/Polygeist/issues/aten_c_kernels/results/aten_searchsorted_cpu/debuf.mlir,c562467cda253a77fe55a965f21dd57324c6fdb29213821b11228d3d2814dc14,syntactic,3,ok,0,698.5455192625523,0,"[""/usr/bin/python3"", ""/home/arjaiswal/Polygeist/scripts/correctness/kernel_match_rewrite.py"", ""/home/arjaiswal/Polygeist/issues/aten_c_kernels/results/aten_searchsorted_cpu/debuf.mlir"", ""--dry-run"", ""--matcher-mode"", ""syntactic"", ""--telemetry-json"", ""/home/arjaiswal/Polygeist/issues/equality_saturation_eval/campaign_20260908/aten-aten_searchsorted_cpu-syntactic-lgcxilfi.json"", ""--disable-semantic-fallback""]","== match report for /home/arjaiswal/Polygeist/issues/aten_c_kernels/results/aten_searchsorted_cpu/debuf.mlir ==
  total: 0 matched / 0 bodies
",0,[],0,0,0,0,/home/arjaiswal/Polygeist/issues/aten_c_kernels/results/aten_searchsorted_cpu/debuf.mlir,2631,0,0,0,254.74509224295616,0,64448,0.0,0,0,0,0,[],0,0,0,0.0,0
aten,aten_searchsorted_cpu,/home/arjaiswal/Polygeist/issues/aten_c_kernels/results/aten_searchsorted_cpu/debuf.mlir,c562467cda253a77fe55a965f21dd57324c6fdb29213821b11228d3d2814dc14,egglog,3,ok,0,667.915116995573,0,"[""/usr/bin/python3"", ""/home/arjaiswal/Polygeist/scripts/correctness/kernel_match_rewrite.py"", ""/home/arjaiswal/Polygeist/issues/aten_c_kernels/results/aten_searchsorted_cpu/debuf.mlir"", ""--dry-run"", ""--matcher-mode"", ""egglog"", ""--telemetry-json"", ""/home/arjaiswal/Polygeist/issues/equality_saturation_eval/campaign_20260908/aten-aten_searchsorted_cpu-egglog-a0bd87_1.json"", ""--disable-semantic-fallback""]","== match report for /home/arjaiswal/Polygeist/issues/aten_c_kernels/results/aten_searchsorted_cpu/debuf.mlir ==
  total: 0 matched / 0 bodies
",0,[],0,0,0,0,/home/arjaiswal/Polygeist/issues/aten_c_kernels/results/aten_searchsorted_cpu/debuf.mlir,2631,8,0,0,258.7032578885555,0,64528,0.0,0,0,0,0,[],0,0,0,0.0,0
aten,aten_searchsorted_cpu,/home/arjaiswal/Polygeist/issues/aten_c_kernels/results/aten_searchsorted_cpu/debuf.mlir,c562467cda253a77fe55a965f21dd57324c6fdb29213821b11228d3d2814dc14,egglog,4,ok,0,652.9959104955196,0,"[""/usr/bin/python3"", ""/home/arjaiswal/Polygeist/scripts/correctness/kernel_match_rewrite.py"", ""/home/arjaiswal/Polygeist/issues/aten_c_kernels/results/aten_searchsorted_cpu/debuf.mlir"", ""--dry-run"", ""--matcher-mode"", ""egglog"", ""--telemetry-json"", ""/home/arjaiswal/Polygeist/issues/equality_saturation_eval/campaign_20260908/aten-aten_searchsorted_cpu-egglog-acvcpjp8.json"", ""--disable-semantic-fallback""]","== match report for /home/arjaiswal/Polygeist/issues/aten_c_kernels/results/aten_searchsorted_cpu/debuf.mlir ==
  total: 0 matched / 0 bodies
",0,[],0,0,0,0,/home/arjaiswal/Polygeist/issues/aten_c_kernels/results/aten_searchsorted_cpu/debuf.mlir,2631,8,0,0,249.23886358737946,0,64808,0.0,0,0,0,0,[],0,0,0,0.0,0
aten,aten_searchsorted_cpu,/home/arjaiswal/Polygeist/issues/aten_c_kernels/results/aten_searchsorted_cpu/debuf.mlir,c562467cda253a77fe55a965f21dd57324c6fdb29213821b11228d3d2814dc14,syntactic,4,ok,0,673.0042211711407,0,"[""/usr/bin/python3"", ""/home/arjaiswal/Polygeist/scripts/correctness/kernel_match_rewrite.py"", ""/home/arjaiswal/Polygeist/issues/aten_c_kernels/results/aten_searchsorted_cpu/debuf.mlir"", ""--dry-run"", ""--matcher-mode"", ""syntactic"", ""--telemetry-json"", ""/home/arjaiswal/Polygeist/issues/equality_saturation_eval/campaign_20260908/aten-aten_searchsorted_cpu-syntactic-g_xb13w7.json"", ""--disable-semantic-fallback""]","== match report for /home/arjaiswal/Polygeist/issues/aten_c_kernels/results/aten_searchsorted_cpu/debuf.mlir ==
  total: 0 matched / 0 bodies
",0,[],0,0,0,0,/home/arjaiswal/Polygeist/issues/aten_c_kernels/results/aten_searchsorted_cpu/debuf.mlir,2631,0,0,0,256.7090168595314,0,64624,0.0,0,0,0,0,[],0,0,0,0.0,0
aten,aten_searchsorted_cpu,/home/arjaiswal/Polygeist/issues/aten_c_kernels/results/aten_searchsorted_cpu/debuf.mlir,c562467cda253a77fe55a965f21dd57324c6fdb29213821b11228d3d2814dc14,syntactic,5,ok,0,698.1927454471588,0,"[""/usr/bin/python3"", ""/home/arjaiswal/Polygeist/scripts/correctness/kernel_match_rewrite.py"", ""/home/arjaiswal/Polygeist/issues/aten_c_kernels/results/aten_searchsorted_cpu/debuf.mlir"", ""--dry-run"", ""--matcher-mode"", ""syntactic"", ""--telemetry-json"", ""/home/arjaiswal/Polygeist/issues/equality_saturation_eval/campaign_20260908/aten-aten_searchsorted_cpu-syntactic-8sr6thmj.json"", ""--disable-semantic-fallback""]","== match report for /home/arjaiswal/Polygeist/issues/aten_c_kernels/results/aten_searchsorted_cpu/debuf.mlir ==
  total: 0 matched / 0 bodies
",0,[],0,0,0,0,/home/arjaiswal/Polygeist/issues/aten_c_kernels/results/aten_searchsorted_cpu/debuf.mlir,2631,0,0,0,274.10508692264557,0,64736,0.0,0,0,0,0,[],0,0,0,0.0,0
aten,aten_searchsorted_cpu,/home/arjaiswal/Polygeist/issues/aten_c_kernels/results/aten_searchsorted_cpu/debuf.mlir,c562467cda253a77fe55a965f21dd57324c6fdb29213821b11228d3d2814dc14,egglog,5,ok,0,692.5188340246677,0,"[""/usr/bin/python3"", ""/home/arjaiswal/Polygeist/scripts/correctness/kernel_match_rewrite.py"", ""/home/arjaiswal/Polygeist/issues/aten_c_kernels/results/aten_searchsorted_cpu/debuf.mlir"", ""--dry-run"", ""--matcher-mode"", ""egglog"", ""--telemetry-json"", ""/home/arjaiswal/Polygeist/issues/equality_saturation_eval/campaign_20260908/aten-aten_searchsorted_cpu-egglog-vph0cdz8.json"", ""--disable-semantic-fallback""]","== match report for /home/arjaiswal/Polygeist/issues/aten_c_kernels/results/aten_searchsorted_cpu/debuf.mlir ==
  total: 0 matched / 0 bodies
",0,[],0,0,0,0,/home/arjaiswal/Polygeist/issues/aten_c_kernels/results/aten_searchsorted_cpu/debuf.mlir,2631,8,0,0,269.797433167696,0,64604,0.0,0,0,0,0,[],0,0,0,0.0,0
aten,aten_segment_reduce_lengths_backward_cpu,/home/arjaiswal/Polygeist/issues/aten_c_kernels/results/aten_segment_reduce_lengths_backward_cpu/debuf.mlir,3f5ca8111dc1bb5b7013330793576b2c8668fe8b6ef083572584e6b843ebcc75,egglog,1,ok,0,699.5963044464588,0,"[""/usr/bin/python3"", ""/home/arjaiswal/Polygeist/scripts/correctness/kernel_match_rewrite.py"", ""/home/arjaiswal/Polygeist/issues/aten_c_kernels/results/aten_segment_reduce_lengths_backward_cpu/debuf.mlir"", ""--dry-run"", ""--matcher-mode"", ""egglog"", ""--telemetry-json"", ""/home/arjaiswal/Polygeist/issues/equality_saturation_eval/campaign_20260908/aten-aten_segment_reduce_lengths_backward_cpu-egglog-fu446odz.json"", ""--disable-semantic-fallback""]","== match report for /home/arjaiswal/Polygeist/issues/aten_c_kernels/results/aten_segment_reduce_lengths_backward_cpu/debuf.mlir ==
  total: 0 matched / 0 bodies
",0,[],0,0,0,0,/home/arjaiswal/Polygeist/issues/aten_c_kernels/results/aten_segment_reduce_lengths_backward_cpu/debuf.mlir,3958,8,0,0,254.21835482120514,0,64740,0.0,0,0,0,0,[],0,0,0,0.0,0
aten,aten_segment_reduce_lengths_backward_cpu,/home/arjaiswal/Polygeist/issues/aten_c_kernels/results/aten_segment_reduce_lengths_backward_cpu/debuf.mlir,3f5ca8111dc1bb5b7013330793576b2c8668fe8b6ef083572584e6b843ebcc75,syntactic,1,ok,0,690.7435171306133,0,"[""/usr/bin/python3"", ""/home/arjaiswal/Polygeist/scripts/correctness/kernel_match_rewrite.py"", ""/home/arjaiswal/Polygeist/issues/aten_c_kernels/results/aten_segment_reduce_lengths_backward_cpu/debuf.mlir"", ""--dry-run"", ""--matcher-mode"", ""syntactic"", ""--telemetry-json"", ""/home/arjaiswal/Polygeist/issues/equality_saturation_eval/campaign_20260908/aten-aten_segment_reduce_lengths_backward_cpu-syntactic-6vwru6uc.json"", ""--disable-semantic-fallback""]","== match report for /home/arjaiswal/Polygeist/issues/aten_c_kernels/results/aten_segment_reduce_lengths_backward_cpu/debuf.mlir ==
  total: 0 matched / 0 bodies
",0,[],0,0,0,0,/home/arjaiswal/Polygeist/issues/aten_c_kernels/results/aten_segment_reduce_lengths_backward_cpu/debuf.mlir,3958,0,0,0,263.8717256486416,0,64712,0.0,0,0,0,0,[],0,0,0,0.0,0
aten,aten_segment_reduce_lengths_backward_cpu,/home/arjaiswal/Polygeist/issues/aten_c_kernels/results/aten_segment_reduce_lengths_backward_cpu/debuf.mlir,3f5ca8111dc1bb5b7013330793576b2c8668fe8b6ef083572584e6b843ebcc75,syntactic,2,ok,0,687.6322962343693,0,"[""/usr/bin/python3"", ""/home/arjaiswal/Polygeist/scripts/correctness/kernel_match_rewrite.py"", ""/home/arjaiswal/Polygeist/issues/aten_c_kernels/results/aten_segment_reduce_lengths_backward_cpu/debuf.mlir"", ""--dry-run"", ""--matcher-mode"", ""syntactic"", ""--telemetry-json"", ""/home/arjaiswal/Polygeist/issues/equality_saturation_eval/campaign_20260908/aten-aten_segment_reduce_lengths_backward_cpu-syntactic-u_u7t_ea.json"", ""--disable-semantic-fallback""]","== match report for /home/arjaiswal/Polygeist/issues/aten_c_kernels/results/aten_segment_reduce_lengths_backward_cpu/debuf.mlir ==
  total: 0 matched / 0 bodies
",0,[],0,0,0,0,/home/arjaiswal/Polygeist/issues/aten_c_kernels/results/aten_segment_reduce_lengths_backward_cpu/debuf.mlir,3958,0,0,0,261.1461356282234,0,64824,0.0,0,0,0,0,[],0,0,0,0.0,0
aten,aten_segment_reduce_lengths_backward_cpu,/home/arjaiswal/Polygeist/issues/aten_c_kernels/results/aten_segment_reduce_lengths_backward_cpu/debuf.mlir,3f5ca8111dc1bb5b7013330793576b2c8668fe8b6ef083572584e6b843ebcc75,egglog,2,ok,0,676.5356585383415,0,"[""/usr/bin/python3"", ""/home/arjaiswal/Polygeist/scripts/correctness/kernel_match_rewrite.py"", ""/home/arjaiswal/Polygeist/issues/aten_c_kernels/results/aten_segment_reduce_lengths_backward_cpu/debuf.mlir"", ""--dry-run"", ""--matcher-mode"", ""egglog"", ""--telemetry-json"", ""/home/arjaiswal/Polygeist/issues/equality_saturation_eval/campaign_20260908/aten-aten_segment_reduce_lengths_backward_cpu-egglog-5eyo39cp.json"", ""--disable-semantic-fallback""]","== match report for /home/arjaiswal/Polygeist/issues/aten_c_kernels/results/aten_segment_reduce_lengths_backward_cpu/debuf.mlir ==
  total: 0 matched / 0 bodies
",0,[],0,0,0,0,/home/arjaiswal/Polygeist/issues/aten_c_kernels/results/aten_segment_reduce_lengths_backward_cpu/debuf.mlir,3958,8,0,0,266.0304382443428,0,64620,0.0,0,0,0,0,[],0,0,0,0.0,0
aten,aten_segment_reduce_lengths_backward_cpu,/home/arjaiswal/Polygeist/issues/aten_c_kernels/results/aten_segment_reduce_lengths_backward_cpu/debuf.mlir,3f5ca8111dc1bb5b7013330793576b2c8668fe8b6ef083572584e6b843ebcc75,egglog,3,ok,0,677.2385463118553,0,"[""/usr/bin/python3"", ""/home/arjaiswal/Polygeist/scripts/correctness/kernel_match_rewrite.py"", ""/home/arjaiswal/Polygeist/issues/aten_c_kernels/results/aten_segment_reduce_lengths_backward_cpu/debuf.mlir"", ""--dry-run"", ""--matcher-mode"", ""egglog"", ""--telemetry-json"", ""/home/arjaiswal/Polygeist/issues/equality_saturation_eval/campaign_20260908/aten-aten_segment_reduce_lengths_backward_cpu-egglog-7r77ns4b.json"", ""--disable-semantic-fallback""]","== match report for /home/arjaiswal/Polygeist/issues/aten_c_kernels/results/aten_segment_reduce_lengths_backward_cpu/debuf.mlir ==
  total: 0 matched / 0 bodies
",0,[],0,0,0,0,/home/arjaiswal/Polygeist/issues/aten_c_kernels/results/aten_segment_reduce_lengths_backward_cpu/debuf.mlir,3958,8,0,0,259.32395830750465,0,64580,0.0,0,0,0,0,[],0,0,0,0.0,0
aten,aten_segment_reduce_lengths_backward_cpu,/home/arjaiswal/Polygeist/issues/aten_c_kernels/results/aten_segment_reduce_lengths_backward_cpu/debuf.mlir,3f5ca8111dc1bb5b7013330793576b2c8668fe8b6ef083572584e6b843ebcc75,syntactic,3,ok,0,687.1197782456875,0,"[""/usr/bin/python3"", ""/home/arjaiswal/Polygeist/scripts/correctness/kernel_match_rewrite.py"", ""/home/arjaiswal/Polygeist/issues/aten_c_kernels/results/aten_segment_reduce_lengths_backward_cpu/debuf.mlir"", ""--dry-run"", ""--matcher-mode"", ""syntactic"", ""--telemetry-json"", ""/home/arjaiswal/Polygeist/issues/equality_saturation_eval/campaign_20260908/aten-aten_segment_reduce_lengths_backward_cpu-syntactic-5ilqbjx6.json"", ""--disable-semantic-fallback""]","== match report for /home/arjaiswal/Polygeist/issues/aten_c_kernels/results/aten_segment_reduce_lengths_backward_cpu/debuf.mlir ==
  total: 0 matched / 0 bodies
",0,[],0,0,0,0,/home/arjaiswal/Polygeist/issues/aten_c_kernels/results/aten_segment_reduce_lengths_backward_cpu/debuf.mlir,3958,0,0,0,260.99587604403496,0,64764,0.0,0,0,0,0,[],0,0,0,0.0,0
aten,aten_segment_reduce_lengths_backward_cpu,/home/arjaiswal/Polygeist/issues/aten_c_kernels/results/aten_segment_reduce_lengths_backward_cpu/debuf.mlir,3f5ca8111dc1bb5b7013330793576b2c8668fe8b6ef083572584e6b843ebcc75,syntactic,4,ok,0,682.3306530714035,0,"[""/usr/bin/python3"", ""/home/arjaiswal/Polygeist/scripts/correctness/kernel_match_rewrite.py"", ""/home/arjaiswal/Polygeist/issues/aten_c_kernels/results/aten_segment_reduce_lengths_backward_cpu/debuf.mlir"", ""--dry-run"", ""--matcher-mode"", ""syntactic"", ""--telemetry-json"", ""/home/arjaiswal/Polygeist/issues/equality_saturation_eval/campaign_20260908/aten-aten_segment_reduce_lengths_backward_cpu-syntactic-fbfpzz2y.json"", ""--disable-semantic-fallback""]","== match report for /home/arjaiswal/Polygeist/issues/aten_c_kernels/results/aten_segment_reduce_lengths_backward_cpu/debuf.mlir ==
  total: 0 matched / 0 bodies
",0,[],0,0,0,0,/home/arjaiswal/Polygeist/issues/aten_c_kernels/results/aten_segment_reduce_lengths_backward_cpu/debuf.mlir,3958,0,0,0,270.70703729987144,0,64904,0.0,0,0,0,0,[],0,0,0,0.0,0
aten,aten_segment_reduce_lengths_backward_cpu,/home/arjaiswal/Polygeist/issues/aten_c_kernels/results/aten_segment_reduce_lengths_backward_cpu/debuf.mlir,3f5ca8111dc1bb5b7013330793576b2c8668fe8b6ef083572584e6b843ebcc75,egglog,4,ok,0,739.6793812513351,0,"[""/usr/bin/python3"", ""/home/arjaiswal/Polygeist/scripts/correctness/kernel_match_rewrite.py"", ""/home/arjaiswal/Polygeist/issues/aten_c_kernels/results/aten_segment_reduce_lengths_backward_cpu/debuf.mlir"", ""--dry-run"", ""--matcher-mode"", ""egglog"", ""--telemetry-json"", ""/home/arjaiswal/Polygeist/issues/equality_saturation_eval/campaign_20260908/aten-aten_segment_reduce_lengths_backward_cpu-egglog-ag3w505i.json"", ""--disable-semantic-fallback""]","== match report for /home/arjaiswal/Polygeist/issues/aten_c_kernels/results/aten_segment_reduce_lengths_backward_cpu/debuf.mlir ==
  total: 0 matched / 0 bodies
",0,[],0,0,0,0,/home/arjaiswal/Polygeist/issues/aten_c_kernels/results/aten_segment_reduce_lengths_backward_cpu/debuf.mlir,3958,8,0,0,298.1514260172844,0,64712,0.0,0,0,0,0,[],0,0,0,0.0,0
aten,aten_segment_reduce_lengths_backward_cpu,/home/arjaiswal/Polygeist/issues/aten_c_kernels/results/aten_segment_reduce_lengths_backward_cpu/debuf.mlir,3f5ca8111dc1bb5b7013330793576b2c8668fe8b6ef083572584e6b843ebcc75,egglog,5,ok,0,706.8258784711361,0,"[""/usr/bin/python3"", ""/home/arjaiswal/Polygeist/scripts/correctness/kernel_match_rewrite.py"", ""/home/arjaiswal/Polygeist/issues/aten_c_kernels/results/aten_segment_reduce_lengths_backward_cpu/debuf.mlir"", ""--dry-run"", ""--matcher-mode"", ""egglog"", ""--telemetry-json"", ""/home/arjaiswal/Polygeist/issues/equality_saturation_eval/campaign_20260908/aten-aten_segment_reduce_lengths_backward_cpu-egglog-br2ftpby.json"", ""--disable-semantic-fallback""]","== match report for /home/arjaiswal/Polygeist/issues/aten_c_kernels/results/aten_segment_reduce_lengths_backward_cpu/debuf.mlir ==
  total: 0 matched / 0 bodies
",0,[],0,0,0,0,/home/arjaiswal/Polygeist/issues/aten_c_kernels/results/aten_segment_reduce_lengths_backward_cpu/debuf.mlir,3958,8,0,0,274.30107444524765,0,64756,0.0,0,0,0,0,[],0,0,0,0.0,0
aten,aten_segment_reduce_lengths_backward_cpu,/home/arjaiswal/Polygeist/issues/aten_c_kernels/results/aten_segment_reduce_lengths_backward_cpu/debuf.mlir,3f5ca8111dc1bb5b7013330793576b2c8668fe8b6ef083572584e6b843ebcc75,syntactic,5,ok,0,701.8051408231258,0,"[""/usr/bin/python3"", ""/home/arjaiswal/Polygeist/scripts/correctness/kernel_match_rewrite.py"", ""/home/arjaiswal/Polygeist/issues/aten_c_kernels/results/aten_segment_reduce_lengths_backward_cpu/debuf.mlir"", ""--dry-run"", ""--matcher-mode"", ""syntactic"", ""--telemetry-json"", ""/home/arjaiswal/Polygeist/issues/equality_saturation_eval/campaign_20260908/aten-aten_segment_reduce_lengths_backward_cpu-syntactic-odmca198.json"", ""--disable-semantic-fallback""]","== match report for /home/arjaiswal/Polygeist/issues/aten_c_kernels/results/aten_segment_reduce_lengths_backward_cpu/debuf.mlir ==
  total: 0 matched / 0 bodies
",0,[],0,0,0,0,/home/arjaiswal/Polygeist/issues/aten_c_kernels/results/aten_segment_reduce_lengths_backward_cpu/debuf.mlir,3958,0,0,0,280.27840703725815,0,64692,0.0,0,0,0,0,[],0,0,0,0.0,0
aten,aten_segment_reduce_lengths_cpu,/home/arjaiswal/Polygeist/issues/aten_c_kernels/results/aten_segment_reduce_lengths_cpu/debuf.mlir,20e11bcd46b3c72747e32f40108479b202b245a78491221fb886bc3d6caf0238,syntactic,1,ok,0,681.0583882033825,0,"[""/usr/bin/python3"", ""/home/arjaiswal/Polygeist/scripts/correctness/kernel_match_rewrite.py"", ""/home/arjaiswal/Polygeist/issues/aten_c_kernels/results/aten_segment_reduce_lengths_cpu/debuf.mlir"", ""--dry-run"", ""--matcher-mode"", ""syntactic"", ""--telemetry-json"", ""/home/arjaiswal/Polygeist/issues/equality_saturation_eval/campaign_20260908/aten-aten_segment_reduce_lengths_cpu-syntactic-zajkbf35.json"", ""--disable-semantic-fallback""]","== match report for /home/arjaiswal/Polygeist/issues/aten_c_kernels/results/aten_segment_reduce_lengths_cpu/debuf.mlir ==
  total: 0 matched / 0 bodies
",0,[],0,0,0,0,/home/arjaiswal/Polygeist/issues/aten_c_kernels/results/aten_segment_reduce_lengths_cpu/debuf.mlir,4221,0,0,0,263.09889554977417,0,64676,0.0,0,0,0,0,[],0,0,0,0.0,0
aten,aten_segment_reduce_lengths_cpu,/home/arjaiswal/Polygeist/issues/aten_c_kernels/results/aten_segment_reduce_lengths_cpu/debuf.mlir,20e11bcd46b3c72747e32f40108479b202b245a78491221fb886bc3d6caf0238,egglog,1,ok,0,695.1507739722729,0,"[""/usr/bin/python3"", ""/home/arjaiswal/Polygeist/scripts/correctness/kernel_match_rewrite.py"", ""/home/arjaiswal/Polygeist/issues/aten_c_kernels/results/aten_segment_reduce_lengths_cpu/debuf.mlir"", ""--dry-run"", ""--matcher-mode"", ""egglog"", ""--telemetry-json"", ""/home/arjaiswal/Polygeist/issues/equality_saturation_eval/campaign_20260908/aten-aten_segment_reduce_lengths_cpu-egglog-8l6sj4sd.json"", ""--disable-semantic-fallback""]","== match report for /home/arjaiswal/Polygeist/issues/aten_c_kernels/results/aten_segment_reduce_lengths_cpu/debuf.mlir ==
  total: 0 matched / 0 bodies
",0,[],0,0,0,0,/home/arjaiswal/Polygeist/issues/aten_c_kernels/results/aten_segment_reduce_lengths_cpu/debuf.mlir,4221,8,0,0,255.2640661597252,0,64288,0.0,0,0,0,0,[],0,0,0,0.0,0
aten,aten_segment_reduce_lengths_cpu,/home/arjaiswal/Polygeist/issues/aten_c_kernels/results/aten_segment_reduce_lengths_cpu/debuf.mlir,20e11bcd46b3c72747e32f40108479b202b245a78491221fb886bc3d6caf0238,egglog,2,ok,0,679.4822961091995,0,"[""/usr/bin/python3"", ""/home/arjaiswal/Polygeist/scripts/correctness/kernel_match_rewrite.py"", ""/home/arjaiswal/Polygeist/issues/aten_c_kernels/results/aten_segment_reduce_lengths_cpu/debuf.mlir"", ""--dry-run"", ""--matcher-mode"", ""egglog"", ""--telemetry-json"", ""/home/arjaiswal/Polygeist/issues/equality_saturation_eval/campaign_20260908/aten-aten_segment_reduce_lengths_cpu-egglog-aab2b9y1.json"", ""--disable-semantic-fallback""]","== match report for /home/arjaiswal/Polygeist/issues/aten_c_kernels/results/aten_segment_reduce_lengths_cpu/debuf.mlir ==
  total: 0 matched / 0 bodies
",0,[],0,0,0,0,/home/arjaiswal/Polygeist/issues/aten_c_kernels/results/aten_segment_reduce_lengths_cpu/debuf.mlir,4221,8,0,0,263.0854398012161,0,64744,0.0,0,0,0,0,[],0,0,0,0.0,0
aten,aten_segment_reduce_lengths_cpu,/home/arjaiswal/Polygeist/issues/aten_c_kernels/results/aten_segment_reduce_lengths_cpu/debuf.mlir,20e11bcd46b3c72747e32f40108479b202b245a78491221fb886bc3d6caf0238,syntactic,2,ok,0,681.5734319388866,0,"[""/usr/bin/python3"", ""/home/arjaiswal/Polygeist/scripts/correctness/kernel_match_rewrite.py"", ""/home/arjaiswal/Polygeist/issues/aten_c_kernels/results/aten_segment_reduce_lengths_cpu/debuf.mlir"", ""--dry-run"", ""--matcher-mode"", ""syntactic"", ""--telemetry-json"", ""/home/arjaiswal/Polygeist/issues/equality_saturation_eval/campaign_20260908/aten-aten_segment_reduce_lengths_cpu-syntactic-ikdk9lme.json"", ""--disable-semantic-fallback""]","== match report for /home/arjaiswal/Polygeist/issues/aten_c_kernels/results/aten_segment_reduce_lengths_cpu/debuf.mlir ==
  total: 0 matched / 0 bodies
",0,[],0,0,0,0,/home/arjaiswal/Polygeist/issues/aten_c_kernels/results/aten_segment_reduce_lengths_cpu/debuf.mlir,4221,0,0,0,262.1484026312828,0,64504,0.0,0,0,0,0,[],0,0,0,0.0,0
aten,aten_segment_reduce_lengths_cpu,/home/arjaiswal/Polygeist/issues/aten_c_kernels/results/aten_segment_reduce_lengths_cpu/debuf.mlir,20e11bcd46b3c72747e32f40108479b202b245a78491221fb886bc3d6caf0238,syntactic,3,ok,0,681.40659481287,0,"[""/usr/bin/python3"", ""/home/arjaiswal/Polygeist/scripts/correctness/kernel_match_rewrite.py"", ""/home/arjaiswal/Polygeist/issues/aten_c_kernels/results/aten_segment_reduce_lengths_cpu/debuf.mlir"", ""--dry-run"", ""--matcher-mode"", ""syntactic"", ""--telemetry-json"", ""/home/arjaiswal/Polygeist/issues/equality_saturation_eval/campaign_20260908/aten-aten_segment_reduce_lengths_cpu-syntactic-ckj62320.json"", ""--disable-semantic-fallback""]","== match report for /home/arjaiswal/Polygeist/issues/aten_c_kernels/results/aten_segment_reduce_lengths_cpu/debuf.mlir ==
  total: 0 matched / 0 bodies
",0,[],0,0,0,0,/home/arjaiswal/Polygeist/issues/aten_c_kernels/results/aten_segment_reduce_lengths_cpu/debuf.mlir,4221,0,0,0,268.10552179813385,0,64748,0.0,0,0,0,0,[],0,0,0,0.0,0
aten,aten_segment_reduce_lengths_cpu,/home/arjaiswal/Polygeist/issues/aten_c_kernels/results/aten_segment_reduce_lengths_cpu/debuf.mlir,20e11bcd46b3c72747e32f40108479b202b245a78491221fb886bc3d6caf0238,egglog,3,ok,0,701.913096010685,0,"[""/usr/bin/python3"", ""/home/arjaiswal/Polygeist/scripts/correctness/kernel_match_rewrite.py"", ""/home/arjaiswal/Polygeist/issues/aten_c_kernels/results/aten_segment_reduce_lengths_cpu/debuf.mlir"", ""--dry-run"", ""--matcher-mode"", ""egglog"", ""--telemetry-json"", ""/home/arjaiswal/Polygeist/issues/equality_saturation_eval/campaign_20260908/aten-aten_segment_reduce_lengths_cpu-egglog-ivcuak6l.json"", ""--disable-semantic-fallback""]","== match report for /home/arjaiswal/Polygeist/issues/aten_c_kernels/results/aten_segment_reduce_lengths_cpu/debuf.mlir ==
  total: 0 matched / 0 bodies
",0,[],0,0,0,0,/home/arjaiswal/Polygeist/issues/aten_c_kernels/results/aten_segment_reduce_lengths_cpu/debuf.mlir,4221,8,0,0,256.11359253525734,0,64548,0.0,0,0,0,0,[],0,0,0,0.0,0
aten,aten_segment_reduce_lengths_cpu,/home/arjaiswal/Polygeist/issues/aten_c_kernels/results/aten_segment_reduce_lengths_cpu/debuf.mlir,20e11bcd46b3c72747e32f40108479b202b245a78491221fb886bc3d6caf0238,egglog,4,ok,0,698.2930190861225,0,"[""/usr/bin/python3"", ""/home/arjaiswal/Polygeist/scripts/correctness/kernel_match_rewrite.py"", ""/home/arjaiswal/Polygeist/issues/aten_c_kernels/results/aten_segment_reduce_lengths_cpu/debuf.mlir"", ""--dry-run"", ""--matcher-mode"", ""egglog"", ""--telemetry-json"", ""/home/arjaiswal/Polygeist/issues/equality_saturation_eval/campaign_20260908/aten-aten_segment_reduce_lengths_cpu-egglog-fkji3rg0.json"", ""--disable-semantic-fallback""]","== match report for /home/arjaiswal/Polygeist/issues/aten_c_kernels/results/aten_segment_reduce_lengths_cpu/debuf.mlir ==
  total: 0 matched / 0 bodies
",0,[],0,0,0,0,/home/arjaiswal/Polygeist/issues/aten_c_kernels/results/aten_segment_reduce_lengths_cpu/debuf.mlir,4221,8,0,0,259.23942402005196,0,64628,0.0,0,0,0,0,[],0,0,0,0.0,0
aten,aten_segment_reduce_lengths_cpu,/home/arjaiswal/Polygeist/issues/aten_c_kernels/results/aten_segment_reduce_lengths_cpu/debuf.mlir,20e11bcd46b3c72747e32f40108479b202b245a78491221fb886bc3d6caf0238,syntactic,4,ok,0,667.5204746425152,0,"[""/usr/bin/python3"", ""/home/arjaiswal/Polygeist/scripts/correctness/kernel_match_rewrite.py"", ""/home/arjaiswal/Polygeist/issues/aten_c_kernels/results/aten_segment_reduce_lengths_cpu/debuf.mlir"", ""--dry-run"", ""--matcher-mode"", ""syntactic"", ""--telemetry-json"", ""/home/arjaiswal/Polygeist/issues/equality_saturation_eval/campaign_20260908/aten-aten_segment_reduce_lengths_cpu-syntactic-zn5mv9j9.json"", ""--disable-semantic-fallback""]","== match report for /home/arjaiswal/Polygeist/issues/aten_c_kernels/results/aten_segment_reduce_lengths_cpu/debuf.mlir ==
  total: 0 matched / 0 bodies
",0,[],0,0,0,0,/home/arjaiswal/Polygeist/issues/aten_c_kernels/results/aten_segment_reduce_lengths_cpu/debuf.mlir,4221,0,0,0,260.0083239376545,0,64644,0.0,0,0,0,0,[],0,0,0,0.0,0
aten,aten_segment_reduce_lengths_cpu,/home/arjaiswal/Polygeist/issues/aten_c_kernels/results/aten_segment_reduce_lengths_cpu/debuf.mlir,20e11bcd46b3c72747e32f40108479b202b245a78491221fb886bc3d6caf0238,syntactic,5,ok,0,658.9513570070267,0,"[""/usr/bin/python3"", ""/home/arjaiswal/Polygeist/scripts/correctness/kernel_match_rewrite.py"", ""/home/arjaiswal/Polygeist/issues/aten_c_kernels/results/aten_segment_reduce_lengths_cpu/debuf.mlir"", ""--dry-run"", ""--matcher-mode"", ""syntactic"", ""--telemetry-json"", ""/home/arjaiswal/Polygeist/issues/equality_saturation_eval/campaign_20260908/aten-aten_segment_reduce_lengths_cpu-syntactic-e7cvafzm.json"", ""--disable-semantic-fallback""]","== match report for /home/arjaiswal/Polygeist/issues/aten_c_kernels/results/aten_segment_reduce_lengths_cpu/debuf.mlir ==
  total: 0 matched / 0 bodies
",0,[],0,0,0,0,/home/arjaiswal/Polygeist/issues/aten_c_kernels/results/aten_segment_reduce_lengths_cpu/debuf.mlir,4221,0,0,0,252.60543450713158,0,64480,0.0,0,0,0,0,[],0,0,0,0.0,0
aten,aten_segment_reduce_lengths_cpu,/home/arjaiswal/Polygeist/issues/aten_c_kernels/results/aten_segment_reduce_lengths_cpu/debuf.mlir,20e11bcd46b3c72747e32f40108479b202b245a78491221fb886bc3d6caf0238,egglog,5,ok,0,684.7462952136993,0,"[""/usr/bin/python3"", ""/home/arjaiswal/Polygeist/scripts/correctness/kernel_match_rewrite.py"", ""/home/arjaiswal/Polygeist/issues/aten_c_kernels/results/aten_segment_reduce_lengths_cpu/debuf.mlir"", ""--dry-run"", ""--matcher-mode"", ""egglog"", ""--telemetry-json"", ""/home/arjaiswal/Polygeist/issues/equality_saturation_eval/campaign_20260908/aten-aten_segment_reduce_lengths_cpu-egglog-krakhz2j.json"", ""--disable-semantic-fallback""]","== match report for /home/arjaiswal/Polygeist/issues/aten_c_kernels/results/aten_segment_reduce_lengths_cpu/debuf.mlir ==
  total: 0 matched / 0 bodies
",0,[],0,0,0,0,/home/arjaiswal/Polygeist/issues/aten_c_kernels/results/aten_segment_reduce_lengths_cpu/debuf.mlir,4221,8,0,0,268.37264373898506,0,64644,0.0,0,0,0,0,[],0,0,0,0.0,0
aten,aten_sgn_complex_scalarized,/home/arjaiswal/Polygeist/issues/aten_c_kernels/results/aten_sgn_complex_scalarized/debuf.mlir,21edb11a3dab8110ec6d18c7063541392e38c26abc36c7af0b3ffce9f8b575d9,egglog,1,ok,0,682.8269958496094,0,"[""/usr/bin/python3"", ""/home/arjaiswal/Polygeist/scripts/correctness/kernel_match_rewrite.py"", ""/home/arjaiswal/Polygeist/issues/aten_c_kernels/results/aten_sgn_complex_scalarized/debuf.mlir"", ""--dry-run"", ""--matcher-mode"", ""egglog"", ""--telemetry-json"", ""/home/arjaiswal/Polygeist/issues/equality_saturation_eval/campaign_20260908/aten-aten_sgn_complex_scalarized-egglog-jnet01qa.json"", ""--disable-semantic-fallback""]","== match report for /home/arjaiswal/Polygeist/issues/aten_c_kernels/results/aten_sgn_complex_scalarized/debuf.mlir ==
  no_match       body#0  ?
  total: 0 matched / 1 bodies
",0,[],0,0,0,0,/home/arjaiswal/Polygeist/issues/aten_c_kernels/results/aten_sgn_complex_scalarized/debuf.mlir,2624,8,1,0,267.04176887869835,1,64780,0.0,0,0,0,0,[],0,0,0,0.0,0
aten,aten_sgn_complex_scalarized,/home/arjaiswal/Polygeist/issues/aten_c_kernels/results/aten_sgn_complex_scalarized/debuf.mlir,21edb11a3dab8110ec6d18c7063541392e38c26abc36c7af0b3ffce9f8b575d9,syntactic,1,ok,0,677.2320568561554,0,"[""/usr/bin/python3"", ""/home/arjaiswal/Polygeist/scripts/correctness/kernel_match_rewrite.py"", ""/home/arjaiswal/Polygeist/issues/aten_c_kernels/results/aten_sgn_complex_scalarized/debuf.mlir"", ""--dry-run"", ""--matcher-mode"", ""syntactic"", ""--telemetry-json"", ""/home/arjaiswal/Polygeist/issues/equality_saturation_eval/campaign_20260908/aten-aten_sgn_complex_scalarized-syntactic-w25f2659.json"", ""--disable-semantic-fallback""]","== match report for /home/arjaiswal/Polygeist/issues/aten_c_kernels/results/aten_sgn_complex_scalarized/debuf.mlir ==
  no_match       body#0  ?
  total: 0 matched / 1 bodies
",0,[],0,0,0,0,/home/arjaiswal/Polygeist/issues/aten_c_kernels/results/aten_sgn_complex_scalarized/debuf.mlir,2624,0,1,0,265.9786455333233,1,64376,0.0,0,0,0,0,[],0,0,0,0.0,0
aten,aten_sgn_complex_scalarized,/home/arjaiswal/Polygeist/issues/aten_c_kernels/results/aten_sgn_complex_scalarized/debuf.mlir,21edb11a3dab8110ec6d18c7063541392e38c26abc36c7af0b3ffce9f8b575d9,syntactic,2,ok,0,703.846663236618,0,"[""/usr/bin/python3"", ""/home/arjaiswal/Polygeist/scripts/correctness/kernel_match_rewrite.py"", ""/home/arjaiswal/Polygeist/issues/aten_c_kernels/results/aten_sgn_complex_scalarized/debuf.mlir"", ""--dry-run"", ""--matcher-mode"", ""syntactic"", ""--telemetry-json"", ""/home/arjaiswal/Polygeist/issues/equality_saturation_eval/campaign_20260908/aten-aten_sgn_complex_scalarized-syntactic-kdz3xdp_.json"", ""--disable-semantic-fallback""]","== match report for /home/arjaiswal/Polygeist/issues/aten_c_kernels/results/aten_sgn_complex_scalarized/debuf.mlir ==
  no_match       body#0  ?
  total: 0 matched / 1 bodies
",0,[],0,0,0,0,/home/arjaiswal/Polygeist/issues/aten_c_kernels/results/aten_sgn_complex_scalarized/debuf.mlir,2624,0,1,0,282.3832370340824,1,64760,0.0,0,0,0,0,[],0,0,0,0.0,0
aten,aten_sgn_complex_scalarized,/home/arjaiswal/Polygeist/issues/aten_c_kernels/results/aten_sgn_complex_scalarized/debuf.mlir,21edb11a3dab8110ec6d18c7063541392e38c26abc36c7af0b3ffce9f8b575d9,egglog,2,ok,0,706.884354352951,0,"[""/usr/bin/python3"", ""/home/arjaiswal/Polygeist/scripts/correctness/kernel_match_rewrite.py"", ""/home/arjaiswal/Polygeist/issues/aten_c_kernels/results/aten_sgn_complex_scalarized/debuf.mlir"", ""--dry-run"", ""--matcher-mode"", ""egglog"", ""--telemetry-json"", ""/home/arjaiswal/Polygeist/issues/equality_saturation_eval/campaign_20260908/aten-aten_sgn_complex_scalarized-egglog-b2ns0d1b.json"", ""--disable-semantic-fallback""]","== match report for /home/arjaiswal/Polygeist/issues/aten_c_kernels/results/aten_sgn_complex_scalarized/debuf.mlir ==
  no_match       body#0  ?
  total: 0 matched / 1 bodies
",0,[],0,0,0,0,/home/arjaiswal/Polygeist/issues/aten_c_kernels/results/aten_sgn_complex_scalarized/debuf.mlir,2624,8,1,0,274.19957891106606,1,64532,0.0,0,0,0,0,[],0,0,0,0.0,0
aten,aten_sgn_complex_scalarized,/home/arjaiswal/Polygeist/issues/aten_c_kernels/results/aten_sgn_complex_scalarized/debuf.mlir,21edb11a3dab8110ec6d18c7063541392e38c26abc36c7af0b3ffce9f8b575d9,egglog,3,ok,0,703.7411034107208,0,"[""/usr/bin/python3"", ""/home/arjaiswal/Polygeist/scripts/correctness/kernel_match_rewrite.py"", ""/home/arjaiswal/Polygeist/issues/aten_c_kernels/results/aten_sgn_complex_scalarized/debuf.mlir"", ""--dry-run"", ""--matcher-mode"", ""egglog"", ""--telemetry-json"", ""/home/arjaiswal/Polygeist/issues/equality_saturation_eval/campaign_20260908/aten-aten_sgn_complex_scalarized-egglog-zvzyoqnd.json"", ""--disable-semantic-fallback""]","== match report for /home/arjaiswal/Polygeist/issues/aten_c_kernels/results/aten_sgn_complex_scalarized/debuf.mlir ==
  no_match       body#0  ?
  total: 0 matched / 1 bodies
",0,[],0,0,0,0,/home/arjaiswal/Polygeist/issues/aten_c_kernels/results/aten_sgn_complex_scalarized/debuf.mlir,2624,8,1,0,268.48871260881424,1,64772,0.0,0,0,0,0,[],0,0,0,0.0,0
aten,aten_sgn_complex_scalarized,/home/arjaiswal/Polygeist/issues/aten_c_kernels/results/aten_sgn_complex_scalarized/debuf.mlir,21edb11a3dab8110ec6d18c7063541392e38c26abc36c7af0b3ffce9f8b575d9,syntactic,3,ok,0,707.7748849987984,0,"[""/usr/bin/python3"", ""/home/arjaiswal/Polygeist/scripts/correctness/kernel_match_rewrite.py"", ""/home/arjaiswal/Polygeist/issues/aten_c_kernels/results/aten_sgn_complex_scalarized/debuf.mlir"", ""--dry-run"", ""--matcher-mode"", ""syntactic"", ""--telemetry-json"", ""/home/arjaiswal/Polygeist/issues/equality_saturation_eval/campaign_20260908/aten-aten_sgn_complex_scalarized-syntactic-yjbnxnvd.json"", ""--disable-semantic-fallback""]","== match report for /home/arjaiswal/Polygeist/issues/aten_c_kernels/results/aten_sgn_complex_scalarized/debuf.mlir ==
  no_match       body#0  ?
  total: 0 matched / 1 bodies
",0,[],0,0,0,0,/home/arjaiswal/Polygeist/issues/aten_c_kernels/results/aten_sgn_complex_scalarized/debuf.mlir,2624,0,1,0,274.8911529779434,1,64700,0.0,0,0,0,0,[],0,0,0,0.0,0
aten,aten_sgn_complex_scalarized,/home/arjaiswal/Polygeist/issues/aten_c_kernels/results/aten_sgn_complex_scalarized/debuf.mlir,21edb11a3dab8110ec6d18c7063541392e38c26abc36c7af0b3ffce9f8b575d9,syntactic,4,ok,0,689.5121522247791,0,"[""/usr/bin/python3"", ""/home/arjaiswal/Polygeist/scripts/correctness/kernel_match_rewrite.py"", ""/home/arjaiswal/Polygeist/issues/aten_c_kernels/results/aten_sgn_complex_scalarized/debuf.mlir"", ""--dry-run"", ""--matcher-mode"", ""syntactic"", ""--telemetry-json"", ""/home/arjaiswal/Polygeist/issues/equality_saturation_eval/campaign_20260908/aten-aten_sgn_complex_scalarized-syntactic-9oba4ep_.json"", ""--disable-semantic-fallback""]","== match report for /home/arjaiswal/Polygeist/issues/aten_c_kernels/results/aten_sgn_complex_scalarized/debuf.mlir ==
  no_match       body#0  ?
  total: 0 matched / 1 bodies
",0,[],0,0,0,0,/home/arjaiswal/Polygeist/issues/aten_c_kernels/results/aten_sgn_complex_scalarized/debuf.mlir,2624,0,1,0,270.59653028845787,1,64792,0.0,0,0,0,0,[],0,0,0,0.0,0
aten,aten_sgn_complex_scalarized,/home/arjaiswal/Polygeist/issues/aten_c_kernels/results/aten_sgn_complex_scalarized/debuf.mlir,21edb11a3dab8110ec6d18c7063541392e38c26abc36c7af0b3ffce9f8b575d9,egglog,4,ok,0,687.9656575620174,0,"[""/usr/bin/python3"", ""/home/arjaiswal/Polygeist/scripts/correctness/kernel_match_rewrite.py"", ""/home/arjaiswal/Polygeist/issues/aten_c_kernels/results/aten_sgn_complex_scalarized/debuf.mlir"", ""--dry-run"", ""--matcher-mode"", ""egglog"", ""--telemetry-json"", ""/home/arjaiswal/Polygeist/issues/equality_saturation_eval/campaign_20260908/aten-aten_sgn_complex_scalarized-egglog-z69ky1ov.json"", ""--disable-semantic-fallback""]","== match report for /home/arjaiswal/Polygeist/issues/aten_c_kernels/results/aten_sgn_complex_scalarized/debuf.mlir ==
  no_match       body#0  ?
  total: 0 matched / 1 bodies
",0,[],0,0,0,0,/home/arjaiswal/Polygeist/issues/aten_c_kernels/results/aten_sgn_complex_scalarized/debuf.mlir,2624,8,1,0,268.3138884603977,1,64732,0.0,0,0,0,0,[],0,0,0,0.0,0
aten,aten_sgn_complex_scalarized,/home/arjaiswal/Polygeist/issues/aten_c_kernels/results/aten_sgn_complex_scalarized/debuf.mlir,21edb11a3dab8110ec6d18c7063541392e38c26abc36c7af0b3ffce9f8b575d9,egglog,5,ok,0,691.084161400795,0,"[""/usr/bin/python3"", ""/home/arjaiswal/Polygeist/scripts/correctness/kernel_match_rewrite.py"", ""/home/arjaiswal/Polygeist/issues/aten_c_kernels/results/aten_sgn_complex_scalarized/debuf.mlir"", ""--dry-run"", ""--matcher-mode"", ""egglog"", ""--telemetry-json"", ""/home/arjaiswal/Polygeist/issues/equality_saturation_eval/campaign_20260908/aten-aten_sgn_complex_scalarized-egglog-ugj5lt2b.json"", ""--disable-semantic-fallback""]","== match report for /home/arjaiswal/Polygeist/issues/aten_c_kernels/results/aten_sgn_complex_scalarized/debuf.mlir ==
  no_match       body#0  ?
  total: 0 matched / 1 bodies
",0,[],0,0,0,0,/home/arjaiswal/Polygeist/issues/aten_c_kernels/results/aten_sgn_complex_scalarized/debuf.mlir,2624,8,1,0,271.028570830822,1,64928,0.0,0,0,0,0,[],0,0,0,0.0,0
aten,aten_sgn_complex_scalarized,/home/arjaiswal/Polygeist/issues/aten_c_kernels/results/aten_sgn_complex_scalarized/debuf.mlir,21edb11a3dab8110ec6d18c7063541392e38c26abc36c7af0b3ffce9f8b575d9,syntactic,5,ok,0,721.1128994822502,0,"[""/usr/bin/python3"", ""/home/arjaiswal/Polygeist/scripts/correctness/kernel_match_rewrite.py"", ""/home/arjaiswal/Polygeist/issues/aten_c_kernels/results/aten_sgn_complex_scalarized/debuf.mlir"", ""--dry-run"", ""--matcher-mode"", ""syntactic"", ""--telemetry-json"", ""/home/arjaiswal/Polygeist/issues/equality_saturation_eval/campaign_20260908/aten-aten_sgn_complex_scalarized-syntactic-q9ijsnni.json"", ""--disable-semantic-fallback""]","== match report for /home/arjaiswal/Polygeist/issues/aten_c_kernels/results/aten_sgn_complex_scalarized/debuf.mlir ==
  no_match       body#0  ?
  total: 0 matched / 1 bodies
",0,[],0,0,0,0,/home/arjaiswal/Polygeist/issues/aten_c_kernels/results/aten_sgn_complex_scalarized/debuf.mlir,2624,0,1,0,301.21589824557304,1,64528,0.0,0,0,0,0,[],0,0,0,0.0,0
aten,aten_shrink_backward,/home/arjaiswal/Polygeist/issues/aten_c_kernels/results/aten_shrink_backward/debuf.mlir,b60e6c8ee6a81c6a025cae61a182c66ed75b7d550729dbb3c1ac3fffd6396472,syntactic,1,ok,0,772.4159881472588,0,"[""/usr/bin/python3"", ""/home/arjaiswal/Polygeist/scripts/correctness/kernel_match_rewrite.py"", ""/home/arjaiswal/Polygeist/issues/aten_c_kernels/results/aten_shrink_backward/debuf.mlir"", ""--dry-run"", ""--matcher-mode"", ""syntactic"", ""--telemetry-json"", ""/home/arjaiswal/Polygeist/issues/equality_saturation_eval/campaign_20260908/aten-aten_shrink_backward-syntactic-7d9haa4f.json"", ""--disable-semantic-fallback""]","== match report for /home/arjaiswal/Polygeist/issues/aten_c_kernels/results/aten_shrink_backward/debuf.mlir ==
  match          body#[0]  cudnnPointwiseGraph_f32
  total: 1 matched / 1 bodies
",0,[],0,0,0,0,/home/arjaiswal/Polygeist/issues/aten_c_kernels/results/aten_shrink_backward/debuf.mlir,2154,0,1,1,359.8215691745281,0,65828,0.023871660232543945,0,0,0,0,"[{""body_indices"": [0], ""symbol"": ""cudnnPointwiseGraph_f32""}]",1,0,6,0.0,6
aten,aten_shrink_backward,/home/arjaiswal/Polygeist/issues/aten_c_kernels/results/aten_shrink_backward/debuf.mlir,b60e6c8ee6a81c6a025cae61a182c66ed75b7d550729dbb3c1ac3fffd6396472,egglog,1,ok,0,772.3430022597313,0,"[""/usr/bin/python3"", ""/home/arjaiswal/Polygeist/scripts/correctness/kernel_match_rewrite.py"", ""/home/arjaiswal/Polygeist/issues/aten_c_kernels/results/aten_shrink_backward/debuf.mlir"", ""--dry-run"", ""--matcher-mode"", ""egglog"", ""--telemetry-json"", ""/home/arjaiswal/Polygeist/issues/equality_saturation_eval/campaign_20260908/aten-aten_shrink_backward-egglog-4itnwjl0.json"", ""--disable-semantic-fallback""]","== match report for /home/arjaiswal/Polygeist/issues/aten_c_kernels/results/aten_shrink_backward/debuf.mlir ==
  match          body#[0]  cudnnPointwiseGraph_f32
  total: 1 matched / 1 bodies
",0,[],0,0,0,0,/home/arjaiswal/Polygeist/issues/aten_c_kernels/results/aten_shrink_backward/debuf.mlir,2154,8,1,1,344.45030987262726,0,65848,0.0,0,0,0,0,"[{""body_indices"": [0], ""symbol"": ""cudnnPointwiseGraph_f32""}]",1,0,0,0.0,6
aten,aten_shrink_backward,/home/arjaiswal/Polygeist/issues/aten_c_kernels/results/aten_shrink_backward/debuf.mlir,b60e6c8ee6a81c6a025cae61a182c66ed75b7d550729dbb3c1ac3fffd6396472,egglog,2,ok,0,763.5097652673721,0,"[""/usr/bin/python3"", ""/home/arjaiswal/Polygeist/scripts/correctness/kernel_match_rewrite.py"", ""/home/arjaiswal/Polygeist/issues/aten_c_kernels/results/aten_shrink_backward/debuf.mlir"", ""--dry-run"", ""--matcher-mode"", ""egglog"", ""--telemetry-json"", ""/home/arjaiswal/Polygeist/issues/equality_saturation_eval/campaign_20260908/aten-aten_shrink_backward-egglog-mwqb_vnp.json"", ""--disable-semantic-fallback""]","== match report for /home/arjaiswal/Polygeist/issues/aten_c_kernels/results/aten_shrink_backward/debuf.mlir ==
  match          body#[0]  cudnnPointwiseGraph_f32
  total: 1 matched / 1 bodies
",0,[],0,0,0,0,/home/arjaiswal/Polygeist/issues/aten_c_kernels/results/aten_shrink_backward/debuf.mlir,2154,8,1,1,328.2559998333454,0,65832,0.0,0,0,0,0,"[{""body_indices"": [0], ""symbol"": ""cudnnPointwiseGraph_f32""}]",1,0,0,0.0,6
aten,aten_shrink_backward,/home/arjaiswal/Polygeist/issues/aten_c_kernels/results/aten_shrink_backward/debuf.mlir,b60e6c8ee6a81c6a025cae61a182c66ed75b7d550729dbb3c1ac3fffd6396472,syntactic,2,ok,0,739.9672046303749,0,"[""/usr/bin/python3"", ""/home/arjaiswal/Polygeist/scripts/correctness/kernel_match_rewrite.py"", ""/home/arjaiswal/Polygeist/issues/aten_c_kernels/results/aten_shrink_backward/debuf.mlir"", ""--dry-run"", ""--matcher-mode"", ""syntactic"", ""--telemetry-json"", ""/home/arjaiswal/Polygeist/issues/equality_saturation_eval/campaign_20260908/aten-aten_shrink_backward-syntactic-uwrl_nle.json"", ""--disable-semantic-fallback""]","== match report for /home/arjaiswal/Polygeist/issues/aten_c_kernels/results/aten_shrink_backward/debuf.mlir ==
  match          body#[0]  cudnnPointwiseGraph_f32
  total: 1 matched / 1 bodies
",0,[],0,0,0,0,/home/arjaiswal/Polygeist/issues/aten_c_kernels/results/aten_shrink_backward/debuf.mlir,2154,0,1,1,314.05359134078026,0,66116,0.028166919946670532,0,0,0,0,"[{""body_indices"": [0], ""symbol"": ""cudnnPointwiseGraph_f32""}]",1,0,6,0.0,6
aten,aten_shrink_backward,/home/arjaiswal/Polygeist/issues/aten_c_kernels/results/aten_shrink_backward/debuf.mlir,b60e6c8ee6a81c6a025cae61a182c66ed75b7d550729dbb3c1ac3fffd6396472,syntactic,3,ok,0,747.3527938127518,0,"[""/usr/bin/python3"", ""/home/arjaiswal/Polygeist/scripts/correctness/kernel_match_rewrite.py"", ""/home/arjaiswal/Polygeist/issues/aten_c_kernels/results/aten_shrink_backward/debuf.mlir"", ""--dry-run"", ""--matcher-mode"", ""syntactic"", ""--telemetry-json"", ""/home/arjaiswal/Polygeist/issues/equality_saturation_eval/campaign_20260908/aten-aten_shrink_backward-syntactic-ykgauors.json"", ""--disable-semantic-fallback""]","== match report for /home/arjaiswal/Polygeist/issues/aten_c_kernels/results/aten_shrink_backward/debuf.mlir ==
  match          body#[0]  cudnnPointwiseGraph_f32
  total: 1 matched / 1 bodies
",0,[],0,0,0,0,/home/arjaiswal/Polygeist/issues/aten_c_kernels/results/aten_shrink_backward/debuf.mlir,2154,0,1,1,310.51643937826157,0,65932,0.024128705263137817,0,0,0,0,"[{""body_indices"": [0], ""symbol"": ""cudnnPointwiseGraph_f32""}]",1,0,6,0.0,6
aten,aten_shrink_backward,/home/arjaiswal/Polygeist/issues/aten_c_kernels/results/aten_shrink_backward/debuf.mlir,b60e6c8ee6a81c6a025cae61a182c66ed75b7d550729dbb3c1ac3fffd6396472,egglog,3,ok,0,735.2115139365196,0,"[""/usr/bin/python3"", ""/home/arjaiswal/Polygeist/scripts/correctness/kernel_match_rewrite.py"", ""/home/arjaiswal/Polygeist/issues/aten_c_kernels/results/aten_shrink_backward/debuf.mlir"", ""--dry-run"", ""--matcher-mode"", ""egglog"", ""--telemetry-json"", ""/home/arjaiswal/Polygeist/issues/equality_saturation_eval/campaign_20260908/aten-aten_shrink_backward-egglog-7qwm_tmp.json"", ""--disable-semantic-fallback""]","== match report for /home/arjaiswal/Polygeist/issues/aten_c_kernels/results/aten_shrink_backward/debuf.mlir ==
  match          body#[0]  cudnnPointwiseGraph_f32
  total: 1 matched / 1 bodies
",0,[],0,0,0,0,/home/arjaiswal/Polygeist/issues/aten_c_kernels/results/aten_shrink_backward/debuf.mlir,2154,8,1,1,322.9251690208912,0,65792,0.0,0,0,0,0,"[{""body_indices"": [0], ""symbol"": ""cudnnPointwiseGraph_f32""}]",1,0,0,0.0,6
aten,aten_shrink_backward,/home/arjaiswal/Polygeist/issues/aten_c_kernels/results/aten_shrink_backward/debuf.mlir,b60e6c8ee6a81c6a025cae61a182c66ed75b7d550729dbb3c1ac3fffd6396472,egglog,4,ok,0,763.218093663454,0,"[""/usr/bin/python3"", ""/home/arjaiswal/Polygeist/scripts/correctness/kernel_match_rewrite.py"", ""/home/arjaiswal/Polygeist/issues/aten_c_kernels/results/aten_shrink_backward/debuf.mlir"", ""--dry-run"", ""--matcher-mode"", ""egglog"", ""--telemetry-json"", ""/home/arjaiswal/Polygeist/issues/equality_saturation_eval/campaign_20260908/aten-aten_shrink_backward-egglog-d4g70pqu.json"", ""--disable-semantic-fallback""]","== match report for /home/arjaiswal/Polygeist/issues/aten_c_kernels/results/aten_shrink_backward/debuf.mlir ==
  match          body#[0]  cudnnPointwiseGraph_f32
  total: 1 matched / 1 bodies
",0,[],0,0,0,0,/home/arjaiswal/Polygeist/issues/aten_c_kernels/results/aten_shrink_backward/debuf.mlir,2154,8,1,1,324.7415982186794,0,66120,0.0,0,0,0,0,"[{""body_indices"": [0], ""symbol"": ""cudnnPointwiseGraph_f32""}]",1,0,0,0.0,6
aten,aten_shrink_backward,/home/arjaiswal/Polygeist/issues/aten_c_kernels/results/aten_shrink_backward/debuf.mlir,b60e6c8ee6a81c6a025cae61a182c66ed75b7d550729dbb3c1ac3fffd6396472,syntactic,4,ok,0,735.6882691383362,0,"[""/usr/bin/python3"", ""/home/arjaiswal/Polygeist/scripts/correctness/kernel_match_rewrite.py"", ""/home/arjaiswal/Polygeist/issues/aten_c_kernels/results/aten_shrink_backward/debuf.mlir"", ""--dry-run"", ""--matcher-mode"", ""syntactic"", ""--telemetry-json"", ""/home/arjaiswal/Polygeist/issues/equality_saturation_eval/campaign_20260908/aten-aten_shrink_backward-syntactic-peq_f8m3.json"", ""--disable-semantic-fallback""]","== match report for /home/arjaiswal/Polygeist/issues/aten_c_kernels/results/aten_shrink_backward/debuf.mlir ==
  match          body#[0]  cudnnPointwiseGraph_f32
  total: 1 matched / 1 bodies
",0,[],0,0,0,0,/home/arjaiswal/Polygeist/issues/aten_c_kernels/results/aten_shrink_backward/debuf.mlir,2154,0,1,1,319.20625641942024,0,65880,0.02514570951461792,0,0,0,0,"[{""body_indices"": [0], ""symbol"": ""cudnnPointwiseGraph_f32""}]",1,0,6,0.0,6
aten,aten_shrink_backward,/home/arjaiswal/Polygeist/issues/aten_c_kernels/results/aten_shrink_backward/debuf.mlir,b60e6c8ee6a81c6a025cae61a182c66ed75b7d550729dbb3c1ac3fffd6396472,syntactic,5,ok,0,734.6570268273354,0,"[""/usr/bin/python3"", ""/home/arjaiswal/Polygeist/scripts/correctness/kernel_match_rewrite.py"", ""/home/arjaiswal/Polygeist/issues/aten_c_kernels/results/aten_shrink_backward/debuf.mlir"", ""--dry-run"", ""--matcher-mode"", ""syntactic"", ""--telemetry-json"", ""/home/arjaiswal/Polygeist/issues/equality_saturation_eval/campaign_20260908/aten-aten_shrink_backward-syntactic-19owg_06.json"", ""--disable-semantic-fallback""]","== match report for /home/arjaiswal/Polygeist/issues/aten_c_kernels/results/aten_shrink_backward/debuf.mlir ==
  match          body#[0]  cudnnPointwiseGraph_f32
  total: 1 matched / 1 bodies
",0,[],0,0,0,0,/home/arjaiswal/Polygeist/issues/aten_c_kernels/results/aten_shrink_backward/debuf.mlir,2154,0,1,1,319.164764136076,0,66192,0.026259571313858032,0,0,0,0,"[{""body_indices"": [0], ""symbol"": ""cudnnPointwiseGraph_f32""}]",1,0,6,0.0,6
aten,aten_shrink_backward,/home/arjaiswal/Polygeist/issues/aten_c_kernels/results/aten_shrink_backward/debuf.mlir,b60e6c8ee6a81c6a025cae61a182c66ed75b7d550729dbb3c1ac3fffd6396472,egglog,5,ok,0,755.8902315795422,0,"[""/usr/bin/python3"", ""/home/arjaiswal/Polygeist/scripts/correctness/kernel_match_rewrite.py"", ""/home/arjaiswal/Polygeist/issues/aten_c_kernels/results/aten_shrink_backward/debuf.mlir"", ""--dry-run"", ""--matcher-mode"", ""egglog"", ""--telemetry-json"", ""/home/arjaiswal/Polygeist/issues/equality_saturation_eval/campaign_20260908/aten-aten_shrink_backward-egglog-cipc64ln.json"", ""--disable-semantic-fallback""]","== match report for /home/arjaiswal/Polygeist/issues/aten_c_kernels/results/aten_shrink_backward/debuf.mlir ==
  match          body#[0]  cudnnPointwiseGraph_f32
  total: 1 matched / 1 bodies
",0,[],0,0,0,0,/home/arjaiswal/Polygeist/issues/aten_c_kernels/results/aten_shrink_backward/debuf.mlir,2154,8,1,1,335.323803126812,0,65772,0.0,0,0,0,0,"[{""body_indices"": [0], ""symbol"": ""cudnnPointwiseGraph_f32""}]",1,0,0,0.0,6
aten,aten_sigmoid,/home/arjaiswal/Polygeist/issues/aten_c_kernels/results/aten_sigmoid/debuf.mlir,07500bc1bfa3c43275efa9121ba04f131fbe5c43d93ed40f4a8997dfe950d2a1,egglog,1,ok,0,922.6842001080513,0,"[""/usr/bin/python3"", ""/home/arjaiswal/Polygeist/scripts/correctness/kernel_match_rewrite.py"", ""/home/arjaiswal/Polygeist/issues/aten_c_kernels/results/aten_sigmoid/debuf.mlir"", ""--dry-run"", ""--matcher-mode"", ""egglog"", ""--telemetry-json"", ""/home/arjaiswal/Polygeist/issues/equality_saturation_eval/campaign_20260908/aten-aten_sigmoid-egglog-mrmjafvx.json"", ""--disable-semantic-fallback""]","== match report for /home/arjaiswal/Polygeist/issues/aten_c_kernels/results/aten_sigmoid/debuf.mlir ==
  match          body#[0]  cutensorUnary_sigmoid_f32
  total: 1 matched / 1 bodies
",0,[],0,0,0,0,/home/arjaiswal/Polygeist/issues/aten_c_kernels/results/aten_sigmoid/debuf.mlir,1914,8,1,1,460.5962969362736,0,70064,24.111241102218628,2,2,0,4,"[{""body_indices"": [0], ""symbol"": ""cutensorUnary_sigmoid_f32""}]",1,0,0,0.0,44
aten,aten_sigmoid,/home/arjaiswal/Polygeist/issues/aten_c_kernels/results/aten_sigmoid/debuf.mlir,07500bc1bfa3c43275efa9121ba04f131fbe5c43d93ed40f4a8997dfe950d2a1,syntactic,1,ok,0,895.9167636930943,0,"[""/usr/bin/python3"", ""/home/arjaiswal/Polygeist/scripts/correctness/kernel_match_rewrite.py"", ""/home/arjaiswal/Polygeist/issues/aten_c_kernels/results/aten_sigmoid/debuf.mlir"", ""--dry-run"", ""--matcher-mode"", ""syntactic"", ""--telemetry-json"", ""/home/arjaiswal/Polygeist/issues/equality_saturation_eval/campaign_20260908/aten-aten_sigmoid-syntactic-rjgbu3t5.json"", ""--disable-semantic-fallback""]","== match report for /home/arjaiswal/Polygeist/issues/aten_c_kernels/results/aten_sigmoid/debuf.mlir ==
  match          body#[0]  cutensorUnary_sigmoid_f32
  total: 1 matched / 1 bodies
",0,[],0,0,0,0,/home/arjaiswal/Polygeist/issues/aten_c_kernels/results/aten_sigmoid/debuf.mlir,1914,0,1,1,447.52200692892075,0,65992,0.13336166739463806,0,2,0,0,"[{""body_indices"": [0], ""symbol"": ""cutensorUnary_sigmoid_f32""}]",1,0,44,0.0,44
aten,aten_sigmoid,/home/arjaiswal/Polygeist/issues/aten_c_kernels/results/aten_sigmoid/debuf.mlir,07500bc1bfa3c43275efa9121ba04f131fbe5c43d93ed40f4a8997dfe950d2a1,syntactic,2,ok,0,861.9839511811733,0,"[""/usr/bin/python3"", ""/home/arjaiswal/Polygeist/scripts/correctness/kernel_match_rewrite.py"", ""/home/arjaiswal/Polygeist/issues/aten_c_kernels/results/aten_sigmoid/debuf.mlir"", ""--dry-run"", ""--matcher-mode"", ""syntactic"", ""--telemetry-json"", ""/home/arjaiswal/Polygeist/issues/equality_saturation_eval/campaign_20260908/aten-aten_sigmoid-syntactic-_kgx7p2m.json"", ""--disable-semantic-fallback""]","== match report for /home/arjaiswal/Polygeist/issues/aten_c_kernels/results/aten_sigmoid/debuf.mlir ==
  match          body#[0]  cutensorUnary_sigmoid_f32
  total: 1 matched / 1 bodies
",0,[],0,0,0,0,/home/arjaiswal/Polygeist/issues/aten_c_kernels/results/aten_sigmoid/debuf.mlir,1914,0,1,1,426.844522356987,0,66076,0.13356655836105347,0,2,0,0,"[{""body_indices"": [0], ""symbol"": ""cutensorUnary_sigmoid_f32""}]",1,0,44,0.0,44
aten,aten_sigmoid,/home/arjaiswal/Polygeist/issues/aten_c_kernels/results/aten_sigmoid/debuf.mlir,07500bc1bfa3c43275efa9121ba04f131fbe5c43d93ed40f4a8997dfe950d2a1,egglog,2,ok,0,862.9845082759857,0,"[""/usr/bin/python3"", ""/home/arjaiswal/Polygeist/scripts/correctness/kernel_match_rewrite.py"", ""/home/arjaiswal/Polygeist/issues/aten_c_kernels/results/aten_sigmoid/debuf.mlir"", ""--dry-run"", ""--matcher-mode"", ""egglog"", ""--telemetry-json"", ""/home/arjaiswal/Polygeist/issues/equality_saturation_eval/campaign_20260908/aten-aten_sigmoid-egglog-r8tmkks2.json"", ""--disable-semantic-fallback""]","== match report for /home/arjaiswal/Polygeist/issues/aten_c_kernels/results/aten_sigmoid/debuf.mlir ==
  match          body#[0]  cutensorUnary_sigmoid_f32
  total: 1 matched / 1 bodies
",0,[],0,0,0,0,/home/arjaiswal/Polygeist/issues/aten_c_kernels/results/aten_sigmoid/debuf.mlir,1914,8,1,1,454.73022013902664,0,70076,24.531807750463486,2,2,0,4,"[{""body_indices"": [0], ""symbol"": ""cutensorUnary_sigmoid_f32""}]",1,0,0,0.0,44
aten,aten_sigmoid,/home/arjaiswal/Polygeist/issues/aten_c_kernels/results/aten_sigmoid/debuf.mlir,07500bc1bfa3c43275efa9121ba04f131fbe5c43d93ed40f4a8997dfe950d2a1,egglog,3,ok,0,881.0479491949081,0,"[""/usr/bin/python3"", ""/home/arjaiswal/Polygeist/scripts/correctness/kernel_match_rewrite.py"", ""/home/arjaiswal/Polygeist/issues/aten_c_kernels/results/aten_sigmoid/debuf.mlir"", ""--dry-run"", ""--matcher-mode"", ""egglog"", ""--telemetry-json"", ""/home/arjaiswal/Polygeist/issues/equality_saturation_eval/campaign_20260908/aten-aten_sigmoid-egglog-l63ycaer.json"", ""--disable-semantic-fallback""]","== match report for /home/arjaiswal/Polygeist/issues/aten_c_kernels/results/aten_sigmoid/debuf.mlir ==
  match          body#[0]  cutensorUnary_sigmoid_f32
  total: 1 matched / 1 bodies
",0,[],0,0,0,0,/home/arjaiswal/Polygeist/issues/aten_c_kernels/results/aten_sigmoid/debuf.mlir,1914,8,1,1,448.5675059258938,0,70000,22.969402372837067,2,2,0,4,"[{""body_indices"": [0], ""symbol"": ""cutensorUnary_sigmoid_f32""}]",1,0,0,0.0,44
aten,aten_sigmoid,/home/arjaiswal/Polygeist/issues/aten_c_kernels/results/aten_sigmoid/debuf.mlir,07500bc1bfa3c43275efa9121ba04f131fbe5c43d93ed40f4a8997dfe950d2a1,syntactic,3,ok,0,874.6086098253727,0,"[""/usr/bin/python3"", ""/home/arjaiswal/Polygeist/scripts/correctness/kernel_match_rewrite.py"", ""/home/arjaiswal/Polygeist/issues/aten_c_kernels/results/aten_sigmoid/debuf.mlir"", ""--dry-run"", ""--matcher-mode"", ""syntactic"", ""--telemetry-json"", ""/home/arjaiswal/Polygeist/issues/equality_saturation_eval/campaign_20260908/aten-aten_sigmoid-syntactic-1s0dbgyh.json"", ""--disable-semantic-fallback""]","== match report for /home/arjaiswal/Polygeist/issues/aten_c_kernels/results/aten_sigmoid/debuf.mlir ==
  match          body#[0]  cutensorUnary_sigmoid_f32
  total: 1 matched / 1 bodies
",0,[],0,0,0,0,/home/arjaiswal/Polygeist/issues/aten_c_kernels/results/aten_sigmoid/debuf.mlir,1914,0,1,1,436.3265596330166,0,65948,0.13316795229911804,0,2,0,0,"[{""body_indices"": [0], ""symbol"": ""cutensorUnary_sigmoid_f32""}]",1,0,44,0.0,44
aten,aten_sigmoid,/home/arjaiswal/Polygeist/issues/aten_c_kernels/results/aten_sigmoid/debuf.mlir,07500bc1bfa3c43275efa9121ba04f131fbe5c43d93ed40f4a8997dfe950d2a1,syntactic,4,ok,0,875.1103803515434,0,"[""/usr/bin/python3"", ""/home/arjaiswal/Polygeist/scripts/correctness/kernel_match_rewrite.py"", ""/home/arjaiswal/Polygeist/issues/aten_c_kernels/results/aten_sigmoid/debuf.mlir"", ""--dry-run"", ""--matcher-mode"", ""syntactic"", ""--telemetry-json"", ""/home/arjaiswal/Polygeist/issues/equality_saturation_eval/campaign_20260908/aten-aten_sigmoid-syntactic-i78zesfa.json"", ""--disable-semantic-fallback""]","== match report for /home/arjaiswal/Polygeist/issues/aten_c_kernels/results/aten_sigmoid/debuf.mlir ==
  match          body#[0]  cutensorUnary_sigmoid_f32
  total: 1 matched / 1 bodies
",0,[],0,0,0,0,/home/arjaiswal/Polygeist/issues/aten_c_kernels/results/aten_sigmoid/debuf.mlir,1914,0,1,1,444.84642520546913,0,66060,0.12497231364250183,0,2,0,0,"[{""body_indices"": [0], ""symbol"": ""cutensorUnary_sigmoid_f32""}]",1,0,44,0.0,44
aten,aten_sigmoid,/home/arjaiswal/Polygeist/issues/aten_c_kernels/results/aten_sigmoid/debuf.mlir,07500bc1bfa3c43275efa9121ba04f131fbe5c43d93ed40f4a8997dfe950d2a1,egglog,4,ok,0,908.2077033817768,0,"[""/usr/bin/python3"", ""/home/arjaiswal/Polygeist/scripts/correctness/kernel_match_rewrite.py"", ""/home/arjaiswal/Polygeist/issues/aten_c_kernels/results/aten_sigmoid/debuf.mlir"", ""--dry-run"", ""--matcher-mode"", ""egglog"", ""--telemetry-json"", ""/home/arjaiswal/Polygeist/issues/equality_saturation_eval/campaign_20260908/aten-aten_sigmoid-egglog-d_w6togx.json"", ""--disable-semantic-fallback""]","== match report for /home/arjaiswal/Polygeist/issues/aten_c_kernels/results/aten_sigmoid/debuf.mlir ==
  match          body#[0]  cutensorUnary_sigmoid_f32
  total: 1 matched / 1 bodies
",0,[],0,0,0,0,/home/arjaiswal/Polygeist/issues/aten_c_kernels/results/aten_sigmoid/debuf.mlir,1914,8,1,1,472.3639413714409,0,70128,22.9555182158947,2,2,0,4,"[{""body_indices"": [0], ""symbol"": ""cutensorUnary_sigmoid_f32""}]",1,0,0,0.0,44
aten,aten_sigmoid,/home/arjaiswal/Polygeist/issues/aten_c_kernels/results/aten_sigmoid/debuf.mlir,07500bc1bfa3c43275efa9121ba04f131fbe5c43d93ed40f4a8997dfe950d2a1,egglog,5,ok,0,940.1310496032238,0,"[""/usr/bin/python3"", ""/home/arjaiswal/Polygeist/scripts/correctness/kernel_match_rewrite.py"", ""/home/arjaiswal/Polygeist/issues/aten_c_kernels/results/aten_sigmoid/debuf.mlir"", ""--dry-run"", ""--matcher-mode"", ""egglog"", ""--telemetry-json"", ""/home/arjaiswal/Polygeist/issues/equality_saturation_eval/campaign_20260908/aten-aten_sigmoid-egglog-gkoz8e_m.json"", ""--disable-semantic-fallback""]","== match report for /home/arjaiswal/Polygeist/issues/aten_c_kernels/results/aten_sigmoid/debuf.mlir ==
  match          body#[0]  cutensorUnary_sigmoid_f32
  total: 1 matched / 1 bodies
",0,[],0,0,0,0,/home/arjaiswal/Polygeist/issues/aten_c_kernels/results/aten_sigmoid/debuf.mlir,1914,8,1,1,520.1741568744183,0,70040,23.534420877695084,2,2,0,4,"[{""body_indices"": [0], ""symbol"": ""cutensorUnary_sigmoid_f32""}]",1,0,0,0.0,44
aten,aten_sigmoid,/home/arjaiswal/Polygeist/issues/aten_c_kernels/results/aten_sigmoid/debuf.mlir,07500bc1bfa3c43275efa9121ba04f131fbe5c43d93ed40f4a8997dfe950d2a1,syntactic,5,ok,0,875.5021765828133,0,"[""/usr/bin/python3"", ""/home/arjaiswal/Polygeist/scripts/correctness/kernel_match_rewrite.py"", ""/home/arjaiswal/Polygeist/issues/aten_c_kernels/results/aten_sigmoid/debuf.mlir"", ""--dry-run"", ""--matcher-mode"", ""syntactic"", ""--telemetry-json"", ""/home/arjaiswal/Polygeist/issues/equality_saturation_eval/campaign_20260908/aten-aten_sigmoid-syntactic-8aeedw2x.json"", ""--disable-semantic-fallback""]","== match report for /home/arjaiswal/Polygeist/issues/aten_c_kernels/results/aten_sigmoid/debuf.mlir ==
  match          body#[0]  cutensorUnary_sigmoid_f32
  total: 1 matched / 1 bodies
",0,[],0,0,0,0,/home/arjaiswal/Polygeist/issues/aten_c_kernels/results/aten_sigmoid/debuf.mlir,1914,0,1,1,465.70030227303505,0,65940,0.1347772777080536,0,2,0,0,"[{""body_indices"": [0], ""symbol"": ""cutensorUnary_sigmoid_f32""}]",1,0,44,0.0,44
aten,aten_sigmoid_backward,/home/arjaiswal/Polygeist/issues/aten_c_kernels/results/aten_sigmoid_backward/debuf.mlir,c4e6719e72595bdf51c064b1f193f74afe9c6cc68ef2eb98ac7f1ba1980f302d,syntactic,1,ok,0,737.8079146146774,0,"[""/usr/bin/python3"", ""/home/arjaiswal/Polygeist/scripts/correctness/kernel_match_rewrite.py"", ""/home/arjaiswal/Polygeist/issues/aten_c_kernels/results/aten_sigmoid_backward/debuf.mlir"", ""--dry-run"", ""--matcher-mode"", ""syntactic"", ""--telemetry-json"", ""/home/arjaiswal/Polygeist/issues/equality_saturation_eval/campaign_20260908/aten-aten_sigmoid_backward-syntactic-v1qgecak.json"", ""--disable-semantic-fallback""]","== match report for /home/arjaiswal/Polygeist/issues/aten_c_kernels/results/aten_sigmoid_backward/debuf.mlir ==
  match          body#[0]  cudnnPointwiseGraph_f32
  total: 1 matched / 1 bodies
",0,[],0,0,0,0,/home/arjaiswal/Polygeist/issues/aten_c_kernels/results/aten_sigmoid_backward/debuf.mlir,2016,0,1,1,306.3722550868988,0,65584,0.027120113372802734,0,0,0,0,"[{""body_indices"": [0], ""symbol"": ""cudnnPointwiseGraph_f32""}]",1,0,6,0.0,6
aten,aten_sigmoid_backward,/home/arjaiswal/Polygeist/issues/aten_c_kernels/results/aten_sigmoid_backward/debuf.mlir,c4e6719e72595bdf51c064b1f193f74afe9c6cc68ef2eb98ac7f1ba1980f302d,egglog,1,ok,0,740.9687861800194,0,"[""/usr/bin/python3"", ""/home/arjaiswal/Polygeist/scripts/correctness/kernel_match_rewrite.py"", ""/home/arjaiswal/Polygeist/issues/aten_c_kernels/results/aten_sigmoid_backward/debuf.mlir"", ""--dry-run"", ""--matcher-mode"", ""egglog"", ""--telemetry-json"", ""/home/arjaiswal/Polygeist/issues/equality_saturation_eval/campaign_20260908/aten-aten_sigmoid_backward-egglog-95jr4qna.json"", ""--disable-semantic-fallback""]","== match report for /home/arjaiswal/Polygeist/issues/aten_c_kernels/results/aten_sigmoid_backward/debuf.mlir ==
  match          body#[0]  cudnnPointwiseGraph_f32
  total: 1 matched / 1 bodies
",0,[],0,0,0,0,/home/arjaiswal/Polygeist/issues/aten_c_kernels/results/aten_sigmoid_backward/debuf.mlir,2016,8,1,1,320.58780640363693,0,65592,0.0,0,0,0,0,"[{""body_indices"": [0], ""symbol"": ""cudnnPointwiseGraph_f32""}]",1,0,0,0.0,6
aten,aten_sigmoid_backward,/home/arjaiswal/Polygeist/issues/aten_c_kernels/results/aten_sigmoid_backward/debuf.mlir,c4e6719e72595bdf51c064b1f193f74afe9c6cc68ef2eb98ac7f1ba1980f302d,egglog,2,ok,0,746.6454803943634,0,"[""/usr/bin/python3"", ""/home/arjaiswal/Polygeist/scripts/correctness/kernel_match_rewrite.py"", ""/home/arjaiswal/Polygeist/issues/aten_c_kernels/results/aten_sigmoid_backward/debuf.mlir"", ""--dry-run"", ""--matcher-mode"", ""egglog"", ""--telemetry-json"", ""/home/arjaiswal/Polygeist/issues/equality_saturation_eval/campaign_20260908/aten-aten_sigmoid_backward-egglog-ifiko38a.json"", ""--disable-semantic-fallback""]","== match report for /home/arjaiswal/Polygeist/issues/aten_c_kernels/results/aten_sigmoid_backward/debuf.mlir ==
  match          body#[0]  cudnnPointwiseGraph_f32
  total: 1 matched / 1 bodies
",0,[],0,0,0,0,/home/arjaiswal/Polygeist/issues/aten_c_kernels/results/aten_sigmoid_backward/debuf.mlir,2016,8,1,1,306.9099672138691,0,65708,0.0,0,0,0,0,"[{""body_indices"": [0], ""symbol"": ""cudnnPointwiseGraph_f32""}]",1,0,0,0.0,6
aten,aten_sigmoid_backward,/home/arjaiswal/Polygeist/issues/aten_c_kernels/results/aten_sigmoid_backward/debuf.mlir,c4e6719e72595bdf51c064b1f193f74afe9c6cc68ef2eb98ac7f1ba1980f302d,syntactic,2,ok,0,747.93491512537,0,"[""/usr/bin/python3"", ""/home/arjaiswal/Polygeist/scripts/correctness/kernel_match_rewrite.py"", ""/home/arjaiswal/Polygeist/issues/aten_c_kernels/results/aten_sigmoid_backward/debuf.mlir"", ""--dry-run"", ""--matcher-mode"", ""syntactic"", ""--telemetry-json"", ""/home/arjaiswal/Polygeist/issues/equality_saturation_eval/campaign_20260908/aten-aten_sigmoid_backward-syntactic-u540np0p.json"", ""--disable-semantic-fallback""]","== match report for /home/arjaiswal/Polygeist/issues/aten_c_kernels/results/aten_sigmoid_backward/debuf.mlir ==
  match          body#[0]  cudnnPointwiseGraph_f32
  total: 1 matched / 1 bodies
",0,[],0,0,0,0,/home/arjaiswal/Polygeist/issues/aten_c_kernels/results/aten_sigmoid_backward/debuf.mlir,2016,0,1,1,304.31608855724335,0,65732,0.02397596836090088,0,0,0,0,"[{""body_indices"": [0], ""symbol"": ""cudnnPointwiseGraph_f32""}]",1,0,6,0.0,6
aten,aten_sigmoid_backward,/home/arjaiswal/Polygeist/issues/aten_c_kernels/results/aten_sigmoid_backward/debuf.mlir,c4e6719e72595bdf51c064b1f193f74afe9c6cc68ef2eb98ac7f1ba1980f302d,syntactic,3,ok,0,748.007670044899,0,"[""/usr/bin/python3"", ""/home/arjaiswal/Polygeist/scripts/correctness/kernel_match_rewrite.py"", ""/home/arjaiswal/Polygeist/issues/aten_c_kernels/results/aten_sigmoid_backward/debuf.mlir"", ""--dry-run"", ""--matcher-mode"", ""syntactic"", ""--telemetry-json"", ""/home/arjaiswal/Polygeist/issues/equality_saturation_eval/campaign_20260908/aten-aten_sigmoid_backward-syntactic-4mp2ijqo.json"", ""--disable-semantic-fallback""]","== match report for /home/arjaiswal/Polygeist/issues/aten_c_kernels/results/aten_sigmoid_backward/debuf.mlir ==
  match          body#[0]  cudnnPointwiseGraph_f32
  total: 1 matched / 1 bodies
",0,[],0,0,0,0,/home/arjaiswal/Polygeist/issues/aten_c_kernels/results/aten_sigmoid_backward/debuf.mlir,2016,0,1,1,324.76305961608887,0,65512,0.023175030946731567,0,0,0,0,"[{""body_indices"": [0], ""symbol"": ""cudnnPointwiseGraph_f32""}]",1,0,6,0.0,6
aten,aten_sigmoid_backward,/home/arjaiswal/Polygeist/issues/aten_c_kernels/results/aten_sigmoid_backward/debuf.mlir,c4e6719e72595bdf51c064b1f193f74afe9c6cc68ef2eb98ac7f1ba1980f302d,egglog,3,ok,0,739.0928566455841,0,"[""/usr/bin/python3"", ""/home/arjaiswal/Polygeist/scripts/correctness/kernel_match_rewrite.py"", ""/home/arjaiswal/Polygeist/issues/aten_c_kernels/results/aten_sigmoid_backward/debuf.mlir"", ""--dry-run"", ""--matcher-mode"", ""egglog"", ""--telemetry-json"", ""/home/arjaiswal/Polygeist/issues/equality_saturation_eval/campaign_20260908/aten-aten_sigmoid_backward-egglog-2fb8_0gh.json"", ""--disable-semantic-fallback""]","== match report for /home/arjaiswal/Polygeist/issues/aten_c_kernels/results/aten_sigmoid_backward/debuf.mlir ==
  match          body#[0]  cudnnPointwiseGraph_f32
  total: 1 matched / 1 bodies
",0,[],0,0,0,0,/home/arjaiswal/Polygeist/issues/aten_c_kernels/results/aten_sigmoid_backward/debuf.mlir,2016,8,1,1,320.022139698267,0,65772,0.0,0,0,0,0,"[{""body_indices"": [0], ""symbol"": ""cudnnPointwiseGraph_f32""}]",1,0,0,0.0,6
aten,aten_sigmoid_backward,/home/arjaiswal/Polygeist/issues/aten_c_kernels/results/aten_sigmoid_backward/debuf.mlir,c4e6719e72595bdf51c064b1f193f74afe9c6cc68ef2eb98ac7f1ba1980f302d,egglog,4,ok,0,807.7881149947643,0,"[""/usr/bin/python3"", ""/home/arjaiswal/Polygeist/scripts/correctness/kernel_match_rewrite.py"", ""/home/arjaiswal/Polygeist/issues/aten_c_kernels/results/aten_sigmoid_backward/debuf.mlir"", ""--dry-run"", ""--matcher-mode"", ""egglog"", ""--telemetry-json"", ""/home/arjaiswal/Polygeist/issues/equality_saturation_eval/campaign_20260908/aten-aten_sigmoid_backward-egglog-74dqhr13.json"", ""--disable-semantic-fallback""]","== match report for /home/arjaiswal/Polygeist/issues/aten_c_kernels/results/aten_sigmoid_backward/debuf.mlir ==
  match          body#[0]  cudnnPointwiseGraph_f32
  total: 1 matched / 1 bodies
",0,[],0,0,0,0,/home/arjaiswal/Polygeist/issues/aten_c_kernels/results/aten_sigmoid_backward/debuf.mlir,2016,8,1,1,317.5450935959816,0,65864,0.0,0,0,0,0,"[{""body_indices"": [0], ""symbol"": ""cudnnPointwiseGraph_f32""}]",1,0,0,0.0,6
aten,aten_sigmoid_backward,/home/arjaiswal/Polygeist/issues/aten_c_kernels/results/aten_sigmoid_backward/debuf.mlir,c4e6719e72595bdf51c064b1f193f74afe9c6cc68ef2eb98ac7f1ba1980f302d,syntactic,4,ok,0,780.6415483355522,0,"[""/usr/bin/python3"", ""/home/arjaiswal/Polygeist/scripts/correctness/kernel_match_rewrite.py"", ""/home/arjaiswal/Polygeist/issues/aten_c_kernels/results/aten_sigmoid_backward/debuf.mlir"", ""--dry-run"", ""--matcher-mode"", ""syntactic"", ""--telemetry-json"", ""/home/arjaiswal/Polygeist/issues/equality_saturation_eval/campaign_20260908/aten-aten_sigmoid_backward-syntactic-2nhisa_k.json"", ""--disable-semantic-fallback""]","== match report for /home/arjaiswal/Polygeist/issues/aten_c_kernels/results/aten_sigmoid_backward/debuf.mlir ==
  match          body#[0]  cudnnPointwiseGraph_f32
  total: 1 matched / 1 bodies
",0,[],0,0,0,0,/home/arjaiswal/Polygeist/issues/aten_c_kernels/results/aten_sigmoid_backward/debuf.mlir,2016,0,1,1,357.9290807247162,0,65628,0.031385570764541626,0,0,0,0,"[{""body_indices"": [0], ""symbol"": ""cudnnPointwiseGraph_f32""}]",1,0,6,0.0,6
aten,aten_sigmoid_backward,/home/arjaiswal/Polygeist/issues/aten_c_kernels/results/aten_sigmoid_backward/debuf.mlir,c4e6719e72595bdf51c064b1f193f74afe9c6cc68ef2eb98ac7f1ba1980f302d,syntactic,5,ok,0,773.595355451107,0,"[""/usr/bin/python3"", ""/home/arjaiswal/Polygeist/scripts/correctness/kernel_match_rewrite.py"", ""/home/arjaiswal/Polygeist/issues/aten_c_kernels/results/aten_sigmoid_backward/debuf.mlir"", ""--dry-run"", ""--matcher-mode"", ""syntactic"", ""--telemetry-json"", ""/home/arjaiswal/Polygeist/issues/equality_saturation_eval/campaign_20260908/aten-aten_sigmoid_backward-syntactic-glj_9kj4.json"", ""--disable-semantic-fallback""]","== match report for /home/arjaiswal/Polygeist/issues/aten_c_kernels/results/aten_sigmoid_backward/debuf.mlir ==
  match          body#[0]  cudnnPointwiseGraph_f32
  total: 1 matched / 1 bodies
",0,[],0,0,0,0,/home/arjaiswal/Polygeist/issues/aten_c_kernels/results/aten_sigmoid_backward/debuf.mlir,2016,0,1,1,313.5492503643036,0,65664,0.024449080228805542,0,0,0,0,"[{""body_indices"": [0], ""symbol"": ""cudnnPointwiseGraph_f32""}]",1,0,6,0.0,6
aten,aten_sigmoid_backward,/home/arjaiswal/Polygeist/issues/aten_c_kernels/results/aten_sigmoid_backward/debuf.mlir,c4e6719e72595bdf51c064b1f193f74afe9c6cc68ef2eb98ac7f1ba1980f302d,egglog,5,ok,0,746.8638457357883,0,"[""/usr/bin/python3"", ""/home/arjaiswal/Polygeist/scripts/correctness/kernel_match_rewrite.py"", ""/home/arjaiswal/Polygeist/issues/aten_c_kernels/results/aten_sigmoid_backward/debuf.mlir"", ""--dry-run"", ""--matcher-mode"", ""egglog"", ""--telemetry-json"", ""/home/arjaiswal/Polygeist/issues/equality_saturation_eval/campaign_20260908/aten-aten_sigmoid_backward-egglog-71zns_cj.json"", ""--disable-semantic-fallback""]","== match report for /home/arjaiswal/Polygeist/issues/aten_c_kernels/results/aten_sigmoid_backward/debuf.mlir ==
  match          body#[0]  cudnnPointwiseGraph_f32
  total: 1 matched / 1 bodies
",0,[],0,0,0,0,/home/arjaiswal/Polygeist/issues/aten_c_kernels/results/aten_sigmoid_backward/debuf.mlir,2016,8,1,1,310.44137850403786,0,65600,0.0,0,0,0,0,"[{""body_indices"": [0], ""symbol"": ""cudnnPointwiseGraph_f32""}]",1,0,0,0.0,6
aten,aten_sign,/home/arjaiswal/Polygeist/issues/aten_c_kernels/results/aten_sign/debuf.mlir,f5de06908020357ecc645b6bf5152b90a506e6ae70c4ddc57efe51395c574d17,egglog,1,ok,0,964.6931067109108,0,"[""/usr/bin/python3"", ""/home/arjaiswal/Polygeist/scripts/correctness/kernel_match_rewrite.py"", ""/home/arjaiswal/Polygeist/issues/aten_c_kernels/results/aten_sign/debuf.mlir"", ""--dry-run"", ""--matcher-mode"", ""egglog"", ""--telemetry-json"", ""/home/arjaiswal/Polygeist/issues/equality_saturation_eval/campaign_20260908/aten-aten_sign-egglog-g9yeqbhp.json"", ""--disable-semantic-fallback""]","== match report for /home/arjaiswal/Polygeist/issues/aten_c_kernels/results/aten_sign/debuf.mlir ==
  no_match       body#0  ?
  total: 0 matched / 1 bodies
",0,[],0,0,0,0,/home/arjaiswal/Polygeist/issues/aten_c_kernels/results/aten_sign/debuf.mlir,2013,8,1,0,538.3822843432426,1,66032,0.0,0,0,0,0,[],0,0,0,0.0,56
aten,aten_sign,/home/arjaiswal/Polygeist/issues/aten_c_kernels/results/aten_sign/debuf.mlir,f5de06908020357ecc645b6bf5152b90a506e6ae70c4ddc57efe51395c574d17,syntactic,1,ok,0,1113.6790178716183,0,"[""/usr/bin/python3"", ""/home/arjaiswal/Polygeist/scripts/correctness/kernel_match_rewrite.py"", ""/home/arjaiswal/Polygeist/issues/aten_c_kernels/results/aten_sign/debuf.mlir"", ""--dry-run"", ""--matcher-mode"", ""syntactic"", ""--telemetry-json"", ""/home/arjaiswal/Polygeist/issues/equality_saturation_eval/campaign_20260908/aten-aten_sign-syntactic-r7bffzp9.json"", ""--disable-semantic-fallback""]","== match report for /home/arjaiswal/Polygeist/issues/aten_c_kernels/results/aten_sign/debuf.mlir ==
  no_match       body#0  ?
  total: 0 matched / 1 bodies
",0,[],0,0,0,0,/home/arjaiswal/Polygeist/issues/aten_c_kernels/results/aten_sign/debuf.mlir,2013,0,1,0,573.3855031430721,1,66204,0.17787516117095947,0,0,0,0,[],0,0,56,0.0,56
aten,aten_sign,/home/arjaiswal/Polygeist/issues/aten_c_kernels/results/aten_sign/debuf.mlir,f5de06908020357ecc645b6bf5152b90a506e6ae70c4ddc57efe51395c574d17,syntactic,2,ok,0,1006.500355899334,0,"[""/usr/bin/python3"", ""/home/arjaiswal/Polygeist/scripts/correctness/kernel_match_rewrite.py"", ""/home/arjaiswal/Polygeist/issues/aten_c_kernels/results/aten_sign/debuf.mlir"", ""--dry-run"", ""--matcher-mode"", ""syntactic"", ""--telemetry-json"", ""/home/arjaiswal/Polygeist/issues/equality_saturation_eval/campaign_20260908/aten-aten_sign-syntactic-3w6wlc24.json"", ""--disable-semantic-fallback""]","== match report for /home/arjaiswal/Polygeist/issues/aten_c_kernels/results/aten_sign/debuf.mlir ==
  no_match       body#0  ?
  total: 0 matched / 1 bodies
",0,[],0,0,0,0,/home/arjaiswal/Polygeist/issues/aten_c_kernels/results/aten_sign/debuf.mlir,2013,0,1,0,536.4458300173283,1,66184,0.13349950313568115,0,0,0,0,[],0,0,56,0.0,56
aten,aten_sign,/home/arjaiswal/Polygeist/issues/aten_c_kernels/results/aten_sign/debuf.mlir,f5de06908020357ecc645b6bf5152b90a506e6ae70c4ddc57efe51395c574d17,egglog,2,ok,0,955.2289322018623,0,"[""/usr/bin/python3"", ""/home/arjaiswal/Polygeist/scripts/correctness/kernel_match_rewrite.py"", ""/home/arjaiswal/Polygeist/issues/aten_c_kernels/results/aten_sign/debuf.mlir"", ""--dry-run"", ""--matcher-mode"", ""egglog"", ""--telemetry-json"", ""/home/arjaiswal/Polygeist/issues/equality_saturation_eval/campaign_20260908/aten-aten_sign-egglog-8mzisfzq.json"", ""--disable-semantic-fallback""]","== match report for /home/arjaiswal/Polygeist/issues/aten_c_kernels/results/aten_sign/debuf.mlir ==
  no_match       body#0  ?
  total: 0 matched / 1 bodies
",0,[],0,0,0,0,/home/arjaiswal/Polygeist/issues/aten_c_kernels/results/aten_sign/debuf.mlir,2013,8,1,0,511.92864775657654,1,65992,0.0,0,0,0,0,[],0,0,0,0.0,56
aten,aten_sign,/home/arjaiswal/Polygeist/issues/aten_c_kernels/results/aten_sign/debuf.mlir,f5de06908020357ecc645b6bf5152b90a506e6ae70c4ddc57efe51395c574d17,egglog,3,ok,0,950.2710476517677,0,"[""/usr/bin/python3"", ""/home/arjaiswal/Polygeist/scripts/correctness/kernel_match_rewrite.py"", ""/home/arjaiswal/Polygeist/issues/aten_c_kernels/results/aten_sign/debuf.mlir"", ""--dry-run"", ""--matcher-mode"", ""egglog"", ""--telemetry-json"", ""/home/arjaiswal/Polygeist/issues/equality_saturation_eval/campaign_20260908/aten-aten_sign-egglog-qbbc8sex.json"", ""--disable-semantic-fallback""]","== match report for /home/arjaiswal/Polygeist/issues/aten_c_kernels/results/aten_sign/debuf.mlir ==
  no_match       body#0  ?
  total: 0 matched / 1 bodies
",0,[],0,0,0,0,/home/arjaiswal/Polygeist/issues/aten_c_kernels/results/aten_sign/debuf.mlir,2013,8,1,0,502.52335518598557,1,65932,0.0,0,0,0,0,[],0,0,0,0.0,56
aten,aten_sign,/home/arjaiswal/Polygeist/issues/aten_c_kernels/results/aten_sign/debuf.mlir,f5de06908020357ecc645b6bf5152b90a506e6ae70c4ddc57efe51395c574d17,syntactic,3,ok,0,977.100558578968,0,"[""/usr/bin/python3"", ""/home/arjaiswal/Polygeist/scripts/correctness/kernel_match_rewrite.py"", ""/home/arjaiswal/Polygeist/issues/aten_c_kernels/results/aten_sign/debuf.mlir"", ""--dry-run"", ""--matcher-mode"", ""syntactic"", ""--telemetry-json"", ""/home/arjaiswal/Polygeist/issues/equality_saturation_eval/campaign_20260908/aten-aten_sign-syntactic-r8_d_6v6.json"", ""--disable-semantic-fallback""]","== match report for /home/arjaiswal/Polygeist/issues/aten_c_kernels/results/aten_sign/debuf.mlir ==
  no_match       body#0  ?
  total: 0 matched / 1 bodies
",0,[],0,0,0,0,/home/arjaiswal/Polygeist/issues/aten_c_kernels/results/aten_sign/debuf.mlir,2013,0,1,0,544.7968877851963,1,66164,0.1471005380153656,0,0,0,0,[],0,0,56,0.0,56
aten,aten_sign,/home/arjaiswal/Polygeist/issues/aten_c_kernels/results/aten_sign/debuf.mlir,f5de06908020357ecc645b6bf5152b90a506e6ae70c4ddc57efe51395c574d17,syntactic,4,ok,0,972.472108900547,0,"[""/usr/bin/python3"", ""/home/arjaiswal/Polygeist/scripts/correctness/kernel_match_rewrite.py"", ""/home/arjaiswal/Polygeist/issues/aten_c_kernels/results/aten_sign/debuf.mlir"", ""--dry-run"", ""--matcher-mode"", ""syntactic"", ""--telemetry-json"", ""/home/arjaiswal/Polygeist/issues/equality_saturation_eval/campaign_20260908/aten-aten_sign-syntactic-bnf4qp_1.json"", ""--disable-semantic-fallback""]","== match report for /home/arjaiswal/Polygeist/issues/aten_c_kernels/results/aten_sign/debuf.mlir ==
  no_match       body#0  ?
  total: 0 matched / 1 bodies
",0,[],0,0,0,0,/home/arjaiswal/Polygeist/issues/aten_c_kernels/results/aten_sign/debuf.mlir,2013,0,1,0,525.1667127013206,1,66220,0.16200542449951172,0,0,0,0,[],0,0,56,0.0,56
aten,aten_sign,/home/arjaiswal/Polygeist/issues/aten_c_kernels/results/aten_sign/debuf.mlir,f5de06908020357ecc645b6bf5152b90a506e6ae70c4ddc57efe51395c574d17,egglog,4,ok,0,981.0099378228188,0,"[""/usr/bin/python3"", ""/home/arjaiswal/Polygeist/scripts/correctness/kernel_match_rewrite.py"", ""/home/arjaiswal/Polygeist/issues/aten_c_kernels/results/aten_sign/debuf.mlir"", ""--dry-run"", ""--matcher-mode"", ""egglog"", ""--telemetry-json"", ""/home/arjaiswal/Polygeist/issues/equality_saturation_eval/campaign_20260908/aten-aten_sign-egglog-cximkwob.json"", ""--disable-semantic-fallback""]","== match report for /home/arjaiswal/Polygeist/issues/aten_c_kernels/results/aten_sign/debuf.mlir ==
  no_match       body#0  ?
  total: 0 matched / 1 bodies
",0,[],0,0,0,0,/home/arjaiswal/Polygeist/issues/aten_c_kernels/results/aten_sign/debuf.mlir,2013,8,1,0,554.6559877693653,1,65896,0.0,0,0,0,0,[],0,0,0,0.0,56
aten,aten_sign,/home/arjaiswal/Polygeist/issues/aten_c_kernels/results/aten_sign/debuf.mlir,f5de06908020357ecc645b6bf5152b90a506e6ae70c4ddc57efe51395c574d17,egglog,5,ok,0,930.5685088038445,0,"[""/usr/bin/python3"", ""/home/arjaiswal/Polygeist/scripts/correctness/kernel_match_rewrite.py"", ""/home/arjaiswal/Polygeist/issues/aten_c_kernels/results/aten_sign/debuf.mlir"", ""--dry-run"", ""--matcher-mode"", ""egglog"", ""--telemetry-json"", ""/home/arjaiswal/Polygeist/issues/equality_saturation_eval/campaign_20260908/aten-aten_sign-egglog-ulnxhjr8.json"", ""--disable-semantic-fallback""]","== match report for /home/arjaiswal/Polygeist/issues/aten_c_kernels/results/aten_sign/debuf.mlir ==
  no_match       body#0  ?
  total: 0 matched / 1 bodies
",0,[],0,0,0,0,/home/arjaiswal/Polygeist/issues/aten_c_kernels/results/aten_sign/debuf.mlir,2013,8,1,0,494.3496994674206,1,65740,0.0,0,0,0,0,[],0,0,0,0.0,56
aten,aten_sign,/home/arjaiswal/Polygeist/issues/aten_c_kernels/results/aten_sign/debuf.mlir,f5de06908020357ecc645b6bf5152b90a506e6ae70c4ddc57efe51395c574d17,syntactic,5,ok,0,963.2435515522957,0,"[""/usr/bin/python3"", ""/home/arjaiswal/Polygeist/scripts/correctness/kernel_match_rewrite.py"", ""/home/arjaiswal/Polygeist/issues/aten_c_kernels/results/aten_sign/debuf.mlir"", ""--dry-run"", ""--matcher-mode"", ""syntactic"", ""--telemetry-json"", ""/home/arjaiswal/Polygeist/issues/equality_saturation_eval/campaign_20260908/aten-aten_sign-syntactic-1mppwr0u.json"", ""--disable-semantic-fallback""]","== match report for /home/arjaiswal/Polygeist/issues/aten_c_kernels/results/aten_sign/debuf.mlir ==
  no_match       body#0  ?
  total: 0 matched / 1 bodies
",0,[],0,0,0,0,/home/arjaiswal/Polygeist/issues/aten_c_kernels/results/aten_sign/debuf.mlir,2013,0,1,0,531.9814831018448,1,66176,0.14351308345794678,0,0,0,0,[],0,0,56,0.0,56
aten,aten_signbit,/home/arjaiswal/Polygeist/issues/aten_c_kernels/results/aten_signbit/debuf.mlir,ce0b8e7b33f313475f5fb9857f1e82d631b59ef984fe654ef66ff940c2281e4f,syntactic,1,ok,0,846.2187349796295,0,"[""/usr/bin/python3"", ""/home/arjaiswal/Polygeist/scripts/correctness/kernel_match_rewrite.py"", ""/home/arjaiswal/Polygeist/issues/aten_c_kernels/results/aten_signbit/debuf.mlir"", ""--dry-run"", ""--matcher-mode"", ""syntactic"", ""--telemetry-json"", ""/home/arjaiswal/Polygeist/issues/equality_saturation_eval/campaign_20260908/aten-aten_signbit-syntactic-fk8h70sa.json"", ""--disable-semantic-fallback""]","== match report for /home/arjaiswal/Polygeist/issues/aten_c_kernels/results/aten_signbit/debuf.mlir ==
  no_match       body#0  ?
  total: 0 matched / 1 bodies
",0,[],0,0,0,0,/home/arjaiswal/Polygeist/issues/aten_c_kernels/results/aten_signbit/debuf.mlir,1900,0,1,0,442.5819553434849,1,65840,0.1357831060886383,0,0,0,0,[],0,0,56,0.0,56
aten,aten_signbit,/home/arjaiswal/Polygeist/issues/aten_c_kernels/results/aten_signbit/debuf.mlir,ce0b8e7b33f313475f5fb9857f1e82d631b59ef984fe654ef66ff940c2281e4f,egglog,1,ok,0,937.6458637416363,0,"[""/usr/bin/python3"", ""/home/arjaiswal/Polygeist/scripts/correctness/kernel_match_rewrite.py"", ""/home/arjaiswal/Polygeist/issues/aten_c_kernels/results/aten_signbit/debuf.mlir"", ""--dry-run"", ""--matcher-mode"", ""egglog"", ""--telemetry-json"", ""/home/arjaiswal/Polygeist/issues/equality_saturation_eval/campaign_20260908/aten-aten_signbit-egglog-0fh8qiht.json"", ""--disable-semantic-fallback""]","== match report for /home/arjaiswal/Polygeist/issues/aten_c_kernels/results/aten_signbit/debuf.mlir ==
  no_match       body#0  ?
  total: 0 matched / 1 bodies
",0,[],0,0,0,0,/home/arjaiswal/Polygeist/issues/aten_c_kernels/results/aten_signbit/debuf.mlir,1900,8,1,0,473.8708846271038,1,66032,0.0,0,0,0,0,[],0,0,0,0.0,56
aten,aten_signbit,/home/arjaiswal/Polygeist/issues/aten_c_kernels/results/aten_signbit/debuf.mlir,ce0b8e7b33f313475f5fb9857f1e82d631b59ef984fe654ef66ff940c2281e4f,egglog,2,ok,0,872.2690753638744,0,"[""/usr/bin/python3"", ""/home/arjaiswal/Polygeist/scripts/correctness/kernel_match_rewrite.py"", ""/home/arjaiswal/Polygeist/issues/aten_c_kernels/results/aten_signbit/debuf.mlir"", ""--dry-run"", ""--matcher-mode"", ""egglog"", ""--telemetry-json"", ""/home/arjaiswal/Polygeist/issues/equality_saturation_eval/campaign_20260908/aten-aten_signbit-egglog-cjd6nib1.json"", ""--disable-semantic-fallback""]","== match report for /home/arjaiswal/Polygeist/issues/aten_c_kernels/results/aten_signbit/debuf.mlir ==
  no_match       body#0  ?
  total: 0 matched / 1 bodies
",0,[],0,0,0,0,/home/arjaiswal/Polygeist/issues/aten_c_kernels/results/aten_signbit/debuf.mlir,1900,8,1,0,444.8031485080719,1,66120,0.0,0,0,0,0,[],0,0,0,0.0,56
aten,aten_signbit,/home/arjaiswal/Polygeist/issues/aten_c_kernels/results/aten_signbit/debuf.mlir,ce0b8e7b33f313475f5fb9857f1e82d631b59ef984fe654ef66ff940c2281e4f,syntactic,2,ok,0,854.6069674193859,0,"[""/usr/bin/python3"", ""/home/arjaiswal/Polygeist/scripts/correctness/kernel_match_rewrite.py"", ""/home/arjaiswal/Polygeist/issues/aten_c_kernels/results/aten_signbit/debuf.mlir"", ""--dry-run"", ""--matcher-mode"", ""syntactic"", ""--telemetry-json"", ""/home/arjaiswal/Polygeist/issues/equality_saturation_eval/campaign_20260908/aten-aten_signbit-syntactic-eikr9un3.json"", ""--disable-semantic-fallback""]","== match report for /home/arjaiswal/Polygeist/issues/aten_c_kernels/results/aten_signbit/debuf.mlir ==
  no_match       body#0  ?
  total: 0 matched / 1 bodies
",0,[],0,0,0,0,/home/arjaiswal/Polygeist/issues/aten_c_kernels/results/aten_signbit/debuf.mlir,1900,0,1,0,436.9608610868454,1,66048,0.12310221791267395,0,0,0,0,[],0,0,56,0.0,56
aten,aten_signbit,/home/arjaiswal/Polygeist/issues/aten_c_kernels/results/aten_signbit/debuf.mlir,ce0b8e7b33f313475f5fb9857f1e82d631b59ef984fe654ef66ff940c2281e4f,syntactic,3,ok,0,847.6714678108692,0,"[""/usr/bin/python3"", ""/home/arjaiswal/Polygeist/scripts/correctness/kernel_match_rewrite.py"", ""/home/arjaiswal/Polygeist/issues/aten_c_kernels/results/aten_signbit/debuf.mlir"", ""--dry-run"", ""--matcher-mode"", ""syntactic"", ""--telemetry-json"", ""/home/arjaiswal/Polygeist/issues/equality_saturation_eval/campaign_20260908/aten-aten_signbit-syntactic-tpcdojit.json"", ""--disable-semantic-fallback""]","== match report for /home/arjaiswal/Polygeist/issues/aten_c_kernels/results/aten_signbit/debuf.mlir ==
  no_match       body#0  ?
  total: 0 matched / 1 bodies
",0,[],0,0,0,0,/home/arjaiswal/Polygeist/issues/aten_c_kernels/results/aten_signbit/debuf.mlir,1900,0,1,0,434.2433996498585,1,65972,0.12214109301567078,0,0,0,0,[],0,0,56,0.0,56
aten,aten_signbit,/home/arjaiswal/Polygeist/issues/aten_c_kernels/results/aten_signbit/debuf.mlir,ce0b8e7b33f313475f5fb9857f1e82d631b59ef984fe654ef66ff940c2281e4f,egglog,3,ok,0,920.2614314854145,0,"[""/usr/bin/python3"", ""/home/arjaiswal/Polygeist/scripts/correctness/kernel_match_rewrite.py"", ""/home/arjaiswal/Polygeist/issues/aten_c_kernels/results/aten_signbit/debuf.mlir"", ""--dry-run"", ""--matcher-mode"", ""egglog"", ""--telemetry-json"", ""/home/arjaiswal/Polygeist/issues/equality_saturation_eval/campaign_20260908/aten-aten_signbit-egglog-jmb6rqu5.json"", ""--disable-semantic-fallback""]","== match report for /home/arjaiswal/Polygeist/issues/aten_c_kernels/results/aten_signbit/debuf.mlir ==
  no_match       body#0  ?
  total: 0 matched / 1 bodies
",0,[],0,0,0,0,/home/arjaiswal/Polygeist/issues/aten_c_kernels/results/aten_signbit/debuf.mlir,1900,8,1,0,466.30924567580223,1,65960,0.0,0,0,0,0,[],0,0,0,0.0,56
aten,aten_signbit,/home/arjaiswal/Polygeist/issues/aten_c_kernels/results/aten_signbit/debuf.mlir,ce0b8e7b33f313475f5fb9857f1e82d631b59ef984fe654ef66ff940c2281e4f,egglog,4,ok,0,885.4362592101097,0,"[""/usr/bin/python3"", ""/home/arjaiswal/Polygeist/scripts/correctness/kernel_match_rewrite.py"", ""/home/arjaiswal/Polygeist/issues/aten_c_kernels/results/aten_signbit/debuf.mlir"", ""--dry-run"", ""--matcher-mode"", ""egglog"", ""--telemetry-json"", ""/home/arjaiswal/Polygeist/issues/equality_saturation_eval/campaign_20260908/aten-aten_signbit-egglog-vduq_lwe.json"", ""--disable-semantic-fallback""]","== match report for /home/arjaiswal/Polygeist/issues/aten_c_kernels/results/aten_signbit/debuf.mlir ==
  no_match       body#0  ?
  total: 0 matched / 1 bodies
",0,[],0,0,0,0,/home/arjaiswal/Polygeist/issues/aten_c_kernels/results/aten_signbit/debuf.mlir,1900,8,1,0,442.3076659440994,1,66000,0.0,0,0,0,0,[],0,0,0,0.0,56
aten,aten_signbit,/home/arjaiswal/Polygeist/issues/aten_c_kernels/results/aten_signbit/debuf.mlir,ce0b8e7b33f313475f5fb9857f1e82d631b59ef984fe654ef66ff940c2281e4f,syntactic,4,ok,0,884.688775986433,0,"[""/usr/bin/python3"", ""/home/arjaiswal/Polygeist/scripts/correctness/kernel_match_rewrite.py"", ""/home/arjaiswal/Polygeist/issues/aten_c_kernels/results/aten_signbit/debuf.mlir"", ""--dry-run"", ""--matcher-mode"", ""syntactic"", ""--telemetry-json"", ""/home/arjaiswal/Polygeist/issues/equality_saturation_eval/campaign_20260908/aten-aten_signbit-syntactic-rs989hfx.json"", ""--disable-semantic-fallback""]","== match report for /home/arjaiswal/Polygeist/issues/aten_c_kernels/results/aten_signbit/debuf.mlir ==
  no_match       body#0  ?
  total: 0 matched / 1 bodies
",0,[],0,0,0,0,/home/arjaiswal/Polygeist/issues/aten_c_kernels/results/aten_signbit/debuf.mlir,1900,0,1,0,439.7407993674278,1,65952,0.13404712080955505,0,0,0,0,[],0,0,56,0.0,56
aten,aten_signbit,/home/arjaiswal/Polygeist/issues/aten_c_kernels/results/aten_signbit/debuf.mlir,ce0b8e7b33f313475f5fb9857f1e82d631b59ef984fe654ef66ff940c2281e4f,syntactic,5,ok,0,839.1954302787781,0,"[""/usr/bin/python3"", ""/home/arjaiswal/Polygeist/scripts/correctness/kernel_match_rewrite.py"", ""/home/arjaiswal/Polygeist/issues/aten_c_kernels/results/aten_signbit/debuf.mlir"", ""--dry-run"", ""--matcher-mode"", ""syntactic"", ""--telemetry-json"", ""/home/arjaiswal/Polygeist/issues/equality_saturation_eval/campaign_20260908/aten-aten_signbit-syntactic-79zufctz.json"", ""--disable-semantic-fallback""]","== match report for /home/arjaiswal/Polygeist/issues/aten_c_kernels/results/aten_signbit/debuf.mlir ==
  no_match       body#0  ?
  total: 0 matched / 1 bodies
",0,[],0,0,0,0,/home/arjaiswal/Polygeist/issues/aten_c_kernels/results/aten_signbit/debuf.mlir,1900,0,1,0,436.22181937098503,1,65676,0.12270361185073853,0,0,0,0,[],0,0,56,0.0,56
aten,aten_signbit,/home/arjaiswal/Polygeist/issues/aten_c_kernels/results/aten_signbit/debuf.mlir,ce0b8e7b33f313475f5fb9857f1e82d631b59ef984fe654ef66ff940c2281e4f,egglog,5,ok,0,842.1112336218357,0,"[""/usr/bin/python3"", ""/home/arjaiswal/Polygeist/scripts/correctness/kernel_match_rewrite.py"", ""/home/arjaiswal/Polygeist/issues/aten_c_kernels/results/aten_signbit/debuf.mlir"", ""--dry-run"", ""--matcher-mode"", ""egglog"", ""--telemetry-json"", ""/home/arjaiswal/Polygeist/issues/equality_saturation_eval/campaign_20260908/aten-aten_signbit-egglog-ol88z3_b.json"", ""--disable-semantic-fallback""]","== match report for /home/arjaiswal/Polygeist/issues/aten_c_kernels/results/aten_signbit/debuf.mlir ==
  no_match       body#0  ?
  total: 0 matched / 1 bodies
",0,[],0,0,0,0,/home/arjaiswal/Polygeist/issues/aten_c_kernels/results/aten_signbit/debuf.mlir,1900,8,1,0,436.88270449638367,1,65892,0.0,0,0,0,0,[],0,0,0,0.0,56
aten,aten_silu,/home/arjaiswal/Polygeist/issues/aten_c_kernels/results/aten_silu/debuf.mlir,beea8dc387dfd8c11cda531e4923f19e7b26dbf5ce5838a21961aba7e71bb2e4,egglog,1,ok,0,863.147608935833,0,"[""/usr/bin/python3"", ""/home/arjaiswal/Polygeist/scripts/correctness/kernel_match_rewrite.py"", ""/home/arjaiswal/Polygeist/issues/aten_c_kernels/results/aten_silu/debuf.mlir"", ""--dry-run"", ""--matcher-mode"", ""egglog"", ""--telemetry-json"", ""/home/arjaiswal/Polygeist/issues/equality_saturation_eval/campaign_20260908/aten-aten_silu-egglog-800pomqi.json"", ""--disable-semantic-fallback""]","== match report for /home/arjaiswal/Polygeist/issues/aten_c_kernels/results/aten_silu/debuf.mlir ==
  match          body#[0]  cutensorUnary_silu_f32
  total: 1 matched / 1 bodies
",0,[],0,0,0,0,/home/arjaiswal/Polygeist/issues/aten_c_kernels/results/aten_silu/debuf.mlir,1910,8,1,1,446.1471550166607,0,69960,22.631004452705383,2,2,0,4,"[{""body_indices"": [0], ""symbol"": ""cutensorUnary_silu_f32""}]",1,0,0,0.0,46
aten,aten_silu,/home/arjaiswal/Polygeist/issues/aten_c_kernels/results/aten_silu/debuf.mlir,beea8dc387dfd8c11cda531e4923f19e7b26dbf5ce5838a21961aba7e71bb2e4,syntactic,1,ok,0,844.0344668924809,0,"[""/usr/bin/python3"", ""/home/arjaiswal/Polygeist/scripts/correctness/kernel_match_rewrite.py"", ""/home/arjaiswal/Polygeist/issues/aten_c_kernels/results/aten_silu/debuf.mlir"", ""--dry-run"", ""--matcher-mode"", ""syntactic"", ""--telemetry-json"", ""/home/arjaiswal/Polygeist/issues/equality_saturation_eval/campaign_20260908/aten-aten_silu-syntactic-e60p8_ea.json"", ""--disable-semantic-fallback""]","== match report for /home/arjaiswal/Polygeist/issues/aten_c_kernels/results/aten_silu/debuf.mlir ==
  match          body#[0]  cutensorUnary_silu_f32
  total: 1 matched / 1 bodies
",0,[],0,0,0,0,/home/arjaiswal/Polygeist/issues/aten_c_kernels/results/aten_silu/debuf.mlir,1910,0,1,1,423.4663024544716,0,65956,0.13993680477142334,0,2,0,0,"[{""body_indices"": [0], ""symbol"": ""cutensorUnary_silu_f32""}]",1,0,46,0.0,46
aten,aten_silu,/home/arjaiswal/Polygeist/issues/aten_c_kernels/results/aten_silu/debuf.mlir,beea8dc387dfd8c11cda531e4923f19e7b26dbf5ce5838a21961aba7e71bb2e4,syntactic,2,ok,0,864.5580187439919,0,"[""/usr/bin/python3"", ""/home/arjaiswal/Polygeist/scripts/correctness/kernel_match_rewrite.py"", ""/home/arjaiswal/Polygeist/issues/aten_c_kernels/results/aten_silu/debuf.mlir"", ""--dry-run"", ""--matcher-mode"", ""syntactic"", ""--telemetry-json"", ""/home/arjaiswal/Polygeist/issues/equality_saturation_eval/campaign_20260908/aten-aten_silu-syntactic-jczvzst8.json"", ""--disable-semantic-fallback""]","== match report for /home/arjaiswal/Polygeist/issues/aten_c_kernels/results/aten_silu/debuf.mlir ==
  match          body#[0]  cutensorUnary_silu_f32
  total: 1 matched / 1 bodies
",0,[],0,0,0,0,/home/arjaiswal/Polygeist/issues/aten_c_kernels/results/aten_silu/debuf.mlir,1910,0,1,1,452.13140174746513,0,66060,0.13893097639083862,0,2,0,0,"[{""body_indices"": [0], ""symbol"": ""cutensorUnary_silu_f32""}]",1,0,46,0.0,46
aten,aten_silu,/home/arjaiswal/Polygeist/issues/aten_c_kernels/results/aten_silu/debuf.mlir,beea8dc387dfd8c11cda531e4923f19e7b26dbf5ce5838a21961aba7e71bb2e4,egglog,2,ok,0,889.959778636694,0,"[""/usr/bin/python3"", ""/home/arjaiswal/Polygeist/scripts/correctness/kernel_match_rewrite.py"", ""/home/arjaiswal/Polygeist/issues/aten_c_kernels/results/aten_silu/debuf.mlir"", ""--dry-run"", ""--matcher-mode"", ""egglog"", ""--telemetry-json"", ""/home/arjaiswal/Polygeist/issues/equality_saturation_eval/campaign_20260908/aten-aten_silu-egglog-gcsvqpj7.json"", ""--disable-semantic-fallback""]","== match report for /home/arjaiswal/Polygeist/issues/aten_c_kernels/results/aten_silu/debuf.mlir ==
  match          body#[0]  cutensorUnary_silu_f32
  total: 1 matched / 1 bodies
",0,[],0,0,0,0,/home/arjaiswal/Polygeist/issues/aten_c_kernels/results/aten_silu/debuf.mlir,1910,8,1,1,458.52142199873924,0,70252,23.16906303167343,2,2,0,4,"[{""body_indices"": [0], ""symbol"": ""cutensorUnary_silu_f32""}]",1,0,0,0.0,46
aten,aten_silu,/home/arjaiswal/Polygeist/issues/aten_c_kernels/results/aten_silu/debuf.mlir,beea8dc387dfd8c11cda531e4923f19e7b26dbf5ce5838a21961aba7e71bb2e4,egglog,3,ok,0,885.4774050414562,0,"[""/usr/bin/python3"", ""/home/arjaiswal/Polygeist/scripts/correctness/kernel_match_rewrite.py"", ""/home/arjaiswal/Polygeist/issues/aten_c_kernels/results/aten_silu/debuf.mlir"", ""--dry-run"", ""--matcher-mode"", ""egglog"", ""--telemetry-json"", ""/home/arjaiswal/Polygeist/issues/equality_saturation_eval/campaign_20260908/aten-aten_silu-egglog-9bgqzbfb.json"", ""--disable-semantic-fallback""]","== match report for /home/arjaiswal/Polygeist/issues/aten_c_kernels/results/aten_silu/debuf.mlir ==
  match          body#[0]  cutensorUnary_silu_f32
  total: 1 matched / 1 bodies
",0,[],0,0,0,0,/home/arjaiswal/Polygeist/issues/aten_c_kernels/results/aten_silu/debuf.mlir,1910,8,1,1,454.9313075840473,0,70072,23.16362038254738,2,2,0,4,"[{""body_indices"": [0], ""symbol"": ""cutensorUnary_silu_f32""}]",1,0,0,0.0,46
aten,aten_silu,/home/arjaiswal/Polygeist/issues/aten_c_kernels/results/aten_silu/debuf.mlir,beea8dc387dfd8c11cda531e4923f19e7b26dbf5ce5838a21961aba7e71bb2e4,syntactic,3,ok,0,839.7480174899101,0,"[""/usr/bin/python3"", ""/home/arjaiswal/Polygeist/scripts/correctness/kernel_match_rewrite.py"", ""/home/arjaiswal/Polygeist/issues/aten_c_kernels/results/aten_silu/debuf.mlir"", ""--dry-run"", ""--matcher-mode"", ""syntactic"", ""--telemetry-json"", ""/home/arjaiswal/Polygeist/issues/equality_saturation_eval/campaign_20260908/aten-aten_silu-syntactic-ofe9oqh0.json"", ""--disable-semantic-fallback""]","== match report for /home/arjaiswal/Polygeist/issues/aten_c_kernels/results/aten_silu/debuf.mlir ==
  match          body#[0]  cutensorUnary_silu_f32
  total: 1 matched / 1 bodies
",0,[],0,0,0,0,/home/arjaiswal/Polygeist/issues/aten_c_kernels/results/aten_silu/debuf.mlir,1910,0,1,1,424.6392659842968,0,65996,0.14434382319450378,0,2,0,0,"[{""body_indices"": [0], ""symbol"": ""cutensorUnary_silu_f32""}]",1,0,46,0.0,46
aten,aten_silu,/home/arjaiswal/Polygeist/issues/aten_c_kernels/results/aten_silu/debuf.mlir,beea8dc387dfd8c11cda531e4923f19e7b26dbf5ce5838a21961aba7e71bb2e4,syntactic,4,ok,0,834.4548754394054,0,"[""/usr/bin/python3"", ""/home/arjaiswal/Polygeist/scripts/correctness/kernel_match_rewrite.py"", ""/home/arjaiswal/Polygeist/issues/aten_c_kernels/results/aten_silu/debuf.mlir"", ""--dry-run"", ""--matcher-mode"", ""syntactic"", ""--telemetry-json"", ""/home/arjaiswal/Polygeist/issues/equality_saturation_eval/campaign_20260908/aten-aten_silu-syntactic-kadd9x8a.json"", ""--disable-semantic-fallback""]","== match report for /home/arjaiswal/Polygeist/issues/aten_c_kernels/results/aten_silu/debuf.mlir ==
  match          body#[0]  cutensorUnary_silu_f32
  total: 1 matched / 1 bodies
",0,[],0,0,0,0,/home/arjaiswal/Polygeist/issues/aten_c_kernels/results/aten_silu/debuf.mlir,1910,0,1,1,424.9759428203106,0,65860,0.13811513781547546,0,2,0,0,"[{""body_indices"": [0], ""symbol"": ""cutensorUnary_silu_f32""}]",1,0,46,0.0,46
aten,aten_silu,/home/arjaiswal/Polygeist/issues/aten_c_kernels/results/aten_silu/debuf.mlir,beea8dc387dfd8c11cda531e4923f19e7b26dbf5ce5838a21961aba7e71bb2e4,egglog,4,ok,0,907.7872633934021,0,"[""/usr/bin/python3"", ""/home/arjaiswal/Polygeist/scripts/correctness/kernel_match_rewrite.py"", ""/home/arjaiswal/Polygeist/issues/aten_c_kernels/results/aten_silu/debuf.mlir"", ""--dry-run"", ""--matcher-mode"", ""egglog"", ""--telemetry-json"", ""/home/arjaiswal/Polygeist/issues/equality_saturation_eval/campaign_20260908/aten-aten_silu-egglog-z1hosqf5.json"", ""--disable-semantic-fallback""]","== match report for /home/arjaiswal/Polygeist/issues/aten_c_kernels/results/aten_silu/debuf.mlir ==
  match          body#[0]  cutensorUnary_silu_f32
  total: 1 matched / 1 bodies
",0,[],0,0,0,0,/home/arjaiswal/Polygeist/issues/aten_c_kernels/results/aten_silu/debuf.mlir,1910,8,1,1,490.25580659508705,0,69928,31.711965799331665,2,2,0,4,"[{""body_indices"": [0], ""symbol"": ""cutensorUnary_silu_f32""}]",1,0,0,0.0,46
aten,aten_silu,/home/arjaiswal/Polygeist/issues/aten_c_kernels/results/aten_silu/debuf.mlir,beea8dc387dfd8c11cda531e4923f19e7b26dbf5ce5838a21961aba7e71bb2e4,egglog,5,ok,0,899.5910547673702,0,"[""/usr/bin/python3"", ""/home/arjaiswal/Polygeist/scripts/correctness/kernel_match_rewrite.py"", ""/home/arjaiswal/Polygeist/issues/aten_c_kernels/results/aten_silu/debuf.mlir"", ""--dry-run"", ""--matcher-mode"", ""egglog"", ""--telemetry-json"", ""/home/arjaiswal/Polygeist/issues/equality_saturation_eval/campaign_20260908/aten-aten_silu-egglog-dodkbanh.json"", ""--disable-semantic-fallback""]","== match report for /home/arjaiswal/Polygeist/issues/aten_c_kernels/results/aten_silu/debuf.mlir ==
  match          body#[0]  cutensorUnary_silu_f32
  total: 1 matched / 1 bodies
",0,[],0,0,0,0,/home/arjaiswal/Polygeist/issues/aten_c_kernels/results/aten_silu/debuf.mlir,1910,8,1,1,465.1570990681648,0,69956,26.911776512861252,2,2,0,4,"[{""body_indices"": [0], ""symbol"": ""cutensorUnary_silu_f32""}]",1,0,0,0.0,46
aten,aten_silu,/home/arjaiswal/Polygeist/issues/aten_c_kernels/results/aten_silu/debuf.mlir,beea8dc387dfd8c11cda531e4923f19e7b26dbf5ce5838a21961aba7e71bb2e4,syntactic,5,ok,0,856.0889177024364,0,"[""/usr/bin/python3"", ""/home/arjaiswal/Polygeist/scripts/correctness/kernel_match_rewrite.py"", ""/home/arjaiswal/Polygeist/issues/aten_c_kernels/results/aten_silu/debuf.mlir"", ""--dry-run"", ""--matcher-mode"", ""syntactic"", ""--telemetry-json"", ""/home/arjaiswal/Polygeist/issues/equality_saturation_eval/campaign_20260908/aten-aten_silu-syntactic-4uv0x_57.json"", ""--disable-semantic-fallback""]","== match report for /home/arjaiswal/Polygeist/issues/aten_c_kernels/results/aten_silu/debuf.mlir ==
  match          body#[0]  cutensorUnary_silu_f32
  total: 1 matched / 1 bodies
",0,[],0,0,0,0,/home/arjaiswal/Polygeist/issues/aten_c_kernels/results/aten_silu/debuf.mlir,1910,0,1,1,430.5014982819557,0,65780,0.13099238276481628,0,2,0,0,"[{""body_indices"": [0], ""symbol"": ""cutensorUnary_silu_f32""}]",1,0,46,0.0,46
aten,aten_silu_backward,/home/arjaiswal/Polygeist/issues/aten_c_kernels/results/aten_silu_backward/debuf.mlir,7b482fdce435564dcffcac97e1780978feac0195a3f1b67f018368a76e27b2fd,syntactic,1,ok,0,736.4503890275955,0,"[""/usr/bin/python3"", ""/home/arjaiswal/Polygeist/scripts/correctness/kernel_match_rewrite.py"", ""/home/arjaiswal/Polygeist/issues/aten_c_kernels/results/aten_silu_backward/debuf.mlir"", ""--dry-run"", ""--matcher-mode"", ""syntactic"", ""--telemetry-json"", ""/home/arjaiswal/Polygeist/issues/equality_saturation_eval/campaign_20260908/aten-aten_silu_backward-syntactic-kcpce9aq.json"", ""--disable-semantic-fallback""]","== match report for /home/arjaiswal/Polygeist/issues/aten_c_kernels/results/aten_silu_backward/debuf.mlir ==
  match          body#[0]  cudnnPointwiseGraph_f32
  total: 1 matched / 1 bodies
",0,[],0,0,0,0,/home/arjaiswal/Polygeist/issues/aten_c_kernels/results/aten_silu_backward/debuf.mlir,2227,0,1,1,315.03528356552124,0,66092,0.023052096366882324,0,0,0,0,"[{""body_indices"": [0], ""symbol"": ""cudnnPointwiseGraph_f32""}]",1,0,6,0.0,6
aten,aten_silu_backward,/home/arjaiswal/Polygeist/issues/aten_c_kernels/results/aten_silu_backward/debuf.mlir,7b482fdce435564dcffcac97e1780978feac0195a3f1b67f018368a76e27b2fd,egglog,1,ok,0,732.5246557593346,0,"[""/usr/bin/python3"", ""/home/arjaiswal/Polygeist/scripts/correctness/kernel_match_rewrite.py"", ""/home/arjaiswal/Polygeist/issues/aten_c_kernels/results/aten_silu_backward/debuf.mlir"", ""--dry-run"", ""--matcher-mode"", ""egglog"", ""--telemetry-json"", ""/home/arjaiswal/Polygeist/issues/equality_saturation_eval/campaign_20260908/aten-aten_silu_backward-egglog-tvx7sb2o.json"", ""--disable-semantic-fallback""]","== match report for /home/arjaiswal/Polygeist/issues/aten_c_kernels/results/aten_silu_backward/debuf.mlir ==
  match          body#[0]  cudnnPointwiseGraph_f32
  total: 1 matched / 1 bodies
",0,[],0,0,0,0,/home/arjaiswal/Polygeist/issues/aten_c_kernels/results/aten_silu_backward/debuf.mlir,2227,8,1,1,320.3251175582409,0,66200,0.0,0,0,0,0,"[{""body_indices"": [0], ""symbol"": ""cudnnPointwiseGraph_f32""}]",1,0,0,0.0,6
aten,aten_silu_backward,/home/arjaiswal/Polygeist/issues/aten_c_kernels/results/aten_silu_backward/debuf.mlir,7b482fdce435564dcffcac97e1780978feac0195a3f1b67f018368a76e27b2fd,egglog,2,ok,0,751.5631020069122,0,"[""/usr/bin/python3"", ""/home/arjaiswal/Polygeist/scripts/correctness/kernel_match_rewrite.py"", ""/home/arjaiswal/Polygeist/issues/aten_c_kernels/results/aten_silu_backward/debuf.mlir"", ""--dry-run"", ""--matcher-mode"", ""egglog"", ""--telemetry-json"", ""/home/arjaiswal/Polygeist/issues/equality_saturation_eval/campaign_20260908/aten-aten_silu_backward-egglog-rm8jy2rj.json"", ""--disable-semantic-fallback""]","== match report for /home/arjaiswal/Polygeist/issues/aten_c_kernels/results/aten_silu_backward/debuf.mlir ==
  match          body#[0]  cudnnPointwiseGraph_f32
  total: 1 matched / 1 bodies
",0,[],0,0,0,0,/home/arjaiswal/Polygeist/issues/aten_c_kernels/results/aten_silu_backward/debuf.mlir,2227,8,1,1,337.6903384923935,0,66144,0.0,0,0,0,0,"[{""body_indices"": [0], ""symbol"": ""cudnnPointwiseGraph_f32""}]",1,0,0,0.0,6
aten,aten_silu_backward,/home/arjaiswal/Polygeist/issues/aten_c_kernels/results/aten_silu_backward/debuf.mlir,7b482fdce435564dcffcac97e1780978feac0195a3f1b67f018368a76e27b2fd,syntactic,2,ok,0,795.0687892735004,0,"[""/usr/bin/python3"", ""/home/arjaiswal/Polygeist/scripts/correctness/kernel_match_rewrite.py"", ""/home/arjaiswal/Polygeist/issues/aten_c_kernels/results/aten_silu_backward/debuf.mlir"", ""--dry-run"", ""--matcher-mode"", ""syntactic"", ""--telemetry-json"", ""/home/arjaiswal/Polygeist/issues/equality_saturation_eval/campaign_20260908/aten-aten_silu_backward-syntactic-sci0u7xu.json"", ""--disable-semantic-fallback""]","== match report for /home/arjaiswal/Polygeist/issues/aten_c_kernels/results/aten_silu_backward/debuf.mlir ==
  match          body#[0]  cudnnPointwiseGraph_f32
  total: 1 matched / 1 bodies
",0,[],0,0,0,0,/home/arjaiswal/Polygeist/issues/aten_c_kernels/results/aten_silu_backward/debuf.mlir,2227,0,1,1,342.003408819437,0,66056,0.026065856218338013,0,0,0,0,"[{""body_indices"": [0], ""symbol"": ""cudnnPointwiseGraph_f32""}]",1,0,6,0.0,6
aten,aten_silu_backward,/home/arjaiswal/Polygeist/issues/aten_c_kernels/results/aten_silu_backward/debuf.mlir,7b482fdce435564dcffcac97e1780978feac0195a3f1b67f018368a76e27b2fd,syntactic,3,ok,0,753.782581537962,0,"[""/usr/bin/python3"", ""/home/arjaiswal/Polygeist/scripts/correctness/kernel_match_rewrite.py"", ""/home/arjaiswal/Polygeist/issues/aten_c_kernels/results/aten_silu_backward/debuf.mlir"", ""--dry-run"", ""--matcher-mode"", ""syntactic"", ""--telemetry-json"", ""/home/arjaiswal/Polygeist/issues/equality_saturation_eval/campaign_20260908/aten-aten_silu_backward-syntactic-hf8i1dud.json"", ""--disable-semantic-fallback""]","== match report for /home/arjaiswal/Polygeist/issues/aten_c_kernels/results/aten_silu_backward/debuf.mlir ==
  match          body#[0]  cudnnPointwiseGraph_f32
  total: 1 matched / 1 bodies
",0,[],0,0,0,0,/home/arjaiswal/Polygeist/issues/aten_c_kernels/results/aten_silu_backward/debuf.mlir,2227,0,1,1,329.68854159116745,0,66008,0.02744048833847046,0,0,0,0,"[{""body_indices"": [0], ""symbol"": ""cudnnPointwiseGraph_f32""}]",1,0,6,0.0,6
aten,aten_silu_backward,/home/arjaiswal/Polygeist/issues/aten_c_kernels/results/aten_silu_backward/debuf.mlir,7b482fdce435564dcffcac97e1780978feac0195a3f1b67f018368a76e27b2fd,egglog,3,ok,0,750.6071962416172,0,"[""/usr/bin/python3"", ""/home/arjaiswal/Polygeist/scripts/correctness/kernel_match_rewrite.py"", ""/home/arjaiswal/Polygeist/issues/aten_c_kernels/results/aten_silu_backward/debuf.mlir"", ""--dry-run"", ""--matcher-mode"", ""egglog"", ""--telemetry-json"", ""/home/arjaiswal/Polygeist/issues/equality_saturation_eval/campaign_20260908/aten-aten_silu_backward-egglog-r89v5csv.json"", ""--disable-semantic-fallback""]","== match report for /home/arjaiswal/Polygeist/issues/aten_c_kernels/results/aten_silu_backward/debuf.mlir ==
  match          body#[0]  cudnnPointwiseGraph_f32
  total: 1 matched / 1 bodies
",0,[],0,0,0,0,/home/arjaiswal/Polygeist/issues/aten_c_kernels/results/aten_silu_backward/debuf.mlir,2227,8,1,1,333.3783484995365,0,66236,0.0,0,0,0,0,"[{""body_indices"": [0], ""symbol"": ""cudnnPointwiseGraph_f32""}]",1,0,0,0.0,6
aten,aten_silu_backward,/home/arjaiswal/Polygeist/issues/aten_c_kernels/results/aten_silu_backward/debuf.mlir,7b482fdce435564dcffcac97e1780978feac0195a3f1b67f018368a76e27b2fd,egglog,4,ok,0,767.2216705977917,0,"[""/usr/bin/python3"", ""/home/arjaiswal/Polygeist/scripts/correctness/kernel_match_rewrite.py"", ""/home/arjaiswal/Polygeist/issues/aten_c_kernels/results/aten_silu_backward/debuf.mlir"", ""--dry-run"", ""--matcher-mode"", ""egglog"", ""--telemetry-json"", ""/home/arjaiswal/Polygeist/issues/equality_saturation_eval/campaign_20260908/aten-aten_silu_backward-egglog-0z6lsblh.json"", ""--disable-semantic-fallback""]","== match report for /home/arjaiswal/Polygeist/issues/aten_c_kernels/results/aten_silu_backward/debuf.mlir ==
  match          body#[0]  cudnnPointwiseGraph_f32
  total: 1 matched / 1 bodies
",0,[],0,0,0,0,/home/arjaiswal/Polygeist/issues/aten_c_kernels/results/aten_silu_backward/debuf.mlir,2227,8,1,1,338.27417716383934,0,66328,0.0,0,0,0,0,"[{""body_indices"": [0], ""symbol"": ""cudnnPointwiseGraph_f32""}]",1,0,0,0.0,6
aten,aten_silu_backward,/home/arjaiswal/Polygeist/issues/aten_c_kernels/results/aten_silu_backward/debuf.mlir,7b482fdce435564dcffcac97e1780978feac0195a3f1b67f018368a76e27b2fd,syntactic,4,ok,0,765.3083465993404,0,"[""/usr/bin/python3"", ""/home/arjaiswal/Polygeist/scripts/correctness/kernel_match_rewrite.py"", ""/home/arjaiswal/Polygeist/issues/aten_c_kernels/results/aten_silu_backward/debuf.mlir"", ""--dry-run"", ""--matcher-mode"", ""syntactic"", ""--telemetry-json"", ""/home/arjaiswal/Polygeist/issues/equality_saturation_eval/campaign_20260908/aten-aten_silu_backward-syntactic-u4n5iv7n.json"", ""--disable-semantic-fallback""]","== match report for /home/arjaiswal/Polygeist/issues/aten_c_kernels/results/aten_silu_backward/debuf.mlir ==
  match          body#[0]  cudnnPointwiseGraph_f32
  total: 1 matched / 1 bodies
",0,[],0,0,0,0,/home/arjaiswal/Polygeist/issues/aten_c_kernels/results/aten_silu_backward/debuf.mlir,2227,0,1,1,329.8959992825985,0,66176,0.023346394300460815,0,0,0,0,"[{""body_indices"": [0], ""symbol"": ""cudnnPointwiseGraph_f32""}]",1,0,6,0.0,6
aten,aten_silu_backward,/home/arjaiswal/Polygeist/issues/aten_c_kernels/results/aten_silu_backward/debuf.mlir,7b482fdce435564dcffcac97e1780978feac0195a3f1b67f018368a76e27b2fd,syntactic,5,ok,0,739.4182607531548,0,"[""/usr/bin/python3"", ""/home/arjaiswal/Polygeist/scripts/correctness/kernel_match_rewrite.py"", ""/home/arjaiswal/Polygeist/issues/aten_c_kernels/results/aten_silu_backward/debuf.mlir"", ""--dry-run"", ""--matcher-mode"", ""syntactic"", ""--telemetry-json"", ""/home/arjaiswal/Polygeist/issues/equality_saturation_eval/campaign_20260908/aten-aten_silu_backward-syntactic-5odq6_3m.json"", ""--disable-semantic-fallback""]","== match report for /home/arjaiswal/Polygeist/issues/aten_c_kernels/results/aten_silu_backward/debuf.mlir ==
  match          body#[0]  cudnnPointwiseGraph_f32
  total: 1 matched / 1 bodies
",0,[],0,0,0,0,/home/arjaiswal/Polygeist/issues/aten_c_kernels/results/aten_silu_backward/debuf.mlir,2227,0,1,1,325.50809532403946,0,66212,0.025566667318344116,0,0,0,0,"[{""body_indices"": [0], ""symbol"": ""cudnnPointwiseGraph_f32""}]",1,0,6,0.0,6
aten,aten_silu_backward,/home/arjaiswal/Polygeist/issues/aten_c_kernels/results/aten_silu_backward/debuf.mlir,7b482fdce435564dcffcac97e1780978feac0195a3f1b67f018368a76e27b2fd,egglog,5,ok,0,739.3612563610077,0,"[""/usr/bin/python3"", ""/home/arjaiswal/Polygeist/scripts/correctness/kernel_match_rewrite.py"", ""/home/arjaiswal/Polygeist/issues/aten_c_kernels/results/aten_silu_backward/debuf.mlir"", ""--dry-run"", ""--matcher-mode"", ""egglog"", ""--telemetry-json"", ""/home/arjaiswal/Polygeist/issues/equality_saturation_eval/campaign_20260908/aten-aten_silu_backward-egglog-huj69v11.json"", ""--disable-semantic-fallback""]","== match report for /home/arjaiswal/Polygeist/issues/aten_c_kernels/results/aten_silu_backward/debuf.mlir ==
  match          body#[0]  cudnnPointwiseGraph_f32
  total: 1 matched / 1 bodies
",0,[],0,0,0,0,/home/arjaiswal/Polygeist/issues/aten_c_kernels/results/aten_silu_backward/debuf.mlir,2227,8,1,1,324.40296187996864,0,66240,0.0,0,0,0,0,"[{""body_indices"": [0], ""symbol"": ""cudnnPointwiseGraph_f32""}]",1,0,0,0.0,6
aten,aten_silu_cpu,/home/arjaiswal/Polygeist/issues/aten_c_kernels/results/aten_silu_cpu/debuf.mlir,f75b3be985dbb864698b02df050d7e7a20dae4eafdc106b44687f13fb4be5176,egglog,1,ok,0,876.4123320579529,0,"[""/usr/bin/python3"", ""/home/arjaiswal/Polygeist/scripts/correctness/kernel_match_rewrite.py"", ""/home/arjaiswal/Polygeist/issues/aten_c_kernels/results/aten_silu_cpu/debuf.mlir"", ""--dry-run"", ""--matcher-mode"", ""egglog"", ""--telemetry-json"", ""/home/arjaiswal/Polygeist/issues/equality_saturation_eval/campaign_20260908/aten-aten_silu_cpu-egglog-h4swtw7j.json"", ""--disable-semantic-fallback""]","== match report for /home/arjaiswal/Polygeist/issues/aten_c_kernels/results/aten_silu_cpu/debuf.mlir ==
  match          body#[0]  cutensorUnary_silu_f32
  total: 1 matched / 1 bodies
",0,[],0,0,0,0,/home/arjaiswal/Polygeist/issues/aten_c_kernels/results/aten_silu_cpu/debuf.mlir,1914,8,1,1,460.300549864769,0,70024,23.22937175631523,2,2,0,4,"[{""body_indices"": [0], ""symbol"": ""cutensorUnary_silu_f32""}]",1,0,0,0.0,46
aten,aten_silu_cpu,/home/arjaiswal/Polygeist/issues/aten_c_kernels/results/aten_silu_cpu/debuf.mlir,f75b3be985dbb864698b02df050d7e7a20dae4eafdc106b44687f13fb4be5176,syntactic,1,ok,0,879.8937126994133,0,"[""/usr/bin/python3"", ""/home/arjaiswal/Polygeist/scripts/correctness/kernel_match_rewrite.py"", ""/home/arjaiswal/Polygeist/issues/aten_c_kernels/results/aten_silu_cpu/debuf.mlir"", ""--dry-run"", ""--matcher-mode"", ""syntactic"", ""--telemetry-json"", ""/home/arjaiswal/Polygeist/issues/equality_saturation_eval/campaign_20260908/aten-aten_silu_cpu-syntactic-vy86_myl.json"", ""--disable-semantic-fallback""]","== match report for /home/arjaiswal/Polygeist/issues/aten_c_kernels/results/aten_silu_cpu/debuf.mlir ==
  match          body#[0]  cutensorUnary_silu_f32
  total: 1 matched / 1 bodies
",0,[],0,0,0,0,/home/arjaiswal/Polygeist/issues/aten_c_kernels/results/aten_silu_cpu/debuf.mlir,1914,0,1,1,441.4413385093212,0,65688,0.13874098658561707,0,2,0,0,"[{""body_indices"": [0], ""symbol"": ""cutensorUnary_silu_f32""}]",1,0,46,0.0,46
aten,aten_silu_cpu,/home/arjaiswal/Polygeist/issues/aten_c_kernels/results/aten_silu_cpu/debuf.mlir,f75b3be985dbb864698b02df050d7e7a20dae4eafdc106b44687f13fb4be5176,syntactic,2,ok,0,860.8677908778191,0,"[""/usr/bin/python3"", ""/home/arjaiswal/Polygeist/scripts/correctness/kernel_match_rewrite.py"", ""/home/arjaiswal/Polygeist/issues/aten_c_kernels/results/aten_silu_cpu/debuf.mlir"", ""--dry-run"", ""--matcher-mode"", ""syntactic"", ""--telemetry-json"", ""/home/arjaiswal/Polygeist/issues/equality_saturation_eval/campaign_20260908/aten-aten_silu_cpu-syntactic-oata1upr.json"", ""--disable-semantic-fallback""]","== match report for /home/arjaiswal/Polygeist/issues/aten_c_kernels/results/aten_silu_cpu/debuf.mlir ==
  match          body#[0]  cutensorUnary_silu_f32
  total: 1 matched / 1 bodies
",0,[],0,0,0,0,/home/arjaiswal/Polygeist/issues/aten_c_kernels/results/aten_silu_cpu/debuf.mlir,1914,0,1,1,425.02573505043983,0,66016,0.1346282660961151,0,2,0,0,"[{""body_indices"": [0], ""symbol"": ""cutensorUnary_silu_f32""}]",1,0,46,0.0,46
aten,aten_silu_cpu,/home/arjaiswal/Polygeist/issues/aten_c_kernels/results/aten_silu_cpu/debuf.mlir,f75b3be985dbb864698b02df050d7e7a20dae4eafdc106b44687f13fb4be5176,egglog,2,ok,0,936.8365705013275,0,"[""/usr/bin/python3"", ""/home/arjaiswal/Polygeist/scripts/correctness/kernel_match_rewrite.py"", ""/home/arjaiswal/Polygeist/issues/aten_c_kernels/results/aten_silu_cpu/debuf.mlir"", ""--dry-run"", ""--matcher-mode"", ""egglog"", ""--telemetry-json"", ""/home/arjaiswal/Polygeist/issues/equality_saturation_eval/campaign_20260908/aten-aten_silu_cpu-egglog-pyw38onx.json"", ""--disable-semantic-fallback""]","== match report for /home/arjaiswal/Polygeist/issues/aten_c_kernels/results/aten_silu_cpu/debuf.mlir ==
  match          body#[0]  cutensorUnary_silu_f32
  total: 1 matched / 1 bodies
",0,[],0,0,0,0,/home/arjaiswal/Polygeist/issues/aten_c_kernels/results/aten_silu_cpu/debuf.mlir,1914,8,1,1,463.29640597105026,0,69988,23.51953089237213,2,2,0,4,"[{""body_indices"": [0], ""symbol"": ""cutensorUnary_silu_f32""}]",1,0,0,0.0,46
aten,aten_silu_cpu,/home/arjaiswal/Polygeist/issues/aten_c_kernels/results/aten_silu_cpu/debuf.mlir,f75b3be985dbb864698b02df050d7e7a20dae4eafdc106b44687f13fb4be5176,egglog,3,ok,0,977.7550436556339,0,"[""/usr/bin/python3"", ""/home/arjaiswal/Polygeist/scripts/correctness/kernel_match_rewrite.py"", ""/home/arjaiswal/Polygeist/issues/aten_c_kernels/results/aten_silu_cpu/debuf.mlir"", ""--dry-run"", ""--matcher-mode"", ""egglog"", ""--telemetry-json"", ""/home/arjaiswal/Polygeist/issues/equality_saturation_eval/campaign_20260908/aten-aten_silu_cpu-egglog-1st7nxxp.json"", ""--disable-semantic-fallback""]","== match report for /home/arjaiswal/Polygeist/issues/aten_c_kernels/results/aten_silu_cpu/debuf.mlir ==
  match          body#[0]  cutensorUnary_silu_f32
  total: 1 matched / 1 bodies
",0,[],0,0,0,0,/home/arjaiswal/Polygeist/issues/aten_c_kernels/results/aten_silu_cpu/debuf.mlir,1914,8,1,1,485.7674725353718,0,70100,26.675403118133545,2,2,0,4,"[{""body_indices"": [0], ""symbol"": ""cutensorUnary_silu_f32""}]",1,0,0,0.0,46
aten,aten_silu_cpu,/home/arjaiswal/Polygeist/issues/aten_c_kernels/results/aten_silu_cpu/debuf.mlir,f75b3be985dbb864698b02df050d7e7a20dae4eafdc106b44687f13fb4be5176,syntactic,3,ok,0,855.2637621760368,0,"[""/usr/bin/python3"", ""/home/arjaiswal/Polygeist/scripts/correctness/kernel_match_rewrite.py"", ""/home/arjaiswal/Polygeist/issues/aten_c_kernels/results/aten_silu_cpu/debuf.mlir"", ""--dry-run"", ""--matcher-mode"", ""syntactic"", ""--telemetry-json"", ""/home/arjaiswal/Polygeist/issues/equality_saturation_eval/campaign_20260908/aten-aten_silu_cpu-syntactic-mpmiftxu.json"", ""--disable-semantic-fallback""]","== match report for /home/arjaiswal/Polygeist/issues/aten_c_kernels/results/aten_silu_cpu/debuf.mlir ==
  match          body#[0]  cutensorUnary_silu_f32
  total: 1 matched / 1 bodies
",0,[],0,0,0,0,/home/arjaiswal/Polygeist/issues/aten_c_kernels/results/aten_silu_cpu/debuf.mlir,1914,0,1,1,433.5401952266693,0,66072,0.14415383338928223,0,2,0,0,"[{""body_indices"": [0], ""symbol"": ""cutensorUnary_silu_f32""}]",1,0,46,0.0,46
aten,aten_silu_cpu,/home/arjaiswal/Polygeist/issues/aten_c_kernels/results/aten_silu_cpu/debuf.mlir,f75b3be985dbb864698b02df050d7e7a20dae4eafdc106b44687f13fb4be5176,syntactic,4,ok,0,884.5078833401203,0,"[""/usr/bin/python3"", ""/home/arjaiswal/Polygeist/scripts/correctness/kernel_match_rewrite.py"", ""/home/arjaiswal/Polygeist/issues/aten_c_kernels/results/aten_silu_cpu/debuf.mlir"", ""--dry-run"", ""--matcher-mode"", ""syntactic"", ""--telemetry-json"", ""/home/arjaiswal/Polygeist/issues/equality_saturation_eval/campaign_20260908/aten-aten_silu_cpu-syntactic-bts1png2.json"", ""--disable-semantic-fallback""]","== match report for /home/arjaiswal/Polygeist/issues/aten_c_kernels/results/aten_silu_cpu/debuf.mlir ==
  match          body#[0]  cutensorUnary_silu_f32
  total: 1 matched / 1 bodies
",0,[],0,0,0,0,/home/arjaiswal/Polygeist/issues/aten_c_kernels/results/aten_silu_cpu/debuf.mlir,1914,0,1,1,445.1126828789711,0,66004,0.13987720012664795,0,2,0,0,"[{""body_indices"": [0], ""symbol"": ""cutensorUnary_silu_f32""}]",1,0,46,0.0,46
aten,aten_silu_cpu,/home/arjaiswal/Polygeist/issues/aten_c_kernels/results/aten_silu_cpu/debuf.mlir,f75b3be985dbb864698b02df050d7e7a20dae4eafdc106b44687f13fb4be5176,egglog,4,ok,0,864.3805272877216,0,"[""/usr/bin/python3"", ""/home/arjaiswal/Polygeist/scripts/correctness/kernel_match_rewrite.py"", ""/home/arjaiswal/Polygeist/issues/aten_c_kernels/results/aten_silu_cpu/debuf.mlir"", ""--dry-run"", ""--matcher-mode"", ""egglog"", ""--telemetry-json"", ""/home/arjaiswal/Polygeist/issues/equality_saturation_eval/campaign_20260908/aten-aten_silu_cpu-egglog-xo4t6m_a.json"", ""--disable-semantic-fallback""]","== match report for /home/arjaiswal/Polygeist/issues/aten_c_kernels/results/aten_silu_cpu/debuf.mlir ==
  match          body#[0]  cutensorUnary_silu_f32
  total: 1 matched / 1 bodies
",0,[],0,0,0,0,/home/arjaiswal/Polygeist/issues/aten_c_kernels/results/aten_silu_cpu/debuf.mlir,1914,8,1,1,448.78701865673065,0,69956,22.773724049329758,2,2,0,4,"[{""body_indices"": [0], ""symbol"": ""cutensorUnary_silu_f32""}]",1,0,0,0.0,46
aten,aten_silu_cpu,/home/arjaiswal/Polygeist/issues/aten_c_kernels/results/aten_silu_cpu/debuf.mlir,f75b3be985dbb864698b02df050d7e7a20dae4eafdc106b44687f13fb4be5176,egglog,5,ok,0,873.8284558057785,0,"[""/usr/bin/python3"", ""/home/arjaiswal/Polygeist/scripts/correctness/kernel_match_rewrite.py"", ""/home/arjaiswal/Polygeist/issues/aten_c_kernels/results/aten_silu_cpu/debuf.mlir"", ""--dry-run"", ""--matcher-mode"", ""egglog"", ""--telemetry-json"", ""/home/arjaiswal/Polygeist/issues/equality_saturation_eval/campaign_20260908/aten-aten_silu_cpu-egglog-ny9_87kj.json"", ""--disable-semantic-fallback""]","== match report for /home/arjaiswal/Polygeist/issues/aten_c_kernels/results/aten_silu_cpu/debuf.mlir ==
  match          body#[0]  cutensorUnary_silu_f32
  total: 1 matched / 1 bodies
",0,[],0,0,0,0,/home/arjaiswal/Polygeist/issues/aten_c_kernels/results/aten_silu_cpu/debuf.mlir,1914,8,1,1,463.2501043379307,0,69976,22.845685482025146,2,2,0,4,"[{""body_indices"": [0], ""symbol"": ""cutensorUnary_silu_f32""}]",1,0,0,0.0,46
aten,aten_silu_cpu,/home/arjaiswal/Polygeist/issues/aten_c_kernels/results/aten_silu_cpu/debuf.mlir,f75b3be985dbb864698b02df050d7e7a20dae4eafdc106b44687f13fb4be5176,syntactic,5,ok,0,845.4537354409695,0,"[""/usr/bin/python3"", ""/home/arjaiswal/Polygeist/scripts/correctness/kernel_match_rewrite.py"", ""/home/arjaiswal/Polygeist/issues/aten_c_kernels/results/aten_silu_cpu/debuf.mlir"", ""--dry-run"", ""--matcher-mode"", ""syntactic"", ""--telemetry-json"", ""/home/arjaiswal/Polygeist/issues/equality_saturation_eval/campaign_20260908/aten-aten_silu_cpu-syntactic-hltj0377.json"", ""--disable-semantic-fallback""]","== match report for /home/arjaiswal/Polygeist/issues/aten_c_kernels/results/aten_silu_cpu/debuf.mlir ==
  match          body#[0]  cutensorUnary_silu_f32
  total: 1 matched / 1 bodies
",0,[],0,0,0,0,/home/arjaiswal/Polygeist/issues/aten_c_kernels/results/aten_silu_cpu/debuf.mlir,1914,0,1,1,435.988150537014,0,66124,0.14134123921394348,0,2,0,0,"[{""body_indices"": [0], ""symbol"": ""cutensorUnary_silu_f32""}]",1,0,46,0.0,46
aten,aten_sin,/home/arjaiswal/Polygeist/issues/aten_c_kernels/results/aten_sin/debuf.mlir,a119069e9ff7cfd756e122da42b4f98dac428a5201397a5ac90d8d61ba0fbac0,syntactic,1,ok,0,755.5355206131935,0,"[""/usr/bin/python3"", ""/home/arjaiswal/Polygeist/scripts/correctness/kernel_match_rewrite.py"", ""/home/arjaiswal/Polygeist/issues/aten_c_kernels/results/aten_sin/debuf.mlir"", ""--dry-run"", ""--matcher-mode"", ""syntactic"", ""--telemetry-json"", ""/home/arjaiswal/Polygeist/issues/equality_saturation_eval/campaign_20260908/aten-aten_sin-syntactic-ihtqym3h.json"", ""--disable-semantic-fallback""]","== match report for /home/arjaiswal/Polygeist/issues/aten_c_kernels/results/aten_sin/debuf.mlir ==
  match          body#[0]  cutensorUnary_sin_f32
  total: 1 matched / 1 bodies
",0,[],0,0,0,0,/home/arjaiswal/Polygeist/issues/aten_c_kernels/results/aten_sin/debuf.mlir,1866,0,1,1,352.29557007551193,0,65620,0.1757219433784485,0,2,0,0,"[{""body_indices"": [0], ""symbol"": ""cutensorUnary_sin_f32""}]",1,0,26,0.0,26
aten,aten_sin,/home/arjaiswal/Polygeist/issues/aten_c_kernels/results/aten_sin/debuf.mlir,a119069e9ff7cfd756e122da42b4f98dac428a5201397a5ac90d8d61ba0fbac0,egglog,1,ok,0,794.7452440857887,0,"[""/usr/bin/python3"", ""/home/arjaiswal/Polygeist/scripts/correctness/kernel_match_rewrite.py"", ""/home/arjaiswal/Polygeist/issues/aten_c_kernels/results/aten_sin/debuf.mlir"", ""--dry-run"", ""--matcher-mode"", ""egglog"", ""--telemetry-json"", ""/home/arjaiswal/Polygeist/issues/equality_saturation_eval/campaign_20260908/aten-aten_sin-egglog-dgxz5f0z.json"", ""--disable-semantic-fallback""]","== match report for /home/arjaiswal/Polygeist/issues/aten_c_kernels/results/aten_sin/debuf.mlir ==
  match          body#[0]  cutensorUnary_sin_f32
  total: 1 matched / 1 bodies
",0,[],0,0,0,0,/home/arjaiswal/Polygeist/issues/aten_c_kernels/results/aten_sin/debuf.mlir,1866,8,1,1,362.26774752140045,0,68964,25.91674029827118,2,2,0,0,"[{""body_indices"": [0], ""symbol"": ""cutensorUnary_sin_f32""}]",1,0,0,0.0,26
aten,aten_sin,/home/arjaiswal/Polygeist/issues/aten_c_kernels/results/aten_sin/debuf.mlir,a119069e9ff7cfd756e122da42b4f98dac428a5201397a5ac90d8d61ba0fbac0,egglog,2,ok,0,776.6870819032192,0,"[""/usr/bin/python3"", ""/home/arjaiswal/Polygeist/scripts/correctness/kernel_match_rewrite.py"", ""/home/arjaiswal/Polygeist/issues/aten_c_kernels/results/aten_sin/debuf.mlir"", ""--dry-run"", ""--matcher-mode"", ""egglog"", ""--telemetry-json"", ""/home/arjaiswal/Polygeist/issues/equality_saturation_eval/campaign_20260908/aten-aten_sin-egglog-6xkhbxpy.json"", ""--disable-semantic-fallback""]","== match report for /home/arjaiswal/Polygeist/issues/aten_c_kernels/results/aten_sin/debuf.mlir ==
  match          body#[0]  cutensorUnary_sin_f32
  total: 1 matched / 1 bodies
",0,[],0,0,0,0,/home/arjaiswal/Polygeist/issues/aten_c_kernels/results/aten_sin/debuf.mlir,1866,8,1,1,349.2606580257416,0,68876,21.487493067979813,2,2,0,0,"[{""body_indices"": [0], ""symbol"": ""cutensorUnary_sin_f32""}]",1,0,0,0.0,26
aten,aten_sin,/home/arjaiswal/Polygeist/issues/aten_c_kernels/results/aten_sin/debuf.mlir,a119069e9ff7cfd756e122da42b4f98dac428a5201397a5ac90d8d61ba0fbac0,syntactic,2,ok,0,735.5148978531361,0,"[""/usr/bin/python3"", ""/home/arjaiswal/Polygeist/scripts/correctness/kernel_match_rewrite.py"", ""/home/arjaiswal/Polygeist/issues/aten_c_kernels/results/aten_sin/debuf.mlir"", ""--dry-run"", ""--matcher-mode"", ""syntactic"", ""--telemetry-json"", ""/home/arjaiswal/Polygeist/issues/equality_saturation_eval/campaign_20260908/aten-aten_sin-syntactic-frwqrvzq.json"", ""--disable-semantic-fallback""]","== match report for /home/arjaiswal/Polygeist/issues/aten_c_kernels/results/aten_sin/debuf.mlir ==
  match          body#[0]  cutensorUnary_sin_f32
  total: 1 matched / 1 bodies
",0,[],0,0,0,0,/home/arjaiswal/Polygeist/issues/aten_c_kernels/results/aten_sin/debuf.mlir,1866,0,1,1,318.86499375104904,0,65640,0.1393631100654602,0,2,0,0,"[{""body_indices"": [0], ""symbol"": ""cutensorUnary_sin_f32""}]",1,0,26,0.0,26
aten,aten_sin,/home/arjaiswal/Polygeist/issues/aten_c_kernels/results/aten_sin/debuf.mlir,a119069e9ff7cfd756e122da42b4f98dac428a5201397a5ac90d8d61ba0fbac0,syntactic,3,ok,0,779.7161862254143,0,"[""/usr/bin/python3"", ""/home/arjaiswal/Polygeist/scripts/correctness/kernel_match_rewrite.py"", ""/home/arjaiswal/Polygeist/issues/aten_c_kernels/results/aten_sin/debuf.mlir"", ""--dry-run"", ""--matcher-mode"", ""syntactic"", ""--telemetry-json"", ""/home/arjaiswal/Polygeist/issues/equality_saturation_eval/campaign_20260908/aten-aten_sin-syntactic-lao5p4wp.json"", ""--disable-semantic-fallback""]","== match report for /home/arjaiswal/Polygeist/issues/aten_c_kernels/results/aten_sin/debuf.mlir ==
  match          body#[0]  cutensorUnary_sin_f32
  total: 1 matched / 1 bodies
",0,[],0,0,0,0,/home/arjaiswal/Polygeist/issues/aten_c_kernels/results/aten_sin/debuf.mlir,1866,0,1,1,355.8575063943863,0,65620,0.13175979256629944,0,2,0,0,"[{""body_indices"": [0], ""symbol"": ""cutensorUnary_sin_f32""}]",1,0,26,0.0,26
aten,aten_sin,/home/arjaiswal/Polygeist/issues/aten_c_kernels/results/aten_sin/debuf.mlir,a119069e9ff7cfd756e122da42b4f98dac428a5201397a5ac90d8d61ba0fbac0,egglog,3,ok,0,754.4260621070862,0,"[""/usr/bin/python3"", ""/home/arjaiswal/Polygeist/scripts/correctness/kernel_match_rewrite.py"", ""/home/arjaiswal/Polygeist/issues/aten_c_kernels/results/aten_sin/debuf.mlir"", ""--dry-run"", ""--matcher-mode"", ""egglog"", ""--telemetry-json"", ""/home/arjaiswal/Polygeist/issues/equality_saturation_eval/campaign_20260908/aten-aten_sin-egglog-41oibe_h.json"", ""--disable-semantic-fallback""]","== match report for /home/arjaiswal/Polygeist/issues/aten_c_kernels/results/aten_sin/debuf.mlir ==
  match          body#[0]  cutensorUnary_sin_f32
  total: 1 matched / 1 bodies
",0,[],0,0,0,0,/home/arjaiswal/Polygeist/issues/aten_c_kernels/results/aten_sin/debuf.mlir,1866,8,1,1,343.2570770382881,0,68784,20.901277661323547,2,2,0,0,"[{""body_indices"": [0], ""symbol"": ""cutensorUnary_sin_f32""}]",1,0,0,0.0,26
aten,aten_sin,/home/arjaiswal/Polygeist/issues/aten_c_kernels/results/aten_sin/debuf.mlir,a119069e9ff7cfd756e122da42b4f98dac428a5201397a5ac90d8d61ba0fbac0,egglog,4,ok,0,771.9388492405415,0,"[""/usr/bin/python3"", ""/home/arjaiswal/Polygeist/scripts/correctness/kernel_match_rewrite.py"", ""/home/arjaiswal/Polygeist/issues/aten_c_kernels/results/aten_sin/debuf.mlir"", ""--dry-run"", ""--matcher-mode"", ""egglog"", ""--telemetry-json"", ""/home/arjaiswal/Polygeist/issues/equality_saturation_eval/campaign_20260908/aten-aten_sin-egglog-r4u_1q96.json"", ""--disable-semantic-fallback""]","== match report for /home/arjaiswal/Polygeist/issues/aten_c_kernels/results/aten_sin/debuf.mlir ==
  match          body#[0]  cutensorUnary_sin_f32
  total: 1 matched / 1 bodies
",0,[],0,0,0,0,/home/arjaiswal/Polygeist/issues/aten_c_kernels/results/aten_sin/debuf.mlir,1866,8,1,1,355.9271842241287,0,68632,25.167670100927353,2,2,0,0,"[{""body_indices"": [0], ""symbol"": ""cutensorUnary_sin_f32""}]",1,0,0,0.0,26
aten,aten_sin,/home/arjaiswal/Polygeist/issues/aten_c_kernels/results/aten_sin/debuf.mlir,a119069e9ff7cfd756e122da42b4f98dac428a5201397a5ac90d8d61ba0fbac0,syntactic,4,ok,0,718.1674614548683,0,"[""/usr/bin/python3"", ""/home/arjaiswal/Polygeist/scripts/correctness/kernel_match_rewrite.py"", ""/home/arjaiswal/Polygeist/issues/aten_c_kernels/results/aten_sin/debuf.mlir"", ""--dry-run"", ""--matcher-mode"", ""syntactic"", ""--telemetry-json"", ""/home/arjaiswal/Polygeist/issues/equality_saturation_eval/campaign_20260908/aten-aten_sin-syntactic-yy3yfrw8.json"", ""--disable-semantic-fallback""]","== match report for /home/arjaiswal/Polygeist/issues/aten_c_kernels/results/aten_sin/debuf.mlir ==
  match          body#[0]  cutensorUnary_sin_f32
  total: 1 matched / 1 bodies
",0,[],0,0,0,0,/home/arjaiswal/Polygeist/issues/aten_c_kernels/results/aten_sin/debuf.mlir,1866,0,1,1,324.53428581357,0,65820,0.13821199536323547,0,2,0,0,"[{""body_indices"": [0], ""symbol"": ""cutensorUnary_sin_f32""}]",1,0,26,0.0,26
aten,aten_sin,/home/arjaiswal/Polygeist/issues/aten_c_kernels/results/aten_sin/debuf.mlir,a119069e9ff7cfd756e122da42b4f98dac428a5201397a5ac90d8d61ba0fbac0,syntactic,5,ok,0,741.4211817085743,0,"[""/usr/bin/python3"", ""/home/arjaiswal/Polygeist/scripts/correctness/kernel_match_rewrite.py"", ""/home/arjaiswal/Polygeist/issues/aten_c_kernels/results/aten_sin/debuf.mlir"", ""--dry-run"", ""--matcher-mode"", ""syntactic"", ""--telemetry-json"", ""/home/arjaiswal/Polygeist/issues/equality_saturation_eval/campaign_20260908/aten-aten_sin-syntactic-5y7guw3e.json"", ""--disable-semantic-fallback""]","== match report for /home/arjaiswal/Polygeist/issues/aten_c_kernels/results/aten_sin/debuf.mlir ==
  match          body#[0]  cutensorUnary_sin_f32
  total: 1 matched / 1 bodies
",0,[],0,0,0,0,/home/arjaiswal/Polygeist/issues/aten_c_kernels/results/aten_sin/debuf.mlir,1866,0,1,1,330.23160323500633,0,65544,0.13250485062599182,0,2,0,0,"[{""body_indices"": [0], ""symbol"": ""cutensorUnary_sin_f32""}]",1,0,26,0.0,26
aten,aten_sin,/home/arjaiswal/Polygeist/issues/aten_c_kernels/results/aten_sin/debuf.mlir,a119069e9ff7cfd756e122da42b4f98dac428a5201397a5ac90d8d61ba0fbac0,egglog,5,ok,0,832.4873372912407,0,"[""/usr/bin/python3"", ""/home/arjaiswal/Polygeist/scripts/correctness/kernel_match_rewrite.py"", ""/home/arjaiswal/Polygeist/issues/aten_c_kernels/results/aten_sin/debuf.mlir"", ""--dry-run"", ""--matcher-mode"", ""egglog"", ""--telemetry-json"", ""/home/arjaiswal/Polygeist/issues/equality_saturation_eval/campaign_20260908/aten-aten_sin-egglog-r2p9j4hb.json"", ""--disable-semantic-fallback""]","== match report for /home/arjaiswal/Polygeist/issues/aten_c_kernels/results/aten_sin/debuf.mlir ==
  match          body#[0]  cutensorUnary_sin_f32
  total: 1 matched / 1 bodies
",0,[],0,0,0,0,/home/arjaiswal/Polygeist/issues/aten_c_kernels/results/aten_sin/debuf.mlir,1866,8,1,1,359.97314006090164,0,68856,21.38350158929825,2,2,0,0,"[{""body_indices"": [0], ""symbol"": ""cutensorUnary_sin_f32""}]",1,0,0,0.0,26
aten,aten_sinc,/home/arjaiswal/Polygeist/issues/aten_c_kernels/results/aten_sinc/debuf.mlir,bb65c7ee4e036c37a48d6277274554d5b04c13bbe48771ff1e339d412c7bd2d0,egglog,1,ok,0,695.6458948552608,0,"[""/usr/bin/python3"", ""/home/arjaiswal/Polygeist/scripts/correctness/kernel_match_rewrite.py"", ""/home/arjaiswal/Polygeist/issues/aten_c_kernels/results/aten_sinc/debuf.mlir"", ""--dry-run"", ""--matcher-mode"", ""egglog"", ""--telemetry-json"", ""/home/arjaiswal/Polygeist/issues/equality_saturation_eval/campaign_20260908/aten-aten_sinc-egglog-6zmcpbdx.json"", ""--disable-semantic-fallback""]","== match report for /home/arjaiswal/Polygeist/issues/aten_c_kernels/results/aten_sinc/debuf.mlir ==
  no_match       body#0  ?
  total: 0 matched / 1 bodies
",0,[],0,0,0,0,/home/arjaiswal/Polygeist/issues/aten_c_kernels/results/aten_sinc/debuf.mlir,2375,8,1,0,273.0068638920784,1,64848,0.0,0,0,0,0,[],0,0,0,0.0,4
aten,aten_sinc,/home/arjaiswal/Polygeist/issues/aten_c_kernels/results/aten_sinc/debuf.mlir,bb65c7ee4e036c37a48d6277274554d5b04c13bbe48771ff1e339d412c7bd2d0,syntactic,1,ok,0,733.7297908961773,0,"[""/usr/bin/python3"", ""/home/arjaiswal/Polygeist/scripts/correctness/kernel_match_rewrite.py"", ""/home/arjaiswal/Polygeist/issues/aten_c_kernels/results/aten_sinc/debuf.mlir"", ""--dry-run"", ""--matcher-mode"", ""syntactic"", ""--telemetry-json"", ""/home/arjaiswal/Polygeist/issues/equality_saturation_eval/campaign_20260908/aten-aten_sinc-syntactic-ebbj99gn.json"", ""--disable-semantic-fallback""]","== match report for /home/arjaiswal/Polygeist/issues/aten_c_kernels/results/aten_sinc/debuf.mlir ==
  no_match       body#0  ?
  total: 0 matched / 1 bodies
",0,[],0,0,0,0,/home/arjaiswal/Polygeist/issues/aten_c_kernels/results/aten_sinc/debuf.mlir,2375,0,1,0,282.95324370265007,1,64812,0.02094358205795288,0,0,0,0,[],0,0,4,0.0,4
aten,aten_sinc,/home/arjaiswal/Polygeist/issues/aten_c_kernels/results/aten_sinc/debuf.mlir,bb65c7ee4e036c37a48d6277274554d5b04c13bbe48771ff1e339d412c7bd2d0,syntactic,2,ok,0,683.1436492502689,0,"[""/usr/bin/python3"", ""/home/arjaiswal/Polygeist/scripts/correctness/kernel_match_rewrite.py"", ""/home/arjaiswal/Polygeist/issues/aten_c_kernels/results/aten_sinc/debuf.mlir"", ""--dry-run"", ""--matcher-mode"", ""syntactic"", ""--telemetry-json"", ""/home/arjaiswal/Polygeist/issues/equality_saturation_eval/campaign_20260908/aten-aten_sinc-syntactic-lmyrzpjs.json"", ""--disable-semantic-fallback""]","== match report for /home/arjaiswal/Polygeist/issues/aten_c_kernels/results/aten_sinc/debuf.mlir ==
  no_match       body#0  ?
  total: 0 matched / 1 bodies
",0,[],0,0,0,0,/home/arjaiswal/Polygeist/issues/aten_c_kernels/results/aten_sinc/debuf.mlir,2375,0,1,0,283.2075171172619,1,64744,0.014800578355789185,0,0,0,0,[],0,0,4,0.0,4
aten,aten_sinc,/home/arjaiswal/Polygeist/issues/aten_c_kernels/results/aten_sinc/debuf.mlir,bb65c7ee4e036c37a48d6277274554d5b04c13bbe48771ff1e339d412c7bd2d0,egglog,2,ok,0,678.550586104393,0,"[""/usr/bin/python3"", ""/home/arjaiswal/Polygeist/scripts/correctness/kernel_match_rewrite.py"", ""/home/arjaiswal/Polygeist/issues/aten_c_kernels/results/aten_sinc/debuf.mlir"", ""--dry-run"", ""--matcher-mode"", ""egglog"", ""--telemetry-json"", ""/home/arjaiswal/Polygeist/issues/equality_saturation_eval/campaign_20260908/aten-aten_sinc-egglog-yl9uu1t7.json"", ""--disable-semantic-fallback""]","== match report for /home/arjaiswal/Polygeist/issues/aten_c_kernels/results/aten_sinc/debuf.mlir ==
  no_match       body#0  ?
  total: 0 matched / 1 bodies
",0,[],0,0,0,0,/home/arjaiswal/Polygeist/issues/aten_c_kernels/results/aten_sinc/debuf.mlir,2375,8,1,0,267.1264111995697,1,64668,0.0,0,0,0,0,[],0,0,0,0.0,4
aten,aten_sinc,/home/arjaiswal/Polygeist/issues/aten_c_kernels/results/aten_sinc/debuf.mlir,bb65c7ee4e036c37a48d6277274554d5b04c13bbe48771ff1e339d412c7bd2d0,egglog,3,ok,0,727.2671349346638,0,"[""/usr/bin/python3"", ""/home/arjaiswal/Polygeist/scripts/correctness/kernel_match_rewrite.py"", ""/home/arjaiswal/Polygeist/issues/aten_c_kernels/results/aten_sinc/debuf.mlir"", ""--dry-run"", ""--matcher-mode"", ""egglog"", ""--telemetry-json"", ""/home/arjaiswal/Polygeist/issues/equality_saturation_eval/campaign_20260908/aten-aten_sinc-egglog-b6xxvee6.json"", ""--disable-semantic-fallback""]","== match report for /home/arjaiswal/Polygeist/issues/aten_c_kernels/results/aten_sinc/debuf.mlir ==
  no_match       body#0  ?
  total: 0 matched / 1 bodies
",0,[],0,0,0,0,/home/arjaiswal/Polygeist/issues/aten_c_kernels/results/aten_sinc/debuf.mlir,2375,8,1,0,273.8221138715744,1,64688,0.0,0,0,0,0,[],0,0,0,0.0,4
aten,aten_sinc,/home/arjaiswal/Polygeist/issues/aten_c_kernels/results/aten_sinc/debuf.mlir,bb65c7ee4e036c37a48d6277274554d5b04c13bbe48771ff1e339d412c7bd2d0,syntactic,3,ok,0,699.467122554779,0,"[""/usr/bin/python3"", ""/home/arjaiswal/Polygeist/scripts/correctness/kernel_match_rewrite.py"", ""/home/arjaiswal/Polygeist/issues/aten_c_kernels/results/aten_sinc/debuf.mlir"", ""--dry-run"", ""--matcher-mode"", ""syntactic"", ""--telemetry-json"", ""/home/arjaiswal/Polygeist/issues/equality_saturation_eval/campaign_20260908/aten-aten_sinc-syntactic-bd2pakdr.json"", ""--disable-semantic-fallback""]","== match report for /home/arjaiswal/Polygeist/issues/aten_c_kernels/results/aten_sinc/debuf.mlir ==
  no_match       body#0  ?
  total: 0 matched / 1 bodies
",0,[],0,0,0,0,/home/arjaiswal/Polygeist/issues/aten_c_kernels/results/aten_sinc/debuf.mlir,2375,0,1,0,287.292767316103,1,64544,0.01465529203414917,0,0,0,0,[],0,0,4,0.0,4
aten,aten_sinc,/home/arjaiswal/Polygeist/issues/aten_c_kernels/results/aten_sinc/debuf.mlir,bb65c7ee4e036c37a48d6277274554d5b04c13bbe48771ff1e339d412c7bd2d0,syntactic,4,ok,0,696.0873082280159,0,"[""/usr/bin/python3"", ""/home/arjaiswal/Polygeist/scripts/correctness/kernel_match_rewrite.py"", ""/home/arjaiswal/Polygeist/issues/aten_c_kernels/results/aten_sinc/debuf.mlir"", ""--dry-run"", ""--matcher-mode"", ""syntactic"", ""--telemetry-json"", ""/home/arjaiswal/Polygeist/issues/equality_saturation_eval/campaign_20260908/aten-aten_sinc-syntactic-x88zr1al.json"", ""--disable-semantic-fallback""]","== match report for /home/arjaiswal/Polygeist/issues/aten_c_kernels/results/aten_sinc/debuf.mlir ==
  no_match       body#0  ?
  total: 0 matched / 1 bodies
",0,[],0,0,0,0,/home/arjaiswal/Polygeist/issues/aten_c_kernels/results/aten_sinc/debuf.mlir,2375,0,1,0,288.45764324069023,1,64292,0.015117228031158447,0,0,0,0,[],0,0,4,0.0,4
aten,aten_sinc,/home/arjaiswal/Polygeist/issues/aten_c_kernels/results/aten_sinc/debuf.mlir,bb65c7ee4e036c37a48d6277274554d5b04c13bbe48771ff1e339d412c7bd2d0,egglog,4,ok,0,764.6413445472717,0,"[""/usr/bin/python3"", ""/home/arjaiswal/Polygeist/scripts/correctness/kernel_match_rewrite.py"", ""/home/arjaiswal/Polygeist/issues/aten_c_kernels/results/aten_sinc/debuf.mlir"", ""--dry-run"", ""--matcher-mode"", ""egglog"", ""--telemetry-json"", ""/home/arjaiswal/Polygeist/issues/equality_saturation_eval/campaign_20260908/aten-aten_sinc-egglog-w3qr4bfe.json"", ""--disable-semantic-fallback""]","== match report for /home/arjaiswal/Polygeist/issues/aten_c_kernels/results/aten_sinc/debuf.mlir ==
  no_match       body#0  ?
  total: 0 matched / 1 bodies
",0,[],0,0,0,0,/home/arjaiswal/Polygeist/issues/aten_c_kernels/results/aten_sinc/debuf.mlir,2375,8,1,0,275.43288469314575,1,64616,0.0,0,0,0,0,[],0,0,0,0.0,4
aten,aten_sinc,/home/arjaiswal/Polygeist/issues/aten_c_kernels/results/aten_sinc/debuf.mlir,bb65c7ee4e036c37a48d6277274554d5b04c13bbe48771ff1e339d412c7bd2d0,egglog,5,ok,0,685.8313158154488,0,"[""/usr/bin/python3"", ""/home/arjaiswal/Polygeist/scripts/correctness/kernel_match_rewrite.py"", ""/home/arjaiswal/Polygeist/issues/aten_c_kernels/results/aten_sinc/debuf.mlir"", ""--dry-run"", ""--matcher-mode"", ""egglog"", ""--telemetry-json"", ""/home/arjaiswal/Polygeist/issues/equality_saturation_eval/campaign_20260908/aten-aten_sinc-egglog-5w1pu4ue.json"", ""--disable-semantic-fallback""]","== match report for /home/arjaiswal/Polygeist/issues/aten_c_kernels/results/aten_sinc/debuf.mlir ==
  no_match       body#0  ?
  total: 0 matched / 1 bodies
",0,[],0,0,0,0,/home/arjaiswal/Polygeist/issues/aten_c_kernels/results/aten_sinc/debuf.mlir,2375,8,1,0,273.25447648763657,1,64712,0.0,0,0,0,0,[],0,0,0,0.0,4
aten,aten_sinc,/home/arjaiswal/Polygeist/issues/aten_c_kernels/results/aten_sinc/debuf.mlir,bb65c7ee4e036c37a48d6277274554d5b04c13bbe48771ff1e339d412c7bd2d0,syntactic,5,ok,0,693.870235234499,0,"[""/usr/bin/python3"", ""/home/arjaiswal/Polygeist/scripts/correctness/kernel_match_rewrite.py"", ""/home/arjaiswal/Polygeist/issues/aten_c_kernels/results/aten_sinc/debuf.mlir"", ""--dry-run"", ""--matcher-mode"", ""syntactic"", ""--telemetry-json"", ""/home/arjaiswal/Polygeist/issues/equality_saturation_eval/campaign_20260908/aten-aten_sinc-syntactic-irqosx4y.json"", ""--disable-semantic-fallback""]","== match report for /home/arjaiswal/Polygeist/issues/aten_c_kernels/results/aten_sinc/debuf.mlir ==
  no_match       body#0  ?
  total: 0 matched / 1 bodies
",0,[],0,0,0,0,/home/arjaiswal/Polygeist/issues/aten_c_kernels/results/aten_sinc/debuf.mlir,2375,0,1,0,279.5729376375675,1,64812,0.017706304788589478,0,0,0,0,[],0,0,4,0.0,4
aten,aten_sinh,/home/arjaiswal/Polygeist/issues/aten_c_kernels/results/aten_sinh/debuf.mlir,4bdd77ba401f9797fdfba39f5bbdc3f882d539f924ca516bc46851dcb26fca01,syntactic,1,ok,0,757.4071250855923,0,"[""/usr/bin/python3"", ""/home/arjaiswal/Polygeist/scripts/correctness/kernel_match_rewrite.py"", ""/home/arjaiswal/Polygeist/issues/aten_c_kernels/results/aten_sinh/debuf.mlir"", ""--dry-run"", ""--matcher-mode"", ""syntactic"", ""--telemetry-json"", ""/home/arjaiswal/Polygeist/issues/equality_saturation_eval/campaign_20260908/aten-aten_sinh-syntactic-22cu_tyb.json"", ""--disable-semantic-fallback""]","== match report for /home/arjaiswal/Polygeist/issues/aten_c_kernels/results/aten_sinh/debuf.mlir ==
  match          body#[0]  cutensorUnary_sinh_f32
  total: 1 matched / 1 bodies
",0,[],0,0,0,0,/home/arjaiswal/Polygeist/issues/aten_c_kernels/results/aten_sinh/debuf.mlir,1886,0,1,1,332.85708352923393,0,65752,0.15348941087722778,0,2,0,0,"[{""body_indices"": [0], ""symbol"": ""cutensorUnary_sinh_f32""}]",1,0,28,0.0,28
aten,aten_sinh,/home/arjaiswal/Polygeist/issues/aten_c_kernels/results/aten_sinh/debuf.mlir,4bdd77ba401f9797fdfba39f5bbdc3f882d539f924ca516bc46851dcb26fca01,egglog,1,ok,0,756.9203823804855,0,"[""/usr/bin/python3"", ""/home/arjaiswal/Polygeist/scripts/correctness/kernel_match_rewrite.py"", ""/home/arjaiswal/Polygeist/issues/aten_c_kernels/results/aten_sinh/debuf.mlir"", ""--dry-run"", ""--matcher-mode"", ""egglog"", ""--telemetry-json"", ""/home/arjaiswal/Polygeist/issues/equality_saturation_eval/campaign_20260908/aten-aten_sinh-egglog-3np38hbz.json"", ""--disable-semantic-fallback""]","== match report for /home/arjaiswal/Polygeist/issues/aten_c_kernels/results/aten_sinh/debuf.mlir ==
  match          body#[0]  cutensorUnary_sinh_f32
  total: 1 matched / 1 bodies
",0,[],0,0,0,0,/home/arjaiswal/Polygeist/issues/aten_c_kernels/results/aten_sinh/debuf.mlir,1886,8,1,1,350.0986211001873,0,69712,21.66770026087761,2,2,0,0,"[{""body_indices"": [0], ""symbol"": ""cutensorUnary_sinh_f32""}]",1,0,0,0.0,28
aten,aten_sinh,/home/arjaiswal/Polygeist/issues/aten_c_kernels/results/aten_sinh/debuf.mlir,4bdd77ba401f9797fdfba39f5bbdc3f882d539f924ca516bc46851dcb26fca01,egglog,2,ok,0,808.4435388445854,0,"[""/usr/bin/python3"", ""/home/arjaiswal/Polygeist/scripts/correctness/kernel_match_rewrite.py"", ""/home/arjaiswal/Polygeist/issues/aten_c_kernels/results/aten_sinh/debuf.mlir"", ""--dry-run"", ""--matcher-mode"", ""egglog"", ""--telemetry-json"", ""/home/arjaiswal/Polygeist/issues/equality_saturation_eval/campaign_20260908/aten-aten_sinh-egglog-dish53nd.json"", ""--disable-semantic-fallback""]","== match report for /home/arjaiswal/Polygeist/issues/aten_c_kernels/results/aten_sinh/debuf.mlir ==
  match          body#[0]  cutensorUnary_sinh_f32
  total: 1 matched / 1 bodies
",0,[],0,0,0,0,/home/arjaiswal/Polygeist/issues/aten_c_kernels/results/aten_sinh/debuf.mlir,1886,8,1,1,402.1069407463074,0,69564,21.06218785047531,2,2,0,0,"[{""body_indices"": [0], ""symbol"": ""cutensorUnary_sinh_f32""}]",1,0,0,0.0,28
aten,aten_sinh,/home/arjaiswal/Polygeist/issues/aten_c_kernels/results/aten_sinh/debuf.mlir,4bdd77ba401f9797fdfba39f5bbdc3f882d539f924ca516bc46851dcb26fca01,syntactic,2,ok,0,800.0770434737206,0,"[""/usr/bin/python3"", ""/home/arjaiswal/Polygeist/scripts/correctness/kernel_match_rewrite.py"", ""/home/arjaiswal/Polygeist/issues/aten_c_kernels/results/aten_sinh/debuf.mlir"", ""--dry-run"", ""--matcher-mode"", ""syntactic"", ""--telemetry-json"", ""/home/arjaiswal/Polygeist/issues/equality_saturation_eval/campaign_20260908/aten-aten_sinh-syntactic-ba25f0mq.json"", ""--disable-semantic-fallback""]","== match report for /home/arjaiswal/Polygeist/issues/aten_c_kernels/results/aten_sinh/debuf.mlir ==
  match          body#[0]  cutensorUnary_sinh_f32
  total: 1 matched / 1 bodies
",0,[],0,0,0,0,/home/arjaiswal/Polygeist/issues/aten_c_kernels/results/aten_sinh/debuf.mlir,1886,0,1,1,361.7408983409405,0,65660,0.17154589295387268,0,2,0,0,"[{""body_indices"": [0], ""symbol"": ""cutensorUnary_sinh_f32""}]",1,0,28,0.0,28
aten,aten_sinh,/home/arjaiswal/Polygeist/issues/aten_c_kernels/results/aten_sinh/debuf.mlir,4bdd77ba401f9797fdfba39f5bbdc3f882d539f924ca516bc46851dcb26fca01,syntactic,3,ok,0,749.0813732147217,0,"[""/usr/bin/python3"", ""/home/arjaiswal/Polygeist/scripts/correctness/kernel_match_rewrite.py"", ""/home/arjaiswal/Polygeist/issues/aten_c_kernels/results/aten_sinh/debuf.mlir"", ""--dry-run"", ""--matcher-mode"", ""syntactic"", ""--telemetry-json"", ""/home/arjaiswal/Polygeist/issues/equality_saturation_eval/campaign_20260908/aten-aten_sinh-syntactic-7m_5x8x5.json"", ""--disable-semantic-fallback""]","== match report for /home/arjaiswal/Polygeist/issues/aten_c_kernels/results/aten_sinh/debuf.mlir ==
  match          body#[0]  cutensorUnary_sinh_f32
  total: 1 matched / 1 bodies
",0,[],0,0,0,0,/home/arjaiswal/Polygeist/issues/aten_c_kernels/results/aten_sinh/debuf.mlir,1886,0,1,1,334.09030362963676,0,65512,0.14881417155265808,0,2,0,0,"[{""body_indices"": [0], ""symbol"": ""cutensorUnary_sinh_f32""}]",1,0,28,0.0,28
aten,aten_sinh,/home/arjaiswal/Polygeist/issues/aten_c_kernels/results/aten_sinh/debuf.mlir,4bdd77ba401f9797fdfba39f5bbdc3f882d539f924ca516bc46851dcb26fca01,egglog,3,ok,0,822.3664127290249,0,"[""/usr/bin/python3"", ""/home/arjaiswal/Polygeist/scripts/correctness/kernel_match_rewrite.py"", ""/home/arjaiswal/Polygeist/issues/aten_c_kernels/results/aten_sinh/debuf.mlir"", ""--dry-run"", ""--matcher-mode"", ""egglog"", ""--telemetry-json"", ""/home/arjaiswal/Polygeist/issues/equality_saturation_eval/campaign_20260908/aten-aten_sinh-egglog-ks3zd5qg.json"", ""--disable-semantic-fallback""]","== match report for /home/arjaiswal/Polygeist/issues/aten_c_kernels/results/aten_sinh/debuf.mlir ==
  match          body#[0]  cutensorUnary_sinh_f32
  total: 1 matched / 1 bodies
",0,[],0,0,0,0,/home/arjaiswal/Polygeist/issues/aten_c_kernels/results/aten_sinh/debuf.mlir,1886,8,1,1,349.26755353808403,0,69736,20.866218954324722,2,2,0,0,"[{""body_indices"": [0], ""symbol"": ""cutensorUnary_sinh_f32""}]",1,0,0,0.0,28
aten,aten_sinh,/home/arjaiswal/Polygeist/issues/aten_c_kernels/results/aten_sinh/debuf.mlir,4bdd77ba401f9797fdfba39f5bbdc3f882d539f924ca516bc46851dcb26fca01,egglog,4,ok,0,774.2586955428123,0,"[""/usr/bin/python3"", ""/home/arjaiswal/Polygeist/scripts/correctness/kernel_match_rewrite.py"", ""/home/arjaiswal/Polygeist/issues/aten_c_kernels/results/aten_sinh/debuf.mlir"", ""--dry-run"", ""--matcher-mode"", ""egglog"", ""--telemetry-json"", ""/home/arjaiswal/Polygeist/issues/equality_saturation_eval/campaign_20260908/aten-aten_sinh-egglog-7o45pzoq.json"", ""--disable-semantic-fallback""]","== match report for /home/arjaiswal/Polygeist/issues/aten_c_kernels/results/aten_sinh/debuf.mlir ==
  match          body#[0]  cutensorUnary_sinh_f32
  total: 1 matched / 1 bodies
",0,[],0,0,0,0,/home/arjaiswal/Polygeist/issues/aten_c_kernels/results/aten_sinh/debuf.mlir,1886,8,1,1,356.0442700982094,0,69876,23.263033479452133,2,2,0,0,"[{""body_indices"": [0], ""symbol"": ""cutensorUnary_sinh_f32""}]",1,0,0,0.0,28
aten,aten_sinh,/home/arjaiswal/Polygeist/issues/aten_c_kernels/results/aten_sinh/debuf.mlir,4bdd77ba401f9797fdfba39f5bbdc3f882d539f924ca516bc46851dcb26fca01,syntactic,4,ok,0,737.1156848967075,0,"[""/usr/bin/python3"", ""/home/arjaiswal/Polygeist/scripts/correctness/kernel_match_rewrite.py"", ""/home/arjaiswal/Polygeist/issues/aten_c_kernels/results/aten_sinh/debuf.mlir"", ""--dry-run"", ""--matcher-mode"", ""syntactic"", ""--telemetry-json"", ""/home/arjaiswal/Polygeist/issues/equality_saturation_eval/campaign_20260908/aten-aten_sinh-syntactic-zp2g6tkn.json"", ""--disable-semantic-fallback""]","== match report for /home/arjaiswal/Polygeist/issues/aten_c_kernels/results/aten_sinh/debuf.mlir ==
  match          body#[0]  cutensorUnary_sinh_f32
  total: 1 matched / 1 bodies
",0,[],0,0,0,0,/home/arjaiswal/Polygeist/issues/aten_c_kernels/results/aten_sinh/debuf.mlir,1886,0,1,1,328.81438359618187,0,65540,0.14694780111312866,0,2,0,0,"[{""body_indices"": [0], ""symbol"": ""cutensorUnary_sinh_f32""}]",1,0,28,0.0,28
aten,aten_sinh,/home/arjaiswal/Polygeist/issues/aten_c_kernels/results/aten_sinh/debuf.mlir,4bdd77ba401f9797fdfba39f5bbdc3f882d539f924ca516bc46851dcb26fca01,syntactic,5,ok,0,753.7050098180771,0,"[""/usr/bin/python3"", ""/home/arjaiswal/Polygeist/scripts/correctness/kernel_match_rewrite.py"", ""/home/arjaiswal/Polygeist/issues/aten_c_kernels/results/aten_sinh/debuf.mlir"", ""--dry-run"", ""--matcher-mode"", ""syntactic"", ""--telemetry-json"", ""/home/arjaiswal/Polygeist/issues/equality_saturation_eval/campaign_20260908/aten-aten_sinh-syntactic-fz1n6ten.json"", ""--disable-semantic-fallback""]","== match report for /home/arjaiswal/Polygeist/issues/aten_c_kernels/results/aten_sinh/debuf.mlir ==
  match          body#[0]  cutensorUnary_sinh_f32
  total: 1 matched / 1 bodies
",0,[],0,0,0,0,/home/arjaiswal/Polygeist/issues/aten_c_kernels/results/aten_sinh/debuf.mlir,1886,0,1,1,343.7799699604511,0,65620,0.16979873180389404,0,2,0,0,"[{""body_indices"": [0], ""symbol"": ""cutensorUnary_sinh_f32""}]",1,0,28,0.0,28
aten,aten_sinh,/home/arjaiswal/Polygeist/issues/aten_c_kernels/results/aten_sinh/debuf.mlir,4bdd77ba401f9797fdfba39f5bbdc3f882d539f924ca516bc46851dcb26fca01,egglog,5,ok,0,765.5766308307648,0,"[""/usr/bin/python3"", ""/home/arjaiswal/Polygeist/scripts/correctness/kernel_match_rewrite.py"", ""/home/arjaiswal/Polygeist/issues/aten_c_kernels/results/aten_sinh/debuf.mlir"", ""--dry-run"", ""--matcher-mode"", ""egglog"", ""--telemetry-json"", ""/home/arjaiswal/Polygeist/issues/equality_saturation_eval/campaign_20260908/aten-aten_sinh-egglog-rlp_eb05.json"", ""--disable-semantic-fallback""]","== match report for /home/arjaiswal/Polygeist/issues/aten_c_kernels/results/aten_sinh/debuf.mlir ==
  match          body#[0]  cutensorUnary_sinh_f32
  total: 1 matched / 1 bodies
",0,[],0,0,0,0,/home/arjaiswal/Polygeist/issues/aten_c_kernels/results/aten_sinh/debuf.mlir,1886,8,1,1,356.6499538719654,0,69512,21.531913429498672,2,2,0,0,"[{""body_indices"": [0], ""symbol"": ""cutensorUnary_sinh_f32""}]",1,0,0,0.0,28
aten,aten_slow_conv3d_backward_input_cpu,/home/arjaiswal/Polygeist/issues/aten_c_kernels/results/aten_slow_conv3d_backward_input_cpu/debuf.mlir,6f538a6dab1ff76d527ea7ef09043a6a0ccabb1b4d45fd5fa580a241c7d4cbf0,egglog,1,ok,0,752.4391040205956,0,"[""/usr/bin/python3"", ""/home/arjaiswal/Polygeist/scripts/correctness/kernel_match_rewrite.py"", ""/home/arjaiswal/Polygeist/issues/aten_c_kernels/results/aten_slow_conv3d_backward_input_cpu/debuf.mlir"", ""--dry-run"", ""--matcher-mode"", ""egglog"", ""--telemetry-json"", ""/home/arjaiswal/Polygeist/issues/equality_saturation_eval/campaign_20260908/aten-aten_slow_conv3d_backward_input_cpu-egglog-eilpkxz6.json"", ""--disable-semantic-fallback""]","== match report for /home/arjaiswal/Polygeist/issues/aten_c_kernels/results/aten_slow_conv3d_backward_input_cpu/debuf.mlir ==
  match          body#[0]  cudnnConvolutionTranspose3D_f32_memref
  total: 1 matched / 1 bodies
",0,[],0,0,0,0,/home/arjaiswal/Polygeist/issues/aten_c_kernels/results/aten_slow_conv3d_backward_input_cpu/debuf.mlir,3054,8,1,1,325.8742727339268,0,69452,24.211499840021133,2,2,0,8,"[{""body_indices"": [0], ""symbol"": ""cudnnConvolutionTranspose3D_f32_memref""}]",1,0,0,0.0,2
aten,aten_slow_conv3d_backward_input_cpu,/home/arjaiswal/Polygeist/issues/aten_c_kernels/results/aten_slow_conv3d_backward_input_cpu/debuf.mlir,6f538a6dab1ff76d527ea7ef09043a6a0ccabb1b4d45fd5fa580a241c7d4cbf0,syntactic,1,ok,0,722.0802009105682,0,"[""/usr/bin/python3"", ""/home/arjaiswal/Polygeist/scripts/correctness/kernel_match_rewrite.py"", ""/home/arjaiswal/Polygeist/issues/aten_c_kernels/results/aten_slow_conv3d_backward_input_cpu/debuf.mlir"", ""--dry-run"", ""--matcher-mode"", ""syntactic"", ""--telemetry-json"", ""/home/arjaiswal/Polygeist/issues/equality_saturation_eval/campaign_20260908/aten-aten_slow_conv3d_backward_input_cpu-syntactic-1kifgrs7.json"", ""--disable-semantic-fallback""]","== match report for /home/arjaiswal/Polygeist/issues/aten_c_kernels/results/aten_slow_conv3d_backward_input_cpu/debuf.mlir ==
  match          body#[0]  cudnnConvolutionTranspose3D_f32_memref
  total: 1 matched / 1 bodies
",0,[],0,0,0,0,/home/arjaiswal/Polygeist/issues/aten_c_kernels/results/aten_slow_conv3d_backward_input_cpu/debuf.mlir,3054,0,1,1,280.71171045303345,0,64816,0.02033635973930359,0,2,0,0,"[{""body_indices"": [0], ""symbol"": ""cudnnConvolutionTranspose3D_f32_memref""}]",1,0,2,0.0,2
aten,aten_slow_conv3d_backward_input_cpu,/home/arjaiswal/Polygeist/issues/aten_c_kernels/results/aten_slow_conv3d_backward_input_cpu/debuf.mlir,6f538a6dab1ff76d527ea7ef09043a6a0ccabb1b4d45fd5fa580a241c7d4cbf0,syntactic,2,ok,0,696.6285295784473,0,"[""/usr/bin/python3"", ""/home/arjaiswal/Polygeist/scripts/correctness/kernel_match_rewrite.py"", ""/home/arjaiswal/Polygeist/issues/aten_c_kernels/results/aten_slow_conv3d_backward_input_cpu/debuf.mlir"", ""--dry-run"", ""--matcher-mode"", ""syntactic"", ""--telemetry-json"", ""/home/arjaiswal/Polygeist/issues/equality_saturation_eval/campaign_20260908/aten-aten_slow_conv3d_backward_input_cpu-syntactic-3flc1cdv.json"", ""--disable-semantic-fallback""]","== match report for /home/arjaiswal/Polygeist/issues/aten_c_kernels/results/aten_slow_conv3d_backward_input_cpu/debuf.mlir ==
  match          body#[0]  cudnnConvolutionTranspose3D_f32_memref
  total: 1 matched / 1 bodies
",0,[],0,0,0,0,/home/arjaiswal/Polygeist/issues/aten_c_kernels/results/aten_slow_conv3d_backward_input_cpu/debuf.mlir,3054,0,1,1,273.70065078139305,0,64700,0.021323561668395996,0,2,0,0,"[{""body_indices"": [0], ""symbol"": ""cudnnConvolutionTranspose3D_f32_memref""}]",1,0,2,0.0,2
aten,aten_slow_conv3d_backward_input_cpu,/home/arjaiswal/Polygeist/issues/aten_c_kernels/results/aten_slow_conv3d_backward_input_cpu/debuf.mlir,6f538a6dab1ff76d527ea7ef09043a6a0ccabb1b4d45fd5fa580a241c7d4cbf0,egglog,2,ok,0,711.6799242794514,0,"[""/usr/bin/python3"", ""/home/arjaiswal/Polygeist/scripts/correctness/kernel_match_rewrite.py"", ""/home/arjaiswal/Polygeist/issues/aten_c_kernels/results/aten_slow_conv3d_backward_input_cpu/debuf.mlir"", ""--dry-run"", ""--matcher-mode"", ""egglog"", ""--telemetry-json"", ""/home/arjaiswal/Polygeist/issues/equality_saturation_eval/campaign_20260908/aten-aten_slow_conv3d_backward_input_cpu-egglog-6r1yvamj.json"", ""--disable-semantic-fallback""]","== match report for /home/arjaiswal/Polygeist/issues/aten_c_kernels/results/aten_slow_conv3d_backward_input_cpu/debuf.mlir ==
  match          body#[0]  cudnnConvolutionTranspose3D_f32_memref
  total: 1 matched / 1 bodies
",0,[],0,0,0,0,/home/arjaiswal/Polygeist/issues/aten_c_kernels/results/aten_slow_conv3d_backward_input_cpu/debuf.mlir,3054,8,1,1,297.4686995148659,0,69372,21.877620369195938,2,2,0,8,"[{""body_indices"": [0], ""symbol"": ""cudnnConvolutionTranspose3D_f32_memref""}]",1,0,0,0.0,2
aten,aten_slow_conv3d_backward_input_cpu,/home/arjaiswal/Polygeist/issues/aten_c_kernels/results/aten_slow_conv3d_backward_input_cpu/debuf.mlir,6f538a6dab1ff76d527ea7ef09043a6a0ccabb1b4d45fd5fa580a241c7d4cbf0,egglog,3,ok,0,710.5155996978283,0,"[""/usr/bin/python3"", ""/home/arjaiswal/Polygeist/scripts/correctness/kernel_match_rewrite.py"", ""/home/arjaiswal/Polygeist/issues/aten_c_kernels/results/aten_slow_conv3d_backward_input_cpu/debuf.mlir"", ""--dry-run"", ""--matcher-mode"", ""egglog"", ""--telemetry-json"", ""/home/arjaiswal/Polygeist/issues/equality_saturation_eval/campaign_20260908/aten-aten_slow_conv3d_backward_input_cpu-egglog-xqqhynw8.json"", ""--disable-semantic-fallback""]","== match report for /home/arjaiswal/Polygeist/issues/aten_c_kernels/results/aten_slow_conv3d_backward_input_cpu/debuf.mlir ==
  match          body#[0]  cudnnConvolutionTranspose3D_f32_memref
  total: 1 matched / 1 bodies
",0,[],0,0,0,0,/home/arjaiswal/Polygeist/issues/aten_c_kernels/results/aten_slow_conv3d_backward_input_cpu/debuf.mlir,3054,8,1,1,297.756090760231,0,69304,22.747822105884552,2,2,0,8,"[{""body_indices"": [0], ""symbol"": ""cudnnConvolutionTranspose3D_f32_memref""}]",1,0,0,0.0,2
aten,aten_slow_conv3d_backward_input_cpu,/home/arjaiswal/Polygeist/issues/aten_c_kernels/results/aten_slow_conv3d_backward_input_cpu/debuf.mlir,6f538a6dab1ff76d527ea7ef09043a6a0ccabb1b4d45fd5fa580a241c7d4cbf0,syntactic,3,ok,0,688.920397311449,0,"[""/usr/bin/python3"", ""/home/arjaiswal/Polygeist/scripts/correctness/kernel_match_rewrite.py"", ""/home/arjaiswal/Polygeist/issues/aten_c_kernels/results/aten_slow_conv3d_backward_input_cpu/debuf.mlir"", ""--dry-run"", ""--matcher-mode"", ""syntactic"", ""--telemetry-json"", ""/home/arjaiswal/Polygeist/issues/equality_saturation_eval/campaign_20260908/aten-aten_slow_conv3d_backward_input_cpu-syntactic-2jkioxhp.json"", ""--disable-semantic-fallback""]","== match report for /home/arjaiswal/Polygeist/issues/aten_c_kernels/results/aten_slow_conv3d_backward_input_cpu/debuf.mlir ==
  match          body#[0]  cudnnConvolutionTranspose3D_f32_memref
  total: 1 matched / 1 bodies
",0,[],0,0,0,0,/home/arjaiswal/Polygeist/issues/aten_c_kernels/results/aten_slow_conv3d_backward_input_cpu/debuf.mlir,3054,0,1,1,271.97764068841934,0,64868,0.019807368516921997,0,2,0,0,"[{""body_indices"": [0], ""symbol"": ""cudnnConvolutionTranspose3D_f32_memref""}]",1,0,2,0.0,2
aten,aten_slow_conv3d_backward_input_cpu,/home/arjaiswal/Polygeist/issues/aten_c_kernels/results/aten_slow_conv3d_backward_input_cpu/debuf.mlir,6f538a6dab1ff76d527ea7ef09043a6a0ccabb1b4d45fd5fa580a241c7d4cbf0,syntactic,4,ok,0,728.0294895172119,0,"[""/usr/bin/python3"", ""/home/arjaiswal/Polygeist/scripts/correctness/kernel_match_rewrite.py"", ""/home/arjaiswal/Polygeist/issues/aten_c_kernels/results/aten_slow_conv3d_backward_input_cpu/debuf.mlir"", ""--dry-run"", ""--matcher-mode"", ""syntactic"", ""--telemetry-json"", ""/home/arjaiswal/Polygeist/issues/equality_saturation_eval/campaign_20260908/aten-aten_slow_conv3d_backward_input_cpu-syntactic-hqwbdk5j.json"", ""--disable-semantic-fallback""]","== match report for /home/arjaiswal/Polygeist/issues/aten_c_kernels/results/aten_slow_conv3d_backward_input_cpu/debuf.mlir ==
  match          body#[0]  cudnnConvolutionTranspose3D_f32_memref
  total: 1 matched / 1 bodies
",0,[],0,0,0,0,/home/arjaiswal/Polygeist/issues/aten_c_kernels/results/aten_slow_conv3d_backward_input_cpu/debuf.mlir,3054,0,1,1,280.230525881052,0,64924,0.022504478693008423,0,2,0,0,"[{""body_indices"": [0], ""symbol"": ""cudnnConvolutionTranspose3D_f32_memref""}]",1,0,2,0.0,2
aten,aten_slow_conv3d_backward_input_cpu,/home/arjaiswal/Polygeist/issues/aten_c_kernels/results/aten_slow_conv3d_backward_input_cpu/debuf.mlir,6f538a6dab1ff76d527ea7ef09043a6a0ccabb1b4d45fd5fa580a241c7d4cbf0,egglog,4,ok,0,738.3585199713707,0,"[""/usr/bin/python3"", ""/home/arjaiswal/Polygeist/scripts/correctness/kernel_match_rewrite.py"", ""/home/arjaiswal/Polygeist/issues/aten_c_kernels/results/aten_slow_conv3d_backward_input_cpu/debuf.mlir"", ""--dry-run"", ""--matcher-mode"", ""egglog"", ""--telemetry-json"", ""/home/arjaiswal/Polygeist/issues/equality_saturation_eval/campaign_20260908/aten-aten_slow_conv3d_backward_input_cpu-egglog-6bob_679.json"", ""--disable-semantic-fallback""]","== match report for /home/arjaiswal/Polygeist/issues/aten_c_kernels/results/aten_slow_conv3d_backward_input_cpu/debuf.mlir ==
  match          body#[0]  cudnnConvolutionTranspose3D_f32_memref
  total: 1 matched / 1 bodies
",0,[],0,0,0,0,/home/arjaiswal/Polygeist/issues/aten_c_kernels/results/aten_slow_conv3d_backward_input_cpu/debuf.mlir,3054,8,1,1,306.1019629240036,0,69400,24.48204532265663,2,2,0,8,"[{""body_indices"": [0], ""symbol"": ""cudnnConvolutionTranspose3D_f32_memref""}]",1,0,0,0.0,2
aten,aten_slow_conv3d_backward_input_cpu,/home/arjaiswal/Polygeist/issues/aten_c_kernels/results/aten_slow_conv3d_backward_input_cpu/debuf.mlir,6f538a6dab1ff76d527ea7ef09043a6a0ccabb1b4d45fd5fa580a241c7d4cbf0,egglog,5,ok,0,916.2373133003712,0,"[""/usr/bin/python3"", ""/home/arjaiswal/Polygeist/scripts/correctness/kernel_match_rewrite.py"", ""/home/arjaiswal/Polygeist/issues/aten_c_kernels/results/aten_slow_conv3d_backward_input_cpu/debuf.mlir"", ""--dry-run"", ""--matcher-mode"", ""egglog"", ""--telemetry-json"", ""/home/arjaiswal/Polygeist/issues/equality_saturation_eval/campaign_20260908/aten-aten_slow_conv3d_backward_input_cpu-egglog-xfnq2jbq.json"", ""--disable-semantic-fallback""]","== match report for /home/arjaiswal/Polygeist/issues/aten_c_kernels/results/aten_slow_conv3d_backward_input_cpu/debuf.mlir ==
  match          body#[0]  cudnnConvolutionTranspose3D_f32_memref
  total: 1 matched / 1 bodies
",0,[],0,0,0,0,/home/arjaiswal/Polygeist/issues/aten_c_kernels/results/aten_slow_conv3d_backward_input_cpu/debuf.mlir,3054,8,1,1,466.68342873454094,0,69536,22.750232368707657,2,2,0,8,"[{""body_indices"": [0], ""symbol"": ""cudnnConvolutionTranspose3D_f32_memref""}]",1,0,0,0.0,2
aten,aten_slow_conv3d_backward_input_cpu,/home/arjaiswal/Polygeist/issues/aten_c_kernels/results/aten_slow_conv3d_backward_input_cpu/debuf.mlir,6f538a6dab1ff76d527ea7ef09043a6a0ccabb1b4d45fd5fa580a241c7d4cbf0,syntactic,5,ok,0,695.5126225948334,0,"[""/usr/bin/python3"", ""/home/arjaiswal/Polygeist/scripts/correctness/kernel_match_rewrite.py"", ""/home/arjaiswal/Polygeist/issues/aten_c_kernels/results/aten_slow_conv3d_backward_input_cpu/debuf.mlir"", ""--dry-run"", ""--matcher-mode"", ""syntactic"", ""--telemetry-json"", ""/home/arjaiswal/Polygeist/issues/equality_saturation_eval/campaign_20260908/aten-aten_slow_conv3d_backward_input_cpu-syntactic-wzylr42h.json"", ""--disable-semantic-fallback""]","== match report for /home/arjaiswal/Polygeist/issues/aten_c_kernels/results/aten_slow_conv3d_backward_input_cpu/debuf.mlir ==
  match          body#[0]  cudnnConvolutionTranspose3D_f32_memref
  total: 1 matched / 1 bodies
",0,[],0,0,0,0,/home/arjaiswal/Polygeist/issues/aten_c_kernels/results/aten_slow_conv3d_backward_input_cpu/debuf.mlir,3054,0,1,1,276.7130807042122,0,64836,0.024475157260894775,0,2,0,0,"[{""body_indices"": [0], ""symbol"": ""cudnnConvolutionTranspose3D_f32_memref""}]",1,0,2,0.0,2
aten,aten_slow_conv3d_backward_weight_cpu,/home/arjaiswal/Polygeist/issues/aten_c_kernels/results/aten_slow_conv3d_backward_weight_cpu/debuf.mlir,4dc7ae9d4a9f029871e8d56b6770fc5032938e273013011d6cd6076d781f845f,syntactic,1,ok,0,731.9519221782684,0,"[""/usr/bin/python3"", ""/home/arjaiswal/Polygeist/scripts/correctness/kernel_match_rewrite.py"", ""/home/arjaiswal/Polygeist/issues/aten_c_kernels/results/aten_slow_conv3d_backward_weight_cpu/debuf.mlir"", ""--dry-run"", ""--matcher-mode"", ""syntactic"", ""--telemetry-json"", ""/home/arjaiswal/Polygeist/issues/equality_saturation_eval/campaign_20260908/aten-aten_slow_conv3d_backward_weight_cpu-syntactic-evfveniq.json"", ""--disable-semantic-fallback""]","== match report for /home/arjaiswal/Polygeist/issues/aten_c_kernels/results/aten_slow_conv3d_backward_weight_cpu/debuf.mlir ==
  match          body#[0]  cudnnConvolutionBackwardFilter3D_f32_memref
  total: 1 matched / 1 bodies
",0,[],0,0,0,0,/home/arjaiswal/Polygeist/issues/aten_c_kernels/results/aten_slow_conv3d_backward_weight_cpu/debuf.mlir,3079,0,1,1,292.9455004632473,0,65020,0.026103109121322632,0,2,0,0,"[{""body_indices"": [0], ""symbol"": ""cudnnConvolutionBackwardFilter3D_f32_memref""}]",1,0,2,0.0,2
aten,aten_slow_conv3d_backward_weight_cpu,/home/arjaiswal/Polygeist/issues/aten_c_kernels/results/aten_slow_conv3d_backward_weight_cpu/debuf.mlir,4dc7ae9d4a9f029871e8d56b6770fc5032938e273013011d6cd6076d781f845f,egglog,1,ok,0,725.5588322877884,0,"[""/usr/bin/python3"", ""/home/arjaiswal/Polygeist/scripts/correctness/kernel_match_rewrite.py"", ""/home/arjaiswal/Polygeist/issues/aten_c_kernels/results/aten_slow_conv3d_backward_weight_cpu/debuf.mlir"", ""--dry-run"", ""--matcher-mode"", ""egglog"", ""--telemetry-json"", ""/home/arjaiswal/Polygeist/issues/equality_saturation_eval/campaign_20260908/aten-aten_slow_conv3d_backward_weight_cpu-egglog-lcen9k9q.json"", ""--disable-semantic-fallback""]","== match report for /home/arjaiswal/Polygeist/issues/aten_c_kernels/results/aten_slow_conv3d_backward_weight_cpu/debuf.mlir ==
  match          body#[0]  cudnnConvolutionBackwardFilter3D_f32_memref
  total: 1 matched / 1 bodies
",0,[],0,0,0,0,/home/arjaiswal/Polygeist/issues/aten_c_kernels/results/aten_slow_conv3d_backward_weight_cpu/debuf.mlir,3079,8,1,1,294.9078343808651,0,69400,22.72931858897209,2,2,0,8,"[{""body_indices"": [0], ""symbol"": ""cudnnConvolutionBackwardFilter3D_f32_memref""}]",1,0,0,0.0,2
aten,aten_slow_conv3d_backward_weight_cpu,/home/arjaiswal/Polygeist/issues/aten_c_kernels/results/aten_slow_conv3d_backward_weight_cpu/debuf.mlir,4dc7ae9d4a9f029871e8d56b6770fc5032938e273013011d6cd6076d781f845f,egglog,2,ok,0,755.9539563953876,0,"[""/usr/bin/python3"", ""/home/arjaiswal/Polygeist/scripts/correctness/kernel_match_rewrite.py"", ""/home/arjaiswal/Polygeist/issues/aten_c_kernels/results/aten_slow_conv3d_backward_weight_cpu/debuf.mlir"", ""--dry-run"", ""--matcher-mode"", ""egglog"", ""--telemetry-json"", ""/home/arjaiswal/Polygeist/issues/equality_saturation_eval/campaign_20260908/aten-aten_slow_conv3d_backward_weight_cpu-egglog-q1r1r5n2.json"", ""--disable-semantic-fallback""]","== match report for /home/arjaiswal/Polygeist/issues/aten_c_kernels/results/aten_slow_conv3d_backward_weight_cpu/debuf.mlir ==
  match          body#[0]  cudnnConvolutionBackwardFilter3D_f32_memref
  total: 1 matched / 1 bodies
",0,[],0,0,0,0,/home/arjaiswal/Polygeist/issues/aten_c_kernels/results/aten_slow_conv3d_backward_weight_cpu/debuf.mlir,3079,8,1,1,315.120916813612,0,69392,30.015498399734497,2,2,0,8,"[{""body_indices"": [0], ""symbol"": ""cudnnConvolutionBackwardFilter3D_f32_memref""}]",1,0,0,0.0,2
aten,aten_slow_conv3d_backward_weight_cpu,/home/arjaiswal/Polygeist/issues/aten_c_kernels/results/aten_slow_conv3d_backward_weight_cpu/debuf.mlir,4dc7ae9d4a9f029871e8d56b6770fc5032938e273013011d6cd6076d781f845f,syntactic,2,ok,0,924.6994107961655,0,"[""/usr/bin/python3"", ""/home/arjaiswal/Polygeist/scripts/correctness/kernel_match_rewrite.py"", ""/home/arjaiswal/Polygeist/issues/aten_c_kernels/results/aten_slow_conv3d_backward_weight_cpu/debuf.mlir"", ""--dry-run"", ""--matcher-mode"", ""syntactic"", ""--telemetry-json"", ""/home/arjaiswal/Polygeist/issues/equality_saturation_eval/campaign_20260908/aten-aten_slow_conv3d_backward_weight_cpu-syntactic-vqr4xb0z.json"", ""--disable-semantic-fallback""]","== match report for /home/arjaiswal/Polygeist/issues/aten_c_kernels/results/aten_slow_conv3d_backward_weight_cpu/debuf.mlir ==
  match          body#[0]  cudnnConvolutionBackwardFilter3D_f32_memref
  total: 1 matched / 1 bodies
",0,[],0,0,0,0,/home/arjaiswal/Polygeist/issues/aten_c_kernels/results/aten_slow_conv3d_backward_weight_cpu/debuf.mlir,3079,0,1,1,389.9371810257435,0,64924,0.02555176615715027,0,2,0,0,"[{""body_indices"": [0], ""symbol"": ""cudnnConvolutionBackwardFilter3D_f32_memref""}]",1,0,2,0.0,2
aten,aten_slow_conv3d_backward_weight_cpu,/home/arjaiswal/Polygeist/issues/aten_c_kernels/results/aten_slow_conv3d_backward_weight_cpu/debuf.mlir,4dc7ae9d4a9f029871e8d56b6770fc5032938e273013011d6cd6076d781f845f,syntactic,3,ok,0,947.2635425627232,0,"[""/usr/bin/python3"", ""/home/arjaiswal/Polygeist/scripts/correctness/kernel_match_rewrite.py"", ""/home/arjaiswal/Polygeist/issues/aten_c_kernels/results/aten_slow_conv3d_backward_weight_cpu/debuf.mlir"", ""--dry-run"", ""--matcher-mode"", ""syntactic"", ""--telemetry-json"", ""/home/arjaiswal/Polygeist/issues/equality_saturation_eval/campaign_20260908/aten-aten_slow_conv3d_backward_weight_cpu-syntactic-wcr1poli.json"", ""--disable-semantic-fallback""]","== match report for /home/arjaiswal/Polygeist/issues/aten_c_kernels/results/aten_slow_conv3d_backward_weight_cpu/debuf.mlir ==
  match          body#[0]  cudnnConvolutionBackwardFilter3D_f32_memref
  total: 1 matched / 1 bodies
",0,[],0,0,0,0,/home/arjaiswal/Polygeist/issues/aten_c_kernels/results/aten_slow_conv3d_backward_weight_cpu/debuf.mlir,3079,0,1,1,385.46285405755043,0,64688,0.04536285996437073,0,2,0,0,"[{""body_indices"": [0], ""symbol"": ""cudnnConvolutionBackwardFilter3D_f32_memref""}]",1,0,2,0.0,2
aten,aten_slow_conv3d_backward_weight_cpu,/home/arjaiswal/Polygeist/issues/aten_c_kernels/results/aten_slow_conv3d_backward_weight_cpu/debuf.mlir,4dc7ae9d4a9f029871e8d56b6770fc5032938e273013011d6cd6076d781f845f,egglog,3,ok,0,886.9278952479362,0,"[""/usr/bin/python3"", ""/home/arjaiswal/Polygeist/scripts/correctness/kernel_match_rewrite.py"", ""/home/arjaiswal/Polygeist/issues/aten_c_kernels/results/aten_slow_conv3d_backward_weight_cpu/debuf.mlir"", ""--dry-run"", ""--matcher-mode"", ""egglog"", ""--telemetry-json"", ""/home/arjaiswal/Polygeist/issues/equality_saturation_eval/campaign_20260908/aten-aten_slow_conv3d_backward_weight_cpu-egglog-my79apqn.json"", ""--disable-semantic-fallback""]","== match report for /home/arjaiswal/Polygeist/issues/aten_c_kernels/results/aten_slow_conv3d_backward_weight_cpu/debuf.mlir ==
  match          body#[0]  cudnnConvolutionBackwardFilter3D_f32_memref
  total: 1 matched / 1 bodies
",0,[],0,0,0,0,/home/arjaiswal/Polygeist/issues/aten_c_kernels/results/aten_slow_conv3d_backward_weight_cpu/debuf.mlir,3079,8,1,1,389.974981546402,0,69352,51.28927156329155,2,2,0,8,"[{""body_indices"": [0], ""symbol"": ""cudnnConvolutionBackwardFilter3D_f32_memref""}]",1,0,0,0.0,2
aten,aten_slow_conv3d_backward_weight_cpu,/home/arjaiswal/Polygeist/issues/aten_c_kernels/results/aten_slow_conv3d_backward_weight_cpu/debuf.mlir,4dc7ae9d4a9f029871e8d56b6770fc5032938e273013011d6cd6076d781f845f,egglog,4,ok,0,901.5891887247562,0,"[""/usr/bin/python3"", ""/home/arjaiswal/Polygeist/scripts/correctness/kernel_match_rewrite.py"", ""/home/arjaiswal/Polygeist/issues/aten_c_kernels/results/aten_slow_conv3d_backward_weight_cpu/debuf.mlir"", ""--dry-run"", ""--matcher-mode"", ""egglog"", ""--telemetry-json"", ""/home/arjaiswal/Polygeist/issues/equality_saturation_eval/campaign_20260908/aten-aten_slow_conv3d_backward_weight_cpu-egglog-a_c8kel6.json"", ""--disable-semantic-fallback""]","== match report for /home/arjaiswal/Polygeist/issues/aten_c_kernels/results/aten_slow_conv3d_backward_weight_cpu/debuf.mlir ==
  match          body#[0]  cudnnConvolutionBackwardFilter3D_f32_memref
  total: 1 matched / 1 bodies
",0,[],0,0,0,0,/home/arjaiswal/Polygeist/issues/aten_c_kernels/results/aten_slow_conv3d_backward_weight_cpu/debuf.mlir,3079,8,1,1,391.75138622522354,0,69488,28.98501232266426,2,2,0,8,"[{""body_indices"": [0], ""symbol"": ""cudnnConvolutionBackwardFilter3D_f32_memref""}]",1,0,0,0.0,2
aten,aten_slow_conv3d_backward_weight_cpu,/home/arjaiswal/Polygeist/issues/aten_c_kernels/results/aten_slow_conv3d_backward_weight_cpu/debuf.mlir,4dc7ae9d4a9f029871e8d56b6770fc5032938e273013011d6cd6076d781f845f,syntactic,4,ok,0,1497.2335919737816,0,"[""/usr/bin/python3"", ""/home/arjaiswal/Polygeist/scripts/correctness/kernel_match_rewrite.py"", ""/home/arjaiswal/Polygeist/issues/aten_c_kernels/results/aten_slow_conv3d_backward_weight_cpu/debuf.mlir"", ""--dry-run"", ""--matcher-mode"", ""syntactic"", ""--telemetry-json"", ""/home/arjaiswal/Polygeist/issues/equality_saturation_eval/campaign_20260908/aten-aten_slow_conv3d_backward_weight_cpu-syntactic-s76vmiyd.json"", ""--disable-semantic-fallback""]","== match report for /home/arjaiswal/Polygeist/issues/aten_c_kernels/results/aten_slow_conv3d_backward_weight_cpu/debuf.mlir ==
  match          body#[0]  cudnnConvolutionBackwardFilter3D_f32_memref
  total: 1 matched / 1 bodies
",0,[],0,0,0,0,/home/arjaiswal/Polygeist/issues/aten_c_kernels/results/aten_slow_conv3d_backward_weight_cpu/debuf.mlir,3079,0,1,1,651.0080620646477,0,64708,0.02381950616836548,0,2,0,0,"[{""body_indices"": [0], ""symbol"": ""cudnnConvolutionBackwardFilter3D_f32_memref""}]",1,0,2,0.0,2
aten,aten_slow_conv3d_backward_weight_cpu,/home/arjaiswal/Polygeist/issues/aten_c_kernels/results/aten_slow_conv3d_backward_weight_cpu/debuf.mlir,4dc7ae9d4a9f029871e8d56b6770fc5032938e273013011d6cd6076d781f845f,syntactic,5,ok,0,1014.7377178072929,0,"[""/usr/bin/python3"", ""/home/arjaiswal/Polygeist/scripts/correctness/kernel_match_rewrite.py"", ""/home/arjaiswal/Polygeist/issues/aten_c_kernels/results/aten_slow_conv3d_backward_weight_cpu/debuf.mlir"", ""--dry-run"", ""--matcher-mode"", ""syntactic"", ""--telemetry-json"", ""/home/arjaiswal/Polygeist/issues/equality_saturation_eval/campaign_20260908/aten-aten_slow_conv3d_backward_weight_cpu-syntactic-3rgtsm54.json"", ""--disable-semantic-fallback""]","== match report for /home/arjaiswal/Polygeist/issues/aten_c_kernels/results/aten_slow_conv3d_backward_weight_cpu/debuf.mlir ==
  match          body#[0]  cudnnConvolutionBackwardFilter3D_f32_memref
  total: 1 matched / 1 bodies
",0,[],0,0,0,0,/home/arjaiswal/Polygeist/issues/aten_c_kernels/results/aten_slow_conv3d_backward_weight_cpu/debuf.mlir,3079,0,1,1,499.1161487996578,0,64652,0.03635138273239136,0,2,0,0,"[{""body_indices"": [0], ""symbol"": ""cudnnConvolutionBackwardFilter3D_f32_memref""}]",1,0,2,0.0,2
aten,aten_slow_conv3d_backward_weight_cpu,/home/arjaiswal/Polygeist/issues/aten_c_kernels/results/aten_slow_conv3d_backward_weight_cpu/debuf.mlir,4dc7ae9d4a9f029871e8d56b6770fc5032938e273013011d6cd6076d781f845f,egglog,5,ok,0,1087.6482538878918,0,"[""/usr/bin/python3"", ""/home/arjaiswal/Polygeist/scripts/correctness/kernel_match_rewrite.py"", ""/home/arjaiswal/Polygeist/issues/aten_c_kernels/results/aten_slow_conv3d_backward_weight_cpu/debuf.mlir"", ""--dry-run"", ""--matcher-mode"", ""egglog"", ""--telemetry-json"", ""/home/arjaiswal/Polygeist/issues/equality_saturation_eval/campaign_20260908/aten-aten_slow_conv3d_backward_weight_cpu-egglog-g_0p_4qf.json"", ""--disable-semantic-fallback""]","== match report for /home/arjaiswal/Polygeist/issues/aten_c_kernels/results/aten_slow_conv3d_backward_weight_cpu/debuf.mlir ==
  match          body#[0]  cudnnConvolutionBackwardFilter3D_f32_memref
  total: 1 matched / 1 bodies
",0,[],0,0,0,0,/home/arjaiswal/Polygeist/issues/aten_c_kernels/results/aten_slow_conv3d_backward_weight_cpu/debuf.mlir,3079,8,1,1,460.3659063577652,0,69300,26.497945189476013,2,2,0,8,"[{""body_indices"": [0], ""symbol"": ""cudnnConvolutionBackwardFilter3D_f32_memref""}]",1,0,0,0.0,2
aten,aten_slow_conv3d_forward_cpu,/home/arjaiswal/Polygeist/issues/aten_c_kernels/results/aten_slow_conv3d_forward_cpu/debuf.mlir,f3b08970c9a94a57f5eca1a988461b6395939ca6c9f69851a666c1aea74ba639,egglog,1,ok,0,1352.634310722351,0,"[""/usr/bin/python3"", ""/home/arjaiswal/Polygeist/scripts/correctness/kernel_match_rewrite.py"", ""/home/arjaiswal/Polygeist/issues/aten_c_kernels/results/aten_slow_conv3d_forward_cpu/debuf.mlir"", ""--dry-run"", ""--matcher-mode"", ""egglog"", ""--telemetry-json"", ""/home/arjaiswal/Polygeist/issues/equality_saturation_eval/campaign_20260908/aten-aten_slow_conv3d_forward_cpu-egglog-z4wm9zbh.json"", ""--disable-semantic-fallback""]","== match report for /home/arjaiswal/Polygeist/issues/aten_c_kernels/results/aten_slow_conv3d_forward_cpu/debuf.mlir ==
  match          body#[0, 1]  cudnnConvolution3D_f32
  total: 1 matched / 1 bodies
",0,[],0,0,0,0,/home/arjaiswal/Polygeist/issues/aten_c_kernels/results/aten_slow_conv3d_forward_cpu/debuf.mlir,3632,8,2,2,797.4031046032906,0,69860,269.601047039032,16,16,0,8,"[{""body_indices"": [0, 1], ""symbol"": ""cudnnConvolution3D_f32""}]",1,0,0,0.0,18
aten,aten_slow_conv3d_forward_cpu,/home/arjaiswal/Polygeist/issues/aten_c_kernels/results/aten_slow_conv3d_forward_cpu/debuf.mlir,f3b08970c9a94a57f5eca1a988461b6395939ca6c9f69851a666c1aea74ba639,syntactic,1,ok,0,1165.9835055470467,0,"[""/usr/bin/python3"", ""/home/arjaiswal/Polygeist/scripts/correctness/kernel_match_rewrite.py"", ""/home/arjaiswal/Polygeist/issues/aten_c_kernels/results/aten_slow_conv3d_forward_cpu/debuf.mlir"", ""--dry-run"", ""--matcher-mode"", ""syntactic"", ""--telemetry-json"", ""/home/arjaiswal/Polygeist/issues/equality_saturation_eval/campaign_20260908/aten-aten_slow_conv3d_forward_cpu-syntactic-kkolkhdf.json"", ""--disable-semantic-fallback""]","== match report for /home/arjaiswal/Polygeist/issues/aten_c_kernels/results/aten_slow_conv3d_forward_cpu/debuf.mlir ==
  match          body#[0, 1]  cudnnConvolution3D_f32
  total: 1 matched / 1 bodies
",0,[],0,0,0,0,/home/arjaiswal/Polygeist/issues/aten_c_kernels/results/aten_slow_conv3d_forward_cpu/debuf.mlir,3632,0,2,2,560.4007169604301,0,65668,0.08197128772735596,0,16,0,0,"[{""body_indices"": [0, 1], ""symbol"": ""cudnnConvolution3D_f32""}]",1,0,18,0.0,18
aten,aten_slow_conv3d_forward_cpu,/home/arjaiswal/Polygeist/issues/aten_c_kernels/results/aten_slow_conv3d_forward_cpu/debuf.mlir,f3b08970c9a94a57f5eca1a988461b6395939ca6c9f69851a666c1aea74ba639,syntactic,2,ok,0,1046.1518801748753,0,"[""/usr/bin/python3"", ""/home/arjaiswal/Polygeist/scripts/correctness/kernel_match_rewrite.py"", ""/home/arjaiswal/Polygeist/issues/aten_c_kernels/results/aten_slow_conv3d_forward_cpu/debuf.mlir"", ""--dry-run"", ""--matcher-mode"", ""syntactic"", ""--telemetry-json"", ""/home/arjaiswal/Polygeist/issues/equality_saturation_eval/campaign_20260908/aten-aten_slow_conv3d_forward_cpu-syntactic-fxvq7h8c.json"", ""--disable-semantic-fallback""]","== match report for /home/arjaiswal/Polygeist/issues/aten_c_kernels/results/aten_slow_conv3d_forward_cpu/debuf.mlir ==
  match          body#[0, 1]  cudnnConvolution3D_f32
  total: 1 matched / 1 bodies
",0,[],0,0,0,0,/home/arjaiswal/Polygeist/issues/aten_c_kernels/results/aten_slow_conv3d_forward_cpu/debuf.mlir,3632,0,2,2,334.197074174881,0,65588,0.07544457912445068,0,16,0,0,"[{""body_indices"": [0, 1], ""symbol"": ""cudnnConvolution3D_f32""}]",1,0,18,0.0,18
aten,aten_slow_conv3d_forward_cpu,/home/arjaiswal/Polygeist/issues/aten_c_kernels/results/aten_slow_conv3d_forward_cpu/debuf.mlir,f3b08970c9a94a57f5eca1a988461b6395939ca6c9f69851a666c1aea74ba639,egglog,2,ok,0,1224.1101562976837,0,"[""/usr/bin/python3"", ""/home/arjaiswal/Polygeist/scripts/correctness/kernel_match_rewrite.py"", ""/home/arjaiswal/Polygeist/issues/aten_c_kernels/results/aten_slow_conv3d_forward_cpu/debuf.mlir"", ""--dry-run"", ""--matcher-mode"", ""egglog"", ""--telemetry-json"", ""/home/arjaiswal/Polygeist/issues/equality_saturation_eval/campaign_20260908/aten-aten_slow_conv3d_forward_cpu-egglog-062he3g9.json"", ""--disable-semantic-fallback""]","== match report for /home/arjaiswal/Polygeist/issues/aten_c_kernels/results/aten_slow_conv3d_forward_cpu/debuf.mlir ==
  match          body#[0, 1]  cudnnConvolution3D_f32
  total: 1 matched / 1 bodies
",0,[],0,0,0,0,/home/arjaiswal/Polygeist/issues/aten_c_kernels/results/aten_slow_conv3d_forward_cpu/debuf.mlir,3632,8,2,2,600.6106212735176,0,69832,203.97817343473434,16,16,0,8,"[{""body_indices"": [0, 1], ""symbol"": ""cudnnConvolution3D_f32""}]",1,0,0,0.0,18
aten,aten_slow_conv3d_forward_cpu,/home/arjaiswal/Polygeist/issues/aten_c_kernels/results/aten_slow_conv3d_forward_cpu/debuf.mlir,f3b08970c9a94a57f5eca1a988461b6395939ca6c9f69851a666c1aea74ba639,egglog,3,ok,0,1202.2362351417542,0,"[""/usr/bin/python3"", ""/home/arjaiswal/Polygeist/scripts/correctness/kernel_match_rewrite.py"", ""/home/arjaiswal/Polygeist/issues/aten_c_kernels/results/aten_slow_conv3d_forward_cpu/debuf.mlir"", ""--dry-run"", ""--matcher-mode"", ""egglog"", ""--telemetry-json"", ""/home/arjaiswal/Polygeist/issues/equality_saturation_eval/campaign_20260908/aten-aten_slow_conv3d_forward_cpu-egglog-p1n1bz7n.json"", ""--disable-semantic-fallback""]","== match report for /home/arjaiswal/Polygeist/issues/aten_c_kernels/results/aten_slow_conv3d_forward_cpu/debuf.mlir ==
  match          body#[0, 1]  cudnnConvolution3D_f32
  total: 1 matched / 1 bodies
",0,[],0,0,0,0,/home/arjaiswal/Polygeist/issues/aten_c_kernels/results/aten_slow_conv3d_forward_cpu/debuf.mlir,3632,8,2,2,587.1559865772724,0,69756,202.89534330368042,16,16,0,8,"[{""body_indices"": [0, 1], ""symbol"": ""cudnnConvolution3D_f32""}]",1,0,0,0.0,18
aten,aten_slow_conv3d_forward_cpu,/home/arjaiswal/Polygeist/issues/aten_c_kernels/results/aten_slow_conv3d_forward_cpu/debuf.mlir,f3b08970c9a94a57f5eca1a988461b6395939ca6c9f69851a666c1aea74ba639,syntactic,3,ok,0,878.9817281067371,0,"[""/usr/bin/python3"", ""/home/arjaiswal/Polygeist/scripts/correctness/kernel_match_rewrite.py"", ""/home/arjaiswal/Polygeist/issues/aten_c_kernels/results/aten_slow_conv3d_forward_cpu/debuf.mlir"", ""--dry-run"", ""--matcher-mode"", ""syntactic"", ""--telemetry-json"", ""/home/arjaiswal/Polygeist/issues/equality_saturation_eval/campaign_20260908/aten-aten_slow_conv3d_forward_cpu-syntactic-vv2qpcgz.json"", ""--disable-semantic-fallback""]","== match report for /home/arjaiswal/Polygeist/issues/aten_c_kernels/results/aten_slow_conv3d_forward_cpu/debuf.mlir ==
  match          body#[0, 1]  cudnnConvolution3D_f32
  total: 1 matched / 1 bodies
",0,[],0,0,0,0,/home/arjaiswal/Polygeist/issues/aten_c_kernels/results/aten_slow_conv3d_forward_cpu/debuf.mlir,3632,0,2,2,353.27236354351044,0,65740,0.0725872814655304,0,16,0,0,"[{""body_indices"": [0, 1], ""symbol"": ""cudnnConvolution3D_f32""}]",1,0,18,0.0,18
aten,aten_slow_conv3d_forward_cpu,/home/arjaiswal/Polygeist/issues/aten_c_kernels/results/aten_slow_conv3d_forward_cpu/debuf.mlir,f3b08970c9a94a57f5eca1a988461b6395939ca6c9f69851a666c1aea74ba639,syntactic,4,ok,0,869.7072602808475,0,"[""/usr/bin/python3"", ""/home/arjaiswal/Polygeist/scripts/correctness/kernel_match_rewrite.py"", ""/home/arjaiswal/Polygeist/issues/aten_c_kernels/results/aten_slow_conv3d_forward_cpu/debuf.mlir"", ""--dry-run"", ""--matcher-mode"", ""syntactic"", ""--telemetry-json"", ""/home/arjaiswal/Polygeist/issues/equality_saturation_eval/campaign_20260908/aten-aten_slow_conv3d_forward_cpu-syntactic-5ndg__j6.json"", ""--disable-semantic-fallback""]","== match report for /home/arjaiswal/Polygeist/issues/aten_c_kernels/results/aten_slow_conv3d_forward_cpu/debuf.mlir ==
  match          body#[0, 1]  cudnnConvolution3D_f32
  total: 1 matched / 1 bodies
",0,[],0,0,0,0,/home/arjaiswal/Polygeist/issues/aten_c_kernels/results/aten_slow_conv3d_forward_cpu/debuf.mlir,3632,0,2,2,357.9486198723316,0,65476,0.0763237476348877,0,16,0,0,"[{""body_indices"": [0, 1], ""symbol"": ""cudnnConvolution3D_f32""}]",1,0,18,0.0,18
aten,aten_slow_conv3d_forward_cpu,/home/arjaiswal/Polygeist/issues/aten_c_kernels/results/aten_slow_conv3d_forward_cpu/debuf.mlir,f3b08970c9a94a57f5eca1a988461b6395939ca6c9f69851a666c1aea74ba639,egglog,4,ok,0,1207.525134086609,0,"[""/usr/bin/python3"", ""/home/arjaiswal/Polygeist/scripts/correctness/kernel_match_rewrite.py"", ""/home/arjaiswal/Polygeist/issues/aten_c_kernels/results/aten_slow_conv3d_forward_cpu/debuf.mlir"", ""--dry-run"", ""--matcher-mode"", ""egglog"", ""--telemetry-json"", ""/home/arjaiswal/Polygeist/issues/equality_saturation_eval/campaign_20260908/aten-aten_slow_conv3d_forward_cpu-egglog-wyvhl92q.json"", ""--disable-semantic-fallback""]","== match report for /home/arjaiswal/Polygeist/issues/aten_c_kernels/results/aten_slow_conv3d_forward_cpu/debuf.mlir ==
  match          body#[0, 1]  cudnnConvolution3D_f32
  total: 1 matched / 1 bodies
",0,[],0,0,0,0,/home/arjaiswal/Polygeist/issues/aten_c_kernels/results/aten_slow_conv3d_forward_cpu/debuf.mlir,3632,8,2,2,695.9633827209473,0,69996,206.6762074828148,16,16,0,8,"[{""body_indices"": [0, 1], ""symbol"": ""cudnnConvolution3D_f32""}]",1,0,0,0.0,18
aten,aten_slow_conv3d_forward_cpu,/home/arjaiswal/Polygeist/issues/aten_c_kernels/results/aten_slow_conv3d_forward_cpu/debuf.mlir,f3b08970c9a94a57f5eca1a988461b6395939ca6c9f69851a666c1aea74ba639,egglog,5,ok,0,1180.0312474370003,0,"[""/usr/bin/python3"", ""/home/arjaiswal/Polygeist/scripts/correctness/kernel_match_rewrite.py"", ""/home/arjaiswal/Polygeist/issues/aten_c_kernels/results/aten_slow_conv3d_forward_cpu/debuf.mlir"", ""--dry-run"", ""--matcher-mode"", ""egglog"", ""--telemetry-json"", ""/home/arjaiswal/Polygeist/issues/equality_saturation_eval/campaign_20260908/aten-aten_slow_conv3d_forward_cpu-egglog-ztjq2hml.json"", ""--disable-semantic-fallback""]","== match report for /home/arjaiswal/Polygeist/issues/aten_c_kernels/results/aten_slow_conv3d_forward_cpu/debuf.mlir ==
  match          body#[0, 1]  cudnnConvolution3D_f32
  total: 1 matched / 1 bodies
",0,[],0,0,0,0,/home/arjaiswal/Polygeist/issues/aten_c_kernels/results/aten_slow_conv3d_forward_cpu/debuf.mlir,3632,8,2,2,554.6104907989502,0,69900,176.19622126221657,16,16,0,8,"[{""body_indices"": [0, 1], ""symbol"": ""cudnnConvolution3D_f32""}]",1,0,0,0.0,18
aten,aten_slow_conv3d_forward_cpu,/home/arjaiswal/Polygeist/issues/aten_c_kernels/results/aten_slow_conv3d_forward_cpu/debuf.mlir,f3b08970c9a94a57f5eca1a988461b6395939ca6c9f69851a666c1aea74ba639,syntactic,5,ok,0,800.1551814377308,0,"[""/usr/bin/python3"", ""/home/arjaiswal/Polygeist/scripts/correctness/kernel_match_rewrite.py"", ""/home/arjaiswal/Polygeist/issues/aten_c_kernels/results/aten_slow_conv3d_forward_cpu/debuf.mlir"", ""--dry-run"", ""--matcher-mode"", ""syntactic"", ""--telemetry-json"", ""/home/arjaiswal/Polygeist/issues/equality_saturation_eval/campaign_20260908/aten-aten_slow_conv3d_forward_cpu-syntactic-rwop6m6m.json"", ""--disable-semantic-fallback""]","== match report for /home/arjaiswal/Polygeist/issues/aten_c_kernels/results/aten_slow_conv3d_forward_cpu/debuf.mlir ==
  match          body#[0, 1]  cudnnConvolution3D_f32
  total: 1 matched / 1 bodies
",0,[],0,0,0,0,/home/arjaiswal/Polygeist/issues/aten_c_kernels/results/aten_slow_conv3d_forward_cpu/debuf.mlir,3632,0,2,2,329.1679210960865,0,65656,0.07313862442970276,0,16,0,0,"[{""body_indices"": [0, 1], ""symbol"": ""cudnnConvolution3D_f32""}]",1,0,18,0.0,18
aten,aten_smooth_l1_backward,/home/arjaiswal/Polygeist/issues/aten_c_kernels/results/aten_smooth_l1_backward/debuf.mlir,05128f25593e13aefd2d9336f3741c61ac41a039a9e6056ba6d11ef65090259b,syntactic,1,ok,0,818.5300529003143,0,"[""/usr/bin/python3"", ""/home/arjaiswal/Polygeist/scripts/correctness/kernel_match_rewrite.py"", ""/home/arjaiswal/Polygeist/issues/aten_c_kernels/results/aten_smooth_l1_backward/debuf.mlir"", ""--dry-run"", ""--matcher-mode"", ""syntactic"", ""--telemetry-json"", ""/home/arjaiswal/Polygeist/issues/equality_saturation_eval/campaign_20260908/aten-aten_smooth_l1_backward-syntactic-szuma6pl.json"", ""--disable-semantic-fallback""]","== match report for /home/arjaiswal/Polygeist/issues/aten_c_kernels/results/aten_smooth_l1_backward/debuf.mlir ==
  match          body#[0]  cudnnPointwiseGraph_f32
  total: 1 matched / 1 bodies
",0,[],0,0,0,0,/home/arjaiswal/Polygeist/issues/aten_c_kernels/results/aten_smooth_l1_backward/debuf.mlir,2238,0,1,1,360.0718341767788,0,66492,0.03857165575027466,0,0,0,0,"[{""body_indices"": [0], ""symbol"": ""cudnnPointwiseGraph_f32""}]",1,0,6,0.0,6
aten,aten_smooth_l1_backward,/home/arjaiswal/Polygeist/issues/aten_c_kernels/results/aten_smooth_l1_backward/debuf.mlir,05128f25593e13aefd2d9336f3741c61ac41a039a9e6056ba6d11ef65090259b,egglog,1,ok,0,934.3084841966629,0,"[""/usr/bin/python3"", ""/home/arjaiswal/Polygeist/scripts/correctness/kernel_match_rewrite.py"", ""/home/arjaiswal/Polygeist/issues/aten_c_kernels/results/aten_smooth_l1_backward/debuf.mlir"", ""--dry-run"", ""--matcher-mode"", ""egglog"", ""--telemetry-json"", ""/home/arjaiswal/Polygeist/issues/equality_saturation_eval/campaign_20260908/aten-aten_smooth_l1_backward-egglog-dncdayof.json"", ""--disable-semantic-fallback""]","== match report for /home/arjaiswal/Polygeist/issues/aten_c_kernels/results/aten_smooth_l1_backward/debuf.mlir ==
  match          body#[0]  cudnnPointwiseGraph_f32
  total: 1 matched / 1 bodies
",0,[],0,0,0,0,/home/arjaiswal/Polygeist/issues/aten_c_kernels/results/aten_smooth_l1_backward/debuf.mlir,2238,8,1,1,444.0989978611469,0,66552,0.0,0,0,0,0,"[{""body_indices"": [0], ""symbol"": ""cudnnPointwiseGraph_f32""}]",1,0,0,0.0,6
aten,aten_smooth_l1_backward,/home/arjaiswal/Polygeist/issues/aten_c_kernels/results/aten_smooth_l1_backward/debuf.mlir,05128f25593e13aefd2d9336f3741c61ac41a039a9e6056ba6d11ef65090259b,egglog,2,ok,0,935.1287968456745,0,"[""/usr/bin/python3"", ""/home/arjaiswal/Polygeist/scripts/correctness/kernel_match_rewrite.py"", ""/home/arjaiswal/Polygeist/issues/aten_c_kernels/results/aten_smooth_l1_backward/debuf.mlir"", ""--dry-run"", ""--matcher-mode"", ""egglog"", ""--telemetry-json"", ""/home/arjaiswal/Polygeist/issues/equality_saturation_eval/campaign_20260908/aten-aten_smooth_l1_backward-egglog-9n_qn7x7.json"", ""--disable-semantic-fallback""]","== match report for /home/arjaiswal/Polygeist/issues/aten_c_kernels/results/aten_smooth_l1_backward/debuf.mlir ==
  match          body#[0]  cudnnPointwiseGraph_f32
  total: 1 matched / 1 bodies
",0,[],0,0,0,0,/home/arjaiswal/Polygeist/issues/aten_c_kernels/results/aten_smooth_l1_backward/debuf.mlir,2238,8,1,1,383.1624649465084,0,66508,0.0,0,0,0,0,"[{""body_indices"": [0], ""symbol"": ""cudnnPointwiseGraph_f32""}]",1,0,0,0.0,6
aten,aten_smooth_l1_backward,/home/arjaiswal/Polygeist/issues/aten_c_kernels/results/aten_smooth_l1_backward/debuf.mlir,05128f25593e13aefd2d9336f3741c61ac41a039a9e6056ba6d11ef65090259b,syntactic,2,ok,0,810.4732669889927,0,"[""/usr/bin/python3"", ""/home/arjaiswal/Polygeist/scripts/correctness/kernel_match_rewrite.py"", ""/home/arjaiswal/Polygeist/issues/aten_c_kernels/results/aten_smooth_l1_backward/debuf.mlir"", ""--dry-run"", ""--matcher-mode"", ""syntactic"", ""--telemetry-json"", ""/home/arjaiswal/Polygeist/issues/equality_saturation_eval/campaign_20260908/aten-aten_smooth_l1_backward-syntactic-ovt4b6ez.json"", ""--disable-semantic-fallback""]","== match report for /home/arjaiswal/Polygeist/issues/aten_c_kernels/results/aten_smooth_l1_backward/debuf.mlir ==
  match          body#[0]  cudnnPointwiseGraph_f32
  total: 1 matched / 1 bodies
",0,[],0,0,0,0,/home/arjaiswal/Polygeist/issues/aten_c_kernels/results/aten_smooth_l1_backward/debuf.mlir,2238,0,1,1,361.3821417093277,0,66568,0.036630779504776,0,0,0,0,"[{""body_indices"": [0], ""symbol"": ""cudnnPointwiseGraph_f32""}]",1,0,6,0.0,6
aten,aten_smooth_l1_backward,/home/arjaiswal/Polygeist/issues/aten_c_kernels/results/aten_smooth_l1_backward/debuf.mlir,05128f25593e13aefd2d9336f3741c61ac41a039a9e6056ba6d11ef65090259b,syntactic,3,ok,0,822.298888117075,0,"[""/usr/bin/python3"", ""/home/arjaiswal/Polygeist/scripts/correctness/kernel_match_rewrite.py"", ""/home/arjaiswal/Polygeist/issues/aten_c_kernels/results/aten_smooth_l1_backward/debuf.mlir"", ""--dry-run"", ""--matcher-mode"", ""syntactic"", ""--telemetry-json"", ""/home/arjaiswal/Polygeist/issues/equality_saturation_eval/campaign_20260908/aten-aten_smooth_l1_backward-syntactic-idh04821.json"", ""--disable-semantic-fallback""]","== match report for /home/arjaiswal/Polygeist/issues/aten_c_kernels/results/aten_smooth_l1_backward/debuf.mlir ==
  match          body#[0]  cudnnPointwiseGraph_f32
  total: 1 matched / 1 bodies
",0,[],0,0,0,0,/home/arjaiswal/Polygeist/issues/aten_c_kernels/results/aten_smooth_l1_backward/debuf.mlir,2238,0,1,1,347.34757617115974,0,66384,0.032123178243637085,0,0,0,0,"[{""body_indices"": [0], ""symbol"": ""cudnnPointwiseGraph_f32""}]",1,0,6,0.0,6
aten,aten_smooth_l1_backward,/home/arjaiswal/Polygeist/issues/aten_c_kernels/results/aten_smooth_l1_backward/debuf.mlir,05128f25593e13aefd2d9336f3741c61ac41a039a9e6056ba6d11ef65090259b,egglog,3,ok,0,771.1204700171947,0,"[""/usr/bin/python3"", ""/home/arjaiswal/Polygeist/scripts/correctness/kernel_match_rewrite.py"", ""/home/arjaiswal/Polygeist/issues/aten_c_kernels/results/aten_smooth_l1_backward/debuf.mlir"", ""--dry-run"", ""--matcher-mode"", ""egglog"", ""--telemetry-json"", ""/home/arjaiswal/Polygeist/issues/equality_saturation_eval/campaign_20260908/aten-aten_smooth_l1_backward-egglog-gqykdxt9.json"", ""--disable-semantic-fallback""]","== match report for /home/arjaiswal/Polygeist/issues/aten_c_kernels/results/aten_smooth_l1_backward/debuf.mlir ==
  match          body#[0]  cudnnPointwiseGraph_f32
  total: 1 matched / 1 bodies
",0,[],0,0,0,0,/home/arjaiswal/Polygeist/issues/aten_c_kernels/results/aten_smooth_l1_backward/debuf.mlir,2238,8,1,1,350.02560168504715,0,66400,0.0,0,0,0,0,"[{""body_indices"": [0], ""symbol"": ""cudnnPointwiseGraph_f32""}]",1,0,0,0.0,6
aten,aten_smooth_l1_backward,/home/arjaiswal/Polygeist/issues/aten_c_kernels/results/aten_smooth_l1_backward/debuf.mlir,05128f25593e13aefd2d9336f3741c61ac41a039a9e6056ba6d11ef65090259b,egglog,4,ok,0,822.926227003336,0,"[""/usr/bin/python3"", ""/home/arjaiswal/Polygeist/scripts/correctness/kernel_match_rewrite.py"", ""/home/arjaiswal/Polygeist/issues/aten_c_kernels/results/aten_smooth_l1_backward/debuf.mlir"", ""--dry-run"", ""--matcher-mode"", ""egglog"", ""--telemetry-json"", ""/home/arjaiswal/Polygeist/issues/equality_saturation_eval/campaign_20260908/aten-aten_smooth_l1_backward-egglog-abrmgd5v.json"", ""--disable-semantic-fallback""]","== match report for /home/arjaiswal/Polygeist/issues/aten_c_kernels/results/aten_smooth_l1_backward/debuf.mlir ==
  match          body#[0]  cudnnPointwiseGraph_f32
  total: 1 matched / 1 bodies
",0,[],0,0,0,0,/home/arjaiswal/Polygeist/issues/aten_c_kernels/results/aten_smooth_l1_backward/debuf.mlir,2238,8,1,1,357.99362510442734,0,66640,0.0,0,0,0,0,"[{""body_indices"": [0], ""symbol"": ""cudnnPointwiseGraph_f32""}]",1,0,0,0.0,6
aten,aten_smooth_l1_backward,/home/arjaiswal/Polygeist/issues/aten_c_kernels/results/aten_smooth_l1_backward/debuf.mlir,05128f25593e13aefd2d9336f3741c61ac41a039a9e6056ba6d11ef65090259b,syntactic,4,ok,0,780.0920940935612,0,"[""/usr/bin/python3"", ""/home/arjaiswal/Polygeist/scripts/correctness/kernel_match_rewrite.py"", ""/home/arjaiswal/Polygeist/issues/aten_c_kernels/results/aten_smooth_l1_backward/debuf.mlir"", ""--dry-run"", ""--matcher-mode"", ""syntactic"", ""--telemetry-json"", ""/home/arjaiswal/Polygeist/issues/equality_saturation_eval/campaign_20260908/aten-aten_smooth_l1_backward-syntactic-jhst652s.json"", ""--disable-semantic-fallback""]","== match report for /home/arjaiswal/Polygeist/issues/aten_c_kernels/results/aten_smooth_l1_backward/debuf.mlir ==
  match          body#[0]  cudnnPointwiseGraph_f32
  total: 1 matched / 1 bodies
",0,[],0,0,0,0,/home/arjaiswal/Polygeist/issues/aten_c_kernels/results/aten_smooth_l1_backward/debuf.mlir,2238,0,1,1,355.27151077985764,0,66356,0.03777444362640381,0,0,0,0,"[{""body_indices"": [0], ""symbol"": ""cudnnPointwiseGraph_f32""}]",1,0,6,0.0,6
aten,aten_smooth_l1_backward,/home/arjaiswal/Polygeist/issues/aten_c_kernels/results/aten_smooth_l1_backward/debuf.mlir,05128f25593e13aefd2d9336f3741c61ac41a039a9e6056ba6d11ef65090259b,syntactic,5,ok,0,898.3012773096561,0,"[""/usr/bin/python3"", ""/home/arjaiswal/Polygeist/scripts/correctness/kernel_match_rewrite.py"", ""/home/arjaiswal/Polygeist/issues/aten_c_kernels/results/aten_smooth_l1_backward/debuf.mlir"", ""--dry-run"", ""--matcher-mode"", ""syntactic"", ""--telemetry-json"", ""/home/arjaiswal/Polygeist/issues/equality_saturation_eval/campaign_20260908/aten-aten_smooth_l1_backward-syntactic-dsj0lypy.json"", ""--disable-semantic-fallback""]","== match report for /home/arjaiswal/Polygeist/issues/aten_c_kernels/results/aten_smooth_l1_backward/debuf.mlir ==
  match          body#[0]  cudnnPointwiseGraph_f32
  total: 1 matched / 1 bodies
",0,[],0,0,0,0,/home/arjaiswal/Polygeist/issues/aten_c_kernels/results/aten_smooth_l1_backward/debuf.mlir,2238,0,1,1,424.0286163985729,0,66664,0.041581690311431885,0,0,0,0,"[{""body_indices"": [0], ""symbol"": ""cudnnPointwiseGraph_f32""}]",1,0,6,0.0,6
aten,aten_smooth_l1_backward,/home/arjaiswal/Polygeist/issues/aten_c_kernels/results/aten_smooth_l1_backward/debuf.mlir,05128f25593e13aefd2d9336f3741c61ac41a039a9e6056ba6d11ef65090259b,egglog,5,ok,0,901.790875941515,0,"[""/usr/bin/python3"", ""/home/arjaiswal/Polygeist/scripts/correctness/kernel_match_rewrite.py"", ""/home/arjaiswal/Polygeist/issues/aten_c_kernels/results/aten_smooth_l1_backward/debuf.mlir"", ""--dry-run"", ""--matcher-mode"", ""egglog"", ""--telemetry-json"", ""/home/arjaiswal/Polygeist/issues/equality_saturation_eval/campaign_20260908/aten-aten_smooth_l1_backward-egglog-8tqa5kyz.json"", ""--disable-semantic-fallback""]","== match report for /home/arjaiswal/Polygeist/issues/aten_c_kernels/results/aten_smooth_l1_backward/debuf.mlir ==
  match          body#[0]  cudnnPointwiseGraph_f32
  total: 1 matched / 1 bodies
",0,[],0,0,0,0,/home/arjaiswal/Polygeist/issues/aten_c_kernels/results/aten_smooth_l1_backward/debuf.mlir,2238,8,1,1,359.17917639017105,0,66680,0.0,0,0,0,0,"[{""body_indices"": [0], ""symbol"": ""cudnnPointwiseGraph_f32""}]",1,0,0,0.0,6
aten,aten_smooth_l1_elementwise,/home/arjaiswal/Polygeist/issues/aten_c_kernels/results/aten_smooth_l1_elementwise/debuf.mlir,94b1d5b91762da9a6b896e2e087c7d480e4ccc5f3de268460a8083479174f355,egglog,1,ok,0,801.429096609354,0,"[""/usr/bin/python3"", ""/home/arjaiswal/Polygeist/scripts/correctness/kernel_match_rewrite.py"", ""/home/arjaiswal/Polygeist/issues/aten_c_kernels/results/aten_smooth_l1_elementwise/debuf.mlir"", ""--dry-run"", ""--matcher-mode"", ""egglog"", ""--telemetry-json"", ""/home/arjaiswal/Polygeist/issues/equality_saturation_eval/campaign_20260908/aten-aten_smooth_l1_elementwise-egglog-8cb97z35.json"", ""--disable-semantic-fallback""]","== match report for /home/arjaiswal/Polygeist/issues/aten_c_kernels/results/aten_smooth_l1_elementwise/debuf.mlir ==
  match          body#[0]  cudnnPointwiseGraph_f32
  total: 1 matched / 1 bodies
",0,[],0,0,0,0,/home/arjaiswal/Polygeist/issues/aten_c_kernels/results/aten_smooth_l1_elementwise/debuf.mlir,2402,8,1,1,362.69721388816833,0,66876,0.0,0,0,0,0,"[{""body_indices"": [0], ""symbol"": ""cudnnPointwiseGraph_f32""}]",1,0,0,0.0,6
aten,aten_smooth_l1_elementwise,/home/arjaiswal/Polygeist/issues/aten_c_kernels/results/aten_smooth_l1_elementwise/debuf.mlir,94b1d5b91762da9a6b896e2e087c7d480e4ccc5f3de268460a8083479174f355,syntactic,1,ok,0,784.3876481056213,0,"[""/usr/bin/python3"", ""/home/arjaiswal/Polygeist/scripts/correctness/kernel_match_rewrite.py"", ""/home/arjaiswal/Polygeist/issues/aten_c_kernels/results/aten_smooth_l1_elementwise/debuf.mlir"", ""--dry-run"", ""--matcher-mode"", ""syntactic"", ""--telemetry-json"", ""/home/arjaiswal/Polygeist/issues/equality_saturation_eval/campaign_20260908/aten-aten_smooth_l1_elementwise-syntactic-7qw4hpex.json"", ""--disable-semantic-fallback""]","== match report for /home/arjaiswal/Polygeist/issues/aten_c_kernels/results/aten_smooth_l1_elementwise/debuf.mlir ==
  match          body#[0]  cudnnPointwiseGraph_f32
  total: 1 matched / 1 bodies
",0,[],0,0,0,0,/home/arjaiswal/Polygeist/issues/aten_c_kernels/results/aten_smooth_l1_elementwise/debuf.mlir,2402,0,1,1,355.194054543972,0,67008,0.03232806921005249,0,0,0,0,"[{""body_indices"": [0], ""symbol"": ""cudnnPointwiseGraph_f32""}]",1,0,6,0.0,6
aten,aten_smooth_l1_elementwise,/home/arjaiswal/Polygeist/issues/aten_c_kernels/results/aten_smooth_l1_elementwise/debuf.mlir,94b1d5b91762da9a6b896e2e087c7d480e4ccc5f3de268460a8083479174f355,syntactic,2,ok,0,873.934768140316,0,"[""/usr/bin/python3"", ""/home/arjaiswal/Polygeist/scripts/correctness/kernel_match_rewrite.py"", ""/home/arjaiswal/Polygeist/issues/aten_c_kernels/results/aten_smooth_l1_elementwise/debuf.mlir"", ""--dry-run"", ""--matcher-mode"", ""syntactic"", ""--telemetry-json"", ""/home/arjaiswal/Polygeist/issues/equality_saturation_eval/campaign_20260908/aten-aten_smooth_l1_elementwise-syntactic-1zjt1cxw.json"", ""--disable-semantic-fallback""]","== match report for /home/arjaiswal/Polygeist/issues/aten_c_kernels/results/aten_smooth_l1_elementwise/debuf.mlir ==
  match          body#[0]  cudnnPointwiseGraph_f32
  total: 1 matched / 1 bodies
",0,[],0,0,0,0,/home/arjaiswal/Polygeist/issues/aten_c_kernels/results/aten_smooth_l1_elementwise/debuf.mlir,2402,0,1,1,445.11526823043823,0,66760,0.03199279308319092,0,0,0,0,"[{""body_indices"": [0], ""symbol"": ""cudnnPointwiseGraph_f32""}]",1,0,6,0.0,6
aten,aten_smooth_l1_elementwise,/home/arjaiswal/Polygeist/issues/aten_c_kernels/results/aten_smooth_l1_elementwise/debuf.mlir,94b1d5b91762da9a6b896e2e087c7d480e4ccc5f3de268460a8083479174f355,egglog,2,ok,0,801.3492338359356,0,"[""/usr/bin/python3"", ""/home/arjaiswal/Polygeist/scripts/correctness/kernel_match_rewrite.py"", ""/home/arjaiswal/Polygeist/issues/aten_c_kernels/results/aten_smooth_l1_elementwise/debuf.mlir"", ""--dry-run"", ""--matcher-mode"", ""egglog"", ""--telemetry-json"", ""/home/arjaiswal/Polygeist/issues/equality_saturation_eval/campaign_20260908/aten-aten_smooth_l1_elementwise-egglog-r5dd7zlm.json"", ""--disable-semantic-fallback""]","== match report for /home/arjaiswal/Polygeist/issues/aten_c_kernels/results/aten_smooth_l1_elementwise/debuf.mlir ==
  match          body#[0]  cudnnPointwiseGraph_f32
  total: 1 matched / 1 bodies
",0,[],0,0,0,0,/home/arjaiswal/Polygeist/issues/aten_c_kernels/results/aten_smooth_l1_elementwise/debuf.mlir,2402,8,1,1,380.17864152789116,0,66692,0.0,0,0,0,0,"[{""body_indices"": [0], ""symbol"": ""cudnnPointwiseGraph_f32""}]",1,0,0,0.0,6
aten,aten_smooth_l1_elementwise,/home/arjaiswal/Polygeist/issues/aten_c_kernels/results/aten_smooth_l1_elementwise/debuf.mlir,94b1d5b91762da9a6b896e2e087c7d480e4ccc5f3de268460a8083479174f355,egglog,3,ok,0,853.0193231999874,0,"[""/usr/bin/python3"", ""/home/arjaiswal/Polygeist/scripts/correctness/kernel_match_rewrite.py"", ""/home/arjaiswal/Polygeist/issues/aten_c_kernels/results/aten_smooth_l1_elementwise/debuf.mlir"", ""--dry-run"", ""--matcher-mode"", ""egglog"", ""--telemetry-json"", ""/home/arjaiswal/Polygeist/issues/equality_saturation_eval/campaign_20260908/aten-aten_smooth_l1_elementwise-egglog-zwdd72o5.json"", ""--disable-semantic-fallback""]","== match report for /home/arjaiswal/Polygeist/issues/aten_c_kernels/results/aten_smooth_l1_elementwise/debuf.mlir ==
  match          body#[0]  cudnnPointwiseGraph_f32
  total: 1 matched / 1 bodies
",0,[],0,0,0,0,/home/arjaiswal/Polygeist/issues/aten_c_kernels/results/aten_smooth_l1_elementwise/debuf.mlir,2402,8,1,1,419.3928986787796,0,66788,0.0,0,0,0,0,"[{""body_indices"": [0], ""symbol"": ""cudnnPointwiseGraph_f32""}]",1,0,0,0.0,6
aten,aten_smooth_l1_elementwise,/home/arjaiswal/Polygeist/issues/aten_c_kernels/results/aten_smooth_l1_elementwise/debuf.mlir,94b1d5b91762da9a6b896e2e087c7d480e4ccc5f3de268460a8083479174f355,syntactic,3,ok,0,798.717986792326,0,"[""/usr/bin/python3"", ""/home/arjaiswal/Polygeist/scripts/correctness/kernel_match_rewrite.py"", ""/home/arjaiswal/Polygeist/issues/aten_c_kernels/results/aten_smooth_l1_elementwise/debuf.mlir"", ""--dry-run"", ""--matcher-mode"", ""syntactic"", ""--telemetry-json"", ""/home/arjaiswal/Polygeist/issues/equality_saturation_eval/campaign_20260908/aten-aten_smooth_l1_elementwise-syntactic-6rnbdikq.json"", ""--disable-semantic-fallback""]","== match report for /home/arjaiswal/Polygeist/issues/aten_c_kernels/results/aten_smooth_l1_elementwise/debuf.mlir ==
  match          body#[0]  cudnnPointwiseGraph_f32
  total: 1 matched / 1 bodies
",0,[],0,0,0,0,/home/arjaiswal/Polygeist/issues/aten_c_kernels/results/aten_smooth_l1_elementwise/debuf.mlir,2402,0,1,1,377.0534098148346,0,66588,0.030316412448883057,0,0,0,0,"[{""body_indices"": [0], ""symbol"": ""cudnnPointwiseGraph_f32""}]",1,0,6,0.0,6
aten,aten_smooth_l1_elementwise,/home/arjaiswal/Polygeist/issues/aten_c_kernels/results/aten_smooth_l1_elementwise/debuf.mlir,94b1d5b91762da9a6b896e2e087c7d480e4ccc5f3de268460a8083479174f355,syntactic,4,ok,0,806.505311280489,0,"[""/usr/bin/python3"", ""/home/arjaiswal/Polygeist/scripts/correctness/kernel_match_rewrite.py"", ""/home/arjaiswal/Polygeist/issues/aten_c_kernels/results/aten_smooth_l1_elementwise/debuf.mlir"", ""--dry-run"", ""--matcher-mode"", ""syntactic"", ""--telemetry-json"", ""/home/arjaiswal/Polygeist/issues/equality_saturation_eval/campaign_20260908/aten-aten_smooth_l1_elementwise-syntactic-l9wrlav8.json"", ""--disable-semantic-fallback""]","== match report for /home/arjaiswal/Polygeist/issues/aten_c_kernels/results/aten_smooth_l1_elementwise/debuf.mlir ==
  match          body#[0]  cudnnPointwiseGraph_f32
  total: 1 matched / 1 bodies
",0,[],0,0,0,0,/home/arjaiswal/Polygeist/issues/aten_c_kernels/results/aten_smooth_l1_elementwise/debuf.mlir,2402,0,1,1,379.9162395298481,0,66796,0.038020312786102295,0,0,0,0,"[{""body_indices"": [0], ""symbol"": ""cudnnPointwiseGraph_f32""}]",1,0,6,0.0,6
aten,aten_smooth_l1_elementwise,/home/arjaiswal/Polygeist/issues/aten_c_kernels/results/aten_smooth_l1_elementwise/debuf.mlir,94b1d5b91762da9a6b896e2e087c7d480e4ccc5f3de268460a8083479174f355,egglog,4,ok,0,833.8160179555416,0,"[""/usr/bin/python3"", ""/home/arjaiswal/Polygeist/scripts/correctness/kernel_match_rewrite.py"", ""/home/arjaiswal/Polygeist/issues/aten_c_kernels/results/aten_smooth_l1_elementwise/debuf.mlir"", ""--dry-run"", ""--matcher-mode"", ""egglog"", ""--telemetry-json"", ""/home/arjaiswal/Polygeist/issues/equality_saturation_eval/campaign_20260908/aten-aten_smooth_l1_elementwise-egglog-7n4ox7wv.json"", ""--disable-semantic-fallback""]","== match report for /home/arjaiswal/Polygeist/issues/aten_c_kernels/results/aten_smooth_l1_elementwise/debuf.mlir ==
  match          body#[0]  cudnnPointwiseGraph_f32
  total: 1 matched / 1 bodies
",0,[],0,0,0,0,/home/arjaiswal/Polygeist/issues/aten_c_kernels/results/aten_smooth_l1_elementwise/debuf.mlir,2402,8,1,1,402.8547406196594,0,66712,0.0,0,0,0,0,"[{""body_indices"": [0], ""symbol"": ""cudnnPointwiseGraph_f32""}]",1,0,0,0.0,6
aten,aten_smooth_l1_elementwise,/home/arjaiswal/Polygeist/issues/aten_c_kernels/results/aten_smooth_l1_elementwise/debuf.mlir,94b1d5b91762da9a6b896e2e087c7d480e4ccc5f3de268460a8083479174f355,egglog,5,ok,0,837.3483419418335,0,"[""/usr/bin/python3"", ""/home/arjaiswal/Polygeist/scripts/correctness/kernel_match_rewrite.py"", ""/home/arjaiswal/Polygeist/issues/aten_c_kernels/results/aten_smooth_l1_elementwise/debuf.mlir"", ""--dry-run"", ""--matcher-mode"", ""egglog"", ""--telemetry-json"", ""/home/arjaiswal/Polygeist/issues/equality_saturation_eval/campaign_20260908/aten-aten_smooth_l1_elementwise-egglog-mvwksaom.json"", ""--disable-semantic-fallback""]","== match report for /home/arjaiswal/Polygeist/issues/aten_c_kernels/results/aten_smooth_l1_elementwise/debuf.mlir ==
  match          body#[0]  cudnnPointwiseGraph_f32
  total: 1 matched / 1 bodies
",0,[],0,0,0,0,/home/arjaiswal/Polygeist/issues/aten_c_kernels/results/aten_smooth_l1_elementwise/debuf.mlir,2402,8,1,1,401.0511077940464,0,66824,0.0,0,0,0,0,"[{""body_indices"": [0], ""symbol"": ""cudnnPointwiseGraph_f32""}]",1,0,0,0.0,6
aten,aten_smooth_l1_elementwise,/home/arjaiswal/Polygeist/issues/aten_c_kernels/results/aten_smooth_l1_elementwise/debuf.mlir,94b1d5b91762da9a6b896e2e087c7d480e4ccc5f3de268460a8083479174f355,syntactic,5,ok,0,823.9468783140182,0,"[""/usr/bin/python3"", ""/home/arjaiswal/Polygeist/scripts/correctness/kernel_match_rewrite.py"", ""/home/arjaiswal/Polygeist/issues/aten_c_kernels/results/aten_smooth_l1_elementwise/debuf.mlir"", ""--dry-run"", ""--matcher-mode"", ""syntactic"", ""--telemetry-json"", ""/home/arjaiswal/Polygeist/issues/equality_saturation_eval/campaign_20260908/aten-aten_smooth_l1_elementwise-syntactic-8dnoxcjp.json"", ""--disable-semantic-fallback""]","== match report for /home/arjaiswal/Polygeist/issues/aten_c_kernels/results/aten_smooth_l1_elementwise/debuf.mlir ==
  match          body#[0]  cudnnPointwiseGraph_f32
  total: 1 matched / 1 bodies
",0,[],0,0,0,0,/home/arjaiswal/Polygeist/issues/aten_c_kernels/results/aten_smooth_l1_elementwise/debuf.mlir,2402,0,1,1,376.8036514520645,0,66820,0.03359466791152954,0,0,0,0,"[{""body_indices"": [0], ""symbol"": ""cudnnPointwiseGraph_f32""}]",1,0,6,0.0,6
aten,aten_sobol_draw_cpu,/home/arjaiswal/Polygeist/issues/aten_c_kernels/results/aten_sobol_draw_cpu/debuf.mlir,5332df2ea7bd22d6d3e150dd30a187b1a56841cfbf265455633259fd2fdcf797,syntactic,1,ok,0,680.8638386428356,0,"[""/usr/bin/python3"", ""/home/arjaiswal/Polygeist/scripts/correctness/kernel_match_rewrite.py"", ""/home/arjaiswal/Polygeist/issues/aten_c_kernels/results/aten_sobol_draw_cpu/debuf.mlir"", ""--dry-run"", ""--matcher-mode"", ""syntactic"", ""--telemetry-json"", ""/home/arjaiswal/Polygeist/issues/equality_saturation_eval/campaign_20260908/aten-aten_sobol_draw_cpu-syntactic-i3iyybon.json"", ""--disable-semantic-fallback""]","== match report for /home/arjaiswal/Polygeist/issues/aten_c_kernels/results/aten_sobol_draw_cpu/debuf.mlir ==
  total: 0 matched / 0 bodies
",0,[],0,0,0,0,/home/arjaiswal/Polygeist/issues/aten_c_kernels/results/aten_sobol_draw_cpu/debuf.mlir,3116,0,0,0,254.2097456753254,0,64944,0.0,0,0,0,0,[],0,0,0,0.0,0
aten,aten_sobol_draw_cpu,/home/arjaiswal/Polygeist/issues/aten_c_kernels/results/aten_sobol_draw_cpu/debuf.mlir,5332df2ea7bd22d6d3e150dd30a187b1a56841cfbf265455633259fd2fdcf797,egglog,1,ok,0,693.0273734033108,0,"[""/usr/bin/python3"", ""/home/arjaiswal/Polygeist/scripts/correctness/kernel_match_rewrite.py"", ""/home/arjaiswal/Polygeist/issues/aten_c_kernels/results/aten_sobol_draw_cpu/debuf.mlir"", ""--dry-run"", ""--matcher-mode"", ""egglog"", ""--telemetry-json"", ""/home/arjaiswal/Polygeist/issues/equality_saturation_eval/campaign_20260908/aten-aten_sobol_draw_cpu-egglog-pqqlf6ju.json"", ""--disable-semantic-fallback""]","== match report for /home/arjaiswal/Polygeist/issues/aten_c_kernels/results/aten_sobol_draw_cpu/debuf.mlir ==
  total: 0 matched / 0 bodies
",0,[],0,0,0,0,/home/arjaiswal/Polygeist/issues/aten_c_kernels/results/aten_sobol_draw_cpu/debuf.mlir,3116,8,0,0,265.7363675534725,0,64832,0.0,0,0,0,0,[],0,0,0,0.0,0
aten,aten_sobol_draw_cpu,/home/arjaiswal/Polygeist/issues/aten_c_kernels/results/aten_sobol_draw_cpu/debuf.mlir,5332df2ea7bd22d6d3e150dd30a187b1a56841cfbf265455633259fd2fdcf797,egglog,2,ok,0,722.6345390081406,0,"[""/usr/bin/python3"", ""/home/arjaiswal/Polygeist/scripts/correctness/kernel_match_rewrite.py"", ""/home/arjaiswal/Polygeist/issues/aten_c_kernels/results/aten_sobol_draw_cpu/debuf.mlir"", ""--dry-run"", ""--matcher-mode"", ""egglog"", ""--telemetry-json"", ""/home/arjaiswal/Polygeist/issues/equality_saturation_eval/campaign_20260908/aten-aten_sobol_draw_cpu-egglog-mathsdks.json"", ""--disable-semantic-fallback""]","== match report for /home/arjaiswal/Polygeist/issues/aten_c_kernels/results/aten_sobol_draw_cpu/debuf.mlir ==
  total: 0 matched / 0 bodies
",0,[],0,0,0,0,/home/arjaiswal/Polygeist/issues/aten_c_kernels/results/aten_sobol_draw_cpu/debuf.mlir,3116,8,0,0,267.1741843223572,0,64648,0.0,0,0,0,0,[],0,0,0,0.0,0
aten,aten_sobol_draw_cpu,/home/arjaiswal/Polygeist/issues/aten_c_kernels/results/aten_sobol_draw_cpu/debuf.mlir,5332df2ea7bd22d6d3e150dd30a187b1a56841cfbf265455633259fd2fdcf797,syntactic,2,ok,0,718.1648835539818,0,"[""/usr/bin/python3"", ""/home/arjaiswal/Polygeist/scripts/correctness/kernel_match_rewrite.py"", ""/home/arjaiswal/Polygeist/issues/aten_c_kernels/results/aten_sobol_draw_cpu/debuf.mlir"", ""--dry-run"", ""--matcher-mode"", ""syntactic"", ""--telemetry-json"", ""/home/arjaiswal/Polygeist/issues/equality_saturation_eval/campaign_20260908/aten-aten_sobol_draw_cpu-syntactic-q3b6thi2.json"", ""--disable-semantic-fallback""]","== match report for /home/arjaiswal/Polygeist/issues/aten_c_kernels/results/aten_sobol_draw_cpu/debuf.mlir ==
  total: 0 matched / 0 bodies
",0,[],0,0,0,0,/home/arjaiswal/Polygeist/issues/aten_c_kernels/results/aten_sobol_draw_cpu/debuf.mlir,3116,0,0,0,256.6167153418064,0,64780,0.0,0,0,0,0,[],0,0,0,0.0,0
aten,aten_sobol_draw_cpu,/home/arjaiswal/Polygeist/issues/aten_c_kernels/results/aten_sobol_draw_cpu/debuf.mlir,5332df2ea7bd22d6d3e150dd30a187b1a56841cfbf265455633259fd2fdcf797,syntactic,3,ok,0,708.6014561355114,0,"[""/usr/bin/python3"", ""/home/arjaiswal/Polygeist/scripts/correctness/kernel_match_rewrite.py"", ""/home/arjaiswal/Polygeist/issues/aten_c_kernels/results/aten_sobol_draw_cpu/debuf.mlir"", ""--dry-run"", ""--matcher-mode"", ""syntactic"", ""--telemetry-json"", ""/home/arjaiswal/Polygeist/issues/equality_saturation_eval/campaign_20260908/aten-aten_sobol_draw_cpu-syntactic-w16p34yo.json"", ""--disable-semantic-fallback""]","== match report for /home/arjaiswal/Polygeist/issues/aten_c_kernels/results/aten_sobol_draw_cpu/debuf.mlir ==
  total: 0 matched / 0 bodies
",0,[],0,0,0,0,/home/arjaiswal/Polygeist/issues/aten_c_kernels/results/aten_sobol_draw_cpu/debuf.mlir,3116,0,0,0,273.9877477288246,0,64624,0.0,0,0,0,0,[],0,0,0,0.0,0
aten,aten_sobol_draw_cpu,/home/arjaiswal/Polygeist/issues/aten_c_kernels/results/aten_sobol_draw_cpu/debuf.mlir,5332df2ea7bd22d6d3e150dd30a187b1a56841cfbf265455633259fd2fdcf797,egglog,3,ok,0,687.7579987049103,0,"[""/usr/bin/python3"", ""/home/arjaiswal/Polygeist/scripts/correctness/kernel_match_rewrite.py"", ""/home/arjaiswal/Polygeist/issues/aten_c_kernels/results/aten_sobol_draw_cpu/debuf.mlir"", ""--dry-run"", ""--matcher-mode"", ""egglog"", ""--telemetry-json"", ""/home/arjaiswal/Polygeist/issues/equality_saturation_eval/campaign_20260908/aten-aten_sobol_draw_cpu-egglog-6gkr9lbp.json"", ""--disable-semantic-fallback""]","== match report for /home/arjaiswal/Polygeist/issues/aten_c_kernels/results/aten_sobol_draw_cpu/debuf.mlir ==
  total: 0 matched / 0 bodies
",0,[],0,0,0,0,/home/arjaiswal/Polygeist/issues/aten_c_kernels/results/aten_sobol_draw_cpu/debuf.mlir,3116,8,0,0,272.80834317207336,0,64472,0.0,0,0,0,0,[],0,0,0,0.0,0
aten,aten_sobol_draw_cpu,/home/arjaiswal/Polygeist/issues/aten_c_kernels/results/aten_sobol_draw_cpu/debuf.mlir,5332df2ea7bd22d6d3e150dd30a187b1a56841cfbf265455633259fd2fdcf797,egglog,4,ok,0,697.9931518435478,0,"[""/usr/bin/python3"", ""/home/arjaiswal/Polygeist/scripts/correctness/kernel_match_rewrite.py"", ""/home/arjaiswal/Polygeist/issues/aten_c_kernels/results/aten_sobol_draw_cpu/debuf.mlir"", ""--dry-run"", ""--matcher-mode"", ""egglog"", ""--telemetry-json"", ""/home/arjaiswal/Polygeist/issues/equality_saturation_eval/campaign_20260908/aten-aten_sobol_draw_cpu-egglog-mt75n68i.json"", ""--disable-semantic-fallback""]","== match report for /home/arjaiswal/Polygeist/issues/aten_c_kernels/results/aten_sobol_draw_cpu/debuf.mlir ==
  total: 0 matched / 0 bodies
",0,[],0,0,0,0,/home/arjaiswal/Polygeist/issues/aten_c_kernels/results/aten_sobol_draw_cpu/debuf.mlir,3116,8,0,0,267.86524057388306,0,64768,0.0,0,0,0,0,[],0,0,0,0.0,0
aten,aten_sobol_draw_cpu,/home/arjaiswal/Polygeist/issues/aten_c_kernels/results/aten_sobol_draw_cpu/debuf.mlir,5332df2ea7bd22d6d3e150dd30a187b1a56841cfbf265455633259fd2fdcf797,syntactic,4,ok,0,693.8086487352848,0,"[""/usr/bin/python3"", ""/home/arjaiswal/Polygeist/scripts/correctness/kernel_match_rewrite.py"", ""/home/arjaiswal/Polygeist/issues/aten_c_kernels/results/aten_sobol_draw_cpu/debuf.mlir"", ""--dry-run"", ""--matcher-mode"", ""syntactic"", ""--telemetry-json"", ""/home/arjaiswal/Polygeist/issues/equality_saturation_eval/campaign_20260908/aten-aten_sobol_draw_cpu-syntactic-cd_vt0mo.json"", ""--disable-semantic-fallback""]","== match report for /home/arjaiswal/Polygeist/issues/aten_c_kernels/results/aten_sobol_draw_cpu/debuf.mlir ==
  total: 0 matched / 0 bodies
",0,[],0,0,0,0,/home/arjaiswal/Polygeist/issues/aten_c_kernels/results/aten_sobol_draw_cpu/debuf.mlir,3116,0,0,0,256.58242031931877,0,64732,0.0,0,0,0,0,[],0,0,0,0.0,0
aten,aten_sobol_draw_cpu,/home/arjaiswal/Polygeist/issues/aten_c_kernels/results/aten_sobol_draw_cpu/debuf.mlir,5332df2ea7bd22d6d3e150dd30a187b1a56841cfbf265455633259fd2fdcf797,syntactic,5,ok,0,718.0680558085442,0,"[""/usr/bin/python3"", ""/home/arjaiswal/Polygeist/scripts/correctness/kernel_match_rewrite.py"", ""/home/arjaiswal/Polygeist/issues/aten_c_kernels/results/aten_sobol_draw_cpu/debuf.mlir"", ""--dry-run"", ""--matcher-mode"", ""syntactic"", ""--telemetry-json"", ""/home/arjaiswal/Polygeist/issues/equality_saturation_eval/campaign_20260908/aten-aten_sobol_draw_cpu-syntactic-oxey6pfa.json"", ""--disable-semantic-fallback""]","== match report for /home/arjaiswal/Polygeist/issues/aten_c_kernels/results/aten_sobol_draw_cpu/debuf.mlir ==
  total: 0 matched / 0 bodies
",0,[],0,0,0,0,/home/arjaiswal/Polygeist/issues/aten_c_kernels/results/aten_sobol_draw_cpu/debuf.mlir,3116,0,0,0,257.3998384177685,0,64716,0.0,0,0,0,0,[],0,0,0,0.0,0
aten,aten_sobol_draw_cpu,/home/arjaiswal/Polygeist/issues/aten_c_kernels/results/aten_sobol_draw_cpu/debuf.mlir,5332df2ea7bd22d6d3e150dd30a187b1a56841cfbf265455633259fd2fdcf797,egglog,5,ok,0,685.5384148657322,0,"[""/usr/bin/python3"", ""/home/arjaiswal/Polygeist/scripts/correctness/kernel_match_rewrite.py"", ""/home/arjaiswal/Polygeist/issues/aten_c_kernels/results/aten_sobol_draw_cpu/debuf.mlir"", ""--dry-run"", ""--matcher-mode"", ""egglog"", ""--telemetry-json"", ""/home/arjaiswal/Polygeist/issues/equality_saturation_eval/campaign_20260908/aten-aten_sobol_draw_cpu-egglog-49ylpayn.json"", ""--disable-semantic-fallback""]","== match report for /home/arjaiswal/Polygeist/issues/aten_c_kernels/results/aten_sobol_draw_cpu/debuf.mlir ==
  total: 0 matched / 0 bodies
",0,[],0,0,0,0,/home/arjaiswal/Polygeist/issues/aten_c_kernels/results/aten_sobol_draw_cpu/debuf.mlir,3116,8,0,0,272.588886320591,0,64636,0.0,0,0,0,0,[],0,0,0,0.0,0
aten,aten_sobol_fast_forward_cpu,/home/arjaiswal/Polygeist/issues/aten_c_kernels/results/aten_sobol_fast_forward_cpu/debuf.mlir,204d9b5c80e354dcbb995d32fd818229672ee7cf153d207fed951c1007bb089d,egglog,1,ok,0,722.7362766861916,0,"[""/usr/bin/python3"", ""/home/arjaiswal/Polygeist/scripts/correctness/kernel_match_rewrite.py"", ""/home/arjaiswal/Polygeist/issues/aten_c_kernels/results/aten_sobol_fast_forward_cpu/debuf.mlir"", ""--dry-run"", ""--matcher-mode"", ""egglog"", ""--telemetry-json"", ""/home/arjaiswal/Polygeist/issues/equality_saturation_eval/campaign_20260908/aten-aten_sobol_fast_forward_cpu-egglog-82b4tvav.json"", ""--disable-semantic-fallback""]","== match report for /home/arjaiswal/Polygeist/issues/aten_c_kernels/results/aten_sobol_fast_forward_cpu/debuf.mlir ==
  no_match       body#0  ?
  total: 0 matched / 1 bodies
",0,[],0,0,0,0,/home/arjaiswal/Polygeist/issues/aten_c_kernels/results/aten_sobol_fast_forward_cpu/debuf.mlir,2780,8,1,0,267.6531970500946,1,64860,0.0,0,0,0,0,[],0,0,0,0.0,0
aten,aten_sobol_fast_forward_cpu,/home/arjaiswal/Polygeist/issues/aten_c_kernels/results/aten_sobol_fast_forward_cpu/debuf.mlir,204d9b5c80e354dcbb995d32fd818229672ee7cf153d207fed951c1007bb089d,syntactic,1,ok,0,703.1475529074669,0,"[""/usr/bin/python3"", ""/home/arjaiswal/Polygeist/scripts/correctness/kernel_match_rewrite.py"", ""/home/arjaiswal/Polygeist/issues/aten_c_kernels/results/aten_sobol_fast_forward_cpu/debuf.mlir"", ""--dry-run"", ""--matcher-mode"", ""syntactic"", ""--telemetry-json"", ""/home/arjaiswal/Polygeist/issues/equality_saturation_eval/campaign_20260908/aten-aten_sobol_fast_forward_cpu-syntactic-06drbjrh.json"", ""--disable-semantic-fallback""]","== match report for /home/arjaiswal/Polygeist/issues/aten_c_kernels/results/aten_sobol_fast_forward_cpu/debuf.mlir ==
  no_match       body#0  ?
  total: 0 matched / 1 bodies
",0,[],0,0,0,0,/home/arjaiswal/Polygeist/issues/aten_c_kernels/results/aten_sobol_fast_forward_cpu/debuf.mlir,2780,0,1,0,279.30956333875656,1,64516,0.0,0,0,0,0,[],0,0,0,0.0,0
aten,aten_sobol_fast_forward_cpu,/home/arjaiswal/Polygeist/issues/aten_c_kernels/results/aten_sobol_fast_forward_cpu/debuf.mlir,204d9b5c80e354dcbb995d32fd818229672ee7cf153d207fed951c1007bb089d,syntactic,2,ok,0,687.5764057040215,0,"[""/usr/bin/python3"", ""/home/arjaiswal/Polygeist/scripts/correctness/kernel_match_rewrite.py"", ""/home/arjaiswal/Polygeist/issues/aten_c_kernels/results/aten_sobol_fast_forward_cpu/debuf.mlir"", ""--dry-run"", ""--matcher-mode"", ""syntactic"", ""--telemetry-json"", ""/home/arjaiswal/Polygeist/issues/equality_saturation_eval/campaign_20260908/aten-aten_sobol_fast_forward_cpu-syntactic-b8q8nmya.json"", ""--disable-semantic-fallback""]","== match report for /home/arjaiswal/Polygeist/issues/aten_c_kernels/results/aten_sobol_fast_forward_cpu/debuf.mlir ==
  no_match       body#0  ?
  total: 0 matched / 1 bodies
",0,[],0,0,0,0,/home/arjaiswal/Polygeist/issues/aten_c_kernels/results/aten_sobol_fast_forward_cpu/debuf.mlir,2780,0,1,0,268.48921924829483,1,64672,0.0,0,0,0,0,[],0,0,0,0.0,0
aten,aten_sobol_fast_forward_cpu,/home/arjaiswal/Polygeist/issues/aten_c_kernels/results/aten_sobol_fast_forward_cpu/debuf.mlir,204d9b5c80e354dcbb995d32fd818229672ee7cf153d207fed951c1007bb089d,egglog,2,ok,0,698.0201192200184,0,"[""/usr/bin/python3"", ""/home/arjaiswal/Polygeist/scripts/correctness/kernel_match_rewrite.py"", ""/home/arjaiswal/Polygeist/issues/aten_c_kernels/results/aten_sobol_fast_forward_cpu/debuf.mlir"", ""--dry-run"", ""--matcher-mode"", ""egglog"", ""--telemetry-json"", ""/home/arjaiswal/Polygeist/issues/equality_saturation_eval/campaign_20260908/aten-aten_sobol_fast_forward_cpu-egglog-bp3gmmlo.json"", ""--disable-semantic-fallback""]","== match report for /home/arjaiswal/Polygeist/issues/aten_c_kernels/results/aten_sobol_fast_forward_cpu/debuf.mlir ==
  no_match       body#0  ?
  total: 0 matched / 1 bodies
",0,[],0,0,0,0,/home/arjaiswal/Polygeist/issues/aten_c_kernels/results/aten_sobol_fast_forward_cpu/debuf.mlir,2780,8,1,0,267.8447887301445,1,64936,0.0,0,0,0,0,[],0,0,0,0.0,0
aten,aten_sobol_fast_forward_cpu,/home/arjaiswal/Polygeist/issues/aten_c_kernels/results/aten_sobol_fast_forward_cpu/debuf.mlir,204d9b5c80e354dcbb995d32fd818229672ee7cf153d207fed951c1007bb089d,egglog,3,ok,0,712.4352194368839,0,"[""/usr/bin/python3"", ""/home/arjaiswal/Polygeist/scripts/correctness/kernel_match_rewrite.py"", ""/home/arjaiswal/Polygeist/issues/aten_c_kernels/results/aten_sobol_fast_forward_cpu/debuf.mlir"", ""--dry-run"", ""--matcher-mode"", ""egglog"", ""--telemetry-json"", ""/home/arjaiswal/Polygeist/issues/equality_saturation_eval/campaign_20260908/aten-aten_sobol_fast_forward_cpu-egglog-yk2p396h.json"", ""--disable-semantic-fallback""]","== match report for /home/arjaiswal/Polygeist/issues/aten_c_kernels/results/aten_sobol_fast_forward_cpu/debuf.mlir ==
  no_match       body#0  ?
  total: 0 matched / 1 bodies
",0,[],0,0,0,0,/home/arjaiswal/Polygeist/issues/aten_c_kernels/results/aten_sobol_fast_forward_cpu/debuf.mlir,2780,8,1,0,286.55489534139633,1,64932,0.0,0,0,0,0,[],0,0,0,0.0,0
aten,aten_sobol_fast_forward_cpu,/home/arjaiswal/Polygeist/issues/aten_c_kernels/results/aten_sobol_fast_forward_cpu/debuf.mlir,204d9b5c80e354dcbb995d32fd818229672ee7cf153d207fed951c1007bb089d,syntactic,3,ok,0,716.3344249129295,0,"[""/usr/bin/python3"", ""/home/arjaiswal/Polygeist/scripts/correctness/kernel_match_rewrite.py"", ""/home/arjaiswal/Polygeist/issues/aten_c_kernels/results/aten_sobol_fast_forward_cpu/debuf.mlir"", ""--dry-run"", ""--matcher-mode"", ""syntactic"", ""--telemetry-json"", ""/home/arjaiswal/Polygeist/issues/equality_saturation_eval/campaign_20260908/aten-aten_sobol_fast_forward_cpu-syntactic-vgfcz6q0.json"", ""--disable-semantic-fallback""]","== match report for /home/arjaiswal/Polygeist/issues/aten_c_kernels/results/aten_sobol_fast_forward_cpu/debuf.mlir ==
  no_match       body#0  ?
  total: 0 matched / 1 bodies
",0,[],0,0,0,0,/home/arjaiswal/Polygeist/issues/aten_c_kernels/results/aten_sobol_fast_forward_cpu/debuf.mlir,2780,0,1,0,283.7252952158451,1,64756,0.0,0,0,0,0,[],0,0,0,0.0,0
aten,aten_sobol_fast_forward_cpu,/home/arjaiswal/Polygeist/issues/aten_c_kernels/results/aten_sobol_fast_forward_cpu/debuf.mlir,204d9b5c80e354dcbb995d32fd818229672ee7cf153d207fed951c1007bb089d,syntactic,4,ok,0,758.8793709874153,0,"[""/usr/bin/python3"", ""/home/arjaiswal/Polygeist/scripts/correctness/kernel_match_rewrite.py"", ""/home/arjaiswal/Polygeist/issues/aten_c_kernels/results/aten_sobol_fast_forward_cpu/debuf.mlir"", ""--dry-run"", ""--matcher-mode"", ""syntactic"", ""--telemetry-json"", ""/home/arjaiswal/Polygeist/issues/equality_saturation_eval/campaign_20260908/aten-aten_sobol_fast_forward_cpu-syntactic-80htvpci.json"", ""--disable-semantic-fallback""]","== match report for /home/arjaiswal/Polygeist/issues/aten_c_kernels/results/aten_sobol_fast_forward_cpu/debuf.mlir ==
  no_match       body#0  ?
  total: 0 matched / 1 bodies
",0,[],0,0,0,0,/home/arjaiswal/Polygeist/issues/aten_c_kernels/results/aten_sobol_fast_forward_cpu/debuf.mlir,2780,0,1,0,302.70256847143173,1,64484,0.0,0,0,0,0,[],0,0,0,0.0,0
aten,aten_sobol_fast_forward_cpu,/home/arjaiswal/Polygeist/issues/aten_c_kernels/results/aten_sobol_fast_forward_cpu/debuf.mlir,204d9b5c80e354dcbb995d32fd818229672ee7cf153d207fed951c1007bb089d,egglog,4,ok,0,694.2622661590576,0,"[""/usr/bin/python3"", ""/home/arjaiswal/Polygeist/scripts/correctness/kernel_match_rewrite.py"", ""/home/arjaiswal/Polygeist/issues/aten_c_kernels/results/aten_sobol_fast_forward_cpu/debuf.mlir"", ""--dry-run"", ""--matcher-mode"", ""egglog"", ""--telemetry-json"", ""/home/arjaiswal/Polygeist/issues/equality_saturation_eval/campaign_20260908/aten-aten_sobol_fast_forward_cpu-egglog-c2_um_br.json"", ""--disable-semantic-fallback""]","== match report for /home/arjaiswal/Polygeist/issues/aten_c_kernels/results/aten_sobol_fast_forward_cpu/debuf.mlir ==
  no_match       body#0  ?
  total: 0 matched / 1 bodies
",0,[],0,0,0,0,/home/arjaiswal/Polygeist/issues/aten_c_kernels/results/aten_sobol_fast_forward_cpu/debuf.mlir,2780,8,1,0,276.23631432652473,1,64640,0.0,0,0,0,0,[],0,0,0,0.0,0
aten,aten_sobol_fast_forward_cpu,/home/arjaiswal/Polygeist/issues/aten_c_kernels/results/aten_sobol_fast_forward_cpu/debuf.mlir,204d9b5c80e354dcbb995d32fd818229672ee7cf153d207fed951c1007bb089d,egglog,5,ok,0,723.4654165804386,0,"[""/usr/bin/python3"", ""/home/arjaiswal/Polygeist/scripts/correctness/kernel_match_rewrite.py"", ""/home/arjaiswal/Polygeist/issues/aten_c_kernels/results/aten_sobol_fast_forward_cpu/debuf.mlir"", ""--dry-run"", ""--matcher-mode"", ""egglog"", ""--telemetry-json"", ""/home/arjaiswal/Polygeist/issues/equality_saturation_eval/campaign_20260908/aten-aten_sobol_fast_forward_cpu-egglog-ffxer9om.json"", ""--disable-semantic-fallback""]","== match report for /home/arjaiswal/Polygeist/issues/aten_c_kernels/results/aten_sobol_fast_forward_cpu/debuf.mlir ==
  no_match       body#0  ?
  total: 0 matched / 1 bodies
",0,[],0,0,0,0,/home/arjaiswal/Polygeist/issues/aten_c_kernels/results/aten_sobol_fast_forward_cpu/debuf.mlir,2780,8,1,0,297.58234322071075,1,64720,0.0,0,0,0,0,[],0,0,0,0.0,0
aten,aten_sobol_fast_forward_cpu,/home/arjaiswal/Polygeist/issues/aten_c_kernels/results/aten_sobol_fast_forward_cpu/debuf.mlir,204d9b5c80e354dcbb995d32fd818229672ee7cf153d207fed951c1007bb089d,syntactic,5,ok,0,706.8792022764683,0,"[""/usr/bin/python3"", ""/home/arjaiswal/Polygeist/scripts/correctness/kernel_match_rewrite.py"", ""/home/arjaiswal/Polygeist/issues/aten_c_kernels/results/aten_sobol_fast_forward_cpu/debuf.mlir"", ""--dry-run"", ""--matcher-mode"", ""syntactic"", ""--telemetry-json"", ""/home/arjaiswal/Polygeist/issues/equality_saturation_eval/campaign_20260908/aten-aten_sobol_fast_forward_cpu-syntactic-0gk3olsa.json"", ""--disable-semantic-fallback""]","== match report for /home/arjaiswal/Polygeist/issues/aten_c_kernels/results/aten_sobol_fast_forward_cpu/debuf.mlir ==
  no_match       body#0  ?
  total: 0 matched / 1 bodies
",0,[],0,0,0,0,/home/arjaiswal/Polygeist/issues/aten_c_kernels/results/aten_sobol_fast_forward_cpu/debuf.mlir,2780,0,1,0,266.6791006922722,1,64660,0.0,0,0,0,0,[],0,0,0,0.0,0
aten,aten_sobol_initialize_cpu,/home/arjaiswal/Polygeist/issues/aten_c_kernels/results/aten_sobol_initialize_cpu/debuf.mlir,2d9b4489a54fe45102cb3d341b504ae1227566fe06a0fe4f1e99a2a23b9b08e6,syntactic,1,ok,0,721.7606380581856,0,"[""/usr/bin/python3"", ""/home/arjaiswal/Polygeist/scripts/correctness/kernel_match_rewrite.py"", ""/home/arjaiswal/Polygeist/issues/aten_c_kernels/results/aten_sobol_initialize_cpu/debuf.mlir"", ""--dry-run"", ""--matcher-mode"", ""syntactic"", ""--telemetry-json"", ""/home/arjaiswal/Polygeist/issues/equality_saturation_eval/campaign_20260908/aten-aten_sobol_initialize_cpu-syntactic-dlq6a5mb.json"", ""--disable-semantic-fallback""]","== match report for /home/arjaiswal/Polygeist/issues/aten_c_kernels/results/aten_sobol_initialize_cpu/debuf.mlir ==
  rank_or_dtype_reject body#0  cublasDcopy_tensor
  total: 0 matched / 1 bodies
",0,[],0,0,0,0,/home/arjaiswal/Polygeist/issues/aten_c_kernels/results/aten_sobol_initialize_cpu/debuf.mlir,2133,0,1,0,296.26472294330597,0,64596,0.01780688762664795,0,2,0,0,[],0,0,4,0.0,4
aten,aten_sobol_initialize_cpu,/home/arjaiswal/Polygeist/issues/aten_c_kernels/results/aten_sobol_initialize_cpu/debuf.mlir,2d9b4489a54fe45102cb3d341b504ae1227566fe06a0fe4f1e99a2a23b9b08e6,egglog,1,ok,0,729.5785844326019,0,"[""/usr/bin/python3"", ""/home/arjaiswal/Polygeist/scripts/correctness/kernel_match_rewrite.py"", ""/home/arjaiswal/Polygeist/issues/aten_c_kernels/results/aten_sobol_initialize_cpu/debuf.mlir"", ""--dry-run"", ""--matcher-mode"", ""egglog"", ""--telemetry-json"", ""/home/arjaiswal/Polygeist/issues/equality_saturation_eval/campaign_20260908/aten-aten_sobol_initialize_cpu-egglog-h0fnzw5a.json"", ""--disable-semantic-fallback""]","== match report for /home/arjaiswal/Polygeist/issues/aten_c_kernels/results/aten_sobol_initialize_cpu/debuf.mlir ==
  rank_or_dtype_reject body#0  cublasDcopy_tensor
  total: 0 matched / 1 bodies
",0,[],0,0,0,0,/home/arjaiswal/Polygeist/issues/aten_c_kernels/results/aten_sobol_initialize_cpu/debuf.mlir,2133,8,1,0,306.9809228181839,0,69356,22.814080119132996,2,2,0,0,[],0,0,0,0.0,4
aten,aten_sobol_initialize_cpu,/home/arjaiswal/Polygeist/issues/aten_c_kernels/results/aten_sobol_initialize_cpu/debuf.mlir,2d9b4489a54fe45102cb3d341b504ae1227566fe06a0fe4f1e99a2a23b9b08e6,egglog,2,ok,0,715.2607813477516,0,"[""/usr/bin/python3"", ""/home/arjaiswal/Polygeist/scripts/correctness/kernel_match_rewrite.py"", ""/home/arjaiswal/Polygeist/issues/aten_c_kernels/results/aten_sobol_initialize_cpu/debuf.mlir"", ""--dry-run"", ""--matcher-mode"", ""egglog"", ""--telemetry-json"", ""/home/arjaiswal/Polygeist/issues/equality_saturation_eval/campaign_20260908/aten-aten_sobol_initialize_cpu-egglog-e2qmjtt5.json"", ""--disable-semantic-fallback""]","== match report for /home/arjaiswal/Polygeist/issues/aten_c_kernels/results/aten_sobol_initialize_cpu/debuf.mlir ==
  rank_or_dtype_reject body#0  cublasDcopy_tensor
  total: 0 matched / 1 bodies
",0,[],0,0,0,0,/home/arjaiswal/Polygeist/issues/aten_c_kernels/results/aten_sobol_initialize_cpu/debuf.mlir,2133,8,1,0,289.20838981866837,0,69444,21.307606250047684,2,2,0,0,[],0,0,0,0.0,4
aten,aten_sobol_initialize_cpu,/home/arjaiswal/Polygeist/issues/aten_c_kernels/results/aten_sobol_initialize_cpu/debuf.mlir,2d9b4489a54fe45102cb3d341b504ae1227566fe06a0fe4f1e99a2a23b9b08e6,syntactic,2,ok,0,680.1508776843548,0,"[""/usr/bin/python3"", ""/home/arjaiswal/Polygeist/scripts/correctness/kernel_match_rewrite.py"", ""/home/arjaiswal/Polygeist/issues/aten_c_kernels/results/aten_sobol_initialize_cpu/debuf.mlir"", ""--dry-run"", ""--matcher-mode"", ""syntactic"", ""--telemetry-json"", ""/home/arjaiswal/Polygeist/issues/equality_saturation_eval/campaign_20260908/aten-aten_sobol_initialize_cpu-syntactic-fcsoqsek.json"", ""--disable-semantic-fallback""]","== match report for /home/arjaiswal/Polygeist/issues/aten_c_kernels/results/aten_sobol_initialize_cpu/debuf.mlir ==
  rank_or_dtype_reject body#0  cublasDcopy_tensor
  total: 0 matched / 1 bodies
",0,[],0,0,0,0,/home/arjaiswal/Polygeist/issues/aten_c_kernels/results/aten_sobol_initialize_cpu/debuf.mlir,2133,0,1,0,268.0433727800846,0,64796,0.01190975308418274,0,2,0,0,[],0,0,4,0.0,4
aten,aten_sobol_initialize_cpu,/home/arjaiswal/Polygeist/issues/aten_c_kernels/results/aten_sobol_initialize_cpu/debuf.mlir,2d9b4489a54fe45102cb3d341b504ae1227566fe06a0fe4f1e99a2a23b9b08e6,syntactic,3,ok,0,698.2146017253399,0,"[""/usr/bin/python3"", ""/home/arjaiswal/Polygeist/scripts/correctness/kernel_match_rewrite.py"", ""/home/arjaiswal/Polygeist/issues/aten_c_kernels/results/aten_sobol_initialize_cpu/debuf.mlir"", ""--dry-run"", ""--matcher-mode"", ""syntactic"", ""--telemetry-json"", ""/home/arjaiswal/Polygeist/issues/equality_saturation_eval/campaign_20260908/aten-aten_sobol_initialize_cpu-syntactic-06aujgsc.json"", ""--disable-semantic-fallback""]","== match report for /home/arjaiswal/Polygeist/issues/aten_c_kernels/results/aten_sobol_initialize_cpu/debuf.mlir ==
  rank_or_dtype_reject body#0  cublasDcopy_tensor
  total: 0 matched / 1 bodies
",0,[],0,0,0,0,/home/arjaiswal/Polygeist/issues/aten_c_kernels/results/aten_sobol_initialize_cpu/debuf.mlir,2133,0,1,0,270.3256905078888,0,64576,0.01488998532295227,0,2,0,0,[],0,0,4,0.0,4
aten,aten_sobol_initialize_cpu,/home/arjaiswal/Polygeist/issues/aten_c_kernels/results/aten_sobol_initialize_cpu/debuf.mlir,2d9b4489a54fe45102cb3d341b504ae1227566fe06a0fe4f1e99a2a23b9b08e6,egglog,3,ok,0,694.9880979955196,0,"[""/usr/bin/python3"", ""/home/arjaiswal/Polygeist/scripts/correctness/kernel_match_rewrite.py"", ""/home/arjaiswal/Polygeist/issues/aten_c_kernels/results/aten_sobol_initialize_cpu/debuf.mlir"", ""--dry-run"", ""--matcher-mode"", ""egglog"", ""--telemetry-json"", ""/home/arjaiswal/Polygeist/issues/equality_saturation_eval/campaign_20260908/aten-aten_sobol_initialize_cpu-egglog-5rpw756s.json"", ""--disable-semantic-fallback""]","== match report for /home/arjaiswal/Polygeist/issues/aten_c_kernels/results/aten_sobol_initialize_cpu/debuf.mlir ==
  rank_or_dtype_reject body#0  cublasDcopy_tensor
  total: 0 matched / 1 bodies
",0,[],0,0,0,0,/home/arjaiswal/Polygeist/issues/aten_c_kernels/results/aten_sobol_initialize_cpu/debuf.mlir,2133,8,1,0,289.1044057905674,0,69476,21.695230156183243,2,2,0,0,[],0,0,0,0.0,4
aten,aten_sobol_initialize_cpu,/home/arjaiswal/Polygeist/issues/aten_c_kernels/results/aten_sobol_initialize_cpu/debuf.mlir,2d9b4489a54fe45102cb3d341b504ae1227566fe06a0fe4f1e99a2a23b9b08e6,egglog,4,ok,0,693.9309053122997,0,"[""/usr/bin/python3"", ""/home/arjaiswal/Polygeist/scripts/correctness/kernel_match_rewrite.py"", ""/home/arjaiswal/Polygeist/issues/aten_c_kernels/results/aten_sobol_initialize_cpu/debuf.mlir"", ""--dry-run"", ""--matcher-mode"", ""egglog"", ""--telemetry-json"", ""/home/arjaiswal/Polygeist/issues/equality_saturation_eval/campaign_20260908/aten-aten_sobol_initialize_cpu-egglog-6jccdbse.json"", ""--disable-semantic-fallback""]","== match report for /home/arjaiswal/Polygeist/issues/aten_c_kernels/results/aten_sobol_initialize_cpu/debuf.mlir ==
  rank_or_dtype_reject body#0  cublasDcopy_tensor
  total: 0 matched / 1 bodies
",0,[],0,0,0,0,/home/arjaiswal/Polygeist/issues/aten_c_kernels/results/aten_sobol_initialize_cpu/debuf.mlir,2133,8,1,0,289.97066989541054,0,69376,21.346405148506165,2,2,0,0,[],0,0,0,0.0,4
aten,aten_sobol_initialize_cpu,/home/arjaiswal/Polygeist/issues/aten_c_kernels/results/aten_sobol_initialize_cpu/debuf.mlir,2d9b4489a54fe45102cb3d341b504ae1227566fe06a0fe4f1e99a2a23b9b08e6,syntactic,4,ok,0,680.8360777795315,0,"[""/usr/bin/python3"", ""/home/arjaiswal/Polygeist/scripts/correctness/kernel_match_rewrite.py"", ""/home/arjaiswal/Polygeist/issues/aten_c_kernels/results/aten_sobol_initialize_cpu/debuf.mlir"", ""--dry-run"", ""--matcher-mode"", ""syntactic"", ""--telemetry-json"", ""/home/arjaiswal/Polygeist/issues/equality_saturation_eval/campaign_20260908/aten-aten_sobol_initialize_cpu-syntactic-5f_hspkm.json"", ""--disable-semantic-fallback""]","== match report for /home/arjaiswal/Polygeist/issues/aten_c_kernels/results/aten_sobol_initialize_cpu/debuf.mlir ==
  rank_or_dtype_reject body#0  cublasDcopy_tensor
  total: 0 matched / 1 bodies
",0,[],0,0,0,0,/home/arjaiswal/Polygeist/issues/aten_c_kernels/results/aten_sobol_initialize_cpu/debuf.mlir,2133,0,1,0,266.78596809506416,0,64504,0.014495104551315308,0,2,0,0,[],0,0,4,0.0,4
aten,aten_sobol_initialize_cpu,/home/arjaiswal/Polygeist/issues/aten_c_kernels/results/aten_sobol_initialize_cpu/debuf.mlir,2d9b4489a54fe45102cb3d341b504ae1227566fe06a0fe4f1e99a2a23b9b08e6,syntactic,5,ok,0,683.3902783691883,0,"[""/usr/bin/python3"", ""/home/arjaiswal/Polygeist/scripts/correctness/kernel_match_rewrite.py"", ""/home/arjaiswal/Polygeist/issues/aten_c_kernels/results/aten_sobol_initialize_cpu/debuf.mlir"", ""--dry-run"", ""--matcher-mode"", ""syntactic"", ""--telemetry-json"", ""/home/arjaiswal/Polygeist/issues/equality_saturation_eval/campaign_20260908/aten-aten_sobol_initialize_cpu-syntactic-9iquwc63.json"", ""--disable-semantic-fallback""]","== match report for /home/arjaiswal/Polygeist/issues/aten_c_kernels/results/aten_sobol_initialize_cpu/debuf.mlir ==
  rank_or_dtype_reject body#0  cublasDcopy_tensor
  total: 0 matched / 1 bodies
",0,[],0,0,0,0,/home/arjaiswal/Polygeist/issues/aten_c_kernels/results/aten_sobol_initialize_cpu/debuf.mlir,2133,0,1,0,269.61780339479446,0,64744,0.012051314115524292,0,2,0,0,[],0,0,4,0.0,4
aten,aten_sobol_initialize_cpu,/home/arjaiswal/Polygeist/issues/aten_c_kernels/results/aten_sobol_initialize_cpu/debuf.mlir,2d9b4489a54fe45102cb3d341b504ae1227566fe06a0fe4f1e99a2a23b9b08e6,egglog,5,ok,0,723.2316955924034,0,"[""/usr/bin/python3"", ""/home/arjaiswal/Polygeist/scripts/correctness/kernel_match_rewrite.py"", ""/home/arjaiswal/Polygeist/issues/aten_c_kernels/results/aten_sobol_initialize_cpu/debuf.mlir"", ""--dry-run"", ""--matcher-mode"", ""egglog"", ""--telemetry-json"", ""/home/arjaiswal/Polygeist/issues/equality_saturation_eval/campaign_20260908/aten-aten_sobol_initialize_cpu-egglog-_kzb7jbo.json"", ""--disable-semantic-fallback""]","== match report for /home/arjaiswal/Polygeist/issues/aten_c_kernels/results/aten_sobol_initialize_cpu/debuf.mlir ==
  rank_or_dtype_reject body#0  cublasDcopy_tensor
  total: 0 matched / 1 bodies
",0,[],0,0,0,0,/home/arjaiswal/Polygeist/issues/aten_c_kernels/results/aten_sobol_initialize_cpu/debuf.mlir,2133,8,1,0,306.78630620241165,0,69324,23.02582561969757,2,2,0,0,[],0,0,0,0.0,4
aten,aten_sobol_scramble_cpu,/home/arjaiswal/Polygeist/issues/aten_c_kernels/results/aten_sobol_scramble_cpu/debuf.mlir,2a6a91f976de4fa92aa583d086a701747a99733afd4114167bf4c3db9724022f,egglog,1,ok,0,710.6507159769535,0,"[""/usr/bin/python3"", ""/home/arjaiswal/Polygeist/scripts/correctness/kernel_match_rewrite.py"", ""/home/arjaiswal/Polygeist/issues/aten_c_kernels/results/aten_sobol_scramble_cpu/debuf.mlir"", ""--dry-run"", ""--matcher-mode"", ""egglog"", ""--telemetry-json"", ""/home/arjaiswal/Polygeist/issues/equality_saturation_eval/campaign_20260908/aten-aten_sobol_scramble_cpu-egglog-4mnosras.json"", ""--disable-semantic-fallback""]","== match report for /home/arjaiswal/Polygeist/issues/aten_c_kernels/results/aten_sobol_scramble_cpu/debuf.mlir ==
  no_match       body#0  ?
  total: 0 matched / 1 bodies
",0,[],0,0,0,0,/home/arjaiswal/Polygeist/issues/aten_c_kernels/results/aten_sobol_scramble_cpu/debuf.mlir,2491,8,1,0,288.2544957101345,1,64688,0.0,0,0,0,0,[],0,0,0,0.0,4
aten,aten_sobol_scramble_cpu,/home/arjaiswal/Polygeist/issues/aten_c_kernels/results/aten_sobol_scramble_cpu/debuf.mlir,2a6a91f976de4fa92aa583d086a701747a99733afd4114167bf4c3db9724022f,syntactic,1,ok,0,725.1448556780815,0,"[""/usr/bin/python3"", ""/home/arjaiswal/Polygeist/scripts/correctness/kernel_match_rewrite.py"", ""/home/arjaiswal/Polygeist/issues/aten_c_kernels/results/aten_sobol_scramble_cpu/debuf.mlir"", ""--dry-run"", ""--matcher-mode"", ""syntactic"", ""--telemetry-json"", ""/home/arjaiswal/Polygeist/issues/equality_saturation_eval/campaign_20260908/aten-aten_sobol_scramble_cpu-syntactic-gkqcggml.json"", ""--disable-semantic-fallback""]","== match report for /home/arjaiswal/Polygeist/issues/aten_c_kernels/results/aten_sobol_scramble_cpu/debuf.mlir ==
  no_match       body#0  ?
  total: 0 matched / 1 bodies
",0,[],0,0,0,0,/home/arjaiswal/Polygeist/issues/aten_c_kernels/results/aten_sobol_scramble_cpu/debuf.mlir,2491,0,1,0,309.80339646339417,1,64984,0.013589859008789062,0,0,0,0,[],0,0,4,0.0,4
aten,aten_sobol_scramble_cpu,/home/arjaiswal/Polygeist/issues/aten_c_kernels/results/aten_sobol_scramble_cpu/debuf.mlir,2a6a91f976de4fa92aa583d086a701747a99733afd4114167bf4c3db9724022f,syntactic,2,ok,0,739.495050162077,0,"[""/usr/bin/python3"", ""/home/arjaiswal/Polygeist/scripts/correctness/kernel_match_rewrite.py"", ""/home/arjaiswal/Polygeist/issues/aten_c_kernels/results/aten_sobol_scramble_cpu/debuf.mlir"", ""--dry-run"", ""--matcher-mode"", ""syntactic"", ""--telemetry-json"", ""/home/arjaiswal/Polygeist/issues/equality_saturation_eval/campaign_20260908/aten-aten_sobol_scramble_cpu-syntactic-sfx2duoh.json"", ""--disable-semantic-fallback""]","== match report for /home/arjaiswal/Polygeist/issues/aten_c_kernels/results/aten_sobol_scramble_cpu/debuf.mlir ==
  no_match       body#0  ?
  total: 0 matched / 1 bodies
",0,[],0,0,0,0,/home/arjaiswal/Polygeist/issues/aten_c_kernels/results/aten_sobol_scramble_cpu/debuf.mlir,2491,0,1,0,293.1704819202423,1,64840,0.009287148714065552,0,0,0,0,[],0,0,4,0.0,4
aten,aten_sobol_scramble_cpu,/home/arjaiswal/Polygeist/issues/aten_c_kernels/results/aten_sobol_scramble_cpu/debuf.mlir,2a6a91f976de4fa92aa583d086a701747a99733afd4114167bf4c3db9724022f,egglog,2,ok,0,697.0016360282898,0,"[""/usr/bin/python3"", ""/home/arjaiswal/Polygeist/scripts/correctness/kernel_match_rewrite.py"", ""/home/arjaiswal/Polygeist/issues/aten_c_kernels/results/aten_sobol_scramble_cpu/debuf.mlir"", ""--dry-run"", ""--matcher-mode"", ""egglog"", ""--telemetry-json"", ""/home/arjaiswal/Polygeist/issues/equality_saturation_eval/campaign_20260908/aten-aten_sobol_scramble_cpu-egglog-0jccyaa6.json"", ""--disable-semantic-fallback""]","== match report for /home/arjaiswal/Polygeist/issues/aten_c_kernels/results/aten_sobol_scramble_cpu/debuf.mlir ==
  no_match       body#0  ?
  total: 0 matched / 1 bodies
",0,[],0,0,0,0,/home/arjaiswal/Polygeist/issues/aten_c_kernels/results/aten_sobol_scramble_cpu/debuf.mlir,2491,8,1,0,286.13949194550514,1,64848,0.0,0,0,0,0,[],0,0,0,0.0,4
aten,aten_sobol_scramble_cpu,/home/arjaiswal/Polygeist/issues/aten_c_kernels/results/aten_sobol_scramble_cpu/debuf.mlir,2a6a91f976de4fa92aa583d086a701747a99733afd4114167bf4c3db9724022f,egglog,3,ok,0,725.1705974340439,0,"[""/usr/bin/python3"", ""/home/arjaiswal/Polygeist/scripts/correctness/kernel_match_rewrite.py"", ""/home/arjaiswal/Polygeist/issues/aten_c_kernels/results/aten_sobol_scramble_cpu/debuf.mlir"", ""--dry-run"", ""--matcher-mode"", ""egglog"", ""--telemetry-json"", ""/home/arjaiswal/Polygeist/issues/equality_saturation_eval/campaign_20260908/aten-aten_sobol_scramble_cpu-egglog-wt7k324_.json"", ""--disable-semantic-fallback""]","== match report for /home/arjaiswal/Polygeist/issues/aten_c_kernels/results/aten_sobol_scramble_cpu/debuf.mlir ==
  no_match       body#0  ?
  total: 0 matched / 1 bodies
",0,[],0,0,0,0,/home/arjaiswal/Polygeist/issues/aten_c_kernels/results/aten_sobol_scramble_cpu/debuf.mlir,2491,8,1,0,310.64479425549507,1,64636,0.0,0,0,0,0,[],0,0,0,0.0,4
aten,aten_sobol_scramble_cpu,/home/arjaiswal/Polygeist/issues/aten_c_kernels/results/aten_sobol_scramble_cpu/debuf.mlir,2a6a91f976de4fa92aa583d086a701747a99733afd4114167bf4c3db9724022f,syntactic,3,ok,0,686.9615763425827,0,"[""/usr/bin/python3"", ""/home/arjaiswal/Polygeist/scripts/correctness/kernel_match_rewrite.py"", ""/home/arjaiswal/Polygeist/issues/aten_c_kernels/results/aten_sobol_scramble_cpu/debuf.mlir"", ""--dry-run"", ""--matcher-mode"", ""syntactic"", ""--telemetry-json"", ""/home/arjaiswal/Polygeist/issues/equality_saturation_eval/campaign_20260908/aten-aten_sobol_scramble_cpu-syntactic-1rf_z92i.json"", ""--disable-semantic-fallback""]","== match report for /home/arjaiswal/Polygeist/issues/aten_c_kernels/results/aten_sobol_scramble_cpu/debuf.mlir ==
  no_match       body#0  ?
  total: 0 matched / 1 bodies
",0,[],0,0,0,0,/home/arjaiswal/Polygeist/issues/aten_c_kernels/results/aten_sobol_scramble_cpu/debuf.mlir,2491,0,1,0,274.0408256649971,1,64648,0.009797513484954834,0,0,0,0,[],0,0,4,0.0,4
aten,aten_sobol_scramble_cpu,/home/arjaiswal/Polygeist/issues/aten_c_kernels/results/aten_sobol_scramble_cpu/debuf.mlir,2a6a91f976de4fa92aa583d086a701747a99733afd4114167bf4c3db9724022f,syntactic,4,ok,0,733.4189489483833,0,"[""/usr/bin/python3"", ""/home/arjaiswal/Polygeist/scripts/correctness/kernel_match_rewrite.py"", ""/home/arjaiswal/Polygeist/issues/aten_c_kernels/results/aten_sobol_scramble_cpu/debuf.mlir"", ""--dry-run"", ""--matcher-mode"", ""syntactic"", ""--telemetry-json"", ""/home/arjaiswal/Polygeist/issues/equality_saturation_eval/campaign_20260908/aten-aten_sobol_scramble_cpu-syntactic-pn610htp.json"", ""--disable-semantic-fallback""]","== match report for /home/arjaiswal/Polygeist/issues/aten_c_kernels/results/aten_sobol_scramble_cpu/debuf.mlir ==
  no_match       body#0  ?
  total: 0 matched / 1 bodies
",0,[],0,0,0,0,/home/arjaiswal/Polygeist/issues/aten_c_kernels/results/aten_sobol_scramble_cpu/debuf.mlir,2491,0,1,0,272.6963087916374,1,64480,0.010401010513305664,0,0,0,0,[],0,0,4,0.0,4
aten,aten_sobol_scramble_cpu,/home/arjaiswal/Polygeist/issues/aten_c_kernels/results/aten_sobol_scramble_cpu/debuf.mlir,2a6a91f976de4fa92aa583d086a701747a99733afd4114167bf4c3db9724022f,egglog,4,ok,0,831.2437571585178,0,"[""/usr/bin/python3"", ""/home/arjaiswal/Polygeist/scripts/correctness/kernel_match_rewrite.py"", ""/home/arjaiswal/Polygeist/issues/aten_c_kernels/results/aten_sobol_scramble_cpu/debuf.mlir"", ""--dry-run"", ""--matcher-mode"", ""egglog"", ""--telemetry-json"", ""/home/arjaiswal/Polygeist/issues/equality_saturation_eval/campaign_20260908/aten-aten_sobol_scramble_cpu-egglog-s_xpe2sw.json"", ""--disable-semantic-fallback""]","== match report for /home/arjaiswal/Polygeist/issues/aten_c_kernels/results/aten_sobol_scramble_cpu/debuf.mlir ==
  no_match       body#0  ?
  total: 0 matched / 1 bodies
",0,[],0,0,0,0,/home/arjaiswal/Polygeist/issues/aten_c_kernels/results/aten_sobol_scramble_cpu/debuf.mlir,2491,8,1,0,372.6876750588417,1,64384,0.0,0,0,0,0,[],0,0,0,0.0,4
aten,aten_sobol_scramble_cpu,/home/arjaiswal/Polygeist/issues/aten_c_kernels/results/aten_sobol_scramble_cpu/debuf.mlir,2a6a91f976de4fa92aa583d086a701747a99733afd4114167bf4c3db9724022f,egglog,5,ok,0,878.5027451813221,0,"[""/usr/bin/python3"", ""/home/arjaiswal/Polygeist/scripts/correctness/kernel_match_rewrite.py"", ""/home/arjaiswal/Polygeist/issues/aten_c_kernels/results/aten_sobol_scramble_cpu/debuf.mlir"", ""--dry-run"", ""--matcher-mode"", ""egglog"", ""--telemetry-json"", ""/home/arjaiswal/Polygeist/issues/equality_saturation_eval/campaign_20260908/aten-aten_sobol_scramble_cpu-egglog-ig9038mi.json"", ""--disable-semantic-fallback""]","== match report for /home/arjaiswal/Polygeist/issues/aten_c_kernels/results/aten_sobol_scramble_cpu/debuf.mlir ==
  no_match       body#0  ?
  total: 0 matched / 1 bodies
",0,[],0,0,0,0,/home/arjaiswal/Polygeist/issues/aten_c_kernels/results/aten_sobol_scramble_cpu/debuf.mlir,2491,8,1,0,363.51823434233665,1,64672,0.0,0,0,0,0,[],0,0,0,0.0,4
aten,aten_sobol_scramble_cpu,/home/arjaiswal/Polygeist/issues/aten_c_kernels/results/aten_sobol_scramble_cpu/debuf.mlir,2a6a91f976de4fa92aa583d086a701747a99733afd4114167bf4c3db9724022f,syntactic,5,ok,0,720.5348759889603,0,"[""/usr/bin/python3"", ""/home/arjaiswal/Polygeist/scripts/correctness/kernel_match_rewrite.py"", ""/home/arjaiswal/Polygeist/issues/aten_c_kernels/results/aten_sobol_scramble_cpu/debuf.mlir"", ""--dry-run"", ""--matcher-mode"", ""syntactic"", ""--telemetry-json"", ""/home/arjaiswal/Polygeist/issues/equality_saturation_eval/campaign_20260908/aten-aten_sobol_scramble_cpu-syntactic-8h3b65nx.json"", ""--disable-semantic-fallback""]","== match report for /home/arjaiswal/Polygeist/issues/aten_c_kernels/results/aten_sobol_scramble_cpu/debuf.mlir ==
  no_match       body#0  ?
  total: 0 matched / 1 bodies
",0,[],0,0,0,0,/home/arjaiswal/Polygeist/issues/aten_c_kernels/results/aten_sobol_scramble_cpu/debuf.mlir,2491,0,1,0,277.97776460647583,1,64628,0.010766088962554932,0,0,0,0,[],0,0,4,0.0,4
aten,aten_softmax,/home/arjaiswal/Polygeist/issues/aten_c_kernels/results/aten_softmax/debuf.mlir,17ff33096aba26ff148d7bee46e2e6c60a835133b3ec0a54545b090186deb30d,syntactic,1,ok,0,746.2853156030178,0,"[""/usr/bin/python3"", ""/home/arjaiswal/Polygeist/scripts/correctness/kernel_match_rewrite.py"", ""/home/arjaiswal/Polygeist/issues/aten_c_kernels/results/aten_softmax/debuf.mlir"", ""--dry-run"", ""--matcher-mode"", ""syntactic"", ""--telemetry-json"", ""/home/arjaiswal/Polygeist/issues/equality_saturation_eval/campaign_20260908/aten-aten_softmax-syntactic-e3yp2ui_.json"", ""--disable-semantic-fallback""]","== match report for /home/arjaiswal/Polygeist/issues/aten_c_kernels/results/aten_softmax/debuf.mlir ==
  match          body#[0, 1, 2]  cudnnSoftmaxForward_tensor
  total: 1 matched / 1 bodies
",0,[],0,0,0,0,/home/arjaiswal/Polygeist/issues/aten_c_kernels/results/aten_softmax/debuf.mlir,3195,0,3,3,313.3877106010914,0,65508,0.08009001612663269,0,8,0,0,"[{""body_indices"": [0, 1, 2], ""symbol"": ""cudnnSoftmaxForward_tensor""}]",1,0,8,0.0,8
aten,aten_softmax,/home/arjaiswal/Polygeist/issues/aten_c_kernels/results/aten_softmax/debuf.mlir,17ff33096aba26ff148d7bee46e2e6c60a835133b3ec0a54545b090186deb30d,egglog,1,ok,0,824.8225823044777,0,"[""/usr/bin/python3"", ""/home/arjaiswal/Polygeist/scripts/correctness/kernel_match_rewrite.py"", ""/home/arjaiswal/Polygeist/issues/aten_c_kernels/results/aten_softmax/debuf.mlir"", ""--dry-run"", ""--matcher-mode"", ""egglog"", ""--telemetry-json"", ""/home/arjaiswal/Polygeist/issues/equality_saturation_eval/campaign_20260908/aten-aten_softmax-egglog-4xjm2w_e.json"", ""--disable-semantic-fallback""]","== match report for /home/arjaiswal/Polygeist/issues/aten_c_kernels/results/aten_softmax/debuf.mlir ==
  match          body#[0, 1, 2]  cudnnSoftmaxForward_tensor
  total: 1 matched / 1 bodies
",0,[],0,0,0,0,/home/arjaiswal/Polygeist/issues/aten_c_kernels/results/aten_softmax/debuf.mlir,3195,8,3,3,391.68258756399155,0,69684,83.96155014634132,8,8,0,4,"[{""body_indices"": [0, 1, 2], ""symbol"": ""cudnnSoftmaxForward_tensor""}]",1,0,0,0.0,8
aten,aten_softmax,/home/arjaiswal/Polygeist/issues/aten_c_kernels/results/aten_softmax/debuf.mlir,17ff33096aba26ff148d7bee46e2e6c60a835133b3ec0a54545b090186deb30d,egglog,2,ok,0,884.3680918216705,0,"[""/usr/bin/python3"", ""/home/arjaiswal/Polygeist/scripts/correctness/kernel_match_rewrite.py"", ""/home/arjaiswal/Polygeist/issues/aten_c_kernels/results/aten_softmax/debuf.mlir"", ""--dry-run"", ""--matcher-mode"", ""egglog"", ""--telemetry-json"", ""/home/arjaiswal/Polygeist/issues/equality_saturation_eval/campaign_20260908/aten-aten_softmax-egglog-hkyy4370.json"", ""--disable-semantic-fallback""]","== match report for /home/arjaiswal/Polygeist/issues/aten_c_kernels/results/aten_softmax/debuf.mlir ==
  match          body#[0, 1, 2]  cudnnSoftmaxForward_tensor
  total: 1 matched / 1 bodies
",0,[],0,0,0,0,/home/arjaiswal/Polygeist/issues/aten_c_kernels/results/aten_softmax/debuf.mlir,3195,8,3,3,444.9246786534786,0,69696,94.28014978766441,8,8,0,4,"[{""body_indices"": [0, 1, 2], ""symbol"": ""cudnnSoftmaxForward_tensor""}]",1,0,0,0.0,8
aten,aten_softmax,/home/arjaiswal/Polygeist/issues/aten_c_kernels/results/aten_softmax/debuf.mlir,17ff33096aba26ff148d7bee46e2e6c60a835133b3ec0a54545b090186deb30d,syntactic,2,ok,0,803.7735186517239,0,"[""/usr/bin/python3"", ""/home/arjaiswal/Polygeist/scripts/correctness/kernel_match_rewrite.py"", ""/home/arjaiswal/Polygeist/issues/aten_c_kernels/results/aten_softmax/debuf.mlir"", ""--dry-run"", ""--matcher-mode"", ""syntactic"", ""--telemetry-json"", ""/home/arjaiswal/Polygeist/issues/equality_saturation_eval/campaign_20260908/aten-aten_softmax-syntactic-mjh0whuk.json"", ""--disable-semantic-fallback""]","== match report for /home/arjaiswal/Polygeist/issues/aten_c_kernels/results/aten_softmax/debuf.mlir ==
  match          body#[0, 1, 2]  cudnnSoftmaxForward_tensor
  total: 1 matched / 1 bodies
",0,[],0,0,0,0,/home/arjaiswal/Polygeist/issues/aten_c_kernels/results/aten_softmax/debuf.mlir,3195,0,3,3,336.33505925536156,0,65660,0.0910051167011261,0,8,0,0,"[{""body_indices"": [0, 1, 2], ""symbol"": ""cudnnSoftmaxForward_tensor""}]",1,0,8,0.0,8
aten,aten_softmax,/home/arjaiswal/Polygeist/issues/aten_c_kernels/results/aten_softmax/debuf.mlir,17ff33096aba26ff148d7bee46e2e6c60a835133b3ec0a54545b090186deb30d,syntactic,3,ok,0,835.2104686200619,0,"[""/usr/bin/python3"", ""/home/arjaiswal/Polygeist/scripts/correctness/kernel_match_rewrite.py"", ""/home/arjaiswal/Polygeist/issues/aten_c_kernels/results/aten_softmax/debuf.mlir"", ""--dry-run"", ""--matcher-mode"", ""syntactic"", ""--telemetry-json"", ""/home/arjaiswal/Polygeist/issues/equality_saturation_eval/campaign_20260908/aten-aten_softmax-syntactic-j2dpxxrr.json"", ""--disable-semantic-fallback""]","== match report for /home/arjaiswal/Polygeist/issues/aten_c_kernels/results/aten_softmax/debuf.mlir ==
  match          body#[0, 1, 2]  cudnnSoftmaxForward_tensor
  total: 1 matched / 1 bodies
",0,[],0,0,0,0,/home/arjaiswal/Polygeist/issues/aten_c_kernels/results/aten_softmax/debuf.mlir,3195,0,3,3,368.23107302188873,0,65680,0.6592795252799988,0,8,0,0,"[{""body_indices"": [0, 1, 2], ""symbol"": ""cudnnSoftmaxForward_tensor""}]",1,0,8,0.0,8
aten,aten_softmax,/home/arjaiswal/Polygeist/issues/aten_c_kernels/results/aten_softmax/debuf.mlir,17ff33096aba26ff148d7bee46e2e6c60a835133b3ec0a54545b090186deb30d,egglog,3,ok,0,1545.7844398915768,0,"[""/usr/bin/python3"", ""/home/arjaiswal/Polygeist/scripts/correctness/kernel_match_rewrite.py"", ""/home/arjaiswal/Polygeist/issues/aten_c_kernels/results/aten_softmax/debuf.mlir"", ""--dry-run"", ""--matcher-mode"", ""egglog"", ""--telemetry-json"", ""/home/arjaiswal/Polygeist/issues/equality_saturation_eval/campaign_20260908/aten-aten_softmax-egglog-4w8iimx6.json"", ""--disable-semantic-fallback""]","== match report for /home/arjaiswal/Polygeist/issues/aten_c_kernels/results/aten_softmax/debuf.mlir ==
  match          body#[0, 1, 2]  cudnnSoftmaxForward_tensor
  total: 1 matched / 1 bodies
",0,[],0,0,0,0,/home/arjaiswal/Polygeist/issues/aten_c_kernels/results/aten_softmax/debuf.mlir,3195,8,3,3,714.2189368605614,0,69840,101.35362669825554,8,8,0,4,"[{""body_indices"": [0, 1, 2], ""symbol"": ""cudnnSoftmaxForward_tensor""}]",1,0,0,0.0,8
aten,aten_softmax,/home/arjaiswal/Polygeist/issues/aten_c_kernels/results/aten_softmax/debuf.mlir,17ff33096aba26ff148d7bee46e2e6c60a835133b3ec0a54545b090186deb30d,egglog,4,ok,0,1165.3376147150993,0,"[""/usr/bin/python3"", ""/home/arjaiswal/Polygeist/scripts/correctness/kernel_match_rewrite.py"", ""/home/arjaiswal/Polygeist/issues/aten_c_kernels/results/aten_softmax/debuf.mlir"", ""--dry-run"", ""--matcher-mode"", ""egglog"", ""--telemetry-json"", ""/home/arjaiswal/Polygeist/issues/equality_saturation_eval/campaign_20260908/aten-aten_softmax-egglog-62if_suh.json"", ""--disable-semantic-fallback""]","== match report for /home/arjaiswal/Polygeist/issues/aten_c_kernels/results/aten_softmax/debuf.mlir ==
  match          body#[0, 1, 2]  cudnnSoftmaxForward_tensor
  total: 1 matched / 1 bodies
",0,[],0,0,0,0,/home/arjaiswal/Polygeist/issues/aten_c_kernels/results/aten_softmax/debuf.mlir,3195,8,3,3,544.1288910806179,0,69804,110.15012487769127,8,8,0,4,"[{""body_indices"": [0, 1, 2], ""symbol"": ""cudnnSoftmaxForward_tensor""}]",1,0,0,0.0,8
aten,aten_softmax,/home/arjaiswal/Polygeist/issues/aten_c_kernels/results/aten_softmax/debuf.mlir,17ff33096aba26ff148d7bee46e2e6c60a835133b3ec0a54545b090186deb30d,syntactic,4,ok,0,1983.9936532080173,0,"[""/usr/bin/python3"", ""/home/arjaiswal/Polygeist/scripts/correctness/kernel_match_rewrite.py"", ""/home/arjaiswal/Polygeist/issues/aten_c_kernels/results/aten_softmax/debuf.mlir"", ""--dry-run"", ""--matcher-mode"", ""syntactic"", ""--telemetry-json"", ""/home/arjaiswal/Polygeist/issues/equality_saturation_eval/campaign_20260908/aten-aten_softmax-syntactic-7wol5o8j.json"", ""--disable-semantic-fallback""]","== match report for /home/arjaiswal/Polygeist/issues/aten_c_kernels/results/aten_softmax/debuf.mlir ==
  match          body#[0, 1, 2]  cudnnSoftmaxForward_tensor
  total: 1 matched / 1 bodies
",0,[],0,0,0,0,/home/arjaiswal/Polygeist/issues/aten_c_kernels/results/aten_softmax/debuf.mlir,3195,0,3,3,667.9540015757084,0,65736,0.09901449084281921,0,8,0,0,"[{""body_indices"": [0, 1, 2], ""symbol"": ""cudnnSoftmaxForward_tensor""}]",1,0,8,0.0,8
aten,aten_softmax,/home/arjaiswal/Polygeist/issues/aten_c_kernels/results/aten_softmax/debuf.mlir,17ff33096aba26ff148d7bee46e2e6c60a835133b3ec0a54545b090186deb30d,syntactic,5,ok,0,902.5456942617893,0,"[""/usr/bin/python3"", ""/home/arjaiswal/Polygeist/scripts/correctness/kernel_match_rewrite.py"", ""/home/arjaiswal/Polygeist/issues/aten_c_kernels/results/aten_softmax/debuf.mlir"", ""--dry-run"", ""--matcher-mode"", ""syntactic"", ""--telemetry-json"", ""/home/arjaiswal/Polygeist/issues/equality_saturation_eval/campaign_20260908/aten-aten_softmax-syntactic-k1whj2b2.json"", ""--disable-semantic-fallback""]","== match report for /home/arjaiswal/Polygeist/issues/aten_c_kernels/results/aten_softmax/debuf.mlir ==
  match          body#[0, 1, 2]  cudnnSoftmaxForward_tensor
  total: 1 matched / 1 bodies
",0,[],0,0,0,0,/home/arjaiswal/Polygeist/issues/aten_c_kernels/results/aten_softmax/debuf.mlir,3195,0,3,3,383.833184838295,0,65680,0.09023398160934448,0,8,0,0,"[{""body_indices"": [0, 1, 2], ""symbol"": ""cudnnSoftmaxForward_tensor""}]",1,0,8,0.0,8
aten,aten_softmax,/home/arjaiswal/Polygeist/issues/aten_c_kernels/results/aten_softmax/debuf.mlir,17ff33096aba26ff148d7bee46e2e6c60a835133b3ec0a54545b090186deb30d,egglog,5,ok,0,1377.5106891989708,0,"[""/usr/bin/python3"", ""/home/arjaiswal/Polygeist/scripts/correctness/kernel_match_rewrite.py"", ""/home/arjaiswal/Polygeist/issues/aten_c_kernels/results/aten_softmax/debuf.mlir"", ""--dry-run"", ""--matcher-mode"", ""egglog"", ""--telemetry-json"", ""/home/arjaiswal/Polygeist/issues/equality_saturation_eval/campaign_20260908/aten-aten_softmax-egglog-r_38_0cn.json"", ""--disable-semantic-fallback""]","== match report for /home/arjaiswal/Polygeist/issues/aten_c_kernels/results/aten_softmax/debuf.mlir ==
  match          body#[0, 1, 2]  cudnnSoftmaxForward_tensor
  total: 1 matched / 1 bodies
",0,[],0,0,0,0,/home/arjaiswal/Polygeist/issues/aten_c_kernels/results/aten_softmax/debuf.mlir,3195,8,3,3,812.6827590167522,0,69764,110.20462587475777,8,8,0,4,"[{""body_indices"": [0, 1, 2], ""symbol"": ""cudnnSoftmaxForward_tensor""}]",1,0,0,0.0,8
aten,aten_softplus,/home/arjaiswal/Polygeist/issues/aten_c_kernels/results/aten_softplus/debuf.mlir,236624646892d87d8ceb7fffa81b5215e749ac7ee65f130e6262b14c43c8509d,egglog,1,ok,0,2302.3361526429653,0,"[""/usr/bin/python3"", ""/home/arjaiswal/Polygeist/scripts/correctness/kernel_match_rewrite.py"", ""/home/arjaiswal/Polygeist/issues/aten_c_kernels/results/aten_softplus/debuf.mlir"", ""--dry-run"", ""--matcher-mode"", ""egglog"", ""--telemetry-json"", ""/home/arjaiswal/Polygeist/issues/equality_saturation_eval/campaign_20260908/aten-aten_softplus-egglog-cvk8wq4j.json"", ""--disable-semantic-fallback""]","== match report for /home/arjaiswal/Polygeist/issues/aten_c_kernels/results/aten_softplus/debuf.mlir ==
  match          body#[0]  cudnnPointwiseGraph_f32
  total: 1 matched / 1 bodies
",0,[],0,0,0,0,/home/arjaiswal/Polygeist/issues/aten_c_kernels/results/aten_softplus/debuf.mlir,2101,8,1,1,1375.303190201521,0,66936,0.0,0,0,0,0,"[{""body_indices"": [0], ""symbol"": ""cudnnPointwiseGraph_f32""}]",1,0,0,0.0,56
aten,aten_softplus,/home/arjaiswal/Polygeist/issues/aten_c_kernels/results/aten_softplus/debuf.mlir,236624646892d87d8ceb7fffa81b5215e749ac7ee65f130e6262b14c43c8509d,syntactic,1,ok,0,1340.5998051166534,0,"[""/usr/bin/python3"", ""/home/arjaiswal/Polygeist/scripts/correctness/kernel_match_rewrite.py"", ""/home/arjaiswal/Polygeist/issues/aten_c_kernels/results/aten_softplus/debuf.mlir"", ""--dry-run"", ""--matcher-mode"", ""syntactic"", ""--telemetry-json"", ""/home/arjaiswal/Polygeist/issues/equality_saturation_eval/campaign_20260908/aten-aten_softplus-syntactic-m5693poi.json"", ""--disable-semantic-fallback""]","== match report for /home/arjaiswal/Polygeist/issues/aten_c_kernels/results/aten_softplus/debuf.mlir ==
  match          body#[0]  cudnnPointwiseGraph_f32
  total: 1 matched / 1 bodies
",0,[],0,0,0,0,/home/arjaiswal/Polygeist/issues/aten_c_kernels/results/aten_softplus/debuf.mlir,2101,0,1,1,681.6807277500629,0,66616,0.20669400691986084,0,0,0,0,"[{""body_indices"": [0], ""symbol"": ""cudnnPointwiseGraph_f32""}]",1,0,56,0.0,56
aten,aten_softplus,/home/arjaiswal/Polygeist/issues/aten_c_kernels/results/aten_softplus/debuf.mlir,236624646892d87d8ceb7fffa81b5215e749ac7ee65f130e6262b14c43c8509d,syntactic,2,ok,0,2435.1330623030663,0,"[""/usr/bin/python3"", ""/home/arjaiswal/Polygeist/scripts/correctness/kernel_match_rewrite.py"", ""/home/arjaiswal/Polygeist/issues/aten_c_kernels/results/aten_softplus/debuf.mlir"", ""--dry-run"", ""--matcher-mode"", ""syntactic"", ""--telemetry-json"", ""/home/arjaiswal/Polygeist/issues/equality_saturation_eval/campaign_20260908/aten-aten_softplus-syntactic-b21b4e8_.json"", ""--disable-semantic-fallback""]","== match report for /home/arjaiswal/Polygeist/issues/aten_c_kernels/results/aten_softplus/debuf.mlir ==
  match          body#[0]  cudnnPointwiseGraph_f32
  total: 1 matched / 1 bodies
",0,[],0,0,0,0,/home/arjaiswal/Polygeist/issues/aten_c_kernels/results/aten_softplus/debuf.mlir,2101,0,1,1,1413.907766342163,0,66576,0.2573356032371521,0,0,0,0,"[{""body_indices"": [0], ""symbol"": ""cudnnPointwiseGraph_f32""}]",1,0,56,0.0,56
aten,aten_softplus,/home/arjaiswal/Polygeist/issues/aten_c_kernels/results/aten_softplus/debuf.mlir,236624646892d87d8ceb7fffa81b5215e749ac7ee65f130e6262b14c43c8509d,egglog,2,ok,0,1753.591388463974,0,"[""/usr/bin/python3"", ""/home/arjaiswal/Polygeist/scripts/correctness/kernel_match_rewrite.py"", ""/home/arjaiswal/Polygeist/issues/aten_c_kernels/results/aten_softplus/debuf.mlir"", ""--dry-run"", ""--matcher-mode"", ""egglog"", ""--telemetry-json"", ""/home/arjaiswal/Polygeist/issues/equality_saturation_eval/campaign_20260908/aten-aten_softplus-egglog-zkyp61c2.json"", ""--disable-semantic-fallback""]","== match report for /home/arjaiswal/Polygeist/issues/aten_c_kernels/results/aten_softplus/debuf.mlir ==
  match          body#[0]  cudnnPointwiseGraph_f32
  total: 1 matched / 1 bodies
",0,[],0,0,0,0,/home/arjaiswal/Polygeist/issues/aten_c_kernels/results/aten_softplus/debuf.mlir,2101,8,1,1,854.6892590820789,0,66784,0.0,0,0,0,0,"[{""body_indices"": [0], ""symbol"": ""cudnnPointwiseGraph_f32""}]",1,0,0,0.0,56
aten,aten_softplus,/home/arjaiswal/Polygeist/issues/aten_c_kernels/results/aten_softplus/debuf.mlir,236624646892d87d8ceb7fffa81b5215e749ac7ee65f130e6262b14c43c8509d,egglog,3,ok,0,1320.5314055085182,0,"[""/usr/bin/python3"", ""/home/arjaiswal/Polygeist/scripts/correctness/kernel_match_rewrite.py"", ""/home/arjaiswal/Polygeist/issues/aten_c_kernels/results/aten_softplus/debuf.mlir"", ""--dry-run"", ""--matcher-mode"", ""egglog"", ""--telemetry-json"", ""/home/arjaiswal/Polygeist/issues/equality_saturation_eval/campaign_20260908/aten-aten_softplus-egglog-q4p2zhjy.json"", ""--disable-semantic-fallback""]","== match report for /home/arjaiswal/Polygeist/issues/aten_c_kernels/results/aten_softplus/debuf.mlir ==
  match          body#[0]  cudnnPointwiseGraph_f32
  total: 1 matched / 1 bodies
",0,[],0,0,0,0,/home/arjaiswal/Polygeist/issues/aten_c_kernels/results/aten_softplus/debuf.mlir,2101,8,1,1,763.9988511800766,0,66788,0.0,0,0,0,0,"[{""body_indices"": [0], ""symbol"": ""cudnnPointwiseGraph_f32""}]",1,0,0,0.0,56
aten,aten_softplus,/home/arjaiswal/Polygeist/issues/aten_c_kernels/results/aten_softplus/debuf.mlir,236624646892d87d8ceb7fffa81b5215e749ac7ee65f130e6262b14c43c8509d,syntactic,3,ok,0,1163.761168718338,0,"[""/usr/bin/python3"", ""/home/arjaiswal/Polygeist/scripts/correctness/kernel_match_rewrite.py"", ""/home/arjaiswal/Polygeist/issues/aten_c_kernels/results/aten_softplus/debuf.mlir"", ""--dry-run"", ""--matcher-mode"", ""syntactic"", ""--telemetry-json"", ""/home/arjaiswal/Polygeist/issues/equality_saturation_eval/campaign_20260908/aten-aten_softplus-syntactic-1dp04ygd.json"", ""--disable-semantic-fallback""]","== match report for /home/arjaiswal/Polygeist/issues/aten_c_kernels/results/aten_softplus/debuf.mlir ==
  match          body#[0]  cudnnPointwiseGraph_f32
  total: 1 matched / 1 bodies
",0,[],0,0,0,0,/home/arjaiswal/Polygeist/issues/aten_c_kernels/results/aten_softplus/debuf.mlir,2101,0,1,1,684.4910532236099,0,66412,0.20544230937957764,0,0,0,0,"[{""body_indices"": [0], ""symbol"": ""cudnnPointwiseGraph_f32""}]",1,0,56,0.0,56
aten,aten_softplus,/home/arjaiswal/Polygeist/issues/aten_c_kernels/results/aten_softplus/debuf.mlir,236624646892d87d8ceb7fffa81b5215e749ac7ee65f130e6262b14c43c8509d,syntactic,4,ok,0,1088.7289829552174,0,"[""/usr/bin/python3"", ""/home/arjaiswal/Polygeist/scripts/correctness/kernel_match_rewrite.py"", ""/home/arjaiswal/Polygeist/issues/aten_c_kernels/results/aten_softplus/debuf.mlir"", ""--dry-run"", ""--matcher-mode"", ""syntactic"", ""--telemetry-json"", ""/home/arjaiswal/Polygeist/issues/equality_saturation_eval/campaign_20260908/aten-aten_softplus-syntactic-sk8q02fy.json"", ""--disable-semantic-fallback""]","== match report for /home/arjaiswal/Polygeist/issues/aten_c_kernels/results/aten_softplus/debuf.mlir ==
  match          body#[0]  cudnnPointwiseGraph_f32
  total: 1 matched / 1 bodies
",0,[],0,0,0,0,/home/arjaiswal/Polygeist/issues/aten_c_kernels/results/aten_softplus/debuf.mlir,2101,0,1,1,640.0869525969028,0,66368,0.22579357028007507,0,0,0,0,"[{""body_indices"": [0], ""symbol"": ""cudnnPointwiseGraph_f32""}]",1,0,56,0.0,56
aten,aten_softplus,/home/arjaiswal/Polygeist/issues/aten_c_kernels/results/aten_softplus/debuf.mlir,236624646892d87d8ceb7fffa81b5215e749ac7ee65f130e6262b14c43c8509d,egglog,4,ok,0,1108.7572909891605,0,"[""/usr/bin/python3"", ""/home/arjaiswal/Polygeist/scripts/correctness/kernel_match_rewrite.py"", ""/home/arjaiswal/Polygeist/issues/aten_c_kernels/results/aten_softplus/debuf.mlir"", ""--dry-run"", ""--matcher-mode"", ""egglog"", ""--telemetry-json"", ""/home/arjaiswal/Polygeist/issues/equality_saturation_eval/campaign_20260908/aten-aten_softplus-egglog-8pzyg5r4.json"", ""--disable-semantic-fallback""]","== match report for /home/arjaiswal/Polygeist/issues/aten_c_kernels/results/aten_softplus/debuf.mlir ==
  match          body#[0]  cudnnPointwiseGraph_f32
  total: 1 matched / 1 bodies
",0,[],0,0,0,0,/home/arjaiswal/Polygeist/issues/aten_c_kernels/results/aten_softplus/debuf.mlir,2101,8,1,1,680.61139062047,0,66488,0.0,0,0,0,0,"[{""body_indices"": [0], ""symbol"": ""cudnnPointwiseGraph_f32""}]",1,0,0,0.0,56
aten,aten_softplus,/home/arjaiswal/Polygeist/issues/aten_c_kernels/results/aten_softplus/debuf.mlir,236624646892d87d8ceb7fffa81b5215e749ac7ee65f130e6262b14c43c8509d,egglog,5,ok,0,1072.9205049574375,0,"[""/usr/bin/python3"", ""/home/arjaiswal/Polygeist/scripts/correctness/kernel_match_rewrite.py"", ""/home/arjaiswal/Polygeist/issues/aten_c_kernels/results/aten_softplus/debuf.mlir"", ""--dry-run"", ""--matcher-mode"", ""egglog"", ""--telemetry-json"", ""/home/arjaiswal/Polygeist/issues/equality_saturation_eval/campaign_20260908/aten-aten_softplus-egglog-o9ywocll.json"", ""--disable-semantic-fallback""]","== match report for /home/arjaiswal/Polygeist/issues/aten_c_kernels/results/aten_softplus/debuf.mlir ==
  match          body#[0]  cudnnPointwiseGraph_f32
  total: 1 matched / 1 bodies
",0,[],0,0,0,0,/home/arjaiswal/Polygeist/issues/aten_c_kernels/results/aten_softplus/debuf.mlir,2101,8,1,1,649.1984650492668,0,66736,0.0,0,0,0,0,"[{""body_indices"": [0], ""symbol"": ""cudnnPointwiseGraph_f32""}]",1,0,0,0.0,56
aten,aten_softplus,/home/arjaiswal/Polygeist/issues/aten_c_kernels/results/aten_softplus/debuf.mlir,236624646892d87d8ceb7fffa81b5215e749ac7ee65f130e6262b14c43c8509d,syntactic,5,ok,0,1177.8381280601025,0,"[""/usr/bin/python3"", ""/home/arjaiswal/Polygeist/scripts/correctness/kernel_match_rewrite.py"", ""/home/arjaiswal/Polygeist/issues/aten_c_kernels/results/aten_softplus/debuf.mlir"", ""--dry-run"", ""--matcher-mode"", ""syntactic"", ""--telemetry-json"", ""/home/arjaiswal/Polygeist/issues/equality_saturation_eval/campaign_20260908/aten-aten_softplus-syntactic-9kxm398w.json"", ""--disable-semantic-fallback""]","== match report for /home/arjaiswal/Polygeist/issues/aten_c_kernels/results/aten_softplus/debuf.mlir ==
  match          body#[0]  cudnnPointwiseGraph_f32
  total: 1 matched / 1 bodies
",0,[],0,0,0,0,/home/arjaiswal/Polygeist/issues/aten_c_kernels/results/aten_softplus/debuf.mlir,2101,0,1,1,733.4327362477779,0,66708,0.17936155200004578,0,0,0,0,"[{""body_indices"": [0], ""symbol"": ""cudnnPointwiseGraph_f32""}]",1,0,56,0.0,56
aten,aten_softplus_backward,/home/arjaiswal/Polygeist/issues/aten_c_kernels/results/aten_softplus_backward/debuf.mlir,577e37a31c40d884fdeb746b7af038fa0c22c5175585ceecfce93a2229368689,syntactic,1,ok,0,779.1022174060345,0,"[""/usr/bin/python3"", ""/home/arjaiswal/Polygeist/scripts/correctness/kernel_match_rewrite.py"", ""/home/arjaiswal/Polygeist/issues/aten_c_kernels/results/aten_softplus_backward/debuf.mlir"", ""--dry-run"", ""--matcher-mode"", ""syntactic"", ""--telemetry-json"", ""/home/arjaiswal/Polygeist/issues/equality_saturation_eval/campaign_20260908/aten-aten_softplus_backward-syntactic-6ouxl07e.json"", ""--disable-semantic-fallback""]","== match report for /home/arjaiswal/Polygeist/issues/aten_c_kernels/results/aten_softplus_backward/debuf.mlir ==
  match          body#[0]  cudnnPointwiseGraph_f32
  total: 1 matched / 1 bodies
",0,[],0,0,0,0,/home/arjaiswal/Polygeist/issues/aten_c_kernels/results/aten_softplus_backward/debuf.mlir,2274,0,1,1,321.1250565946102,0,65768,0.0,0,0,0,0,"[{""body_indices"": [0], ""symbol"": ""cudnnPointwiseGraph_f32""}]",1,0,0,0.0,0
aten,aten_softplus_backward,/home/arjaiswal/Polygeist/issues/aten_c_kernels/results/aten_softplus_backward/debuf.mlir,577e37a31c40d884fdeb746b7af038fa0c22c5175585ceecfce93a2229368689,egglog,1,ok,0,768.2207189500332,0,"[""/usr/bin/python3"", ""/home/arjaiswal/Polygeist/scripts/correctness/kernel_match_rewrite.py"", ""/home/arjaiswal/Polygeist/issues/aten_c_kernels/results/aten_softplus_backward/debuf.mlir"", ""--dry-run"", ""--matcher-mode"", ""egglog"", ""--telemetry-json"", ""/home/arjaiswal/Polygeist/issues/equality_saturation_eval/campaign_20260908/aten-aten_softplus_backward-egglog-g1gj04uz.json"", ""--disable-semantic-fallback""]","== match report for /home/arjaiswal/Polygeist/issues/aten_c_kernels/results/aten_softplus_backward/debuf.mlir ==
  match          body#[0]  cudnnPointwiseGraph_f32
  total: 1 matched / 1 bodies
",0,[],0,0,0,0,/home/arjaiswal/Polygeist/issues/aten_c_kernels/results/aten_softplus_backward/debuf.mlir,2274,8,1,1,298.82386699318886,0,65960,0.0,0,0,0,0,"[{""body_indices"": [0], ""symbol"": ""cudnnPointwiseGraph_f32""}]",1,0,0,0.0,0
aten,aten_softplus_backward,/home/arjaiswal/Polygeist/issues/aten_c_kernels/results/aten_softplus_backward/debuf.mlir,577e37a31c40d884fdeb746b7af038fa0c22c5175585ceecfce93a2229368689,egglog,2,ok,0,734.9503301084042,0,"[""/usr/bin/python3"", ""/home/arjaiswal/Polygeist/scripts/correctness/kernel_match_rewrite.py"", ""/home/arjaiswal/Polygeist/issues/aten_c_kernels/results/aten_softplus_backward/debuf.mlir"", ""--dry-run"", ""--matcher-mode"", ""egglog"", ""--telemetry-json"", ""/home/arjaiswal/Polygeist/issues/equality_saturation_eval/campaign_20260908/aten-aten_softplus_backward-egglog-lnspsc16.json"", ""--disable-semantic-fallback""]","== match report for /home/arjaiswal/Polygeist/issues/aten_c_kernels/results/aten_softplus_backward/debuf.mlir ==
  match          body#[0]  cudnnPointwiseGraph_f32
  total: 1 matched / 1 bodies
",0,[],0,0,0,0,/home/arjaiswal/Polygeist/issues/aten_c_kernels/results/aten_softplus_backward/debuf.mlir,2274,8,1,1,318.7745288014412,0,66016,0.0,0,0,0,0,"[{""body_indices"": [0], ""symbol"": ""cudnnPointwiseGraph_f32""}]",1,0,0,0.0,0
aten,aten_softplus_backward,/home/arjaiswal/Polygeist/issues/aten_c_kernels/results/aten_softplus_backward/debuf.mlir,577e37a31c40d884fdeb746b7af038fa0c22c5175585ceecfce93a2229368689,syntactic,2,ok,0,725.9694635868073,0,"[""/usr/bin/python3"", ""/home/arjaiswal/Polygeist/scripts/correctness/kernel_match_rewrite.py"", ""/home/arjaiswal/Polygeist/issues/aten_c_kernels/results/aten_softplus_backward/debuf.mlir"", ""--dry-run"", ""--matcher-mode"", ""syntactic"", ""--telemetry-json"", ""/home/arjaiswal/Polygeist/issues/equality_saturation_eval/campaign_20260908/aten-aten_softplus_backward-syntactic-y4713uyk.json"", ""--disable-semantic-fallback""]","== match report for /home/arjaiswal/Polygeist/issues/aten_c_kernels/results/aten_softplus_backward/debuf.mlir ==
  match          body#[0]  cudnnPointwiseGraph_f32
  total: 1 matched / 1 bodies
",0,[],0,0,0,0,/home/arjaiswal/Polygeist/issues/aten_c_kernels/results/aten_softplus_backward/debuf.mlir,2274,0,1,1,286.83924302458763,0,66108,0.0,0,0,0,0,"[{""body_indices"": [0], ""symbol"": ""cudnnPointwiseGraph_f32""}]",1,0,0,0.0,0
aten,aten_softplus_backward,/home/arjaiswal/Polygeist/issues/aten_c_kernels/results/aten_softplus_backward/debuf.mlir,577e37a31c40d884fdeb746b7af038fa0c22c5175585ceecfce93a2229368689,syntactic,3,ok,0,743.6956688761711,0,"[""/usr/bin/python3"", ""/home/arjaiswal/Polygeist/scripts/correctness/kernel_match_rewrite.py"", ""/home/arjaiswal/Polygeist/issues/aten_c_kernels/results/aten_softplus_backward/debuf.mlir"", ""--dry-run"", ""--matcher-mode"", ""syntactic"", ""--telemetry-json"", ""/home/arjaiswal/Polygeist/issues/equality_saturation_eval/campaign_20260908/aten-aten_softplus_backward-syntactic-hu_t13pv.json"", ""--disable-semantic-fallback""]","== match report for /home/arjaiswal/Polygeist/issues/aten_c_kernels/results/aten_softplus_backward/debuf.mlir ==
  match          body#[0]  cudnnPointwiseGraph_f32
  total: 1 matched / 1 bodies
",0,[],0,0,0,0,/home/arjaiswal/Polygeist/issues/aten_c_kernels/results/aten_softplus_backward/debuf.mlir,2274,0,1,1,313.83615359663963,0,65856,0.0,0,0,0,0,"[{""body_indices"": [0], ""symbol"": ""cudnnPointwiseGraph_f32""}]",1,0,0,0.0,0
aten,aten_softplus_backward,/home/arjaiswal/Polygeist/issues/aten_c_kernels/results/aten_softplus_backward/debuf.mlir,577e37a31c40d884fdeb746b7af038fa0c22c5175585ceecfce93a2229368689,egglog,3,ok,0,718.1964889168739,0,"[""/usr/bin/python3"", ""/home/arjaiswal/Polygeist/scripts/correctness/kernel_match_rewrite.py"", ""/home/arjaiswal/Polygeist/issues/aten_c_kernels/results/aten_softplus_backward/debuf.mlir"", ""--dry-run"", ""--matcher-mode"", ""egglog"", ""--telemetry-json"", ""/home/arjaiswal/Polygeist/issues/equality_saturation_eval/campaign_20260908/aten-aten_softplus_backward-egglog-l9szrl4_.json"", ""--disable-semantic-fallback""]","== match report for /home/arjaiswal/Polygeist/issues/aten_c_kernels/results/aten_softplus_backward/debuf.mlir ==
  match          body#[0]  cudnnPointwiseGraph_f32
  total: 1 matched / 1 bodies
",0,[],0,0,0,0,/home/arjaiswal/Polygeist/issues/aten_c_kernels/results/aten_softplus_backward/debuf.mlir,2274,8,1,1,290.45357927680016,0,65904,0.0,0,0,0,0,"[{""body_indices"": [0], ""symbol"": ""cudnnPointwiseGraph_f32""}]",1,0,0,0.0,0
aten,aten_softplus_backward,/home/arjaiswal/Polygeist/issues/aten_c_kernels/results/aten_softplus_backward/debuf.mlir,577e37a31c40d884fdeb746b7af038fa0c22c5175585ceecfce93a2229368689,egglog,4,ok,0,716.6413553059101,0,"[""/usr/bin/python3"", ""/home/arjaiswal/Polygeist/scripts/correctness/kernel_match_rewrite.py"", ""/home/arjaiswal/Polygeist/issues/aten_c_kernels/results/aten_softplus_backward/debuf.mlir"", ""--dry-run"", ""--matcher-mode"", ""egglog"", ""--telemetry-json"", ""/home/arjaiswal/Polygeist/issues/equality_saturation_eval/campaign_20260908/aten-aten_softplus_backward-egglog-4j9l2i7b.json"", ""--disable-semantic-fallback""]","== match report for /home/arjaiswal/Polygeist/issues/aten_c_kernels/results/aten_softplus_backward/debuf.mlir ==
  match          body#[0]  cudnnPointwiseGraph_f32
  total: 1 matched / 1 bodies
",0,[],0,0,0,0,/home/arjaiswal/Polygeist/issues/aten_c_kernels/results/aten_softplus_backward/debuf.mlir,2274,8,1,1,286.0468477010727,0,65948,0.0,0,0,0,0,"[{""body_indices"": [0], ""symbol"": ""cudnnPointwiseGraph_f32""}]",1,0,0,0.0,0
aten,aten_softplus_backward,/home/arjaiswal/Polygeist/issues/aten_c_kernels/results/aten_softplus_backward/debuf.mlir,577e37a31c40d884fdeb746b7af038fa0c22c5175585ceecfce93a2229368689,syntactic,4,ok,0,794.929850846529,0,"[""/usr/bin/python3"", ""/home/arjaiswal/Polygeist/scripts/correctness/kernel_match_rewrite.py"", ""/home/arjaiswal/Polygeist/issues/aten_c_kernels/results/aten_softplus_backward/debuf.mlir"", ""--dry-run"", ""--matcher-mode"", ""syntactic"", ""--telemetry-json"", ""/home/arjaiswal/Polygeist/issues/equality_saturation_eval/campaign_20260908/aten-aten_softplus_backward-syntactic-zrve3a1_.json"", ""--disable-semantic-fallback""]","== match report for /home/arjaiswal/Polygeist/issues/aten_c_kernels/results/aten_softplus_backward/debuf.mlir ==
  match          body#[0]  cudnnPointwiseGraph_f32
  total: 1 matched / 1 bodies
",0,[],0,0,0,0,/home/arjaiswal/Polygeist/issues/aten_c_kernels/results/aten_softplus_backward/debuf.mlir,2274,0,1,1,321.53692096471786,0,65740,0.0,0,0,0,0,"[{""body_indices"": [0], ""symbol"": ""cudnnPointwiseGraph_f32""}]",1,0,0,0.0,0
aten,aten_softplus_backward,/home/arjaiswal/Polygeist/issues/aten_c_kernels/results/aten_softplus_backward/debuf.mlir,577e37a31c40d884fdeb746b7af038fa0c22c5175585ceecfce93a2229368689,syntactic,5,ok,0,810.5314783751965,0,"[""/usr/bin/python3"", ""/home/arjaiswal/Polygeist/scripts/correctness/kernel_match_rewrite.py"", ""/home/arjaiswal/Polygeist/issues/aten_c_kernels/results/aten_softplus_backward/debuf.mlir"", ""--dry-run"", ""--matcher-mode"", ""syntactic"", ""--telemetry-json"", ""/home/arjaiswal/Polygeist/issues/equality_saturation_eval/campaign_20260908/aten-aten_softplus_backward-syntactic-inxt7bci.json"", ""--disable-semantic-fallback""]","== match report for /home/arjaiswal/Polygeist/issues/aten_c_kernels/results/aten_softplus_backward/debuf.mlir ==
  match          body#[0]  cudnnPointwiseGraph_f32
  total: 1 matched / 1 bodies
",0,[],0,0,0,0,/home/arjaiswal/Polygeist/issues/aten_c_kernels/results/aten_softplus_backward/debuf.mlir,2274,0,1,1,314.0561990439892,0,65992,0.0,0,0,0,0,"[{""body_indices"": [0], ""symbol"": ""cudnnPointwiseGraph_f32""}]",1,0,0,0.0,0
aten,aten_softplus_backward,/home/arjaiswal/Polygeist/issues/aten_c_kernels/results/aten_softplus_backward/debuf.mlir,577e37a31c40d884fdeb746b7af038fa0c22c5175585ceecfce93a2229368689,egglog,5,ok,0,712.7564661204815,0,"[""/usr/bin/python3"", ""/home/arjaiswal/Polygeist/scripts/correctness/kernel_match_rewrite.py"", ""/home/arjaiswal/Polygeist/issues/aten_c_kernels/results/aten_softplus_backward/debuf.mlir"", ""--dry-run"", ""--matcher-mode"", ""egglog"", ""--telemetry-json"", ""/home/arjaiswal/Polygeist/issues/equality_saturation_eval/campaign_20260908/aten-aten_softplus_backward-egglog-g0ghf2d4.json"", ""--disable-semantic-fallback""]","== match report for /home/arjaiswal/Polygeist/issues/aten_c_kernels/results/aten_softplus_backward/debuf.mlir ==
  match          body#[0]  cudnnPointwiseGraph_f32
  total: 1 matched / 1 bodies
",0,[],0,0,0,0,/home/arjaiswal/Polygeist/issues/aten_c_kernels/results/aten_softplus_backward/debuf.mlir,2274,8,1,1,282.33756497502327,0,65904,0.0,0,0,0,0,"[{""body_indices"": [0], ""symbol"": ""cudnnPointwiseGraph_f32""}]",1,0,0,0.0,0
aten,aten_softshrink,/home/arjaiswal/Polygeist/issues/aten_c_kernels/results/aten_softshrink/debuf.mlir,119cb874b711a6e850799def27a724709d47f3d88402c77fb5fbb6e1bd6b953c,egglog,1,ok,0,1161.9627326726913,0,"[""/usr/bin/python3"", ""/home/arjaiswal/Polygeist/scripts/correctness/kernel_match_rewrite.py"", ""/home/arjaiswal/Polygeist/issues/aten_c_kernels/results/aten_softshrink/debuf.mlir"", ""--dry-run"", ""--matcher-mode"", ""egglog"", ""--telemetry-json"", ""/home/arjaiswal/Polygeist/issues/equality_saturation_eval/campaign_20260908/aten-aten_softshrink-egglog-d886ldcr.json"", ""--disable-semantic-fallback""]","== match report for /home/arjaiswal/Polygeist/issues/aten_c_kernels/results/aten_softshrink/debuf.mlir ==
  match          body#[0]  cudnnPointwiseGraph_f32
  total: 1 matched / 1 bodies
",0,[],0,0,0,0,/home/arjaiswal/Polygeist/issues/aten_c_kernels/results/aten_softshrink/debuf.mlir,2113,8,1,1,730.3226366639137,0,67068,0.0,0,0,0,0,"[{""body_indices"": [0], ""symbol"": ""cudnnPointwiseGraph_f32""}]",1,0,0,0.0,56
aten,aten_softshrink,/home/arjaiswal/Polygeist/issues/aten_c_kernels/results/aten_softshrink/debuf.mlir,119cb874b711a6e850799def27a724709d47f3d88402c77fb5fbb6e1bd6b953c,syntactic,1,ok,0,1148.7098895013332,0,"[""/usr/bin/python3"", ""/home/arjaiswal/Polygeist/scripts/correctness/kernel_match_rewrite.py"", ""/home/arjaiswal/Polygeist/issues/aten_c_kernels/results/aten_softshrink/debuf.mlir"", ""--dry-run"", ""--matcher-mode"", ""syntactic"", ""--telemetry-json"", ""/home/arjaiswal/Polygeist/issues/equality_saturation_eval/campaign_20260908/aten-aten_softshrink-syntactic-m5_fbv48.json"", ""--disable-semantic-fallback""]","== match report for /home/arjaiswal/Polygeist/issues/aten_c_kernels/results/aten_softshrink/debuf.mlir ==
  match          body#[0]  cudnnPointwiseGraph_f32
  total: 1 matched / 1 bodies
",0,[],0,0,0,0,/home/arjaiswal/Polygeist/issues/aten_c_kernels/results/aten_softshrink/debuf.mlir,2113,0,1,1,727.2570133209229,0,66964,0.17679482698440552,0,0,0,0,"[{""body_indices"": [0], ""symbol"": ""cudnnPointwiseGraph_f32""}]",1,0,56,0.0,56
aten,aten_softshrink,/home/arjaiswal/Polygeist/issues/aten_c_kernels/results/aten_softshrink/debuf.mlir,119cb874b711a6e850799def27a724709d47f3d88402c77fb5fbb6e1bd6b953c,syntactic,2,ok,0,1164.7019796073437,0,"[""/usr/bin/python3"", ""/home/arjaiswal/Polygeist/scripts/correctness/kernel_match_rewrite.py"", ""/home/arjaiswal/Polygeist/issues/aten_c_kernels/results/aten_softshrink/debuf.mlir"", ""--dry-run"", ""--matcher-mode"", ""syntactic"", ""--telemetry-json"", ""/home/arjaiswal/Polygeist/issues/equality_saturation_eval/campaign_20260908/aten-aten_softshrink-syntactic-1e_j8n73.json"", ""--disable-semantic-fallback""]","== match report for /home/arjaiswal/Polygeist/issues/aten_c_kernels/results/aten_softshrink/debuf.mlir ==
  match          body#[0]  cudnnPointwiseGraph_f32
  total: 1 matched / 1 bodies
",0,[],0,0,0,0,/home/arjaiswal/Polygeist/issues/aten_c_kernels/results/aten_softshrink/debuf.mlir,2113,0,1,1,742.8252957761288,0,66824,0.2029426395893097,0,0,0,0,"[{""body_indices"": [0], ""symbol"": ""cudnnPointwiseGraph_f32""}]",1,0,56,0.0,56
aten,aten_softshrink,/home/arjaiswal/Polygeist/issues/aten_c_kernels/results/aten_softshrink/debuf.mlir,119cb874b711a6e850799def27a724709d47f3d88402c77fb5fbb6e1bd6b953c,egglog,2,ok,0,1200.919333845377,0,"[""/usr/bin/python3"", ""/home/arjaiswal/Polygeist/scripts/correctness/kernel_match_rewrite.py"", ""/home/arjaiswal/Polygeist/issues/aten_c_kernels/results/aten_softshrink/debuf.mlir"", ""--dry-run"", ""--matcher-mode"", ""egglog"", ""--telemetry-json"", ""/home/arjaiswal/Polygeist/issues/equality_saturation_eval/campaign_20260908/aten-aten_softshrink-egglog-h7o6035u.json"", ""--disable-semantic-fallback""]","== match report for /home/arjaiswal/Polygeist/issues/aten_c_kernels/results/aten_softshrink/debuf.mlir ==
  match          body#[0]  cudnnPointwiseGraph_f32
  total: 1 matched / 1 bodies
",0,[],0,0,0,0,/home/arjaiswal/Polygeist/issues/aten_c_kernels/results/aten_softshrink/debuf.mlir,2113,8,1,1,753.7420019507408,0,67100,0.0,0,0,0,0,"[{""body_indices"": [0], ""symbol"": ""cudnnPointwiseGraph_f32""}]",1,0,0,0.0,56
aten,aten_softshrink,/home/arjaiswal/Polygeist/issues/aten_c_kernels/results/aten_softshrink/debuf.mlir,119cb874b711a6e850799def27a724709d47f3d88402c77fb5fbb6e1bd6b953c,egglog,3,ok,0,1137.27705180645,0,"[""/usr/bin/python3"", ""/home/arjaiswal/Polygeist/scripts/correctness/kernel_match_rewrite.py"", ""/home/arjaiswal/Polygeist/issues/aten_c_kernels/results/aten_softshrink/debuf.mlir"", ""--dry-run"", ""--matcher-mode"", ""egglog"", ""--telemetry-json"", ""/home/arjaiswal/Polygeist/issues/equality_saturation_eval/campaign_20260908/aten-aten_softshrink-egglog-wpeit2z6.json"", ""--disable-semantic-fallback""]","== match report for /home/arjaiswal/Polygeist/issues/aten_c_kernels/results/aten_softshrink/debuf.mlir ==
  match          body#[0]  cudnnPointwiseGraph_f32
  total: 1 matched / 1 bodies
",0,[],0,0,0,0,/home/arjaiswal/Polygeist/issues/aten_c_kernels/results/aten_softshrink/debuf.mlir,2113,8,1,1,726.8987707793713,0,67004,0.0,0,0,0,0,"[{""body_indices"": [0], ""symbol"": ""cudnnPointwiseGraph_f32""}]",1,0,0,0.0,56
aten,aten_softshrink,/home/arjaiswal/Polygeist/issues/aten_c_kernels/results/aten_softshrink/debuf.mlir,119cb874b711a6e850799def27a724709d47f3d88402c77fb5fbb6e1bd6b953c,syntactic,3,ok,0,1118.125930428505,0,"[""/usr/bin/python3"", ""/home/arjaiswal/Polygeist/scripts/correctness/kernel_match_rewrite.py"", ""/home/arjaiswal/Polygeist/issues/aten_c_kernels/results/aten_softshrink/debuf.mlir"", ""--dry-run"", ""--matcher-mode"", ""syntactic"", ""--telemetry-json"", ""/home/arjaiswal/Polygeist/issues/equality_saturation_eval/campaign_20260908/aten-aten_softshrink-syntactic-rz80cvuu.json"", ""--disable-semantic-fallback""]","== match report for /home/arjaiswal/Polygeist/issues/aten_c_kernels/results/aten_softshrink/debuf.mlir ==
  match          body#[0]  cudnnPointwiseGraph_f32
  total: 1 matched / 1 bodies
",0,[],0,0,0,0,/home/arjaiswal/Polygeist/issues/aten_c_kernels/results/aten_softshrink/debuf.mlir,2113,0,1,1,696.4422725141048,0,67028,0.1634731888771057,0,0,0,0,"[{""body_indices"": [0], ""symbol"": ""cudnnPointwiseGraph_f32""}]",1,0,56,0.0,56
aten,aten_softshrink,/home/arjaiswal/Polygeist/issues/aten_c_kernels/results/aten_softshrink/debuf.mlir,119cb874b711a6e850799def27a724709d47f3d88402c77fb5fbb6e1bd6b953c,syntactic,4,ok,0,1141.9382579624653,0,"[""/usr/bin/python3"", ""/home/arjaiswal/Polygeist/scripts/correctness/kernel_match_rewrite.py"", ""/home/arjaiswal/Polygeist/issues/aten_c_kernels/results/aten_softshrink/debuf.mlir"", ""--dry-run"", ""--matcher-mode"", ""syntactic"", ""--telemetry-json"", ""/home/arjaiswal/Polygeist/issues/equality_saturation_eval/campaign_20260908/aten-aten_softshrink-syntactic-2qakaa5e.json"", ""--disable-semantic-fallback""]","== match report for /home/arjaiswal/Polygeist/issues/aten_c_kernels/results/aten_softshrink/debuf.mlir ==
  match          body#[0]  cudnnPointwiseGraph_f32
  total: 1 matched / 1 bodies
",0,[],0,0,0,0,/home/arjaiswal/Polygeist/issues/aten_c_kernels/results/aten_softshrink/debuf.mlir,2113,0,1,1,726.7700582742691,0,67144,0.15852972865104675,0,0,0,0,"[{""body_indices"": [0], ""symbol"": ""cudnnPointwiseGraph_f32""}]",1,0,56,0.0,56
aten,aten_softshrink,/home/arjaiswal/Polygeist/issues/aten_c_kernels/results/aten_softshrink/debuf.mlir,119cb874b711a6e850799def27a724709d47f3d88402c77fb5fbb6e1bd6b953c,egglog,4,ok,0,1206.9778926670551,0,"[""/usr/bin/python3"", ""/home/arjaiswal/Polygeist/scripts/correctness/kernel_match_rewrite.py"", ""/home/arjaiswal/Polygeist/issues/aten_c_kernels/results/aten_softshrink/debuf.mlir"", ""--dry-run"", ""--matcher-mode"", ""egglog"", ""--telemetry-json"", ""/home/arjaiswal/Polygeist/issues/equality_saturation_eval/campaign_20260908/aten-aten_softshrink-egglog-kcveyo3z.json"", ""--disable-semantic-fallback""]","== match report for /home/arjaiswal/Polygeist/issues/aten_c_kernels/results/aten_softshrink/debuf.mlir ==
  match          body#[0]  cudnnPointwiseGraph_f32
  total: 1 matched / 1 bodies
",0,[],0,0,0,0,/home/arjaiswal/Polygeist/issues/aten_c_kernels/results/aten_softshrink/debuf.mlir,2113,8,1,1,780.2329547703266,0,67000,0.0,0,0,0,0,"[{""body_indices"": [0], ""symbol"": ""cudnnPointwiseGraph_f32""}]",1,0,0,0.0,56
aten,aten_softshrink,/home/arjaiswal/Polygeist/issues/aten_c_kernels/results/aten_softshrink/debuf.mlir,119cb874b711a6e850799def27a724709d47f3d88402c77fb5fbb6e1bd6b953c,egglog,5,ok,0,1132.096130400896,0,"[""/usr/bin/python3"", ""/home/arjaiswal/Polygeist/scripts/correctness/kernel_match_rewrite.py"", ""/home/arjaiswal/Polygeist/issues/aten_c_kernels/results/aten_softshrink/debuf.mlir"", ""--dry-run"", ""--matcher-mode"", ""egglog"", ""--telemetry-json"", ""/home/arjaiswal/Polygeist/issues/equality_saturation_eval/campaign_20260908/aten-aten_softshrink-egglog-oeesso01.json"", ""--disable-semantic-fallback""]","== match report for /home/arjaiswal/Polygeist/issues/aten_c_kernels/results/aten_softshrink/debuf.mlir ==
  match          body#[0]  cudnnPointwiseGraph_f32
  total: 1 matched / 1 bodies
",0,[],0,0,0,0,/home/arjaiswal/Polygeist/issues/aten_c_kernels/results/aten_softshrink/debuf.mlir,2113,8,1,1,719.565749168396,0,66960,0.0,0,0,0,0,"[{""body_indices"": [0], ""symbol"": ""cudnnPointwiseGraph_f32""}]",1,0,0,0.0,56
aten,aten_softshrink,/home/arjaiswal/Polygeist/issues/aten_c_kernels/results/aten_softshrink/debuf.mlir,119cb874b711a6e850799def27a724709d47f3d88402c77fb5fbb6e1bd6b953c,syntactic,5,ok,0,1091.794565320015,0,"[""/usr/bin/python3"", ""/home/arjaiswal/Polygeist/scripts/correctness/kernel_match_rewrite.py"", ""/home/arjaiswal/Polygeist/issues/aten_c_kernels/results/aten_softshrink/debuf.mlir"", ""--dry-run"", ""--matcher-mode"", ""syntactic"", ""--telemetry-json"", ""/home/arjaiswal/Polygeist/issues/equality_saturation_eval/campaign_20260908/aten-aten_softshrink-syntactic-liasf93d.json"", ""--disable-semantic-fallback""]","== match report for /home/arjaiswal/Polygeist/issues/aten_c_kernels/results/aten_softshrink/debuf.mlir ==
  match          body#[0]  cudnnPointwiseGraph_f32
  total: 1 matched / 1 bodies
",0,[],0,0,0,0,/home/arjaiswal/Polygeist/issues/aten_c_kernels/results/aten_softshrink/debuf.mlir,2113,0,1,1,698.7732350826263,0,67036,0.16138330101966858,0,0,0,0,"[{""body_indices"": [0], ""symbol"": ""cudnnPointwiseGraph_f32""}]",1,0,56,0.0,56
aten,aten_sort_cpu,/home/arjaiswal/Polygeist/issues/aten_c_kernels/results/aten_sort_cpu/debuf.mlir,ddbb4ace83fe9ebf7ca705bc3aeffdf4fa7aeaaa11000bd1e0fb9cf48a677a44,syntactic,1,ok,0,793.7361896038055,0,"[""/usr/bin/python3"", ""/home/arjaiswal/Polygeist/scripts/correctness/kernel_match_rewrite.py"", ""/home/arjaiswal/Polygeist/issues/aten_c_kernels/results/aten_sort_cpu/debuf.mlir"", ""--dry-run"", ""--matcher-mode"", ""syntactic"", ""--telemetry-json"", ""/home/arjaiswal/Polygeist/issues/equality_saturation_eval/campaign_20260908/aten-aten_sort_cpu-syntactic-3afr7c7z.json"", ""--disable-semantic-fallback""]","== match report for /home/arjaiswal/Polygeist/issues/aten_c_kernels/results/aten_sort_cpu/debuf.mlir ==
  match          body#[0]  cudaCopy2D_f32_tensor
  no_match       body#1  ?
  total: 1 matched / 2 bodies
",0,[],0,0,0,0,/home/arjaiswal/Polygeist/issues/aten_c_kernels/results/aten_sort_cpu/debuf.mlir,5902,0,2,1,385.890930891037,1,65688,0.1378953456878662,0,2,0,0,"[{""body_indices"": [0], ""symbol"": ""cudaCopy2D_f32_tensor""}]",1,0,54,0.0,54
aten,aten_sort_cpu,/home/arjaiswal/Polygeist/issues/aten_c_kernels/results/aten_sort_cpu/debuf.mlir,ddbb4ace83fe9ebf7ca705bc3aeffdf4fa7aeaaa11000bd1e0fb9cf48a677a44,egglog,1,ok,0,851.3060249388218,0,"[""/usr/bin/python3"", ""/home/arjaiswal/Polygeist/scripts/correctness/kernel_match_rewrite.py"", ""/home/arjaiswal/Polygeist/issues/aten_c_kernels/results/aten_sort_cpu/debuf.mlir"", ""--dry-run"", ""--matcher-mode"", ""egglog"", ""--telemetry-json"", ""/home/arjaiswal/Polygeist/issues/equality_saturation_eval/campaign_20260908/aten-aten_sort_cpu-egglog-nujhmgjw.json"", ""--disable-semantic-fallback""]","== match report for /home/arjaiswal/Polygeist/issues/aten_c_kernels/results/aten_sort_cpu/debuf.mlir ==
  match          body#[0]  cudaCopy2D_f32_tensor
  no_match       body#1  ?
  total: 1 matched / 2 bodies
",0,[],0,0,0,0,/home/arjaiswal/Polygeist/issues/aten_c_kernels/results/aten_sort_cpu/debuf.mlir,5902,8,2,1,433.57254937291145,1,69776,22.593937814235687,2,2,0,0,"[{""body_indices"": [0], ""symbol"": ""cudaCopy2D_f32_tensor""}]",1,0,0,0.0,54
aten,aten_sort_cpu,/home/arjaiswal/Polygeist/issues/aten_c_kernels/results/aten_sort_cpu/debuf.mlir,ddbb4ace83fe9ebf7ca705bc3aeffdf4fa7aeaaa11000bd1e0fb9cf48a677a44,egglog,2,ok,0,906.7670628428459,0,"[""/usr/bin/python3"", ""/home/arjaiswal/Polygeist/scripts/correctness/kernel_match_rewrite.py"", ""/home/arjaiswal/Polygeist/issues/aten_c_kernels/results/aten_sort_cpu/debuf.mlir"", ""--dry-run"", ""--matcher-mode"", ""egglog"", ""--telemetry-json"", ""/home/arjaiswal/Polygeist/issues/equality_saturation_eval/campaign_20260908/aten-aten_sort_cpu-egglog-122sbno3.json"", ""--disable-semantic-fallback""]","== match report for /home/arjaiswal/Polygeist/issues/aten_c_kernels/results/aten_sort_cpu/debuf.mlir ==
  match          body#[0]  cudaCopy2D_f32_tensor
  no_match       body#1  ?
  total: 1 matched / 2 bodies
",0,[],0,0,0,0,/home/arjaiswal/Polygeist/issues/aten_c_kernels/results/aten_sort_cpu/debuf.mlir,5902,8,2,1,464.5477347075939,1,69608,26.06620267033577,2,2,0,0,"[{""body_indices"": [0], ""symbol"": ""cudaCopy2D_f32_tensor""}]",1,0,0,0.0,54
aten,aten_sort_cpu,/home/arjaiswal/Polygeist/issues/aten_c_kernels/results/aten_sort_cpu/debuf.mlir,ddbb4ace83fe9ebf7ca705bc3aeffdf4fa7aeaaa11000bd1e0fb9cf48a677a44,syntactic,2,ok,0,947.1950605511665,0,"[""/usr/bin/python3"", ""/home/arjaiswal/Polygeist/scripts/correctness/kernel_match_rewrite.py"", ""/home/arjaiswal/Polygeist/issues/aten_c_kernels/results/aten_sort_cpu/debuf.mlir"", ""--dry-run"", ""--matcher-mode"", ""syntactic"", ""--telemetry-json"", ""/home/arjaiswal/Polygeist/issues/equality_saturation_eval/campaign_20260908/aten-aten_sort_cpu-syntactic-5icjiwlj.json"", ""--disable-semantic-fallback""]","== match report for /home/arjaiswal/Polygeist/issues/aten_c_kernels/results/aten_sort_cpu/debuf.mlir ==
  match          body#[0]  cudaCopy2D_f32_tensor
  no_match       body#1  ?
  total: 1 matched / 2 bodies
",0,[],0,0,0,0,/home/arjaiswal/Polygeist/issues/aten_c_kernels/results/aten_sort_cpu/debuf.mlir,5902,0,2,1,446.0836388170719,1,65864,0.16480311751365662,0,2,0,0,"[{""body_indices"": [0], ""symbol"": ""cudaCopy2D_f32_tensor""}]",1,0,54,0.0,54
aten,aten_sort_cpu,/home/arjaiswal/Polygeist/issues/aten_c_kernels/results/aten_sort_cpu/debuf.mlir,ddbb4ace83fe9ebf7ca705bc3aeffdf4fa7aeaaa11000bd1e0fb9cf48a677a44,syntactic,3,ok,0,847.3135195672512,0,"[""/usr/bin/python3"", ""/home/arjaiswal/Polygeist/scripts/correctness/kernel_match_rewrite.py"", ""/home/arjaiswal/Polygeist/issues/aten_c_kernels/results/aten_sort_cpu/debuf.mlir"", ""--dry-run"", ""--matcher-mode"", ""syntactic"", ""--telemetry-json"", ""/home/arjaiswal/Polygeist/issues/equality_saturation_eval/campaign_20260908/aten-aten_sort_cpu-syntactic-rxtrifyj.json"", ""--disable-semantic-fallback""]","== match report for /home/arjaiswal/Polygeist/issues/aten_c_kernels/results/aten_sort_cpu/debuf.mlir ==
  match          body#[0]  cudaCopy2D_f32_tensor
  no_match       body#1  ?
  total: 1 matched / 2 bodies
",0,[],0,0,0,0,/home/arjaiswal/Polygeist/issues/aten_c_kernels/results/aten_sort_cpu/debuf.mlir,5902,0,2,1,400.9094163775444,1,66152,0.13738498091697693,0,2,0,0,"[{""body_indices"": [0], ""symbol"": ""cudaCopy2D_f32_tensor""}]",1,0,54,0.0,54
aten,aten_sort_cpu,/home/arjaiswal/Polygeist/issues/aten_c_kernels/results/aten_sort_cpu/debuf.mlir,ddbb4ace83fe9ebf7ca705bc3aeffdf4fa7aeaaa11000bd1e0fb9cf48a677a44,egglog,3,ok,0,879.9637071788311,0,"[""/usr/bin/python3"", ""/home/arjaiswal/Polygeist/scripts/correctness/kernel_match_rewrite.py"", ""/home/arjaiswal/Polygeist/issues/aten_c_kernels/results/aten_sort_cpu/debuf.mlir"", ""--dry-run"", ""--matcher-mode"", ""egglog"", ""--telemetry-json"", ""/home/arjaiswal/Polygeist/issues/equality_saturation_eval/campaign_20260908/aten-aten_sort_cpu-egglog-gg64r2xl.json"", ""--disable-semantic-fallback""]","== match report for /home/arjaiswal/Polygeist/issues/aten_c_kernels/results/aten_sort_cpu/debuf.mlir ==
  match          body#[0]  cudaCopy2D_f32_tensor
  no_match       body#1  ?
  total: 1 matched / 2 bodies
",0,[],0,0,0,0,/home/arjaiswal/Polygeist/issues/aten_c_kernels/results/aten_sort_cpu/debuf.mlir,5902,8,2,1,442.4699991941452,1,69680,21.3012732565403,2,2,0,0,"[{""body_indices"": [0], ""symbol"": ""cudaCopy2D_f32_tensor""}]",1,0,0,0.0,54
aten,aten_sort_cpu,/home/arjaiswal/Polygeist/issues/aten_c_kernels/results/aten_sort_cpu/debuf.mlir,ddbb4ace83fe9ebf7ca705bc3aeffdf4fa7aeaaa11000bd1e0fb9cf48a677a44,egglog,4,ok,0,1885.8590945601463,0,"[""/usr/bin/python3"", ""/home/arjaiswal/Polygeist/scripts/correctness/kernel_match_rewrite.py"", ""/home/arjaiswal/Polygeist/issues/aten_c_kernels/results/aten_sort_cpu/debuf.mlir"", ""--dry-run"", ""--matcher-mode"", ""egglog"", ""--telemetry-json"", ""/home/arjaiswal/Polygeist/issues/equality_saturation_eval/campaign_20260908/aten-aten_sort_cpu-egglog-i67patsi.json"", ""--disable-semantic-fallback""]","== match report for /home/arjaiswal/Polygeist/issues/aten_c_kernels/results/aten_sort_cpu/debuf.mlir ==
  match          body#[0]  cudaCopy2D_f32_tensor
  no_match       body#1  ?
  total: 1 matched / 2 bodies
",0,[],0,0,0,0,/home/arjaiswal/Polygeist/issues/aten_c_kernels/results/aten_sort_cpu/debuf.mlir,5902,8,2,1,973.8419987261295,1,69828,57.060275226831436,2,2,0,0,"[{""body_indices"": [0], ""symbol"": ""cudaCopy2D_f32_tensor""}]",1,0,0,0.0,54
aten,aten_sort_cpu,/home/arjaiswal/Polygeist/issues/aten_c_kernels/results/aten_sort_cpu/debuf.mlir,ddbb4ace83fe9ebf7ca705bc3aeffdf4fa7aeaaa11000bd1e0fb9cf48a677a44,syntactic,4,ok,0,1819.4662816822529,0,"[""/usr/bin/python3"", ""/home/arjaiswal/Polygeist/scripts/correctness/kernel_match_rewrite.py"", ""/home/arjaiswal/Polygeist/issues/aten_c_kernels/results/aten_sort_cpu/debuf.mlir"", ""--dry-run"", ""--matcher-mode"", ""syntactic"", ""--telemetry-json"", ""/home/arjaiswal/Polygeist/issues/equality_saturation_eval/campaign_20260908/aten-aten_sort_cpu-syntactic-5kc2vmok.json"", ""--disable-semantic-fallback""]","== match report for /home/arjaiswal/Polygeist/issues/aten_c_kernels/results/aten_sort_cpu/debuf.mlir ==
  match          body#[0]  cudaCopy2D_f32_tensor
  no_match       body#1  ?
  total: 1 matched / 2 bodies
",0,[],0,0,0,0,/home/arjaiswal/Polygeist/issues/aten_c_kernels/results/aten_sort_cpu/debuf.mlir,5902,0,2,1,809.6209093928337,1,66132,0.15692412853240967,0,2,0,0,"[{""body_indices"": [0], ""symbol"": ""cudaCopy2D_f32_tensor""}]",1,0,54,0.0,54
aten,aten_sort_cpu,/home/arjaiswal/Polygeist/issues/aten_c_kernels/results/aten_sort_cpu/debuf.mlir,ddbb4ace83fe9ebf7ca705bc3aeffdf4fa7aeaaa11000bd1e0fb9cf48a677a44,syntactic,5,ok,0,1737.8278151154518,0,"[""/usr/bin/python3"", ""/home/arjaiswal/Polygeist/scripts/correctness/kernel_match_rewrite.py"", ""/home/arjaiswal/Polygeist/issues/aten_c_kernels/results/aten_sort_cpu/debuf.mlir"", ""--dry-run"", ""--matcher-mode"", ""syntactic"", ""--telemetry-json"", ""/home/arjaiswal/Polygeist/issues/equality_saturation_eval/campaign_20260908/aten-aten_sort_cpu-syntactic-urehjjbz.json"", ""--disable-semantic-fallback""]","== match report for /home/arjaiswal/Polygeist/issues/aten_c_kernels/results/aten_sort_cpu/debuf.mlir ==
  match          body#[0]  cudaCopy2D_f32_tensor
  no_match       body#1  ?
  total: 1 matched / 2 bodies
",0,[],0,0,0,0,/home/arjaiswal/Polygeist/issues/aten_c_kernels/results/aten_sort_cpu/debuf.mlir,5902,0,2,1,810.5965107679367,1,65792,0.1802779734134674,0,2,0,0,"[{""body_indices"": [0], ""symbol"": ""cudaCopy2D_f32_tensor""}]",1,0,54,0.0,54
aten,aten_sort_cpu,/home/arjaiswal/Polygeist/issues/aten_c_kernels/results/aten_sort_cpu/debuf.mlir,ddbb4ace83fe9ebf7ca705bc3aeffdf4fa7aeaaa11000bd1e0fb9cf48a677a44,egglog,5,ok,0,1600.8922159671783,0,"[""/usr/bin/python3"", ""/home/arjaiswal/Polygeist/scripts/correctness/kernel_match_rewrite.py"", ""/home/arjaiswal/Polygeist/issues/aten_c_kernels/results/aten_sort_cpu/debuf.mlir"", ""--dry-run"", ""--matcher-mode"", ""egglog"", ""--telemetry-json"", ""/home/arjaiswal/Polygeist/issues/equality_saturation_eval/campaign_20260908/aten-aten_sort_cpu-egglog-_etu9p68.json"", ""--disable-semantic-fallback""]","== match report for /home/arjaiswal/Polygeist/issues/aten_c_kernels/results/aten_sort_cpu/debuf.mlir ==
  match          body#[0]  cudaCopy2D_f32_tensor
  no_match       body#1  ?
  total: 1 matched / 2 bodies
",0,[],0,0,0,0,/home/arjaiswal/Polygeist/issues/aten_c_kernels/results/aten_sort_cpu/debuf.mlir,5902,8,2,1,687.0192140340805,1,69740,22.61330932378769,2,2,0,0,"[{""body_indices"": [0], ""symbol"": ""cudaCopy2D_f32_tensor""}]",1,0,0,0.0,54
aten,aten_sparse_add_values_cpu,/home/arjaiswal/Polygeist/issues/aten_c_kernels/results/aten_sparse_add_values_cpu/debuf.mlir,80d83c7248a7716718bd92bf5e072a5de2b039346efd09c1f6a598db1ba054c4,egglog,1,ok,0,1880.9651918709278,0,"[""/usr/bin/python3"", ""/home/arjaiswal/Polygeist/scripts/correctness/kernel_match_rewrite.py"", ""/home/arjaiswal/Polygeist/issues/aten_c_kernels/results/aten_sparse_add_values_cpu/debuf.mlir"", ""--dry-run"", ""--matcher-mode"", ""egglog"", ""--telemetry-json"", ""/home/arjaiswal/Polygeist/issues/equality_saturation_eval/campaign_20260908/aten-aten_sparse_add_values_cpu-egglog-5zibmsgv.json"", ""--disable-semantic-fallback""]","== match report for /home/arjaiswal/Polygeist/issues/aten_c_kernels/results/aten_sparse_add_values_cpu/debuf.mlir ==
  match          body#[0]  cudnnPointwiseGraph_f32
  total: 1 matched / 1 bodies
",0,[],0,0,0,0,/home/arjaiswal/Polygeist/issues/aten_c_kernels/results/aten_sparse_add_values_cpu/debuf.mlir,1951,8,1,1,788.9734953641891,0,65512,0.0,0,0,0,0,"[{""body_indices"": [0], ""symbol"": ""cudnnPointwiseGraph_f32""}]",1,0,0,0.0,6
aten,aten_sparse_add_values_cpu,/home/arjaiswal/Polygeist/issues/aten_c_kernels/results/aten_sparse_add_values_cpu/debuf.mlir,80d83c7248a7716718bd92bf5e072a5de2b039346efd09c1f6a598db1ba054c4,syntactic,1,ok,0,1148.0274461209774,0,"[""/usr/bin/python3"", ""/home/arjaiswal/Polygeist/scripts/correctness/kernel_match_rewrite.py"", ""/home/arjaiswal/Polygeist/issues/aten_c_kernels/results/aten_sparse_add_values_cpu/debuf.mlir"", ""--dry-run"", ""--matcher-mode"", ""syntactic"", ""--telemetry-json"", ""/home/arjaiswal/Polygeist/issues/equality_saturation_eval/campaign_20260908/aten-aten_sparse_add_values_cpu-syntactic-s3mjhs6g.json"", ""--disable-semantic-fallback""]","== match report for /home/arjaiswal/Polygeist/issues/aten_c_kernels/results/aten_sparse_add_values_cpu/debuf.mlir ==
  match          body#[0]  cudnnPointwiseGraph_f32
  total: 1 matched / 1 bodies
",0,[],0,0,0,0,/home/arjaiswal/Polygeist/issues/aten_c_kernels/results/aten_sparse_add_values_cpu/debuf.mlir,1951,0,1,1,509.47126001119614,0,65684,0.03433600068092346,0,0,0,0,"[{""body_indices"": [0], ""symbol"": ""cudnnPointwiseGraph_f32""}]",1,0,6,0.0,6
aten,aten_sparse_add_values_cpu,/home/arjaiswal/Polygeist/issues/aten_c_kernels/results/aten_sparse_add_values_cpu/debuf.mlir,80d83c7248a7716718bd92bf5e072a5de2b039346efd09c1f6a598db1ba054c4,syntactic,2,ok,0,869.9724413454533,0,"[""/usr/bin/python3"", ""/home/arjaiswal/Polygeist/scripts/correctness/kernel_match_rewrite.py"", ""/home/arjaiswal/Polygeist/issues/aten_c_kernels/results/aten_sparse_add_values_cpu/debuf.mlir"", ""--dry-run"", ""--matcher-mode"", ""syntactic"", ""--telemetry-json"", ""/home/arjaiswal/Polygeist/issues/equality_saturation_eval/campaign_20260908/aten-aten_sparse_add_values_cpu-syntactic-7zzhwjc7.json"", ""--disable-semantic-fallback""]","== match report for /home/arjaiswal/Polygeist/issues/aten_c_kernels/results/aten_sparse_add_values_cpu/debuf.mlir ==
  match          body#[0]  cudnnPointwiseGraph_f32
  total: 1 matched / 1 bodies
",0,[],0,0,0,0,/home/arjaiswal/Polygeist/issues/aten_c_kernels/results/aten_sparse_add_values_cpu/debuf.mlir,1951,0,1,1,326.8365003168583,0,65816,0.031892210245132446,0,0,0,0,"[{""body_indices"": [0], ""symbol"": ""cudnnPointwiseGraph_f32""}]",1,0,6,0.0,6
aten,aten_sparse_add_values_cpu,/home/arjaiswal/Polygeist/issues/aten_c_kernels/results/aten_sparse_add_values_cpu/debuf.mlir,80d83c7248a7716718bd92bf5e072a5de2b039346efd09c1f6a598db1ba054c4,egglog,2,ok,0,1114.0456832945347,0,"[""/usr/bin/python3"", ""/home/arjaiswal/Polygeist/scripts/correctness/kernel_match_rewrite.py"", ""/home/arjaiswal/Polygeist/issues/aten_c_kernels/results/aten_sparse_add_values_cpu/debuf.mlir"", ""--dry-run"", ""--matcher-mode"", ""egglog"", ""--telemetry-json"", ""/home/arjaiswal/Polygeist/issues/equality_saturation_eval/campaign_20260908/aten-aten_sparse_add_values_cpu-egglog-gul9wgbg.json"", ""--disable-semantic-fallback""]","== match report for /home/arjaiswal/Polygeist/issues/aten_c_kernels/results/aten_sparse_add_values_cpu/debuf.mlir ==
  match          body#[0]  cudnnPointwiseGraph_f32
  total: 1 matched / 1 bodies
",0,[],0,0,0,0,/home/arjaiswal/Polygeist/issues/aten_c_kernels/results/aten_sparse_add_values_cpu/debuf.mlir,1951,8,1,1,552.701473236084,0,65724,0.0,0,0,0,0,"[{""body_indices"": [0], ""symbol"": ""cudnnPointwiseGraph_f32""}]",1,0,0,0.0,6
aten,aten_sparse_add_values_cpu,/home/arjaiswal/Polygeist/issues/aten_c_kernels/results/aten_sparse_add_values_cpu/debuf.mlir,80d83c7248a7716718bd92bf5e072a5de2b039346efd09c1f6a598db1ba054c4,egglog,3,ok,0,1679.389949887991,0,"[""/usr/bin/python3"", ""/home/arjaiswal/Polygeist/scripts/correctness/kernel_match_rewrite.py"", ""/home/arjaiswal/Polygeist/issues/aten_c_kernels/results/aten_sparse_add_values_cpu/debuf.mlir"", ""--dry-run"", ""--matcher-mode"", ""egglog"", ""--telemetry-json"", ""/home/arjaiswal/Polygeist/issues/equality_saturation_eval/campaign_20260908/aten-aten_sparse_add_values_cpu-egglog-_najr4ey.json"", ""--disable-semantic-fallback""]","== match report for /home/arjaiswal/Polygeist/issues/aten_c_kernels/results/aten_sparse_add_values_cpu/debuf.mlir ==
  match          body#[0]  cudnnPointwiseGraph_f32
  total: 1 matched / 1 bodies
",0,[],0,0,0,0,/home/arjaiswal/Polygeist/issues/aten_c_kernels/results/aten_sparse_add_values_cpu/debuf.mlir,1951,8,1,1,688.7301467359066,0,65688,0.0,0,0,0,0,"[{""body_indices"": [0], ""symbol"": ""cudnnPointwiseGraph_f32""}]",1,0,0,0.0,6
aten,aten_sparse_add_values_cpu,/home/arjaiswal/Polygeist/issues/aten_c_kernels/results/aten_sparse_add_values_cpu/debuf.mlir,80d83c7248a7716718bd92bf5e072a5de2b039346efd09c1f6a598db1ba054c4,syntactic,3,ok,0,1554.1371814906597,0,"[""/usr/bin/python3"", ""/home/arjaiswal/Polygeist/scripts/correctness/kernel_match_rewrite.py"", ""/home/arjaiswal/Polygeist/issues/aten_c_kernels/results/aten_sparse_add_values_cpu/debuf.mlir"", ""--dry-run"", ""--matcher-mode"", ""syntactic"", ""--telemetry-json"", ""/home/arjaiswal/Polygeist/issues/equality_saturation_eval/campaign_20260908/aten-aten_sparse_add_values_cpu-syntactic-cblso428.json"", ""--disable-semantic-fallback""]","== match report for /home/arjaiswal/Polygeist/issues/aten_c_kernels/results/aten_sparse_add_values_cpu/debuf.mlir ==
  match          body#[0]  cudnnPointwiseGraph_f32
  total: 1 matched / 1 bodies
",0,[],0,0,0,0,/home/arjaiswal/Polygeist/issues/aten_c_kernels/results/aten_sparse_add_values_cpu/debuf.mlir,1951,0,1,1,627.4834908545017,0,65556,0.03528967499732971,0,0,0,0,"[{""body_indices"": [0], ""symbol"": ""cudnnPointwiseGraph_f32""}]",1,0,6,0.0,6
aten,aten_sparse_add_values_cpu,/home/arjaiswal/Polygeist/issues/aten_c_kernels/results/aten_sparse_add_values_cpu/debuf.mlir,80d83c7248a7716718bd92bf5e072a5de2b039346efd09c1f6a598db1ba054c4,syntactic,4,ok,0,1021.3603675365448,0,"[""/usr/bin/python3"", ""/home/arjaiswal/Polygeist/scripts/correctness/kernel_match_rewrite.py"", ""/home/arjaiswal/Polygeist/issues/aten_c_kernels/results/aten_sparse_add_values_cpu/debuf.mlir"", ""--dry-run"", ""--matcher-mode"", ""syntactic"", ""--telemetry-json"", ""/home/arjaiswal/Polygeist/issues/equality_saturation_eval/campaign_20260908/aten-aten_sparse_add_values_cpu-syntactic-mhedx0xd.json"", ""--disable-semantic-fallback""]","== match report for /home/arjaiswal/Polygeist/issues/aten_c_kernels/results/aten_sparse_add_values_cpu/debuf.mlir ==
  match          body#[0]  cudnnPointwiseGraph_f32
  total: 1 matched / 1 bodies
",0,[],0,0,0,0,/home/arjaiswal/Polygeist/issues/aten_c_kernels/results/aten_sparse_add_values_cpu/debuf.mlir,1951,0,1,1,403.3066891133785,0,65644,0.03207847476005554,0,0,0,0,"[{""body_indices"": [0], ""symbol"": ""cudnnPointwiseGraph_f32""}]",1,0,6,0.0,6
aten,aten_sparse_add_values_cpu,/home/arjaiswal/Polygeist/issues/aten_c_kernels/results/aten_sparse_add_values_cpu/debuf.mlir,80d83c7248a7716718bd92bf5e072a5de2b039346efd09c1f6a598db1ba054c4,egglog,4,ok,0,1444.9074231088161,0,"[""/usr/bin/python3"", ""/home/arjaiswal/Polygeist/scripts/correctness/kernel_match_rewrite.py"", ""/home/arjaiswal/Polygeist/issues/aten_c_kernels/results/aten_sparse_add_values_cpu/debuf.mlir"", ""--dry-run"", ""--matcher-mode"", ""egglog"", ""--telemetry-json"", ""/home/arjaiswal/Polygeist/issues/equality_saturation_eval/campaign_20260908/aten-aten_sparse_add_values_cpu-egglog-ji85r7gn.json"", ""--disable-semantic-fallback""]","== match report for /home/arjaiswal/Polygeist/issues/aten_c_kernels/results/aten_sparse_add_values_cpu/debuf.mlir ==
  match          body#[0]  cudnnPointwiseGraph_f32
  total: 1 matched / 1 bodies
",0,[],0,0,0,0,/home/arjaiswal/Polygeist/issues/aten_c_kernels/results/aten_sparse_add_values_cpu/debuf.mlir,1951,8,1,1,739.0088811516762,0,65708,0.0,0,0,0,0,"[{""body_indices"": [0], ""symbol"": ""cudnnPointwiseGraph_f32""}]",1,0,0,0.0,6
aten,aten_sparse_add_values_cpu,/home/arjaiswal/Polygeist/issues/aten_c_kernels/results/aten_sparse_add_values_cpu/debuf.mlir,80d83c7248a7716718bd92bf5e072a5de2b039346efd09c1f6a598db1ba054c4,egglog,5,ok,0,1700.9922191500664,0,"[""/usr/bin/python3"", ""/home/arjaiswal/Polygeist/scripts/correctness/kernel_match_rewrite.py"", ""/home/arjaiswal/Polygeist/issues/aten_c_kernels/results/aten_sparse_add_values_cpu/debuf.mlir"", ""--dry-run"", ""--matcher-mode"", ""egglog"", ""--telemetry-json"", ""/home/arjaiswal/Polygeist/issues/equality_saturation_eval/campaign_20260908/aten-aten_sparse_add_values_cpu-egglog-11_kb2e5.json"", ""--disable-semantic-fallback""]","== match report for /home/arjaiswal/Polygeist/issues/aten_c_kernels/results/aten_sparse_add_values_cpu/debuf.mlir ==
  match          body#[0]  cudnnPointwiseGraph_f32
  total: 1 matched / 1 bodies
",0,[],0,0,0,0,/home/arjaiswal/Polygeist/issues/aten_c_kernels/results/aten_sparse_add_values_cpu/debuf.mlir,1951,8,1,1,659.8734445869923,0,65800,0.0,0,0,0,0,"[{""body_indices"": [0], ""symbol"": ""cudnnPointwiseGraph_f32""}]",1,0,0,0.0,6
aten,aten_sparse_add_values_cpu,/home/arjaiswal/Polygeist/issues/aten_c_kernels/results/aten_sparse_add_values_cpu/debuf.mlir,80d83c7248a7716718bd92bf5e072a5de2b039346efd09c1f6a598db1ba054c4,syntactic,5,ok,0,1739.2447106540203,0,"[""/usr/bin/python3"", ""/home/arjaiswal/Polygeist/scripts/correctness/kernel_match_rewrite.py"", ""/home/arjaiswal/Polygeist/issues/aten_c_kernels/results/aten_sparse_add_values_cpu/debuf.mlir"", ""--dry-run"", ""--matcher-mode"", ""syntactic"", ""--telemetry-json"", ""/home/arjaiswal/Polygeist/issues/equality_saturation_eval/campaign_20260908/aten-aten_sparse_add_values_cpu-syntactic-t9flonu0.json"", ""--disable-semantic-fallback""]","== match report for /home/arjaiswal/Polygeist/issues/aten_c_kernels/results/aten_sparse_add_values_cpu/debuf.mlir ==
  match          body#[0]  cudnnPointwiseGraph_f32
  total: 1 matched / 1 bodies
",0,[],0,0,0,0,/home/arjaiswal/Polygeist/issues/aten_c_kernels/results/aten_sparse_add_values_cpu/debuf.mlir,1951,0,1,1,693.2977102696896,0,65580,0.0350363552570343,0,0,0,0,"[{""body_indices"": [0], ""symbol"": ""cudnnPointwiseGraph_f32""}]",1,0,6,0.0,6
aten,aten_sparse_addmm_cpu,/home/arjaiswal/Polygeist/issues/aten_c_kernels/results/aten_sparse_addmm_cpu/debuf.mlir,242b19e33f2e41a0921d53486d01671d404b2e67a87cb358958ce95e62601a9d,syntactic,1,ok,0,1779.0922746062279,0,"[""/usr/bin/python3"", ""/home/arjaiswal/Polygeist/scripts/correctness/kernel_match_rewrite.py"", ""/home/arjaiswal/Polygeist/issues/aten_c_kernels/results/aten_sparse_addmm_cpu/debuf.mlir"", ""--dry-run"", ""--matcher-mode"", ""syntactic"", ""--telemetry-json"", ""/home/arjaiswal/Polygeist/issues/equality_saturation_eval/campaign_20260908/aten-aten_sparse_addmm_cpu-syntactic-hnclblh4.json"", ""--disable-semantic-fallback""]","== match report for /home/arjaiswal/Polygeist/issues/aten_c_kernels/results/aten_sparse_addmm_cpu/debuf.mlir ==
  match          body#[0]  memset_zero_2D_f32
  total: 1 matched / 1 bodies
",0,[],0,0,0,0,/home/arjaiswal/Polygeist/issues/aten_c_kernels/results/aten_sparse_addmm_cpu/debuf.mlir,3269,0,1,1,702.1327018737793,0,64740,0.01934915781021118,0,2,0,0,"[{""body_indices"": [0], ""symbol"": ""memset_zero_2D_f32""}]",1,0,4,0.0,4
aten,aten_sparse_addmm_cpu,/home/arjaiswal/Polygeist/issues/aten_c_kernels/results/aten_sparse_addmm_cpu/debuf.mlir,242b19e33f2e41a0921d53486d01671d404b2e67a87cb358958ce95e62601a9d,egglog,1,ok,0,1069.299940019846,0,"[""/usr/bin/python3"", ""/home/arjaiswal/Polygeist/scripts/correctness/kernel_match_rewrite.py"", ""/home/arjaiswal/Polygeist/issues/aten_c_kernels/results/aten_sparse_addmm_cpu/debuf.mlir"", ""--dry-run"", ""--matcher-mode"", ""egglog"", ""--telemetry-json"", ""/home/arjaiswal/Polygeist/issues/equality_saturation_eval/campaign_20260908/aten-aten_sparse_addmm_cpu-egglog-lrb30z5s.json"", ""--disable-semantic-fallback""]","== match report for /home/arjaiswal/Polygeist/issues/aten_c_kernels/results/aten_sparse_addmm_cpu/debuf.mlir ==
  match          body#[0]  memset_zero_2D_f32
  total: 1 matched / 1 bodies
",0,[],0,0,0,0,/home/arjaiswal/Polygeist/issues/aten_c_kernels/results/aten_sparse_addmm_cpu/debuf.mlir,3269,8,1,1,362.6234196126461,0,69452,25.994442403316498,2,2,0,0,"[{""body_indices"": [0], ""symbol"": ""memset_zero_2D_f32""}]",1,0,0,0.0,4
aten,aten_sparse_addmm_cpu,/home/arjaiswal/Polygeist/issues/aten_c_kernels/results/aten_sparse_addmm_cpu/debuf.mlir,242b19e33f2e41a0921d53486d01671d404b2e67a87cb358958ce95e62601a9d,egglog,2,ok,0,1813.0049891769886,0,"[""/usr/bin/python3"", ""/home/arjaiswal/Polygeist/scripts/correctness/kernel_match_rewrite.py"", ""/home/arjaiswal/Polygeist/issues/aten_c_kernels/results/aten_sparse_addmm_cpu/debuf.mlir"", ""--dry-run"", ""--matcher-mode"", ""egglog"", ""--telemetry-json"", ""/home/arjaiswal/Polygeist/issues/equality_saturation_eval/campaign_20260908/aten-aten_sparse_addmm_cpu-egglog-iom80sw8.json"", ""--disable-semantic-fallback""]","== match report for /home/arjaiswal/Polygeist/issues/aten_c_kernels/results/aten_sparse_addmm_cpu/debuf.mlir ==
  match          body#[0]  memset_zero_2D_f32
  total: 1 matched / 1 bodies
",0,[],0,0,0,0,/home/arjaiswal/Polygeist/issues/aten_c_kernels/results/aten_sparse_addmm_cpu/debuf.mlir,3269,8,1,1,790.6076535582542,0,69348,58.9895136654377,2,2,0,0,"[{""body_indices"": [0], ""symbol"": ""memset_zero_2D_f32""}]",1,0,0,0.0,4
aten,aten_sparse_addmm_cpu,/home/arjaiswal/Polygeist/issues/aten_c_kernels/results/aten_sparse_addmm_cpu/debuf.mlir,242b19e33f2e41a0921d53486d01671d404b2e67a87cb358958ce95e62601a9d,syntactic,2,ok,0,1035.3197269141674,0,"[""/usr/bin/python3"", ""/home/arjaiswal/Polygeist/scripts/correctness/kernel_match_rewrite.py"", ""/home/arjaiswal/Polygeist/issues/aten_c_kernels/results/aten_sparse_addmm_cpu/debuf.mlir"", ""--dry-run"", ""--matcher-mode"", ""syntactic"", ""--telemetry-json"", ""/home/arjaiswal/Polygeist/issues/equality_saturation_eval/campaign_20260908/aten-aten_sparse_addmm_cpu-syntactic-lwjcmckn.json"", ""--disable-semantic-fallback""]","== match report for /home/arjaiswal/Polygeist/issues/aten_c_kernels/results/aten_sparse_addmm_cpu/debuf.mlir ==
  match          body#[0]  memset_zero_2D_f32
  total: 1 matched / 1 bodies
",0,[],0,0,0,0,/home/arjaiswal/Polygeist/issues/aten_c_kernels/results/aten_sparse_addmm_cpu/debuf.mlir,3269,0,1,1,457.5907923281193,0,64560,0.019293278455734253,0,2,0,0,"[{""body_indices"": [0], ""symbol"": ""memset_zero_2D_f32""}]",1,0,4,0.0,4
aten,aten_sparse_addmm_cpu,/home/arjaiswal/Polygeist/issues/aten_c_kernels/results/aten_sparse_addmm_cpu/debuf.mlir,242b19e33f2e41a0921d53486d01671d404b2e67a87cb358958ce95e62601a9d,syntactic,3,ok,0,1580.6142278015614,0,"[""/usr/bin/python3"", ""/home/arjaiswal/Polygeist/scripts/correctness/kernel_match_rewrite.py"", ""/home/arjaiswal/Polygeist/issues/aten_c_kernels/results/aten_sparse_addmm_cpu/debuf.mlir"", ""--dry-run"", ""--matcher-mode"", ""syntactic"", ""--telemetry-json"", ""/home/arjaiswal/Polygeist/issues/equality_saturation_eval/campaign_20260908/aten-aten_sparse_addmm_cpu-syntactic-8xb3amtc.json"", ""--disable-semantic-fallback""]","== match report for /home/arjaiswal/Polygeist/issues/aten_c_kernels/results/aten_sparse_addmm_cpu/debuf.mlir ==
  match          body#[0]  memset_zero_2D_f32
  total: 1 matched / 1 bodies
",0,[],0,0,0,0,/home/arjaiswal/Polygeist/issues/aten_c_kernels/results/aten_sparse_addmm_cpu/debuf.mlir,3269,0,1,1,598.7931229174137,0,64552,0.020194798707962036,0,2,0,0,"[{""body_indices"": [0], ""symbol"": ""memset_zero_2D_f32""}]",1,0,4,0.0,4
aten,aten_sparse_addmm_cpu,/home/arjaiswal/Polygeist/issues/aten_c_kernels/results/aten_sparse_addmm_cpu/debuf.mlir,242b19e33f2e41a0921d53486d01671d404b2e67a87cb358958ce95e62601a9d,egglog,3,ok,0,1008.6964853107929,0,"[""/usr/bin/python3"", ""/home/arjaiswal/Polygeist/scripts/correctness/kernel_match_rewrite.py"", ""/home/arjaiswal/Polygeist/issues/aten_c_kernels/results/aten_sparse_addmm_cpu/debuf.mlir"", ""--dry-run"", ""--matcher-mode"", ""egglog"", ""--telemetry-json"", ""/home/arjaiswal/Polygeist/issues/equality_saturation_eval/campaign_20260908/aten-aten_sparse_addmm_cpu-egglog-r466ec11.json"", ""--disable-semantic-fallback""]","== match report for /home/arjaiswal/Polygeist/issues/aten_c_kernels/results/aten_sparse_addmm_cpu/debuf.mlir ==
  match          body#[0]  memset_zero_2D_f32
  total: 1 matched / 1 bodies
",0,[],0,0,0,0,/home/arjaiswal/Polygeist/issues/aten_c_kernels/results/aten_sparse_addmm_cpu/debuf.mlir,3269,8,1,1,350.90847685933113,0,69524,25.032807141542435,2,2,0,0,"[{""body_indices"": [0], ""symbol"": ""memset_zero_2D_f32""}]",1,0,0,0.0,4
aten,aten_sparse_addmm_cpu,/home/arjaiswal/Polygeist/issues/aten_c_kernels/results/aten_sparse_addmm_cpu/debuf.mlir,242b19e33f2e41a0921d53486d01671d404b2e67a87cb358958ce95e62601a9d,egglog,4,ok,0,1436.086531728506,0,"[""/usr/bin/python3"", ""/home/arjaiswal/Polygeist/scripts/correctness/kernel_match_rewrite.py"", ""/home/arjaiswal/Polygeist/issues/aten_c_kernels/results/aten_sparse_addmm_cpu/debuf.mlir"", ""--dry-run"", ""--matcher-mode"", ""egglog"", ""--telemetry-json"", ""/home/arjaiswal/Polygeist/issues/equality_saturation_eval/campaign_20260908/aten-aten_sparse_addmm_cpu-egglog-7rna9s4a.json"", ""--disable-semantic-fallback""]","== match report for /home/arjaiswal/Polygeist/issues/aten_c_kernels/results/aten_sparse_addmm_cpu/debuf.mlir ==
  match          body#[0]  memset_zero_2D_f32
  total: 1 matched / 1 bodies
",0,[],0,0,0,0,/home/arjaiswal/Polygeist/issues/aten_c_kernels/results/aten_sparse_addmm_cpu/debuf.mlir,3269,8,1,1,672.8615202009678,0,69416,40.649596601724625,2,2,0,0,"[{""body_indices"": [0], ""symbol"": ""memset_zero_2D_f32""}]",1,0,0,0.0,4
aten,aten_sparse_addmm_cpu,/home/arjaiswal/Polygeist/issues/aten_c_kernels/results/aten_sparse_addmm_cpu/debuf.mlir,242b19e33f2e41a0921d53486d01671d404b2e67a87cb358958ce95e62601a9d,syntactic,4,ok,0,878.8021244108677,0,"[""/usr/bin/python3"", ""/home/arjaiswal/Polygeist/scripts/correctness/kernel_match_rewrite.py"", ""/home/arjaiswal/Polygeist/issues/aten_c_kernels/results/aten_sparse_addmm_cpu/debuf.mlir"", ""--dry-run"", ""--matcher-mode"", ""syntactic"", ""--telemetry-json"", ""/home/arjaiswal/Polygeist/issues/equality_saturation_eval/campaign_20260908/aten-aten_sparse_addmm_cpu-syntactic-m2sup24r.json"", ""--disable-semantic-fallback""]","== match report for /home/arjaiswal/Polygeist/issues/aten_c_kernels/results/aten_sparse_addmm_cpu/debuf.mlir ==
  match          body#[0]  memset_zero_2D_f32
  total: 1 matched / 1 bodies
",0,[],0,0,0,0,/home/arjaiswal/Polygeist/issues/aten_c_kernels/results/aten_sparse_addmm_cpu/debuf.mlir,3269,0,1,1,344.41811963915825,0,64660,0.01811981201171875,0,2,0,0,"[{""body_indices"": [0], ""symbol"": ""memset_zero_2D_f32""}]",1,0,4,0.0,4
aten,aten_sparse_addmm_cpu,/home/arjaiswal/Polygeist/issues/aten_c_kernels/results/aten_sparse_addmm_cpu/debuf.mlir,242b19e33f2e41a0921d53486d01671d404b2e67a87cb358958ce95e62601a9d,syntactic,5,ok,0,779.6994671225548,0,"[""/usr/bin/python3"", ""/home/arjaiswal/Polygeist/scripts/correctness/kernel_match_rewrite.py"", ""/home/arjaiswal/Polygeist/issues/aten_c_kernels/results/aten_sparse_addmm_cpu/debuf.mlir"", ""--dry-run"", ""--matcher-mode"", ""syntactic"", ""--telemetry-json"", ""/home/arjaiswal/Polygeist/issues/equality_saturation_eval/campaign_20260908/aten-aten_sparse_addmm_cpu-syntactic-lxa1oq7w.json"", ""--disable-semantic-fallback""]","== match report for /home/arjaiswal/Polygeist/issues/aten_c_kernels/results/aten_sparse_addmm_cpu/debuf.mlir ==
  match          body#[0]  memset_zero_2D_f32
  total: 1 matched / 1 bodies
",0,[],0,0,0,0,/home/arjaiswal/Polygeist/issues/aten_c_kernels/results/aten_sparse_addmm_cpu/debuf.mlir,3269,0,1,1,288.5388918220997,0,64800,0.03223493695259094,0,2,0,0,"[{""body_indices"": [0], ""symbol"": ""memset_zero_2D_f32""}]",1,0,4,0.0,4
aten,aten_sparse_addmm_cpu,/home/arjaiswal/Polygeist/issues/aten_c_kernels/results/aten_sparse_addmm_cpu/debuf.mlir,242b19e33f2e41a0921d53486d01671d404b2e67a87cb358958ce95e62601a9d,egglog,5,ok,0,1424.1773039102554,0,"[""/usr/bin/python3"", ""/home/arjaiswal/Polygeist/scripts/correctness/kernel_match_rewrite.py"", ""/home/arjaiswal/Polygeist/issues/aten_c_kernels/results/aten_sparse_addmm_cpu/debuf.mlir"", ""--dry-run"", ""--matcher-mode"", ""egglog"", ""--telemetry-json"", ""/home/arjaiswal/Polygeist/issues/equality_saturation_eval/campaign_20260908/aten-aten_sparse_addmm_cpu-egglog-xob6adi0.json"", ""--disable-semantic-fallback""]","== match report for /home/arjaiswal/Polygeist/issues/aten_c_kernels/results/aten_sparse_addmm_cpu/debuf.mlir ==
  match          body#[0]  memset_zero_2D_f32
  total: 1 matched / 1 bodies
",0,[],0,0,0,0,/home/arjaiswal/Polygeist/issues/aten_c_kernels/results/aten_sparse_addmm_cpu/debuf.mlir,3269,8,1,1,769.8871865868568,0,69324,39.76932168006897,2,2,0,0,"[{""body_indices"": [0], ""symbol"": ""memset_zero_2D_f32""}]",1,0,0,0.0,4
aten,aten_sparse_addmv_bsr_cpu,/home/arjaiswal/Polygeist/issues/aten_c_kernels/results/aten_sparse_addmv_bsr_cpu/debuf.mlir,f98148ac47b1517182aa4a15b4cc7785365fac0d06026634b9ee68651e3b2bc2,egglog,1,ok,0,1631.948083639145,0,"[""/usr/bin/python3"", ""/home/arjaiswal/Polygeist/scripts/correctness/kernel_match_rewrite.py"", ""/home/arjaiswal/Polygeist/issues/aten_c_kernels/results/aten_sparse_addmv_bsr_cpu/debuf.mlir"", ""--dry-run"", ""--matcher-mode"", ""egglog"", ""--telemetry-json"", ""/home/arjaiswal/Polygeist/issues/equality_saturation_eval/campaign_20260908/aten-aten_sparse_addmv_bsr_cpu-egglog-2i7keudk.json"", ""--disable-semantic-fallback""]","== match report for /home/arjaiswal/Polygeist/issues/aten_c_kernels/results/aten_sparse_addmv_bsr_cpu/debuf.mlir ==
  no_match       body#0  ?
  total: 0 matched / 1 bodies
",0,[],0,0,0,0,/home/arjaiswal/Polygeist/issues/aten_c_kernels/results/aten_sparse_addmv_bsr_cpu/debuf.mlir,3923,8,1,0,622.0817938446999,1,64936,0.0,0,0,0,0,[],0,0,0,0.0,0
aten,aten_sparse_addmv_bsr_cpu,/home/arjaiswal/Polygeist/issues/aten_c_kernels/results/aten_sparse_addmv_bsr_cpu/debuf.mlir,f98148ac47b1517182aa4a15b4cc7785365fac0d06026634b9ee68651e3b2bc2,syntactic,1,ok,0,1569.3991146981716,0,"[""/usr/bin/python3"", ""/home/arjaiswal/Polygeist/scripts/correctness/kernel_match_rewrite.py"", ""/home/arjaiswal/Polygeist/issues/aten_c_kernels/results/aten_sparse_addmv_bsr_cpu/debuf.mlir"", ""--dry-run"", ""--matcher-mode"", ""syntactic"", ""--telemetry-json"", ""/home/arjaiswal/Polygeist/issues/equality_saturation_eval/campaign_20260908/aten-aten_sparse_addmv_bsr_cpu-syntactic-lrwl4duc.json"", ""--disable-semantic-fallback""]","== match report for /home/arjaiswal/Polygeist/issues/aten_c_kernels/results/aten_sparse_addmv_bsr_cpu/debuf.mlir ==
  no_match       body#0  ?
  total: 0 matched / 1 bodies
",0,[],0,0,0,0,/home/arjaiswal/Polygeist/issues/aten_c_kernels/results/aten_sparse_addmv_bsr_cpu/debuf.mlir,3923,0,1,0,640.7188288867474,1,64712,0.0,0,0,0,0,[],0,0,0,0.0,0
aten,aten_sparse_addmv_bsr_cpu,/home/arjaiswal/Polygeist/issues/aten_c_kernels/results/aten_sparse_addmv_bsr_cpu/debuf.mlir,f98148ac47b1517182aa4a15b4cc7785365fac0d06026634b9ee68651e3b2bc2,syntactic,2,ok,0,1801.1418730020523,0,"[""/usr/bin/python3"", ""/home/arjaiswal/Polygeist/scripts/correctness/kernel_match_rewrite.py"", ""/home/arjaiswal/Polygeist/issues/aten_c_kernels/results/aten_sparse_addmv_bsr_cpu/debuf.mlir"", ""--dry-run"", ""--matcher-mode"", ""syntactic"", ""--telemetry-json"", ""/home/arjaiswal/Polygeist/issues/equality_saturation_eval/campaign_20260908/aten-aten_sparse_addmv_bsr_cpu-syntactic-nkig52ca.json"", ""--disable-semantic-fallback""]","== match report for /home/arjaiswal/Polygeist/issues/aten_c_kernels/results/aten_sparse_addmv_bsr_cpu/debuf.mlir ==
  no_match       body#0  ?
  total: 0 matched / 1 bodies
",0,[],0,0,0,0,/home/arjaiswal/Polygeist/issues/aten_c_kernels/results/aten_sparse_addmv_bsr_cpu/debuf.mlir,3923,0,1,0,731.2241196632385,1,64692,0.0,0,0,0,0,[],0,0,0,0.0,0
aten,aten_sparse_addmv_bsr_cpu,/home/arjaiswal/Polygeist/issues/aten_c_kernels/results/aten_sparse_addmv_bsr_cpu/debuf.mlir,f98148ac47b1517182aa4a15b4cc7785365fac0d06026634b9ee68651e3b2bc2,egglog,2,ok,0,1785.0779443979263,0,"[""/usr/bin/python3"", ""/home/arjaiswal/Polygeist/scripts/correctness/kernel_match_rewrite.py"", ""/home/arjaiswal/Polygeist/issues/aten_c_kernels/results/aten_sparse_addmv_bsr_cpu/debuf.mlir"", ""--dry-run"", ""--matcher-mode"", ""egglog"", ""--telemetry-json"", ""/home/arjaiswal/Polygeist/issues/equality_saturation_eval/campaign_20260908/aten-aten_sparse_addmv_bsr_cpu-egglog-tqsnixgh.json"", ""--disable-semantic-fallback""]","== match report for /home/arjaiswal/Polygeist/issues/aten_c_kernels/results/aten_sparse_addmv_bsr_cpu/debuf.mlir ==
  no_match       body#0  ?
  total: 0 matched / 1 bodies
",0,[],0,0,0,0,/home/arjaiswal/Polygeist/issues/aten_c_kernels/results/aten_sparse_addmv_bsr_cpu/debuf.mlir,3923,8,1,0,756.5830573439598,1,64832,0.0,0,0,0,0,[],0,0,0,0.0,0
aten,aten_sparse_addmv_bsr_cpu,/home/arjaiswal/Polygeist/issues/aten_c_kernels/results/aten_sparse_addmv_bsr_cpu/debuf.mlir,f98148ac47b1517182aa4a15b4cc7785365fac0d06026634b9ee68651e3b2bc2,egglog,3,ok,0,1189.3124990165234,0,"[""/usr/bin/python3"", ""/home/arjaiswal/Polygeist/scripts/correctness/kernel_match_rewrite.py"", ""/home/arjaiswal/Polygeist/issues/aten_c_kernels/results/aten_sparse_addmv_bsr_cpu/debuf.mlir"", ""--dry-run"", ""--matcher-mode"", ""egglog"", ""--telemetry-json"", ""/home/arjaiswal/Polygeist/issues/equality_saturation_eval/campaign_20260908/aten-aten_sparse_addmv_bsr_cpu-egglog-fd8jzux7.json"", ""--disable-semantic-fallback""]","== match report for /home/arjaiswal/Polygeist/issues/aten_c_kernels/results/aten_sparse_addmv_bsr_cpu/debuf.mlir ==
  no_match       body#0  ?
  total: 0 matched / 1 bodies
",0,[],0,0,0,0,/home/arjaiswal/Polygeist/issues/aten_c_kernels/results/aten_sparse_addmv_bsr_cpu/debuf.mlir,3923,8,1,0,413.59688714146614,1,64804,0.0,0,0,0,0,[],0,0,0,0.0,0
aten,aten_sparse_addmv_bsr_cpu,/home/arjaiswal/Polygeist/issues/aten_c_kernels/results/aten_sparse_addmv_bsr_cpu/debuf.mlir,f98148ac47b1517182aa4a15b4cc7785365fac0d06026634b9ee68651e3b2bc2,syntactic,3,ok,0,802.2893220186234,0,"[""/usr/bin/python3"", ""/home/arjaiswal/Polygeist/scripts/correctness/kernel_match_rewrite.py"", ""/home/arjaiswal/Polygeist/issues/aten_c_kernels/results/aten_sparse_addmv_bsr_cpu/debuf.mlir"", ""--dry-run"", ""--matcher-mode"", ""syntactic"", ""--telemetry-json"", ""/home/arjaiswal/Polygeist/issues/equality_saturation_eval/campaign_20260908/aten-aten_sparse_addmv_bsr_cpu-syntactic-wp6mrbau.json"", ""--disable-semantic-fallback""]","== match report for /home/arjaiswal/Polygeist/issues/aten_c_kernels/results/aten_sparse_addmv_bsr_cpu/debuf.mlir ==
  no_match       body#0  ?
  total: 0 matched / 1 bodies
",0,[],0,0,0,0,/home/arjaiswal/Polygeist/issues/aten_c_kernels/results/aten_sparse_addmv_bsr_cpu/debuf.mlir,3923,0,1,0,298.95614832639694,1,64404,0.0,0,0,0,0,[],0,0,0,0.0,0
aten,aten_sparse_addmv_bsr_cpu,/home/arjaiswal/Polygeist/issues/aten_c_kernels/results/aten_sparse_addmv_bsr_cpu/debuf.mlir,f98148ac47b1517182aa4a15b4cc7785365fac0d06026634b9ee68651e3b2bc2,syntactic,4,ok,0,1075.9360492229462,0,"[""/usr/bin/python3"", ""/home/arjaiswal/Polygeist/scripts/correctness/kernel_match_rewrite.py"", ""/home/arjaiswal/Polygeist/issues/aten_c_kernels/results/aten_sparse_addmv_bsr_cpu/debuf.mlir"", ""--dry-run"", ""--matcher-mode"", ""syntactic"", ""--telemetry-json"", ""/home/arjaiswal/Polygeist/issues/equality_saturation_eval/campaign_20260908/aten-aten_sparse_addmv_bsr_cpu-syntactic-xbroms3f.json"", ""--disable-semantic-fallback""]","== match report for /home/arjaiswal/Polygeist/issues/aten_c_kernels/results/aten_sparse_addmv_bsr_cpu/debuf.mlir ==
  no_match       body#0  ?
  total: 0 matched / 1 bodies
",0,[],0,0,0,0,/home/arjaiswal/Polygeist/issues/aten_c_kernels/results/aten_sparse_addmv_bsr_cpu/debuf.mlir,3923,0,1,0,574.997290968895,1,64552,0.0,0,0,0,0,[],0,0,0,0.0,0
aten,aten_sparse_addmv_bsr_cpu,/home/arjaiswal/Polygeist/issues/aten_c_kernels/results/aten_sparse_addmv_bsr_cpu/debuf.mlir,f98148ac47b1517182aa4a15b4cc7785365fac0d06026634b9ee68651e3b2bc2,egglog,4,ok,0,856.8480238318443,0,"[""/usr/bin/python3"", ""/home/arjaiswal/Polygeist/scripts/correctness/kernel_match_rewrite.py"", ""/home/arjaiswal/Polygeist/issues/aten_c_kernels/results/aten_sparse_addmv_bsr_cpu/debuf.mlir"", ""--dry-run"", ""--matcher-mode"", ""egglog"", ""--telemetry-json"", ""/home/arjaiswal/Polygeist/issues/equality_saturation_eval/campaign_20260908/aten-aten_sparse_addmv_bsr_cpu-egglog-0e8jjqw2.json"", ""--disable-semantic-fallback""]","== match report for /home/arjaiswal/Polygeist/issues/aten_c_kernels/results/aten_sparse_addmv_bsr_cpu/debuf.mlir ==
  no_match       body#0  ?
  total: 0 matched / 1 bodies
",0,[],0,0,0,0,/home/arjaiswal/Polygeist/issues/aten_c_kernels/results/aten_sparse_addmv_bsr_cpu/debuf.mlir,3923,8,1,0,299.75295066833496,1,64700,0.0,0,0,0,0,[],0,0,0,0.0,0
aten,aten_sparse_addmv_bsr_cpu,/home/arjaiswal/Polygeist/issues/aten_c_kernels/results/aten_sparse_addmv_bsr_cpu/debuf.mlir,f98148ac47b1517182aa4a15b4cc7785365fac0d06026634b9ee68651e3b2bc2,egglog,5,ok,0,802.8909489512444,0,"[""/usr/bin/python3"", ""/home/arjaiswal/Polygeist/scripts/correctness/kernel_match_rewrite.py"", ""/home/arjaiswal/Polygeist/issues/aten_c_kernels/results/aten_sparse_addmv_bsr_cpu/debuf.mlir"", ""--dry-run"", ""--matcher-mode"", ""egglog"", ""--telemetry-json"", ""/home/arjaiswal/Polygeist/issues/equality_saturation_eval/campaign_20260908/aten-aten_sparse_addmv_bsr_cpu-egglog-0izxy7s6.json"", ""--disable-semantic-fallback""]","== match report for /home/arjaiswal/Polygeist/issues/aten_c_kernels/results/aten_sparse_addmv_bsr_cpu/debuf.mlir ==
  no_match       body#0  ?
  total: 0 matched / 1 bodies
",0,[],0,0,0,0,/home/arjaiswal/Polygeist/issues/aten_c_kernels/results/aten_sparse_addmv_bsr_cpu/debuf.mlir,3923,8,1,0,310.32830104231834,1,64588,0.0,0,0,0,0,[],0,0,0,0.0,0
aten,aten_sparse_addmv_bsr_cpu,/home/arjaiswal/Polygeist/issues/aten_c_kernels/results/aten_sparse_addmv_bsr_cpu/debuf.mlir,f98148ac47b1517182aa4a15b4cc7785365fac0d06026634b9ee68651e3b2bc2,syntactic,5,ok,0,857.8781969845295,0,"[""/usr/bin/python3"", ""/home/arjaiswal/Polygeist/scripts/correctness/kernel_match_rewrite.py"", ""/home/arjaiswal/Polygeist/issues/aten_c_kernels/results/aten_sparse_addmv_bsr_cpu/debuf.mlir"", ""--dry-run"", ""--matcher-mode"", ""syntactic"", ""--telemetry-json"", ""/home/arjaiswal/Polygeist/issues/equality_saturation_eval/campaign_20260908/aten-aten_sparse_addmv_bsr_cpu-syntactic-s58132j0.json"", ""--disable-semantic-fallback""]","== match report for /home/arjaiswal/Polygeist/issues/aten_c_kernels/results/aten_sparse_addmv_bsr_cpu/debuf.mlir ==
  no_match       body#0  ?
  total: 0 matched / 1 bodies
",0,[],0,0,0,0,/home/arjaiswal/Polygeist/issues/aten_c_kernels/results/aten_sparse_addmv_bsr_cpu/debuf.mlir,3923,0,1,0,352.00921446084976,1,64396,0.0,0,0,0,0,[],0,0,0,0.0,0
aten,aten_sparse_addmv_csr_cpu,/home/arjaiswal/Polygeist/issues/aten_c_kernels/results/aten_sparse_addmv_csr_cpu/debuf.mlir,984c60d04040667e37f577716ae8d07b09609f65c17aaf855fbf4339fd86c6fb,syntactic,1,ok,0,1606.993354856968,0,"[""/usr/bin/python3"", ""/home/arjaiswal/Polygeist/scripts/correctness/kernel_match_rewrite.py"", ""/home/arjaiswal/Polygeist/issues/aten_c_kernels/results/aten_sparse_addmv_csr_cpu/debuf.mlir"", ""--dry-run"", ""--matcher-mode"", ""syntactic"", ""--telemetry-json"", ""/home/arjaiswal/Polygeist/issues/equality_saturation_eval/campaign_20260908/aten-aten_sparse_addmv_csr_cpu-syntactic-qs4fggvy.json"", ""--disable-semantic-fallback""]","== match report for /home/arjaiswal/Polygeist/issues/aten_c_kernels/results/aten_sparse_addmv_csr_cpu/debuf.mlir ==
  total: 0 matched / 0 bodies
",0,[],0,0,0,0,/home/arjaiswal/Polygeist/issues/aten_c_kernels/results/aten_sparse_addmv_csr_cpu/debuf.mlir,2745,0,0,0,585.4994282126427,0,64748,0.0,0,0,0,0,[],0,0,0,0.0,0
aten,aten_sparse_addmv_csr_cpu,/home/arjaiswal/Polygeist/issues/aten_c_kernels/results/aten_sparse_addmv_csr_cpu/debuf.mlir,984c60d04040667e37f577716ae8d07b09609f65c17aaf855fbf4339fd86c6fb,egglog,1,ok,0,1202.3289203643799,0,"[""/usr/bin/python3"", ""/home/arjaiswal/Polygeist/scripts/correctness/kernel_match_rewrite.py"", ""/home/arjaiswal/Polygeist/issues/aten_c_kernels/results/aten_sparse_addmv_csr_cpu/debuf.mlir"", ""--dry-run"", ""--matcher-mode"", ""egglog"", ""--telemetry-json"", ""/home/arjaiswal/Polygeist/issues/equality_saturation_eval/campaign_20260908/aten-aten_sparse_addmv_csr_cpu-egglog-oqmsb35g.json"", ""--disable-semantic-fallback""]","== match report for /home/arjaiswal/Polygeist/issues/aten_c_kernels/results/aten_sparse_addmv_csr_cpu/debuf.mlir ==
  total: 0 matched / 0 bodies
",0,[],0,0,0,0,/home/arjaiswal/Polygeist/issues/aten_c_kernels/results/aten_sparse_addmv_csr_cpu/debuf.mlir,2745,8,0,0,319.74877789616585,0,64520,0.0,0,0,0,0,[],0,0,0,0.0,0
aten,aten_sparse_addmv_csr_cpu,/home/arjaiswal/Polygeist/issues/aten_c_kernels/results/aten_sparse_addmv_csr_cpu/debuf.mlir,984c60d04040667e37f577716ae8d07b09609f65c17aaf855fbf4339fd86c6fb,egglog,2,ok,0,1499.5735920965672,0,"[""/usr/bin/python3"", ""/home/arjaiswal/Polygeist/scripts/correctness/kernel_match_rewrite.py"", ""/home/arjaiswal/Polygeist/issues/aten_c_kernels/results/aten_sparse_addmv_csr_cpu/debuf.mlir"", ""--dry-run"", ""--matcher-mode"", ""egglog"", ""--telemetry-json"", ""/home/arjaiswal/Polygeist/issues/equality_saturation_eval/campaign_20260908/aten-aten_sparse_addmv_csr_cpu-egglog-1bb0yx34.json"", ""--disable-semantic-fallback""]","== match report for /home/arjaiswal/Polygeist/issues/aten_c_kernels/results/aten_sparse_addmv_csr_cpu/debuf.mlir ==
  total: 0 matched / 0 bodies
",0,[],0,0,0,0,/home/arjaiswal/Polygeist/issues/aten_c_kernels/results/aten_sparse_addmv_csr_cpu/debuf.mlir,2745,8,0,0,549.8740933835506,0,64980,0.0,0,0,0,0,[],0,0,0,0.0,0
aten,aten_sparse_addmv_csr_cpu,/home/arjaiswal/Polygeist/issues/aten_c_kernels/results/aten_sparse_addmv_csr_cpu/debuf.mlir,984c60d04040667e37f577716ae8d07b09609f65c17aaf855fbf4339fd86c6fb,syntactic,2,ok,0,1264.028612524271,0,"[""/usr/bin/python3"", ""/home/arjaiswal/Polygeist/scripts/correctness/kernel_match_rewrite.py"", ""/home/arjaiswal/Polygeist/issues/aten_c_kernels/results/aten_sparse_addmv_csr_cpu/debuf.mlir"", ""--dry-run"", ""--matcher-mode"", ""syntactic"", ""--telemetry-json"", ""/home/arjaiswal/Polygeist/issues/equality_saturation_eval/campaign_20260908/aten-aten_sparse_addmv_csr_cpu-syntactic-knzxq19i.json"", ""--disable-semantic-fallback""]","== match report for /home/arjaiswal/Polygeist/issues/aten_c_kernels/results/aten_sparse_addmv_csr_cpu/debuf.mlir ==
  total: 0 matched / 0 bodies
",0,[],0,0,0,0,/home/arjaiswal/Polygeist/issues/aten_c_kernels/results/aten_sparse_addmv_csr_cpu/debuf.mlir,2745,0,0,0,349.36288371682167,0,64764,0.0,0,0,0,0,[],0,0,0,0.0,0
aten,aten_sparse_addmv_csr_cpu,/home/arjaiswal/Polygeist/issues/aten_c_kernels/results/aten_sparse_addmv_csr_cpu/debuf.mlir,984c60d04040667e37f577716ae8d07b09609f65c17aaf855fbf4339fd86c6fb,syntactic,3,ok,0,1859.0146116912365,0,"[""/usr/bin/python3"", ""/home/arjaiswal/Polygeist/scripts/correctness/kernel_match_rewrite.py"", ""/home/arjaiswal/Polygeist/issues/aten_c_kernels/results/aten_sparse_addmv_csr_cpu/debuf.mlir"", ""--dry-run"", ""--matcher-mode"", ""syntactic"", ""--telemetry-json"", ""/home/arjaiswal/Polygeist/issues/equality_saturation_eval/campaign_20260908/aten-aten_sparse_addmv_csr_cpu-syntactic-zh6f8pvf.json"", ""--disable-semantic-fallback""]","== match report for /home/arjaiswal/Polygeist/issues/aten_c_kernels/results/aten_sparse_addmv_csr_cpu/debuf.mlir ==
  total: 0 matched / 0 bodies
",0,[],0,0,0,0,/home/arjaiswal/Polygeist/issues/aten_c_kernels/results/aten_sparse_addmv_csr_cpu/debuf.mlir,2745,0,0,0,620.2741749584675,0,64756,0.0,0,0,0,0,[],0,0,0,0.0,0
aten,aten_sparse_addmv_csr_cpu,/home/arjaiswal/Polygeist/issues/aten_c_kernels/results/aten_sparse_addmv_csr_cpu/debuf.mlir,984c60d04040667e37f577716ae8d07b09609f65c17aaf855fbf4339fd86c6fb,egglog,3,ok,0,826.4631517231464,0,"[""/usr/bin/python3"", ""/home/arjaiswal/Polygeist/scripts/correctness/kernel_match_rewrite.py"", ""/home/arjaiswal/Polygeist/issues/aten_c_kernels/results/aten_sparse_addmv_csr_cpu/debuf.mlir"", ""--dry-run"", ""--matcher-mode"", ""egglog"", ""--telemetry-json"", ""/home/arjaiswal/Polygeist/issues/equality_saturation_eval/campaign_20260908/aten-aten_sparse_addmv_csr_cpu-egglog-67d6_x72.json"", ""--disable-semantic-fallback""]","== match report for /home/arjaiswal/Polygeist/issues/aten_c_kernels/results/aten_sparse_addmv_csr_cpu/debuf.mlir ==
  total: 0 matched / 0 bodies
",0,[],0,0,0,0,/home/arjaiswal/Polygeist/issues/aten_c_kernels/results/aten_sparse_addmv_csr_cpu/debuf.mlir,2745,8,0,0,305.23018166422844,0,64720,0.0,0,0,0,0,[],0,0,0,0.0,0
aten,aten_sparse_addmv_csr_cpu,/home/arjaiswal/Polygeist/issues/aten_c_kernels/results/aten_sparse_addmv_csr_cpu/debuf.mlir,984c60d04040667e37f577716ae8d07b09609f65c17aaf855fbf4339fd86c6fb,egglog,4,ok,0,1427.399680018425,0,"[""/usr/bin/python3"", ""/home/arjaiswal/Polygeist/scripts/correctness/kernel_match_rewrite.py"", ""/home/arjaiswal/Polygeist/issues/aten_c_kernels/results/aten_sparse_addmv_csr_cpu/debuf.mlir"", ""--dry-run"", ""--matcher-mode"", ""egglog"", ""--telemetry-json"", ""/home/arjaiswal/Polygeist/issues/equality_saturation_eval/campaign_20260908/aten-aten_sparse_addmv_csr_cpu-egglog-izdhy2vx.json"", ""--disable-semantic-fallback""]","== match report for /home/arjaiswal/Polygeist/issues/aten_c_kernels/results/aten_sparse_addmv_csr_cpu/debuf.mlir ==
  total: 0 matched / 0 bodies
",0,[],0,0,0,0,/home/arjaiswal/Polygeist/issues/aten_c_kernels/results/aten_sparse_addmv_csr_cpu/debuf.mlir,2745,8,0,0,552.8423972427845,0,64616,0.0,0,0,0,0,[],0,0,0,0.0,0
aten,aten_sparse_addmv_csr_cpu,/home/arjaiswal/Polygeist/issues/aten_c_kernels/results/aten_sparse_addmv_csr_cpu/debuf.mlir,984c60d04040667e37f577716ae8d07b09609f65c17aaf855fbf4339fd86c6fb,syntactic,4,ok,0,1001.6789324581623,0,"[""/usr/bin/python3"", ""/home/arjaiswal/Polygeist/scripts/correctness/kernel_match_rewrite.py"", ""/home/arjaiswal/Polygeist/issues/aten_c_kernels/results/aten_sparse_addmv_csr_cpu/debuf.mlir"", ""--dry-run"", ""--matcher-mode"", ""syntactic"", ""--telemetry-json"", ""/home/arjaiswal/Polygeist/issues/equality_saturation_eval/campaign_20260908/aten-aten_sparse_addmv_csr_cpu-syntactic-k60_c927.json"", ""--disable-semantic-fallback""]","== match report for /home/arjaiswal/Polygeist/issues/aten_c_kernels/results/aten_sparse_addmv_csr_cpu/debuf.mlir ==
  total: 0 matched / 0 bodies
",0,[],0,0,0,0,/home/arjaiswal/Polygeist/issues/aten_c_kernels/results/aten_sparse_addmv_csr_cpu/debuf.mlir,2745,0,0,0,436.65388971567154,0,64660,0.0,0,0,0,0,[],0,0,0,0.0,0
aten,aten_sparse_addmv_csr_cpu,/home/arjaiswal/Polygeist/issues/aten_c_kernels/results/aten_sparse_addmv_csr_cpu/debuf.mlir,984c60d04040667e37f577716ae8d07b09609f65c17aaf855fbf4339fd86c6fb,syntactic,5,ok,0,747.1313662827015,0,"[""/usr/bin/python3"", ""/home/arjaiswal/Polygeist/scripts/correctness/kernel_match_rewrite.py"", ""/home/arjaiswal/Polygeist/issues/aten_c_kernels/results/aten_sparse_addmv_csr_cpu/debuf.mlir"", ""--dry-run"", ""--matcher-mode"", ""syntactic"", ""--telemetry-json"", ""/home/arjaiswal/Polygeist/issues/equality_saturation_eval/campaign_20260908/aten-aten_sparse_addmv_csr_cpu-syntactic-khkglg07.json"", ""--disable-semantic-fallback""]","== match report for /home/arjaiswal/Polygeist/issues/aten_c_kernels/results/aten_sparse_addmv_csr_cpu/debuf.mlir ==
  total: 0 matched / 0 bodies
",0,[],0,0,0,0,/home/arjaiswal/Polygeist/issues/aten_c_kernels/results/aten_sparse_addmv_csr_cpu/debuf.mlir,2745,0,0,0,270.0768709182739,0,64608,0.0,0,0,0,0,[],0,0,0,0.0,0
aten,aten_sparse_addmv_csr_cpu,/home/arjaiswal/Polygeist/issues/aten_c_kernels/results/aten_sparse_addmv_csr_cpu/debuf.mlir,984c60d04040667e37f577716ae8d07b09609f65c17aaf855fbf4339fd86c6fb,egglog,5,ok,0,877.484641969204,0,"[""/usr/bin/python3"", ""/home/arjaiswal/Polygeist/scripts/correctness/kernel_match_rewrite.py"", ""/home/arjaiswal/Polygeist/issues/aten_c_kernels/results/aten_sparse_addmv_csr_cpu/debuf.mlir"", ""--dry-run"", ""--matcher-mode"", ""egglog"", ""--telemetry-json"", ""/home/arjaiswal/Polygeist/issues/equality_saturation_eval/campaign_20260908/aten-aten_sparse_addmv_csr_cpu-egglog-54qk1ti6.json"", ""--disable-semantic-fallback""]","== match report for /home/arjaiswal/Polygeist/issues/aten_c_kernels/results/aten_sparse_addmv_csr_cpu/debuf.mlir ==
  total: 0 matched / 0 bodies
",0,[],0,0,0,0,/home/arjaiswal/Polygeist/issues/aten_c_kernels/results/aten_sparse_addmv_csr_cpu/debuf.mlir,2745,8,0,0,300.05621165037155,0,64724,0.0,0,0,0,0,[],0,0,0,0.0,0
aten,aten_sparse_bmm_cpu,/home/arjaiswal/Polygeist/issues/aten_c_kernels/results/aten_sparse_bmm_cpu/debuf.mlir,b74770fa7549db3ccd2ae1157faea2997dfe53198b96f7d8237c0b30b55983df,egglog,1,ok,0,1911.0339619219303,0,"[""/usr/bin/python3"", ""/home/arjaiswal/Polygeist/scripts/correctness/kernel_match_rewrite.py"", ""/home/arjaiswal/Polygeist/issues/aten_c_kernels/results/aten_sparse_bmm_cpu/debuf.mlir"", ""--dry-run"", ""--matcher-mode"", ""egglog"", ""--telemetry-json"", ""/home/arjaiswal/Polygeist/issues/equality_saturation_eval/campaign_20260908/aten-aten_sparse_bmm_cpu-egglog-8kfxqi_2.json"", ""--disable-semantic-fallback""]","== match report for /home/arjaiswal/Polygeist/issues/aten_c_kernels/results/aten_sparse_bmm_cpu/debuf.mlir ==
  match          body#[0, 1]  cublasSgemm_strided_batched_nn_zero
  total: 1 matched / 1 bodies
",0,[],0,0,0,0,/home/arjaiswal/Polygeist/issues/aten_c_kernels/results/aten_sparse_bmm_cpu/debuf.mlir,3228,8,2,2,935.366302728653,0,69464,106.91333562135696,6,6,0,8,"[{""body_indices"": [0, 1], ""symbol"": ""cublasSgemm_strided_batched_nn_zero""}]",1,0,0,0.0,6
aten,aten_sparse_bmm_cpu,/home/arjaiswal/Polygeist/issues/aten_c_kernels/results/aten_sparse_bmm_cpu/debuf.mlir,b74770fa7549db3ccd2ae1157faea2997dfe53198b96f7d8237c0b30b55983df,syntactic,1,ok,0,1003.6963634192944,0,"[""/usr/bin/python3"", ""/home/arjaiswal/Polygeist/scripts/correctness/kernel_match_rewrite.py"", ""/home/arjaiswal/Polygeist/issues/aten_c_kernels/results/aten_sparse_bmm_cpu/debuf.mlir"", ""--dry-run"", ""--matcher-mode"", ""syntactic"", ""--telemetry-json"", ""/home/arjaiswal/Polygeist/issues/equality_saturation_eval/campaign_20260908/aten-aten_sparse_bmm_cpu-syntactic-2hob0oic.json"", ""--disable-semantic-fallback""]","== match report for /home/arjaiswal/Polygeist/issues/aten_c_kernels/results/aten_sparse_bmm_cpu/debuf.mlir ==
  match          body#[0, 1]  cublasSgemm_strided_batched_nn_zero
  total: 1 matched / 1 bodies
",0,[],0,0,0,0,/home/arjaiswal/Polygeist/issues/aten_c_kernels/results/aten_sparse_bmm_cpu/debuf.mlir,3228,0,2,2,422.0825619995594,0,64436,0.03420189023017883,0,6,0,0,"[{""body_indices"": [0, 1], ""symbol"": ""cublasSgemm_strided_batched_nn_zero""}]",1,0,6,0.0,6
aten,aten_sparse_bmm_cpu,/home/arjaiswal/Polygeist/issues/aten_c_kernels/results/aten_sparse_bmm_cpu/debuf.mlir,b74770fa7549db3ccd2ae1157faea2997dfe53198b96f7d8237c0b30b55983df,syntactic,2,ok,0,1653.5657942295074,0,"[""/usr/bin/python3"", ""/home/arjaiswal/Polygeist/scripts/correctness/kernel_match_rewrite.py"", ""/home/arjaiswal/Polygeist/issues/aten_c_kernels/results/aten_sparse_bmm_cpu/debuf.mlir"", ""--dry-run"", ""--matcher-mode"", ""syntactic"", ""--telemetry-json"", ""/home/arjaiswal/Polygeist/issues/equality_saturation_eval/campaign_20260908/aten-aten_sparse_bmm_cpu-syntactic-8hu78ecc.json"", ""--disable-semantic-fallback""]","== match report for /home/arjaiswal/Polygeist/issues/aten_c_kernels/results/aten_sparse_bmm_cpu/debuf.mlir ==
  match          body#[0, 1]  cublasSgemm_strided_batched_nn_zero
  total: 1 matched / 1 bodies
",0,[],0,0,0,0,/home/arjaiswal/Polygeist/issues/aten_c_kernels/results/aten_sparse_bmm_cpu/debuf.mlir,3228,0,2,2,641.7204514145851,0,64744,0.050980597734451294,0,6,0,0,"[{""body_indices"": [0, 1], ""symbol"": ""cublasSgemm_strided_batched_nn_zero""}]",1,0,6,0.0,6
aten,aten_sparse_bmm_cpu,/home/arjaiswal/Polygeist/issues/aten_c_kernels/results/aten_sparse_bmm_cpu/debuf.mlir,b74770fa7549db3ccd2ae1157faea2997dfe53198b96f7d8237c0b30b55983df,egglog,2,ok,0,1054.4210970401764,0,"[""/usr/bin/python3"", ""/home/arjaiswal/Polygeist/scripts/correctness/kernel_match_rewrite.py"", ""/home/arjaiswal/Polygeist/issues/aten_c_kernels/results/aten_sparse_bmm_cpu/debuf.mlir"", ""--dry-run"", ""--matcher-mode"", ""egglog"", ""--telemetry-json"", ""/home/arjaiswal/Polygeist/issues/equality_saturation_eval/campaign_20260908/aten-aten_sparse_bmm_cpu-egglog-1zg_ilb_.json"", ""--disable-semantic-fallback""]","== match report for /home/arjaiswal/Polygeist/issues/aten_c_kernels/results/aten_sparse_bmm_cpu/debuf.mlir ==
  match          body#[0, 1]  cublasSgemm_strided_batched_nn_zero
  total: 1 matched / 1 bodies
",0,[],0,0,0,0,/home/arjaiswal/Polygeist/issues/aten_c_kernels/results/aten_sparse_bmm_cpu/debuf.mlir,3228,8,2,2,371.2549991905689,0,69736,66.76024943590164,6,6,0,8,"[{""body_indices"": [0, 1], ""symbol"": ""cublasSgemm_strided_batched_nn_zero""}]",1,0,0,0.0,6
aten,aten_sparse_bmm_cpu,/home/arjaiswal/Polygeist/issues/aten_c_kernels/results/aten_sparse_bmm_cpu/debuf.mlir,b74770fa7549db3ccd2ae1157faea2997dfe53198b96f7d8237c0b30b55983df,egglog,3,ok,0,919.5827431976795,0,"[""/usr/bin/python3"", ""/home/arjaiswal/Polygeist/scripts/correctness/kernel_match_rewrite.py"", ""/home/arjaiswal/Polygeist/issues/aten_c_kernels/results/aten_sparse_bmm_cpu/debuf.mlir"", ""--dry-run"", ""--matcher-mode"", ""egglog"", ""--telemetry-json"", ""/home/arjaiswal/Polygeist/issues/equality_saturation_eval/campaign_20260908/aten-aten_sparse_bmm_cpu-egglog-mj8m8qbs.json"", ""--disable-semantic-fallback""]","== match report for /home/arjaiswal/Polygeist/issues/aten_c_kernels/results/aten_sparse_bmm_cpu/debuf.mlir ==
  match          body#[0, 1]  cublasSgemm_strided_batched_nn_zero
  total: 1 matched / 1 bodies
",0,[],0,0,0,0,/home/arjaiswal/Polygeist/issues/aten_c_kernels/results/aten_sparse_bmm_cpu/debuf.mlir,3228,8,2,2,368.2451695203781,0,69480,67.01848655939102,6,6,0,8,"[{""body_indices"": [0, 1], ""symbol"": ""cublasSgemm_strided_batched_nn_zero""}]",1,0,0,0.0,6
aten,aten_sparse_bmm_cpu,/home/arjaiswal/Polygeist/issues/aten_c_kernels/results/aten_sparse_bmm_cpu/debuf.mlir,b74770fa7549db3ccd2ae1157faea2997dfe53198b96f7d8237c0b30b55983df,syntactic,3,ok,0,793.509304523468,0,"[""/usr/bin/python3"", ""/home/arjaiswal/Polygeist/scripts/correctness/kernel_match_rewrite.py"", ""/home/arjaiswal/Polygeist/issues/aten_c_kernels/results/aten_sparse_bmm_cpu/debuf.mlir"", ""--dry-run"", ""--matcher-mode"", ""syntactic"", ""--telemetry-json"", ""/home/arjaiswal/Polygeist/issues/equality_saturation_eval/campaign_20260908/aten-aten_sparse_bmm_cpu-syntactic-nqux2cbh.json"", ""--disable-semantic-fallback""]","== match report for /home/arjaiswal/Polygeist/issues/aten_c_kernels/results/aten_sparse_bmm_cpu/debuf.mlir ==
  match          body#[0, 1]  cublasSgemm_strided_batched_nn_zero
  total: 1 matched / 1 bodies
",0,[],0,0,0,0,/home/arjaiswal/Polygeist/issues/aten_c_kernels/results/aten_sparse_bmm_cpu/debuf.mlir,3228,0,2,2,317.46890395879745,0,64504,0.043954700231552124,0,6,0,0,"[{""body_indices"": [0, 1], ""symbol"": ""cublasSgemm_strided_batched_nn_zero""}]",1,0,6,0.0,6
aten,aten_sparse_bmm_cpu,/home/arjaiswal/Polygeist/issues/aten_c_kernels/results/aten_sparse_bmm_cpu/debuf.mlir,b74770fa7549db3ccd2ae1157faea2997dfe53198b96f7d8237c0b30b55983df,syntactic,4,ok,0,773.6984379589558,0,"[""/usr/bin/python3"", ""/home/arjaiswal/Polygeist/scripts/correctness/kernel_match_rewrite.py"", ""/home/arjaiswal/Polygeist/issues/aten_c_kernels/results/aten_sparse_bmm_cpu/debuf.mlir"", ""--dry-run"", ""--matcher-mode"", ""syntactic"", ""--telemetry-json"", ""/home/arjaiswal/Polygeist/issues/equality_saturation_eval/campaign_20260908/aten-aten_sparse_bmm_cpu-syntactic-hv76kd3y.json"", ""--disable-semantic-fallback""]","== match report for /home/arjaiswal/Polygeist/issues/aten_c_kernels/results/aten_sparse_bmm_cpu/debuf.mlir ==
  match          body#[0, 1]  cublasSgemm_strided_batched_nn_zero
  total: 1 matched / 1 bodies
",0,[],0,0,0,0,/home/arjaiswal/Polygeist/issues/aten_c_kernels/results/aten_sparse_bmm_cpu/debuf.mlir,3228,0,2,2,311.4473894238472,0,64672,0.03635883331298828,0,6,0,0,"[{""body_indices"": [0, 1], ""symbol"": ""cublasSgemm_strided_batched_nn_zero""}]",1,0,6,0.0,6
aten,aten_sparse_bmm_cpu,/home/arjaiswal/Polygeist/issues/aten_c_kernels/results/aten_sparse_bmm_cpu/debuf.mlir,b74770fa7549db3ccd2ae1157faea2997dfe53198b96f7d8237c0b30b55983df,egglog,4,ok,0,902.0018875598907,0,"[""/usr/bin/python3"", ""/home/arjaiswal/Polygeist/scripts/correctness/kernel_match_rewrite.py"", ""/home/arjaiswal/Polygeist/issues/aten_c_kernels/results/aten_sparse_bmm_cpu/debuf.mlir"", ""--dry-run"", ""--matcher-mode"", ""egglog"", ""--telemetry-json"", ""/home/arjaiswal/Polygeist/issues/equality_saturation_eval/campaign_20260908/aten-aten_sparse_bmm_cpu-egglog-dx4ud7dx.json"", ""--disable-semantic-fallback""]","== match report for /home/arjaiswal/Polygeist/issues/aten_c_kernels/results/aten_sparse_bmm_cpu/debuf.mlir ==
  match          body#[0, 1]  cublasSgemm_strided_batched_nn_zero
  total: 1 matched / 1 bodies
",0,[],0,0,0,0,/home/arjaiswal/Polygeist/issues/aten_c_kernels/results/aten_sparse_bmm_cpu/debuf.mlir,3228,8,2,2,399.8420350253582,0,69768,72.73422554135323,6,6,0,8,"[{""body_indices"": [0, 1], ""symbol"": ""cublasSgemm_strided_batched_nn_zero""}]",1,0,0,0.0,6
aten,aten_sparse_bmm_cpu,/home/arjaiswal/Polygeist/issues/aten_c_kernels/results/aten_sparse_bmm_cpu/debuf.mlir,b74770fa7549db3ccd2ae1157faea2997dfe53198b96f7d8237c0b30b55983df,egglog,5,ok,0,1807.6405487954617,0,"[""/usr/bin/python3"", ""/home/arjaiswal/Polygeist/scripts/correctness/kernel_match_rewrite.py"", ""/home/arjaiswal/Polygeist/issues/aten_c_kernels/results/aten_sparse_bmm_cpu/debuf.mlir"", ""--dry-run"", ""--matcher-mode"", ""egglog"", ""--telemetry-json"", ""/home/arjaiswal/Polygeist/issues/equality_saturation_eval/campaign_20260908/aten-aten_sparse_bmm_cpu-egglog-jnweggd2.json"", ""--disable-semantic-fallback""]","== match report for /home/arjaiswal/Polygeist/issues/aten_c_kernels/results/aten_sparse_bmm_cpu/debuf.mlir ==
  match          body#[0, 1]  cublasSgemm_strided_batched_nn_zero
  total: 1 matched / 1 bodies
",0,[],0,0,0,0,/home/arjaiswal/Polygeist/issues/aten_c_kernels/results/aten_sparse_bmm_cpu/debuf.mlir,3228,8,2,2,791.3939170539379,0,69264,115.02651870250702,6,6,0,8,"[{""body_indices"": [0, 1], ""symbol"": ""cublasSgemm_strided_batched_nn_zero""}]",1,0,0,0.0,6
aten,aten_sparse_bmm_cpu,/home/arjaiswal/Polygeist/issues/aten_c_kernels/results/aten_sparse_bmm_cpu/debuf.mlir,b74770fa7549db3ccd2ae1157faea2997dfe53198b96f7d8237c0b30b55983df,syntactic,5,ok,0,1225.6037294864655,0,"[""/usr/bin/python3"", ""/home/arjaiswal/Polygeist/scripts/correctness/kernel_match_rewrite.py"", ""/home/arjaiswal/Polygeist/issues/aten_c_kernels/results/aten_sparse_bmm_cpu/debuf.mlir"", ""--dry-run"", ""--matcher-mode"", ""syntactic"", ""--telemetry-json"", ""/home/arjaiswal/Polygeist/issues/equality_saturation_eval/campaign_20260908/aten-aten_sparse_bmm_cpu-syntactic-o2dfd2vt.json"", ""--disable-semantic-fallback""]","== match report for /home/arjaiswal/Polygeist/issues/aten_c_kernels/results/aten_sparse_bmm_cpu/debuf.mlir ==
  match          body#[0, 1]  cublasSgemm_strided_batched_nn_zero
  total: 1 matched / 1 bodies
",0,[],0,0,0,0,/home/arjaiswal/Polygeist/issues/aten_c_kernels/results/aten_sparse_bmm_cpu/debuf.mlir,3228,0,2,2,323.80637899041176,0,64752,0.04027411341667175,0,6,0,0,"[{""body_indices"": [0, 1], ""symbol"": ""cublasSgemm_strided_batched_nn_zero""}]",1,0,6,0.0,6
aten,aten_sparse_coo_softmax_backward_cpu,/home/arjaiswal/Polygeist/issues/aten_c_kernels/results/aten_sparse_coo_softmax_backward_cpu/debuf.mlir,603d8f9cb00e14df25d8db38074772e75154107649016cf03d5333a06fed9f7f,syntactic,1,ok,0,903.6827869713306,0,"[""/usr/bin/python3"", ""/home/arjaiswal/Polygeist/scripts/correctness/kernel_match_rewrite.py"", ""/home/arjaiswal/Polygeist/issues/aten_c_kernels/results/aten_sparse_coo_softmax_backward_cpu/debuf.mlir"", ""--dry-run"", ""--matcher-mode"", ""syntactic"", ""--telemetry-json"", ""/home/arjaiswal/Polygeist/issues/equality_saturation_eval/campaign_20260908/aten-aten_sparse_coo_softmax_backward_cpu-syntactic-in_2sw86.json"", ""--disable-semantic-fallback""]","== match report for /home/arjaiswal/Polygeist/issues/aten_c_kernels/results/aten_sparse_coo_softmax_backward_cpu/debuf.mlir ==
  match          body#[0]  cublasSdot
  match          body#[1]  cudnnPointwiseGraph_f32
  total: 2 matched / 2 bodies
",0,[],0,0,0,0,/home/arjaiswal/Polygeist/issues/aten_c_kernels/results/aten_sparse_coo_softmax_backward_cpu/debuf.mlir,3712,0,2,2,342.8036868572235,0,65944,0.05628913640975952,0,2,0,0,"[{""body_indices"": [0], ""symbol"": ""cublasSdot""}, {""body_indices"": [1], ""symbol"": ""cudnnPointwiseGraph_f32""}]",2,0,8,0.0,8
aten,aten_sparse_coo_softmax_backward_cpu,/home/arjaiswal/Polygeist/issues/aten_c_kernels/results/aten_sparse_coo_softmax_backward_cpu/debuf.mlir,603d8f9cb00e14df25d8db38074772e75154107649016cf03d5333a06fed9f7f,egglog,1,ok,0,877.0362846553326,0,"[""/usr/bin/python3"", ""/home/arjaiswal/Polygeist/scripts/correctness/kernel_match_rewrite.py"", ""/home/arjaiswal/Polygeist/issues/aten_c_kernels/results/aten_sparse_coo_softmax_backward_cpu/debuf.mlir"", ""--dry-run"", ""--matcher-mode"", ""egglog"", ""--telemetry-json"", ""/home/arjaiswal/Polygeist/issues/equality_saturation_eval/campaign_20260908/aten-aten_sparse_coo_softmax_backward_cpu-egglog-nfxesytd.json"", ""--disable-semantic-fallback""]","== match report for /home/arjaiswal/Polygeist/issues/aten_c_kernels/results/aten_sparse_coo_softmax_backward_cpu/debuf.mlir ==
  match          body#[0]  cublasSdot
  match          body#[1]  cudnnPointwiseGraph_f32
  total: 2 matched / 2 bodies
",0,[],0,0,0,0,/home/arjaiswal/Polygeist/issues/aten_c_kernels/results/aten_sparse_coo_softmax_backward_cpu/debuf.mlir,3712,8,2,2,351.7613485455513,0,69708,24.988826364278793,2,2,0,8,"[{""body_indices"": [0], ""symbol"": ""cublasSdot""}, {""body_indices"": [1], ""symbol"": ""cudnnPointwiseGraph_f32""}]",2,0,0,0.0,8
aten,aten_sparse_coo_softmax_backward_cpu,/home/arjaiswal/Polygeist/issues/aten_c_kernels/results/aten_sparse_coo_softmax_backward_cpu/debuf.mlir,603d8f9cb00e14df25d8db38074772e75154107649016cf03d5333a06fed9f7f,egglog,2,ok,0,880.3226724267006,0,"[""/usr/bin/python3"", ""/home/arjaiswal/Polygeist/scripts/correctness/kernel_match_rewrite.py"", ""/home/arjaiswal/Polygeist/issues/aten_c_kernels/results/aten_sparse_coo_softmax_backward_cpu/debuf.mlir"", ""--dry-run"", ""--matcher-mode"", ""egglog"", ""--telemetry-json"", ""/home/arjaiswal/Polygeist/issues/equality_saturation_eval/campaign_20260908/aten-aten_sparse_coo_softmax_backward_cpu-egglog-0wvcb1r1.json"", ""--disable-semantic-fallback""]","== match report for /home/arjaiswal/Polygeist/issues/aten_c_kernels/results/aten_sparse_coo_softmax_backward_cpu/debuf.mlir ==
  match          body#[0]  cublasSdot
  match          body#[1]  cudnnPointwiseGraph_f32
  total: 2 matched / 2 bodies
",0,[],0,0,0,0,/home/arjaiswal/Polygeist/issues/aten_c_kernels/results/aten_sparse_coo_softmax_backward_cpu/debuf.mlir,3712,8,2,2,382.8301429748535,0,69756,22.78953418135643,2,2,0,8,"[{""body_indices"": [0], ""symbol"": ""cublasSdot""}, {""body_indices"": [1], ""symbol"": ""cudnnPointwiseGraph_f32""}]",2,0,0,0.0,8
aten,aten_sparse_coo_softmax_backward_cpu,/home/arjaiswal/Polygeist/issues/aten_c_kernels/results/aten_sparse_coo_softmax_backward_cpu/debuf.mlir,603d8f9cb00e14df25d8db38074772e75154107649016cf03d5333a06fed9f7f,syntactic,2,ok,0,924.6684871613979,0,"[""/usr/bin/python3"", ""/home/arjaiswal/Polygeist/scripts/correctness/kernel_match_rewrite.py"", ""/home/arjaiswal/Polygeist/issues/aten_c_kernels/results/aten_sparse_coo_softmax_backward_cpu/debuf.mlir"", ""--dry-run"", ""--matcher-mode"", ""syntactic"", ""--telemetry-json"", ""/home/arjaiswal/Polygeist/issues/equality_saturation_eval/campaign_20260908/aten-aten_sparse_coo_softmax_backward_cpu-syntactic-hv3svbo1.json"", ""--disable-semantic-fallback""]","== match report for /home/arjaiswal/Polygeist/issues/aten_c_kernels/results/aten_sparse_coo_softmax_backward_cpu/debuf.mlir ==
  match          body#[0]  cublasSdot
  match          body#[1]  cudnnPointwiseGraph_f32
  total: 2 matched / 2 bodies
",0,[],0,0,0,0,/home/arjaiswal/Polygeist/issues/aten_c_kernels/results/aten_sparse_coo_softmax_backward_cpu/debuf.mlir,3712,0,2,2,356.3297316431999,0,65844,0.05149468779563904,0,2,0,0,"[{""body_indices"": [0], ""symbol"": ""cublasSdot""}, {""body_indices"": [1], ""symbol"": ""cudnnPointwiseGraph_f32""}]",2,0,8,0.0,8
aten,aten_sparse_coo_softmax_backward_cpu,/home/arjaiswal/Polygeist/issues/aten_c_kernels/results/aten_sparse_coo_softmax_backward_cpu/debuf.mlir,603d8f9cb00e14df25d8db38074772e75154107649016cf03d5333a06fed9f7f,syntactic,3,ok,0,839.678693562746,0,"[""/usr/bin/python3"", ""/home/arjaiswal/Polygeist/scripts/correctness/kernel_match_rewrite.py"", ""/home/arjaiswal/Polygeist/issues/aten_c_kernels/results/aten_sparse_coo_softmax_backward_cpu/debuf.mlir"", ""--dry-run"", ""--matcher-mode"", ""syntactic"", ""--telemetry-json"", ""/home/arjaiswal/Polygeist/issues/equality_saturation_eval/campaign_20260908/aten-aten_sparse_coo_softmax_backward_cpu-syntactic-17c25uxc.json"", ""--disable-semantic-fallback""]","== match report for /home/arjaiswal/Polygeist/issues/aten_c_kernels/results/aten_sparse_coo_softmax_backward_cpu/debuf.mlir ==
  match          body#[0]  cublasSdot
  match          body#[1]  cudnnPointwiseGraph_f32
  total: 2 matched / 2 bodies
",0,[],0,0,0,0,/home/arjaiswal/Polygeist/issues/aten_c_kernels/results/aten_sparse_coo_softmax_backward_cpu/debuf.mlir,3712,0,2,2,336.42251417040825,0,66028,0.05151331424713135,0,2,0,0,"[{""body_indices"": [0], ""symbol"": ""cublasSdot""}, {""body_indices"": [1], ""symbol"": ""cudnnPointwiseGraph_f32""}]",2,0,8,0.0,8
aten,aten_sparse_coo_softmax_backward_cpu,/home/arjaiswal/Polygeist/issues/aten_c_kernels/results/aten_sparse_coo_softmax_backward_cpu/debuf.mlir,603d8f9cb00e14df25d8db38074772e75154107649016cf03d5333a06fed9f7f,egglog,3,ok,0,1468.9136371016502,0,"[""/usr/bin/python3"", ""/home/arjaiswal/Polygeist/scripts/correctness/kernel_match_rewrite.py"", ""/home/arjaiswal/Polygeist/issues/aten_c_kernels/results/aten_sparse_coo_softmax_backward_cpu/debuf.mlir"", ""--dry-run"", ""--matcher-mode"", ""egglog"", ""--telemetry-json"", ""/home/arjaiswal/Polygeist/issues/equality_saturation_eval/campaign_20260908/aten-aten_sparse_coo_softmax_backward_cpu-egglog-cjj8j3hv.json"", ""--disable-semantic-fallback""]","== match report for /home/arjaiswal/Polygeist/issues/aten_c_kernels/results/aten_sparse_coo_softmax_backward_cpu/debuf.mlir ==
  match          body#[0]  cublasSdot
  match          body#[1]  cudnnPointwiseGraph_f32
  total: 2 matched / 2 bodies
",0,[],0,0,0,0,/home/arjaiswal/Polygeist/issues/aten_c_kernels/results/aten_sparse_coo_softmax_backward_cpu/debuf.mlir,3712,8,2,2,780.7931303977966,0,69776,56.68887495994568,2,2,0,8,"[{""body_indices"": [0], ""symbol"": ""cublasSdot""}, {""body_indices"": [1], ""symbol"": ""cudnnPointwiseGraph_f32""}]",2,0,0,0.0,8
aten,aten_sparse_coo_softmax_backward_cpu,/home/arjaiswal/Polygeist/issues/aten_c_kernels/results/aten_sparse_coo_softmax_backward_cpu/debuf.mlir,603d8f9cb00e14df25d8db38074772e75154107649016cf03d5333a06fed9f7f,egglog,4,ok,0,1200.6796412169933,0,"[""/usr/bin/python3"", ""/home/arjaiswal/Polygeist/scripts/correctness/kernel_match_rewrite.py"", ""/home/arjaiswal/Polygeist/issues/aten_c_kernels/results/aten_sparse_coo_softmax_backward_cpu/debuf.mlir"", ""--dry-run"", ""--matcher-mode"", ""egglog"", ""--telemetry-json"", ""/home/arjaiswal/Polygeist/issues/equality_saturation_eval/campaign_20260908/aten-aten_sparse_coo_softmax_backward_cpu-egglog-c60wzl35.json"", ""--disable-semantic-fallback""]","== match report for /home/arjaiswal/Polygeist/issues/aten_c_kernels/results/aten_sparse_coo_softmax_backward_cpu/debuf.mlir ==
  match          body#[0]  cublasSdot
  match          body#[1]  cudnnPointwiseGraph_f32
  total: 2 matched / 2 bodies
",0,[],0,0,0,0,/home/arjaiswal/Polygeist/issues/aten_c_kernels/results/aten_sparse_coo_softmax_backward_cpu/debuf.mlir,3712,8,2,2,374.2516338825226,0,69840,25.888487696647644,2,2,0,8,"[{""body_indices"": [0], ""symbol"": ""cublasSdot""}, {""body_indices"": [1], ""symbol"": ""cudnnPointwiseGraph_f32""}]",2,0,0,0.0,8
aten,aten_sparse_coo_softmax_backward_cpu,/home/arjaiswal/Polygeist/issues/aten_c_kernels/results/aten_sparse_coo_softmax_backward_cpu/debuf.mlir,603d8f9cb00e14df25d8db38074772e75154107649016cf03d5333a06fed9f7f,syntactic,4,ok,0,987.1206879615784,0,"[""/usr/bin/python3"", ""/home/arjaiswal/Polygeist/scripts/correctness/kernel_match_rewrite.py"", ""/home/arjaiswal/Polygeist/issues/aten_c_kernels/results/aten_sparse_coo_softmax_backward_cpu/debuf.mlir"", ""--dry-run"", ""--matcher-mode"", ""syntactic"", ""--telemetry-json"", ""/home/arjaiswal/Polygeist/issues/equality_saturation_eval/campaign_20260908/aten-aten_sparse_coo_softmax_backward_cpu-syntactic-iberofpn.json"", ""--disable-semantic-fallback""]","== match report for /home/arjaiswal/Polygeist/issues/aten_c_kernels/results/aten_sparse_coo_softmax_backward_cpu/debuf.mlir ==
  match          body#[0]  cublasSdot
  match          body#[1]  cudnnPointwiseGraph_f32
  total: 2 matched / 2 bodies
",0,[],0,0,0,0,/home/arjaiswal/Polygeist/issues/aten_c_kernels/results/aten_sparse_coo_softmax_backward_cpu/debuf.mlir,3712,0,2,2,327.4078033864498,0,65948,0.05313754081726074,0,2,0,0,"[{""body_indices"": [0], ""symbol"": ""cublasSdot""}, {""body_indices"": [1], ""symbol"": ""cudnnPointwiseGraph_f32""}]",2,0,8,0.0,8
aten,aten_sparse_coo_softmax_backward_cpu,/home/arjaiswal/Polygeist/issues/aten_c_kernels/results/aten_sparse_coo_softmax_backward_cpu/debuf.mlir,603d8f9cb00e14df25d8db38074772e75154107649016cf03d5333a06fed9f7f,syntactic,5,ok,0,1967.2317989170551,0,"[""/usr/bin/python3"", ""/home/arjaiswal/Polygeist/scripts/correctness/kernel_match_rewrite.py"", ""/home/arjaiswal/Polygeist/issues/aten_c_kernels/results/aten_sparse_coo_softmax_backward_cpu/debuf.mlir"", ""--dry-run"", ""--matcher-mode"", ""syntactic"", ""--telemetry-json"", ""/home/arjaiswal/Polygeist/issues/equality_saturation_eval/campaign_20260908/aten-aten_sparse_coo_softmax_backward_cpu-syntactic-hkjufnvi.json"", ""--disable-semantic-fallback""]","== match report for /home/arjaiswal/Polygeist/issues/aten_c_kernels/results/aten_sparse_coo_softmax_backward_cpu/debuf.mlir ==
  match          body#[0]  cublasSdot
  match          body#[1]  cudnnPointwiseGraph_f32
  total: 2 matched / 2 bodies
",0,[],0,0,0,0,/home/arjaiswal/Polygeist/issues/aten_c_kernels/results/aten_sparse_coo_softmax_backward_cpu/debuf.mlir,3712,0,2,2,835.8994461596012,0,65836,0.062331557273864746,0,2,0,0,"[{""body_indices"": [0], ""symbol"": ""cublasSdot""}, {""body_indices"": [1], ""symbol"": ""cudnnPointwiseGraph_f32""}]",2,0,8,0.0,8
aten,aten_sparse_coo_softmax_backward_cpu,/home/arjaiswal/Polygeist/issues/aten_c_kernels/results/aten_sparse_coo_softmax_backward_cpu/debuf.mlir,603d8f9cb00e14df25d8db38074772e75154107649016cf03d5333a06fed9f7f,egglog,5,ok,0,1473.7268090248108,0,"[""/usr/bin/python3"", ""/home/arjaiswal/Polygeist/scripts/correctness/kernel_match_rewrite.py"", ""/home/arjaiswal/Polygeist/issues/aten_c_kernels/results/aten_sparse_coo_softmax_backward_cpu/debuf.mlir"", ""--dry-run"", ""--matcher-mode"", ""egglog"", ""--telemetry-json"", ""/home/arjaiswal/Polygeist/issues/equality_saturation_eval/campaign_20260908/aten-aten_sparse_coo_softmax_backward_cpu-egglog-0ulckls4.json"", ""--disable-semantic-fallback""]","== match report for /home/arjaiswal/Polygeist/issues/aten_c_kernels/results/aten_sparse_coo_softmax_backward_cpu/debuf.mlir ==
  match          body#[0]  cublasSdot
  match          body#[1]  cudnnPointwiseGraph_f32
  total: 2 matched / 2 bodies
",0,[],0,0,0,0,/home/arjaiswal/Polygeist/issues/aten_c_kernels/results/aten_sparse_coo_softmax_backward_cpu/debuf.mlir,3712,8,2,2,403.60184386372566,0,69680,23.385513573884964,2,2,0,8,"[{""body_indices"": [0], ""symbol"": ""cublasSdot""}, {""body_indices"": [1], ""symbol"": ""cudnnPointwiseGraph_f32""}]",2,0,0,0.0,8
aten,aten_sparse_coo_softmax_cpu,/home/arjaiswal/Polygeist/issues/aten_c_kernels/results/aten_sparse_coo_softmax_cpu/debuf.mlir,b314844b89a95132ecfec105f4afef679fd18344ffe8c57f2ebbe869efc93166,egglog,1,ok,0,1239.6911531686783,0,"[""/usr/bin/python3"", ""/home/arjaiswal/Polygeist/scripts/correctness/kernel_match_rewrite.py"", ""/home/arjaiswal/Polygeist/issues/aten_c_kernels/results/aten_sparse_coo_softmax_cpu/debuf.mlir"", ""--dry-run"", ""--matcher-mode"", ""egglog"", ""--telemetry-json"", ""/home/arjaiswal/Polygeist/issues/equality_saturation_eval/campaign_20260908/aten-aten_sparse_coo_softmax_cpu-egglog-6rzvhnue.json"", ""--disable-semantic-fallback""]","== match report for /home/arjaiswal/Polygeist/issues/aten_c_kernels/results/aten_sparse_coo_softmax_cpu/debuf.mlir ==
  no_match       body#0  ?
  no_match       body#1  ?
  total: 0 matched / 2 bodies
",0,[],0,0,0,0,/home/arjaiswal/Polygeist/issues/aten_c_kernels/results/aten_sparse_coo_softmax_cpu/debuf.mlir,3026,8,2,0,680.4721169173717,2,65676,0.0,0,0,0,0,[],0,0,0,0.0,8
aten,aten_sparse_coo_softmax_cpu,/home/arjaiswal/Polygeist/issues/aten_c_kernels/results/aten_sparse_coo_softmax_cpu/debuf.mlir,b314844b89a95132ecfec105f4afef679fd18344ffe8c57f2ebbe869efc93166,syntactic,1,ok,0,1649.9732807278633,0,"[""/usr/bin/python3"", ""/home/arjaiswal/Polygeist/scripts/correctness/kernel_match_rewrite.py"", ""/home/arjaiswal/Polygeist/issues/aten_c_kernels/results/aten_sparse_coo_softmax_cpu/debuf.mlir"", ""--dry-run"", ""--matcher-mode"", ""syntactic"", ""--telemetry-json"", ""/home/arjaiswal/Polygeist/issues/equality_saturation_eval/campaign_20260908/aten-aten_sparse_coo_softmax_cpu-syntactic-xze7i1qn.json"", ""--disable-semantic-fallback""]","== match report for /home/arjaiswal/Polygeist/issues/aten_c_kernels/results/aten_sparse_coo_softmax_cpu/debuf.mlir ==
  no_match       body#0  ?
  no_match       body#1  ?
  total: 0 matched / 2 bodies
",0,[],0,0,0,0,/home/arjaiswal/Polygeist/issues/aten_c_kernels/results/aten_sparse_coo_softmax_cpu/debuf.mlir,3026,0,2,0,666.6581258177757,2,65736,16.085125505924225,0,0,0,0,[],0,0,8,0.0,8
aten,aten_sparse_coo_softmax_cpu,/home/arjaiswal/Polygeist/issues/aten_c_kernels/results/aten_sparse_coo_softmax_cpu/debuf.mlir,b314844b89a95132ecfec105f4afef679fd18344ffe8c57f2ebbe869efc93166,syntactic,2,ok,0,1665.5761525034904,0,"[""/usr/bin/python3"", ""/home/arjaiswal/Polygeist/scripts/correctness/kernel_match_rewrite.py"", ""/home/arjaiswal/Polygeist/issues/aten_c_kernels/results/aten_sparse_coo_softmax_cpu/debuf.mlir"", ""--dry-run"", ""--matcher-mode"", ""syntactic"", ""--telemetry-json"", ""/home/arjaiswal/Polygeist/issues/equality_saturation_eval/campaign_20260908/aten-aten_sparse_coo_softmax_cpu-syntactic-nnkw0eg0.json"", ""--disable-semantic-fallback""]","== match report for /home/arjaiswal/Polygeist/issues/aten_c_kernels/results/aten_sparse_coo_softmax_cpu/debuf.mlir ==
  no_match       body#0  ?
  no_match       body#1  ?
  total: 0 matched / 2 bodies
",0,[],0,0,0,0,/home/arjaiswal/Polygeist/issues/aten_c_kernels/results/aten_sparse_coo_softmax_cpu/debuf.mlir,3026,0,2,0,700.717382133007,2,65532,0.04366040229797363,0,0,0,0,[],0,0,8,0.0,8
aten,aten_sparse_coo_softmax_cpu,/home/arjaiswal/Polygeist/issues/aten_c_kernels/results/aten_sparse_coo_softmax_cpu/debuf.mlir,b314844b89a95132ecfec105f4afef679fd18344ffe8c57f2ebbe869efc93166,egglog,2,ok,0,1724.2509499192238,0,"[""/usr/bin/python3"", ""/home/arjaiswal/Polygeist/scripts/correctness/kernel_match_rewrite.py"", ""/home/arjaiswal/Polygeist/issues/aten_c_kernels/results/aten_sparse_coo_softmax_cpu/debuf.mlir"", ""--dry-run"", ""--matcher-mode"", ""egglog"", ""--telemetry-json"", ""/home/arjaiswal/Polygeist/issues/equality_saturation_eval/campaign_20260908/aten-aten_sparse_coo_softmax_cpu-egglog-zgltxgbi.json"", ""--disable-semantic-fallback""]","== match report for /home/arjaiswal/Polygeist/issues/aten_c_kernels/results/aten_sparse_coo_softmax_cpu/debuf.mlir ==
  no_match       body#0  ?
  no_match       body#1  ?
  total: 0 matched / 2 bodies
",0,[],0,0,0,0,/home/arjaiswal/Polygeist/issues/aten_c_kernels/results/aten_sparse_coo_softmax_cpu/debuf.mlir,3026,8,2,0,682.1140795946121,2,65752,0.0,0,0,0,0,[],0,0,0,0.0,8
aten,aten_sparse_coo_softmax_cpu,/home/arjaiswal/Polygeist/issues/aten_c_kernels/results/aten_sparse_coo_softmax_cpu/debuf.mlir,b314844b89a95132ecfec105f4afef679fd18344ffe8c57f2ebbe869efc93166,egglog,3,ok,0,1704.3196223676205,0,"[""/usr/bin/python3"", ""/home/arjaiswal/Polygeist/scripts/correctness/kernel_match_rewrite.py"", ""/home/arjaiswal/Polygeist/issues/aten_c_kernels/results/aten_sparse_coo_softmax_cpu/debuf.mlir"", ""--dry-run"", ""--matcher-mode"", ""egglog"", ""--telemetry-json"", ""/home/arjaiswal/Polygeist/issues/equality_saturation_eval/campaign_20260908/aten-aten_sparse_coo_softmax_cpu-egglog-et44ca97.json"", ""--disable-semantic-fallback""]","== match report for /home/arjaiswal/Polygeist/issues/aten_c_kernels/results/aten_sparse_coo_softmax_cpu/debuf.mlir ==
  no_match       body#0  ?
  no_match       body#1  ?
  total: 0 matched / 2 bodies
",0,[],0,0,0,0,/home/arjaiswal/Polygeist/issues/aten_c_kernels/results/aten_sparse_coo_softmax_cpu/debuf.mlir,3026,8,2,0,639.138076454401,2,65640,0.0,0,0,0,0,[],0,0,0,0.0,8
aten,aten_sparse_coo_softmax_cpu,/home/arjaiswal/Polygeist/issues/aten_c_kernels/results/aten_sparse_coo_softmax_cpu/debuf.mlir,b314844b89a95132ecfec105f4afef679fd18344ffe8c57f2ebbe869efc93166,syntactic,3,ok,0,1333.8119871914387,0,"[""/usr/bin/python3"", ""/home/arjaiswal/Polygeist/scripts/correctness/kernel_match_rewrite.py"", ""/home/arjaiswal/Polygeist/issues/aten_c_kernels/results/aten_sparse_coo_softmax_cpu/debuf.mlir"", ""--dry-run"", ""--matcher-mode"", ""syntactic"", ""--telemetry-json"", ""/home/arjaiswal/Polygeist/issues/equality_saturation_eval/campaign_20260908/aten-aten_sparse_coo_softmax_cpu-syntactic-dhom4n0q.json"", ""--disable-semantic-fallback""]","== match report for /home/arjaiswal/Polygeist/issues/aten_c_kernels/results/aten_sparse_coo_softmax_cpu/debuf.mlir ==
  no_match       body#0  ?
  no_match       body#1  ?
  total: 0 matched / 2 bodies
",0,[],0,0,0,0,/home/arjaiswal/Polygeist/issues/aten_c_kernels/results/aten_sparse_coo_softmax_cpu/debuf.mlir,3026,0,2,0,676.6018681228161,2,65644,0.04314258694648743,0,0,0,0,[],0,0,8,0.0,8
aten,aten_sparse_coo_softmax_cpu,/home/arjaiswal/Polygeist/issues/aten_c_kernels/results/aten_sparse_coo_softmax_cpu/debuf.mlir,b314844b89a95132ecfec105f4afef679fd18344ffe8c57f2ebbe869efc93166,syntactic,4,ok,0,1618.309948593378,0,"[""/usr/bin/python3"", ""/home/arjaiswal/Polygeist/scripts/correctness/kernel_match_rewrite.py"", ""/home/arjaiswal/Polygeist/issues/aten_c_kernels/results/aten_sparse_coo_softmax_cpu/debuf.mlir"", ""--dry-run"", ""--matcher-mode"", ""syntactic"", ""--telemetry-json"", ""/home/arjaiswal/Polygeist/issues/equality_saturation_eval/campaign_20260908/aten-aten_sparse_coo_softmax_cpu-syntactic-wxckrtza.json"", ""--disable-semantic-fallback""]","== match report for /home/arjaiswal/Polygeist/issues/aten_c_kernels/results/aten_sparse_coo_softmax_cpu/debuf.mlir ==
  no_match       body#0  ?
  no_match       body#1  ?
  total: 0 matched / 2 bodies
",0,[],0,0,0,0,/home/arjaiswal/Polygeist/issues/aten_c_kernels/results/aten_sparse_coo_softmax_cpu/debuf.mlir,3026,0,2,0,648.853424936533,2,65644,0.03943592309951782,0,0,0,0,[],0,0,8,0.0,8
aten,aten_sparse_coo_softmax_cpu,/home/arjaiswal/Polygeist/issues/aten_c_kernels/results/aten_sparse_coo_softmax_cpu/debuf.mlir,b314844b89a95132ecfec105f4afef679fd18344ffe8c57f2ebbe869efc93166,egglog,4,ok,0,1625.0665858387947,0,"[""/usr/bin/python3"", ""/home/arjaiswal/Polygeist/scripts/correctness/kernel_match_rewrite.py"", ""/home/arjaiswal/Polygeist/issues/aten_c_kernels/results/aten_sparse_coo_softmax_cpu/debuf.mlir"", ""--dry-run"", ""--matcher-mode"", ""egglog"", ""--telemetry-json"", ""/home/arjaiswal/Polygeist/issues/equality_saturation_eval/campaign_20260908/aten-aten_sparse_coo_softmax_cpu-egglog-breqg_0u.json"", ""--disable-semantic-fallback""]","== match report for /home/arjaiswal/Polygeist/issues/aten_c_kernels/results/aten_sparse_coo_softmax_cpu/debuf.mlir ==
  no_match       body#0  ?
  no_match       body#1  ?
  total: 0 matched / 2 bodies
",0,[],0,0,0,0,/home/arjaiswal/Polygeist/issues/aten_c_kernels/results/aten_sparse_coo_softmax_cpu/debuf.mlir,3026,8,2,0,675.466176122427,2,65752,0.0,0,0,0,0,[],0,0,0,0.0,8
aten,aten_sparse_coo_softmax_cpu,/home/arjaiswal/Polygeist/issues/aten_c_kernels/results/aten_sparse_coo_softmax_cpu/debuf.mlir,b314844b89a95132ecfec105f4afef679fd18344ffe8c57f2ebbe869efc93166,egglog,5,ok,0,1557.7215515077114,0,"[""/usr/bin/python3"", ""/home/arjaiswal/Polygeist/scripts/correctness/kernel_match_rewrite.py"", ""/home/arjaiswal/Polygeist/issues/aten_c_kernels/results/aten_sparse_coo_softmax_cpu/debuf.mlir"", ""--dry-run"", ""--matcher-mode"", ""egglog"", ""--telemetry-json"", ""/home/arjaiswal/Polygeist/issues/equality_saturation_eval/campaign_20260908/aten-aten_sparse_coo_softmax_cpu-egglog-2z6i6r1u.json"", ""--disable-semantic-fallback""]","== match report for /home/arjaiswal/Polygeist/issues/aten_c_kernels/results/aten_sparse_coo_softmax_cpu/debuf.mlir ==
  no_match       body#0  ?
  no_match       body#1  ?
  total: 0 matched / 2 bodies
",0,[],0,0,0,0,/home/arjaiswal/Polygeist/issues/aten_c_kernels/results/aten_sparse_coo_softmax_cpu/debuf.mlir,3026,8,2,0,597.1211977303028,2,65496,0.0,0,0,0,0,[],0,0,0,0.0,8
aten,aten_sparse_coo_softmax_cpu,/home/arjaiswal/Polygeist/issues/aten_c_kernels/results/aten_sparse_coo_softmax_cpu/debuf.mlir,b314844b89a95132ecfec105f4afef679fd18344ffe8c57f2ebbe869efc93166,syntactic,5,ok,0,862.8609851002693,0,"[""/usr/bin/python3"", ""/home/arjaiswal/Polygeist/scripts/correctness/kernel_match_rewrite.py"", ""/home/arjaiswal/Polygeist/issues/aten_c_kernels/results/aten_sparse_coo_softmax_cpu/debuf.mlir"", ""--dry-run"", ""--matcher-mode"", ""syntactic"", ""--telemetry-json"", ""/home/arjaiswal/Polygeist/issues/equality_saturation_eval/campaign_20260908/aten-aten_sparse_coo_softmax_cpu-syntactic-ialiov6b.json"", ""--disable-semantic-fallback""]","== match report for /home/arjaiswal/Polygeist/issues/aten_c_kernels/results/aten_sparse_coo_softmax_cpu/debuf.mlir ==
  no_match       body#0  ?
  no_match       body#1  ?
  total: 0 matched / 2 bodies
",0,[],0,0,0,0,/home/arjaiswal/Polygeist/issues/aten_c_kernels/results/aten_sparse_coo_softmax_cpu/debuf.mlir,3026,0,2,0,318.5557425022125,2,65736,0.03875419497489929,0,0,0,0,[],0,0,8,0.0,8
aten,aten_sparse_coo_to_csr_cpu,/home/arjaiswal/Polygeist/issues/aten_c_kernels/results/aten_sparse_coo_to_csr_cpu/debuf.mlir,a018b4c90e72414d30353c0f26c74c73d460b11031fb70606c418f9a40445431,syntactic,1,ok,0,759.1209262609482,0,"[""/usr/bin/python3"", ""/home/arjaiswal/Polygeist/scripts/correctness/kernel_match_rewrite.py"", ""/home/arjaiswal/Polygeist/issues/aten_c_kernels/results/aten_sparse_coo_to_csr_cpu/debuf.mlir"", ""--dry-run"", ""--matcher-mode"", ""syntactic"", ""--telemetry-json"", ""/home/arjaiswal/Polygeist/issues/equality_saturation_eval/campaign_20260908/aten-aten_sparse_coo_to_csr_cpu-syntactic-9t9on6ev.json"", ""--disable-semantic-fallback""]","== match report for /home/arjaiswal/Polygeist/issues/aten_c_kernels/results/aten_sparse_coo_to_csr_cpu/debuf.mlir ==
  total: 0 matched / 0 bodies
",0,[],0,0,0,0,/home/arjaiswal/Polygeist/issues/aten_c_kernels/results/aten_sparse_coo_to_csr_cpu/debuf.mlir,2727,0,0,0,286.8114151060581,0,64812,0.0,0,0,0,0,[],0,0,0,0.0,0
aten,aten_sparse_coo_to_csr_cpu,/home/arjaiswal/Polygeist/issues/aten_c_kernels/results/aten_sparse_coo_to_csr_cpu/debuf.mlir,a018b4c90e72414d30353c0f26c74c73d460b11031fb70606c418f9a40445431,egglog,1,ok,0,744.6352392435074,0,"[""/usr/bin/python3"", ""/home/arjaiswal/Polygeist/scripts/correctness/kernel_match_rewrite.py"", ""/home/arjaiswal/Polygeist/issues/aten_c_kernels/results/aten_sparse_coo_to_csr_cpu/debuf.mlir"", ""--dry-run"", ""--matcher-mode"", ""egglog"", ""--telemetry-json"", ""/home/arjaiswal/Polygeist/issues/equality_saturation_eval/campaign_20260908/aten-aten_sparse_coo_to_csr_cpu-egglog-4gf7_xsg.json"", ""--disable-semantic-fallback""]","== match report for /home/arjaiswal/Polygeist/issues/aten_c_kernels/results/aten_sparse_coo_to_csr_cpu/debuf.mlir ==
  total: 0 matched / 0 bodies
",0,[],0,0,0,0,/home/arjaiswal/Polygeist/issues/aten_c_kernels/results/aten_sparse_coo_to_csr_cpu/debuf.mlir,2727,8,0,0,282.57669508457184,0,64656,0.0,0,0,0,0,[],0,0,0,0.0,0
aten,aten_sparse_coo_to_csr_cpu,/home/arjaiswal/Polygeist/issues/aten_c_kernels/results/aten_sparse_coo_to_csr_cpu/debuf.mlir,a018b4c90e72414d30353c0f26c74c73d460b11031fb70606c418f9a40445431,egglog,2,ok,0,1497.758723795414,0,"[""/usr/bin/python3"", ""/home/arjaiswal/Polygeist/scripts/correctness/kernel_match_rewrite.py"", ""/home/arjaiswal/Polygeist/issues/aten_c_kernels/results/aten_sparse_coo_to_csr_cpu/debuf.mlir"", ""--dry-run"", ""--matcher-mode"", ""egglog"", ""--telemetry-json"", ""/home/arjaiswal/Polygeist/issues/equality_saturation_eval/campaign_20260908/aten-aten_sparse_coo_to_csr_cpu-egglog-4if202v0.json"", ""--disable-semantic-fallback""]","== match report for /home/arjaiswal/Polygeist/issues/aten_c_kernels/results/aten_sparse_coo_to_csr_cpu/debuf.mlir ==
  total: 0 matched / 0 bodies
",0,[],0,0,0,0,/home/arjaiswal/Polygeist/issues/aten_c_kernels/results/aten_sparse_coo_to_csr_cpu/debuf.mlir,2727,8,0,0,549.294788390398,0,64648,0.0,0,0,0,0,[],0,0,0,0.0,0
aten,aten_sparse_coo_to_csr_cpu,/home/arjaiswal/Polygeist/issues/aten_c_kernels/results/aten_sparse_coo_to_csr_cpu/debuf.mlir,a018b4c90e72414d30353c0f26c74c73d460b11031fb70606c418f9a40445431,syntactic,2,ok,0,1444.0267831087112,0,"[""/usr/bin/python3"", ""/home/arjaiswal/Polygeist/scripts/correctness/kernel_match_rewrite.py"", ""/home/arjaiswal/Polygeist/issues/aten_c_kernels/results/aten_sparse_coo_to_csr_cpu/debuf.mlir"", ""--dry-run"", ""--matcher-mode"", ""syntactic"", ""--telemetry-json"", ""/home/arjaiswal/Polygeist/issues/equality_saturation_eval/campaign_20260908/aten-aten_sparse_coo_to_csr_cpu-syntactic-i62o_vk9.json"", ""--disable-semantic-fallback""]","== match report for /home/arjaiswal/Polygeist/issues/aten_c_kernels/results/aten_sparse_coo_to_csr_cpu/debuf.mlir ==
  total: 0 matched / 0 bodies
",0,[],0,0,0,0,/home/arjaiswal/Polygeist/issues/aten_c_kernels/results/aten_sparse_coo_to_csr_cpu/debuf.mlir,2727,0,0,0,543.7495075166225,0,64632,0.0,0,0,0,0,[],0,0,0,0.0,0
aten,aten_sparse_coo_to_csr_cpu,/home/arjaiswal/Polygeist/issues/aten_c_kernels/results/aten_sparse_coo_to_csr_cpu/debuf.mlir,a018b4c90e72414d30353c0f26c74c73d460b11031fb70606c418f9a40445431,syntactic,3,ok,0,1513.3411586284637,0,"[""/usr/bin/python3"", ""/home/arjaiswal/Polygeist/scripts/correctness/kernel_match_rewrite.py"", ""/home/arjaiswal/Polygeist/issues/aten_c_kernels/results/aten_sparse_coo_to_csr_cpu/debuf.mlir"", ""--dry-run"", ""--matcher-mode"", ""syntactic"", ""--telemetry-json"", ""/home/arjaiswal/Polygeist/issues/equality_saturation_eval/campaign_20260908/aten-aten_sparse_coo_to_csr_cpu-syntactic-w4z1dyv1.json"", ""--disable-semantic-fallback""]","== match report for /home/arjaiswal/Polygeist/issues/aten_c_kernels/results/aten_sparse_coo_to_csr_cpu/debuf.mlir ==
  total: 0 matched / 0 bodies
",0,[],0,0,0,0,/home/arjaiswal/Polygeist/issues/aten_c_kernels/results/aten_sparse_coo_to_csr_cpu/debuf.mlir,2727,0,0,0,573.5509134829044,0,64752,0.0,0,0,0,0,[],0,0,0,0.0,0
aten,aten_sparse_coo_to_csr_cpu,/home/arjaiswal/Polygeist/issues/aten_c_kernels/results/aten_sparse_coo_to_csr_cpu/debuf.mlir,a018b4c90e72414d30353c0f26c74c73d460b11031fb70606c418f9a40445431,egglog,3,ok,0,1515.7997272908688,0,"[""/usr/bin/python3"", ""/home/arjaiswal/Polygeist/scripts/correctness/kernel_match_rewrite.py"", ""/home/arjaiswal/Polygeist/issues/aten_c_kernels/results/aten_sparse_coo_to_csr_cpu/debuf.mlir"", ""--dry-run"", ""--matcher-mode"", ""egglog"", ""--telemetry-json"", ""/home/arjaiswal/Polygeist/issues/equality_saturation_eval/campaign_20260908/aten-aten_sparse_coo_to_csr_cpu-egglog-xv_5b_d4.json"", ""--disable-semantic-fallback""]","== match report for /home/arjaiswal/Polygeist/issues/aten_c_kernels/results/aten_sparse_coo_to_csr_cpu/debuf.mlir ==
  total: 0 matched / 0 bodies
",0,[],0,0,0,0,/home/arjaiswal/Polygeist/issues/aten_c_kernels/results/aten_sparse_coo_to_csr_cpu/debuf.mlir,2727,8,0,0,558.5903935134411,0,64772,0.0,0,0,0,0,[],0,0,0,0.0,0
aten,aten_sparse_coo_to_csr_cpu,/home/arjaiswal/Polygeist/issues/aten_c_kernels/results/aten_sparse_coo_to_csr_cpu/debuf.mlir,a018b4c90e72414d30353c0f26c74c73d460b11031fb70606c418f9a40445431,egglog,4,ok,0,1525.7613994181156,0,"[""/usr/bin/python3"", ""/home/arjaiswal/Polygeist/scripts/correctness/kernel_match_rewrite.py"", ""/home/arjaiswal/Polygeist/issues/aten_c_kernels/results/aten_sparse_coo_to_csr_cpu/debuf.mlir"", ""--dry-run"", ""--matcher-mode"", ""egglog"", ""--telemetry-json"", ""/home/arjaiswal/Polygeist/issues/equality_saturation_eval/campaign_20260908/aten-aten_sparse_coo_to_csr_cpu-egglog-wv5ywcjm.json"", ""--disable-semantic-fallback""]","== match report for /home/arjaiswal/Polygeist/issues/aten_c_kernels/results/aten_sparse_coo_to_csr_cpu/debuf.mlir ==
  total: 0 matched / 0 bodies
",0,[],0,0,0,0,/home/arjaiswal/Polygeist/issues/aten_c_kernels/results/aten_sparse_coo_to_csr_cpu/debuf.mlir,2727,8,0,0,581.6402323544025,0,64748,0.0,0,0,0,0,[],0,0,0,0.0,0
aten,aten_sparse_coo_to_csr_cpu,/home/arjaiswal/Polygeist/issues/aten_c_kernels/results/aten_sparse_coo_to_csr_cpu/debuf.mlir,a018b4c90e72414d30353c0f26c74c73d460b11031fb70606c418f9a40445431,syntactic,4,ok,0,938.2884614169598,0,"[""/usr/bin/python3"", ""/home/arjaiswal/Polygeist/scripts/correctness/kernel_match_rewrite.py"", ""/home/arjaiswal/Polygeist/issues/aten_c_kernels/results/aten_sparse_coo_to_csr_cpu/debuf.mlir"", ""--dry-run"", ""--matcher-mode"", ""syntactic"", ""--telemetry-json"", ""/home/arjaiswal/Polygeist/issues/equality_saturation_eval/campaign_20260908/aten-aten_sparse_coo_to_csr_cpu-syntactic-ba0vgpd5.json"", ""--disable-semantic-fallback""]","== match report for /home/arjaiswal/Polygeist/issues/aten_c_kernels/results/aten_sparse_coo_to_csr_cpu/debuf.mlir ==
  total: 0 matched / 0 bodies
",0,[],0,0,0,0,/home/arjaiswal/Polygeist/issues/aten_c_kernels/results/aten_sparse_coo_to_csr_cpu/debuf.mlir,2727,0,0,0,284.58215296268463,0,64872,0.0,0,0,0,0,[],0,0,0,0.0,0
aten,aten_sparse_coo_to_csr_cpu,/home/arjaiswal/Polygeist/issues/aten_c_kernels/results/aten_sparse_coo_to_csr_cpu/debuf.mlir,a018b4c90e72414d30353c0f26c74c73d460b11031fb70606c418f9a40445431,syntactic,5,ok,0,1729.9332059919834,0,"[""/usr/bin/python3"", ""/home/arjaiswal/Polygeist/scripts/correctness/kernel_match_rewrite.py"", ""/home/arjaiswal/Polygeist/issues/aten_c_kernels/results/aten_sparse_coo_to_csr_cpu/debuf.mlir"", ""--dry-run"", ""--matcher-mode"", ""syntactic"", ""--telemetry-json"", ""/home/arjaiswal/Polygeist/issues/equality_saturation_eval/campaign_20260908/aten-aten_sparse_coo_to_csr_cpu-syntactic-kejpeupv.json"", ""--disable-semantic-fallback""]","== match report for /home/arjaiswal/Polygeist/issues/aten_c_kernels/results/aten_sparse_coo_to_csr_cpu/debuf.mlir ==
  total: 0 matched / 0 bodies
",0,[],0,0,0,0,/home/arjaiswal/Polygeist/issues/aten_c_kernels/results/aten_sparse_coo_to_csr_cpu/debuf.mlir,2727,0,0,0,679.552223533392,0,64668,0.0,0,0,0,0,[],0,0,0,0.0,0
aten,aten_sparse_coo_to_csr_cpu,/home/arjaiswal/Polygeist/issues/aten_c_kernels/results/aten_sparse_coo_to_csr_cpu/debuf.mlir,a018b4c90e72414d30353c0f26c74c73d460b11031fb70606c418f9a40445431,egglog,5,ok,0,895.456463098526,0,"[""/usr/bin/python3"", ""/home/arjaiswal/Polygeist/scripts/correctness/kernel_match_rewrite.py"", ""/home/arjaiswal/Polygeist/issues/aten_c_kernels/results/aten_sparse_coo_to_csr_cpu/debuf.mlir"", ""--dry-run"", ""--matcher-mode"", ""egglog"", ""--telemetry-json"", ""/home/arjaiswal/Polygeist/issues/equality_saturation_eval/campaign_20260908/aten-aten_sparse_coo_to_csr_cpu-egglog-nmire4zi.json"", ""--disable-semantic-fallback""]","== match report for /home/arjaiswal/Polygeist/issues/aten_c_kernels/results/aten_sparse_coo_to_csr_cpu/debuf.mlir ==
  total: 0 matched / 0 bodies
",0,[],0,0,0,0,/home/arjaiswal/Polygeist/issues/aten_c_kernels/results/aten_sparse_coo_to_csr_cpu/debuf.mlir,2727,8,0,0,260.3471949696541,0,64736,0.0,0,0,0,0,[],0,0,0,0.0,0
aten,aten_sparse_csr_add_dense_cpu,/home/arjaiswal/Polygeist/issues/aten_c_kernels/results/aten_sparse_csr_add_dense_cpu/debuf.mlir,90a5d5852f432ee1316b5218fc7ed9e135fcf087a0ada11472fa36526b0da17b,egglog,1,ok,0,1334.2345021665096,0,"[""/usr/bin/python3"", ""/home/arjaiswal/Polygeist/scripts/correctness/kernel_match_rewrite.py"", ""/home/arjaiswal/Polygeist/issues/aten_c_kernels/results/aten_sparse_csr_add_dense_cpu/debuf.mlir"", ""--dry-run"", ""--matcher-mode"", ""egglog"", ""--telemetry-json"", ""/home/arjaiswal/Polygeist/issues/equality_saturation_eval/campaign_20260908/aten-aten_sparse_csr_add_dense_cpu-egglog-yrv_n8u7.json"", ""--disable-semantic-fallback""]","== match report for /home/arjaiswal/Polygeist/issues/aten_c_kernels/results/aten_sparse_csr_add_dense_cpu/debuf.mlir ==
  total: 0 matched / 0 bodies
",0,[],0,0,0,0,/home/arjaiswal/Polygeist/issues/aten_c_kernels/results/aten_sparse_csr_add_dense_cpu/debuf.mlir,2848,8,0,0,534.3046300113201,0,64688,0.0,0,0,0,0,[],0,0,0,0.0,0
aten,aten_sparse_csr_add_dense_cpu,/home/arjaiswal/Polygeist/issues/aten_c_kernels/results/aten_sparse_csr_add_dense_cpu/debuf.mlir,90a5d5852f432ee1316b5218fc7ed9e135fcf087a0ada11472fa36526b0da17b,syntactic,1,ok,0,1561.435405164957,0,"[""/usr/bin/python3"", ""/home/arjaiswal/Polygeist/scripts/correctness/kernel_match_rewrite.py"", ""/home/arjaiswal/Polygeist/issues/aten_c_kernels/results/aten_sparse_csr_add_dense_cpu/debuf.mlir"", ""--dry-run"", ""--matcher-mode"", ""syntactic"", ""--telemetry-json"", ""/home/arjaiswal/Polygeist/issues/equality_saturation_eval/campaign_20260908/aten-aten_sparse_csr_add_dense_cpu-syntactic-qy3_7yw5.json"", ""--disable-semantic-fallback""]","== match report for /home/arjaiswal/Polygeist/issues/aten_c_kernels/results/aten_sparse_csr_add_dense_cpu/debuf.mlir ==
  total: 0 matched / 0 bodies
",0,[],0,0,0,0,/home/arjaiswal/Polygeist/issues/aten_c_kernels/results/aten_sparse_csr_add_dense_cpu/debuf.mlir,2848,0,0,0,602.4469584226608,0,64944,0.0,0,0,0,0,[],0,0,0,0.0,0
aten,aten_sparse_csr_add_dense_cpu,/home/arjaiswal/Polygeist/issues/aten_c_kernels/results/aten_sparse_csr_add_dense_cpu/debuf.mlir,90a5d5852f432ee1316b5218fc7ed9e135fcf087a0ada11472fa36526b0da17b,syntactic,2,ok,0,1521.8748897314072,0,"[""/usr/bin/python3"", ""/home/arjaiswal/Polygeist/scripts/correctness/kernel_match_rewrite.py"", ""/home/arjaiswal/Polygeist/issues/aten_c_kernels/results/aten_sparse_csr_add_dense_cpu/debuf.mlir"", ""--dry-run"", ""--matcher-mode"", ""syntactic"", ""--telemetry-json"", ""/home/arjaiswal/Polygeist/issues/equality_saturation_eval/campaign_20260908/aten-aten_sparse_csr_add_dense_cpu-syntactic-7j4sfhfc.json"", ""--disable-semantic-fallback""]","== match report for /home/arjaiswal/Polygeist/issues/aten_c_kernels/results/aten_sparse_csr_add_dense_cpu/debuf.mlir ==
  total: 0 matched / 0 bodies
",0,[],0,0,0,0,/home/arjaiswal/Polygeist/issues/aten_c_kernels/results/aten_sparse_csr_add_dense_cpu/debuf.mlir,2848,0,0,0,575.5942836403847,0,64756,0.0,0,0,0,0,[],0,0,0,0.0,0
aten,aten_sparse_csr_add_dense_cpu,/home/arjaiswal/Polygeist/issues/aten_c_kernels/results/aten_sparse_csr_add_dense_cpu/debuf.mlir,90a5d5852f432ee1316b5218fc7ed9e135fcf087a0ada11472fa36526b0da17b,egglog,2,ok,0,1545.2827624976635,0,"[""/usr/bin/python3"", ""/home/arjaiswal/Polygeist/scripts/correctness/kernel_match_rewrite.py"", ""/home/arjaiswal/Polygeist/issues/aten_c_kernels/results/aten_sparse_csr_add_dense_cpu/debuf.mlir"", ""--dry-run"", ""--matcher-mode"", ""egglog"", ""--telemetry-json"", ""/home/arjaiswal/Polygeist/issues/equality_saturation_eval/campaign_20260908/aten-aten_sparse_csr_add_dense_cpu-egglog-cj73o383.json"", ""--disable-semantic-fallback""]","== match report for /home/arjaiswal/Polygeist/issues/aten_c_kernels/results/aten_sparse_csr_add_dense_cpu/debuf.mlir ==
  total: 0 matched / 0 bodies
",0,[],0,0,0,0,/home/arjaiswal/Polygeist/issues/aten_c_kernels/results/aten_sparse_csr_add_dense_cpu/debuf.mlir,2848,8,0,0,595.5995731055737,0,64424,0.0,0,0,0,0,[],0,0,0,0.0,0
aten,aten_sparse_csr_add_dense_cpu,/home/arjaiswal/Polygeist/issues/aten_c_kernels/results/aten_sparse_csr_add_dense_cpu/debuf.mlir,90a5d5852f432ee1316b5218fc7ed9e135fcf087a0ada11472fa36526b0da17b,egglog,3,ok,0,1545.8557195961475,0,"[""/usr/bin/python3"", ""/home/arjaiswal/Polygeist/scripts/correctness/kernel_match_rewrite.py"", ""/home/arjaiswal/Polygeist/issues/aten_c_kernels/results/aten_sparse_csr_add_dense_cpu/debuf.mlir"", ""--dry-run"", ""--matcher-mode"", ""egglog"", ""--telemetry-json"", ""/home/arjaiswal/Polygeist/issues/equality_saturation_eval/campaign_20260908/aten-aten_sparse_csr_add_dense_cpu-egglog-slnx2lo_.json"", ""--disable-semantic-fallback""]","== match report for /home/arjaiswal/Polygeist/issues/aten_c_kernels/results/aten_sparse_csr_add_dense_cpu/debuf.mlir ==
  total: 0 matched / 0 bodies
",0,[],0,0,0,0,/home/arjaiswal/Polygeist/issues/aten_c_kernels/results/aten_sparse_csr_add_dense_cpu/debuf.mlir,2848,8,0,0,596.8126840889454,0,64948,0.0,0,0,0,0,[],0,0,0,0.0,0
aten,aten_sparse_csr_add_dense_cpu,/home/arjaiswal/Polygeist/issues/aten_c_kernels/results/aten_sparse_csr_add_dense_cpu/debuf.mlir,90a5d5852f432ee1316b5218fc7ed9e135fcf087a0ada11472fa36526b0da17b,syntactic,3,ok,0,1547.9250140488148,0,"[""/usr/bin/python3"", ""/home/arjaiswal/Polygeist/scripts/correctness/kernel_match_rewrite.py"", ""/home/arjaiswal/Polygeist/issues/aten_c_kernels/results/aten_sparse_csr_add_dense_cpu/debuf.mlir"", ""--dry-run"", ""--matcher-mode"", ""syntactic"", ""--telemetry-json"", ""/home/arjaiswal/Polygeist/issues/equality_saturation_eval/campaign_20260908/aten-aten_sparse_csr_add_dense_cpu-syntactic-s5zw11fz.json"", ""--disable-semantic-fallback""]","== match report for /home/arjaiswal/Polygeist/issues/aten_c_kernels/results/aten_sparse_csr_add_dense_cpu/debuf.mlir ==
  total: 0 matched / 0 bodies
",0,[],0,0,0,0,/home/arjaiswal/Polygeist/issues/aten_c_kernels/results/aten_sparse_csr_add_dense_cpu/debuf.mlir,2848,0,0,0,550.0984117388725,0,64680,0.0,0,0,0,0,[],0,0,0,0.0,0
aten,aten_sparse_csr_add_dense_cpu,/home/arjaiswal/Polygeist/issues/aten_c_kernels/results/aten_sparse_csr_add_dense_cpu/debuf.mlir,90a5d5852f432ee1316b5218fc7ed9e135fcf087a0ada11472fa36526b0da17b,syntactic,4,ok,0,1185.354471206665,0,"[""/usr/bin/python3"", ""/home/arjaiswal/Polygeist/scripts/correctness/kernel_match_rewrite.py"", ""/home/arjaiswal/Polygeist/issues/aten_c_kernels/results/aten_sparse_csr_add_dense_cpu/debuf.mlir"", ""--dry-run"", ""--matcher-mode"", ""syntactic"", ""--telemetry-json"", ""/home/arjaiswal/Polygeist/issues/equality_saturation_eval/campaign_20260908/aten-aten_sparse_csr_add_dense_cpu-syntactic-c3f_k1gf.json"", ""--disable-semantic-fallback""]","== match report for /home/arjaiswal/Polygeist/issues/aten_c_kernels/results/aten_sparse_csr_add_dense_cpu/debuf.mlir ==
  total: 0 matched / 0 bodies
",0,[],0,0,0,0,/home/arjaiswal/Polygeist/issues/aten_c_kernels/results/aten_sparse_csr_add_dense_cpu/debuf.mlir,2848,0,0,0,328.2261826097965,0,64484,0.0,0,0,0,0,[],0,0,0,0.0,0
aten,aten_sparse_csr_add_dense_cpu,/home/arjaiswal/Polygeist/issues/aten_c_kernels/results/aten_sparse_csr_add_dense_cpu/debuf.mlir,90a5d5852f432ee1316b5218fc7ed9e135fcf087a0ada11472fa36526b0da17b,egglog,4,ok,0,1906.8669714033604,0,"[""/usr/bin/python3"", ""/home/arjaiswal/Polygeist/scripts/correctness/kernel_match_rewrite.py"", ""/home/arjaiswal/Polygeist/issues/aten_c_kernels/results/aten_sparse_csr_add_dense_cpu/debuf.mlir"", ""--dry-run"", ""--matcher-mode"", ""egglog"", ""--telemetry-json"", ""/home/arjaiswal/Polygeist/issues/equality_saturation_eval/campaign_20260908/aten-aten_sparse_csr_add_dense_cpu-egglog-iogeces3.json"", ""--disable-semantic-fallback""]","== match report for /home/arjaiswal/Polygeist/issues/aten_c_kernels/results/aten_sparse_csr_add_dense_cpu/debuf.mlir ==
  total: 0 matched / 0 bodies
",0,[],0,0,0,0,/home/arjaiswal/Polygeist/issues/aten_c_kernels/results/aten_sparse_csr_add_dense_cpu/debuf.mlir,2848,8,0,0,801.8357828259468,0,64772,0.0,0,0,0,0,[],0,0,0,0.0,0
aten,aten_sparse_csr_add_dense_cpu,/home/arjaiswal/Polygeist/issues/aten_c_kernels/results/aten_sparse_csr_add_dense_cpu/debuf.mlir,90a5d5852f432ee1316b5218fc7ed9e135fcf087a0ada11472fa36526b0da17b,egglog,5,ok,0,1639.256775379181,0,"[""/usr/bin/python3"", ""/home/arjaiswal/Polygeist/scripts/correctness/kernel_match_rewrite.py"", ""/home/arjaiswal/Polygeist/issues/aten_c_kernels/results/aten_sparse_csr_add_dense_cpu/debuf.mlir"", ""--dry-run"", ""--matcher-mode"", ""egglog"", ""--telemetry-json"", ""/home/arjaiswal/Polygeist/issues/equality_saturation_eval/campaign_20260908/aten-aten_sparse_csr_add_dense_cpu-egglog-f9pl_8v2.json"", ""--disable-semantic-fallback""]","== match report for /home/arjaiswal/Polygeist/issues/aten_c_kernels/results/aten_sparse_csr_add_dense_cpu/debuf.mlir ==
  total: 0 matched / 0 bodies
",0,[],0,0,0,0,/home/arjaiswal/Polygeist/issues/aten_c_kernels/results/aten_sparse_csr_add_dense_cpu/debuf.mlir,2848,8,0,0,473.8819971680641,0,64696,0.0,0,0,0,0,[],0,0,0,0.0,0
aten,aten_sparse_csr_add_dense_cpu,/home/arjaiswal/Polygeist/issues/aten_c_kernels/results/aten_sparse_csr_add_dense_cpu/debuf.mlir,90a5d5852f432ee1316b5218fc7ed9e135fcf087a0ada11472fa36526b0da17b,syntactic,5,ok,0,1903.3138081431389,0,"[""/usr/bin/python3"", ""/home/arjaiswal/Polygeist/scripts/correctness/kernel_match_rewrite.py"", ""/home/arjaiswal/Polygeist/issues/aten_c_kernels/results/aten_sparse_csr_add_dense_cpu/debuf.mlir"", ""--dry-run"", ""--matcher-mode"", ""syntactic"", ""--telemetry-json"", ""/home/arjaiswal/Polygeist/issues/equality_saturation_eval/campaign_20260908/aten-aten_sparse_csr_add_dense_cpu-syntactic-htzrjqwu.json"", ""--disable-semantic-fallback""]","== match report for /home/arjaiswal/Polygeist/issues/aten_c_kernels/results/aten_sparse_csr_add_dense_cpu/debuf.mlir ==
  total: 0 matched / 0 bodies
",0,[],0,0,0,0,/home/arjaiswal/Polygeist/issues/aten_c_kernels/results/aten_sparse_csr_add_dense_cpu/debuf.mlir,2848,0,0,0,739.0844151377678,0,64636,0.0,0,0,0,0,[],0,0,0,0.0,0
aten,aten_sparse_csr_addmm_cpu,/home/arjaiswal/Polygeist/issues/aten_c_kernels/results/aten_sparse_csr_addmm_cpu/debuf.mlir,651dcdb72bba2354213e03a6c91dad7a337e7b4cf44903558d8ae8d8973356bc,syntactic,1,ok,0,1991.2316761910915,0,"[""/usr/bin/python3"", ""/home/arjaiswal/Polygeist/scripts/correctness/kernel_match_rewrite.py"", ""/home/arjaiswal/Polygeist/issues/aten_c_kernels/results/aten_sparse_csr_addmm_cpu/debuf.mlir"", ""--dry-run"", ""--matcher-mode"", ""syntactic"", ""--telemetry-json"", ""/home/arjaiswal/Polygeist/issues/equality_saturation_eval/campaign_20260908/aten-aten_sparse_csr_addmm_cpu-syntactic-gnr0osuk.json"", ""--disable-semantic-fallback""]","== match report for /home/arjaiswal/Polygeist/issues/aten_c_kernels/results/aten_sparse_csr_addmm_cpu/debuf.mlir ==
  total: 0 matched / 0 bodies
",0,[],0,0,0,0,/home/arjaiswal/Polygeist/issues/aten_c_kernels/results/aten_sparse_csr_addmm_cpu/debuf.mlir,2964,0,0,0,700.9035646915436,0,64448,0.0,0,0,0,0,[],0,0,0,0.0,0
aten,aten_sparse_csr_addmm_cpu,/home/arjaiswal/Polygeist/issues/aten_c_kernels/results/aten_sparse_csr_addmm_cpu/debuf.mlir,651dcdb72bba2354213e03a6c91dad7a337e7b4cf44903558d8ae8d8973356bc,egglog,1,ok,0,1799.2938570678234,0,"[""/usr/bin/python3"", ""/home/arjaiswal/Polygeist/scripts/correctness/kernel_match_rewrite.py"", ""/home/arjaiswal/Polygeist/issues/aten_c_kernels/results/aten_sparse_csr_addmm_cpu/debuf.mlir"", ""--dry-run"", ""--matcher-mode"", ""egglog"", ""--telemetry-json"", ""/home/arjaiswal/Polygeist/issues/equality_saturation_eval/campaign_20260908/aten-aten_sparse_csr_addmm_cpu-egglog-zz003zwu.json"", ""--disable-semantic-fallback""]","== match report for /home/arjaiswal/Polygeist/issues/aten_c_kernels/results/aten_sparse_csr_addmm_cpu/debuf.mlir ==
  total: 0 matched / 0 bodies
",0,[],0,0,0,0,/home/arjaiswal/Polygeist/issues/aten_c_kernels/results/aten_sparse_csr_addmm_cpu/debuf.mlir,2964,8,0,0,693.1849829852581,0,64612,0.0,0,0,0,0,[],0,0,0,0.0,0
aten,aten_sparse_csr_addmm_cpu,/home/arjaiswal/Polygeist/issues/aten_c_kernels/results/aten_sparse_csr_addmm_cpu/debuf.mlir,651dcdb72bba2354213e03a6c91dad7a337e7b4cf44903558d8ae8d8973356bc,egglog,2,ok,0,1835.2491073310375,0,"[""/usr/bin/python3"", ""/home/arjaiswal/Polygeist/scripts/correctness/kernel_match_rewrite.py"", ""/home/arjaiswal/Polygeist/issues/aten_c_kernels/results/aten_sparse_csr_addmm_cpu/debuf.mlir"", ""--dry-run"", ""--matcher-mode"", ""egglog"", ""--telemetry-json"", ""/home/arjaiswal/Polygeist/issues/equality_saturation_eval/campaign_20260908/aten-aten_sparse_csr_addmm_cpu-egglog-wyjhnu2n.json"", ""--disable-semantic-fallback""]","== match report for /home/arjaiswal/Polygeist/issues/aten_c_kernels/results/aten_sparse_csr_addmm_cpu/debuf.mlir ==
  total: 0 matched / 0 bodies
",0,[],0,0,0,0,/home/arjaiswal/Polygeist/issues/aten_c_kernels/results/aten_sparse_csr_addmm_cpu/debuf.mlir,2964,8,0,0,654.6914838254452,0,64736,0.0,0,0,0,0,[],0,0,0,0.0,0
aten,aten_sparse_csr_addmm_cpu,/home/arjaiswal/Polygeist/issues/aten_c_kernels/results/aten_sparse_csr_addmm_cpu/debuf.mlir,651dcdb72bba2354213e03a6c91dad7a337e7b4cf44903558d8ae8d8973356bc,syntactic,2,ok,0,1799.2446199059486,0,"[""/usr/bin/python3"", ""/home/arjaiswal/Polygeist/scripts/correctness/kernel_match_rewrite.py"", ""/home/arjaiswal/Polygeist/issues/aten_c_kernels/results/aten_sparse_csr_addmm_cpu/debuf.mlir"", ""--dry-run"", ""--matcher-mode"", ""syntactic"", ""--telemetry-json"", ""/home/arjaiswal/Polygeist/issues/equality_saturation_eval/campaign_20260908/aten-aten_sparse_csr_addmm_cpu-syntactic-0r5g_7z3.json"", ""--disable-semantic-fallback""]","== match report for /home/arjaiswal/Polygeist/issues/aten_c_kernels/results/aten_sparse_csr_addmm_cpu/debuf.mlir ==
  total: 0 matched / 0 bodies
",0,[],0,0,0,0,/home/arjaiswal/Polygeist/issues/aten_c_kernels/results/aten_sparse_csr_addmm_cpu/debuf.mlir,2964,0,0,0,683.4983564913273,0,64620,0.0,0,0,0,0,[],0,0,0,0.0,0
aten,aten_sparse_csr_addmm_cpu,/home/arjaiswal/Polygeist/issues/aten_c_kernels/results/aten_sparse_csr_addmm_cpu/debuf.mlir,651dcdb72bba2354213e03a6c91dad7a337e7b4cf44903558d8ae8d8973356bc,syntactic,3,ok,0,1891.2178725004196,0,"[""/usr/bin/python3"", ""/home/arjaiswal/Polygeist/scripts/correctness/kernel_match_rewrite.py"", ""/home/arjaiswal/Polygeist/issues/aten_c_kernels/results/aten_sparse_csr_addmm_cpu/debuf.mlir"", ""--dry-run"", ""--matcher-mode"", ""syntactic"", ""--telemetry-json"", ""/home/arjaiswal/Polygeist/issues/equality_saturation_eval/campaign_20260908/aten-aten_sparse_csr_addmm_cpu-syntactic-kr8n9yco.json"", ""--disable-semantic-fallback""]","== match report for /home/arjaiswal/Polygeist/issues/aten_c_kernels/results/aten_sparse_csr_addmm_cpu/debuf.mlir ==
  total: 0 matched / 0 bodies
",0,[],0,0,0,0,/home/arjaiswal/Polygeist/issues/aten_c_kernels/results/aten_sparse_csr_addmm_cpu/debuf.mlir,2964,0,0,0,752.1861530840397,0,64740,0.0,0,0,0,0,[],0,0,0,0.0,0
aten,aten_sparse_csr_addmm_cpu,/home/arjaiswal/Polygeist/issues/aten_c_kernels/results/aten_sparse_csr_addmm_cpu/debuf.mlir,651dcdb72bba2354213e03a6c91dad7a337e7b4cf44903558d8ae8d8973356bc,egglog,3,ok,0,1211.7808051407337,0,"[""/usr/bin/python3"", ""/home/arjaiswal/Polygeist/scripts/correctness/kernel_match_rewrite.py"", ""/home/arjaiswal/Polygeist/issues/aten_c_kernels/results/aten_sparse_csr_addmm_cpu/debuf.mlir"", ""--dry-run"", ""--matcher-mode"", ""egglog"", ""--telemetry-json"", ""/home/arjaiswal/Polygeist/issues/equality_saturation_eval/campaign_20260908/aten-aten_sparse_csr_addmm_cpu-egglog-jb2fhpp6.json"", ""--disable-semantic-fallback""]","== match report for /home/arjaiswal/Polygeist/issues/aten_c_kernels/results/aten_sparse_csr_addmm_cpu/debuf.mlir ==
  total: 0 matched / 0 bodies
",0,[],0,0,0,0,/home/arjaiswal/Polygeist/issues/aten_c_kernels/results/aten_sparse_csr_addmm_cpu/debuf.mlir,2964,8,0,0,491.8854124844074,0,64824,0.0,0,0,0,0,[],0,0,0,0.0,0
aten,aten_sparse_csr_addmm_cpu,/home/arjaiswal/Polygeist/issues/aten_c_kernels/results/aten_sparse_csr_addmm_cpu/debuf.mlir,651dcdb72bba2354213e03a6c91dad7a337e7b4cf44903558d8ae8d8973356bc,egglog,4,ok,0,1608.8833436369896,0,"[""/usr/bin/python3"", ""/home/arjaiswal/Polygeist/scripts/correctness/kernel_match_rewrite.py"", ""/home/arjaiswal/Polygeist/issues/aten_c_kernels/results/aten_sparse_csr_addmm_cpu/debuf.mlir"", ""--dry-run"", ""--matcher-mode"", ""egglog"", ""--telemetry-json"", ""/home/arjaiswal/Polygeist/issues/equality_saturation_eval/campaign_20260908/aten-aten_sparse_csr_addmm_cpu-egglog-5cofaz9n.json"", ""--disable-semantic-fallback""]","== match report for /home/arjaiswal/Polygeist/issues/aten_c_kernels/results/aten_sparse_csr_addmm_cpu/debuf.mlir ==
  total: 0 matched / 0 bodies
",0,[],0,0,0,0,/home/arjaiswal/Polygeist/issues/aten_c_kernels/results/aten_sparse_csr_addmm_cpu/debuf.mlir,2964,8,0,0,634.0814046561718,0,64976,0.0,0,0,0,0,[],0,0,0,0.0,0
aten,aten_sparse_csr_addmm_cpu,/home/arjaiswal/Polygeist/issues/aten_c_kernels/results/aten_sparse_csr_addmm_cpu/debuf.mlir,651dcdb72bba2354213e03a6c91dad7a337e7b4cf44903558d8ae8d8973356bc,syntactic,4,ok,0,1512.2223868966103,0,"[""/usr/bin/python3"", ""/home/arjaiswal/Polygeist/scripts/correctness/kernel_match_rewrite.py"", ""/home/arjaiswal/Polygeist/issues/aten_c_kernels/results/aten_sparse_csr_addmm_cpu/debuf.mlir"", ""--dry-run"", ""--matcher-mode"", ""syntactic"", ""--telemetry-json"", ""/home/arjaiswal/Polygeist/issues/equality_saturation_eval/campaign_20260908/aten-aten_sparse_csr_addmm_cpu-syntactic-gsskm5rf.json"", ""--disable-semantic-fallback""]","== match report for /home/arjaiswal/Polygeist/issues/aten_c_kernels/results/aten_sparse_csr_addmm_cpu/debuf.mlir ==
  total: 0 matched / 0 bodies
",0,[],0,0,0,0,/home/arjaiswal/Polygeist/issues/aten_c_kernels/results/aten_sparse_csr_addmm_cpu/debuf.mlir,2964,0,0,0,586.3332636654377,0,64560,0.0,0,0,0,0,[],0,0,0,0.0,0
aten,aten_sparse_csr_addmm_cpu,/home/arjaiswal/Polygeist/issues/aten_c_kernels/results/aten_sparse_csr_addmm_cpu/debuf.mlir,651dcdb72bba2354213e03a6c91dad7a337e7b4cf44903558d8ae8d8973356bc,syntactic,5,ok,0,1530.6788012385368,0,"[""/usr/bin/python3"", ""/home/arjaiswal/Polygeist/scripts/correctness/kernel_match_rewrite.py"", ""/home/arjaiswal/Polygeist/issues/aten_c_kernels/results/aten_sparse_csr_addmm_cpu/debuf.mlir"", ""--dry-run"", ""--matcher-mode"", ""syntactic"", ""--telemetry-json"", ""/home/arjaiswal/Polygeist/issues/equality_saturation_eval/campaign_20260908/aten-aten_sparse_csr_addmm_cpu-syntactic-jwaz4qnv.json"", ""--disable-semantic-fallback""]","== match report for /home/arjaiswal/Polygeist/issues/aten_c_kernels/results/aten_sparse_csr_addmm_cpu/debuf.mlir ==
  total: 0 matched / 0 bodies
",0,[],0,0,0,0,/home/arjaiswal/Polygeist/issues/aten_c_kernels/results/aten_sparse_csr_addmm_cpu/debuf.mlir,2964,0,0,0,559.0988956391811,0,64708,0.0,0,0,0,0,[],0,0,0,0.0,0
aten,aten_sparse_csr_addmm_cpu,/home/arjaiswal/Polygeist/issues/aten_c_kernels/results/aten_sparse_csr_addmm_cpu/debuf.mlir,651dcdb72bba2354213e03a6c91dad7a337e7b4cf44903558d8ae8d8973356bc,egglog,5,ok,0,906.5050557255745,0,"[""/usr/bin/python3"", ""/home/arjaiswal/Polygeist/scripts/correctness/kernel_match_rewrite.py"", ""/home/arjaiswal/Polygeist/issues/aten_c_kernels/results/aten_sparse_csr_addmm_cpu/debuf.mlir"", ""--dry-run"", ""--matcher-mode"", ""egglog"", ""--telemetry-json"", ""/home/arjaiswal/Polygeist/issues/equality_saturation_eval/campaign_20260908/aten-aten_sparse_csr_addmm_cpu-egglog-m4yh36h6.json"", ""--disable-semantic-fallback""]","== match report for /home/arjaiswal/Polygeist/issues/aten_c_kernels/results/aten_sparse_csr_addmm_cpu/debuf.mlir ==
  total: 0 matched / 0 bodies
",0,[],0,0,0,0,/home/arjaiswal/Polygeist/issues/aten_c_kernels/results/aten_sparse_csr_addmm_cpu/debuf.mlir,2964,8,0,0,265.40281623601913,0,64936,0.0,0,0,0,0,[],0,0,0,0.0,0
aten,aten_sparse_csr_reduce_all_cpu,/home/arjaiswal/Polygeist/issues/aten_c_kernels/results/aten_sparse_csr_reduce_all_cpu/debuf.mlir,91575088675077aee6d42dc2173683a2d9eca6721ce7ef978afa349fd1647c39,egglog,1,ok,0,1231.0999296605587,0,"[""/usr/bin/python3"", ""/home/arjaiswal/Polygeist/scripts/correctness/kernel_match_rewrite.py"", ""/home/arjaiswal/Polygeist/issues/aten_c_kernels/results/aten_sparse_csr_reduce_all_cpu/debuf.mlir"", ""--dry-run"", ""--matcher-mode"", ""egglog"", ""--telemetry-json"", ""/home/arjaiswal/Polygeist/issues/equality_saturation_eval/campaign_20260908/aten-aten_sparse_csr_reduce_all_cpu-egglog-lu4o0ta5.json"", ""--disable-semantic-fallback""]","== match report for /home/arjaiswal/Polygeist/issues/aten_c_kernels/results/aten_sparse_csr_reduce_all_cpu/debuf.mlir ==
  match          body#[0]  cudnnReduceSum_f32
  total: 1 matched / 1 bodies
",0,[],0,0,0,0,/home/arjaiswal/Polygeist/issues/aten_c_kernels/results/aten_sparse_csr_reduce_all_cpu/debuf.mlir,2190,8,1,1,710.7047103345394,0,69464,39.39507156610489,2,2,0,4,"[{""body_indices"": [0], ""symbol"": ""cudnnReduceSum_f32""}]",1,0,0,0.0,8
aten,aten_sparse_csr_reduce_all_cpu,/home/arjaiswal/Polygeist/issues/aten_c_kernels/results/aten_sparse_csr_reduce_all_cpu/debuf.mlir,91575088675077aee6d42dc2173683a2d9eca6721ce7ef978afa349fd1647c39,syntactic,1,ok,0,1194.9208788573742,0,"[""/usr/bin/python3"", ""/home/arjaiswal/Polygeist/scripts/correctness/kernel_match_rewrite.py"", ""/home/arjaiswal/Polygeist/issues/aten_c_kernels/results/aten_sparse_csr_reduce_all_cpu/debuf.mlir"", ""--dry-run"", ""--matcher-mode"", ""syntactic"", ""--telemetry-json"", ""/home/arjaiswal/Polygeist/issues/equality_saturation_eval/campaign_20260908/aten-aten_sparse_csr_reduce_all_cpu-syntactic-5iarmlo3.json"", ""--disable-semantic-fallback""]","== match report for /home/arjaiswal/Polygeist/issues/aten_c_kernels/results/aten_sparse_csr_reduce_all_cpu/debuf.mlir ==
  match          body#[0]  cudnnReduceSum_f32
  total: 1 matched / 1 bodies
",0,[],0,0,0,0,/home/arjaiswal/Polygeist/issues/aten_c_kernels/results/aten_sparse_csr_reduce_all_cpu/debuf.mlir,2190,0,1,1,384.74829494953156,0,65768,0.036776065826416016,0,2,0,0,"[{""body_indices"": [0], ""symbol"": ""cudnnReduceSum_f32""}]",1,0,8,0.0,8
aten,aten_sparse_csr_reduce_all_cpu,/home/arjaiswal/Polygeist/issues/aten_c_kernels/results/aten_sparse_csr_reduce_all_cpu/debuf.mlir,91575088675077aee6d42dc2173683a2d9eca6721ce7ef978afa349fd1647c39,syntactic,2,ok,0,2110.9757609665394,0,"[""/usr/bin/python3"", ""/home/arjaiswal/Polygeist/scripts/correctness/kernel_match_rewrite.py"", ""/home/arjaiswal/Polygeist/issues/aten_c_kernels/results/aten_sparse_csr_reduce_all_cpu/debuf.mlir"", ""--dry-run"", ""--matcher-mode"", ""syntactic"", ""--telemetry-json"", ""/home/arjaiswal/Polygeist/issues/equality_saturation_eval/campaign_20260908/aten-aten_sparse_csr_reduce_all_cpu-syntactic-ywv07hs_.json"", ""--disable-semantic-fallback""]","== match report for /home/arjaiswal/Polygeist/issues/aten_c_kernels/results/aten_sparse_csr_reduce_all_cpu/debuf.mlir ==
  match          body#[0]  cudnnReduceSum_f32
  total: 1 matched / 1 bodies
",0,[],0,0,0,0,/home/arjaiswal/Polygeist/issues/aten_c_kernels/results/aten_sparse_csr_reduce_all_cpu/debuf.mlir,2190,0,1,1,771.4921608567238,0,65672,0.04078075289726257,0,2,0,0,"[{""body_indices"": [0], ""symbol"": ""cudnnReduceSum_f32""}]",1,0,8,0.0,8
aten,aten_sparse_csr_reduce_all_cpu,/home/arjaiswal/Polygeist/issues/aten_c_kernels/results/aten_sparse_csr_reduce_all_cpu/debuf.mlir,91575088675077aee6d42dc2173683a2d9eca6721ce7ef978afa349fd1647c39,egglog,2,ok,0,1489.6306246519089,0,"[""/usr/bin/python3"", ""/home/arjaiswal/Polygeist/scripts/correctness/kernel_match_rewrite.py"", ""/home/arjaiswal/Polygeist/issues/aten_c_kernels/results/aten_sparse_csr_reduce_all_cpu/debuf.mlir"", ""--dry-run"", ""--matcher-mode"", ""egglog"", ""--telemetry-json"", ""/home/arjaiswal/Polygeist/issues/equality_saturation_eval/campaign_20260908/aten-aten_sparse_csr_reduce_all_cpu-egglog-chtx2ntm.json"", ""--disable-semantic-fallback""]","== match report for /home/arjaiswal/Polygeist/issues/aten_c_kernels/results/aten_sparse_csr_reduce_all_cpu/debuf.mlir ==
  match          body#[0]  cudnnReduceSum_f32
  total: 1 matched / 1 bodies
",0,[],0,0,0,0,/home/arjaiswal/Polygeist/issues/aten_c_kernels/results/aten_sparse_csr_reduce_all_cpu/debuf.mlir,2190,8,1,1,603.8405559957027,0,69604,25.24883672595024,2,2,0,4,"[{""body_indices"": [0], ""symbol"": ""cudnnReduceSum_f32""}]",1,0,0,0.0,8
aten,aten_sparse_csr_reduce_all_cpu,/home/arjaiswal/Polygeist/issues/aten_c_kernels/results/aten_sparse_csr_reduce_all_cpu/debuf.mlir,91575088675077aee6d42dc2173683a2d9eca6721ce7ef978afa349fd1647c39,egglog,3,ok,0,1210.370745509863,0,"[""/usr/bin/python3"", ""/home/arjaiswal/Polygeist/scripts/correctness/kernel_match_rewrite.py"", ""/home/arjaiswal/Polygeist/issues/aten_c_kernels/results/aten_sparse_csr_reduce_all_cpu/debuf.mlir"", ""--dry-run"", ""--matcher-mode"", ""egglog"", ""--telemetry-json"", ""/home/arjaiswal/Polygeist/issues/equality_saturation_eval/campaign_20260908/aten-aten_sparse_csr_reduce_all_cpu-egglog-w8bgix8o.json"", ""--disable-semantic-fallback""]","== match report for /home/arjaiswal/Polygeist/issues/aten_c_kernels/results/aten_sparse_csr_reduce_all_cpu/debuf.mlir ==
  match          body#[0]  cudnnReduceSum_f32
  total: 1 matched / 1 bodies
",0,[],0,0,0,0,/home/arjaiswal/Polygeist/issues/aten_c_kernels/results/aten_sparse_csr_reduce_all_cpu/debuf.mlir,2190,8,1,1,346.1601845920086,0,69448,24.799339473247528,2,2,0,4,"[{""body_indices"": [0], ""symbol"": ""cudnnReduceSum_f32""}]",1,0,0,0.0,8
aten,aten_sparse_csr_reduce_all_cpu,/home/arjaiswal/Polygeist/issues/aten_c_kernels/results/aten_sparse_csr_reduce_all_cpu/debuf.mlir,91575088675077aee6d42dc2173683a2d9eca6721ce7ef978afa349fd1647c39,syntactic,3,ok,0,878.9551965892315,0,"[""/usr/bin/python3"", ""/home/arjaiswal/Polygeist/scripts/correctness/kernel_match_rewrite.py"", ""/home/arjaiswal/Polygeist/issues/aten_c_kernels/results/aten_sparse_csr_reduce_all_cpu/debuf.mlir"", ""--dry-run"", ""--matcher-mode"", ""syntactic"", ""--telemetry-json"", ""/home/arjaiswal/Polygeist/issues/equality_saturation_eval/campaign_20260908/aten-aten_sparse_csr_reduce_all_cpu-syntactic-f7ds0dgs.json"", ""--disable-semantic-fallback""]","== match report for /home/arjaiswal/Polygeist/issues/aten_c_kernels/results/aten_sparse_csr_reduce_all_cpu/debuf.mlir ==
  match          body#[0]  cudnnReduceSum_f32
  total: 1 matched / 1 bodies
",0,[],0,0,0,0,/home/arjaiswal/Polygeist/issues/aten_c_kernels/results/aten_sparse_csr_reduce_all_cpu/debuf.mlir,2190,0,1,1,314.94713947176933,0,65744,0.03954395651817322,0,2,0,0,"[{""body_indices"": [0], ""symbol"": ""cudnnReduceSum_f32""}]",1,0,8,0.0,8
aten,aten_sparse_csr_reduce_all_cpu,/home/arjaiswal/Polygeist/issues/aten_c_kernels/results/aten_sparse_csr_reduce_all_cpu/debuf.mlir,91575088675077aee6d42dc2173683a2d9eca6721ce7ef978afa349fd1647c39,syntactic,4,ok,0,1638.5720781981945,0,"[""/usr/bin/python3"", ""/home/arjaiswal/Polygeist/scripts/correctness/kernel_match_rewrite.py"", ""/home/arjaiswal/Polygeist/issues/aten_c_kernels/results/aten_sparse_csr_reduce_all_cpu/debuf.mlir"", ""--dry-run"", ""--matcher-mode"", ""syntactic"", ""--telemetry-json"", ""/home/arjaiswal/Polygeist/issues/equality_saturation_eval/campaign_20260908/aten-aten_sparse_csr_reduce_all_cpu-syntactic-05bp75go.json"", ""--disable-semantic-fallback""]","== match report for /home/arjaiswal/Polygeist/issues/aten_c_kernels/results/aten_sparse_csr_reduce_all_cpu/debuf.mlir ==
  match          body#[0]  cudnnReduceSum_f32
  total: 1 matched / 1 bodies
",0,[],0,0,0,0,/home/arjaiswal/Polygeist/issues/aten_c_kernels/results/aten_sparse_csr_reduce_all_cpu/debuf.mlir,2190,0,1,1,668.290987610817,0,65692,0.03682076930999756,0,2,0,0,"[{""body_indices"": [0], ""symbol"": ""cudnnReduceSum_f32""}]",1,0,8,0.0,8
aten,aten_sparse_csr_reduce_all_cpu,/home/arjaiswal/Polygeist/issues/aten_c_kernels/results/aten_sparse_csr_reduce_all_cpu/debuf.mlir,91575088675077aee6d42dc2173683a2d9eca6721ce7ef978afa349fd1647c39,egglog,4,ok,0,1041.76377505064,0,"[""/usr/bin/python3"", ""/home/arjaiswal/Polygeist/scripts/correctness/kernel_match_rewrite.py"", ""/home/arjaiswal/Polygeist/issues/aten_c_kernels/results/aten_sparse_csr_reduce_all_cpu/debuf.mlir"", ""--dry-run"", ""--matcher-mode"", ""egglog"", ""--telemetry-json"", ""/home/arjaiswal/Polygeist/issues/equality_saturation_eval/campaign_20260908/aten-aten_sparse_csr_reduce_all_cpu-egglog-7hc26i2r.json"", ""--disable-semantic-fallback""]","== match report for /home/arjaiswal/Polygeist/issues/aten_c_kernels/results/aten_sparse_csr_reduce_all_cpu/debuf.mlir ==
  match          body#[0]  cudnnReduceSum_f32
  total: 1 matched / 1 bodies
",0,[],0,0,0,0,/home/arjaiswal/Polygeist/issues/aten_c_kernels/results/aten_sparse_csr_reduce_all_cpu/debuf.mlir,2190,8,1,1,420.48459127545357,0,69348,31.001050025224686,2,2,0,4,"[{""body_indices"": [0], ""symbol"": ""cudnnReduceSum_f32""}]",1,0,0,0.0,8
aten,aten_sparse_csr_reduce_all_cpu,/home/arjaiswal/Polygeist/issues/aten_c_kernels/results/aten_sparse_csr_reduce_all_cpu/debuf.mlir,91575088675077aee6d42dc2173683a2d9eca6721ce7ef978afa349fd1647c39,egglog,5,ok,0,1394.2287117242813,0,"[""/usr/bin/python3"", ""/home/arjaiswal/Polygeist/scripts/correctness/kernel_match_rewrite.py"", ""/home/arjaiswal/Polygeist/issues/aten_c_kernels/results/aten_sparse_csr_reduce_all_cpu/debuf.mlir"", ""--dry-run"", ""--matcher-mode"", ""egglog"", ""--telemetry-json"", ""/home/arjaiswal/Polygeist/issues/equality_saturation_eval/campaign_20260908/aten-aten_sparse_csr_reduce_all_cpu-egglog-91_3t0k4.json"", ""--disable-semantic-fallback""]","== match report for /home/arjaiswal/Polygeist/issues/aten_c_kernels/results/aten_sparse_csr_reduce_all_cpu/debuf.mlir ==
  match          body#[0]  cudnnReduceSum_f32
  total: 1 matched / 1 bodies
",0,[],0,0,0,0,/home/arjaiswal/Polygeist/issues/aten_c_kernels/results/aten_sparse_csr_reduce_all_cpu/debuf.mlir,2190,8,1,1,709.1137394309044,0,69648,47.25143685936928,2,2,0,4,"[{""body_indices"": [0], ""symbol"": ""cudnnReduceSum_f32""}]",1,0,0,0.0,8
aten,aten_sparse_csr_reduce_all_cpu,/home/arjaiswal/Polygeist/issues/aten_c_kernels/results/aten_sparse_csr_reduce_all_cpu/debuf.mlir,91575088675077aee6d42dc2173683a2d9eca6721ce7ef978afa349fd1647c39,syntactic,5,ok,0,1164.8794747889042,0,"[""/usr/bin/python3"", ""/home/arjaiswal/Polygeist/scripts/correctness/kernel_match_rewrite.py"", ""/home/arjaiswal/Polygeist/issues/aten_c_kernels/results/aten_sparse_csr_reduce_all_cpu/debuf.mlir"", ""--dry-run"", ""--matcher-mode"", ""syntactic"", ""--telemetry-json"", ""/home/arjaiswal/Polygeist/issues/equality_saturation_eval/campaign_20260908/aten-aten_sparse_csr_reduce_all_cpu-syntactic-zr5ftrvd.json"", ""--disable-semantic-fallback""]","== match report for /home/arjaiswal/Polygeist/issues/aten_c_kernels/results/aten_sparse_csr_reduce_all_cpu/debuf.mlir ==
  match          body#[0]  cudnnReduceSum_f32
  total: 1 matched / 1 bodies
",0,[],0,0,0,0,/home/arjaiswal/Polygeist/issues/aten_c_kernels/results/aten_sparse_csr_reduce_all_cpu/debuf.mlir,2190,0,1,1,332.6001167297363,0,65500,0.038236379623413086,0,2,0,0,"[{""body_indices"": [0], ""symbol"": ""cudnnReduceSum_f32""}]",1,0,8,0.0,8
aten,aten_sparse_csr_reduce_dim0_cpu,/home/arjaiswal/Polygeist/issues/aten_c_kernels/results/aten_sparse_csr_reduce_dim0_cpu/debuf.mlir,ffbbbe6fe585910d8496f96f4d88a31931e9d073ac429b6b1ba17eb590d0624e,syntactic,1,ok,0,783.514853566885,0,"[""/usr/bin/python3"", ""/home/arjaiswal/Polygeist/scripts/correctness/kernel_match_rewrite.py"", ""/home/arjaiswal/Polygeist/issues/aten_c_kernels/results/aten_sparse_csr_reduce_dim0_cpu/debuf.mlir"", ""--dry-run"", ""--matcher-mode"", ""syntactic"", ""--telemetry-json"", ""/home/arjaiswal/Polygeist/issues/equality_saturation_eval/campaign_20260908/aten-aten_sparse_csr_reduce_dim0_cpu-syntactic-bvnl_w7n.json"", ""--disable-semantic-fallback""]","== match report for /home/arjaiswal/Polygeist/issues/aten_c_kernels/results/aten_sparse_csr_reduce_dim0_cpu/debuf.mlir ==
  match          body#[0]  memset_zero_1D_f32
  total: 1 matched / 1 bodies
",0,[],0,0,0,0,/home/arjaiswal/Polygeist/issues/aten_c_kernels/results/aten_sparse_csr_reduce_dim0_cpu/debuf.mlir,3085,0,1,1,294.8504462838173,0,64680,0.021006911993026733,0,2,0,0,"[{""body_indices"": [0], ""symbol"": ""memset_zero_1D_f32""}]",1,0,4,0.0,4
aten,aten_sparse_csr_reduce_dim0_cpu,/home/arjaiswal/Polygeist/issues/aten_c_kernels/results/aten_sparse_csr_reduce_dim0_cpu/debuf.mlir,ffbbbe6fe585910d8496f96f4d88a31931e9d073ac429b6b1ba17eb590d0624e,egglog,1,ok,0,769.0873183310032,0,"[""/usr/bin/python3"", ""/home/arjaiswal/Polygeist/scripts/correctness/kernel_match_rewrite.py"", ""/home/arjaiswal/Polygeist/issues/aten_c_kernels/results/aten_sparse_csr_reduce_dim0_cpu/debuf.mlir"", ""--dry-run"", ""--matcher-mode"", ""egglog"", ""--telemetry-json"", ""/home/arjaiswal/Polygeist/issues/equality_saturation_eval/campaign_20260908/aten-aten_sparse_csr_reduce_dim0_cpu-egglog-eh0t29nh.json"", ""--disable-semantic-fallback""]","== match report for /home/arjaiswal/Polygeist/issues/aten_c_kernels/results/aten_sparse_csr_reduce_dim0_cpu/debuf.mlir ==
  match          body#[0]  memset_zero_1D_f32
  total: 1 matched / 1 bodies
",0,[],0,0,0,0,/home/arjaiswal/Polygeist/issues/aten_c_kernels/results/aten_sparse_csr_reduce_dim0_cpu/debuf.mlir,3085,8,1,1,312.50249966979027,0,69620,24.512961506843567,2,2,0,0,"[{""body_indices"": [0], ""symbol"": ""memset_zero_1D_f32""}]",1,0,0,0.0,4
aten,aten_sparse_csr_reduce_dim0_cpu,/home/arjaiswal/Polygeist/issues/aten_c_kernels/results/aten_sparse_csr_reduce_dim0_cpu/debuf.mlir,ffbbbe6fe585910d8496f96f4d88a31931e9d073ac429b6b1ba17eb590d0624e,egglog,2,ok,0,779.6610407531261,0,"[""/usr/bin/python3"", ""/home/arjaiswal/Polygeist/scripts/correctness/kernel_match_rewrite.py"", ""/home/arjaiswal/Polygeist/issues/aten_c_kernels/results/aten_sparse_csr_reduce_dim0_cpu/debuf.mlir"", ""--dry-run"", ""--matcher-mode"", ""egglog"", ""--telemetry-json"", ""/home/arjaiswal/Polygeist/issues/equality_saturation_eval/campaign_20260908/aten-aten_sparse_csr_reduce_dim0_cpu-egglog-9ly5iepn.json"", ""--disable-semantic-fallback""]","== match report for /home/arjaiswal/Polygeist/issues/aten_c_kernels/results/aten_sparse_csr_reduce_dim0_cpu/debuf.mlir ==
  match          body#[0]  memset_zero_1D_f32
  total: 1 matched / 1 bodies
",0,[],0,0,0,0,/home/arjaiswal/Polygeist/issues/aten_c_kernels/results/aten_sparse_csr_reduce_dim0_cpu/debuf.mlir,3085,8,1,1,305.8364689350128,0,69500,21.3034451007843,2,2,0,0,"[{""body_indices"": [0], ""symbol"": ""memset_zero_1D_f32""}]",1,0,0,0.0,4
aten,aten_sparse_csr_reduce_dim0_cpu,/home/arjaiswal/Polygeist/issues/aten_c_kernels/results/aten_sparse_csr_reduce_dim0_cpu/debuf.mlir,ffbbbe6fe585910d8496f96f4d88a31931e9d073ac429b6b1ba17eb590d0624e,syntactic,2,ok,0,703.4764476120472,0,"[""/usr/bin/python3"", ""/home/arjaiswal/Polygeist/scripts/correctness/kernel_match_rewrite.py"", ""/home/arjaiswal/Polygeist/issues/aten_c_kernels/results/aten_sparse_csr_reduce_dim0_cpu/debuf.mlir"", ""--dry-run"", ""--matcher-mode"", ""syntactic"", ""--telemetry-json"", ""/home/arjaiswal/Polygeist/issues/equality_saturation_eval/campaign_20260908/aten-aten_sparse_csr_reduce_dim0_cpu-syntactic-xvm3ul6l.json"", ""--disable-semantic-fallback""]","== match report for /home/arjaiswal/Polygeist/issues/aten_c_kernels/results/aten_sparse_csr_reduce_dim0_cpu/debuf.mlir ==
  match          body#[0]  memset_zero_1D_f32
  total: 1 matched / 1 bodies
",0,[],0,0,0,0,/home/arjaiswal/Polygeist/issues/aten_c_kernels/results/aten_sparse_csr_reduce_dim0_cpu/debuf.mlir,3085,0,1,1,272.6793996989727,0,64664,0.018849968910217285,0,2,0,0,"[{""body_indices"": [0], ""symbol"": ""memset_zero_1D_f32""}]",1,0,4,0.0,4
aten,aten_sparse_csr_reduce_dim0_cpu,/home/arjaiswal/Polygeist/issues/aten_c_kernels/results/aten_sparse_csr_reduce_dim0_cpu/debuf.mlir,ffbbbe6fe585910d8496f96f4d88a31931e9d073ac429b6b1ba17eb590d0624e,syntactic,3,ok,0,690.20039960742,0,"[""/usr/bin/python3"", ""/home/arjaiswal/Polygeist/scripts/correctness/kernel_match_rewrite.py"", ""/home/arjaiswal/Polygeist/issues/aten_c_kernels/results/aten_sparse_csr_reduce_dim0_cpu/debuf.mlir"", ""--dry-run"", ""--matcher-mode"", ""syntactic"", ""--telemetry-json"", ""/home/arjaiswal/Polygeist/issues/equality_saturation_eval/campaign_20260908/aten-aten_sparse_csr_reduce_dim0_cpu-syntactic-d1593d54.json"", ""--disable-semantic-fallback""]","== match report for /home/arjaiswal/Polygeist/issues/aten_c_kernels/results/aten_sparse_csr_reduce_dim0_cpu/debuf.mlir ==
  match          body#[0]  memset_zero_1D_f32
  total: 1 matched / 1 bodies
",0,[],0,0,0,0,/home/arjaiswal/Polygeist/issues/aten_c_kernels/results/aten_sparse_csr_reduce_dim0_cpu/debuf.mlir,3085,0,1,1,272.21759781241417,0,64676,0.01886114478111267,0,2,0,0,"[{""body_indices"": [0], ""symbol"": ""memset_zero_1D_f32""}]",1,0,4,0.0,4
aten,aten_sparse_csr_reduce_dim0_cpu,/home/arjaiswal/Polygeist/issues/aten_c_kernels/results/aten_sparse_csr_reduce_dim0_cpu/debuf.mlir,ffbbbe6fe585910d8496f96f4d88a31931e9d073ac429b6b1ba17eb590d0624e,egglog,3,ok,0,701.5024051070213,0,"[""/usr/bin/python3"", ""/home/arjaiswal/Polygeist/scripts/correctness/kernel_match_rewrite.py"", ""/home/arjaiswal/Polygeist/issues/aten_c_kernels/results/aten_sparse_csr_reduce_dim0_cpu/debuf.mlir"", ""--dry-run"", ""--matcher-mode"", ""egglog"", ""--telemetry-json"", ""/home/arjaiswal/Polygeist/issues/equality_saturation_eval/campaign_20260908/aten-aten_sparse_csr_reduce_dim0_cpu-egglog-x13oho7m.json"", ""--disable-semantic-fallback""]","== match report for /home/arjaiswal/Polygeist/issues/aten_c_kernels/results/aten_sparse_csr_reduce_dim0_cpu/debuf.mlir ==
  match          body#[0]  memset_zero_1D_f32
  total: 1 matched / 1 bodies
",0,[],0,0,0,0,/home/arjaiswal/Polygeist/issues/aten_c_kernels/results/aten_sparse_csr_reduce_dim0_cpu/debuf.mlir,3085,8,1,1,286.21700406074524,0,69436,20.807139575481415,2,2,0,0,"[{""body_indices"": [0], ""symbol"": ""memset_zero_1D_f32""}]",1,0,0,0.0,4
aten,aten_sparse_csr_reduce_dim0_cpu,/home/arjaiswal/Polygeist/issues/aten_c_kernels/results/aten_sparse_csr_reduce_dim0_cpu/debuf.mlir,ffbbbe6fe585910d8496f96f4d88a31931e9d073ac429b6b1ba17eb590d0624e,egglog,4,ok,0,742.7307181060314,0,"[""/usr/bin/python3"", ""/home/arjaiswal/Polygeist/scripts/correctness/kernel_match_rewrite.py"", ""/home/arjaiswal/Polygeist/issues/aten_c_kernels/results/aten_sparse_csr_reduce_dim0_cpu/debuf.mlir"", ""--dry-run"", ""--matcher-mode"", ""egglog"", ""--telemetry-json"", ""/home/arjaiswal/Polygeist/issues/equality_saturation_eval/campaign_20260908/aten-aten_sparse_csr_reduce_dim0_cpu-egglog-i1dp24k3.json"", ""--disable-semantic-fallback""]","== match report for /home/arjaiswal/Polygeist/issues/aten_c_kernels/results/aten_sparse_csr_reduce_dim0_cpu/debuf.mlir ==
  match          body#[0]  memset_zero_1D_f32
  total: 1 matched / 1 bodies
",0,[],0,0,0,0,/home/arjaiswal/Polygeist/issues/aten_c_kernels/results/aten_sparse_csr_reduce_dim0_cpu/debuf.mlir,3085,8,1,1,299.3256039917469,0,69552,21.310798823833466,2,2,0,0,"[{""body_indices"": [0], ""symbol"": ""memset_zero_1D_f32""}]",1,0,0,0.0,4
aten,aten_sparse_csr_reduce_dim0_cpu,/home/arjaiswal/Polygeist/issues/aten_c_kernels/results/aten_sparse_csr_reduce_dim0_cpu/debuf.mlir,ffbbbe6fe585910d8496f96f4d88a31931e9d073ac429b6b1ba17eb590d0624e,syntactic,4,ok,0,711.5513607859612,0,"[""/usr/bin/python3"", ""/home/arjaiswal/Polygeist/scripts/correctness/kernel_match_rewrite.py"", ""/home/arjaiswal/Polygeist/issues/aten_c_kernels/results/aten_sparse_csr_reduce_dim0_cpu/debuf.mlir"", ""--dry-run"", ""--matcher-mode"", ""syntactic"", ""--telemetry-json"", ""/home/arjaiswal/Polygeist/issues/equality_saturation_eval/campaign_20260908/aten-aten_sparse_csr_reduce_dim0_cpu-syntactic-01fd05st.json"", ""--disable-semantic-fallback""]","== match report for /home/arjaiswal/Polygeist/issues/aten_c_kernels/results/aten_sparse_csr_reduce_dim0_cpu/debuf.mlir ==
  match          body#[0]  memset_zero_1D_f32
  total: 1 matched / 1 bodies
",0,[],0,0,0,0,/home/arjaiswal/Polygeist/issues/aten_c_kernels/results/aten_sparse_csr_reduce_dim0_cpu/debuf.mlir,3085,0,1,1,290.02534970641136,0,64636,0.016685575246810913,0,2,0,0,"[{""body_indices"": [0], ""symbol"": ""memset_zero_1D_f32""}]",1,0,4,0.0,4
aten,aten_sparse_csr_reduce_dim0_cpu,/home/arjaiswal/Polygeist/issues/aten_c_kernels/results/aten_sparse_csr_reduce_dim0_cpu/debuf.mlir,ffbbbe6fe585910d8496f96f4d88a31931e9d073ac429b6b1ba17eb590d0624e,syntactic,5,ok,0,709.2446982860565,0,"[""/usr/bin/python3"", ""/home/arjaiswal/Polygeist/scripts/correctness/kernel_match_rewrite.py"", ""/home/arjaiswal/Polygeist/issues/aten_c_kernels/results/aten_sparse_csr_reduce_dim0_cpu/debuf.mlir"", ""--dry-run"", ""--matcher-mode"", ""syntactic"", ""--telemetry-json"", ""/home/arjaiswal/Polygeist/issues/equality_saturation_eval/campaign_20260908/aten-aten_sparse_csr_reduce_dim0_cpu-syntactic-vmp4tj0j.json"", ""--disable-semantic-fallback""]","== match report for /home/arjaiswal/Polygeist/issues/aten_c_kernels/results/aten_sparse_csr_reduce_dim0_cpu/debuf.mlir ==
  match          body#[0]  memset_zero_1D_f32
  total: 1 matched / 1 bodies
",0,[],0,0,0,0,/home/arjaiswal/Polygeist/issues/aten_c_kernels/results/aten_sparse_csr_reduce_dim0_cpu/debuf.mlir,3085,0,1,1,283.21265429258347,0,64800,0.01808255910873413,0,2,0,0,"[{""body_indices"": [0], ""symbol"": ""memset_zero_1D_f32""}]",1,0,4,0.0,4
aten,aten_sparse_csr_reduce_dim0_cpu,/home/arjaiswal/Polygeist/issues/aten_c_kernels/results/aten_sparse_csr_reduce_dim0_cpu/debuf.mlir,ffbbbe6fe585910d8496f96f4d88a31931e9d073ac429b6b1ba17eb590d0624e,egglog,5,ok,0,707.0264928042889,0,"[""/usr/bin/python3"", ""/home/arjaiswal/Polygeist/scripts/correctness/kernel_match_rewrite.py"", ""/home/arjaiswal/Polygeist/issues/aten_c_kernels/results/aten_sparse_csr_reduce_dim0_cpu/debuf.mlir"", ""--dry-run"", ""--matcher-mode"", ""egglog"", ""--telemetry-json"", ""/home/arjaiswal/Polygeist/issues/equality_saturation_eval/campaign_20260908/aten-aten_sparse_csr_reduce_dim0_cpu-egglog-t7x883vb.json"", ""--disable-semantic-fallback""]","== match report for /home/arjaiswal/Polygeist/issues/aten_c_kernels/results/aten_sparse_csr_reduce_dim0_cpu/debuf.mlir ==
  match          body#[0]  memset_zero_1D_f32
  total: 1 matched / 1 bodies
",0,[],0,0,0,0,/home/arjaiswal/Polygeist/issues/aten_c_kernels/results/aten_sparse_csr_reduce_dim0_cpu/debuf.mlir,3085,8,1,1,286.61322966217995,0,69644,21.496281027793884,2,2,0,0,"[{""body_indices"": [0], ""symbol"": ""memset_zero_1D_f32""}]",1,0,0,0.0,4
aten,aten_sparse_csr_reduce_dim1_cpu,/home/arjaiswal/Polygeist/issues/aten_c_kernels/results/aten_sparse_csr_reduce_dim1_cpu/debuf.mlir,6a9b4846e96824c1a320dc0889095e245aaf9b74aee30393444c24ef07710aa8,egglog,1,ok,0,680.533304810524,0,"[""/usr/bin/python3"", ""/home/arjaiswal/Polygeist/scripts/correctness/kernel_match_rewrite.py"", ""/home/arjaiswal/Polygeist/issues/aten_c_kernels/results/aten_sparse_csr_reduce_dim1_cpu/debuf.mlir"", ""--dry-run"", ""--matcher-mode"", ""egglog"", ""--telemetry-json"", ""/home/arjaiswal/Polygeist/issues/equality_saturation_eval/campaign_20260908/aten-aten_sparse_csr_reduce_dim1_cpu-egglog-3sjb8gfg.json"", ""--disable-semantic-fallback""]","== match report for /home/arjaiswal/Polygeist/issues/aten_c_kernels/results/aten_sparse_csr_reduce_dim1_cpu/debuf.mlir ==
  total: 0 matched / 0 bodies
",0,[],0,0,0,0,/home/arjaiswal/Polygeist/issues/aten_c_kernels/results/aten_sparse_csr_reduce_dim1_cpu/debuf.mlir,2359,8,0,0,264.6816074848175,0,64388,0.0,0,0,0,0,[],0,0,0,0.0,0
aten,aten_sparse_csr_reduce_dim1_cpu,/home/arjaiswal/Polygeist/issues/aten_c_kernels/results/aten_sparse_csr_reduce_dim1_cpu/debuf.mlir,6a9b4846e96824c1a320dc0889095e245aaf9b74aee30393444c24ef07710aa8,syntactic,1,ok,0,681.3368685543537,0,"[""/usr/bin/python3"", ""/home/arjaiswal/Polygeist/scripts/correctness/kernel_match_rewrite.py"", ""/home/arjaiswal/Polygeist/issues/aten_c_kernels/results/aten_sparse_csr_reduce_dim1_cpu/debuf.mlir"", ""--dry-run"", ""--matcher-mode"", ""syntactic"", ""--telemetry-json"", ""/home/arjaiswal/Polygeist/issues/equality_saturation_eval/campaign_20260908/aten-aten_sparse_csr_reduce_dim1_cpu-syntactic-nj9tn_ro.json"", ""--disable-semantic-fallback""]","== match report for /home/arjaiswal/Polygeist/issues/aten_c_kernels/results/aten_sparse_csr_reduce_dim1_cpu/debuf.mlir ==
  total: 0 matched / 0 bodies
",0,[],0,0,0,0,/home/arjaiswal/Polygeist/issues/aten_c_kernels/results/aten_sparse_csr_reduce_dim1_cpu/debuf.mlir,2359,0,0,0,277.3922011256218,0,64912,0.0,0,0,0,0,[],0,0,0,0.0,0
aten,aten_sparse_csr_reduce_dim1_cpu,/home/arjaiswal/Polygeist/issues/aten_c_kernels/results/aten_sparse_csr_reduce_dim1_cpu/debuf.mlir,6a9b4846e96824c1a320dc0889095e245aaf9b74aee30393444c24ef07710aa8,syntactic,2,ok,0,674.1829551756382,0,"[""/usr/bin/python3"", ""/home/arjaiswal/Polygeist/scripts/correctness/kernel_match_rewrite.py"", ""/home/arjaiswal/Polygeist/issues/aten_c_kernels/results/aten_sparse_csr_reduce_dim1_cpu/debuf.mlir"", ""--dry-run"", ""--matcher-mode"", ""syntactic"", ""--telemetry-json"", ""/home/arjaiswal/Polygeist/issues/equality_saturation_eval/campaign_20260908/aten-aten_sparse_csr_reduce_dim1_cpu-syntactic-d61op0ui.json"", ""--disable-semantic-fallback""]","== match report for /home/arjaiswal/Polygeist/issues/aten_c_kernels/results/aten_sparse_csr_reduce_dim1_cpu/debuf.mlir ==
  total: 0 matched / 0 bodies
",0,[],0,0,0,0,/home/arjaiswal/Polygeist/issues/aten_c_kernels/results/aten_sparse_csr_reduce_dim1_cpu/debuf.mlir,2359,0,0,0,255.94716146588326,0,64688,0.0,0,0,0,0,[],0,0,0,0.0,0
aten,aten_sparse_csr_reduce_dim1_cpu,/home/arjaiswal/Polygeist/issues/aten_c_kernels/results/aten_sparse_csr_reduce_dim1_cpu/debuf.mlir,6a9b4846e96824c1a320dc0889095e245aaf9b74aee30393444c24ef07710aa8,egglog,2,ok,0,659.4962663948536,0,"[""/usr/bin/python3"", ""/home/arjaiswal/Polygeist/scripts/correctness/kernel_match_rewrite.py"", ""/home/arjaiswal/Polygeist/issues/aten_c_kernels/results/aten_sparse_csr_reduce_dim1_cpu/debuf.mlir"", ""--dry-run"", ""--matcher-mode"", ""egglog"", ""--telemetry-json"", ""/home/arjaiswal/Polygeist/issues/equality_saturation_eval/campaign_20260908/aten-aten_sparse_csr_reduce_dim1_cpu-egglog-6dm1dr19.json"", ""--disable-semantic-fallback""]","== match report for /home/arjaiswal/Polygeist/issues/aten_c_kernels/results/aten_sparse_csr_reduce_dim1_cpu/debuf.mlir ==
  total: 0 matched / 0 bodies
",0,[],0,0,0,0,/home/arjaiswal/Polygeist/issues/aten_c_kernels/results/aten_sparse_csr_reduce_dim1_cpu/debuf.mlir,2359,8,0,0,260.1632736623287,0,64820,0.0,0,0,0,0,[],0,0,0,0.0,0
aten,aten_sparse_csr_reduce_dim1_cpu,/home/arjaiswal/Polygeist/issues/aten_c_kernels/results/aten_sparse_csr_reduce_dim1_cpu/debuf.mlir,6a9b4846e96824c1a320dc0889095e245aaf9b74aee30393444c24ef07710aa8,egglog,3,ok,0,731.3085161149502,0,"[""/usr/bin/python3"", ""/home/arjaiswal/Polygeist/scripts/correctness/kernel_match_rewrite.py"", ""/home/arjaiswal/Polygeist/issues/aten_c_kernels/results/aten_sparse_csr_reduce_dim1_cpu/debuf.mlir"", ""--dry-run"", ""--matcher-mode"", ""egglog"", ""--telemetry-json"", ""/home/arjaiswal/Polygeist/issues/equality_saturation_eval/campaign_20260908/aten-aten_sparse_csr_reduce_dim1_cpu-egglog-enqblhfm.json"", ""--disable-semantic-fallback""]","== match report for /home/arjaiswal/Polygeist/issues/aten_c_kernels/results/aten_sparse_csr_reduce_dim1_cpu/debuf.mlir ==
  total: 0 matched / 0 bodies
",0,[],0,0,0,0,/home/arjaiswal/Polygeist/issues/aten_c_kernels/results/aten_sparse_csr_reduce_dim1_cpu/debuf.mlir,2359,8,0,0,277.1368660032749,0,64752,0.0,0,0,0,0,[],0,0,0,0.0,0
aten,aten_sparse_csr_reduce_dim1_cpu,/home/arjaiswal/Polygeist/issues/aten_c_kernels/results/aten_sparse_csr_reduce_dim1_cpu/debuf.mlir,6a9b4846e96824c1a320dc0889095e245aaf9b74aee30393444c24ef07710aa8,syntactic,3,ok,0,714.1305916011333,0,"[""/usr/bin/python3"", ""/home/arjaiswal/Polygeist/scripts/correctness/kernel_match_rewrite.py"", ""/home/arjaiswal/Polygeist/issues/aten_c_kernels/results/aten_sparse_csr_reduce_dim1_cpu/debuf.mlir"", ""--dry-run"", ""--matcher-mode"", ""syntactic"", ""--telemetry-json"", ""/home/arjaiswal/Polygeist/issues/equality_saturation_eval/campaign_20260908/aten-aten_sparse_csr_reduce_dim1_cpu-syntactic-3j2mgxov.json"", ""--disable-semantic-fallback""]","== match report for /home/arjaiswal/Polygeist/issues/aten_c_kernels/results/aten_sparse_csr_reduce_dim1_cpu/debuf.mlir ==
  total: 0 matched / 0 bodies
",0,[],0,0,0,0,/home/arjaiswal/Polygeist/issues/aten_c_kernels/results/aten_sparse_csr_reduce_dim1_cpu/debuf.mlir,2359,0,0,0,261.9598098099232,0,64716,0.0,0,0,0,0,[],0,0,0,0.0,0
aten,aten_sparse_csr_reduce_dim1_cpu,/home/arjaiswal/Polygeist/issues/aten_c_kernels/results/aten_sparse_csr_reduce_dim1_cpu/debuf.mlir,6a9b4846e96824c1a320dc0889095e245aaf9b74aee30393444c24ef07710aa8,syntactic,4,ok,0,681.8358972668648,0,"[""/usr/bin/python3"", ""/home/arjaiswal/Polygeist/scripts/correctness/kernel_match_rewrite.py"", ""/home/arjaiswal/Polygeist/issues/aten_c_kernels/results/aten_sparse_csr_reduce_dim1_cpu/debuf.mlir"", ""--dry-run"", ""--matcher-mode"", ""syntactic"", ""--telemetry-json"", ""/home/arjaiswal/Polygeist/issues/equality_saturation_eval/campaign_20260908/aten-aten_sparse_csr_reduce_dim1_cpu-syntactic-insg6rqs.json"", ""--disable-semantic-fallback""]","== match report for /home/arjaiswal/Polygeist/issues/aten_c_kernels/results/aten_sparse_csr_reduce_dim1_cpu/debuf.mlir ==
  total: 0 matched / 0 bodies
",0,[],0,0,0,0,/home/arjaiswal/Polygeist/issues/aten_c_kernels/results/aten_sparse_csr_reduce_dim1_cpu/debuf.mlir,2359,0,0,0,263.937059789896,0,64300,0.0,0,0,0,0,[],0,0,0,0.0,0
aten,aten_sparse_csr_reduce_dim1_cpu,/home/arjaiswal/Polygeist/issues/aten_c_kernels/results/aten_sparse_csr_reduce_dim1_cpu/debuf.mlir,6a9b4846e96824c1a320dc0889095e245aaf9b74aee30393444c24ef07710aa8,egglog,4,ok,0,675.783071666956,0,"[""/usr/bin/python3"", ""/home/arjaiswal/Polygeist/scripts/correctness/kernel_match_rewrite.py"", ""/home/arjaiswal/Polygeist/issues/aten_c_kernels/results/aten_sparse_csr_reduce_dim1_cpu/debuf.mlir"", ""--dry-run"", ""--matcher-mode"", ""egglog"", ""--telemetry-json"", ""/home/arjaiswal/Polygeist/issues/equality_saturation_eval/campaign_20260908/aten-aten_sparse_csr_reduce_dim1_cpu-egglog-26r0m0r8.json"", ""--disable-semantic-fallback""]","== match report for /home/arjaiswal/Polygeist/issues/aten_c_kernels/results/aten_sparse_csr_reduce_dim1_cpu/debuf.mlir ==
  total: 0 matched / 0 bodies
",0,[],0,0,0,0,/home/arjaiswal/Polygeist/issues/aten_c_kernels/results/aten_sparse_csr_reduce_dim1_cpu/debuf.mlir,2359,8,0,0,256.1652176082134,0,64792,0.0,0,0,0,0,[],0,0,0,0.0,0
aten,aten_sparse_csr_reduce_dim1_cpu,/home/arjaiswal/Polygeist/issues/aten_c_kernels/results/aten_sparse_csr_reduce_dim1_cpu/debuf.mlir,6a9b4846e96824c1a320dc0889095e245aaf9b74aee30393444c24ef07710aa8,egglog,5,ok,0,640.4564529657364,0,"[""/usr/bin/python3"", ""/home/arjaiswal/Polygeist/scripts/correctness/kernel_match_rewrite.py"", ""/home/arjaiswal/Polygeist/issues/aten_c_kernels/results/aten_sparse_csr_reduce_dim1_cpu/debuf.mlir"", ""--dry-run"", ""--matcher-mode"", ""egglog"", ""--telemetry-json"", ""/home/arjaiswal/Polygeist/issues/equality_saturation_eval/campaign_20260908/aten-aten_sparse_csr_reduce_dim1_cpu-egglog-8al9cgg8.json"", ""--disable-semantic-fallback""]","== match report for /home/arjaiswal/Polygeist/issues/aten_c_kernels/results/aten_sparse_csr_reduce_dim1_cpu/debuf.mlir ==
  total: 0 matched / 0 bodies
",0,[],0,0,0,0,/home/arjaiswal/Polygeist/issues/aten_c_kernels/results/aten_sparse_csr_reduce_dim1_cpu/debuf.mlir,2359,8,0,0,248.63239750266075,0,64688,0.0,0,0,0,0,[],0,0,0,0.0,0
aten,aten_sparse_csr_reduce_dim1_cpu,/home/arjaiswal/Polygeist/issues/aten_c_kernels/results/aten_sparse_csr_reduce_dim1_cpu/debuf.mlir,6a9b4846e96824c1a320dc0889095e245aaf9b74aee30393444c24ef07710aa8,syntactic,5,ok,0,644.8173448443413,0,"[""/usr/bin/python3"", ""/home/arjaiswal/Polygeist/scripts/correctness/kernel_match_rewrite.py"", ""/home/arjaiswal/Polygeist/issues/aten_c_kernels/results/aten_sparse_csr_reduce_dim1_cpu/debuf.mlir"", ""--dry-run"", ""--matcher-mode"", ""syntactic"", ""--telemetry-json"", ""/home/arjaiswal/Polygeist/issues/equality_saturation_eval/campaign_20260908/aten-aten_sparse_csr_reduce_dim1_cpu-syntactic-aw0ngvp1.json"", ""--disable-semantic-fallback""]","== match report for /home/arjaiswal/Polygeist/issues/aten_c_kernels/results/aten_sparse_csr_reduce_dim1_cpu/debuf.mlir ==
  total: 0 matched / 0 bodies
",0,[],0,0,0,0,/home/arjaiswal/Polygeist/issues/aten_c_kernels/results/aten_sparse_csr_reduce_dim1_cpu/debuf.mlir,2359,0,0,0,251.14453956484795,0,64936,0.0,0,0,0,0,[],0,0,0,0.0,0
aten,aten_sparse_dense_intersection_cpu,/home/arjaiswal/Polygeist/issues/aten_c_kernels/results/aten_sparse_dense_intersection_cpu/debuf.mlir,02e02f213cb0f3988e1a5204766eacc4da9c023b74605bb198c866cc94076468,syntactic,1,ok,0,665.6203866004944,0,"[""/usr/bin/python3"", ""/home/arjaiswal/Polygeist/scripts/correctness/kernel_match_rewrite.py"", ""/home/arjaiswal/Polygeist/issues/aten_c_kernels/results/aten_sparse_dense_intersection_cpu/debuf.mlir"", ""--dry-run"", ""--matcher-mode"", ""syntactic"", ""--telemetry-json"", ""/home/arjaiswal/Polygeist/issues/equality_saturation_eval/campaign_20260908/aten-aten_sparse_dense_intersection_cpu-syntactic-sahuhaqm.json"", ""--disable-semantic-fallback""]","== match report for /home/arjaiswal/Polygeist/issues/aten_c_kernels/results/aten_sparse_dense_intersection_cpu/debuf.mlir ==
  no_match       body#0  ?
  total: 0 matched / 1 bodies
",0,[],0,0,0,0,/home/arjaiswal/Polygeist/issues/aten_c_kernels/results/aten_sparse_dense_intersection_cpu/debuf.mlir,2096,0,1,0,270.07485926151276,1,64652,0.023193657398223877,0,0,0,0,[],0,0,4,0.0,4
aten,aten_sparse_dense_intersection_cpu,/home/arjaiswal/Polygeist/issues/aten_c_kernels/results/aten_sparse_dense_intersection_cpu/debuf.mlir,02e02f213cb0f3988e1a5204766eacc4da9c023b74605bb198c866cc94076468,egglog,1,ok,0,675.7697984576225,0,"[""/usr/bin/python3"", ""/home/arjaiswal/Polygeist/scripts/correctness/kernel_match_rewrite.py"", ""/home/arjaiswal/Polygeist/issues/aten_c_kernels/results/aten_sparse_dense_intersection_cpu/debuf.mlir"", ""--dry-run"", ""--matcher-mode"", ""egglog"", ""--telemetry-json"", ""/home/arjaiswal/Polygeist/issues/equality_saturation_eval/campaign_20260908/aten-aten_sparse_dense_intersection_cpu-egglog-fhys8u8b.json"", ""--disable-semantic-fallback""]","== match report for /home/arjaiswal/Polygeist/issues/aten_c_kernels/results/aten_sparse_dense_intersection_cpu/debuf.mlir ==
  no_match       body#0  ?
  total: 0 matched / 1 bodies
",0,[],0,0,0,0,/home/arjaiswal/Polygeist/issues/aten_c_kernels/results/aten_sparse_dense_intersection_cpu/debuf.mlir,2096,8,1,0,269.55240592360497,1,64772,0.0,0,0,0,0,[],0,0,0,0.0,4
aten,aten_sparse_dense_intersection_cpu,/home/arjaiswal/Polygeist/issues/aten_c_kernels/results/aten_sparse_dense_intersection_cpu/debuf.mlir,02e02f213cb0f3988e1a5204766eacc4da9c023b74605bb198c866cc94076468,egglog,2,ok,0,695.7436017692089,0,"[""/usr/bin/python3"", ""/home/arjaiswal/Polygeist/scripts/correctness/kernel_match_rewrite.py"", ""/home/arjaiswal/Polygeist/issues/aten_c_kernels/results/aten_sparse_dense_intersection_cpu/debuf.mlir"", ""--dry-run"", ""--matcher-mode"", ""egglog"", ""--telemetry-json"", ""/home/arjaiswal/Polygeist/issues/equality_saturation_eval/campaign_20260908/aten-aten_sparse_dense_intersection_cpu-egglog-os2s1fc6.json"", ""--disable-semantic-fallback""]","== match report for /home/arjaiswal/Polygeist/issues/aten_c_kernels/results/aten_sparse_dense_intersection_cpu/debuf.mlir ==
  no_match       body#0  ?
  total: 0 matched / 1 bodies
",0,[],0,0,0,0,/home/arjaiswal/Polygeist/issues/aten_c_kernels/results/aten_sparse_dense_intersection_cpu/debuf.mlir,2096,8,1,0,292.1528182923794,1,64700,0.0,0,0,0,0,[],0,0,0,0.0,4
aten,aten_sparse_dense_intersection_cpu,/home/arjaiswal/Polygeist/issues/aten_c_kernels/results/aten_sparse_dense_intersection_cpu/debuf.mlir,02e02f213cb0f3988e1a5204766eacc4da9c023b74605bb198c866cc94076468,syntactic,2,ok,0,687.1970817446709,0,"[""/usr/bin/python3"", ""/home/arjaiswal/Polygeist/scripts/correctness/kernel_match_rewrite.py"", ""/home/arjaiswal/Polygeist/issues/aten_c_kernels/results/aten_sparse_dense_intersection_cpu/debuf.mlir"", ""--dry-run"", ""--matcher-mode"", ""syntactic"", ""--telemetry-json"", ""/home/arjaiswal/Polygeist/issues/equality_saturation_eval/campaign_20260908/aten-aten_sparse_dense_intersection_cpu-syntactic-sm5bcf2b.json"", ""--disable-semantic-fallback""]","== match report for /home/arjaiswal/Polygeist/issues/aten_c_kernels/results/aten_sparse_dense_intersection_cpu/debuf.mlir ==
  no_match       body#0  ?
  total: 0 matched / 1 bodies
",0,[],0,0,0,0,/home/arjaiswal/Polygeist/issues/aten_c_kernels/results/aten_sparse_dense_intersection_cpu/debuf.mlir,2096,0,1,0,281.18572011590004,1,64748,0.023230910301208496,0,0,0,0,[],0,0,4,0.0,4
aten,aten_sparse_dense_intersection_cpu,/home/arjaiswal/Polygeist/issues/aten_c_kernels/results/aten_sparse_dense_intersection_cpu/debuf.mlir,02e02f213cb0f3988e1a5204766eacc4da9c023b74605bb198c866cc94076468,syntactic,3,ok,0,704.5909017324448,0,"[""/usr/bin/python3"", ""/home/arjaiswal/Polygeist/scripts/correctness/kernel_match_rewrite.py"", ""/home/arjaiswal/Polygeist/issues/aten_c_kernels/results/aten_sparse_dense_intersection_cpu/debuf.mlir"", ""--dry-run"", ""--matcher-mode"", ""syntactic"", ""--telemetry-json"", ""/home/arjaiswal/Polygeist/issues/equality_saturation_eval/campaign_20260908/aten-aten_sparse_dense_intersection_cpu-syntactic-m2a9c__o.json"", ""--disable-semantic-fallback""]","== match report for /home/arjaiswal/Polygeist/issues/aten_c_kernels/results/aten_sparse_dense_intersection_cpu/debuf.mlir ==
  no_match       body#0  ?
  total: 0 matched / 1 bodies
",0,[],0,0,0,0,/home/arjaiswal/Polygeist/issues/aten_c_kernels/results/aten_sparse_dense_intersection_cpu/debuf.mlir,2096,0,1,0,277.42230892181396,1,64388,0.023692846298217773,0,0,0,0,[],0,0,4,0.0,4
aten,aten_sparse_dense_intersection_cpu,/home/arjaiswal/Polygeist/issues/aten_c_kernels/results/aten_sparse_dense_intersection_cpu/debuf.mlir,02e02f213cb0f3988e1a5204766eacc4da9c023b74605bb198c866cc94076468,egglog,3,ok,0,692.1046040952206,0,"[""/usr/bin/python3"", ""/home/arjaiswal/Polygeist/scripts/correctness/kernel_match_rewrite.py"", ""/home/arjaiswal/Polygeist/issues/aten_c_kernels/results/aten_sparse_dense_intersection_cpu/debuf.mlir"", ""--dry-run"", ""--matcher-mode"", ""egglog"", ""--telemetry-json"", ""/home/arjaiswal/Polygeist/issues/equality_saturation_eval/campaign_20260908/aten-aten_sparse_dense_intersection_cpu-egglog-6lwu8wer.json"", ""--disable-semantic-fallback""]","== match report for /home/arjaiswal/Polygeist/issues/aten_c_kernels/results/aten_sparse_dense_intersection_cpu/debuf.mlir ==
  no_match       body#0  ?
  total: 0 matched / 1 bodies
",0,[],0,0,0,0,/home/arjaiswal/Polygeist/issues/aten_c_kernels/results/aten_sparse_dense_intersection_cpu/debuf.mlir,2096,8,1,0,282.9557918012142,1,64396,0.0,0,0,0,0,[],0,0,0,0.0,4
aten,aten_sparse_dense_intersection_cpu,/home/arjaiswal/Polygeist/issues/aten_c_kernels/results/aten_sparse_dense_intersection_cpu/debuf.mlir,02e02f213cb0f3988e1a5204766eacc4da9c023b74605bb198c866cc94076468,egglog,4,ok,0,718.8021428883076,0,"[""/usr/bin/python3"", ""/home/arjaiswal/Polygeist/scripts/correctness/kernel_match_rewrite.py"", ""/home/arjaiswal/Polygeist/issues/aten_c_kernels/results/aten_sparse_dense_intersection_cpu/debuf.mlir"", ""--dry-run"", ""--matcher-mode"", ""egglog"", ""--telemetry-json"", ""/home/arjaiswal/Polygeist/issues/equality_saturation_eval/campaign_20260908/aten-aten_sparse_dense_intersection_cpu-egglog-pyl_15ww.json"", ""--disable-semantic-fallback""]","== match report for /home/arjaiswal/Polygeist/issues/aten_c_kernels/results/aten_sparse_dense_intersection_cpu/debuf.mlir ==
  no_match       body#0  ?
  total: 0 matched / 1 bodies
",0,[],0,0,0,0,/home/arjaiswal/Polygeist/issues/aten_c_kernels/results/aten_sparse_dense_intersection_cpu/debuf.mlir,2096,8,1,0,308.5733726620674,1,64612,0.0,0,0,0,0,[],0,0,0,0.0,4
aten,aten_sparse_dense_intersection_cpu,/home/arjaiswal/Polygeist/issues/aten_c_kernels/results/aten_sparse_dense_intersection_cpu/debuf.mlir,02e02f213cb0f3988e1a5204766eacc4da9c023b74605bb198c866cc94076468,syntactic,4,ok,0,671.7315725982189,0,"[""/usr/bin/python3"", ""/home/arjaiswal/Polygeist/scripts/correctness/kernel_match_rewrite.py"", ""/home/arjaiswal/Polygeist/issues/aten_c_kernels/results/aten_sparse_dense_intersection_cpu/debuf.mlir"", ""--dry-run"", ""--matcher-mode"", ""syntactic"", ""--telemetry-json"", ""/home/arjaiswal/Polygeist/issues/equality_saturation_eval/campaign_20260908/aten-aten_sparse_dense_intersection_cpu-syntactic-6cpeeu8f.json"", ""--disable-semantic-fallback""]","== match report for /home/arjaiswal/Polygeist/issues/aten_c_kernels/results/aten_sparse_dense_intersection_cpu/debuf.mlir ==
  no_match       body#0  ?
  total: 0 matched / 1 bodies
",0,[],0,0,0,0,/home/arjaiswal/Polygeist/issues/aten_c_kernels/results/aten_sparse_dense_intersection_cpu/debuf.mlir,2096,0,1,0,269.22720298171043,1,64648,0.026576220989227295,0,0,0,0,[],0,0,4,0.0,4
aten,aten_sparse_dense_intersection_cpu,/home/arjaiswal/Polygeist/issues/aten_c_kernels/results/aten_sparse_dense_intersection_cpu/debuf.mlir,02e02f213cb0f3988e1a5204766eacc4da9c023b74605bb198c866cc94076468,syntactic,5,ok,0,690.9459196031094,0,"[""/usr/bin/python3"", ""/home/arjaiswal/Polygeist/scripts/correctness/kernel_match_rewrite.py"", ""/home/arjaiswal/Polygeist/issues/aten_c_kernels/results/aten_sparse_dense_intersection_cpu/debuf.mlir"", ""--dry-run"", ""--matcher-mode"", ""syntactic"", ""--telemetry-json"", ""/home/arjaiswal/Polygeist/issues/equality_saturation_eval/campaign_20260908/aten-aten_sparse_dense_intersection_cpu-syntactic-ir8wsqcu.json"", ""--disable-semantic-fallback""]","== match report for /home/arjaiswal/Polygeist/issues/aten_c_kernels/results/aten_sparse_dense_intersection_cpu/debuf.mlir ==
  no_match       body#0  ?
  total: 0 matched / 1 bodies
",0,[],0,0,0,0,/home/arjaiswal/Polygeist/issues/aten_c_kernels/results/aten_sparse_dense_intersection_cpu/debuf.mlir,2096,0,1,0,270.10810002684593,1,64928,0.024162232875823975,0,0,0,0,[],0,0,4,0.0,4
aten,aten_sparse_dense_intersection_cpu,/home/arjaiswal/Polygeist/issues/aten_c_kernels/results/aten_sparse_dense_intersection_cpu/debuf.mlir,02e02f213cb0f3988e1a5204766eacc4da9c023b74605bb198c866cc94076468,egglog,5,ok,0,704.8180215060711,0,"[""/usr/bin/python3"", ""/home/arjaiswal/Polygeist/scripts/correctness/kernel_match_rewrite.py"", ""/home/arjaiswal/Polygeist/issues/aten_c_kernels/results/aten_sparse_dense_intersection_cpu/debuf.mlir"", ""--dry-run"", ""--matcher-mode"", ""egglog"", ""--telemetry-json"", ""/home/arjaiswal/Polygeist/issues/equality_saturation_eval/campaign_20260908/aten-aten_sparse_dense_intersection_cpu-egglog-bvt9_kuw.json"", ""--disable-semantic-fallback""]","== match report for /home/arjaiswal/Polygeist/issues/aten_c_kernels/results/aten_sparse_dense_intersection_cpu/debuf.mlir ==
  no_match       body#0  ?
  total: 0 matched / 1 bodies
",0,[],0,0,0,0,/home/arjaiswal/Polygeist/issues/aten_c_kernels/results/aten_sparse_dense_intersection_cpu/debuf.mlir,2096,8,1,0,289.2700880765915,1,64668,0.0,0,0,0,0,[],0,0,0,0.0,4
aten,aten_sparse_flatten_indices_cpu,/home/arjaiswal/Polygeist/issues/aten_c_kernels/results/aten_sparse_flatten_indices_cpu/debuf.mlir,73c64e5fbdcb9b3b4aa163ae977cabe2ef1a152fcc176492d5de4546aae4f775,egglog,1,ok,0,888.3492462337017,0,"[""/usr/bin/python3"", ""/home/arjaiswal/Polygeist/scripts/correctness/kernel_match_rewrite.py"", ""/home/arjaiswal/Polygeist/issues/aten_c_kernels/results/aten_sparse_flatten_indices_cpu/debuf.mlir"", ""--dry-run"", ""--matcher-mode"", ""egglog"", ""--telemetry-json"", ""/home/arjaiswal/Polygeist/issues/equality_saturation_eval/campaign_20260908/aten-aten_sparse_flatten_indices_cpu-egglog-fk33rjv5.json"", ""--disable-semantic-fallback""]","== match report for /home/arjaiswal/Polygeist/issues/aten_c_kernels/results/aten_sparse_flatten_indices_cpu/debuf.mlir ==
  rank_or_dtype_reject body#0  memset_zero_1D
  no_match       body#1  ?
  total: 0 matched / 2 bodies
",0,[],0,0,0,0,/home/arjaiswal/Polygeist/issues/aten_c_kernels/results/aten_sparse_flatten_indices_cpu/debuf.mlir,2874,8,2,0,480.3582765161991,1,70232,135.297242552042,14,14,0,0,[],0,0,0,0.0,30
aten,aten_sparse_flatten_indices_cpu,/home/arjaiswal/Polygeist/issues/aten_c_kernels/results/aten_sparse_flatten_indices_cpu/debuf.mlir,73c64e5fbdcb9b3b4aa163ae977cabe2ef1a152fcc176492d5de4546aae4f775,syntactic,1,ok,0,786.9471833109856,0,"[""/usr/bin/python3"", ""/home/arjaiswal/Polygeist/scripts/correctness/kernel_match_rewrite.py"", ""/home/arjaiswal/Polygeist/issues/aten_c_kernels/results/aten_sparse_flatten_indices_cpu/debuf.mlir"", ""--dry-run"", ""--matcher-mode"", ""syntactic"", ""--telemetry-json"", ""/home/arjaiswal/Polygeist/issues/equality_saturation_eval/campaign_20260908/aten-aten_sparse_flatten_indices_cpu-syntactic-t60rvr26.json"", ""--disable-semantic-fallback""]","== match report for /home/arjaiswal/Polygeist/issues/aten_c_kernels/results/aten_sparse_flatten_indices_cpu/debuf.mlir ==
  rank_or_dtype_reject body#0  memset_zero_1D
  no_match       body#1  ?
  total: 0 matched / 2 bodies
",0,[],0,0,0,0,/home/arjaiswal/Polygeist/issues/aten_c_kernels/results/aten_sparse_flatten_indices_cpu/debuf.mlir,2874,0,2,0,374.82254579663277,1,65432,0.18282607197761536,0,14,0,0,[],0,0,30,0.0,30
aten,aten_sparse_flatten_indices_cpu,/home/arjaiswal/Polygeist/issues/aten_c_kernels/results/aten_sparse_flatten_indices_cpu/debuf.mlir,73c64e5fbdcb9b3b4aa163ae977cabe2ef1a152fcc176492d5de4546aae4f775,syntactic,2,ok,0,804.1755519807339,0,"[""/usr/bin/python3"", ""/home/arjaiswal/Polygeist/scripts/correctness/kernel_match_rewrite.py"", ""/home/arjaiswal/Polygeist/issues/aten_c_kernels/results/aten_sparse_flatten_indices_cpu/debuf.mlir"", ""--dry-run"", ""--matcher-mode"", ""syntactic"", ""--telemetry-json"", ""/home/arjaiswal/Polygeist/issues/equality_saturation_eval/campaign_20260908/aten-aten_sparse_flatten_indices_cpu-syntactic-2a_yqcq4.json"", ""--disable-semantic-fallback""]","== match report for /home/arjaiswal/Polygeist/issues/aten_c_kernels/results/aten_sparse_flatten_indices_cpu/debuf.mlir ==
  rank_or_dtype_reject body#0  memset_zero_1D
  no_match       body#1  ?
  total: 0 matched / 2 bodies
",0,[],0,0,0,0,/home/arjaiswal/Polygeist/issues/aten_c_kernels/results/aten_sparse_flatten_indices_cpu/debuf.mlir,2874,0,2,0,337.277851998806,1,65664,0.14038383960723877,0,14,0,0,[],0,0,30,0.0,30
aten,aten_sparse_flatten_indices_cpu,/home/arjaiswal/Polygeist/issues/aten_c_kernels/results/aten_sparse_flatten_indices_cpu/debuf.mlir,73c64e5fbdcb9b3b4aa163ae977cabe2ef1a152fcc176492d5de4546aae4f775,egglog,2,ok,0,868.3633990585804,0,"[""/usr/bin/python3"", ""/home/arjaiswal/Polygeist/scripts/correctness/kernel_match_rewrite.py"", ""/home/arjaiswal/Polygeist/issues/aten_c_kernels/results/aten_sparse_flatten_indices_cpu/debuf.mlir"", ""--dry-run"", ""--matcher-mode"", ""egglog"", ""--telemetry-json"", ""/home/arjaiswal/Polygeist/issues/equality_saturation_eval/campaign_20260908/aten-aten_sparse_flatten_indices_cpu-egglog-vb0hbzkw.json"", ""--disable-semantic-fallback""]","== match report for /home/arjaiswal/Polygeist/issues/aten_c_kernels/results/aten_sparse_flatten_indices_cpu/debuf.mlir ==
  rank_or_dtype_reject body#0  memset_zero_1D
  no_match       body#1  ?
  total: 0 matched / 2 bodies
",0,[],0,0,0,0,/home/arjaiswal/Polygeist/issues/aten_c_kernels/results/aten_sparse_flatten_indices_cpu/debuf.mlir,2874,8,2,0,471.0206910967827,1,69960,134.74638760089874,14,14,0,0,[],0,0,0,0.0,30
aten,aten_sparse_flatten_indices_cpu,/home/arjaiswal/Polygeist/issues/aten_c_kernels/results/aten_sparse_flatten_indices_cpu/debuf.mlir,73c64e5fbdcb9b3b4aa163ae977cabe2ef1a152fcc176492d5de4546aae4f775,egglog,3,ok,0,892.254188656807,0,"[""/usr/bin/python3"", ""/home/arjaiswal/Polygeist/scripts/correctness/kernel_match_rewrite.py"", ""/home/arjaiswal/Polygeist/issues/aten_c_kernels/results/aten_sparse_flatten_indices_cpu/debuf.mlir"", ""--dry-run"", ""--matcher-mode"", ""egglog"", ""--telemetry-json"", ""/home/arjaiswal/Polygeist/issues/equality_saturation_eval/campaign_20260908/aten-aten_sparse_flatten_indices_cpu-egglog-b5r7tz0c.json"", ""--disable-semantic-fallback""]","== match report for /home/arjaiswal/Polygeist/issues/aten_c_kernels/results/aten_sparse_flatten_indices_cpu/debuf.mlir ==
  rank_or_dtype_reject body#0  memset_zero_1D
  no_match       body#1  ?
  total: 0 matched / 2 bodies
",0,[],0,0,0,0,/home/arjaiswal/Polygeist/issues/aten_c_kernels/results/aten_sparse_flatten_indices_cpu/debuf.mlir,2874,8,2,0,498.763557523489,1,70060,145.07802948355675,14,14,0,0,[],0,0,0,0.0,30
aten,aten_sparse_flatten_indices_cpu,/home/arjaiswal/Polygeist/issues/aten_c_kernels/results/aten_sparse_flatten_indices_cpu/debuf.mlir,73c64e5fbdcb9b3b4aa163ae977cabe2ef1a152fcc176492d5de4546aae4f775,syntactic,3,ok,0,750.1138001680374,0,"[""/usr/bin/python3"", ""/home/arjaiswal/Polygeist/scripts/correctness/kernel_match_rewrite.py"", ""/home/arjaiswal/Polygeist/issues/aten_c_kernels/results/aten_sparse_flatten_indices_cpu/debuf.mlir"", ""--dry-run"", ""--matcher-mode"", ""syntactic"", ""--telemetry-json"", ""/home/arjaiswal/Polygeist/issues/equality_saturation_eval/campaign_20260908/aten-aten_sparse_flatten_indices_cpu-syntactic-na1pyv0k.json"", ""--disable-semantic-fallback""]","== match report for /home/arjaiswal/Polygeist/issues/aten_c_kernels/results/aten_sparse_flatten_indices_cpu/debuf.mlir ==
  rank_or_dtype_reject body#0  memset_zero_1D
  no_match       body#1  ?
  total: 0 matched / 2 bodies
",0,[],0,0,0,0,/home/arjaiswal/Polygeist/issues/aten_c_kernels/results/aten_sparse_flatten_indices_cpu/debuf.mlir,2874,0,2,0,340.80618619918823,1,65760,0.1370646059513092,0,14,0,0,[],0,0,30,0.0,30
aten,aten_sparse_flatten_indices_cpu,/home/arjaiswal/Polygeist/issues/aten_c_kernels/results/aten_sparse_flatten_indices_cpu/debuf.mlir,73c64e5fbdcb9b3b4aa163ae977cabe2ef1a152fcc176492d5de4546aae4f775,syntactic,4,ok,0,751.0955072939396,0,"[""/usr/bin/python3"", ""/home/arjaiswal/Polygeist/scripts/correctness/kernel_match_rewrite.py"", ""/home/arjaiswal/Polygeist/issues/aten_c_kernels/results/aten_sparse_flatten_indices_cpu/debuf.mlir"", ""--dry-run"", ""--matcher-mode"", ""syntactic"", ""--telemetry-json"", ""/home/arjaiswal/Polygeist/issues/equality_saturation_eval/campaign_20260908/aten-aten_sparse_flatten_indices_cpu-syntactic-vca5sihz.json"", ""--disable-semantic-fallback""]","== match report for /home/arjaiswal/Polygeist/issues/aten_c_kernels/results/aten_sparse_flatten_indices_cpu/debuf.mlir ==
  rank_or_dtype_reject body#0  memset_zero_1D
  no_match       body#1  ?
  total: 0 matched / 2 bodies
",0,[],0,0,0,0,/home/arjaiswal/Polygeist/issues/aten_c_kernels/results/aten_sparse_flatten_indices_cpu/debuf.mlir,2874,0,2,0,345.02455964684486,1,65784,0.14048442244529724,0,14,0,0,[],0,0,30,0.0,30
aten,aten_sparse_flatten_indices_cpu,/home/arjaiswal/Polygeist/issues/aten_c_kernels/results/aten_sparse_flatten_indices_cpu/debuf.mlir,73c64e5fbdcb9b3b4aa163ae977cabe2ef1a152fcc176492d5de4546aae4f775,egglog,4,ok,0,897.8958688676357,0,"[""/usr/bin/python3"", ""/home/arjaiswal/Polygeist/scripts/correctness/kernel_match_rewrite.py"", ""/home/arjaiswal/Polygeist/issues/aten_c_kernels/results/aten_sparse_flatten_indices_cpu/debuf.mlir"", ""--dry-run"", ""--matcher-mode"", ""egglog"", ""--telemetry-json"", ""/home/arjaiswal/Polygeist/issues/equality_saturation_eval/campaign_20260908/aten-aten_sparse_flatten_indices_cpu-egglog-x6qscmlp.json"", ""--disable-semantic-fallback""]","== match report for /home/arjaiswal/Polygeist/issues/aten_c_kernels/results/aten_sparse_flatten_indices_cpu/debuf.mlir ==
  rank_or_dtype_reject body#0  memset_zero_1D
  no_match       body#1  ?
  total: 0 matched / 2 bodies
",0,[],0,0,0,0,/home/arjaiswal/Polygeist/issues/aten_c_kernels/results/aten_sparse_flatten_indices_cpu/debuf.mlir,2874,8,2,0,502.4631842970848,1,70000,146.0772641003132,14,14,0,0,[],0,0,0,0.0,30
aten,aten_sparse_flatten_indices_cpu,/home/arjaiswal/Polygeist/issues/aten_c_kernels/results/aten_sparse_flatten_indices_cpu/debuf.mlir,73c64e5fbdcb9b3b4aa163ae977cabe2ef1a152fcc176492d5de4546aae4f775,egglog,5,ok,0,881.1874017119408,0,"[""/usr/bin/python3"", ""/home/arjaiswal/Polygeist/scripts/correctness/kernel_match_rewrite.py"", ""/home/arjaiswal/Polygeist/issues/aten_c_kernels/results/aten_sparse_flatten_indices_cpu/debuf.mlir"", ""--dry-run"", ""--matcher-mode"", ""egglog"", ""--telemetry-json"", ""/home/arjaiswal/Polygeist/issues/equality_saturation_eval/campaign_20260908/aten-aten_sparse_flatten_indices_cpu-egglog-s73n060g.json"", ""--disable-semantic-fallback""]","== match report for /home/arjaiswal/Polygeist/issues/aten_c_kernels/results/aten_sparse_flatten_indices_cpu/debuf.mlir ==
  rank_or_dtype_reject body#0  memset_zero_1D
  no_match       body#1  ?
  total: 0 matched / 2 bodies
",0,[],0,0,0,0,/home/arjaiswal/Polygeist/issues/aten_c_kernels/results/aten_sparse_flatten_indices_cpu/debuf.mlir,2874,8,2,0,470.93744203448296,1,69804,134.81831550598145,14,14,0,0,[],0,0,0,0.0,30
aten,aten_sparse_flatten_indices_cpu,/home/arjaiswal/Polygeist/issues/aten_c_kernels/results/aten_sparse_flatten_indices_cpu/debuf.mlir,73c64e5fbdcb9b3b4aa163ae977cabe2ef1a152fcc176492d5de4546aae4f775,syntactic,5,ok,0,722.271092236042,0,"[""/usr/bin/python3"", ""/home/arjaiswal/Polygeist/scripts/correctness/kernel_match_rewrite.py"", ""/home/arjaiswal/Polygeist/issues/aten_c_kernels/results/aten_sparse_flatten_indices_cpu/debuf.mlir"", ""--dry-run"", ""--matcher-mode"", ""syntactic"", ""--telemetry-json"", ""/home/arjaiswal/Polygeist/issues/equality_saturation_eval/campaign_20260908/aten-aten_sparse_flatten_indices_cpu-syntactic-1ke6j_3_.json"", ""--disable-semantic-fallback""]","== match report for /home/arjaiswal/Polygeist/issues/aten_c_kernels/results/aten_sparse_flatten_indices_cpu/debuf.mlir ==
  rank_or_dtype_reject body#0  memset_zero_1D
  no_match       body#1  ?
  total: 0 matched / 2 bodies
",0,[],0,0,0,0,/home/arjaiswal/Polygeist/issues/aten_c_kernels/results/aten_sparse_flatten_indices_cpu/debuf.mlir,2874,0,2,0,330.0976790487766,1,65692,0.1278705894947052,0,14,0,0,[],0,0,30,0.0,30
aten,aten_sparse_full_coo_indices_cpu,/home/arjaiswal/Polygeist/issues/aten_c_kernels/results/aten_sparse_full_coo_indices_cpu/debuf.mlir,5d26543193b9423a002a210b0db94426fda64388461969c97da0af31764129d4,syntactic,1,ok,0,665.070042014122,0,"[""/usr/bin/python3"", ""/home/arjaiswal/Polygeist/scripts/correctness/kernel_match_rewrite.py"", ""/home/arjaiswal/Polygeist/issues/aten_c_kernels/results/aten_sparse_full_coo_indices_cpu/debuf.mlir"", ""--dry-run"", ""--matcher-mode"", ""syntactic"", ""--telemetry-json"", ""/home/arjaiswal/Polygeist/issues/equality_saturation_eval/campaign_20260908/aten-aten_sparse_full_coo_indices_cpu-syntactic-k5o1hclk.json"", ""--disable-semantic-fallback""]","== match report for /home/arjaiswal/Polygeist/issues/aten_c_kernels/results/aten_sparse_full_coo_indices_cpu/debuf.mlir ==
  total: 0 matched / 0 bodies
",0,[],0,0,0,0,/home/arjaiswal/Polygeist/issues/aten_c_kernels/results/aten_sparse_full_coo_indices_cpu/debuf.mlir,2746,0,0,0,250.51254034042358,0,64708,0.0,0,0,0,0,[],0,0,0,0.0,0
aten,aten_sparse_full_coo_indices_cpu,/home/arjaiswal/Polygeist/issues/aten_c_kernels/results/aten_sparse_full_coo_indices_cpu/debuf.mlir,5d26543193b9423a002a210b0db94426fda64388461969c97da0af31764129d4,egglog,1,ok,0,656.7019447684288,0,"[""/usr/bin/python3"", ""/home/arjaiswal/Polygeist/scripts/correctness/kernel_match_rewrite.py"", ""/home/arjaiswal/Polygeist/issues/aten_c_kernels/results/aten_sparse_full_coo_indices_cpu/debuf.mlir"", ""--dry-run"", ""--matcher-mode"", ""egglog"", ""--telemetry-json"", ""/home/arjaiswal/Polygeist/issues/equality_saturation_eval/campaign_20260908/aten-aten_sparse_full_coo_indices_cpu-egglog-fgdvglpc.json"", ""--disable-semantic-fallback""]","== match report for /home/arjaiswal/Polygeist/issues/aten_c_kernels/results/aten_sparse_full_coo_indices_cpu/debuf.mlir ==
  total: 0 matched / 0 bodies
",0,[],0,0,0,0,/home/arjaiswal/Polygeist/issues/aten_c_kernels/results/aten_sparse_full_coo_indices_cpu/debuf.mlir,2746,8,0,0,251.81305035948753,0,64904,0.0,0,0,0,0,[],0,0,0,0.0,0
aten,aten_sparse_full_coo_indices_cpu,/home/arjaiswal/Polygeist/issues/aten_c_kernels/results/aten_sparse_full_coo_indices_cpu/debuf.mlir,5d26543193b9423a002a210b0db94426fda64388461969c97da0af31764129d4,egglog,2,ok,0,646.7027254402637,0,"[""/usr/bin/python3"", ""/home/arjaiswal/Polygeist/scripts/correctness/kernel_match_rewrite.py"", ""/home/arjaiswal/Polygeist/issues/aten_c_kernels/results/aten_sparse_full_coo_indices_cpu/debuf.mlir"", ""--dry-run"", ""--matcher-mode"", ""egglog"", ""--telemetry-json"", ""/home/arjaiswal/Polygeist/issues/equality_saturation_eval/campaign_20260908/aten-aten_sparse_full_coo_indices_cpu-egglog-yz9rhv4s.json"", ""--disable-semantic-fallback""]","== match report for /home/arjaiswal/Polygeist/issues/aten_c_kernels/results/aten_sparse_full_coo_indices_cpu/debuf.mlir ==
  total: 0 matched / 0 bodies
",0,[],0,0,0,0,/home/arjaiswal/Polygeist/issues/aten_c_kernels/results/aten_sparse_full_coo_indices_cpu/debuf.mlir,2746,8,0,0,249.68670681118965,0,64712,0.0,0,0,0,0,[],0,0,0,0.0,0
aten,aten_sparse_full_coo_indices_cpu,/home/arjaiswal/Polygeist/issues/aten_c_kernels/results/aten_sparse_full_coo_indices_cpu/debuf.mlir,5d26543193b9423a002a210b0db94426fda64388461969c97da0af31764129d4,syntactic,2,ok,0,686.166562139988,0,"[""/usr/bin/python3"", ""/home/arjaiswal/Polygeist/scripts/correctness/kernel_match_rewrite.py"", ""/home/arjaiswal/Polygeist/issues/aten_c_kernels/results/aten_sparse_full_coo_indices_cpu/debuf.mlir"", ""--dry-run"", ""--matcher-mode"", ""syntactic"", ""--telemetry-json"", ""/home/arjaiswal/Polygeist/issues/equality_saturation_eval/campaign_20260908/aten-aten_sparse_full_coo_indices_cpu-syntactic-aekrxipl.json"", ""--disable-semantic-fallback""]","== match report for /home/arjaiswal/Polygeist/issues/aten_c_kernels/results/aten_sparse_full_coo_indices_cpu/debuf.mlir ==
  total: 0 matched / 0 bodies
",0,[],0,0,0,0,/home/arjaiswal/Polygeist/issues/aten_c_kernels/results/aten_sparse_full_coo_indices_cpu/debuf.mlir,2746,0,0,0,275.00510960817337,0,64692,0.0,0,0,0,0,[],0,0,0,0.0,0
aten,aten_sparse_full_coo_indices_cpu,/home/arjaiswal/Polygeist/issues/aten_c_kernels/results/aten_sparse_full_coo_indices_cpu/debuf.mlir,5d26543193b9423a002a210b0db94426fda64388461969c97da0af31764129d4,syntactic,3,ok,0,676.1497817933559,0,"[""/usr/bin/python3"", ""/home/arjaiswal/Polygeist/scripts/correctness/kernel_match_rewrite.py"", ""/home/arjaiswal/Polygeist/issues/aten_c_kernels/results/aten_sparse_full_coo_indices_cpu/debuf.mlir"", ""--dry-run"", ""--matcher-mode"", ""syntactic"", ""--telemetry-json"", ""/home/arjaiswal/Polygeist/issues/equality_saturation_eval/campaign_20260908/aten-aten_sparse_full_coo_indices_cpu-syntactic-af2fk62p.json"", ""--disable-semantic-fallback""]","== match report for /home/arjaiswal/Polygeist/issues/aten_c_kernels/results/aten_sparse_full_coo_indices_cpu/debuf.mlir ==
  total: 0 matched / 0 bodies
",0,[],0,0,0,0,/home/arjaiswal/Polygeist/issues/aten_c_kernels/results/aten_sparse_full_coo_indices_cpu/debuf.mlir,2746,0,0,0,263.11827078461647,0,64888,0.0,0,0,0,0,[],0,0,0,0.0,0
aten,aten_sparse_full_coo_indices_cpu,/home/arjaiswal/Polygeist/issues/aten_c_kernels/results/aten_sparse_full_coo_indices_cpu/debuf.mlir,5d26543193b9423a002a210b0db94426fda64388461969c97da0af31764129d4,egglog,3,ok,0,694.8503516614437,0,"[""/usr/bin/python3"", ""/home/arjaiswal/Polygeist/scripts/correctness/kernel_match_rewrite.py"", ""/home/arjaiswal/Polygeist/issues/aten_c_kernels/results/aten_sparse_full_coo_indices_cpu/debuf.mlir"", ""--dry-run"", ""--matcher-mode"", ""egglog"", ""--telemetry-json"", ""/home/arjaiswal/Polygeist/issues/equality_saturation_eval/campaign_20260908/aten-aten_sparse_full_coo_indices_cpu-egglog-vr0k7g3f.json"", ""--disable-semantic-fallback""]","== match report for /home/arjaiswal/Polygeist/issues/aten_c_kernels/results/aten_sparse_full_coo_indices_cpu/debuf.mlir ==
  total: 0 matched / 0 bodies
",0,[],0,0,0,0,/home/arjaiswal/Polygeist/issues/aten_c_kernels/results/aten_sparse_full_coo_indices_cpu/debuf.mlir,2746,8,0,0,273.72846752405167,0,64592,0.0,0,0,0,0,[],0,0,0,0.0,0
aten,aten_sparse_full_coo_indices_cpu,/home/arjaiswal/Polygeist/issues/aten_c_kernels/results/aten_sparse_full_coo_indices_cpu/debuf.mlir,5d26543193b9423a002a210b0db94426fda64388461969c97da0af31764129d4,egglog,4,ok,0,653.5264402627945,0,"[""/usr/bin/python3"", ""/home/arjaiswal/Polygeist/scripts/correctness/kernel_match_rewrite.py"", ""/home/arjaiswal/Polygeist/issues/aten_c_kernels/results/aten_sparse_full_coo_indices_cpu/debuf.mlir"", ""--dry-run"", ""--matcher-mode"", ""egglog"", ""--telemetry-json"", ""/home/arjaiswal/Polygeist/issues/equality_saturation_eval/campaign_20260908/aten-aten_sparse_full_coo_indices_cpu-egglog-zgzrvsrd.json"", ""--disable-semantic-fallback""]","== match report for /home/arjaiswal/Polygeist/issues/aten_c_kernels/results/aten_sparse_full_coo_indices_cpu/debuf.mlir ==
  total: 0 matched / 0 bodies
",0,[],0,0,0,0,/home/arjaiswal/Polygeist/issues/aten_c_kernels/results/aten_sparse_full_coo_indices_cpu/debuf.mlir,2746,8,0,0,250.42152032256126,0,64716,0.0,0,0,0,0,[],0,0,0,0.0,0
aten,aten_sparse_full_coo_indices_cpu,/home/arjaiswal/Polygeist/issues/aten_c_kernels/results/aten_sparse_full_coo_indices_cpu/debuf.mlir,5d26543193b9423a002a210b0db94426fda64388461969c97da0af31764129d4,syntactic,4,ok,0,696.5481638908386,0,"[""/usr/bin/python3"", ""/home/arjaiswal/Polygeist/scripts/correctness/kernel_match_rewrite.py"", ""/home/arjaiswal/Polygeist/issues/aten_c_kernels/results/aten_sparse_full_coo_indices_cpu/debuf.mlir"", ""--dry-run"", ""--matcher-mode"", ""syntactic"", ""--telemetry-json"", ""/home/arjaiswal/Polygeist/issues/equality_saturation_eval/campaign_20260908/aten-aten_sparse_full_coo_indices_cpu-syntactic-7qr8j6aw.json"", ""--disable-semantic-fallback""]","== match report for /home/arjaiswal/Polygeist/issues/aten_c_kernels/results/aten_sparse_full_coo_indices_cpu/debuf.mlir ==
  total: 0 matched / 0 bodies
",0,[],0,0,0,0,/home/arjaiswal/Polygeist/issues/aten_c_kernels/results/aten_sparse_full_coo_indices_cpu/debuf.mlir,2746,0,0,0,262.2159533202648,0,64416,0.0,0,0,0,0,[],0,0,0,0.0,0
aten,aten_sparse_full_coo_indices_cpu,/home/arjaiswal/Polygeist/issues/aten_c_kernels/results/aten_sparse_full_coo_indices_cpu/debuf.mlir,5d26543193b9423a002a210b0db94426fda64388461969c97da0af31764129d4,syntactic,5,ok,0,677.8377592563629,0,"[""/usr/bin/python3"", ""/home/arjaiswal/Polygeist/scripts/correctness/kernel_match_rewrite.py"", ""/home/arjaiswal/Polygeist/issues/aten_c_kernels/results/aten_sparse_full_coo_indices_cpu/debuf.mlir"", ""--dry-run"", ""--matcher-mode"", ""syntactic"", ""--telemetry-json"", ""/home/arjaiswal/Polygeist/issues/equality_saturation_eval/campaign_20260908/aten-aten_sparse_full_coo_indices_cpu-syntactic-5as85ig1.json"", ""--disable-semantic-fallback""]","== match report for /home/arjaiswal/Polygeist/issues/aten_c_kernels/results/aten_sparse_full_coo_indices_cpu/debuf.mlir ==
  total: 0 matched / 0 bodies
",0,[],0,0,0,0,/home/arjaiswal/Polygeist/issues/aten_c_kernels/results/aten_sparse_full_coo_indices_cpu/debuf.mlir,2746,0,0,0,258.3434693515301,0,64568,0.0,0,0,0,0,[],0,0,0,0.0,0
aten,aten_sparse_full_coo_indices_cpu,/home/arjaiswal/Polygeist/issues/aten_c_kernels/results/aten_sparse_full_coo_indices_cpu/debuf.mlir,5d26543193b9423a002a210b0db94426fda64388461969c97da0af31764129d4,egglog,5,ok,0,670.5756857991219,0,"[""/usr/bin/python3"", ""/home/arjaiswal/Polygeist/scripts/correctness/kernel_match_rewrite.py"", ""/home/arjaiswal/Polygeist/issues/aten_c_kernels/results/aten_sparse_full_coo_indices_cpu/debuf.mlir"", ""--dry-run"", ""--matcher-mode"", ""egglog"", ""--telemetry-json"", ""/home/arjaiswal/Polygeist/issues/equality_saturation_eval/campaign_20260908/aten-aten_sparse_full_coo_indices_cpu-egglog-av2af2dt.json"", ""--disable-semantic-fallback""]","== match report for /home/arjaiswal/Polygeist/issues/aten_c_kernels/results/aten_sparse_full_coo_indices_cpu/debuf.mlir ==
  total: 0 matched / 0 bodies
",0,[],0,0,0,0,/home/arjaiswal/Polygeist/issues/aten_c_kernels/results/aten_sparse_full_coo_indices_cpu/debuf.mlir,2746,8,0,0,255.22122159600258,0,64748,0.0,0,0,0,0,[],0,0,0,0.0,0
aten,aten_sparse_intersection_apply_cpu,/home/arjaiswal/Polygeist/issues/aten_c_kernels/results/aten_sparse_intersection_apply_cpu/debuf.mlir,a7b19549322c7deeff218e2c7df7de08ae15d25b183f92b2acdc68435f7f323f,egglog,1,ok,0,715.2855545282364,0,"[""/usr/bin/python3"", ""/home/arjaiswal/Polygeist/scripts/correctness/kernel_match_rewrite.py"", ""/home/arjaiswal/Polygeist/issues/aten_c_kernels/results/aten_sparse_intersection_apply_cpu/debuf.mlir"", ""--dry-run"", ""--matcher-mode"", ""egglog"", ""--telemetry-json"", ""/home/arjaiswal/Polygeist/issues/equality_saturation_eval/campaign_20260908/aten-aten_sparse_intersection_apply_cpu-egglog-c_45zsmo.json"", ""--disable-semantic-fallback""]","== match report for /home/arjaiswal/Polygeist/issues/aten_c_kernels/results/aten_sparse_intersection_apply_cpu/debuf.mlir ==
  match          body#[0]  cudnnPointwiseGraph_f32
  total: 1 matched / 1 bodies
",0,[],0,0,0,0,/home/arjaiswal/Polygeist/issues/aten_c_kernels/results/aten_sparse_intersection_apply_cpu/debuf.mlir,1909,8,1,1,288.0742773413658,0,65676,0.0,0,0,0,0,"[{""body_indices"": [0], ""symbol"": ""cudnnPointwiseGraph_f32""}]",1,0,0,0.0,6
aten,aten_sparse_intersection_apply_cpu,/home/arjaiswal/Polygeist/issues/aten_c_kernels/results/aten_sparse_intersection_apply_cpu/debuf.mlir,a7b19549322c7deeff218e2c7df7de08ae15d25b183f92b2acdc68435f7f323f,syntactic,1,ok,0,756.818026304245,0,"[""/usr/bin/python3"", ""/home/arjaiswal/Polygeist/scripts/correctness/kernel_match_rewrite.py"", ""/home/arjaiswal/Polygeist/issues/aten_c_kernels/results/aten_sparse_intersection_apply_cpu/debuf.mlir"", ""--dry-run"", ""--matcher-mode"", ""syntactic"", ""--telemetry-json"", ""/home/arjaiswal/Polygeist/issues/equality_saturation_eval/campaign_20260908/aten-aten_sparse_intersection_apply_cpu-syntactic-17t1tymh.json"", ""--disable-semantic-fallback""]","== match report for /home/arjaiswal/Polygeist/issues/aten_c_kernels/results/aten_sparse_intersection_apply_cpu/debuf.mlir ==
  match          body#[0]  cudnnPointwiseGraph_f32
  total: 1 matched / 1 bodies
",0,[],0,0,0,0,/home/arjaiswal/Polygeist/issues/aten_c_kernels/results/aten_sparse_intersection_apply_cpu/debuf.mlir,1909,0,1,1,307.7612332999706,0,65456,0.031929463148117065,0,0,0,0,"[{""body_indices"": [0], ""symbol"": ""cudnnPointwiseGraph_f32""}]",1,0,6,0.0,6
aten,aten_sparse_intersection_apply_cpu,/home/arjaiswal/Polygeist/issues/aten_c_kernels/results/aten_sparse_intersection_apply_cpu/debuf.mlir,a7b19549322c7deeff218e2c7df7de08ae15d25b183f92b2acdc68435f7f323f,syntactic,2,ok,0,733.6076200008392,0,"[""/usr/bin/python3"", ""/home/arjaiswal/Polygeist/scripts/correctness/kernel_match_rewrite.py"", ""/home/arjaiswal/Polygeist/issues/aten_c_kernels/results/aten_sparse_intersection_apply_cpu/debuf.mlir"", ""--dry-run"", ""--matcher-mode"", ""syntactic"", ""--telemetry-json"", ""/home/arjaiswal/Polygeist/issues/equality_saturation_eval/campaign_20260908/aten-aten_sparse_intersection_apply_cpu-syntactic-9l97hy3s.json"", ""--disable-semantic-fallback""]","== match report for /home/arjaiswal/Polygeist/issues/aten_c_kernels/results/aten_sparse_intersection_apply_cpu/debuf.mlir ==
  match          body#[0]  cudnnPointwiseGraph_f32
  total: 1 matched / 1 bodies
",0,[],0,0,0,0,/home/arjaiswal/Polygeist/issues/aten_c_kernels/results/aten_sparse_intersection_apply_cpu/debuf.mlir,1909,0,1,1,308.20467323064804,0,65436,0.02613663673400879,0,0,0,0,"[{""body_indices"": [0], ""symbol"": ""cudnnPointwiseGraph_f32""}]",1,0,6,0.0,6
aten,aten_sparse_intersection_apply_cpu,/home/arjaiswal/Polygeist/issues/aten_c_kernels/results/aten_sparse_intersection_apply_cpu/debuf.mlir,a7b19549322c7deeff218e2c7df7de08ae15d25b183f92b2acdc68435f7f323f,egglog,2,ok,0,721.3323526084423,0,"[""/usr/bin/python3"", ""/home/arjaiswal/Polygeist/scripts/correctness/kernel_match_rewrite.py"", ""/home/arjaiswal/Polygeist/issues/aten_c_kernels/results/aten_sparse_intersection_apply_cpu/debuf.mlir"", ""--dry-run"", ""--matcher-mode"", ""egglog"", ""--telemetry-json"", ""/home/arjaiswal/Polygeist/issues/equality_saturation_eval/campaign_20260908/aten-aten_sparse_intersection_apply_cpu-egglog-h5zy3b65.json"", ""--disable-semantic-fallback""]","== match report for /home/arjaiswal/Polygeist/issues/aten_c_kernels/results/aten_sparse_intersection_apply_cpu/debuf.mlir ==
  match          body#[0]  cudnnPointwiseGraph_f32
  total: 1 matched / 1 bodies
",0,[],0,0,0,0,/home/arjaiswal/Polygeist/issues/aten_c_kernels/results/aten_sparse_intersection_apply_cpu/debuf.mlir,1909,8,1,1,286.8242971599102,0,65872,0.0,0,0,0,0,"[{""body_indices"": [0], ""symbol"": ""cudnnPointwiseGraph_f32""}]",1,0,0,0.0,6
aten,aten_sparse_intersection_apply_cpu,/home/arjaiswal/Polygeist/issues/aten_c_kernels/results/aten_sparse_intersection_apply_cpu/debuf.mlir,a7b19549322c7deeff218e2c7df7de08ae15d25b183f92b2acdc68435f7f323f,egglog,3,ok,0,747.2479902207851,0,"[""/usr/bin/python3"", ""/home/arjaiswal/Polygeist/scripts/correctness/kernel_match_rewrite.py"", ""/home/arjaiswal/Polygeist/issues/aten_c_kernels/results/aten_sparse_intersection_apply_cpu/debuf.mlir"", ""--dry-run"", ""--matcher-mode"", ""egglog"", ""--telemetry-json"", ""/home/arjaiswal/Polygeist/issues/equality_saturation_eval/campaign_20260908/aten-aten_sparse_intersection_apply_cpu-egglog-xfuxwh0r.json"", ""--disable-semantic-fallback""]","== match report for /home/arjaiswal/Polygeist/issues/aten_c_kernels/results/aten_sparse_intersection_apply_cpu/debuf.mlir ==
  match          body#[0]  cudnnPointwiseGraph_f32
  total: 1 matched / 1 bodies
",0,[],0,0,0,0,/home/arjaiswal/Polygeist/issues/aten_c_kernels/results/aten_sparse_intersection_apply_cpu/debuf.mlir,1909,8,1,1,311.7980994284153,0,65740,0.0,0,0,0,0,"[{""body_indices"": [0], ""symbol"": ""cudnnPointwiseGraph_f32""}]",1,0,0,0.0,6
aten,aten_sparse_intersection_apply_cpu,/home/arjaiswal/Polygeist/issues/aten_c_kernels/results/aten_sparse_intersection_apply_cpu/debuf.mlir,a7b19549322c7deeff218e2c7df7de08ae15d25b183f92b2acdc68435f7f323f,syntactic,3,ok,0,737.5581748783588,0,"[""/usr/bin/python3"", ""/home/arjaiswal/Polygeist/scripts/correctness/kernel_match_rewrite.py"", ""/home/arjaiswal/Polygeist/issues/aten_c_kernels/results/aten_sparse_intersection_apply_cpu/debuf.mlir"", ""--dry-run"", ""--matcher-mode"", ""syntactic"", ""--telemetry-json"", ""/home/arjaiswal/Polygeist/issues/equality_saturation_eval/campaign_20260908/aten-aten_sparse_intersection_apply_cpu-syntactic-xjsik4g9.json"", ""--disable-semantic-fallback""]","== match report for /home/arjaiswal/Polygeist/issues/aten_c_kernels/results/aten_sparse_intersection_apply_cpu/debuf.mlir ==
  match          body#[0]  cudnnPointwiseGraph_f32
  total: 1 matched / 1 bodies
",0,[],0,0,0,0,/home/arjaiswal/Polygeist/issues/aten_c_kernels/results/aten_sparse_intersection_apply_cpu/debuf.mlir,1909,0,1,1,289.71927613019943,0,65728,0.0319555401802063,0,0,0,0,"[{""body_indices"": [0], ""symbol"": ""cudnnPointwiseGraph_f32""}]",1,0,6,0.0,6
aten,aten_sparse_intersection_apply_cpu,/home/arjaiswal/Polygeist/issues/aten_c_kernels/results/aten_sparse_intersection_apply_cpu/debuf.mlir,a7b19549322c7deeff218e2c7df7de08ae15d25b183f92b2acdc68435f7f323f,syntactic,4,ok,0,749.6689781546593,0,"[""/usr/bin/python3"", ""/home/arjaiswal/Polygeist/scripts/correctness/kernel_match_rewrite.py"", ""/home/arjaiswal/Polygeist/issues/aten_c_kernels/results/aten_sparse_intersection_apply_cpu/debuf.mlir"", ""--dry-run"", ""--matcher-mode"", ""syntactic"", ""--telemetry-json"", ""/home/arjaiswal/Polygeist/issues/equality_saturation_eval/campaign_20260908/aten-aten_sparse_intersection_apply_cpu-syntactic-9hbn04x4.json"", ""--disable-semantic-fallback""]","== match report for /home/arjaiswal/Polygeist/issues/aten_c_kernels/results/aten_sparse_intersection_apply_cpu/debuf.mlir ==
  match          body#[0]  cudnnPointwiseGraph_f32
  total: 1 matched / 1 bodies
",0,[],0,0,0,0,/home/arjaiswal/Polygeist/issues/aten_c_kernels/results/aten_sparse_intersection_apply_cpu/debuf.mlir,1909,0,1,1,307.0386201143265,0,65628,0.027824193239212036,0,0,0,0,"[{""body_indices"": [0], ""symbol"": ""cudnnPointwiseGraph_f32""}]",1,0,6,0.0,6
aten,aten_sparse_intersection_apply_cpu,/home/arjaiswal/Polygeist/issues/aten_c_kernels/results/aten_sparse_intersection_apply_cpu/debuf.mlir,a7b19549322c7deeff218e2c7df7de08ae15d25b183f92b2acdc68435f7f323f,egglog,4,ok,0,790.9615188837051,0,"[""/usr/bin/python3"", ""/home/arjaiswal/Polygeist/scripts/correctness/kernel_match_rewrite.py"", ""/home/arjaiswal/Polygeist/issues/aten_c_kernels/results/aten_sparse_intersection_apply_cpu/debuf.mlir"", ""--dry-run"", ""--matcher-mode"", ""egglog"", ""--telemetry-json"", ""/home/arjaiswal/Polygeist/issues/equality_saturation_eval/campaign_20260908/aten-aten_sparse_intersection_apply_cpu-egglog-w7xtzxnx.json"", ""--disable-semantic-fallback""]","== match report for /home/arjaiswal/Polygeist/issues/aten_c_kernels/results/aten_sparse_intersection_apply_cpu/debuf.mlir ==
  match          body#[0]  cudnnPointwiseGraph_f32
  total: 1 matched / 1 bodies
",0,[],0,0,0,0,/home/arjaiswal/Polygeist/issues/aten_c_kernels/results/aten_sparse_intersection_apply_cpu/debuf.mlir,1909,8,1,1,335.89140325784683,0,65864,0.0,0,0,0,0,"[{""body_indices"": [0], ""symbol"": ""cudnnPointwiseGraph_f32""}]",1,0,0,0.0,6
aten,aten_sparse_intersection_apply_cpu,/home/arjaiswal/Polygeist/issues/aten_c_kernels/results/aten_sparse_intersection_apply_cpu/debuf.mlir,a7b19549322c7deeff218e2c7df7de08ae15d25b183f92b2acdc68435f7f323f,egglog,5,ok,0,738.1808944046497,0,"[""/usr/bin/python3"", ""/home/arjaiswal/Polygeist/scripts/correctness/kernel_match_rewrite.py"", ""/home/arjaiswal/Polygeist/issues/aten_c_kernels/results/aten_sparse_intersection_apply_cpu/debuf.mlir"", ""--dry-run"", ""--matcher-mode"", ""egglog"", ""--telemetry-json"", ""/home/arjaiswal/Polygeist/issues/equality_saturation_eval/campaign_20260908/aten-aten_sparse_intersection_apply_cpu-egglog-oqbleb2y.json"", ""--disable-semantic-fallback""]","== match report for /home/arjaiswal/Polygeist/issues/aten_c_kernels/results/aten_sparse_intersection_apply_cpu/debuf.mlir ==
  match          body#[0]  cudnnPointwiseGraph_f32
  total: 1 matched / 1 bodies
",0,[],0,0,0,0,/home/arjaiswal/Polygeist/issues/aten_c_kernels/results/aten_sparse_intersection_apply_cpu/debuf.mlir,1909,8,1,1,289.56858441233635,0,65736,0.0,0,0,0,0,"[{""body_indices"": [0], ""symbol"": ""cudnnPointwiseGraph_f32""}]",1,0,0,0.0,6
aten,aten_sparse_intersection_apply_cpu,/home/arjaiswal/Polygeist/issues/aten_c_kernels/results/aten_sparse_intersection_apply_cpu/debuf.mlir,a7b19549322c7deeff218e2c7df7de08ae15d25b183f92b2acdc68435f7f323f,syntactic,5,ok,0,732.4518710374832,0,"[""/usr/bin/python3"", ""/home/arjaiswal/Polygeist/scripts/correctness/kernel_match_rewrite.py"", ""/home/arjaiswal/Polygeist/issues/aten_c_kernels/results/aten_sparse_intersection_apply_cpu/debuf.mlir"", ""--dry-run"", ""--matcher-mode"", ""syntactic"", ""--telemetry-json"", ""/home/arjaiswal/Polygeist/issues/equality_saturation_eval/campaign_20260908/aten-aten_sparse_intersection_apply_cpu-syntactic-t5y5mn6u.json"", ""--disable-semantic-fallback""]","== match report for /home/arjaiswal/Polygeist/issues/aten_c_kernels/results/aten_sparse_intersection_apply_cpu/debuf.mlir ==
  match          body#[0]  cudnnPointwiseGraph_f32
  total: 1 matched / 1 bodies
",0,[],0,0,0,0,/home/arjaiswal/Polygeist/issues/aten_c_kernels/results/aten_sparse_intersection_apply_cpu/debuf.mlir,1909,0,1,1,298.53370785713196,0,65844,0.02948567271232605,0,0,0,0,"[{""body_indices"": [0], ""symbol"": ""cudnnPointwiseGraph_f32""}]",1,0,6,0.0,6
aten,aten_sparse_intersection_launch_cpu,/home/arjaiswal/Polygeist/issues/aten_c_kernels/results/aten_sparse_intersection_launch_cpu/debuf.mlir,9be630b117c48e8326efad4f40a0a29af3c89068d38081619447407b1f364adf,syntactic,1,ok,0,694.1121146082878,0,"[""/usr/bin/python3"", ""/home/arjaiswal/Polygeist/scripts/correctness/kernel_match_rewrite.py"", ""/home/arjaiswal/Polygeist/issues/aten_c_kernels/results/aten_sparse_intersection_launch_cpu/debuf.mlir"", ""--dry-run"", ""--matcher-mode"", ""syntactic"", ""--telemetry-json"", ""/home/arjaiswal/Polygeist/issues/equality_saturation_eval/campaign_20260908/aten-aten_sparse_intersection_launch_cpu-syntactic-zyns9oa0.json"", ""--disable-semantic-fallback""]","== match report for /home/arjaiswal/Polygeist/issues/aten_c_kernels/results/aten_sparse_intersection_launch_cpu/debuf.mlir ==
  match          body#[0]  cudnnPointwiseGraph_f32
  total: 1 matched / 1 bodies
",0,[],0,0,0,0,/home/arjaiswal/Polygeist/issues/aten_c_kernels/results/aten_sparse_intersection_launch_cpu/debuf.mlir,1910,0,1,1,284.54648703336716,0,65628,0.029515475034713745,0,0,0,0,"[{""body_indices"": [0], ""symbol"": ""cudnnPointwiseGraph_f32""}]",1,0,6,0.0,6
aten,aten_sparse_intersection_launch_cpu,/home/arjaiswal/Polygeist/issues/aten_c_kernels/results/aten_sparse_intersection_launch_cpu/debuf.mlir,9be630b117c48e8326efad4f40a0a29af3c89068d38081619447407b1f364adf,egglog,1,ok,0,717.6527567207813,0,"[""/usr/bin/python3"", ""/home/arjaiswal/Polygeist/scripts/correctness/kernel_match_rewrite.py"", ""/home/arjaiswal/Polygeist/issues/aten_c_kernels/results/aten_sparse_intersection_launch_cpu/debuf.mlir"", ""--dry-run"", ""--matcher-mode"", ""egglog"", ""--telemetry-json"", ""/home/arjaiswal/Polygeist/issues/equality_saturation_eval/campaign_20260908/aten-aten_sparse_intersection_launch_cpu-egglog-4juucr0p.json"", ""--disable-semantic-fallback""]","== match report for /home/arjaiswal/Polygeist/issues/aten_c_kernels/results/aten_sparse_intersection_launch_cpu/debuf.mlir ==
  match          body#[0]  cudnnPointwiseGraph_f32
  total: 1 matched / 1 bodies
",0,[],0,0,0,0,/home/arjaiswal/Polygeist/issues/aten_c_kernels/results/aten_sparse_intersection_launch_cpu/debuf.mlir,1910,8,1,1,294.019915163517,0,65676,0.0,0,0,0,0,"[{""body_indices"": [0], ""symbol"": ""cudnnPointwiseGraph_f32""}]",1,0,0,0.0,6
aten,aten_sparse_intersection_launch_cpu,/home/arjaiswal/Polygeist/issues/aten_c_kernels/results/aten_sparse_intersection_launch_cpu/debuf.mlir,9be630b117c48e8326efad4f40a0a29af3c89068d38081619447407b1f364adf,egglog,2,ok,0,732.0697270333767,0,"[""/usr/bin/python3"", ""/home/arjaiswal/Polygeist/scripts/correctness/kernel_match_rewrite.py"", ""/home/arjaiswal/Polygeist/issues/aten_c_kernels/results/aten_sparse_intersection_launch_cpu/debuf.mlir"", ""--dry-run"", ""--matcher-mode"", ""egglog"", ""--telemetry-json"", ""/home/arjaiswal/Polygeist/issues/equality_saturation_eval/campaign_20260908/aten-aten_sparse_intersection_launch_cpu-egglog-ly0esgb3.json"", ""--disable-semantic-fallback""]","== match report for /home/arjaiswal/Polygeist/issues/aten_c_kernels/results/aten_sparse_intersection_launch_cpu/debuf.mlir ==
  match          body#[0]  cudnnPointwiseGraph_f32
  total: 1 matched / 1 bodies
",0,[],0,0,0,0,/home/arjaiswal/Polygeist/issues/aten_c_kernels/results/aten_sparse_intersection_launch_cpu/debuf.mlir,1910,8,1,1,297.3249517381191,0,65740,0.0,0,0,0,0,"[{""body_indices"": [0], ""symbol"": ""cudnnPointwiseGraph_f32""}]",1,0,0,0.0,6
aten,aten_sparse_intersection_launch_cpu,/home/arjaiswal/Polygeist/issues/aten_c_kernels/results/aten_sparse_intersection_launch_cpu/debuf.mlir,9be630b117c48e8326efad4f40a0a29af3c89068d38081619447407b1f364adf,syntactic,2,ok,0,716.5892980992794,0,"[""/usr/bin/python3"", ""/home/arjaiswal/Polygeist/scripts/correctness/kernel_match_rewrite.py"", ""/home/arjaiswal/Polygeist/issues/aten_c_kernels/results/aten_sparse_intersection_launch_cpu/debuf.mlir"", ""--dry-run"", ""--matcher-mode"", ""syntactic"", ""--telemetry-json"", ""/home/arjaiswal/Polygeist/issues/equality_saturation_eval/campaign_20260908/aten-aten_sparse_intersection_launch_cpu-syntactic-1btjbt85.json"", ""--disable-semantic-fallback""]","== match report for /home/arjaiswal/Polygeist/issues/aten_c_kernels/results/aten_sparse_intersection_launch_cpu/debuf.mlir ==
  match          body#[0]  cudnnPointwiseGraph_f32
  total: 1 matched / 1 bodies
",0,[],0,0,0,0,/home/arjaiswal/Polygeist/issues/aten_c_kernels/results/aten_sparse_intersection_launch_cpu/debuf.mlir,1910,0,1,1,312.0051473379135,0,65832,0.02520531415939331,0,0,0,0,"[{""body_indices"": [0], ""symbol"": ""cudnnPointwiseGraph_f32""}]",1,0,6,0.0,6
aten,aten_sparse_intersection_launch_cpu,/home/arjaiswal/Polygeist/issues/aten_c_kernels/results/aten_sparse_intersection_launch_cpu/debuf.mlir,9be630b117c48e8326efad4f40a0a29af3c89068d38081619447407b1f364adf,syntactic,3,ok,0,709.426537156105,0,"[""/usr/bin/python3"", ""/home/arjaiswal/Polygeist/scripts/correctness/kernel_match_rewrite.py"", ""/home/arjaiswal/Polygeist/issues/aten_c_kernels/results/aten_sparse_intersection_launch_cpu/debuf.mlir"", ""--dry-run"", ""--matcher-mode"", ""syntactic"", ""--telemetry-json"", ""/home/arjaiswal/Polygeist/issues/equality_saturation_eval/campaign_20260908/aten-aten_sparse_intersection_launch_cpu-syntactic-htteg6fo.json"", ""--disable-semantic-fallback""]","== match report for /home/arjaiswal/Polygeist/issues/aten_c_kernels/results/aten_sparse_intersection_launch_cpu/debuf.mlir ==
  match          body#[0]  cudnnPointwiseGraph_f32
  total: 1 matched / 1 bodies
",0,[],0,0,0,0,/home/arjaiswal/Polygeist/issues/aten_c_kernels/results/aten_sparse_intersection_launch_cpu/debuf.mlir,1910,0,1,1,283.43307599425316,0,65628,0.025384128093719482,0,0,0,0,"[{""body_indices"": [0], ""symbol"": ""cudnnPointwiseGraph_f32""}]",1,0,6,0.0,6
aten,aten_sparse_intersection_launch_cpu,/home/arjaiswal/Polygeist/issues/aten_c_kernels/results/aten_sparse_intersection_launch_cpu/debuf.mlir,9be630b117c48e8326efad4f40a0a29af3c89068d38081619447407b1f364adf,egglog,3,ok,0,705.6143209338188,0,"[""/usr/bin/python3"", ""/home/arjaiswal/Polygeist/scripts/correctness/kernel_match_rewrite.py"", ""/home/arjaiswal/Polygeist/issues/aten_c_kernels/results/aten_sparse_intersection_launch_cpu/debuf.mlir"", ""--dry-run"", ""--matcher-mode"", ""egglog"", ""--telemetry-json"", ""/home/arjaiswal/Polygeist/issues/equality_saturation_eval/campaign_20260908/aten-aten_sparse_intersection_launch_cpu-egglog-linv94oe.json"", ""--disable-semantic-fallback""]","== match report for /home/arjaiswal/Polygeist/issues/aten_c_kernels/results/aten_sparse_intersection_launch_cpu/debuf.mlir ==
  match          body#[0]  cudnnPointwiseGraph_f32
  total: 1 matched / 1 bodies
",0,[],0,0,0,0,/home/arjaiswal/Polygeist/issues/aten_c_kernels/results/aten_sparse_intersection_launch_cpu/debuf.mlir,1910,8,1,1,295.51851749420166,0,65676,0.0,0,0,0,0,"[{""body_indices"": [0], ""symbol"": ""cudnnPointwiseGraph_f32""}]",1,0,0,0.0,6
aten,aten_sparse_intersection_launch_cpu,/home/arjaiswal/Polygeist/issues/aten_c_kernels/results/aten_sparse_intersection_launch_cpu/debuf.mlir,9be630b117c48e8326efad4f40a0a29af3c89068d38081619447407b1f364adf,egglog,4,ok,0,709.6420899033546,0,"[""/usr/bin/python3"", ""/home/arjaiswal/Polygeist/scripts/correctness/kernel_match_rewrite.py"", ""/home/arjaiswal/Polygeist/issues/aten_c_kernels/results/aten_sparse_intersection_launch_cpu/debuf.mlir"", ""--dry-run"", ""--matcher-mode"", ""egglog"", ""--telemetry-json"", ""/home/arjaiswal/Polygeist/issues/equality_saturation_eval/campaign_20260908/aten-aten_sparse_intersection_launch_cpu-egglog-qb80drcf.json"", ""--disable-semantic-fallback""]","== match report for /home/arjaiswal/Polygeist/issues/aten_c_kernels/results/aten_sparse_intersection_launch_cpu/debuf.mlir ==
  match          body#[0]  cudnnPointwiseGraph_f32
  total: 1 matched / 1 bodies
",0,[],0,0,0,0,/home/arjaiswal/Polygeist/issues/aten_c_kernels/results/aten_sparse_intersection_launch_cpu/debuf.mlir,1910,8,1,1,298.7614683806896,0,65684,0.0,0,0,0,0,"[{""body_indices"": [0], ""symbol"": ""cudnnPointwiseGraph_f32""}]",1,0,0,0.0,6
aten,aten_sparse_intersection_launch_cpu,/home/arjaiswal/Polygeist/issues/aten_c_kernels/results/aten_sparse_intersection_launch_cpu/debuf.mlir,9be630b117c48e8326efad4f40a0a29af3c89068d38081619447407b1f364adf,syntactic,4,ok,0,728.6586128175259,0,"[""/usr/bin/python3"", ""/home/arjaiswal/Polygeist/scripts/correctness/kernel_match_rewrite.py"", ""/home/arjaiswal/Polygeist/issues/aten_c_kernels/results/aten_sparse_intersection_launch_cpu/debuf.mlir"", ""--dry-run"", ""--matcher-mode"", ""syntactic"", ""--telemetry-json"", ""/home/arjaiswal/Polygeist/issues/equality_saturation_eval/campaign_20260908/aten-aten_sparse_intersection_launch_cpu-syntactic-oqsgdolh.json"", ""--disable-semantic-fallback""]","== match report for /home/arjaiswal/Polygeist/issues/aten_c_kernels/results/aten_sparse_intersection_launch_cpu/debuf.mlir ==
  match          body#[0]  cudnnPointwiseGraph_f32
  total: 1 matched / 1 bodies
",0,[],0,0,0,0,/home/arjaiswal/Polygeist/issues/aten_c_kernels/results/aten_sparse_intersection_launch_cpu/debuf.mlir,1910,0,1,1,290.40219634771347,0,65796,0.0353492796421051,0,0,0,0,"[{""body_indices"": [0], ""symbol"": ""cudnnPointwiseGraph_f32""}]",1,0,6,0.0,6
aten,aten_sparse_intersection_launch_cpu,/home/arjaiswal/Polygeist/issues/aten_c_kernels/results/aten_sparse_intersection_launch_cpu/debuf.mlir,9be630b117c48e8326efad4f40a0a29af3c89068d38081619447407b1f364adf,syntactic,5,ok,0,705.2909061312675,0,"[""/usr/bin/python3"", ""/home/arjaiswal/Polygeist/scripts/correctness/kernel_match_rewrite.py"", ""/home/arjaiswal/Polygeist/issues/aten_c_kernels/results/aten_sparse_intersection_launch_cpu/debuf.mlir"", ""--dry-run"", ""--matcher-mode"", ""syntactic"", ""--telemetry-json"", ""/home/arjaiswal/Polygeist/issues/equality_saturation_eval/campaign_20260908/aten-aten_sparse_intersection_launch_cpu-syntactic-z6g_1v1x.json"", ""--disable-semantic-fallback""]","== match report for /home/arjaiswal/Polygeist/issues/aten_c_kernels/results/aten_sparse_intersection_launch_cpu/debuf.mlir ==
  match          body#[0]  cudnnPointwiseGraph_f32
  total: 1 matched / 1 bodies
",0,[],0,0,0,0,/home/arjaiswal/Polygeist/issues/aten_c_kernels/results/aten_sparse_intersection_launch_cpu/debuf.mlir,1910,0,1,1,289.5425520837307,0,65792,0.025503337383270264,0,0,0,0,"[{""body_indices"": [0], ""symbol"": ""cudnnPointwiseGraph_f32""}]",1,0,6,0.0,6
aten,aten_sparse_intersection_launch_cpu,/home/arjaiswal/Polygeist/issues/aten_c_kernels/results/aten_sparse_intersection_launch_cpu/debuf.mlir,9be630b117c48e8326efad4f40a0a29af3c89068d38081619447407b1f364adf,egglog,5,ok,0,698.6671574413776,0,"[""/usr/bin/python3"", ""/home/arjaiswal/Polygeist/scripts/correctness/kernel_match_rewrite.py"", ""/home/arjaiswal/Polygeist/issues/aten_c_kernels/results/aten_sparse_intersection_launch_cpu/debuf.mlir"", ""--dry-run"", ""--matcher-mode"", ""egglog"", ""--telemetry-json"", ""/home/arjaiswal/Polygeist/issues/equality_saturation_eval/campaign_20260908/aten-aten_sparse_intersection_launch_cpu-egglog-hzlcfelj.json"", ""--disable-semantic-fallback""]","== match report for /home/arjaiswal/Polygeist/issues/aten_c_kernels/results/aten_sparse_intersection_launch_cpu/debuf.mlir ==
  match          body#[0]  cudnnPointwiseGraph_f32
  total: 1 matched / 1 bodies
",0,[],0,0,0,0,/home/arjaiswal/Polygeist/issues/aten_c_kernels/results/aten_sparse_intersection_launch_cpu/debuf.mlir,1910,8,1,1,282.06903487443924,0,65532,0.0,0,0,0,0,"[{""body_indices"": [0], ""symbol"": ""cudnnPointwiseGraph_f32""}]",1,0,0,0.0,6
aten,aten_sparse_matmul_cpu,/home/arjaiswal/Polygeist/issues/aten_c_kernels/results/aten_sparse_matmul_cpu/debuf.mlir,2c5bfd0ebb1902cd5e9f90b0814786b49a06a62272c92c60b563c2595a2d5593,egglog,1,ok,0,693.9687803387642,0,"[""/usr/bin/python3"", ""/home/arjaiswal/Polygeist/scripts/correctness/kernel_match_rewrite.py"", ""/home/arjaiswal/Polygeist/issues/aten_c_kernels/results/aten_sparse_matmul_cpu/debuf.mlir"", ""--dry-run"", ""--matcher-mode"", ""egglog"", ""--telemetry-json"", ""/home/arjaiswal/Polygeist/issues/equality_saturation_eval/campaign_20260908/aten-aten_sparse_matmul_cpu-egglog-l522v1kc.json"", ""--disable-semantic-fallback""]","== match report for /home/arjaiswal/Polygeist/issues/aten_c_kernels/results/aten_sparse_matmul_cpu/debuf.mlir ==
  total: 0 matched / 0 bodies
",0,[],0,0,0,0,/home/arjaiswal/Polygeist/issues/aten_c_kernels/results/aten_sparse_matmul_cpu/debuf.mlir,2961,8,0,0,262.8948614001274,0,64788,0.0,0,0,0,0,[],0,0,0,0.0,0
aten,aten_sparse_matmul_cpu,/home/arjaiswal/Polygeist/issues/aten_c_kernels/results/aten_sparse_matmul_cpu/debuf.mlir,2c5bfd0ebb1902cd5e9f90b0814786b49a06a62272c92c60b563c2595a2d5593,syntactic,1,ok,0,763.0487680435181,0,"[""/usr/bin/python3"", ""/home/arjaiswal/Polygeist/scripts/correctness/kernel_match_rewrite.py"", ""/home/arjaiswal/Polygeist/issues/aten_c_kernels/results/aten_sparse_matmul_cpu/debuf.mlir"", ""--dry-run"", ""--matcher-mode"", ""syntactic"", ""--telemetry-json"", ""/home/arjaiswal/Polygeist/issues/equality_saturation_eval/campaign_20260908/aten-aten_sparse_matmul_cpu-syntactic-s8pjgb0y.json"", ""--disable-semantic-fallback""]","== match report for /home/arjaiswal/Polygeist/issues/aten_c_kernels/results/aten_sparse_matmul_cpu/debuf.mlir ==
  total: 0 matched / 0 bodies
",0,[],0,0,0,0,/home/arjaiswal/Polygeist/issues/aten_c_kernels/results/aten_sparse_matmul_cpu/debuf.mlir,2961,0,0,0,339.51256051659584,0,64632,0.0,0,0,0,0,[],0,0,0,0.0,0
aten,aten_sparse_matmul_cpu,/home/arjaiswal/Polygeist/issues/aten_c_kernels/results/aten_sparse_matmul_cpu/debuf.mlir,2c5bfd0ebb1902cd5e9f90b0814786b49a06a62272c92c60b563c2595a2d5593,syntactic,2,ok,0,678.8016743957996,0,"[""/usr/bin/python3"", ""/home/arjaiswal/Polygeist/scripts/correctness/kernel_match_rewrite.py"", ""/home/arjaiswal/Polygeist/issues/aten_c_kernels/results/aten_sparse_matmul_cpu/debuf.mlir"", ""--dry-run"", ""--matcher-mode"", ""syntactic"", ""--telemetry-json"", ""/home/arjaiswal/Polygeist/issues/equality_saturation_eval/campaign_20260908/aten-aten_sparse_matmul_cpu-syntactic-_j1kdi00.json"", ""--disable-semantic-fallback""]","== match report for /home/arjaiswal/Polygeist/issues/aten_c_kernels/results/aten_sparse_matmul_cpu/debuf.mlir ==
  total: 0 matched / 0 bodies
",0,[],0,0,0,0,/home/arjaiswal/Polygeist/issues/aten_c_kernels/results/aten_sparse_matmul_cpu/debuf.mlir,2961,0,0,0,254.8554353415966,0,64780,0.0,0,0,0,0,[],0,0,0,0.0,0
aten,aten_sparse_matmul_cpu,/home/arjaiswal/Polygeist/issues/aten_c_kernels/results/aten_sparse_matmul_cpu/debuf.mlir,2c5bfd0ebb1902cd5e9f90b0814786b49a06a62272c92c60b563c2595a2d5593,egglog,2,ok,0,690.4693469405174,0,"[""/usr/bin/python3"", ""/home/arjaiswal/Polygeist/scripts/correctness/kernel_match_rewrite.py"", ""/home/arjaiswal/Polygeist/issues/aten_c_kernels/results/aten_sparse_matmul_cpu/debuf.mlir"", ""--dry-run"", ""--matcher-mode"", ""egglog"", ""--telemetry-json"", ""/home/arjaiswal/Polygeist/issues/equality_saturation_eval/campaign_20260908/aten-aten_sparse_matmul_cpu-egglog-wa5z_zgo.json"", ""--disable-semantic-fallback""]","== match report for /home/arjaiswal/Polygeist/issues/aten_c_kernels/results/aten_sparse_matmul_cpu/debuf.mlir ==
  total: 0 matched / 0 bodies
",0,[],0,0,0,0,/home/arjaiswal/Polygeist/issues/aten_c_kernels/results/aten_sparse_matmul_cpu/debuf.mlir,2961,8,0,0,258.76857340335846,0,64668,0.0,0,0,0,0,[],0,0,0,0.0,0
aten,aten_sparse_matmul_cpu,/home/arjaiswal/Polygeist/issues/aten_c_kernels/results/aten_sparse_matmul_cpu/debuf.mlir,2c5bfd0ebb1902cd5e9f90b0814786b49a06a62272c92c60b563c2595a2d5593,egglog,3,ok,0,658.0476798117161,0,"[""/usr/bin/python3"", ""/home/arjaiswal/Polygeist/scripts/correctness/kernel_match_rewrite.py"", ""/home/arjaiswal/Polygeist/issues/aten_c_kernels/results/aten_sparse_matmul_cpu/debuf.mlir"", ""--dry-run"", ""--matcher-mode"", ""egglog"", ""--telemetry-json"", ""/home/arjaiswal/Polygeist/issues/equality_saturation_eval/campaign_20260908/aten-aten_sparse_matmul_cpu-egglog-y9apqaau.json"", ""--disable-semantic-fallback""]","== match report for /home/arjaiswal/Polygeist/issues/aten_c_kernels/results/aten_sparse_matmul_cpu/debuf.mlir ==
  total: 0 matched / 0 bodies
",0,[],0,0,0,0,/home/arjaiswal/Polygeist/issues/aten_c_kernels/results/aten_sparse_matmul_cpu/debuf.mlir,2961,8,0,0,250.80716982483864,0,64644,0.0,0,0,0,0,[],0,0,0,0.0,0
aten,aten_sparse_matmul_cpu,/home/arjaiswal/Polygeist/issues/aten_c_kernels/results/aten_sparse_matmul_cpu/debuf.mlir,2c5bfd0ebb1902cd5e9f90b0814786b49a06a62272c92c60b563c2595a2d5593,syntactic,3,ok,0,667.6082871854305,0,"[""/usr/bin/python3"", ""/home/arjaiswal/Polygeist/scripts/correctness/kernel_match_rewrite.py"", ""/home/arjaiswal/Polygeist/issues/aten_c_kernels/results/aten_sparse_matmul_cpu/debuf.mlir"", ""--dry-run"", ""--matcher-mode"", ""syntactic"", ""--telemetry-json"", ""/home/arjaiswal/Polygeist/issues/equality_saturation_eval/campaign_20260908/aten-aten_sparse_matmul_cpu-syntactic-b9ggltcd.json"", ""--disable-semantic-fallback""]","== match report for /home/arjaiswal/Polygeist/issues/aten_c_kernels/results/aten_sparse_matmul_cpu/debuf.mlir ==
  total: 0 matched / 0 bodies
",0,[],0,0,0,0,/home/arjaiswal/Polygeist/issues/aten_c_kernels/results/aten_sparse_matmul_cpu/debuf.mlir,2961,0,0,0,258.2349218428135,0,64796,0.0,0,0,0,0,[],0,0,0,0.0,0
aten,aten_sparse_matmul_cpu,/home/arjaiswal/Polygeist/issues/aten_c_kernels/results/aten_sparse_matmul_cpu/debuf.mlir,2c5bfd0ebb1902cd5e9f90b0814786b49a06a62272c92c60b563c2595a2d5593,syntactic,4,ok,0,708.7132781744003,0,"[""/usr/bin/python3"", ""/home/arjaiswal/Polygeist/scripts/correctness/kernel_match_rewrite.py"", ""/home/arjaiswal/Polygeist/issues/aten_c_kernels/results/aten_sparse_matmul_cpu/debuf.mlir"", ""--dry-run"", ""--matcher-mode"", ""syntactic"", ""--telemetry-json"", ""/home/arjaiswal/Polygeist/issues/equality_saturation_eval/campaign_20260908/aten-aten_sparse_matmul_cpu-syntactic-wqvs2ujb.json"", ""--disable-semantic-fallback""]","== match report for /home/arjaiswal/Polygeist/issues/aten_c_kernels/results/aten_sparse_matmul_cpu/debuf.mlir ==
  total: 0 matched / 0 bodies
",0,[],0,0,0,0,/home/arjaiswal/Polygeist/issues/aten_c_kernels/results/aten_sparse_matmul_cpu/debuf.mlir,2961,0,0,0,276.6037806868553,0,64944,0.0,0,0,0,0,[],0,0,0,0.0,0
aten,aten_sparse_matmul_cpu,/home/arjaiswal/Polygeist/issues/aten_c_kernels/results/aten_sparse_matmul_cpu/debuf.mlir,2c5bfd0ebb1902cd5e9f90b0814786b49a06a62272c92c60b563c2595a2d5593,egglog,4,ok,0,764.9877555668354,0,"[""/usr/bin/python3"", ""/home/arjaiswal/Polygeist/scripts/correctness/kernel_match_rewrite.py"", ""/home/arjaiswal/Polygeist/issues/aten_c_kernels/results/aten_sparse_matmul_cpu/debuf.mlir"", ""--dry-run"", ""--matcher-mode"", ""egglog"", ""--telemetry-json"", ""/home/arjaiswal/Polygeist/issues/equality_saturation_eval/campaign_20260908/aten-aten_sparse_matmul_cpu-egglog-z9g2h5u5.json"", ""--disable-semantic-fallback""]","== match report for /home/arjaiswal/Polygeist/issues/aten_c_kernels/results/aten_sparse_matmul_cpu/debuf.mlir ==
  total: 0 matched / 0 bodies
",0,[],0,0,0,0,/home/arjaiswal/Polygeist/issues/aten_c_kernels/results/aten_sparse_matmul_cpu/debuf.mlir,2961,8,0,0,289.0002243220806,0,64704,0.0,0,0,0,0,[],0,0,0,0.0,0
aten,aten_sparse_matmul_cpu,/home/arjaiswal/Polygeist/issues/aten_c_kernels/results/aten_sparse_matmul_cpu/debuf.mlir,2c5bfd0ebb1902cd5e9f90b0814786b49a06a62272c92c60b563c2595a2d5593,egglog,5,ok,0,676.7179295420647,0,"[""/usr/bin/python3"", ""/home/arjaiswal/Polygeist/scripts/correctness/kernel_match_rewrite.py"", ""/home/arjaiswal/Polygeist/issues/aten_c_kernels/results/aten_sparse_matmul_cpu/debuf.mlir"", ""--dry-run"", ""--matcher-mode"", ""egglog"", ""--telemetry-json"", ""/home/arjaiswal/Polygeist/issues/equality_saturation_eval/campaign_20260908/aten-aten_sparse_matmul_cpu-egglog-2dmxuugu.json"", ""--disable-semantic-fallback""]","== match report for /home/arjaiswal/Polygeist/issues/aten_c_kernels/results/aten_sparse_matmul_cpu/debuf.mlir ==
  total: 0 matched / 0 bodies
",0,[],0,0,0,0,/home/arjaiswal/Polygeist/issues/aten_c_kernels/results/aten_sparse_matmul_cpu/debuf.mlir,2961,8,0,0,257.60436803102493,0,64768,0.0,0,0,0,0,[],0,0,0,0.0,0
aten,aten_sparse_matmul_cpu,/home/arjaiswal/Polygeist/issues/aten_c_kernels/results/aten_sparse_matmul_cpu/debuf.mlir,2c5bfd0ebb1902cd5e9f90b0814786b49a06a62272c92c60b563c2595a2d5593,syntactic,5,ok,0,727.7663089334965,0,"[""/usr/bin/python3"", ""/home/arjaiswal/Polygeist/scripts/correctness/kernel_match_rewrite.py"", ""/home/arjaiswal/Polygeist/issues/aten_c_kernels/results/aten_sparse_matmul_cpu/debuf.mlir"", ""--dry-run"", ""--matcher-mode"", ""syntactic"", ""--telemetry-json"", ""/home/arjaiswal/Polygeist/issues/equality_saturation_eval/campaign_20260908/aten-aten_sparse_matmul_cpu-syntactic-w2r8r7fv.json"", ""--disable-semantic-fallback""]","== match report for /home/arjaiswal/Polygeist/issues/aten_c_kernels/results/aten_sparse_matmul_cpu/debuf.mlir ==
  total: 0 matched / 0 bodies
",0,[],0,0,0,0,/home/arjaiswal/Polygeist/issues/aten_c_kernels/results/aten_sparse_matmul_cpu/debuf.mlir,2961,0,0,0,269.12111043930054,0,64888,0.0,0,0,0,0,[],0,0,0,0.0,0
aten,aten_sparse_matmul_csr_to_coo_cpu,/home/arjaiswal/Polygeist/issues/aten_c_kernels/results/aten_sparse_matmul_csr_to_coo_cpu/debuf.mlir,8b11647de294f7f111106c7ad77ae14602fa1809c4d6d3fb16d03b7c90fad245,syntactic,1,ok,0,739.1043677926064,0,"[""/usr/bin/python3"", ""/home/arjaiswal/Polygeist/scripts/correctness/kernel_match_rewrite.py"", ""/home/arjaiswal/Polygeist/issues/aten_c_kernels/results/aten_sparse_matmul_csr_to_coo_cpu/debuf.mlir"", ""--dry-run"", ""--matcher-mode"", ""syntactic"", ""--telemetry-json"", ""/home/arjaiswal/Polygeist/issues/equality_saturation_eval/campaign_20260908/aten-aten_sparse_matmul_csr_to_coo_cpu-syntactic-18iexk9i.json"", ""--disable-semantic-fallback""]","== match report for /home/arjaiswal/Polygeist/issues/aten_c_kernels/results/aten_sparse_matmul_csr_to_coo_cpu/debuf.mlir ==
  total: 0 matched / 0 bodies
",0,[],0,0,0,0,/home/arjaiswal/Polygeist/issues/aten_c_kernels/results/aten_sparse_matmul_csr_to_coo_cpu/debuf.mlir,2388,0,0,0,278.0843935906887,0,64724,0.0,0,0,0,0,[],0,0,0,0.0,0
aten,aten_sparse_matmul_csr_to_coo_cpu,/home/arjaiswal/Polygeist/issues/aten_c_kernels/results/aten_sparse_matmul_csr_to_coo_cpu/debuf.mlir,8b11647de294f7f111106c7ad77ae14602fa1809c4d6d3fb16d03b7c90fad245,egglog,1,ok,0,731.3516475260258,0,"[""/usr/bin/python3"", ""/home/arjaiswal/Polygeist/scripts/correctness/kernel_match_rewrite.py"", ""/home/arjaiswal/Polygeist/issues/aten_c_kernels/results/aten_sparse_matmul_csr_to_coo_cpu/debuf.mlir"", ""--dry-run"", ""--matcher-mode"", ""egglog"", ""--telemetry-json"", ""/home/arjaiswal/Polygeist/issues/equality_saturation_eval/campaign_20260908/aten-aten_sparse_matmul_csr_to_coo_cpu-egglog-f9nwms1k.json"", ""--disable-semantic-fallback""]","== match report for /home/arjaiswal/Polygeist/issues/aten_c_kernels/results/aten_sparse_matmul_csr_to_coo_cpu/debuf.mlir ==
  total: 0 matched / 0 bodies
",0,[],0,0,0,0,/home/arjaiswal/Polygeist/issues/aten_c_kernels/results/aten_sparse_matmul_csr_to_coo_cpu/debuf.mlir,2388,8,0,0,278.4540541470051,0,64712,0.0,0,0,0,0,[],0,0,0,0.0,0
aten,aten_sparse_matmul_csr_to_coo_cpu,/home/arjaiswal/Polygeist/issues/aten_c_kernels/results/aten_sparse_matmul_csr_to_coo_cpu/debuf.mlir,8b11647de294f7f111106c7ad77ae14602fa1809c4d6d3fb16d03b7c90fad245,egglog,2,ok,0,720.2977500855923,0,"[""/usr/bin/python3"", ""/home/arjaiswal/Polygeist/scripts/correctness/kernel_match_rewrite.py"", ""/home/arjaiswal/Polygeist/issues/aten_c_kernels/results/aten_sparse_matmul_csr_to_coo_cpu/debuf.mlir"", ""--dry-run"", ""--matcher-mode"", ""egglog"", ""--telemetry-json"", ""/home/arjaiswal/Polygeist/issues/equality_saturation_eval/campaign_20260908/aten-aten_sparse_matmul_csr_to_coo_cpu-egglog-87_whrv3.json"", ""--disable-semantic-fallback""]","== match report for /home/arjaiswal/Polygeist/issues/aten_c_kernels/results/aten_sparse_matmul_csr_to_coo_cpu/debuf.mlir ==
  total: 0 matched / 0 bodies
",0,[],0,0,0,0,/home/arjaiswal/Polygeist/issues/aten_c_kernels/results/aten_sparse_matmul_csr_to_coo_cpu/debuf.mlir,2388,8,0,0,278.5203605890274,0,64624,0.0,0,0,0,0,[],0,0,0,0.0,0
aten,aten_sparse_matmul_csr_to_coo_cpu,/home/arjaiswal/Polygeist/issues/aten_c_kernels/results/aten_sparse_matmul_csr_to_coo_cpu/debuf.mlir,8b11647de294f7f111106c7ad77ae14602fa1809c4d6d3fb16d03b7c90fad245,syntactic,2,ok,0,707.6423987746239,0,"[""/usr/bin/python3"", ""/home/arjaiswal/Polygeist/scripts/correctness/kernel_match_rewrite.py"", ""/home/arjaiswal/Polygeist/issues/aten_c_kernels/results/aten_sparse_matmul_csr_to_coo_cpu/debuf.mlir"", ""--dry-run"", ""--matcher-mode"", ""syntactic"", ""--telemetry-json"", ""/home/arjaiswal/Polygeist/issues/equality_saturation_eval/campaign_20260908/aten-aten_sparse_matmul_csr_to_coo_cpu-syntactic-p0g3fgdr.json"", ""--disable-semantic-fallback""]","== match report for /home/arjaiswal/Polygeist/issues/aten_c_kernels/results/aten_sparse_matmul_csr_to_coo_cpu/debuf.mlir ==
  total: 0 matched / 0 bodies
",0,[],0,0,0,0,/home/arjaiswal/Polygeist/issues/aten_c_kernels/results/aten_sparse_matmul_csr_to_coo_cpu/debuf.mlir,2388,0,0,0,262.85411790013313,0,64552,0.0,0,0,0,0,[],0,0,0,0.0,0
aten,aten_sparse_matmul_csr_to_coo_cpu,/home/arjaiswal/Polygeist/issues/aten_c_kernels/results/aten_sparse_matmul_csr_to_coo_cpu/debuf.mlir,8b11647de294f7f111106c7ad77ae14602fa1809c4d6d3fb16d03b7c90fad245,syntactic,3,ok,0,723.8124161958694,0,"[""/usr/bin/python3"", ""/home/arjaiswal/Polygeist/scripts/correctness/kernel_match_rewrite.py"", ""/home/arjaiswal/Polygeist/issues/aten_c_kernels/results/aten_sparse_matmul_csr_to_coo_cpu/debuf.mlir"", ""--dry-run"", ""--matcher-mode"", ""syntactic"", ""--telemetry-json"", ""/home/arjaiswal/Polygeist/issues/equality_saturation_eval/campaign_20260908/aten-aten_sparse_matmul_csr_to_coo_cpu-syntactic-8a8bubkh.json"", ""--disable-semantic-fallback""]","== match report for /home/arjaiswal/Polygeist/issues/aten_c_kernels/results/aten_sparse_matmul_csr_to_coo_cpu/debuf.mlir ==
  total: 0 matched / 0 bodies
",0,[],0,0,0,0,/home/arjaiswal/Polygeist/issues/aten_c_kernels/results/aten_sparse_matmul_csr_to_coo_cpu/debuf.mlir,2388,0,0,0,295.20290717482567,0,64692,0.0,0,0,0,0,[],0,0,0,0.0,0
aten,aten_sparse_matmul_csr_to_coo_cpu,/home/arjaiswal/Polygeist/issues/aten_c_kernels/results/aten_sparse_matmul_csr_to_coo_cpu/debuf.mlir,8b11647de294f7f111106c7ad77ae14602fa1809c4d6d3fb16d03b7c90fad245,egglog,3,ok,0,786.9095802307129,0,"[""/usr/bin/python3"", ""/home/arjaiswal/Polygeist/scripts/correctness/kernel_match_rewrite.py"", ""/home/arjaiswal/Polygeist/issues/aten_c_kernels/results/aten_sparse_matmul_csr_to_coo_cpu/debuf.mlir"", ""--dry-run"", ""--matcher-mode"", ""egglog"", ""--telemetry-json"", ""/home/arjaiswal/Polygeist/issues/equality_saturation_eval/campaign_20260908/aten-aten_sparse_matmul_csr_to_coo_cpu-egglog-e8r7a6ld.json"", ""--disable-semantic-fallback""]","== match report for /home/arjaiswal/Polygeist/issues/aten_c_kernels/results/aten_sparse_matmul_csr_to_coo_cpu/debuf.mlir ==
  total: 0 matched / 0 bodies
",0,[],0,0,0,0,/home/arjaiswal/Polygeist/issues/aten_c_kernels/results/aten_sparse_matmul_csr_to_coo_cpu/debuf.mlir,2388,8,0,0,292.26700216531754,0,64892,0.0,0,0,0,0,[],0,0,0,0.0,0
aten,aten_sparse_matmul_csr_to_coo_cpu,/home/arjaiswal/Polygeist/issues/aten_c_kernels/results/aten_sparse_matmul_csr_to_coo_cpu/debuf.mlir,8b11647de294f7f111106c7ad77ae14602fa1809c4d6d3fb16d03b7c90fad245,egglog,4,ok,0,777.9543101787567,0,"[""/usr/bin/python3"", ""/home/arjaiswal/Polygeist/scripts/correctness/kernel_match_rewrite.py"", ""/home/arjaiswal/Polygeist/issues/aten_c_kernels/results/aten_sparse_matmul_csr_to_coo_cpu/debuf.mlir"", ""--dry-run"", ""--matcher-mode"", ""egglog"", ""--telemetry-json"", ""/home/arjaiswal/Polygeist/issues/equality_saturation_eval/campaign_20260908/aten-aten_sparse_matmul_csr_to_coo_cpu-egglog-6ieq1v5t.json"", ""--disable-semantic-fallback""]","== match report for /home/arjaiswal/Polygeist/issues/aten_c_kernels/results/aten_sparse_matmul_csr_to_coo_cpu/debuf.mlir ==
  total: 0 matched / 0 bodies
",0,[],0,0,0,0,/home/arjaiswal/Polygeist/issues/aten_c_kernels/results/aten_sparse_matmul_csr_to_coo_cpu/debuf.mlir,2388,8,0,0,279.67264875769615,0,64580,0.0,0,0,0,0,[],0,0,0,0.0,0
aten,aten_sparse_matmul_csr_to_coo_cpu,/home/arjaiswal/Polygeist/issues/aten_c_kernels/results/aten_sparse_matmul_csr_to_coo_cpu/debuf.mlir,8b11647de294f7f111106c7ad77ae14602fa1809c4d6d3fb16d03b7c90fad245,syntactic,4,ok,0,697.146587073803,0,"[""/usr/bin/python3"", ""/home/arjaiswal/Polygeist/scripts/correctness/kernel_match_rewrite.py"", ""/home/arjaiswal/Polygeist/issues/aten_c_kernels/results/aten_sparse_matmul_csr_to_coo_cpu/debuf.mlir"", ""--dry-run"", ""--matcher-mode"", ""syntactic"", ""--telemetry-json"", ""/home/arjaiswal/Polygeist/issues/equality_saturation_eval/campaign_20260908/aten-aten_sparse_matmul_csr_to_coo_cpu-syntactic-os1vblkg.json"", ""--disable-semantic-fallback""]","== match report for /home/arjaiswal/Polygeist/issues/aten_c_kernels/results/aten_sparse_matmul_csr_to_coo_cpu/debuf.mlir ==
  total: 0 matched / 0 bodies
",0,[],0,0,0,0,/home/arjaiswal/Polygeist/issues/aten_c_kernels/results/aten_sparse_matmul_csr_to_coo_cpu/debuf.mlir,2388,0,0,0,271.6509625315666,0,64852,0.0,0,0,0,0,[],0,0,0,0.0,0
aten,aten_sparse_matmul_csr_to_coo_cpu,/home/arjaiswal/Polygeist/issues/aten_c_kernels/results/aten_sparse_matmul_csr_to_coo_cpu/debuf.mlir,8b11647de294f7f111106c7ad77ae14602fa1809c4d6d3fb16d03b7c90fad245,syntactic,5,ok,0,727.5943346321583,0,"[""/usr/bin/python3"", ""/home/arjaiswal/Polygeist/scripts/correctness/kernel_match_rewrite.py"", ""/home/arjaiswal/Polygeist/issues/aten_c_kernels/results/aten_sparse_matmul_csr_to_coo_cpu/debuf.mlir"", ""--dry-run"", ""--matcher-mode"", ""syntactic"", ""--telemetry-json"", ""/home/arjaiswal/Polygeist/issues/equality_saturation_eval/campaign_20260908/aten-aten_sparse_matmul_csr_to_coo_cpu-syntactic-6or3idn4.json"", ""--disable-semantic-fallback""]","== match report for /home/arjaiswal/Polygeist/issues/aten_c_kernels/results/aten_sparse_matmul_csr_to_coo_cpu/debuf.mlir ==
  total: 0 matched / 0 bodies
",0,[],0,0,0,0,/home/arjaiswal/Polygeist/issues/aten_c_kernels/results/aten_sparse_matmul_csr_to_coo_cpu/debuf.mlir,2388,0,0,0,266.98318496346474,0,64580,0.0,0,0,0,0,[],0,0,0,0.0,0
aten,aten_sparse_matmul_csr_to_coo_cpu,/home/arjaiswal/Polygeist/issues/aten_c_kernels/results/aten_sparse_matmul_csr_to_coo_cpu/debuf.mlir,8b11647de294f7f111106c7ad77ae14602fa1809c4d6d3fb16d03b7c90fad245,egglog,5,ok,0,789.4856184720993,0,"[""/usr/bin/python3"", ""/home/arjaiswal/Polygeist/scripts/correctness/kernel_match_rewrite.py"", ""/home/arjaiswal/Polygeist/issues/aten_c_kernels/results/aten_sparse_matmul_csr_to_coo_cpu/debuf.mlir"", ""--dry-run"", ""--matcher-mode"", ""egglog"", ""--telemetry-json"", ""/home/arjaiswal/Polygeist/issues/equality_saturation_eval/campaign_20260908/aten-aten_sparse_matmul_csr_to_coo_cpu-egglog-vz84u9lm.json"", ""--disable-semantic-fallback""]","== match report for /home/arjaiswal/Polygeist/issues/aten_c_kernels/results/aten_sparse_matmul_csr_to_coo_cpu/debuf.mlir ==
  total: 0 matched / 0 bodies
",0,[],0,0,0,0,/home/arjaiswal/Polygeist/issues/aten_c_kernels/results/aten_sparse_matmul_csr_to_coo_cpu/debuf.mlir,2388,8,0,0,300.95456913113594,0,64632,0.0,0,0,0,0,[],0,0,0,0.0,0
aten,aten_sparse_matmul_maxnnz_cpu,/home/arjaiswal/Polygeist/issues/aten_c_kernels/results/aten_sparse_matmul_maxnnz_cpu/debuf.mlir,4db4a642345ec5980c833c1f5dc559c1112089fedffbb42f448d28c468dd5bb7,egglog,1,ok,0,768.3967538177967,0,"[""/usr/bin/python3"", ""/home/arjaiswal/Polygeist/scripts/correctness/kernel_match_rewrite.py"", ""/home/arjaiswal/Polygeist/issues/aten_c_kernels/results/aten_sparse_matmul_maxnnz_cpu/debuf.mlir"", ""--dry-run"", ""--matcher-mode"", ""egglog"", ""--telemetry-json"", ""/home/arjaiswal/Polygeist/issues/equality_saturation_eval/campaign_20260908/aten-aten_sparse_matmul_maxnnz_cpu-egglog-7lycvdd1.json"", ""--disable-semantic-fallback""]","== match report for /home/arjaiswal/Polygeist/issues/aten_c_kernels/results/aten_sparse_matmul_maxnnz_cpu/debuf.mlir ==
  total: 0 matched / 0 bodies
",0,[],0,0,0,0,/home/arjaiswal/Polygeist/issues/aten_c_kernels/results/aten_sparse_matmul_maxnnz_cpu/debuf.mlir,2825,8,0,0,296.03227227926254,0,64532,0.0,0,0,0,0,[],0,0,0,0.0,0
aten,aten_sparse_matmul_maxnnz_cpu,/home/arjaiswal/Polygeist/issues/aten_c_kernels/results/aten_sparse_matmul_maxnnz_cpu/debuf.mlir,4db4a642345ec5980c833c1f5dc559c1112089fedffbb42f448d28c468dd5bb7,syntactic,1,ok,0,1568.151943385601,0,"[""/usr/bin/python3"", ""/home/arjaiswal/Polygeist/scripts/correctness/kernel_match_rewrite.py"", ""/home/arjaiswal/Polygeist/issues/aten_c_kernels/results/aten_sparse_matmul_maxnnz_cpu/debuf.mlir"", ""--dry-run"", ""--matcher-mode"", ""syntactic"", ""--telemetry-json"", ""/home/arjaiswal/Polygeist/issues/equality_saturation_eval/campaign_20260908/aten-aten_sparse_matmul_maxnnz_cpu-syntactic-62kxcyy7.json"", ""--disable-semantic-fallback""]","== match report for /home/arjaiswal/Polygeist/issues/aten_c_kernels/results/aten_sparse_matmul_maxnnz_cpu/debuf.mlir ==
  total: 0 matched / 0 bodies
",0,[],0,0,0,0,/home/arjaiswal/Polygeist/issues/aten_c_kernels/results/aten_sparse_matmul_maxnnz_cpu/debuf.mlir,2825,0,0,0,598.0979949235916,0,64636,0.0,0,0,0,0,[],0,0,0,0.0,0
aten,aten_sparse_matmul_maxnnz_cpu,/home/arjaiswal/Polygeist/issues/aten_c_kernels/results/aten_sparse_matmul_maxnnz_cpu/debuf.mlir,4db4a642345ec5980c833c1f5dc559c1112089fedffbb42f448d28c468dd5bb7,syntactic,2,ok,0,743.1115694344044,0,"[""/usr/bin/python3"", ""/home/arjaiswal/Polygeist/scripts/correctness/kernel_match_rewrite.py"", ""/home/arjaiswal/Polygeist/issues/aten_c_kernels/results/aten_sparse_matmul_maxnnz_cpu/debuf.mlir"", ""--dry-run"", ""--matcher-mode"", ""syntactic"", ""--telemetry-json"", ""/home/arjaiswal/Polygeist/issues/equality_saturation_eval/campaign_20260908/aten-aten_sparse_matmul_maxnnz_cpu-syntactic-_vzh79t0.json"", ""--disable-semantic-fallback""]","== match report for /home/arjaiswal/Polygeist/issues/aten_c_kernels/results/aten_sparse_matmul_maxnnz_cpu/debuf.mlir ==
  total: 0 matched / 0 bodies
",0,[],0,0,0,0,/home/arjaiswal/Polygeist/issues/aten_c_kernels/results/aten_sparse_matmul_maxnnz_cpu/debuf.mlir,2825,0,0,0,286.4309176802635,0,64620,0.0,0,0,0,0,[],0,0,0,0.0,0
aten,aten_sparse_matmul_maxnnz_cpu,/home/arjaiswal/Polygeist/issues/aten_c_kernels/results/aten_sparse_matmul_maxnnz_cpu/debuf.mlir,4db4a642345ec5980c833c1f5dc559c1112089fedffbb42f448d28c468dd5bb7,egglog,2,ok,0,793.1094579398632,0,"[""/usr/bin/python3"", ""/home/arjaiswal/Polygeist/scripts/correctness/kernel_match_rewrite.py"", ""/home/arjaiswal/Polygeist/issues/aten_c_kernels/results/aten_sparse_matmul_maxnnz_cpu/debuf.mlir"", ""--dry-run"", ""--matcher-mode"", ""egglog"", ""--telemetry-json"", ""/home/arjaiswal/Polygeist/issues/equality_saturation_eval/campaign_20260908/aten-aten_sparse_matmul_maxnnz_cpu-egglog-oeavx2qq.json"", ""--disable-semantic-fallback""]","== match report for /home/arjaiswal/Polygeist/issues/aten_c_kernels/results/aten_sparse_matmul_maxnnz_cpu/debuf.mlir ==
  total: 0 matched / 0 bodies
",0,[],0,0,0,0,/home/arjaiswal/Polygeist/issues/aten_c_kernels/results/aten_sparse_matmul_maxnnz_cpu/debuf.mlir,2825,8,0,0,286.1034721136093,0,64612,0.0,0,0,0,0,[],0,0,0,0.0,0
aten,aten_sparse_matmul_maxnnz_cpu,/home/arjaiswal/Polygeist/issues/aten_c_kernels/results/aten_sparse_matmul_maxnnz_cpu/debuf.mlir,4db4a642345ec5980c833c1f5dc559c1112089fedffbb42f448d28c468dd5bb7,egglog,3,ok,0,726.4047525823116,0,"[""/usr/bin/python3"", ""/home/arjaiswal/Polygeist/scripts/correctness/kernel_match_rewrite.py"", ""/home/arjaiswal/Polygeist/issues/aten_c_kernels/results/aten_sparse_matmul_maxnnz_cpu/debuf.mlir"", ""--dry-run"", ""--matcher-mode"", ""egglog"", ""--telemetry-json"", ""/home/arjaiswal/Polygeist/issues/equality_saturation_eval/campaign_20260908/aten-aten_sparse_matmul_maxnnz_cpu-egglog-4aciorgy.json"", ""--disable-semantic-fallback""]","== match report for /home/arjaiswal/Polygeist/issues/aten_c_kernels/results/aten_sparse_matmul_maxnnz_cpu/debuf.mlir ==
  total: 0 matched / 0 bodies
",0,[],0,0,0,0,/home/arjaiswal/Polygeist/issues/aten_c_kernels/results/aten_sparse_matmul_maxnnz_cpu/debuf.mlir,2825,8,0,0,269.9541784822941,0,65000,0.0,0,0,0,0,[],0,0,0,0.0,0
aten,aten_sparse_matmul_maxnnz_cpu,/home/arjaiswal/Polygeist/issues/aten_c_kernels/results/aten_sparse_matmul_maxnnz_cpu/debuf.mlir,4db4a642345ec5980c833c1f5dc559c1112089fedffbb42f448d28c468dd5bb7,syntactic,3,ok,0,746.7274479568005,0,"[""/usr/bin/python3"", ""/home/arjaiswal/Polygeist/scripts/correctness/kernel_match_rewrite.py"", ""/home/arjaiswal/Polygeist/issues/aten_c_kernels/results/aten_sparse_matmul_maxnnz_cpu/debuf.mlir"", ""--dry-run"", ""--matcher-mode"", ""syntactic"", ""--telemetry-json"", ""/home/arjaiswal/Polygeist/issues/equality_saturation_eval/campaign_20260908/aten-aten_sparse_matmul_maxnnz_cpu-syntactic-z3d33m4_.json"", ""--disable-semantic-fallback""]","== match report for /home/arjaiswal/Polygeist/issues/aten_c_kernels/results/aten_sparse_matmul_maxnnz_cpu/debuf.mlir ==
  total: 0 matched / 0 bodies
",0,[],0,0,0,0,/home/arjaiswal/Polygeist/issues/aten_c_kernels/results/aten_sparse_matmul_maxnnz_cpu/debuf.mlir,2825,0,0,0,293.07539388537407,0,64672,0.0,0,0,0,0,[],0,0,0,0.0,0
aten,aten_sparse_matmul_maxnnz_cpu,/home/arjaiswal/Polygeist/issues/aten_c_kernels/results/aten_sparse_matmul_maxnnz_cpu/debuf.mlir,4db4a642345ec5980c833c1f5dc559c1112089fedffbb42f448d28c468dd5bb7,syntactic,4,ok,0,737.1608316898346,0,"[""/usr/bin/python3"", ""/home/arjaiswal/Polygeist/scripts/correctness/kernel_match_rewrite.py"", ""/home/arjaiswal/Polygeist/issues/aten_c_kernels/results/aten_sparse_matmul_maxnnz_cpu/debuf.mlir"", ""--dry-run"", ""--matcher-mode"", ""syntactic"", ""--telemetry-json"", ""/home/arjaiswal/Polygeist/issues/equality_saturation_eval/campaign_20260908/aten-aten_sparse_matmul_maxnnz_cpu-syntactic-u_h1bzt0.json"", ""--disable-semantic-fallback""]","== match report for /home/arjaiswal/Polygeist/issues/aten_c_kernels/results/aten_sparse_matmul_maxnnz_cpu/debuf.mlir ==
  total: 0 matched / 0 bodies
",0,[],0,0,0,0,/home/arjaiswal/Polygeist/issues/aten_c_kernels/results/aten_sparse_matmul_maxnnz_cpu/debuf.mlir,2825,0,0,0,288.5234206914902,0,64600,0.0,0,0,0,0,[],0,0,0,0.0,0
aten,aten_sparse_matmul_maxnnz_cpu,/home/arjaiswal/Polygeist/issues/aten_c_kernels/results/aten_sparse_matmul_maxnnz_cpu/debuf.mlir,4db4a642345ec5980c833c1f5dc559c1112089fedffbb42f448d28c468dd5bb7,egglog,4,ok,0,679.133664816618,0,"[""/usr/bin/python3"", ""/home/arjaiswal/Polygeist/scripts/correctness/kernel_match_rewrite.py"", ""/home/arjaiswal/Polygeist/issues/aten_c_kernels/results/aten_sparse_matmul_maxnnz_cpu/debuf.mlir"", ""--dry-run"", ""--matcher-mode"", ""egglog"", ""--telemetry-json"", ""/home/arjaiswal/Polygeist/issues/equality_saturation_eval/campaign_20260908/aten-aten_sparse_matmul_maxnnz_cpu-egglog-wkbb3rb3.json"", ""--disable-semantic-fallback""]","== match report for /home/arjaiswal/Polygeist/issues/aten_c_kernels/results/aten_sparse_matmul_maxnnz_cpu/debuf.mlir ==
  total: 0 matched / 0 bodies
",0,[],0,0,0,0,/home/arjaiswal/Polygeist/issues/aten_c_kernels/results/aten_sparse_matmul_maxnnz_cpu/debuf.mlir,2825,8,0,0,251.427311450243,0,64800,0.0,0,0,0,0,[],0,0,0,0.0,0
aten,aten_sparse_matmul_maxnnz_cpu,/home/arjaiswal/Polygeist/issues/aten_c_kernels/results/aten_sparse_matmul_maxnnz_cpu/debuf.mlir,4db4a642345ec5980c833c1f5dc559c1112089fedffbb42f448d28c468dd5bb7,egglog,5,ok,0,750.6237961351871,0,"[""/usr/bin/python3"", ""/home/arjaiswal/Polygeist/scripts/correctness/kernel_match_rewrite.py"", ""/home/arjaiswal/Polygeist/issues/aten_c_kernels/results/aten_sparse_matmul_maxnnz_cpu/debuf.mlir"", ""--dry-run"", ""--matcher-mode"", ""egglog"", ""--telemetry-json"", ""/home/arjaiswal/Polygeist/issues/equality_saturation_eval/campaign_20260908/aten-aten_sparse_matmul_maxnnz_cpu-egglog-eli39ksg.json"", ""--disable-semantic-fallback""]","== match report for /home/arjaiswal/Polygeist/issues/aten_c_kernels/results/aten_sparse_matmul_maxnnz_cpu/debuf.mlir ==
  total: 0 matched / 0 bodies
",0,[],0,0,0,0,/home/arjaiswal/Polygeist/issues/aten_c_kernels/results/aten_sparse_matmul_maxnnz_cpu/debuf.mlir,2825,8,0,0,288.22069242596626,0,64940,0.0,0,0,0,0,[],0,0,0,0.0,0
aten,aten_sparse_matmul_maxnnz_cpu,/home/arjaiswal/Polygeist/issues/aten_c_kernels/results/aten_sparse_matmul_maxnnz_cpu/debuf.mlir,4db4a642345ec5980c833c1f5dc559c1112089fedffbb42f448d28c468dd5bb7,syntactic,5,ok,0,698.1202177703381,0,"[""/usr/bin/python3"", ""/home/arjaiswal/Polygeist/scripts/correctness/kernel_match_rewrite.py"", ""/home/arjaiswal/Polygeist/issues/aten_c_kernels/results/aten_sparse_matmul_maxnnz_cpu/debuf.mlir"", ""--dry-run"", ""--matcher-mode"", ""syntactic"", ""--telemetry-json"", ""/home/arjaiswal/Polygeist/issues/equality_saturation_eval/campaign_20260908/aten-aten_sparse_matmul_maxnnz_cpu-syntactic-rp351nb9.json"", ""--disable-semantic-fallback""]","== match report for /home/arjaiswal/Polygeist/issues/aten_c_kernels/results/aten_sparse_matmul_maxnnz_cpu/debuf.mlir ==
  total: 0 matched / 0 bodies
",0,[],0,0,0,0,/home/arjaiswal/Polygeist/issues/aten_c_kernels/results/aten_sparse_matmul_maxnnz_cpu/debuf.mlir,2825,0,0,0,269.92296427488327,0,64812,0.0,0,0,0,0,[],0,0,0,0.0,0
aten,aten_sparse_mul_cpu,/home/arjaiswal/Polygeist/issues/aten_c_kernels/results/aten_sparse_mul_cpu/debuf.mlir,84d937fc2e09e875501205a616f37695ba787ce5eefb47d26cf905f441a4b524,syntactic,1,ok,0,702.6283852756023,0,"[""/usr/bin/python3"", ""/home/arjaiswal/Polygeist/scripts/correctness/kernel_match_rewrite.py"", ""/home/arjaiswal/Polygeist/issues/aten_c_kernels/results/aten_sparse_mul_cpu/debuf.mlir"", ""--dry-run"", ""--matcher-mode"", ""syntactic"", ""--telemetry-json"", ""/home/arjaiswal/Polygeist/issues/equality_saturation_eval/campaign_20260908/aten-aten_sparse_mul_cpu-syntactic-wvi4cdba.json"", ""--disable-semantic-fallback""]","== match report for /home/arjaiswal/Polygeist/issues/aten_c_kernels/results/aten_sparse_mul_cpu/debuf.mlir ==
  match          body#[0]  cudnnPointwiseGraph_f32
  total: 1 matched / 1 bodies
",0,[],0,0,0,0,/home/arjaiswal/Polygeist/issues/aten_c_kernels/results/aten_sparse_mul_cpu/debuf.mlir,1894,0,1,1,289.0731692314148,0,65760,0.026766210794448853,0,0,0,0,"[{""body_indices"": [0], ""symbol"": ""cudnnPointwiseGraph_f32""}]",1,0,6,0.0,6
aten,aten_sparse_mul_cpu,/home/arjaiswal/Polygeist/issues/aten_c_kernels/results/aten_sparse_mul_cpu/debuf.mlir,84d937fc2e09e875501205a616f37695ba787ce5eefb47d26cf905f441a4b524,egglog,1,ok,0,743.8897341489792,0,"[""/usr/bin/python3"", ""/home/arjaiswal/Polygeist/scripts/correctness/kernel_match_rewrite.py"", ""/home/arjaiswal/Polygeist/issues/aten_c_kernels/results/aten_sparse_mul_cpu/debuf.mlir"", ""--dry-run"", ""--matcher-mode"", ""egglog"", ""--telemetry-json"", ""/home/arjaiswal/Polygeist/issues/equality_saturation_eval/campaign_20260908/aten-aten_sparse_mul_cpu-egglog-oxh1gsf5.json"", ""--disable-semantic-fallback""]","== match report for /home/arjaiswal/Polygeist/issues/aten_c_kernels/results/aten_sparse_mul_cpu/debuf.mlir ==
  match          body#[0]  cudnnPointwiseGraph_f32
  total: 1 matched / 1 bodies
",0,[],0,0,0,0,/home/arjaiswal/Polygeist/issues/aten_c_kernels/results/aten_sparse_mul_cpu/debuf.mlir,1894,8,1,1,302.07012593746185,0,65648,0.0,0,0,0,0,"[{""body_indices"": [0], ""symbol"": ""cudnnPointwiseGraph_f32""}]",1,0,0,0.0,6
aten,aten_sparse_mul_cpu,/home/arjaiswal/Polygeist/issues/aten_c_kernels/results/aten_sparse_mul_cpu/debuf.mlir,84d937fc2e09e875501205a616f37695ba787ce5eefb47d26cf905f441a4b524,egglog,2,ok,0,724.2341674864292,0,"[""/usr/bin/python3"", ""/home/arjaiswal/Polygeist/scripts/correctness/kernel_match_rewrite.py"", ""/home/arjaiswal/Polygeist/issues/aten_c_kernels/results/aten_sparse_mul_cpu/debuf.mlir"", ""--dry-run"", ""--matcher-mode"", ""egglog"", ""--telemetry-json"", ""/home/arjaiswal/Polygeist/issues/equality_saturation_eval/campaign_20260908/aten-aten_sparse_mul_cpu-egglog-nc325enb.json"", ""--disable-semantic-fallback""]","== match report for /home/arjaiswal/Polygeist/issues/aten_c_kernels/results/aten_sparse_mul_cpu/debuf.mlir ==
  match          body#[0]  cudnnPointwiseGraph_f32
  total: 1 matched / 1 bodies
",0,[],0,0,0,0,/home/arjaiswal/Polygeist/issues/aten_c_kernels/results/aten_sparse_mul_cpu/debuf.mlir,1894,8,1,1,301.7034903168678,0,65764,0.0,0,0,0,0,"[{""body_indices"": [0], ""symbol"": ""cudnnPointwiseGraph_f32""}]",1,0,0,0.0,6
aten,aten_sparse_mul_cpu,/home/arjaiswal/Polygeist/issues/aten_c_kernels/results/aten_sparse_mul_cpu/debuf.mlir,84d937fc2e09e875501205a616f37695ba787ce5eefb47d26cf905f441a4b524,syntactic,2,ok,0,703.8726508617401,0,"[""/usr/bin/python3"", ""/home/arjaiswal/Polygeist/scripts/correctness/kernel_match_rewrite.py"", ""/home/arjaiswal/Polygeist/issues/aten_c_kernels/results/aten_sparse_mul_cpu/debuf.mlir"", ""--dry-run"", ""--matcher-mode"", ""syntactic"", ""--telemetry-json"", ""/home/arjaiswal/Polygeist/issues/equality_saturation_eval/campaign_20260908/aten-aten_sparse_mul_cpu-syntactic-2cisi713.json"", ""--disable-semantic-fallback""]","== match report for /home/arjaiswal/Polygeist/issues/aten_c_kernels/results/aten_sparse_mul_cpu/debuf.mlir ==
  match          body#[0]  cudnnPointwiseGraph_f32
  total: 1 matched / 1 bodies
",0,[],0,0,0,0,/home/arjaiswal/Polygeist/issues/aten_c_kernels/results/aten_sparse_mul_cpu/debuf.mlir,1894,0,1,1,281.27045929431915,0,65648,0.025074928998947144,0,0,0,0,"[{""body_indices"": [0], ""symbol"": ""cudnnPointwiseGraph_f32""}]",1,0,6,0.0,6
aten,aten_sparse_mul_cpu,/home/arjaiswal/Polygeist/issues/aten_c_kernels/results/aten_sparse_mul_cpu/debuf.mlir,84d937fc2e09e875501205a616f37695ba787ce5eefb47d26cf905f441a4b524,syntactic,3,ok,0,1069.997776299715,0,"[""/usr/bin/python3"", ""/home/arjaiswal/Polygeist/scripts/correctness/kernel_match_rewrite.py"", ""/home/arjaiswal/Polygeist/issues/aten_c_kernels/results/aten_sparse_mul_cpu/debuf.mlir"", ""--dry-run"", ""--matcher-mode"", ""syntactic"", ""--telemetry-json"", ""/home/arjaiswal/Polygeist/issues/equality_saturation_eval/campaign_20260908/aten-aten_sparse_mul_cpu-syntactic-nf1ytp4z.json"", ""--disable-semantic-fallback""]","== match report for /home/arjaiswal/Polygeist/issues/aten_c_kernels/results/aten_sparse_mul_cpu/debuf.mlir ==
  match          body#[0]  cudnnPointwiseGraph_f32
  total: 1 matched / 1 bodies
",0,[],0,0,0,0,/home/arjaiswal/Polygeist/issues/aten_c_kernels/results/aten_sparse_mul_cpu/debuf.mlir,1894,0,1,1,549.2350235581398,0,65476,0.04104524850845337,0,0,0,0,"[{""body_indices"": [0], ""symbol"": ""cudnnPointwiseGraph_f32""}]",1,0,6,0.0,6
aten,aten_sparse_mul_cpu,/home/arjaiswal/Polygeist/issues/aten_c_kernels/results/aten_sparse_mul_cpu/debuf.mlir,84d937fc2e09e875501205a616f37695ba787ce5eefb47d26cf905f441a4b524,egglog,3,ok,0,1341.4750173687935,0,"[""/usr/bin/python3"", ""/home/arjaiswal/Polygeist/scripts/correctness/kernel_match_rewrite.py"", ""/home/arjaiswal/Polygeist/issues/aten_c_kernels/results/aten_sparse_mul_cpu/debuf.mlir"", ""--dry-run"", ""--matcher-mode"", ""egglog"", ""--telemetry-json"", ""/home/arjaiswal/Polygeist/issues/equality_saturation_eval/campaign_20260908/aten-aten_sparse_mul_cpu-egglog-dl4348cq.json"", ""--disable-semantic-fallback""]","== match report for /home/arjaiswal/Polygeist/issues/aten_c_kernels/results/aten_sparse_mul_cpu/debuf.mlir ==
  match          body#[0]  cudnnPointwiseGraph_f32
  total: 1 matched / 1 bodies
",0,[],0,0,0,0,/home/arjaiswal/Polygeist/issues/aten_c_kernels/results/aten_sparse_mul_cpu/debuf.mlir,1894,8,1,1,666.4772592484951,0,65668,0.0,0,0,0,0,"[{""body_indices"": [0], ""symbol"": ""cudnnPointwiseGraph_f32""}]",1,0,0,0.0,6
aten,aten_sparse_mul_cpu,/home/arjaiswal/Polygeist/issues/aten_c_kernels/results/aten_sparse_mul_cpu/debuf.mlir,84d937fc2e09e875501205a616f37695ba787ce5eefb47d26cf905f441a4b524,egglog,4,ok,0,1663.7328080832958,0,"[""/usr/bin/python3"", ""/home/arjaiswal/Polygeist/scripts/correctness/kernel_match_rewrite.py"", ""/home/arjaiswal/Polygeist/issues/aten_c_kernels/results/aten_sparse_mul_cpu/debuf.mlir"", ""--dry-run"", ""--matcher-mode"", ""egglog"", ""--telemetry-json"", ""/home/arjaiswal/Polygeist/issues/equality_saturation_eval/campaign_20260908/aten-aten_sparse_mul_cpu-egglog-xsh0cvac.json"", ""--disable-semantic-fallback""]","== match report for /home/arjaiswal/Polygeist/issues/aten_c_kernels/results/aten_sparse_mul_cpu/debuf.mlir ==
  match          body#[0]  cudnnPointwiseGraph_f32
  total: 1 matched / 1 bodies
",0,[],0,0,0,0,/home/arjaiswal/Polygeist/issues/aten_c_kernels/results/aten_sparse_mul_cpu/debuf.mlir,1894,8,1,1,654.644325375557,0,65804,0.0,0,0,0,0,"[{""body_indices"": [0], ""symbol"": ""cudnnPointwiseGraph_f32""}]",1,0,0,0.0,6
aten,aten_sparse_mul_cpu,/home/arjaiswal/Polygeist/issues/aten_c_kernels/results/aten_sparse_mul_cpu/debuf.mlir,84d937fc2e09e875501205a616f37695ba787ce5eefb47d26cf905f441a4b524,syntactic,4,ok,0,1650.6495624780655,0,"[""/usr/bin/python3"", ""/home/arjaiswal/Polygeist/scripts/correctness/kernel_match_rewrite.py"", ""/home/arjaiswal/Polygeist/issues/aten_c_kernels/results/aten_sparse_mul_cpu/debuf.mlir"", ""--dry-run"", ""--matcher-mode"", ""syntactic"", ""--telemetry-json"", ""/home/arjaiswal/Polygeist/issues/equality_saturation_eval/campaign_20260908/aten-aten_sparse_mul_cpu-syntactic-rqgq7cxr.json"", ""--disable-semantic-fallback""]","== match report for /home/arjaiswal/Polygeist/issues/aten_c_kernels/results/aten_sparse_mul_cpu/debuf.mlir ==
  match          body#[0]  cudnnPointwiseGraph_f32
  total: 1 matched / 1 bodies
",0,[],0,0,0,0,/home/arjaiswal/Polygeist/issues/aten_c_kernels/results/aten_sparse_mul_cpu/debuf.mlir,1894,0,1,1,701.5678770840168,0,65476,0.03551691770553589,0,0,0,0,"[{""body_indices"": [0], ""symbol"": ""cudnnPointwiseGraph_f32""}]",1,0,6,0.0,6
aten,aten_sparse_mul_cpu,/home/arjaiswal/Polygeist/issues/aten_c_kernels/results/aten_sparse_mul_cpu/debuf.mlir,84d937fc2e09e875501205a616f37695ba787ce5eefb47d26cf905f441a4b524,syntactic,5,ok,0,1823.7452879548073,0,"[""/usr/bin/python3"", ""/home/arjaiswal/Polygeist/scripts/correctness/kernel_match_rewrite.py"", ""/home/arjaiswal/Polygeist/issues/aten_c_kernels/results/aten_sparse_mul_cpu/debuf.mlir"", ""--dry-run"", ""--matcher-mode"", ""syntactic"", ""--telemetry-json"", ""/home/arjaiswal/Polygeist/issues/equality_saturation_eval/campaign_20260908/aten-aten_sparse_mul_cpu-syntactic-jv_65jge.json"", ""--disable-semantic-fallback""]","== match report for /home/arjaiswal/Polygeist/issues/aten_c_kernels/results/aten_sparse_mul_cpu/debuf.mlir ==
  match          body#[0]  cudnnPointwiseGraph_f32
  total: 1 matched / 1 bodies
",0,[],0,0,0,0,/home/arjaiswal/Polygeist/issues/aten_c_kernels/results/aten_sparse_mul_cpu/debuf.mlir,1894,0,1,1,969.883069396019,0,65688,0.028312206268310547,0,0,0,0,"[{""body_indices"": [0], ""symbol"": ""cudnnPointwiseGraph_f32""}]",1,0,6,0.0,6
aten,aten_sparse_mul_cpu,/home/arjaiswal/Polygeist/issues/aten_c_kernels/results/aten_sparse_mul_cpu/debuf.mlir,84d937fc2e09e875501205a616f37695ba787ce5eefb47d26cf905f441a4b524,egglog,5,ok,0,1633.8005401194096,0,"[""/usr/bin/python3"", ""/home/arjaiswal/Polygeist/scripts/correctness/kernel_match_rewrite.py"", ""/home/arjaiswal/Polygeist/issues/aten_c_kernels/results/aten_sparse_mul_cpu/debuf.mlir"", ""--dry-run"", ""--matcher-mode"", ""egglog"", ""--telemetry-json"", ""/home/arjaiswal/Polygeist/issues/equality_saturation_eval/campaign_20260908/aten-aten_sparse_mul_cpu-egglog-x2qrq0vn.json"", ""--disable-semantic-fallback""]","== match report for /home/arjaiswal/Polygeist/issues/aten_c_kernels/results/aten_sparse_mul_cpu/debuf.mlir ==
  match          body#[0]  cudnnPointwiseGraph_f32
  total: 1 matched / 1 bodies
",0,[],0,0,0,0,/home/arjaiswal/Polygeist/issues/aten_c_kernels/results/aten_sparse_mul_cpu/debuf.mlir,1894,8,1,1,648.4533324837685,0,65676,0.0,0,0,0,0,"[{""body_indices"": [0], ""symbol"": ""cudnnPointwiseGraph_f32""}]",1,0,0,0.0,6
aten,aten_sparse_norm_cpu,/home/arjaiswal/Polygeist/issues/aten_c_kernels/results/aten_sparse_norm_cpu/debuf.mlir,9899d8b65db78c778011ecd63fb6ab76c41cb0b8dee73116d8b1a9f6f0629d68,egglog,1,ok,0,1491.7259030044079,0,"[""/usr/bin/python3"", ""/home/arjaiswal/Polygeist/scripts/correctness/kernel_match_rewrite.py"", ""/home/arjaiswal/Polygeist/issues/aten_c_kernels/results/aten_sparse_norm_cpu/debuf.mlir"", ""--dry-run"", ""--matcher-mode"", ""egglog"", ""--telemetry-json"", ""/home/arjaiswal/Polygeist/issues/equality_saturation_eval/campaign_20260908/aten-aten_sparse_norm_cpu-egglog-yua0yfjc.json"", ""--disable-semantic-fallback""]","== match report for /home/arjaiswal/Polygeist/issues/aten_c_kernels/results/aten_sparse_norm_cpu/debuf.mlir ==
  no_match       body#0  ?
  total: 0 matched / 1 bodies
",0,[],0,0,0,0,/home/arjaiswal/Polygeist/issues/aten_c_kernels/results/aten_sparse_norm_cpu/debuf.mlir,2189,8,1,0,572.7743096649647,1,65768,0.0,0,0,0,0,[],0,0,0,0.0,8
aten,aten_sparse_norm_cpu,/home/arjaiswal/Polygeist/issues/aten_c_kernels/results/aten_sparse_norm_cpu/debuf.mlir,9899d8b65db78c778011ecd63fb6ab76c41cb0b8dee73116d8b1a9f6f0629d68,syntactic,1,ok,0,820.4067349433899,0,"[""/usr/bin/python3"", ""/home/arjaiswal/Polygeist/scripts/correctness/kernel_match_rewrite.py"", ""/home/arjaiswal/Polygeist/issues/aten_c_kernels/results/aten_sparse_norm_cpu/debuf.mlir"", ""--dry-run"", ""--matcher-mode"", ""syntactic"", ""--telemetry-json"", ""/home/arjaiswal/Polygeist/issues/equality_saturation_eval/campaign_20260908/aten-aten_sparse_norm_cpu-syntactic-qta4oht3.json"", ""--disable-semantic-fallback""]","== match report for /home/arjaiswal/Polygeist/issues/aten_c_kernels/results/aten_sparse_norm_cpu/debuf.mlir ==
  no_match       body#0  ?
  total: 0 matched / 1 bodies
",0,[],0,0,0,0,/home/arjaiswal/Polygeist/issues/aten_c_kernels/results/aten_sparse_norm_cpu/debuf.mlir,2189,0,1,0,312.85666301846504,1,65616,0.04116073250770569,0,0,0,0,[],0,0,8,0.0,8
aten,aten_sparse_norm_cpu,/home/arjaiswal/Polygeist/issues/aten_c_kernels/results/aten_sparse_norm_cpu/debuf.mlir,9899d8b65db78c778011ecd63fb6ab76c41cb0b8dee73116d8b1a9f6f0629d68,syntactic,2,ok,0,1526.274237781763,0,"[""/usr/bin/python3"", ""/home/arjaiswal/Polygeist/scripts/correctness/kernel_match_rewrite.py"", ""/home/arjaiswal/Polygeist/issues/aten_c_kernels/results/aten_sparse_norm_cpu/debuf.mlir"", ""--dry-run"", ""--matcher-mode"", ""syntactic"", ""--telemetry-json"", ""/home/arjaiswal/Polygeist/issues/equality_saturation_eval/campaign_20260908/aten-aten_sparse_norm_cpu-syntactic-uupafr8n.json"", ""--disable-semantic-fallback""]","== match report for /home/arjaiswal/Polygeist/issues/aten_c_kernels/results/aten_sparse_norm_cpu/debuf.mlir ==
  no_match       body#0  ?
  total: 0 matched / 1 bodies
",0,[],0,0,0,0,/home/arjaiswal/Polygeist/issues/aten_c_kernels/results/aten_sparse_norm_cpu/debuf.mlir,2189,0,1,0,668.8027530908585,1,65916,0.04534423351287842,0,0,0,0,[],0,0,8,0.0,8
aten,aten_sparse_norm_cpu,/home/arjaiswal/Polygeist/issues/aten_c_kernels/results/aten_sparse_norm_cpu/debuf.mlir,9899d8b65db78c778011ecd63fb6ab76c41cb0b8dee73116d8b1a9f6f0629d68,egglog,2,ok,0,2370.2729903161526,0,"[""/usr/bin/python3"", ""/home/arjaiswal/Polygeist/scripts/correctness/kernel_match_rewrite.py"", ""/home/arjaiswal/Polygeist/issues/aten_c_kernels/results/aten_sparse_norm_cpu/debuf.mlir"", ""--dry-run"", ""--matcher-mode"", ""egglog"", ""--telemetry-json"", ""/home/arjaiswal/Polygeist/issues/equality_saturation_eval/campaign_20260908/aten-aten_sparse_norm_cpu-egglog-u3o3ttvd.json"", ""--disable-semantic-fallback""]","== match report for /home/arjaiswal/Polygeist/issues/aten_c_kernels/results/aten_sparse_norm_cpu/debuf.mlir ==
  no_match       body#0  ?
  total: 0 matched / 1 bodies
",0,[],0,0,0,0,/home/arjaiswal/Polygeist/issues/aten_c_kernels/results/aten_sparse_norm_cpu/debuf.mlir,2189,8,1,0,1034.7017608582973,1,65900,0.0,0,0,0,0,[],0,0,0,0.0,8
aten,aten_sparse_norm_cpu,/home/arjaiswal/Polygeist/issues/aten_c_kernels/results/aten_sparse_norm_cpu/debuf.mlir,9899d8b65db78c778011ecd63fb6ab76c41cb0b8dee73116d8b1a9f6f0629d68,egglog,3,ok,0,2583.0078087747097,0,"[""/usr/bin/python3"", ""/home/arjaiswal/Polygeist/scripts/correctness/kernel_match_rewrite.py"", ""/home/arjaiswal/Polygeist/issues/aten_c_kernels/results/aten_sparse_norm_cpu/debuf.mlir"", ""--dry-run"", ""--matcher-mode"", ""egglog"", ""--telemetry-json"", ""/home/arjaiswal/Polygeist/issues/equality_saturation_eval/campaign_20260908/aten-aten_sparse_norm_cpu-egglog-0blufimi.json"", ""--disable-semantic-fallback""]","== match report for /home/arjaiswal/Polygeist/issues/aten_c_kernels/results/aten_sparse_norm_cpu/debuf.mlir ==
  no_match       body#0  ?
  total: 0 matched / 1 bodies
",0,[],0,0,0,0,/home/arjaiswal/Polygeist/issues/aten_c_kernels/results/aten_sparse_norm_cpu/debuf.mlir,2189,8,1,0,928.6319017410278,1,65608,0.0,0,0,0,0,[],0,0,0,0.0,8
aten,aten_sparse_norm_cpu,/home/arjaiswal/Polygeist/issues/aten_c_kernels/results/aten_sparse_norm_cpu/debuf.mlir,9899d8b65db78c778011ecd63fb6ab76c41cb0b8dee73116d8b1a9f6f0629d68,syntactic,3,ok,0,1668.903287500143,0,"[""/usr/bin/python3"", ""/home/arjaiswal/Polygeist/scripts/correctness/kernel_match_rewrite.py"", ""/home/arjaiswal/Polygeist/issues/aten_c_kernels/results/aten_sparse_norm_cpu/debuf.mlir"", ""--dry-run"", ""--matcher-mode"", ""syntactic"", ""--telemetry-json"", ""/home/arjaiswal/Polygeist/issues/equality_saturation_eval/campaign_20260908/aten-aten_sparse_norm_cpu-syntactic-16hq39xn.json"", ""--disable-semantic-fallback""]","== match report for /home/arjaiswal/Polygeist/issues/aten_c_kernels/results/aten_sparse_norm_cpu/debuf.mlir ==
  no_match       body#0  ?
  total: 0 matched / 1 bodies
",0,[],0,0,0,0,/home/arjaiswal/Polygeist/issues/aten_c_kernels/results/aten_sparse_norm_cpu/debuf.mlir,2189,0,1,0,664.4085608422756,1,65796,0.04695728421211243,0,0,0,0,[],0,0,8,0.0,8
aten,aten_sparse_norm_cpu,/home/arjaiswal/Polygeist/issues/aten_c_kernels/results/aten_sparse_norm_cpu/debuf.mlir,9899d8b65db78c778011ecd63fb6ab76c41cb0b8dee73116d8b1a9f6f0629d68,syntactic,4,ok,0,1689.0911348164082,0,"[""/usr/bin/python3"", ""/home/arjaiswal/Polygeist/scripts/correctness/kernel_match_rewrite.py"", ""/home/arjaiswal/Polygeist/issues/aten_c_kernels/results/aten_sparse_norm_cpu/debuf.mlir"", ""--dry-run"", ""--matcher-mode"", ""syntactic"", ""--telemetry-json"", ""/home/arjaiswal/Polygeist/issues/equality_saturation_eval/campaign_20260908/aten-aten_sparse_norm_cpu-syntactic-f8hen1ug.json"", ""--disable-semantic-fallback""]","== match report for /home/arjaiswal/Polygeist/issues/aten_c_kernels/results/aten_sparse_norm_cpu/debuf.mlir ==
  no_match       body#0  ?
  total: 0 matched / 1 bodies
",0,[],0,0,0,0,/home/arjaiswal/Polygeist/issues/aten_c_kernels/results/aten_sparse_norm_cpu/debuf.mlir,2189,0,1,0,702.1732293069363,1,65672,0.04472583532333374,0,0,0,0,[],0,0,8,0.0,8
aten,aten_sparse_norm_cpu,/home/arjaiswal/Polygeist/issues/aten_c_kernels/results/aten_sparse_norm_cpu/debuf.mlir,9899d8b65db78c778011ecd63fb6ab76c41cb0b8dee73116d8b1a9f6f0629d68,egglog,4,ok,0,1689.5705722272396,0,"[""/usr/bin/python3"", ""/home/arjaiswal/Polygeist/scripts/correctness/kernel_match_rewrite.py"", ""/home/arjaiswal/Polygeist/issues/aten_c_kernels/results/aten_sparse_norm_cpu/debuf.mlir"", ""--dry-run"", ""--matcher-mode"", ""egglog"", ""--telemetry-json"", ""/home/arjaiswal/Polygeist/issues/equality_saturation_eval/campaign_20260908/aten-aten_sparse_norm_cpu-egglog-df8_sq8e.json"", ""--disable-semantic-fallback""]","== match report for /home/arjaiswal/Polygeist/issues/aten_c_kernels/results/aten_sparse_norm_cpu/debuf.mlir ==
  no_match       body#0  ?
  total: 0 matched / 1 bodies
",0,[],0,0,0,0,/home/arjaiswal/Polygeist/issues/aten_c_kernels/results/aten_sparse_norm_cpu/debuf.mlir,2189,8,1,0,667.7939593791962,1,65636,0.0,0,0,0,0,[],0,0,0,0.0,8
aten,aten_sparse_norm_cpu,/home/arjaiswal/Polygeist/issues/aten_c_kernels/results/aten_sparse_norm_cpu/debuf.mlir,9899d8b65db78c778011ecd63fb6ab76c41cb0b8dee73116d8b1a9f6f0629d68,egglog,5,ok,0,1041.9865250587463,0,"[""/usr/bin/python3"", ""/home/arjaiswal/Polygeist/scripts/correctness/kernel_match_rewrite.py"", ""/home/arjaiswal/Polygeist/issues/aten_c_kernels/results/aten_sparse_norm_cpu/debuf.mlir"", ""--dry-run"", ""--matcher-mode"", ""egglog"", ""--telemetry-json"", ""/home/arjaiswal/Polygeist/issues/equality_saturation_eval/campaign_20260908/aten-aten_sparse_norm_cpu-egglog-xezrhx7o.json"", ""--disable-semantic-fallback""]","== match report for /home/arjaiswal/Polygeist/issues/aten_c_kernels/results/aten_sparse_norm_cpu/debuf.mlir ==
  no_match       body#0  ?
  total: 0 matched / 1 bodies
",0,[],0,0,0,0,/home/arjaiswal/Polygeist/issues/aten_c_kernels/results/aten_sparse_norm_cpu/debuf.mlir,2189,8,1,0,319.620531052351,1,65760,0.0,0,0,0,0,[],0,0,0,0.0,8
aten,aten_sparse_norm_cpu,/home/arjaiswal/Polygeist/issues/aten_c_kernels/results/aten_sparse_norm_cpu/debuf.mlir,9899d8b65db78c778011ecd63fb6ab76c41cb0b8dee73116d8b1a9f6f0629d68,syntactic,5,ok,0,827.9638402163982,0,"[""/usr/bin/python3"", ""/home/arjaiswal/Polygeist/scripts/correctness/kernel_match_rewrite.py"", ""/home/arjaiswal/Polygeist/issues/aten_c_kernels/results/aten_sparse_norm_cpu/debuf.mlir"", ""--dry-run"", ""--matcher-mode"", ""syntactic"", ""--telemetry-json"", ""/home/arjaiswal/Polygeist/issues/equality_saturation_eval/campaign_20260908/aten-aten_sparse_norm_cpu-syntactic-6277kg3n.json"", ""--disable-semantic-fallback""]","== match report for /home/arjaiswal/Polygeist/issues/aten_c_kernels/results/aten_sparse_norm_cpu/debuf.mlir ==
  no_match       body#0  ?
  total: 0 matched / 1 bodies
",0,[],0,0,0,0,/home/arjaiswal/Polygeist/issues/aten_c_kernels/results/aten_sparse_norm_cpu/debuf.mlir,2189,0,1,0,304.70024421811104,1,65424,0.037804245948791504,0,0,0,0,[],0,0,8,0.0,8
aten,aten_sparse_softmax_offsets_cpu,/home/arjaiswal/Polygeist/issues/aten_c_kernels/results/aten_sparse_softmax_offsets_cpu/debuf.mlir,13bdb83b6fa008e4e683f6b926fa4e7dc5e189e5b153ad7717eeda38143cef75,syntactic,1,ok,0,1024.058997631073,0,"[""/usr/bin/python3"", ""/home/arjaiswal/Polygeist/scripts/correctness/kernel_match_rewrite.py"", ""/home/arjaiswal/Polygeist/issues/aten_c_kernels/results/aten_sparse_softmax_offsets_cpu/debuf.mlir"", ""--dry-run"", ""--matcher-mode"", ""syntactic"", ""--telemetry-json"", ""/home/arjaiswal/Polygeist/issues/equality_saturation_eval/campaign_20260908/aten-aten_sparse_softmax_offsets_cpu-syntactic-ugyx822w.json"", ""--disable-semantic-fallback""]","== match report for /home/arjaiswal/Polygeist/issues/aten_c_kernels/results/aten_sparse_softmax_offsets_cpu/debuf.mlir ==
  total: 0 matched / 0 bodies
",0,[],0,0,0,0,/home/arjaiswal/Polygeist/issues/aten_c_kernels/results/aten_sparse_softmax_offsets_cpu/debuf.mlir,2732,0,0,0,434.4765767455101,0,64828,0.0,0,0,0,0,[],0,0,0,0.0,0
aten,aten_sparse_softmax_offsets_cpu,/home/arjaiswal/Polygeist/issues/aten_c_kernels/results/aten_sparse_softmax_offsets_cpu/debuf.mlir,13bdb83b6fa008e4e683f6b926fa4e7dc5e189e5b153ad7717eeda38143cef75,egglog,1,ok,0,1680.9812039136887,0,"[""/usr/bin/python3"", ""/home/arjaiswal/Polygeist/scripts/correctness/kernel_match_rewrite.py"", ""/home/arjaiswal/Polygeist/issues/aten_c_kernels/results/aten_sparse_softmax_offsets_cpu/debuf.mlir"", ""--dry-run"", ""--matcher-mode"", ""egglog"", ""--telemetry-json"", ""/home/arjaiswal/Polygeist/issues/equality_saturation_eval/campaign_20260908/aten-aten_sparse_softmax_offsets_cpu-egglog-n406c28n.json"", ""--disable-semantic-fallback""]","== match report for /home/arjaiswal/Polygeist/issues/aten_c_kernels/results/aten_sparse_softmax_offsets_cpu/debuf.mlir ==
  total: 0 matched / 0 bodies
",0,[],0,0,0,0,/home/arjaiswal/Polygeist/issues/aten_c_kernels/results/aten_sparse_softmax_offsets_cpu/debuf.mlir,2732,8,0,0,554.6886064112186,0,64664,0.0,0,0,0,0,[],0,0,0,0.0,0
aten,aten_sparse_softmax_offsets_cpu,/home/arjaiswal/Polygeist/issues/aten_c_kernels/results/aten_sparse_softmax_offsets_cpu/debuf.mlir,13bdb83b6fa008e4e683f6b926fa4e7dc5e189e5b153ad7717eeda38143cef75,egglog,2,ok,0,1524.040687829256,0,"[""/usr/bin/python3"", ""/home/arjaiswal/Polygeist/scripts/correctness/kernel_match_rewrite.py"", ""/home/arjaiswal/Polygeist/issues/aten_c_kernels/results/aten_sparse_softmax_offsets_cpu/debuf.mlir"", ""--dry-run"", ""--matcher-mode"", ""egglog"", ""--telemetry-json"", ""/home/arjaiswal/Polygeist/issues/equality_saturation_eval/campaign_20260908/aten-aten_sparse_softmax_offsets_cpu-egglog-5wj8w0kr.json"", ""--disable-semantic-fallback""]","== match report for /home/arjaiswal/Polygeist/issues/aten_c_kernels/results/aten_sparse_softmax_offsets_cpu/debuf.mlir ==
  total: 0 matched / 0 bodies
",0,[],0,0,0,0,/home/arjaiswal/Polygeist/issues/aten_c_kernels/results/aten_sparse_softmax_offsets_cpu/debuf.mlir,2732,8,0,0,591.045368462801,0,64640,0.0,0,0,0,0,[],0,0,0,0.0,0
aten,aten_sparse_softmax_offsets_cpu,/home/arjaiswal/Polygeist/issues/aten_c_kernels/results/aten_sparse_softmax_offsets_cpu/debuf.mlir,13bdb83b6fa008e4e683f6b926fa4e7dc5e189e5b153ad7717eeda38143cef75,syntactic,2,ok,0,907.7705554664135,0,"[""/usr/bin/python3"", ""/home/arjaiswal/Polygeist/scripts/correctness/kernel_match_rewrite.py"", ""/home/arjaiswal/Polygeist/issues/aten_c_kernels/results/aten_sparse_softmax_offsets_cpu/debuf.mlir"", ""--dry-run"", ""--matcher-mode"", ""syntactic"", ""--telemetry-json"", ""/home/arjaiswal/Polygeist/issues/equality_saturation_eval/campaign_20260908/aten-aten_sparse_softmax_offsets_cpu-syntactic-pza5bocq.json"", ""--disable-semantic-fallback""]","== match report for /home/arjaiswal/Polygeist/issues/aten_c_kernels/results/aten_sparse_softmax_offsets_cpu/debuf.mlir ==
  total: 0 matched / 0 bodies
",0,[],0,0,0,0,/home/arjaiswal/Polygeist/issues/aten_c_kernels/results/aten_sparse_softmax_offsets_cpu/debuf.mlir,2732,0,0,0,292.8958050906658,0,64820,0.0,0,0,0,0,[],0,0,0,0.0,0
aten,aten_sparse_softmax_offsets_cpu,/home/arjaiswal/Polygeist/issues/aten_c_kernels/results/aten_sparse_softmax_offsets_cpu/debuf.mlir,13bdb83b6fa008e4e683f6b926fa4e7dc5e189e5b153ad7717eeda38143cef75,syntactic,3,ok,0,702.9744908213615,0,"[""/usr/bin/python3"", ""/home/arjaiswal/Polygeist/scripts/correctness/kernel_match_rewrite.py"", ""/home/arjaiswal/Polygeist/issues/aten_c_kernels/results/aten_sparse_softmax_offsets_cpu/debuf.mlir"", ""--dry-run"", ""--matcher-mode"", ""syntactic"", ""--telemetry-json"", ""/home/arjaiswal/Polygeist/issues/equality_saturation_eval/campaign_20260908/aten-aten_sparse_softmax_offsets_cpu-syntactic-jj99rpi3.json"", ""--disable-semantic-fallback""]","== match report for /home/arjaiswal/Polygeist/issues/aten_c_kernels/results/aten_sparse_softmax_offsets_cpu/debuf.mlir ==
  total: 0 matched / 0 bodies
",0,[],0,0,0,0,/home/arjaiswal/Polygeist/issues/aten_c_kernels/results/aten_sparse_softmax_offsets_cpu/debuf.mlir,2732,0,0,0,279.1232690215111,0,64480,0.0,0,0,0,0,[],0,0,0,0.0,0
aten,aten_sparse_softmax_offsets_cpu,/home/arjaiswal/Polygeist/issues/aten_c_kernels/results/aten_sparse_softmax_offsets_cpu/debuf.mlir,13bdb83b6fa008e4e683f6b926fa4e7dc5e189e5b153ad7717eeda38143cef75,egglog,3,ok,0,798.2152029871941,0,"[""/usr/bin/python3"", ""/home/arjaiswal/Polygeist/scripts/correctness/kernel_match_rewrite.py"", ""/home/arjaiswal/Polygeist/issues/aten_c_kernels/results/aten_sparse_softmax_offsets_cpu/debuf.mlir"", ""--dry-run"", ""--matcher-mode"", ""egglog"", ""--telemetry-json"", ""/home/arjaiswal/Polygeist/issues/equality_saturation_eval/campaign_20260908/aten-aten_sparse_softmax_offsets_cpu-egglog-ixha7jyx.json"", ""--disable-semantic-fallback""]","== match report for /home/arjaiswal/Polygeist/issues/aten_c_kernels/results/aten_sparse_softmax_offsets_cpu/debuf.mlir ==
  total: 0 matched / 0 bodies
",0,[],0,0,0,0,/home/arjaiswal/Polygeist/issues/aten_c_kernels/results/aten_sparse_softmax_offsets_cpu/debuf.mlir,2732,8,0,0,270.9537148475647,0,64644,0.0,0,0,0,0,[],0,0,0,0.0,0
aten,aten_sparse_softmax_offsets_cpu,/home/arjaiswal/Polygeist/issues/aten_c_kernels/results/aten_sparse_softmax_offsets_cpu/debuf.mlir,13bdb83b6fa008e4e683f6b926fa4e7dc5e189e5b153ad7717eeda38143cef75,egglog,4,ok,0,1583.446193486452,0,"[""/usr/bin/python3"", ""/home/arjaiswal/Polygeist/scripts/correctness/kernel_match_rewrite.py"", ""/home/arjaiswal/Polygeist/issues/aten_c_kernels/results/aten_sparse_softmax_offsets_cpu/debuf.mlir"", ""--dry-run"", ""--matcher-mode"", ""egglog"", ""--telemetry-json"", ""/home/arjaiswal/Polygeist/issues/equality_saturation_eval/campaign_20260908/aten-aten_sparse_softmax_offsets_cpu-egglog-_4dzw2vb.json"", ""--disable-semantic-fallback""]","== match report for /home/arjaiswal/Polygeist/issues/aten_c_kernels/results/aten_sparse_softmax_offsets_cpu/debuf.mlir ==
  total: 0 matched / 0 bodies
",0,[],0,0,0,0,/home/arjaiswal/Polygeist/issues/aten_c_kernels/results/aten_sparse_softmax_offsets_cpu/debuf.mlir,2732,8,0,0,585.5518765747547,0,64456,0.0,0,0,0,0,[],0,0,0,0.0,0
aten,aten_sparse_softmax_offsets_cpu,/home/arjaiswal/Polygeist/issues/aten_c_kernels/results/aten_sparse_softmax_offsets_cpu/debuf.mlir,13bdb83b6fa008e4e683f6b926fa4e7dc5e189e5b153ad7717eeda38143cef75,syntactic,4,ok,0,801.4415949583054,0,"[""/usr/bin/python3"", ""/home/arjaiswal/Polygeist/scripts/correctness/kernel_match_rewrite.py"", ""/home/arjaiswal/Polygeist/issues/aten_c_kernels/results/aten_sparse_softmax_offsets_cpu/debuf.mlir"", ""--dry-run"", ""--matcher-mode"", ""syntactic"", ""--telemetry-json"", ""/home/arjaiswal/Polygeist/issues/equality_saturation_eval/campaign_20260908/aten-aten_sparse_softmax_offsets_cpu-syntactic-snba1rk3.json"", ""--disable-semantic-fallback""]","== match report for /home/arjaiswal/Polygeist/issues/aten_c_kernels/results/aten_sparse_softmax_offsets_cpu/debuf.mlir ==
  total: 0 matched / 0 bodies
",0,[],0,0,0,0,/home/arjaiswal/Polygeist/issues/aten_c_kernels/results/aten_sparse_softmax_offsets_cpu/debuf.mlir,2732,0,0,0,338.9234095811844,0,64600,0.0,0,0,0,0,[],0,0,0,0.0,0
aten,aten_sparse_softmax_offsets_cpu,/home/arjaiswal/Polygeist/issues/aten_c_kernels/results/aten_sparse_softmax_offsets_cpu/debuf.mlir,13bdb83b6fa008e4e683f6b926fa4e7dc5e189e5b153ad7717eeda38143cef75,syntactic,5,ok,0,712.4275453388691,0,"[""/usr/bin/python3"", ""/home/arjaiswal/Polygeist/scripts/correctness/kernel_match_rewrite.py"", ""/home/arjaiswal/Polygeist/issues/aten_c_kernels/results/aten_sparse_softmax_offsets_cpu/debuf.mlir"", ""--dry-run"", ""--matcher-mode"", ""syntactic"", ""--telemetry-json"", ""/home/arjaiswal/Polygeist/issues/equality_saturation_eval/campaign_20260908/aten-aten_sparse_softmax_offsets_cpu-syntactic-mdbl1rdf.json"", ""--disable-semantic-fallback""]","== match report for /home/arjaiswal/Polygeist/issues/aten_c_kernels/results/aten_sparse_softmax_offsets_cpu/debuf.mlir ==
  total: 0 matched / 0 bodies
",0,[],0,0,0,0,/home/arjaiswal/Polygeist/issues/aten_c_kernels/results/aten_sparse_softmax_offsets_cpu/debuf.mlir,2732,0,0,0,274.46285635232925,0,64632,0.0,0,0,0,0,[],0,0,0,0.0,0
aten,aten_sparse_softmax_offsets_cpu,/home/arjaiswal/Polygeist/issues/aten_c_kernels/results/aten_sparse_softmax_offsets_cpu/debuf.mlir,13bdb83b6fa008e4e683f6b926fa4e7dc5e189e5b153ad7717eeda38143cef75,egglog,5,ok,0,706.6820077598095,0,"[""/usr/bin/python3"", ""/home/arjaiswal/Polygeist/scripts/correctness/kernel_match_rewrite.py"", ""/home/arjaiswal/Polygeist/issues/aten_c_kernels/results/aten_sparse_softmax_offsets_cpu/debuf.mlir"", ""--dry-run"", ""--matcher-mode"", ""egglog"", ""--telemetry-json"", ""/home/arjaiswal/Polygeist/issues/equality_saturation_eval/campaign_20260908/aten-aten_sparse_softmax_offsets_cpu-egglog-1i1ty5pa.json"", ""--disable-semantic-fallback""]","== match report for /home/arjaiswal/Polygeist/issues/aten_c_kernels/results/aten_sparse_softmax_offsets_cpu/debuf.mlir ==
  total: 0 matched / 0 bodies
",0,[],0,0,0,0,/home/arjaiswal/Polygeist/issues/aten_c_kernels/results/aten_sparse_softmax_offsets_cpu/debuf.mlir,2732,8,0,0,265.5557841062546,0,64616,0.0,0,0,0,0,[],0,0,0,0.0,0
aten,aten_sparse_softmax_pools_cpu,/home/arjaiswal/Polygeist/issues/aten_c_kernels/results/aten_sparse_softmax_pools_cpu/debuf.mlir,d251711865d7fbe13a7347c5198c0131ae82e4d9ab4823135c506666a064ee13,egglog,1,ok,0,767.6722966134548,0,"[""/usr/bin/python3"", ""/home/arjaiswal/Polygeist/scripts/correctness/kernel_match_rewrite.py"", ""/home/arjaiswal/Polygeist/issues/aten_c_kernels/results/aten_sparse_softmax_pools_cpu/debuf.mlir"", ""--dry-run"", ""--matcher-mode"", ""egglog"", ""--telemetry-json"", ""/home/arjaiswal/Polygeist/issues/equality_saturation_eval/campaign_20260908/aten-aten_sparse_softmax_pools_cpu-egglog-q011_frl.json"", ""--disable-semantic-fallback""]","== match report for /home/arjaiswal/Polygeist/issues/aten_c_kernels/results/aten_sparse_softmax_pools_cpu/debuf.mlir ==
  no_match       body#0  ?
  total: 0 matched / 1 bodies
",0,[],0,0,0,0,/home/arjaiswal/Polygeist/issues/aten_c_kernels/results/aten_sparse_softmax_pools_cpu/debuf.mlir,2311,8,1,0,306.925930082798,1,64768,0.0,0,0,0,0,[],0,0,0,0.0,6
aten,aten_sparse_softmax_pools_cpu,/home/arjaiswal/Polygeist/issues/aten_c_kernels/results/aten_sparse_softmax_pools_cpu/debuf.mlir,d251711865d7fbe13a7347c5198c0131ae82e4d9ab4823135c506666a064ee13,syntactic,1,ok,0,742.1071864664555,0,"[""/usr/bin/python3"", ""/home/arjaiswal/Polygeist/scripts/correctness/kernel_match_rewrite.py"", ""/home/arjaiswal/Polygeist/issues/aten_c_kernels/results/aten_sparse_softmax_pools_cpu/debuf.mlir"", ""--dry-run"", ""--matcher-mode"", ""syntactic"", ""--telemetry-json"", ""/home/arjaiswal/Polygeist/issues/equality_saturation_eval/campaign_20260908/aten-aten_sparse_softmax_pools_cpu-syntactic-08q9021u.json"", ""--disable-semantic-fallback""]","== match report for /home/arjaiswal/Polygeist/issues/aten_c_kernels/results/aten_sparse_softmax_pools_cpu/debuf.mlir ==
  no_match       body#0  ?
  total: 0 matched / 1 bodies
",0,[],0,0,0,0,/home/arjaiswal/Polygeist/issues/aten_c_kernels/results/aten_sparse_softmax_pools_cpu/debuf.mlir,2311,0,1,0,310.5688616633415,1,64912,0.0225752592086792,0,0,0,0,[],0,0,6,0.0,6
aten,aten_sparse_softmax_pools_cpu,/home/arjaiswal/Polygeist/issues/aten_c_kernels/results/aten_sparse_softmax_pools_cpu/debuf.mlir,d251711865d7fbe13a7347c5198c0131ae82e4d9ab4823135c506666a064ee13,syntactic,2,ok,0,830.1592357456684,0,"[""/usr/bin/python3"", ""/home/arjaiswal/Polygeist/scripts/correctness/kernel_match_rewrite.py"", ""/home/arjaiswal/Polygeist/issues/aten_c_kernels/results/aten_sparse_softmax_pools_cpu/debuf.mlir"", ""--dry-run"", ""--matcher-mode"", ""syntactic"", ""--telemetry-json"", ""/home/arjaiswal/Polygeist/issues/equality_saturation_eval/campaign_20260908/aten-aten_sparse_softmax_pools_cpu-syntactic-6jm4z7ml.json"", ""--disable-semantic-fallback""]","== match report for /home/arjaiswal/Polygeist/issues/aten_c_kernels/results/aten_sparse_softmax_pools_cpu/debuf.mlir ==
  no_match       body#0  ?
  total: 0 matched / 1 bodies
",0,[],0,0,0,0,/home/arjaiswal/Polygeist/issues/aten_c_kernels/results/aten_sparse_softmax_pools_cpu/debuf.mlir,2311,0,1,0,315.53787738084793,1,64724,0.021871179342269897,0,0,0,0,[],0,0,6,0.0,6
aten,aten_sparse_softmax_pools_cpu,/home/arjaiswal/Polygeist/issues/aten_c_kernels/results/aten_sparse_softmax_pools_cpu/debuf.mlir,d251711865d7fbe13a7347c5198c0131ae82e4d9ab4823135c506666a064ee13,egglog,2,ok,0,757.1517936885357,0,"[""/usr/bin/python3"", ""/home/arjaiswal/Polygeist/scripts/correctness/kernel_match_rewrite.py"", ""/home/arjaiswal/Polygeist/issues/aten_c_kernels/results/aten_sparse_softmax_pools_cpu/debuf.mlir"", ""--dry-run"", ""--matcher-mode"", ""egglog"", ""--telemetry-json"", ""/home/arjaiswal/Polygeist/issues/equality_saturation_eval/campaign_20260908/aten-aten_sparse_softmax_pools_cpu-egglog-62h7fsq6.json"", ""--disable-semantic-fallback""]","== match report for /home/arjaiswal/Polygeist/issues/aten_c_kernels/results/aten_sparse_softmax_pools_cpu/debuf.mlir ==
  no_match       body#0  ?
  total: 0 matched / 1 bodies
",0,[],0,0,0,0,/home/arjaiswal/Polygeist/issues/aten_c_kernels/results/aten_sparse_softmax_pools_cpu/debuf.mlir,2311,8,1,0,310.90857833623886,1,64512,0.0,0,0,0,0,[],0,0,0,0.0,6
aten,aten_sparse_softmax_pools_cpu,/home/arjaiswal/Polygeist/issues/aten_c_kernels/results/aten_sparse_softmax_pools_cpu/debuf.mlir,d251711865d7fbe13a7347c5198c0131ae82e4d9ab4823135c506666a064ee13,egglog,3,ok,0,733.432661741972,0,"[""/usr/bin/python3"", ""/home/arjaiswal/Polygeist/scripts/correctness/kernel_match_rewrite.py"", ""/home/arjaiswal/Polygeist/issues/aten_c_kernels/results/aten_sparse_softmax_pools_cpu/debuf.mlir"", ""--dry-run"", ""--matcher-mode"", ""egglog"", ""--telemetry-json"", ""/home/arjaiswal/Polygeist/issues/equality_saturation_eval/campaign_20260908/aten-aten_sparse_softmax_pools_cpu-egglog-vp00nw01.json"", ""--disable-semantic-fallback""]","== match report for /home/arjaiswal/Polygeist/issues/aten_c_kernels/results/aten_sparse_softmax_pools_cpu/debuf.mlir ==
  no_match       body#0  ?
  total: 0 matched / 1 bodies
",0,[],0,0,0,0,/home/arjaiswal/Polygeist/issues/aten_c_kernels/results/aten_sparse_softmax_pools_cpu/debuf.mlir,2311,8,1,0,288.07836025953293,1,64680,0.0,0,0,0,0,[],0,0,0,0.0,6
aten,aten_sparse_softmax_pools_cpu,/home/arjaiswal/Polygeist/issues/aten_c_kernels/results/aten_sparse_softmax_pools_cpu/debuf.mlir,d251711865d7fbe13a7347c5198c0131ae82e4d9ab4823135c506666a064ee13,syntactic,3,ok,0,724.0595407783985,0,"[""/usr/bin/python3"", ""/home/arjaiswal/Polygeist/scripts/correctness/kernel_match_rewrite.py"", ""/home/arjaiswal/Polygeist/issues/aten_c_kernels/results/aten_sparse_softmax_pools_cpu/debuf.mlir"", ""--dry-run"", ""--matcher-mode"", ""syntactic"", ""--telemetry-json"", ""/home/arjaiswal/Polygeist/issues/equality_saturation_eval/campaign_20260908/aten-aten_sparse_softmax_pools_cpu-syntactic-96m9og_o.json"", ""--disable-semantic-fallback""]","== match report for /home/arjaiswal/Polygeist/issues/aten_c_kernels/results/aten_sparse_softmax_pools_cpu/debuf.mlir ==
  no_match       body#0  ?
  total: 0 matched / 1 bodies
",0,[],0,0,0,0,/home/arjaiswal/Polygeist/issues/aten_c_kernels/results/aten_sparse_softmax_pools_cpu/debuf.mlir,2311,0,1,0,291.84428602457047,1,64596,0.02006813883781433,0,0,0,0,[],0,0,6,0.0,6
aten,aten_sparse_softmax_pools_cpu,/home/arjaiswal/Polygeist/issues/aten_c_kernels/results/aten_sparse_softmax_pools_cpu/debuf.mlir,d251711865d7fbe13a7347c5198c0131ae82e4d9ab4823135c506666a064ee13,syntactic,4,ok,0,756.6562555730343,0,"[""/usr/bin/python3"", ""/home/arjaiswal/Polygeist/scripts/correctness/kernel_match_rewrite.py"", ""/home/arjaiswal/Polygeist/issues/aten_c_kernels/results/aten_sparse_softmax_pools_cpu/debuf.mlir"", ""--dry-run"", ""--matcher-mode"", ""syntactic"", ""--telemetry-json"", ""/home/arjaiswal/Polygeist/issues/equality_saturation_eval/campaign_20260908/aten-aten_sparse_softmax_pools_cpu-syntactic-0_3vx5pm.json"", ""--disable-semantic-fallback""]","== match report for /home/arjaiswal/Polygeist/issues/aten_c_kernels/results/aten_sparse_softmax_pools_cpu/debuf.mlir ==
  no_match       body#0  ?
  total: 0 matched / 1 bodies
",0,[],0,0,0,0,/home/arjaiswal/Polygeist/issues/aten_c_kernels/results/aten_sparse_softmax_pools_cpu/debuf.mlir,2311,0,1,0,305.4995909333229,1,64456,0.019744038581848145,0,0,0,0,[],0,0,6,0.0,6
aten,aten_sparse_softmax_pools_cpu,/home/arjaiswal/Polygeist/issues/aten_c_kernels/results/aten_sparse_softmax_pools_cpu/debuf.mlir,d251711865d7fbe13a7347c5198c0131ae82e4d9ab4823135c506666a064ee13,egglog,4,ok,0,701.6487419605255,0,"[""/usr/bin/python3"", ""/home/arjaiswal/Polygeist/scripts/correctness/kernel_match_rewrite.py"", ""/home/arjaiswal/Polygeist/issues/aten_c_kernels/results/aten_sparse_softmax_pools_cpu/debuf.mlir"", ""--dry-run"", ""--matcher-mode"", ""egglog"", ""--telemetry-json"", ""/home/arjaiswal/Polygeist/issues/equality_saturation_eval/campaign_20260908/aten-aten_sparse_softmax_pools_cpu-egglog-trw948m1.json"", ""--disable-semantic-fallback""]","== match report for /home/arjaiswal/Polygeist/issues/aten_c_kernels/results/aten_sparse_softmax_pools_cpu/debuf.mlir ==
  no_match       body#0  ?
  total: 0 matched / 1 bodies
",0,[],0,0,0,0,/home/arjaiswal/Polygeist/issues/aten_c_kernels/results/aten_sparse_softmax_pools_cpu/debuf.mlir,2311,8,1,0,275.78024566173553,1,64776,0.0,0,0,0,0,[],0,0,0,0.0,6
aten,aten_sparse_softmax_pools_cpu,/home/arjaiswal/Polygeist/issues/aten_c_kernels/results/aten_sparse_softmax_pools_cpu/debuf.mlir,d251711865d7fbe13a7347c5198c0131ae82e4d9ab4823135c506666a064ee13,egglog,5,ok,0,694.1687166690826,0,"[""/usr/bin/python3"", ""/home/arjaiswal/Polygeist/scripts/correctness/kernel_match_rewrite.py"", ""/home/arjaiswal/Polygeist/issues/aten_c_kernels/results/aten_sparse_softmax_pools_cpu/debuf.mlir"", ""--dry-run"", ""--matcher-mode"", ""egglog"", ""--telemetry-json"", ""/home/arjaiswal/Polygeist/issues/equality_saturation_eval/campaign_20260908/aten-aten_sparse_softmax_pools_cpu-egglog-a20a4b9c.json"", ""--disable-semantic-fallback""]","== match report for /home/arjaiswal/Polygeist/issues/aten_c_kernels/results/aten_sparse_softmax_pools_cpu/debuf.mlir ==
  no_match       body#0  ?
  total: 0 matched / 1 bodies
",0,[],0,0,0,0,/home/arjaiswal/Polygeist/issues/aten_c_kernels/results/aten_sparse_softmax_pools_cpu/debuf.mlir,2311,8,1,0,280.2436761558056,1,64424,0.0,0,0,0,0,[],0,0,0,0.0,6
aten,aten_sparse_softmax_pools_cpu,/home/arjaiswal/Polygeist/issues/aten_c_kernels/results/aten_sparse_softmax_pools_cpu/debuf.mlir,d251711865d7fbe13a7347c5198c0131ae82e4d9ab4823135c506666a064ee13,syntactic,5,ok,0,693.8888058066368,0,"[""/usr/bin/python3"", ""/home/arjaiswal/Polygeist/scripts/correctness/kernel_match_rewrite.py"", ""/home/arjaiswal/Polygeist/issues/aten_c_kernels/results/aten_sparse_softmax_pools_cpu/debuf.mlir"", ""--dry-run"", ""--matcher-mode"", ""syntactic"", ""--telemetry-json"", ""/home/arjaiswal/Polygeist/issues/equality_saturation_eval/campaign_20260908/aten-aten_sparse_softmax_pools_cpu-syntactic-chs4fmgl.json"", ""--disable-semantic-fallback""]","== match report for /home/arjaiswal/Polygeist/issues/aten_c_kernels/results/aten_sparse_softmax_pools_cpu/debuf.mlir ==
  no_match       body#0  ?
  total: 0 matched / 1 bodies
",0,[],0,0,0,0,/home/arjaiswal/Polygeist/issues/aten_c_kernels/results/aten_sparse_softmax_pools_cpu/debuf.mlir,2311,0,1,0,281.88591822981834,1,64652,0.018775463104248047,0,0,0,0,[],0,0,6,0.0,6
aten,aten_sparse_sum_backward_cpu,/home/arjaiswal/Polygeist/issues/aten_c_kernels/results/aten_sparse_sum_backward_cpu/debuf.mlir,971a8e88e97b1a922cb3690fa8d1e5120238097178bbd04960660aa54dae7022,syntactic,1,ok,0,722.1542224287987,0,"[""/usr/bin/python3"", ""/home/arjaiswal/Polygeist/scripts/correctness/kernel_match_rewrite.py"", ""/home/arjaiswal/Polygeist/issues/aten_c_kernels/results/aten_sparse_sum_backward_cpu/debuf.mlir"", ""--dry-run"", ""--matcher-mode"", ""syntactic"", ""--telemetry-json"", ""/home/arjaiswal/Polygeist/issues/equality_saturation_eval/campaign_20260908/aten-aten_sparse_sum_backward_cpu-syntactic-_p95f333.json"", ""--disable-semantic-fallback""]","== match report for /home/arjaiswal/Polygeist/issues/aten_c_kernels/results/aten_sparse_sum_backward_cpu/debuf.mlir ==
  no_match       body#0  ?
  total: 0 matched / 1 bodies
",0,[],0,0,0,0,/home/arjaiswal/Polygeist/issues/aten_c_kernels/results/aten_sparse_sum_backward_cpu/debuf.mlir,1648,0,1,0,311.73622235655785,1,64688,0.01582130789756775,0,0,0,0,[],0,0,4,0.0,4
aten,aten_sparse_sum_backward_cpu,/home/arjaiswal/Polygeist/issues/aten_c_kernels/results/aten_sparse_sum_backward_cpu/debuf.mlir,971a8e88e97b1a922cb3690fa8d1e5120238097178bbd04960660aa54dae7022,egglog,1,ok,0,704.922504723072,0,"[""/usr/bin/python3"", ""/home/arjaiswal/Polygeist/scripts/correctness/kernel_match_rewrite.py"", ""/home/arjaiswal/Polygeist/issues/aten_c_kernels/results/aten_sparse_sum_backward_cpu/debuf.mlir"", ""--dry-run"", ""--matcher-mode"", ""egglog"", ""--telemetry-json"", ""/home/arjaiswal/Polygeist/issues/equality_saturation_eval/campaign_20260908/aten-aten_sparse_sum_backward_cpu-egglog-7w90ac9s.json"", ""--disable-semantic-fallback""]","== match report for /home/arjaiswal/Polygeist/issues/aten_c_kernels/results/aten_sparse_sum_backward_cpu/debuf.mlir ==
  no_match       body#0  ?
  total: 0 matched / 1 bodies
",0,[],0,0,0,0,/home/arjaiswal/Polygeist/issues/aten_c_kernels/results/aten_sparse_sum_backward_cpu/debuf.mlir,1648,8,1,0,266.23931154608727,1,64792,0.0,0,0,0,0,[],0,0,0,0.0,4
aten,aten_sparse_sum_backward_cpu,/home/arjaiswal/Polygeist/issues/aten_c_kernels/results/aten_sparse_sum_backward_cpu/debuf.mlir,971a8e88e97b1a922cb3690fa8d1e5120238097178bbd04960660aa54dae7022,egglog,2,ok,0,674.4880378246307,0,"[""/usr/bin/python3"", ""/home/arjaiswal/Polygeist/scripts/correctness/kernel_match_rewrite.py"", ""/home/arjaiswal/Polygeist/issues/aten_c_kernels/results/aten_sparse_sum_backward_cpu/debuf.mlir"", ""--dry-run"", ""--matcher-mode"", ""egglog"", ""--telemetry-json"", ""/home/arjaiswal/Polygeist/issues/equality_saturation_eval/campaign_20260908/aten-aten_sparse_sum_backward_cpu-egglog-yw5xk2v4.json"", ""--disable-semantic-fallback""]","== match report for /home/arjaiswal/Polygeist/issues/aten_c_kernels/results/aten_sparse_sum_backward_cpu/debuf.mlir ==
  no_match       body#0  ?
  total: 0 matched / 1 bodies
",0,[],0,0,0,0,/home/arjaiswal/Polygeist/issues/aten_c_kernels/results/aten_sparse_sum_backward_cpu/debuf.mlir,1648,8,1,0,268.818236887455,1,64856,0.0,0,0,0,0,[],0,0,0,0.0,4
aten,aten_sparse_sum_backward_cpu,/home/arjaiswal/Polygeist/issues/aten_c_kernels/results/aten_sparse_sum_backward_cpu/debuf.mlir,971a8e88e97b1a922cb3690fa8d1e5120238097178bbd04960660aa54dae7022,syntactic,2,ok,0,681.8070001900196,0,"[""/usr/bin/python3"", ""/home/arjaiswal/Polygeist/scripts/correctness/kernel_match_rewrite.py"", ""/home/arjaiswal/Polygeist/issues/aten_c_kernels/results/aten_sparse_sum_backward_cpu/debuf.mlir"", ""--dry-run"", ""--matcher-mode"", ""syntactic"", ""--telemetry-json"", ""/home/arjaiswal/Polygeist/issues/equality_saturation_eval/campaign_20260908/aten-aten_sparse_sum_backward_cpu-syntactic-t3t2c2ol.json"", ""--disable-semantic-fallback""]","== match report for /home/arjaiswal/Polygeist/issues/aten_c_kernels/results/aten_sparse_sum_backward_cpu/debuf.mlir ==
  no_match       body#0  ?
  total: 0 matched / 1 bodies
",0,[],0,0,0,0,/home/arjaiswal/Polygeist/issues/aten_c_kernels/results/aten_sparse_sum_backward_cpu/debuf.mlir,1648,0,1,0,266.54789969325066,1,64704,0.015638768672943115,0,0,0,0,[],0,0,4,0.0,4
aten,aten_sparse_sum_backward_cpu,/home/arjaiswal/Polygeist/issues/aten_c_kernels/results/aten_sparse_sum_backward_cpu/debuf.mlir,971a8e88e97b1a922cb3690fa8d1e5120238097178bbd04960660aa54dae7022,syntactic,3,ok,0,692.7214041352272,0,"[""/usr/bin/python3"", ""/home/arjaiswal/Polygeist/scripts/correctness/kernel_match_rewrite.py"", ""/home/arjaiswal/Polygeist/issues/aten_c_kernels/results/aten_sparse_sum_backward_cpu/debuf.mlir"", ""--dry-run"", ""--matcher-mode"", ""syntactic"", ""--telemetry-json"", ""/home/arjaiswal/Polygeist/issues/equality_saturation_eval/campaign_20260908/aten-aten_sparse_sum_backward_cpu-syntactic-ly_mgkso.json"", ""--disable-semantic-fallback""]","== match report for /home/arjaiswal/Polygeist/issues/aten_c_kernels/results/aten_sparse_sum_backward_cpu/debuf.mlir ==
  no_match       body#0  ?
  total: 0 matched / 1 bodies
",0,[],0,0,0,0,/home/arjaiswal/Polygeist/issues/aten_c_kernels/results/aten_sparse_sum_backward_cpu/debuf.mlir,1648,0,1,0,271.94445207715034,1,64668,0.015970319509506226,0,0,0,0,[],0,0,4,0.0,4
aten,aten_sparse_sum_backward_cpu,/home/arjaiswal/Polygeist/issues/aten_c_kernels/results/aten_sparse_sum_backward_cpu/debuf.mlir,971a8e88e97b1a922cb3690fa8d1e5120238097178bbd04960660aa54dae7022,egglog,3,ok,0,686.8058741092682,0,"[""/usr/bin/python3"", ""/home/arjaiswal/Polygeist/scripts/correctness/kernel_match_rewrite.py"", ""/home/arjaiswal/Polygeist/issues/aten_c_kernels/results/aten_sparse_sum_backward_cpu/debuf.mlir"", ""--dry-run"", ""--matcher-mode"", ""egglog"", ""--telemetry-json"", ""/home/arjaiswal/Polygeist/issues/equality_saturation_eval/campaign_20260908/aten-aten_sparse_sum_backward_cpu-egglog-mj8m3urs.json"", ""--disable-semantic-fallback""]","== match report for /home/arjaiswal/Polygeist/issues/aten_c_kernels/results/aten_sparse_sum_backward_cpu/debuf.mlir ==
  no_match       body#0  ?
  total: 0 matched / 1 bodies
",0,[],0,0,0,0,/home/arjaiswal/Polygeist/issues/aten_c_kernels/results/aten_sparse_sum_backward_cpu/debuf.mlir,1648,8,1,0,272.9761675000191,1,64728,0.0,0,0,0,0,[],0,0,0,0.0,4
aten,aten_sparse_sum_backward_cpu,/home/arjaiswal/Polygeist/issues/aten_c_kernels/results/aten_sparse_sum_backward_cpu/debuf.mlir,971a8e88e97b1a922cb3690fa8d1e5120238097178bbd04960660aa54dae7022,egglog,4,ok,0,689.4374117255211,0,"[""/usr/bin/python3"", ""/home/arjaiswal/Polygeist/scripts/correctness/kernel_match_rewrite.py"", ""/home/arjaiswal/Polygeist/issues/aten_c_kernels/results/aten_sparse_sum_backward_cpu/debuf.mlir"", ""--dry-run"", ""--matcher-mode"", ""egglog"", ""--telemetry-json"", ""/home/arjaiswal/Polygeist/issues/equality_saturation_eval/campaign_20260908/aten-aten_sparse_sum_backward_cpu-egglog-codjexzh.json"", ""--disable-semantic-fallback""]","== match report for /home/arjaiswal/Polygeist/issues/aten_c_kernels/results/aten_sparse_sum_backward_cpu/debuf.mlir ==
  no_match       body#0  ?
  total: 0 matched / 1 bodies
",0,[],0,0,0,0,/home/arjaiswal/Polygeist/issues/aten_c_kernels/results/aten_sparse_sum_backward_cpu/debuf.mlir,1648,8,1,0,280.52035719156265,1,64796,0.0,0,0,0,0,[],0,0,0,0.0,4
aten,aten_sparse_sum_backward_cpu,/home/arjaiswal/Polygeist/issues/aten_c_kernels/results/aten_sparse_sum_backward_cpu/debuf.mlir,971a8e88e97b1a922cb3690fa8d1e5120238097178bbd04960660aa54dae7022,syntactic,4,ok,0,685.471348464489,0,"[""/usr/bin/python3"", ""/home/arjaiswal/Polygeist/scripts/correctness/kernel_match_rewrite.py"", ""/home/arjaiswal/Polygeist/issues/aten_c_kernels/results/aten_sparse_sum_backward_cpu/debuf.mlir"", ""--dry-run"", ""--matcher-mode"", ""syntactic"", ""--telemetry-json"", ""/home/arjaiswal/Polygeist/issues/equality_saturation_eval/campaign_20260908/aten-aten_sparse_sum_backward_cpu-syntactic-11qhxiih.json"", ""--disable-semantic-fallback""]","== match report for /home/arjaiswal/Polygeist/issues/aten_c_kernels/results/aten_sparse_sum_backward_cpu/debuf.mlir ==
  no_match       body#0  ?
  total: 0 matched / 1 bodies
",0,[],0,0,0,0,/home/arjaiswal/Polygeist/issues/aten_c_kernels/results/aten_sparse_sum_backward_cpu/debuf.mlir,1648,0,1,0,283.8958688080311,1,64552,0.015471130609512329,0,0,0,0,[],0,0,4,0.0,4
aten,aten_sparse_sum_backward_cpu,/home/arjaiswal/Polygeist/issues/aten_c_kernels/results/aten_sparse_sum_backward_cpu/debuf.mlir,971a8e88e97b1a922cb3690fa8d1e5120238097178bbd04960660aa54dae7022,syntactic,5,ok,0,686.6002082824707,0,"[""/usr/bin/python3"", ""/home/arjaiswal/Polygeist/scripts/correctness/kernel_match_rewrite.py"", ""/home/arjaiswal/Polygeist/issues/aten_c_kernels/results/aten_sparse_sum_backward_cpu/debuf.mlir"", ""--dry-run"", ""--matcher-mode"", ""syntactic"", ""--telemetry-json"", ""/home/arjaiswal/Polygeist/issues/equality_saturation_eval/campaign_20260908/aten-aten_sparse_sum_backward_cpu-syntactic-lzbg0755.json"", ""--disable-semantic-fallback""]","== match report for /home/arjaiswal/Polygeist/issues/aten_c_kernels/results/aten_sparse_sum_backward_cpu/debuf.mlir ==
  no_match       body#0  ?
  total: 0 matched / 1 bodies
",0,[],0,0,0,0,/home/arjaiswal/Polygeist/issues/aten_c_kernels/results/aten_sparse_sum_backward_cpu/debuf.mlir,1648,0,1,0,273.75761792063713,1,64880,0.014211982488632202,0,0,0,0,[],0,0,4,0.0,4
aten,aten_sparse_sum_backward_cpu,/home/arjaiswal/Polygeist/issues/aten_c_kernels/results/aten_sparse_sum_backward_cpu/debuf.mlir,971a8e88e97b1a922cb3690fa8d1e5120238097178bbd04960660aa54dae7022,egglog,5,ok,0,701.7161101102829,0,"[""/usr/bin/python3"", ""/home/arjaiswal/Polygeist/scripts/correctness/kernel_match_rewrite.py"", ""/home/arjaiswal/Polygeist/issues/aten_c_kernels/results/aten_sparse_sum_backward_cpu/debuf.mlir"", ""--dry-run"", ""--matcher-mode"", ""egglog"", ""--telemetry-json"", ""/home/arjaiswal/Polygeist/issues/equality_saturation_eval/campaign_20260908/aten-aten_sparse_sum_backward_cpu-egglog-lt4thxqo.json"", ""--disable-semantic-fallback""]","== match report for /home/arjaiswal/Polygeist/issues/aten_c_kernels/results/aten_sparse_sum_backward_cpu/debuf.mlir ==
  no_match       body#0  ?
  total: 0 matched / 1 bodies
",0,[],0,0,0,0,/home/arjaiswal/Polygeist/issues/aten_c_kernels/results/aten_sparse_sum_backward_cpu/debuf.mlir,1648,8,1,0,273.2241749763489,1,64648,0.0,0,0,0,0,[],0,0,0,0.0,4
aten,aten_sparse_sum_cpu,/home/arjaiswal/Polygeist/issues/aten_c_kernels/results/aten_sparse_sum_cpu/debuf.mlir,0f774357136389484984b4191d63e2ca72fb79fbffae258c11c81046b439722a,egglog,1,ok,0,724.8183116316795,0,"[""/usr/bin/python3"", ""/home/arjaiswal/Polygeist/scripts/correctness/kernel_match_rewrite.py"", ""/home/arjaiswal/Polygeist/issues/aten_c_kernels/results/aten_sparse_sum_cpu/debuf.mlir"", ""--dry-run"", ""--matcher-mode"", ""egglog"", ""--telemetry-json"", ""/home/arjaiswal/Polygeist/issues/equality_saturation_eval/campaign_20260908/aten-aten_sparse_sum_cpu-egglog-bd30gyh5.json"", ""--disable-semantic-fallback""]","== match report for /home/arjaiswal/Polygeist/issues/aten_c_kernels/results/aten_sparse_sum_cpu/debuf.mlir ==
  match          body#[0]  cudnnReduceSum_f32
  total: 1 matched / 1 bodies
",0,[],0,0,0,0,/home/arjaiswal/Polygeist/issues/aten_c_kernels/results/aten_sparse_sum_cpu/debuf.mlir,2179,8,1,1,315.59528410434723,0,69524,22.192854434251785,2,2,0,4,"[{""body_indices"": [0], ""symbol"": ""cudnnReduceSum_f32""}]",1,0,0,0.0,8
aten,aten_sparse_sum_cpu,/home/arjaiswal/Polygeist/issues/aten_c_kernels/results/aten_sparse_sum_cpu/debuf.mlir,0f774357136389484984b4191d63e2ca72fb79fbffae258c11c81046b439722a,syntactic,1,ok,0,712.4364860355854,0,"[""/usr/bin/python3"", ""/home/arjaiswal/Polygeist/scripts/correctness/kernel_match_rewrite.py"", ""/home/arjaiswal/Polygeist/issues/aten_c_kernels/results/aten_sparse_sum_cpu/debuf.mlir"", ""--dry-run"", ""--matcher-mode"", ""syntactic"", ""--telemetry-json"", ""/home/arjaiswal/Polygeist/issues/equality_saturation_eval/campaign_20260908/aten-aten_sparse_sum_cpu-syntactic-avfqdlbx.json"", ""--disable-semantic-fallback""]","== match report for /home/arjaiswal/Polygeist/issues/aten_c_kernels/results/aten_sparse_sum_cpu/debuf.mlir ==
  match          body#[0]  cudnnReduceSum_f32
  total: 1 matched / 1 bodies
",0,[],0,0,0,0,/home/arjaiswal/Polygeist/issues/aten_c_kernels/results/aten_sparse_sum_cpu/debuf.mlir,2179,0,1,1,297.54891991615295,0,65740,0.03783777356147766,0,2,0,0,"[{""body_indices"": [0], ""symbol"": ""cudnnReduceSum_f32""}]",1,0,8,0.0,8
aten,aten_sparse_sum_cpu,/home/arjaiswal/Polygeist/issues/aten_c_kernels/results/aten_sparse_sum_cpu/debuf.mlir,0f774357136389484984b4191d63e2ca72fb79fbffae258c11c81046b439722a,syntactic,2,ok,0,701.1456601321697,0,"[""/usr/bin/python3"", ""/home/arjaiswal/Polygeist/scripts/correctness/kernel_match_rewrite.py"", ""/home/arjaiswal/Polygeist/issues/aten_c_kernels/results/aten_sparse_sum_cpu/debuf.mlir"", ""--dry-run"", ""--matcher-mode"", ""syntactic"", ""--telemetry-json"", ""/home/arjaiswal/Polygeist/issues/equality_saturation_eval/campaign_20260908/aten-aten_sparse_sum_cpu-syntactic-wwdbb_sz.json"", ""--disable-semantic-fallback""]","== match report for /home/arjaiswal/Polygeist/issues/aten_c_kernels/results/aten_sparse_sum_cpu/debuf.mlir ==
  match          body#[0]  cudnnReduceSum_f32
  total: 1 matched / 1 bodies
",0,[],0,0,0,0,/home/arjaiswal/Polygeist/issues/aten_c_kernels/results/aten_sparse_sum_cpu/debuf.mlir,2179,0,1,1,290.5505560338497,0,64784,0.03223493695259094,0,2,0,0,"[{""body_indices"": [0], ""symbol"": ""cudnnReduceSum_f32""}]",1,0,8,0.0,8
aten,aten_sparse_sum_cpu,/home/arjaiswal/Polygeist/issues/aten_c_kernels/results/aten_sparse_sum_cpu/debuf.mlir,0f774357136389484984b4191d63e2ca72fb79fbffae258c11c81046b439722a,egglog,2,ok,0,738.534539937973,0,"[""/usr/bin/python3"", ""/home/arjaiswal/Polygeist/scripts/correctness/kernel_match_rewrite.py"", ""/home/arjaiswal/Polygeist/issues/aten_c_kernels/results/aten_sparse_sum_cpu/debuf.mlir"", ""--dry-run"", ""--matcher-mode"", ""egglog"", ""--telemetry-json"", ""/home/arjaiswal/Polygeist/issues/equality_saturation_eval/campaign_20260908/aten-aten_sparse_sum_cpu-egglog-v17h0m0w.json"", ""--disable-semantic-fallback""]","== match report for /home/arjaiswal/Polygeist/issues/aten_c_kernels/results/aten_sparse_sum_cpu/debuf.mlir ==
  match          body#[0]  cudnnReduceSum_f32
  total: 1 matched / 1 bodies
",0,[],0,0,0,0,/home/arjaiswal/Polygeist/issues/aten_c_kernels/results/aten_sparse_sum_cpu/debuf.mlir,2179,8,1,1,329.0761448442936,0,69448,22.0424123108387,2,2,0,4,"[{""body_indices"": [0], ""symbol"": ""cudnnReduceSum_f32""}]",1,0,0,0.0,8
aten,aten_sparse_sum_cpu,/home/arjaiswal/Polygeist/issues/aten_c_kernels/results/aten_sparse_sum_cpu/debuf.mlir,0f774357136389484984b4191d63e2ca72fb79fbffae258c11c81046b439722a,egglog,3,ok,0,720.6563726067543,0,"[""/usr/bin/python3"", ""/home/arjaiswal/Polygeist/scripts/correctness/kernel_match_rewrite.py"", ""/home/arjaiswal/Polygeist/issues/aten_c_kernels/results/aten_sparse_sum_cpu/debuf.mlir"", ""--dry-run"", ""--matcher-mode"", ""egglog"", ""--telemetry-json"", ""/home/arjaiswal/Polygeist/issues/equality_saturation_eval/campaign_20260908/aten-aten_sparse_sum_cpu-egglog-skgk9zbk.json"", ""--disable-semantic-fallback""]","== match report for /home/arjaiswal/Polygeist/issues/aten_c_kernels/results/aten_sparse_sum_cpu/debuf.mlir ==
  match          body#[0]  cudnnReduceSum_f32
  total: 1 matched / 1 bodies
",0,[],0,0,0,0,/home/arjaiswal/Polygeist/issues/aten_c_kernels/results/aten_sparse_sum_cpu/debuf.mlir,2179,8,1,1,300.19910633563995,0,69420,20.810145884752274,2,2,0,4,"[{""body_indices"": [0], ""symbol"": ""cudnnReduceSum_f32""}]",1,0,0,0.0,8
aten,aten_sparse_sum_cpu,/home/arjaiswal/Polygeist/issues/aten_c_kernels/results/aten_sparse_sum_cpu/debuf.mlir,0f774357136389484984b4191d63e2ca72fb79fbffae258c11c81046b439722a,syntactic,3,ok,0,689.2788037657738,0,"[""/usr/bin/python3"", ""/home/arjaiswal/Polygeist/scripts/correctness/kernel_match_rewrite.py"", ""/home/arjaiswal/Polygeist/issues/aten_c_kernels/results/aten_sparse_sum_cpu/debuf.mlir"", ""--dry-run"", ""--matcher-mode"", ""syntactic"", ""--telemetry-json"", ""/home/arjaiswal/Polygeist/issues/equality_saturation_eval/campaign_20260908/aten-aten_sparse_sum_cpu-syntactic-dufy_yy5.json"", ""--disable-semantic-fallback""]","== match report for /home/arjaiswal/Polygeist/issues/aten_c_kernels/results/aten_sparse_sum_cpu/debuf.mlir ==
  match          body#[0]  cudnnReduceSum_f32
  total: 1 matched / 1 bodies
",0,[],0,0,0,0,/home/arjaiswal/Polygeist/issues/aten_c_kernels/results/aten_sparse_sum_cpu/debuf.mlir,2179,0,1,1,282.23101794719696,0,64664,0.027351081371307373,0,2,0,0,"[{""body_indices"": [0], ""symbol"": ""cudnnReduceSum_f32""}]",1,0,8,0.0,8
aten,aten_sparse_sum_cpu,/home/arjaiswal/Polygeist/issues/aten_c_kernels/results/aten_sparse_sum_cpu/debuf.mlir,0f774357136389484984b4191d63e2ca72fb79fbffae258c11c81046b439722a,syntactic,4,ok,0,689.9995654821396,0,"[""/usr/bin/python3"", ""/home/arjaiswal/Polygeist/scripts/correctness/kernel_match_rewrite.py"", ""/home/arjaiswal/Polygeist/issues/aten_c_kernels/results/aten_sparse_sum_cpu/debuf.mlir"", ""--dry-run"", ""--matcher-mode"", ""syntactic"", ""--telemetry-json"", ""/home/arjaiswal/Polygeist/issues/equality_saturation_eval/campaign_20260908/aten-aten_sparse_sum_cpu-syntactic-a6gkukah.json"", ""--disable-semantic-fallback""]","== match report for /home/arjaiswal/Polygeist/issues/aten_c_kernels/results/aten_sparse_sum_cpu/debuf.mlir ==
  match          body#[0]  cudnnReduceSum_f32
  total: 1 matched / 1 bodies
",0,[],0,0,0,0,/home/arjaiswal/Polygeist/issues/aten_c_kernels/results/aten_sparse_sum_cpu/debuf.mlir,2179,0,1,1,283.59388187527657,0,65780,0.05576014518737793,0,2,0,0,"[{""body_indices"": [0], ""symbol"": ""cudnnReduceSum_f32""}]",1,0,8,0.0,8
aten,aten_sparse_sum_cpu,/home/arjaiswal/Polygeist/issues/aten_c_kernels/results/aten_sparse_sum_cpu/debuf.mlir,0f774357136389484984b4191d63e2ca72fb79fbffae258c11c81046b439722a,egglog,4,ok,0,706.7687995731831,0,"[""/usr/bin/python3"", ""/home/arjaiswal/Polygeist/scripts/correctness/kernel_match_rewrite.py"", ""/home/arjaiswal/Polygeist/issues/aten_c_kernels/results/aten_sparse_sum_cpu/debuf.mlir"", ""--dry-run"", ""--matcher-mode"", ""egglog"", ""--telemetry-json"", ""/home/arjaiswal/Polygeist/issues/equality_saturation_eval/campaign_20260908/aten-aten_sparse_sum_cpu-egglog-clqp28l5.json"", ""--disable-semantic-fallback""]","== match report for /home/arjaiswal/Polygeist/issues/aten_c_kernels/results/aten_sparse_sum_cpu/debuf.mlir ==
  match          body#[0]  cudnnReduceSum_f32
  total: 1 matched / 1 bodies
",0,[],0,0,0,0,/home/arjaiswal/Polygeist/issues/aten_c_kernels/results/aten_sparse_sum_cpu/debuf.mlir,2179,8,1,1,303.9608709514141,0,69584,21.370138972997665,2,2,0,4,"[{""body_indices"": [0], ""symbol"": ""cudnnReduceSum_f32""}]",1,0,0,0.0,8
aten,aten_sparse_sum_cpu,/home/arjaiswal/Polygeist/issues/aten_c_kernels/results/aten_sparse_sum_cpu/debuf.mlir,0f774357136389484984b4191d63e2ca72fb79fbffae258c11c81046b439722a,egglog,5,ok,0,821.7350840568542,0,"[""/usr/bin/python3"", ""/home/arjaiswal/Polygeist/scripts/correctness/kernel_match_rewrite.py"", ""/home/arjaiswal/Polygeist/issues/aten_c_kernels/results/aten_sparse_sum_cpu/debuf.mlir"", ""--dry-run"", ""--matcher-mode"", ""egglog"", ""--telemetry-json"", ""/home/arjaiswal/Polygeist/issues/equality_saturation_eval/campaign_20260908/aten-aten_sparse_sum_cpu-egglog-zt736r7q.json"", ""--disable-semantic-fallback""]","== match report for /home/arjaiswal/Polygeist/issues/aten_c_kernels/results/aten_sparse_sum_cpu/debuf.mlir ==
  match          body#[0]  cudnnReduceSum_f32
  total: 1 matched / 1 bodies
",0,[],0,0,0,0,/home/arjaiswal/Polygeist/issues/aten_c_kernels/results/aten_sparse_sum_cpu/debuf.mlir,2179,8,1,1,377.42430716753006,0,69356,22.97048643231392,2,2,0,4,"[{""body_indices"": [0], ""symbol"": ""cudnnReduceSum_f32""}]",1,0,0,0.0,8
aten,aten_sparse_sum_cpu,/home/arjaiswal/Polygeist/issues/aten_c_kernels/results/aten_sparse_sum_cpu/debuf.mlir,0f774357136389484984b4191d63e2ca72fb79fbffae258c11c81046b439722a,syntactic,5,ok,0,712.6305103302002,0,"[""/usr/bin/python3"", ""/home/arjaiswal/Polygeist/scripts/correctness/kernel_match_rewrite.py"", ""/home/arjaiswal/Polygeist/issues/aten_c_kernels/results/aten_sparse_sum_cpu/debuf.mlir"", ""--dry-run"", ""--matcher-mode"", ""syntactic"", ""--telemetry-json"", ""/home/arjaiswal/Polygeist/issues/equality_saturation_eval/campaign_20260908/aten-aten_sparse_sum_cpu-syntactic-l0iiuzka.json"", ""--disable-semantic-fallback""]","== match report for /home/arjaiswal/Polygeist/issues/aten_c_kernels/results/aten_sparse_sum_cpu/debuf.mlir ==
  match          body#[0]  cudnnReduceSum_f32
  total: 1 matched / 1 bodies
",0,[],0,0,0,0,/home/arjaiswal/Polygeist/issues/aten_c_kernels/results/aten_sparse_sum_cpu/debuf.mlir,2179,0,1,1,288.0660742521286,0,65700,0.03188475966453552,0,2,0,0,"[{""body_indices"": [0], ""symbol"": ""cudnnReduceSum_f32""}]",1,0,8,0.0,8
aten,aten_spdiags_cpu,/home/arjaiswal/Polygeist/issues/aten_c_kernels/results/aten_spdiags_cpu/debuf.mlir,c239c3c189b77b65f858918f2c0c2df87cfee742eee03bf83da8ec66007a5ecb,syntactic,1,ok,0,667.3536412417889,0,"[""/usr/bin/python3"", ""/home/arjaiswal/Polygeist/scripts/correctness/kernel_match_rewrite.py"", ""/home/arjaiswal/Polygeist/issues/aten_c_kernels/results/aten_spdiags_cpu/debuf.mlir"", ""--dry-run"", ""--matcher-mode"", ""syntactic"", ""--telemetry-json"", ""/home/arjaiswal/Polygeist/issues/equality_saturation_eval/campaign_20260908/aten-aten_spdiags_cpu-syntactic-r2uiw9fy.json"", ""--disable-semantic-fallback""]","== match report for /home/arjaiswal/Polygeist/issues/aten_c_kernels/results/aten_spdiags_cpu/debuf.mlir ==
  match          body#[0]  memset_zero_2D_f32
  total: 1 matched / 1 bodies
",0,[],0,0,0,0,/home/arjaiswal/Polygeist/issues/aten_c_kernels/results/aten_spdiags_cpu/debuf.mlir,3458,0,1,1,263.54043930768967,0,64684,0.018123537302017212,0,2,0,0,"[{""body_indices"": [0], ""symbol"": ""memset_zero_2D_f32""}]",1,0,4,0.0,4
aten,aten_spdiags_cpu,/home/arjaiswal/Polygeist/issues/aten_c_kernels/results/aten_spdiags_cpu/debuf.mlir,c239c3c189b77b65f858918f2c0c2df87cfee742eee03bf83da8ec66007a5ecb,egglog,1,ok,0,688.1914399564266,0,"[""/usr/bin/python3"", ""/home/arjaiswal/Polygeist/scripts/correctness/kernel_match_rewrite.py"", ""/home/arjaiswal/Polygeist/issues/aten_c_kernels/results/aten_spdiags_cpu/debuf.mlir"", ""--dry-run"", ""--matcher-mode"", ""egglog"", ""--telemetry-json"", ""/home/arjaiswal/Polygeist/issues/equality_saturation_eval/campaign_20260908/aten-aten_spdiags_cpu-egglog-kf9sdy0h.json"", ""--disable-semantic-fallback""]","== match report for /home/arjaiswal/Polygeist/issues/aten_c_kernels/results/aten_spdiags_cpu/debuf.mlir ==
  match          body#[0]  memset_zero_2D_f32
  total: 1 matched / 1 bodies
",0,[],0,0,0,0,/home/arjaiswal/Polygeist/issues/aten_c_kernels/results/aten_spdiags_cpu/debuf.mlir,3458,8,1,1,286.7753766477108,0,69276,20.938191562891006,2,2,0,0,"[{""body_indices"": [0], ""symbol"": ""memset_zero_2D_f32""}]",1,0,0,0.0,4
aten,aten_spdiags_cpu,/home/arjaiswal/Polygeist/issues/aten_c_kernels/results/aten_spdiags_cpu/debuf.mlir,c239c3c189b77b65f858918f2c0c2df87cfee742eee03bf83da8ec66007a5ecb,egglog,2,ok,0,702.5083713233471,0,"[""/usr/bin/python3"", ""/home/arjaiswal/Polygeist/scripts/correctness/kernel_match_rewrite.py"", ""/home/arjaiswal/Polygeist/issues/aten_c_kernels/results/aten_spdiags_cpu/debuf.mlir"", ""--dry-run"", ""--matcher-mode"", ""egglog"", ""--telemetry-json"", ""/home/arjaiswal/Polygeist/issues/equality_saturation_eval/campaign_20260908/aten-aten_spdiags_cpu-egglog-w899pn_w.json"", ""--disable-semantic-fallback""]","== match report for /home/arjaiswal/Polygeist/issues/aten_c_kernels/results/aten_spdiags_cpu/debuf.mlir ==
  match          body#[0]  memset_zero_2D_f32
  total: 1 matched / 1 bodies
",0,[],0,0,0,0,/home/arjaiswal/Polygeist/issues/aten_c_kernels/results/aten_spdiags_cpu/debuf.mlir,3458,8,1,1,294.8077544569969,0,69132,24.5237797498703,2,2,0,0,"[{""body_indices"": [0], ""symbol"": ""memset_zero_2D_f32""}]",1,0,0,0.0,4
aten,aten_spdiags_cpu,/home/arjaiswal/Polygeist/issues/aten_c_kernels/results/aten_spdiags_cpu/debuf.mlir,c239c3c189b77b65f858918f2c0c2df87cfee742eee03bf83da8ec66007a5ecb,syntactic,2,ok,0,684.1204985976219,0,"[""/usr/bin/python3"", ""/home/arjaiswal/Polygeist/scripts/correctness/kernel_match_rewrite.py"", ""/home/arjaiswal/Polygeist/issues/aten_c_kernels/results/aten_spdiags_cpu/debuf.mlir"", ""--dry-run"", ""--matcher-mode"", ""syntactic"", ""--telemetry-json"", ""/home/arjaiswal/Polygeist/issues/equality_saturation_eval/campaign_20260908/aten-aten_spdiags_cpu-syntactic-hsvjgqza.json"", ""--disable-semantic-fallback""]","== match report for /home/arjaiswal/Polygeist/issues/aten_c_kernels/results/aten_spdiags_cpu/debuf.mlir ==
  match          body#[0]  memset_zero_2D_f32
  total: 1 matched / 1 bodies
",0,[],0,0,0,0,/home/arjaiswal/Polygeist/issues/aten_c_kernels/results/aten_spdiags_cpu/debuf.mlir,3458,0,1,1,269.4943770766258,0,64724,0.015266239643096924,0,2,0,0,"[{""body_indices"": [0], ""symbol"": ""memset_zero_2D_f32""}]",1,0,4,0.0,4
aten,aten_spdiags_cpu,/home/arjaiswal/Polygeist/issues/aten_c_kernels/results/aten_spdiags_cpu/debuf.mlir,c239c3c189b77b65f858918f2c0c2df87cfee742eee03bf83da8ec66007a5ecb,syntactic,3,ok,0,696.2815821170807,0,"[""/usr/bin/python3"", ""/home/arjaiswal/Polygeist/scripts/correctness/kernel_match_rewrite.py"", ""/home/arjaiswal/Polygeist/issues/aten_c_kernels/results/aten_spdiags_cpu/debuf.mlir"", ""--dry-run"", ""--matcher-mode"", ""syntactic"", ""--telemetry-json"", ""/home/arjaiswal/Polygeist/issues/equality_saturation_eval/campaign_20260908/aten-aten_spdiags_cpu-syntactic-m0qaeze9.json"", ""--disable-semantic-fallback""]","== match report for /home/arjaiswal/Polygeist/issues/aten_c_kernels/results/aten_spdiags_cpu/debuf.mlir ==
  match          body#[0]  memset_zero_2D_f32
  total: 1 matched / 1 bodies
",0,[],0,0,0,0,/home/arjaiswal/Polygeist/issues/aten_c_kernels/results/aten_spdiags_cpu/debuf.mlir,3458,0,1,1,271.5635076165199,0,64716,0.015854835510253906,0,2,0,0,"[{""body_indices"": [0], ""symbol"": ""memset_zero_2D_f32""}]",1,0,4,0.0,4
aten,aten_spdiags_cpu,/home/arjaiswal/Polygeist/issues/aten_c_kernels/results/aten_spdiags_cpu/debuf.mlir,c239c3c189b77b65f858918f2c0c2df87cfee742eee03bf83da8ec66007a5ecb,egglog,3,ok,0,776.2446515262127,0,"[""/usr/bin/python3"", ""/home/arjaiswal/Polygeist/scripts/correctness/kernel_match_rewrite.py"", ""/home/arjaiswal/Polygeist/issues/aten_c_kernels/results/aten_spdiags_cpu/debuf.mlir"", ""--dry-run"", ""--matcher-mode"", ""egglog"", ""--telemetry-json"", ""/home/arjaiswal/Polygeist/issues/equality_saturation_eval/campaign_20260908/aten-aten_spdiags_cpu-egglog-1ui5guzn.json"", ""--disable-semantic-fallback""]","== match report for /home/arjaiswal/Polygeist/issues/aten_c_kernels/results/aten_spdiags_cpu/debuf.mlir ==
  match          body#[0]  memset_zero_2D_f32
  total: 1 matched / 1 bodies
",0,[],0,0,0,0,/home/arjaiswal/Polygeist/issues/aten_c_kernels/results/aten_spdiags_cpu/debuf.mlir,3458,8,1,1,347.89009764790535,0,69416,27.122091501951218,2,2,0,0,"[{""body_indices"": [0], ""symbol"": ""memset_zero_2D_f32""}]",1,0,0,0.0,4
aten,aten_spdiags_cpu,/home/arjaiswal/Polygeist/issues/aten_c_kernels/results/aten_spdiags_cpu/debuf.mlir,c239c3c189b77b65f858918f2c0c2df87cfee742eee03bf83da8ec66007a5ecb,egglog,4,ok,0,710.0300155580044,0,"[""/usr/bin/python3"", ""/home/arjaiswal/Polygeist/scripts/correctness/kernel_match_rewrite.py"", ""/home/arjaiswal/Polygeist/issues/aten_c_kernels/results/aten_spdiags_cpu/debuf.mlir"", ""--dry-run"", ""--matcher-mode"", ""egglog"", ""--telemetry-json"", ""/home/arjaiswal/Polygeist/issues/equality_saturation_eval/campaign_20260908/aten-aten_spdiags_cpu-egglog-8t9u2opj.json"", ""--disable-semantic-fallback""]","== match report for /home/arjaiswal/Polygeist/issues/aten_c_kernels/results/aten_spdiags_cpu/debuf.mlir ==
  match          body#[0]  memset_zero_2D_f32
  total: 1 matched / 1 bodies
",0,[],0,0,0,0,/home/arjaiswal/Polygeist/issues/aten_c_kernels/results/aten_spdiags_cpu/debuf.mlir,3458,8,1,1,297.07735031843185,0,69436,20.81207185983658,2,2,0,0,"[{""body_indices"": [0], ""symbol"": ""memset_zero_2D_f32""}]",1,0,0,0.0,4
aten,aten_spdiags_cpu,/home/arjaiswal/Polygeist/issues/aten_c_kernels/results/aten_spdiags_cpu/debuf.mlir,c239c3c189b77b65f858918f2c0c2df87cfee742eee03bf83da8ec66007a5ecb,syntactic,4,ok,0,690.1221349835396,0,"[""/usr/bin/python3"", ""/home/arjaiswal/Polygeist/scripts/correctness/kernel_match_rewrite.py"", ""/home/arjaiswal/Polygeist/issues/aten_c_kernels/results/aten_spdiags_cpu/debuf.mlir"", ""--dry-run"", ""--matcher-mode"", ""syntactic"", ""--telemetry-json"", ""/home/arjaiswal/Polygeist/issues/equality_saturation_eval/campaign_20260908/aten-aten_spdiags_cpu-syntactic-5tf8le3d.json"", ""--disable-semantic-fallback""]","== match report for /home/arjaiswal/Polygeist/issues/aten_c_kernels/results/aten_spdiags_cpu/debuf.mlir ==
  match          body#[0]  memset_zero_2D_f32
  total: 1 matched / 1 bodies
",0,[],0,0,0,0,/home/arjaiswal/Polygeist/issues/aten_c_kernels/results/aten_spdiags_cpu/debuf.mlir,3458,0,1,1,267.6073722541332,0,64608,0.01613423228263855,0,2,0,0,"[{""body_indices"": [0], ""symbol"": ""memset_zero_2D_f32""}]",1,0,4,0.0,4
aten,aten_spdiags_cpu,/home/arjaiswal/Polygeist/issues/aten_c_kernels/results/aten_spdiags_cpu/debuf.mlir,c239c3c189b77b65f858918f2c0c2df87cfee742eee03bf83da8ec66007a5ecb,syntactic,5,ok,0,674.0255430340767,0,"[""/usr/bin/python3"", ""/home/arjaiswal/Polygeist/scripts/correctness/kernel_match_rewrite.py"", ""/home/arjaiswal/Polygeist/issues/aten_c_kernels/results/aten_spdiags_cpu/debuf.mlir"", ""--dry-run"", ""--matcher-mode"", ""syntactic"", ""--telemetry-json"", ""/home/arjaiswal/Polygeist/issues/equality_saturation_eval/campaign_20260908/aten-aten_spdiags_cpu-syntactic-i4zdmo9c.json"", ""--disable-semantic-fallback""]","== match report for /home/arjaiswal/Polygeist/issues/aten_c_kernels/results/aten_spdiags_cpu/debuf.mlir ==
  match          body#[0]  memset_zero_2D_f32
  total: 1 matched / 1 bodies
",0,[],0,0,0,0,/home/arjaiswal/Polygeist/issues/aten_c_kernels/results/aten_spdiags_cpu/debuf.mlir,3458,0,1,1,261.3524869084358,0,64784,0.01782551407814026,0,2,0,0,"[{""body_indices"": [0], ""symbol"": ""memset_zero_2D_f32""}]",1,0,4,0.0,4
aten,aten_spdiags_cpu,/home/arjaiswal/Polygeist/issues/aten_c_kernels/results/aten_spdiags_cpu/debuf.mlir,c239c3c189b77b65f858918f2c0c2df87cfee742eee03bf83da8ec66007a5ecb,egglog,5,ok,0,739.554837346077,0,"[""/usr/bin/python3"", ""/home/arjaiswal/Polygeist/scripts/correctness/kernel_match_rewrite.py"", ""/home/arjaiswal/Polygeist/issues/aten_c_kernels/results/aten_spdiags_cpu/debuf.mlir"", ""--dry-run"", ""--matcher-mode"", ""egglog"", ""--telemetry-json"", ""/home/arjaiswal/Polygeist/issues/equality_saturation_eval/campaign_20260908/aten-aten_spdiags_cpu-egglog-8q4kcwky.json"", ""--disable-semantic-fallback""]","== match report for /home/arjaiswal/Polygeist/issues/aten_c_kernels/results/aten_spdiags_cpu/debuf.mlir ==
  match          body#[0]  memset_zero_2D_f32
  total: 1 matched / 1 bodies
",0,[],0,0,0,0,/home/arjaiswal/Polygeist/issues/aten_c_kernels/results/aten_spdiags_cpu/debuf.mlir,3458,8,1,1,321.0395313799381,0,69280,21.12354338169098,2,2,0,0,"[{""body_indices"": [0], ""symbol"": ""memset_zero_2D_f32""}]",1,0,0,0.0,4
aten,aten_spherical_bessel_j0,/home/arjaiswal/Polygeist/issues/aten_c_kernels/results/aten_spherical_bessel_j0/debuf.mlir,324f9a5d3655cde40c5034c6d864a4dafdde89beb685dca15b08d740d9f80dd8,egglog,1,ok,0,811.0365495085716,0,"[""/usr/bin/python3"", ""/home/arjaiswal/Polygeist/scripts/correctness/kernel_match_rewrite.py"", ""/home/arjaiswal/Polygeist/issues/aten_c_kernels/results/aten_spherical_bessel_j0/debuf.mlir"", ""--dry-run"", ""--matcher-mode"", ""egglog"", ""--telemetry-json"", ""/home/arjaiswal/Polygeist/issues/equality_saturation_eval/campaign_20260908/aten-aten_spherical_bessel_j0-egglog-h8sv3b2k.json"", ""--disable-semantic-fallback""]","== match report for /home/arjaiswal/Polygeist/issues/aten_c_kernels/results/aten_spherical_bessel_j0/debuf.mlir ==
  no_match       body#0  ?
  total: 0 matched / 1 bodies
",0,[],0,0,0,0,/home/arjaiswal/Polygeist/issues/aten_c_kernels/results/aten_spherical_bessel_j0/debuf.mlir,1941,8,1,0,405.0312601029873,1,65888,0.0,0,0,0,0,[],0,0,0,0.0,56
aten,aten_spherical_bessel_j0,/home/arjaiswal/Polygeist/issues/aten_c_kernels/results/aten_spherical_bessel_j0/debuf.mlir,324f9a5d3655cde40c5034c6d864a4dafdde89beb685dca15b08d740d9f80dd8,syntactic,1,ok,0,796.5333051979542,0,"[""/usr/bin/python3"", ""/home/arjaiswal/Polygeist/scripts/correctness/kernel_match_rewrite.py"", ""/home/arjaiswal/Polygeist/issues/aten_c_kernels/results/aten_spherical_bessel_j0/debuf.mlir"", ""--dry-run"", ""--matcher-mode"", ""syntactic"", ""--telemetry-json"", ""/home/arjaiswal/Polygeist/issues/equality_saturation_eval/campaign_20260908/aten-aten_spherical_bessel_j0-syntactic-e4sjhguj.json"", ""--disable-semantic-fallback""]","== match report for /home/arjaiswal/Polygeist/issues/aten_c_kernels/results/aten_spherical_bessel_j0/debuf.mlir ==
  no_match       body#0  ?
  total: 0 matched / 1 bodies
",0,[],0,0,0,0,/home/arjaiswal/Polygeist/issues/aten_c_kernels/results/aten_spherical_bessel_j0/debuf.mlir,1941,0,1,0,392.4769312143326,1,66052,0.12842193245887756,0,0,0,0,[],0,0,56,0.0,56
aten,aten_spherical_bessel_j0,/home/arjaiswal/Polygeist/issues/aten_c_kernels/results/aten_spherical_bessel_j0/debuf.mlir,324f9a5d3655cde40c5034c6d864a4dafdde89beb685dca15b08d740d9f80dd8,syntactic,2,ok,0,788.9902293682098,0,"[""/usr/bin/python3"", ""/home/arjaiswal/Polygeist/scripts/correctness/kernel_match_rewrite.py"", ""/home/arjaiswal/Polygeist/issues/aten_c_kernels/results/aten_spherical_bessel_j0/debuf.mlir"", ""--dry-run"", ""--matcher-mode"", ""syntactic"", ""--telemetry-json"", ""/home/arjaiswal/Polygeist/issues/equality_saturation_eval/campaign_20260908/aten-aten_spherical_bessel_j0-syntactic-shpp_tfc.json"", ""--disable-semantic-fallback""]","== match report for /home/arjaiswal/Polygeist/issues/aten_c_kernels/results/aten_spherical_bessel_j0/debuf.mlir ==
  no_match       body#0  ?
  total: 0 matched / 1 bodies
",0,[],0,0,0,0,/home/arjaiswal/Polygeist/issues/aten_c_kernels/results/aten_spherical_bessel_j0/debuf.mlir,1941,0,1,0,389.8373506963253,1,65704,0.1216307282447815,0,0,0,0,[],0,0,56,0.0,56
aten,aten_spherical_bessel_j0,/home/arjaiswal/Polygeist/issues/aten_c_kernels/results/aten_spherical_bessel_j0/debuf.mlir,324f9a5d3655cde40c5034c6d864a4dafdde89beb685dca15b08d740d9f80dd8,egglog,2,ok,0,829.2341940104961,0,"[""/usr/bin/python3"", ""/home/arjaiswal/Polygeist/scripts/correctness/kernel_match_rewrite.py"", ""/home/arjaiswal/Polygeist/issues/aten_c_kernels/results/aten_spherical_bessel_j0/debuf.mlir"", ""--dry-run"", ""--matcher-mode"", ""egglog"", ""--telemetry-json"", ""/home/arjaiswal/Polygeist/issues/equality_saturation_eval/campaign_20260908/aten-aten_spherical_bessel_j0-egglog-zilbguwb.json"", ""--disable-semantic-fallback""]","== match report for /home/arjaiswal/Polygeist/issues/aten_c_kernels/results/aten_spherical_bessel_j0/debuf.mlir ==
  no_match       body#0  ?
  total: 0 matched / 1 bodies
",0,[],0,0,0,0,/home/arjaiswal/Polygeist/issues/aten_c_kernels/results/aten_spherical_bessel_j0/debuf.mlir,1941,8,1,0,405.8670215308666,1,65620,0.0,0,0,0,0,[],0,0,0,0.0,56
aten,aten_spherical_bessel_j0,/home/arjaiswal/Polygeist/issues/aten_c_kernels/results/aten_spherical_bessel_j0/debuf.mlir,324f9a5d3655cde40c5034c6d864a4dafdde89beb685dca15b08d740d9f80dd8,egglog,3,ok,0,818.8371993601322,0,"[""/usr/bin/python3"", ""/home/arjaiswal/Polygeist/scripts/correctness/kernel_match_rewrite.py"", ""/home/arjaiswal/Polygeist/issues/aten_c_kernels/results/aten_spherical_bessel_j0/debuf.mlir"", ""--dry-run"", ""--matcher-mode"", ""egglog"", ""--telemetry-json"", ""/home/arjaiswal/Polygeist/issues/equality_saturation_eval/campaign_20260908/aten-aten_spherical_bessel_j0-egglog-xfg06rq3.json"", ""--disable-semantic-fallback""]","== match report for /home/arjaiswal/Polygeist/issues/aten_c_kernels/results/aten_spherical_bessel_j0/debuf.mlir ==
  no_match       body#0  ?
  total: 0 matched / 1 bodies
",0,[],0,0,0,0,/home/arjaiswal/Polygeist/issues/aten_c_kernels/results/aten_spherical_bessel_j0/debuf.mlir,1941,8,1,0,400.10495111346245,1,65688,0.0,0,0,0,0,[],0,0,0,0.0,56
aten,aten_spherical_bessel_j0,/home/arjaiswal/Polygeist/issues/aten_c_kernels/results/aten_spherical_bessel_j0/debuf.mlir,324f9a5d3655cde40c5034c6d864a4dafdde89beb685dca15b08d740d9f80dd8,syntactic,3,ok,0,834.3217931687832,0,"[""/usr/bin/python3"", ""/home/arjaiswal/Polygeist/scripts/correctness/kernel_match_rewrite.py"", ""/home/arjaiswal/Polygeist/issues/aten_c_kernels/results/aten_spherical_bessel_j0/debuf.mlir"", ""--dry-run"", ""--matcher-mode"", ""syntactic"", ""--telemetry-json"", ""/home/arjaiswal/Polygeist/issues/equality_saturation_eval/campaign_20260908/aten-aten_spherical_bessel_j0-syntactic-obbop025.json"", ""--disable-semantic-fallback""]","== match report for /home/arjaiswal/Polygeist/issues/aten_c_kernels/results/aten_spherical_bessel_j0/debuf.mlir ==
  no_match       body#0  ?
  total: 0 matched / 1 bodies
",0,[],0,0,0,0,/home/arjaiswal/Polygeist/issues/aten_c_kernels/results/aten_spherical_bessel_j0/debuf.mlir,1941,0,1,0,412.67281770706177,1,65652,0.14390051364898682,0,0,0,0,[],0,0,56,0.0,56
aten,aten_spherical_bessel_j0,/home/arjaiswal/Polygeist/issues/aten_c_kernels/results/aten_spherical_bessel_j0/debuf.mlir,324f9a5d3655cde40c5034c6d864a4dafdde89beb685dca15b08d740d9f80dd8,syntactic,4,ok,0,826.8898576498032,0,"[""/usr/bin/python3"", ""/home/arjaiswal/Polygeist/scripts/correctness/kernel_match_rewrite.py"", ""/home/arjaiswal/Polygeist/issues/aten_c_kernels/results/aten_spherical_bessel_j0/debuf.mlir"", ""--dry-run"", ""--matcher-mode"", ""syntactic"", ""--telemetry-json"", ""/home/arjaiswal/Polygeist/issues/equality_saturation_eval/campaign_20260908/aten-aten_spherical_bessel_j0-syntactic-0__oj609.json"", ""--disable-semantic-fallback""]","== match report for /home/arjaiswal/Polygeist/issues/aten_c_kernels/results/aten_spherical_bessel_j0/debuf.mlir ==
  no_match       body#0  ?
  total: 0 matched / 1 bodies
",0,[],0,0,0,0,/home/arjaiswal/Polygeist/issues/aten_c_kernels/results/aten_spherical_bessel_j0/debuf.mlir,1941,0,1,0,388.07524740695953,1,65568,0.13193488121032715,0,0,0,0,[],0,0,56,0.0,56
aten,aten_spherical_bessel_j0,/home/arjaiswal/Polygeist/issues/aten_c_kernels/results/aten_spherical_bessel_j0/debuf.mlir,324f9a5d3655cde40c5034c6d864a4dafdde89beb685dca15b08d740d9f80dd8,egglog,4,ok,0,830.7888023555279,0,"[""/usr/bin/python3"", ""/home/arjaiswal/Polygeist/scripts/correctness/kernel_match_rewrite.py"", ""/home/arjaiswal/Polygeist/issues/aten_c_kernels/results/aten_spherical_bessel_j0/debuf.mlir"", ""--dry-run"", ""--matcher-mode"", ""egglog"", ""--telemetry-json"", ""/home/arjaiswal/Polygeist/issues/equality_saturation_eval/campaign_20260908/aten-aten_spherical_bessel_j0-egglog-nv3d1iza.json"", ""--disable-semantic-fallback""]","== match report for /home/arjaiswal/Polygeist/issues/aten_c_kernels/results/aten_spherical_bessel_j0/debuf.mlir ==
  no_match       body#0  ?
  total: 0 matched / 1 bodies
",0,[],0,0,0,0,/home/arjaiswal/Polygeist/issues/aten_c_kernels/results/aten_spherical_bessel_j0/debuf.mlir,1941,8,1,0,413.73440995812416,1,65756,0.0,0,0,0,0,[],0,0,0,0.0,56
aten,aten_spherical_bessel_j0,/home/arjaiswal/Polygeist/issues/aten_c_kernels/results/aten_spherical_bessel_j0/debuf.mlir,324f9a5d3655cde40c5034c6d864a4dafdde89beb685dca15b08d740d9f80dd8,egglog,5,ok,0,828.7348188459873,0,"[""/usr/bin/python3"", ""/home/arjaiswal/Polygeist/scripts/correctness/kernel_match_rewrite.py"", ""/home/arjaiswal/Polygeist/issues/aten_c_kernels/results/aten_spherical_bessel_j0/debuf.mlir"", ""--dry-run"", ""--matcher-mode"", ""egglog"", ""--telemetry-json"", ""/home/arjaiswal/Polygeist/issues/equality_saturation_eval/campaign_20260908/aten-aten_spherical_bessel_j0-egglog-3i4d49u7.json"", ""--disable-semantic-fallback""]","== match report for /home/arjaiswal/Polygeist/issues/aten_c_kernels/results/aten_spherical_bessel_j0/debuf.mlir ==
  no_match       body#0  ?
  total: 0 matched / 1 bodies
",0,[],0,0,0,0,/home/arjaiswal/Polygeist/issues/aten_c_kernels/results/aten_spherical_bessel_j0/debuf.mlir,1941,8,1,0,404.84392642974854,1,65744,0.0,0,0,0,0,[],0,0,0,0.0,56
aten,aten_spherical_bessel_j0,/home/arjaiswal/Polygeist/issues/aten_c_kernels/results/aten_spherical_bessel_j0/debuf.mlir,324f9a5d3655cde40c5034c6d864a4dafdde89beb685dca15b08d740d9f80dd8,syntactic,5,ok,0,834.7141668200493,0,"[""/usr/bin/python3"", ""/home/arjaiswal/Polygeist/scripts/correctness/kernel_match_rewrite.py"", ""/home/arjaiswal/Polygeist/issues/aten_c_kernels/results/aten_spherical_bessel_j0/debuf.mlir"", ""--dry-run"", ""--matcher-mode"", ""syntactic"", ""--telemetry-json"", ""/home/arjaiswal/Polygeist/issues/equality_saturation_eval/campaign_20260908/aten-aten_spherical_bessel_j0-syntactic-k85bp2i5.json"", ""--disable-semantic-fallback""]","== match report for /home/arjaiswal/Polygeist/issues/aten_c_kernels/results/aten_spherical_bessel_j0/debuf.mlir ==
  no_match       body#0  ?
  total: 0 matched / 1 bodies
",0,[],0,0,0,0,/home/arjaiswal/Polygeist/issues/aten_c_kernels/results/aten_spherical_bessel_j0/debuf.mlir,1941,0,1,0,408.0190882086754,1,65656,0.1230873167514801,0,0,0,0,[],0,0,56,0.0,56
aten,aten_split_copy_cpu,/home/arjaiswal/Polygeist/issues/aten_c_kernels/results/aten_split_copy_cpu/debuf.mlir,042bf726ec1c2313192a7061b131e6ca9b475588b7d85f8619e629a6470f3cbe,syntactic,1,ok,0,794.5028282701969,0,"[""/usr/bin/python3"", ""/home/arjaiswal/Polygeist/scripts/correctness/kernel_match_rewrite.py"", ""/home/arjaiswal/Polygeist/issues/aten_c_kernels/results/aten_split_copy_cpu/debuf.mlir"", ""--dry-run"", ""--matcher-mode"", ""syntactic"", ""--telemetry-json"", ""/home/arjaiswal/Polygeist/issues/equality_saturation_eval/campaign_20260908/aten-aten_split_copy_cpu-syntactic-_z_izdeb.json"", ""--disable-semantic-fallback""]","== match report for /home/arjaiswal/Polygeist/issues/aten_c_kernels/results/aten_split_copy_cpu/debuf.mlir ==
  match          body#[0]  cutensorPermute_f32_r2_tensor
  total: 1 matched / 1 bodies
",0,[],0,0,0,0,/home/arjaiswal/Polygeist/issues/aten_c_kernels/results/aten_split_copy_cpu/debuf.mlir,2264,0,1,1,367.8601309657097,0,65680,0.0668056309223175,0,1,0,0,"[{""body_indices"": [0], ""symbol"": ""cutensorPermute_f32_r2_tensor""}]",1,0,25,0.0,25
aten,aten_split_copy_cpu,/home/arjaiswal/Polygeist/issues/aten_c_kernels/results/aten_split_copy_cpu/debuf.mlir,042bf726ec1c2313192a7061b131e6ca9b475588b7d85f8619e629a6470f3cbe,egglog,1,ok,0,751.3347268104553,0,"[""/usr/bin/python3"", ""/home/arjaiswal/Polygeist/scripts/correctness/kernel_match_rewrite.py"", ""/home/arjaiswal/Polygeist/issues/aten_c_kernels/results/aten_split_copy_cpu/debuf.mlir"", ""--dry-run"", ""--matcher-mode"", ""egglog"", ""--telemetry-json"", ""/home/arjaiswal/Polygeist/issues/equality_saturation_eval/campaign_20260908/aten-aten_split_copy_cpu-egglog-fpqnvczu.json"", ""--disable-semantic-fallback""]","== match report for /home/arjaiswal/Polygeist/issues/aten_c_kernels/results/aten_split_copy_cpu/debuf.mlir ==
  match          body#[0]  cutensorPermute_f32_r2_tensor
  total: 1 matched / 1 bodies
",0,[],0,0,0,0,/home/arjaiswal/Polygeist/issues/aten_c_kernels/results/aten_split_copy_cpu/debuf.mlir,2264,8,1,1,334.66773107647896,0,68212,11.336732655763626,1,1,0,0,"[{""body_indices"": [0], ""symbol"": ""cutensorPermute_f32_r2_tensor""}]",1,0,0,0.0,25
aten,aten_split_copy_cpu,/home/arjaiswal/Polygeist/issues/aten_c_kernels/results/aten_split_copy_cpu/debuf.mlir,042bf726ec1c2313192a7061b131e6ca9b475588b7d85f8619e629a6470f3cbe,egglog,2,ok,0,760.0023224949837,0,"[""/usr/bin/python3"", ""/home/arjaiswal/Polygeist/scripts/correctness/kernel_match_rewrite.py"", ""/home/arjaiswal/Polygeist/issues/aten_c_kernels/results/aten_split_copy_cpu/debuf.mlir"", ""--dry-run"", ""--matcher-mode"", ""egglog"", ""--telemetry-json"", ""/home/arjaiswal/Polygeist/issues/equality_saturation_eval/campaign_20260908/aten-aten_split_copy_cpu-egglog-tzgc8876.json"", ""--disable-semantic-fallback""]","== match report for /home/arjaiswal/Polygeist/issues/aten_c_kernels/results/aten_split_copy_cpu/debuf.mlir ==
  match          body#[0]  cutensorPermute_f32_r2_tensor
  total: 1 matched / 1 bodies
",0,[],0,0,0,0,/home/arjaiswal/Polygeist/issues/aten_c_kernels/results/aten_split_copy_cpu/debuf.mlir,2264,8,1,1,337.7128131687641,0,68332,11.226288974285126,1,1,0,0,"[{""body_indices"": [0], ""symbol"": ""cutensorPermute_f32_r2_tensor""}]",1,0,0,0.0,25
aten,aten_split_copy_cpu,/home/arjaiswal/Polygeist/issues/aten_c_kernels/results/aten_split_copy_cpu/debuf.mlir,042bf726ec1c2313192a7061b131e6ca9b475588b7d85f8619e629a6470f3cbe,syntactic,2,ok,0,744.1015243530273,0,"[""/usr/bin/python3"", ""/home/arjaiswal/Polygeist/scripts/correctness/kernel_match_rewrite.py"", ""/home/arjaiswal/Polygeist/issues/aten_c_kernels/results/aten_split_copy_cpu/debuf.mlir"", ""--dry-run"", ""--matcher-mode"", ""syntactic"", ""--telemetry-json"", ""/home/arjaiswal/Polygeist/issues/equality_saturation_eval/campaign_20260908/aten-aten_split_copy_cpu-syntactic-h5w5j__l.json"", ""--disable-semantic-fallback""]","== match report for /home/arjaiswal/Polygeist/issues/aten_c_kernels/results/aten_split_copy_cpu/debuf.mlir ==
  match          body#[0]  cutensorPermute_f32_r2_tensor
  total: 1 matched / 1 bodies
",0,[],0,0,0,0,/home/arjaiswal/Polygeist/issues/aten_c_kernels/results/aten_split_copy_cpu/debuf.mlir,2264,0,1,1,317.313052713871,0,65872,0.06091967225074768,0,1,0,0,"[{""body_indices"": [0], ""symbol"": ""cutensorPermute_f32_r2_tensor""}]",1,0,25,0.0,25
aten,aten_split_copy_cpu,/home/arjaiswal/Polygeist/issues/aten_c_kernels/results/aten_split_copy_cpu/debuf.mlir,042bf726ec1c2313192a7061b131e6ca9b475588b7d85f8619e629a6470f3cbe,syntactic,3,ok,0,761.8697471916676,0,"[""/usr/bin/python3"", ""/home/arjaiswal/Polygeist/scripts/correctness/kernel_match_rewrite.py"", ""/home/arjaiswal/Polygeist/issues/aten_c_kernels/results/aten_split_copy_cpu/debuf.mlir"", ""--dry-run"", ""--matcher-mode"", ""syntactic"", ""--telemetry-json"", ""/home/arjaiswal/Polygeist/issues/equality_saturation_eval/campaign_20260908/aten-aten_split_copy_cpu-syntactic-bds_0pz1.json"", ""--disable-semantic-fallback""]","== match report for /home/arjaiswal/Polygeist/issues/aten_c_kernels/results/aten_split_copy_cpu/debuf.mlir ==
  match          body#[0]  cutensorPermute_f32_r2_tensor
  total: 1 matched / 1 bodies
",0,[],0,0,0,0,/home/arjaiswal/Polygeist/issues/aten_c_kernels/results/aten_split_copy_cpu/debuf.mlir,2264,0,1,1,338.06389197707176,0,65660,0.05744025111198425,0,1,0,0,"[{""body_indices"": [0], ""symbol"": ""cutensorPermute_f32_r2_tensor""}]",1,0,25,0.0,25
aten,aten_split_copy_cpu,/home/arjaiswal/Polygeist/issues/aten_c_kernels/results/aten_split_copy_cpu/debuf.mlir,042bf726ec1c2313192a7061b131e6ca9b475588b7d85f8619e629a6470f3cbe,egglog,3,ok,0,744.3009428679943,0,"[""/usr/bin/python3"", ""/home/arjaiswal/Polygeist/scripts/correctness/kernel_match_rewrite.py"", ""/home/arjaiswal/Polygeist/issues/aten_c_kernels/results/aten_split_copy_cpu/debuf.mlir"", ""--dry-run"", ""--matcher-mode"", ""egglog"", ""--telemetry-json"", ""/home/arjaiswal/Polygeist/issues/equality_saturation_eval/campaign_20260908/aten-aten_split_copy_cpu-egglog-yz_mfy7y.json"", ""--disable-semantic-fallback""]","== match report for /home/arjaiswal/Polygeist/issues/aten_c_kernels/results/aten_split_copy_cpu/debuf.mlir ==
  match          body#[0]  cutensorPermute_f32_r2_tensor
  total: 1 matched / 1 bodies
",0,[],0,0,0,0,/home/arjaiswal/Polygeist/issues/aten_c_kernels/results/aten_split_copy_cpu/debuf.mlir,2264,8,1,1,330.5833712220192,0,68392,10.959085077047348,1,1,0,0,"[{""body_indices"": [0], ""symbol"": ""cutensorPermute_f32_r2_tensor""}]",1,0,0,0.0,25
aten,aten_split_copy_cpu,/home/arjaiswal/Polygeist/issues/aten_c_kernels/results/aten_split_copy_cpu/debuf.mlir,042bf726ec1c2313192a7061b131e6ca9b475588b7d85f8619e629a6470f3cbe,egglog,4,ok,0,764.1408108174801,0,"[""/usr/bin/python3"", ""/home/arjaiswal/Polygeist/scripts/correctness/kernel_match_rewrite.py"", ""/home/arjaiswal/Polygeist/issues/aten_c_kernels/results/aten_split_copy_cpu/debuf.mlir"", ""--dry-run"", ""--matcher-mode"", ""egglog"", ""--telemetry-json"", ""/home/arjaiswal/Polygeist/issues/equality_saturation_eval/campaign_20260908/aten-aten_split_copy_cpu-egglog-2kndvg8t.json"", ""--disable-semantic-fallback""]","== match report for /home/arjaiswal/Polygeist/issues/aten_c_kernels/results/aten_split_copy_cpu/debuf.mlir ==
  match          body#[0]  cutensorPermute_f32_r2_tensor
  total: 1 matched / 1 bodies
",0,[],0,0,0,0,/home/arjaiswal/Polygeist/issues/aten_c_kernels/results/aten_split_copy_cpu/debuf.mlir,2264,8,1,1,347.494188696146,0,68388,14.427319169044495,1,1,0,0,"[{""body_indices"": [0], ""symbol"": ""cutensorPermute_f32_r2_tensor""}]",1,0,0,0.0,25
aten,aten_split_copy_cpu,/home/arjaiswal/Polygeist/issues/aten_c_kernels/results/aten_split_copy_cpu/debuf.mlir,042bf726ec1c2313192a7061b131e6ca9b475588b7d85f8619e629a6470f3cbe,syntactic,4,ok,0,740.2552962303162,0,"[""/usr/bin/python3"", ""/home/arjaiswal/Polygeist/scripts/correctness/kernel_match_rewrite.py"", ""/home/arjaiswal/Polygeist/issues/aten_c_kernels/results/aten_split_copy_cpu/debuf.mlir"", ""--dry-run"", ""--matcher-mode"", ""syntactic"", ""--telemetry-json"", ""/home/arjaiswal/Polygeist/issues/equality_saturation_eval/campaign_20260908/aten-aten_split_copy_cpu-syntactic-5ih0xs20.json"", ""--disable-semantic-fallback""]","== match report for /home/arjaiswal/Polygeist/issues/aten_c_kernels/results/aten_split_copy_cpu/debuf.mlir ==
  match          body#[0]  cutensorPermute_f32_r2_tensor
  total: 1 matched / 1 bodies
",0,[],0,0,0,0,/home/arjaiswal/Polygeist/issues/aten_c_kernels/results/aten_split_copy_cpu/debuf.mlir,2264,0,1,1,323.9608220756054,0,65600,0.06222724914550781,0,1,0,0,"[{""body_indices"": [0], ""symbol"": ""cutensorPermute_f32_r2_tensor""}]",1,0,25,0.0,25
aten,aten_split_copy_cpu,/home/arjaiswal/Polygeist/issues/aten_c_kernels/results/aten_split_copy_cpu/debuf.mlir,042bf726ec1c2313192a7061b131e6ca9b475588b7d85f8619e629a6470f3cbe,syntactic,5,ok,0,716.4284735918045,0,"[""/usr/bin/python3"", ""/home/arjaiswal/Polygeist/scripts/correctness/kernel_match_rewrite.py"", ""/home/arjaiswal/Polygeist/issues/aten_c_kernels/results/aten_split_copy_cpu/debuf.mlir"", ""--dry-run"", ""--matcher-mode"", ""syntactic"", ""--telemetry-json"", ""/home/arjaiswal/Polygeist/issues/equality_saturation_eval/campaign_20260908/aten-aten_split_copy_cpu-syntactic-7d8ffqn4.json"", ""--disable-semantic-fallback""]","== match report for /home/arjaiswal/Polygeist/issues/aten_c_kernels/results/aten_split_copy_cpu/debuf.mlir ==
  match          body#[0]  cutensorPermute_f32_r2_tensor
  total: 1 matched / 1 bodies
",0,[],0,0,0,0,/home/arjaiswal/Polygeist/issues/aten_c_kernels/results/aten_split_copy_cpu/debuf.mlir,2264,0,1,1,311.49066239595413,0,65716,0.056881457567214966,0,1,0,0,"[{""body_indices"": [0], ""symbol"": ""cutensorPermute_f32_r2_tensor""}]",1,0,25,0.0,25
aten,aten_split_copy_cpu,/home/arjaiswal/Polygeist/issues/aten_c_kernels/results/aten_split_copy_cpu/debuf.mlir,042bf726ec1c2313192a7061b131e6ca9b475588b7d85f8619e629a6470f3cbe,egglog,5,ok,0,752.7390904724598,0,"[""/usr/bin/python3"", ""/home/arjaiswal/Polygeist/scripts/correctness/kernel_match_rewrite.py"", ""/home/arjaiswal/Polygeist/issues/aten_c_kernels/results/aten_split_copy_cpu/debuf.mlir"", ""--dry-run"", ""--matcher-mode"", ""egglog"", ""--telemetry-json"", ""/home/arjaiswal/Polygeist/issues/equality_saturation_eval/campaign_20260908/aten-aten_split_copy_cpu-egglog-w1m62lbc.json"", ""--disable-semantic-fallback""]","== match report for /home/arjaiswal/Polygeist/issues/aten_c_kernels/results/aten_split_copy_cpu/debuf.mlir ==
  match          body#[0]  cutensorPermute_f32_r2_tensor
  total: 1 matched / 1 bodies
",0,[],0,0,0,0,/home/arjaiswal/Polygeist/issues/aten_c_kernels/results/aten_split_copy_cpu/debuf.mlir,2264,8,1,1,343.34781765937805,0,68352,10.994404554367065,1,1,0,0,"[{""body_indices"": [0], ""symbol"": ""cutensorPermute_f32_r2_tensor""}]",1,0,0,0.0,25
aten,aten_spmm_reduce_arg_cpu,/home/arjaiswal/Polygeist/issues/aten_c_kernels/results/aten_spmm_reduce_arg_cpu/debuf.mlir,fe6fdc2a6b61bd27a8d9e6004f38a1e548419cd2a2f861f6754314b4ba014f4b,egglog,1,ok,0,675.9634166955948,0,"[""/usr/bin/python3"", ""/home/arjaiswal/Polygeist/scripts/correctness/kernel_match_rewrite.py"", ""/home/arjaiswal/Polygeist/issues/aten_c_kernels/results/aten_spmm_reduce_arg_cpu/debuf.mlir"", ""--dry-run"", ""--matcher-mode"", ""egglog"", ""--telemetry-json"", ""/home/arjaiswal/Polygeist/issues/equality_saturation_eval/campaign_20260908/aten-aten_spmm_reduce_arg_cpu-egglog-3_g974cd.json"", ""--disable-semantic-fallback""]","== match report for /home/arjaiswal/Polygeist/issues/aten_c_kernels/results/aten_spmm_reduce_arg_cpu/debuf.mlir ==
  total: 0 matched / 0 bodies
",0,[],0,0,0,0,/home/arjaiswal/Polygeist/issues/aten_c_kernels/results/aten_spmm_reduce_arg_cpu/debuf.mlir,4096,8,0,0,265.1873975992203,0,64860,0.0,0,0,0,0,[],0,0,0,0.0,0
aten,aten_spmm_reduce_arg_cpu,/home/arjaiswal/Polygeist/issues/aten_c_kernels/results/aten_spmm_reduce_arg_cpu/debuf.mlir,fe6fdc2a6b61bd27a8d9e6004f38a1e548419cd2a2f861f6754314b4ba014f4b,syntactic,1,ok,0,680.9298545122147,0,"[""/usr/bin/python3"", ""/home/arjaiswal/Polygeist/scripts/correctness/kernel_match_rewrite.py"", ""/home/arjaiswal/Polygeist/issues/aten_c_kernels/results/aten_spmm_reduce_arg_cpu/debuf.mlir"", ""--dry-run"", ""--matcher-mode"", ""syntactic"", ""--telemetry-json"", ""/home/arjaiswal/Polygeist/issues/equality_saturation_eval/campaign_20260908/aten-aten_spmm_reduce_arg_cpu-syntactic-vja4uon3.json"", ""--disable-semantic-fallback""]","== match report for /home/arjaiswal/Polygeist/issues/aten_c_kernels/results/aten_spmm_reduce_arg_cpu/debuf.mlir ==
  total: 0 matched / 0 bodies
",0,[],0,0,0,0,/home/arjaiswal/Polygeist/issues/aten_c_kernels/results/aten_spmm_reduce_arg_cpu/debuf.mlir,4096,0,0,0,267.81274378299713,0,64552,0.0,0,0,0,0,[],0,0,0,0.0,0
aten,aten_spmm_reduce_arg_cpu,/home/arjaiswal/Polygeist/issues/aten_c_kernels/results/aten_spmm_reduce_arg_cpu/debuf.mlir,fe6fdc2a6b61bd27a8d9e6004f38a1e548419cd2a2f861f6754314b4ba014f4b,syntactic,2,ok,0,698.0852261185646,0,"[""/usr/bin/python3"", ""/home/arjaiswal/Polygeist/scripts/correctness/kernel_match_rewrite.py"", ""/home/arjaiswal/Polygeist/issues/aten_c_kernels/results/aten_spmm_reduce_arg_cpu/debuf.mlir"", ""--dry-run"", ""--matcher-mode"", ""syntactic"", ""--telemetry-json"", ""/home/arjaiswal/Polygeist/issues/equality_saturation_eval/campaign_20260908/aten-aten_spmm_reduce_arg_cpu-syntactic-mpifkros.json"", ""--disable-semantic-fallback""]","== match report for /home/arjaiswal/Polygeist/issues/aten_c_kernels/results/aten_spmm_reduce_arg_cpu/debuf.mlir ==
  total: 0 matched / 0 bodies
",0,[],0,0,0,0,/home/arjaiswal/Polygeist/issues/aten_c_kernels/results/aten_spmm_reduce_arg_cpu/debuf.mlir,4096,0,0,0,255.75312227010727,0,64836,0.0,0,0,0,0,[],0,0,0,0.0,0
aten,aten_spmm_reduce_arg_cpu,/home/arjaiswal/Polygeist/issues/aten_c_kernels/results/aten_spmm_reduce_arg_cpu/debuf.mlir,fe6fdc2a6b61bd27a8d9e6004f38a1e548419cd2a2f861f6754314b4ba014f4b,egglog,2,ok,0,676.5580959618092,0,"[""/usr/bin/python3"", ""/home/arjaiswal/Polygeist/scripts/correctness/kernel_match_rewrite.py"", ""/home/arjaiswal/Polygeist/issues/aten_c_kernels/results/aten_spmm_reduce_arg_cpu/debuf.mlir"", ""--dry-run"", ""--matcher-mode"", ""egglog"", ""--telemetry-json"", ""/home/arjaiswal/Polygeist/issues/equality_saturation_eval/campaign_20260908/aten-aten_spmm_reduce_arg_cpu-egglog-3l3ff0rj.json"", ""--disable-semantic-fallback""]","== match report for /home/arjaiswal/Polygeist/issues/aten_c_kernels/results/aten_spmm_reduce_arg_cpu/debuf.mlir ==
  total: 0 matched / 0 bodies
",0,[],0,0,0,0,/home/arjaiswal/Polygeist/issues/aten_c_kernels/results/aten_spmm_reduce_arg_cpu/debuf.mlir,4096,8,0,0,258.29918682575226,0,64756,0.0,0,0,0,0,[],0,0,0,0.0,0
aten,aten_spmm_reduce_arg_cpu,/home/arjaiswal/Polygeist/issues/aten_c_kernels/results/aten_spmm_reduce_arg_cpu/debuf.mlir,fe6fdc2a6b61bd27a8d9e6004f38a1e548419cd2a2f861f6754314b4ba014f4b,egglog,3,ok,0,663.5895371437073,0,"[""/usr/bin/python3"", ""/home/arjaiswal/Polygeist/scripts/correctness/kernel_match_rewrite.py"", ""/home/arjaiswal/Polygeist/issues/aten_c_kernels/results/aten_spmm_reduce_arg_cpu/debuf.mlir"", ""--dry-run"", ""--matcher-mode"", ""egglog"", ""--telemetry-json"", ""/home/arjaiswal/Polygeist/issues/equality_saturation_eval/campaign_20260908/aten-aten_spmm_reduce_arg_cpu-egglog-br89vjv_.json"", ""--disable-semantic-fallback""]","== match report for /home/arjaiswal/Polygeist/issues/aten_c_kernels/results/aten_spmm_reduce_arg_cpu/debuf.mlir ==
  total: 0 matched / 0 bodies
",0,[],0,0,0,0,/home/arjaiswal/Polygeist/issues/aten_c_kernels/results/aten_spmm_reduce_arg_cpu/debuf.mlir,4096,8,0,0,258.282370865345,0,64728,0.0,0,0,0,0,[],0,0,0,0.0,0
aten,aten_spmm_reduce_arg_cpu,/home/arjaiswal/Polygeist/issues/aten_c_kernels/results/aten_spmm_reduce_arg_cpu/debuf.mlir,fe6fdc2a6b61bd27a8d9e6004f38a1e548419cd2a2f861f6754314b4ba014f4b,syntactic,3,ok,0,675.5984537303448,0,"[""/usr/bin/python3"", ""/home/arjaiswal/Polygeist/scripts/correctness/kernel_match_rewrite.py"", ""/home/arjaiswal/Polygeist/issues/aten_c_kernels/results/aten_spmm_reduce_arg_cpu/debuf.mlir"", ""--dry-run"", ""--matcher-mode"", ""syntactic"", ""--telemetry-json"", ""/home/arjaiswal/Polygeist/issues/equality_saturation_eval/campaign_20260908/aten-aten_spmm_reduce_arg_cpu-syntactic-2hg1soee.json"", ""--disable-semantic-fallback""]","== match report for /home/arjaiswal/Polygeist/issues/aten_c_kernels/results/aten_spmm_reduce_arg_cpu/debuf.mlir ==
  total: 0 matched / 0 bodies
",0,[],0,0,0,0,/home/arjaiswal/Polygeist/issues/aten_c_kernels/results/aten_spmm_reduce_arg_cpu/debuf.mlir,4096,0,0,0,266.63414388895035,0,64468,0.0,0,0,0,0,[],0,0,0,0.0,0
aten,aten_spmm_reduce_arg_cpu,/home/arjaiswal/Polygeist/issues/aten_c_kernels/results/aten_spmm_reduce_arg_cpu/debuf.mlir,fe6fdc2a6b61bd27a8d9e6004f38a1e548419cd2a2f861f6754314b4ba014f4b,syntactic,4,ok,0,679.3303303420544,0,"[""/usr/bin/python3"", ""/home/arjaiswal/Polygeist/scripts/correctness/kernel_match_rewrite.py"", ""/home/arjaiswal/Polygeist/issues/aten_c_kernels/results/aten_spmm_reduce_arg_cpu/debuf.mlir"", ""--dry-run"", ""--matcher-mode"", ""syntactic"", ""--telemetry-json"", ""/home/arjaiswal/Polygeist/issues/equality_saturation_eval/campaign_20260908/aten-aten_spmm_reduce_arg_cpu-syntactic-7_7f_o99.json"", ""--disable-semantic-fallback""]","== match report for /home/arjaiswal/Polygeist/issues/aten_c_kernels/results/aten_spmm_reduce_arg_cpu/debuf.mlir ==
  total: 0 matched / 0 bodies
",0,[],0,0,0,0,/home/arjaiswal/Polygeist/issues/aten_c_kernels/results/aten_spmm_reduce_arg_cpu/debuf.mlir,4096,0,0,0,260.05101948976517,0,64664,0.0,0,0,0,0,[],0,0,0,0.0,0
aten,aten_spmm_reduce_arg_cpu,/home/arjaiswal/Polygeist/issues/aten_c_kernels/results/aten_spmm_reduce_arg_cpu/debuf.mlir,fe6fdc2a6b61bd27a8d9e6004f38a1e548419cd2a2f861f6754314b4ba014f4b,egglog,4,ok,0,680.1700331270695,0,"[""/usr/bin/python3"", ""/home/arjaiswal/Polygeist/scripts/correctness/kernel_match_rewrite.py"", ""/home/arjaiswal/Polygeist/issues/aten_c_kernels/results/aten_spmm_reduce_arg_cpu/debuf.mlir"", ""--dry-run"", ""--matcher-mode"", ""egglog"", ""--telemetry-json"", ""/home/arjaiswal/Polygeist/issues/equality_saturation_eval/campaign_20260908/aten-aten_spmm_reduce_arg_cpu-egglog-tihx5gn_.json"", ""--disable-semantic-fallback""]","== match report for /home/arjaiswal/Polygeist/issues/aten_c_kernels/results/aten_spmm_reduce_arg_cpu/debuf.mlir ==
  total: 0 matched / 0 bodies
",0,[],0,0,0,0,/home/arjaiswal/Polygeist/issues/aten_c_kernels/results/aten_spmm_reduce_arg_cpu/debuf.mlir,4096,8,0,0,268.22086051106453,0,64484,0.0,0,0,0,0,[],0,0,0,0.0,0
aten,aten_spmm_reduce_arg_cpu,/home/arjaiswal/Polygeist/issues/aten_c_kernels/results/aten_spmm_reduce_arg_cpu/debuf.mlir,fe6fdc2a6b61bd27a8d9e6004f38a1e548419cd2a2f861f6754314b4ba014f4b,egglog,5,ok,0,744.9745908379555,0,"[""/usr/bin/python3"", ""/home/arjaiswal/Polygeist/scripts/correctness/kernel_match_rewrite.py"", ""/home/arjaiswal/Polygeist/issues/aten_c_kernels/results/aten_spmm_reduce_arg_cpu/debuf.mlir"", ""--dry-run"", ""--matcher-mode"", ""egglog"", ""--telemetry-json"", ""/home/arjaiswal/Polygeist/issues/equality_saturation_eval/campaign_20260908/aten-aten_spmm_reduce_arg_cpu-egglog-nt1ye2_f.json"", ""--disable-semantic-fallback""]","== match report for /home/arjaiswal/Polygeist/issues/aten_c_kernels/results/aten_spmm_reduce_arg_cpu/debuf.mlir ==
  total: 0 matched / 0 bodies
",0,[],0,0,0,0,/home/arjaiswal/Polygeist/issues/aten_c_kernels/results/aten_spmm_reduce_arg_cpu/debuf.mlir,4096,8,0,0,286.3219380378723,0,64896,0.0,0,0,0,0,[],0,0,0,0.0,0
aten,aten_spmm_reduce_arg_cpu,/home/arjaiswal/Polygeist/issues/aten_c_kernels/results/aten_spmm_reduce_arg_cpu/debuf.mlir,fe6fdc2a6b61bd27a8d9e6004f38a1e548419cd2a2f861f6754314b4ba014f4b,syntactic,5,ok,0,684.3299269676208,0,"[""/usr/bin/python3"", ""/home/arjaiswal/Polygeist/scripts/correctness/kernel_match_rewrite.py"", ""/home/arjaiswal/Polygeist/issues/aten_c_kernels/results/aten_spmm_reduce_arg_cpu/debuf.mlir"", ""--dry-run"", ""--matcher-mode"", ""syntactic"", ""--telemetry-json"", ""/home/arjaiswal/Polygeist/issues/equality_saturation_eval/campaign_20260908/aten-aten_spmm_reduce_arg_cpu-syntactic-7fr1l4c2.json"", ""--disable-semantic-fallback""]","== match report for /home/arjaiswal/Polygeist/issues/aten_c_kernels/results/aten_spmm_reduce_arg_cpu/debuf.mlir ==
  total: 0 matched / 0 bodies
",0,[],0,0,0,0,/home/arjaiswal/Polygeist/issues/aten_c_kernels/results/aten_spmm_reduce_arg_cpu/debuf.mlir,4096,0,0,0,253.43361124396324,0,64772,0.0,0,0,0,0,[],0,0,0,0.0,0
aten,aten_spmm_reduce_backward_input_arg_cpu,/home/arjaiswal/Polygeist/issues/aten_c_kernels/results/aten_spmm_reduce_backward_input_arg_cpu/debuf.mlir,b5d0daec199f453bb040e9e9d0cf01ff5919573e93e4e19dd8427321b78cbe47,syntactic,1,ok,0,704.5689113438129,0,"[""/usr/bin/python3"", ""/home/arjaiswal/Polygeist/scripts/correctness/kernel_match_rewrite.py"", ""/home/arjaiswal/Polygeist/issues/aten_c_kernels/results/aten_spmm_reduce_backward_input_arg_cpu/debuf.mlir"", ""--dry-run"", ""--matcher-mode"", ""syntactic"", ""--telemetry-json"", ""/home/arjaiswal/Polygeist/issues/equality_saturation_eval/campaign_20260908/aten-aten_spmm_reduce_backward_input_arg_cpu-syntactic-s94u_ahq.json"", ""--disable-semantic-fallback""]","== match report for /home/arjaiswal/Polygeist/issues/aten_c_kernels/results/aten_spmm_reduce_backward_input_arg_cpu/debuf.mlir ==
  match          body#[0]  memset_zero_1D_f32
  total: 1 matched / 1 bodies
",0,[],0,0,0,0,/home/arjaiswal/Polygeist/issues/aten_c_kernels/results/aten_spmm_reduce_backward_input_arg_cpu/debuf.mlir,3203,0,1,1,278.37076410651207,0,64524,0.02168118953704834,0,2,0,0,"[{""body_indices"": [0], ""symbol"": ""memset_zero_1D_f32""}]",1,0,4,0.0,4
aten,aten_spmm_reduce_backward_input_arg_cpu,/home/arjaiswal/Polygeist/issues/aten_c_kernels/results/aten_spmm_reduce_backward_input_arg_cpu/debuf.mlir,b5d0daec199f453bb040e9e9d0cf01ff5919573e93e4e19dd8427321b78cbe47,egglog,1,ok,0,754.8635639250278,0,"[""/usr/bin/python3"", ""/home/arjaiswal/Polygeist/scripts/correctness/kernel_match_rewrite.py"", ""/home/arjaiswal/Polygeist/issues/aten_c_kernels/results/aten_spmm_reduce_backward_input_arg_cpu/debuf.mlir"", ""--dry-run"", ""--matcher-mode"", ""egglog"", ""--telemetry-json"", ""/home/arjaiswal/Polygeist/issues/equality_saturation_eval/campaign_20260908/aten-aten_spmm_reduce_backward_input_arg_cpu-egglog-80aewpxu.json"", ""--disable-semantic-fallback""]","== match report for /home/arjaiswal/Polygeist/issues/aten_c_kernels/results/aten_spmm_reduce_backward_input_arg_cpu/debuf.mlir ==
  match          body#[0]  memset_zero_1D_f32
  total: 1 matched / 1 bodies
",0,[],0,0,0,0,/home/arjaiswal/Polygeist/issues/aten_c_kernels/results/aten_spmm_reduce_backward_input_arg_cpu/debuf.mlir,3203,8,1,1,325.7010392844677,0,69420,24.32342991232872,2,2,0,0,"[{""body_indices"": [0], ""symbol"": ""memset_zero_1D_f32""}]",1,0,0,0.0,4
aten,aten_spmm_reduce_backward_input_arg_cpu,/home/arjaiswal/Polygeist/issues/aten_c_kernels/results/aten_spmm_reduce_backward_input_arg_cpu/debuf.mlir,b5d0daec199f453bb040e9e9d0cf01ff5919573e93e4e19dd8427321b78cbe47,egglog,2,ok,0,733.8634356856346,0,"[""/usr/bin/python3"", ""/home/arjaiswal/Polygeist/scripts/correctness/kernel_match_rewrite.py"", ""/home/arjaiswal/Polygeist/issues/aten_c_kernels/results/aten_spmm_reduce_backward_input_arg_cpu/debuf.mlir"", ""--dry-run"", ""--matcher-mode"", ""egglog"", ""--telemetry-json"", ""/home/arjaiswal/Polygeist/issues/equality_saturation_eval/campaign_20260908/aten-aten_spmm_reduce_backward_input_arg_cpu-egglog-ho6t4fdt.json"", ""--disable-semantic-fallback""]","== match report for /home/arjaiswal/Polygeist/issues/aten_c_kernels/results/aten_spmm_reduce_backward_input_arg_cpu/debuf.mlir ==
  match          body#[0]  memset_zero_1D_f32
  total: 1 matched / 1 bodies
",0,[],0,0,0,0,/home/arjaiswal/Polygeist/issues/aten_c_kernels/results/aten_spmm_reduce_backward_input_arg_cpu/debuf.mlir,3203,8,1,1,288.7750491499901,0,69292,21.336428821086884,2,2,0,0,"[{""body_indices"": [0], ""symbol"": ""memset_zero_1D_f32""}]",1,0,0,0.0,4
aten,aten_spmm_reduce_backward_input_arg_cpu,/home/arjaiswal/Polygeist/issues/aten_c_kernels/results/aten_spmm_reduce_backward_input_arg_cpu/debuf.mlir,b5d0daec199f453bb040e9e9d0cf01ff5919573e93e4e19dd8427321b78cbe47,syntactic,2,ok,0,681.6235333681107,0,"[""/usr/bin/python3"", ""/home/arjaiswal/Polygeist/scripts/correctness/kernel_match_rewrite.py"", ""/home/arjaiswal/Polygeist/issues/aten_c_kernels/results/aten_spmm_reduce_backward_input_arg_cpu/debuf.mlir"", ""--dry-run"", ""--matcher-mode"", ""syntactic"", ""--telemetry-json"", ""/home/arjaiswal/Polygeist/issues/equality_saturation_eval/campaign_20260908/aten-aten_spmm_reduce_backward_input_arg_cpu-syntactic-t61n2w9n.json"", ""--disable-semantic-fallback""]","== match report for /home/arjaiswal/Polygeist/issues/aten_c_kernels/results/aten_spmm_reduce_backward_input_arg_cpu/debuf.mlir ==
  match          body#[0]  memset_zero_1D_f32
  total: 1 matched / 1 bodies
",0,[],0,0,0,0,/home/arjaiswal/Polygeist/issues/aten_c_kernels/results/aten_spmm_reduce_backward_input_arg_cpu/debuf.mlir,3203,0,1,1,267.4177326261997,0,64688,0.02903863787651062,0,2,0,0,"[{""body_indices"": [0], ""symbol"": ""memset_zero_1D_f32""}]",1,0,4,0.0,4
aten,aten_spmm_reduce_backward_input_arg_cpu,/home/arjaiswal/Polygeist/issues/aten_c_kernels/results/aten_spmm_reduce_backward_input_arg_cpu/debuf.mlir,b5d0daec199f453bb040e9e9d0cf01ff5919573e93e4e19dd8427321b78cbe47,syntactic,3,ok,0,678.5378083586693,0,"[""/usr/bin/python3"", ""/home/arjaiswal/Polygeist/scripts/correctness/kernel_match_rewrite.py"", ""/home/arjaiswal/Polygeist/issues/aten_c_kernels/results/aten_spmm_reduce_backward_input_arg_cpu/debuf.mlir"", ""--dry-run"", ""--matcher-mode"", ""syntactic"", ""--telemetry-json"", ""/home/arjaiswal/Polygeist/issues/equality_saturation_eval/campaign_20260908/aten-aten_spmm_reduce_backward_input_arg_cpu-syntactic-tgoy2nb6.json"", ""--disable-semantic-fallback""]","== match report for /home/arjaiswal/Polygeist/issues/aten_c_kernels/results/aten_spmm_reduce_backward_input_arg_cpu/debuf.mlir ==
  match          body#[0]  memset_zero_1D_f32
  total: 1 matched / 1 bodies
",0,[],0,0,0,0,/home/arjaiswal/Polygeist/issues/aten_c_kernels/results/aten_spmm_reduce_backward_input_arg_cpu/debuf.mlir,3203,0,1,1,269.86999064683914,0,64676,0.01823902130126953,0,2,0,0,"[{""body_indices"": [0], ""symbol"": ""memset_zero_1D_f32""}]",1,0,4,0.0,4
aten,aten_spmm_reduce_backward_input_arg_cpu,/home/arjaiswal/Polygeist/issues/aten_c_kernels/results/aten_spmm_reduce_backward_input_arg_cpu/debuf.mlir,b5d0daec199f453bb040e9e9d0cf01ff5919573e93e4e19dd8427321b78cbe47,egglog,3,ok,0,725.4765182733536,0,"[""/usr/bin/python3"", ""/home/arjaiswal/Polygeist/scripts/correctness/kernel_match_rewrite.py"", ""/home/arjaiswal/Polygeist/issues/aten_c_kernels/results/aten_spmm_reduce_backward_input_arg_cpu/debuf.mlir"", ""--dry-run"", ""--matcher-mode"", ""egglog"", ""--telemetry-json"", ""/home/arjaiswal/Polygeist/issues/equality_saturation_eval/campaign_20260908/aten-aten_spmm_reduce_backward_input_arg_cpu-egglog-n_gk8x1c.json"", ""--disable-semantic-fallback""]","== match report for /home/arjaiswal/Polygeist/issues/aten_c_kernels/results/aten_spmm_reduce_backward_input_arg_cpu/debuf.mlir ==
  match          body#[0]  memset_zero_1D_f32
  total: 1 matched / 1 bodies
",0,[],0,0,0,0,/home/arjaiswal/Polygeist/issues/aten_c_kernels/results/aten_spmm_reduce_backward_input_arg_cpu/debuf.mlir,3203,8,1,1,304.4174909591675,0,69336,22.82017469406128,2,2,0,0,"[{""body_indices"": [0], ""symbol"": ""memset_zero_1D_f32""}]",1,0,0,0.0,4
aten,aten_spmm_reduce_backward_input_arg_cpu,/home/arjaiswal/Polygeist/issues/aten_c_kernels/results/aten_spmm_reduce_backward_input_arg_cpu/debuf.mlir,b5d0daec199f453bb040e9e9d0cf01ff5919573e93e4e19dd8427321b78cbe47,egglog,4,ok,0,736.576434224844,0,"[""/usr/bin/python3"", ""/home/arjaiswal/Polygeist/scripts/correctness/kernel_match_rewrite.py"", ""/home/arjaiswal/Polygeist/issues/aten_c_kernels/results/aten_spmm_reduce_backward_input_arg_cpu/debuf.mlir"", ""--dry-run"", ""--matcher-mode"", ""egglog"", ""--telemetry-json"", ""/home/arjaiswal/Polygeist/issues/equality_saturation_eval/campaign_20260908/aten-aten_spmm_reduce_backward_input_arg_cpu-egglog-5tn4_td7.json"", ""--disable-semantic-fallback""]","== match report for /home/arjaiswal/Polygeist/issues/aten_c_kernels/results/aten_spmm_reduce_backward_input_arg_cpu/debuf.mlir ==
  match          body#[0]  memset_zero_1D_f32
  total: 1 matched / 1 bodies
",0,[],0,0,0,0,/home/arjaiswal/Polygeist/issues/aten_c_kernels/results/aten_spmm_reduce_backward_input_arg_cpu/debuf.mlir,3203,8,1,1,305.7481274008751,0,69288,21.23590186238289,2,2,0,0,"[{""body_indices"": [0], ""symbol"": ""memset_zero_1D_f32""}]",1,0,0,0.0,4
aten,aten_spmm_reduce_backward_input_arg_cpu,/home/arjaiswal/Polygeist/issues/aten_c_kernels/results/aten_spmm_reduce_backward_input_arg_cpu/debuf.mlir,b5d0daec199f453bb040e9e9d0cf01ff5919573e93e4e19dd8427321b78cbe47,syntactic,4,ok,0,751.5274249017239,0,"[""/usr/bin/python3"", ""/home/arjaiswal/Polygeist/scripts/correctness/kernel_match_rewrite.py"", ""/home/arjaiswal/Polygeist/issues/aten_c_kernels/results/aten_spmm_reduce_backward_input_arg_cpu/debuf.mlir"", ""--dry-run"", ""--matcher-mode"", ""syntactic"", ""--telemetry-json"", ""/home/arjaiswal/Polygeist/issues/equality_saturation_eval/campaign_20260908/aten-aten_spmm_reduce_backward_input_arg_cpu-syntactic-_mt_m32d.json"", ""--disable-semantic-fallback""]","== match report for /home/arjaiswal/Polygeist/issues/aten_c_kernels/results/aten_spmm_reduce_backward_input_arg_cpu/debuf.mlir ==
  match          body#[0]  memset_zero_1D_f32
  total: 1 matched / 1 bodies
",0,[],0,0,0,0,/home/arjaiswal/Polygeist/issues/aten_c_kernels/results/aten_spmm_reduce_backward_input_arg_cpu/debuf.mlir,3203,0,1,1,282.9606905579567,0,64672,0.018052756786346436,0,2,0,0,"[{""body_indices"": [0], ""symbol"": ""memset_zero_1D_f32""}]",1,0,4,0.0,4
aten,aten_spmm_reduce_backward_input_arg_cpu,/home/arjaiswal/Polygeist/issues/aten_c_kernels/results/aten_spmm_reduce_backward_input_arg_cpu/debuf.mlir,b5d0daec199f453bb040e9e9d0cf01ff5919573e93e4e19dd8427321b78cbe47,syntactic,5,ok,0,691.1835595965385,0,"[""/usr/bin/python3"", ""/home/arjaiswal/Polygeist/scripts/correctness/kernel_match_rewrite.py"", ""/home/arjaiswal/Polygeist/issues/aten_c_kernels/results/aten_spmm_reduce_backward_input_arg_cpu/debuf.mlir"", ""--dry-run"", ""--matcher-mode"", ""syntactic"", ""--telemetry-json"", ""/home/arjaiswal/Polygeist/issues/equality_saturation_eval/campaign_20260908/aten-aten_spmm_reduce_backward_input_arg_cpu-syntactic-ik6quotx.json"", ""--disable-semantic-fallback""]","== match report for /home/arjaiswal/Polygeist/issues/aten_c_kernels/results/aten_spmm_reduce_backward_input_arg_cpu/debuf.mlir ==
  match          body#[0]  memset_zero_1D_f32
  total: 1 matched / 1 bodies
",0,[],0,0,0,0,/home/arjaiswal/Polygeist/issues/aten_c_kernels/results/aten_spmm_reduce_backward_input_arg_cpu/debuf.mlir,3203,0,1,1,271.3646925985813,0,64728,0.018153339624404907,0,2,0,0,"[{""body_indices"": [0], ""symbol"": ""memset_zero_1D_f32""}]",1,0,4,0.0,4
aten,aten_spmm_reduce_backward_input_arg_cpu,/home/arjaiswal/Polygeist/issues/aten_c_kernels/results/aten_spmm_reduce_backward_input_arg_cpu/debuf.mlir,b5d0daec199f453bb040e9e9d0cf01ff5919573e93e4e19dd8427321b78cbe47,egglog,5,ok,0,710.8429931104183,0,"[""/usr/bin/python3"", ""/home/arjaiswal/Polygeist/scripts/correctness/kernel_match_rewrite.py"", ""/home/arjaiswal/Polygeist/issues/aten_c_kernels/results/aten_spmm_reduce_backward_input_arg_cpu/debuf.mlir"", ""--dry-run"", ""--matcher-mode"", ""egglog"", ""--telemetry-json"", ""/home/arjaiswal/Polygeist/issues/equality_saturation_eval/campaign_20260908/aten-aten_spmm_reduce_backward_input_arg_cpu-egglog-a8i5ekmx.json"", ""--disable-semantic-fallback""]","== match report for /home/arjaiswal/Polygeist/issues/aten_c_kernels/results/aten_spmm_reduce_backward_input_arg_cpu/debuf.mlir ==
  match          body#[0]  memset_zero_1D_f32
  total: 1 matched / 1 bodies
",0,[],0,0,0,0,/home/arjaiswal/Polygeist/issues/aten_c_kernels/results/aten_spmm_reduce_backward_input_arg_cpu/debuf.mlir,3203,8,1,1,289.98561576008797,0,69656,21.28869667649269,2,2,0,0,"[{""body_indices"": [0], ""symbol"": ""memset_zero_1D_f32""}]",1,0,0,0.0,4
aten,aten_spmm_reduce_backward_input_cpu,/home/arjaiswal/Polygeist/issues/aten_c_kernels/results/aten_spmm_reduce_backward_input_cpu/debuf.mlir,89ad989a1eed7939b85f028565136b314201bf9f69949eefd2e214e20131e2a5,egglog,1,ok,0,679.7592081129551,0,"[""/usr/bin/python3"", ""/home/arjaiswal/Polygeist/scripts/correctness/kernel_match_rewrite.py"", ""/home/arjaiswal/Polygeist/issues/aten_c_kernels/results/aten_spmm_reduce_backward_input_cpu/debuf.mlir"", ""--dry-run"", ""--matcher-mode"", ""egglog"", ""--telemetry-json"", ""/home/arjaiswal/Polygeist/issues/equality_saturation_eval/campaign_20260908/aten-aten_spmm_reduce_backward_input_cpu-egglog-kckrgqi3.json"", ""--disable-semantic-fallback""]","== match report for /home/arjaiswal/Polygeist/issues/aten_c_kernels/results/aten_spmm_reduce_backward_input_cpu/debuf.mlir ==
  no_match       body#0  ?
  total: 0 matched / 1 bodies
",0,[],0,0,0,0,/home/arjaiswal/Polygeist/issues/aten_c_kernels/results/aten_spmm_reduce_backward_input_cpu/debuf.mlir,3684,8,1,0,264.4435577094555,1,64752,0.0,0,0,0,0,[],0,0,0,0.0,0
aten,aten_spmm_reduce_backward_input_cpu,/home/arjaiswal/Polygeist/issues/aten_c_kernels/results/aten_spmm_reduce_backward_input_cpu/debuf.mlir,89ad989a1eed7939b85f028565136b314201bf9f69949eefd2e214e20131e2a5,syntactic,1,ok,0,694.0754428505898,0,"[""/usr/bin/python3"", ""/home/arjaiswal/Polygeist/scripts/correctness/kernel_match_rewrite.py"", ""/home/arjaiswal/Polygeist/issues/aten_c_kernels/results/aten_spmm_reduce_backward_input_cpu/debuf.mlir"", ""--dry-run"", ""--matcher-mode"", ""syntactic"", ""--telemetry-json"", ""/home/arjaiswal/Polygeist/issues/equality_saturation_eval/campaign_20260908/aten-aten_spmm_reduce_backward_input_cpu-syntactic-zkloy0ex.json"", ""--disable-semantic-fallback""]","== match report for /home/arjaiswal/Polygeist/issues/aten_c_kernels/results/aten_spmm_reduce_backward_input_cpu/debuf.mlir ==
  no_match       body#0  ?
  total: 0 matched / 1 bodies
",0,[],0,0,0,0,/home/arjaiswal/Polygeist/issues/aten_c_kernels/results/aten_spmm_reduce_backward_input_cpu/debuf.mlir,3684,0,1,0,280.64972534775734,1,64320,0.0,0,0,0,0,[],0,0,0,0.0,0
aten,aten_spmm_reduce_backward_input_cpu,/home/arjaiswal/Polygeist/issues/aten_c_kernels/results/aten_spmm_reduce_backward_input_cpu/debuf.mlir,89ad989a1eed7939b85f028565136b314201bf9f69949eefd2e214e20131e2a5,syntactic,2,ok,0,712.0953984558582,0,"[""/usr/bin/python3"", ""/home/arjaiswal/Polygeist/scripts/correctness/kernel_match_rewrite.py"", ""/home/arjaiswal/Polygeist/issues/aten_c_kernels/results/aten_spmm_reduce_backward_input_cpu/debuf.mlir"", ""--dry-run"", ""--matcher-mode"", ""syntactic"", ""--telemetry-json"", ""/home/arjaiswal/Polygeist/issues/equality_saturation_eval/campaign_20260908/aten-aten_spmm_reduce_backward_input_cpu-syntactic-b6ikiz7f.json"", ""--disable-semantic-fallback""]","== match report for /home/arjaiswal/Polygeist/issues/aten_c_kernels/results/aten_spmm_reduce_backward_input_cpu/debuf.mlir ==
  no_match       body#0  ?
  total: 0 matched / 1 bodies
",0,[],0,0,0,0,/home/arjaiswal/Polygeist/issues/aten_c_kernels/results/aten_spmm_reduce_backward_input_cpu/debuf.mlir,3684,0,1,0,277.770210057497,1,64836,0.0,0,0,0,0,[],0,0,0,0.0,0
aten,aten_spmm_reduce_backward_input_cpu,/home/arjaiswal/Polygeist/issues/aten_c_kernels/results/aten_spmm_reduce_backward_input_cpu/debuf.mlir,89ad989a1eed7939b85f028565136b314201bf9f69949eefd2e214e20131e2a5,egglog,2,ok,0,729.6027950942516,0,"[""/usr/bin/python3"", ""/home/arjaiswal/Polygeist/scripts/correctness/kernel_match_rewrite.py"", ""/home/arjaiswal/Polygeist/issues/aten_c_kernels/results/aten_spmm_reduce_backward_input_cpu/debuf.mlir"", ""--dry-run"", ""--matcher-mode"", ""egglog"", ""--telemetry-json"", ""/home/arjaiswal/Polygeist/issues/equality_saturation_eval/campaign_20260908/aten-aten_spmm_reduce_backward_input_cpu-egglog-vg_u8adf.json"", ""--disable-semantic-fallback""]","== match report for /home/arjaiswal/Polygeist/issues/aten_c_kernels/results/aten_spmm_reduce_backward_input_cpu/debuf.mlir ==
  no_match       body#0  ?
  total: 0 matched / 1 bodies
",0,[],0,0,0,0,/home/arjaiswal/Polygeist/issues/aten_c_kernels/results/aten_spmm_reduce_backward_input_cpu/debuf.mlir,3684,8,1,0,288.1864160299301,1,64900,0.0,0,0,0,0,[],0,0,0,0.0,0
aten,aten_spmm_reduce_backward_input_cpu,/home/arjaiswal/Polygeist/issues/aten_c_kernels/results/aten_spmm_reduce_backward_input_cpu/debuf.mlir,89ad989a1eed7939b85f028565136b314201bf9f69949eefd2e214e20131e2a5,egglog,3,ok,0,760.1641416549683,0,"[""/usr/bin/python3"", ""/home/arjaiswal/Polygeist/scripts/correctness/kernel_match_rewrite.py"", ""/home/arjaiswal/Polygeist/issues/aten_c_kernels/results/aten_spmm_reduce_backward_input_cpu/debuf.mlir"", ""--dry-run"", ""--matcher-mode"", ""egglog"", ""--telemetry-json"", ""/home/arjaiswal/Polygeist/issues/equality_saturation_eval/campaign_20260908/aten-aten_spmm_reduce_backward_input_cpu-egglog-gwyu1cn0.json"", ""--disable-semantic-fallback""]","== match report for /home/arjaiswal/Polygeist/issues/aten_c_kernels/results/aten_spmm_reduce_backward_input_cpu/debuf.mlir ==
  no_match       body#0  ?
  total: 0 matched / 1 bodies
",0,[],0,0,0,0,/home/arjaiswal/Polygeist/issues/aten_c_kernels/results/aten_spmm_reduce_backward_input_cpu/debuf.mlir,3684,8,1,0,287.60796785354614,1,64696,0.0,0,0,0,0,[],0,0,0,0.0,0
aten,aten_spmm_reduce_backward_input_cpu,/home/arjaiswal/Polygeist/issues/aten_c_kernels/results/aten_spmm_reduce_backward_input_cpu/debuf.mlir,89ad989a1eed7939b85f028565136b314201bf9f69949eefd2e214e20131e2a5,syntactic,3,ok,0,695.1209306716919,0,"[""/usr/bin/python3"", ""/home/arjaiswal/Polygeist/scripts/correctness/kernel_match_rewrite.py"", ""/home/arjaiswal/Polygeist/issues/aten_c_kernels/results/aten_spmm_reduce_backward_input_cpu/debuf.mlir"", ""--dry-run"", ""--matcher-mode"", ""syntactic"", ""--telemetry-json"", ""/home/arjaiswal/Polygeist/issues/equality_saturation_eval/campaign_20260908/aten-aten_spmm_reduce_backward_input_cpu-syntactic-lq89bfrv.json"", ""--disable-semantic-fallback""]","== match report for /home/arjaiswal/Polygeist/issues/aten_c_kernels/results/aten_spmm_reduce_backward_input_cpu/debuf.mlir ==
  no_match       body#0  ?
  total: 0 matched / 1 bodies
",0,[],0,0,0,0,/home/arjaiswal/Polygeist/issues/aten_c_kernels/results/aten_spmm_reduce_backward_input_cpu/debuf.mlir,3684,0,1,0,267.30508729815483,1,64936,0.0,0,0,0,0,[],0,0,0,0.0,0
aten,aten_spmm_reduce_backward_input_cpu,/home/arjaiswal/Polygeist/issues/aten_c_kernels/results/aten_spmm_reduce_backward_input_cpu/debuf.mlir,89ad989a1eed7939b85f028565136b314201bf9f69949eefd2e214e20131e2a5,syntactic,4,ok,0,703.495342284441,0,"[""/usr/bin/python3"", ""/home/arjaiswal/Polygeist/scripts/correctness/kernel_match_rewrite.py"", ""/home/arjaiswal/Polygeist/issues/aten_c_kernels/results/aten_spmm_reduce_backward_input_cpu/debuf.mlir"", ""--dry-run"", ""--matcher-mode"", ""syntactic"", ""--telemetry-json"", ""/home/arjaiswal/Polygeist/issues/equality_saturation_eval/campaign_20260908/aten-aten_spmm_reduce_backward_input_cpu-syntactic-2z4nt6yo.json"", ""--disable-semantic-fallback""]","== match report for /home/arjaiswal/Polygeist/issues/aten_c_kernels/results/aten_spmm_reduce_backward_input_cpu/debuf.mlir ==
  no_match       body#0  ?
  total: 0 matched / 1 bodies
",0,[],0,0,0,0,/home/arjaiswal/Polygeist/issues/aten_c_kernels/results/aten_spmm_reduce_backward_input_cpu/debuf.mlir,3684,0,1,0,281.1852693557739,1,64664,0.0,0,0,0,0,[],0,0,0,0.0,0
aten,aten_spmm_reduce_backward_input_cpu,/home/arjaiswal/Polygeist/issues/aten_c_kernels/results/aten_spmm_reduce_backward_input_cpu/debuf.mlir,89ad989a1eed7939b85f028565136b314201bf9f69949eefd2e214e20131e2a5,egglog,4,ok,0,703.4968808293343,0,"[""/usr/bin/python3"", ""/home/arjaiswal/Polygeist/scripts/correctness/kernel_match_rewrite.py"", ""/home/arjaiswal/Polygeist/issues/aten_c_kernels/results/aten_spmm_reduce_backward_input_cpu/debuf.mlir"", ""--dry-run"", ""--matcher-mode"", ""egglog"", ""--telemetry-json"", ""/home/arjaiswal/Polygeist/issues/equality_saturation_eval/campaign_20260908/aten-aten_spmm_reduce_backward_input_cpu-egglog-5p55qw44.json"", ""--disable-semantic-fallback""]","== match report for /home/arjaiswal/Polygeist/issues/aten_c_kernels/results/aten_spmm_reduce_backward_input_cpu/debuf.mlir ==
  no_match       body#0  ?
  total: 0 matched / 1 bodies
",0,[],0,0,0,0,/home/arjaiswal/Polygeist/issues/aten_c_kernels/results/aten_spmm_reduce_backward_input_cpu/debuf.mlir,3684,8,1,0,283.5511118173599,1,64908,0.0,0,0,0,0,[],0,0,0,0.0,0
aten,aten_spmm_reduce_backward_input_cpu,/home/arjaiswal/Polygeist/issues/aten_c_kernels/results/aten_spmm_reduce_backward_input_cpu/debuf.mlir,89ad989a1eed7939b85f028565136b314201bf9f69949eefd2e214e20131e2a5,egglog,5,ok,0,685.3737644851208,0,"[""/usr/bin/python3"", ""/home/arjaiswal/Polygeist/scripts/correctness/kernel_match_rewrite.py"", ""/home/arjaiswal/Polygeist/issues/aten_c_kernels/results/aten_spmm_reduce_backward_input_cpu/debuf.mlir"", ""--dry-run"", ""--matcher-mode"", ""egglog"", ""--telemetry-json"", ""/home/arjaiswal/Polygeist/issues/equality_saturation_eval/campaign_20260908/aten-aten_spmm_reduce_backward_input_cpu-egglog-7mg5xood.json"", ""--disable-semantic-fallback""]","== match report for /home/arjaiswal/Polygeist/issues/aten_c_kernels/results/aten_spmm_reduce_backward_input_cpu/debuf.mlir ==
  no_match       body#0  ?
  total: 0 matched / 1 bodies
",0,[],0,0,0,0,/home/arjaiswal/Polygeist/issues/aten_c_kernels/results/aten_spmm_reduce_backward_input_cpu/debuf.mlir,3684,8,1,0,279.822651296854,1,64628,0.0,0,0,0,0,[],0,0,0,0.0,0
aten,aten_spmm_reduce_backward_input_cpu,/home/arjaiswal/Polygeist/issues/aten_c_kernels/results/aten_spmm_reduce_backward_input_cpu/debuf.mlir,89ad989a1eed7939b85f028565136b314201bf9f69949eefd2e214e20131e2a5,syntactic,5,ok,0,676.3462200760841,0,"[""/usr/bin/python3"", ""/home/arjaiswal/Polygeist/scripts/correctness/kernel_match_rewrite.py"", ""/home/arjaiswal/Polygeist/issues/aten_c_kernels/results/aten_spmm_reduce_backward_input_cpu/debuf.mlir"", ""--dry-run"", ""--matcher-mode"", ""syntactic"", ""--telemetry-json"", ""/home/arjaiswal/Polygeist/issues/equality_saturation_eval/campaign_20260908/aten-aten_spmm_reduce_backward_input_cpu-syntactic-ylzs5gqf.json"", ""--disable-semantic-fallback""]","== match report for /home/arjaiswal/Polygeist/issues/aten_c_kernels/results/aten_spmm_reduce_backward_input_cpu/debuf.mlir ==
  no_match       body#0  ?
  total: 0 matched / 1 bodies
",0,[],0,0,0,0,/home/arjaiswal/Polygeist/issues/aten_c_kernels/results/aten_spmm_reduce_backward_input_cpu/debuf.mlir,3684,0,1,0,263.89898732304573,1,64748,0.0,0,0,0,0,[],0,0,0,0.0,0
aten,aten_spmm_reduce_backward_other_arg_cpu,/home/arjaiswal/Polygeist/issues/aten_c_kernels/results/aten_spmm_reduce_backward_other_arg_cpu/debuf.mlir,c0488f1a61301bcca75b10b9b461cc0c7aa162ba7d601f2da718d1e5389a0e79,syntactic,1,ok,0,674.288310110569,0,"[""/usr/bin/python3"", ""/home/arjaiswal/Polygeist/scripts/correctness/kernel_match_rewrite.py"", ""/home/arjaiswal/Polygeist/issues/aten_c_kernels/results/aten_spmm_reduce_backward_other_arg_cpu/debuf.mlir"", ""--dry-run"", ""--matcher-mode"", ""syntactic"", ""--telemetry-json"", ""/home/arjaiswal/Polygeist/issues/equality_saturation_eval/campaign_20260908/aten-aten_spmm_reduce_backward_other_arg_cpu-syntactic-_c2ktk4f.json"", ""--disable-semantic-fallback""]","== match report for /home/arjaiswal/Polygeist/issues/aten_c_kernels/results/aten_spmm_reduce_backward_other_arg_cpu/debuf.mlir ==
  match          body#[0]  memset_zero_2D_f32
  total: 1 matched / 1 bodies
",0,[],0,0,0,0,/home/arjaiswal/Polygeist/issues/aten_c_kernels/results/aten_spmm_reduce_backward_other_arg_cpu/debuf.mlir,3576,0,1,1,265.6945437192917,0,64948,0.01823902130126953,0,2,0,0,"[{""body_indices"": [0], ""symbol"": ""memset_zero_2D_f32""}]",1,0,4,0.0,4
aten,aten_spmm_reduce_backward_other_arg_cpu,/home/arjaiswal/Polygeist/issues/aten_c_kernels/results/aten_spmm_reduce_backward_other_arg_cpu/debuf.mlir,c0488f1a61301bcca75b10b9b461cc0c7aa162ba7d601f2da718d1e5389a0e79,egglog,1,ok,0,718.1336171925068,0,"[""/usr/bin/python3"", ""/home/arjaiswal/Polygeist/scripts/correctness/kernel_match_rewrite.py"", ""/home/arjaiswal/Polygeist/issues/aten_c_kernels/results/aten_spmm_reduce_backward_other_arg_cpu/debuf.mlir"", ""--dry-run"", ""--matcher-mode"", ""egglog"", ""--telemetry-json"", ""/home/arjaiswal/Polygeist/issues/equality_saturation_eval/campaign_20260908/aten-aten_spmm_reduce_backward_other_arg_cpu-egglog-jpgmz35q.json"", ""--disable-semantic-fallback""]","== match report for /home/arjaiswal/Polygeist/issues/aten_c_kernels/results/aten_spmm_reduce_backward_other_arg_cpu/debuf.mlir ==
  match          body#[0]  memset_zero_2D_f32
  total: 1 matched / 1 bodies
",0,[],0,0,0,0,/home/arjaiswal/Polygeist/issues/aten_c_kernels/results/aten_spmm_reduce_backward_other_arg_cpu/debuf.mlir,3576,8,1,1,307.296771556139,0,69516,21.770335733890533,2,2,0,0,"[{""body_indices"": [0], ""symbol"": ""memset_zero_2D_f32""}]",1,0,0,0.0,4
aten,aten_spmm_reduce_backward_other_arg_cpu,/home/arjaiswal/Polygeist/issues/aten_c_kernels/results/aten_spmm_reduce_backward_other_arg_cpu/debuf.mlir,c0488f1a61301bcca75b10b9b461cc0c7aa162ba7d601f2da718d1e5389a0e79,egglog,2,ok,0,730.2178330719471,0,"[""/usr/bin/python3"", ""/home/arjaiswal/Polygeist/scripts/correctness/kernel_match_rewrite.py"", ""/home/arjaiswal/Polygeist/issues/aten_c_kernels/results/aten_spmm_reduce_backward_other_arg_cpu/debuf.mlir"", ""--dry-run"", ""--matcher-mode"", ""egglog"", ""--telemetry-json"", ""/home/arjaiswal/Polygeist/issues/equality_saturation_eval/campaign_20260908/aten-aten_spmm_reduce_backward_other_arg_cpu-egglog-15x9jgvi.json"", ""--disable-semantic-fallback""]","== match report for /home/arjaiswal/Polygeist/issues/aten_c_kernels/results/aten_spmm_reduce_backward_other_arg_cpu/debuf.mlir ==
  match          body#[0]  memset_zero_2D_f32
  total: 1 matched / 1 bodies
",0,[],0,0,0,0,/home/arjaiswal/Polygeist/issues/aten_c_kernels/results/aten_spmm_reduce_backward_other_arg_cpu/debuf.mlir,3576,8,1,1,291.51343926787376,0,69360,20.85687220096588,2,2,0,0,"[{""body_indices"": [0], ""symbol"": ""memset_zero_2D_f32""}]",1,0,0,0.0,4
aten,aten_spmm_reduce_backward_other_arg_cpu,/home/arjaiswal/Polygeist/issues/aten_c_kernels/results/aten_spmm_reduce_backward_other_arg_cpu/debuf.mlir,c0488f1a61301bcca75b10b9b461cc0c7aa162ba7d601f2da718d1e5389a0e79,syntactic,2,ok,0,704.9158699810505,0,"[""/usr/bin/python3"", ""/home/arjaiswal/Polygeist/scripts/correctness/kernel_match_rewrite.py"", ""/home/arjaiswal/Polygeist/issues/aten_c_kernels/results/aten_spmm_reduce_backward_other_arg_cpu/debuf.mlir"", ""--dry-run"", ""--matcher-mode"", ""syntactic"", ""--telemetry-json"", ""/home/arjaiswal/Polygeist/issues/equality_saturation_eval/campaign_20260908/aten-aten_spmm_reduce_backward_other_arg_cpu-syntactic-npvwdtdi.json"", ""--disable-semantic-fallback""]","== match report for /home/arjaiswal/Polygeist/issues/aten_c_kernels/results/aten_spmm_reduce_backward_other_arg_cpu/debuf.mlir ==
  match          body#[0]  memset_zero_2D_f32
  total: 1 matched / 1 bodies
",0,[],0,0,0,0,/home/arjaiswal/Polygeist/issues/aten_c_kernels/results/aten_spmm_reduce_backward_other_arg_cpu/debuf.mlir,3576,0,1,1,282.7579863369465,0,64664,0.02197548747062683,0,2,0,0,"[{""body_indices"": [0], ""symbol"": ""memset_zero_2D_f32""}]",1,0,4,0.0,4
aten,aten_spmm_reduce_backward_other_arg_cpu,/home/arjaiswal/Polygeist/issues/aten_c_kernels/results/aten_spmm_reduce_backward_other_arg_cpu/debuf.mlir,c0488f1a61301bcca75b10b9b461cc0c7aa162ba7d601f2da718d1e5389a0e79,syntactic,3,ok,0,696.3740214705467,0,"[""/usr/bin/python3"", ""/home/arjaiswal/Polygeist/scripts/correctness/kernel_match_rewrite.py"", ""/home/arjaiswal/Polygeist/issues/aten_c_kernels/results/aten_spmm_reduce_backward_other_arg_cpu/debuf.mlir"", ""--dry-run"", ""--matcher-mode"", ""syntactic"", ""--telemetry-json"", ""/home/arjaiswal/Polygeist/issues/equality_saturation_eval/campaign_20260908/aten-aten_spmm_reduce_backward_other_arg_cpu-syntactic-7_peg_9_.json"", ""--disable-semantic-fallback""]","== match report for /home/arjaiswal/Polygeist/issues/aten_c_kernels/results/aten_spmm_reduce_backward_other_arg_cpu/debuf.mlir ==
  match          body#[0]  memset_zero_2D_f32
  total: 1 matched / 1 bodies
",0,[],0,0,0,0,/home/arjaiswal/Polygeist/issues/aten_c_kernels/results/aten_spmm_reduce_backward_other_arg_cpu/debuf.mlir,3576,0,1,1,275.25704726576805,0,64584,0.017952173948287964,0,2,0,0,"[{""body_indices"": [0], ""symbol"": ""memset_zero_2D_f32""}]",1,0,4,0.0,4
aten,aten_spmm_reduce_backward_other_arg_cpu,/home/arjaiswal/Polygeist/issues/aten_c_kernels/results/aten_spmm_reduce_backward_other_arg_cpu/debuf.mlir,c0488f1a61301bcca75b10b9b461cc0c7aa162ba7d601f2da718d1e5389a0e79,egglog,3,ok,0,699.1985701024532,0,"[""/usr/bin/python3"", ""/home/arjaiswal/Polygeist/scripts/correctness/kernel_match_rewrite.py"", ""/home/arjaiswal/Polygeist/issues/aten_c_kernels/results/aten_spmm_reduce_backward_other_arg_cpu/debuf.mlir"", ""--dry-run"", ""--matcher-mode"", ""egglog"", ""--telemetry-json"", ""/home/arjaiswal/Polygeist/issues/equality_saturation_eval/campaign_20260908/aten-aten_spmm_reduce_backward_other_arg_cpu-egglog-25zzypjn.json"", ""--disable-semantic-fallback""]","== match report for /home/arjaiswal/Polygeist/issues/aten_c_kernels/results/aten_spmm_reduce_backward_other_arg_cpu/debuf.mlir ==
  match          body#[0]  memset_zero_2D_f32
  total: 1 matched / 1 bodies
",0,[],0,0,0,0,/home/arjaiswal/Polygeist/issues/aten_c_kernels/results/aten_spmm_reduce_backward_other_arg_cpu/debuf.mlir,3576,8,1,1,291.92138835787773,0,69348,21.165721118450165,2,2,0,0,"[{""body_indices"": [0], ""symbol"": ""memset_zero_2D_f32""}]",1,0,0,0.0,4
aten,aten_spmm_reduce_backward_other_arg_cpu,/home/arjaiswal/Polygeist/issues/aten_c_kernels/results/aten_spmm_reduce_backward_other_arg_cpu/debuf.mlir,c0488f1a61301bcca75b10b9b461cc0c7aa162ba7d601f2da718d1e5389a0e79,egglog,4,ok,0,696.6528370976448,0,"[""/usr/bin/python3"", ""/home/arjaiswal/Polygeist/scripts/correctness/kernel_match_rewrite.py"", ""/home/arjaiswal/Polygeist/issues/aten_c_kernels/results/aten_spmm_reduce_backward_other_arg_cpu/debuf.mlir"", ""--dry-run"", ""--matcher-mode"", ""egglog"", ""--telemetry-json"", ""/home/arjaiswal/Polygeist/issues/equality_saturation_eval/campaign_20260908/aten-aten_spmm_reduce_backward_other_arg_cpu-egglog-4oc7vo_3.json"", ""--disable-semantic-fallback""]","== match report for /home/arjaiswal/Polygeist/issues/aten_c_kernels/results/aten_spmm_reduce_backward_other_arg_cpu/debuf.mlir ==
  match          body#[0]  memset_zero_2D_f32
  total: 1 matched / 1 bodies
",0,[],0,0,0,0,/home/arjaiswal/Polygeist/issues/aten_c_kernels/results/aten_spmm_reduce_backward_other_arg_cpu/debuf.mlir,3576,8,1,1,290.00018909573555,0,69276,21.17570862174034,2,2,0,0,"[{""body_indices"": [0], ""symbol"": ""memset_zero_2D_f32""}]",1,0,0,0.0,4
aten,aten_spmm_reduce_backward_other_arg_cpu,/home/arjaiswal/Polygeist/issues/aten_c_kernels/results/aten_spmm_reduce_backward_other_arg_cpu/debuf.mlir,c0488f1a61301bcca75b10b9b461cc0c7aa162ba7d601f2da718d1e5389a0e79,syntactic,4,ok,0,675.7359802722931,0,"[""/usr/bin/python3"", ""/home/arjaiswal/Polygeist/scripts/correctness/kernel_match_rewrite.py"", ""/home/arjaiswal/Polygeist/issues/aten_c_kernels/results/aten_spmm_reduce_backward_other_arg_cpu/debuf.mlir"", ""--dry-run"", ""--matcher-mode"", ""syntactic"", ""--telemetry-json"", ""/home/arjaiswal/Polygeist/issues/equality_saturation_eval/campaign_20260908/aten-aten_spmm_reduce_backward_other_arg_cpu-syntactic-xgbl7nn4.json"", ""--disable-semantic-fallback""]","== match report for /home/arjaiswal/Polygeist/issues/aten_c_kernels/results/aten_spmm_reduce_backward_other_arg_cpu/debuf.mlir ==
  match          body#[0]  memset_zero_2D_f32
  total: 1 matched / 1 bodies
",0,[],0,0,0,0,/home/arjaiswal/Polygeist/issues/aten_c_kernels/results/aten_spmm_reduce_backward_other_arg_cpu/debuf.mlir,3576,0,1,1,263.6289820075035,0,64536,0.016242265701293945,0,2,0,0,"[{""body_indices"": [0], ""symbol"": ""memset_zero_2D_f32""}]",1,0,4,0.0,4
aten,aten_spmm_reduce_backward_other_arg_cpu,/home/arjaiswal/Polygeist/issues/aten_c_kernels/results/aten_spmm_reduce_backward_other_arg_cpu/debuf.mlir,c0488f1a61301bcca75b10b9b461cc0c7aa162ba7d601f2da718d1e5389a0e79,syntactic,5,ok,0,664.9057492613792,0,"[""/usr/bin/python3"", ""/home/arjaiswal/Polygeist/scripts/correctness/kernel_match_rewrite.py"", ""/home/arjaiswal/Polygeist/issues/aten_c_kernels/results/aten_spmm_reduce_backward_other_arg_cpu/debuf.mlir"", ""--dry-run"", ""--matcher-mode"", ""syntactic"", ""--telemetry-json"", ""/home/arjaiswal/Polygeist/issues/equality_saturation_eval/campaign_20260908/aten-aten_spmm_reduce_backward_other_arg_cpu-syntactic-fprwscv_.json"", ""--disable-semantic-fallback""]","== match report for /home/arjaiswal/Polygeist/issues/aten_c_kernels/results/aten_spmm_reduce_backward_other_arg_cpu/debuf.mlir ==
  match          body#[0]  memset_zero_2D_f32
  total: 1 matched / 1 bodies
",0,[],0,0,0,0,/home/arjaiswal/Polygeist/issues/aten_c_kernels/results/aten_spmm_reduce_backward_other_arg_cpu/debuf.mlir,3576,0,1,1,261.1445039510727,0,64612,0.018246471881866455,0,2,0,0,"[{""body_indices"": [0], ""symbol"": ""memset_zero_2D_f32""}]",1,0,4,0.0,4
aten,aten_spmm_reduce_backward_other_arg_cpu,/home/arjaiswal/Polygeist/issues/aten_c_kernels/results/aten_spmm_reduce_backward_other_arg_cpu/debuf.mlir,c0488f1a61301bcca75b10b9b461cc0c7aa162ba7d601f2da718d1e5389a0e79,egglog,5,ok,0,694.7115026414394,0,"[""/usr/bin/python3"", ""/home/arjaiswal/Polygeist/scripts/correctness/kernel_match_rewrite.py"", ""/home/arjaiswal/Polygeist/issues/aten_c_kernels/results/aten_spmm_reduce_backward_other_arg_cpu/debuf.mlir"", ""--dry-run"", ""--matcher-mode"", ""egglog"", ""--telemetry-json"", ""/home/arjaiswal/Polygeist/issues/equality_saturation_eval/campaign_20260908/aten-aten_spmm_reduce_backward_other_arg_cpu-egglog-9jvs0n9_.json"", ""--disable-semantic-fallback""]","== match report for /home/arjaiswal/Polygeist/issues/aten_c_kernels/results/aten_spmm_reduce_backward_other_arg_cpu/debuf.mlir ==
  match          body#[0]  memset_zero_2D_f32
  total: 1 matched / 1 bodies
",0,[],0,0,0,0,/home/arjaiswal/Polygeist/issues/aten_c_kernels/results/aten_spmm_reduce_backward_other_arg_cpu/debuf.mlir,3576,8,1,1,283.1217497587204,0,69324,21.306026726961136,2,2,0,0,"[{""body_indices"": [0], ""symbol"": ""memset_zero_2D_f32""}]",1,0,0,0.0,4
aten,aten_spmm_reduce_backward_other_cpu,/home/arjaiswal/Polygeist/issues/aten_c_kernels/results/aten_spmm_reduce_backward_other_cpu/debuf.mlir,6218ab0a563498e19c4a1dd27b920237a310972e5c7d403bb8c01f96ac4a7516,egglog,1,ok,0,692.4682036042213,0,"[""/usr/bin/python3"", ""/home/arjaiswal/Polygeist/scripts/correctness/kernel_match_rewrite.py"", ""/home/arjaiswal/Polygeist/issues/aten_c_kernels/results/aten_spmm_reduce_backward_other_cpu/debuf.mlir"", ""--dry-run"", ""--matcher-mode"", ""egglog"", ""--telemetry-json"", ""/home/arjaiswal/Polygeist/issues/equality_saturation_eval/campaign_20260908/aten-aten_spmm_reduce_backward_other_cpu-egglog-jgqde170.json"", ""--disable-semantic-fallback""]","== match report for /home/arjaiswal/Polygeist/issues/aten_c_kernels/results/aten_spmm_reduce_backward_other_cpu/debuf.mlir ==
  match          body#[0]  memset_zero_2D_f32
  total: 1 matched / 1 bodies
",0,[],0,0,0,0,/home/arjaiswal/Polygeist/issues/aten_c_kernels/results/aten_spmm_reduce_backward_other_cpu/debuf.mlir,3876,8,1,1,286.66961193084717,0,69424,21.06110006570816,2,2,0,0,"[{""body_indices"": [0], ""symbol"": ""memset_zero_2D_f32""}]",1,0,0,0.0,4
aten,aten_spmm_reduce_backward_other_cpu,/home/arjaiswal/Polygeist/issues/aten_c_kernels/results/aten_spmm_reduce_backward_other_cpu/debuf.mlir,6218ab0a563498e19c4a1dd27b920237a310972e5c7d403bb8c01f96ac4a7516,syntactic,1,ok,0,747.4633678793907,0,"[""/usr/bin/python3"", ""/home/arjaiswal/Polygeist/scripts/correctness/kernel_match_rewrite.py"", ""/home/arjaiswal/Polygeist/issues/aten_c_kernels/results/aten_spmm_reduce_backward_other_cpu/debuf.mlir"", ""--dry-run"", ""--matcher-mode"", ""syntactic"", ""--telemetry-json"", ""/home/arjaiswal/Polygeist/issues/equality_saturation_eval/campaign_20260908/aten-aten_spmm_reduce_backward_other_cpu-syntactic-1i804ac0.json"", ""--disable-semantic-fallback""]","== match report for /home/arjaiswal/Polygeist/issues/aten_c_kernels/results/aten_spmm_reduce_backward_other_cpu/debuf.mlir ==
  match          body#[0]  memset_zero_2D_f32
  total: 1 matched / 1 bodies
",0,[],0,0,0,0,/home/arjaiswal/Polygeist/issues/aten_c_kernels/results/aten_spmm_reduce_backward_other_cpu/debuf.mlir,3876,0,1,1,287.571806460619,0,64692,0.019975006580352783,0,2,0,0,"[{""body_indices"": [0], ""symbol"": ""memset_zero_2D_f32""}]",1,0,4,0.0,4
aten,aten_spmm_reduce_backward_other_cpu,/home/arjaiswal/Polygeist/issues/aten_c_kernels/results/aten_spmm_reduce_backward_other_cpu/debuf.mlir,6218ab0a563498e19c4a1dd27b920237a310972e5c7d403bb8c01f96ac4a7516,syntactic,2,ok,0,690.922062844038,0,"[""/usr/bin/python3"", ""/home/arjaiswal/Polygeist/scripts/correctness/kernel_match_rewrite.py"", ""/home/arjaiswal/Polygeist/issues/aten_c_kernels/results/aten_spmm_reduce_backward_other_cpu/debuf.mlir"", ""--dry-run"", ""--matcher-mode"", ""syntactic"", ""--telemetry-json"", ""/home/arjaiswal/Polygeist/issues/equality_saturation_eval/campaign_20260908/aten-aten_spmm_reduce_backward_other_cpu-syntactic-z7ymtpek.json"", ""--disable-semantic-fallback""]","== match report for /home/arjaiswal/Polygeist/issues/aten_c_kernels/results/aten_spmm_reduce_backward_other_cpu/debuf.mlir ==
  match          body#[0]  memset_zero_2D_f32
  total: 1 matched / 1 bodies
",0,[],0,0,0,0,/home/arjaiswal/Polygeist/issues/aten_c_kernels/results/aten_spmm_reduce_backward_other_cpu/debuf.mlir,3876,0,1,1,267.86816120147705,0,64748,0.01601502299308777,0,2,0,0,"[{""body_indices"": [0], ""symbol"": ""memset_zero_2D_f32""}]",1,0,4,0.0,4
aten,aten_spmm_reduce_backward_other_cpu,/home/arjaiswal/Polygeist/issues/aten_c_kernels/results/aten_spmm_reduce_backward_other_cpu/debuf.mlir,6218ab0a563498e19c4a1dd27b920237a310972e5c7d403bb8c01f96ac4a7516,egglog,2,ok,0,764.4032388925552,0,"[""/usr/bin/python3"", ""/home/arjaiswal/Polygeist/scripts/correctness/kernel_match_rewrite.py"", ""/home/arjaiswal/Polygeist/issues/aten_c_kernels/results/aten_spmm_reduce_backward_other_cpu/debuf.mlir"", ""--dry-run"", ""--matcher-mode"", ""egglog"", ""--telemetry-json"", ""/home/arjaiswal/Polygeist/issues/equality_saturation_eval/campaign_20260908/aten-aten_spmm_reduce_backward_other_cpu-egglog-u2kdmvb4.json"", ""--disable-semantic-fallback""]","== match report for /home/arjaiswal/Polygeist/issues/aten_c_kernels/results/aten_spmm_reduce_backward_other_cpu/debuf.mlir ==
  match          body#[0]  memset_zero_2D_f32
  total: 1 matched / 1 bodies
",0,[],0,0,0,0,/home/arjaiswal/Polygeist/issues/aten_c_kernels/results/aten_spmm_reduce_backward_other_cpu/debuf.mlir,3876,8,1,1,313.4798891842365,0,69496,23.762810975313187,2,2,0,0,"[{""body_indices"": [0], ""symbol"": ""memset_zero_2D_f32""}]",1,0,0,0.0,4
aten,aten_spmm_reduce_backward_other_cpu,/home/arjaiswal/Polygeist/issues/aten_c_kernels/results/aten_spmm_reduce_backward_other_cpu/debuf.mlir,6218ab0a563498e19c4a1dd27b920237a310972e5c7d403bb8c01f96ac4a7516,egglog,3,ok,0,754.8802644014359,0,"[""/usr/bin/python3"", ""/home/arjaiswal/Polygeist/scripts/correctness/kernel_match_rewrite.py"", ""/home/arjaiswal/Polygeist/issues/aten_c_kernels/results/aten_spmm_reduce_backward_other_cpu/debuf.mlir"", ""--dry-run"", ""--matcher-mode"", ""egglog"", ""--telemetry-json"", ""/home/arjaiswal/Polygeist/issues/equality_saturation_eval/campaign_20260908/aten-aten_spmm_reduce_backward_other_cpu-egglog-_jbwc488.json"", ""--disable-semantic-fallback""]","== match report for /home/arjaiswal/Polygeist/issues/aten_c_kernels/results/aten_spmm_reduce_backward_other_cpu/debuf.mlir ==
  match          body#[0]  memset_zero_2D_f32
  total: 1 matched / 1 bodies
",0,[],0,0,0,0,/home/arjaiswal/Polygeist/issues/aten_c_kernels/results/aten_spmm_reduce_backward_other_cpu/debuf.mlir,3876,8,1,1,297.0380336046219,0,69492,21.538663655519485,2,2,0,0,"[{""body_indices"": [0], ""symbol"": ""memset_zero_2D_f32""}]",1,0,0,0.0,4
aten,aten_spmm_reduce_backward_other_cpu,/home/arjaiswal/Polygeist/issues/aten_c_kernels/results/aten_spmm_reduce_backward_other_cpu/debuf.mlir,6218ab0a563498e19c4a1dd27b920237a310972e5c7d403bb8c01f96ac4a7516,syntactic,3,ok,0,824.1547830402851,0,"[""/usr/bin/python3"", ""/home/arjaiswal/Polygeist/scripts/correctness/kernel_match_rewrite.py"", ""/home/arjaiswal/Polygeist/issues/aten_c_kernels/results/aten_spmm_reduce_backward_other_cpu/debuf.mlir"", ""--dry-run"", ""--matcher-mode"", ""syntactic"", ""--telemetry-json"", ""/home/arjaiswal/Polygeist/issues/equality_saturation_eval/campaign_20260908/aten-aten_spmm_reduce_backward_other_cpu-syntactic-6fumnmzf.json"", ""--disable-semantic-fallback""]","== match report for /home/arjaiswal/Polygeist/issues/aten_c_kernels/results/aten_spmm_reduce_backward_other_cpu/debuf.mlir ==
  match          body#[0]  memset_zero_2D_f32
  total: 1 matched / 1 bodies
",0,[],0,0,0,0,/home/arjaiswal/Polygeist/issues/aten_c_kernels/results/aten_spmm_reduce_backward_other_cpu/debuf.mlir,3876,0,1,1,333.7204158306122,0,64780,0.01880154013633728,0,2,0,0,"[{""body_indices"": [0], ""symbol"": ""memset_zero_2D_f32""}]",1,0,4,0.0,4
aten,aten_spmm_reduce_backward_other_cpu,/home/arjaiswal/Polygeist/issues/aten_c_kernels/results/aten_spmm_reduce_backward_other_cpu/debuf.mlir,6218ab0a563498e19c4a1dd27b920237a310972e5c7d403bb8c01f96ac4a7516,syntactic,4,ok,0,783.8911451399326,0,"[""/usr/bin/python3"", ""/home/arjaiswal/Polygeist/scripts/correctness/kernel_match_rewrite.py"", ""/home/arjaiswal/Polygeist/issues/aten_c_kernels/results/aten_spmm_reduce_backward_other_cpu/debuf.mlir"", ""--dry-run"", ""--matcher-mode"", ""syntactic"", ""--telemetry-json"", ""/home/arjaiswal/Polygeist/issues/equality_saturation_eval/campaign_20260908/aten-aten_spmm_reduce_backward_other_cpu-syntactic-msb4q2mn.json"", ""--disable-semantic-fallback""]","== match report for /home/arjaiswal/Polygeist/issues/aten_c_kernels/results/aten_spmm_reduce_backward_other_cpu/debuf.mlir ==
  match          body#[0]  memset_zero_2D_f32
  total: 1 matched / 1 bodies
",0,[],0,0,0,0,/home/arjaiswal/Polygeist/issues/aten_c_kernels/results/aten_spmm_reduce_backward_other_cpu/debuf.mlir,3876,0,1,1,291.3544848561287,0,64876,0.028345733880996704,0,2,0,0,"[{""body_indices"": [0], ""symbol"": ""memset_zero_2D_f32""}]",1,0,4,0.0,4
aten,aten_spmm_reduce_backward_other_cpu,/home/arjaiswal/Polygeist/issues/aten_c_kernels/results/aten_spmm_reduce_backward_other_cpu/debuf.mlir,6218ab0a563498e19c4a1dd27b920237a310972e5c7d403bb8c01f96ac4a7516,egglog,4,ok,0,729.073490947485,0,"[""/usr/bin/python3"", ""/home/arjaiswal/Polygeist/scripts/correctness/kernel_match_rewrite.py"", ""/home/arjaiswal/Polygeist/issues/aten_c_kernels/results/aten_spmm_reduce_backward_other_cpu/debuf.mlir"", ""--dry-run"", ""--matcher-mode"", ""egglog"", ""--telemetry-json"", ""/home/arjaiswal/Polygeist/issues/equality_saturation_eval/campaign_20260908/aten-aten_spmm_reduce_backward_other_cpu-egglog-_ex12kgm.json"", ""--disable-semantic-fallback""]","== match report for /home/arjaiswal/Polygeist/issues/aten_c_kernels/results/aten_spmm_reduce_backward_other_cpu/debuf.mlir ==
  match          body#[0]  memset_zero_2D_f32
  total: 1 matched / 1 bodies
",0,[],0,0,0,0,/home/arjaiswal/Polygeist/issues/aten_c_kernels/results/aten_spmm_reduce_backward_other_cpu/debuf.mlir,3876,8,1,1,292.9174676537514,0,69348,21.988946944475174,2,2,0,0,"[{""body_indices"": [0], ""symbol"": ""memset_zero_2D_f32""}]",1,0,0,0.0,4
aten,aten_spmm_reduce_backward_other_cpu,/home/arjaiswal/Polygeist/issues/aten_c_kernels/results/aten_spmm_reduce_backward_other_cpu/debuf.mlir,6218ab0a563498e19c4a1dd27b920237a310972e5c7d403bb8c01f96ac4a7516,egglog,5,ok,0,732.7498570084572,0,"[""/usr/bin/python3"", ""/home/arjaiswal/Polygeist/scripts/correctness/kernel_match_rewrite.py"", ""/home/arjaiswal/Polygeist/issues/aten_c_kernels/results/aten_spmm_reduce_backward_other_cpu/debuf.mlir"", ""--dry-run"", ""--matcher-mode"", ""egglog"", ""--telemetry-json"", ""/home/arjaiswal/Polygeist/issues/equality_saturation_eval/campaign_20260908/aten-aten_spmm_reduce_backward_other_cpu-egglog-yw5s343u.json"", ""--disable-semantic-fallback""]","== match report for /home/arjaiswal/Polygeist/issues/aten_c_kernels/results/aten_spmm_reduce_backward_other_cpu/debuf.mlir ==
  match          body#[0]  memset_zero_2D_f32
  total: 1 matched / 1 bodies
",0,[],0,0,0,0,/home/arjaiswal/Polygeist/issues/aten_c_kernels/results/aten_spmm_reduce_backward_other_cpu/debuf.mlir,3876,8,1,1,299.43564906716347,0,69480,21.167684346437454,2,2,0,0,"[{""body_indices"": [0], ""symbol"": ""memset_zero_2D_f32""}]",1,0,0,0.0,4
aten,aten_spmm_reduce_backward_other_cpu,/home/arjaiswal/Polygeist/issues/aten_c_kernels/results/aten_spmm_reduce_backward_other_cpu/debuf.mlir,6218ab0a563498e19c4a1dd27b920237a310972e5c7d403bb8c01f96ac4a7516,syntactic,5,ok,0,743.0819123983383,0,"[""/usr/bin/python3"", ""/home/arjaiswal/Polygeist/scripts/correctness/kernel_match_rewrite.py"", ""/home/arjaiswal/Polygeist/issues/aten_c_kernels/results/aten_spmm_reduce_backward_other_cpu/debuf.mlir"", ""--dry-run"", ""--matcher-mode"", ""syntactic"", ""--telemetry-json"", ""/home/arjaiswal/Polygeist/issues/equality_saturation_eval/campaign_20260908/aten-aten_spmm_reduce_backward_other_cpu-syntactic-q8woex86.json"", ""--disable-semantic-fallback""]","== match report for /home/arjaiswal/Polygeist/issues/aten_c_kernels/results/aten_spmm_reduce_backward_other_cpu/debuf.mlir ==
  match          body#[0]  memset_zero_2D_f32
  total: 1 matched / 1 bodies
",0,[],0,0,0,0,/home/arjaiswal/Polygeist/issues/aten_c_kernels/results/aten_spmm_reduce_backward_other_cpu/debuf.mlir,3876,0,1,1,268.607746809721,0,64692,0.017598271369934082,0,2,0,0,"[{""body_indices"": [0], ""symbol"": ""memset_zero_2D_f32""}]",1,0,4,0.0,4
aten,aten_spmm_reduce_cpu,/home/arjaiswal/Polygeist/issues/aten_c_kernels/results/aten_spmm_reduce_cpu/debuf.mlir,4f1035d8aba2e1caeaee708cbea3630b65bf3c1a061aa71548b8f7dc8bff633b,syntactic,1,ok,0,697.481844574213,0,"[""/usr/bin/python3"", ""/home/arjaiswal/Polygeist/scripts/correctness/kernel_match_rewrite.py"", ""/home/arjaiswal/Polygeist/issues/aten_c_kernels/results/aten_spmm_reduce_cpu/debuf.mlir"", ""--dry-run"", ""--matcher-mode"", ""syntactic"", ""--telemetry-json"", ""/home/arjaiswal/Polygeist/issues/equality_saturation_eval/campaign_20260908/aten-aten_spmm_reduce_cpu-syntactic-m7pfymi6.json"", ""--disable-semantic-fallback""]","== match report for /home/arjaiswal/Polygeist/issues/aten_c_kernels/results/aten_spmm_reduce_cpu/debuf.mlir ==
  total: 0 matched / 0 bodies
",0,[],0,0,0,0,/home/arjaiswal/Polygeist/issues/aten_c_kernels/results/aten_spmm_reduce_cpu/debuf.mlir,4591,0,0,0,257.27761909365654,0,64552,0.0,0,0,0,0,[],0,0,0,0.0,0
aten,aten_spmm_reduce_cpu,/home/arjaiswal/Polygeist/issues/aten_c_kernels/results/aten_spmm_reduce_cpu/debuf.mlir,4f1035d8aba2e1caeaee708cbea3630b65bf3c1a061aa71548b8f7dc8bff633b,egglog,1,ok,0,748.9010915160179,0,"[""/usr/bin/python3"", ""/home/arjaiswal/Polygeist/scripts/correctness/kernel_match_rewrite.py"", ""/home/arjaiswal/Polygeist/issues/aten_c_kernels/results/aten_spmm_reduce_cpu/debuf.mlir"", ""--dry-run"", ""--matcher-mode"", ""egglog"", ""--telemetry-json"", ""/home/arjaiswal/Polygeist/issues/equality_saturation_eval/campaign_20260908/aten-aten_spmm_reduce_cpu-egglog-v1adq083.json"", ""--disable-semantic-fallback""]","== match report for /home/arjaiswal/Polygeist/issues/aten_c_kernels/results/aten_spmm_reduce_cpu/debuf.mlir ==
  total: 0 matched / 0 bodies
",0,[],0,0,0,0,/home/arjaiswal/Polygeist/issues/aten_c_kernels/results/aten_spmm_reduce_cpu/debuf.mlir,4591,8,0,0,262.69689202308655,0,64660,0.0,0,0,0,0,[],0,0,0,0.0,0
aten,aten_spmm_reduce_cpu,/home/arjaiswal/Polygeist/issues/aten_c_kernels/results/aten_spmm_reduce_cpu/debuf.mlir,4f1035d8aba2e1caeaee708cbea3630b65bf3c1a061aa71548b8f7dc8bff633b,egglog,2,ok,0,692.7725225687027,0,"[""/usr/bin/python3"", ""/home/arjaiswal/Polygeist/scripts/correctness/kernel_match_rewrite.py"", ""/home/arjaiswal/Polygeist/issues/aten_c_kernels/results/aten_spmm_reduce_cpu/debuf.mlir"", ""--dry-run"", ""--matcher-mode"", ""egglog"", ""--telemetry-json"", ""/home/arjaiswal/Polygeist/issues/equality_saturation_eval/campaign_20260908/aten-aten_spmm_reduce_cpu-egglog-1h3rqdj7.json"", ""--disable-semantic-fallback""]","== match report for /home/arjaiswal/Polygeist/issues/aten_c_kernels/results/aten_spmm_reduce_cpu/debuf.mlir ==
  total: 0 matched / 0 bodies
",0,[],0,0,0,0,/home/arjaiswal/Polygeist/issues/aten_c_kernels/results/aten_spmm_reduce_cpu/debuf.mlir,4591,8,0,0,265.1423439383507,0,64736,0.0,0,0,0,0,[],0,0,0,0.0,0
aten,aten_spmm_reduce_cpu,/home/arjaiswal/Polygeist/issues/aten_c_kernels/results/aten_spmm_reduce_cpu/debuf.mlir,4f1035d8aba2e1caeaee708cbea3630b65bf3c1a061aa71548b8f7dc8bff633b,syntactic,2,ok,0,714.7766388952732,0,"[""/usr/bin/python3"", ""/home/arjaiswal/Polygeist/scripts/correctness/kernel_match_rewrite.py"", ""/home/arjaiswal/Polygeist/issues/aten_c_kernels/results/aten_spmm_reduce_cpu/debuf.mlir"", ""--dry-run"", ""--matcher-mode"", ""syntactic"", ""--telemetry-json"", ""/home/arjaiswal/Polygeist/issues/equality_saturation_eval/campaign_20260908/aten-aten_spmm_reduce_cpu-syntactic-bjg915ph.json"", ""--disable-semantic-fallback""]","== match report for /home/arjaiswal/Polygeist/issues/aten_c_kernels/results/aten_spmm_reduce_cpu/debuf.mlir ==
  total: 0 matched / 0 bodies
",0,[],0,0,0,0,/home/arjaiswal/Polygeist/issues/aten_c_kernels/results/aten_spmm_reduce_cpu/debuf.mlir,4591,0,0,0,254.96382266283035,0,64652,0.0,0,0,0,0,[],0,0,0,0.0,0
aten,aten_spmm_reduce_cpu,/home/arjaiswal/Polygeist/issues/aten_c_kernels/results/aten_spmm_reduce_cpu/debuf.mlir,4f1035d8aba2e1caeaee708cbea3630b65bf3c1a061aa71548b8f7dc8bff633b,syntactic,3,ok,0,683.5267432034016,0,"[""/usr/bin/python3"", ""/home/arjaiswal/Polygeist/scripts/correctness/kernel_match_rewrite.py"", ""/home/arjaiswal/Polygeist/issues/aten_c_kernels/results/aten_spmm_reduce_cpu/debuf.mlir"", ""--dry-run"", ""--matcher-mode"", ""syntactic"", ""--telemetry-json"", ""/home/arjaiswal/Polygeist/issues/equality_saturation_eval/campaign_20260908/aten-aten_spmm_reduce_cpu-syntactic-tp9hg4v6.json"", ""--disable-semantic-fallback""]","== match report for /home/arjaiswal/Polygeist/issues/aten_c_kernels/results/aten_spmm_reduce_cpu/debuf.mlir ==
  total: 0 matched / 0 bodies
",0,[],0,0,0,0,/home/arjaiswal/Polygeist/issues/aten_c_kernels/results/aten_spmm_reduce_cpu/debuf.mlir,4591,0,0,0,264.4290439784527,0,64616,0.0,0,0,0,0,[],0,0,0,0.0,0
aten,aten_spmm_reduce_cpu,/home/arjaiswal/Polygeist/issues/aten_c_kernels/results/aten_spmm_reduce_cpu/debuf.mlir,4f1035d8aba2e1caeaee708cbea3630b65bf3c1a061aa71548b8f7dc8bff633b,egglog,3,ok,0,773.782767355442,0,"[""/usr/bin/python3"", ""/home/arjaiswal/Polygeist/scripts/correctness/kernel_match_rewrite.py"", ""/home/arjaiswal/Polygeist/issues/aten_c_kernels/results/aten_spmm_reduce_cpu/debuf.mlir"", ""--dry-run"", ""--matcher-mode"", ""egglog"", ""--telemetry-json"", ""/home/arjaiswal/Polygeist/issues/equality_saturation_eval/campaign_20260908/aten-aten_spmm_reduce_cpu-egglog-a2j175f4.json"", ""--disable-semantic-fallback""]","== match report for /home/arjaiswal/Polygeist/issues/aten_c_kernels/results/aten_spmm_reduce_cpu/debuf.mlir ==
  total: 0 matched / 0 bodies
",0,[],0,0,0,0,/home/arjaiswal/Polygeist/issues/aten_c_kernels/results/aten_spmm_reduce_cpu/debuf.mlir,4591,8,0,0,326.3276219367981,0,64580,0.0,0,0,0,0,[],0,0,0,0.0,0
aten,aten_spmm_reduce_cpu,/home/arjaiswal/Polygeist/issues/aten_c_kernels/results/aten_spmm_reduce_cpu/debuf.mlir,4f1035d8aba2e1caeaee708cbea3630b65bf3c1a061aa71548b8f7dc8bff633b,egglog,4,ok,0,732.9825796186924,0,"[""/usr/bin/python3"", ""/home/arjaiswal/Polygeist/scripts/correctness/kernel_match_rewrite.py"", ""/home/arjaiswal/Polygeist/issues/aten_c_kernels/results/aten_spmm_reduce_cpu/debuf.mlir"", ""--dry-run"", ""--matcher-mode"", ""egglog"", ""--telemetry-json"", ""/home/arjaiswal/Polygeist/issues/equality_saturation_eval/campaign_20260908/aten-aten_spmm_reduce_cpu-egglog-jz6cict6.json"", ""--disable-semantic-fallback""]","== match report for /home/arjaiswal/Polygeist/issues/aten_c_kernels/results/aten_spmm_reduce_cpu/debuf.mlir ==
  total: 0 matched / 0 bodies
",0,[],0,0,0,0,/home/arjaiswal/Polygeist/issues/aten_c_kernels/results/aten_spmm_reduce_cpu/debuf.mlir,4591,8,0,0,290.3311662375927,0,64672,0.0,0,0,0,0,[],0,0,0,0.0,0
aten,aten_spmm_reduce_cpu,/home/arjaiswal/Polygeist/issues/aten_c_kernels/results/aten_spmm_reduce_cpu/debuf.mlir,4f1035d8aba2e1caeaee708cbea3630b65bf3c1a061aa71548b8f7dc8bff633b,syntactic,4,ok,0,760.9181702136993,0,"[""/usr/bin/python3"", ""/home/arjaiswal/Polygeist/scripts/correctness/kernel_match_rewrite.py"", ""/home/arjaiswal/Polygeist/issues/aten_c_kernels/results/aten_spmm_reduce_cpu/debuf.mlir"", ""--dry-run"", ""--matcher-mode"", ""syntactic"", ""--telemetry-json"", ""/home/arjaiswal/Polygeist/issues/equality_saturation_eval/campaign_20260908/aten-aten_spmm_reduce_cpu-syntactic-5wk72j5x.json"", ""--disable-semantic-fallback""]","== match report for /home/arjaiswal/Polygeist/issues/aten_c_kernels/results/aten_spmm_reduce_cpu/debuf.mlir ==
  total: 0 matched / 0 bodies
",0,[],0,0,0,0,/home/arjaiswal/Polygeist/issues/aten_c_kernels/results/aten_spmm_reduce_cpu/debuf.mlir,4591,0,0,0,291.832122951746,0,64764,0.0,0,0,0,0,[],0,0,0,0.0,0
aten,aten_spmm_reduce_cpu,/home/arjaiswal/Polygeist/issues/aten_c_kernels/results/aten_spmm_reduce_cpu/debuf.mlir,4f1035d8aba2e1caeaee708cbea3630b65bf3c1a061aa71548b8f7dc8bff633b,syntactic,5,ok,0,741.2722520530224,0,"[""/usr/bin/python3"", ""/home/arjaiswal/Polygeist/scripts/correctness/kernel_match_rewrite.py"", ""/home/arjaiswal/Polygeist/issues/aten_c_kernels/results/aten_spmm_reduce_cpu/debuf.mlir"", ""--dry-run"", ""--matcher-mode"", ""syntactic"", ""--telemetry-json"", ""/home/arjaiswal/Polygeist/issues/equality_saturation_eval/campaign_20260908/aten-aten_spmm_reduce_cpu-syntactic-x_rk8iaw.json"", ""--disable-semantic-fallback""]","== match report for /home/arjaiswal/Polygeist/issues/aten_c_kernels/results/aten_spmm_reduce_cpu/debuf.mlir ==
  total: 0 matched / 0 bodies
",0,[],0,0,0,0,/home/arjaiswal/Polygeist/issues/aten_c_kernels/results/aten_spmm_reduce_cpu/debuf.mlir,4591,0,0,0,257.4118934571743,0,64676,0.0,0,0,0,0,[],0,0,0,0.0,0
aten,aten_spmm_reduce_cpu,/home/arjaiswal/Polygeist/issues/aten_c_kernels/results/aten_spmm_reduce_cpu/debuf.mlir,4f1035d8aba2e1caeaee708cbea3630b65bf3c1a061aa71548b8f7dc8bff633b,egglog,5,ok,0,708.0193571746349,0,"[""/usr/bin/python3"", ""/home/arjaiswal/Polygeist/scripts/correctness/kernel_match_rewrite.py"", ""/home/arjaiswal/Polygeist/issues/aten_c_kernels/results/aten_spmm_reduce_cpu/debuf.mlir"", ""--dry-run"", ""--matcher-mode"", ""egglog"", ""--telemetry-json"", ""/home/arjaiswal/Polygeist/issues/equality_saturation_eval/campaign_20260908/aten-aten_spmm_reduce_cpu-egglog-udi79a9c.json"", ""--disable-semantic-fallback""]","== match report for /home/arjaiswal/Polygeist/issues/aten_c_kernels/results/aten_spmm_reduce_cpu/debuf.mlir ==
  total: 0 matched / 0 bodies
",0,[],0,0,0,0,/home/arjaiswal/Polygeist/issues/aten_c_kernels/results/aten_spmm_reduce_cpu/debuf.mlir,4591,8,0,0,277.19833701848984,0,64560,0.0,0,0,0,0,[],0,0,0,0.0,0
aten,aten_sqrt,/home/arjaiswal/Polygeist/issues/aten_c_kernels/results/aten_sqrt/debuf.mlir,48d0a6c55c78d8dffd5aafe298fa234bc717c8b5afa75dc4d18c419e4ddd827e,egglog,1,ok,0,810.3054687380791,0,"[""/usr/bin/python3"", ""/home/arjaiswal/Polygeist/scripts/correctness/kernel_match_rewrite.py"", ""/home/arjaiswal/Polygeist/issues/aten_c_kernels/results/aten_sqrt/debuf.mlir"", ""--dry-run"", ""--matcher-mode"", ""egglog"", ""--telemetry-json"", ""/home/arjaiswal/Polygeist/issues/equality_saturation_eval/campaign_20260908/aten-aten_sqrt-egglog-225qebe0.json"", ""--disable-semantic-fallback""]","== match report for /home/arjaiswal/Polygeist/issues/aten_c_kernels/results/aten_sqrt/debuf.mlir ==
  match          body#[0]  cutensorUnary_sqrt_f32
  total: 1 matched / 1 bodies
",0,[],0,0,0,0,/home/arjaiswal/Polygeist/issues/aten_c_kernels/results/aten_sqrt/debuf.mlir,1762,8,1,1,375.0586584210396,0,69016,23.231249302625656,2,2,0,0,"[{""body_indices"": [0], ""symbol"": ""cutensorUnary_sqrt_f32""}]",1,0,0,0.0,30
aten,aten_sqrt,/home/arjaiswal/Polygeist/issues/aten_c_kernels/results/aten_sqrt/debuf.mlir,48d0a6c55c78d8dffd5aafe298fa234bc717c8b5afa75dc4d18c419e4ddd827e,syntactic,1,ok,0,772.8863433003426,0,"[""/usr/bin/python3"", ""/home/arjaiswal/Polygeist/scripts/correctness/kernel_match_rewrite.py"", ""/home/arjaiswal/Polygeist/issues/aten_c_kernels/results/aten_sqrt/debuf.mlir"", ""--dry-run"", ""--matcher-mode"", ""syntactic"", ""--telemetry-json"", ""/home/arjaiswal/Polygeist/issues/equality_saturation_eval/campaign_20260908/aten-aten_sqrt-syntactic-1rz6509i.json"", ""--disable-semantic-fallback""]","== match report for /home/arjaiswal/Polygeist/issues/aten_c_kernels/results/aten_sqrt/debuf.mlir ==
  match          body#[0]  cutensorUnary_sqrt_f32
  total: 1 matched / 1 bodies
",0,[],0,0,0,0,/home/arjaiswal/Polygeist/issues/aten_c_kernels/results/aten_sqrt/debuf.mlir,1762,0,1,1,344.7529077529907,0,65672,0.08183717727661133,0,2,0,0,"[{""body_indices"": [0], ""symbol"": ""cutensorUnary_sqrt_f32""}]",1,0,30,0.0,30
aten,aten_sqrt,/home/arjaiswal/Polygeist/issues/aten_c_kernels/results/aten_sqrt/debuf.mlir,48d0a6c55c78d8dffd5aafe298fa234bc717c8b5afa75dc4d18c419e4ddd827e,syntactic,2,ok,0,778.1062759459019,0,"[""/usr/bin/python3"", ""/home/arjaiswal/Polygeist/scripts/correctness/kernel_match_rewrite.py"", ""/home/arjaiswal/Polygeist/issues/aten_c_kernels/results/aten_sqrt/debuf.mlir"", ""--dry-run"", ""--matcher-mode"", ""syntactic"", ""--telemetry-json"", ""/home/arjaiswal/Polygeist/issues/equality_saturation_eval/campaign_20260908/aten-aten_sqrt-syntactic-cxtdazbo.json"", ""--disable-semantic-fallback""]","== match report for /home/arjaiswal/Polygeist/issues/aten_c_kernels/results/aten_sqrt/debuf.mlir ==
  match          body#[0]  cutensorUnary_sqrt_f32
  total: 1 matched / 1 bodies
",0,[],0,0,0,0,/home/arjaiswal/Polygeist/issues/aten_c_kernels/results/aten_sqrt/debuf.mlir,1762,0,1,1,317.00340285897255,0,65700,0.08530914783477783,0,2,0,0,"[{""body_indices"": [0], ""symbol"": ""cutensorUnary_sqrt_f32""}]",1,0,30,0.0,30
aten,aten_sqrt,/home/arjaiswal/Polygeist/issues/aten_c_kernels/results/aten_sqrt/debuf.mlir,48d0a6c55c78d8dffd5aafe298fa234bc717c8b5afa75dc4d18c419e4ddd827e,egglog,2,ok,0,782.5024239718914,0,"[""/usr/bin/python3"", ""/home/arjaiswal/Polygeist/scripts/correctness/kernel_match_rewrite.py"", ""/home/arjaiswal/Polygeist/issues/aten_c_kernels/results/aten_sqrt/debuf.mlir"", ""--dry-run"", ""--matcher-mode"", ""egglog"", ""--telemetry-json"", ""/home/arjaiswal/Polygeist/issues/equality_saturation_eval/campaign_20260908/aten-aten_sqrt-egglog-l5apip84.json"", ""--disable-semantic-fallback""]","== match report for /home/arjaiswal/Polygeist/issues/aten_c_kernels/results/aten_sqrt/debuf.mlir ==
  match          body#[0]  cutensorUnary_sqrt_f32
  total: 1 matched / 1 bodies
",0,[],0,0,0,0,/home/arjaiswal/Polygeist/issues/aten_c_kernels/results/aten_sqrt/debuf.mlir,1762,8,1,1,369.44685503840446,0,68872,21.326944231987,2,2,0,0,"[{""body_indices"": [0], ""symbol"": ""cutensorUnary_sqrt_f32""}]",1,0,0,0.0,30
aten,aten_sqrt,/home/arjaiswal/Polygeist/issues/aten_c_kernels/results/aten_sqrt/debuf.mlir,48d0a6c55c78d8dffd5aafe298fa234bc717c8b5afa75dc4d18c419e4ddd827e,egglog,3,ok,0,763.8920210301876,0,"[""/usr/bin/python3"", ""/home/arjaiswal/Polygeist/scripts/correctness/kernel_match_rewrite.py"", ""/home/arjaiswal/Polygeist/issues/aten_c_kernels/results/aten_sqrt/debuf.mlir"", ""--dry-run"", ""--matcher-mode"", ""egglog"", ""--telemetry-json"", ""/home/arjaiswal/Polygeist/issues/equality_saturation_eval/campaign_20260908/aten-aten_sqrt-egglog-yeve8y_h.json"", ""--disable-semantic-fallback""]","== match report for /home/arjaiswal/Polygeist/issues/aten_c_kernels/results/aten_sqrt/debuf.mlir ==
  match          body#[0]  cutensorUnary_sqrt_f32
  total: 1 matched / 1 bodies
",0,[],0,0,0,0,/home/arjaiswal/Polygeist/issues/aten_c_kernels/results/aten_sqrt/debuf.mlir,1762,8,1,1,347.15884551405907,0,68576,20.901940762996674,2,2,0,0,"[{""body_indices"": [0], ""symbol"": ""cutensorUnary_sqrt_f32""}]",1,0,0,0.0,30
aten,aten_sqrt,/home/arjaiswal/Polygeist/issues/aten_c_kernels/results/aten_sqrt/debuf.mlir,48d0a6c55c78d8dffd5aafe298fa234bc717c8b5afa75dc4d18c419e4ddd827e,syntactic,3,ok,0,793.077751994133,0,"[""/usr/bin/python3"", ""/home/arjaiswal/Polygeist/scripts/correctness/kernel_match_rewrite.py"", ""/home/arjaiswal/Polygeist/issues/aten_c_kernels/results/aten_sqrt/debuf.mlir"", ""--dry-run"", ""--matcher-mode"", ""syntactic"", ""--telemetry-json"", ""/home/arjaiswal/Polygeist/issues/equality_saturation_eval/campaign_20260908/aten-aten_sqrt-syntactic-iphzvdai.json"", ""--disable-semantic-fallback""]","== match report for /home/arjaiswal/Polygeist/issues/aten_c_kernels/results/aten_sqrt/debuf.mlir ==
  match          body#[0]  cutensorUnary_sqrt_f32
  total: 1 matched / 1 bodies
",0,[],0,0,0,0,/home/arjaiswal/Polygeist/issues/aten_c_kernels/results/aten_sqrt/debuf.mlir,1762,0,1,1,358.79383236169815,0,65528,0.07493048906326294,0,2,0,0,"[{""body_indices"": [0], ""symbol"": ""cutensorUnary_sqrt_f32""}]",1,0,30,0.0,30
aten,aten_sqrt,/home/arjaiswal/Polygeist/issues/aten_c_kernels/results/aten_sqrt/debuf.mlir,48d0a6c55c78d8dffd5aafe298fa234bc717c8b5afa75dc4d18c419e4ddd827e,syntactic,4,ok,0,731.0178056359291,0,"[""/usr/bin/python3"", ""/home/arjaiswal/Polygeist/scripts/correctness/kernel_match_rewrite.py"", ""/home/arjaiswal/Polygeist/issues/aten_c_kernels/results/aten_sqrt/debuf.mlir"", ""--dry-run"", ""--matcher-mode"", ""syntactic"", ""--telemetry-json"", ""/home/arjaiswal/Polygeist/issues/equality_saturation_eval/campaign_20260908/aten-aten_sqrt-syntactic-12knhpi0.json"", ""--disable-semantic-fallback""]","== match report for /home/arjaiswal/Polygeist/issues/aten_c_kernels/results/aten_sqrt/debuf.mlir ==
  match          body#[0]  cutensorUnary_sqrt_f32
  total: 1 matched / 1 bodies
",0,[],0,0,0,0,/home/arjaiswal/Polygeist/issues/aten_c_kernels/results/aten_sqrt/debuf.mlir,1762,0,1,1,327.853187918663,0,65632,0.07332861423492432,0,2,0,0,"[{""body_indices"": [0], ""symbol"": ""cutensorUnary_sqrt_f32""}]",1,0,30,0.0,30
aten,aten_sqrt,/home/arjaiswal/Polygeist/issues/aten_c_kernels/results/aten_sqrt/debuf.mlir,48d0a6c55c78d8dffd5aafe298fa234bc717c8b5afa75dc4d18c419e4ddd827e,egglog,4,ok,0,775.2041816711426,0,"[""/usr/bin/python3"", ""/home/arjaiswal/Polygeist/scripts/correctness/kernel_match_rewrite.py"", ""/home/arjaiswal/Polygeist/issues/aten_c_kernels/results/aten_sqrt/debuf.mlir"", ""--dry-run"", ""--matcher-mode"", ""egglog"", ""--telemetry-json"", ""/home/arjaiswal/Polygeist/issues/equality_saturation_eval/campaign_20260908/aten-aten_sqrt-egglog-isgszl7y.json"", ""--disable-semantic-fallback""]","== match report for /home/arjaiswal/Polygeist/issues/aten_c_kernels/results/aten_sqrt/debuf.mlir ==
  match          body#[0]  cutensorUnary_sqrt_f32
  total: 1 matched / 1 bodies
",0,[],0,0,0,0,/home/arjaiswal/Polygeist/issues/aten_c_kernels/results/aten_sqrt/debuf.mlir,1762,8,1,1,359.4401702284813,0,68576,26.42243728041649,2,2,0,0,"[{""body_indices"": [0], ""symbol"": ""cutensorUnary_sqrt_f32""}]",1,0,0,0.0,30
aten,aten_sqrt,/home/arjaiswal/Polygeist/issues/aten_c_kernels/results/aten_sqrt/debuf.mlir,48d0a6c55c78d8dffd5aafe298fa234bc717c8b5afa75dc4d18c419e4ddd827e,egglog,5,ok,0,788.9551036059856,0,"[""/usr/bin/python3"", ""/home/arjaiswal/Polygeist/scripts/correctness/kernel_match_rewrite.py"", ""/home/arjaiswal/Polygeist/issues/aten_c_kernels/results/aten_sqrt/debuf.mlir"", ""--dry-run"", ""--matcher-mode"", ""egglog"", ""--telemetry-json"", ""/home/arjaiswal/Polygeist/issues/equality_saturation_eval/campaign_20260908/aten-aten_sqrt-egglog-zct2et4_.json"", ""--disable-semantic-fallback""]","== match report for /home/arjaiswal/Polygeist/issues/aten_c_kernels/results/aten_sqrt/debuf.mlir ==
  match          body#[0]  cutensorUnary_sqrt_f32
  total: 1 matched / 1 bodies
",0,[],0,0,0,0,/home/arjaiswal/Polygeist/issues/aten_c_kernels/results/aten_sqrt/debuf.mlir,1762,8,1,1,371.12851813435555,0,68372,20.985711365938187,2,2,0,0,"[{""body_indices"": [0], ""symbol"": ""cutensorUnary_sqrt_f32""}]",1,0,0,0.0,30
aten,aten_sqrt,/home/arjaiswal/Polygeist/issues/aten_c_kernels/results/aten_sqrt/debuf.mlir,48d0a6c55c78d8dffd5aafe298fa234bc717c8b5afa75dc4d18c419e4ddd827e,syntactic,5,ok,0,801.972720772028,0,"[""/usr/bin/python3"", ""/home/arjaiswal/Polygeist/scripts/correctness/kernel_match_rewrite.py"", ""/home/arjaiswal/Polygeist/issues/aten_c_kernels/results/aten_sqrt/debuf.mlir"", ""--dry-run"", ""--matcher-mode"", ""syntactic"", ""--telemetry-json"", ""/home/arjaiswal/Polygeist/issues/equality_saturation_eval/campaign_20260908/aten-aten_sqrt-syntactic-ayq8jtl0.json"", ""--disable-semantic-fallback""]","== match report for /home/arjaiswal/Polygeist/issues/aten_c_kernels/results/aten_sqrt/debuf.mlir ==
  match          body#[0]  cutensorUnary_sqrt_f32
  total: 1 matched / 1 bodies
",0,[],0,0,0,0,/home/arjaiswal/Polygeist/issues/aten_c_kernels/results/aten_sqrt/debuf.mlir,1762,0,1,1,350.0147573649883,0,65708,0.0878646969795227,0,2,0,0,"[{""body_indices"": [0], ""symbol"": ""cutensorUnary_sqrt_f32""}]",1,0,30,0.0,30
aten,aten_square,/home/arjaiswal/Polygeist/issues/aten_c_kernels/results/aten_square/debuf.mlir,4752db444064aaf1b467b97b96e26f98bf806b2ca3931347d7650762eddbbe1b,syntactic,1,ok,0,860.5288974940777,0,"[""/usr/bin/python3"", ""/home/arjaiswal/Polygeist/scripts/correctness/kernel_match_rewrite.py"", ""/home/arjaiswal/Polygeist/issues/aten_c_kernels/results/aten_square/debuf.mlir"", ""--dry-run"", ""--matcher-mode"", ""syntactic"", ""--telemetry-json"", ""/home/arjaiswal/Polygeist/issues/equality_saturation_eval/campaign_20260908/aten-aten_square-syntactic-nc8385df.json"", ""--disable-semantic-fallback""]","== match report for /home/arjaiswal/Polygeist/issues/aten_c_kernels/results/aten_square/debuf.mlir ==
  match          body#[0]  cudnnPointwiseGraph_f32
  total: 1 matched / 1 bodies
",0,[],0,0,0,0,/home/arjaiswal/Polygeist/issues/aten_c_kernels/results/aten_square/debuf.mlir,1770,0,1,1,435.81992387771606,0,65944,0.13893097639083862,0,0,0,0,"[{""body_indices"": [0], ""symbol"": ""cudnnPointwiseGraph_f32""}]",1,0,56,0.0,56
aten,aten_square,/home/arjaiswal/Polygeist/issues/aten_c_kernels/results/aten_square/debuf.mlir,4752db444064aaf1b467b97b96e26f98bf806b2ca3931347d7650762eddbbe1b,egglog,1,ok,0,870.7111403346062,0,"[""/usr/bin/python3"", ""/home/arjaiswal/Polygeist/scripts/correctness/kernel_match_rewrite.py"", ""/home/arjaiswal/Polygeist/issues/aten_c_kernels/results/aten_square/debuf.mlir"", ""--dry-run"", ""--matcher-mode"", ""egglog"", ""--telemetry-json"", ""/home/arjaiswal/Polygeist/issues/equality_saturation_eval/campaign_20260908/aten-aten_square-egglog-hejiabd3.json"", ""--disable-semantic-fallback""]","== match report for /home/arjaiswal/Polygeist/issues/aten_c_kernels/results/aten_square/debuf.mlir ==
  match          body#[0]  cudnnPointwiseGraph_f32
  total: 1 matched / 1 bodies
",0,[],0,0,0,0,/home/arjaiswal/Polygeist/issues/aten_c_kernels/results/aten_square/debuf.mlir,1770,8,1,1,433.76586213707924,0,65816,0.0,0,0,0,0,"[{""body_indices"": [0], ""symbol"": ""cudnnPointwiseGraph_f32""}]",1,0,0,0.0,56
aten,aten_square,/home/arjaiswal/Polygeist/issues/aten_c_kernels/results/aten_square/debuf.mlir,4752db444064aaf1b467b97b96e26f98bf806b2ca3931347d7650762eddbbe1b,egglog,2,ok,0,860.0501343607903,0,"[""/usr/bin/python3"", ""/home/arjaiswal/Polygeist/scripts/correctness/kernel_match_rewrite.py"", ""/home/arjaiswal/Polygeist/issues/aten_c_kernels/results/aten_square/debuf.mlir"", ""--dry-run"", ""--matcher-mode"", ""egglog"", ""--telemetry-json"", ""/home/arjaiswal/Polygeist/issues/equality_saturation_eval/campaign_20260908/aten-aten_square-egglog-4bt08sm4.json"", ""--disable-semantic-fallback""]","== match report for /home/arjaiswal/Polygeist/issues/aten_c_kernels/results/aten_square/debuf.mlir ==
  match          body#[0]  cudnnPointwiseGraph_f32
  total: 1 matched / 1 bodies
",0,[],0,0,0,0,/home/arjaiswal/Polygeist/issues/aten_c_kernels/results/aten_square/debuf.mlir,1770,8,1,1,411.5215986967087,0,65992,0.0,0,0,0,0,"[{""body_indices"": [0], ""symbol"": ""cudnnPointwiseGraph_f32""}]",1,0,0,0.0,56
aten,aten_square,/home/arjaiswal/Polygeist/issues/aten_c_kernels/results/aten_square/debuf.mlir,4752db444064aaf1b467b97b96e26f98bf806b2ca3931347d7650762eddbbe1b,syntactic,2,ok,0,834.342185407877,0,"[""/usr/bin/python3"", ""/home/arjaiswal/Polygeist/scripts/correctness/kernel_match_rewrite.py"", ""/home/arjaiswal/Polygeist/issues/aten_c_kernels/results/aten_square/debuf.mlir"", ""--dry-run"", ""--matcher-mode"", ""syntactic"", ""--telemetry-json"", ""/home/arjaiswal/Polygeist/issues/equality_saturation_eval/campaign_20260908/aten-aten_square-syntactic-a3mnwte3.json"", ""--disable-semantic-fallback""]","== match report for /home/arjaiswal/Polygeist/issues/aten_c_kernels/results/aten_square/debuf.mlir ==
  match          body#[0]  cudnnPointwiseGraph_f32
  total: 1 matched / 1 bodies
",0,[],0,0,0,0,/home/arjaiswal/Polygeist/issues/aten_c_kernels/results/aten_square/debuf.mlir,1770,0,1,1,406.02586418390274,0,66060,0.13494864106178284,0,0,0,0,"[{""body_indices"": [0], ""symbol"": ""cudnnPointwiseGraph_f32""}]",1,0,56,0.0,56
aten,aten_square,/home/arjaiswal/Polygeist/issues/aten_c_kernels/results/aten_square/debuf.mlir,4752db444064aaf1b467b97b96e26f98bf806b2ca3931347d7650762eddbbe1b,syntactic,3,ok,0,846.6434217989445,0,"[""/usr/bin/python3"", ""/home/arjaiswal/Polygeist/scripts/correctness/kernel_match_rewrite.py"", ""/home/arjaiswal/Polygeist/issues/aten_c_kernels/results/aten_square/debuf.mlir"", ""--dry-run"", ""--matcher-mode"", ""syntactic"", ""--telemetry-json"", ""/home/arjaiswal/Polygeist/issues/equality_saturation_eval/campaign_20260908/aten-aten_square-syntactic-0rukj18x.json"", ""--disable-semantic-fallback""]","== match report for /home/arjaiswal/Polygeist/issues/aten_c_kernels/results/aten_square/debuf.mlir ==
  match          body#[0]  cudnnPointwiseGraph_f32
  total: 1 matched / 1 bodies
",0,[],0,0,0,0,/home/arjaiswal/Polygeist/issues/aten_c_kernels/results/aten_square/debuf.mlir,1770,0,1,1,411.0623821616173,0,65784,0.13437867164611816,0,0,0,0,"[{""body_indices"": [0], ""symbol"": ""cudnnPointwiseGraph_f32""}]",1,0,56,0.0,56
aten,aten_square,/home/arjaiswal/Polygeist/issues/aten_c_kernels/results/aten_square/debuf.mlir,4752db444064aaf1b467b97b96e26f98bf806b2ca3931347d7650762eddbbe1b,egglog,3,ok,0,833.7104916572571,0,"[""/usr/bin/python3"", ""/home/arjaiswal/Polygeist/scripts/correctness/kernel_match_rewrite.py"", ""/home/arjaiswal/Polygeist/issues/aten_c_kernels/results/aten_square/debuf.mlir"", ""--dry-run"", ""--matcher-mode"", ""egglog"", ""--telemetry-json"", ""/home/arjaiswal/Polygeist/issues/equality_saturation_eval/campaign_20260908/aten-aten_square-egglog-4o1q3d3n.json"", ""--disable-semantic-fallback""]","== match report for /home/arjaiswal/Polygeist/issues/aten_c_kernels/results/aten_square/debuf.mlir ==
  match          body#[0]  cudnnPointwiseGraph_f32
  total: 1 matched / 1 bodies
",0,[],0,0,0,0,/home/arjaiswal/Polygeist/issues/aten_c_kernels/results/aten_square/debuf.mlir,1770,8,1,1,410.25350615382195,0,65924,0.0,0,0,0,0,"[{""body_indices"": [0], ""symbol"": ""cudnnPointwiseGraph_f32""}]",1,0,0,0.0,56
aten,aten_square,/home/arjaiswal/Polygeist/issues/aten_c_kernels/results/aten_square/debuf.mlir,4752db444064aaf1b467b97b96e26f98bf806b2ca3931347d7650762eddbbe1b,egglog,4,ok,0,850.5034446716309,0,"[""/usr/bin/python3"", ""/home/arjaiswal/Polygeist/scripts/correctness/kernel_match_rewrite.py"", ""/home/arjaiswal/Polygeist/issues/aten_c_kernels/results/aten_square/debuf.mlir"", ""--dry-run"", ""--matcher-mode"", ""egglog"", ""--telemetry-json"", ""/home/arjaiswal/Polygeist/issues/equality_saturation_eval/campaign_20260908/aten-aten_square-egglog-6o0um7dp.json"", ""--disable-semantic-fallback""]","== match report for /home/arjaiswal/Polygeist/issues/aten_c_kernels/results/aten_square/debuf.mlir ==
  match          body#[0]  cudnnPointwiseGraph_f32
  total: 1 matched / 1 bodies
",0,[],0,0,0,0,/home/arjaiswal/Polygeist/issues/aten_c_kernels/results/aten_square/debuf.mlir,1770,8,1,1,417.5047278404236,0,65932,0.0,0,0,0,0,"[{""body_indices"": [0], ""symbol"": ""cudnnPointwiseGraph_f32""}]",1,0,0,0.0,56
aten,aten_square,/home/arjaiswal/Polygeist/issues/aten_c_kernels/results/aten_square/debuf.mlir,4752db444064aaf1b467b97b96e26f98bf806b2ca3931347d7650762eddbbe1b,syntactic,4,ok,0,832.5992785394192,0,"[""/usr/bin/python3"", ""/home/arjaiswal/Polygeist/scripts/correctness/kernel_match_rewrite.py"", ""/home/arjaiswal/Polygeist/issues/aten_c_kernels/results/aten_square/debuf.mlir"", ""--dry-run"", ""--matcher-mode"", ""syntactic"", ""--telemetry-json"", ""/home/arjaiswal/Polygeist/issues/equality_saturation_eval/campaign_20260908/aten-aten_square-syntactic-9yndb0gc.json"", ""--disable-semantic-fallback""]","== match report for /home/arjaiswal/Polygeist/issues/aten_c_kernels/results/aten_square/debuf.mlir ==
  match          body#[0]  cudnnPointwiseGraph_f32
  total: 1 matched / 1 bodies
",0,[],0,0,0,0,/home/arjaiswal/Polygeist/issues/aten_c_kernels/results/aten_square/debuf.mlir,1770,0,1,1,419.17698457837105,0,66056,0.13908371329307556,0,0,0,0,"[{""body_indices"": [0], ""symbol"": ""cudnnPointwiseGraph_f32""}]",1,0,56,0.0,56
aten,aten_square,/home/arjaiswal/Polygeist/issues/aten_c_kernels/results/aten_square/debuf.mlir,4752db444064aaf1b467b97b96e26f98bf806b2ca3931347d7650762eddbbe1b,syntactic,5,ok,0,854.2250096797943,0,"[""/usr/bin/python3"", ""/home/arjaiswal/Polygeist/scripts/correctness/kernel_match_rewrite.py"", ""/home/arjaiswal/Polygeist/issues/aten_c_kernels/results/aten_square/debuf.mlir"", ""--dry-run"", ""--matcher-mode"", ""syntactic"", ""--telemetry-json"", ""/home/arjaiswal/Polygeist/issues/equality_saturation_eval/campaign_20260908/aten-aten_square-syntactic-1zsternx.json"", ""--disable-semantic-fallback""]","== match report for /home/arjaiswal/Polygeist/issues/aten_c_kernels/results/aten_square/debuf.mlir ==
  match          body#[0]  cudnnPointwiseGraph_f32
  total: 1 matched / 1 bodies
",0,[],0,0,0,0,/home/arjaiswal/Polygeist/issues/aten_c_kernels/results/aten_square/debuf.mlir,1770,0,1,1,416.88237711787224,0,65748,0.1476295292377472,0,0,0,0,"[{""body_indices"": [0], ""symbol"": ""cudnnPointwiseGraph_f32""}]",1,0,56,0.0,56
aten,aten_square,/home/arjaiswal/Polygeist/issues/aten_c_kernels/results/aten_square/debuf.mlir,4752db444064aaf1b467b97b96e26f98bf806b2ca3931347d7650762eddbbe1b,egglog,5,ok,0,832.1808278560638,0,"[""/usr/bin/python3"", ""/home/arjaiswal/Polygeist/scripts/correctness/kernel_match_rewrite.py"", ""/home/arjaiswal/Polygeist/issues/aten_c_kernels/results/aten_square/debuf.mlir"", ""--dry-run"", ""--matcher-mode"", ""egglog"", ""--telemetry-json"", ""/home/arjaiswal/Polygeist/issues/equality_saturation_eval/campaign_20260908/aten-aten_square-egglog-3jznvgc8.json"", ""--disable-semantic-fallback""]","== match report for /home/arjaiswal/Polygeist/issues/aten_c_kernels/results/aten_square/debuf.mlir ==
  match          body#[0]  cudnnPointwiseGraph_f32
  total: 1 matched / 1 bodies
",0,[],0,0,0,0,/home/arjaiswal/Polygeist/issues/aten_c_kernels/results/aten_square/debuf.mlir,1770,8,1,1,421.88382148742676,0,65852,0.0,0,0,0,0,"[{""body_indices"": [0], ""symbol"": ""cudnnPointwiseGraph_f32""}]",1,0,0,0.0,56
aten,aten_sspaddmm_cpu,/home/arjaiswal/Polygeist/issues/aten_c_kernels/results/aten_sspaddmm_cpu/debuf.mlir,37cef9ae1263fb2322d65336513955d5c0e8a2cc889c5ab79cb2de5c9bcd96fb,egglog,1,ok,0,720.085121691227,0,"[""/usr/bin/python3"", ""/home/arjaiswal/Polygeist/scripts/correctness/kernel_match_rewrite.py"", ""/home/arjaiswal/Polygeist/issues/aten_c_kernels/results/aten_sspaddmm_cpu/debuf.mlir"", ""--dry-run"", ""--matcher-mode"", ""egglog"", ""--telemetry-json"", ""/home/arjaiswal/Polygeist/issues/equality_saturation_eval/campaign_20260908/aten-aten_sspaddmm_cpu-egglog-o4n1m7vx.json"", ""--disable-semantic-fallback""]","== match report for /home/arjaiswal/Polygeist/issues/aten_c_kernels/results/aten_sspaddmm_cpu/debuf.mlir ==
  match          body#[0]  memset_zero_2D_f32
  total: 1 matched / 1 bodies
",0,[],0,0,0,0,/home/arjaiswal/Polygeist/issues/aten_c_kernels/results/aten_sspaddmm_cpu/debuf.mlir,3265,8,1,1,285.80737486481667,0,69420,21.35089784860611,2,2,0,0,"[{""body_indices"": [0], ""symbol"": ""memset_zero_2D_f32""}]",1,0,0,0.0,4
aten,aten_sspaddmm_cpu,/home/arjaiswal/Polygeist/issues/aten_c_kernels/results/aten_sspaddmm_cpu/debuf.mlir,37cef9ae1263fb2322d65336513955d5c0e8a2cc889c5ab79cb2de5c9bcd96fb,syntactic,1,ok,0,706.3558958470821,0,"[""/usr/bin/python3"", ""/home/arjaiswal/Polygeist/scripts/correctness/kernel_match_rewrite.py"", ""/home/arjaiswal/Polygeist/issues/aten_c_kernels/results/aten_sspaddmm_cpu/debuf.mlir"", ""--dry-run"", ""--matcher-mode"", ""syntactic"", ""--telemetry-json"", ""/home/arjaiswal/Polygeist/issues/equality_saturation_eval/campaign_20260908/aten-aten_sspaddmm_cpu-syntactic-9p4mj0c4.json"", ""--disable-semantic-fallback""]","== match report for /home/arjaiswal/Polygeist/issues/aten_c_kernels/results/aten_sspaddmm_cpu/debuf.mlir ==
  match          body#[0]  memset_zero_2D_f32
  total: 1 matched / 1 bodies
",0,[],0,0,0,0,/home/arjaiswal/Polygeist/issues/aten_c_kernels/results/aten_sspaddmm_cpu/debuf.mlir,3265,0,1,1,285.05003452301025,0,64644,0.01632794737815857,0,2,0,0,"[{""body_indices"": [0], ""symbol"": ""memset_zero_2D_f32""}]",1,0,4,0.0,4
aten,aten_sspaddmm_cpu,/home/arjaiswal/Polygeist/issues/aten_c_kernels/results/aten_sspaddmm_cpu/debuf.mlir,37cef9ae1263fb2322d65336513955d5c0e8a2cc889c5ab79cb2de5c9bcd96fb,syntactic,2,ok,0,733.6298935115337,0,"[""/usr/bin/python3"", ""/home/arjaiswal/Polygeist/scripts/correctness/kernel_match_rewrite.py"", ""/home/arjaiswal/Polygeist/issues/aten_c_kernels/results/aten_sspaddmm_cpu/debuf.mlir"", ""--dry-run"", ""--matcher-mode"", ""syntactic"", ""--telemetry-json"", ""/home/arjaiswal/Polygeist/issues/equality_saturation_eval/campaign_20260908/aten-aten_sspaddmm_cpu-syntactic-6cryfoni.json"", ""--disable-semantic-fallback""]","== match report for /home/arjaiswal/Polygeist/issues/aten_c_kernels/results/aten_sspaddmm_cpu/debuf.mlir ==
  match          body#[0]  memset_zero_2D_f32
  total: 1 matched / 1 bodies
",0,[],0,0,0,0,/home/arjaiswal/Polygeist/issues/aten_c_kernels/results/aten_sspaddmm_cpu/debuf.mlir,3265,0,1,1,281.8962447345257,0,64820,0.020675361156463623,0,2,0,0,"[{""body_indices"": [0], ""symbol"": ""memset_zero_2D_f32""}]",1,0,4,0.0,4
aten,aten_sspaddmm_cpu,/home/arjaiswal/Polygeist/issues/aten_c_kernels/results/aten_sspaddmm_cpu/debuf.mlir,37cef9ae1263fb2322d65336513955d5c0e8a2cc889c5ab79cb2de5c9bcd96fb,egglog,2,ok,0,723.2253439724445,0,"[""/usr/bin/python3"", ""/home/arjaiswal/Polygeist/scripts/correctness/kernel_match_rewrite.py"", ""/home/arjaiswal/Polygeist/issues/aten_c_kernels/results/aten_sspaddmm_cpu/debuf.mlir"", ""--dry-run"", ""--matcher-mode"", ""egglog"", ""--telemetry-json"", ""/home/arjaiswal/Polygeist/issues/equality_saturation_eval/campaign_20260908/aten-aten_sspaddmm_cpu-egglog-n1av51nr.json"", ""--disable-semantic-fallback""]","== match report for /home/arjaiswal/Polygeist/issues/aten_c_kernels/results/aten_sspaddmm_cpu/debuf.mlir ==
  match          body#[0]  memset_zero_2D_f32
  total: 1 matched / 1 bodies
",0,[],0,0,0,0,/home/arjaiswal/Polygeist/issues/aten_c_kernels/results/aten_sspaddmm_cpu/debuf.mlir,3265,8,1,1,301.5209808945656,0,69612,21.82845026254654,2,2,0,0,"[{""body_indices"": [0], ""symbol"": ""memset_zero_2D_f32""}]",1,0,0,0.0,4
aten,aten_sspaddmm_cpu,/home/arjaiswal/Polygeist/issues/aten_c_kernels/results/aten_sspaddmm_cpu/debuf.mlir,37cef9ae1263fb2322d65336513955d5c0e8a2cc889c5ab79cb2de5c9bcd96fb,egglog,3,ok,0,746.3313117623329,0,"[""/usr/bin/python3"", ""/home/arjaiswal/Polygeist/scripts/correctness/kernel_match_rewrite.py"", ""/home/arjaiswal/Polygeist/issues/aten_c_kernels/results/aten_sspaddmm_cpu/debuf.mlir"", ""--dry-run"", ""--matcher-mode"", ""egglog"", ""--telemetry-json"", ""/home/arjaiswal/Polygeist/issues/equality_saturation_eval/campaign_20260908/aten-aten_sspaddmm_cpu-egglog-rpb5oymh.json"", ""--disable-semantic-fallback""]","== match report for /home/arjaiswal/Polygeist/issues/aten_c_kernels/results/aten_sspaddmm_cpu/debuf.mlir ==
  match          body#[0]  memset_zero_2D_f32
  total: 1 matched / 1 bodies
",0,[],0,0,0,0,/home/arjaiswal/Polygeist/issues/aten_c_kernels/results/aten_sspaddmm_cpu/debuf.mlir,3265,8,1,1,311.9863234460354,0,69348,21.668042987585068,2,2,0,0,"[{""body_indices"": [0], ""symbol"": ""memset_zero_2D_f32""}]",1,0,0,0.0,4
aten,aten_sspaddmm_cpu,/home/arjaiswal/Polygeist/issues/aten_c_kernels/results/aten_sspaddmm_cpu/debuf.mlir,37cef9ae1263fb2322d65336513955d5c0e8a2cc889c5ab79cb2de5c9bcd96fb,syntactic,3,ok,0,768.5408219695091,0,"[""/usr/bin/python3"", ""/home/arjaiswal/Polygeist/scripts/correctness/kernel_match_rewrite.py"", ""/home/arjaiswal/Polygeist/issues/aten_c_kernels/results/aten_sspaddmm_cpu/debuf.mlir"", ""--dry-run"", ""--matcher-mode"", ""syntactic"", ""--telemetry-json"", ""/home/arjaiswal/Polygeist/issues/equality_saturation_eval/campaign_20260908/aten-aten_sspaddmm_cpu-syntactic-64gmsd_b.json"", ""--disable-semantic-fallback""]","== match report for /home/arjaiswal/Polygeist/issues/aten_c_kernels/results/aten_sspaddmm_cpu/debuf.mlir ==
  match          body#[0]  memset_zero_2D_f32
  total: 1 matched / 1 bodies
",0,[],0,0,0,0,/home/arjaiswal/Polygeist/issues/aten_c_kernels/results/aten_sspaddmm_cpu/debuf.mlir,3265,0,1,1,282.83506631851196,0,64796,0.01806020736694336,0,2,0,0,"[{""body_indices"": [0], ""symbol"": ""memset_zero_2D_f32""}]",1,0,4,0.0,4
aten,aten_sspaddmm_cpu,/home/arjaiswal/Polygeist/issues/aten_c_kernels/results/aten_sspaddmm_cpu/debuf.mlir,37cef9ae1263fb2322d65336513955d5c0e8a2cc889c5ab79cb2de5c9bcd96fb,syntactic,4,ok,0,856.1392463743687,0,"[""/usr/bin/python3"", ""/home/arjaiswal/Polygeist/scripts/correctness/kernel_match_rewrite.py"", ""/home/arjaiswal/Polygeist/issues/aten_c_kernels/results/aten_sspaddmm_cpu/debuf.mlir"", ""--dry-run"", ""--matcher-mode"", ""syntactic"", ""--telemetry-json"", ""/home/arjaiswal/Polygeist/issues/equality_saturation_eval/campaign_20260908/aten-aten_sspaddmm_cpu-syntactic-75ir2g2v.json"", ""--disable-semantic-fallback""]","== match report for /home/arjaiswal/Polygeist/issues/aten_c_kernels/results/aten_sspaddmm_cpu/debuf.mlir ==
  match          body#[0]  memset_zero_2D_f32
  total: 1 matched / 1 bodies
",0,[],0,0,0,0,/home/arjaiswal/Polygeist/issues/aten_c_kernels/results/aten_sspaddmm_cpu/debuf.mlir,3265,0,1,1,312.91184946894646,0,64580,0.01794472336769104,0,2,0,0,"[{""body_indices"": [0], ""symbol"": ""memset_zero_2D_f32""}]",1,0,4,0.0,4
aten,aten_sspaddmm_cpu,/home/arjaiswal/Polygeist/issues/aten_c_kernels/results/aten_sspaddmm_cpu/debuf.mlir,37cef9ae1263fb2322d65336513955d5c0e8a2cc889c5ab79cb2de5c9bcd96fb,egglog,4,ok,0,814.4931718707085,0,"[""/usr/bin/python3"", ""/home/arjaiswal/Polygeist/scripts/correctness/kernel_match_rewrite.py"", ""/home/arjaiswal/Polygeist/issues/aten_c_kernels/results/aten_sspaddmm_cpu/debuf.mlir"", ""--dry-run"", ""--matcher-mode"", ""egglog"", ""--telemetry-json"", ""/home/arjaiswal/Polygeist/issues/equality_saturation_eval/campaign_20260908/aten-aten_sspaddmm_cpu-egglog-h4vqk7vm.json"", ""--disable-semantic-fallback""]","== match report for /home/arjaiswal/Polygeist/issues/aten_c_kernels/results/aten_sspaddmm_cpu/debuf.mlir ==
  match          body#[0]  memset_zero_2D_f32
  total: 1 matched / 1 bodies
",0,[],0,0,0,0,/home/arjaiswal/Polygeist/issues/aten_c_kernels/results/aten_sspaddmm_cpu/debuf.mlir,3265,8,1,1,321.9755291938782,0,69400,26.884570717811584,2,2,0,0,"[{""body_indices"": [0], ""symbol"": ""memset_zero_2D_f32""}]",1,0,0,0.0,4
aten,aten_sspaddmm_cpu,/home/arjaiswal/Polygeist/issues/aten_c_kernels/results/aten_sspaddmm_cpu/debuf.mlir,37cef9ae1263fb2322d65336513955d5c0e8a2cc889c5ab79cb2de5c9bcd96fb,egglog,5,ok,0,775.0323712825775,0,"[""/usr/bin/python3"", ""/home/arjaiswal/Polygeist/scripts/correctness/kernel_match_rewrite.py"", ""/home/arjaiswal/Polygeist/issues/aten_c_kernels/results/aten_sspaddmm_cpu/debuf.mlir"", ""--dry-run"", ""--matcher-mode"", ""egglog"", ""--telemetry-json"", ""/home/arjaiswal/Polygeist/issues/equality_saturation_eval/campaign_20260908/aten-aten_sspaddmm_cpu-egglog-ane0pjpu.json"", ""--disable-semantic-fallback""]","== match report for /home/arjaiswal/Polygeist/issues/aten_c_kernels/results/aten_sspaddmm_cpu/debuf.mlir ==
  match          body#[0]  memset_zero_2D_f32
  total: 1 matched / 1 bodies
",0,[],0,0,0,0,/home/arjaiswal/Polygeist/issues/aten_c_kernels/results/aten_sspaddmm_cpu/debuf.mlir,3265,8,1,1,320.06949558854103,0,69496,26.088692247867584,2,2,0,0,"[{""body_indices"": [0], ""symbol"": ""memset_zero_2D_f32""}]",1,0,0,0.0,4
aten,aten_sspaddmm_cpu,/home/arjaiswal/Polygeist/issues/aten_c_kernels/results/aten_sspaddmm_cpu/debuf.mlir,37cef9ae1263fb2322d65336513955d5c0e8a2cc889c5ab79cb2de5c9bcd96fb,syntactic,5,ok,0,1006.6710412502289,0,"[""/usr/bin/python3"", ""/home/arjaiswal/Polygeist/scripts/correctness/kernel_match_rewrite.py"", ""/home/arjaiswal/Polygeist/issues/aten_c_kernels/results/aten_sspaddmm_cpu/debuf.mlir"", ""--dry-run"", ""--matcher-mode"", ""syntactic"", ""--telemetry-json"", ""/home/arjaiswal/Polygeist/issues/equality_saturation_eval/campaign_20260908/aten-aten_sspaddmm_cpu-syntactic-4p90vgti.json"", ""--disable-semantic-fallback""]","== match report for /home/arjaiswal/Polygeist/issues/aten_c_kernels/results/aten_sspaddmm_cpu/debuf.mlir ==
  match          body#[0]  memset_zero_2D_f32
  total: 1 matched / 1 bodies
",0,[],0,0,0,0,/home/arjaiswal/Polygeist/issues/aten_c_kernels/results/aten_sspaddmm_cpu/debuf.mlir,3265,0,1,1,461.7186672985554,0,64696,0.029325485229492188,0,2,0,0,"[{""body_indices"": [0], ""symbol"": ""memset_zero_2D_f32""}]",1,0,4,0.0,4
aten,aten_stack_serial_cpu,/home/arjaiswal/Polygeist/issues/aten_c_kernels/results/aten_stack_serial_cpu/debuf.mlir,b7f7832c7582eed9d842845d43805bb0e359e6654ac1ffd21af4ea6a05446391,syntactic,1,ok,0,809.5418885350227,0,"[""/usr/bin/python3"", ""/home/arjaiswal/Polygeist/scripts/correctness/kernel_match_rewrite.py"", ""/home/arjaiswal/Polygeist/issues/aten_c_kernels/results/aten_stack_serial_cpu/debuf.mlir"", ""--dry-run"", ""--matcher-mode"", ""syntactic"", ""--telemetry-json"", ""/home/arjaiswal/Polygeist/issues/equality_saturation_eval/campaign_20260908/aten-aten_stack_serial_cpu-syntactic-ichkqh9u.json"", ""--disable-semantic-fallback""]","== match report for /home/arjaiswal/Polygeist/issues/aten_c_kernels/results/aten_stack_serial_cpu/debuf.mlir ==
  match          body#[0]  cutensorPermute_f32_r3_tensor
  total: 1 matched / 1 bodies
",0,[],0,0,0,0,/home/arjaiswal/Polygeist/issues/aten_c_kernels/results/aten_stack_serial_cpu/debuf.mlir,2424,0,1,1,320.36200165748596,0,65720,0.061567872762680054,0,1,0,0,"[{""body_indices"": [0], ""symbol"": ""cutensorPermute_f32_r3_tensor""}]",1,0,25,0.0,25
aten,aten_stack_serial_cpu,/home/arjaiswal/Polygeist/issues/aten_c_kernels/results/aten_stack_serial_cpu/debuf.mlir,b7f7832c7582eed9d842845d43805bb0e359e6654ac1ffd21af4ea6a05446391,egglog,1,ok,0,825.3799416124821,0,"[""/usr/bin/python3"", ""/home/arjaiswal/Polygeist/scripts/correctness/kernel_match_rewrite.py"", ""/home/arjaiswal/Polygeist/issues/aten_c_kernels/results/aten_stack_serial_cpu/debuf.mlir"", ""--dry-run"", ""--matcher-mode"", ""egglog"", ""--telemetry-json"", ""/home/arjaiswal/Polygeist/issues/equality_saturation_eval/campaign_20260908/aten-aten_stack_serial_cpu-egglog-lo83_fsx.json"", ""--disable-semantic-fallback""]","== match report for /home/arjaiswal/Polygeist/issues/aten_c_kernels/results/aten_stack_serial_cpu/debuf.mlir ==
  match          body#[0]  cutensorPermute_f32_r3_tensor
  total: 1 matched / 1 bodies
",0,[],0,0,0,0,/home/arjaiswal/Polygeist/issues/aten_c_kernels/results/aten_stack_serial_cpu/debuf.mlir,2424,8,1,1,346.3149480521679,0,68324,11.29254698753357,1,1,0,0,"[{""body_indices"": [0], ""symbol"": ""cutensorPermute_f32_r3_tensor""}]",1,0,0,0.0,25
aten,aten_stack_serial_cpu,/home/arjaiswal/Polygeist/issues/aten_c_kernels/results/aten_stack_serial_cpu/debuf.mlir,b7f7832c7582eed9d842845d43805bb0e359e6654ac1ffd21af4ea6a05446391,egglog,2,ok,0,791.238110512495,0,"[""/usr/bin/python3"", ""/home/arjaiswal/Polygeist/scripts/correctness/kernel_match_rewrite.py"", ""/home/arjaiswal/Polygeist/issues/aten_c_kernels/results/aten_stack_serial_cpu/debuf.mlir"", ""--dry-run"", ""--matcher-mode"", ""egglog"", ""--telemetry-json"", ""/home/arjaiswal/Polygeist/issues/equality_saturation_eval/campaign_20260908/aten-aten_stack_serial_cpu-egglog-674a4dox.json"", ""--disable-semantic-fallback""]","== match report for /home/arjaiswal/Polygeist/issues/aten_c_kernels/results/aten_stack_serial_cpu/debuf.mlir ==
  match          body#[0]  cutensorPermute_f32_r3_tensor
  total: 1 matched / 1 bodies
",0,[],0,0,0,0,/home/arjaiswal/Polygeist/issues/aten_c_kernels/results/aten_stack_serial_cpu/debuf.mlir,2424,8,1,1,345.7975424826145,0,68456,11.414721608161926,1,1,0,0,"[{""body_indices"": [0], ""symbol"": ""cutensorPermute_f32_r3_tensor""}]",1,0,0,0.0,25
aten,aten_stack_serial_cpu,/home/arjaiswal/Polygeist/issues/aten_c_kernels/results/aten_stack_serial_cpu/debuf.mlir,b7f7832c7582eed9d842845d43805bb0e359e6654ac1ffd21af4ea6a05446391,syntactic,2,ok,0,743.3385401964188,0,"[""/usr/bin/python3"", ""/home/arjaiswal/Polygeist/scripts/correctness/kernel_match_rewrite.py"", ""/home/arjaiswal/Polygeist/issues/aten_c_kernels/results/aten_stack_serial_cpu/debuf.mlir"", ""--dry-run"", ""--matcher-mode"", ""syntactic"", ""--telemetry-json"", ""/home/arjaiswal/Polygeist/issues/equality_saturation_eval/campaign_20260908/aten-aten_stack_serial_cpu-syntactic-if831nka.json"", ""--disable-semantic-fallback""]","== match report for /home/arjaiswal/Polygeist/issues/aten_c_kernels/results/aten_stack_serial_cpu/debuf.mlir ==
  match          body#[0]  cutensorPermute_f32_r3_tensor
  total: 1 matched / 1 bodies
",0,[],0,0,0,0,/home/arjaiswal/Polygeist/issues/aten_c_kernels/results/aten_stack_serial_cpu/debuf.mlir,2424,0,1,1,315.92928245663643,0,65528,0.06612390279769897,0,1,0,0,"[{""body_indices"": [0], ""symbol"": ""cutensorPermute_f32_r3_tensor""}]",1,0,25,0.0,25
aten,aten_stack_serial_cpu,/home/arjaiswal/Polygeist/issues/aten_c_kernels/results/aten_stack_serial_cpu/debuf.mlir,b7f7832c7582eed9d842845d43805bb0e359e6654ac1ffd21af4ea6a05446391,syntactic,3,ok,0,781.0198254883289,0,"[""/usr/bin/python3"", ""/home/arjaiswal/Polygeist/scripts/correctness/kernel_match_rewrite.py"", ""/home/arjaiswal/Polygeist/issues/aten_c_kernels/results/aten_stack_serial_cpu/debuf.mlir"", ""--dry-run"", ""--matcher-mode"", ""syntactic"", ""--telemetry-json"", ""/home/arjaiswal/Polygeist/issues/equality_saturation_eval/campaign_20260908/aten-aten_stack_serial_cpu-syntactic-n533v_ex.json"", ""--disable-semantic-fallback""]","== match report for /home/arjaiswal/Polygeist/issues/aten_c_kernels/results/aten_stack_serial_cpu/debuf.mlir ==
  match          body#[0]  cutensorPermute_f32_r3_tensor
  total: 1 matched / 1 bodies
",0,[],0,0,0,0,/home/arjaiswal/Polygeist/issues/aten_c_kernels/results/aten_stack_serial_cpu/debuf.mlir,2424,0,1,1,349.1796739399433,0,65784,0.07297471165657043,0,1,0,0,"[{""body_indices"": [0], ""symbol"": ""cutensorPermute_f32_r3_tensor""}]",1,0,25,0.0,25
aten,aten_stack_serial_cpu,/home/arjaiswal/Polygeist/issues/aten_c_kernels/results/aten_stack_serial_cpu/debuf.mlir,b7f7832c7582eed9d842845d43805bb0e359e6654ac1ffd21af4ea6a05446391,egglog,3,ok,0,758.8646709918976,0,"[""/usr/bin/python3"", ""/home/arjaiswal/Polygeist/scripts/correctness/kernel_match_rewrite.py"", ""/home/arjaiswal/Polygeist/issues/aten_c_kernels/results/aten_stack_serial_cpu/debuf.mlir"", ""--dry-run"", ""--matcher-mode"", ""egglog"", ""--telemetry-json"", ""/home/arjaiswal/Polygeist/issues/equality_saturation_eval/campaign_20260908/aten-aten_stack_serial_cpu-egglog-nqy8yzc2.json"", ""--disable-semantic-fallback""]","== match report for /home/arjaiswal/Polygeist/issues/aten_c_kernels/results/aten_stack_serial_cpu/debuf.mlir ==
  match          body#[0]  cutensorPermute_f32_r3_tensor
  total: 1 matched / 1 bodies
",0,[],0,0,0,0,/home/arjaiswal/Polygeist/issues/aten_c_kernels/results/aten_stack_serial_cpu/debuf.mlir,2424,8,1,1,332.86287635564804,0,68020,11.482559144496918,1,1,0,0,"[{""body_indices"": [0], ""symbol"": ""cutensorPermute_f32_r3_tensor""}]",1,0,0,0.0,25
aten,aten_stack_serial_cpu,/home/arjaiswal/Polygeist/issues/aten_c_kernels/results/aten_stack_serial_cpu/debuf.mlir,b7f7832c7582eed9d842845d43805bb0e359e6654ac1ffd21af4ea6a05446391,egglog,4,ok,0,784.7761884331703,0,"[""/usr/bin/python3"", ""/home/arjaiswal/Polygeist/scripts/correctness/kernel_match_rewrite.py"", ""/home/arjaiswal/Polygeist/issues/aten_c_kernels/results/aten_stack_serial_cpu/debuf.mlir"", ""--dry-run"", ""--matcher-mode"", ""egglog"", ""--telemetry-json"", ""/home/arjaiswal/Polygeist/issues/equality_saturation_eval/campaign_20260908/aten-aten_stack_serial_cpu-egglog-_yxxmaew.json"", ""--disable-semantic-fallback""]","== match report for /home/arjaiswal/Polygeist/issues/aten_c_kernels/results/aten_stack_serial_cpu/debuf.mlir ==
  match          body#[0]  cutensorPermute_f32_r3_tensor
  total: 1 matched / 1 bodies
",0,[],0,0,0,0,/home/arjaiswal/Polygeist/issues/aten_c_kernels/results/aten_stack_serial_cpu/debuf.mlir,2424,8,1,1,343.762531876564,0,68388,11.092312633991241,1,1,0,0,"[{""body_indices"": [0], ""symbol"": ""cutensorPermute_f32_r3_tensor""}]",1,0,0,0.0,25
aten,aten_stack_serial_cpu,/home/arjaiswal/Polygeist/issues/aten_c_kernels/results/aten_stack_serial_cpu/debuf.mlir,b7f7832c7582eed9d842845d43805bb0e359e6654ac1ffd21af4ea6a05446391,syntactic,4,ok,0,850.3930643200874,0,"[""/usr/bin/python3"", ""/home/arjaiswal/Polygeist/scripts/correctness/kernel_match_rewrite.py"", ""/home/arjaiswal/Polygeist/issues/aten_c_kernels/results/aten_stack_serial_cpu/debuf.mlir"", ""--dry-run"", ""--matcher-mode"", ""syntactic"", ""--telemetry-json"", ""/home/arjaiswal/Polygeist/issues/equality_saturation_eval/campaign_20260908/aten-aten_stack_serial_cpu-syntactic-bjzgo9jv.json"", ""--disable-semantic-fallback""]","== match report for /home/arjaiswal/Polygeist/issues/aten_c_kernels/results/aten_stack_serial_cpu/debuf.mlir ==
  match          body#[0]  cutensorPermute_f32_r3_tensor
  total: 1 matched / 1 bodies
",0,[],0,0,0,0,/home/arjaiswal/Polygeist/issues/aten_c_kernels/results/aten_stack_serial_cpu/debuf.mlir,2424,0,1,1,411.1117459833622,0,65408,0.07470324635505676,0,1,0,0,"[{""body_indices"": [0], ""symbol"": ""cutensorPermute_f32_r3_tensor""}]",1,0,25,0.0,25
aten,aten_stack_serial_cpu,/home/arjaiswal/Polygeist/issues/aten_c_kernels/results/aten_stack_serial_cpu/debuf.mlir,b7f7832c7582eed9d842845d43805bb0e359e6654ac1ffd21af4ea6a05446391,syntactic,5,ok,0,711.5122862160206,0,"[""/usr/bin/python3"", ""/home/arjaiswal/Polygeist/scripts/correctness/kernel_match_rewrite.py"", ""/home/arjaiswal/Polygeist/issues/aten_c_kernels/results/aten_stack_serial_cpu/debuf.mlir"", ""--dry-run"", ""--matcher-mode"", ""syntactic"", ""--telemetry-json"", ""/home/arjaiswal/Polygeist/issues/equality_saturation_eval/campaign_20260908/aten-aten_stack_serial_cpu-syntactic-qgr42dr7.json"", ""--disable-semantic-fallback""]","== match report for /home/arjaiswal/Polygeist/issues/aten_c_kernels/results/aten_stack_serial_cpu/debuf.mlir ==
  match          body#[0]  cutensorPermute_f32_r3_tensor
  total: 1 matched / 1 bodies
",0,[],0,0,0,0,/home/arjaiswal/Polygeist/issues/aten_c_kernels/results/aten_stack_serial_cpu/debuf.mlir,2424,0,1,1,306.3529171049595,0,65508,0.05906820297241211,0,1,0,0,"[{""body_indices"": [0], ""symbol"": ""cutensorPermute_f32_r3_tensor""}]",1,0,25,0.0,25
aten,aten_stack_serial_cpu,/home/arjaiswal/Polygeist/issues/aten_c_kernels/results/aten_stack_serial_cpu/debuf.mlir,b7f7832c7582eed9d842845d43805bb0e359e6654ac1ffd21af4ea6a05446391,egglog,5,ok,0,761.7613933980465,0,"[""/usr/bin/python3"", ""/home/arjaiswal/Polygeist/scripts/correctness/kernel_match_rewrite.py"", ""/home/arjaiswal/Polygeist/issues/aten_c_kernels/results/aten_stack_serial_cpu/debuf.mlir"", ""--dry-run"", ""--matcher-mode"", ""egglog"", ""--telemetry-json"", ""/home/arjaiswal/Polygeist/issues/equality_saturation_eval/campaign_20260908/aten-aten_stack_serial_cpu-egglog-gec05yh1.json"", ""--disable-semantic-fallback""]","== match report for /home/arjaiswal/Polygeist/issues/aten_c_kernels/results/aten_stack_serial_cpu/debuf.mlir ==
  match          body#[0]  cutensorPermute_f32_r3_tensor
  total: 1 matched / 1 bodies
",0,[],0,0,0,0,/home/arjaiswal/Polygeist/issues/aten_c_kernels/results/aten_stack_serial_cpu/debuf.mlir,2424,8,1,1,332.54212513566017,0,68208,11.157948523759842,1,1,0,0,"[{""body_indices"": [0], ""symbol"": ""cutensorPermute_f32_r3_tensor""}]",1,0,0,0.0,25
aten,aten_standard_gamma_grad_cpu,/home/arjaiswal/Polygeist/issues/aten_c_kernels/results/aten_standard_gamma_grad_cpu/debuf.mlir,b0e1e4b8cec8f8739e95911b3acf50c71f97f097eedd7ddab65779f209f2266f,egglog,1,ok,0,755.9790313243866,0,"[""/usr/bin/python3"", ""/home/arjaiswal/Polygeist/scripts/correctness/kernel_match_rewrite.py"", ""/home/arjaiswal/Polygeist/issues/aten_c_kernels/results/aten_standard_gamma_grad_cpu/debuf.mlir"", ""--dry-run"", ""--matcher-mode"", ""egglog"", ""--telemetry-json"", ""/home/arjaiswal/Polygeist/issues/equality_saturation_eval/campaign_20260908/aten-aten_standard_gamma_grad_cpu-egglog-aqoeewyp.json"", ""--disable-semantic-fallback""]","== match report for /home/arjaiswal/Polygeist/issues/aten_c_kernels/results/aten_standard_gamma_grad_cpu/debuf.mlir ==
  match          body#[0]  cudnnPointwiseGraph_f32
  total: 1 matched / 1 bodies
",0,[],0,0,0,0,/home/arjaiswal/Polygeist/issues/aten_c_kernels/results/aten_standard_gamma_grad_cpu/debuf.mlir,2217,8,1,1,331.9373019039631,0,66020,0.0,0,0,0,0,"[{""body_indices"": [0], ""symbol"": ""cudnnPointwiseGraph_f32""}]",1,0,0,0.0,6
aten,aten_standard_gamma_grad_cpu,/home/arjaiswal/Polygeist/issues/aten_c_kernels/results/aten_standard_gamma_grad_cpu/debuf.mlir,b0e1e4b8cec8f8739e95911b3acf50c71f97f097eedd7ddab65779f209f2266f,syntactic,1,ok,0,754.8842318356037,0,"[""/usr/bin/python3"", ""/home/arjaiswal/Polygeist/scripts/correctness/kernel_match_rewrite.py"", ""/home/arjaiswal/Polygeist/issues/aten_c_kernels/results/aten_standard_gamma_grad_cpu/debuf.mlir"", ""--dry-run"", ""--matcher-mode"", ""syntactic"", ""--telemetry-json"", ""/home/arjaiswal/Polygeist/issues/equality_saturation_eval/campaign_20260908/aten-aten_standard_gamma_grad_cpu-syntactic-zo_jirba.json"", ""--disable-semantic-fallback""]","== match report for /home/arjaiswal/Polygeist/issues/aten_c_kernels/results/aten_standard_gamma_grad_cpu/debuf.mlir ==
  match          body#[0]  cudnnPointwiseGraph_f32
  total: 1 matched / 1 bodies
",0,[],0,0,0,0,/home/arjaiswal/Polygeist/issues/aten_c_kernels/results/aten_standard_gamma_grad_cpu/debuf.mlir,2217,0,1,1,315.6864456832409,0,65848,0.02489611506462097,0,0,0,0,"[{""body_indices"": [0], ""symbol"": ""cudnnPointwiseGraph_f32""}]",1,0,6,0.0,6
aten,aten_standard_gamma_grad_cpu,/home/arjaiswal/Polygeist/issues/aten_c_kernels/results/aten_standard_gamma_grad_cpu/debuf.mlir,b0e1e4b8cec8f8739e95911b3acf50c71f97f097eedd7ddab65779f209f2266f,syntactic,2,ok,0,753.571480512619,0,"[""/usr/bin/python3"", ""/home/arjaiswal/Polygeist/scripts/correctness/kernel_match_rewrite.py"", ""/home/arjaiswal/Polygeist/issues/aten_c_kernels/results/aten_standard_gamma_grad_cpu/debuf.mlir"", ""--dry-run"", ""--matcher-mode"", ""syntactic"", ""--telemetry-json"", ""/home/arjaiswal/Polygeist/issues/equality_saturation_eval/campaign_20260908/aten-aten_standard_gamma_grad_cpu-syntactic-_q3l_62s.json"", ""--disable-semantic-fallback""]","== match report for /home/arjaiswal/Polygeist/issues/aten_c_kernels/results/aten_standard_gamma_grad_cpu/debuf.mlir ==
  match          body#[0]  cudnnPointwiseGraph_f32
  total: 1 matched / 1 bodies
",0,[],0,0,0,0,/home/arjaiswal/Polygeist/issues/aten_c_kernels/results/aten_standard_gamma_grad_cpu/debuf.mlir,2217,0,1,1,310.51080301404,0,65772,0.026930123567581177,0,0,0,0,"[{""body_indices"": [0], ""symbol"": ""cudnnPointwiseGraph_f32""}]",1,0,6,0.0,6
aten,aten_standard_gamma_grad_cpu,/home/arjaiswal/Polygeist/issues/aten_c_kernels/results/aten_standard_gamma_grad_cpu/debuf.mlir,b0e1e4b8cec8f8739e95911b3acf50c71f97f097eedd7ddab65779f209f2266f,egglog,2,ok,0,812.4374598264694,0,"[""/usr/bin/python3"", ""/home/arjaiswal/Polygeist/scripts/correctness/kernel_match_rewrite.py"", ""/home/arjaiswal/Polygeist/issues/aten_c_kernels/results/aten_standard_gamma_grad_cpu/debuf.mlir"", ""--dry-run"", ""--matcher-mode"", ""egglog"", ""--telemetry-json"", ""/home/arjaiswal/Polygeist/issues/equality_saturation_eval/campaign_20260908/aten-aten_standard_gamma_grad_cpu-egglog-i_n9m1eb.json"", ""--disable-semantic-fallback""]","== match report for /home/arjaiswal/Polygeist/issues/aten_c_kernels/results/aten_standard_gamma_grad_cpu/debuf.mlir ==
  match          body#[0]  cudnnPointwiseGraph_f32
  total: 1 matched / 1 bodies
",0,[],0,0,0,0,/home/arjaiswal/Polygeist/issues/aten_c_kernels/results/aten_standard_gamma_grad_cpu/debuf.mlir,2217,8,1,1,362.9549518227577,0,66016,0.0,0,0,0,0,"[{""body_indices"": [0], ""symbol"": ""cudnnPointwiseGraph_f32""}]",1,0,0,0.0,6
aten,aten_standard_gamma_grad_cpu,/home/arjaiswal/Polygeist/issues/aten_c_kernels/results/aten_standard_gamma_grad_cpu/debuf.mlir,b0e1e4b8cec8f8739e95911b3acf50c71f97f097eedd7ddab65779f209f2266f,egglog,3,ok,0,777.5639779865742,0,"[""/usr/bin/python3"", ""/home/arjaiswal/Polygeist/scripts/correctness/kernel_match_rewrite.py"", ""/home/arjaiswal/Polygeist/issues/aten_c_kernels/results/aten_standard_gamma_grad_cpu/debuf.mlir"", ""--dry-run"", ""--matcher-mode"", ""egglog"", ""--telemetry-json"", ""/home/arjaiswal/Polygeist/issues/equality_saturation_eval/campaign_20260908/aten-aten_standard_gamma_grad_cpu-egglog-37zl6gta.json"", ""--disable-semantic-fallback""]","== match report for /home/arjaiswal/Polygeist/issues/aten_c_kernels/results/aten_standard_gamma_grad_cpu/debuf.mlir ==
  match          body#[0]  cudnnPointwiseGraph_f32
  total: 1 matched / 1 bodies
",0,[],0,0,0,0,/home/arjaiswal/Polygeist/issues/aten_c_kernels/results/aten_standard_gamma_grad_cpu/debuf.mlir,2217,8,1,1,305.5626377463341,0,65752,0.0,0,0,0,0,"[{""body_indices"": [0], ""symbol"": ""cudnnPointwiseGraph_f32""}]",1,0,0,0.0,6
aten,aten_standard_gamma_grad_cpu,/home/arjaiswal/Polygeist/issues/aten_c_kernels/results/aten_standard_gamma_grad_cpu/debuf.mlir,b0e1e4b8cec8f8739e95911b3acf50c71f97f097eedd7ddab65779f209f2266f,syntactic,3,ok,0,720.9650091826916,0,"[""/usr/bin/python3"", ""/home/arjaiswal/Polygeist/scripts/correctness/kernel_match_rewrite.py"", ""/home/arjaiswal/Polygeist/issues/aten_c_kernels/results/aten_standard_gamma_grad_cpu/debuf.mlir"", ""--dry-run"", ""--matcher-mode"", ""syntactic"", ""--telemetry-json"", ""/home/arjaiswal/Polygeist/issues/equality_saturation_eval/campaign_20260908/aten-aten_standard_gamma_grad_cpu-syntactic-d0zz45_l.json"", ""--disable-semantic-fallback""]","== match report for /home/arjaiswal/Polygeist/issues/aten_c_kernels/results/aten_standard_gamma_grad_cpu/debuf.mlir ==
  match          body#[0]  cudnnPointwiseGraph_f32
  total: 1 matched / 1 bodies
",0,[],0,0,0,0,/home/arjaiswal/Polygeist/issues/aten_c_kernels/results/aten_standard_gamma_grad_cpu/debuf.mlir,2217,0,1,1,316.5849968791008,0,65784,0.027351081371307373,0,0,0,0,"[{""body_indices"": [0], ""symbol"": ""cudnnPointwiseGraph_f32""}]",1,0,6,0.0,6
aten,aten_standard_gamma_grad_cpu,/home/arjaiswal/Polygeist/issues/aten_c_kernels/results/aten_standard_gamma_grad_cpu/debuf.mlir,b0e1e4b8cec8f8739e95911b3acf50c71f97f097eedd7ddab65779f209f2266f,syntactic,4,ok,0,706.1895504593849,0,"[""/usr/bin/python3"", ""/home/arjaiswal/Polygeist/scripts/correctness/kernel_match_rewrite.py"", ""/home/arjaiswal/Polygeist/issues/aten_c_kernels/results/aten_standard_gamma_grad_cpu/debuf.mlir"", ""--dry-run"", ""--matcher-mode"", ""syntactic"", ""--telemetry-json"", ""/home/arjaiswal/Polygeist/issues/equality_saturation_eval/campaign_20260908/aten-aten_standard_gamma_grad_cpu-syntactic-ayw0jwsp.json"", ""--disable-semantic-fallback""]","== match report for /home/arjaiswal/Polygeist/issues/aten_c_kernels/results/aten_standard_gamma_grad_cpu/debuf.mlir ==
  match          body#[0]  cudnnPointwiseGraph_f32
  total: 1 matched / 1 bodies
",0,[],0,0,0,0,/home/arjaiswal/Polygeist/issues/aten_c_kernels/results/aten_standard_gamma_grad_cpu/debuf.mlir,2217,0,1,1,296.66948691010475,0,65960,0.024139881134033203,0,0,0,0,"[{""body_indices"": [0], ""symbol"": ""cudnnPointwiseGraph_f32""}]",1,0,6,0.0,6
aten,aten_standard_gamma_grad_cpu,/home/arjaiswal/Polygeist/issues/aten_c_kernels/results/aten_standard_gamma_grad_cpu/debuf.mlir,b0e1e4b8cec8f8739e95911b3acf50c71f97f097eedd7ddab65779f209f2266f,egglog,4,ok,0,709.9504321813583,0,"[""/usr/bin/python3"", ""/home/arjaiswal/Polygeist/scripts/correctness/kernel_match_rewrite.py"", ""/home/arjaiswal/Polygeist/issues/aten_c_kernels/results/aten_standard_gamma_grad_cpu/debuf.mlir"", ""--dry-run"", ""--matcher-mode"", ""egglog"", ""--telemetry-json"", ""/home/arjaiswal/Polygeist/issues/equality_saturation_eval/campaign_20260908/aten-aten_standard_gamma_grad_cpu-egglog-49zw1hs5.json"", ""--disable-semantic-fallback""]","== match report for /home/arjaiswal/Polygeist/issues/aten_c_kernels/results/aten_standard_gamma_grad_cpu/debuf.mlir ==
  match          body#[0]  cudnnPointwiseGraph_f32
  total: 1 matched / 1 bodies
",0,[],0,0,0,0,/home/arjaiswal/Polygeist/issues/aten_c_kernels/results/aten_standard_gamma_grad_cpu/debuf.mlir,2217,8,1,1,302.7934171259403,0,66084,0.0,0,0,0,0,"[{""body_indices"": [0], ""symbol"": ""cudnnPointwiseGraph_f32""}]",1,0,0,0.0,6
aten,aten_standard_gamma_grad_cpu,/home/arjaiswal/Polygeist/issues/aten_c_kernels/results/aten_standard_gamma_grad_cpu/debuf.mlir,b0e1e4b8cec8f8739e95911b3acf50c71f97f097eedd7ddab65779f209f2266f,egglog,5,ok,0,727.9097102582455,0,"[""/usr/bin/python3"", ""/home/arjaiswal/Polygeist/scripts/correctness/kernel_match_rewrite.py"", ""/home/arjaiswal/Polygeist/issues/aten_c_kernels/results/aten_standard_gamma_grad_cpu/debuf.mlir"", ""--dry-run"", ""--matcher-mode"", ""egglog"", ""--telemetry-json"", ""/home/arjaiswal/Polygeist/issues/equality_saturation_eval/campaign_20260908/aten-aten_standard_gamma_grad_cpu-egglog-8hgxl0nt.json"", ""--disable-semantic-fallback""]","== match report for /home/arjaiswal/Polygeist/issues/aten_c_kernels/results/aten_standard_gamma_grad_cpu/debuf.mlir ==
  match          body#[0]  cudnnPointwiseGraph_f32
  total: 1 matched / 1 bodies
",0,[],0,0,0,0,/home/arjaiswal/Polygeist/issues/aten_c_kernels/results/aten_standard_gamma_grad_cpu/debuf.mlir,2217,8,1,1,312.3796433210373,0,65892,0.0,0,0,0,0,"[{""body_indices"": [0], ""symbol"": ""cudnnPointwiseGraph_f32""}]",1,0,0,0.0,6
aten,aten_standard_gamma_grad_cpu,/home/arjaiswal/Polygeist/issues/aten_c_kernels/results/aten_standard_gamma_grad_cpu/debuf.mlir,b0e1e4b8cec8f8739e95911b3acf50c71f97f097eedd7ddab65779f209f2266f,syntactic,5,ok,0,749.6589496731758,0,"[""/usr/bin/python3"", ""/home/arjaiswal/Polygeist/scripts/correctness/kernel_match_rewrite.py"", ""/home/arjaiswal/Polygeist/issues/aten_c_kernels/results/aten_standard_gamma_grad_cpu/debuf.mlir"", ""--dry-run"", ""--matcher-mode"", ""syntactic"", ""--telemetry-json"", ""/home/arjaiswal/Polygeist/issues/equality_saturation_eval/campaign_20260908/aten-aten_standard_gamma_grad_cpu-syntactic-t8nofczg.json"", ""--disable-semantic-fallback""]","== match report for /home/arjaiswal/Polygeist/issues/aten_c_kernels/results/aten_standard_gamma_grad_cpu/debuf.mlir ==
  match          body#[0]  cudnnPointwiseGraph_f32
  total: 1 matched / 1 bodies
",0,[],0,0,0,0,/home/arjaiswal/Polygeist/issues/aten_c_kernels/results/aten_standard_gamma_grad_cpu/debuf.mlir,2217,0,1,1,318.28055158257484,0,66016,0.041250139474868774,0,0,0,0,"[{""body_indices"": [0], ""symbol"": ""cudnnPointwiseGraph_f32""}]",1,0,6,0.0,6
aten,aten_std_var_all_cpu,/home/arjaiswal/Polygeist/issues/aten_c_kernels/results/aten_std_var_all_cpu/debuf.mlir,aef880aaeb989a98e814d1547781115dde184ba82d57710993abf6137f0b5e99,syntactic,1,ok,0,873.5155910253525,0,"[""/usr/bin/python3"", ""/home/arjaiswal/Polygeist/scripts/correctness/kernel_match_rewrite.py"", ""/home/arjaiswal/Polygeist/issues/aten_c_kernels/results/aten_std_var_all_cpu/debuf.mlir"", ""--dry-run"", ""--matcher-mode"", ""syntactic"", ""--telemetry-json"", ""/home/arjaiswal/Polygeist/issues/equality_saturation_eval/campaign_20260908/aten-aten_std_var_all_cpu-syntactic-m2g5si4k.json"", ""--disable-semantic-fallback""]","== match report for /home/arjaiswal/Polygeist/issues/aten_c_kernels/results/aten_std_var_all_cpu/debuf.mlir ==
  match          body#[0]  cudnnReduceSum_f32
  no_match       body#1  ?
  total: 1 matched / 2 bodies
",0,[],0,0,0,0,/home/arjaiswal/Polygeist/issues/aten_c_kernels/results/aten_std_var_all_cpu/debuf.mlir,2822,0,2,1,387.61721178889275,1,65972,0.09177252650260925,0,2,0,0,"[{""body_indices"": [0], ""symbol"": ""cudnnReduceSum_f32""}]",1,0,18,0.0,18
aten,aten_std_var_all_cpu,/home/arjaiswal/Polygeist/issues/aten_c_kernels/results/aten_std_var_all_cpu/debuf.mlir,aef880aaeb989a98e814d1547781115dde184ba82d57710993abf6137f0b5e99,egglog,1,ok,0,803.5512343049049,0,"[""/usr/bin/python3"", ""/home/arjaiswal/Polygeist/scripts/correctness/kernel_match_rewrite.py"", ""/home/arjaiswal/Polygeist/issues/aten_c_kernels/results/aten_std_var_all_cpu/debuf.mlir"", ""--dry-run"", ""--matcher-mode"", ""egglog"", ""--telemetry-json"", ""/home/arjaiswal/Polygeist/issues/equality_saturation_eval/campaign_20260908/aten-aten_std_var_all_cpu-egglog-7y3ww_nk.json"", ""--disable-semantic-fallback""]","== match report for /home/arjaiswal/Polygeist/issues/aten_c_kernels/results/aten_std_var_all_cpu/debuf.mlir ==
  match          body#[0]  cudnnReduceSum_f32
  no_match       body#1  ?
  total: 1 matched / 2 bodies
",0,[],0,0,0,0,/home/arjaiswal/Polygeist/issues/aten_c_kernels/results/aten_std_var_all_cpu/debuf.mlir,2822,8,2,1,367.73839220404625,1,70128,25.603488087654114,2,2,0,4,"[{""body_indices"": [0], ""symbol"": ""cudnnReduceSum_f32""}]",1,0,0,0.0,18
aten,aten_std_var_all_cpu,/home/arjaiswal/Polygeist/issues/aten_c_kernels/results/aten_std_var_all_cpu/debuf.mlir,aef880aaeb989a98e814d1547781115dde184ba82d57710993abf6137f0b5e99,egglog,2,ok,0,839.667834341526,0,"[""/usr/bin/python3"", ""/home/arjaiswal/Polygeist/scripts/correctness/kernel_match_rewrite.py"", ""/home/arjaiswal/Polygeist/issues/aten_c_kernels/results/aten_std_var_all_cpu/debuf.mlir"", ""--dry-run"", ""--matcher-mode"", ""egglog"", ""--telemetry-json"", ""/home/arjaiswal/Polygeist/issues/equality_saturation_eval/campaign_20260908/aten-aten_std_var_all_cpu-egglog-82n_bs34.json"", ""--disable-semantic-fallback""]","== match report for /home/arjaiswal/Polygeist/issues/aten_c_kernels/results/aten_std_var_all_cpu/debuf.mlir ==
  match          body#[0]  cudnnReduceSum_f32
  no_match       body#1  ?
  total: 1 matched / 2 bodies
",0,[],0,0,0,0,/home/arjaiswal/Polygeist/issues/aten_c_kernels/results/aten_std_var_all_cpu/debuf.mlir,2822,8,2,1,415.76845198869705,1,70260,21.472617983818054,2,2,0,4,"[{""body_indices"": [0], ""symbol"": ""cudnnReduceSum_f32""}]",1,0,0,0.0,18
aten,aten_std_var_all_cpu,/home/arjaiswal/Polygeist/issues/aten_c_kernels/results/aten_std_var_all_cpu/debuf.mlir,aef880aaeb989a98e814d1547781115dde184ba82d57710993abf6137f0b5e99,syntactic,2,ok,0,745.6494905054569,0,"[""/usr/bin/python3"", ""/home/arjaiswal/Polygeist/scripts/correctness/kernel_match_rewrite.py"", ""/home/arjaiswal/Polygeist/issues/aten_c_kernels/results/aten_std_var_all_cpu/debuf.mlir"", ""--dry-run"", ""--matcher-mode"", ""syntactic"", ""--telemetry-json"", ""/home/arjaiswal/Polygeist/issues/equality_saturation_eval/campaign_20260908/aten-aten_std_var_all_cpu-syntactic-yf4f1tkj.json"", ""--disable-semantic-fallback""]","== match report for /home/arjaiswal/Polygeist/issues/aten_c_kernels/results/aten_std_var_all_cpu/debuf.mlir ==
  match          body#[0]  cudnnReduceSum_f32
  no_match       body#1  ?
  total: 1 matched / 2 bodies
",0,[],0,0,0,0,/home/arjaiswal/Polygeist/issues/aten_c_kernels/results/aten_std_var_all_cpu/debuf.mlir,2822,0,2,1,334.8681479692459,1,65900,0.07264316082000732,0,2,0,0,"[{""body_indices"": [0], ""symbol"": ""cudnnReduceSum_f32""}]",1,0,18,0.0,18
aten,aten_std_var_all_cpu,/home/arjaiswal/Polygeist/issues/aten_c_kernels/results/aten_std_var_all_cpu/debuf.mlir,aef880aaeb989a98e814d1547781115dde184ba82d57710993abf6137f0b5e99,syntactic,3,ok,0,771.3805884122849,0,"[""/usr/bin/python3"", ""/home/arjaiswal/Polygeist/scripts/correctness/kernel_match_rewrite.py"", ""/home/arjaiswal/Polygeist/issues/aten_c_kernels/results/aten_std_var_all_cpu/debuf.mlir"", ""--dry-run"", ""--matcher-mode"", ""syntactic"", ""--telemetry-json"", ""/home/arjaiswal/Polygeist/issues/equality_saturation_eval/campaign_20260908/aten-aten_std_var_all_cpu-syntactic-mn_hgesw.json"", ""--disable-semantic-fallback""]","== match report for /home/arjaiswal/Polygeist/issues/aten_c_kernels/results/aten_std_var_all_cpu/debuf.mlir ==
  match          body#[0]  cudnnReduceSum_f32
  no_match       body#1  ?
  total: 1 matched / 2 bodies
",0,[],0,0,0,0,/home/arjaiswal/Polygeist/issues/aten_c_kernels/results/aten_std_var_all_cpu/debuf.mlir,2822,0,2,1,350.39224848151207,1,65968,0.07405132055282593,0,2,0,0,"[{""body_indices"": [0], ""symbol"": ""cudnnReduceSum_f32""}]",1,0,18,0.0,18
aten,aten_std_var_all_cpu,/home/arjaiswal/Polygeist/issues/aten_c_kernels/results/aten_std_var_all_cpu/debuf.mlir,aef880aaeb989a98e814d1547781115dde184ba82d57710993abf6137f0b5e99,egglog,3,ok,0,835.4032933712006,0,"[""/usr/bin/python3"", ""/home/arjaiswal/Polygeist/scripts/correctness/kernel_match_rewrite.py"", ""/home/arjaiswal/Polygeist/issues/aten_c_kernels/results/aten_std_var_all_cpu/debuf.mlir"", ""--dry-run"", ""--matcher-mode"", ""egglog"", ""--telemetry-json"", ""/home/arjaiswal/Polygeist/issues/equality_saturation_eval/campaign_20260908/aten-aten_std_var_all_cpu-egglog-0sx00__g.json"", ""--disable-semantic-fallback""]","== match report for /home/arjaiswal/Polygeist/issues/aten_c_kernels/results/aten_std_var_all_cpu/debuf.mlir ==
  match          body#[0]  cudnnReduceSum_f32
  no_match       body#1  ?
  total: 1 matched / 2 bodies
",0,[],0,0,0,0,/home/arjaiswal/Polygeist/issues/aten_c_kernels/results/aten_std_var_all_cpu/debuf.mlir,2822,8,2,1,362.0661795139313,1,69832,21.453239023685455,2,2,0,4,"[{""body_indices"": [0], ""symbol"": ""cudnnReduceSum_f32""}]",1,0,0,0.0,18
aten,aten_std_var_all_cpu,/home/arjaiswal/Polygeist/issues/aten_c_kernels/results/aten_std_var_all_cpu/debuf.mlir,aef880aaeb989a98e814d1547781115dde184ba82d57710993abf6137f0b5e99,egglog,4,ok,0,775.0407382845879,0,"[""/usr/bin/python3"", ""/home/arjaiswal/Polygeist/scripts/correctness/kernel_match_rewrite.py"", ""/home/arjaiswal/Polygeist/issues/aten_c_kernels/results/aten_std_var_all_cpu/debuf.mlir"", ""--dry-run"", ""--matcher-mode"", ""egglog"", ""--telemetry-json"", ""/home/arjaiswal/Polygeist/issues/equality_saturation_eval/campaign_20260908/aten-aten_std_var_all_cpu-egglog-c2vi4i_g.json"", ""--disable-semantic-fallback""]","== match report for /home/arjaiswal/Polygeist/issues/aten_c_kernels/results/aten_std_var_all_cpu/debuf.mlir ==
  match          body#[0]  cudnnReduceSum_f32
  no_match       body#1  ?
  total: 1 matched / 2 bodies
",0,[],0,0,0,0,/home/arjaiswal/Polygeist/issues/aten_c_kernels/results/aten_std_var_all_cpu/debuf.mlir,2822,8,2,1,366.5161058306694,1,69892,22.18659222126007,2,2,0,4,"[{""body_indices"": [0], ""symbol"": ""cudnnReduceSum_f32""}]",1,0,0,0.0,18
aten,aten_std_var_all_cpu,/home/arjaiswal/Polygeist/issues/aten_c_kernels/results/aten_std_var_all_cpu/debuf.mlir,aef880aaeb989a98e814d1547781115dde184ba82d57710993abf6137f0b5e99,syntactic,4,ok,0,763.386357575655,0,"[""/usr/bin/python3"", ""/home/arjaiswal/Polygeist/scripts/correctness/kernel_match_rewrite.py"", ""/home/arjaiswal/Polygeist/issues/aten_c_kernels/results/aten_std_var_all_cpu/debuf.mlir"", ""--dry-run"", ""--matcher-mode"", ""syntactic"", ""--telemetry-json"", ""/home/arjaiswal/Polygeist/issues/equality_saturation_eval/campaign_20260908/aten-aten_std_var_all_cpu-syntactic-n2_ujnqs.json"", ""--disable-semantic-fallback""]","== match report for /home/arjaiswal/Polygeist/issues/aten_c_kernels/results/aten_std_var_all_cpu/debuf.mlir ==
  match          body#[0]  cudnnReduceSum_f32
  no_match       body#1  ?
  total: 1 matched / 2 bodies
",0,[],0,0,0,0,/home/arjaiswal/Polygeist/issues/aten_c_kernels/results/aten_std_var_all_cpu/debuf.mlir,2822,0,2,1,345.23072466254234,1,65908,0.07745996117591858,0,2,0,0,"[{""body_indices"": [0], ""symbol"": ""cudnnReduceSum_f32""}]",1,0,18,0.0,18
aten,aten_std_var_all_cpu,/home/arjaiswal/Polygeist/issues/aten_c_kernels/results/aten_std_var_all_cpu/debuf.mlir,aef880aaeb989a98e814d1547781115dde184ba82d57710993abf6137f0b5e99,syntactic,5,ok,0,812.0795749127865,0,"[""/usr/bin/python3"", ""/home/arjaiswal/Polygeist/scripts/correctness/kernel_match_rewrite.py"", ""/home/arjaiswal/Polygeist/issues/aten_c_kernels/results/aten_std_var_all_cpu/debuf.mlir"", ""--dry-run"", ""--matcher-mode"", ""syntactic"", ""--telemetry-json"", ""/home/arjaiswal/Polygeist/issues/equality_saturation_eval/campaign_20260908/aten-aten_std_var_all_cpu-syntactic-pdmf599k.json"", ""--disable-semantic-fallback""]","== match report for /home/arjaiswal/Polygeist/issues/aten_c_kernels/results/aten_std_var_all_cpu/debuf.mlir ==
  match          body#[0]  cudnnReduceSum_f32
  no_match       body#1  ?
  total: 1 matched / 2 bodies
",0,[],0,0,0,0,/home/arjaiswal/Polygeist/issues/aten_c_kernels/results/aten_std_var_all_cpu/debuf.mlir,2822,0,2,1,370.2455721795559,1,66084,0.09584054350852966,0,2,0,0,"[{""body_indices"": [0], ""symbol"": ""cudnnReduceSum_f32""}]",1,0,18,0.0,18
aten,aten_std_var_all_cpu,/home/arjaiswal/Polygeist/issues/aten_c_kernels/results/aten_std_var_all_cpu/debuf.mlir,aef880aaeb989a98e814d1547781115dde184ba82d57710993abf6137f0b5e99,egglog,5,ok,0,795.5624088644981,0,"[""/usr/bin/python3"", ""/home/arjaiswal/Polygeist/scripts/correctness/kernel_match_rewrite.py"", ""/home/arjaiswal/Polygeist/issues/aten_c_kernels/results/aten_std_var_all_cpu/debuf.mlir"", ""--dry-run"", ""--matcher-mode"", ""egglog"", ""--telemetry-json"", ""/home/arjaiswal/Polygeist/issues/equality_saturation_eval/campaign_20260908/aten-aten_std_var_all_cpu-egglog-dcqir3zk.json"", ""--disable-semantic-fallback""]","== match report for /home/arjaiswal/Polygeist/issues/aten_c_kernels/results/aten_std_var_all_cpu/debuf.mlir ==
  match          body#[0]  cudnnReduceSum_f32
  no_match       body#1  ?
  total: 1 matched / 2 bodies
",0,[],0,0,0,0,/home/arjaiswal/Polygeist/issues/aten_c_kernels/results/aten_std_var_all_cpu/debuf.mlir,2822,8,2,1,364.0078157186508,1,69948,21.147049963474274,2,2,0,4,"[{""body_indices"": [0], ""symbol"": ""cudnnReduceSum_f32""}]",1,0,0,0.0,18
aten,aten_std_var_cpu,/home/arjaiswal/Polygeist/issues/aten_c_kernels/results/aten_std_var_cpu/debuf.mlir,9727a44b4ffe4c1366db8e85ccf0fa79da42c474529c40c45b9088595a322474,egglog,1,ok,0,810.0835122168064,0,"[""/usr/bin/python3"", ""/home/arjaiswal/Polygeist/scripts/correctness/kernel_match_rewrite.py"", ""/home/arjaiswal/Polygeist/issues/aten_c_kernels/results/aten_std_var_cpu/debuf.mlir"", ""--dry-run"", ""--matcher-mode"", ""egglog"", ""--telemetry-json"", ""/home/arjaiswal/Polygeist/issues/equality_saturation_eval/campaign_20260908/aten-aten_std_var_cpu-egglog-3phbg36k.json"", ""--disable-semantic-fallback""]","== match report for /home/arjaiswal/Polygeist/issues/aten_c_kernels/results/aten_std_var_cpu/debuf.mlir ==
  match          body#[0]  cudnnReduceSum_f32
  no_match       body#1  ?
  total: 1 matched / 2 bodies
",0,[],0,0,0,0,/home/arjaiswal/Polygeist/issues/aten_c_kernels/results/aten_std_var_cpu/debuf.mlir,3503,8,2,1,386.5138217806816,1,69848,26.15680918097496,2,2,0,4,"[{""body_indices"": [0], ""symbol"": ""cudnnReduceSum_f32""}]",1,0,0,0.0,18
aten,aten_std_var_cpu,/home/arjaiswal/Polygeist/issues/aten_c_kernels/results/aten_std_var_cpu/debuf.mlir,9727a44b4ffe4c1366db8e85ccf0fa79da42c474529c40c45b9088595a322474,syntactic,1,ok,0,763.6719197034836,0,"[""/usr/bin/python3"", ""/home/arjaiswal/Polygeist/scripts/correctness/kernel_match_rewrite.py"", ""/home/arjaiswal/Polygeist/issues/aten_c_kernels/results/aten_std_var_cpu/debuf.mlir"", ""--dry-run"", ""--matcher-mode"", ""syntactic"", ""--telemetry-json"", ""/home/arjaiswal/Polygeist/issues/equality_saturation_eval/campaign_20260908/aten-aten_std_var_cpu-syntactic-_jlm8sb5.json"", ""--disable-semantic-fallback""]","== match report for /home/arjaiswal/Polygeist/issues/aten_c_kernels/results/aten_std_var_cpu/debuf.mlir ==
  match          body#[0]  cudnnReduceSum_f32
  no_match       body#1  ?
  total: 1 matched / 2 bodies
",0,[],0,0,0,0,/home/arjaiswal/Polygeist/issues/aten_c_kernels/results/aten_std_var_cpu/debuf.mlir,3503,0,2,1,348.1510244309902,1,65960,0.07348880171775818,0,2,0,0,"[{""body_indices"": [0], ""symbol"": ""cudnnReduceSum_f32""}]",1,0,18,0.0,18
aten,aten_std_var_cpu,/home/arjaiswal/Polygeist/issues/aten_c_kernels/results/aten_std_var_cpu/debuf.mlir,9727a44b4ffe4c1366db8e85ccf0fa79da42c474529c40c45b9088595a322474,syntactic,2,ok,0,758.2796178758144,0,"[""/usr/bin/python3"", ""/home/arjaiswal/Polygeist/scripts/correctness/kernel_match_rewrite.py"", ""/home/arjaiswal/Polygeist/issues/aten_c_kernels/results/aten_std_var_cpu/debuf.mlir"", ""--dry-run"", ""--matcher-mode"", ""syntactic"", ""--telemetry-json"", ""/home/arjaiswal/Polygeist/issues/equality_saturation_eval/campaign_20260908/aten-aten_std_var_cpu-syntactic-3xa7jju_.json"", ""--disable-semantic-fallback""]","== match report for /home/arjaiswal/Polygeist/issues/aten_c_kernels/results/aten_std_var_cpu/debuf.mlir ==
  match          body#[0]  cudnnReduceSum_f32
  no_match       body#1  ?
  total: 1 matched / 2 bodies
",0,[],0,0,0,0,/home/arjaiswal/Polygeist/issues/aten_c_kernels/results/aten_std_var_cpu/debuf.mlir,3503,0,2,1,344.3034812808037,1,65984,0.07091090083122253,0,2,0,0,"[{""body_indices"": [0], ""symbol"": ""cudnnReduceSum_f32""}]",1,0,18,0.0,18
aten,aten_std_var_cpu,/home/arjaiswal/Polygeist/issues/aten_c_kernels/results/aten_std_var_cpu/debuf.mlir,9727a44b4ffe4c1366db8e85ccf0fa79da42c474529c40c45b9088595a322474,egglog,2,ok,0,778.9613865315914,0,"[""/usr/bin/python3"", ""/home/arjaiswal/Polygeist/scripts/correctness/kernel_match_rewrite.py"", ""/home/arjaiswal/Polygeist/issues/aten_c_kernels/results/aten_std_var_cpu/debuf.mlir"", ""--dry-run"", ""--matcher-mode"", ""egglog"", ""--telemetry-json"", ""/home/arjaiswal/Polygeist/issues/equality_saturation_eval/campaign_20260908/aten-aten_std_var_cpu-egglog-lfi6hi3c.json"", ""--disable-semantic-fallback""]","== match report for /home/arjaiswal/Polygeist/issues/aten_c_kernels/results/aten_std_var_cpu/debuf.mlir ==
  match          body#[0]  cudnnReduceSum_f32
  no_match       body#1  ?
  total: 1 matched / 2 bodies
",0,[],0,0,0,0,/home/arjaiswal/Polygeist/issues/aten_c_kernels/results/aten_std_var_cpu/debuf.mlir,3503,8,2,1,371.50559946894646,1,70124,21.525666117668152,2,2,0,4,"[{""body_indices"": [0], ""symbol"": ""cudnnReduceSum_f32""}]",1,0,0,0.0,18
aten,aten_std_var_cpu,/home/arjaiswal/Polygeist/issues/aten_c_kernels/results/aten_std_var_cpu/debuf.mlir,9727a44b4ffe4c1366db8e85ccf0fa79da42c474529c40c45b9088595a322474,egglog,3,ok,0,852.1807678043842,0,"[""/usr/bin/python3"", ""/home/arjaiswal/Polygeist/scripts/correctness/kernel_match_rewrite.py"", ""/home/arjaiswal/Polygeist/issues/aten_c_kernels/results/aten_std_var_cpu/debuf.mlir"", ""--dry-run"", ""--matcher-mode"", ""egglog"", ""--telemetry-json"", ""/home/arjaiswal/Polygeist/issues/equality_saturation_eval/campaign_20260908/aten-aten_std_var_cpu-egglog-e172cbp4.json"", ""--disable-semantic-fallback""]","== match report for /home/arjaiswal/Polygeist/issues/aten_c_kernels/results/aten_std_var_cpu/debuf.mlir ==
  match          body#[0]  cudnnReduceSum_f32
  no_match       body#1  ?
  total: 1 matched / 2 bodies
",0,[],0,0,0,0,/home/arjaiswal/Polygeist/issues/aten_c_kernels/results/aten_std_var_cpu/debuf.mlir,3503,8,2,1,366.31396785378456,1,70068,21.619588136672974,2,2,0,4,"[{""body_indices"": [0], ""symbol"": ""cudnnReduceSum_f32""}]",1,0,0,0.0,18
aten,aten_std_var_cpu,/home/arjaiswal/Polygeist/issues/aten_c_kernels/results/aten_std_var_cpu/debuf.mlir,9727a44b4ffe4c1366db8e85ccf0fa79da42c474529c40c45b9088595a322474,syntactic,3,ok,0,760.6343179941177,0,"[""/usr/bin/python3"", ""/home/arjaiswal/Polygeist/scripts/correctness/kernel_match_rewrite.py"", ""/home/arjaiswal/Polygeist/issues/aten_c_kernels/results/aten_std_var_cpu/debuf.mlir"", ""--dry-run"", ""--matcher-mode"", ""syntactic"", ""--telemetry-json"", ""/home/arjaiswal/Polygeist/issues/equality_saturation_eval/campaign_20260908/aten-aten_std_var_cpu-syntactic-wvvhy33m.json"", ""--disable-semantic-fallback""]","== match report for /home/arjaiswal/Polygeist/issues/aten_c_kernels/results/aten_std_var_cpu/debuf.mlir ==
  match          body#[0]  cudnnReduceSum_f32
  no_match       body#1  ?
  total: 1 matched / 2 bodies
",0,[],0,0,0,0,/home/arjaiswal/Polygeist/issues/aten_c_kernels/results/aten_std_var_cpu/debuf.mlir,3503,0,2,1,339.80489522218704,1,65940,0.089302659034729,0,2,0,0,"[{""body_indices"": [0], ""symbol"": ""cudnnReduceSum_f32""}]",1,0,18,0.0,18
aten,aten_std_var_cpu,/home/arjaiswal/Polygeist/issues/aten_c_kernels/results/aten_std_var_cpu/debuf.mlir,9727a44b4ffe4c1366db8e85ccf0fa79da42c474529c40c45b9088595a322474,syntactic,4,ok,0,755.1426105201244,0,"[""/usr/bin/python3"", ""/home/arjaiswal/Polygeist/scripts/correctness/kernel_match_rewrite.py"", ""/home/arjaiswal/Polygeist/issues/aten_c_kernels/results/aten_std_var_cpu/debuf.mlir"", ""--dry-run"", ""--matcher-mode"", ""syntactic"", ""--telemetry-json"", ""/home/arjaiswal/Polygeist/issues/equality_saturation_eval/campaign_20260908/aten-aten_std_var_cpu-syntactic-f4j3j5qk.json"", ""--disable-semantic-fallback""]","== match report for /home/arjaiswal/Polygeist/issues/aten_c_kernels/results/aten_std_var_cpu/debuf.mlir ==
  match          body#[0]  cudnnReduceSum_f32
  no_match       body#1  ?
  total: 1 matched / 2 bodies
",0,[],0,0,0,0,/home/arjaiswal/Polygeist/issues/aten_c_kernels/results/aten_std_var_cpu/debuf.mlir,3503,0,2,1,339.06614035367966,1,65896,0.08101761341094971,0,2,0,0,"[{""body_indices"": [0], ""symbol"": ""cudnnReduceSum_f32""}]",1,0,18,0.0,18
aten,aten_std_var_cpu,/home/arjaiswal/Polygeist/issues/aten_c_kernels/results/aten_std_var_cpu/debuf.mlir,9727a44b4ffe4c1366db8e85ccf0fa79da42c474529c40c45b9088595a322474,egglog,4,ok,0,896.0171043872833,0,"[""/usr/bin/python3"", ""/home/arjaiswal/Polygeist/scripts/correctness/kernel_match_rewrite.py"", ""/home/arjaiswal/Polygeist/issues/aten_c_kernels/results/aten_std_var_cpu/debuf.mlir"", ""--dry-run"", ""--matcher-mode"", ""egglog"", ""--telemetry-json"", ""/home/arjaiswal/Polygeist/issues/equality_saturation_eval/campaign_20260908/aten-aten_std_var_cpu-egglog-dnke3zbt.json"", ""--disable-semantic-fallback""]","== match report for /home/arjaiswal/Polygeist/issues/aten_c_kernels/results/aten_std_var_cpu/debuf.mlir ==
  match          body#[0]  cudnnReduceSum_f32
  no_match       body#1  ?
  total: 1 matched / 2 bodies
",0,[],0,0,0,0,/home/arjaiswal/Polygeist/issues/aten_c_kernels/results/aten_std_var_cpu/debuf.mlir,3503,8,2,1,435.03163009881973,1,70112,21.606184542179108,2,2,0,4,"[{""body_indices"": [0], ""symbol"": ""cudnnReduceSum_f32""}]",1,0,0,0.0,18
aten,aten_std_var_cpu,/home/arjaiswal/Polygeist/issues/aten_c_kernels/results/aten_std_var_cpu/debuf.mlir,9727a44b4ffe4c1366db8e85ccf0fa79da42c474529c40c45b9088595a322474,egglog,5,ok,0,800.6670735776424,0,"[""/usr/bin/python3"", ""/home/arjaiswal/Polygeist/scripts/correctness/kernel_match_rewrite.py"", ""/home/arjaiswal/Polygeist/issues/aten_c_kernels/results/aten_std_var_cpu/debuf.mlir"", ""--dry-run"", ""--matcher-mode"", ""egglog"", ""--telemetry-json"", ""/home/arjaiswal/Polygeist/issues/equality_saturation_eval/campaign_20260908/aten-aten_std_var_cpu-egglog-16h7ejbk.json"", ""--disable-semantic-fallback""]","== match report for /home/arjaiswal/Polygeist/issues/aten_c_kernels/results/aten_std_var_cpu/debuf.mlir ==
  match          body#[0]  cudnnReduceSum_f32
  no_match       body#1  ?
  total: 1 matched / 2 bodies
",0,[],0,0,0,0,/home/arjaiswal/Polygeist/issues/aten_c_kernels/results/aten_std_var_cpu/debuf.mlir,3503,8,2,1,371.08804658055305,1,70144,21.681178361177444,2,2,0,4,"[{""body_indices"": [0], ""symbol"": ""cudnnReduceSum_f32""}]",1,0,0,0.0,18
aten,aten_std_var_cpu,/home/arjaiswal/Polygeist/issues/aten_c_kernels/results/aten_std_var_cpu/debuf.mlir,9727a44b4ffe4c1366db8e85ccf0fa79da42c474529c40c45b9088595a322474,syntactic,5,ok,0,750.8455067873001,0,"[""/usr/bin/python3"", ""/home/arjaiswal/Polygeist/scripts/correctness/kernel_match_rewrite.py"", ""/home/arjaiswal/Polygeist/issues/aten_c_kernels/results/aten_std_var_cpu/debuf.mlir"", ""--dry-run"", ""--matcher-mode"", ""syntactic"", ""--telemetry-json"", ""/home/arjaiswal/Polygeist/issues/equality_saturation_eval/campaign_20260908/aten-aten_std_var_cpu-syntactic-qf1jkgxs.json"", ""--disable-semantic-fallback""]","== match report for /home/arjaiswal/Polygeist/issues/aten_c_kernels/results/aten_std_var_cpu/debuf.mlir ==
  match          body#[0]  cudnnReduceSum_f32
  no_match       body#1  ?
  total: 1 matched / 2 bodies
",0,[],0,0,0,0,/home/arjaiswal/Polygeist/issues/aten_c_kernels/results/aten_std_var_cpu/debuf.mlir,3503,0,2,1,336.12043410539627,1,65952,0.07745251059532166,0,2,0,0,"[{""body_indices"": [0], ""symbol"": ""cudnnReduceSum_f32""}]",1,0,18,0.0,18
aten,aten_sum,/home/arjaiswal/Polygeist/issues/aten_c_kernels/results/aten_sum/debuf.mlir,cf91819e6003204044e44b5d9ef88e71c9ee69881d839fb3fff2334bcac17ec8,syntactic,1,ok,0,719.7433933615685,0,"[""/usr/bin/python3"", ""/home/arjaiswal/Polygeist/scripts/correctness/kernel_match_rewrite.py"", ""/home/arjaiswal/Polygeist/issues/aten_c_kernels/results/aten_sum/debuf.mlir"", ""--dry-run"", ""--matcher-mode"", ""syntactic"", ""--telemetry-json"", ""/home/arjaiswal/Polygeist/issues/equality_saturation_eval/campaign_20260908/aten-aten_sum-syntactic-uwfuioz9.json"", ""--disable-semantic-fallback""]","== match report for /home/arjaiswal/Polygeist/issues/aten_c_kernels/results/aten_sum/debuf.mlir ==
  match          body#[0, 1]  cubSegmentedSum_f64_memref
  total: 1 matched / 1 bodies
",0,[],0,0,0,0,/home/arjaiswal/Polygeist/issues/aten_c_kernels/results/aten_sum/debuf.mlir,2550,0,2,2,290.89729860424995,0,65540,0.03898888826370239,0,6,0,0,"[{""body_indices"": [0, 1], ""symbol"": ""cubSegmentedSum_f64_memref""}]",1,0,8,0.0,8
aten,aten_sum,/home/arjaiswal/Polygeist/issues/aten_c_kernels/results/aten_sum/debuf.mlir,cf91819e6003204044e44b5d9ef88e71c9ee69881d839fb3fff2334bcac17ec8,egglog,1,ok,0,796.495821326971,0,"[""/usr/bin/python3"", ""/home/arjaiswal/Polygeist/scripts/correctness/kernel_match_rewrite.py"", ""/home/arjaiswal/Polygeist/issues/aten_c_kernels/results/aten_sum/debuf.mlir"", ""--dry-run"", ""--matcher-mode"", ""egglog"", ""--telemetry-json"", ""/home/arjaiswal/Polygeist/issues/equality_saturation_eval/campaign_20260908/aten-aten_sum-egglog-b03wztqn.json"", ""--disable-semantic-fallback""]","== match report for /home/arjaiswal/Polygeist/issues/aten_c_kernels/results/aten_sum/debuf.mlir ==
  match          body#[0, 1]  cubSegmentedSum_f64_memref
  total: 1 matched / 1 bodies
",0,[],0,0,0,0,/home/arjaiswal/Polygeist/issues/aten_c_kernels/results/aten_sum/debuf.mlir,2550,8,2,2,343.2007506489754,0,69596,59.51550975441933,6,6,0,4,"[{""body_indices"": [0, 1], ""symbol"": ""cubSegmentedSum_f64_memref""}]",1,0,0,0.0,8
aten,aten_sum,/home/arjaiswal/Polygeist/issues/aten_c_kernels/results/aten_sum/debuf.mlir,cf91819e6003204044e44b5d9ef88e71c9ee69881d839fb3fff2334bcac17ec8,egglog,2,ok,0,758.8979415595531,0,"[""/usr/bin/python3"", ""/home/arjaiswal/Polygeist/scripts/correctness/kernel_match_rewrite.py"", ""/home/arjaiswal/Polygeist/issues/aten_c_kernels/results/aten_sum/debuf.mlir"", ""--dry-run"", ""--matcher-mode"", ""egglog"", ""--telemetry-json"", ""/home/arjaiswal/Polygeist/issues/equality_saturation_eval/campaign_20260908/aten-aten_sum-egglog-03yt3tm4.json"", ""--disable-semantic-fallback""]","== match report for /home/arjaiswal/Polygeist/issues/aten_c_kernels/results/aten_sum/debuf.mlir ==
  match          body#[0, 1]  cubSegmentedSum_f64_memref
  total: 1 matched / 1 bodies
",0,[],0,0,0,0,/home/arjaiswal/Polygeist/issues/aten_c_kernels/results/aten_sum/debuf.mlir,2550,8,2,2,357.3012985289097,0,69340,58.981798589229584,6,6,0,4,"[{""body_indices"": [0, 1], ""symbol"": ""cubSegmentedSum_f64_memref""}]",1,0,0,0.0,8
aten,aten_sum,/home/arjaiswal/Polygeist/issues/aten_c_kernels/results/aten_sum/debuf.mlir,cf91819e6003204044e44b5d9ef88e71c9ee69881d839fb3fff2334bcac17ec8,syntactic,2,ok,0,696.7776790261269,0,"[""/usr/bin/python3"", ""/home/arjaiswal/Polygeist/scripts/correctness/kernel_match_rewrite.py"", ""/home/arjaiswal/Polygeist/issues/aten_c_kernels/results/aten_sum/debuf.mlir"", ""--dry-run"", ""--matcher-mode"", ""syntactic"", ""--telemetry-json"", ""/home/arjaiswal/Polygeist/issues/equality_saturation_eval/campaign_20260908/aten-aten_sum-syntactic-0osei16s.json"", ""--disable-semantic-fallback""]","== match report for /home/arjaiswal/Polygeist/issues/aten_c_kernels/results/aten_sum/debuf.mlir ==
  match          body#[0, 1]  cubSegmentedSum_f64_memref
  total: 1 matched / 1 bodies
",0,[],0,0,0,0,/home/arjaiswal/Polygeist/issues/aten_c_kernels/results/aten_sum/debuf.mlir,2550,0,2,2,279.1869044303894,0,65632,0.041875988245010376,0,6,0,0,"[{""body_indices"": [0, 1], ""symbol"": ""cubSegmentedSum_f64_memref""}]",1,0,8,0.0,8
aten,aten_sum,/home/arjaiswal/Polygeist/issues/aten_c_kernels/results/aten_sum/debuf.mlir,cf91819e6003204044e44b5d9ef88e71c9ee69881d839fb3fff2334bcac17ec8,syntactic,3,ok,0,690.8947788178921,0,"[""/usr/bin/python3"", ""/home/arjaiswal/Polygeist/scripts/correctness/kernel_match_rewrite.py"", ""/home/arjaiswal/Polygeist/issues/aten_c_kernels/results/aten_sum/debuf.mlir"", ""--dry-run"", ""--matcher-mode"", ""syntactic"", ""--telemetry-json"", ""/home/arjaiswal/Polygeist/issues/equality_saturation_eval/campaign_20260908/aten-aten_sum-syntactic-7xdk98cs.json"", ""--disable-semantic-fallback""]","== match report for /home/arjaiswal/Polygeist/issues/aten_c_kernels/results/aten_sum/debuf.mlir ==
  match          body#[0, 1]  cubSegmentedSum_f64_memref
  total: 1 matched / 1 bodies
",0,[],0,0,0,0,/home/arjaiswal/Polygeist/issues/aten_c_kernels/results/aten_sum/debuf.mlir,2550,0,2,2,281.2924347817898,0,65672,0.040646642446517944,0,6,0,0,"[{""body_indices"": [0, 1], ""symbol"": ""cubSegmentedSum_f64_memref""}]",1,0,8,0.0,8
aten,aten_sum,/home/arjaiswal/Polygeist/issues/aten_c_kernels/results/aten_sum/debuf.mlir,cf91819e6003204044e44b5d9ef88e71c9ee69881d839fb3fff2334bcac17ec8,egglog,3,ok,0,773.8274298608303,0,"[""/usr/bin/python3"", ""/home/arjaiswal/Polygeist/scripts/correctness/kernel_match_rewrite.py"", ""/home/arjaiswal/Polygeist/issues/aten_c_kernels/results/aten_sum/debuf.mlir"", ""--dry-run"", ""--matcher-mode"", ""egglog"", ""--telemetry-json"", ""/home/arjaiswal/Polygeist/issues/equality_saturation_eval/campaign_20260908/aten-aten_sum-egglog-sk04vjch.json"", ""--disable-semantic-fallback""]","== match report for /home/arjaiswal/Polygeist/issues/aten_c_kernels/results/aten_sum/debuf.mlir ==
  match          body#[0, 1]  cubSegmentedSum_f64_memref
  total: 1 matched / 1 bodies
",0,[],0,0,0,0,/home/arjaiswal/Polygeist/issues/aten_c_kernels/results/aten_sum/debuf.mlir,2550,8,2,2,359.45069417357445,0,69448,68.7919519841671,6,6,0,4,"[{""body_indices"": [0, 1], ""symbol"": ""cubSegmentedSum_f64_memref""}]",1,0,0,0.0,8
aten,aten_sum,/home/arjaiswal/Polygeist/issues/aten_c_kernels/results/aten_sum/debuf.mlir,cf91819e6003204044e44b5d9ef88e71c9ee69881d839fb3fff2334bcac17ec8,egglog,4,ok,0,788.4121015667915,0,"[""/usr/bin/python3"", ""/home/arjaiswal/Polygeist/scripts/correctness/kernel_match_rewrite.py"", ""/home/arjaiswal/Polygeist/issues/aten_c_kernels/results/aten_sum/debuf.mlir"", ""--dry-run"", ""--matcher-mode"", ""egglog"", ""--telemetry-json"", ""/home/arjaiswal/Polygeist/issues/equality_saturation_eval/campaign_20260908/aten-aten_sum-egglog-wr6icbg_.json"", ""--disable-semantic-fallback""]","== match report for /home/arjaiswal/Polygeist/issues/aten_c_kernels/results/aten_sum/debuf.mlir ==
  match          body#[0, 1]  cubSegmentedSum_f64_memref
  total: 1 matched / 1 bodies
",0,[],0,0,0,0,/home/arjaiswal/Polygeist/issues/aten_c_kernels/results/aten_sum/debuf.mlir,2550,8,2,2,359.33319479227066,0,69684,61.53089180588722,6,6,0,4,"[{""body_indices"": [0, 1], ""symbol"": ""cubSegmentedSum_f64_memref""}]",1,0,0,0.0,8
aten,aten_sum,/home/arjaiswal/Polygeist/issues/aten_c_kernels/results/aten_sum/debuf.mlir,cf91819e6003204044e44b5d9ef88e71c9ee69881d839fb3fff2334bcac17ec8,syntactic,4,ok,0,719.7177186608315,0,"[""/usr/bin/python3"", ""/home/arjaiswal/Polygeist/scripts/correctness/kernel_match_rewrite.py"", ""/home/arjaiswal/Polygeist/issues/aten_c_kernels/results/aten_sum/debuf.mlir"", ""--dry-run"", ""--matcher-mode"", ""syntactic"", ""--telemetry-json"", ""/home/arjaiswal/Polygeist/issues/equality_saturation_eval/campaign_20260908/aten-aten_sum-syntactic-f9l90wwp.json"", ""--disable-semantic-fallback""]","== match report for /home/arjaiswal/Polygeist/issues/aten_c_kernels/results/aten_sum/debuf.mlir ==
  match          body#[0, 1]  cubSegmentedSum_f64_memref
  total: 1 matched / 1 bodies
",0,[],0,0,0,0,/home/arjaiswal/Polygeist/issues/aten_c_kernels/results/aten_sum/debuf.mlir,2550,0,2,2,282.8628607094288,0,65736,0.04138052463531494,0,6,0,0,"[{""body_indices"": [0, 1], ""symbol"": ""cubSegmentedSum_f64_memref""}]",1,0,8,0.0,8
aten,aten_sum,/home/arjaiswal/Polygeist/issues/aten_c_kernels/results/aten_sum/debuf.mlir,cf91819e6003204044e44b5d9ef88e71c9ee69881d839fb3fff2334bcac17ec8,syntactic,5,ok,0,727.3987308144569,0,"[""/usr/bin/python3"", ""/home/arjaiswal/Polygeist/scripts/correctness/kernel_match_rewrite.py"", ""/home/arjaiswal/Polygeist/issues/aten_c_kernels/results/aten_sum/debuf.mlir"", ""--dry-run"", ""--matcher-mode"", ""syntactic"", ""--telemetry-json"", ""/home/arjaiswal/Polygeist/issues/equality_saturation_eval/campaign_20260908/aten-aten_sum-syntactic-ktganybx.json"", ""--disable-semantic-fallback""]","== match report for /home/arjaiswal/Polygeist/issues/aten_c_kernels/results/aten_sum/debuf.mlir ==
  match          body#[0, 1]  cubSegmentedSum_f64_memref
  total: 1 matched / 1 bodies
",0,[],0,0,0,0,/home/arjaiswal/Polygeist/issues/aten_c_kernels/results/aten_sum/debuf.mlir,2550,0,2,2,297.7510392665863,0,65456,0.0420399010181427,0,6,0,0,"[{""body_indices"": [0, 1], ""symbol"": ""cubSegmentedSum_f64_memref""}]",1,0,8,0.0,8
aten,aten_sum,/home/arjaiswal/Polygeist/issues/aten_c_kernels/results/aten_sum/debuf.mlir,cf91819e6003204044e44b5d9ef88e71c9ee69881d839fb3fff2334bcac17ec8,egglog,5,ok,0,810.9413385391235,0,"[""/usr/bin/python3"", ""/home/arjaiswal/Polygeist/scripts/correctness/kernel_match_rewrite.py"", ""/home/arjaiswal/Polygeist/issues/aten_c_kernels/results/aten_sum/debuf.mlir"", ""--dry-run"", ""--matcher-mode"", ""egglog"", ""--telemetry-json"", ""/home/arjaiswal/Polygeist/issues/equality_saturation_eval/campaign_20260908/aten-aten_sum-egglog-sgaifj2k.json"", ""--disable-semantic-fallback""]","== match report for /home/arjaiswal/Polygeist/issues/aten_c_kernels/results/aten_sum/debuf.mlir ==
  match          body#[0, 1]  cubSegmentedSum_f64_memref
  total: 1 matched / 1 bodies
",0,[],0,0,0,0,/home/arjaiswal/Polygeist/issues/aten_c_kernels/results/aten_sum/debuf.mlir,2550,8,2,2,358.7354049086571,0,69156,66.22311472892761,6,6,0,4,"[{""body_indices"": [0, 1], ""symbol"": ""cubSegmentedSum_f64_memref""}]",1,0,0,0.0,8
aten,aten_sum_cpu_backend,/home/arjaiswal/Polygeist/issues/aten_c_kernels/results/aten_sum_cpu_backend/debuf.mlir,75646a8b7dc8308737245e73768eab0d9aa1ecd1a7633234c1cb889669c830e0,egglog,1,ok,0,885.172788053751,0,"[""/usr/bin/python3"", ""/home/arjaiswal/Polygeist/scripts/correctness/kernel_match_rewrite.py"", ""/home/arjaiswal/Polygeist/issues/aten_c_kernels/results/aten_sum_cpu_backend/debuf.mlir"", ""--dry-run"", ""--matcher-mode"", ""egglog"", ""--telemetry-json"", ""/home/arjaiswal/Polygeist/issues/equality_saturation_eval/campaign_20260908/aten-aten_sum_cpu_backend-egglog-a7k3v8w5.json"", ""--disable-semantic-fallback""]","== match report for /home/arjaiswal/Polygeist/issues/aten_c_kernels/results/aten_sum_cpu_backend/debuf.mlir ==
  match          body#[0, 1]  cubSegmentedSum_f32_memref
  total: 1 matched / 1 bodies
",0,[],0,0,0,0,/home/arjaiswal/Polygeist/issues/aten_c_kernels/results/aten_sum_cpu_backend/debuf.mlir,2562,8,2,2,428.2277561724186,0,69844,121.95315584540367,12,12,0,4,"[{""body_indices"": [0, 1], ""symbol"": ""cubSegmentedSum_f32_memref""}]",1,0,0,0.0,16
aten,aten_sum_cpu_backend,/home/arjaiswal/Polygeist/issues/aten_c_kernels/results/aten_sum_cpu_backend/debuf.mlir,75646a8b7dc8308737245e73768eab0d9aa1ecd1a7633234c1cb889669c830e0,syntactic,1,ok,0,721.4097566902637,0,"[""/usr/bin/python3"", ""/home/arjaiswal/Polygeist/scripts/correctness/kernel_match_rewrite.py"", ""/home/arjaiswal/Polygeist/issues/aten_c_kernels/results/aten_sum_cpu_backend/debuf.mlir"", ""--dry-run"", ""--matcher-mode"", ""syntactic"", ""--telemetry-json"", ""/home/arjaiswal/Polygeist/issues/equality_saturation_eval/campaign_20260908/aten-aten_sum_cpu_backend-syntactic-5a29asae.json"", ""--disable-semantic-fallback""]","== match report for /home/arjaiswal/Polygeist/issues/aten_c_kernels/results/aten_sum_cpu_backend/debuf.mlir ==
  match          body#[0, 1]  cubSegmentedSum_f32_memref
  total: 1 matched / 1 bodies
",0,[],0,0,0,0,/home/arjaiswal/Polygeist/issues/aten_c_kernels/results/aten_sum_cpu_backend/debuf.mlir,2562,0,2,2,302.6636429131031,0,65888,0.06355717778205872,0,12,0,0,"[{""body_indices"": [0, 1], ""symbol"": ""cubSegmentedSum_f32_memref""}]",1,0,16,0.0,16
aten,aten_sum_cpu_backend,/home/arjaiswal/Polygeist/issues/aten_c_kernels/results/aten_sum_cpu_backend/debuf.mlir,75646a8b7dc8308737245e73768eab0d9aa1ecd1a7633234c1cb889669c830e0,syntactic,2,ok,0,748.2322230935097,0,"[""/usr/bin/python3"", ""/home/arjaiswal/Polygeist/scripts/correctness/kernel_match_rewrite.py"", ""/home/arjaiswal/Polygeist/issues/aten_c_kernels/results/aten_sum_cpu_backend/debuf.mlir"", ""--dry-run"", ""--matcher-mode"", ""syntactic"", ""--telemetry-json"", ""/home/arjaiswal/Polygeist/issues/equality_saturation_eval/campaign_20260908/aten-aten_sum_cpu_backend-syntactic-tv2uh1_4.json"", ""--disable-semantic-fallback""]","== match report for /home/arjaiswal/Polygeist/issues/aten_c_kernels/results/aten_sum_cpu_backend/debuf.mlir ==
  match          body#[0, 1]  cubSegmentedSum_f32_memref
  total: 1 matched / 1 bodies
",0,[],0,0,0,0,/home/arjaiswal/Polygeist/issues/aten_c_kernels/results/aten_sum_cpu_backend/debuf.mlir,2562,0,2,2,313.72130662202835,0,65544,0.06085634231567383,0,12,0,0,"[{""body_indices"": [0, 1], ""symbol"": ""cubSegmentedSum_f32_memref""}]",1,0,16,0.0,16
aten,aten_sum_cpu_backend,/home/arjaiswal/Polygeist/issues/aten_c_kernels/results/aten_sum_cpu_backend/debuf.mlir,75646a8b7dc8308737245e73768eab0d9aa1ecd1a7633234c1cb889669c830e0,egglog,2,ok,0,863.8170100748539,0,"[""/usr/bin/python3"", ""/home/arjaiswal/Polygeist/scripts/correctness/kernel_match_rewrite.py"", ""/home/arjaiswal/Polygeist/issues/aten_c_kernels/results/aten_sum_cpu_backend/debuf.mlir"", ""--dry-run"", ""--matcher-mode"", ""egglog"", ""--telemetry-json"", ""/home/arjaiswal/Polygeist/issues/equality_saturation_eval/campaign_20260908/aten-aten_sum_cpu_backend-egglog-bvk49hmc.json"", ""--disable-semantic-fallback""]","== match report for /home/arjaiswal/Polygeist/issues/aten_c_kernels/results/aten_sum_cpu_backend/debuf.mlir ==
  match          body#[0, 1]  cubSegmentedSum_f32_memref
  total: 1 matched / 1 bodies
",0,[],0,0,0,0,/home/arjaiswal/Polygeist/issues/aten_c_kernels/results/aten_sum_cpu_backend/debuf.mlir,2562,8,2,2,428.5396337509155,0,69612,121.24987319111824,12,12,0,4,"[{""body_indices"": [0, 1], ""symbol"": ""cubSegmentedSum_f32_memref""}]",1,0,0,0.0,16
aten,aten_sum_cpu_backend,/home/arjaiswal/Polygeist/issues/aten_c_kernels/results/aten_sum_cpu_backend/debuf.mlir,75646a8b7dc8308737245e73768eab0d9aa1ecd1a7633234c1cb889669c830e0,egglog,3,ok,0,868.3757036924362,0,"[""/usr/bin/python3"", ""/home/arjaiswal/Polygeist/scripts/correctness/kernel_match_rewrite.py"", ""/home/arjaiswal/Polygeist/issues/aten_c_kernels/results/aten_sum_cpu_backend/debuf.mlir"", ""--dry-run"", ""--matcher-mode"", ""egglog"", ""--telemetry-json"", ""/home/arjaiswal/Polygeist/issues/equality_saturation_eval/campaign_20260908/aten-aten_sum_cpu_backend-egglog-rk_m6s2c.json"", ""--disable-semantic-fallback""]","== match report for /home/arjaiswal/Polygeist/issues/aten_c_kernels/results/aten_sum_cpu_backend/debuf.mlir ==
  match          body#[0, 1]  cubSegmentedSum_f32_memref
  total: 1 matched / 1 bodies
",0,[],0,0,0,0,/home/arjaiswal/Polygeist/issues/aten_c_kernels/results/aten_sum_cpu_backend/debuf.mlir,2562,8,2,2,433.5472211241722,0,69596,118.84316429495811,12,12,0,4,"[{""body_indices"": [0, 1], ""symbol"": ""cubSegmentedSum_f32_memref""}]",1,0,0,0.0,16
aten,aten_sum_cpu_backend,/home/arjaiswal/Polygeist/issues/aten_c_kernels/results/aten_sum_cpu_backend/debuf.mlir,75646a8b7dc8308737245e73768eab0d9aa1ecd1a7633234c1cb889669c830e0,syntactic,3,ok,0,741.2943989038467,0,"[""/usr/bin/python3"", ""/home/arjaiswal/Polygeist/scripts/correctness/kernel_match_rewrite.py"", ""/home/arjaiswal/Polygeist/issues/aten_c_kernels/results/aten_sum_cpu_backend/debuf.mlir"", ""--dry-run"", ""--matcher-mode"", ""syntactic"", ""--telemetry-json"", ""/home/arjaiswal/Polygeist/issues/equality_saturation_eval/campaign_20260908/aten-aten_sum_cpu_backend-syntactic-21kpc21e.json"", ""--disable-semantic-fallback""]","== match report for /home/arjaiswal/Polygeist/issues/aten_c_kernels/results/aten_sum_cpu_backend/debuf.mlir ==
  match          body#[0, 1]  cubSegmentedSum_f32_memref
  total: 1 matched / 1 bodies
",0,[],0,0,0,0,/home/arjaiswal/Polygeist/issues/aten_c_kernels/results/aten_sum_cpu_backend/debuf.mlir,2562,0,2,2,318.83561611175537,0,65524,0.07041916251182556,0,12,0,0,"[{""body_indices"": [0, 1], ""symbol"": ""cubSegmentedSum_f32_memref""}]",1,0,16,0.0,16
aten,aten_sum_cpu_backend,/home/arjaiswal/Polygeist/issues/aten_c_kernels/results/aten_sum_cpu_backend/debuf.mlir,75646a8b7dc8308737245e73768eab0d9aa1ecd1a7633234c1cb889669c830e0,syntactic,4,ok,0,725.2745516598225,0,"[""/usr/bin/python3"", ""/home/arjaiswal/Polygeist/scripts/correctness/kernel_match_rewrite.py"", ""/home/arjaiswal/Polygeist/issues/aten_c_kernels/results/aten_sum_cpu_backend/debuf.mlir"", ""--dry-run"", ""--matcher-mode"", ""syntactic"", ""--telemetry-json"", ""/home/arjaiswal/Polygeist/issues/equality_saturation_eval/campaign_20260908/aten-aten_sum_cpu_backend-syntactic-70xw714j.json"", ""--disable-semantic-fallback""]","== match report for /home/arjaiswal/Polygeist/issues/aten_c_kernels/results/aten_sum_cpu_backend/debuf.mlir ==
  match          body#[0, 1]  cubSegmentedSum_f32_memref
  total: 1 matched / 1 bodies
",0,[],0,0,0,0,/home/arjaiswal/Polygeist/issues/aten_c_kernels/results/aten_sum_cpu_backend/debuf.mlir,2562,0,2,2,292.02893003821373,0,65712,0.07246807217597961,0,12,0,0,"[{""body_indices"": [0, 1], ""symbol"": ""cubSegmentedSum_f32_memref""}]",1,0,16,0.0,16
aten,aten_sum_cpu_backend,/home/arjaiswal/Polygeist/issues/aten_c_kernels/results/aten_sum_cpu_backend/debuf.mlir,75646a8b7dc8308737245e73768eab0d9aa1ecd1a7633234c1cb889669c830e0,egglog,4,ok,0,890.7791934907436,0,"[""/usr/bin/python3"", ""/home/arjaiswal/Polygeist/scripts/correctness/kernel_match_rewrite.py"", ""/home/arjaiswal/Polygeist/issues/aten_c_kernels/results/aten_sum_cpu_backend/debuf.mlir"", ""--dry-run"", ""--matcher-mode"", ""egglog"", ""--telemetry-json"", ""/home/arjaiswal/Polygeist/issues/equality_saturation_eval/campaign_20260908/aten-aten_sum_cpu_backend-egglog-t9iijeon.json"", ""--disable-semantic-fallback""]","== match report for /home/arjaiswal/Polygeist/issues/aten_c_kernels/results/aten_sum_cpu_backend/debuf.mlir ==
  match          body#[0, 1]  cubSegmentedSum_f32_memref
  total: 1 matched / 1 bodies
",0,[],0,0,0,0,/home/arjaiswal/Polygeist/issues/aten_c_kernels/results/aten_sum_cpu_backend/debuf.mlir,2562,8,2,2,458.1252560019493,0,69484,134.6646547317505,12,12,0,4,"[{""body_indices"": [0, 1], ""symbol"": ""cubSegmentedSum_f32_memref""}]",1,0,0,0.0,16
aten,aten_sum_cpu_backend,/home/arjaiswal/Polygeist/issues/aten_c_kernels/results/aten_sum_cpu_backend/debuf.mlir,75646a8b7dc8308737245e73768eab0d9aa1ecd1a7633234c1cb889669c830e0,egglog,5,ok,0,903.257142752409,0,"[""/usr/bin/python3"", ""/home/arjaiswal/Polygeist/scripts/correctness/kernel_match_rewrite.py"", ""/home/arjaiswal/Polygeist/issues/aten_c_kernels/results/aten_sum_cpu_backend/debuf.mlir"", ""--dry-run"", ""--matcher-mode"", ""egglog"", ""--telemetry-json"", ""/home/arjaiswal/Polygeist/issues/equality_saturation_eval/campaign_20260908/aten-aten_sum_cpu_backend-egglog-c7qns6rb.json"", ""--disable-semantic-fallback""]","== match report for /home/arjaiswal/Polygeist/issues/aten_c_kernels/results/aten_sum_cpu_backend/debuf.mlir ==
  match          body#[0, 1]  cubSegmentedSum_f32_memref
  total: 1 matched / 1 bodies
",0,[],0,0,0,0,/home/arjaiswal/Polygeist/issues/aten_c_kernels/results/aten_sum_cpu_backend/debuf.mlir,2562,8,2,2,459.2858925461769,0,69764,153.44712883234024,12,12,0,4,"[{""body_indices"": [0, 1], ""symbol"": ""cubSegmentedSum_f32_memref""}]",1,0,0,0.0,16
aten,aten_sum_cpu_backend,/home/arjaiswal/Polygeist/issues/aten_c_kernels/results/aten_sum_cpu_backend/debuf.mlir,75646a8b7dc8308737245e73768eab0d9aa1ecd1a7633234c1cb889669c830e0,syntactic,5,ok,0,720.4341031610966,0,"[""/usr/bin/python3"", ""/home/arjaiswal/Polygeist/scripts/correctness/kernel_match_rewrite.py"", ""/home/arjaiswal/Polygeist/issues/aten_c_kernels/results/aten_sum_cpu_backend/debuf.mlir"", ""--dry-run"", ""--matcher-mode"", ""syntactic"", ""--telemetry-json"", ""/home/arjaiswal/Polygeist/issues/equality_saturation_eval/campaign_20260908/aten-aten_sum_cpu_backend-syntactic-w_fmh2fz.json"", ""--disable-semantic-fallback""]","== match report for /home/arjaiswal/Polygeist/issues/aten_c_kernels/results/aten_sum_cpu_backend/debuf.mlir ==
  match          body#[0, 1]  cubSegmentedSum_f32_memref
  total: 1 matched / 1 bodies
",0,[],0,0,0,0,/home/arjaiswal/Polygeist/issues/aten_c_kernels/results/aten_sum_cpu_backend/debuf.mlir,2562,0,2,2,289.6474041044712,0,65756,0.06313249468803406,0,12,0,0,"[{""body_indices"": [0, 1], ""symbol"": ""cubSegmentedSum_f32_memref""}]",1,0,16,0.0,16
aten,aten_sumproduct_pair_cpu,/home/arjaiswal/Polygeist/issues/aten_c_kernels/results/aten_sumproduct_pair_cpu/debuf.mlir,dfbf7eb7a38190bfb20ad0908d2058b9a51cc51eb9c9f6794b27a73e7935bd4b,syntactic,1,ok,0,740.9608066082001,0,"[""/usr/bin/python3"", ""/home/arjaiswal/Polygeist/scripts/correctness/kernel_match_rewrite.py"", ""/home/arjaiswal/Polygeist/issues/aten_c_kernels/results/aten_sumproduct_pair_cpu/debuf.mlir"", ""--dry-run"", ""--matcher-mode"", ""syntactic"", ""--telemetry-json"", ""/home/arjaiswal/Polygeist/issues/equality_saturation_eval/campaign_20260908/aten-aten_sumproduct_pair_cpu-syntactic-jwj3h1l1.json"", ""--disable-semantic-fallback""]","== match report for /home/arjaiswal/Polygeist/issues/aten_c_kernels/results/aten_sumproduct_pair_cpu/debuf.mlir ==
  match          body#[0, 1]  cublasSgemm_strided_batched_nn_zero
  total: 1 matched / 1 bodies
",0,[],0,0,0,0,/home/arjaiswal/Polygeist/issues/aten_c_kernels/results/aten_sumproduct_pair_cpu/debuf.mlir,3233,0,2,2,266.7621597647667,0,64904,0.034868717193603516,0,6,0,0,"[{""body_indices"": [0, 1], ""symbol"": ""cublasSgemm_strided_batched_nn_zero""}]",1,0,6,0.0,6
aten,aten_sumproduct_pair_cpu,/home/arjaiswal/Polygeist/issues/aten_c_kernels/results/aten_sumproduct_pair_cpu/debuf.mlir,dfbf7eb7a38190bfb20ad0908d2058b9a51cc51eb9c9f6794b27a73e7935bd4b,egglog,1,ok,0,833.2985006272793,0,"[""/usr/bin/python3"", ""/home/arjaiswal/Polygeist/scripts/correctness/kernel_match_rewrite.py"", ""/home/arjaiswal/Polygeist/issues/aten_c_kernels/results/aten_sumproduct_pair_cpu/debuf.mlir"", ""--dry-run"", ""--matcher-mode"", ""egglog"", ""--telemetry-json"", ""/home/arjaiswal/Polygeist/issues/equality_saturation_eval/campaign_20260908/aten-aten_sumproduct_pair_cpu-egglog-9_xjqy_q.json"", ""--disable-semantic-fallback""]","== match report for /home/arjaiswal/Polygeist/issues/aten_c_kernels/results/aten_sumproduct_pair_cpu/debuf.mlir ==
  match          body#[0, 1]  cublasSgemm_strided_batched_nn_zero
  total: 1 matched / 1 bodies
",0,[],0,0,0,0,/home/arjaiswal/Polygeist/issues/aten_c_kernels/results/aten_sumproduct_pair_cpu/debuf.mlir,3233,8,2,2,404.2189195752144,0,69836,61.666179448366165,6,6,0,8,"[{""body_indices"": [0, 1], ""symbol"": ""cublasSgemm_strided_batched_nn_zero""}]",1,0,0,0.0,6
aten,aten_sumproduct_pair_cpu,/home/arjaiswal/Polygeist/issues/aten_c_kernels/results/aten_sumproduct_pair_cpu/debuf.mlir,dfbf7eb7a38190bfb20ad0908d2058b9a51cc51eb9c9f6794b27a73e7935bd4b,egglog,2,ok,0,808.9150600135326,0,"[""/usr/bin/python3"", ""/home/arjaiswal/Polygeist/scripts/correctness/kernel_match_rewrite.py"", ""/home/arjaiswal/Polygeist/issues/aten_c_kernels/results/aten_sumproduct_pair_cpu/debuf.mlir"", ""--dry-run"", ""--matcher-mode"", ""egglog"", ""--telemetry-json"", ""/home/arjaiswal/Polygeist/issues/equality_saturation_eval/campaign_20260908/aten-aten_sumproduct_pair_cpu-egglog-6l_44un6.json"", ""--disable-semantic-fallback""]","== match report for /home/arjaiswal/Polygeist/issues/aten_c_kernels/results/aten_sumproduct_pair_cpu/debuf.mlir ==
  match          body#[0, 1]  cublasSgemm_strided_batched_nn_zero
  total: 1 matched / 1 bodies
",0,[],0,0,0,0,/home/arjaiswal/Polygeist/issues/aten_c_kernels/results/aten_sumproduct_pair_cpu/debuf.mlir,3233,8,2,2,343.0981710553169,0,69780,60.46700105071068,6,6,0,8,"[{""body_indices"": [0, 1], ""symbol"": ""cublasSgemm_strided_batched_nn_zero""}]",1,0,0,0.0,6
aten,aten_sumproduct_pair_cpu,/home/arjaiswal/Polygeist/issues/aten_c_kernels/results/aten_sumproduct_pair_cpu/debuf.mlir,dfbf7eb7a38190bfb20ad0908d2058b9a51cc51eb9c9f6794b27a73e7935bd4b,syntactic,2,ok,0,675.3146536648273,0,"[""/usr/bin/python3"", ""/home/arjaiswal/Polygeist/scripts/correctness/kernel_match_rewrite.py"", ""/home/arjaiswal/Polygeist/issues/aten_c_kernels/results/aten_sumproduct_pair_cpu/debuf.mlir"", ""--dry-run"", ""--matcher-mode"", ""syntactic"", ""--telemetry-json"", ""/home/arjaiswal/Polygeist/issues/equality_saturation_eval/campaign_20260908/aten-aten_sumproduct_pair_cpu-syntactic-u2wdjvwr.json"", ""--disable-semantic-fallback""]","== match report for /home/arjaiswal/Polygeist/issues/aten_c_kernels/results/aten_sumproduct_pair_cpu/debuf.mlir ==
  match          body#[0, 1]  cublasSgemm_strided_batched_nn_zero
  total: 1 matched / 1 bodies
",0,[],0,0,0,0,/home/arjaiswal/Polygeist/issues/aten_c_kernels/results/aten_sumproduct_pair_cpu/debuf.mlir,3233,0,2,2,268.69116351008415,0,64668,0.03131479024887085,0,6,0,0,"[{""body_indices"": [0, 1], ""symbol"": ""cublasSgemm_strided_batched_nn_zero""}]",1,0,6,0.0,6
aten,aten_sumproduct_pair_cpu,/home/arjaiswal/Polygeist/issues/aten_c_kernels/results/aten_sumproduct_pair_cpu/debuf.mlir,dfbf7eb7a38190bfb20ad0908d2058b9a51cc51eb9c9f6794b27a73e7935bd4b,syntactic,3,ok,0,674.4643561542034,0,"[""/usr/bin/python3"", ""/home/arjaiswal/Polygeist/scripts/correctness/kernel_match_rewrite.py"", ""/home/arjaiswal/Polygeist/issues/aten_c_kernels/results/aten_sumproduct_pair_cpu/debuf.mlir"", ""--dry-run"", ""--matcher-mode"", ""syntactic"", ""--telemetry-json"", ""/home/arjaiswal/Polygeist/issues/equality_saturation_eval/campaign_20260908/aten-aten_sumproduct_pair_cpu-syntactic-ef0ju9qq.json"", ""--disable-semantic-fallback""]","== match report for /home/arjaiswal/Polygeist/issues/aten_c_kernels/results/aten_sumproduct_pair_cpu/debuf.mlir ==
  match          body#[0, 1]  cublasSgemm_strided_batched_nn_zero
  total: 1 matched / 1 bodies
",0,[],0,0,0,0,/home/arjaiswal/Polygeist/issues/aten_c_kernels/results/aten_sumproduct_pair_cpu/debuf.mlir,3233,0,2,2,271.75232395529747,0,64840,0.033292919397354126,0,6,0,0,"[{""body_indices"": [0, 1], ""symbol"": ""cublasSgemm_strided_batched_nn_zero""}]",1,0,6,0.0,6
aten,aten_sumproduct_pair_cpu,/home/arjaiswal/Polygeist/issues/aten_c_kernels/results/aten_sumproduct_pair_cpu/debuf.mlir,dfbf7eb7a38190bfb20ad0908d2058b9a51cc51eb9c9f6794b27a73e7935bd4b,egglog,3,ok,0,741.4428107440472,0,"[""/usr/bin/python3"", ""/home/arjaiswal/Polygeist/scripts/correctness/kernel_match_rewrite.py"", ""/home/arjaiswal/Polygeist/issues/aten_c_kernels/results/aten_sumproduct_pair_cpu/debuf.mlir"", ""--dry-run"", ""--matcher-mode"", ""egglog"", ""--telemetry-json"", ""/home/arjaiswal/Polygeist/issues/equality_saturation_eval/campaign_20260908/aten-aten_sumproduct_pair_cpu-egglog-r0x0pznw.json"", ""--disable-semantic-fallback""]","== match report for /home/arjaiswal/Polygeist/issues/aten_c_kernels/results/aten_sumproduct_pair_cpu/debuf.mlir ==
  match          body#[0, 1]  cublasSgemm_strided_batched_nn_zero
  total: 1 matched / 1 bodies
",0,[],0,0,0,0,/home/arjaiswal/Polygeist/issues/aten_c_kernels/results/aten_sumproduct_pair_cpu/debuf.mlir,3233,8,2,2,334.89011228084564,0,69224,60.805901885032654,6,6,0,8,"[{""body_indices"": [0, 1], ""symbol"": ""cublasSgemm_strided_batched_nn_zero""}]",1,0,0,0.0,6
aten,aten_sumproduct_pair_cpu,/home/arjaiswal/Polygeist/issues/aten_c_kernels/results/aten_sumproduct_pair_cpu/debuf.mlir,dfbf7eb7a38190bfb20ad0908d2058b9a51cc51eb9c9f6794b27a73e7935bd4b,egglog,4,ok,0,746.4132234454155,0,"[""/usr/bin/python3"", ""/home/arjaiswal/Polygeist/scripts/correctness/kernel_match_rewrite.py"", ""/home/arjaiswal/Polygeist/issues/aten_c_kernels/results/aten_sumproduct_pair_cpu/debuf.mlir"", ""--dry-run"", ""--matcher-mode"", ""egglog"", ""--telemetry-json"", ""/home/arjaiswal/Polygeist/issues/equality_saturation_eval/campaign_20260908/aten-aten_sumproduct_pair_cpu-egglog-7yag7gi3.json"", ""--disable-semantic-fallback""]","== match report for /home/arjaiswal/Polygeist/issues/aten_c_kernels/results/aten_sumproduct_pair_cpu/debuf.mlir ==
  match          body#[0, 1]  cublasSgemm_strided_batched_nn_zero
  total: 1 matched / 1 bodies
",0,[],0,0,0,0,/home/arjaiswal/Polygeist/issues/aten_c_kernels/results/aten_sumproduct_pair_cpu/debuf.mlir,3233,8,2,2,333.9528627693653,0,69480,60.57698279619217,6,6,0,8,"[{""body_indices"": [0, 1], ""symbol"": ""cublasSgemm_strided_batched_nn_zero""}]",1,0,0,0.0,6
aten,aten_sumproduct_pair_cpu,/home/arjaiswal/Polygeist/issues/aten_c_kernels/results/aten_sumproduct_pair_cpu/debuf.mlir,dfbf7eb7a38190bfb20ad0908d2058b9a51cc51eb9c9f6794b27a73e7935bd4b,syntactic,4,ok,0,703.5606727004051,0,"[""/usr/bin/python3"", ""/home/arjaiswal/Polygeist/scripts/correctness/kernel_match_rewrite.py"", ""/home/arjaiswal/Polygeist/issues/aten_c_kernels/results/aten_sumproduct_pair_cpu/debuf.mlir"", ""--dry-run"", ""--matcher-mode"", ""syntactic"", ""--telemetry-json"", ""/home/arjaiswal/Polygeist/issues/equality_saturation_eval/campaign_20260908/aten-aten_sumproduct_pair_cpu-syntactic-6wekhku4.json"", ""--disable-semantic-fallback""]","== match report for /home/arjaiswal/Polygeist/issues/aten_c_kernels/results/aten_sumproduct_pair_cpu/debuf.mlir ==
  match          body#[0, 1]  cublasSgemm_strided_batched_nn_zero
  total: 1 matched / 1 bodies
",0,[],0,0,0,0,/home/arjaiswal/Polygeist/issues/aten_c_kernels/results/aten_sumproduct_pair_cpu/debuf.mlir,3233,0,2,2,282.4985347688198,0,64740,0.03218650817871094,0,6,0,0,"[{""body_indices"": [0, 1], ""symbol"": ""cublasSgemm_strided_batched_nn_zero""}]",1,0,6,0.0,6
aten,aten_sumproduct_pair_cpu,/home/arjaiswal/Polygeist/issues/aten_c_kernels/results/aten_sumproduct_pair_cpu/debuf.mlir,dfbf7eb7a38190bfb20ad0908d2058b9a51cc51eb9c9f6794b27a73e7935bd4b,syntactic,5,ok,0,704.2207904160023,0,"[""/usr/bin/python3"", ""/home/arjaiswal/Polygeist/scripts/correctness/kernel_match_rewrite.py"", ""/home/arjaiswal/Polygeist/issues/aten_c_kernels/results/aten_sumproduct_pair_cpu/debuf.mlir"", ""--dry-run"", ""--matcher-mode"", ""syntactic"", ""--telemetry-json"", ""/home/arjaiswal/Polygeist/issues/equality_saturation_eval/campaign_20260908/aten-aten_sumproduct_pair_cpu-syntactic-775z1760.json"", ""--disable-semantic-fallback""]","== match report for /home/arjaiswal/Polygeist/issues/aten_c_kernels/results/aten_sumproduct_pair_cpu/debuf.mlir ==
  match          body#[0, 1]  cublasSgemm_strided_batched_nn_zero
  total: 1 matched / 1 bodies
",0,[],0,0,0,0,/home/arjaiswal/Polygeist/issues/aten_c_kernels/results/aten_sumproduct_pair_cpu/debuf.mlir,3233,0,2,2,271.22244611382484,0,64640,0.032436102628707886,0,6,0,0,"[{""body_indices"": [0, 1], ""symbol"": ""cublasSgemm_strided_batched_nn_zero""}]",1,0,6,0.0,6
aten,aten_sumproduct_pair_cpu,/home/arjaiswal/Polygeist/issues/aten_c_kernels/results/aten_sumproduct_pair_cpu/debuf.mlir,dfbf7eb7a38190bfb20ad0908d2058b9a51cc51eb9c9f6794b27a73e7935bd4b,egglog,5,ok,0,778.4098833799362,0,"[""/usr/bin/python3"", ""/home/arjaiswal/Polygeist/scripts/correctness/kernel_match_rewrite.py"", ""/home/arjaiswal/Polygeist/issues/aten_c_kernels/results/aten_sumproduct_pair_cpu/debuf.mlir"", ""--dry-run"", ""--matcher-mode"", ""egglog"", ""--telemetry-json"", ""/home/arjaiswal/Polygeist/issues/equality_saturation_eval/campaign_20260908/aten-aten_sumproduct_pair_cpu-egglog-_4nb4sln.json"", ""--disable-semantic-fallback""]","== match report for /home/arjaiswal/Polygeist/issues/aten_c_kernels/results/aten_sumproduct_pair_cpu/debuf.mlir ==
  match          body#[0, 1]  cublasSgemm_strided_batched_nn_zero
  total: 1 matched / 1 bodies
",0,[],0,0,0,0,/home/arjaiswal/Polygeist/issues/aten_c_kernels/results/aten_sumproduct_pair_cpu/debuf.mlir,3233,8,2,2,348.25706854462624,0,69832,65.87393209338188,6,6,0,8,"[{""body_indices"": [0, 1], ""symbol"": ""cublasSgemm_strided_batched_nn_zero""}]",1,0,0,0.0,6
aten,aten_take_cpu,/home/arjaiswal/Polygeist/issues/aten_c_kernels/results/aten_take_cpu/debuf.mlir,ca858df85a52625a1e3eac201c8112887706704be64617e1cbb062e108268474,egglog,1,ok,0,740.418553352356,0,"[""/usr/bin/python3"", ""/home/arjaiswal/Polygeist/scripts/correctness/kernel_match_rewrite.py"", ""/home/arjaiswal/Polygeist/issues/aten_c_kernels/results/aten_take_cpu/debuf.mlir"", ""--dry-run"", ""--matcher-mode"", ""egglog"", ""--telemetry-json"", ""/home/arjaiswal/Polygeist/issues/equality_saturation_eval/campaign_20260908/aten-aten_take_cpu-egglog-i_n0lutl.json"", ""--disable-semantic-fallback""]","== match report for /home/arjaiswal/Polygeist/issues/aten_c_kernels/results/aten_take_cpu/debuf.mlir ==
  no_match       body#0  ?
  total: 0 matched / 1 bodies
",0,[],0,0,0,0,/home/arjaiswal/Polygeist/issues/aten_c_kernels/results/aten_take_cpu/debuf.mlir,1840,8,1,0,302.7491047978401,1,64716,0.0,0,0,0,0,[],0,0,0,0.0,4
aten,aten_take_cpu,/home/arjaiswal/Polygeist/issues/aten_c_kernels/results/aten_take_cpu/debuf.mlir,ca858df85a52625a1e3eac201c8112887706704be64617e1cbb062e108268474,syntactic,1,ok,0,718.6907343566418,0,"[""/usr/bin/python3"", ""/home/arjaiswal/Polygeist/scripts/correctness/kernel_match_rewrite.py"", ""/home/arjaiswal/Polygeist/issues/aten_c_kernels/results/aten_take_cpu/debuf.mlir"", ""--dry-run"", ""--matcher-mode"", ""syntactic"", ""--telemetry-json"", ""/home/arjaiswal/Polygeist/issues/equality_saturation_eval/campaign_20260908/aten-aten_take_cpu-syntactic-2ts9uybi.json"", ""--disable-semantic-fallback""]","== match report for /home/arjaiswal/Polygeist/issues/aten_c_kernels/results/aten_take_cpu/debuf.mlir ==
  no_match       body#0  ?
  total: 0 matched / 1 bodies
",0,[],0,0,0,0,/home/arjaiswal/Polygeist/issues/aten_c_kernels/results/aten_take_cpu/debuf.mlir,1840,0,1,0,288.96746784448624,1,64656,0.015407800674438477,0,0,0,0,[],0,0,4,0.0,4
aten,aten_take_cpu,/home/arjaiswal/Polygeist/issues/aten_c_kernels/results/aten_take_cpu/debuf.mlir,ca858df85a52625a1e3eac201c8112887706704be64617e1cbb062e108268474,syntactic,2,ok,0,725.4864498972893,0,"[""/usr/bin/python3"", ""/home/arjaiswal/Polygeist/scripts/correctness/kernel_match_rewrite.py"", ""/home/arjaiswal/Polygeist/issues/aten_c_kernels/results/aten_take_cpu/debuf.mlir"", ""--dry-run"", ""--matcher-mode"", ""syntactic"", ""--telemetry-json"", ""/home/arjaiswal/Polygeist/issues/equality_saturation_eval/campaign_20260908/aten-aten_take_cpu-syntactic-30plfl4a.json"", ""--disable-semantic-fallback""]","== match report for /home/arjaiswal/Polygeist/issues/aten_c_kernels/results/aten_take_cpu/debuf.mlir ==
  no_match       body#0  ?
  total: 0 matched / 1 bodies
",0,[],0,0,0,0,/home/arjaiswal/Polygeist/issues/aten_c_kernels/results/aten_take_cpu/debuf.mlir,1840,0,1,0,316.189032047987,1,64880,0.015828758478164673,0,0,0,0,[],0,0,4,0.0,4
aten,aten_take_cpu,/home/arjaiswal/Polygeist/issues/aten_c_kernels/results/aten_take_cpu/debuf.mlir,ca858df85a52625a1e3eac201c8112887706704be64617e1cbb062e108268474,egglog,2,ok,0,669.5199497044086,0,"[""/usr/bin/python3"", ""/home/arjaiswal/Polygeist/scripts/correctness/kernel_match_rewrite.py"", ""/home/arjaiswal/Polygeist/issues/aten_c_kernels/results/aten_take_cpu/debuf.mlir"", ""--dry-run"", ""--matcher-mode"", ""egglog"", ""--telemetry-json"", ""/home/arjaiswal/Polygeist/issues/equality_saturation_eval/campaign_20260908/aten-aten_take_cpu-egglog-i_i_1fap.json"", ""--disable-semantic-fallback""]","== match report for /home/arjaiswal/Polygeist/issues/aten_c_kernels/results/aten_take_cpu/debuf.mlir ==
  no_match       body#0  ?
  total: 0 matched / 1 bodies
",0,[],0,0,0,0,/home/arjaiswal/Polygeist/issues/aten_c_kernels/results/aten_take_cpu/debuf.mlir,1840,8,1,0,267.8104229271412,1,64876,0.0,0,0,0,0,[],0,0,0,0.0,4
aten,aten_take_cpu,/home/arjaiswal/Polygeist/issues/aten_c_kernels/results/aten_take_cpu/debuf.mlir,ca858df85a52625a1e3eac201c8112887706704be64617e1cbb062e108268474,egglog,3,ok,0,686.5061894059181,0,"[""/usr/bin/python3"", ""/home/arjaiswal/Polygeist/scripts/correctness/kernel_match_rewrite.py"", ""/home/arjaiswal/Polygeist/issues/aten_c_kernels/results/aten_take_cpu/debuf.mlir"", ""--dry-run"", ""--matcher-mode"", ""egglog"", ""--telemetry-json"", ""/home/arjaiswal/Polygeist/issues/equality_saturation_eval/campaign_20260908/aten-aten_take_cpu-egglog-1x5snzjb.json"", ""--disable-semantic-fallback""]","== match report for /home/arjaiswal/Polygeist/issues/aten_c_kernels/results/aten_take_cpu/debuf.mlir ==
  no_match       body#0  ?
  total: 0 matched / 1 bodies
",0,[],0,0,0,0,/home/arjaiswal/Polygeist/issues/aten_c_kernels/results/aten_take_cpu/debuf.mlir,1840,8,1,0,261.0485255718231,1,64708,0.0,0,0,0,0,[],0,0,0,0.0,4
aten,aten_take_cpu,/home/arjaiswal/Polygeist/issues/aten_c_kernels/results/aten_take_cpu/debuf.mlir,ca858df85a52625a1e3eac201c8112887706704be64617e1cbb062e108268474,syntactic,3,ok,0,716.5617123246193,0,"[""/usr/bin/python3"", ""/home/arjaiswal/Polygeist/scripts/correctness/kernel_match_rewrite.py"", ""/home/arjaiswal/Polygeist/issues/aten_c_kernels/results/aten_take_cpu/debuf.mlir"", ""--dry-run"", ""--matcher-mode"", ""syntactic"", ""--telemetry-json"", ""/home/arjaiswal/Polygeist/issues/equality_saturation_eval/campaign_20260908/aten-aten_take_cpu-syntactic-go8cd8a1.json"", ""--disable-semantic-fallback""]","== match report for /home/arjaiswal/Polygeist/issues/aten_c_kernels/results/aten_take_cpu/debuf.mlir ==
  no_match       body#0  ?
  total: 0 matched / 1 bodies
",0,[],0,0,0,0,/home/arjaiswal/Polygeist/issues/aten_c_kernels/results/aten_take_cpu/debuf.mlir,1840,0,1,0,281.20533749461174,1,64808,0.036306679248809814,0,0,0,0,[],0,0,4,0.0,4
aten,aten_take_cpu,/home/arjaiswal/Polygeist/issues/aten_c_kernels/results/aten_take_cpu/debuf.mlir,ca858df85a52625a1e3eac201c8112887706704be64617e1cbb062e108268474,syntactic,4,ok,0,706.942293792963,0,"[""/usr/bin/python3"", ""/home/arjaiswal/Polygeist/scripts/correctness/kernel_match_rewrite.py"", ""/home/arjaiswal/Polygeist/issues/aten_c_kernels/results/aten_take_cpu/debuf.mlir"", ""--dry-run"", ""--matcher-mode"", ""syntactic"", ""--telemetry-json"", ""/home/arjaiswal/Polygeist/issues/equality_saturation_eval/campaign_20260908/aten-aten_take_cpu-syntactic-fqvr1yp6.json"", ""--disable-semantic-fallback""]","== match report for /home/arjaiswal/Polygeist/issues/aten_c_kernels/results/aten_take_cpu/debuf.mlir ==
  no_match       body#0  ?
  total: 0 matched / 1 bodies
",0,[],0,0,0,0,/home/arjaiswal/Polygeist/issues/aten_c_kernels/results/aten_take_cpu/debuf.mlir,1840,0,1,0,261.7063634097576,1,64628,0.013899058103561401,0,0,0,0,[],0,0,4,0.0,4
aten,aten_take_cpu,/home/arjaiswal/Polygeist/issues/aten_c_kernels/results/aten_take_cpu/debuf.mlir,ca858df85a52625a1e3eac201c8112887706704be64617e1cbb062e108268474,egglog,4,ok,0,690.0803931057453,0,"[""/usr/bin/python3"", ""/home/arjaiswal/Polygeist/scripts/correctness/kernel_match_rewrite.py"", ""/home/arjaiswal/Polygeist/issues/aten_c_kernels/results/aten_take_cpu/debuf.mlir"", ""--dry-run"", ""--matcher-mode"", ""egglog"", ""--telemetry-json"", ""/home/arjaiswal/Polygeist/issues/equality_saturation_eval/campaign_20260908/aten-aten_take_cpu-egglog-jllyer90.json"", ""--disable-semantic-fallback""]","== match report for /home/arjaiswal/Polygeist/issues/aten_c_kernels/results/aten_take_cpu/debuf.mlir ==
  no_match       body#0  ?
  total: 0 matched / 1 bodies
",0,[],0,0,0,0,/home/arjaiswal/Polygeist/issues/aten_c_kernels/results/aten_take_cpu/debuf.mlir,1840,8,1,0,265.1192545890808,1,64912,0.0,0,0,0,0,[],0,0,0,0.0,4
aten,aten_take_cpu,/home/arjaiswal/Polygeist/issues/aten_c_kernels/results/aten_take_cpu/debuf.mlir,ca858df85a52625a1e3eac201c8112887706704be64617e1cbb062e108268474,egglog,5,ok,0,683.7768107652664,0,"[""/usr/bin/python3"", ""/home/arjaiswal/Polygeist/scripts/correctness/kernel_match_rewrite.py"", ""/home/arjaiswal/Polygeist/issues/aten_c_kernels/results/aten_take_cpu/debuf.mlir"", ""--dry-run"", ""--matcher-mode"", ""egglog"", ""--telemetry-json"", ""/home/arjaiswal/Polygeist/issues/equality_saturation_eval/campaign_20260908/aten-aten_take_cpu-egglog-28g4b17l.json"", ""--disable-semantic-fallback""]","== match report for /home/arjaiswal/Polygeist/issues/aten_c_kernels/results/aten_take_cpu/debuf.mlir ==
  no_match       body#0  ?
  total: 0 matched / 1 bodies
",0,[],0,0,0,0,/home/arjaiswal/Polygeist/issues/aten_c_kernels/results/aten_take_cpu/debuf.mlir,1840,8,1,0,269.4035544991493,1,64576,0.0,0,0,0,0,[],0,0,0,0.0,4
aten,aten_take_cpu,/home/arjaiswal/Polygeist/issues/aten_c_kernels/results/aten_take_cpu/debuf.mlir,ca858df85a52625a1e3eac201c8112887706704be64617e1cbb062e108268474,syntactic,5,ok,0,675.6934747099876,0,"[""/usr/bin/python3"", ""/home/arjaiswal/Polygeist/scripts/correctness/kernel_match_rewrite.py"", ""/home/arjaiswal/Polygeist/issues/aten_c_kernels/results/aten_take_cpu/debuf.mlir"", ""--dry-run"", ""--matcher-mode"", ""syntactic"", ""--telemetry-json"", ""/home/arjaiswal/Polygeist/issues/equality_saturation_eval/campaign_20260908/aten-aten_take_cpu-syntactic-cj6ql6rg.json"", ""--disable-semantic-fallback""]","== match report for /home/arjaiswal/Polygeist/issues/aten_c_kernels/results/aten_take_cpu/debuf.mlir ==
  no_match       body#0  ?
  total: 0 matched / 1 bodies
",0,[],0,0,0,0,/home/arjaiswal/Polygeist/issues/aten_c_kernels/results/aten_take_cpu/debuf.mlir,1840,0,1,0,268.6145715415478,1,64652,0.01615658402442932,0,0,0,0,[],0,0,4,0.0,4
aten,aten_tan,/home/arjaiswal/Polygeist/issues/aten_c_kernels/results/aten_tan/debuf.mlir,dfa9bfddc41e9278658d68429474a7aff2ed23d8d162dcc76dee0d61ebf52ba0,syntactic,1,ok,0,781.4901135861874,0,"[""/usr/bin/python3"", ""/home/arjaiswal/Polygeist/scripts/correctness/kernel_match_rewrite.py"", ""/home/arjaiswal/Polygeist/issues/aten_c_kernels/results/aten_tan/debuf.mlir"", ""--dry-run"", ""--matcher-mode"", ""syntactic"", ""--telemetry-json"", ""/home/arjaiswal/Polygeist/issues/equality_saturation_eval/campaign_20260908/aten-aten_tan-syntactic-_ac0418f.json"", ""--disable-semantic-fallback""]","== match report for /home/arjaiswal/Polygeist/issues/aten_c_kernels/results/aten_tan/debuf.mlir ==
  match          body#[0]  cutensorUnary_tan_f32
  total: 1 matched / 1 bodies
",0,[],0,0,0,0,/home/arjaiswal/Polygeist/issues/aten_c_kernels/results/aten_tan/debuf.mlir,1866,0,1,1,342.8739905357361,0,65408,0.173322856426239,0,2,0,0,"[{""body_indices"": [0], ""symbol"": ""cutensorUnary_tan_f32""}]",1,0,32,0.0,32
aten,aten_tan,/home/arjaiswal/Polygeist/issues/aten_c_kernels/results/aten_tan/debuf.mlir,dfa9bfddc41e9278658d68429474a7aff2ed23d8d162dcc76dee0d61ebf52ba0,egglog,1,ok,0,820.3629590570927,0,"[""/usr/bin/python3"", ""/home/arjaiswal/Polygeist/scripts/correctness/kernel_match_rewrite.py"", ""/home/arjaiswal/Polygeist/issues/aten_c_kernels/results/aten_tan/debuf.mlir"", ""--dry-run"", ""--matcher-mode"", ""egglog"", ""--telemetry-json"", ""/home/arjaiswal/Polygeist/issues/equality_saturation_eval/campaign_20260908/aten-aten_tan-egglog-mxqpslbp.json"", ""--disable-semantic-fallback""]","== match report for /home/arjaiswal/Polygeist/issues/aten_c_kernels/results/aten_tan/debuf.mlir ==
  match          body#[0]  cutensorUnary_tan_f32
  total: 1 matched / 1 bodies
",0,[],0,0,0,0,/home/arjaiswal/Polygeist/issues/aten_c_kernels/results/aten_tan/debuf.mlir,1866,8,1,1,375.00209733843803,0,69824,24.07979592680931,2,2,0,0,"[{""body_indices"": [0], ""symbol"": ""cutensorUnary_tan_f32""}]",1,0,0,0.0,32
aten,aten_tan,/home/arjaiswal/Polygeist/issues/aten_c_kernels/results/aten_tan/debuf.mlir,dfa9bfddc41e9278658d68429474a7aff2ed23d8d162dcc76dee0d61ebf52ba0,egglog,2,ok,0,806.2231428921223,0,"[""/usr/bin/python3"", ""/home/arjaiswal/Polygeist/scripts/correctness/kernel_match_rewrite.py"", ""/home/arjaiswal/Polygeist/issues/aten_c_kernels/results/aten_tan/debuf.mlir"", ""--dry-run"", ""--matcher-mode"", ""egglog"", ""--telemetry-json"", ""/home/arjaiswal/Polygeist/issues/equality_saturation_eval/campaign_20260908/aten-aten_tan-egglog-trw2gv2e.json"", ""--disable-semantic-fallback""]","== match report for /home/arjaiswal/Polygeist/issues/aten_c_kernels/results/aten_tan/debuf.mlir ==
  match          body#[0]  cutensorUnary_tan_f32
  total: 1 matched / 1 bodies
",0,[],0,0,0,0,/home/arjaiswal/Polygeist/issues/aten_c_kernels/results/aten_tan/debuf.mlir,1866,8,1,1,375.53082033991814,0,69700,21.82510867714882,2,2,0,0,"[{""body_indices"": [0], ""symbol"": ""cutensorUnary_tan_f32""}]",1,0,0,0.0,32
aten,aten_tan,/home/arjaiswal/Polygeist/issues/aten_c_kernels/results/aten_tan/debuf.mlir,dfa9bfddc41e9278658d68429474a7aff2ed23d8d162dcc76dee0d61ebf52ba0,syntactic,2,ok,0,790.9223847091198,0,"[""/usr/bin/python3"", ""/home/arjaiswal/Polygeist/scripts/correctness/kernel_match_rewrite.py"", ""/home/arjaiswal/Polygeist/issues/aten_c_kernels/results/aten_tan/debuf.mlir"", ""--dry-run"", ""--matcher-mode"", ""syntactic"", ""--telemetry-json"", ""/home/arjaiswal/Polygeist/issues/equality_saturation_eval/campaign_20260908/aten-aten_tan-syntactic-j572dgim.json"", ""--disable-semantic-fallback""]","== match report for /home/arjaiswal/Polygeist/issues/aten_c_kernels/results/aten_tan/debuf.mlir ==
  match          body#[0]  cutensorUnary_tan_f32
  total: 1 matched / 1 bodies
",0,[],0,0,0,0,/home/arjaiswal/Polygeist/issues/aten_c_kernels/results/aten_tan/debuf.mlir,1866,0,1,1,337.1935226023197,0,65544,0.1608431339263916,0,2,0,0,"[{""body_indices"": [0], ""symbol"": ""cutensorUnary_tan_f32""}]",1,0,32,0.0,32
aten,aten_tan,/home/arjaiswal/Polygeist/issues/aten_c_kernels/results/aten_tan/debuf.mlir,dfa9bfddc41e9278658d68429474a7aff2ed23d8d162dcc76dee0d61ebf52ba0,syntactic,3,ok,0,755.885723978281,0,"[""/usr/bin/python3"", ""/home/arjaiswal/Polygeist/scripts/correctness/kernel_match_rewrite.py"", ""/home/arjaiswal/Polygeist/issues/aten_c_kernels/results/aten_tan/debuf.mlir"", ""--dry-run"", ""--matcher-mode"", ""syntactic"", ""--telemetry-json"", ""/home/arjaiswal/Polygeist/issues/equality_saturation_eval/campaign_20260908/aten-aten_tan-syntactic-mf0mq_1j.json"", ""--disable-semantic-fallback""]","== match report for /home/arjaiswal/Polygeist/issues/aten_c_kernels/results/aten_tan/debuf.mlir ==
  match          body#[0]  cutensorUnary_tan_f32
  total: 1 matched / 1 bodies
",0,[],0,0,0,0,/home/arjaiswal/Polygeist/issues/aten_c_kernels/results/aten_tan/debuf.mlir,1866,0,1,1,343.57452392578125,0,65868,0.16212835907936096,0,2,0,0,"[{""body_indices"": [0], ""symbol"": ""cutensorUnary_tan_f32""}]",1,0,32,0.0,32
aten,aten_tan,/home/arjaiswal/Polygeist/issues/aten_c_kernels/results/aten_tan/debuf.mlir,dfa9bfddc41e9278658d68429474a7aff2ed23d8d162dcc76dee0d61ebf52ba0,egglog,3,ok,0,792.0524664223194,0,"[""/usr/bin/python3"", ""/home/arjaiswal/Polygeist/scripts/correctness/kernel_match_rewrite.py"", ""/home/arjaiswal/Polygeist/issues/aten_c_kernels/results/aten_tan/debuf.mlir"", ""--dry-run"", ""--matcher-mode"", ""egglog"", ""--telemetry-json"", ""/home/arjaiswal/Polygeist/issues/equality_saturation_eval/campaign_20260908/aten-aten_tan-egglog-_byf_bnh.json"", ""--disable-semantic-fallback""]","== match report for /home/arjaiswal/Polygeist/issues/aten_c_kernels/results/aten_tan/debuf.mlir ==
  match          body#[0]  cutensorUnary_tan_f32
  total: 1 matched / 1 bodies
",0,[],0,0,0,0,/home/arjaiswal/Polygeist/issues/aten_c_kernels/results/aten_tan/debuf.mlir,1866,8,1,1,369.2445829510689,0,69728,21.854732185602188,2,2,0,0,"[{""body_indices"": [0], ""symbol"": ""cutensorUnary_tan_f32""}]",1,0,0,0.0,32
aten,aten_tan,/home/arjaiswal/Polygeist/issues/aten_c_kernels/results/aten_tan/debuf.mlir,dfa9bfddc41e9278658d68429474a7aff2ed23d8d162dcc76dee0d61ebf52ba0,egglog,4,ok,0,784.7891561686993,0,"[""/usr/bin/python3"", ""/home/arjaiswal/Polygeist/scripts/correctness/kernel_match_rewrite.py"", ""/home/arjaiswal/Polygeist/issues/aten_c_kernels/results/aten_tan/debuf.mlir"", ""--dry-run"", ""--matcher-mode"", ""egglog"", ""--telemetry-json"", ""/home/arjaiswal/Polygeist/issues/equality_saturation_eval/campaign_20260908/aten-aten_tan-egglog-000zt8dl.json"", ""--disable-semantic-fallback""]","== match report for /home/arjaiswal/Polygeist/issues/aten_c_kernels/results/aten_tan/debuf.mlir ==
  match          body#[0]  cutensorUnary_tan_f32
  total: 1 matched / 1 bodies
",0,[],0,0,0,0,/home/arjaiswal/Polygeist/issues/aten_c_kernels/results/aten_tan/debuf.mlir,1866,8,1,1,369.1144175827503,0,69896,21.667148917913437,2,2,0,0,"[{""body_indices"": [0], ""symbol"": ""cutensorUnary_tan_f32""}]",1,0,0,0.0,32
aten,aten_tan,/home/arjaiswal/Polygeist/issues/aten_c_kernels/results/aten_tan/debuf.mlir,dfa9bfddc41e9278658d68429474a7aff2ed23d8d162dcc76dee0d61ebf52ba0,syntactic,4,ok,0,751.1050067842007,0,"[""/usr/bin/python3"", ""/home/arjaiswal/Polygeist/scripts/correctness/kernel_match_rewrite.py"", ""/home/arjaiswal/Polygeist/issues/aten_c_kernels/results/aten_tan/debuf.mlir"", ""--dry-run"", ""--matcher-mode"", ""syntactic"", ""--telemetry-json"", ""/home/arjaiswal/Polygeist/issues/equality_saturation_eval/campaign_20260908/aten-aten_tan-syntactic-wavk_m4b.json"", ""--disable-semantic-fallback""]","== match report for /home/arjaiswal/Polygeist/issues/aten_c_kernels/results/aten_tan/debuf.mlir ==
  match          body#[0]  cutensorUnary_tan_f32
  total: 1 matched / 1 bodies
",0,[],0,0,0,0,/home/arjaiswal/Polygeist/issues/aten_c_kernels/results/aten_tan/debuf.mlir,1866,0,1,1,343.6177633702755,0,65608,0.16355514526367188,0,2,0,0,"[{""body_indices"": [0], ""symbol"": ""cutensorUnary_tan_f32""}]",1,0,32,0.0,32
aten,aten_tan,/home/arjaiswal/Polygeist/issues/aten_c_kernels/results/aten_tan/debuf.mlir,dfa9bfddc41e9278658d68429474a7aff2ed23d8d162dcc76dee0d61ebf52ba0,syntactic,5,ok,0,745.4106621444225,0,"[""/usr/bin/python3"", ""/home/arjaiswal/Polygeist/scripts/correctness/kernel_match_rewrite.py"", ""/home/arjaiswal/Polygeist/issues/aten_c_kernels/results/aten_tan/debuf.mlir"", ""--dry-run"", ""--matcher-mode"", ""syntactic"", ""--telemetry-json"", ""/home/arjaiswal/Polygeist/issues/equality_saturation_eval/campaign_20260908/aten-aten_tan-syntactic-vb3xgi9y.json"", ""--disable-semantic-fallback""]","== match report for /home/arjaiswal/Polygeist/issues/aten_c_kernels/results/aten_tan/debuf.mlir ==
  match          body#[0]  cutensorUnary_tan_f32
  total: 1 matched / 1 bodies
",0,[],0,0,0,0,/home/arjaiswal/Polygeist/issues/aten_c_kernels/results/aten_tan/debuf.mlir,1866,0,1,1,337.7230241894722,0,65704,0.17543882131576538,0,2,0,0,"[{""body_indices"": [0], ""symbol"": ""cutensorUnary_tan_f32""}]",1,0,32,0.0,32
aten,aten_tan,/home/arjaiswal/Polygeist/issues/aten_c_kernels/results/aten_tan/debuf.mlir,dfa9bfddc41e9278658d68429474a7aff2ed23d8d162dcc76dee0d61ebf52ba0,egglog,5,ok,0,790.7420322299004,0,"[""/usr/bin/python3"", ""/home/arjaiswal/Polygeist/scripts/correctness/kernel_match_rewrite.py"", ""/home/arjaiswal/Polygeist/issues/aten_c_kernels/results/aten_tan/debuf.mlir"", ""--dry-run"", ""--matcher-mode"", ""egglog"", ""--telemetry-json"", ""/home/arjaiswal/Polygeist/issues/equality_saturation_eval/campaign_20260908/aten-aten_tan-egglog-gdlqtyl1.json"", ""--disable-semantic-fallback""]","== match report for /home/arjaiswal/Polygeist/issues/aten_c_kernels/results/aten_tan/debuf.mlir ==
  match          body#[0]  cutensorUnary_tan_f32
  total: 1 matched / 1 bodies
",0,[],0,0,0,0,/home/arjaiswal/Polygeist/issues/aten_c_kernels/results/aten_tan/debuf.mlir,1866,8,1,1,368.85838210582733,0,69644,22.49394729733467,2,2,0,0,"[{""body_indices"": [0], ""symbol"": ""cutensorUnary_tan_f32""}]",1,0,0,0.0,32
aten,aten_tanh,/home/arjaiswal/Polygeist/issues/aten_c_kernels/results/aten_tanh/debuf.mlir,72c77a3e869cbeb1b7894d4d6af1c8cea0dd69ebd2590ae36ea05f96a8c1cfb8,egglog,1,ok,0,775.6626270711422,0,"[""/usr/bin/python3"", ""/home/arjaiswal/Polygeist/scripts/correctness/kernel_match_rewrite.py"", ""/home/arjaiswal/Polygeist/issues/aten_c_kernels/results/aten_tanh/debuf.mlir"", ""--dry-run"", ""--matcher-mode"", ""egglog"", ""--telemetry-json"", ""/home/arjaiswal/Polygeist/issues/equality_saturation_eval/campaign_20260908/aten-aten_tanh-egglog-3oqplbe2.json"", ""--disable-semantic-fallback""]","== match report for /home/arjaiswal/Polygeist/issues/aten_c_kernels/results/aten_tanh/debuf.mlir ==
  match          body#[0]  cutensorUnary_tanh_f32
  total: 1 matched / 1 bodies
",0,[],0,0,0,0,/home/arjaiswal/Polygeist/issues/aten_c_kernels/results/aten_tanh/debuf.mlir,1762,8,1,1,365.42709171772003,0,68564,22.538017481565475,2,2,0,0,"[{""body_indices"": [0], ""symbol"": ""cutensorUnary_tanh_f32""}]",1,0,0,0.0,34
aten,aten_tanh,/home/arjaiswal/Polygeist/issues/aten_c_kernels/results/aten_tanh/debuf.mlir,72c77a3e869cbeb1b7894d4d6af1c8cea0dd69ebd2590ae36ea05f96a8c1cfb8,syntactic,1,ok,0,824.1167366504669,0,"[""/usr/bin/python3"", ""/home/arjaiswal/Polygeist/scripts/correctness/kernel_match_rewrite.py"", ""/home/arjaiswal/Polygeist/issues/aten_c_kernels/results/aten_tanh/debuf.mlir"", ""--dry-run"", ""--matcher-mode"", ""syntactic"", ""--telemetry-json"", ""/home/arjaiswal/Polygeist/issues/equality_saturation_eval/campaign_20260908/aten-aten_tanh-syntactic-d5ikeixl.json"", ""--disable-semantic-fallback""]","== match report for /home/arjaiswal/Polygeist/issues/aten_c_kernels/results/aten_tanh/debuf.mlir ==
  match          body#[0]  cutensorUnary_tanh_f32
  total: 1 matched / 1 bodies
",0,[],0,0,0,0,/home/arjaiswal/Polygeist/issues/aten_c_kernels/results/aten_tanh/debuf.mlir,1762,0,1,1,387.2442916035652,0,65676,0.08837133646011353,0,2,0,0,"[{""body_indices"": [0], ""symbol"": ""cutensorUnary_tanh_f32""}]",1,0,34,0.0,34
aten,aten_tanh,/home/arjaiswal/Polygeist/issues/aten_c_kernels/results/aten_tanh/debuf.mlir,72c77a3e869cbeb1b7894d4d6af1c8cea0dd69ebd2590ae36ea05f96a8c1cfb8,syntactic,2,ok,0,766.847375780344,0,"[""/usr/bin/python3"", ""/home/arjaiswal/Polygeist/scripts/correctness/kernel_match_rewrite.py"", ""/home/arjaiswal/Polygeist/issues/aten_c_kernels/results/aten_tanh/debuf.mlir"", ""--dry-run"", ""--matcher-mode"", ""syntactic"", ""--telemetry-json"", ""/home/arjaiswal/Polygeist/issues/equality_saturation_eval/campaign_20260908/aten-aten_tanh-syntactic-m6zxpl91.json"", ""--disable-semantic-fallback""]","== match report for /home/arjaiswal/Polygeist/issues/aten_c_kernels/results/aten_tanh/debuf.mlir ==
  match          body#[0]  cutensorUnary_tanh_f32
  total: 1 matched / 1 bodies
",0,[],0,0,0,0,/home/arjaiswal/Polygeist/issues/aten_c_kernels/results/aten_tanh/debuf.mlir,1762,0,1,1,339.970875531435,0,65632,0.08569657802581787,0,2,0,0,"[{""body_indices"": [0], ""symbol"": ""cutensorUnary_tanh_f32""}]",1,0,34,0.0,34
aten,aten_tanh,/home/arjaiswal/Polygeist/issues/aten_c_kernels/results/aten_tanh/debuf.mlir,72c77a3e869cbeb1b7894d4d6af1c8cea0dd69ebd2590ae36ea05f96a8c1cfb8,egglog,2,ok,0,778.0015729367733,0,"[""/usr/bin/python3"", ""/home/arjaiswal/Polygeist/scripts/correctness/kernel_match_rewrite.py"", ""/home/arjaiswal/Polygeist/issues/aten_c_kernels/results/aten_tanh/debuf.mlir"", ""--dry-run"", ""--matcher-mode"", ""egglog"", ""--telemetry-json"", ""/home/arjaiswal/Polygeist/issues/equality_saturation_eval/campaign_20260908/aten-aten_tanh-egglog-k86susaz.json"", ""--disable-semantic-fallback""]","== match report for /home/arjaiswal/Polygeist/issues/aten_c_kernels/results/aten_tanh/debuf.mlir ==
  match          body#[0]  cutensorUnary_tanh_f32
  total: 1 matched / 1 bodies
",0,[],0,0,0,0,/home/arjaiswal/Polygeist/issues/aten_c_kernels/results/aten_tanh/debuf.mlir,1762,8,1,1,360.3998087346554,0,68396,21.74154669046402,2,2,0,0,"[{""body_indices"": [0], ""symbol"": ""cutensorUnary_tanh_f32""}]",1,0,0,0.0,34
aten,aten_tanh,/home/arjaiswal/Polygeist/issues/aten_c_kernels/results/aten_tanh/debuf.mlir,72c77a3e869cbeb1b7894d4d6af1c8cea0dd69ebd2590ae36ea05f96a8c1cfb8,egglog,3,ok,0,810.3907778859138,0,"[""/usr/bin/python3"", ""/home/arjaiswal/Polygeist/scripts/correctness/kernel_match_rewrite.py"", ""/home/arjaiswal/Polygeist/issues/aten_c_kernels/results/aten_tanh/debuf.mlir"", ""--dry-run"", ""--matcher-mode"", ""egglog"", ""--telemetry-json"", ""/home/arjaiswal/Polygeist/issues/equality_saturation_eval/campaign_20260908/aten-aten_tanh-egglog-o5ryvqwn.json"", ""--disable-semantic-fallback""]","== match report for /home/arjaiswal/Polygeist/issues/aten_c_kernels/results/aten_tanh/debuf.mlir ==
  match          body#[0]  cutensorUnary_tanh_f32
  total: 1 matched / 1 bodies
",0,[],0,0,0,0,/home/arjaiswal/Polygeist/issues/aten_c_kernels/results/aten_tanh/debuf.mlir,1762,8,1,1,388.19102942943573,0,68888,22.302884608507156,2,2,0,0,"[{""body_indices"": [0], ""symbol"": ""cutensorUnary_tanh_f32""}]",1,0,0,0.0,34
aten,aten_tanh,/home/arjaiswal/Polygeist/issues/aten_c_kernels/results/aten_tanh/debuf.mlir,72c77a3e869cbeb1b7894d4d6af1c8cea0dd69ebd2590ae36ea05f96a8c1cfb8,syntactic,3,ok,0,786.3051481544971,0,"[""/usr/bin/python3"", ""/home/arjaiswal/Polygeist/scripts/correctness/kernel_match_rewrite.py"", ""/home/arjaiswal/Polygeist/issues/aten_c_kernels/results/aten_tanh/debuf.mlir"", ""--dry-run"", ""--matcher-mode"", ""syntactic"", ""--telemetry-json"", ""/home/arjaiswal/Polygeist/issues/equality_saturation_eval/campaign_20260908/aten-aten_tanh-syntactic-5q0ey024.json"", ""--disable-semantic-fallback""]","== match report for /home/arjaiswal/Polygeist/issues/aten_c_kernels/results/aten_tanh/debuf.mlir ==
  match          body#[0]  cutensorUnary_tanh_f32
  total: 1 matched / 1 bodies
",0,[],0,0,0,0,/home/arjaiswal/Polygeist/issues/aten_c_kernels/results/aten_tanh/debuf.mlir,1762,0,1,1,341.0099223256111,0,65840,0.09913370013237,0,2,0,0,"[{""body_indices"": [0], ""symbol"": ""cutensorUnary_tanh_f32""}]",1,0,34,0.0,34
aten,aten_tanh,/home/arjaiswal/Polygeist/issues/aten_c_kernels/results/aten_tanh/debuf.mlir,72c77a3e869cbeb1b7894d4d6af1c8cea0dd69ebd2590ae36ea05f96a8c1cfb8,syntactic,4,ok,0,740.3476610779762,0,"[""/usr/bin/python3"", ""/home/arjaiswal/Polygeist/scripts/correctness/kernel_match_rewrite.py"", ""/home/arjaiswal/Polygeist/issues/aten_c_kernels/results/aten_tanh/debuf.mlir"", ""--dry-run"", ""--matcher-mode"", ""syntactic"", ""--telemetry-json"", ""/home/arjaiswal/Polygeist/issues/equality_saturation_eval/campaign_20260908/aten-aten_tanh-syntactic-4gzmwmlb.json"", ""--disable-semantic-fallback""]","== match report for /home/arjaiswal/Polygeist/issues/aten_c_kernels/results/aten_tanh/debuf.mlir ==
  match          body#[0]  cutensorUnary_tanh_f32
  total: 1 matched / 1 bodies
",0,[],0,0,0,0,/home/arjaiswal/Polygeist/issues/aten_c_kernels/results/aten_tanh/debuf.mlir,1762,0,1,1,334.79274436831474,0,65760,0.08451193571090698,0,2,0,0,"[{""body_indices"": [0], ""symbol"": ""cutensorUnary_tanh_f32""}]",1,0,34,0.0,34
aten,aten_tanh,/home/arjaiswal/Polygeist/issues/aten_c_kernels/results/aten_tanh/debuf.mlir,72c77a3e869cbeb1b7894d4d6af1c8cea0dd69ebd2590ae36ea05f96a8c1cfb8,egglog,4,ok,0,787.1041484177113,0,"[""/usr/bin/python3"", ""/home/arjaiswal/Polygeist/scripts/correctness/kernel_match_rewrite.py"", ""/home/arjaiswal/Polygeist/issues/aten_c_kernels/results/aten_tanh/debuf.mlir"", ""--dry-run"", ""--matcher-mode"", ""egglog"", ""--telemetry-json"", ""/home/arjaiswal/Polygeist/issues/equality_saturation_eval/campaign_20260908/aten-aten_tanh-egglog-77_0796o.json"", ""--disable-semantic-fallback""]","== match report for /home/arjaiswal/Polygeist/issues/aten_c_kernels/results/aten_tanh/debuf.mlir ==
  match          body#[0]  cutensorUnary_tanh_f32
  total: 1 matched / 1 bodies
",0,[],0,0,0,0,/home/arjaiswal/Polygeist/issues/aten_c_kernels/results/aten_tanh/debuf.mlir,1762,8,1,1,361.13665625452995,0,68288,21.671470254659653,2,2,0,0,"[{""body_indices"": [0], ""symbol"": ""cutensorUnary_tanh_f32""}]",1,0,0,0.0,34
aten,aten_tanh,/home/arjaiswal/Polygeist/issues/aten_c_kernels/results/aten_tanh/debuf.mlir,72c77a3e869cbeb1b7894d4d6af1c8cea0dd69ebd2590ae36ea05f96a8c1cfb8,egglog,5,ok,0,777.525506913662,0,"[""/usr/bin/python3"", ""/home/arjaiswal/Polygeist/scripts/correctness/kernel_match_rewrite.py"", ""/home/arjaiswal/Polygeist/issues/aten_c_kernels/results/aten_tanh/debuf.mlir"", ""--dry-run"", ""--matcher-mode"", ""egglog"", ""--telemetry-json"", ""/home/arjaiswal/Polygeist/issues/equality_saturation_eval/campaign_20260908/aten-aten_tanh-egglog-kn8j9_mw.json"", ""--disable-semantic-fallback""]","== match report for /home/arjaiswal/Polygeist/issues/aten_c_kernels/results/aten_tanh/debuf.mlir ==
  match          body#[0]  cutensorUnary_tanh_f32
  total: 1 matched / 1 bodies
",0,[],0,0,0,0,/home/arjaiswal/Polygeist/issues/aten_c_kernels/results/aten_tanh/debuf.mlir,1762,8,1,1,370.6165589392185,0,68300,23.55540171265602,2,2,0,0,"[{""body_indices"": [0], ""symbol"": ""cutensorUnary_tanh_f32""}]",1,0,0,0.0,34
aten,aten_tanh,/home/arjaiswal/Polygeist/issues/aten_c_kernels/results/aten_tanh/debuf.mlir,72c77a3e869cbeb1b7894d4d6af1c8cea0dd69ebd2590ae36ea05f96a8c1cfb8,syntactic,5,ok,0,767.9425850510597,0,"[""/usr/bin/python3"", ""/home/arjaiswal/Polygeist/scripts/correctness/kernel_match_rewrite.py"", ""/home/arjaiswal/Polygeist/issues/aten_c_kernels/results/aten_tanh/debuf.mlir"", ""--dry-run"", ""--matcher-mode"", ""syntactic"", ""--telemetry-json"", ""/home/arjaiswal/Polygeist/issues/equality_saturation_eval/campaign_20260908/aten-aten_tanh-syntactic-nfa2czo9.json"", ""--disable-semantic-fallback""]","== match report for /home/arjaiswal/Polygeist/issues/aten_c_kernels/results/aten_tanh/debuf.mlir ==
  match          body#[0]  cutensorUnary_tanh_f32
  total: 1 matched / 1 bodies
",0,[],0,0,0,0,/home/arjaiswal/Polygeist/issues/aten_c_kernels/results/aten_tanh/debuf.mlir,1762,0,1,1,348.78315031528473,0,65512,0.08432939648628235,0,2,0,0,"[{""body_indices"": [0], ""symbol"": ""cutensorUnary_tanh_f32""}]",1,0,34,0.0,34
aten,aten_tanh_backward,/home/arjaiswal/Polygeist/issues/aten_c_kernels/results/aten_tanh_backward/debuf.mlir,553fa3fc8d7f272f376961449d868b571b1d752f7e1e1a345250b3b04e4046a8,syntactic,1,ok,0,696.9572231173515,0,"[""/usr/bin/python3"", ""/home/arjaiswal/Polygeist/scripts/correctness/kernel_match_rewrite.py"", ""/home/arjaiswal/Polygeist/issues/aten_c_kernels/results/aten_tanh_backward/debuf.mlir"", ""--dry-run"", ""--matcher-mode"", ""syntactic"", ""--telemetry-json"", ""/home/arjaiswal/Polygeist/issues/equality_saturation_eval/campaign_20260908/aten-aten_tanh_backward-syntactic-xhl4oiab.json"", ""--disable-semantic-fallback""]","== match report for /home/arjaiswal/Polygeist/issues/aten_c_kernels/results/aten_tanh_backward/debuf.mlir ==
  match          body#[0]  cudnnPointwiseGraph_f32
  total: 1 matched / 1 bodies
",0,[],0,0,0,0,/home/arjaiswal/Polygeist/issues/aten_c_kernels/results/aten_tanh_backward/debuf.mlir,2013,0,1,1,287.55297139286995,0,65620,0.024430453777313232,0,0,0,0,"[{""body_indices"": [0], ""symbol"": ""cudnnPointwiseGraph_f32""}]",1,0,6,0.0,6
aten,aten_tanh_backward,/home/arjaiswal/Polygeist/issues/aten_c_kernels/results/aten_tanh_backward/debuf.mlir,553fa3fc8d7f272f376961449d868b571b1d752f7e1e1a345250b3b04e4046a8,egglog,1,ok,0,723.1174446642399,0,"[""/usr/bin/python3"", ""/home/arjaiswal/Polygeist/scripts/correctness/kernel_match_rewrite.py"", ""/home/arjaiswal/Polygeist/issues/aten_c_kernels/results/aten_tanh_backward/debuf.mlir"", ""--dry-run"", ""--matcher-mode"", ""egglog"", ""--telemetry-json"", ""/home/arjaiswal/Polygeist/issues/equality_saturation_eval/campaign_20260908/aten-aten_tanh_backward-egglog-svf_nc18.json"", ""--disable-semantic-fallback""]","== match report for /home/arjaiswal/Polygeist/issues/aten_c_kernels/results/aten_tanh_backward/debuf.mlir ==
  match          body#[0]  cudnnPointwiseGraph_f32
  total: 1 matched / 1 bodies
",0,[],0,0,0,0,/home/arjaiswal/Polygeist/issues/aten_c_kernels/results/aten_tanh_backward/debuf.mlir,2013,8,1,1,305.5858947336674,0,65612,0.0,0,0,0,0,"[{""body_indices"": [0], ""symbol"": ""cudnnPointwiseGraph_f32""}]",1,0,0,0.0,6
aten,aten_tanh_backward,/home/arjaiswal/Polygeist/issues/aten_c_kernels/results/aten_tanh_backward/debuf.mlir,553fa3fc8d7f272f376961449d868b571b1d752f7e1e1a345250b3b04e4046a8,egglog,2,ok,0,728.1424552202225,0,"[""/usr/bin/python3"", ""/home/arjaiswal/Polygeist/scripts/correctness/kernel_match_rewrite.py"", ""/home/arjaiswal/Polygeist/issues/aten_c_kernels/results/aten_tanh_backward/debuf.mlir"", ""--dry-run"", ""--matcher-mode"", ""egglog"", ""--telemetry-json"", ""/home/arjaiswal/Polygeist/issues/equality_saturation_eval/campaign_20260908/aten-aten_tanh_backward-egglog-l9dp5u1x.json"", ""--disable-semantic-fallback""]","== match report for /home/arjaiswal/Polygeist/issues/aten_c_kernels/results/aten_tanh_backward/debuf.mlir ==
  match          body#[0]  cudnnPointwiseGraph_f32
  total: 1 matched / 1 bodies
",0,[],0,0,0,0,/home/arjaiswal/Polygeist/issues/aten_c_kernels/results/aten_tanh_backward/debuf.mlir,2013,8,1,1,298.7520173192024,0,65780,0.0,0,0,0,0,"[{""body_indices"": [0], ""symbol"": ""cudnnPointwiseGraph_f32""}]",1,0,0,0.0,6
aten,aten_tanh_backward,/home/arjaiswal/Polygeist/issues/aten_c_kernels/results/aten_tanh_backward/debuf.mlir,553fa3fc8d7f272f376961449d868b571b1d752f7e1e1a345250b3b04e4046a8,syntactic,2,ok,0,738.128338009119,0,"[""/usr/bin/python3"", ""/home/arjaiswal/Polygeist/scripts/correctness/kernel_match_rewrite.py"", ""/home/arjaiswal/Polygeist/issues/aten_c_kernels/results/aten_tanh_backward/debuf.mlir"", ""--dry-run"", ""--matcher-mode"", ""syntactic"", ""--telemetry-json"", ""/home/arjaiswal/Polygeist/issues/equality_saturation_eval/campaign_20260908/aten-aten_tanh_backward-syntactic-2opp10p1.json"", ""--disable-semantic-fallback""]","== match report for /home/arjaiswal/Polygeist/issues/aten_c_kernels/results/aten_tanh_backward/debuf.mlir ==
  match          body#[0]  cudnnPointwiseGraph_f32
  total: 1 matched / 1 bodies
",0,[],0,0,0,0,/home/arjaiswal/Polygeist/issues/aten_c_kernels/results/aten_tanh_backward/debuf.mlir,2013,0,1,1,305.36776781082153,0,65712,0.025857239961624146,0,0,0,0,"[{""body_indices"": [0], ""symbol"": ""cudnnPointwiseGraph_f32""}]",1,0,6,0.0,6
aten,aten_tanh_backward,/home/arjaiswal/Polygeist/issues/aten_c_kernels/results/aten_tanh_backward/debuf.mlir,553fa3fc8d7f272f376961449d868b571b1d752f7e1e1a345250b3b04e4046a8,syntactic,3,ok,0,713.8426043093204,0,"[""/usr/bin/python3"", ""/home/arjaiswal/Polygeist/scripts/correctness/kernel_match_rewrite.py"", ""/home/arjaiswal/Polygeist/issues/aten_c_kernels/results/aten_tanh_backward/debuf.mlir"", ""--dry-run"", ""--matcher-mode"", ""syntactic"", ""--telemetry-json"", ""/home/arjaiswal/Polygeist/issues/equality_saturation_eval/campaign_20260908/aten-aten_tanh_backward-syntactic-rzv6aua6.json"", ""--disable-semantic-fallback""]","== match report for /home/arjaiswal/Polygeist/issues/aten_c_kernels/results/aten_tanh_backward/debuf.mlir ==
  match          body#[0]  cudnnPointwiseGraph_f32
  total: 1 matched / 1 bodies
",0,[],0,0,0,0,/home/arjaiswal/Polygeist/issues/aten_c_kernels/results/aten_tanh_backward/debuf.mlir,2013,0,1,1,307.35817551612854,0,65564,0.03674626350402832,0,0,0,0,"[{""body_indices"": [0], ""symbol"": ""cudnnPointwiseGraph_f32""}]",1,0,6,0.0,6
aten,aten_tanh_backward,/home/arjaiswal/Polygeist/issues/aten_c_kernels/results/aten_tanh_backward/debuf.mlir,553fa3fc8d7f272f376961449d868b571b1d752f7e1e1a345250b3b04e4046a8,egglog,3,ok,0,716.9448472559452,0,"[""/usr/bin/python3"", ""/home/arjaiswal/Polygeist/scripts/correctness/kernel_match_rewrite.py"", ""/home/arjaiswal/Polygeist/issues/aten_c_kernels/results/aten_tanh_backward/debuf.mlir"", ""--dry-run"", ""--matcher-mode"", ""egglog"", ""--telemetry-json"", ""/home/arjaiswal/Polygeist/issues/equality_saturation_eval/campaign_20260908/aten-aten_tanh_backward-egglog-__d20xw9.json"", ""--disable-semantic-fallback""]","== match report for /home/arjaiswal/Polygeist/issues/aten_c_kernels/results/aten_tanh_backward/debuf.mlir ==
  match          body#[0]  cudnnPointwiseGraph_f32
  total: 1 matched / 1 bodies
",0,[],0,0,0,0,/home/arjaiswal/Polygeist/issues/aten_c_kernels/results/aten_tanh_backward/debuf.mlir,2013,8,1,1,308.3585314452648,0,65732,0.0,0,0,0,0,"[{""body_indices"": [0], ""symbol"": ""cudnnPointwiseGraph_f32""}]",1,0,0,0.0,6
aten,aten_tanh_backward,/home/arjaiswal/Polygeist/issues/aten_c_kernels/results/aten_tanh_backward/debuf.mlir,553fa3fc8d7f272f376961449d868b571b1d752f7e1e1a345250b3b04e4046a8,egglog,4,ok,0,747.0127604901791,0,"[""/usr/bin/python3"", ""/home/arjaiswal/Polygeist/scripts/correctness/kernel_match_rewrite.py"", ""/home/arjaiswal/Polygeist/issues/aten_c_kernels/results/aten_tanh_backward/debuf.mlir"", ""--dry-run"", ""--matcher-mode"", ""egglog"", ""--telemetry-json"", ""/home/arjaiswal/Polygeist/issues/equality_saturation_eval/campaign_20260908/aten-aten_tanh_backward-egglog-i6wn5lhi.json"", ""--disable-semantic-fallback""]","== match report for /home/arjaiswal/Polygeist/issues/aten_c_kernels/results/aten_tanh_backward/debuf.mlir ==
  match          body#[0]  cudnnPointwiseGraph_f32
  total: 1 matched / 1 bodies
",0,[],0,0,0,0,/home/arjaiswal/Polygeist/issues/aten_c_kernels/results/aten_tanh_backward/debuf.mlir,2013,8,1,1,302.1487444639206,0,65748,0.0,0,0,0,0,"[{""body_indices"": [0], ""symbol"": ""cudnnPointwiseGraph_f32""}]",1,0,0,0.0,6
aten,aten_tanh_backward,/home/arjaiswal/Polygeist/issues/aten_c_kernels/results/aten_tanh_backward/debuf.mlir,553fa3fc8d7f272f376961449d868b571b1d752f7e1e1a345250b3b04e4046a8,syntactic,4,ok,0,713.0550034344196,0,"[""/usr/bin/python3"", ""/home/arjaiswal/Polygeist/scripts/correctness/kernel_match_rewrite.py"", ""/home/arjaiswal/Polygeist/issues/aten_c_kernels/results/aten_tanh_backward/debuf.mlir"", ""--dry-run"", ""--matcher-mode"", ""syntactic"", ""--telemetry-json"", ""/home/arjaiswal/Polygeist/issues/equality_saturation_eval/campaign_20260908/aten-aten_tanh_backward-syntactic-zbci3wt1.json"", ""--disable-semantic-fallback""]","== match report for /home/arjaiswal/Polygeist/issues/aten_c_kernels/results/aten_tanh_backward/debuf.mlir ==
  match          body#[0]  cudnnPointwiseGraph_f32
  total: 1 matched / 1 bodies
",0,[],0,0,0,0,/home/arjaiswal/Polygeist/issues/aten_c_kernels/results/aten_tanh_backward/debuf.mlir,2013,0,1,1,313.60628455877304,0,65540,0.03474578261375427,0,0,0,0,"[{""body_indices"": [0], ""symbol"": ""cudnnPointwiseGraph_f32""}]",1,0,6,0.0,6
aten,aten_tanh_backward,/home/arjaiswal/Polygeist/issues/aten_c_kernels/results/aten_tanh_backward/debuf.mlir,553fa3fc8d7f272f376961449d868b571b1d752f7e1e1a345250b3b04e4046a8,syntactic,5,ok,0,719.9800722301006,0,"[""/usr/bin/python3"", ""/home/arjaiswal/Polygeist/scripts/correctness/kernel_match_rewrite.py"", ""/home/arjaiswal/Polygeist/issues/aten_c_kernels/results/aten_tanh_backward/debuf.mlir"", ""--dry-run"", ""--matcher-mode"", ""syntactic"", ""--telemetry-json"", ""/home/arjaiswal/Polygeist/issues/equality_saturation_eval/campaign_20260908/aten-aten_tanh_backward-syntactic-u3uov6qy.json"", ""--disable-semantic-fallback""]","== match report for /home/arjaiswal/Polygeist/issues/aten_c_kernels/results/aten_tanh_backward/debuf.mlir ==
  match          body#[0]  cudnnPointwiseGraph_f32
  total: 1 matched / 1 bodies
",0,[],0,0,0,0,/home/arjaiswal/Polygeist/issues/aten_c_kernels/results/aten_tanh_backward/debuf.mlir,2013,0,1,1,293.8350513577461,0,65588,0.025998800992965698,0,0,0,0,"[{""body_indices"": [0], ""symbol"": ""cudnnPointwiseGraph_f32""}]",1,0,6,0.0,6
aten,aten_tanh_backward,/home/arjaiswal/Polygeist/issues/aten_c_kernels/results/aten_tanh_backward/debuf.mlir,553fa3fc8d7f272f376961449d868b571b1d752f7e1e1a345250b3b04e4046a8,egglog,5,ok,0,787.8522425889969,0,"[""/usr/bin/python3"", ""/home/arjaiswal/Polygeist/scripts/correctness/kernel_match_rewrite.py"", ""/home/arjaiswal/Polygeist/issues/aten_c_kernels/results/aten_tanh_backward/debuf.mlir"", ""--dry-run"", ""--matcher-mode"", ""egglog"", ""--telemetry-json"", ""/home/arjaiswal/Polygeist/issues/equality_saturation_eval/campaign_20260908/aten-aten_tanh_backward-egglog-edp28y7i.json"", ""--disable-semantic-fallback""]","== match report for /home/arjaiswal/Polygeist/issues/aten_c_kernels/results/aten_tanh_backward/debuf.mlir ==
  match          body#[0]  cudnnPointwiseGraph_f32
  total: 1 matched / 1 bodies
",0,[],0,0,0,0,/home/arjaiswal/Polygeist/issues/aten_c_kernels/results/aten_tanh_backward/debuf.mlir,2013,8,1,1,342.5842300057411,0,65712,0.0,0,0,0,0,"[{""body_indices"": [0], ""symbol"": ""cudnnPointwiseGraph_f32""}]",1,0,0,0.0,6
aten,aten_threshold_backward,/home/arjaiswal/Polygeist/issues/aten_c_kernels/results/aten_threshold_backward/debuf.mlir,34525b3ddd04fc10a52c96155e6bf93387c4d43969ecfcf80f44eb9794b44fc4,egglog,1,ok,0,712.5568799674511,0,"[""/usr/bin/python3"", ""/home/arjaiswal/Polygeist/scripts/correctness/kernel_match_rewrite.py"", ""/home/arjaiswal/Polygeist/issues/aten_c_kernels/results/aten_threshold_backward/debuf.mlir"", ""--dry-run"", ""--matcher-mode"", ""egglog"", ""--telemetry-json"", ""/home/arjaiswal/Polygeist/issues/equality_saturation_eval/campaign_20260908/aten-aten_threshold_backward-egglog-xkv_ndth.json"", ""--disable-semantic-fallback""]","== match report for /home/arjaiswal/Polygeist/issues/aten_c_kernels/results/aten_threshold_backward/debuf.mlir ==
  match          body#[0]  cudnnPointwiseGraph_f32
  total: 1 matched / 1 bodies
",0,[],0,0,0,0,/home/arjaiswal/Polygeist/issues/aten_c_kernels/results/aten_threshold_backward/debuf.mlir,2006,8,1,1,301.9745834171772,0,65792,0.0,0,0,0,0,"[{""body_indices"": [0], ""symbol"": ""cudnnPointwiseGraph_f32""}]",1,0,0,0.0,6
aten,aten_threshold_backward,/home/arjaiswal/Polygeist/issues/aten_c_kernels/results/aten_threshold_backward/debuf.mlir,34525b3ddd04fc10a52c96155e6bf93387c4d43969ecfcf80f44eb9794b44fc4,syntactic,1,ok,0,729.723684489727,0,"[""/usr/bin/python3"", ""/home/arjaiswal/Polygeist/scripts/correctness/kernel_match_rewrite.py"", ""/home/arjaiswal/Polygeist/issues/aten_c_kernels/results/aten_threshold_backward/debuf.mlir"", ""--dry-run"", ""--matcher-mode"", ""syntactic"", ""--telemetry-json"", ""/home/arjaiswal/Polygeist/issues/equality_saturation_eval/campaign_20260908/aten-aten_threshold_backward-syntactic-371kdql0.json"", ""--disable-semantic-fallback""]","== match report for /home/arjaiswal/Polygeist/issues/aten_c_kernels/results/aten_threshold_backward/debuf.mlir ==
  match          body#[0]  cudnnPointwiseGraph_f32
  total: 1 matched / 1 bodies
",0,[],0,0,0,0,/home/arjaiswal/Polygeist/issues/aten_c_kernels/results/aten_threshold_backward/debuf.mlir,2006,0,1,1,312.0276778936386,0,65900,0.03193691372871399,0,0,0,0,"[{""body_indices"": [0], ""symbol"": ""cudnnPointwiseGraph_f32""}]",1,0,6,0.0,6
aten,aten_threshold_backward,/home/arjaiswal/Polygeist/issues/aten_c_kernels/results/aten_threshold_backward/debuf.mlir,34525b3ddd04fc10a52c96155e6bf93387c4d43969ecfcf80f44eb9794b44fc4,syntactic,2,ok,0,718.4086181223392,0,"[""/usr/bin/python3"", ""/home/arjaiswal/Polygeist/scripts/correctness/kernel_match_rewrite.py"", ""/home/arjaiswal/Polygeist/issues/aten_c_kernels/results/aten_threshold_backward/debuf.mlir"", ""--dry-run"", ""--matcher-mode"", ""syntactic"", ""--telemetry-json"", ""/home/arjaiswal/Polygeist/issues/equality_saturation_eval/campaign_20260908/aten-aten_threshold_backward-syntactic-np2te6jj.json"", ""--disable-semantic-fallback""]","== match report for /home/arjaiswal/Polygeist/issues/aten_c_kernels/results/aten_threshold_backward/debuf.mlir ==
  match          body#[0]  cudnnPointwiseGraph_f32
  total: 1 matched / 1 bodies
",0,[],0,0,0,0,/home/arjaiswal/Polygeist/issues/aten_c_kernels/results/aten_threshold_backward/debuf.mlir,2006,0,1,1,296.9665825366974,0,65856,0.029474496841430664,0,0,0,0,"[{""body_indices"": [0], ""symbol"": ""cudnnPointwiseGraph_f32""}]",1,0,6,0.0,6
aten,aten_threshold_backward,/home/arjaiswal/Polygeist/issues/aten_c_kernels/results/aten_threshold_backward/debuf.mlir,34525b3ddd04fc10a52c96155e6bf93387c4d43969ecfcf80f44eb9794b44fc4,egglog,2,ok,0,705.7059146463871,0,"[""/usr/bin/python3"", ""/home/arjaiswal/Polygeist/scripts/correctness/kernel_match_rewrite.py"", ""/home/arjaiswal/Polygeist/issues/aten_c_kernels/results/aten_threshold_backward/debuf.mlir"", ""--dry-run"", ""--matcher-mode"", ""egglog"", ""--telemetry-json"", ""/home/arjaiswal/Polygeist/issues/equality_saturation_eval/campaign_20260908/aten-aten_threshold_backward-egglog-w8aj63i7.json"", ""--disable-semantic-fallback""]","== match report for /home/arjaiswal/Polygeist/issues/aten_c_kernels/results/aten_threshold_backward/debuf.mlir ==
  match          body#[0]  cudnnPointwiseGraph_f32
  total: 1 matched / 1 bodies
",0,[],0,0,0,0,/home/arjaiswal/Polygeist/issues/aten_c_kernels/results/aten_threshold_backward/debuf.mlir,2006,8,1,1,295.02930864691734,0,66100,0.0,0,0,0,0,"[{""body_indices"": [0], ""symbol"": ""cudnnPointwiseGraph_f32""}]",1,0,0,0.0,6
aten,aten_threshold_backward,/home/arjaiswal/Polygeist/issues/aten_c_kernels/results/aten_threshold_backward/debuf.mlir,34525b3ddd04fc10a52c96155e6bf93387c4d43969ecfcf80f44eb9794b44fc4,egglog,3,ok,0,698.2091516256332,0,"[""/usr/bin/python3"", ""/home/arjaiswal/Polygeist/scripts/correctness/kernel_match_rewrite.py"", ""/home/arjaiswal/Polygeist/issues/aten_c_kernels/results/aten_threshold_backward/debuf.mlir"", ""--dry-run"", ""--matcher-mode"", ""egglog"", ""--telemetry-json"", ""/home/arjaiswal/Polygeist/issues/equality_saturation_eval/campaign_20260908/aten-aten_threshold_backward-egglog-x8cx4fya.json"", ""--disable-semantic-fallback""]","== match report for /home/arjaiswal/Polygeist/issues/aten_c_kernels/results/aten_threshold_backward/debuf.mlir ==
  match          body#[0]  cudnnPointwiseGraph_f32
  total: 1 matched / 1 bodies
",0,[],0,0,0,0,/home/arjaiswal/Polygeist/issues/aten_c_kernels/results/aten_threshold_backward/debuf.mlir,2006,8,1,1,292.16034710407257,0,65964,0.0,0,0,0,0,"[{""body_indices"": [0], ""symbol"": ""cudnnPointwiseGraph_f32""}]",1,0,0,0.0,6
aten,aten_threshold_backward,/home/arjaiswal/Polygeist/issues/aten_c_kernels/results/aten_threshold_backward/debuf.mlir,34525b3ddd04fc10a52c96155e6bf93387c4d43969ecfcf80f44eb9794b44fc4,syntactic,3,ok,0,708.0083042383194,0,"[""/usr/bin/python3"", ""/home/arjaiswal/Polygeist/scripts/correctness/kernel_match_rewrite.py"", ""/home/arjaiswal/Polygeist/issues/aten_c_kernels/results/aten_threshold_backward/debuf.mlir"", ""--dry-run"", ""--matcher-mode"", ""syntactic"", ""--telemetry-json"", ""/home/arjaiswal/Polygeist/issues/equality_saturation_eval/campaign_20260908/aten-aten_threshold_backward-syntactic-5unoh338.json"", ""--disable-semantic-fallback""]","== match report for /home/arjaiswal/Polygeist/issues/aten_c_kernels/results/aten_threshold_backward/debuf.mlir ==
  match          body#[0]  cudnnPointwiseGraph_f32
  total: 1 matched / 1 bodies
",0,[],0,0,0,0,/home/arjaiswal/Polygeist/issues/aten_c_kernels/results/aten_threshold_backward/debuf.mlir,2006,0,1,1,296.8861535191536,0,65848,0.03487244248390198,0,0,0,0,"[{""body_indices"": [0], ""symbol"": ""cudnnPointwiseGraph_f32""}]",1,0,6,0.0,6
aten,aten_threshold_backward,/home/arjaiswal/Polygeist/issues/aten_c_kernels/results/aten_threshold_backward/debuf.mlir,34525b3ddd04fc10a52c96155e6bf93387c4d43969ecfcf80f44eb9794b44fc4,syntactic,4,ok,0,710.1748511195183,0,"[""/usr/bin/python3"", ""/home/arjaiswal/Polygeist/scripts/correctness/kernel_match_rewrite.py"", ""/home/arjaiswal/Polygeist/issues/aten_c_kernels/results/aten_threshold_backward/debuf.mlir"", ""--dry-run"", ""--matcher-mode"", ""syntactic"", ""--telemetry-json"", ""/home/arjaiswal/Polygeist/issues/equality_saturation_eval/campaign_20260908/aten-aten_threshold_backward-syntactic-wie91q8_.json"", ""--disable-semantic-fallback""]","== match report for /home/arjaiswal/Polygeist/issues/aten_c_kernels/results/aten_threshold_backward/debuf.mlir ==
  match          body#[0]  cudnnPointwiseGraph_f32
  total: 1 matched / 1 bodies
",0,[],0,0,0,0,/home/arjaiswal/Polygeist/issues/aten_c_kernels/results/aten_threshold_backward/debuf.mlir,2006,0,1,1,298.3289584517479,0,65904,0.03987550735473633,0,0,0,0,"[{""body_indices"": [0], ""symbol"": ""cudnnPointwiseGraph_f32""}]",1,0,6,0.0,6
aten,aten_threshold_backward,/home/arjaiswal/Polygeist/issues/aten_c_kernels/results/aten_threshold_backward/debuf.mlir,34525b3ddd04fc10a52c96155e6bf93387c4d43969ecfcf80f44eb9794b44fc4,egglog,4,ok,0,749.9332651495934,0,"[""/usr/bin/python3"", ""/home/arjaiswal/Polygeist/scripts/correctness/kernel_match_rewrite.py"", ""/home/arjaiswal/Polygeist/issues/aten_c_kernels/results/aten_threshold_backward/debuf.mlir"", ""--dry-run"", ""--matcher-mode"", ""egglog"", ""--telemetry-json"", ""/home/arjaiswal/Polygeist/issues/equality_saturation_eval/campaign_20260908/aten-aten_threshold_backward-egglog-lim5bf_x.json"", ""--disable-semantic-fallback""]","== match report for /home/arjaiswal/Polygeist/issues/aten_c_kernels/results/aten_threshold_backward/debuf.mlir ==
  match          body#[0]  cudnnPointwiseGraph_f32
  total: 1 matched / 1 bodies
",0,[],0,0,0,0,/home/arjaiswal/Polygeist/issues/aten_c_kernels/results/aten_threshold_backward/debuf.mlir,2006,8,1,1,305.1934652030468,0,65840,0.0,0,0,0,0,"[{""body_indices"": [0], ""symbol"": ""cudnnPointwiseGraph_f32""}]",1,0,0,0.0,6
aten,aten_threshold_backward,/home/arjaiswal/Polygeist/issues/aten_c_kernels/results/aten_threshold_backward/debuf.mlir,34525b3ddd04fc10a52c96155e6bf93387c4d43969ecfcf80f44eb9794b44fc4,egglog,5,ok,0,727.1571718156338,0,"[""/usr/bin/python3"", ""/home/arjaiswal/Polygeist/scripts/correctness/kernel_match_rewrite.py"", ""/home/arjaiswal/Polygeist/issues/aten_c_kernels/results/aten_threshold_backward/debuf.mlir"", ""--dry-run"", ""--matcher-mode"", ""egglog"", ""--telemetry-json"", ""/home/arjaiswal/Polygeist/issues/equality_saturation_eval/campaign_20260908/aten-aten_threshold_backward-egglog-wpgx9_d7.json"", ""--disable-semantic-fallback""]","== match report for /home/arjaiswal/Polygeist/issues/aten_c_kernels/results/aten_threshold_backward/debuf.mlir ==
  match          body#[0]  cudnnPointwiseGraph_f32
  total: 1 matched / 1 bodies
",0,[],0,0,0,0,/home/arjaiswal/Polygeist/issues/aten_c_kernels/results/aten_threshold_backward/debuf.mlir,2006,8,1,1,302.04446986317635,0,65864,0.0,0,0,0,0,"[{""body_indices"": [0], ""symbol"": ""cudnnPointwiseGraph_f32""}]",1,0,0,0.0,6
aten,aten_threshold_backward,/home/arjaiswal/Polygeist/issues/aten_c_kernels/results/aten_threshold_backward/debuf.mlir,34525b3ddd04fc10a52c96155e6bf93387c4d43969ecfcf80f44eb9794b44fc4,syntactic,5,ok,0,753.6687180399895,0,"[""/usr/bin/python3"", ""/home/arjaiswal/Polygeist/scripts/correctness/kernel_match_rewrite.py"", ""/home/arjaiswal/Polygeist/issues/aten_c_kernels/results/aten_threshold_backward/debuf.mlir"", ""--dry-run"", ""--matcher-mode"", ""syntactic"", ""--telemetry-json"", ""/home/arjaiswal/Polygeist/issues/equality_saturation_eval/campaign_20260908/aten-aten_threshold_backward-syntactic-ezsfak55.json"", ""--disable-semantic-fallback""]","== match report for /home/arjaiswal/Polygeist/issues/aten_c_kernels/results/aten_threshold_backward/debuf.mlir ==
  match          body#[0]  cudnnPointwiseGraph_f32
  total: 1 matched / 1 bodies
",0,[],0,0,0,0,/home/arjaiswal/Polygeist/issues/aten_c_kernels/results/aten_threshold_backward/debuf.mlir,2006,0,1,1,317.82254576683044,0,65844,0.02827867865562439,0,0,0,0,"[{""body_indices"": [0], ""symbol"": ""cudnnPointwiseGraph_f32""}]",1,0,6,0.0,6
aten,aten_topk_cpu,/home/arjaiswal/Polygeist/issues/aten_c_kernels/results/aten_topk_cpu/debuf.mlir,1c559c186ccd951dab6fc0d2d4cb76fbf192532efd21802f16e202127569e82b,syntactic,1,ok,0,863.7046627700329,0,"[""/usr/bin/python3"", ""/home/arjaiswal/Polygeist/scripts/correctness/kernel_match_rewrite.py"", ""/home/arjaiswal/Polygeist/issues/aten_c_kernels/results/aten_topk_cpu/debuf.mlir"", ""--dry-run"", ""--matcher-mode"", ""syntactic"", ""--telemetry-json"", ""/home/arjaiswal/Polygeist/issues/equality_saturation_eval/campaign_20260908/aten-aten_topk_cpu-syntactic-spz_nf5i.json"", ""--disable-semantic-fallback""]","== match report for /home/arjaiswal/Polygeist/issues/aten_c_kernels/results/aten_topk_cpu/debuf.mlir ==
  match          body#[0]  cudaCopy2D_f32_tensor
  rank_or_dtype_reject body#1  cublasDcopy_tensor
  total: 1 matched / 2 bodies
",0,[],0,0,0,0,/home/arjaiswal/Polygeist/issues/aten_c_kernels/results/aten_topk_cpu/debuf.mlir,3255,0,2,1,408.20275992155075,0,65892,0.1544654369354248,0,4,0,0,"[{""body_indices"": [0], ""symbol"": ""cudaCopy2D_f32_tensor""}]",1,0,52,0.0,52
aten,aten_topk_cpu,/home/arjaiswal/Polygeist/issues/aten_c_kernels/results/aten_topk_cpu/debuf.mlir,1c559c186ccd951dab6fc0d2d4cb76fbf192532efd21802f16e202127569e82b,egglog,1,ok,0,896.4428082108498,0,"[""/usr/bin/python3"", ""/home/arjaiswal/Polygeist/scripts/correctness/kernel_match_rewrite.py"", ""/home/arjaiswal/Polygeist/issues/aten_c_kernels/results/aten_topk_cpu/debuf.mlir"", ""--dry-run"", ""--matcher-mode"", ""egglog"", ""--telemetry-json"", ""/home/arjaiswal/Polygeist/issues/equality_saturation_eval/campaign_20260908/aten-aten_topk_cpu-egglog-_wm7qc8v.json"", ""--disable-semantic-fallback""]","== match report for /home/arjaiswal/Polygeist/issues/aten_c_kernels/results/aten_topk_cpu/debuf.mlir ==
  match          body#[0]  cudaCopy2D_f32_tensor
  rank_or_dtype_reject body#1  cublasDcopy_tensor
  total: 1 matched / 2 bodies
",0,[],0,0,0,0,/home/arjaiswal/Polygeist/issues/aten_c_kernels/results/aten_topk_cpu/debuf.mlir,3255,8,2,1,455.59534430503845,0,69712,41.82153567671776,4,4,0,0,"[{""body_indices"": [0], ""symbol"": ""cudaCopy2D_f32_tensor""}]",1,0,0,0.0,52
aten,aten_topk_cpu,/home/arjaiswal/Polygeist/issues/aten_c_kernels/results/aten_topk_cpu/debuf.mlir,1c559c186ccd951dab6fc0d2d4cb76fbf192532efd21802f16e202127569e82b,egglog,2,ok,0,954.4303193688393,0,"[""/usr/bin/python3"", ""/home/arjaiswal/Polygeist/scripts/correctness/kernel_match_rewrite.py"", ""/home/arjaiswal/Polygeist/issues/aten_c_kernels/results/aten_topk_cpu/debuf.mlir"", ""--dry-run"", ""--matcher-mode"", ""egglog"", ""--telemetry-json"", ""/home/arjaiswal/Polygeist/issues/equality_saturation_eval/campaign_20260908/aten-aten_topk_cpu-egglog-thl_0wmp.json"", ""--disable-semantic-fallback""]","== match report for /home/arjaiswal/Polygeist/issues/aten_c_kernels/results/aten_topk_cpu/debuf.mlir ==
  match          body#[0]  cudaCopy2D_f32_tensor
  rank_or_dtype_reject body#1  cublasDcopy_tensor
  total: 1 matched / 2 bodies
",0,[],0,0,0,0,/home/arjaiswal/Polygeist/issues/aten_c_kernels/results/aten_topk_cpu/debuf.mlir,3255,8,2,1,487.3764179646969,0,69804,43.05030032992363,4,4,0,0,"[{""body_indices"": [0], ""symbol"": ""cudaCopy2D_f32_tensor""}]",1,0,0,0.0,52
aten,aten_topk_cpu,/home/arjaiswal/Polygeist/issues/aten_c_kernels/results/aten_topk_cpu/debuf.mlir,1c559c186ccd951dab6fc0d2d4cb76fbf192532efd21802f16e202127569e82b,syntactic,2,ok,0,867.1952597796917,0,"[""/usr/bin/python3"", ""/home/arjaiswal/Polygeist/scripts/correctness/kernel_match_rewrite.py"", ""/home/arjaiswal/Polygeist/issues/aten_c_kernels/results/aten_topk_cpu/debuf.mlir"", ""--dry-run"", ""--matcher-mode"", ""syntactic"", ""--telemetry-json"", ""/home/arjaiswal/Polygeist/issues/equality_saturation_eval/campaign_20260908/aten-aten_topk_cpu-syntactic-5vf0tiv4.json"", ""--disable-semantic-fallback""]","== match report for /home/arjaiswal/Polygeist/issues/aten_c_kernels/results/aten_topk_cpu/debuf.mlir ==
  match          body#[0]  cudaCopy2D_f32_tensor
  rank_or_dtype_reject body#1  cublasDcopy_tensor
  total: 1 matched / 2 bodies
",0,[],0,0,0,0,/home/arjaiswal/Polygeist/issues/aten_c_kernels/results/aten_topk_cpu/debuf.mlir,3255,0,2,1,392.09285378456116,0,65780,0.13475492596626282,0,4,0,0,"[{""body_indices"": [0], ""symbol"": ""cudaCopy2D_f32_tensor""}]",1,0,52,0.0,52
aten,aten_topk_cpu,/home/arjaiswal/Polygeist/issues/aten_c_kernels/results/aten_topk_cpu/debuf.mlir,1c559c186ccd951dab6fc0d2d4cb76fbf192532efd21802f16e202127569e82b,syntactic,3,ok,0,807.3550723493099,0,"[""/usr/bin/python3"", ""/home/arjaiswal/Polygeist/scripts/correctness/kernel_match_rewrite.py"", ""/home/arjaiswal/Polygeist/issues/aten_c_kernels/results/aten_topk_cpu/debuf.mlir"", ""--dry-run"", ""--matcher-mode"", ""syntactic"", ""--telemetry-json"", ""/home/arjaiswal/Polygeist/issues/equality_saturation_eval/campaign_20260908/aten-aten_topk_cpu-syntactic-tuk9947l.json"", ""--disable-semantic-fallback""]","== match report for /home/arjaiswal/Polygeist/issues/aten_c_kernels/results/aten_topk_cpu/debuf.mlir ==
  match          body#[0]  cudaCopy2D_f32_tensor
  rank_or_dtype_reject body#1  cublasDcopy_tensor
  total: 1 matched / 2 bodies
",0,[],0,0,0,0,/home/arjaiswal/Polygeist/issues/aten_c_kernels/results/aten_topk_cpu/debuf.mlir,3255,0,2,1,389.9819068610668,0,66060,0.1368485391139984,0,4,0,0,"[{""body_indices"": [0], ""symbol"": ""cudaCopy2D_f32_tensor""}]",1,0,52,0.0,52
aten,aten_topk_cpu,/home/arjaiswal/Polygeist/issues/aten_c_kernels/results/aten_topk_cpu/debuf.mlir,1c559c186ccd951dab6fc0d2d4cb76fbf192532efd21802f16e202127569e82b,egglog,3,ok,0,918.367113918066,0,"[""/usr/bin/python3"", ""/home/arjaiswal/Polygeist/scripts/correctness/kernel_match_rewrite.py"", ""/home/arjaiswal/Polygeist/issues/aten_c_kernels/results/aten_topk_cpu/debuf.mlir"", ""--dry-run"", ""--matcher-mode"", ""egglog"", ""--telemetry-json"", ""/home/arjaiswal/Polygeist/issues/equality_saturation_eval/campaign_20260908/aten-aten_topk_cpu-egglog-ihgwmxkp.json"", ""--disable-semantic-fallback""]","== match report for /home/arjaiswal/Polygeist/issues/aten_c_kernels/results/aten_topk_cpu/debuf.mlir ==
  match          body#[0]  cudaCopy2D_f32_tensor
  rank_or_dtype_reject body#1  cublasDcopy_tensor
  total: 1 matched / 2 bodies
",0,[],0,0,0,0,/home/arjaiswal/Polygeist/issues/aten_c_kernels/results/aten_topk_cpu/debuf.mlir,3255,8,2,1,469.20228376984596,0,69700,43.638840317726135,4,4,0,0,"[{""body_indices"": [0], ""symbol"": ""cudaCopy2D_f32_tensor""}]",1,0,0,0.0,52
aten,aten_topk_cpu,/home/arjaiswal/Polygeist/issues/aten_c_kernels/results/aten_topk_cpu/debuf.mlir,1c559c186ccd951dab6fc0d2d4cb76fbf192532efd21802f16e202127569e82b,egglog,4,ok,0,881.7171826958656,0,"[""/usr/bin/python3"", ""/home/arjaiswal/Polygeist/scripts/correctness/kernel_match_rewrite.py"", ""/home/arjaiswal/Polygeist/issues/aten_c_kernels/results/aten_topk_cpu/debuf.mlir"", ""--dry-run"", ""--matcher-mode"", ""egglog"", ""--telemetry-json"", ""/home/arjaiswal/Polygeist/issues/equality_saturation_eval/campaign_20260908/aten-aten_topk_cpu-egglog-_t03xcg3.json"", ""--disable-semantic-fallback""]","== match report for /home/arjaiswal/Polygeist/issues/aten_c_kernels/results/aten_topk_cpu/debuf.mlir ==
  match          body#[0]  cudaCopy2D_f32_tensor
  rank_or_dtype_reject body#1  cublasDcopy_tensor
  total: 1 matched / 2 bodies
",0,[],0,0,0,0,/home/arjaiswal/Polygeist/issues/aten_c_kernels/results/aten_topk_cpu/debuf.mlir,3255,8,2,1,442.342184484005,0,69732,41.2520132958889,4,4,0,0,"[{""body_indices"": [0], ""symbol"": ""cudaCopy2D_f32_tensor""}]",1,0,0,0.0,52
aten,aten_topk_cpu,/home/arjaiswal/Polygeist/issues/aten_c_kernels/results/aten_topk_cpu/debuf.mlir,1c559c186ccd951dab6fc0d2d4cb76fbf192532efd21802f16e202127569e82b,syntactic,4,ok,0,794.035043567419,0,"[""/usr/bin/python3"", ""/home/arjaiswal/Polygeist/scripts/correctness/kernel_match_rewrite.py"", ""/home/arjaiswal/Polygeist/issues/aten_c_kernels/results/aten_topk_cpu/debuf.mlir"", ""--dry-run"", ""--matcher-mode"", ""syntactic"", ""--telemetry-json"", ""/home/arjaiswal/Polygeist/issues/equality_saturation_eval/campaign_20260908/aten-aten_topk_cpu-syntactic-e5bvst6y.json"", ""--disable-semantic-fallback""]","== match report for /home/arjaiswal/Polygeist/issues/aten_c_kernels/results/aten_topk_cpu/debuf.mlir ==
  match          body#[0]  cudaCopy2D_f32_tensor
  rank_or_dtype_reject body#1  cublasDcopy_tensor
  total: 1 matched / 2 bodies
",0,[],0,0,0,0,/home/arjaiswal/Polygeist/issues/aten_c_kernels/results/aten_topk_cpu/debuf.mlir,3255,0,2,1,391.98358729481697,0,65900,0.12805312871932983,0,4,0,0,"[{""body_indices"": [0], ""symbol"": ""cudaCopy2D_f32_tensor""}]",1,0,52,0.0,52
aten,aten_topk_cpu,/home/arjaiswal/Polygeist/issues/aten_c_kernels/results/aten_topk_cpu/debuf.mlir,1c559c186ccd951dab6fc0d2d4cb76fbf192532efd21802f16e202127569e82b,syntactic,5,ok,0,806.2070943415165,0,"[""/usr/bin/python3"", ""/home/arjaiswal/Polygeist/scripts/correctness/kernel_match_rewrite.py"", ""/home/arjaiswal/Polygeist/issues/aten_c_kernels/results/aten_topk_cpu/debuf.mlir"", ""--dry-run"", ""--matcher-mode"", ""syntactic"", ""--telemetry-json"", ""/home/arjaiswal/Polygeist/issues/equality_saturation_eval/campaign_20260908/aten-aten_topk_cpu-syntactic-bf_s41zp.json"", ""--disable-semantic-fallback""]","== match report for /home/arjaiswal/Polygeist/issues/aten_c_kernels/results/aten_topk_cpu/debuf.mlir ==
  match          body#[0]  cudaCopy2D_f32_tensor
  rank_or_dtype_reject body#1  cublasDcopy_tensor
  total: 1 matched / 2 bodies
",0,[],0,0,0,0,/home/arjaiswal/Polygeist/issues/aten_c_kernels/results/aten_topk_cpu/debuf.mlir,3255,0,2,1,389.6619863808155,0,66124,0.13272836804389954,0,4,0,0,"[{""body_indices"": [0], ""symbol"": ""cudaCopy2D_f32_tensor""}]",1,0,52,0.0,52
aten,aten_topk_cpu,/home/arjaiswal/Polygeist/issues/aten_c_kernels/results/aten_topk_cpu/debuf.mlir,1c559c186ccd951dab6fc0d2d4cb76fbf192532efd21802f16e202127569e82b,egglog,5,ok,0,839.4810445606709,0,"[""/usr/bin/python3"", ""/home/arjaiswal/Polygeist/scripts/correctness/kernel_match_rewrite.py"", ""/home/arjaiswal/Polygeist/issues/aten_c_kernels/results/aten_topk_cpu/debuf.mlir"", ""--dry-run"", ""--matcher-mode"", ""egglog"", ""--telemetry-json"", ""/home/arjaiswal/Polygeist/issues/equality_saturation_eval/campaign_20260908/aten-aten_topk_cpu-egglog-jab0wle5.json"", ""--disable-semantic-fallback""]","== match report for /home/arjaiswal/Polygeist/issues/aten_c_kernels/results/aten_topk_cpu/debuf.mlir ==
  match          body#[0]  cudaCopy2D_f32_tensor
  rank_or_dtype_reject body#1  cublasDcopy_tensor
  total: 1 matched / 2 bodies
",0,[],0,0,0,0,/home/arjaiswal/Polygeist/issues/aten_c_kernels/results/aten_topk_cpu/debuf.mlir,3255,8,2,1,420.8171181380749,0,69624,40.48522189259529,4,4,0,0,"[{""body_indices"": [0], ""symbol"": ""cudaCopy2D_f32_tensor""}]",1,0,0,0.0,52
aten,aten_trace_cpu,/home/arjaiswal/Polygeist/issues/aten_c_kernels/results/aten_trace_cpu/debuf.mlir,9abdc6488c38d0a40a71289b41fcf38eb27a7613e2f8670600b8088fe0e51b2e,egglog,1,ok,0,734.2801429331303,0,"[""/usr/bin/python3"", ""/home/arjaiswal/Polygeist/scripts/correctness/kernel_match_rewrite.py"", ""/home/arjaiswal/Polygeist/issues/aten_c_kernels/results/aten_trace_cpu/debuf.mlir"", ""--dry-run"", ""--matcher-mode"", ""egglog"", ""--telemetry-json"", ""/home/arjaiswal/Polygeist/issues/equality_saturation_eval/campaign_20260908/aten-aten_trace_cpu-egglog-zqm8jxk4.json"", ""--disable-semantic-fallback""]","== match report for /home/arjaiswal/Polygeist/issues/aten_c_kernels/results/aten_trace_cpu/debuf.mlir ==
  match          body#[0]  cudnnReduceTrace_f32
  total: 1 matched / 1 bodies
",0,[],0,0,0,0,/home/arjaiswal/Polygeist/issues/aten_c_kernels/results/aten_trace_cpu/debuf.mlir,2352,8,1,1,316.4106234908104,0,69368,23.247484117746353,2,2,0,4,"[{""body_indices"": [0], ""symbol"": ""cudnnReduceTrace_f32""}]",1,0,0,0.0,8
aten,aten_trace_cpu,/home/arjaiswal/Polygeist/issues/aten_c_kernels/results/aten_trace_cpu/debuf.mlir,9abdc6488c38d0a40a71289b41fcf38eb27a7613e2f8670600b8088fe0e51b2e,syntactic,1,ok,0,722.6513773202896,0,"[""/usr/bin/python3"", ""/home/arjaiswal/Polygeist/scripts/correctness/kernel_match_rewrite.py"", ""/home/arjaiswal/Polygeist/issues/aten_c_kernels/results/aten_trace_cpu/debuf.mlir"", ""--dry-run"", ""--matcher-mode"", ""syntactic"", ""--telemetry-json"", ""/home/arjaiswal/Polygeist/issues/equality_saturation_eval/campaign_20260908/aten-aten_trace_cpu-syntactic-un1fzflj.json"", ""--disable-semantic-fallback""]","== match report for /home/arjaiswal/Polygeist/issues/aten_c_kernels/results/aten_trace_cpu/debuf.mlir ==
  match          body#[0]  cudnnReduceTrace_f32
  total: 1 matched / 1 bodies
",0,[],0,0,0,0,/home/arjaiswal/Polygeist/issues/aten_c_kernels/results/aten_trace_cpu/debuf.mlir,2352,0,1,1,312.7796873450279,0,65748,0.034417957067489624,0,2,0,0,"[{""body_indices"": [0], ""symbol"": ""cudnnReduceTrace_f32""}]",1,0,8,0.0,8
aten,aten_trace_cpu,/home/arjaiswal/Polygeist/issues/aten_c_kernels/results/aten_trace_cpu/debuf.mlir,9abdc6488c38d0a40a71289b41fcf38eb27a7613e2f8670600b8088fe0e51b2e,syntactic,2,ok,0,708.3169333636761,0,"[""/usr/bin/python3"", ""/home/arjaiswal/Polygeist/scripts/correctness/kernel_match_rewrite.py"", ""/home/arjaiswal/Polygeist/issues/aten_c_kernels/results/aten_trace_cpu/debuf.mlir"", ""--dry-run"", ""--matcher-mode"", ""syntactic"", ""--telemetry-json"", ""/home/arjaiswal/Polygeist/issues/equality_saturation_eval/campaign_20260908/aten-aten_trace_cpu-syntactic-fiw18zqc.json"", ""--disable-semantic-fallback""]","== match report for /home/arjaiswal/Polygeist/issues/aten_c_kernels/results/aten_trace_cpu/debuf.mlir ==
  match          body#[0]  cudnnReduceTrace_f32
  total: 1 matched / 1 bodies
",0,[],0,0,0,0,/home/arjaiswal/Polygeist/issues/aten_c_kernels/results/aten_trace_cpu/debuf.mlir,2352,0,1,1,281.5209813416004,0,65784,0.03014877438545227,0,2,0,0,"[{""body_indices"": [0], ""symbol"": ""cudnnReduceTrace_f32""}]",1,0,8,0.0,8
aten,aten_trace_cpu,/home/arjaiswal/Polygeist/issues/aten_c_kernels/results/aten_trace_cpu/debuf.mlir,9abdc6488c38d0a40a71289b41fcf38eb27a7613e2f8670600b8088fe0e51b2e,egglog,2,ok,0,719.4448560476303,0,"[""/usr/bin/python3"", ""/home/arjaiswal/Polygeist/scripts/correctness/kernel_match_rewrite.py"", ""/home/arjaiswal/Polygeist/issues/aten_c_kernels/results/aten_trace_cpu/debuf.mlir"", ""--dry-run"", ""--matcher-mode"", ""egglog"", ""--telemetry-json"", ""/home/arjaiswal/Polygeist/issues/equality_saturation_eval/campaign_20260908/aten-aten_trace_cpu-egglog-sumvcqnf.json"", ""--disable-semantic-fallback""]","== match report for /home/arjaiswal/Polygeist/issues/aten_c_kernels/results/aten_trace_cpu/debuf.mlir ==
  match          body#[0]  cudnnReduceTrace_f32
  total: 1 matched / 1 bodies
",0,[],0,0,0,0,/home/arjaiswal/Polygeist/issues/aten_c_kernels/results/aten_trace_cpu/debuf.mlir,2352,8,1,1,311.10335513949394,0,69208,21.83116227388382,2,2,0,4,"[{""body_indices"": [0], ""symbol"": ""cudnnReduceTrace_f32""}]",1,0,0,0.0,8
aten,aten_trace_cpu,/home/arjaiswal/Polygeist/issues/aten_c_kernels/results/aten_trace_cpu/debuf.mlir,9abdc6488c38d0a40a71289b41fcf38eb27a7613e2f8670600b8088fe0e51b2e,egglog,3,ok,0,770.4823613166809,0,"[""/usr/bin/python3"", ""/home/arjaiswal/Polygeist/scripts/correctness/kernel_match_rewrite.py"", ""/home/arjaiswal/Polygeist/issues/aten_c_kernels/results/aten_trace_cpu/debuf.mlir"", ""--dry-run"", ""--matcher-mode"", ""egglog"", ""--telemetry-json"", ""/home/arjaiswal/Polygeist/issues/equality_saturation_eval/campaign_20260908/aten-aten_trace_cpu-egglog-arnmjdt2.json"", ""--disable-semantic-fallback""]","== match report for /home/arjaiswal/Polygeist/issues/aten_c_kernels/results/aten_trace_cpu/debuf.mlir ==
  match          body#[0]  cudnnReduceTrace_f32
  total: 1 matched / 1 bodies
",0,[],0,0,0,0,/home/arjaiswal/Polygeist/issues/aten_c_kernels/results/aten_trace_cpu/debuf.mlir,2352,8,1,1,352.120753377676,0,69148,31.299855560064316,2,2,0,4,"[{""body_indices"": [0], ""symbol"": ""cudnnReduceTrace_f32""}]",1,0,0,0.0,8
aten,aten_trace_cpu,/home/arjaiswal/Polygeist/issues/aten_c_kernels/results/aten_trace_cpu/debuf.mlir,9abdc6488c38d0a40a71289b41fcf38eb27a7613e2f8670600b8088fe0e51b2e,syntactic,3,ok,0,691.3250349462032,0,"[""/usr/bin/python3"", ""/home/arjaiswal/Polygeist/scripts/correctness/kernel_match_rewrite.py"", ""/home/arjaiswal/Polygeist/issues/aten_c_kernels/results/aten_trace_cpu/debuf.mlir"", ""--dry-run"", ""--matcher-mode"", ""syntactic"", ""--telemetry-json"", ""/home/arjaiswal/Polygeist/issues/equality_saturation_eval/campaign_20260908/aten-aten_trace_cpu-syntactic-oshrafiw.json"", ""--disable-semantic-fallback""]","== match report for /home/arjaiswal/Polygeist/issues/aten_c_kernels/results/aten_trace_cpu/debuf.mlir ==
  match          body#[0]  cudnnReduceTrace_f32
  total: 1 matched / 1 bodies
",0,[],0,0,0,0,/home/arjaiswal/Polygeist/issues/aten_c_kernels/results/aten_trace_cpu/debuf.mlir,2352,0,1,1,285.0216291844845,0,65848,0.031288713216781616,0,2,0,0,"[{""body_indices"": [0], ""symbol"": ""cudnnReduceTrace_f32""}]",1,0,8,0.0,8
aten,aten_trace_cpu,/home/arjaiswal/Polygeist/issues/aten_c_kernels/results/aten_trace_cpu/debuf.mlir,9abdc6488c38d0a40a71289b41fcf38eb27a7613e2f8670600b8088fe0e51b2e,syntactic,4,ok,0,703.6759071052074,0,"[""/usr/bin/python3"", ""/home/arjaiswal/Polygeist/scripts/correctness/kernel_match_rewrite.py"", ""/home/arjaiswal/Polygeist/issues/aten_c_kernels/results/aten_trace_cpu/debuf.mlir"", ""--dry-run"", ""--matcher-mode"", ""syntactic"", ""--telemetry-json"", ""/home/arjaiswal/Polygeist/issues/equality_saturation_eval/campaign_20260908/aten-aten_trace_cpu-syntactic-5f8sguge.json"", ""--disable-semantic-fallback""]","== match report for /home/arjaiswal/Polygeist/issues/aten_c_kernels/results/aten_trace_cpu/debuf.mlir ==
  match          body#[0]  cudnnReduceTrace_f32
  total: 1 matched / 1 bodies
",0,[],0,0,0,0,/home/arjaiswal/Polygeist/issues/aten_c_kernels/results/aten_trace_cpu/debuf.mlir,2352,0,1,1,294.680330902338,0,65660,0.029131770133972168,0,2,0,0,"[{""body_indices"": [0], ""symbol"": ""cudnnReduceTrace_f32""}]",1,0,8,0.0,8
aten,aten_trace_cpu,/home/arjaiswal/Polygeist/issues/aten_c_kernels/results/aten_trace_cpu/debuf.mlir,9abdc6488c38d0a40a71289b41fcf38eb27a7613e2f8670600b8088fe0e51b2e,egglog,4,ok,0,747.3959065973759,0,"[""/usr/bin/python3"", ""/home/arjaiswal/Polygeist/scripts/correctness/kernel_match_rewrite.py"", ""/home/arjaiswal/Polygeist/issues/aten_c_kernels/results/aten_trace_cpu/debuf.mlir"", ""--dry-run"", ""--matcher-mode"", ""egglog"", ""--telemetry-json"", ""/home/arjaiswal/Polygeist/issues/equality_saturation_eval/campaign_20260908/aten-aten_trace_cpu-egglog-4s8ywc2s.json"", ""--disable-semantic-fallback""]","== match report for /home/arjaiswal/Polygeist/issues/aten_c_kernels/results/aten_trace_cpu/debuf.mlir ==
  match          body#[0]  cudnnReduceTrace_f32
  total: 1 matched / 1 bodies
",0,[],0,0,0,0,/home/arjaiswal/Polygeist/issues/aten_c_kernels/results/aten_trace_cpu/debuf.mlir,2352,8,1,1,321.4922919869423,0,69380,21.81250974535942,2,2,0,4,"[{""body_indices"": [0], ""symbol"": ""cudnnReduceTrace_f32""}]",1,0,0,0.0,8
aten,aten_trace_cpu,/home/arjaiswal/Polygeist/issues/aten_c_kernels/results/aten_trace_cpu/debuf.mlir,9abdc6488c38d0a40a71289b41fcf38eb27a7613e2f8670600b8088fe0e51b2e,egglog,5,ok,0,724.6876768767834,0,"[""/usr/bin/python3"", ""/home/arjaiswal/Polygeist/scripts/correctness/kernel_match_rewrite.py"", ""/home/arjaiswal/Polygeist/issues/aten_c_kernels/results/aten_trace_cpu/debuf.mlir"", ""--dry-run"", ""--matcher-mode"", ""egglog"", ""--telemetry-json"", ""/home/arjaiswal/Polygeist/issues/equality_saturation_eval/campaign_20260908/aten-aten_trace_cpu-egglog-clucapv6.json"", ""--disable-semantic-fallback""]","== match report for /home/arjaiswal/Polygeist/issues/aten_c_kernels/results/aten_trace_cpu/debuf.mlir ==
  match          body#[0]  cudnnReduceTrace_f32
  total: 1 matched / 1 bodies
",0,[],0,0,0,0,/home/arjaiswal/Polygeist/issues/aten_c_kernels/results/aten_trace_cpu/debuf.mlir,2352,8,1,1,311.6932511329651,0,69540,21.466344594955444,2,2,0,4,"[{""body_indices"": [0], ""symbol"": ""cudnnReduceTrace_f32""}]",1,0,0,0.0,8
aten,aten_trace_cpu,/home/arjaiswal/Polygeist/issues/aten_c_kernels/results/aten_trace_cpu/debuf.mlir,9abdc6488c38d0a40a71289b41fcf38eb27a7613e2f8670600b8088fe0e51b2e,syntactic,5,ok,0,727.9262356460094,0,"[""/usr/bin/python3"", ""/home/arjaiswal/Polygeist/scripts/correctness/kernel_match_rewrite.py"", ""/home/arjaiswal/Polygeist/issues/aten_c_kernels/results/aten_trace_cpu/debuf.mlir"", ""--dry-run"", ""--matcher-mode"", ""syntactic"", ""--telemetry-json"", ""/home/arjaiswal/Polygeist/issues/equality_saturation_eval/campaign_20260908/aten-aten_trace_cpu-syntactic-jq06pp0j.json"", ""--disable-semantic-fallback""]","== match report for /home/arjaiswal/Polygeist/issues/aten_c_kernels/results/aten_trace_cpu/debuf.mlir ==
  match          body#[0]  cudnnReduceTrace_f32
  total: 1 matched / 1 bodies
",0,[],0,0,0,0,/home/arjaiswal/Polygeist/issues/aten_c_kernels/results/aten_trace_cpu/debuf.mlir,2352,0,1,1,293.0014319717884,0,65468,0.02882629632949829,0,2,0,0,"[{""body_indices"": [0], ""symbol"": ""cudnnReduceTrace_f32""}]",1,0,8,0.0,8
aten,aten_transform_bias_rescale_qkv_cpu,/home/arjaiswal/Polygeist/issues/aten_c_kernels/results/aten_transform_bias_rescale_qkv_cpu/debuf.mlir,82f971470edc0a69ef7301e64ccb2d0d691dc6fdd4229e883453a203aed685e7,syntactic,1,ok,0,711.1601643264294,0,"[""/usr/bin/python3"", ""/home/arjaiswal/Polygeist/scripts/correctness/kernel_match_rewrite.py"", ""/home/arjaiswal/Polygeist/issues/aten_c_kernels/results/aten_transform_bias_rescale_qkv_cpu/debuf.mlir"", ""--dry-run"", ""--matcher-mode"", ""syntactic"", ""--telemetry-json"", ""/home/arjaiswal/Polygeist/issues/equality_saturation_eval/campaign_20260908/aten-aten_transform_bias_rescale_qkv_cpu-syntactic-163qe0ac.json"", ""--disable-semantic-fallback""]","== match report for /home/arjaiswal/Polygeist/issues/aten_c_kernels/results/aten_transform_bias_rescale_qkv_cpu/debuf.mlir ==
  match          body#[0, 1, 2]  cudnnTransformBiasRescaleQKV_f32_memref
  total: 1 matched / 1 bodies
",0,[],0,0,0,0,/home/arjaiswal/Polygeist/issues/aten_c_kernels/results/aten_transform_bias_rescale_qkv_cpu/debuf.mlir,5456,0,3,3,289.2671190202236,0,65760,0.04667416214942932,0,6,0,0,"[{""body_indices"": [0, 1, 2], ""symbol"": ""cudnnTransformBiasRescaleQKV_f32_memref""}]",1,0,6,0.0,6
aten,aten_transform_bias_rescale_qkv_cpu,/home/arjaiswal/Polygeist/issues/aten_c_kernels/results/aten_transform_bias_rescale_qkv_cpu/debuf.mlir,82f971470edc0a69ef7301e64ccb2d0d691dc6fdd4229e883453a203aed685e7,egglog,1,ok,0,816.5556155145168,0,"[""/usr/bin/python3"", ""/home/arjaiswal/Polygeist/scripts/correctness/kernel_match_rewrite.py"", ""/home/arjaiswal/Polygeist/issues/aten_c_kernels/results/aten_transform_bias_rescale_qkv_cpu/debuf.mlir"", ""--dry-run"", ""--matcher-mode"", ""egglog"", ""--telemetry-json"", ""/home/arjaiswal/Polygeist/issues/equality_saturation_eval/campaign_20260908/aten-aten_transform_bias_rescale_qkv_cpu-egglog-azevs74h.json"", ""--disable-semantic-fallback""]","== match report for /home/arjaiswal/Polygeist/issues/aten_c_kernels/results/aten_transform_bias_rescale_qkv_cpu/debuf.mlir ==
  match          body#[0, 1, 2]  cudnnTransformBiasRescaleQKV_f32_memref
  total: 1 matched / 1 bodies
",0,[],0,0,0,0,/home/arjaiswal/Polygeist/issues/aten_c_kernels/results/aten_transform_bias_rescale_qkv_cpu/debuf.mlir,5456,8,3,3,384.25450772047043,0,69036,68.46765801310539,6,6,0,16,"[{""body_indices"": [0, 1, 2], ""symbol"": ""cudnnTransformBiasRescaleQKV_f32_memref""}]",1,0,0,0.0,6
aten,aten_transform_bias_rescale_qkv_cpu,/home/arjaiswal/Polygeist/issues/aten_c_kernels/results/aten_transform_bias_rescale_qkv_cpu/debuf.mlir,82f971470edc0a69ef7301e64ccb2d0d691dc6fdd4229e883453a203aed685e7,egglog,2,ok,0,770.6361003220081,0,"[""/usr/bin/python3"", ""/home/arjaiswal/Polygeist/scripts/correctness/kernel_match_rewrite.py"", ""/home/arjaiswal/Polygeist/issues/aten_c_kernels/results/aten_transform_bias_rescale_qkv_cpu/debuf.mlir"", ""--dry-run"", ""--matcher-mode"", ""egglog"", ""--telemetry-json"", ""/home/arjaiswal/Polygeist/issues/equality_saturation_eval/campaign_20260908/aten-aten_transform_bias_rescale_qkv_cpu-egglog-a2ont4tu.json"", ""--disable-semantic-fallback""]","== match report for /home/arjaiswal/Polygeist/issues/aten_c_kernels/results/aten_transform_bias_rescale_qkv_cpu/debuf.mlir ==
  match          body#[0, 1, 2]  cudnnTransformBiasRescaleQKV_f32_memref
  total: 1 matched / 1 bodies
",0,[],0,0,0,0,/home/arjaiswal/Polygeist/issues/aten_c_kernels/results/aten_transform_bias_rescale_qkv_cpu/debuf.mlir,5456,8,3,3,352.6287265121937,0,69056,59.835392981767654,6,6,0,16,"[{""body_indices"": [0, 1, 2], ""symbol"": ""cudnnTransformBiasRescaleQKV_f32_memref""}]",1,0,0,0.0,6
aten,aten_transform_bias_rescale_qkv_cpu,/home/arjaiswal/Polygeist/issues/aten_c_kernels/results/aten_transform_bias_rescale_qkv_cpu/debuf.mlir,82f971470edc0a69ef7301e64ccb2d0d691dc6fdd4229e883453a203aed685e7,syntactic,2,ok,0,792.8408570587635,0,"[""/usr/bin/python3"", ""/home/arjaiswal/Polygeist/scripts/correctness/kernel_match_rewrite.py"", ""/home/arjaiswal/Polygeist/issues/aten_c_kernels/results/aten_transform_bias_rescale_qkv_cpu/debuf.mlir"", ""--dry-run"", ""--matcher-mode"", ""syntactic"", ""--telemetry-json"", ""/home/arjaiswal/Polygeist/issues/equality_saturation_eval/campaign_20260908/aten-aten_transform_bias_rescale_qkv_cpu-syntactic-0220mlct.json"", ""--disable-semantic-fallback""]","== match report for /home/arjaiswal/Polygeist/issues/aten_c_kernels/results/aten_transform_bias_rescale_qkv_cpu/debuf.mlir ==
  match          body#[0, 1, 2]  cudnnTransformBiasRescaleQKV_f32_memref
  total: 1 matched / 1 bodies
",0,[],0,0,0,0,/home/arjaiswal/Polygeist/issues/aten_c_kernels/results/aten_transform_bias_rescale_qkv_cpu/debuf.mlir,5456,0,3,3,329.2634077370167,0,65544,0.050049275159835815,0,6,0,0,"[{""body_indices"": [0, 1, 2], ""symbol"": ""cudnnTransformBiasRescaleQKV_f32_memref""}]",1,0,6,0.0,6
aten,aten_transform_bias_rescale_qkv_cpu,/home/arjaiswal/Polygeist/issues/aten_c_kernels/results/aten_transform_bias_rescale_qkv_cpu/debuf.mlir,82f971470edc0a69ef7301e64ccb2d0d691dc6fdd4229e883453a203aed685e7,syntactic,3,ok,0,727.6188991963863,0,"[""/usr/bin/python3"", ""/home/arjaiswal/Polygeist/scripts/correctness/kernel_match_rewrite.py"", ""/home/arjaiswal/Polygeist/issues/aten_c_kernels/results/aten_transform_bias_rescale_qkv_cpu/debuf.mlir"", ""--dry-run"", ""--matcher-mode"", ""syntactic"", ""--telemetry-json"", ""/home/arjaiswal/Polygeist/issues/equality_saturation_eval/campaign_20260908/aten-aten_transform_bias_rescale_qkv_cpu-syntactic-3xw4jqx0.json"", ""--disable-semantic-fallback""]","== match report for /home/arjaiswal/Polygeist/issues/aten_c_kernels/results/aten_transform_bias_rescale_qkv_cpu/debuf.mlir ==
  match          body#[0, 1, 2]  cudnnTransformBiasRescaleQKV_f32_memref
  total: 1 matched / 1 bodies
",0,[],0,0,0,0,/home/arjaiswal/Polygeist/issues/aten_c_kernels/results/aten_transform_bias_rescale_qkv_cpu/debuf.mlir,5456,0,3,3,295.6994138658047,0,65620,0.04912540316581726,0,6,0,0,"[{""body_indices"": [0, 1, 2], ""symbol"": ""cudnnTransformBiasRescaleQKV_f32_memref""}]",1,0,6,0.0,6
aten,aten_transform_bias_rescale_qkv_cpu,/home/arjaiswal/Polygeist/issues/aten_c_kernels/results/aten_transform_bias_rescale_qkv_cpu/debuf.mlir,82f971470edc0a69ef7301e64ccb2d0d691dc6fdd4229e883453a203aed685e7,egglog,3,ok,0,793.4614270925522,0,"[""/usr/bin/python3"", ""/home/arjaiswal/Polygeist/scripts/correctness/kernel_match_rewrite.py"", ""/home/arjaiswal/Polygeist/issues/aten_c_kernels/results/aten_transform_bias_rescale_qkv_cpu/debuf.mlir"", ""--dry-run"", ""--matcher-mode"", ""egglog"", ""--telemetry-json"", ""/home/arjaiswal/Polygeist/issues/equality_saturation_eval/campaign_20260908/aten-aten_transform_bias_rescale_qkv_cpu-egglog-gmfy5dsb.json"", ""--disable-semantic-fallback""]","== match report for /home/arjaiswal/Polygeist/issues/aten_c_kernels/results/aten_transform_bias_rescale_qkv_cpu/debuf.mlir ==
  match          body#[0, 1, 2]  cudnnTransformBiasRescaleQKV_f32_memref
  total: 1 matched / 1 bodies
",0,[],0,0,0,0,/home/arjaiswal/Polygeist/issues/aten_c_kernels/results/aten_transform_bias_rescale_qkv_cpu/debuf.mlir,5456,8,3,3,367.64679849147797,0,68948,66.87317788600922,6,6,0,16,"[{""body_indices"": [0, 1, 2], ""symbol"": ""cudnnTransformBiasRescaleQKV_f32_memref""}]",1,0,0,0.0,6
aten,aten_transform_bias_rescale_qkv_cpu,/home/arjaiswal/Polygeist/issues/aten_c_kernels/results/aten_transform_bias_rescale_qkv_cpu/debuf.mlir,82f971470edc0a69ef7301e64ccb2d0d691dc6fdd4229e883453a203aed685e7,egglog,4,ok,0,810.8689300715923,0,"[""/usr/bin/python3"", ""/home/arjaiswal/Polygeist/scripts/correctness/kernel_match_rewrite.py"", ""/home/arjaiswal/Polygeist/issues/aten_c_kernels/results/aten_transform_bias_rescale_qkv_cpu/debuf.mlir"", ""--dry-run"", ""--matcher-mode"", ""egglog"", ""--telemetry-json"", ""/home/arjaiswal/Polygeist/issues/equality_saturation_eval/campaign_20260908/aten-aten_transform_bias_rescale_qkv_cpu-egglog-k0r8p5a4.json"", ""--disable-semantic-fallback""]","== match report for /home/arjaiswal/Polygeist/issues/aten_c_kernels/results/aten_transform_bias_rescale_qkv_cpu/debuf.mlir ==
  match          body#[0, 1, 2]  cudnnTransformBiasRescaleQKV_f32_memref
  total: 1 matched / 1 bodies
",0,[],0,0,0,0,/home/arjaiswal/Polygeist/issues/aten_c_kernels/results/aten_transform_bias_rescale_qkv_cpu/debuf.mlir,5456,8,3,3,358.43706503510475,0,69248,59.467218816280365,6,6,0,16,"[{""body_indices"": [0, 1, 2], ""symbol"": ""cudnnTransformBiasRescaleQKV_f32_memref""}]",1,0,0,0.0,6
aten,aten_transform_bias_rescale_qkv_cpu,/home/arjaiswal/Polygeist/issues/aten_c_kernels/results/aten_transform_bias_rescale_qkv_cpu/debuf.mlir,82f971470edc0a69ef7301e64ccb2d0d691dc6fdd4229e883453a203aed685e7,syntactic,4,ok,0,739.9085238575935,0,"[""/usr/bin/python3"", ""/home/arjaiswal/Polygeist/scripts/correctness/kernel_match_rewrite.py"", ""/home/arjaiswal/Polygeist/issues/aten_c_kernels/results/aten_transform_bias_rescale_qkv_cpu/debuf.mlir"", ""--dry-run"", ""--matcher-mode"", ""syntactic"", ""--telemetry-json"", ""/home/arjaiswal/Polygeist/issues/equality_saturation_eval/campaign_20260908/aten-aten_transform_bias_rescale_qkv_cpu-syntactic-zz_jd8gb.json"", ""--disable-semantic-fallback""]","== match report for /home/arjaiswal/Polygeist/issues/aten_c_kernels/results/aten_transform_bias_rescale_qkv_cpu/debuf.mlir ==
  match          body#[0, 1, 2]  cudnnTransformBiasRescaleQKV_f32_memref
  total: 1 matched / 1 bodies
",0,[],0,0,0,0,/home/arjaiswal/Polygeist/issues/aten_c_kernels/results/aten_transform_bias_rescale_qkv_cpu/debuf.mlir,5456,0,3,3,303.9705120027065,0,65656,0.08066743612289429,0,6,0,0,"[{""body_indices"": [0, 1, 2], ""symbol"": ""cudnnTransformBiasRescaleQKV_f32_memref""}]",1,0,6,0.0,6
aten,aten_transform_bias_rescale_qkv_cpu,/home/arjaiswal/Polygeist/issues/aten_c_kernels/results/aten_transform_bias_rescale_qkv_cpu/debuf.mlir,82f971470edc0a69ef7301e64ccb2d0d691dc6fdd4229e883453a203aed685e7,syntactic,5,ok,0,720.6954658031464,0,"[""/usr/bin/python3"", ""/home/arjaiswal/Polygeist/scripts/correctness/kernel_match_rewrite.py"", ""/home/arjaiswal/Polygeist/issues/aten_c_kernels/results/aten_transform_bias_rescale_qkv_cpu/debuf.mlir"", ""--dry-run"", ""--matcher-mode"", ""syntactic"", ""--telemetry-json"", ""/home/arjaiswal/Polygeist/issues/equality_saturation_eval/campaign_20260908/aten-aten_transform_bias_rescale_qkv_cpu-syntactic-ab2fu55n.json"", ""--disable-semantic-fallback""]","== match report for /home/arjaiswal/Polygeist/issues/aten_c_kernels/results/aten_transform_bias_rescale_qkv_cpu/debuf.mlir ==
  match          body#[0, 1, 2]  cudnnTransformBiasRescaleQKV_f32_memref
  total: 1 matched / 1 bodies
",0,[],0,0,0,0,/home/arjaiswal/Polygeist/issues/aten_c_kernels/results/aten_transform_bias_rescale_qkv_cpu/debuf.mlir,5456,0,3,3,299.30075258016586,0,65628,0.0476054847240448,0,6,0,0,"[{""body_indices"": [0, 1, 2], ""symbol"": ""cudnnTransformBiasRescaleQKV_f32_memref""}]",1,0,6,0.0,6
aten,aten_transform_bias_rescale_qkv_cpu,/home/arjaiswal/Polygeist/issues/aten_c_kernels/results/aten_transform_bias_rescale_qkv_cpu/debuf.mlir,82f971470edc0a69ef7301e64ccb2d0d691dc6fdd4229e883453a203aed685e7,egglog,5,ok,0,829.4280581176281,0,"[""/usr/bin/python3"", ""/home/arjaiswal/Polygeist/scripts/correctness/kernel_match_rewrite.py"", ""/home/arjaiswal/Polygeist/issues/aten_c_kernels/results/aten_transform_bias_rescale_qkv_cpu/debuf.mlir"", ""--dry-run"", ""--matcher-mode"", ""egglog"", ""--telemetry-json"", ""/home/arjaiswal/Polygeist/issues/equality_saturation_eval/campaign_20260908/aten-aten_transform_bias_rescale_qkv_cpu-egglog-2ylegtya.json"", ""--disable-semantic-fallback""]","== match report for /home/arjaiswal/Polygeist/issues/aten_c_kernels/results/aten_transform_bias_rescale_qkv_cpu/debuf.mlir ==
  match          body#[0, 1, 2]  cudnnTransformBiasRescaleQKV_f32_memref
  total: 1 matched / 1 bodies
",0,[],0,0,0,0,/home/arjaiswal/Polygeist/issues/aten_c_kernels/results/aten_transform_bias_rescale_qkv_cpu/debuf.mlir,5456,8,3,3,376.12442299723625,0,69328,60.98421663045883,6,6,0,16,"[{""body_indices"": [0, 1, 2], ""symbol"": ""cudnnTransformBiasRescaleQKV_f32_memref""}]",1,0,0,0.0,6
aten,aten_transpose_copy,/home/arjaiswal/Polygeist/issues/aten_c_kernels/results/aten_transpose_copy/debuf.mlir,2be04b9d92308d084e138fbc28d43bb0bb53e6b86dbb0dad7b37583e5b107dc4,egglog,1,ok,0,771.2775431573391,0,"[""/usr/bin/python3"", ""/home/arjaiswal/Polygeist/scripts/correctness/kernel_match_rewrite.py"", ""/home/arjaiswal/Polygeist/issues/aten_c_kernels/results/aten_transpose_copy/debuf.mlir"", ""--dry-run"", ""--matcher-mode"", ""egglog"", ""--telemetry-json"", ""/home/arjaiswal/Polygeist/issues/equality_saturation_eval/campaign_20260908/aten-aten_transpose_copy-egglog-3i3g7dgx.json"", ""--disable-semantic-fallback""]","== match report for /home/arjaiswal/Polygeist/issues/aten_c_kernels/results/aten_transpose_copy/debuf.mlir ==
  match          body#[0]  cutensorPermute_f32_r2_tensor
  total: 1 matched / 1 bodies
",0,[],0,0,0,0,/home/arjaiswal/Polygeist/issues/aten_c_kernels/results/aten_transpose_copy/debuf.mlir,2291,8,1,1,350.2088561654091,0,68044,11.234696954488754,1,1,0,0,"[{""body_indices"": [0], ""symbol"": ""cutensorPermute_f32_r2_tensor""}]",1,0,0,0.0,25
aten,aten_transpose_copy,/home/arjaiswal/Polygeist/issues/aten_c_kernels/results/aten_transpose_copy/debuf.mlir,2be04b9d92308d084e138fbc28d43bb0bb53e6b86dbb0dad7b37583e5b107dc4,syntactic,1,ok,0,758.2093179225922,0,"[""/usr/bin/python3"", ""/home/arjaiswal/Polygeist/scripts/correctness/kernel_match_rewrite.py"", ""/home/arjaiswal/Polygeist/issues/aten_c_kernels/results/aten_transpose_copy/debuf.mlir"", ""--dry-run"", ""--matcher-mode"", ""syntactic"", ""--telemetry-json"", ""/home/arjaiswal/Polygeist/issues/equality_saturation_eval/campaign_20260908/aten-aten_transpose_copy-syntactic-bikd1syb.json"", ""--disable-semantic-fallback""]","== match report for /home/arjaiswal/Polygeist/issues/aten_c_kernels/results/aten_transpose_copy/debuf.mlir ==
  match          body#[0]  cutensorPermute_f32_r2_tensor
  total: 1 matched / 1 bodies
",0,[],0,0,0,0,/home/arjaiswal/Polygeist/issues/aten_c_kernels/results/aten_transpose_copy/debuf.mlir,2291,0,1,1,334.88549664616585,0,65588,0.06113573908805847,0,1,0,0,"[{""body_indices"": [0], ""symbol"": ""cutensorPermute_f32_r2_tensor""}]",1,0,25,0.0,25
aten,aten_transpose_copy,/home/arjaiswal/Polygeist/issues/aten_c_kernels/results/aten_transpose_copy/debuf.mlir,2be04b9d92308d084e138fbc28d43bb0bb53e6b86dbb0dad7b37583e5b107dc4,syntactic,2,ok,0,784.6550643444061,0,"[""/usr/bin/python3"", ""/home/arjaiswal/Polygeist/scripts/correctness/kernel_match_rewrite.py"", ""/home/arjaiswal/Polygeist/issues/aten_c_kernels/results/aten_transpose_copy/debuf.mlir"", ""--dry-run"", ""--matcher-mode"", ""syntactic"", ""--telemetry-json"", ""/home/arjaiswal/Polygeist/issues/equality_saturation_eval/campaign_20260908/aten-aten_transpose_copy-syntactic-8ep06opd.json"", ""--disable-semantic-fallback""]","== match report for /home/arjaiswal/Polygeist/issues/aten_c_kernels/results/aten_transpose_copy/debuf.mlir ==
  match          body#[0]  cutensorPermute_f32_r2_tensor
  total: 1 matched / 1 bodies
",0,[],0,0,0,0,/home/arjaiswal/Polygeist/issues/aten_c_kernels/results/aten_transpose_copy/debuf.mlir,2291,0,1,1,338.26062083244324,0,65724,0.07225573062896729,0,1,0,0,"[{""body_indices"": [0], ""symbol"": ""cutensorPermute_f32_r2_tensor""}]",1,0,25,0.0,25
aten,aten_transpose_copy,/home/arjaiswal/Polygeist/issues/aten_c_kernels/results/aten_transpose_copy/debuf.mlir,2be04b9d92308d084e138fbc28d43bb0bb53e6b86dbb0dad7b37583e5b107dc4,egglog,2,ok,0,786.1615046858788,0,"[""/usr/bin/python3"", ""/home/arjaiswal/Polygeist/scripts/correctness/kernel_match_rewrite.py"", ""/home/arjaiswal/Polygeist/issues/aten_c_kernels/results/aten_transpose_copy/debuf.mlir"", ""--dry-run"", ""--matcher-mode"", ""egglog"", ""--telemetry-json"", ""/home/arjaiswal/Polygeist/issues/equality_saturation_eval/campaign_20260908/aten-aten_transpose_copy-egglog-q60bhqyt.json"", ""--disable-semantic-fallback""]","== match report for /home/arjaiswal/Polygeist/issues/aten_c_kernels/results/aten_transpose_copy/debuf.mlir ==
  match          body#[0]  cutensorPermute_f32_r2_tensor
  total: 1 matched / 1 bodies
",0,[],0,0,0,0,/home/arjaiswal/Polygeist/issues/aten_c_kernels/results/aten_transpose_copy/debuf.mlir,2291,8,1,1,348.9435538649559,0,68348,11.462979018688202,1,1,0,0,"[{""body_indices"": [0], ""symbol"": ""cutensorPermute_f32_r2_tensor""}]",1,0,0,0.0,25
aten,aten_transpose_copy,/home/arjaiswal/Polygeist/issues/aten_c_kernels/results/aten_transpose_copy/debuf.mlir,2be04b9d92308d084e138fbc28d43bb0bb53e6b86dbb0dad7b37583e5b107dc4,egglog,3,ok,0,830.0020135939121,0,"[""/usr/bin/python3"", ""/home/arjaiswal/Polygeist/scripts/correctness/kernel_match_rewrite.py"", ""/home/arjaiswal/Polygeist/issues/aten_c_kernels/results/aten_transpose_copy/debuf.mlir"", ""--dry-run"", ""--matcher-mode"", ""egglog"", ""--telemetry-json"", ""/home/arjaiswal/Polygeist/issues/equality_saturation_eval/campaign_20260908/aten-aten_transpose_copy-egglog-2equnu4h.json"", ""--disable-semantic-fallback""]","== match report for /home/arjaiswal/Polygeist/issues/aten_c_kernels/results/aten_transpose_copy/debuf.mlir ==
  match          body#[0]  cutensorPermute_f32_r2_tensor
  total: 1 matched / 1 bodies
",0,[],0,0,0,0,/home/arjaiswal/Polygeist/issues/aten_c_kernels/results/aten_transpose_copy/debuf.mlir,2291,8,1,1,369.58781629800797,0,68492,16.167432069778442,1,1,0,0,"[{""body_indices"": [0], ""symbol"": ""cutensorPermute_f32_r2_tensor""}]",1,0,0,0.0,25
aten,aten_transpose_copy,/home/arjaiswal/Polygeist/issues/aten_c_kernels/results/aten_transpose_copy/debuf.mlir,2be04b9d92308d084e138fbc28d43bb0bb53e6b86dbb0dad7b37583e5b107dc4,syntactic,3,ok,0,789.3549278378487,0,"[""/usr/bin/python3"", ""/home/arjaiswal/Polygeist/scripts/correctness/kernel_match_rewrite.py"", ""/home/arjaiswal/Polygeist/issues/aten_c_kernels/results/aten_transpose_copy/debuf.mlir"", ""--dry-run"", ""--matcher-mode"", ""syntactic"", ""--telemetry-json"", ""/home/arjaiswal/Polygeist/issues/equality_saturation_eval/campaign_20260908/aten-aten_transpose_copy-syntactic-k_ccrjzu.json"", ""--disable-semantic-fallback""]","== match report for /home/arjaiswal/Polygeist/issues/aten_c_kernels/results/aten_transpose_copy/debuf.mlir ==
  match          body#[0]  cutensorPermute_f32_r2_tensor
  total: 1 matched / 1 bodies
",0,[],0,0,0,0,/home/arjaiswal/Polygeist/issues/aten_c_kernels/results/aten_transpose_copy/debuf.mlir,2291,0,1,1,342.93951466679573,0,65628,0.07032230496406555,0,1,0,0,"[{""body_indices"": [0], ""symbol"": ""cutensorPermute_f32_r2_tensor""}]",1,0,25,0.0,25
aten,aten_transpose_copy,/home/arjaiswal/Polygeist/issues/aten_c_kernels/results/aten_transpose_copy/debuf.mlir,2be04b9d92308d084e138fbc28d43bb0bb53e6b86dbb0dad7b37583e5b107dc4,syntactic,4,ok,0,742.2680892050266,0,"[""/usr/bin/python3"", ""/home/arjaiswal/Polygeist/scripts/correctness/kernel_match_rewrite.py"", ""/home/arjaiswal/Polygeist/issues/aten_c_kernels/results/aten_transpose_copy/debuf.mlir"", ""--dry-run"", ""--matcher-mode"", ""syntactic"", ""--telemetry-json"", ""/home/arjaiswal/Polygeist/issues/equality_saturation_eval/campaign_20260908/aten-aten_transpose_copy-syntactic-0rt4vnzt.json"", ""--disable-semantic-fallback""]","== match report for /home/arjaiswal/Polygeist/issues/aten_c_kernels/results/aten_transpose_copy/debuf.mlir ==
  match          body#[0]  cutensorPermute_f32_r2_tensor
  total: 1 matched / 1 bodies
",0,[],0,0,0,0,/home/arjaiswal/Polygeist/issues/aten_c_kernels/results/aten_transpose_copy/debuf.mlir,2291,0,1,1,318.2544410228729,0,65660,0.05774572491645813,0,1,0,0,"[{""body_indices"": [0], ""symbol"": ""cutensorPermute_f32_r2_tensor""}]",1,0,25,0.0,25
aten,aten_transpose_copy,/home/arjaiswal/Polygeist/issues/aten_c_kernels/results/aten_transpose_copy/debuf.mlir,2be04b9d92308d084e138fbc28d43bb0bb53e6b86dbb0dad7b37583e5b107dc4,egglog,4,ok,0,796.9579100608826,0,"[""/usr/bin/python3"", ""/home/arjaiswal/Polygeist/scripts/correctness/kernel_match_rewrite.py"", ""/home/arjaiswal/Polygeist/issues/aten_c_kernels/results/aten_transpose_copy/debuf.mlir"", ""--dry-run"", ""--matcher-mode"", ""egglog"", ""--telemetry-json"", ""/home/arjaiswal/Polygeist/issues/equality_saturation_eval/campaign_20260908/aten-aten_transpose_copy-egglog-l1knx6ip.json"", ""--disable-semantic-fallback""]","== match report for /home/arjaiswal/Polygeist/issues/aten_c_kernels/results/aten_transpose_copy/debuf.mlir ==
  match          body#[0]  cutensorPermute_f32_r2_tensor
  total: 1 matched / 1 bodies
",0,[],0,0,0,0,/home/arjaiswal/Polygeist/issues/aten_c_kernels/results/aten_transpose_copy/debuf.mlir,2291,8,1,1,363.4924478828907,0,68096,12.256409972906113,1,1,0,0,"[{""body_indices"": [0], ""symbol"": ""cutensorPermute_f32_r2_tensor""}]",1,0,0,0.0,25
aten,aten_transpose_copy,/home/arjaiswal/Polygeist/issues/aten_c_kernels/results/aten_transpose_copy/debuf.mlir,2be04b9d92308d084e138fbc28d43bb0bb53e6b86dbb0dad7b37583e5b107dc4,egglog,5,ok,0,784.5951616764069,0,"[""/usr/bin/python3"", ""/home/arjaiswal/Polygeist/scripts/correctness/kernel_match_rewrite.py"", ""/home/arjaiswal/Polygeist/issues/aten_c_kernels/results/aten_transpose_copy/debuf.mlir"", ""--dry-run"", ""--matcher-mode"", ""egglog"", ""--telemetry-json"", ""/home/arjaiswal/Polygeist/issues/equality_saturation_eval/campaign_20260908/aten-aten_transpose_copy-egglog-nikbvqz6.json"", ""--disable-semantic-fallback""]","== match report for /home/arjaiswal/Polygeist/issues/aten_c_kernels/results/aten_transpose_copy/debuf.mlir ==
  match          body#[0]  cutensorPermute_f32_r2_tensor
  total: 1 matched / 1 bodies
",0,[],0,0,0,0,/home/arjaiswal/Polygeist/issues/aten_c_kernels/results/aten_transpose_copy/debuf.mlir,2291,8,1,1,339.7632762789726,0,68376,12.13519275188446,1,1,0,0,"[{""body_indices"": [0], ""symbol"": ""cutensorPermute_f32_r2_tensor""}]",1,0,0,0.0,25
aten,aten_transpose_copy,/home/arjaiswal/Polygeist/issues/aten_c_kernels/results/aten_transpose_copy/debuf.mlir,2be04b9d92308d084e138fbc28d43bb0bb53e6b86dbb0dad7b37583e5b107dc4,syntactic,5,ok,0,771.2719514966011,0,"[""/usr/bin/python3"", ""/home/arjaiswal/Polygeist/scripts/correctness/kernel_match_rewrite.py"", ""/home/arjaiswal/Polygeist/issues/aten_c_kernels/results/aten_transpose_copy/debuf.mlir"", ""--dry-run"", ""--matcher-mode"", ""syntactic"", ""--telemetry-json"", ""/home/arjaiswal/Polygeist/issues/equality_saturation_eval/campaign_20260908/aten-aten_transpose_copy-syntactic-5tadu478.json"", ""--disable-semantic-fallback""]","== match report for /home/arjaiswal/Polygeist/issues/aten_c_kernels/results/aten_transpose_copy/debuf.mlir ==
  match          body#[0]  cutensorPermute_f32_r2_tensor
  total: 1 matched / 1 bodies
",0,[],0,0,0,0,/home/arjaiswal/Polygeist/issues/aten_c_kernels/results/aten_transpose_copy/debuf.mlir,2291,0,1,1,343.07873249053955,0,65608,0.06057322025299072,0,1,0,0,"[{""body_indices"": [0], ""symbol"": ""cutensorPermute_f32_r2_tensor""}]",1,0,25,0.0,25
aten,aten_trigamma,/home/arjaiswal/Polygeist/issues/aten_c_kernels/results/aten_trigamma/debuf.mlir,b6b091b8f38a13b47e339b26d0b5bef29164c58af0b774290ce4379e2af734d5,syntactic,1,ok,0,834.6469216048717,0,"[""/usr/bin/python3"", ""/home/arjaiswal/Polygeist/scripts/correctness/kernel_match_rewrite.py"", ""/home/arjaiswal/Polygeist/issues/aten_c_kernels/results/aten_trigamma/debuf.mlir"", ""--dry-run"", ""--matcher-mode"", ""syntactic"", ""--telemetry-json"", ""/home/arjaiswal/Polygeist/issues/equality_saturation_eval/campaign_20260908/aten-aten_trigamma-syntactic-ofnal3xq.json"", ""--disable-semantic-fallback""]","== match report for /home/arjaiswal/Polygeist/issues/aten_c_kernels/results/aten_trigamma/debuf.mlir ==
  no_match       body#0  ?
  total: 0 matched / 1 bodies
",0,[],0,0,0,0,/home/arjaiswal/Polygeist/issues/aten_c_kernels/results/aten_trigamma/debuf.mlir,1908,0,1,0,400.8592329919338,1,65728,0.13054534792900085,0,0,0,0,[],0,0,56,0.0,56
aten,aten_trigamma,/home/arjaiswal/Polygeist/issues/aten_c_kernels/results/aten_trigamma/debuf.mlir,b6b091b8f38a13b47e339b26d0b5bef29164c58af0b774290ce4379e2af734d5,egglog,1,ok,0,855.0346232950687,0,"[""/usr/bin/python3"", ""/home/arjaiswal/Polygeist/scripts/correctness/kernel_match_rewrite.py"", ""/home/arjaiswal/Polygeist/issues/aten_c_kernels/results/aten_trigamma/debuf.mlir"", ""--dry-run"", ""--matcher-mode"", ""egglog"", ""--telemetry-json"", ""/home/arjaiswal/Polygeist/issues/equality_saturation_eval/campaign_20260908/aten-aten_trigamma-egglog-yaw3nzcu.json"", ""--disable-semantic-fallback""]","== match report for /home/arjaiswal/Polygeist/issues/aten_c_kernels/results/aten_trigamma/debuf.mlir ==
  no_match       body#0  ?
  total: 0 matched / 1 bodies
",0,[],0,0,0,0,/home/arjaiswal/Polygeist/issues/aten_c_kernels/results/aten_trigamma/debuf.mlir,1908,8,1,0,409.0470112860203,1,65724,0.0,0,0,0,0,[],0,0,0,0.0,56
aten,aten_trigamma,/home/arjaiswal/Polygeist/issues/aten_c_kernels/results/aten_trigamma/debuf.mlir,b6b091b8f38a13b47e339b26d0b5bef29164c58af0b774290ce4379e2af734d5,egglog,2,ok,0,831.6248022019863,0,"[""/usr/bin/python3"", ""/home/arjaiswal/Polygeist/scripts/correctness/kernel_match_rewrite.py"", ""/home/arjaiswal/Polygeist/issues/aten_c_kernels/results/aten_trigamma/debuf.mlir"", ""--dry-run"", ""--matcher-mode"", ""egglog"", ""--telemetry-json"", ""/home/arjaiswal/Polygeist/issues/equality_saturation_eval/campaign_20260908/aten-aten_trigamma-egglog-ow_trada.json"", ""--disable-semantic-fallback""]","== match report for /home/arjaiswal/Polygeist/issues/aten_c_kernels/results/aten_trigamma/debuf.mlir ==
  no_match       body#0  ?
  total: 0 matched / 1 bodies
",0,[],0,0,0,0,/home/arjaiswal/Polygeist/issues/aten_c_kernels/results/aten_trigamma/debuf.mlir,1908,8,1,0,400.00375732779503,1,65684,0.0,0,0,0,0,[],0,0,0,0.0,56
aten,aten_trigamma,/home/arjaiswal/Polygeist/issues/aten_c_kernels/results/aten_trigamma/debuf.mlir,b6b091b8f38a13b47e339b26d0b5bef29164c58af0b774290ce4379e2af734d5,syntactic,2,ok,0,813.0278922617435,0,"[""/usr/bin/python3"", ""/home/arjaiswal/Polygeist/scripts/correctness/kernel_match_rewrite.py"", ""/home/arjaiswal/Polygeist/issues/aten_c_kernels/results/aten_trigamma/debuf.mlir"", ""--dry-run"", ""--matcher-mode"", ""syntactic"", ""--telemetry-json"", ""/home/arjaiswal/Polygeist/issues/equality_saturation_eval/campaign_20260908/aten-aten_trigamma-syntactic-37aviia2.json"", ""--disable-semantic-fallback""]","== match report for /home/arjaiswal/Polygeist/issues/aten_c_kernels/results/aten_trigamma/debuf.mlir ==
  no_match       body#0  ?
  total: 0 matched / 1 bodies
",0,[],0,0,0,0,/home/arjaiswal/Polygeist/issues/aten_c_kernels/results/aten_trigamma/debuf.mlir,1908,0,1,0,397.72094786167145,1,66108,0.13206899166107178,0,0,0,0,[],0,0,56,0.0,56
aten,aten_trigamma,/home/arjaiswal/Polygeist/issues/aten_c_kernels/results/aten_trigamma/debuf.mlir,b6b091b8f38a13b47e339b26d0b5bef29164c58af0b774290ce4379e2af734d5,syntactic,3,ok,0,826.3207636773586,0,"[""/usr/bin/python3"", ""/home/arjaiswal/Polygeist/scripts/correctness/kernel_match_rewrite.py"", ""/home/arjaiswal/Polygeist/issues/aten_c_kernels/results/aten_trigamma/debuf.mlir"", ""--dry-run"", ""--matcher-mode"", ""syntactic"", ""--telemetry-json"", ""/home/arjaiswal/Polygeist/issues/equality_saturation_eval/campaign_20260908/aten-aten_trigamma-syntactic-7lezagqk.json"", ""--disable-semantic-fallback""]","== match report for /home/arjaiswal/Polygeist/issues/aten_c_kernels/results/aten_trigamma/debuf.mlir ==
  no_match       body#0  ?
  total: 0 matched / 1 bodies
",0,[],0,0,0,0,/home/arjaiswal/Polygeist/issues/aten_c_kernels/results/aten_trigamma/debuf.mlir,1908,0,1,0,416.5257029235363,1,65476,0.13968348503112793,0,0,0,0,[],0,0,56,0.0,56
aten,aten_trigamma,/home/arjaiswal/Polygeist/issues/aten_c_kernels/results/aten_trigamma/debuf.mlir,b6b091b8f38a13b47e339b26d0b5bef29164c58af0b774290ce4379e2af734d5,egglog,3,ok,0,815.6996294856071,0,"[""/usr/bin/python3"", ""/home/arjaiswal/Polygeist/scripts/correctness/kernel_match_rewrite.py"", ""/home/arjaiswal/Polygeist/issues/aten_c_kernels/results/aten_trigamma/debuf.mlir"", ""--dry-run"", ""--matcher-mode"", ""egglog"", ""--telemetry-json"", ""/home/arjaiswal/Polygeist/issues/equality_saturation_eval/campaign_20260908/aten-aten_trigamma-egglog-o49c0utx.json"", ""--disable-semantic-fallback""]","== match report for /home/arjaiswal/Polygeist/issues/aten_c_kernels/results/aten_trigamma/debuf.mlir ==
  no_match       body#0  ?
  total: 0 matched / 1 bodies
",0,[],0,0,0,0,/home/arjaiswal/Polygeist/issues/aten_c_kernels/results/aten_trigamma/debuf.mlir,1908,8,1,0,398.2193358242512,1,65820,0.0,0,0,0,0,[],0,0,0,0.0,56
aten,aten_trigamma,/home/arjaiswal/Polygeist/issues/aten_c_kernels/results/aten_trigamma/debuf.mlir,b6b091b8f38a13b47e339b26d0b5bef29164c58af0b774290ce4379e2af734d5,egglog,4,ok,0,834.2551253736019,0,"[""/usr/bin/python3"", ""/home/arjaiswal/Polygeist/scripts/correctness/kernel_match_rewrite.py"", ""/home/arjaiswal/Polygeist/issues/aten_c_kernels/results/aten_trigamma/debuf.mlir"", ""--dry-run"", ""--matcher-mode"", ""egglog"", ""--telemetry-json"", ""/home/arjaiswal/Polygeist/issues/equality_saturation_eval/campaign_20260908/aten-aten_trigamma-egglog-u4dvtn8a.json"", ""--disable-semantic-fallback""]","== match report for /home/arjaiswal/Polygeist/issues/aten_c_kernels/results/aten_trigamma/debuf.mlir ==
  no_match       body#0  ?
  total: 0 matched / 1 bodies
",0,[],0,0,0,0,/home/arjaiswal/Polygeist/issues/aten_c_kernels/results/aten_trigamma/debuf.mlir,1908,8,1,0,399.1248644888401,1,65728,0.0,0,0,0,0,[],0,0,0,0.0,56
aten,aten_trigamma,/home/arjaiswal/Polygeist/issues/aten_c_kernels/results/aten_trigamma/debuf.mlir,b6b091b8f38a13b47e339b26d0b5bef29164c58af0b774290ce4379e2af734d5,syntactic,4,ok,0,819.4440566003323,0,"[""/usr/bin/python3"", ""/home/arjaiswal/Polygeist/scripts/correctness/kernel_match_rewrite.py"", ""/home/arjaiswal/Polygeist/issues/aten_c_kernels/results/aten_trigamma/debuf.mlir"", ""--dry-run"", ""--matcher-mode"", ""syntactic"", ""--telemetry-json"", ""/home/arjaiswal/Polygeist/issues/equality_saturation_eval/campaign_20260908/aten-aten_trigamma-syntactic-i4kcgl8n.json"", ""--disable-semantic-fallback""]","== match report for /home/arjaiswal/Polygeist/issues/aten_c_kernels/results/aten_trigamma/debuf.mlir ==
  no_match       body#0  ?
  total: 0 matched / 1 bodies
",0,[],0,0,0,0,/home/arjaiswal/Polygeist/issues/aten_c_kernels/results/aten_trigamma/debuf.mlir,1908,0,1,0,402.4439565837383,1,65544,0.12520328164100647,0,0,0,0,[],0,0,56,0.0,56
aten,aten_trigamma,/home/arjaiswal/Polygeist/issues/aten_c_kernels/results/aten_trigamma/debuf.mlir,b6b091b8f38a13b47e339b26d0b5bef29164c58af0b774290ce4379e2af734d5,syntactic,5,ok,0,833.8055126369,0,"[""/usr/bin/python3"", ""/home/arjaiswal/Polygeist/scripts/correctness/kernel_match_rewrite.py"", ""/home/arjaiswal/Polygeist/issues/aten_c_kernels/results/aten_trigamma/debuf.mlir"", ""--dry-run"", ""--matcher-mode"", ""syntactic"", ""--telemetry-json"", ""/home/arjaiswal/Polygeist/issues/equality_saturation_eval/campaign_20260908/aten-aten_trigamma-syntactic-gxuaa5b5.json"", ""--disable-semantic-fallback""]","== match report for /home/arjaiswal/Polygeist/issues/aten_c_kernels/results/aten_trigamma/debuf.mlir ==
  no_match       body#0  ?
  total: 0 matched / 1 bodies
",0,[],0,0,0,0,/home/arjaiswal/Polygeist/issues/aten_c_kernels/results/aten_trigamma/debuf.mlir,1908,0,1,0,396.4919336140156,1,65924,0.14228001236915588,0,0,0,0,[],0,0,56,0.0,56
aten,aten_trigamma,/home/arjaiswal/Polygeist/issues/aten_c_kernels/results/aten_trigamma/debuf.mlir,b6b091b8f38a13b47e339b26d0b5bef29164c58af0b774290ce4379e2af734d5,egglog,5,ok,0,876.7738081514835,0,"[""/usr/bin/python3"", ""/home/arjaiswal/Polygeist/scripts/correctness/kernel_match_rewrite.py"", ""/home/arjaiswal/Polygeist/issues/aten_c_kernels/results/aten_trigamma/debuf.mlir"", ""--dry-run"", ""--matcher-mode"", ""egglog"", ""--telemetry-json"", ""/home/arjaiswal/Polygeist/issues/equality_saturation_eval/campaign_20260908/aten-aten_trigamma-egglog-xg8fvjum.json"", ""--disable-semantic-fallback""]","== match report for /home/arjaiswal/Polygeist/issues/aten_c_kernels/results/aten_trigamma/debuf.mlir ==
  no_match       body#0  ?
  total: 0 matched / 1 bodies
",0,[],0,0,0,0,/home/arjaiswal/Polygeist/issues/aten_c_kernels/results/aten_trigamma/debuf.mlir,1908,8,1,0,435.4260601103306,1,65724,0.0,0,0,0,0,[],0,0,0,0.0,56
aten,aten_tril_indices_cpu,/home/arjaiswal/Polygeist/issues/aten_c_kernels/results/aten_tril_indices_cpu/debuf.mlir,bd577bdce03c266cd6e2eefd848be084f42e6676e7d1c12512c9c0a83055da9d,egglog,1,ok,0,656.9515280425549,0,"[""/usr/bin/python3"", ""/home/arjaiswal/Polygeist/scripts/correctness/kernel_match_rewrite.py"", ""/home/arjaiswal/Polygeist/issues/aten_c_kernels/results/aten_tril_indices_cpu/debuf.mlir"", ""--dry-run"", ""--matcher-mode"", ""egglog"", ""--telemetry-json"", ""/home/arjaiswal/Polygeist/issues/equality_saturation_eval/campaign_20260908/aten-aten_tril_indices_cpu-egglog-nlg4dm55.json"", ""--disable-semantic-fallback""]","== match report for /home/arjaiswal/Polygeist/issues/aten_c_kernels/results/aten_tril_indices_cpu/debuf.mlir ==
  total: 0 matched / 0 bodies
",0,[],0,0,0,0,/home/arjaiswal/Polygeist/issues/aten_c_kernels/results/aten_tril_indices_cpu/debuf.mlir,2518,8,0,0,252.3193061351776,0,64728,0.0,0,0,0,0,[],0,0,0,0.0,0
aten,aten_tril_indices_cpu,/home/arjaiswal/Polygeist/issues/aten_c_kernels/results/aten_tril_indices_cpu/debuf.mlir,bd577bdce03c266cd6e2eefd848be084f42e6676e7d1c12512c9c0a83055da9d,syntactic,1,ok,0,687.4580681324005,0,"[""/usr/bin/python3"", ""/home/arjaiswal/Polygeist/scripts/correctness/kernel_match_rewrite.py"", ""/home/arjaiswal/Polygeist/issues/aten_c_kernels/results/aten_tril_indices_cpu/debuf.mlir"", ""--dry-run"", ""--matcher-mode"", ""syntactic"", ""--telemetry-json"", ""/home/arjaiswal/Polygeist/issues/equality_saturation_eval/campaign_20260908/aten-aten_tril_indices_cpu-syntactic-x7960_49.json"", ""--disable-semantic-fallback""]","== match report for /home/arjaiswal/Polygeist/issues/aten_c_kernels/results/aten_tril_indices_cpu/debuf.mlir ==
  total: 0 matched / 0 bodies
",0,[],0,0,0,0,/home/arjaiswal/Polygeist/issues/aten_c_kernels/results/aten_tril_indices_cpu/debuf.mlir,2518,0,0,0,276.12993866205215,0,64748,0.0,0,0,0,0,[],0,0,0,0.0,0
aten,aten_tril_indices_cpu,/home/arjaiswal/Polygeist/issues/aten_c_kernels/results/aten_tril_indices_cpu/debuf.mlir,bd577bdce03c266cd6e2eefd848be084f42e6676e7d1c12512c9c0a83055da9d,syntactic,2,ok,0,673.8835573196411,0,"[""/usr/bin/python3"", ""/home/arjaiswal/Polygeist/scripts/correctness/kernel_match_rewrite.py"", ""/home/arjaiswal/Polygeist/issues/aten_c_kernels/results/aten_tril_indices_cpu/debuf.mlir"", ""--dry-run"", ""--matcher-mode"", ""syntactic"", ""--telemetry-json"", ""/home/arjaiswal/Polygeist/issues/equality_saturation_eval/campaign_20260908/aten-aten_tril_indices_cpu-syntactic-ihukui70.json"", ""--disable-semantic-fallback""]","== match report for /home/arjaiswal/Polygeist/issues/aten_c_kernels/results/aten_tril_indices_cpu/debuf.mlir ==
  total: 0 matched / 0 bodies
",0,[],0,0,0,0,/home/arjaiswal/Polygeist/issues/aten_c_kernels/results/aten_tril_indices_cpu/debuf.mlir,2518,0,0,0,259.72941517829895,0,64696,0.0,0,0,0,0,[],0,0,0,0.0,0
aten,aten_tril_indices_cpu,/home/arjaiswal/Polygeist/issues/aten_c_kernels/results/aten_tril_indices_cpu/debuf.mlir,bd577bdce03c266cd6e2eefd848be084f42e6676e7d1c12512c9c0a83055da9d,egglog,2,ok,0,679.3813705444336,0,"[""/usr/bin/python3"", ""/home/arjaiswal/Polygeist/scripts/correctness/kernel_match_rewrite.py"", ""/home/arjaiswal/Polygeist/issues/aten_c_kernels/results/aten_tril_indices_cpu/debuf.mlir"", ""--dry-run"", ""--matcher-mode"", ""egglog"", ""--telemetry-json"", ""/home/arjaiswal/Polygeist/issues/equality_saturation_eval/campaign_20260908/aten-aten_tril_indices_cpu-egglog-7gxyhcki.json"", ""--disable-semantic-fallback""]","== match report for /home/arjaiswal/Polygeist/issues/aten_c_kernels/results/aten_tril_indices_cpu/debuf.mlir ==
  total: 0 matched / 0 bodies
",0,[],0,0,0,0,/home/arjaiswal/Polygeist/issues/aten_c_kernels/results/aten_tril_indices_cpu/debuf.mlir,2518,8,0,0,253.54951992630959,0,64632,0.0,0,0,0,0,[],0,0,0,0.0,0
aten,aten_tril_indices_cpu,/home/arjaiswal/Polygeist/issues/aten_c_kernels/results/aten_tril_indices_cpu/debuf.mlir,bd577bdce03c266cd6e2eefd848be084f42e6676e7d1c12512c9c0a83055da9d,egglog,3,ok,0,683.4098063409328,0,"[""/usr/bin/python3"", ""/home/arjaiswal/Polygeist/scripts/correctness/kernel_match_rewrite.py"", ""/home/arjaiswal/Polygeist/issues/aten_c_kernels/results/aten_tril_indices_cpu/debuf.mlir"", ""--dry-run"", ""--matcher-mode"", ""egglog"", ""--telemetry-json"", ""/home/arjaiswal/Polygeist/issues/equality_saturation_eval/campaign_20260908/aten-aten_tril_indices_cpu-egglog-5wdq2l0v.json"", ""--disable-semantic-fallback""]","== match report for /home/arjaiswal/Polygeist/issues/aten_c_kernels/results/aten_tril_indices_cpu/debuf.mlir ==
  total: 0 matched / 0 bodies
",0,[],0,0,0,0,/home/arjaiswal/Polygeist/issues/aten_c_kernels/results/aten_tril_indices_cpu/debuf.mlir,2518,8,0,0,260.8513683080673,0,64772,0.0,0,0,0,0,[],0,0,0,0.0,0
aten,aten_tril_indices_cpu,/home/arjaiswal/Polygeist/issues/aten_c_kernels/results/aten_tril_indices_cpu/debuf.mlir,bd577bdce03c266cd6e2eefd848be084f42e6676e7d1c12512c9c0a83055da9d,syntactic,3,ok,0,678.5420663654804,0,"[""/usr/bin/python3"", ""/home/arjaiswal/Polygeist/scripts/correctness/kernel_match_rewrite.py"", ""/home/arjaiswal/Polygeist/issues/aten_c_kernels/results/aten_tril_indices_cpu/debuf.mlir"", ""--dry-run"", ""--matcher-mode"", ""syntactic"", ""--telemetry-json"", ""/home/arjaiswal/Polygeist/issues/equality_saturation_eval/campaign_20260908/aten-aten_tril_indices_cpu-syntactic-xf47cve8.json"", ""--disable-semantic-fallback""]","== match report for /home/arjaiswal/Polygeist/issues/aten_c_kernels/results/aten_tril_indices_cpu/debuf.mlir ==
  total: 0 matched / 0 bodies
",0,[],0,0,0,0,/home/arjaiswal/Polygeist/issues/aten_c_kernels/results/aten_tril_indices_cpu/debuf.mlir,2518,0,0,0,263.4446993470192,0,64736,0.0,0,0,0,0,[],0,0,0,0.0,0
aten,aten_tril_indices_cpu,/home/arjaiswal/Polygeist/issues/aten_c_kernels/results/aten_tril_indices_cpu/debuf.mlir,bd577bdce03c266cd6e2eefd848be084f42e6676e7d1c12512c9c0a83055da9d,syntactic,4,ok,0,685.6997720897198,0,"[""/usr/bin/python3"", ""/home/arjaiswal/Polygeist/scripts/correctness/kernel_match_rewrite.py"", ""/home/arjaiswal/Polygeist/issues/aten_c_kernels/results/aten_tril_indices_cpu/debuf.mlir"", ""--dry-run"", ""--matcher-mode"", ""syntactic"", ""--telemetry-json"", ""/home/arjaiswal/Polygeist/issues/equality_saturation_eval/campaign_20260908/aten-aten_tril_indices_cpu-syntactic-6jyzqa6t.json"", ""--disable-semantic-fallback""]","== match report for /home/arjaiswal/Polygeist/issues/aten_c_kernels/results/aten_tril_indices_cpu/debuf.mlir ==
  total: 0 matched / 0 bodies
",0,[],0,0,0,0,/home/arjaiswal/Polygeist/issues/aten_c_kernels/results/aten_tril_indices_cpu/debuf.mlir,2518,0,0,0,268.10966804623604,0,64752,0.0,0,0,0,0,[],0,0,0,0.0,0
aten,aten_tril_indices_cpu,/home/arjaiswal/Polygeist/issues/aten_c_kernels/results/aten_tril_indices_cpu/debuf.mlir,bd577bdce03c266cd6e2eefd848be084f42e6676e7d1c12512c9c0a83055da9d,egglog,4,ok,0,676.2829944491386,0,"[""/usr/bin/python3"", ""/home/arjaiswal/Polygeist/scripts/correctness/kernel_match_rewrite.py"", ""/home/arjaiswal/Polygeist/issues/aten_c_kernels/results/aten_tril_indices_cpu/debuf.mlir"", ""--dry-run"", ""--matcher-mode"", ""egglog"", ""--telemetry-json"", ""/home/arjaiswal/Polygeist/issues/equality_saturation_eval/campaign_20260908/aten-aten_tril_indices_cpu-egglog-rsm9g46v.json"", ""--disable-semantic-fallback""]","== match report for /home/arjaiswal/Polygeist/issues/aten_c_kernels/results/aten_tril_indices_cpu/debuf.mlir ==
  total: 0 matched / 0 bodies
",0,[],0,0,0,0,/home/arjaiswal/Polygeist/issues/aten_c_kernels/results/aten_tril_indices_cpu/debuf.mlir,2518,8,0,0,258.7073817849159,0,64936,0.0,0,0,0,0,[],0,0,0,0.0,0
aten,aten_tril_indices_cpu,/home/arjaiswal/Polygeist/issues/aten_c_kernels/results/aten_tril_indices_cpu/debuf.mlir,bd577bdce03c266cd6e2eefd848be084f42e6676e7d1c12512c9c0a83055da9d,egglog,5,ok,0,704.0024176239967,0,"[""/usr/bin/python3"", ""/home/arjaiswal/Polygeist/scripts/correctness/kernel_match_rewrite.py"", ""/home/arjaiswal/Polygeist/issues/aten_c_kernels/results/aten_tril_indices_cpu/debuf.mlir"", ""--dry-run"", ""--matcher-mode"", ""egglog"", ""--telemetry-json"", ""/home/arjaiswal/Polygeist/issues/equality_saturation_eval/campaign_20260908/aten-aten_tril_indices_cpu-egglog-hcjbbc7n.json"", ""--disable-semantic-fallback""]","== match report for /home/arjaiswal/Polygeist/issues/aten_c_kernels/results/aten_tril_indices_cpu/debuf.mlir ==
  total: 0 matched / 0 bodies
",0,[],0,0,0,0,/home/arjaiswal/Polygeist/issues/aten_c_kernels/results/aten_tril_indices_cpu/debuf.mlir,2518,8,0,0,285.2460816502571,0,64480,0.0,0,0,0,0,[],0,0,0,0.0,0
aten,aten_tril_indices_cpu,/home/arjaiswal/Polygeist/issues/aten_c_kernels/results/aten_tril_indices_cpu/debuf.mlir,bd577bdce03c266cd6e2eefd848be084f42e6676e7d1c12512c9c0a83055da9d,syntactic,5,ok,0,710.2036215364933,0,"[""/usr/bin/python3"", ""/home/arjaiswal/Polygeist/scripts/correctness/kernel_match_rewrite.py"", ""/home/arjaiswal/Polygeist/issues/aten_c_kernels/results/aten_tril_indices_cpu/debuf.mlir"", ""--dry-run"", ""--matcher-mode"", ""syntactic"", ""--telemetry-json"", ""/home/arjaiswal/Polygeist/issues/equality_saturation_eval/campaign_20260908/aten-aten_tril_indices_cpu-syntactic-nl5jrywv.json"", ""--disable-semantic-fallback""]","== match report for /home/arjaiswal/Polygeist/issues/aten_c_kernels/results/aten_tril_indices_cpu/debuf.mlir ==
  total: 0 matched / 0 bodies
",0,[],0,0,0,0,/home/arjaiswal/Polygeist/issues/aten_c_kernels/results/aten_tril_indices_cpu/debuf.mlir,2518,0,0,0,258.64632800221443,0,64800,0.0,0,0,0,0,[],0,0,0,0.0,0
aten,aten_trilinear_cpu,/home/arjaiswal/Polygeist/issues/aten_c_kernels/results/aten_trilinear_cpu/debuf.mlir,94a8064352fb7ab55df5a2dba6b6caa8849510e2907601a7cd6491e6a51219f4,syntactic,1,ok,0,731.3303425908089,0,"[""/usr/bin/python3"", ""/home/arjaiswal/Polygeist/scripts/correctness/kernel_match_rewrite.py"", ""/home/arjaiswal/Polygeist/issues/aten_c_kernels/results/aten_trilinear_cpu/debuf.mlir"", ""--dry-run"", ""--matcher-mode"", ""syntactic"", ""--telemetry-json"", ""/home/arjaiswal/Polygeist/issues/equality_saturation_eval/campaign_20260908/aten-aten_trilinear_cpu-syntactic-qhkd7l8d.json"", ""--disable-semantic-fallback""]","== match report for /home/arjaiswal/Polygeist/issues/aten_c_kernels/results/aten_trilinear_cpu/debuf.mlir ==
  match          body#[0, 1]  cutensornetNetwork_f32_n3_aten
  total: 1 matched / 1 bodies
",0,[],0,0,0,0,/home/arjaiswal/Polygeist/issues/aten_c_kernels/results/aten_trilinear_cpu/debuf.mlir,3457,0,2,2,310.58526784181595,0,65648,0.07549300789833069,0,14,0,0,"[{""body_indices"": [0, 1], ""symbol"": ""cutensornetNetwork_f32_n3_aten""}]",1,0,16,0.0,16
aten,aten_trilinear_cpu,/home/arjaiswal/Polygeist/issues/aten_c_kernels/results/aten_trilinear_cpu/debuf.mlir,94a8064352fb7ab55df5a2dba6b6caa8849510e2907601a7cd6491e6a51219f4,egglog,1,ok,0,895.3977338969707,0,"[""/usr/bin/python3"", ""/home/arjaiswal/Polygeist/scripts/correctness/kernel_match_rewrite.py"", ""/home/arjaiswal/Polygeist/issues/aten_c_kernels/results/aten_trilinear_cpu/debuf.mlir"", ""--dry-run"", ""--matcher-mode"", ""egglog"", ""--telemetry-json"", ""/home/arjaiswal/Polygeist/issues/equality_saturation_eval/campaign_20260908/aten-aten_trilinear_cpu-egglog-vifnp52f.json"", ""--disable-semantic-fallback""]","== match report for /home/arjaiswal/Polygeist/issues/aten_c_kernels/results/aten_trilinear_cpu/debuf.mlir ==
  match          body#[0, 1]  cutensornetNetwork_f32_n3_aten
  total: 1 matched / 1 bodies
",0,[],0,0,0,0,/home/arjaiswal/Polygeist/issues/aten_c_kernels/results/aten_trilinear_cpu/debuf.mlir,3457,8,2,2,476.28532722592354,0,69884,146.39775454998016,14,14,0,40,"[{""body_indices"": [0, 1], ""symbol"": ""cutensornetNetwork_f32_n3_aten""}]",1,0,0,0.0,16
aten,aten_trilinear_cpu,/home/arjaiswal/Polygeist/issues/aten_c_kernels/results/aten_trilinear_cpu/debuf.mlir,94a8064352fb7ab55df5a2dba6b6caa8849510e2907601a7cd6491e6a51219f4,egglog,2,ok,0,1599.736224859953,0,"[""/usr/bin/python3"", ""/home/arjaiswal/Polygeist/scripts/correctness/kernel_match_rewrite.py"", ""/home/arjaiswal/Polygeist/issues/aten_c_kernels/results/aten_trilinear_cpu/debuf.mlir"", ""--dry-run"", ""--matcher-mode"", ""egglog"", ""--telemetry-json"", ""/home/arjaiswal/Polygeist/issues/equality_saturation_eval/campaign_20260908/aten-aten_trilinear_cpu-egglog-y0uc2uiq.json"", ""--disable-semantic-fallback""]","== match report for /home/arjaiswal/Polygeist/issues/aten_c_kernels/results/aten_trilinear_cpu/debuf.mlir ==
  match          body#[0, 1]  cutensornetNetwork_f32_n3_aten
  total: 1 matched / 1 bodies
",0,[],0,0,0,0,/home/arjaiswal/Polygeist/issues/aten_c_kernels/results/aten_trilinear_cpu/debuf.mlir,3457,8,2,2,1048.2963025569916,0,69904,278.8998559117317,14,14,0,40,"[{""body_indices"": [0, 1], ""symbol"": ""cutensornetNetwork_f32_n3_aten""}]",1,0,0,0.0,16
aten,aten_trilinear_cpu,/home/arjaiswal/Polygeist/issues/aten_c_kernels/results/aten_trilinear_cpu/debuf.mlir,94a8064352fb7ab55df5a2dba6b6caa8849510e2907601a7cd6491e6a51219f4,syntactic,2,ok,0,1597.4210612475872,0,"[""/usr/bin/python3"", ""/home/arjaiswal/Polygeist/scripts/correctness/kernel_match_rewrite.py"", ""/home/arjaiswal/Polygeist/issues/aten_c_kernels/results/aten_trilinear_cpu/debuf.mlir"", ""--dry-run"", ""--matcher-mode"", ""syntactic"", ""--telemetry-json"", ""/home/arjaiswal/Polygeist/issues/equality_saturation_eval/campaign_20260908/aten-aten_trilinear_cpu-syntactic-z9wddz29.json"", ""--disable-semantic-fallback""]","== match report for /home/arjaiswal/Polygeist/issues/aten_c_kernels/results/aten_trilinear_cpu/debuf.mlir ==
  match          body#[0, 1]  cutensornetNetwork_f32_n3_aten
  total: 1 matched / 1 bodies
",0,[],0,0,0,0,/home/arjaiswal/Polygeist/issues/aten_c_kernels/results/aten_trilinear_cpu/debuf.mlir,3457,0,2,2,677.5902397930622,0,65580,0.07981806993484497,0,14,0,0,"[{""body_indices"": [0, 1], ""symbol"": ""cutensornetNetwork_f32_n3_aten""}]",1,0,16,0.0,16
aten,aten_trilinear_cpu,/home/arjaiswal/Polygeist/issues/aten_c_kernels/results/aten_trilinear_cpu/debuf.mlir,94a8064352fb7ab55df5a2dba6b6caa8849510e2907601a7cd6491e6a51219f4,syntactic,3,ok,0,1874.8631440103054,0,"[""/usr/bin/python3"", ""/home/arjaiswal/Polygeist/scripts/correctness/kernel_match_rewrite.py"", ""/home/arjaiswal/Polygeist/issues/aten_c_kernels/results/aten_trilinear_cpu/debuf.mlir"", ""--dry-run"", ""--matcher-mode"", ""syntactic"", ""--telemetry-json"", ""/home/arjaiswal/Polygeist/issues/equality_saturation_eval/campaign_20260908/aten-aten_trilinear_cpu-syntactic-xfny9_iw.json"", ""--disable-semantic-fallback""]","== match report for /home/arjaiswal/Polygeist/issues/aten_c_kernels/results/aten_trilinear_cpu/debuf.mlir ==
  match          body#[0, 1]  cutensornetNetwork_f32_n3_aten
  total: 1 matched / 1 bodies
",0,[],0,0,0,0,/home/arjaiswal/Polygeist/issues/aten_c_kernels/results/aten_trilinear_cpu/debuf.mlir,3457,0,2,2,830.176368355751,0,65740,0.0912696123123169,0,14,0,0,"[{""body_indices"": [0, 1], ""symbol"": ""cutensornetNetwork_f32_n3_aten""}]",1,0,16,0.0,16
aten,aten_trilinear_cpu,/home/arjaiswal/Polygeist/issues/aten_c_kernels/results/aten_trilinear_cpu/debuf.mlir,94a8064352fb7ab55df5a2dba6b6caa8849510e2907601a7cd6491e6a51219f4,egglog,3,ok,0,2555.8388754725456,0,"[""/usr/bin/python3"", ""/home/arjaiswal/Polygeist/scripts/correctness/kernel_match_rewrite.py"", ""/home/arjaiswal/Polygeist/issues/aten_c_kernels/results/aten_trilinear_cpu/debuf.mlir"", ""--dry-run"", ""--matcher-mode"", ""egglog"", ""--telemetry-json"", ""/home/arjaiswal/Polygeist/issues/equality_saturation_eval/campaign_20260908/aten-aten_trilinear_cpu-egglog-ry18a732.json"", ""--disable-semantic-fallback""]","== match report for /home/arjaiswal/Polygeist/issues/aten_c_kernels/results/aten_trilinear_cpu/debuf.mlir ==
  match          body#[0, 1]  cutensornetNetwork_f32_n3_aten
  total: 1 matched / 1 bodies
",0,[],0,0,0,0,/home/arjaiswal/Polygeist/issues/aten_c_kernels/results/aten_trilinear_cpu/debuf.mlir,3457,8,2,2,1043.2785972952843,0,69644,262.70366832613945,14,14,0,40,"[{""body_indices"": [0, 1], ""symbol"": ""cutensornetNetwork_f32_n3_aten""}]",1,0,0,0.0,16
aten,aten_trilinear_cpu,/home/arjaiswal/Polygeist/issues/aten_c_kernels/results/aten_trilinear_cpu/debuf.mlir,94a8064352fb7ab55df5a2dba6b6caa8849510e2907601a7cd6491e6a51219f4,egglog,4,ok,0,1731.5720990300179,0,"[""/usr/bin/python3"", ""/home/arjaiswal/Polygeist/scripts/correctness/kernel_match_rewrite.py"", ""/home/arjaiswal/Polygeist/issues/aten_c_kernels/results/aten_trilinear_cpu/debuf.mlir"", ""--dry-run"", ""--matcher-mode"", ""egglog"", ""--telemetry-json"", ""/home/arjaiswal/Polygeist/issues/equality_saturation_eval/campaign_20260908/aten-aten_trilinear_cpu-egglog-g29ctqoh.json"", ""--disable-semantic-fallback""]","== match report for /home/arjaiswal/Polygeist/issues/aten_c_kernels/results/aten_trilinear_cpu/debuf.mlir ==
  match          body#[0, 1]  cutensornetNetwork_f32_n3_aten
  total: 1 matched / 1 bodies
",0,[],0,0,0,0,/home/arjaiswal/Polygeist/issues/aten_c_kernels/results/aten_trilinear_cpu/debuf.mlir,3457,8,2,2,694.4598108530045,0,69968,158.9888483285904,14,14,0,40,"[{""body_indices"": [0, 1], ""symbol"": ""cutensornetNetwork_f32_n3_aten""}]",1,0,0,0.0,16
aten,aten_trilinear_cpu,/home/arjaiswal/Polygeist/issues/aten_c_kernels/results/aten_trilinear_cpu/debuf.mlir,94a8064352fb7ab55df5a2dba6b6caa8849510e2907601a7cd6491e6a51219f4,syntactic,4,ok,0,812.173780053854,0,"[""/usr/bin/python3"", ""/home/arjaiswal/Polygeist/scripts/correctness/kernel_match_rewrite.py"", ""/home/arjaiswal/Polygeist/issues/aten_c_kernels/results/aten_trilinear_cpu/debuf.mlir"", ""--dry-run"", ""--matcher-mode"", ""syntactic"", ""--telemetry-json"", ""/home/arjaiswal/Polygeist/issues/equality_saturation_eval/campaign_20260908/aten-aten_trilinear_cpu-syntactic-_rnnakqy.json"", ""--disable-semantic-fallback""]","== match report for /home/arjaiswal/Polygeist/issues/aten_c_kernels/results/aten_trilinear_cpu/debuf.mlir ==
  match          body#[0, 1]  cutensornetNetwork_f32_n3_aten
  total: 1 matched / 1 bodies
",0,[],0,0,0,0,/home/arjaiswal/Polygeist/issues/aten_c_kernels/results/aten_trilinear_cpu/debuf.mlir,3457,0,2,2,315.61246141791344,0,65792,0.06974861025810242,0,14,0,0,"[{""body_indices"": [0, 1], ""symbol"": ""cutensornetNetwork_f32_n3_aten""}]",1,0,16,0.0,16
aten,aten_trilinear_cpu,/home/arjaiswal/Polygeist/issues/aten_c_kernels/results/aten_trilinear_cpu/debuf.mlir,94a8064352fb7ab55df5a2dba6b6caa8849510e2907601a7cd6491e6a51219f4,syntactic,5,ok,0,863.8894967734814,0,"[""/usr/bin/python3"", ""/home/arjaiswal/Polygeist/scripts/correctness/kernel_match_rewrite.py"", ""/home/arjaiswal/Polygeist/issues/aten_c_kernels/results/aten_trilinear_cpu/debuf.mlir"", ""--dry-run"", ""--matcher-mode"", ""syntactic"", ""--telemetry-json"", ""/home/arjaiswal/Polygeist/issues/equality_saturation_eval/campaign_20260908/aten-aten_trilinear_cpu-syntactic-qm7t_3r1.json"", ""--disable-semantic-fallback""]","== match report for /home/arjaiswal/Polygeist/issues/aten_c_kernels/results/aten_trilinear_cpu/debuf.mlir ==
  match          body#[0, 1]  cutensornetNetwork_f32_n3_aten
  total: 1 matched / 1 bodies
",0,[],0,0,0,0,/home/arjaiswal/Polygeist/issues/aten_c_kernels/results/aten_trilinear_cpu/debuf.mlir,3457,0,2,2,362.35078424215317,0,65812,0.07025152444839478,0,14,0,0,"[{""body_indices"": [0, 1], ""symbol"": ""cutensornetNetwork_f32_n3_aten""}]",1,0,16,0.0,16
aten,aten_trilinear_cpu,/home/arjaiswal/Polygeist/issues/aten_c_kernels/results/aten_trilinear_cpu/debuf.mlir,94a8064352fb7ab55df5a2dba6b6caa8849510e2907601a7cd6491e6a51219f4,egglog,5,ok,0,984.1037057340145,0,"[""/usr/bin/python3"", ""/home/arjaiswal/Polygeist/scripts/correctness/kernel_match_rewrite.py"", ""/home/arjaiswal/Polygeist/issues/aten_c_kernels/results/aten_trilinear_cpu/debuf.mlir"", ""--dry-run"", ""--matcher-mode"", ""egglog"", ""--telemetry-json"", ""/home/arjaiswal/Polygeist/issues/equality_saturation_eval/campaign_20260908/aten-aten_trilinear_cpu-egglog-_986ic0n.json"", ""--disable-semantic-fallback""]","== match report for /home/arjaiswal/Polygeist/issues/aten_c_kernels/results/aten_trilinear_cpu/debuf.mlir ==
  match          body#[0, 1]  cutensornetNetwork_f32_n3_aten
  total: 1 matched / 1 bodies
",0,[],0,0,0,0,/home/arjaiswal/Polygeist/issues/aten_c_kernels/results/aten_trilinear_cpu/debuf.mlir,3457,8,2,2,483.6588241159916,0,69684,157.6412171125412,14,14,0,40,"[{""body_indices"": [0, 1], ""symbol"": ""cutensornetNetwork_f32_n3_aten""}]",1,0,0,0.0,16
aten,aten_triu_indices_cpu,/home/arjaiswal/Polygeist/issues/aten_c_kernels/results/aten_triu_indices_cpu/debuf.mlir,f3e9e24cf6abf35e644969357e2485dae5f4a3cce72179dc160612b637c62da8,egglog,1,ok,0,706.1689011752605,0,"[""/usr/bin/python3"", ""/home/arjaiswal/Polygeist/scripts/correctness/kernel_match_rewrite.py"", ""/home/arjaiswal/Polygeist/issues/aten_c_kernels/results/aten_triu_indices_cpu/debuf.mlir"", ""--dry-run"", ""--matcher-mode"", ""egglog"", ""--telemetry-json"", ""/home/arjaiswal/Polygeist/issues/equality_saturation_eval/campaign_20260908/aten-aten_triu_indices_cpu-egglog-1y3895g6.json"", ""--disable-semantic-fallback""]","== match report for /home/arjaiswal/Polygeist/issues/aten_c_kernels/results/aten_triu_indices_cpu/debuf.mlir ==
  total: 0 matched / 0 bodies
",0,[],0,0,0,0,/home/arjaiswal/Polygeist/issues/aten_c_kernels/results/aten_triu_indices_cpu/debuf.mlir,2863,8,0,0,255.60161471366882,0,64856,0.0,0,0,0,0,[],0,0,0,0.0,0
aten,aten_triu_indices_cpu,/home/arjaiswal/Polygeist/issues/aten_c_kernels/results/aten_triu_indices_cpu/debuf.mlir,f3e9e24cf6abf35e644969357e2485dae5f4a3cce72179dc160612b637c62da8,syntactic,1,ok,0,1056.2528111040592,0,"[""/usr/bin/python3"", ""/home/arjaiswal/Polygeist/scripts/correctness/kernel_match_rewrite.py"", ""/home/arjaiswal/Polygeist/issues/aten_c_kernels/results/aten_triu_indices_cpu/debuf.mlir"", ""--dry-run"", ""--matcher-mode"", ""syntactic"", ""--telemetry-json"", ""/home/arjaiswal/Polygeist/issues/equality_saturation_eval/campaign_20260908/aten-aten_triu_indices_cpu-syntactic-jggnglr8.json"", ""--disable-semantic-fallback""]","== match report for /home/arjaiswal/Polygeist/issues/aten_c_kernels/results/aten_triu_indices_cpu/debuf.mlir ==
  total: 0 matched / 0 bodies
",0,[],0,0,0,0,/home/arjaiswal/Polygeist/issues/aten_c_kernels/results/aten_triu_indices_cpu/debuf.mlir,2863,0,0,0,296.3036745786667,0,64548,0.0,0,0,0,0,[],0,0,0,0.0,0
aten,aten_triu_indices_cpu,/home/arjaiswal/Polygeist/issues/aten_c_kernels/results/aten_triu_indices_cpu/debuf.mlir,f3e9e24cf6abf35e644969357e2485dae5f4a3cce72179dc160612b637c62da8,syntactic,2,ok,0,741.2982061505318,0,"[""/usr/bin/python3"", ""/home/arjaiswal/Polygeist/scripts/correctness/kernel_match_rewrite.py"", ""/home/arjaiswal/Polygeist/issues/aten_c_kernels/results/aten_triu_indices_cpu/debuf.mlir"", ""--dry-run"", ""--matcher-mode"", ""syntactic"", ""--telemetry-json"", ""/home/arjaiswal/Polygeist/issues/equality_saturation_eval/campaign_20260908/aten-aten_triu_indices_cpu-syntactic-jt2jzeip.json"", ""--disable-semantic-fallback""]","== match report for /home/arjaiswal/Polygeist/issues/aten_c_kernels/results/aten_triu_indices_cpu/debuf.mlir ==
  total: 0 matched / 0 bodies
",0,[],0,0,0,0,/home/arjaiswal/Polygeist/issues/aten_c_kernels/results/aten_triu_indices_cpu/debuf.mlir,2863,0,0,0,273.51437881588936,0,64392,0.0,0,0,0,0,[],0,0,0,0.0,0
aten,aten_triu_indices_cpu,/home/arjaiswal/Polygeist/issues/aten_c_kernels/results/aten_triu_indices_cpu/debuf.mlir,f3e9e24cf6abf35e644969357e2485dae5f4a3cce72179dc160612b637c62da8,egglog,2,ok,0,728.0813455581665,0,"[""/usr/bin/python3"", ""/home/arjaiswal/Polygeist/scripts/correctness/kernel_match_rewrite.py"", ""/home/arjaiswal/Polygeist/issues/aten_c_kernels/results/aten_triu_indices_cpu/debuf.mlir"", ""--dry-run"", ""--matcher-mode"", ""egglog"", ""--telemetry-json"", ""/home/arjaiswal/Polygeist/issues/equality_saturation_eval/campaign_20260908/aten-aten_triu_indices_cpu-egglog-0j9ar5qb.json"", ""--disable-semantic-fallback""]","== match report for /home/arjaiswal/Polygeist/issues/aten_c_kernels/results/aten_triu_indices_cpu/debuf.mlir ==
  total: 0 matched / 0 bodies
",0,[],0,0,0,0,/home/arjaiswal/Polygeist/issues/aten_c_kernels/results/aten_triu_indices_cpu/debuf.mlir,2863,8,0,0,263.1263993680477,0,64556,0.0,0,0,0,0,[],0,0,0,0.0,0
aten,aten_triu_indices_cpu,/home/arjaiswal/Polygeist/issues/aten_c_kernels/results/aten_triu_indices_cpu/debuf.mlir,f3e9e24cf6abf35e644969357e2485dae5f4a3cce72179dc160612b637c62da8,egglog,3,ok,0,694.3157538771629,0,"[""/usr/bin/python3"", ""/home/arjaiswal/Polygeist/scripts/correctness/kernel_match_rewrite.py"", ""/home/arjaiswal/Polygeist/issues/aten_c_kernels/results/aten_triu_indices_cpu/debuf.mlir"", ""--dry-run"", ""--matcher-mode"", ""egglog"", ""--telemetry-json"", ""/home/arjaiswal/Polygeist/issues/equality_saturation_eval/campaign_20260908/aten-aten_triu_indices_cpu-egglog-qbct6k1e.json"", ""--disable-semantic-fallback""]","== match report for /home/arjaiswal/Polygeist/issues/aten_c_kernels/results/aten_triu_indices_cpu/debuf.mlir ==
  total: 0 matched / 0 bodies
",0,[],0,0,0,0,/home/arjaiswal/Polygeist/issues/aten_c_kernels/results/aten_triu_indices_cpu/debuf.mlir,2863,8,0,0,268.75777542591095,0,64660,0.0,0,0,0,0,[],0,0,0,0.0,0
aten,aten_triu_indices_cpu,/home/arjaiswal/Polygeist/issues/aten_c_kernels/results/aten_triu_indices_cpu/debuf.mlir,f3e9e24cf6abf35e644969357e2485dae5f4a3cce72179dc160612b637c62da8,syntactic,3,ok,0,705.9691697359085,0,"[""/usr/bin/python3"", ""/home/arjaiswal/Polygeist/scripts/correctness/kernel_match_rewrite.py"", ""/home/arjaiswal/Polygeist/issues/aten_c_kernels/results/aten_triu_indices_cpu/debuf.mlir"", ""--dry-run"", ""--matcher-mode"", ""syntactic"", ""--telemetry-json"", ""/home/arjaiswal/Polygeist/issues/equality_saturation_eval/campaign_20260908/aten-aten_triu_indices_cpu-syntactic-ttvete13.json"", ""--disable-semantic-fallback""]","== match report for /home/arjaiswal/Polygeist/issues/aten_c_kernels/results/aten_triu_indices_cpu/debuf.mlir ==
  total: 0 matched / 0 bodies
",0,[],0,0,0,0,/home/arjaiswal/Polygeist/issues/aten_c_kernels/results/aten_triu_indices_cpu/debuf.mlir,2863,0,0,0,257.78089836239815,0,64668,0.0,0,0,0,0,[],0,0,0,0.0,0
aten,aten_triu_indices_cpu,/home/arjaiswal/Polygeist/issues/aten_c_kernels/results/aten_triu_indices_cpu/debuf.mlir,f3e9e24cf6abf35e644969357e2485dae5f4a3cce72179dc160612b637c62da8,syntactic,4,ok,0,713.5287337005138,0,"[""/usr/bin/python3"", ""/home/arjaiswal/Polygeist/scripts/correctness/kernel_match_rewrite.py"", ""/home/arjaiswal/Polygeist/issues/aten_c_kernels/results/aten_triu_indices_cpu/debuf.mlir"", ""--dry-run"", ""--matcher-mode"", ""syntactic"", ""--telemetry-json"", ""/home/arjaiswal/Polygeist/issues/equality_saturation_eval/campaign_20260908/aten-aten_triu_indices_cpu-syntactic-93lghczs.json"", ""--disable-semantic-fallback""]","== match report for /home/arjaiswal/Polygeist/issues/aten_c_kernels/results/aten_triu_indices_cpu/debuf.mlir ==
  total: 0 matched / 0 bodies
",0,[],0,0,0,0,/home/arjaiswal/Polygeist/issues/aten_c_kernels/results/aten_triu_indices_cpu/debuf.mlir,2863,0,0,0,274.2759957909584,0,64892,0.0,0,0,0,0,[],0,0,0,0.0,0
aten,aten_triu_indices_cpu,/home/arjaiswal/Polygeist/issues/aten_c_kernels/results/aten_triu_indices_cpu/debuf.mlir,f3e9e24cf6abf35e644969357e2485dae5f4a3cce72179dc160612b637c62da8,egglog,4,ok,0,683.612510561943,0,"[""/usr/bin/python3"", ""/home/arjaiswal/Polygeist/scripts/correctness/kernel_match_rewrite.py"", ""/home/arjaiswal/Polygeist/issues/aten_c_kernels/results/aten_triu_indices_cpu/debuf.mlir"", ""--dry-run"", ""--matcher-mode"", ""egglog"", ""--telemetry-json"", ""/home/arjaiswal/Polygeist/issues/equality_saturation_eval/campaign_20260908/aten-aten_triu_indices_cpu-egglog-6c9pta3n.json"", ""--disable-semantic-fallback""]","== match report for /home/arjaiswal/Polygeist/issues/aten_c_kernels/results/aten_triu_indices_cpu/debuf.mlir ==
  total: 0 matched / 0 bodies
",0,[],0,0,0,0,/home/arjaiswal/Polygeist/issues/aten_c_kernels/results/aten_triu_indices_cpu/debuf.mlir,2863,8,0,0,257.829163223505,0,64620,0.0,0,0,0,0,[],0,0,0,0.0,0
aten,aten_triu_indices_cpu,/home/arjaiswal/Polygeist/issues/aten_c_kernels/results/aten_triu_indices_cpu/debuf.mlir,f3e9e24cf6abf35e644969357e2485dae5f4a3cce72179dc160612b637c62da8,egglog,5,ok,0,666.3088463246822,0,"[""/usr/bin/python3"", ""/home/arjaiswal/Polygeist/scripts/correctness/kernel_match_rewrite.py"", ""/home/arjaiswal/Polygeist/issues/aten_c_kernels/results/aten_triu_indices_cpu/debuf.mlir"", ""--dry-run"", ""--matcher-mode"", ""egglog"", ""--telemetry-json"", ""/home/arjaiswal/Polygeist/issues/equality_saturation_eval/campaign_20260908/aten-aten_triu_indices_cpu-egglog-2idy54l4.json"", ""--disable-semantic-fallback""]","== match report for /home/arjaiswal/Polygeist/issues/aten_c_kernels/results/aten_triu_indices_cpu/debuf.mlir ==
  total: 0 matched / 0 bodies
",0,[],0,0,0,0,/home/arjaiswal/Polygeist/issues/aten_c_kernels/results/aten_triu_indices_cpu/debuf.mlir,2863,8,0,0,263.14062252640724,0,64616,0.0,0,0,0,0,[],0,0,0,0.0,0
aten,aten_triu_indices_cpu,/home/arjaiswal/Polygeist/issues/aten_c_kernels/results/aten_triu_indices_cpu/debuf.mlir,f3e9e24cf6abf35e644969357e2485dae5f4a3cce72179dc160612b637c62da8,syntactic,5,ok,0,686.4326782524586,0,"[""/usr/bin/python3"", ""/home/arjaiswal/Polygeist/scripts/correctness/kernel_match_rewrite.py"", ""/home/arjaiswal/Polygeist/issues/aten_c_kernels/results/aten_triu_indices_cpu/debuf.mlir"", ""--dry-run"", ""--matcher-mode"", ""syntactic"", ""--telemetry-json"", ""/home/arjaiswal/Polygeist/issues/equality_saturation_eval/campaign_20260908/aten-aten_triu_indices_cpu-syntactic-9njpcm5d.json"", ""--disable-semantic-fallback""]","== match report for /home/arjaiswal/Polygeist/issues/aten_c_kernels/results/aten_triu_indices_cpu/debuf.mlir ==
  total: 0 matched / 0 bodies
",0,[],0,0,0,0,/home/arjaiswal/Polygeist/issues/aten_c_kernels/results/aten_triu_indices_cpu/debuf.mlir,2863,0,0,0,255.669005215168,0,64360,0.0,0,0,0,0,[],0,0,0,0.0,0
aten,aten_triu_mask_cpu,/home/arjaiswal/Polygeist/issues/aten_c_kernels/results/aten_triu_mask_cpu/debuf.mlir,8fd8549e7a8068bea31020feec2234e3d7cca92eea6dd8bb9bd01d28ed75f30a,syntactic,1,ok,0,735.3270091116428,0,"[""/usr/bin/python3"", ""/home/arjaiswal/Polygeist/scripts/correctness/kernel_match_rewrite.py"", ""/home/arjaiswal/Polygeist/issues/aten_c_kernels/results/aten_triu_mask_cpu/debuf.mlir"", ""--dry-run"", ""--matcher-mode"", ""syntactic"", ""--telemetry-json"", ""/home/arjaiswal/Polygeist/issues/equality_saturation_eval/campaign_20260908/aten-aten_triu_mask_cpu-syntactic-8vsf18zy.json"", ""--disable-semantic-fallback""]","== match report for /home/arjaiswal/Polygeist/issues/aten_c_kernels/results/aten_triu_mask_cpu/debuf.mlir ==
  no_match       body#0  ?
  total: 0 matched / 1 bodies
",0,[],0,0,0,0,/home/arjaiswal/Polygeist/issues/aten_c_kernels/results/aten_triu_mask_cpu/debuf.mlir,2244,0,1,0,281.51698037981987,1,64632,0.016730278730392456,0,0,0,0,[],0,0,4,0.0,4
aten,aten_triu_mask_cpu,/home/arjaiswal/Polygeist/issues/aten_c_kernels/results/aten_triu_mask_cpu/debuf.mlir,8fd8549e7a8068bea31020feec2234e3d7cca92eea6dd8bb9bd01d28ed75f30a,egglog,1,ok,0,702.5670669972897,0,"[""/usr/bin/python3"", ""/home/arjaiswal/Polygeist/scripts/correctness/kernel_match_rewrite.py"", ""/home/arjaiswal/Polygeist/issues/aten_c_kernels/results/aten_triu_mask_cpu/debuf.mlir"", ""--dry-run"", ""--matcher-mode"", ""egglog"", ""--telemetry-json"", ""/home/arjaiswal/Polygeist/issues/equality_saturation_eval/campaign_20260908/aten-aten_triu_mask_cpu-egglog-w_u0u8vi.json"", ""--disable-semantic-fallback""]","== match report for /home/arjaiswal/Polygeist/issues/aten_c_kernels/results/aten_triu_mask_cpu/debuf.mlir ==
  no_match       body#0  ?
  total: 0 matched / 1 bodies
",0,[],0,0,0,0,/home/arjaiswal/Polygeist/issues/aten_c_kernels/results/aten_triu_mask_cpu/debuf.mlir,2244,8,1,0,282.5382314622402,1,64844,0.0,0,0,0,0,[],0,0,0,0.0,4
aten,aten_triu_mask_cpu,/home/arjaiswal/Polygeist/issues/aten_c_kernels/results/aten_triu_mask_cpu/debuf.mlir,8fd8549e7a8068bea31020feec2234e3d7cca92eea6dd8bb9bd01d28ed75f30a,egglog,2,ok,0,714.351799339056,0,"[""/usr/bin/python3"", ""/home/arjaiswal/Polygeist/scripts/correctness/kernel_match_rewrite.py"", ""/home/arjaiswal/Polygeist/issues/aten_c_kernels/results/aten_triu_mask_cpu/debuf.mlir"", ""--dry-run"", ""--matcher-mode"", ""egglog"", ""--telemetry-json"", ""/home/arjaiswal/Polygeist/issues/equality_saturation_eval/campaign_20260908/aten-aten_triu_mask_cpu-egglog-0xgyhbn2.json"", ""--disable-semantic-fallback""]","== match report for /home/arjaiswal/Polygeist/issues/aten_c_kernels/results/aten_triu_mask_cpu/debuf.mlir ==
  no_match       body#0  ?
  total: 0 matched / 1 bodies
",0,[],0,0,0,0,/home/arjaiswal/Polygeist/issues/aten_c_kernels/results/aten_triu_mask_cpu/debuf.mlir,2244,8,1,0,282.2361849248409,1,64480,0.0,0,0,0,0,[],0,0,0,0.0,4
aten,aten_triu_mask_cpu,/home/arjaiswal/Polygeist/issues/aten_c_kernels/results/aten_triu_mask_cpu/debuf.mlir,8fd8549e7a8068bea31020feec2234e3d7cca92eea6dd8bb9bd01d28ed75f30a,syntactic,2,ok,0,711.6484828293324,0,"[""/usr/bin/python3"", ""/home/arjaiswal/Polygeist/scripts/correctness/kernel_match_rewrite.py"", ""/home/arjaiswal/Polygeist/issues/aten_c_kernels/results/aten_triu_mask_cpu/debuf.mlir"", ""--dry-run"", ""--matcher-mode"", ""syntactic"", ""--telemetry-json"", ""/home/arjaiswal/Polygeist/issues/equality_saturation_eval/campaign_20260908/aten-aten_triu_mask_cpu-syntactic-4a0m6qap.json"", ""--disable-semantic-fallback""]","== match report for /home/arjaiswal/Polygeist/issues/aten_c_kernels/results/aten_triu_mask_cpu/debuf.mlir ==
  no_match       body#0  ?
  total: 0 matched / 1 bodies
",0,[],0,0,0,0,/home/arjaiswal/Polygeist/issues/aten_c_kernels/results/aten_triu_mask_cpu/debuf.mlir,2244,0,1,0,285.10158509016037,1,64800,0.019062310457229614,0,0,0,0,[],0,0,4,0.0,4
aten,aten_triu_mask_cpu,/home/arjaiswal/Polygeist/issues/aten_c_kernels/results/aten_triu_mask_cpu/debuf.mlir,8fd8549e7a8068bea31020feec2234e3d7cca92eea6dd8bb9bd01d28ed75f30a,syntactic,3,ok,0,710.5140574276447,0,"[""/usr/bin/python3"", ""/home/arjaiswal/Polygeist/scripts/correctness/kernel_match_rewrite.py"", ""/home/arjaiswal/Polygeist/issues/aten_c_kernels/results/aten_triu_mask_cpu/debuf.mlir"", ""--dry-run"", ""--matcher-mode"", ""syntactic"", ""--telemetry-json"", ""/home/arjaiswal/Polygeist/issues/equality_saturation_eval/campaign_20260908/aten-aten_triu_mask_cpu-syntactic-hxm4_nlw.json"", ""--disable-semantic-fallback""]","== match report for /home/arjaiswal/Polygeist/issues/aten_c_kernels/results/aten_triu_mask_cpu/debuf.mlir ==
  no_match       body#0  ?
  total: 0 matched / 1 bodies
",0,[],0,0,0,0,/home/arjaiswal/Polygeist/issues/aten_c_kernels/results/aten_triu_mask_cpu/debuf.mlir,2244,0,1,0,293.082132935524,1,64820,0.014428049325942993,0,0,0,0,[],0,0,4,0.0,4
aten,aten_triu_mask_cpu,/home/arjaiswal/Polygeist/issues/aten_c_kernels/results/aten_triu_mask_cpu/debuf.mlir,8fd8549e7a8068bea31020feec2234e3d7cca92eea6dd8bb9bd01d28ed75f30a,egglog,3,ok,0,710.6618136167526,0,"[""/usr/bin/python3"", ""/home/arjaiswal/Polygeist/scripts/correctness/kernel_match_rewrite.py"", ""/home/arjaiswal/Polygeist/issues/aten_c_kernels/results/aten_triu_mask_cpu/debuf.mlir"", ""--dry-run"", ""--matcher-mode"", ""egglog"", ""--telemetry-json"", ""/home/arjaiswal/Polygeist/issues/equality_saturation_eval/campaign_20260908/aten-aten_triu_mask_cpu-egglog-zine1fel.json"", ""--disable-semantic-fallback""]","== match report for /home/arjaiswal/Polygeist/issues/aten_c_kernels/results/aten_triu_mask_cpu/debuf.mlir ==
  no_match       body#0  ?
  total: 0 matched / 1 bodies
",0,[],0,0,0,0,/home/arjaiswal/Polygeist/issues/aten_c_kernels/results/aten_triu_mask_cpu/debuf.mlir,2244,8,1,0,300.4325181245804,1,64872,0.0,0,0,0,0,[],0,0,0,0.0,4
aten,aten_triu_mask_cpu,/home/arjaiswal/Polygeist/issues/aten_c_kernels/results/aten_triu_mask_cpu/debuf.mlir,8fd8549e7a8068bea31020feec2234e3d7cca92eea6dd8bb9bd01d28ed75f30a,egglog,4,ok,0,722.4874012172222,0,"[""/usr/bin/python3"", ""/home/arjaiswal/Polygeist/scripts/correctness/kernel_match_rewrite.py"", ""/home/arjaiswal/Polygeist/issues/aten_c_kernels/results/aten_triu_mask_cpu/debuf.mlir"", ""--dry-run"", ""--matcher-mode"", ""egglog"", ""--telemetry-json"", ""/home/arjaiswal/Polygeist/issues/equality_saturation_eval/campaign_20260908/aten-aten_triu_mask_cpu-egglog-ejd8qvqr.json"", ""--disable-semantic-fallback""]","== match report for /home/arjaiswal/Polygeist/issues/aten_c_kernels/results/aten_triu_mask_cpu/debuf.mlir ==
  no_match       body#0  ?
  total: 0 matched / 1 bodies
",0,[],0,0,0,0,/home/arjaiswal/Polygeist/issues/aten_c_kernels/results/aten_triu_mask_cpu/debuf.mlir,2244,8,1,0,286.436103284359,1,64744,0.0,0,0,0,0,[],0,0,0,0.0,4
aten,aten_triu_mask_cpu,/home/arjaiswal/Polygeist/issues/aten_c_kernels/results/aten_triu_mask_cpu/debuf.mlir,8fd8549e7a8068bea31020feec2234e3d7cca92eea6dd8bb9bd01d28ed75f30a,syntactic,4,ok,0,719.5429392158985,0,"[""/usr/bin/python3"", ""/home/arjaiswal/Polygeist/scripts/correctness/kernel_match_rewrite.py"", ""/home/arjaiswal/Polygeist/issues/aten_c_kernels/results/aten_triu_mask_cpu/debuf.mlir"", ""--dry-run"", ""--matcher-mode"", ""syntactic"", ""--telemetry-json"", ""/home/arjaiswal/Polygeist/issues/equality_saturation_eval/campaign_20260908/aten-aten_triu_mask_cpu-syntactic-ly0y2td1.json"", ""--disable-semantic-fallback""]","== match report for /home/arjaiswal/Polygeist/issues/aten_c_kernels/results/aten_triu_mask_cpu/debuf.mlir ==
  no_match       body#0  ?
  total: 0 matched / 1 bodies
",0,[],0,0,0,0,/home/arjaiswal/Polygeist/issues/aten_c_kernels/results/aten_triu_mask_cpu/debuf.mlir,2244,0,1,0,299.793791025877,1,64668,0.01806020736694336,0,0,0,0,[],0,0,4,0.0,4
aten,aten_triu_mask_cpu,/home/arjaiswal/Polygeist/issues/aten_c_kernels/results/aten_triu_mask_cpu/debuf.mlir,8fd8549e7a8068bea31020feec2234e3d7cca92eea6dd8bb9bd01d28ed75f30a,syntactic,5,ok,0,708.0904729664326,0,"[""/usr/bin/python3"", ""/home/arjaiswal/Polygeist/scripts/correctness/kernel_match_rewrite.py"", ""/home/arjaiswal/Polygeist/issues/aten_c_kernels/results/aten_triu_mask_cpu/debuf.mlir"", ""--dry-run"", ""--matcher-mode"", ""syntactic"", ""--telemetry-json"", ""/home/arjaiswal/Polygeist/issues/equality_saturation_eval/campaign_20260908/aten-aten_triu_mask_cpu-syntactic-0ncye7ba.json"", ""--disable-semantic-fallback""]","== match report for /home/arjaiswal/Polygeist/issues/aten_c_kernels/results/aten_triu_mask_cpu/debuf.mlir ==
  no_match       body#0  ?
  total: 0 matched / 1 bodies
",0,[],0,0,0,0,/home/arjaiswal/Polygeist/issues/aten_c_kernels/results/aten_triu_mask_cpu/debuf.mlir,2244,0,1,0,285.95607355237007,1,64884,0.01704692840576172,0,0,0,0,[],0,0,4,0.0,4
aten,aten_triu_mask_cpu,/home/arjaiswal/Polygeist/issues/aten_c_kernels/results/aten_triu_mask_cpu/debuf.mlir,8fd8549e7a8068bea31020feec2234e3d7cca92eea6dd8bb9bd01d28ed75f30a,egglog,5,ok,0,718.9009673893452,0,"[""/usr/bin/python3"", ""/home/arjaiswal/Polygeist/scripts/correctness/kernel_match_rewrite.py"", ""/home/arjaiswal/Polygeist/issues/aten_c_kernels/results/aten_triu_mask_cpu/debuf.mlir"", ""--dry-run"", ""--matcher-mode"", ""egglog"", ""--telemetry-json"", ""/home/arjaiswal/Polygeist/issues/equality_saturation_eval/campaign_20260908/aten-aten_triu_mask_cpu-egglog-kvug616n.json"", ""--disable-semantic-fallback""]","== match report for /home/arjaiswal/Polygeist/issues/aten_c_kernels/results/aten_triu_mask_cpu/debuf.mlir ==
  no_match       body#0  ?
  total: 0 matched / 1 bodies
",0,[],0,0,0,0,/home/arjaiswal/Polygeist/issues/aten_c_kernels/results/aten_triu_mask_cpu/debuf.mlir,2244,8,1,0,293.2468429207802,1,64736,0.0,0,0,0,0,[],0,0,0,0.0,4
aten,aten_triu_tril_batch_cpu,/home/arjaiswal/Polygeist/issues/aten_c_kernels/results/aten_triu_tril_batch_cpu/debuf.mlir,feb2027c9ce1609240ba3f163d8bed725480e508525cfe58c399a1bbb368fbc9,egglog,1,ok,0,1097.4726229906082,0,"[""/usr/bin/python3"", ""/home/arjaiswal/Polygeist/scripts/correctness/kernel_match_rewrite.py"", ""/home/arjaiswal/Polygeist/issues/aten_c_kernels/results/aten_triu_tril_batch_cpu/debuf.mlir"", ""--dry-run"", ""--matcher-mode"", ""egglog"", ""--telemetry-json"", ""/home/arjaiswal/Polygeist/issues/equality_saturation_eval/campaign_20260908/aten-aten_triu_tril_batch_cpu-egglog-l7hvvmmo.json"", ""--disable-semantic-fallback""]","== match report for /home/arjaiswal/Polygeist/issues/aten_c_kernels/results/aten_triu_tril_batch_cpu/debuf.mlir ==
  no_match       body#0  ?
  total: 0 matched / 1 bodies
",0,[],0,0,0,0,/home/arjaiswal/Polygeist/issues/aten_c_kernels/results/aten_triu_tril_batch_cpu/debuf.mlir,2944,8,1,0,664.0200912952423,1,66900,0.0,0,0,0,0,[],0,0,0,0.0,52
aten,aten_triu_tril_batch_cpu,/home/arjaiswal/Polygeist/issues/aten_c_kernels/results/aten_triu_tril_batch_cpu/debuf.mlir,feb2027c9ce1609240ba3f163d8bed725480e508525cfe58c399a1bbb368fbc9,syntactic,1,ok,0,1075.2475000917912,0,"[""/usr/bin/python3"", ""/home/arjaiswal/Polygeist/scripts/correctness/kernel_match_rewrite.py"", ""/home/arjaiswal/Polygeist/issues/aten_c_kernels/results/aten_triu_tril_batch_cpu/debuf.mlir"", ""--dry-run"", ""--matcher-mode"", ""syntactic"", ""--telemetry-json"", ""/home/arjaiswal/Polygeist/issues/equality_saturation_eval/campaign_20260908/aten-aten_triu_tril_batch_cpu-syntactic-i675g4o5.json"", ""--disable-semantic-fallback""]","== match report for /home/arjaiswal/Polygeist/issues/aten_c_kernels/results/aten_triu_tril_batch_cpu/debuf.mlir ==
  no_match       body#0  ?
  total: 0 matched / 1 bodies
",0,[],0,0,0,0,/home/arjaiswal/Polygeist/issues/aten_c_kernels/results/aten_triu_tril_batch_cpu/debuf.mlir,2944,0,1,0,636.4034228026867,1,66836,0.13748928904533386,0,0,0,0,[],0,0,52,0.0,52
aten,aten_triu_tril_batch_cpu,/home/arjaiswal/Polygeist/issues/aten_c_kernels/results/aten_triu_tril_batch_cpu/debuf.mlir,feb2027c9ce1609240ba3f163d8bed725480e508525cfe58c399a1bbb368fbc9,syntactic,2,ok,0,1109.2919558286667,0,"[""/usr/bin/python3"", ""/home/arjaiswal/Polygeist/scripts/correctness/kernel_match_rewrite.py"", ""/home/arjaiswal/Polygeist/issues/aten_c_kernels/results/aten_triu_tril_batch_cpu/debuf.mlir"", ""--dry-run"", ""--matcher-mode"", ""syntactic"", ""--telemetry-json"", ""/home/arjaiswal/Polygeist/issues/equality_saturation_eval/campaign_20260908/aten-aten_triu_tril_batch_cpu-syntactic-huoks9uo.json"", ""--disable-semantic-fallback""]","== match report for /home/arjaiswal/Polygeist/issues/aten_c_kernels/results/aten_triu_tril_batch_cpu/debuf.mlir ==
  no_match       body#0  ?
  total: 0 matched / 1 bodies
",0,[],0,0,0,0,/home/arjaiswal/Polygeist/issues/aten_c_kernels/results/aten_triu_tril_batch_cpu/debuf.mlir,2944,0,1,0,670.8289198577404,1,67216,0.16533583402633667,0,0,0,0,[],0,0,52,0.0,52
aten,aten_triu_tril_batch_cpu,/home/arjaiswal/Polygeist/issues/aten_c_kernels/results/aten_triu_tril_batch_cpu/debuf.mlir,feb2027c9ce1609240ba3f163d8bed725480e508525cfe58c399a1bbb368fbc9,egglog,2,ok,0,1149.667989462614,0,"[""/usr/bin/python3"", ""/home/arjaiswal/Polygeist/scripts/correctness/kernel_match_rewrite.py"", ""/home/arjaiswal/Polygeist/issues/aten_c_kernels/results/aten_triu_tril_batch_cpu/debuf.mlir"", ""--dry-run"", ""--matcher-mode"", ""egglog"", ""--telemetry-json"", ""/home/arjaiswal/Polygeist/issues/equality_saturation_eval/campaign_20260908/aten-aten_triu_tril_batch_cpu-egglog-r9xh1nug.json"", ""--disable-semantic-fallback""]","== match report for /home/arjaiswal/Polygeist/issues/aten_c_kernels/results/aten_triu_tril_batch_cpu/debuf.mlir ==
  no_match       body#0  ?
  total: 0 matched / 1 bodies
",0,[],0,0,0,0,/home/arjaiswal/Polygeist/issues/aten_c_kernels/results/aten_triu_tril_batch_cpu/debuf.mlir,2944,8,1,0,696.4271441102028,1,66720,0.0,0,0,0,0,[],0,0,0,0.0,52
aten,aten_triu_tril_batch_cpu,/home/arjaiswal/Polygeist/issues/aten_c_kernels/results/aten_triu_tril_batch_cpu/debuf.mlir,feb2027c9ce1609240ba3f163d8bed725480e508525cfe58c399a1bbb368fbc9,egglog,3,ok,0,1092.7049107849598,0,"[""/usr/bin/python3"", ""/home/arjaiswal/Polygeist/scripts/correctness/kernel_match_rewrite.py"", ""/home/arjaiswal/Polygeist/issues/aten_c_kernels/results/aten_triu_tril_batch_cpu/debuf.mlir"", ""--dry-run"", ""--matcher-mode"", ""egglog"", ""--telemetry-json"", ""/home/arjaiswal/Polygeist/issues/equality_saturation_eval/campaign_20260908/aten-aten_triu_tril_batch_cpu-egglog-180e7yhv.json"", ""--disable-semantic-fallback""]","== match report for /home/arjaiswal/Polygeist/issues/aten_c_kernels/results/aten_triu_tril_batch_cpu/debuf.mlir ==
  no_match       body#0  ?
  total: 0 matched / 1 bodies
",0,[],0,0,0,0,/home/arjaiswal/Polygeist/issues/aten_c_kernels/results/aten_triu_tril_batch_cpu/debuf.mlir,2944,8,1,0,653.4862108528614,1,66596,0.0,0,0,0,0,[],0,0,0,0.0,52
aten,aten_triu_tril_batch_cpu,/home/arjaiswal/Polygeist/issues/aten_c_kernels/results/aten_triu_tril_batch_cpu/debuf.mlir,feb2027c9ce1609240ba3f163d8bed725480e508525cfe58c399a1bbb368fbc9,syntactic,3,ok,0,1158.649504184723,0,"[""/usr/bin/python3"", ""/home/arjaiswal/Polygeist/scripts/correctness/kernel_match_rewrite.py"", ""/home/arjaiswal/Polygeist/issues/aten_c_kernels/results/aten_triu_tril_batch_cpu/debuf.mlir"", ""--dry-run"", ""--matcher-mode"", ""syntactic"", ""--telemetry-json"", ""/home/arjaiswal/Polygeist/issues/equality_saturation_eval/campaign_20260908/aten-aten_triu_tril_batch_cpu-syntactic-fy0dn0fk.json"", ""--disable-semantic-fallback""]","== match report for /home/arjaiswal/Polygeist/issues/aten_c_kernels/results/aten_triu_tril_batch_cpu/debuf.mlir ==
  no_match       body#0  ?
  total: 0 matched / 1 bodies
",0,[],0,0,0,0,/home/arjaiswal/Polygeist/issues/aten_c_kernels/results/aten_triu_tril_batch_cpu/debuf.mlir,2944,0,1,0,728.7415005266666,1,67096,0.17980113625526428,0,0,0,0,[],0,0,52,0.0,52
aten,aten_triu_tril_batch_cpu,/home/arjaiswal/Polygeist/issues/aten_c_kernels/results/aten_triu_tril_batch_cpu/debuf.mlir,feb2027c9ce1609240ba3f163d8bed725480e508525cfe58c399a1bbb368fbc9,syntactic,4,ok,0,1090.6237363815308,0,"[""/usr/bin/python3"", ""/home/arjaiswal/Polygeist/scripts/correctness/kernel_match_rewrite.py"", ""/home/arjaiswal/Polygeist/issues/aten_c_kernels/results/aten_triu_tril_batch_cpu/debuf.mlir"", ""--dry-run"", ""--matcher-mode"", ""syntactic"", ""--telemetry-json"", ""/home/arjaiswal/Polygeist/issues/equality_saturation_eval/campaign_20260908/aten-aten_triu_tril_batch_cpu-syntactic-q1lxk4jn.json"", ""--disable-semantic-fallback""]","== match report for /home/arjaiswal/Polygeist/issues/aten_c_kernels/results/aten_triu_tril_batch_cpu/debuf.mlir ==
  no_match       body#0  ?
  total: 0 matched / 1 bodies
",0,[],0,0,0,0,/home/arjaiswal/Polygeist/issues/aten_c_kernels/results/aten_triu_tril_batch_cpu/debuf.mlir,2944,0,1,0,665.2602218091488,1,66732,0.14558061957359314,0,0,0,0,[],0,0,52,0.0,52
aten,aten_triu_tril_batch_cpu,/home/arjaiswal/Polygeist/issues/aten_c_kernels/results/aten_triu_tril_batch_cpu/debuf.mlir,feb2027c9ce1609240ba3f163d8bed725480e508525cfe58c399a1bbb368fbc9,egglog,4,ok,0,1088.324211537838,0,"[""/usr/bin/python3"", ""/home/arjaiswal/Polygeist/scripts/correctness/kernel_match_rewrite.py"", ""/home/arjaiswal/Polygeist/issues/aten_c_kernels/results/aten_triu_tril_batch_cpu/debuf.mlir"", ""--dry-run"", ""--matcher-mode"", ""egglog"", ""--telemetry-json"", ""/home/arjaiswal/Polygeist/issues/equality_saturation_eval/campaign_20260908/aten-aten_triu_tril_batch_cpu-egglog-vr30tubq.json"", ""--disable-semantic-fallback""]","== match report for /home/arjaiswal/Polygeist/issues/aten_c_kernels/results/aten_triu_tril_batch_cpu/debuf.mlir ==
  no_match       body#0  ?
  total: 0 matched / 1 bodies
",0,[],0,0,0,0,/home/arjaiswal/Polygeist/issues/aten_c_kernels/results/aten_triu_tril_batch_cpu/debuf.mlir,2944,8,1,0,646.8174271285534,1,66784,0.0,0,0,0,0,[],0,0,0,0.0,52
aten,aten_triu_tril_batch_cpu,/home/arjaiswal/Polygeist/issues/aten_c_kernels/results/aten_triu_tril_batch_cpu/debuf.mlir,feb2027c9ce1609240ba3f163d8bed725480e508525cfe58c399a1bbb368fbc9,egglog,5,ok,0,1050.0833503901958,0,"[""/usr/bin/python3"", ""/home/arjaiswal/Polygeist/scripts/correctness/kernel_match_rewrite.py"", ""/home/arjaiswal/Polygeist/issues/aten_c_kernels/results/aten_triu_tril_batch_cpu/debuf.mlir"", ""--dry-run"", ""--matcher-mode"", ""egglog"", ""--telemetry-json"", ""/home/arjaiswal/Polygeist/issues/equality_saturation_eval/campaign_20260908/aten-aten_triu_tril_batch_cpu-egglog-0j9ow82o.json"", ""--disable-semantic-fallback""]","== match report for /home/arjaiswal/Polygeist/issues/aten_c_kernels/results/aten_triu_tril_batch_cpu/debuf.mlir ==
  no_match       body#0  ?
  total: 0 matched / 1 bodies
",0,[],0,0,0,0,/home/arjaiswal/Polygeist/issues/aten_c_kernels/results/aten_triu_tril_batch_cpu/debuf.mlir,2944,8,1,0,642.1074159443378,1,66924,0.0,0,0,0,0,[],0,0,0,0.0,52
aten,aten_triu_tril_batch_cpu,/home/arjaiswal/Polygeist/issues/aten_c_kernels/results/aten_triu_tril_batch_cpu/debuf.mlir,feb2027c9ce1609240ba3f163d8bed725480e508525cfe58c399a1bbb368fbc9,syntactic,5,ok,0,1079.0886096656322,0,"[""/usr/bin/python3"", ""/home/arjaiswal/Polygeist/scripts/correctness/kernel_match_rewrite.py"", ""/home/arjaiswal/Polygeist/issues/aten_c_kernels/results/aten_triu_tril_batch_cpu/debuf.mlir"", ""--dry-run"", ""--matcher-mode"", ""syntactic"", ""--telemetry-json"", ""/home/arjaiswal/Polygeist/issues/equality_saturation_eval/campaign_20260908/aten-aten_triu_tril_batch_cpu-syntactic-2aydxefp.json"", ""--disable-semantic-fallback""]","== match report for /home/arjaiswal/Polygeist/issues/aten_c_kernels/results/aten_triu_tril_batch_cpu/debuf.mlir ==
  no_match       body#0  ?
  total: 0 matched / 1 bodies
",0,[],0,0,0,0,/home/arjaiswal/Polygeist/issues/aten_c_kernels/results/aten_triu_tril_batch_cpu/debuf.mlir,2944,0,1,0,639.4589506089687,1,66944,0.1429431140422821,0,0,0,0,[],0,0,52,0.0,52
aten,aten_triu_tril_single_cpu,/home/arjaiswal/Polygeist/issues/aten_c_kernels/results/aten_triu_tril_single_cpu/debuf.mlir,5c4975f528b6b0734840afa734e2e8a94ed36e6d70f6b6e9ff527895e6d58e71,syntactic,1,ok,0,1078.3610828220844,0,"[""/usr/bin/python3"", ""/home/arjaiswal/Polygeist/scripts/correctness/kernel_match_rewrite.py"", ""/home/arjaiswal/Polygeist/issues/aten_c_kernels/results/aten_triu_tril_single_cpu/debuf.mlir"", ""--dry-run"", ""--matcher-mode"", ""syntactic"", ""--telemetry-json"", ""/home/arjaiswal/Polygeist/issues/equality_saturation_eval/campaign_20260908/aten-aten_triu_tril_single_cpu-syntactic-625_bf6v.json"", ""--disable-semantic-fallback""]","== match report for /home/arjaiswal/Polygeist/issues/aten_c_kernels/results/aten_triu_tril_single_cpu/debuf.mlir ==
  no_match       body#0  ?
  total: 0 matched / 1 bodies
",0,[],0,0,0,0,/home/arjaiswal/Polygeist/issues/aten_c_kernels/results/aten_triu_tril_single_cpu/debuf.mlir,2815,0,1,0,661.0574498772621,1,66784,0.1455172896385193,0,0,0,0,[],0,0,52,0.0,52
aten,aten_triu_tril_single_cpu,/home/arjaiswal/Polygeist/issues/aten_c_kernels/results/aten_triu_tril_single_cpu/debuf.mlir,5c4975f528b6b0734840afa734e2e8a94ed36e6d70f6b6e9ff527895e6d58e71,egglog,1,ok,0,1119.8459304869175,0,"[""/usr/bin/python3"", ""/home/arjaiswal/Polygeist/scripts/correctness/kernel_match_rewrite.py"", ""/home/arjaiswal/Polygeist/issues/aten_c_kernels/results/aten_triu_tril_single_cpu/debuf.mlir"", ""--dry-run"", ""--matcher-mode"", ""egglog"", ""--telemetry-json"", ""/home/arjaiswal/Polygeist/issues/equality_saturation_eval/campaign_20260908/aten-aten_triu_tril_single_cpu-egglog-5kdlm47c.json"", ""--disable-semantic-fallback""]","== match report for /home/arjaiswal/Polygeist/issues/aten_c_kernels/results/aten_triu_tril_single_cpu/debuf.mlir ==
  no_match       body#0  ?
  total: 0 matched / 1 bodies
",0,[],0,0,0,0,/home/arjaiswal/Polygeist/issues/aten_c_kernels/results/aten_triu_tril_single_cpu/debuf.mlir,2815,8,1,0,674.9351397156715,1,66780,0.0,0,0,0,0,[],0,0,0,0.0,52
aten,aten_triu_tril_single_cpu,/home/arjaiswal/Polygeist/issues/aten_c_kernels/results/aten_triu_tril_single_cpu/debuf.mlir,5c4975f528b6b0734840afa734e2e8a94ed36e6d70f6b6e9ff527895e6d58e71,egglog,2,ok,0,1148.1314487755299,0,"[""/usr/bin/python3"", ""/home/arjaiswal/Polygeist/scripts/correctness/kernel_match_rewrite.py"", ""/home/arjaiswal/Polygeist/issues/aten_c_kernels/results/aten_triu_tril_single_cpu/debuf.mlir"", ""--dry-run"", ""--matcher-mode"", ""egglog"", ""--telemetry-json"", ""/home/arjaiswal/Polygeist/issues/equality_saturation_eval/campaign_20260908/aten-aten_triu_tril_single_cpu-egglog-182l9lif.json"", ""--disable-semantic-fallback""]","== match report for /home/arjaiswal/Polygeist/issues/aten_c_kernels/results/aten_triu_tril_single_cpu/debuf.mlir ==
  no_match       body#0  ?
  total: 0 matched / 1 bodies
",0,[],0,0,0,0,/home/arjaiswal/Polygeist/issues/aten_c_kernels/results/aten_triu_tril_single_cpu/debuf.mlir,2815,8,1,0,711.8259482085705,1,66752,0.0,0,0,0,0,[],0,0,0,0.0,52
aten,aten_triu_tril_single_cpu,/home/arjaiswal/Polygeist/issues/aten_c_kernels/results/aten_triu_tril_single_cpu/debuf.mlir,5c4975f528b6b0734840afa734e2e8a94ed36e6d70f6b6e9ff527895e6d58e71,syntactic,2,ok,0,1072.592455893755,0,"[""/usr/bin/python3"", ""/home/arjaiswal/Polygeist/scripts/correctness/kernel_match_rewrite.py"", ""/home/arjaiswal/Polygeist/issues/aten_c_kernels/results/aten_triu_tril_single_cpu/debuf.mlir"", ""--dry-run"", ""--matcher-mode"", ""syntactic"", ""--telemetry-json"", ""/home/arjaiswal/Polygeist/issues/equality_saturation_eval/campaign_20260908/aten-aten_triu_tril_single_cpu-syntactic-u4m_2vgj.json"", ""--disable-semantic-fallback""]","== match report for /home/arjaiswal/Polygeist/issues/aten_c_kernels/results/aten_triu_tril_single_cpu/debuf.mlir ==
  no_match       body#0  ?
  total: 0 matched / 1 bodies
",0,[],0,0,0,0,/home/arjaiswal/Polygeist/issues/aten_c_kernels/results/aten_triu_tril_single_cpu/debuf.mlir,2815,0,1,0,640.4986269772053,1,67120,0.13861805200576782,0,0,0,0,[],0,0,52,0.0,52
aten,aten_triu_tril_single_cpu,/home/arjaiswal/Polygeist/issues/aten_c_kernels/results/aten_triu_tril_single_cpu/debuf.mlir,5c4975f528b6b0734840afa734e2e8a94ed36e6d70f6b6e9ff527895e6d58e71,syntactic,3,ok,0,1071.2300091981888,0,"[""/usr/bin/python3"", ""/home/arjaiswal/Polygeist/scripts/correctness/kernel_match_rewrite.py"", ""/home/arjaiswal/Polygeist/issues/aten_c_kernels/results/aten_triu_tril_single_cpu/debuf.mlir"", ""--dry-run"", ""--matcher-mode"", ""syntactic"", ""--telemetry-json"", ""/home/arjaiswal/Polygeist/issues/equality_saturation_eval/campaign_20260908/aten-aten_triu_tril_single_cpu-syntactic-bbq9zr72.json"", ""--disable-semantic-fallback""]","== match report for /home/arjaiswal/Polygeist/issues/aten_c_kernels/results/aten_triu_tril_single_cpu/debuf.mlir ==
  no_match       body#0  ?
  total: 0 matched / 1 bodies
",0,[],0,0,0,0,/home/arjaiswal/Polygeist/issues/aten_c_kernels/results/aten_triu_tril_single_cpu/debuf.mlir,2815,0,1,0,648.3339443802834,1,66824,0.13880059123039246,0,0,0,0,[],0,0,52,0.0,52
aten,aten_triu_tril_single_cpu,/home/arjaiswal/Polygeist/issues/aten_c_kernels/results/aten_triu_tril_single_cpu/debuf.mlir,5c4975f528b6b0734840afa734e2e8a94ed36e6d70f6b6e9ff527895e6d58e71,egglog,3,ok,0,1107.4341274797916,0,"[""/usr/bin/python3"", ""/home/arjaiswal/Polygeist/scripts/correctness/kernel_match_rewrite.py"", ""/home/arjaiswal/Polygeist/issues/aten_c_kernels/results/aten_triu_tril_single_cpu/debuf.mlir"", ""--dry-run"", ""--matcher-mode"", ""egglog"", ""--telemetry-json"", ""/home/arjaiswal/Polygeist/issues/equality_saturation_eval/campaign_20260908/aten-aten_triu_tril_single_cpu-egglog-iichxoe2.json"", ""--disable-semantic-fallback""]","== match report for /home/arjaiswal/Polygeist/issues/aten_c_kernels/results/aten_triu_tril_single_cpu/debuf.mlir ==
  no_match       body#0  ?
  total: 0 matched / 1 bodies
",0,[],0,0,0,0,/home/arjaiswal/Polygeist/issues/aten_c_kernels/results/aten_triu_tril_single_cpu/debuf.mlir,2815,8,1,0,681.6878989338875,1,66712,0.0,0,0,0,0,[],0,0,0,0.0,52
aten,aten_triu_tril_single_cpu,/home/arjaiswal/Polygeist/issues/aten_c_kernels/results/aten_triu_tril_single_cpu/debuf.mlir,5c4975f528b6b0734840afa734e2e8a94ed36e6d70f6b6e9ff527895e6d58e71,egglog,4,ok,0,1065.7625757157803,0,"[""/usr/bin/python3"", ""/home/arjaiswal/Polygeist/scripts/correctness/kernel_match_rewrite.py"", ""/home/arjaiswal/Polygeist/issues/aten_c_kernels/results/aten_triu_tril_single_cpu/debuf.mlir"", ""--dry-run"", ""--matcher-mode"", ""egglog"", ""--telemetry-json"", ""/home/arjaiswal/Polygeist/issues/equality_saturation_eval/campaign_20260908/aten-aten_triu_tril_single_cpu-egglog-gdzbi32u.json"", ""--disable-semantic-fallback""]","== match report for /home/arjaiswal/Polygeist/issues/aten_c_kernels/results/aten_triu_tril_single_cpu/debuf.mlir ==
  no_match       body#0  ?
  total: 0 matched / 1 bodies
",0,[],0,0,0,0,/home/arjaiswal/Polygeist/issues/aten_c_kernels/results/aten_triu_tril_single_cpu/debuf.mlir,2815,8,1,0,652.9942415654659,1,66620,0.0,0,0,0,0,[],0,0,0,0.0,52
aten,aten_triu_tril_single_cpu,/home/arjaiswal/Polygeist/issues/aten_c_kernels/results/aten_triu_tril_single_cpu/debuf.mlir,5c4975f528b6b0734840afa734e2e8a94ed36e6d70f6b6e9ff527895e6d58e71,syntactic,4,ok,0,1039.400015026331,0,"[""/usr/bin/python3"", ""/home/arjaiswal/Polygeist/scripts/correctness/kernel_match_rewrite.py"", ""/home/arjaiswal/Polygeist/issues/aten_c_kernels/results/aten_triu_tril_single_cpu/debuf.mlir"", ""--dry-run"", ""--matcher-mode"", ""syntactic"", ""--telemetry-json"", ""/home/arjaiswal/Polygeist/issues/equality_saturation_eval/campaign_20260908/aten-aten_triu_tril_single_cpu-syntactic-0hnkvn3a.json"", ""--disable-semantic-fallback""]","== match report for /home/arjaiswal/Polygeist/issues/aten_c_kernels/results/aten_triu_tril_single_cpu/debuf.mlir ==
  no_match       body#0  ?
  total: 0 matched / 1 bodies
",0,[],0,0,0,0,/home/arjaiswal/Polygeist/issues/aten_c_kernels/results/aten_triu_tril_single_cpu/debuf.mlir,2815,0,1,0,630.2775219082832,1,66652,0.13424456119537354,0,0,0,0,[],0,0,52,0.0,52
aten,aten_triu_tril_single_cpu,/home/arjaiswal/Polygeist/issues/aten_c_kernels/results/aten_triu_tril_single_cpu/debuf.mlir,5c4975f528b6b0734840afa734e2e8a94ed36e6d70f6b6e9ff527895e6d58e71,syntactic,5,ok,0,1066.078957170248,0,"[""/usr/bin/python3"", ""/home/arjaiswal/Polygeist/scripts/correctness/kernel_match_rewrite.py"", ""/home/arjaiswal/Polygeist/issues/aten_c_kernels/results/aten_triu_tril_single_cpu/debuf.mlir"", ""--dry-run"", ""--matcher-mode"", ""syntactic"", ""--telemetry-json"", ""/home/arjaiswal/Polygeist/issues/equality_saturation_eval/campaign_20260908/aten-aten_triu_tril_single_cpu-syntactic-f1tb7v8c.json"", ""--disable-semantic-fallback""]","== match report for /home/arjaiswal/Polygeist/issues/aten_c_kernels/results/aten_triu_tril_single_cpu/debuf.mlir ==
  no_match       body#0  ?
  total: 0 matched / 1 bodies
",0,[],0,0,0,0,/home/arjaiswal/Polygeist/issues/aten_c_kernels/results/aten_triu_tril_single_cpu/debuf.mlir,2815,0,1,0,650.1814126968384,1,66964,0.13106316328048706,0,0,0,0,[],0,0,52,0.0,52
aten,aten_triu_tril_single_cpu,/home/arjaiswal/Polygeist/issues/aten_c_kernels/results/aten_triu_tril_single_cpu/debuf.mlir,5c4975f528b6b0734840afa734e2e8a94ed36e6d70f6b6e9ff527895e6d58e71,egglog,5,ok,0,1036.3484993577003,0,"[""/usr/bin/python3"", ""/home/arjaiswal/Polygeist/scripts/correctness/kernel_match_rewrite.py"", ""/home/arjaiswal/Polygeist/issues/aten_c_kernels/results/aten_triu_tril_single_cpu/debuf.mlir"", ""--dry-run"", ""--matcher-mode"", ""egglog"", ""--telemetry-json"", ""/home/arjaiswal/Polygeist/issues/equality_saturation_eval/campaign_20260908/aten-aten_triu_tril_single_cpu-egglog-ot7f46v0.json"", ""--disable-semantic-fallback""]","== match report for /home/arjaiswal/Polygeist/issues/aten_c_kernels/results/aten_triu_tril_single_cpu/debuf.mlir ==
  no_match       body#0  ?
  total: 0 matched / 1 bodies
",0,[],0,0,0,0,/home/arjaiswal/Polygeist/issues/aten_c_kernels/results/aten_triu_tril_single_cpu/debuf.mlir,2815,8,1,0,625.8398741483688,1,66920,0.0,0,0,0,0,[],0,0,0,0.0,52
aten,aten_trunc,/home/arjaiswal/Polygeist/issues/aten_c_kernels/results/aten_trunc/debuf.mlir,bbb239d1f62d915cde6645d243bd7eaa9f362caa80847792dd74d19813aa68d6,egglog,1,ok,0,836.0224701464176,0,"[""/usr/bin/python3"", ""/home/arjaiswal/Polygeist/scripts/correctness/kernel_match_rewrite.py"", ""/home/arjaiswal/Polygeist/issues/aten_c_kernels/results/aten_trunc/debuf.mlir"", ""--dry-run"", ""--matcher-mode"", ""egglog"", ""--telemetry-json"", ""/home/arjaiswal/Polygeist/issues/equality_saturation_eval/campaign_20260908/aten-aten_trunc-egglog-l3uy4rl1.json"", ""--disable-semantic-fallback""]","== match report for /home/arjaiswal/Polygeist/issues/aten_c_kernels/results/aten_trunc/debuf.mlir ==
  match          body#[0]  cudnnPointwiseGraph_f32
  total: 1 matched / 1 bodies
",0,[],0,0,0,0,/home/arjaiswal/Polygeist/issues/aten_c_kernels/results/aten_trunc/debuf.mlir,1872,8,1,1,417.52365976572037,0,65972,0.0,0,0,0,0,"[{""body_indices"": [0], ""symbol"": ""cudnnPointwiseGraph_f32""}]",1,0,0,0.0,56
aten,aten_trunc,/home/arjaiswal/Polygeist/issues/aten_c_kernels/results/aten_trunc/debuf.mlir,bbb239d1f62d915cde6645d243bd7eaa9f362caa80847792dd74d19813aa68d6,syntactic,1,ok,0,836.9692750275135,0,"[""/usr/bin/python3"", ""/home/arjaiswal/Polygeist/scripts/correctness/kernel_match_rewrite.py"", ""/home/arjaiswal/Polygeist/issues/aten_c_kernels/results/aten_trunc/debuf.mlir"", ""--dry-run"", ""--matcher-mode"", ""syntactic"", ""--telemetry-json"", ""/home/arjaiswal/Polygeist/issues/equality_saturation_eval/campaign_20260908/aten-aten_trunc-syntactic-nqjajeph.json"", ""--disable-semantic-fallback""]","== match report for /home/arjaiswal/Polygeist/issues/aten_c_kernels/results/aten_trunc/debuf.mlir ==
  match          body#[0]  cudnnPointwiseGraph_f32
  total: 1 matched / 1 bodies
",0,[],0,0,0,0,/home/arjaiswal/Polygeist/issues/aten_c_kernels/results/aten_trunc/debuf.mlir,1872,0,1,1,416.38822481036186,0,65736,0.22290274500846863,0,0,0,0,"[{""body_indices"": [0], ""symbol"": ""cudnnPointwiseGraph_f32""}]",1,0,56,0.0,56
aten,aten_trunc,/home/arjaiswal/Polygeist/issues/aten_c_kernels/results/aten_trunc/debuf.mlir,bbb239d1f62d915cde6645d243bd7eaa9f362caa80847792dd74d19813aa68d6,syntactic,2,ok,0,1978.5587787628174,0,"[""/usr/bin/python3"", ""/home/arjaiswal/Polygeist/scripts/correctness/kernel_match_rewrite.py"", ""/home/arjaiswal/Polygeist/issues/aten_c_kernels/results/aten_trunc/debuf.mlir"", ""--dry-run"", ""--matcher-mode"", ""syntactic"", ""--telemetry-json"", ""/home/arjaiswal/Polygeist/issues/equality_saturation_eval/campaign_20260908/aten-aten_trunc-syntactic-ujljmzs4.json"", ""--disable-semantic-fallback""]","== match report for /home/arjaiswal/Polygeist/issues/aten_c_kernels/results/aten_trunc/debuf.mlir ==
  match          body#[0]  cudnnPointwiseGraph_f32
  total: 1 matched / 1 bodies
",0,[],0,0,0,0,/home/arjaiswal/Polygeist/issues/aten_c_kernels/results/aten_trunc/debuf.mlir,1872,0,1,1,1020.3165970742702,0,65852,0.3363601863384247,0,0,0,0,"[{""body_indices"": [0], ""symbol"": ""cudnnPointwiseGraph_f32""}]",1,0,56,0.0,56
aten,aten_trunc,/home/arjaiswal/Polygeist/issues/aten_c_kernels/results/aten_trunc/debuf.mlir,bbb239d1f62d915cde6645d243bd7eaa9f362caa80847792dd74d19813aa68d6,egglog,2,ok,0,1688.546810299158,0,"[""/usr/bin/python3"", ""/home/arjaiswal/Polygeist/scripts/correctness/kernel_match_rewrite.py"", ""/home/arjaiswal/Polygeist/issues/aten_c_kernels/results/aten_trunc/debuf.mlir"", ""--dry-run"", ""--matcher-mode"", ""egglog"", ""--telemetry-json"", ""/home/arjaiswal/Polygeist/issues/equality_saturation_eval/campaign_20260908/aten-aten_trunc-egglog-jfpjgvf4.json"", ""--disable-semantic-fallback""]","== match report for /home/arjaiswal/Polygeist/issues/aten_c_kernels/results/aten_trunc/debuf.mlir ==
  match          body#[0]  cudnnPointwiseGraph_f32
  total: 1 matched / 1 bodies
",0,[],0,0,0,0,/home/arjaiswal/Polygeist/issues/aten_c_kernels/results/aten_trunc/debuf.mlir,1872,8,1,1,839.8106135427952,0,66124,0.0,0,0,0,0,"[{""body_indices"": [0], ""symbol"": ""cudnnPointwiseGraph_f32""}]",1,0,0,0.0,56
aten,aten_trunc,/home/arjaiswal/Polygeist/issues/aten_c_kernels/results/aten_trunc/debuf.mlir,bbb239d1f62d915cde6645d243bd7eaa9f362caa80847792dd74d19813aa68d6,egglog,3,ok,0,1032.0902541279793,0,"[""/usr/bin/python3"", ""/home/arjaiswal/Polygeist/scripts/correctness/kernel_match_rewrite.py"", ""/home/arjaiswal/Polygeist/issues/aten_c_kernels/results/aten_trunc/debuf.mlir"", ""--dry-run"", ""--matcher-mode"", ""egglog"", ""--telemetry-json"", ""/home/arjaiswal/Polygeist/issues/equality_saturation_eval/campaign_20260908/aten-aten_trunc-egglog-zsrvp6ud.json"", ""--disable-semantic-fallback""]","== match report for /home/arjaiswal/Polygeist/issues/aten_c_kernels/results/aten_trunc/debuf.mlir ==
  match          body#[0]  cudnnPointwiseGraph_f32
  total: 1 matched / 1 bodies
",0,[],0,0,0,0,/home/arjaiswal/Polygeist/issues/aten_c_kernels/results/aten_trunc/debuf.mlir,1872,8,1,1,585.4124240577221,0,65796,0.0,0,0,0,0,"[{""body_indices"": [0], ""symbol"": ""cudnnPointwiseGraph_f32""}]",1,0,0,0.0,56
aten,aten_trunc,/home/arjaiswal/Polygeist/issues/aten_c_kernels/results/aten_trunc/debuf.mlir,bbb239d1f62d915cde6645d243bd7eaa9f362caa80847792dd74d19813aa68d6,syntactic,3,ok,0,1044.1672690212727,0,"[""/usr/bin/python3"", ""/home/arjaiswal/Polygeist/scripts/correctness/kernel_match_rewrite.py"", ""/home/arjaiswal/Polygeist/issues/aten_c_kernels/results/aten_trunc/debuf.mlir"", ""--dry-run"", ""--matcher-mode"", ""syntactic"", ""--telemetry-json"", ""/home/arjaiswal/Polygeist/issues/equality_saturation_eval/campaign_20260908/aten-aten_trunc-syntactic-ibqxgyw2.json"", ""--disable-semantic-fallback""]","== match report for /home/arjaiswal/Polygeist/issues/aten_c_kernels/results/aten_trunc/debuf.mlir ==
  match          body#[0]  cudnnPointwiseGraph_f32
  total: 1 matched / 1 bodies
",0,[],0,0,0,0,/home/arjaiswal/Polygeist/issues/aten_c_kernels/results/aten_trunc/debuf.mlir,1872,0,1,1,443.19966062903404,0,66112,0.22355839610099792,0,0,0,0,"[{""body_indices"": [0], ""symbol"": ""cudnnPointwiseGraph_f32""}]",1,0,56,0.0,56
aten,aten_trunc,/home/arjaiswal/Polygeist/issues/aten_c_kernels/results/aten_trunc/debuf.mlir,bbb239d1f62d915cde6645d243bd7eaa9f362caa80847792dd74d19813aa68d6,syntactic,4,ok,0,857.6806969940662,0,"[""/usr/bin/python3"", ""/home/arjaiswal/Polygeist/scripts/correctness/kernel_match_rewrite.py"", ""/home/arjaiswal/Polygeist/issues/aten_c_kernels/results/aten_trunc/debuf.mlir"", ""--dry-run"", ""--matcher-mode"", ""syntactic"", ""--telemetry-json"", ""/home/arjaiswal/Polygeist/issues/equality_saturation_eval/campaign_20260908/aten-aten_trunc-syntactic-se7018ls.json"", ""--disable-semantic-fallback""]","== match report for /home/arjaiswal/Polygeist/issues/aten_c_kernels/results/aten_trunc/debuf.mlir ==
  match          body#[0]  cudnnPointwiseGraph_f32
  total: 1 matched / 1 bodies
",0,[],0,0,0,0,/home/arjaiswal/Polygeist/issues/aten_c_kernels/results/aten_trunc/debuf.mlir,1872,0,1,1,426.2659177184105,0,65880,0.224187970161438,0,0,0,0,"[{""body_indices"": [0], ""symbol"": ""cudnnPointwiseGraph_f32""}]",1,0,56,0.0,56
aten,aten_trunc,/home/arjaiswal/Polygeist/issues/aten_c_kernels/results/aten_trunc/debuf.mlir,bbb239d1f62d915cde6645d243bd7eaa9f362caa80847792dd74d19813aa68d6,egglog,4,ok,0,927.7346953749657,0,"[""/usr/bin/python3"", ""/home/arjaiswal/Polygeist/scripts/correctness/kernel_match_rewrite.py"", ""/home/arjaiswal/Polygeist/issues/aten_c_kernels/results/aten_trunc/debuf.mlir"", ""--dry-run"", ""--matcher-mode"", ""egglog"", ""--telemetry-json"", ""/home/arjaiswal/Polygeist/issues/equality_saturation_eval/campaign_20260908/aten-aten_trunc-egglog-mlxtq90p.json"", ""--disable-semantic-fallback""]","== match report for /home/arjaiswal/Polygeist/issues/aten_c_kernels/results/aten_trunc/debuf.mlir ==
  match          body#[0]  cudnnPointwiseGraph_f32
  total: 1 matched / 1 bodies
",0,[],0,0,0,0,/home/arjaiswal/Polygeist/issues/aten_c_kernels/results/aten_trunc/debuf.mlir,1872,8,1,1,490.1246838271618,0,66024,0.0,0,0,0,0,"[{""body_indices"": [0], ""symbol"": ""cudnnPointwiseGraph_f32""}]",1,0,0,0.0,56
aten,aten_trunc,/home/arjaiswal/Polygeist/issues/aten_c_kernels/results/aten_trunc/debuf.mlir,bbb239d1f62d915cde6645d243bd7eaa9f362caa80847792dd74d19813aa68d6,egglog,5,ok,0,939.4463412463665,0,"[""/usr/bin/python3"", ""/home/arjaiswal/Polygeist/scripts/correctness/kernel_match_rewrite.py"", ""/home/arjaiswal/Polygeist/issues/aten_c_kernels/results/aten_trunc/debuf.mlir"", ""--dry-run"", ""--matcher-mode"", ""egglog"", ""--telemetry-json"", ""/home/arjaiswal/Polygeist/issues/equality_saturation_eval/campaign_20260908/aten-aten_trunc-egglog-apjmicuh.json"", ""--disable-semantic-fallback""]","== match report for /home/arjaiswal/Polygeist/issues/aten_c_kernels/results/aten_trunc/debuf.mlir ==
  match          body#[0]  cudnnPointwiseGraph_f32
  total: 1 matched / 1 bodies
",0,[],0,0,0,0,/home/arjaiswal/Polygeist/issues/aten_c_kernels/results/aten_trunc/debuf.mlir,1872,8,1,1,439.2734095454216,0,65624,0.0,0,0,0,0,"[{""body_indices"": [0], ""symbol"": ""cudnnPointwiseGraph_f32""}]",1,0,0,0.0,56
aten,aten_trunc,/home/arjaiswal/Polygeist/issues/aten_c_kernels/results/aten_trunc/debuf.mlir,bbb239d1f62d915cde6645d243bd7eaa9f362caa80847792dd74d19813aa68d6,syntactic,5,ok,0,1027.0150862634182,0,"[""/usr/bin/python3"", ""/home/arjaiswal/Polygeist/scripts/correctness/kernel_match_rewrite.py"", ""/home/arjaiswal/Polygeist/issues/aten_c_kernels/results/aten_trunc/debuf.mlir"", ""--dry-run"", ""--matcher-mode"", ""syntactic"", ""--telemetry-json"", ""/home/arjaiswal/Polygeist/issues/equality_saturation_eval/campaign_20260908/aten-aten_trunc-syntactic-z6pihxs3.json"", ""--disable-semantic-fallback""]","== match report for /home/arjaiswal/Polygeist/issues/aten_c_kernels/results/aten_trunc/debuf.mlir ==
  match          body#[0]  cudnnPointwiseGraph_f32
  total: 1 matched / 1 bodies
",0,[],0,0,0,0,/home/arjaiswal/Polygeist/issues/aten_c_kernels/results/aten_trunc/debuf.mlir,1872,0,1,1,580.3831517696381,0,65868,0.22326037287712097,0,0,0,0,"[{""body_indices"": [0], ""symbol"": ""cudnnPointwiseGraph_f32""}]",1,0,56,0.0,56
aten,aten_unbind_copy_cpu,/home/arjaiswal/Polygeist/issues/aten_c_kernels/results/aten_unbind_copy_cpu/debuf.mlir,7ad6620f35d49da1b32da88a37743ef911da18df8be3de449300fee80218aba3,syntactic,1,ok,0,814.9589151144028,0,"[""/usr/bin/python3"", ""/home/arjaiswal/Polygeist/scripts/correctness/kernel_match_rewrite.py"", ""/home/arjaiswal/Polygeist/issues/aten_c_kernels/results/aten_unbind_copy_cpu/debuf.mlir"", ""--dry-run"", ""--matcher-mode"", ""syntactic"", ""--telemetry-json"", ""/home/arjaiswal/Polygeist/issues/equality_saturation_eval/campaign_20260908/aten-aten_unbind_copy_cpu-syntactic-awkpsjar.json"", ""--disable-semantic-fallback""]","== match report for /home/arjaiswal/Polygeist/issues/aten_c_kernels/results/aten_unbind_copy_cpu/debuf.mlir ==
  match          body#[0]  cudaCopy2D_f32_tensor
  total: 1 matched / 1 bodies
",0,[],0,0,0,0,/home/arjaiswal/Polygeist/issues/aten_c_kernels/results/aten_unbind_copy_cpu/debuf.mlir,2245,0,1,1,379.2693018913269,0,65684,0.11637434363365173,0,2,0,0,"[{""body_indices"": [0], ""symbol"": ""cudaCopy2D_f32_tensor""}]",1,0,50,0.0,50
aten,aten_unbind_copy_cpu,/home/arjaiswal/Polygeist/issues/aten_c_kernels/results/aten_unbind_copy_cpu/debuf.mlir,7ad6620f35d49da1b32da88a37743ef911da18df8be3de449300fee80218aba3,egglog,1,ok,0,836.5418203175068,0,"[""/usr/bin/python3"", ""/home/arjaiswal/Polygeist/scripts/correctness/kernel_match_rewrite.py"", ""/home/arjaiswal/Polygeist/issues/aten_c_kernels/results/aten_unbind_copy_cpu/debuf.mlir"", ""--dry-run"", ""--matcher-mode"", ""egglog"", ""--telemetry-json"", ""/home/arjaiswal/Polygeist/issues/equality_saturation_eval/campaign_20260908/aten-aten_unbind_copy_cpu-egglog-jq9g89_d.json"", ""--disable-semantic-fallback""]","== match report for /home/arjaiswal/Polygeist/issues/aten_c_kernels/results/aten_unbind_copy_cpu/debuf.mlir ==
  match          body#[0]  cudaCopy2D_f32_tensor
  total: 1 matched / 1 bodies
",0,[],0,0,0,0,/home/arjaiswal/Polygeist/issues/aten_c_kernels/results/aten_unbind_copy_cpu/debuf.mlir,2245,8,1,1,399.2295265197754,0,69776,21.505676209926605,2,2,0,0,"[{""body_indices"": [0], ""symbol"": ""cudaCopy2D_f32_tensor""}]",1,0,0,0.0,50
aten,aten_unbind_copy_cpu,/home/arjaiswal/Polygeist/issues/aten_c_kernels/results/aten_unbind_copy_cpu/debuf.mlir,7ad6620f35d49da1b32da88a37743ef911da18df8be3de449300fee80218aba3,egglog,2,ok,0,814.677994698286,0,"[""/usr/bin/python3"", ""/home/arjaiswal/Polygeist/scripts/correctness/kernel_match_rewrite.py"", ""/home/arjaiswal/Polygeist/issues/aten_c_kernels/results/aten_unbind_copy_cpu/debuf.mlir"", ""--dry-run"", ""--matcher-mode"", ""egglog"", ""--telemetry-json"", ""/home/arjaiswal/Polygeist/issues/equality_saturation_eval/campaign_20260908/aten-aten_unbind_copy_cpu-egglog-iw4lx5ng.json"", ""--disable-semantic-fallback""]","== match report for /home/arjaiswal/Polygeist/issues/aten_c_kernels/results/aten_unbind_copy_cpu/debuf.mlir ==
  match          body#[0]  cudaCopy2D_f32_tensor
  total: 1 matched / 1 bodies
",0,[],0,0,0,0,/home/arjaiswal/Polygeist/issues/aten_c_kernels/results/aten_unbind_copy_cpu/debuf.mlir,2245,8,1,1,394.5952542126179,0,69764,21.330125629901886,2,2,0,0,"[{""body_indices"": [0], ""symbol"": ""cudaCopy2D_f32_tensor""}]",1,0,0,0.0,50
aten,aten_unbind_copy_cpu,/home/arjaiswal/Polygeist/issues/aten_c_kernels/results/aten_unbind_copy_cpu/debuf.mlir,7ad6620f35d49da1b32da88a37743ef911da18df8be3de449300fee80218aba3,syntactic,2,ok,0,813.3717067539692,0,"[""/usr/bin/python3"", ""/home/arjaiswal/Polygeist/scripts/correctness/kernel_match_rewrite.py"", ""/home/arjaiswal/Polygeist/issues/aten_c_kernels/results/aten_unbind_copy_cpu/debuf.mlir"", ""--dry-run"", ""--matcher-mode"", ""syntactic"", ""--telemetry-json"", ""/home/arjaiswal/Polygeist/issues/equality_saturation_eval/campaign_20260908/aten-aten_unbind_copy_cpu-syntactic-5grvldjq.json"", ""--disable-semantic-fallback""]","== match report for /home/arjaiswal/Polygeist/issues/aten_c_kernels/results/aten_unbind_copy_cpu/debuf.mlir ==
  match          body#[0]  cudaCopy2D_f32_tensor
  total: 1 matched / 1 bodies
",0,[],0,0,0,0,/home/arjaiswal/Polygeist/issues/aten_c_kernels/results/aten_unbind_copy_cpu/debuf.mlir,2245,0,1,1,385.8015537261963,0,65880,0.11793151497840881,0,2,0,0,"[{""body_indices"": [0], ""symbol"": ""cudaCopy2D_f32_tensor""}]",1,0,50,0.0,50
aten,aten_unbind_copy_cpu,/home/arjaiswal/Polygeist/issues/aten_c_kernels/results/aten_unbind_copy_cpu/debuf.mlir,7ad6620f35d49da1b32da88a37743ef911da18df8be3de449300fee80218aba3,syntactic,3,ok,0,786.5188643336296,0,"[""/usr/bin/python3"", ""/home/arjaiswal/Polygeist/scripts/correctness/kernel_match_rewrite.py"", ""/home/arjaiswal/Polygeist/issues/aten_c_kernels/results/aten_unbind_copy_cpu/debuf.mlir"", ""--dry-run"", ""--matcher-mode"", ""syntactic"", ""--telemetry-json"", ""/home/arjaiswal/Polygeist/issues/equality_saturation_eval/campaign_20260908/aten-aten_unbind_copy_cpu-syntactic-aymrem5u.json"", ""--disable-semantic-fallback""]","== match report for /home/arjaiswal/Polygeist/issues/aten_c_kernels/results/aten_unbind_copy_cpu/debuf.mlir ==
  match          body#[0]  cudaCopy2D_f32_tensor
  total: 1 matched / 1 bodies
",0,[],0,0,0,0,/home/arjaiswal/Polygeist/issues/aten_c_kernels/results/aten_unbind_copy_cpu/debuf.mlir,2245,0,1,1,365.47279357910156,0,65704,0.13841688632965088,0,2,0,0,"[{""body_indices"": [0], ""symbol"": ""cudaCopy2D_f32_tensor""}]",1,0,50,0.0,50
aten,aten_unbind_copy_cpu,/home/arjaiswal/Polygeist/issues/aten_c_kernels/results/aten_unbind_copy_cpu/debuf.mlir,7ad6620f35d49da1b32da88a37743ef911da18df8be3de449300fee80218aba3,egglog,3,ok,0,809.2068918049335,0,"[""/usr/bin/python3"", ""/home/arjaiswal/Polygeist/scripts/correctness/kernel_match_rewrite.py"", ""/home/arjaiswal/Polygeist/issues/aten_c_kernels/results/aten_unbind_copy_cpu/debuf.mlir"", ""--dry-run"", ""--matcher-mode"", ""egglog"", ""--telemetry-json"", ""/home/arjaiswal/Polygeist/issues/equality_saturation_eval/campaign_20260908/aten-aten_unbind_copy_cpu-egglog-sffs1a_8.json"", ""--disable-semantic-fallback""]","== match report for /home/arjaiswal/Polygeist/issues/aten_c_kernels/results/aten_unbind_copy_cpu/debuf.mlir ==
  match          body#[0]  cudaCopy2D_f32_tensor
  total: 1 matched / 1 bodies
",0,[],0,0,0,0,/home/arjaiswal/Polygeist/issues/aten_c_kernels/results/aten_unbind_copy_cpu/debuf.mlir,2245,8,1,1,398.25141429901123,0,69844,21.586745977401733,2,2,0,0,"[{""body_indices"": [0], ""symbol"": ""cudaCopy2D_f32_tensor""}]",1,0,0,0.0,50
aten,aten_unbind_copy_cpu,/home/arjaiswal/Polygeist/issues/aten_c_kernels/results/aten_unbind_copy_cpu/debuf.mlir,7ad6620f35d49da1b32da88a37743ef911da18df8be3de449300fee80218aba3,egglog,4,ok,0,827.7795203030109,0,"[""/usr/bin/python3"", ""/home/arjaiswal/Polygeist/scripts/correctness/kernel_match_rewrite.py"", ""/home/arjaiswal/Polygeist/issues/aten_c_kernels/results/aten_unbind_copy_cpu/debuf.mlir"", ""--dry-run"", ""--matcher-mode"", ""egglog"", ""--telemetry-json"", ""/home/arjaiswal/Polygeist/issues/equality_saturation_eval/campaign_20260908/aten-aten_unbind_copy_cpu-egglog-8v55m30n.json"", ""--disable-semantic-fallback""]","== match report for /home/arjaiswal/Polygeist/issues/aten_c_kernels/results/aten_unbind_copy_cpu/debuf.mlir ==
  match          body#[0]  cudaCopy2D_f32_tensor
  total: 1 matched / 1 bodies
",0,[],0,0,0,0,/home/arjaiswal/Polygeist/issues/aten_c_kernels/results/aten_unbind_copy_cpu/debuf.mlir,2245,8,1,1,410.9401926398277,0,69656,21.83825522661209,2,2,0,0,"[{""body_indices"": [0], ""symbol"": ""cudaCopy2D_f32_tensor""}]",1,0,0,0.0,50
aten,aten_unbind_copy_cpu,/home/arjaiswal/Polygeist/issues/aten_c_kernels/results/aten_unbind_copy_cpu/debuf.mlir,7ad6620f35d49da1b32da88a37743ef911da18df8be3de449300fee80218aba3,syntactic,4,ok,0,820.8277709782124,0,"[""/usr/bin/python3"", ""/home/arjaiswal/Polygeist/scripts/correctness/kernel_match_rewrite.py"", ""/home/arjaiswal/Polygeist/issues/aten_c_kernels/results/aten_unbind_copy_cpu/debuf.mlir"", ""--dry-run"", ""--matcher-mode"", ""syntactic"", ""--telemetry-json"", ""/home/arjaiswal/Polygeist/issues/equality_saturation_eval/campaign_20260908/aten-aten_unbind_copy_cpu-syntactic-euxs0wde.json"", ""--disable-semantic-fallback""]","== match report for /home/arjaiswal/Polygeist/issues/aten_c_kernels/results/aten_unbind_copy_cpu/debuf.mlir ==
  match          body#[0]  cudaCopy2D_f32_tensor
  total: 1 matched / 1 bodies
",0,[],0,0,0,0,/home/arjaiswal/Polygeist/issues/aten_c_kernels/results/aten_unbind_copy_cpu/debuf.mlir,2245,0,1,1,388.72480019927025,0,65508,0.10887160897254944,0,2,0,0,"[{""body_indices"": [0], ""symbol"": ""cudaCopy2D_f32_tensor""}]",1,0,50,0.0,50
aten,aten_unbind_copy_cpu,/home/arjaiswal/Polygeist/issues/aten_c_kernels/results/aten_unbind_copy_cpu/debuf.mlir,7ad6620f35d49da1b32da88a37743ef911da18df8be3de449300fee80218aba3,syntactic,5,ok,0,823.682501912117,0,"[""/usr/bin/python3"", ""/home/arjaiswal/Polygeist/scripts/correctness/kernel_match_rewrite.py"", ""/home/arjaiswal/Polygeist/issues/aten_c_kernels/results/aten_unbind_copy_cpu/debuf.mlir"", ""--dry-run"", ""--matcher-mode"", ""syntactic"", ""--telemetry-json"", ""/home/arjaiswal/Polygeist/issues/equality_saturation_eval/campaign_20260908/aten-aten_unbind_copy_cpu-syntactic-q6heto29.json"", ""--disable-semantic-fallback""]","== match report for /home/arjaiswal/Polygeist/issues/aten_c_kernels/results/aten_unbind_copy_cpu/debuf.mlir ==
  match          body#[0]  cudaCopy2D_f32_tensor
  total: 1 matched / 1 bodies
",0,[],0,0,0,0,/home/arjaiswal/Polygeist/issues/aten_c_kernels/results/aten_unbind_copy_cpu/debuf.mlir,2245,0,1,1,392.2169357538223,0,65796,0.13317912817001343,0,2,0,0,"[{""body_indices"": [0], ""symbol"": ""cudaCopy2D_f32_tensor""}]",1,0,50,0.0,50
aten,aten_unbind_copy_cpu,/home/arjaiswal/Polygeist/issues/aten_c_kernels/results/aten_unbind_copy_cpu/debuf.mlir,7ad6620f35d49da1b32da88a37743ef911da18df8be3de449300fee80218aba3,egglog,5,ok,0,847.8786498308182,0,"[""/usr/bin/python3"", ""/home/arjaiswal/Polygeist/scripts/correctness/kernel_match_rewrite.py"", ""/home/arjaiswal/Polygeist/issues/aten_c_kernels/results/aten_unbind_copy_cpu/debuf.mlir"", ""--dry-run"", ""--matcher-mode"", ""egglog"", ""--telemetry-json"", ""/home/arjaiswal/Polygeist/issues/equality_saturation_eval/campaign_20260908/aten-aten_unbind_copy_cpu-egglog-onrbn5oy.json"", ""--disable-semantic-fallback""]","== match report for /home/arjaiswal/Polygeist/issues/aten_c_kernels/results/aten_unbind_copy_cpu/debuf.mlir ==
  match          body#[0]  cudaCopy2D_f32_tensor
  total: 1 matched / 1 bodies
",0,[],0,0,0,0,/home/arjaiswal/Polygeist/issues/aten_c_kernels/results/aten_unbind_copy_cpu/debuf.mlir,2245,8,1,1,418.64248365163803,0,69732,21.8910351395607,2,2,0,0,"[{""body_indices"": [0], ""symbol"": ""cudaCopy2D_f32_tensor""}]",1,0,0,0.0,50
aten,aten_unfold3d_acc_cpu,/home/arjaiswal/Polygeist/issues/aten_c_kernels/results/aten_unfold3d_acc_cpu/debuf.mlir,86758066d19868a69a64e921cf82dc4df07609bed355a7ae0f2991975dbd9619,egglog,1,ok,0,696.781300008297,0,"[""/usr/bin/python3"", ""/home/arjaiswal/Polygeist/scripts/correctness/kernel_match_rewrite.py"", ""/home/arjaiswal/Polygeist/issues/aten_c_kernels/results/aten_unfold3d_acc_cpu/debuf.mlir"", ""--dry-run"", ""--matcher-mode"", ""egglog"", ""--telemetry-json"", ""/home/arjaiswal/Polygeist/issues/equality_saturation_eval/campaign_20260908/aten-aten_unfold3d_acc_cpu-egglog-xdjeru1p.json"", ""--disable-semantic-fallback""]","== match report for /home/arjaiswal/Polygeist/issues/aten_c_kernels/results/aten_unfold3d_acc_cpu/debuf.mlir ==
  no_match       body#0  ?
  total: 0 matched / 1 bodies
",0,[],0,0,0,0,/home/arjaiswal/Polygeist/issues/aten_c_kernels/results/aten_unfold3d_acc_cpu/debuf.mlir,2725,8,1,0,275.7227197289467,1,64616,0.0,0,0,0,0,[],0,0,0,0.0,0
aten,aten_unfold3d_acc_cpu,/home/arjaiswal/Polygeist/issues/aten_c_kernels/results/aten_unfold3d_acc_cpu/debuf.mlir,86758066d19868a69a64e921cf82dc4df07609bed355a7ae0f2991975dbd9619,syntactic,1,ok,0,705.6950405240059,0,"[""/usr/bin/python3"", ""/home/arjaiswal/Polygeist/scripts/correctness/kernel_match_rewrite.py"", ""/home/arjaiswal/Polygeist/issues/aten_c_kernels/results/aten_unfold3d_acc_cpu/debuf.mlir"", ""--dry-run"", ""--matcher-mode"", ""syntactic"", ""--telemetry-json"", ""/home/arjaiswal/Polygeist/issues/equality_saturation_eval/campaign_20260908/aten-aten_unfold3d_acc_cpu-syntactic-5h2tgrm7.json"", ""--disable-semantic-fallback""]","== match report for /home/arjaiswal/Polygeist/issues/aten_c_kernels/results/aten_unfold3d_acc_cpu/debuf.mlir ==
  no_match       body#0  ?
  total: 0 matched / 1 bodies
",0,[],0,0,0,0,/home/arjaiswal/Polygeist/issues/aten_c_kernels/results/aten_unfold3d_acc_cpu/debuf.mlir,2725,0,1,0,279.30427715182304,1,64920,0.0,0,0,0,0,[],0,0,0,0.0,0
aten,aten_unfold3d_acc_cpu,/home/arjaiswal/Polygeist/issues/aten_c_kernels/results/aten_unfold3d_acc_cpu/debuf.mlir,86758066d19868a69a64e921cf82dc4df07609bed355a7ae0f2991975dbd9619,syntactic,2,ok,0,725.7056050002575,0,"[""/usr/bin/python3"", ""/home/arjaiswal/Polygeist/scripts/correctness/kernel_match_rewrite.py"", ""/home/arjaiswal/Polygeist/issues/aten_c_kernels/results/aten_unfold3d_acc_cpu/debuf.mlir"", ""--dry-run"", ""--matcher-mode"", ""syntactic"", ""--telemetry-json"", ""/home/arjaiswal/Polygeist/issues/equality_saturation_eval/campaign_20260908/aten-aten_unfold3d_acc_cpu-syntactic-guls62_x.json"", ""--disable-semantic-fallback""]","== match report for /home/arjaiswal/Polygeist/issues/aten_c_kernels/results/aten_unfold3d_acc_cpu/debuf.mlir ==
  no_match       body#0  ?
  total: 0 matched / 1 bodies
",0,[],0,0,0,0,/home/arjaiswal/Polygeist/issues/aten_c_kernels/results/aten_unfold3d_acc_cpu/debuf.mlir,2725,0,1,0,293.1327894330025,1,64724,0.0,0,0,0,0,[],0,0,0,0.0,0
aten,aten_unfold3d_acc_cpu,/home/arjaiswal/Polygeist/issues/aten_c_kernels/results/aten_unfold3d_acc_cpu/debuf.mlir,86758066d19868a69a64e921cf82dc4df07609bed355a7ae0f2991975dbd9619,egglog,2,ok,0,698.1866098940372,0,"[""/usr/bin/python3"", ""/home/arjaiswal/Polygeist/scripts/correctness/kernel_match_rewrite.py"", ""/home/arjaiswal/Polygeist/issues/aten_c_kernels/results/aten_unfold3d_acc_cpu/debuf.mlir"", ""--dry-run"", ""--matcher-mode"", ""egglog"", ""--telemetry-json"", ""/home/arjaiswal/Polygeist/issues/equality_saturation_eval/campaign_20260908/aten-aten_unfold3d_acc_cpu-egglog-oeop5286.json"", ""--disable-semantic-fallback""]","== match report for /home/arjaiswal/Polygeist/issues/aten_c_kernels/results/aten_unfold3d_acc_cpu/debuf.mlir ==
  no_match       body#0  ?
  total: 0 matched / 1 bodies
",0,[],0,0,0,0,/home/arjaiswal/Polygeist/issues/aten_c_kernels/results/aten_unfold3d_acc_cpu/debuf.mlir,2725,8,1,0,270.8956375718117,1,64560,0.0,0,0,0,0,[],0,0,0,0.0,0
aten,aten_unfold3d_acc_cpu,/home/arjaiswal/Polygeist/issues/aten_c_kernels/results/aten_unfold3d_acc_cpu/debuf.mlir,86758066d19868a69a64e921cf82dc4df07609bed355a7ae0f2991975dbd9619,egglog,3,ok,0,693.4011317789555,0,"[""/usr/bin/python3"", ""/home/arjaiswal/Polygeist/scripts/correctness/kernel_match_rewrite.py"", ""/home/arjaiswal/Polygeist/issues/aten_c_kernels/results/aten_unfold3d_acc_cpu/debuf.mlir"", ""--dry-run"", ""--matcher-mode"", ""egglog"", ""--telemetry-json"", ""/home/arjaiswal/Polygeist/issues/equality_saturation_eval/campaign_20260908/aten-aten_unfold3d_acc_cpu-egglog-kyr2_yrf.json"", ""--disable-semantic-fallback""]","== match report for /home/arjaiswal/Polygeist/issues/aten_c_kernels/results/aten_unfold3d_acc_cpu/debuf.mlir ==
  no_match       body#0  ?
  total: 0 matched / 1 bodies
",0,[],0,0,0,0,/home/arjaiswal/Polygeist/issues/aten_c_kernels/results/aten_unfold3d_acc_cpu/debuf.mlir,2725,8,1,0,277.4580903351307,1,64824,0.0,0,0,0,0,[],0,0,0,0.0,0
aten,aten_unfold3d_acc_cpu,/home/arjaiswal/Polygeist/issues/aten_c_kernels/results/aten_unfold3d_acc_cpu/debuf.mlir,86758066d19868a69a64e921cf82dc4df07609bed355a7ae0f2991975dbd9619,syntactic,3,ok,0,680.8770075440407,0,"[""/usr/bin/python3"", ""/home/arjaiswal/Polygeist/scripts/correctness/kernel_match_rewrite.py"", ""/home/arjaiswal/Polygeist/issues/aten_c_kernels/results/aten_unfold3d_acc_cpu/debuf.mlir"", ""--dry-run"", ""--matcher-mode"", ""syntactic"", ""--telemetry-json"", ""/home/arjaiswal/Polygeist/issues/equality_saturation_eval/campaign_20260908/aten-aten_unfold3d_acc_cpu-syntactic-hcmya7qv.json"", ""--disable-semantic-fallback""]","== match report for /home/arjaiswal/Polygeist/issues/aten_c_kernels/results/aten_unfold3d_acc_cpu/debuf.mlir ==
  no_match       body#0  ?
  total: 0 matched / 1 bodies
",0,[],0,0,0,0,/home/arjaiswal/Polygeist/issues/aten_c_kernels/results/aten_unfold3d_acc_cpu/debuf.mlir,2725,0,1,0,258.46800208091736,1,64900,0.0,0,0,0,0,[],0,0,0,0.0,0
aten,aten_unfold3d_acc_cpu,/home/arjaiswal/Polygeist/issues/aten_c_kernels/results/aten_unfold3d_acc_cpu/debuf.mlir,86758066d19868a69a64e921cf82dc4df07609bed355a7ae0f2991975dbd9619,syntactic,4,ok,0,697.2250044345856,0,"[""/usr/bin/python3"", ""/home/arjaiswal/Polygeist/scripts/correctness/kernel_match_rewrite.py"", ""/home/arjaiswal/Polygeist/issues/aten_c_kernels/results/aten_unfold3d_acc_cpu/debuf.mlir"", ""--dry-run"", ""--matcher-mode"", ""syntactic"", ""--telemetry-json"", ""/home/arjaiswal/Polygeist/issues/equality_saturation_eval/campaign_20260908/aten-aten_unfold3d_acc_cpu-syntactic-s4eua4_z.json"", ""--disable-semantic-fallback""]","== match report for /home/arjaiswal/Polygeist/issues/aten_c_kernels/results/aten_unfold3d_acc_cpu/debuf.mlir ==
  no_match       body#0  ?
  total: 0 matched / 1 bodies
",0,[],0,0,0,0,/home/arjaiswal/Polygeist/issues/aten_c_kernels/results/aten_unfold3d_acc_cpu/debuf.mlir,2725,0,1,0,271.4485339820385,1,64712,0.0,0,0,0,0,[],0,0,0,0.0,0
aten,aten_unfold3d_acc_cpu,/home/arjaiswal/Polygeist/issues/aten_c_kernels/results/aten_unfold3d_acc_cpu/debuf.mlir,86758066d19868a69a64e921cf82dc4df07609bed355a7ae0f2991975dbd9619,egglog,4,ok,0,716.4265289902687,0,"[""/usr/bin/python3"", ""/home/arjaiswal/Polygeist/scripts/correctness/kernel_match_rewrite.py"", ""/home/arjaiswal/Polygeist/issues/aten_c_kernels/results/aten_unfold3d_acc_cpu/debuf.mlir"", ""--dry-run"", ""--matcher-mode"", ""egglog"", ""--telemetry-json"", ""/home/arjaiswal/Polygeist/issues/equality_saturation_eval/campaign_20260908/aten-aten_unfold3d_acc_cpu-egglog-9x3s8jc5.json"", ""--disable-semantic-fallback""]","== match report for /home/arjaiswal/Polygeist/issues/aten_c_kernels/results/aten_unfold3d_acc_cpu/debuf.mlir ==
  no_match       body#0  ?
  total: 0 matched / 1 bodies
",0,[],0,0,0,0,/home/arjaiswal/Polygeist/issues/aten_c_kernels/results/aten_unfold3d_acc_cpu/debuf.mlir,2725,8,1,0,287.0221212506294,1,64768,0.0,0,0,0,0,[],0,0,0,0.0,0
aten,aten_unfold3d_acc_cpu,/home/arjaiswal/Polygeist/issues/aten_c_kernels/results/aten_unfold3d_acc_cpu/debuf.mlir,86758066d19868a69a64e921cf82dc4df07609bed355a7ae0f2991975dbd9619,egglog,5,ok,0,714.7279605269432,0,"[""/usr/bin/python3"", ""/home/arjaiswal/Polygeist/scripts/correctness/kernel_match_rewrite.py"", ""/home/arjaiswal/Polygeist/issues/aten_c_kernels/results/aten_unfold3d_acc_cpu/debuf.mlir"", ""--dry-run"", ""--matcher-mode"", ""egglog"", ""--telemetry-json"", ""/home/arjaiswal/Polygeist/issues/equality_saturation_eval/campaign_20260908/aten-aten_unfold3d_acc_cpu-egglog-vwbdqd02.json"", ""--disable-semantic-fallback""]","== match report for /home/arjaiswal/Polygeist/issues/aten_c_kernels/results/aten_unfold3d_acc_cpu/debuf.mlir ==
  no_match       body#0  ?
  total: 0 matched / 1 bodies
",0,[],0,0,0,0,/home/arjaiswal/Polygeist/issues/aten_c_kernels/results/aten_unfold3d_acc_cpu/debuf.mlir,2725,8,1,0,274.6848575770855,1,64724,0.0,0,0,0,0,[],0,0,0,0.0,0
aten,aten_unfold3d_acc_cpu,/home/arjaiswal/Polygeist/issues/aten_c_kernels/results/aten_unfold3d_acc_cpu/debuf.mlir,86758066d19868a69a64e921cf82dc4df07609bed355a7ae0f2991975dbd9619,syntactic,5,ok,0,705.8291099965572,0,"[""/usr/bin/python3"", ""/home/arjaiswal/Polygeist/scripts/correctness/kernel_match_rewrite.py"", ""/home/arjaiswal/Polygeist/issues/aten_c_kernels/results/aten_unfold3d_acc_cpu/debuf.mlir"", ""--dry-run"", ""--matcher-mode"", ""syntactic"", ""--telemetry-json"", ""/home/arjaiswal/Polygeist/issues/equality_saturation_eval/campaign_20260908/aten-aten_unfold3d_acc_cpu-syntactic-wskvzn67.json"", ""--disable-semantic-fallback""]","== match report for /home/arjaiswal/Polygeist/issues/aten_c_kernels/results/aten_unfold3d_acc_cpu/debuf.mlir ==
  no_match       body#0  ?
  total: 0 matched / 1 bodies
",0,[],0,0,0,0,/home/arjaiswal/Polygeist/issues/aten_c_kernels/results/aten_unfold3d_acc_cpu/debuf.mlir,2725,0,1,0,275.70808306336403,1,64552,0.0,0,0,0,0,[],0,0,0,0.0,0
aten,aten_unfold3d_copy_cpu,/home/arjaiswal/Polygeist/issues/aten_c_kernels/results/aten_unfold3d_copy_cpu/debuf.mlir,5c4ea9275e0d686722a771e7e991e3c7099998cc17ffc1da0652cb2d394f9ef4,syntactic,1,ok,0,946.897279471159,0,"[""/usr/bin/python3"", ""/home/arjaiswal/Polygeist/scripts/correctness/kernel_match_rewrite.py"", ""/home/arjaiswal/Polygeist/issues/aten_c_kernels/results/aten_unfold3d_copy_cpu/debuf.mlir"", ""--dry-run"", ""--matcher-mode"", ""syntactic"", ""--telemetry-json"", ""/home/arjaiswal/Polygeist/issues/equality_saturation_eval/campaign_20260908/aten-aten_unfold3d_copy_cpu-syntactic-rwxwgicb.json"", ""--disable-semantic-fallback""]","== match report for /home/arjaiswal/Polygeist/issues/aten_c_kernels/results/aten_unfold3d_copy_cpu/debuf.mlir ==
  copy_layout_reject body#0  cublasDcopy_tensor
  total: 0 matched / 1 bodies
",0,[],0,0,0,0,/home/arjaiswal/Polygeist/issues/aten_c_kernels/results/aten_unfold3d_copy_cpu/debuf.mlir,2899,0,1,0,396.91630005836487,0,65620,0.1160651445388794,0,2,0,0,[],0,0,50,0.0,50
aten,aten_unfold3d_copy_cpu,/home/arjaiswal/Polygeist/issues/aten_c_kernels/results/aten_unfold3d_copy_cpu/debuf.mlir,5c4ea9275e0d686722a771e7e991e3c7099998cc17ffc1da0652cb2d394f9ef4,egglog,1,ok,0,898.1598429381847,0,"[""/usr/bin/python3"", ""/home/arjaiswal/Polygeist/scripts/correctness/kernel_match_rewrite.py"", ""/home/arjaiswal/Polygeist/issues/aten_c_kernels/results/aten_unfold3d_copy_cpu/debuf.mlir"", ""--dry-run"", ""--matcher-mode"", ""egglog"", ""--telemetry-json"", ""/home/arjaiswal/Polygeist/issues/equality_saturation_eval/campaign_20260908/aten-aten_unfold3d_copy_cpu-egglog-mytjnr36.json"", ""--disable-semantic-fallback""]","== match report for /home/arjaiswal/Polygeist/issues/aten_c_kernels/results/aten_unfold3d_copy_cpu/debuf.mlir ==
  copy_layout_reject body#0  cublasDcopy_tensor
  total: 0 matched / 1 bodies
",0,[],0,0,0,0,/home/arjaiswal/Polygeist/issues/aten_c_kernels/results/aten_unfold3d_copy_cpu/debuf.mlir,2899,8,1,0,428.00794914364815,0,69824,24.0095853805542,2,2,0,0,[],0,0,0,0.0,50
aten,aten_unfold3d_copy_cpu,/home/arjaiswal/Polygeist/issues/aten_c_kernels/results/aten_unfold3d_copy_cpu/debuf.mlir,5c4ea9275e0d686722a771e7e991e3c7099998cc17ffc1da0652cb2d394f9ef4,egglog,2,ok,0,947.2164213657379,0,"[""/usr/bin/python3"", ""/home/arjaiswal/Polygeist/scripts/correctness/kernel_match_rewrite.py"", ""/home/arjaiswal/Polygeist/issues/aten_c_kernels/results/aten_unfold3d_copy_cpu/debuf.mlir"", ""--dry-run"", ""--matcher-mode"", ""egglog"", ""--telemetry-json"", ""/home/arjaiswal/Polygeist/issues/equality_saturation_eval/campaign_20260908/aten-aten_unfold3d_copy_cpu-egglog-5snkg6fd.json"", ""--disable-semantic-fallback""]","== match report for /home/arjaiswal/Polygeist/issues/aten_c_kernels/results/aten_unfold3d_copy_cpu/debuf.mlir ==
  copy_layout_reject body#0  cublasDcopy_tensor
  total: 0 matched / 1 bodies
",0,[],0,0,0,0,/home/arjaiswal/Polygeist/issues/aten_c_kernels/results/aten_unfold3d_copy_cpu/debuf.mlir,2899,8,1,0,465.2390889823437,0,69900,26.53626725077629,2,2,0,0,[],0,0,0,0.0,50
aten,aten_unfold3d_copy_cpu,/home/arjaiswal/Polygeist/issues/aten_c_kernels/results/aten_unfold3d_copy_cpu/debuf.mlir,5c4ea9275e0d686722a771e7e991e3c7099998cc17ffc1da0652cb2d394f9ef4,syntactic,2,ok,0,851.9373312592506,0,"[""/usr/bin/python3"", ""/home/arjaiswal/Polygeist/scripts/correctness/kernel_match_rewrite.py"", ""/home/arjaiswal/Polygeist/issues/aten_c_kernels/results/aten_unfold3d_copy_cpu/debuf.mlir"", ""--dry-run"", ""--matcher-mode"", ""syntactic"", ""--telemetry-json"", ""/home/arjaiswal/Polygeist/issues/equality_saturation_eval/campaign_20260908/aten-aten_unfold3d_copy_cpu-syntactic-g2xdiez7.json"", ""--disable-semantic-fallback""]","== match report for /home/arjaiswal/Polygeist/issues/aten_c_kernels/results/aten_unfold3d_copy_cpu/debuf.mlir ==
  copy_layout_reject body#0  cublasDcopy_tensor
  total: 0 matched / 1 bodies
",0,[],0,0,0,0,/home/arjaiswal/Polygeist/issues/aten_c_kernels/results/aten_unfold3d_copy_cpu/debuf.mlir,2899,0,1,0,410.9143503010273,0,65868,0.12459978461265564,0,2,0,0,[],0,0,50,0.0,50
aten,aten_unfold3d_copy_cpu,/home/arjaiswal/Polygeist/issues/aten_c_kernels/results/aten_unfold3d_copy_cpu/debuf.mlir,5c4ea9275e0d686722a771e7e991e3c7099998cc17ffc1da0652cb2d394f9ef4,syntactic,3,ok,0,854.0754728019238,0,"[""/usr/bin/python3"", ""/home/arjaiswal/Polygeist/scripts/correctness/kernel_match_rewrite.py"", ""/home/arjaiswal/Polygeist/issues/aten_c_kernels/results/aten_unfold3d_copy_cpu/debuf.mlir"", ""--dry-run"", ""--matcher-mode"", ""syntactic"", ""--telemetry-json"", ""/home/arjaiswal/Polygeist/issues/equality_saturation_eval/campaign_20260908/aten-aten_unfold3d_copy_cpu-syntactic-p2u7318t.json"", ""--disable-semantic-fallback""]","== match report for /home/arjaiswal/Polygeist/issues/aten_c_kernels/results/aten_unfold3d_copy_cpu/debuf.mlir ==
  copy_layout_reject body#0  cublasDcopy_tensor
  total: 0 matched / 1 bodies
",0,[],0,0,0,0,/home/arjaiswal/Polygeist/issues/aten_c_kernels/results/aten_unfold3d_copy_cpu/debuf.mlir,2899,0,1,0,397.97383174300194,0,65516,0.14065206050872803,0,2,0,0,[],0,0,50,0.0,50
aten,aten_unfold3d_copy_cpu,/home/arjaiswal/Polygeist/issues/aten_c_kernels/results/aten_unfold3d_copy_cpu/debuf.mlir,5c4ea9275e0d686722a771e7e991e3c7099998cc17ffc1da0652cb2d394f9ef4,egglog,3,ok,0,990.1562817394733,0,"[""/usr/bin/python3"", ""/home/arjaiswal/Polygeist/scripts/correctness/kernel_match_rewrite.py"", ""/home/arjaiswal/Polygeist/issues/aten_c_kernels/results/aten_unfold3d_copy_cpu/debuf.mlir"", ""--dry-run"", ""--matcher-mode"", ""egglog"", ""--telemetry-json"", ""/home/arjaiswal/Polygeist/issues/equality_saturation_eval/campaign_20260908/aten-aten_unfold3d_copy_cpu-egglog-pxr9g1xj.json"", ""--disable-semantic-fallback""]","== match report for /home/arjaiswal/Polygeist/issues/aten_c_kernels/results/aten_unfold3d_copy_cpu/debuf.mlir ==
  copy_layout_reject body#0  cublasDcopy_tensor
  total: 0 matched / 1 bodies
",0,[],0,0,0,0,/home/arjaiswal/Polygeist/issues/aten_c_kernels/results/aten_unfold3d_copy_cpu/debuf.mlir,2899,8,1,0,422.7537512779236,0,69832,24.86112341284752,2,2,0,0,[],0,0,0,0.0,50
aten,aten_unfold3d_copy_cpu,/home/arjaiswal/Polygeist/issues/aten_c_kernels/results/aten_unfold3d_copy_cpu/debuf.mlir,5c4ea9275e0d686722a771e7e991e3c7099998cc17ffc1da0652cb2d394f9ef4,egglog,4,ok,0,833.8223993778229,0,"[""/usr/bin/python3"", ""/home/arjaiswal/Polygeist/scripts/correctness/kernel_match_rewrite.py"", ""/home/arjaiswal/Polygeist/issues/aten_c_kernels/results/aten_unfold3d_copy_cpu/debuf.mlir"", ""--dry-run"", ""--matcher-mode"", ""egglog"", ""--telemetry-json"", ""/home/arjaiswal/Polygeist/issues/equality_saturation_eval/campaign_20260908/aten-aten_unfold3d_copy_cpu-egglog-qpd42fzb.json"", ""--disable-semantic-fallback""]","== match report for /home/arjaiswal/Polygeist/issues/aten_c_kernels/results/aten_unfold3d_copy_cpu/debuf.mlir ==
  copy_layout_reject body#0  cublasDcopy_tensor
  total: 0 matched / 1 bodies
",0,[],0,0,0,0,/home/arjaiswal/Polygeist/issues/aten_c_kernels/results/aten_unfold3d_copy_cpu/debuf.mlir,2899,8,1,0,412.2625142335892,0,69700,21.506480872631073,2,2,0,0,[],0,0,0,0.0,50
aten,aten_unfold3d_copy_cpu,/home/arjaiswal/Polygeist/issues/aten_c_kernels/results/aten_unfold3d_copy_cpu/debuf.mlir,5c4ea9275e0d686722a771e7e991e3c7099998cc17ffc1da0652cb2d394f9ef4,syntactic,4,ok,0,806.7553341388702,0,"[""/usr/bin/python3"", ""/home/arjaiswal/Polygeist/scripts/correctness/kernel_match_rewrite.py"", ""/home/arjaiswal/Polygeist/issues/aten_c_kernels/results/aten_unfold3d_copy_cpu/debuf.mlir"", ""--dry-run"", ""--matcher-mode"", ""syntactic"", ""--telemetry-json"", ""/home/arjaiswal/Polygeist/issues/equality_saturation_eval/campaign_20260908/aten-aten_unfold3d_copy_cpu-syntactic-ka4a0wue.json"", ""--disable-semantic-fallback""]","== match report for /home/arjaiswal/Polygeist/issues/aten_c_kernels/results/aten_unfold3d_copy_cpu/debuf.mlir ==
  copy_layout_reject body#0  cublasDcopy_tensor
  total: 0 matched / 1 bodies
",0,[],0,0,0,0,/home/arjaiswal/Polygeist/issues/aten_c_kernels/results/aten_unfold3d_copy_cpu/debuf.mlir,2899,0,1,0,387.118898332119,0,65768,0.12984499335289001,0,2,0,0,[],0,0,50,0.0,50
aten,aten_unfold3d_copy_cpu,/home/arjaiswal/Polygeist/issues/aten_c_kernels/results/aten_unfold3d_copy_cpu/debuf.mlir,5c4ea9275e0d686722a771e7e991e3c7099998cc17ffc1da0652cb2d394f9ef4,syntactic,5,ok,0,804.3452464044094,0,"[""/usr/bin/python3"", ""/home/arjaiswal/Polygeist/scripts/correctness/kernel_match_rewrite.py"", ""/home/arjaiswal/Polygeist/issues/aten_c_kernels/results/aten_unfold3d_copy_cpu/debuf.mlir"", ""--dry-run"", ""--matcher-mode"", ""syntactic"", ""--telemetry-json"", ""/home/arjaiswal/Polygeist/issues/equality_saturation_eval/campaign_20260908/aten-aten_unfold3d_copy_cpu-syntactic-m2iupbo9.json"", ""--disable-semantic-fallback""]","== match report for /home/arjaiswal/Polygeist/issues/aten_c_kernels/results/aten_unfold3d_copy_cpu/debuf.mlir ==
  copy_layout_reject body#0  cublasDcopy_tensor
  total: 0 matched / 1 bodies
",0,[],0,0,0,0,/home/arjaiswal/Polygeist/issues/aten_c_kernels/results/aten_unfold3d_copy_cpu/debuf.mlir,2899,0,1,0,392.6255404949188,0,65772,0.12114271521568298,0,2,0,0,[],0,0,50,0.0,50
aten,aten_unfold3d_copy_cpu,/home/arjaiswal/Polygeist/issues/aten_c_kernels/results/aten_unfold3d_copy_cpu/debuf.mlir,5c4ea9275e0d686722a771e7e991e3c7099998cc17ffc1da0652cb2d394f9ef4,egglog,5,ok,0,821.456216275692,0,"[""/usr/bin/python3"", ""/home/arjaiswal/Polygeist/scripts/correctness/kernel_match_rewrite.py"", ""/home/arjaiswal/Polygeist/issues/aten_c_kernels/results/aten_unfold3d_copy_cpu/debuf.mlir"", ""--dry-run"", ""--matcher-mode"", ""egglog"", ""--telemetry-json"", ""/home/arjaiswal/Polygeist/issues/equality_saturation_eval/campaign_20260908/aten-aten_unfold3d_copy_cpu-egglog-3ybi0_sf.json"", ""--disable-semantic-fallback""]","== match report for /home/arjaiswal/Polygeist/issues/aten_c_kernels/results/aten_unfold3d_copy_cpu/debuf.mlir ==
  copy_layout_reject body#0  cublasDcopy_tensor
  total: 0 matched / 1 bodies
",0,[],0,0,0,0,/home/arjaiswal/Polygeist/issues/aten_c_kernels/results/aten_unfold3d_copy_cpu/debuf.mlir,2899,8,1,0,412.76273131370544,0,69528,22.365666925907135,2,2,0,0,[],0,0,0,0.0,50
aten,aten_unfold3d_zero_acc_cpu,/home/arjaiswal/Polygeist/issues/aten_c_kernels/results/aten_unfold3d_zero_acc_cpu/debuf.mlir,3fdd677d3d0b856edceb68434af0939d470859231de0688e8e02d4e0536a2d42,egglog,1,ok,0,664.6475978195667,0,"[""/usr/bin/python3"", ""/home/arjaiswal/Polygeist/scripts/correctness/kernel_match_rewrite.py"", ""/home/arjaiswal/Polygeist/issues/aten_c_kernels/results/aten_unfold3d_zero_acc_cpu/debuf.mlir"", ""--dry-run"", ""--matcher-mode"", ""egglog"", ""--telemetry-json"", ""/home/arjaiswal/Polygeist/issues/equality_saturation_eval/campaign_20260908/aten-aten_unfold3d_zero_acc_cpu-egglog-9e0m8qpm.json"", ""--disable-semantic-fallback""]","== match report for /home/arjaiswal/Polygeist/issues/aten_c_kernels/results/aten_unfold3d_zero_acc_cpu/debuf.mlir ==
  total: 0 matched / 0 bodies
",0,[],0,0,0,0,/home/arjaiswal/Polygeist/issues/aten_c_kernels/results/aten_unfold3d_zero_acc_cpu/debuf.mlir,2737,8,0,0,252.4794526398182,0,64584,0.0,0,0,0,0,[],0,0,0,0.0,0
aten,aten_unfold3d_zero_acc_cpu,/home/arjaiswal/Polygeist/issues/aten_c_kernels/results/aten_unfold3d_zero_acc_cpu/debuf.mlir,3fdd677d3d0b856edceb68434af0939d470859231de0688e8e02d4e0536a2d42,syntactic,1,ok,0,672.8782057762146,0,"[""/usr/bin/python3"", ""/home/arjaiswal/Polygeist/scripts/correctness/kernel_match_rewrite.py"", ""/home/arjaiswal/Polygeist/issues/aten_c_kernels/results/aten_unfold3d_zero_acc_cpu/debuf.mlir"", ""--dry-run"", ""--matcher-mode"", ""syntactic"", ""--telemetry-json"", ""/home/arjaiswal/Polygeist/issues/equality_saturation_eval/campaign_20260908/aten-aten_unfold3d_zero_acc_cpu-syntactic-qbtut0br.json"", ""--disable-semantic-fallback""]","== match report for /home/arjaiswal/Polygeist/issues/aten_c_kernels/results/aten_unfold3d_zero_acc_cpu/debuf.mlir ==
  total: 0 matched / 0 bodies
",0,[],0,0,0,0,/home/arjaiswal/Polygeist/issues/aten_c_kernels/results/aten_unfold3d_zero_acc_cpu/debuf.mlir,2737,0,0,0,260.29279455542564,0,64876,0.0,0,0,0,0,[],0,0,0,0.0,0
aten,aten_unfold3d_zero_acc_cpu,/home/arjaiswal/Polygeist/issues/aten_c_kernels/results/aten_unfold3d_zero_acc_cpu/debuf.mlir,3fdd677d3d0b856edceb68434af0939d470859231de0688e8e02d4e0536a2d42,syntactic,2,ok,0,691.2802644073963,0,"[""/usr/bin/python3"", ""/home/arjaiswal/Polygeist/scripts/correctness/kernel_match_rewrite.py"", ""/home/arjaiswal/Polygeist/issues/aten_c_kernels/results/aten_unfold3d_zero_acc_cpu/debuf.mlir"", ""--dry-run"", ""--matcher-mode"", ""syntactic"", ""--telemetry-json"", ""/home/arjaiswal/Polygeist/issues/equality_saturation_eval/campaign_20260908/aten-aten_unfold3d_zero_acc_cpu-syntactic-hjdsuv46.json"", ""--disable-semantic-fallback""]","== match report for /home/arjaiswal/Polygeist/issues/aten_c_kernels/results/aten_unfold3d_zero_acc_cpu/debuf.mlir ==
  total: 0 matched / 0 bodies
",0,[],0,0,0,0,/home/arjaiswal/Polygeist/issues/aten_c_kernels/results/aten_unfold3d_zero_acc_cpu/debuf.mlir,2737,0,0,0,261.12691313028336,0,64844,0.0,0,0,0,0,[],0,0,0,0.0,0
aten,aten_unfold3d_zero_acc_cpu,/home/arjaiswal/Polygeist/issues/aten_c_kernels/results/aten_unfold3d_zero_acc_cpu/debuf.mlir,3fdd677d3d0b856edceb68434af0939d470859231de0688e8e02d4e0536a2d42,egglog,2,ok,0,677.7827776968479,0,"[""/usr/bin/python3"", ""/home/arjaiswal/Polygeist/scripts/correctness/kernel_match_rewrite.py"", ""/home/arjaiswal/Polygeist/issues/aten_c_kernels/results/aten_unfold3d_zero_acc_cpu/debuf.mlir"", ""--dry-run"", ""--matcher-mode"", ""egglog"", ""--telemetry-json"", ""/home/arjaiswal/Polygeist/issues/equality_saturation_eval/campaign_20260908/aten-aten_unfold3d_zero_acc_cpu-egglog-rdgosdxv.json"", ""--disable-semantic-fallback""]","== match report for /home/arjaiswal/Polygeist/issues/aten_c_kernels/results/aten_unfold3d_zero_acc_cpu/debuf.mlir ==
  total: 0 matched / 0 bodies
",0,[],0,0,0,0,/home/arjaiswal/Polygeist/issues/aten_c_kernels/results/aten_unfold3d_zero_acc_cpu/debuf.mlir,2737,8,0,0,257.12716206908226,0,64600,0.0,0,0,0,0,[],0,0,0,0.0,0
aten,aten_unfold3d_zero_acc_cpu,/home/arjaiswal/Polygeist/issues/aten_c_kernels/results/aten_unfold3d_zero_acc_cpu/debuf.mlir,3fdd677d3d0b856edceb68434af0939d470859231de0688e8e02d4e0536a2d42,egglog,3,ok,0,667.7405647933483,0,"[""/usr/bin/python3"", ""/home/arjaiswal/Polygeist/scripts/correctness/kernel_match_rewrite.py"", ""/home/arjaiswal/Polygeist/issues/aten_c_kernels/results/aten_unfold3d_zero_acc_cpu/debuf.mlir"", ""--dry-run"", ""--matcher-mode"", ""egglog"", ""--telemetry-json"", ""/home/arjaiswal/Polygeist/issues/equality_saturation_eval/campaign_20260908/aten-aten_unfold3d_zero_acc_cpu-egglog-c5bcjr7c.json"", ""--disable-semantic-fallback""]","== match report for /home/arjaiswal/Polygeist/issues/aten_c_kernels/results/aten_unfold3d_zero_acc_cpu/debuf.mlir ==
  total: 0 matched / 0 bodies
",0,[],0,0,0,0,/home/arjaiswal/Polygeist/issues/aten_c_kernels/results/aten_unfold3d_zero_acc_cpu/debuf.mlir,2737,8,0,0,257.919579744339,0,64720,0.0,0,0,0,0,[],0,0,0,0.0,0
aten,aten_unfold3d_zero_acc_cpu,/home/arjaiswal/Polygeist/issues/aten_c_kernels/results/aten_unfold3d_zero_acc_cpu/debuf.mlir,3fdd677d3d0b856edceb68434af0939d470859231de0688e8e02d4e0536a2d42,syntactic,3,ok,0,691.172644495964,0,"[""/usr/bin/python3"", ""/home/arjaiswal/Polygeist/scripts/correctness/kernel_match_rewrite.py"", ""/home/arjaiswal/Polygeist/issues/aten_c_kernels/results/aten_unfold3d_zero_acc_cpu/debuf.mlir"", ""--dry-run"", ""--matcher-mode"", ""syntactic"", ""--telemetry-json"", ""/home/arjaiswal/Polygeist/issues/equality_saturation_eval/campaign_20260908/aten-aten_unfold3d_zero_acc_cpu-syntactic-pkwy2lkj.json"", ""--disable-semantic-fallback""]","== match report for /home/arjaiswal/Polygeist/issues/aten_c_kernels/results/aten_unfold3d_zero_acc_cpu/debuf.mlir ==
  total: 0 matched / 0 bodies
",0,[],0,0,0,0,/home/arjaiswal/Polygeist/issues/aten_c_kernels/results/aten_unfold3d_zero_acc_cpu/debuf.mlir,2737,0,0,0,258.45953077077866,0,64896,0.0,0,0,0,0,[],0,0,0,0.0,0
aten,aten_unfold3d_zero_acc_cpu,/home/arjaiswal/Polygeist/issues/aten_c_kernels/results/aten_unfold3d_zero_acc_cpu/debuf.mlir,3fdd677d3d0b856edceb68434af0939d470859231de0688e8e02d4e0536a2d42,syntactic,4,ok,0,685.5468340218067,0,"[""/usr/bin/python3"", ""/home/arjaiswal/Polygeist/scripts/correctness/kernel_match_rewrite.py"", ""/home/arjaiswal/Polygeist/issues/aten_c_kernels/results/aten_unfold3d_zero_acc_cpu/debuf.mlir"", ""--dry-run"", ""--matcher-mode"", ""syntactic"", ""--telemetry-json"", ""/home/arjaiswal/Polygeist/issues/equality_saturation_eval/campaign_20260908/aten-aten_unfold3d_zero_acc_cpu-syntactic-odd1zmgc.json"", ""--disable-semantic-fallback""]","== match report for /home/arjaiswal/Polygeist/issues/aten_c_kernels/results/aten_unfold3d_zero_acc_cpu/debuf.mlir ==
  total: 0 matched / 0 bodies
",0,[],0,0,0,0,/home/arjaiswal/Polygeist/issues/aten_c_kernels/results/aten_unfold3d_zero_acc_cpu/debuf.mlir,2737,0,0,0,260.0085400044918,0,64468,0.0,0,0,0,0,[],0,0,0,0.0,0
aten,aten_unfold3d_zero_acc_cpu,/home/arjaiswal/Polygeist/issues/aten_c_kernels/results/aten_unfold3d_zero_acc_cpu/debuf.mlir,3fdd677d3d0b856edceb68434af0939d470859231de0688e8e02d4e0536a2d42,egglog,4,ok,0,698.7915188074112,0,"[""/usr/bin/python3"", ""/home/arjaiswal/Polygeist/scripts/correctness/kernel_match_rewrite.py"", ""/home/arjaiswal/Polygeist/issues/aten_c_kernels/results/aten_unfold3d_zero_acc_cpu/debuf.mlir"", ""--dry-run"", ""--matcher-mode"", ""egglog"", ""--telemetry-json"", ""/home/arjaiswal/Polygeist/issues/equality_saturation_eval/campaign_20260908/aten-aten_unfold3d_zero_acc_cpu-egglog-t683gxa3.json"", ""--disable-semantic-fallback""]","== match report for /home/arjaiswal/Polygeist/issues/aten_c_kernels/results/aten_unfold3d_zero_acc_cpu/debuf.mlir ==
  total: 0 matched / 0 bodies
",0,[],0,0,0,0,/home/arjaiswal/Polygeist/issues/aten_c_kernels/results/aten_unfold3d_zero_acc_cpu/debuf.mlir,2737,8,0,0,253.04488092660904,0,64572,0.0,0,0,0,0,[],0,0,0,0.0,0
aten,aten_unfold3d_zero_acc_cpu,/home/arjaiswal/Polygeist/issues/aten_c_kernels/results/aten_unfold3d_zero_acc_cpu/debuf.mlir,3fdd677d3d0b856edceb68434af0939d470859231de0688e8e02d4e0536a2d42,egglog,5,ok,0,667.9932028055191,0,"[""/usr/bin/python3"", ""/home/arjaiswal/Polygeist/scripts/correctness/kernel_match_rewrite.py"", ""/home/arjaiswal/Polygeist/issues/aten_c_kernels/results/aten_unfold3d_zero_acc_cpu/debuf.mlir"", ""--dry-run"", ""--matcher-mode"", ""egglog"", ""--telemetry-json"", ""/home/arjaiswal/Polygeist/issues/equality_saturation_eval/campaign_20260908/aten-aten_unfold3d_zero_acc_cpu-egglog-avlegkkh.json"", ""--disable-semantic-fallback""]","== match report for /home/arjaiswal/Polygeist/issues/aten_c_kernels/results/aten_unfold3d_zero_acc_cpu/debuf.mlir ==
  total: 0 matched / 0 bodies
",0,[],0,0,0,0,/home/arjaiswal/Polygeist/issues/aten_c_kernels/results/aten_unfold3d_zero_acc_cpu/debuf.mlir,2737,8,0,0,258.8866837322712,0,64756,0.0,0,0,0,0,[],0,0,0,0.0,0
aten,aten_unfold3d_zero_acc_cpu,/home/arjaiswal/Polygeist/issues/aten_c_kernels/results/aten_unfold3d_zero_acc_cpu/debuf.mlir,3fdd677d3d0b856edceb68434af0939d470859231de0688e8e02d4e0536a2d42,syntactic,5,ok,0,659.2128574848175,0,"[""/usr/bin/python3"", ""/home/arjaiswal/Polygeist/scripts/correctness/kernel_match_rewrite.py"", ""/home/arjaiswal/Polygeist/issues/aten_c_kernels/results/aten_unfold3d_zero_acc_cpu/debuf.mlir"", ""--dry-run"", ""--matcher-mode"", ""syntactic"", ""--telemetry-json"", ""/home/arjaiswal/Polygeist/issues/equality_saturation_eval/campaign_20260908/aten-aten_unfold3d_zero_acc_cpu-syntactic-r_q_l25n.json"", ""--disable-semantic-fallback""]","== match report for /home/arjaiswal/Polygeist/issues/aten_c_kernels/results/aten_unfold3d_zero_acc_cpu/debuf.mlir ==
  total: 0 matched / 0 bodies
",0,[],0,0,0,0,/home/arjaiswal/Polygeist/issues/aten_c_kernels/results/aten_unfold3d_zero_acc_cpu/debuf.mlir,2737,0,0,0,253.3765248954296,0,64520,0.0,0,0,0,0,[],0,0,0,0.0,0
aten,aten_unfold3d_zero_copy_cpu,/home/arjaiswal/Polygeist/issues/aten_c_kernels/results/aten_unfold3d_zero_copy_cpu/debuf.mlir,8e1e6863d0a9d36fc7a87561703a17508f71c983d5a691d125885ae60beef787,syntactic,1,ok,0,1496.2360598146915,0,"[""/usr/bin/python3"", ""/home/arjaiswal/Polygeist/scripts/correctness/kernel_match_rewrite.py"", ""/home/arjaiswal/Polygeist/issues/aten_c_kernels/results/aten_unfold3d_zero_copy_cpu/debuf.mlir"", ""--dry-run"", ""--matcher-mode"", ""syntactic"", ""--telemetry-json"", ""/home/arjaiswal/Polygeist/issues/equality_saturation_eval/campaign_20260908/aten-aten_unfold3d_zero_copy_cpu-syntactic-dv54t9zm.json"", ""--disable-semantic-fallback""]","== match report for /home/arjaiswal/Polygeist/issues/aten_c_kernels/results/aten_unfold3d_zero_copy_cpu/debuf.mlir ==
  no_match       body#0  ?
  total: 0 matched / 1 bodies
",0,[],0,0,0,0,/home/arjaiswal/Polygeist/issues/aten_c_kernels/results/aten_unfold3d_zero_copy_cpu/debuf.mlir,4426,0,1,0,1082.7155895531178,1,67752,0.15848129987716675,0,0,0,0,[],0,0,50,0.0,50
aten,aten_unfold3d_zero_copy_cpu,/home/arjaiswal/Polygeist/issues/aten_c_kernels/results/aten_unfold3d_zero_copy_cpu/debuf.mlir,8e1e6863d0a9d36fc7a87561703a17508f71c983d5a691d125885ae60beef787,egglog,1,ok,0,1505.0522200763226,0,"[""/usr/bin/python3"", ""/home/arjaiswal/Polygeist/scripts/correctness/kernel_match_rewrite.py"", ""/home/arjaiswal/Polygeist/issues/aten_c_kernels/results/aten_unfold3d_zero_copy_cpu/debuf.mlir"", ""--dry-run"", ""--matcher-mode"", ""egglog"", ""--telemetry-json"", ""/home/arjaiswal/Polygeist/issues/equality_saturation_eval/campaign_20260908/aten-aten_unfold3d_zero_copy_cpu-egglog-1xgtwi6t.json"", ""--disable-semantic-fallback""]","== match report for /home/arjaiswal/Polygeist/issues/aten_c_kernels/results/aten_unfold3d_zero_copy_cpu/debuf.mlir ==
  no_match       body#0  ?
  total: 0 matched / 1 bodies
",0,[],0,0,0,0,/home/arjaiswal/Polygeist/issues/aten_c_kernels/results/aten_unfold3d_zero_copy_cpu/debuf.mlir,4426,8,1,0,1084.3664146959782,1,68196,0.0,0,0,0,0,[],0,0,0,0.0,50
aten,aten_unfold3d_zero_copy_cpu,/home/arjaiswal/Polygeist/issues/aten_c_kernels/results/aten_unfold3d_zero_copy_cpu/debuf.mlir,8e1e6863d0a9d36fc7a87561703a17508f71c983d5a691d125885ae60beef787,egglog,2,ok,0,1527.553990483284,0,"[""/usr/bin/python3"", ""/home/arjaiswal/Polygeist/scripts/correctness/kernel_match_rewrite.py"", ""/home/arjaiswal/Polygeist/issues/aten_c_kernels/results/aten_unfold3d_zero_copy_cpu/debuf.mlir"", ""--dry-run"", ""--matcher-mode"", ""egglog"", ""--telemetry-json"", ""/home/arjaiswal/Polygeist/issues/equality_saturation_eval/campaign_20260908/aten-aten_unfold3d_zero_copy_cpu-egglog-nptr6l_0.json"", ""--disable-semantic-fallback""]","== match report for /home/arjaiswal/Polygeist/issues/aten_c_kernels/results/aten_unfold3d_zero_copy_cpu/debuf.mlir ==
  no_match       body#0  ?
  total: 0 matched / 1 bodies
",0,[],0,0,0,0,/home/arjaiswal/Polygeist/issues/aten_c_kernels/results/aten_unfold3d_zero_copy_cpu/debuf.mlir,4426,8,1,0,1117.2159314155579,1,68060,0.0,0,0,0,0,[],0,0,0,0.0,50
aten,aten_unfold3d_zero_copy_cpu,/home/arjaiswal/Polygeist/issues/aten_c_kernels/results/aten_unfold3d_zero_copy_cpu/debuf.mlir,8e1e6863d0a9d36fc7a87561703a17508f71c983d5a691d125885ae60beef787,syntactic,2,ok,0,1526.6554988920689,0,"[""/usr/bin/python3"", ""/home/arjaiswal/Polygeist/scripts/correctness/kernel_match_rewrite.py"", ""/home/arjaiswal/Polygeist/issues/aten_c_kernels/results/aten_unfold3d_zero_copy_cpu/debuf.mlir"", ""--dry-run"", ""--matcher-mode"", ""syntactic"", ""--telemetry-json"", ""/home/arjaiswal/Polygeist/issues/equality_saturation_eval/campaign_20260908/aten-aten_unfold3d_zero_copy_cpu-syntactic-0wqvxs2m.json"", ""--disable-semantic-fallback""]","== match report for /home/arjaiswal/Polygeist/issues/aten_c_kernels/results/aten_unfold3d_zero_copy_cpu/debuf.mlir ==
  no_match       body#0  ?
  total: 0 matched / 1 bodies
",0,[],0,0,0,0,/home/arjaiswal/Polygeist/issues/aten_c_kernels/results/aten_unfold3d_zero_copy_cpu/debuf.mlir,4426,0,1,0,1103.756159543991,1,67812,0.1698620617389679,0,0,0,0,[],0,0,50,0.0,50
aten,aten_unfold3d_zero_copy_cpu,/home/arjaiswal/Polygeist/issues/aten_c_kernels/results/aten_unfold3d_zero_copy_cpu/debuf.mlir,8e1e6863d0a9d36fc7a87561703a17508f71c983d5a691d125885ae60beef787,syntactic,3,ok,0,1466.597717255354,0,"[""/usr/bin/python3"", ""/home/arjaiswal/Polygeist/scripts/correctness/kernel_match_rewrite.py"", ""/home/arjaiswal/Polygeist/issues/aten_c_kernels/results/aten_unfold3d_zero_copy_cpu/debuf.mlir"", ""--dry-run"", ""--matcher-mode"", ""syntactic"", ""--telemetry-json"", ""/home/arjaiswal/Polygeist/issues/equality_saturation_eval/campaign_20260908/aten-aten_unfold3d_zero_copy_cpu-syntactic-cmf0tqgl.json"", ""--disable-semantic-fallback""]","== match report for /home/arjaiswal/Polygeist/issues/aten_c_kernels/results/aten_unfold3d_zero_copy_cpu/debuf.mlir ==
  no_match       body#0  ?
  total: 0 matched / 1 bodies
",0,[],0,0,0,0,/home/arjaiswal/Polygeist/issues/aten_c_kernels/results/aten_unfold3d_zero_copy_cpu/debuf.mlir,4426,0,1,0,1057.2928860783577,1,67872,0.1471191644668579,0,0,0,0,[],0,0,50,0.0,50
aten,aten_unfold3d_zero_copy_cpu,/home/arjaiswal/Polygeist/issues/aten_c_kernels/results/aten_unfold3d_zero_copy_cpu/debuf.mlir,8e1e6863d0a9d36fc7a87561703a17508f71c983d5a691d125885ae60beef787,egglog,3,ok,0,1530.984491109848,0,"[""/usr/bin/python3"", ""/home/arjaiswal/Polygeist/scripts/correctness/kernel_match_rewrite.py"", ""/home/arjaiswal/Polygeist/issues/aten_c_kernels/results/aten_unfold3d_zero_copy_cpu/debuf.mlir"", ""--dry-run"", ""--matcher-mode"", ""egglog"", ""--telemetry-json"", ""/home/arjaiswal/Polygeist/issues/equality_saturation_eval/campaign_20260908/aten-aten_unfold3d_zero_copy_cpu-egglog-015or6k4.json"", ""--disable-semantic-fallback""]","== match report for /home/arjaiswal/Polygeist/issues/aten_c_kernels/results/aten_unfold3d_zero_copy_cpu/debuf.mlir ==
  no_match       body#0  ?
  total: 0 matched / 1 bodies
",0,[],0,0,0,0,/home/arjaiswal/Polygeist/issues/aten_c_kernels/results/aten_unfold3d_zero_copy_cpu/debuf.mlir,4426,8,1,0,1113.444771617651,1,67992,0.0,0,0,0,0,[],0,0,0,0.0,50
aten,aten_unfold3d_zero_copy_cpu,/home/arjaiswal/Polygeist/issues/aten_c_kernels/results/aten_unfold3d_zero_copy_cpu/debuf.mlir,8e1e6863d0a9d36fc7a87561703a17508f71c983d5a691d125885ae60beef787,egglog,4,ok,0,1532.9319648444653,0,"[""/usr/bin/python3"", ""/home/arjaiswal/Polygeist/scripts/correctness/kernel_match_rewrite.py"", ""/home/arjaiswal/Polygeist/issues/aten_c_kernels/results/aten_unfold3d_zero_copy_cpu/debuf.mlir"", ""--dry-run"", ""--matcher-mode"", ""egglog"", ""--telemetry-json"", ""/home/arjaiswal/Polygeist/issues/equality_saturation_eval/campaign_20260908/aten-aten_unfold3d_zero_copy_cpu-egglog-hvkis4n1.json"", ""--disable-semantic-fallback""]","== match report for /home/arjaiswal/Polygeist/issues/aten_c_kernels/results/aten_unfold3d_zero_copy_cpu/debuf.mlir ==
  no_match       body#0  ?
  total: 0 matched / 1 bodies
",0,[],0,0,0,0,/home/arjaiswal/Polygeist/issues/aten_c_kernels/results/aten_unfold3d_zero_copy_cpu/debuf.mlir,4426,8,1,0,1078.9155885577202,1,68096,0.0,0,0,0,0,[],0,0,0,0.0,50
aten,aten_unfold3d_zero_copy_cpu,/home/arjaiswal/Polygeist/issues/aten_c_kernels/results/aten_unfold3d_zero_copy_cpu/debuf.mlir,8e1e6863d0a9d36fc7a87561703a17508f71c983d5a691d125885ae60beef787,syntactic,4,ok,0,1491.9836074113846,0,"[""/usr/bin/python3"", ""/home/arjaiswal/Polygeist/scripts/correctness/kernel_match_rewrite.py"", ""/home/arjaiswal/Polygeist/issues/aten_c_kernels/results/aten_unfold3d_zero_copy_cpu/debuf.mlir"", ""--dry-run"", ""--matcher-mode"", ""syntactic"", ""--telemetry-json"", ""/home/arjaiswal/Polygeist/issues/equality_saturation_eval/campaign_20260908/aten-aten_unfold3d_zero_copy_cpu-syntactic-018jf7js.json"", ""--disable-semantic-fallback""]","== match report for /home/arjaiswal/Polygeist/issues/aten_c_kernels/results/aten_unfold3d_zero_copy_cpu/debuf.mlir ==
  no_match       body#0  ?
  total: 0 matched / 1 bodies
",0,[],0,0,0,0,/home/arjaiswal/Polygeist/issues/aten_c_kernels/results/aten_unfold3d_zero_copy_cpu/debuf.mlir,4426,0,1,0,1077.6074938476086,1,67660,0.15247240662574768,0,0,0,0,[],0,0,50,0.0,50
aten,aten_unfold3d_zero_copy_cpu,/home/arjaiswal/Polygeist/issues/aten_c_kernels/results/aten_unfold3d_zero_copy_cpu/debuf.mlir,8e1e6863d0a9d36fc7a87561703a17508f71c983d5a691d125885ae60beef787,syntactic,5,ok,0,1501.7166547477245,0,"[""/usr/bin/python3"", ""/home/arjaiswal/Polygeist/scripts/correctness/kernel_match_rewrite.py"", ""/home/arjaiswal/Polygeist/issues/aten_c_kernels/results/aten_unfold3d_zero_copy_cpu/debuf.mlir"", ""--dry-run"", ""--matcher-mode"", ""syntactic"", ""--telemetry-json"", ""/home/arjaiswal/Polygeist/issues/equality_saturation_eval/campaign_20260908/aten-aten_unfold3d_zero_copy_cpu-syntactic-h60lhp8e.json"", ""--disable-semantic-fallback""]","== match report for /home/arjaiswal/Polygeist/issues/aten_c_kernels/results/aten_unfold3d_zero_copy_cpu/debuf.mlir ==
  no_match       body#0  ?
  total: 0 matched / 1 bodies
",0,[],0,0,0,0,/home/arjaiswal/Polygeist/issues/aten_c_kernels/results/aten_unfold3d_zero_copy_cpu/debuf.mlir,4426,0,1,0,1086.7412947118282,1,67668,0.1850724220275879,0,0,0,0,[],0,0,50,0.0,50
aten,aten_unfold3d_zero_copy_cpu,/home/arjaiswal/Polygeist/issues/aten_c_kernels/results/aten_unfold3d_zero_copy_cpu/debuf.mlir,8e1e6863d0a9d36fc7a87561703a17508f71c983d5a691d125885ae60beef787,egglog,5,ok,0,1535.7405133545399,0,"[""/usr/bin/python3"", ""/home/arjaiswal/Polygeist/scripts/correctness/kernel_match_rewrite.py"", ""/home/arjaiswal/Polygeist/issues/aten_c_kernels/results/aten_unfold3d_zero_copy_cpu/debuf.mlir"", ""--dry-run"", ""--matcher-mode"", ""egglog"", ""--telemetry-json"", ""/home/arjaiswal/Polygeist/issues/equality_saturation_eval/campaign_20260908/aten-aten_unfold3d_zero_copy_cpu-egglog-_z1dursl.json"", ""--disable-semantic-fallback""]","== match report for /home/arjaiswal/Polygeist/issues/aten_c_kernels/results/aten_unfold3d_zero_copy_cpu/debuf.mlir ==
  no_match       body#0  ?
  total: 0 matched / 1 bodies
",0,[],0,0,0,0,/home/arjaiswal/Polygeist/issues/aten_c_kernels/results/aten_unfold3d_zero_copy_cpu/debuf.mlir,4426,8,1,0,1114.0176802873611,1,68028,0.0,0,0,0,0,[],0,0,0,0.0,50
aten,aten_unfold_backward_cpu,/home/arjaiswal/Polygeist/issues/aten_c_kernels/results/aten_unfold_backward_cpu/debuf.mlir,e097aaaa7653ed512efcfc4d8308d83e194d1a9aeef6243635b41aa506f8562e,egglog,1,ok,0,1060.1289831101894,0,"[""/usr/bin/python3"", ""/home/arjaiswal/Polygeist/scripts/correctness/kernel_match_rewrite.py"", ""/home/arjaiswal/Polygeist/issues/aten_c_kernels/results/aten_unfold_backward_cpu/debuf.mlir"", ""--dry-run"", ""--matcher-mode"", ""egglog"", ""--telemetry-json"", ""/home/arjaiswal/Polygeist/issues/equality_saturation_eval/campaign_20260908/aten-aten_unfold_backward_cpu-egglog-z8hzblh7.json"", ""--disable-semantic-fallback""]","== match report for /home/arjaiswal/Polygeist/issues/aten_c_kernels/results/aten_unfold_backward_cpu/debuf.mlir ==
  match          body#[0]  memset_zero_1D_f32
  no_match       body#1  ?
  total: 1 matched / 2 bodies
",0,[],0,0,0,0,/home/arjaiswal/Polygeist/issues/aten_c_kernels/results/aten_unfold_backward_cpu/debuf.mlir,2591,8,2,1,648.7103588879108,1,70172,193.22384148836136,20,20,0,0,"[{""body_indices"": [0], ""symbol"": ""memset_zero_1D_f32""}]",1,0,0,0.0,80
aten,aten_unfold_backward_cpu,/home/arjaiswal/Polygeist/issues/aten_c_kernels/results/aten_unfold_backward_cpu/debuf.mlir,e097aaaa7653ed512efcfc4d8308d83e194d1a9aeef6243635b41aa506f8562e,syntactic,1,ok,0,863.526526838541,0,"[""/usr/bin/python3"", ""/home/arjaiswal/Polygeist/scripts/correctness/kernel_match_rewrite.py"", ""/home/arjaiswal/Polygeist/issues/aten_c_kernels/results/aten_unfold_backward_cpu/debuf.mlir"", ""--dry-run"", ""--matcher-mode"", ""syntactic"", ""--telemetry-json"", ""/home/arjaiswal/Polygeist/issues/equality_saturation_eval/campaign_20260908/aten-aten_unfold_backward_cpu-syntactic-8ty04_yq.json"", ""--disable-semantic-fallback""]","== match report for /home/arjaiswal/Polygeist/issues/aten_c_kernels/results/aten_unfold_backward_cpu/debuf.mlir ==
  match          body#[0]  memset_zero_1D_f32
  no_match       body#1  ?
  total: 1 matched / 2 bodies
",0,[],0,0,0,0,/home/arjaiswal/Polygeist/issues/aten_c_kernels/results/aten_unfold_backward_cpu/debuf.mlir,2591,0,2,1,455.03927022218704,1,65980,0.20891427993774414,0,20,0,0,"[{""body_indices"": [0], ""symbol"": ""memset_zero_1D_f32""}]",1,0,80,0.0,80
aten,aten_unfold_backward_cpu,/home/arjaiswal/Polygeist/issues/aten_c_kernels/results/aten_unfold_backward_cpu/debuf.mlir,e097aaaa7653ed512efcfc4d8308d83e194d1a9aeef6243635b41aa506f8562e,syntactic,2,ok,0,909.24172103405,0,"[""/usr/bin/python3"", ""/home/arjaiswal/Polygeist/scripts/correctness/kernel_match_rewrite.py"", ""/home/arjaiswal/Polygeist/issues/aten_c_kernels/results/aten_unfold_backward_cpu/debuf.mlir"", ""--dry-run"", ""--matcher-mode"", ""syntactic"", ""--telemetry-json"", ""/home/arjaiswal/Polygeist/issues/equality_saturation_eval/campaign_20260908/aten-aten_unfold_backward_cpu-syntactic-nivxdr4t.json"", ""--disable-semantic-fallback""]","== match report for /home/arjaiswal/Polygeist/issues/aten_c_kernels/results/aten_unfold_backward_cpu/debuf.mlir ==
  match          body#[0]  memset_zero_1D_f32
  no_match       body#1  ?
  total: 1 matched / 2 bodies
",0,[],0,0,0,0,/home/arjaiswal/Polygeist/issues/aten_c_kernels/results/aten_unfold_backward_cpu/debuf.mlir,2591,0,2,1,470.82382440567017,1,65804,0.21836534142494202,0,20,0,0,"[{""body_indices"": [0], ""symbol"": ""memset_zero_1D_f32""}]",1,0,80,0.0,80
aten,aten_unfold_backward_cpu,/home/arjaiswal/Polygeist/issues/aten_c_kernels/results/aten_unfold_backward_cpu/debuf.mlir,e097aaaa7653ed512efcfc4d8308d83e194d1a9aeef6243635b41aa506f8562e,egglog,2,ok,0,1120.4236261546612,0,"[""/usr/bin/python3"", ""/home/arjaiswal/Polygeist/scripts/correctness/kernel_match_rewrite.py"", ""/home/arjaiswal/Polygeist/issues/aten_c_kernels/results/aten_unfold_backward_cpu/debuf.mlir"", ""--dry-run"", ""--matcher-mode"", ""egglog"", ""--telemetry-json"", ""/home/arjaiswal/Polygeist/issues/equality_saturation_eval/campaign_20260908/aten-aten_unfold_backward_cpu-egglog-fgibpugt.json"", ""--disable-semantic-fallback""]","== match report for /home/arjaiswal/Polygeist/issues/aten_c_kernels/results/aten_unfold_backward_cpu/debuf.mlir ==
  match          body#[0]  memset_zero_1D_f32
  no_match       body#1  ?
  total: 1 matched / 2 bodies
",0,[],0,0,0,0,/home/arjaiswal/Polygeist/issues/aten_c_kernels/results/aten_unfold_backward_cpu/debuf.mlir,2591,8,2,1,696.2563283741474,1,70208,208.79705622792244,20,20,0,0,"[{""body_indices"": [0], ""symbol"": ""memset_zero_1D_f32""}]",1,0,0,0.0,80
aten,aten_unfold_backward_cpu,/home/arjaiswal/Polygeist/issues/aten_c_kernels/results/aten_unfold_backward_cpu/debuf.mlir,e097aaaa7653ed512efcfc4d8308d83e194d1a9aeef6243635b41aa506f8562e,egglog,3,ok,0,1107.3193959891796,0,"[""/usr/bin/python3"", ""/home/arjaiswal/Polygeist/scripts/correctness/kernel_match_rewrite.py"", ""/home/arjaiswal/Polygeist/issues/aten_c_kernels/results/aten_unfold_backward_cpu/debuf.mlir"", ""--dry-run"", ""--matcher-mode"", ""egglog"", ""--telemetry-json"", ""/home/arjaiswal/Polygeist/issues/equality_saturation_eval/campaign_20260908/aten-aten_unfold_backward_cpu-egglog-c8gy919d.json"", ""--disable-semantic-fallback""]","== match report for /home/arjaiswal/Polygeist/issues/aten_c_kernels/results/aten_unfold_backward_cpu/debuf.mlir ==
  match          body#[0]  memset_zero_1D_f32
  no_match       body#1  ?
  total: 1 matched / 2 bodies
",0,[],0,0,0,0,/home/arjaiswal/Polygeist/issues/aten_c_kernels/results/aten_unfold_backward_cpu/debuf.mlir,2591,8,2,1,685.1686611771584,1,69824,209.19785276055336,20,20,0,0,"[{""body_indices"": [0], ""symbol"": ""memset_zero_1D_f32""}]",1,0,0,0.0,80
aten,aten_unfold_backward_cpu,/home/arjaiswal/Polygeist/issues/aten_c_kernels/results/aten_unfold_backward_cpu/debuf.mlir,e097aaaa7653ed512efcfc4d8308d83e194d1a9aeef6243635b41aa506f8562e,syntactic,3,ok,0,902.1779969334602,0,"[""/usr/bin/python3"", ""/home/arjaiswal/Polygeist/scripts/correctness/kernel_match_rewrite.py"", ""/home/arjaiswal/Polygeist/issues/aten_c_kernels/results/aten_unfold_backward_cpu/debuf.mlir"", ""--dry-run"", ""--matcher-mode"", ""syntactic"", ""--telemetry-json"", ""/home/arjaiswal/Polygeist/issues/equality_saturation_eval/campaign_20260908/aten-aten_unfold_backward_cpu-syntactic-cfubmpgq.json"", ""--disable-semantic-fallback""]","== match report for /home/arjaiswal/Polygeist/issues/aten_c_kernels/results/aten_unfold_backward_cpu/debuf.mlir ==
  match          body#[0]  memset_zero_1D_f32
  no_match       body#1  ?
  total: 1 matched / 2 bodies
",0,[],0,0,0,0,/home/arjaiswal/Polygeist/issues/aten_c_kernels/results/aten_unfold_backward_cpu/debuf.mlir,2591,0,2,1,475.8504219353199,1,65888,0.2222210168838501,0,20,0,0,"[{""body_indices"": [0], ""symbol"": ""memset_zero_1D_f32""}]",1,0,80,0.0,80
aten,aten_unfold_backward_cpu,/home/arjaiswal/Polygeist/issues/aten_c_kernels/results/aten_unfold_backward_cpu/debuf.mlir,e097aaaa7653ed512efcfc4d8308d83e194d1a9aeef6243635b41aa506f8562e,syntactic,4,ok,0,886.7712952196598,0,"[""/usr/bin/python3"", ""/home/arjaiswal/Polygeist/scripts/correctness/kernel_match_rewrite.py"", ""/home/arjaiswal/Polygeist/issues/aten_c_kernels/results/aten_unfold_backward_cpu/debuf.mlir"", ""--dry-run"", ""--matcher-mode"", ""syntactic"", ""--telemetry-json"", ""/home/arjaiswal/Polygeist/issues/equality_saturation_eval/campaign_20260908/aten-aten_unfold_backward_cpu-syntactic-nfqiqsok.json"", ""--disable-semantic-fallback""]","== match report for /home/arjaiswal/Polygeist/issues/aten_c_kernels/results/aten_unfold_backward_cpu/debuf.mlir ==
  match          body#[0]  memset_zero_1D_f32
  no_match       body#1  ?
  total: 1 matched / 2 bodies
",0,[],0,0,0,0,/home/arjaiswal/Polygeist/issues/aten_c_kernels/results/aten_unfold_backward_cpu/debuf.mlir,2591,0,2,1,445.2579915523529,1,65996,0.19307434558868408,0,20,0,0,"[{""body_indices"": [0], ""symbol"": ""memset_zero_1D_f32""}]",1,0,80,0.0,80
aten,aten_unfold_backward_cpu,/home/arjaiswal/Polygeist/issues/aten_c_kernels/results/aten_unfold_backward_cpu/debuf.mlir,e097aaaa7653ed512efcfc4d8308d83e194d1a9aeef6243635b41aa506f8562e,egglog,4,ok,0,1066.1280937492847,0,"[""/usr/bin/python3"", ""/home/arjaiswal/Polygeist/scripts/correctness/kernel_match_rewrite.py"", ""/home/arjaiswal/Polygeist/issues/aten_c_kernels/results/aten_unfold_backward_cpu/debuf.mlir"", ""--dry-run"", ""--matcher-mode"", ""egglog"", ""--telemetry-json"", ""/home/arjaiswal/Polygeist/issues/equality_saturation_eval/campaign_20260908/aten-aten_unfold_backward_cpu-egglog-pmg7r8xc.json"", ""--disable-semantic-fallback""]","== match report for /home/arjaiswal/Polygeist/issues/aten_c_kernels/results/aten_unfold_backward_cpu/debuf.mlir ==
  match          body#[0]  memset_zero_1D_f32
  no_match       body#1  ?
  total: 1 matched / 2 bodies
",0,[],0,0,0,0,/home/arjaiswal/Polygeist/issues/aten_c_kernels/results/aten_unfold_backward_cpu/debuf.mlir,2591,8,2,1,645.4295478761196,1,70264,190.57268276810646,20,20,0,0,"[{""body_indices"": [0], ""symbol"": ""memset_zero_1D_f32""}]",1,0,0,0.0,80
aten,aten_unfold_backward_cpu,/home/arjaiswal/Polygeist/issues/aten_c_kernels/results/aten_unfold_backward_cpu/debuf.mlir,e097aaaa7653ed512efcfc4d8308d83e194d1a9aeef6243635b41aa506f8562e,egglog,5,ok,0,1095.2590741217136,0,"[""/usr/bin/python3"", ""/home/arjaiswal/Polygeist/scripts/correctness/kernel_match_rewrite.py"", ""/home/arjaiswal/Polygeist/issues/aten_c_kernels/results/aten_unfold_backward_cpu/debuf.mlir"", ""--dry-run"", ""--matcher-mode"", ""egglog"", ""--telemetry-json"", ""/home/arjaiswal/Polygeist/issues/equality_saturation_eval/campaign_20260908/aten-aten_unfold_backward_cpu-egglog-ju4uclgq.json"", ""--disable-semantic-fallback""]","== match report for /home/arjaiswal/Polygeist/issues/aten_c_kernels/results/aten_unfold_backward_cpu/debuf.mlir ==
  match          body#[0]  memset_zero_1D_f32
  no_match       body#1  ?
  total: 1 matched / 2 bodies
",0,[],0,0,0,0,/home/arjaiswal/Polygeist/issues/aten_c_kernels/results/aten_unfold_backward_cpu/debuf.mlir,2591,8,2,1,681.1633631587029,1,69868,194.18633729219437,20,20,0,0,"[{""body_indices"": [0], ""symbol"": ""memset_zero_1D_f32""}]",1,0,0,0.0,80
aten,aten_unfold_backward_cpu,/home/arjaiswal/Polygeist/issues/aten_c_kernels/results/aten_unfold_backward_cpu/debuf.mlir,e097aaaa7653ed512efcfc4d8308d83e194d1a9aeef6243635b41aa506f8562e,syntactic,5,ok,0,867.7226863801479,0,"[""/usr/bin/python3"", ""/home/arjaiswal/Polygeist/scripts/correctness/kernel_match_rewrite.py"", ""/home/arjaiswal/Polygeist/issues/aten_c_kernels/results/aten_unfold_backward_cpu/debuf.mlir"", ""--dry-run"", ""--matcher-mode"", ""syntactic"", ""--telemetry-json"", ""/home/arjaiswal/Polygeist/issues/equality_saturation_eval/campaign_20260908/aten-aten_unfold_backward_cpu-syntactic-l0zai5gv.json"", ""--disable-semantic-fallback""]","== match report for /home/arjaiswal/Polygeist/issues/aten_c_kernels/results/aten_unfold_backward_cpu/debuf.mlir ==
  match          body#[0]  memset_zero_1D_f32
  no_match       body#1  ?
  total: 1 matched / 2 bodies
",0,[],0,0,0,0,/home/arjaiswal/Polygeist/issues/aten_c_kernels/results/aten_unfold_backward_cpu/debuf.mlir,2591,0,2,1,445.6103928387165,1,65896,0.2109333872795105,0,20,0,0,"[{""body_indices"": [0], ""symbol"": ""memset_zero_1D_f32""}]",1,0,80,0.0,80
aten,aten_unfolded2d_acc_cpu,/home/arjaiswal/Polygeist/issues/aten_c_kernels/results/aten_unfolded2d_acc_cpu/debuf.mlir,155e85eaf81db688435ee7925f48e4b658739c5de1d7dcb887a128a1c9d61635,syntactic,1,ok,0,859.7992397844791,0,"[""/usr/bin/python3"", ""/home/arjaiswal/Polygeist/scripts/correctness/kernel_match_rewrite.py"", ""/home/arjaiswal/Polygeist/issues/aten_c_kernels/results/aten_unfolded2d_acc_cpu/debuf.mlir"", ""--dry-run"", ""--matcher-mode"", ""syntactic"", ""--telemetry-json"", ""/home/arjaiswal/Polygeist/issues/equality_saturation_eval/campaign_20260908/aten-aten_unfolded2d_acc_cpu-syntactic-abv8phv6.json"", ""--disable-semantic-fallback""]","== match report for /home/arjaiswal/Polygeist/issues/aten_c_kernels/results/aten_unfolded2d_acc_cpu/debuf.mlir ==
  no_match       body#0  ?
  no_match       body#1  ?
  total: 0 matched / 2 bodies
",0,[],0,0,0,0,/home/arjaiswal/Polygeist/issues/aten_c_kernels/results/aten_unfolded2d_acc_cpu/debuf.mlir,3265,0,2,0,441.0187788307667,2,66192,0.16943737864494324,0,12,0,0,[],0,0,62,0.0,62
aten,aten_unfolded2d_acc_cpu,/home/arjaiswal/Polygeist/issues/aten_c_kernels/results/aten_unfolded2d_acc_cpu/debuf.mlir,155e85eaf81db688435ee7925f48e4b658739c5de1d7dcb887a128a1c9d61635,egglog,1,ok,0,988.3654527366161,0,"[""/usr/bin/python3"", ""/home/arjaiswal/Polygeist/scripts/correctness/kernel_match_rewrite.py"", ""/home/arjaiswal/Polygeist/issues/aten_c_kernels/results/aten_unfolded2d_acc_cpu/debuf.mlir"", ""--dry-run"", ""--matcher-mode"", ""egglog"", ""--telemetry-json"", ""/home/arjaiswal/Polygeist/issues/equality_saturation_eval/campaign_20260908/aten-aten_unfolded2d_acc_cpu-egglog-bu2omb1h.json"", ""--disable-semantic-fallback""]","== match report for /home/arjaiswal/Polygeist/issues/aten_c_kernels/results/aten_unfolded2d_acc_cpu/debuf.mlir ==
  no_match       body#0  ?
  no_match       body#1  ?
  total: 0 matched / 2 bodies
",0,[],0,0,0,0,/home/arjaiswal/Polygeist/issues/aten_c_kernels/results/aten_unfolded2d_acc_cpu/debuf.mlir,3265,8,2,0,565.1104636490345,2,69844,118.02136898040771,12,12,0,0,[],0,0,0,0.0,62
aten,aten_unfolded2d_acc_cpu,/home/arjaiswal/Polygeist/issues/aten_c_kernels/results/aten_unfolded2d_acc_cpu/debuf.mlir,155e85eaf81db688435ee7925f48e4b658739c5de1d7dcb887a128a1c9d61635,egglog,2,ok,0,999.7660666704178,0,"[""/usr/bin/python3"", ""/home/arjaiswal/Polygeist/scripts/correctness/kernel_match_rewrite.py"", ""/home/arjaiswal/Polygeist/issues/aten_c_kernels/results/aten_unfolded2d_acc_cpu/debuf.mlir"", ""--dry-run"", ""--matcher-mode"", ""egglog"", ""--telemetry-json"", ""/home/arjaiswal/Polygeist/issues/equality_saturation_eval/campaign_20260908/aten-aten_unfolded2d_acc_cpu-egglog-lm6wiuz8.json"", ""--disable-semantic-fallback""]","== match report for /home/arjaiswal/Polygeist/issues/aten_c_kernels/results/aten_unfolded2d_acc_cpu/debuf.mlir ==
  no_match       body#0  ?
  no_match       body#1  ?
  total: 0 matched / 2 bodies
",0,[],0,0,0,0,/home/arjaiswal/Polygeist/issues/aten_c_kernels/results/aten_unfolded2d_acc_cpu/debuf.mlir,3265,8,2,0,586.3917991518974,2,69972,129.20696288347244,12,12,0,0,[],0,0,0,0.0,62
aten,aten_unfolded2d_acc_cpu,/home/arjaiswal/Polygeist/issues/aten_c_kernels/results/aten_unfolded2d_acc_cpu/debuf.mlir,155e85eaf81db688435ee7925f48e4b658739c5de1d7dcb887a128a1c9d61635,syntactic,2,ok,0,861.2257726490498,0,"[""/usr/bin/python3"", ""/home/arjaiswal/Polygeist/scripts/correctness/kernel_match_rewrite.py"", ""/home/arjaiswal/Polygeist/issues/aten_c_kernels/results/aten_unfolded2d_acc_cpu/debuf.mlir"", ""--dry-run"", ""--matcher-mode"", ""syntactic"", ""--telemetry-json"", ""/home/arjaiswal/Polygeist/issues/equality_saturation_eval/campaign_20260908/aten-aten_unfolded2d_acc_cpu-syntactic-zif_7dp6.json"", ""--disable-semantic-fallback""]","== match report for /home/arjaiswal/Polygeist/issues/aten_c_kernels/results/aten_unfolded2d_acc_cpu/debuf.mlir ==
  no_match       body#0  ?
  no_match       body#1  ?
  total: 0 matched / 2 bodies
",0,[],0,0,0,0,/home/arjaiswal/Polygeist/issues/aten_c_kernels/results/aten_unfolded2d_acc_cpu/debuf.mlir,3265,0,2,0,438.8428069651127,2,66008,0.1641586422920227,0,12,0,0,[],0,0,62,0.0,62
aten,aten_unfolded2d_acc_cpu,/home/arjaiswal/Polygeist/issues/aten_c_kernels/results/aten_unfolded2d_acc_cpu/debuf.mlir,155e85eaf81db688435ee7925f48e4b658739c5de1d7dcb887a128a1c9d61635,syntactic,3,ok,0,849.2409214377403,0,"[""/usr/bin/python3"", ""/home/arjaiswal/Polygeist/scripts/correctness/kernel_match_rewrite.py"", ""/home/arjaiswal/Polygeist/issues/aten_c_kernels/results/aten_unfolded2d_acc_cpu/debuf.mlir"", ""--dry-run"", ""--matcher-mode"", ""syntactic"", ""--telemetry-json"", ""/home/arjaiswal/Polygeist/issues/equality_saturation_eval/campaign_20260908/aten-aten_unfolded2d_acc_cpu-syntactic-wczgdei0.json"", ""--disable-semantic-fallback""]","== match report for /home/arjaiswal/Polygeist/issues/aten_c_kernels/results/aten_unfolded2d_acc_cpu/debuf.mlir ==
  no_match       body#0  ?
  no_match       body#1  ?
  total: 0 matched / 2 bodies
",0,[],0,0,0,0,/home/arjaiswal/Polygeist/issues/aten_c_kernels/results/aten_unfolded2d_acc_cpu/debuf.mlir,3265,0,2,0,423.6896522343159,2,65880,0.13932958245277405,0,12,0,0,[],0,0,62,0.0,62
aten,aten_unfolded2d_acc_cpu,/home/arjaiswal/Polygeist/issues/aten_c_kernels/results/aten_unfolded2d_acc_cpu/debuf.mlir,155e85eaf81db688435ee7925f48e4b658739c5de1d7dcb887a128a1c9d61635,egglog,3,ok,0,964.815303683281,0,"[""/usr/bin/python3"", ""/home/arjaiswal/Polygeist/scripts/correctness/kernel_match_rewrite.py"", ""/home/arjaiswal/Polygeist/issues/aten_c_kernels/results/aten_unfolded2d_acc_cpu/debuf.mlir"", ""--dry-run"", ""--matcher-mode"", ""egglog"", ""--telemetry-json"", ""/home/arjaiswal/Polygeist/issues/equality_saturation_eval/campaign_20260908/aten-aten_unfolded2d_acc_cpu-egglog-k0__z_vk.json"", ""--disable-semantic-fallback""]","== match report for /home/arjaiswal/Polygeist/issues/aten_c_kernels/results/aten_unfolded2d_acc_cpu/debuf.mlir ==
  no_match       body#0  ?
  no_match       body#1  ?
  total: 0 matched / 2 bodies
",0,[],0,0,0,0,/home/arjaiswal/Polygeist/issues/aten_c_kernels/results/aten_unfolded2d_acc_cpu/debuf.mlir,3265,8,2,0,549.3706241250038,2,70072,115.50533771514893,12,12,0,0,[],0,0,0,0.0,62
aten,aten_unfolded2d_acc_cpu,/home/arjaiswal/Polygeist/issues/aten_c_kernels/results/aten_unfolded2d_acc_cpu/debuf.mlir,155e85eaf81db688435ee7925f48e4b658739c5de1d7dcb887a128a1c9d61635,egglog,4,ok,0,936.4164471626282,0,"[""/usr/bin/python3"", ""/home/arjaiswal/Polygeist/scripts/correctness/kernel_match_rewrite.py"", ""/home/arjaiswal/Polygeist/issues/aten_c_kernels/results/aten_unfolded2d_acc_cpu/debuf.mlir"", ""--dry-run"", ""--matcher-mode"", ""egglog"", ""--telemetry-json"", ""/home/arjaiswal/Polygeist/issues/equality_saturation_eval/campaign_20260908/aten-aten_unfolded2d_acc_cpu-egglog-ll8hdgkt.json"", ""--disable-semantic-fallback""]","== match report for /home/arjaiswal/Polygeist/issues/aten_c_kernels/results/aten_unfolded2d_acc_cpu/debuf.mlir ==
  no_match       body#0  ?
  no_match       body#1  ?
  total: 0 matched / 2 bodies
",0,[],0,0,0,0,/home/arjaiswal/Polygeist/issues/aten_c_kernels/results/aten_unfolded2d_acc_cpu/debuf.mlir,3265,8,2,0,532.7146388590336,2,69980,117.56737157702446,12,12,0,0,[],0,0,0,0.0,62
aten,aten_unfolded2d_acc_cpu,/home/arjaiswal/Polygeist/issues/aten_c_kernels/results/aten_unfolded2d_acc_cpu/debuf.mlir,155e85eaf81db688435ee7925f48e4b658739c5de1d7dcb887a128a1c9d61635,syntactic,4,ok,0,843.443252146244,0,"[""/usr/bin/python3"", ""/home/arjaiswal/Polygeist/scripts/correctness/kernel_match_rewrite.py"", ""/home/arjaiswal/Polygeist/issues/aten_c_kernels/results/aten_unfolded2d_acc_cpu/debuf.mlir"", ""--dry-run"", ""--matcher-mode"", ""syntactic"", ""--telemetry-json"", ""/home/arjaiswal/Polygeist/issues/equality_saturation_eval/campaign_20260908/aten-aten_unfolded2d_acc_cpu-syntactic-nl6a7row.json"", ""--disable-semantic-fallback""]","== match report for /home/arjaiswal/Polygeist/issues/aten_c_kernels/results/aten_unfolded2d_acc_cpu/debuf.mlir ==
  no_match       body#0  ?
  no_match       body#1  ?
  total: 0 matched / 2 bodies
",0,[],0,0,0,0,/home/arjaiswal/Polygeist/issues/aten_c_kernels/results/aten_unfolded2d_acc_cpu/debuf.mlir,3265,0,2,0,436.1453503370285,2,65960,0.15133991837501526,0,12,0,0,[],0,0,62,0.0,62
aten,aten_unfolded2d_acc_cpu,/home/arjaiswal/Polygeist/issues/aten_c_kernels/results/aten_unfolded2d_acc_cpu/debuf.mlir,155e85eaf81db688435ee7925f48e4b658739c5de1d7dcb887a128a1c9d61635,syntactic,5,ok,0,832.3668465018272,0,"[""/usr/bin/python3"", ""/home/arjaiswal/Polygeist/scripts/correctness/kernel_match_rewrite.py"", ""/home/arjaiswal/Polygeist/issues/aten_c_kernels/results/aten_unfolded2d_acc_cpu/debuf.mlir"", ""--dry-run"", ""--matcher-mode"", ""syntactic"", ""--telemetry-json"", ""/home/arjaiswal/Polygeist/issues/equality_saturation_eval/campaign_20260908/aten-aten_unfolded2d_acc_cpu-syntactic-_ipcpyb6.json"", ""--disable-semantic-fallback""]","== match report for /home/arjaiswal/Polygeist/issues/aten_c_kernels/results/aten_unfolded2d_acc_cpu/debuf.mlir ==
  no_match       body#0  ?
  no_match       body#1  ?
  total: 0 matched / 2 bodies
",0,[],0,0,0,0,/home/arjaiswal/Polygeist/issues/aten_c_kernels/results/aten_unfolded2d_acc_cpu/debuf.mlir,3265,0,2,0,415.94360023736954,2,65864,0.14579668641090393,0,12,0,0,[],0,0,62,0.0,62
aten,aten_unfolded2d_acc_cpu,/home/arjaiswal/Polygeist/issues/aten_c_kernels/results/aten_unfolded2d_acc_cpu/debuf.mlir,155e85eaf81db688435ee7925f48e4b658739c5de1d7dcb887a128a1c9d61635,egglog,5,ok,0,1053.7822097539902,0,"[""/usr/bin/python3"", ""/home/arjaiswal/Polygeist/scripts/correctness/kernel_match_rewrite.py"", ""/home/arjaiswal/Polygeist/issues/aten_c_kernels/results/aten_unfolded2d_acc_cpu/debuf.mlir"", ""--dry-run"", ""--matcher-mode"", ""egglog"", ""--telemetry-json"", ""/home/arjaiswal/Polygeist/issues/equality_saturation_eval/campaign_20260908/aten-aten_unfolded2d_acc_cpu-egglog-us_o_7x0.json"", ""--disable-semantic-fallback""]","== match report for /home/arjaiswal/Polygeist/issues/aten_c_kernels/results/aten_unfolded2d_acc_cpu/debuf.mlir ==
  no_match       body#0  ?
  no_match       body#1  ?
  total: 0 matched / 2 bodies
",0,[],0,0,0,0,/home/arjaiswal/Polygeist/issues/aten_c_kernels/results/aten_unfolded2d_acc_cpu/debuf.mlir,3265,8,2,0,601.026214659214,2,70092,146.2560035288334,12,12,0,0,[],0,0,0,0.0,62
aten,aten_unfolded2d_copy_cpu,/home/arjaiswal/Polygeist/issues/aten_c_kernels/results/aten_unfolded2d_copy_cpu/debuf.mlir,dcc0c1ea2515db6ef929fc60a2141232d7739fb0315137fcb28cbdf4983772f9,egglog,1,ok,0,729.3397299945354,0,"[""/usr/bin/python3"", ""/home/arjaiswal/Polygeist/scripts/correctness/kernel_match_rewrite.py"", ""/home/arjaiswal/Polygeist/issues/aten_c_kernels/results/aten_unfolded2d_copy_cpu/debuf.mlir"", ""--dry-run"", ""--matcher-mode"", ""egglog"", ""--telemetry-json"", ""/home/arjaiswal/Polygeist/issues/equality_saturation_eval/campaign_20260908/aten-aten_unfolded2d_copy_cpu-egglog-da8pqx2d.json"", ""--disable-semantic-fallback""]","== match report for /home/arjaiswal/Polygeist/issues/aten_c_kernels/results/aten_unfolded2d_copy_cpu/debuf.mlir ==
  match          body#[0]  cutensorPermute_f32_r5_tensor
  total: 1 matched / 1 bodies
",0,[],0,0,0,0,/home/arjaiswal/Polygeist/issues/aten_c_kernels/results/aten_unfolded2d_copy_cpu/debuf.mlir,2564,8,1,1,320.057887583971,0,68240,11.276721954345703,1,1,0,0,"[{""body_indices"": [0], ""symbol"": ""cutensorPermute_f32_r5_tensor""}]",1,0,0,0.0,25
aten,aten_unfolded2d_copy_cpu,/home/arjaiswal/Polygeist/issues/aten_c_kernels/results/aten_unfolded2d_copy_cpu/debuf.mlir,dcc0c1ea2515db6ef929fc60a2141232d7739fb0315137fcb28cbdf4983772f9,syntactic,1,ok,0,719.3151041865349,0,"[""/usr/bin/python3"", ""/home/arjaiswal/Polygeist/scripts/correctness/kernel_match_rewrite.py"", ""/home/arjaiswal/Polygeist/issues/aten_c_kernels/results/aten_unfolded2d_copy_cpu/debuf.mlir"", ""--dry-run"", ""--matcher-mode"", ""syntactic"", ""--telemetry-json"", ""/home/arjaiswal/Polygeist/issues/equality_saturation_eval/campaign_20260908/aten-aten_unfolded2d_copy_cpu-syntactic-qgt5z5v4.json"", ""--disable-semantic-fallback""]","== match report for /home/arjaiswal/Polygeist/issues/aten_c_kernels/results/aten_unfolded2d_copy_cpu/debuf.mlir ==
  match          body#[0]  cutensorPermute_f32_r5_tensor
  total: 1 matched / 1 bodies
",0,[],0,0,0,0,/home/arjaiswal/Polygeist/issues/aten_c_kernels/results/aten_unfolded2d_copy_cpu/debuf.mlir,2564,0,1,1,312.06460297107697,0,65644,0.06334111094474792,0,1,0,0,"[{""body_indices"": [0], ""symbol"": ""cutensorPermute_f32_r5_tensor""}]",1,0,25,0.0,25
aten,aten_unfolded2d_copy_cpu,/home/arjaiswal/Polygeist/issues/aten_c_kernels/results/aten_unfolded2d_copy_cpu/debuf.mlir,dcc0c1ea2515db6ef929fc60a2141232d7739fb0315137fcb28cbdf4983772f9,syntactic,2,ok,0,721.8234166502953,0,"[""/usr/bin/python3"", ""/home/arjaiswal/Polygeist/scripts/correctness/kernel_match_rewrite.py"", ""/home/arjaiswal/Polygeist/issues/aten_c_kernels/results/aten_unfolded2d_copy_cpu/debuf.mlir"", ""--dry-run"", ""--matcher-mode"", ""syntactic"", ""--telemetry-json"", ""/home/arjaiswal/Polygeist/issues/equality_saturation_eval/campaign_20260908/aten-aten_unfolded2d_copy_cpu-syntactic-mim_xtoi.json"", ""--disable-semantic-fallback""]","== match report for /home/arjaiswal/Polygeist/issues/aten_c_kernels/results/aten_unfolded2d_copy_cpu/debuf.mlir ==
  match          body#[0]  cutensorPermute_f32_r5_tensor
  total: 1 matched / 1 bodies
",0,[],0,0,0,0,/home/arjaiswal/Polygeist/issues/aten_c_kernels/results/aten_unfolded2d_copy_cpu/debuf.mlir,2564,0,1,1,315.39709866046906,0,65628,0.06265193223953247,0,1,0,0,"[{""body_indices"": [0], ""symbol"": ""cutensorPermute_f32_r5_tensor""}]",1,0,25,0.0,25
aten,aten_unfolded2d_copy_cpu,/home/arjaiswal/Polygeist/issues/aten_c_kernels/results/aten_unfolded2d_copy_cpu/debuf.mlir,dcc0c1ea2515db6ef929fc60a2141232d7739fb0315137fcb28cbdf4983772f9,egglog,2,ok,0,746.4870139956474,0,"[""/usr/bin/python3"", ""/home/arjaiswal/Polygeist/scripts/correctness/kernel_match_rewrite.py"", ""/home/arjaiswal/Polygeist/issues/aten_c_kernels/results/aten_unfolded2d_copy_cpu/debuf.mlir"", ""--dry-run"", ""--matcher-mode"", ""egglog"", ""--telemetry-json"", ""/home/arjaiswal/Polygeist/issues/equality_saturation_eval/campaign_20260908/aten-aten_unfolded2d_copy_cpu-egglog-_f6yu64a.json"", ""--disable-semantic-fallback""]","== match report for /home/arjaiswal/Polygeist/issues/aten_c_kernels/results/aten_unfolded2d_copy_cpu/debuf.mlir ==
  match          body#[0]  cutensorPermute_f32_r5_tensor
  total: 1 matched / 1 bodies
",0,[],0,0,0,0,/home/arjaiswal/Polygeist/issues/aten_c_kernels/results/aten_unfolded2d_copy_cpu/debuf.mlir,2564,8,1,1,328.5842128098011,0,68296,11.106763035058975,1,1,0,0,"[{""body_indices"": [0], ""symbol"": ""cutensorPermute_f32_r5_tensor""}]",1,0,0,0.0,25
aten,aten_unfolded2d_copy_cpu,/home/arjaiswal/Polygeist/issues/aten_c_kernels/results/aten_unfolded2d_copy_cpu/debuf.mlir,dcc0c1ea2515db6ef929fc60a2141232d7739fb0315137fcb28cbdf4983772f9,egglog,3,ok,0,754.1538849473,0,"[""/usr/bin/python3"", ""/home/arjaiswal/Polygeist/scripts/correctness/kernel_match_rewrite.py"", ""/home/arjaiswal/Polygeist/issues/aten_c_kernels/results/aten_unfolded2d_copy_cpu/debuf.mlir"", ""--dry-run"", ""--matcher-mode"", ""egglog"", ""--telemetry-json"", ""/home/arjaiswal/Polygeist/issues/equality_saturation_eval/campaign_20260908/aten-aten_unfolded2d_copy_cpu-egglog-8z4es9ur.json"", ""--disable-semantic-fallback""]","== match report for /home/arjaiswal/Polygeist/issues/aten_c_kernels/results/aten_unfolded2d_copy_cpu/debuf.mlir ==
  match          body#[0]  cutensorPermute_f32_r5_tensor
  total: 1 matched / 1 bodies
",0,[],0,0,0,0,/home/arjaiswal/Polygeist/issues/aten_c_kernels/results/aten_unfolded2d_copy_cpu/debuf.mlir,2564,8,1,1,342.9598733782768,0,68132,10.78157126903534,1,1,0,0,"[{""body_indices"": [0], ""symbol"": ""cutensorPermute_f32_r5_tensor""}]",1,0,0,0.0,25
aten,aten_unfolded2d_copy_cpu,/home/arjaiswal/Polygeist/issues/aten_c_kernels/results/aten_unfolded2d_copy_cpu/debuf.mlir,dcc0c1ea2515db6ef929fc60a2141232d7739fb0315137fcb28cbdf4983772f9,syntactic,3,ok,0,727.4091802537441,0,"[""/usr/bin/python3"", ""/home/arjaiswal/Polygeist/scripts/correctness/kernel_match_rewrite.py"", ""/home/arjaiswal/Polygeist/issues/aten_c_kernels/results/aten_unfolded2d_copy_cpu/debuf.mlir"", ""--dry-run"", ""--matcher-mode"", ""syntactic"", ""--telemetry-json"", ""/home/arjaiswal/Polygeist/issues/equality_saturation_eval/campaign_20260908/aten-aten_unfolded2d_copy_cpu-syntactic-w_numrm_.json"", ""--disable-semantic-fallback""]","== match report for /home/arjaiswal/Polygeist/issues/aten_c_kernels/results/aten_unfolded2d_copy_cpu/debuf.mlir ==
  match          body#[0]  cutensorPermute_f32_r5_tensor
  total: 1 matched / 1 bodies
",0,[],0,0,0,0,/home/arjaiswal/Polygeist/issues/aten_c_kernels/results/aten_unfolded2d_copy_cpu/debuf.mlir,2564,0,1,1,313.31460922956467,0,65752,0.05922093987464905,0,1,0,0,"[{""body_indices"": [0], ""symbol"": ""cutensorPermute_f32_r5_tensor""}]",1,0,25,0.0,25
aten,aten_unfolded2d_copy_cpu,/home/arjaiswal/Polygeist/issues/aten_c_kernels/results/aten_unfolded2d_copy_cpu/debuf.mlir,dcc0c1ea2515db6ef929fc60a2141232d7739fb0315137fcb28cbdf4983772f9,syntactic,4,ok,0,794.1236421465874,0,"[""/usr/bin/python3"", ""/home/arjaiswal/Polygeist/scripts/correctness/kernel_match_rewrite.py"", ""/home/arjaiswal/Polygeist/issues/aten_c_kernels/results/aten_unfolded2d_copy_cpu/debuf.mlir"", ""--dry-run"", ""--matcher-mode"", ""syntactic"", ""--telemetry-json"", ""/home/arjaiswal/Polygeist/issues/equality_saturation_eval/campaign_20260908/aten-aten_unfolded2d_copy_cpu-syntactic-oy99ov4v.json"", ""--disable-semantic-fallback""]","== match report for /home/arjaiswal/Polygeist/issues/aten_c_kernels/results/aten_unfolded2d_copy_cpu/debuf.mlir ==
  match          body#[0]  cutensorPermute_f32_r5_tensor
  total: 1 matched / 1 bodies
",0,[],0,0,0,0,/home/arjaiswal/Polygeist/issues/aten_c_kernels/results/aten_unfolded2d_copy_cpu/debuf.mlir,2564,0,1,1,366.2087880074978,0,65740,0.07318705320358276,0,1,0,0,"[{""body_indices"": [0], ""symbol"": ""cutensorPermute_f32_r5_tensor""}]",1,0,25,0.0,25
aten,aten_unfolded2d_copy_cpu,/home/arjaiswal/Polygeist/issues/aten_c_kernels/results/aten_unfolded2d_copy_cpu/debuf.mlir,dcc0c1ea2515db6ef929fc60a2141232d7739fb0315137fcb28cbdf4983772f9,egglog,4,ok,0,726.5695668756962,0,"[""/usr/bin/python3"", ""/home/arjaiswal/Polygeist/scripts/correctness/kernel_match_rewrite.py"", ""/home/arjaiswal/Polygeist/issues/aten_c_kernels/results/aten_unfolded2d_copy_cpu/debuf.mlir"", ""--dry-run"", ""--matcher-mode"", ""egglog"", ""--telemetry-json"", ""/home/arjaiswal/Polygeist/issues/equality_saturation_eval/campaign_20260908/aten-aten_unfolded2d_copy_cpu-egglog-4ujq1umx.json"", ""--disable-semantic-fallback""]","== match report for /home/arjaiswal/Polygeist/issues/aten_c_kernels/results/aten_unfolded2d_copy_cpu/debuf.mlir ==
  match          body#[0]  cutensorPermute_f32_r5_tensor
  total: 1 matched / 1 bodies
",0,[],0,0,0,0,/home/arjaiswal/Polygeist/issues/aten_c_kernels/results/aten_unfolded2d_copy_cpu/debuf.mlir,2564,8,1,1,328.8867399096489,0,68148,10.903824120759964,1,1,0,0,"[{""body_indices"": [0], ""symbol"": ""cutensorPermute_f32_r5_tensor""}]",1,0,0,0.0,25
aten,aten_unfolded2d_copy_cpu,/home/arjaiswal/Polygeist/issues/aten_c_kernels/results/aten_unfolded2d_copy_cpu/debuf.mlir,dcc0c1ea2515db6ef929fc60a2141232d7739fb0315137fcb28cbdf4983772f9,egglog,5,ok,0,754.96756285429,0,"[""/usr/bin/python3"", ""/home/arjaiswal/Polygeist/scripts/correctness/kernel_match_rewrite.py"", ""/home/arjaiswal/Polygeist/issues/aten_c_kernels/results/aten_unfolded2d_copy_cpu/debuf.mlir"", ""--dry-run"", ""--matcher-mode"", ""egglog"", ""--telemetry-json"", ""/home/arjaiswal/Polygeist/issues/equality_saturation_eval/campaign_20260908/aten-aten_unfolded2d_copy_cpu-egglog-qxylq7gc.json"", ""--disable-semantic-fallback""]","== match report for /home/arjaiswal/Polygeist/issues/aten_c_kernels/results/aten_unfolded2d_copy_cpu/debuf.mlir ==
  match          body#[0]  cutensorPermute_f32_r5_tensor
  total: 1 matched / 1 bodies
",0,[],0,0,0,0,/home/arjaiswal/Polygeist/issues/aten_c_kernels/results/aten_unfolded2d_copy_cpu/debuf.mlir,2564,8,1,1,328.12728360295296,0,68248,10.892480611801147,1,1,0,0,"[{""body_indices"": [0], ""symbol"": ""cutensorPermute_f32_r5_tensor""}]",1,0,0,0.0,25
aten,aten_unfolded2d_copy_cpu,/home/arjaiswal/Polygeist/issues/aten_c_kernels/results/aten_unfolded2d_copy_cpu/debuf.mlir,dcc0c1ea2515db6ef929fc60a2141232d7739fb0315137fcb28cbdf4983772f9,syntactic,5,ok,0,714.7366032004356,0,"[""/usr/bin/python3"", ""/home/arjaiswal/Polygeist/scripts/correctness/kernel_match_rewrite.py"", ""/home/arjaiswal/Polygeist/issues/aten_c_kernels/results/aten_unfolded2d_copy_cpu/debuf.mlir"", ""--dry-run"", ""--matcher-mode"", ""syntactic"", ""--telemetry-json"", ""/home/arjaiswal/Polygeist/issues/equality_saturation_eval/campaign_20260908/aten-aten_unfolded2d_copy_cpu-syntactic-a56lrops.json"", ""--disable-semantic-fallback""]","== match report for /home/arjaiswal/Polygeist/issues/aten_c_kernels/results/aten_unfolded2d_copy_cpu/debuf.mlir ==
  match          body#[0]  cutensorPermute_f32_r5_tensor
  total: 1 matched / 1 bodies
",0,[],0,0,0,0,/home/arjaiswal/Polygeist/issues/aten_c_kernels/results/aten_unfolded2d_copy_cpu/debuf.mlir,2564,0,1,1,316.0869926214218,0,65740,0.06523355841636658,0,1,0,0,"[{""body_indices"": [0], ""symbol"": ""cutensorPermute_f32_r5_tensor""}]",1,0,25,0.0,25
aten,aten_uniform_cpu,/home/arjaiswal/Polygeist/issues/aten_c_kernels/results/aten_uniform_cpu/debuf.mlir,449df1ddb80fe93b7322cffad1279198e0a3b49c1590c150e21195551ee5e2ad,syntactic,1,ok,0,847.0093496143818,0,"[""/usr/bin/python3"", ""/home/arjaiswal/Polygeist/scripts/correctness/kernel_match_rewrite.py"", ""/home/arjaiswal/Polygeist/issues/aten_c_kernels/results/aten_uniform_cpu/debuf.mlir"", ""--dry-run"", ""--matcher-mode"", ""syntactic"", ""--telemetry-json"", ""/home/arjaiswal/Polygeist/issues/equality_saturation_eval/campaign_20260908/aten-aten_uniform_cpu-syntactic-5z0a_tjg.json"", ""--disable-semantic-fallback""]","== match report for /home/arjaiswal/Polygeist/issues/aten_c_kernels/results/aten_uniform_cpu/debuf.mlir ==
  match          body#[0]  cudnnPointwiseGraph_f32
  total: 1 matched / 1 bodies
",0,[],0,0,0,0,/home/arjaiswal/Polygeist/issues/aten_c_kernels/results/aten_uniform_cpu/debuf.mlir,1875,0,1,1,441.98161736130714,0,65996,0.1422502100467682,0,0,0,0,"[{""body_indices"": [0], ""symbol"": ""cudnnPointwiseGraph_f32""}]",1,0,56,0.0,56
aten,aten_uniform_cpu,/home/arjaiswal/Polygeist/issues/aten_c_kernels/results/aten_uniform_cpu/debuf.mlir,449df1ddb80fe93b7322cffad1279198e0a3b49c1590c150e21195551ee5e2ad,egglog,1,ok,0,884.4330944120884,0,"[""/usr/bin/python3"", ""/home/arjaiswal/Polygeist/scripts/correctness/kernel_match_rewrite.py"", ""/home/arjaiswal/Polygeist/issues/aten_c_kernels/results/aten_uniform_cpu/debuf.mlir"", ""--dry-run"", ""--matcher-mode"", ""egglog"", ""--telemetry-json"", ""/home/arjaiswal/Polygeist/issues/equality_saturation_eval/campaign_20260908/aten-aten_uniform_cpu-egglog-xzr_euwz.json"", ""--disable-semantic-fallback""]","== match report for /home/arjaiswal/Polygeist/issues/aten_c_kernels/results/aten_uniform_cpu/debuf.mlir ==
  match          body#[0]  cudnnPointwiseGraph_f32
  total: 1 matched / 1 bodies
",0,[],0,0,0,0,/home/arjaiswal/Polygeist/issues/aten_c_kernels/results/aten_uniform_cpu/debuf.mlir,1875,8,1,1,468.41735392808914,0,66044,0.0,0,0,0,0,"[{""body_indices"": [0], ""symbol"": ""cudnnPointwiseGraph_f32""}]",1,0,0,0.0,56
aten,aten_uniform_cpu,/home/arjaiswal/Polygeist/issues/aten_c_kernels/results/aten_uniform_cpu/debuf.mlir,449df1ddb80fe93b7322cffad1279198e0a3b49c1590c150e21195551ee5e2ad,egglog,2,ok,0,920.4830750823021,0,"[""/usr/bin/python3"", ""/home/arjaiswal/Polygeist/scripts/correctness/kernel_match_rewrite.py"", ""/home/arjaiswal/Polygeist/issues/aten_c_kernels/results/aten_uniform_cpu/debuf.mlir"", ""--dry-run"", ""--matcher-mode"", ""egglog"", ""--telemetry-json"", ""/home/arjaiswal/Polygeist/issues/equality_saturation_eval/campaign_20260908/aten-aten_uniform_cpu-egglog-vj9q89he.json"", ""--disable-semantic-fallback""]","== match report for /home/arjaiswal/Polygeist/issues/aten_c_kernels/results/aten_uniform_cpu/debuf.mlir ==
  match          body#[0]  cudnnPointwiseGraph_f32
  total: 1 matched / 1 bodies
",0,[],0,0,0,0,/home/arjaiswal/Polygeist/issues/aten_c_kernels/results/aten_uniform_cpu/debuf.mlir,1875,8,1,1,471.97385504841805,0,65884,0.0,0,0,0,0,"[{""body_indices"": [0], ""symbol"": ""cudnnPointwiseGraph_f32""}]",1,0,0,0.0,56
aten,aten_uniform_cpu,/home/arjaiswal/Polygeist/issues/aten_c_kernels/results/aten_uniform_cpu/debuf.mlir,449df1ddb80fe93b7322cffad1279198e0a3b49c1590c150e21195551ee5e2ad,syntactic,2,ok,0,917.6435694098473,0,"[""/usr/bin/python3"", ""/home/arjaiswal/Polygeist/scripts/correctness/kernel_match_rewrite.py"", ""/home/arjaiswal/Polygeist/issues/aten_c_kernels/results/aten_uniform_cpu/debuf.mlir"", ""--dry-run"", ""--matcher-mode"", ""syntactic"", ""--telemetry-json"", ""/home/arjaiswal/Polygeist/issues/equality_saturation_eval/campaign_20260908/aten-aten_uniform_cpu-syntactic-j9jrb9t5.json"", ""--disable-semantic-fallback""]","== match report for /home/arjaiswal/Polygeist/issues/aten_c_kernels/results/aten_uniform_cpu/debuf.mlir ==
  match          body#[0]  cudnnPointwiseGraph_f32
  total: 1 matched / 1 bodies
",0,[],0,0,0,0,/home/arjaiswal/Polygeist/issues/aten_c_kernels/results/aten_uniform_cpu/debuf.mlir,1875,0,1,1,477.0609922707081,0,66024,0.1668296754360199,0,0,0,0,"[{""body_indices"": [0], ""symbol"": ""cudnnPointwiseGraph_f32""}]",1,0,56,0.0,56
aten,aten_uniform_cpu,/home/arjaiswal/Polygeist/issues/aten_c_kernels/results/aten_uniform_cpu/debuf.mlir,449df1ddb80fe93b7322cffad1279198e0a3b49c1590c150e21195551ee5e2ad,syntactic,3,ok,0,890.3536014258862,0,"[""/usr/bin/python3"", ""/home/arjaiswal/Polygeist/scripts/correctness/kernel_match_rewrite.py"", ""/home/arjaiswal/Polygeist/issues/aten_c_kernels/results/aten_uniform_cpu/debuf.mlir"", ""--dry-run"", ""--matcher-mode"", ""syntactic"", ""--telemetry-json"", ""/home/arjaiswal/Polygeist/issues/equality_saturation_eval/campaign_20260908/aten-aten_uniform_cpu-syntactic-656y5rcy.json"", ""--disable-semantic-fallback""]","== match report for /home/arjaiswal/Polygeist/issues/aten_c_kernels/results/aten_uniform_cpu/debuf.mlir ==
  match          body#[0]  cudnnPointwiseGraph_f32
  total: 1 matched / 1 bodies
",0,[],0,0,0,0,/home/arjaiswal/Polygeist/issues/aten_c_kernels/results/aten_uniform_cpu/debuf.mlir,1875,0,1,1,469.3424254655838,0,66020,0.15459954738616943,0,0,0,0,"[{""body_indices"": [0], ""symbol"": ""cudnnPointwiseGraph_f32""}]",1,0,56,0.0,56
aten,aten_uniform_cpu,/home/arjaiswal/Polygeist/issues/aten_c_kernels/results/aten_uniform_cpu/debuf.mlir,449df1ddb80fe93b7322cffad1279198e0a3b49c1590c150e21195551ee5e2ad,egglog,3,ok,0,903.3870846033096,0,"[""/usr/bin/python3"", ""/home/arjaiswal/Polygeist/scripts/correctness/kernel_match_rewrite.py"", ""/home/arjaiswal/Polygeist/issues/aten_c_kernels/results/aten_uniform_cpu/debuf.mlir"", ""--dry-run"", ""--matcher-mode"", ""egglog"", ""--telemetry-json"", ""/home/arjaiswal/Polygeist/issues/equality_saturation_eval/campaign_20260908/aten-aten_uniform_cpu-egglog-_vdreukj.json"", ""--disable-semantic-fallback""]","== match report for /home/arjaiswal/Polygeist/issues/aten_c_kernels/results/aten_uniform_cpu/debuf.mlir ==
  match          body#[0]  cudnnPointwiseGraph_f32
  total: 1 matched / 1 bodies
",0,[],0,0,0,0,/home/arjaiswal/Polygeist/issues/aten_c_kernels/results/aten_uniform_cpu/debuf.mlir,1875,8,1,1,468.74285116791725,0,65856,0.0,0,0,0,0,"[{""body_indices"": [0], ""symbol"": ""cudnnPointwiseGraph_f32""}]",1,0,0,0.0,56
aten,aten_uniform_cpu,/home/arjaiswal/Polygeist/issues/aten_c_kernels/results/aten_uniform_cpu/debuf.mlir,449df1ddb80fe93b7322cffad1279198e0a3b49c1590c150e21195551ee5e2ad,egglog,4,ok,0,867.7421845495701,0,"[""/usr/bin/python3"", ""/home/arjaiswal/Polygeist/scripts/correctness/kernel_match_rewrite.py"", ""/home/arjaiswal/Polygeist/issues/aten_c_kernels/results/aten_uniform_cpu/debuf.mlir"", ""--dry-run"", ""--matcher-mode"", ""egglog"", ""--telemetry-json"", ""/home/arjaiswal/Polygeist/issues/equality_saturation_eval/campaign_20260908/aten-aten_uniform_cpu-egglog-kal0ajvb.json"", ""--disable-semantic-fallback""]","== match report for /home/arjaiswal/Polygeist/issues/aten_c_kernels/results/aten_uniform_cpu/debuf.mlir ==
  match          body#[0]  cudnnPointwiseGraph_f32
  total: 1 matched / 1 bodies
",0,[],0,0,0,0,/home/arjaiswal/Polygeist/issues/aten_c_kernels/results/aten_uniform_cpu/debuf.mlir,1875,8,1,1,450.6440944969654,0,65976,0.0,0,0,0,0,"[{""body_indices"": [0], ""symbol"": ""cudnnPointwiseGraph_f32""}]",1,0,0,0.0,56
aten,aten_uniform_cpu,/home/arjaiswal/Polygeist/issues/aten_c_kernels/results/aten_uniform_cpu/debuf.mlir,449df1ddb80fe93b7322cffad1279198e0a3b49c1590c150e21195551ee5e2ad,syntactic,4,ok,0,845.3119061887264,0,"[""/usr/bin/python3"", ""/home/arjaiswal/Polygeist/scripts/correctness/kernel_match_rewrite.py"", ""/home/arjaiswal/Polygeist/issues/aten_c_kernels/results/aten_uniform_cpu/debuf.mlir"", ""--dry-run"", ""--matcher-mode"", ""syntactic"", ""--telemetry-json"", ""/home/arjaiswal/Polygeist/issues/equality_saturation_eval/campaign_20260908/aten-aten_uniform_cpu-syntactic-1_0ue7hb.json"", ""--disable-semantic-fallback""]","== match report for /home/arjaiswal/Polygeist/issues/aten_c_kernels/results/aten_uniform_cpu/debuf.mlir ==
  match          body#[0]  cudnnPointwiseGraph_f32
  total: 1 matched / 1 bodies
",0,[],0,0,0,0,/home/arjaiswal/Polygeist/issues/aten_c_kernels/results/aten_uniform_cpu/debuf.mlir,1875,0,1,1,439.6887384355068,0,65896,0.16127526760101318,0,0,0,0,"[{""body_indices"": [0], ""symbol"": ""cudnnPointwiseGraph_f32""}]",1,0,56,0.0,56
aten,aten_uniform_cpu,/home/arjaiswal/Polygeist/issues/aten_c_kernels/results/aten_uniform_cpu/debuf.mlir,449df1ddb80fe93b7322cffad1279198e0a3b49c1590c150e21195551ee5e2ad,syntactic,5,ok,0,869.2387342453003,0,"[""/usr/bin/python3"", ""/home/arjaiswal/Polygeist/scripts/correctness/kernel_match_rewrite.py"", ""/home/arjaiswal/Polygeist/issues/aten_c_kernels/results/aten_uniform_cpu/debuf.mlir"", ""--dry-run"", ""--matcher-mode"", ""syntactic"", ""--telemetry-json"", ""/home/arjaiswal/Polygeist/issues/equality_saturation_eval/campaign_20260908/aten-aten_uniform_cpu-syntactic-u12lulmr.json"", ""--disable-semantic-fallback""]","== match report for /home/arjaiswal/Polygeist/issues/aten_c_kernels/results/aten_uniform_cpu/debuf.mlir ==
  match          body#[0]  cudnnPointwiseGraph_f32
  total: 1 matched / 1 bodies
",0,[],0,0,0,0,/home/arjaiswal/Polygeist/issues/aten_c_kernels/results/aten_uniform_cpu/debuf.mlir,1875,0,1,1,444.15637478232384,0,65732,0.15989691019058228,0,0,0,0,"[{""body_indices"": [0], ""symbol"": ""cudnnPointwiseGraph_f32""}]",1,0,56,0.0,56
aten,aten_uniform_cpu,/home/arjaiswal/Polygeist/issues/aten_c_kernels/results/aten_uniform_cpu/debuf.mlir,449df1ddb80fe93b7322cffad1279198e0a3b49c1590c150e21195551ee5e2ad,egglog,5,ok,0,857.4312701821327,0,"[""/usr/bin/python3"", ""/home/arjaiswal/Polygeist/scripts/correctness/kernel_match_rewrite.py"", ""/home/arjaiswal/Polygeist/issues/aten_c_kernels/results/aten_uniform_cpu/debuf.mlir"", ""--dry-run"", ""--matcher-mode"", ""egglog"", ""--telemetry-json"", ""/home/arjaiswal/Polygeist/issues/equality_saturation_eval/campaign_20260908/aten-aten_uniform_cpu-egglog-9spfa9rs.json"", ""--disable-semantic-fallback""]","== match report for /home/arjaiswal/Polygeist/issues/aten_c_kernels/results/aten_uniform_cpu/debuf.mlir ==
  match          body#[0]  cudnnPointwiseGraph_f32
  total: 1 matched / 1 bodies
",0,[],0,0,0,0,/home/arjaiswal/Polygeist/issues/aten_c_kernels/results/aten_uniform_cpu/debuf.mlir,1875,8,1,1,446.3798776268959,0,65852,0.0,0,0,0,0,"[{""body_indices"": [0], ""symbol"": ""cudnnPointwiseGraph_f32""}]",1,0,0,0.0,56
aten,aten_unique_bool_cpu,/home/arjaiswal/Polygeist/issues/aten_c_kernels/results/aten_unique_bool_cpu/debuf.mlir,ace92dfc02295fe899877bd835394d123f05fd979e1f6005a6257f29db079e21,egglog,1,ok,0,673.452515155077,0,"[""/usr/bin/python3"", ""/home/arjaiswal/Polygeist/scripts/correctness/kernel_match_rewrite.py"", ""/home/arjaiswal/Polygeist/issues/aten_c_kernels/results/aten_unique_bool_cpu/debuf.mlir"", ""--dry-run"", ""--matcher-mode"", ""egglog"", ""--telemetry-json"", ""/home/arjaiswal/Polygeist/issues/equality_saturation_eval/campaign_20260908/aten-aten_unique_bool_cpu-egglog-czkul5x3.json"", ""--disable-semantic-fallback""]","== match report for /home/arjaiswal/Polygeist/issues/aten_c_kernels/results/aten_unique_bool_cpu/debuf.mlir ==
  total: 0 matched / 0 bodies
",0,[],0,0,0,0,/home/arjaiswal/Polygeist/issues/aten_c_kernels/results/aten_unique_bool_cpu/debuf.mlir,2612,8,0,0,264.1291432082653,0,64544,0.0,0,0,0,0,[],0,0,0,0.0,0
aten,aten_unique_bool_cpu,/home/arjaiswal/Polygeist/issues/aten_c_kernels/results/aten_unique_bool_cpu/debuf.mlir,ace92dfc02295fe899877bd835394d123f05fd979e1f6005a6257f29db079e21,syntactic,1,ok,0,679.7012649476528,0,"[""/usr/bin/python3"", ""/home/arjaiswal/Polygeist/scripts/correctness/kernel_match_rewrite.py"", ""/home/arjaiswal/Polygeist/issues/aten_c_kernels/results/aten_unique_bool_cpu/debuf.mlir"", ""--dry-run"", ""--matcher-mode"", ""syntactic"", ""--telemetry-json"", ""/home/arjaiswal/Polygeist/issues/equality_saturation_eval/campaign_20260908/aten-aten_unique_bool_cpu-syntactic-eklnlz7u.json"", ""--disable-semantic-fallback""]","== match report for /home/arjaiswal/Polygeist/issues/aten_c_kernels/results/aten_unique_bool_cpu/debuf.mlir ==
  total: 0 matched / 0 bodies
",0,[],0,0,0,0,/home/arjaiswal/Polygeist/issues/aten_c_kernels/results/aten_unique_bool_cpu/debuf.mlir,2612,0,0,0,265.4725983738899,0,64644,0.0,0,0,0,0,[],0,0,0,0.0,0
aten,aten_unique_bool_cpu,/home/arjaiswal/Polygeist/issues/aten_c_kernels/results/aten_unique_bool_cpu/debuf.mlir,ace92dfc02295fe899877bd835394d123f05fd979e1f6005a6257f29db079e21,syntactic,2,ok,0,723.2750542461872,0,"[""/usr/bin/python3"", ""/home/arjaiswal/Polygeist/scripts/correctness/kernel_match_rewrite.py"", ""/home/arjaiswal/Polygeist/issues/aten_c_kernels/results/aten_unique_bool_cpu/debuf.mlir"", ""--dry-run"", ""--matcher-mode"", ""syntactic"", ""--telemetry-json"", ""/home/arjaiswal/Polygeist/issues/equality_saturation_eval/campaign_20260908/aten-aten_unique_bool_cpu-syntactic-lb4jrtxl.json"", ""--disable-semantic-fallback""]","== match report for /home/arjaiswal/Polygeist/issues/aten_c_kernels/results/aten_unique_bool_cpu/debuf.mlir ==
  total: 0 matched / 0 bodies
",0,[],0,0,0,0,/home/arjaiswal/Polygeist/issues/aten_c_kernels/results/aten_unique_bool_cpu/debuf.mlir,2612,0,0,0,259.9665969610214,0,64676,0.0,0,0,0,0,[],0,0,0,0.0,0
aten,aten_unique_bool_cpu,/home/arjaiswal/Polygeist/issues/aten_c_kernels/results/aten_unique_bool_cpu/debuf.mlir,ace92dfc02295fe899877bd835394d123f05fd979e1f6005a6257f29db079e21,egglog,2,ok,0,682.8745566308498,0,"[""/usr/bin/python3"", ""/home/arjaiswal/Polygeist/scripts/correctness/kernel_match_rewrite.py"", ""/home/arjaiswal/Polygeist/issues/aten_c_kernels/results/aten_unique_bool_cpu/debuf.mlir"", ""--dry-run"", ""--matcher-mode"", ""egglog"", ""--telemetry-json"", ""/home/arjaiswal/Polygeist/issues/equality_saturation_eval/campaign_20260908/aten-aten_unique_bool_cpu-egglog-e70fn0t9.json"", ""--disable-semantic-fallback""]","== match report for /home/arjaiswal/Polygeist/issues/aten_c_kernels/results/aten_unique_bool_cpu/debuf.mlir ==
  total: 0 matched / 0 bodies
",0,[],0,0,0,0,/home/arjaiswal/Polygeist/issues/aten_c_kernels/results/aten_unique_bool_cpu/debuf.mlir,2612,8,0,0,266.1855071783066,0,64856,0.0,0,0,0,0,[],0,0,0,0.0,0
aten,aten_unique_bool_cpu,/home/arjaiswal/Polygeist/issues/aten_c_kernels/results/aten_unique_bool_cpu/debuf.mlir,ace92dfc02295fe899877bd835394d123f05fd979e1f6005a6257f29db079e21,egglog,3,ok,0,697.2972378134727,0,"[""/usr/bin/python3"", ""/home/arjaiswal/Polygeist/scripts/correctness/kernel_match_rewrite.py"", ""/home/arjaiswal/Polygeist/issues/aten_c_kernels/results/aten_unique_bool_cpu/debuf.mlir"", ""--dry-run"", ""--matcher-mode"", ""egglog"", ""--telemetry-json"", ""/home/arjaiswal/Polygeist/issues/equality_saturation_eval/campaign_20260908/aten-aten_unique_bool_cpu-egglog-_uxlet7l.json"", ""--disable-semantic-fallback""]","== match report for /home/arjaiswal/Polygeist/issues/aten_c_kernels/results/aten_unique_bool_cpu/debuf.mlir ==
  total: 0 matched / 0 bodies
",0,[],0,0,0,0,/home/arjaiswal/Polygeist/issues/aten_c_kernels/results/aten_unique_bool_cpu/debuf.mlir,2612,8,0,0,268.363781273365,0,64792,0.0,0,0,0,0,[],0,0,0,0.0,0
aten,aten_unique_bool_cpu,/home/arjaiswal/Polygeist/issues/aten_c_kernels/results/aten_unique_bool_cpu/debuf.mlir,ace92dfc02295fe899877bd835394d123f05fd979e1f6005a6257f29db079e21,syntactic,3,ok,0,674.6906600892544,0,"[""/usr/bin/python3"", ""/home/arjaiswal/Polygeist/scripts/correctness/kernel_match_rewrite.py"", ""/home/arjaiswal/Polygeist/issues/aten_c_kernels/results/aten_unique_bool_cpu/debuf.mlir"", ""--dry-run"", ""--matcher-mode"", ""syntactic"", ""--telemetry-json"", ""/home/arjaiswal/Polygeist/issues/equality_saturation_eval/campaign_20260908/aten-aten_unique_bool_cpu-syntactic-g88lkloq.json"", ""--disable-semantic-fallback""]","== match report for /home/arjaiswal/Polygeist/issues/aten_c_kernels/results/aten_unique_bool_cpu/debuf.mlir ==
  total: 0 matched / 0 bodies
",0,[],0,0,0,0,/home/arjaiswal/Polygeist/issues/aten_c_kernels/results/aten_unique_bool_cpu/debuf.mlir,2612,0,0,0,250.78198686242104,0,64788,0.0,0,0,0,0,[],0,0,0,0.0,0
aten,aten_unique_bool_cpu,/home/arjaiswal/Polygeist/issues/aten_c_kernels/results/aten_unique_bool_cpu/debuf.mlir,ace92dfc02295fe899877bd835394d123f05fd979e1f6005a6257f29db079e21,syntactic,4,ok,0,680.3707256913185,0,"[""/usr/bin/python3"", ""/home/arjaiswal/Polygeist/scripts/correctness/kernel_match_rewrite.py"", ""/home/arjaiswal/Polygeist/issues/aten_c_kernels/results/aten_unique_bool_cpu/debuf.mlir"", ""--dry-run"", ""--matcher-mode"", ""syntactic"", ""--telemetry-json"", ""/home/arjaiswal/Polygeist/issues/equality_saturation_eval/campaign_20260908/aten-aten_unique_bool_cpu-syntactic-441_ikav.json"", ""--disable-semantic-fallback""]","== match report for /home/arjaiswal/Polygeist/issues/aten_c_kernels/results/aten_unique_bool_cpu/debuf.mlir ==
  total: 0 matched / 0 bodies
",0,[],0,0,0,0,/home/arjaiswal/Polygeist/issues/aten_c_kernels/results/aten_unique_bool_cpu/debuf.mlir,2612,0,0,0,257.9936720430851,0,64788,0.0,0,0,0,0,[],0,0,0,0.0,0
aten,aten_unique_bool_cpu,/home/arjaiswal/Polygeist/issues/aten_c_kernels/results/aten_unique_bool_cpu/debuf.mlir,ace92dfc02295fe899877bd835394d123f05fd979e1f6005a6257f29db079e21,egglog,4,ok,0,684.367299079895,0,"[""/usr/bin/python3"", ""/home/arjaiswal/Polygeist/scripts/correctness/kernel_match_rewrite.py"", ""/home/arjaiswal/Polygeist/issues/aten_c_kernels/results/aten_unique_bool_cpu/debuf.mlir"", ""--dry-run"", ""--matcher-mode"", ""egglog"", ""--telemetry-json"", ""/home/arjaiswal/Polygeist/issues/equality_saturation_eval/campaign_20260908/aten-aten_unique_bool_cpu-egglog-5rz213d_.json"", ""--disable-semantic-fallback""]","== match report for /home/arjaiswal/Polygeist/issues/aten_c_kernels/results/aten_unique_bool_cpu/debuf.mlir ==
  total: 0 matched / 0 bodies
",0,[],0,0,0,0,/home/arjaiswal/Polygeist/issues/aten_c_kernels/results/aten_unique_bool_cpu/debuf.mlir,2612,8,0,0,273.24967086315155,0,64736,0.0,0,0,0,0,[],0,0,0,0.0,0
aten,aten_unique_bool_cpu,/home/arjaiswal/Polygeist/issues/aten_c_kernels/results/aten_unique_bool_cpu/debuf.mlir,ace92dfc02295fe899877bd835394d123f05fd979e1f6005a6257f29db079e21,egglog,5,ok,0,659.4003029167652,0,"[""/usr/bin/python3"", ""/home/arjaiswal/Polygeist/scripts/correctness/kernel_match_rewrite.py"", ""/home/arjaiswal/Polygeist/issues/aten_c_kernels/results/aten_unique_bool_cpu/debuf.mlir"", ""--dry-run"", ""--matcher-mode"", ""egglog"", ""--telemetry-json"", ""/home/arjaiswal/Polygeist/issues/equality_saturation_eval/campaign_20260908/aten-aten_unique_bool_cpu-egglog-bpr02v83.json"", ""--disable-semantic-fallback""]","== match report for /home/arjaiswal/Polygeist/issues/aten_c_kernels/results/aten_unique_bool_cpu/debuf.mlir ==
  total: 0 matched / 0 bodies
",0,[],0,0,0,0,/home/arjaiswal/Polygeist/issues/aten_c_kernels/results/aten_unique_bool_cpu/debuf.mlir,2612,8,0,0,248.35823476314545,0,64632,0.0,0,0,0,0,[],0,0,0,0.0,0
aten,aten_unique_bool_cpu,/home/arjaiswal/Polygeist/issues/aten_c_kernels/results/aten_unique_bool_cpu/debuf.mlir,ace92dfc02295fe899877bd835394d123f05fd979e1f6005a6257f29db079e21,syntactic,5,ok,0,657.5888954102993,0,"[""/usr/bin/python3"", ""/home/arjaiswal/Polygeist/scripts/correctness/kernel_match_rewrite.py"", ""/home/arjaiswal/Polygeist/issues/aten_c_kernels/results/aten_unique_bool_cpu/debuf.mlir"", ""--dry-run"", ""--matcher-mode"", ""syntactic"", ""--telemetry-json"", ""/home/arjaiswal/Polygeist/issues/equality_saturation_eval/campaign_20260908/aten-aten_unique_bool_cpu-syntactic-vkue41ap.json"", ""--disable-semantic-fallback""]","== match report for /home/arjaiswal/Polygeist/issues/aten_c_kernels/results/aten_unique_bool_cpu/debuf.mlir ==
  total: 0 matched / 0 bodies
",0,[],0,0,0,0,/home/arjaiswal/Polygeist/issues/aten_c_kernels/results/aten_unique_bool_cpu/debuf.mlir,2612,0,0,0,252.62802094221115,0,64804,0.0,0,0,0,0,[],0,0,0,0.0,0
aten,aten_unique_consecutive_cpu,/home/arjaiswal/Polygeist/issues/aten_c_kernels/results/aten_unique_consecutive_cpu/debuf.mlir,f478aefd5587c758ee0502cb32bd1bd89adf9fc00c76a79e3e84902ca94d5c30,syntactic,1,ok,0,731.7687533795834,0,"[""/usr/bin/python3"", ""/home/arjaiswal/Polygeist/scripts/correctness/kernel_match_rewrite.py"", ""/home/arjaiswal/Polygeist/issues/aten_c_kernels/results/aten_unique_consecutive_cpu/debuf.mlir"", ""--dry-run"", ""--matcher-mode"", ""syntactic"", ""--telemetry-json"", ""/home/arjaiswal/Polygeist/issues/equality_saturation_eval/campaign_20260908/aten-aten_unique_consecutive_cpu-syntactic-q5qc86z3.json"", ""--disable-semantic-fallback""]","== match report for /home/arjaiswal/Polygeist/issues/aten_c_kernels/results/aten_unique_consecutive_cpu/debuf.mlir ==
  total: 0 matched / 0 bodies
",0,[],0,0,0,0,/home/arjaiswal/Polygeist/issues/aten_c_kernels/results/aten_unique_consecutive_cpu/debuf.mlir,2973,0,0,0,297.28325456380844,0,64532,0.0,0,0,0,0,[],0,0,0,0.0,0
aten,aten_unique_consecutive_cpu,/home/arjaiswal/Polygeist/issues/aten_c_kernels/results/aten_unique_consecutive_cpu/debuf.mlir,f478aefd5587c758ee0502cb32bd1bd89adf9fc00c76a79e3e84902ca94d5c30,egglog,1,ok,0,692.5120651721954,0,"[""/usr/bin/python3"", ""/home/arjaiswal/Polygeist/scripts/correctness/kernel_match_rewrite.py"", ""/home/arjaiswal/Polygeist/issues/aten_c_kernels/results/aten_unique_consecutive_cpu/debuf.mlir"", ""--dry-run"", ""--matcher-mode"", ""egglog"", ""--telemetry-json"", ""/home/arjaiswal/Polygeist/issues/equality_saturation_eval/campaign_20260908/aten-aten_unique_consecutive_cpu-egglog-emsj2aa_.json"", ""--disable-semantic-fallback""]","== match report for /home/arjaiswal/Polygeist/issues/aten_c_kernels/results/aten_unique_consecutive_cpu/debuf.mlir ==
  total: 0 matched / 0 bodies
",0,[],0,0,0,0,/home/arjaiswal/Polygeist/issues/aten_c_kernels/results/aten_unique_consecutive_cpu/debuf.mlir,2973,8,0,0,272.97915890812874,0,64716,0.0,0,0,0,0,[],0,0,0,0.0,0
aten,aten_unique_consecutive_cpu,/home/arjaiswal/Polygeist/issues/aten_c_kernels/results/aten_unique_consecutive_cpu/debuf.mlir,f478aefd5587c758ee0502cb32bd1bd89adf9fc00c76a79e3e84902ca94d5c30,egglog,2,ok,0,674.318540841341,0,"[""/usr/bin/python3"", ""/home/arjaiswal/Polygeist/scripts/correctness/kernel_match_rewrite.py"", ""/home/arjaiswal/Polygeist/issues/aten_c_kernels/results/aten_unique_consecutive_cpu/debuf.mlir"", ""--dry-run"", ""--matcher-mode"", ""egglog"", ""--telemetry-json"", ""/home/arjaiswal/Polygeist/issues/equality_saturation_eval/campaign_20260908/aten-aten_unique_consecutive_cpu-egglog-6ufm3si3.json"", ""--disable-semantic-fallback""]","== match report for /home/arjaiswal/Polygeist/issues/aten_c_kernels/results/aten_unique_consecutive_cpu/debuf.mlir ==
  total: 0 matched / 0 bodies
",0,[],0,0,0,0,/home/arjaiswal/Polygeist/issues/aten_c_kernels/results/aten_unique_consecutive_cpu/debuf.mlir,2973,8,0,0,255.81561774015427,0,64848,0.0,0,0,0,0,[],0,0,0,0.0,0
aten,aten_unique_consecutive_cpu,/home/arjaiswal/Polygeist/issues/aten_c_kernels/results/aten_unique_consecutive_cpu/debuf.mlir,f478aefd5587c758ee0502cb32bd1bd89adf9fc00c76a79e3e84902ca94d5c30,syntactic,2,ok,0,664.6225973963737,0,"[""/usr/bin/python3"", ""/home/arjaiswal/Polygeist/scripts/correctness/kernel_match_rewrite.py"", ""/home/arjaiswal/Polygeist/issues/aten_c_kernels/results/aten_unique_consecutive_cpu/debuf.mlir"", ""--dry-run"", ""--matcher-mode"", ""syntactic"", ""--telemetry-json"", ""/home/arjaiswal/Polygeist/issues/equality_saturation_eval/campaign_20260908/aten-aten_unique_consecutive_cpu-syntactic-7mcld4jl.json"", ""--disable-semantic-fallback""]","== match report for /home/arjaiswal/Polygeist/issues/aten_c_kernels/results/aten_unique_consecutive_cpu/debuf.mlir ==
  total: 0 matched / 0 bodies
",0,[],0,0,0,0,/home/arjaiswal/Polygeist/issues/aten_c_kernels/results/aten_unique_consecutive_cpu/debuf.mlir,2973,0,0,0,254.9639828503132,0,64756,0.0,0,0,0,0,[],0,0,0,0.0,0
aten,aten_unique_consecutive_cpu,/home/arjaiswal/Polygeist/issues/aten_c_kernels/results/aten_unique_consecutive_cpu/debuf.mlir,f478aefd5587c758ee0502cb32bd1bd89adf9fc00c76a79e3e84902ca94d5c30,syntactic,3,ok,0,680.8346770703793,0,"[""/usr/bin/python3"", ""/home/arjaiswal/Polygeist/scripts/correctness/kernel_match_rewrite.py"", ""/home/arjaiswal/Polygeist/issues/aten_c_kernels/results/aten_unique_consecutive_cpu/debuf.mlir"", ""--dry-run"", ""--matcher-mode"", ""syntactic"", ""--telemetry-json"", ""/home/arjaiswal/Polygeist/issues/equality_saturation_eval/campaign_20260908/aten-aten_unique_consecutive_cpu-syntactic-f743sq6l.json"", ""--disable-semantic-fallback""]","== match report for /home/arjaiswal/Polygeist/issues/aten_c_kernels/results/aten_unique_consecutive_cpu/debuf.mlir ==
  total: 0 matched / 0 bodies
",0,[],0,0,0,0,/home/arjaiswal/Polygeist/issues/aten_c_kernels/results/aten_unique_consecutive_cpu/debuf.mlir,2973,0,0,0,256.8002678453922,0,64632,0.0,0,0,0,0,[],0,0,0,0.0,0
aten,aten_unique_consecutive_cpu,/home/arjaiswal/Polygeist/issues/aten_c_kernels/results/aten_unique_consecutive_cpu/debuf.mlir,f478aefd5587c758ee0502cb32bd1bd89adf9fc00c76a79e3e84902ca94d5c30,egglog,3,ok,0,667.6523499190807,0,"[""/usr/bin/python3"", ""/home/arjaiswal/Polygeist/scripts/correctness/kernel_match_rewrite.py"", ""/home/arjaiswal/Polygeist/issues/aten_c_kernels/results/aten_unique_consecutive_cpu/debuf.mlir"", ""--dry-run"", ""--matcher-mode"", ""egglog"", ""--telemetry-json"", ""/home/arjaiswal/Polygeist/issues/equality_saturation_eval/campaign_20260908/aten-aten_unique_consecutive_cpu-egglog-59p54got.json"", ""--disable-semantic-fallback""]","== match report for /home/arjaiswal/Polygeist/issues/aten_c_kernels/results/aten_unique_consecutive_cpu/debuf.mlir ==
  total: 0 matched / 0 bodies
",0,[],0,0,0,0,/home/arjaiswal/Polygeist/issues/aten_c_kernels/results/aten_unique_consecutive_cpu/debuf.mlir,2973,8,0,0,266.0549394786358,0,64628,0.0,0,0,0,0,[],0,0,0,0.0,0
aten,aten_unique_consecutive_cpu,/home/arjaiswal/Polygeist/issues/aten_c_kernels/results/aten_unique_consecutive_cpu/debuf.mlir,f478aefd5587c758ee0502cb32bd1bd89adf9fc00c76a79e3e84902ca94d5c30,egglog,4,ok,0,668.4697084128857,0,"[""/usr/bin/python3"", ""/home/arjaiswal/Polygeist/scripts/correctness/kernel_match_rewrite.py"", ""/home/arjaiswal/Polygeist/issues/aten_c_kernels/results/aten_unique_consecutive_cpu/debuf.mlir"", ""--dry-run"", ""--matcher-mode"", ""egglog"", ""--telemetry-json"", ""/home/arjaiswal/Polygeist/issues/equality_saturation_eval/campaign_20260908/aten-aten_unique_consecutive_cpu-egglog-7qqq1rl7.json"", ""--disable-semantic-fallback""]","== match report for /home/arjaiswal/Polygeist/issues/aten_c_kernels/results/aten_unique_consecutive_cpu/debuf.mlir ==
  total: 0 matched / 0 bodies
",0,[],0,0,0,0,/home/arjaiswal/Polygeist/issues/aten_c_kernels/results/aten_unique_consecutive_cpu/debuf.mlir,2973,8,0,0,255.45910373330116,0,64692,0.0,0,0,0,0,[],0,0,0,0.0,0
aten,aten_unique_consecutive_cpu,/home/arjaiswal/Polygeist/issues/aten_c_kernels/results/aten_unique_consecutive_cpu/debuf.mlir,f478aefd5587c758ee0502cb32bd1bd89adf9fc00c76a79e3e84902ca94d5c30,syntactic,4,ok,0,672.3005026578903,0,"[""/usr/bin/python3"", ""/home/arjaiswal/Polygeist/scripts/correctness/kernel_match_rewrite.py"", ""/home/arjaiswal/Polygeist/issues/aten_c_kernels/results/aten_unique_consecutive_cpu/debuf.mlir"", ""--dry-run"", ""--matcher-mode"", ""syntactic"", ""--telemetry-json"", ""/home/arjaiswal/Polygeist/issues/equality_saturation_eval/campaign_20260908/aten-aten_unique_consecutive_cpu-syntactic-udi1l42a.json"", ""--disable-semantic-fallback""]","== match report for /home/arjaiswal/Polygeist/issues/aten_c_kernels/results/aten_unique_consecutive_cpu/debuf.mlir ==
  total: 0 matched / 0 bodies
",0,[],0,0,0,0,/home/arjaiswal/Polygeist/issues/aten_c_kernels/results/aten_unique_consecutive_cpu/debuf.mlir,2973,0,0,0,248.27652052044868,0,64676,0.0,0,0,0,0,[],0,0,0,0.0,0
aten,aten_unique_consecutive_cpu,/home/arjaiswal/Polygeist/issues/aten_c_kernels/results/aten_unique_consecutive_cpu/debuf.mlir,f478aefd5587c758ee0502cb32bd1bd89adf9fc00c76a79e3e84902ca94d5c30,syntactic,5,ok,0,675.3503493964672,0,"[""/usr/bin/python3"", ""/home/arjaiswal/Polygeist/scripts/correctness/kernel_match_rewrite.py"", ""/home/arjaiswal/Polygeist/issues/aten_c_kernels/results/aten_unique_consecutive_cpu/debuf.mlir"", ""--dry-run"", ""--matcher-mode"", ""syntactic"", ""--telemetry-json"", ""/home/arjaiswal/Polygeist/issues/equality_saturation_eval/campaign_20260908/aten-aten_unique_consecutive_cpu-syntactic-7z49i4kw.json"", ""--disable-semantic-fallback""]","== match report for /home/arjaiswal/Polygeist/issues/aten_c_kernels/results/aten_unique_consecutive_cpu/debuf.mlir ==
  total: 0 matched / 0 bodies
",0,[],0,0,0,0,/home/arjaiswal/Polygeist/issues/aten_c_kernels/results/aten_unique_consecutive_cpu/debuf.mlir,2973,0,0,0,251.26253440976143,0,64720,0.0,0,0,0,0,[],0,0,0,0.0,0
aten,aten_unique_consecutive_cpu,/home/arjaiswal/Polygeist/issues/aten_c_kernels/results/aten_unique_consecutive_cpu/debuf.mlir,f478aefd5587c758ee0502cb32bd1bd89adf9fc00c76a79e3e84902ca94d5c30,egglog,5,ok,0,688.6675767600536,0,"[""/usr/bin/python3"", ""/home/arjaiswal/Polygeist/scripts/correctness/kernel_match_rewrite.py"", ""/home/arjaiswal/Polygeist/issues/aten_c_kernels/results/aten_unique_consecutive_cpu/debuf.mlir"", ""--dry-run"", ""--matcher-mode"", ""egglog"", ""--telemetry-json"", ""/home/arjaiswal/Polygeist/issues/equality_saturation_eval/campaign_20260908/aten-aten_unique_consecutive_cpu-egglog-ahptbe8h.json"", ""--disable-semantic-fallback""]","== match report for /home/arjaiswal/Polygeist/issues/aten_c_kernels/results/aten_unique_consecutive_cpu/debuf.mlir ==
  total: 0 matched / 0 bodies
",0,[],0,0,0,0,/home/arjaiswal/Polygeist/issues/aten_c_kernels/results/aten_unique_consecutive_cpu/debuf.mlir,2973,8,0,0,262.0249353349209,0,64816,0.0,0,0,0,0,[],0,0,0,0.0,0
aten,aten_unique_dim_impl_cpu,/home/arjaiswal/Polygeist/issues/aten_c_kernels/results/aten_unique_dim_impl_cpu/debuf.mlir,ce6ff97582d0857bbc1d3e35322057f3fd3501a13d27fc1e1fa504a73c6fa007,egglog,1,ok,0,742.7769638597965,0,"[""/usr/bin/python3"", ""/home/arjaiswal/Polygeist/scripts/correctness/kernel_match_rewrite.py"", ""/home/arjaiswal/Polygeist/issues/aten_c_kernels/results/aten_unique_dim_impl_cpu/debuf.mlir"", ""--dry-run"", ""--matcher-mode"", ""egglog"", ""--telemetry-json"", ""/home/arjaiswal/Polygeist/issues/equality_saturation_eval/campaign_20260908/aten-aten_unique_dim_impl_cpu-egglog-3ph54n5l.json"", ""--disable-semantic-fallback""]","== match report for /home/arjaiswal/Polygeist/issues/aten_c_kernels/results/aten_unique_dim_impl_cpu/debuf.mlir ==
  no_match       body#0  ?
  total: 0 matched / 1 bodies
",0,[],0,0,0,0,/home/arjaiswal/Polygeist/issues/aten_c_kernels/results/aten_unique_dim_impl_cpu/debuf.mlir,2764,8,1,0,315.6515993177891,1,65812,0.0,0,0,0,0,[],0,0,0,0.0,8
aten,aten_unique_dim_impl_cpu,/home/arjaiswal/Polygeist/issues/aten_c_kernels/results/aten_unique_dim_impl_cpu/debuf.mlir,ce6ff97582d0857bbc1d3e35322057f3fd3501a13d27fc1e1fa504a73c6fa007,syntactic,1,ok,0,732.8624352812767,0,"[""/usr/bin/python3"", ""/home/arjaiswal/Polygeist/scripts/correctness/kernel_match_rewrite.py"", ""/home/arjaiswal/Polygeist/issues/aten_c_kernels/results/aten_unique_dim_impl_cpu/debuf.mlir"", ""--dry-run"", ""--matcher-mode"", ""syntactic"", ""--telemetry-json"", ""/home/arjaiswal/Polygeist/issues/equality_saturation_eval/campaign_20260908/aten-aten_unique_dim_impl_cpu-syntactic-1r22nf2q.json"", ""--disable-semantic-fallback""]","== match report for /home/arjaiswal/Polygeist/issues/aten_c_kernels/results/aten_unique_dim_impl_cpu/debuf.mlir ==
  no_match       body#0  ?
  total: 0 matched / 1 bodies
",0,[],0,0,0,0,/home/arjaiswal/Polygeist/issues/aten_c_kernels/results/aten_unique_dim_impl_cpu/debuf.mlir,2764,0,1,0,314.9680532515049,1,65772,0.044737011194229126,0,0,0,0,[],0,0,8,0.0,8
aten,aten_unique_dim_impl_cpu,/home/arjaiswal/Polygeist/issues/aten_c_kernels/results/aten_unique_dim_impl_cpu/debuf.mlir,ce6ff97582d0857bbc1d3e35322057f3fd3501a13d27fc1e1fa504a73c6fa007,syntactic,2,ok,0,719.6255400776863,0,"[""/usr/bin/python3"", ""/home/arjaiswal/Polygeist/scripts/correctness/kernel_match_rewrite.py"", ""/home/arjaiswal/Polygeist/issues/aten_c_kernels/results/aten_unique_dim_impl_cpu/debuf.mlir"", ""--dry-run"", ""--matcher-mode"", ""syntactic"", ""--telemetry-json"", ""/home/arjaiswal/Polygeist/issues/equality_saturation_eval/campaign_20260908/aten-aten_unique_dim_impl_cpu-syntactic-a29tvg01.json"", ""--disable-semantic-fallback""]","== match report for /home/arjaiswal/Polygeist/issues/aten_c_kernels/results/aten_unique_dim_impl_cpu/debuf.mlir ==
  no_match       body#0  ?
  total: 0 matched / 1 bodies
",0,[],0,0,0,0,/home/arjaiswal/Polygeist/issues/aten_c_kernels/results/aten_unique_dim_impl_cpu/debuf.mlir,2764,0,1,0,314.25825878977776,1,66032,0.04446879029273987,0,0,0,0,[],0,0,8,0.0,8
aten,aten_unique_dim_impl_cpu,/home/arjaiswal/Polygeist/issues/aten_c_kernels/results/aten_unique_dim_impl_cpu/debuf.mlir,ce6ff97582d0857bbc1d3e35322057f3fd3501a13d27fc1e1fa504a73c6fa007,egglog,2,ok,0,746.0922971367836,0,"[""/usr/bin/python3"", ""/home/arjaiswal/Polygeist/scripts/correctness/kernel_match_rewrite.py"", ""/home/arjaiswal/Polygeist/issues/aten_c_kernels/results/aten_unique_dim_impl_cpu/debuf.mlir"", ""--dry-run"", ""--matcher-mode"", ""egglog"", ""--telemetry-json"", ""/home/arjaiswal/Polygeist/issues/equality_saturation_eval/campaign_20260908/aten-aten_unique_dim_impl_cpu-egglog-16midm1_.json"", ""--disable-semantic-fallback""]","== match report for /home/arjaiswal/Polygeist/issues/aten_c_kernels/results/aten_unique_dim_impl_cpu/debuf.mlir ==
  no_match       body#0  ?
  total: 0 matched / 1 bodies
",0,[],0,0,0,0,/home/arjaiswal/Polygeist/issues/aten_c_kernels/results/aten_unique_dim_impl_cpu/debuf.mlir,2764,8,1,0,328.4692130982876,1,65968,0.0,0,0,0,0,[],0,0,0,0.0,8
aten,aten_unique_dim_impl_cpu,/home/arjaiswal/Polygeist/issues/aten_c_kernels/results/aten_unique_dim_impl_cpu/debuf.mlir,ce6ff97582d0857bbc1d3e35322057f3fd3501a13d27fc1e1fa504a73c6fa007,egglog,3,ok,0,747.6298958063126,0,"[""/usr/bin/python3"", ""/home/arjaiswal/Polygeist/scripts/correctness/kernel_match_rewrite.py"", ""/home/arjaiswal/Polygeist/issues/aten_c_kernels/results/aten_unique_dim_impl_cpu/debuf.mlir"", ""--dry-run"", ""--matcher-mode"", ""egglog"", ""--telemetry-json"", ""/home/arjaiswal/Polygeist/issues/equality_saturation_eval/campaign_20260908/aten-aten_unique_dim_impl_cpu-egglog-1x60eo2p.json"", ""--disable-semantic-fallback""]","== match report for /home/arjaiswal/Polygeist/issues/aten_c_kernels/results/aten_unique_dim_impl_cpu/debuf.mlir ==
  no_match       body#0  ?
  total: 0 matched / 1 bodies
",0,[],0,0,0,0,/home/arjaiswal/Polygeist/issues/aten_c_kernels/results/aten_unique_dim_impl_cpu/debuf.mlir,2764,8,1,0,323.66109639406204,1,65732,0.0,0,0,0,0,[],0,0,0,0.0,8
aten,aten_unique_dim_impl_cpu,/home/arjaiswal/Polygeist/issues/aten_c_kernels/results/aten_unique_dim_impl_cpu/debuf.mlir,ce6ff97582d0857bbc1d3e35322057f3fd3501a13d27fc1e1fa504a73c6fa007,syntactic,3,ok,0,776.3941995799541,0,"[""/usr/bin/python3"", ""/home/arjaiswal/Polygeist/scripts/correctness/kernel_match_rewrite.py"", ""/home/arjaiswal/Polygeist/issues/aten_c_kernels/results/aten_unique_dim_impl_cpu/debuf.mlir"", ""--dry-run"", ""--matcher-mode"", ""syntactic"", ""--telemetry-json"", ""/home/arjaiswal/Polygeist/issues/equality_saturation_eval/campaign_20260908/aten-aten_unique_dim_impl_cpu-syntactic-oumu645s.json"", ""--disable-semantic-fallback""]","== match report for /home/arjaiswal/Polygeist/issues/aten_c_kernels/results/aten_unique_dim_impl_cpu/debuf.mlir ==
  no_match       body#0  ?
  total: 0 matched / 1 bodies
",0,[],0,0,0,0,/home/arjaiswal/Polygeist/issues/aten_c_kernels/results/aten_unique_dim_impl_cpu/debuf.mlir,2764,0,1,0,355.04983738064766,1,66072,0.049151480197906494,0,0,0,0,[],0,0,8,0.0,8
aten,aten_unique_dim_impl_cpu,/home/arjaiswal/Polygeist/issues/aten_c_kernels/results/aten_unique_dim_impl_cpu/debuf.mlir,ce6ff97582d0857bbc1d3e35322057f3fd3501a13d27fc1e1fa504a73c6fa007,syntactic,4,ok,0,880.8536194264889,0,"[""/usr/bin/python3"", ""/home/arjaiswal/Polygeist/scripts/correctness/kernel_match_rewrite.py"", ""/home/arjaiswal/Polygeist/issues/aten_c_kernels/results/aten_unique_dim_impl_cpu/debuf.mlir"", ""--dry-run"", ""--matcher-mode"", ""syntactic"", ""--telemetry-json"", ""/home/arjaiswal/Polygeist/issues/equality_saturation_eval/campaign_20260908/aten-aten_unique_dim_impl_cpu-syntactic-6_8cai87.json"", ""--disable-semantic-fallback""]","== match report for /home/arjaiswal/Polygeist/issues/aten_c_kernels/results/aten_unique_dim_impl_cpu/debuf.mlir ==
  no_match       body#0  ?
  total: 0 matched / 1 bodies
",0,[],0,0,0,0,/home/arjaiswal/Polygeist/issues/aten_c_kernels/results/aten_unique_dim_impl_cpu/debuf.mlir,2764,0,1,0,373.14387783408165,1,65964,0.04459172487258911,0,0,0,0,[],0,0,8,0.0,8
aten,aten_unique_dim_impl_cpu,/home/arjaiswal/Polygeist/issues/aten_c_kernels/results/aten_unique_dim_impl_cpu/debuf.mlir,ce6ff97582d0857bbc1d3e35322057f3fd3501a13d27fc1e1fa504a73c6fa007,egglog,4,ok,0,744.1285997629166,0,"[""/usr/bin/python3"", ""/home/arjaiswal/Polygeist/scripts/correctness/kernel_match_rewrite.py"", ""/home/arjaiswal/Polygeist/issues/aten_c_kernels/results/aten_unique_dim_impl_cpu/debuf.mlir"", ""--dry-run"", ""--matcher-mode"", ""egglog"", ""--telemetry-json"", ""/home/arjaiswal/Polygeist/issues/equality_saturation_eval/campaign_20260908/aten-aten_unique_dim_impl_cpu-egglog-6sgtv1r_.json"", ""--disable-semantic-fallback""]","== match report for /home/arjaiswal/Polygeist/issues/aten_c_kernels/results/aten_unique_dim_impl_cpu/debuf.mlir ==
  no_match       body#0  ?
  total: 0 matched / 1 bodies
",0,[],0,0,0,0,/home/arjaiswal/Polygeist/issues/aten_c_kernels/results/aten_unique_dim_impl_cpu/debuf.mlir,2764,8,1,0,331.3863053917885,1,65800,0.0,0,0,0,0,[],0,0,0,0.0,8
aten,aten_unique_dim_impl_cpu,/home/arjaiswal/Polygeist/issues/aten_c_kernels/results/aten_unique_dim_impl_cpu/debuf.mlir,ce6ff97582d0857bbc1d3e35322057f3fd3501a13d27fc1e1fa504a73c6fa007,egglog,5,ok,0,735.9998784959316,0,"[""/usr/bin/python3"", ""/home/arjaiswal/Polygeist/scripts/correctness/kernel_match_rewrite.py"", ""/home/arjaiswal/Polygeist/issues/aten_c_kernels/results/aten_unique_dim_impl_cpu/debuf.mlir"", ""--dry-run"", ""--matcher-mode"", ""egglog"", ""--telemetry-json"", ""/home/arjaiswal/Polygeist/issues/equality_saturation_eval/campaign_20260908/aten-aten_unique_dim_impl_cpu-egglog-zbll5xl5.json"", ""--disable-semantic-fallback""]","== match report for /home/arjaiswal/Polygeist/issues/aten_c_kernels/results/aten_unique_dim_impl_cpu/debuf.mlir ==
  no_match       body#0  ?
  total: 0 matched / 1 bodies
",0,[],0,0,0,0,/home/arjaiswal/Polygeist/issues/aten_c_kernels/results/aten_unique_dim_impl_cpu/debuf.mlir,2764,8,1,0,318.48959997296333,1,66052,0.0,0,0,0,0,[],0,0,0,0.0,8
aten,aten_unique_dim_impl_cpu,/home/arjaiswal/Polygeist/issues/aten_c_kernels/results/aten_unique_dim_impl_cpu/debuf.mlir,ce6ff97582d0857bbc1d3e35322057f3fd3501a13d27fc1e1fa504a73c6fa007,syntactic,5,ok,0,753.1976401805878,0,"[""/usr/bin/python3"", ""/home/arjaiswal/Polygeist/scripts/correctness/kernel_match_rewrite.py"", ""/home/arjaiswal/Polygeist/issues/aten_c_kernels/results/aten_unique_dim_impl_cpu/debuf.mlir"", ""--dry-run"", ""--matcher-mode"", ""syntactic"", ""--telemetry-json"", ""/home/arjaiswal/Polygeist/issues/equality_saturation_eval/campaign_20260908/aten-aten_unique_dim_impl_cpu-syntactic-7k64542q.json"", ""--disable-semantic-fallback""]","== match report for /home/arjaiswal/Polygeist/issues/aten_c_kernels/results/aten_unique_dim_impl_cpu/debuf.mlir ==
  no_match       body#0  ?
  total: 0 matched / 1 bodies
",0,[],0,0,0,0,/home/arjaiswal/Polygeist/issues/aten_c_kernels/results/aten_unique_dim_impl_cpu/debuf.mlir,2764,0,1,0,323.6102797091007,1,65964,0.042125582695007324,0,0,0,0,[],0,0,8,0.0,8
aten,aten_unique_dim_template_cpu,/home/arjaiswal/Polygeist/issues/aten_c_kernels/results/aten_unique_dim_template_cpu/debuf.mlir,d15c82488a4485a02598d765b9fd6f3f89c8166b11511999f926613f9fe1d462,syntactic,1,ok,0,740.9885004162788,0,"[""/usr/bin/python3"", ""/home/arjaiswal/Polygeist/scripts/correctness/kernel_match_rewrite.py"", ""/home/arjaiswal/Polygeist/issues/aten_c_kernels/results/aten_unique_dim_template_cpu/debuf.mlir"", ""--dry-run"", ""--matcher-mode"", ""syntactic"", ""--telemetry-json"", ""/home/arjaiswal/Polygeist/issues/equality_saturation_eval/campaign_20260908/aten-aten_unique_dim_template_cpu-syntactic-5hx05ir3.json"", ""--disable-semantic-fallback""]","== match report for /home/arjaiswal/Polygeist/issues/aten_c_kernels/results/aten_unique_dim_template_cpu/debuf.mlir ==
  no_match       body#0  ?
  total: 0 matched / 1 bodies
",0,[],0,0,0,0,/home/arjaiswal/Polygeist/issues/aten_c_kernels/results/aten_unique_dim_template_cpu/debuf.mlir,2768,0,1,0,317.0781247317791,1,65872,0.052284449338912964,0,0,0,0,[],0,0,8,0.0,8
aten,aten_unique_dim_template_cpu,/home/arjaiswal/Polygeist/issues/aten_c_kernels/results/aten_unique_dim_template_cpu/debuf.mlir,d15c82488a4485a02598d765b9fd6f3f89c8166b11511999f926613f9fe1d462,egglog,1,ok,0,741.8541088700294,0,"[""/usr/bin/python3"", ""/home/arjaiswal/Polygeist/scripts/correctness/kernel_match_rewrite.py"", ""/home/arjaiswal/Polygeist/issues/aten_c_kernels/results/aten_unique_dim_template_cpu/debuf.mlir"", ""--dry-run"", ""--matcher-mode"", ""egglog"", ""--telemetry-json"", ""/home/arjaiswal/Polygeist/issues/equality_saturation_eval/campaign_20260908/aten-aten_unique_dim_template_cpu-egglog-moh9bv08.json"", ""--disable-semantic-fallback""]","== match report for /home/arjaiswal/Polygeist/issues/aten_c_kernels/results/aten_unique_dim_template_cpu/debuf.mlir ==
  no_match       body#0  ?
  total: 0 matched / 1 bodies
",0,[],0,0,0,0,/home/arjaiswal/Polygeist/issues/aten_c_kernels/results/aten_unique_dim_template_cpu/debuf.mlir,2768,8,1,0,320.72630524635315,1,65908,0.0,0,0,0,0,[],0,0,0,0.0,8
aten,aten_unique_dim_template_cpu,/home/arjaiswal/Polygeist/issues/aten_c_kernels/results/aten_unique_dim_template_cpu/debuf.mlir,d15c82488a4485a02598d765b9fd6f3f89c8166b11511999f926613f9fe1d462,egglog,2,ok,0,750.011533498764,0,"[""/usr/bin/python3"", ""/home/arjaiswal/Polygeist/scripts/correctness/kernel_match_rewrite.py"", ""/home/arjaiswal/Polygeist/issues/aten_c_kernels/results/aten_unique_dim_template_cpu/debuf.mlir"", ""--dry-run"", ""--matcher-mode"", ""egglog"", ""--telemetry-json"", ""/home/arjaiswal/Polygeist/issues/equality_saturation_eval/campaign_20260908/aten-aten_unique_dim_template_cpu-egglog-5pxqrkvs.json"", ""--disable-semantic-fallback""]","== match report for /home/arjaiswal/Polygeist/issues/aten_c_kernels/results/aten_unique_dim_template_cpu/debuf.mlir ==
  no_match       body#0  ?
  total: 0 matched / 1 bodies
",0,[],0,0,0,0,/home/arjaiswal/Polygeist/issues/aten_c_kernels/results/aten_unique_dim_template_cpu/debuf.mlir,2768,8,1,0,331.46389946341515,1,66016,0.0,0,0,0,0,[],0,0,0,0.0,8
aten,aten_unique_dim_template_cpu,/home/arjaiswal/Polygeist/issues/aten_c_kernels/results/aten_unique_dim_template_cpu/debuf.mlir,d15c82488a4485a02598d765b9fd6f3f89c8166b11511999f926613f9fe1d462,syntactic,2,ok,0,771.4060470461845,0,"[""/usr/bin/python3"", ""/home/arjaiswal/Polygeist/scripts/correctness/kernel_match_rewrite.py"", ""/home/arjaiswal/Polygeist/issues/aten_c_kernels/results/aten_unique_dim_template_cpu/debuf.mlir"", ""--dry-run"", ""--matcher-mode"", ""syntactic"", ""--telemetry-json"", ""/home/arjaiswal/Polygeist/issues/equality_saturation_eval/campaign_20260908/aten-aten_unique_dim_template_cpu-syntactic-7jt_ympi.json"", ""--disable-semantic-fallback""]","== match report for /home/arjaiswal/Polygeist/issues/aten_c_kernels/results/aten_unique_dim_template_cpu/debuf.mlir ==
  no_match       body#0  ?
  total: 0 matched / 1 bodies
",0,[],0,0,0,0,/home/arjaiswal/Polygeist/issues/aten_c_kernels/results/aten_unique_dim_template_cpu/debuf.mlir,2768,0,1,0,333.6041383445263,1,65896,0.047262758016586304,0,0,0,0,[],0,0,8,0.0,8
aten,aten_unique_dim_template_cpu,/home/arjaiswal/Polygeist/issues/aten_c_kernels/results/aten_unique_dim_template_cpu/debuf.mlir,d15c82488a4485a02598d765b9fd6f3f89c8166b11511999f926613f9fe1d462,syntactic,3,ok,0,761.8815638124943,0,"[""/usr/bin/python3"", ""/home/arjaiswal/Polygeist/scripts/correctness/kernel_match_rewrite.py"", ""/home/arjaiswal/Polygeist/issues/aten_c_kernels/results/aten_unique_dim_template_cpu/debuf.mlir"", ""--dry-run"", ""--matcher-mode"", ""syntactic"", ""--telemetry-json"", ""/home/arjaiswal/Polygeist/issues/equality_saturation_eval/campaign_20260908/aten-aten_unique_dim_template_cpu-syntactic-4sufx4m4.json"", ""--disable-semantic-fallback""]","== match report for /home/arjaiswal/Polygeist/issues/aten_c_kernels/results/aten_unique_dim_template_cpu/debuf.mlir ==
  no_match       body#0  ?
  total: 0 matched / 1 bodies
",0,[],0,0,0,0,/home/arjaiswal/Polygeist/issues/aten_c_kernels/results/aten_unique_dim_template_cpu/debuf.mlir,2768,0,1,0,331.291351467371,1,65848,0.04262477159500122,0,0,0,0,[],0,0,8,0.0,8
aten,aten_unique_dim_template_cpu,/home/arjaiswal/Polygeist/issues/aten_c_kernels/results/aten_unique_dim_template_cpu/debuf.mlir,d15c82488a4485a02598d765b9fd6f3f89c8166b11511999f926613f9fe1d462,egglog,3,ok,0,753.1781382858753,0,"[""/usr/bin/python3"", ""/home/arjaiswal/Polygeist/scripts/correctness/kernel_match_rewrite.py"", ""/home/arjaiswal/Polygeist/issues/aten_c_kernels/results/aten_unique_dim_template_cpu/debuf.mlir"", ""--dry-run"", ""--matcher-mode"", ""egglog"", ""--telemetry-json"", ""/home/arjaiswal/Polygeist/issues/equality_saturation_eval/campaign_20260908/aten-aten_unique_dim_template_cpu-egglog-dgmlgdgu.json"", ""--disable-semantic-fallback""]","== match report for /home/arjaiswal/Polygeist/issues/aten_c_kernels/results/aten_unique_dim_template_cpu/debuf.mlir ==
  no_match       body#0  ?
  total: 0 matched / 1 bodies
",0,[],0,0,0,0,/home/arjaiswal/Polygeist/issues/aten_c_kernels/results/aten_unique_dim_template_cpu/debuf.mlir,2768,8,1,0,336.6255573928356,1,65772,0.0,0,0,0,0,[],0,0,0,0.0,8
aten,aten_unique_dim_template_cpu,/home/arjaiswal/Polygeist/issues/aten_c_kernels/results/aten_unique_dim_template_cpu/debuf.mlir,d15c82488a4485a02598d765b9fd6f3f89c8166b11511999f926613f9fe1d462,egglog,4,ok,0,748.0711080133915,0,"[""/usr/bin/python3"", ""/home/arjaiswal/Polygeist/scripts/correctness/kernel_match_rewrite.py"", ""/home/arjaiswal/Polygeist/issues/aten_c_kernels/results/aten_unique_dim_template_cpu/debuf.mlir"", ""--dry-run"", ""--matcher-mode"", ""egglog"", ""--telemetry-json"", ""/home/arjaiswal/Polygeist/issues/equality_saturation_eval/campaign_20260908/aten-aten_unique_dim_template_cpu-egglog-ai7xr370.json"", ""--disable-semantic-fallback""]","== match report for /home/arjaiswal/Polygeist/issues/aten_c_kernels/results/aten_unique_dim_template_cpu/debuf.mlir ==
  no_match       body#0  ?
  total: 0 matched / 1 bodies
",0,[],0,0,0,0,/home/arjaiswal/Polygeist/issues/aten_c_kernels/results/aten_unique_dim_template_cpu/debuf.mlir,2768,8,1,0,333.28747004270554,1,66208,0.0,0,0,0,0,[],0,0,0,0.0,8
aten,aten_unique_dim_template_cpu,/home/arjaiswal/Polygeist/issues/aten_c_kernels/results/aten_unique_dim_template_cpu/debuf.mlir,d15c82488a4485a02598d765b9fd6f3f89c8166b11511999f926613f9fe1d462,syntactic,4,ok,0,741.4673566818237,0,"[""/usr/bin/python3"", ""/home/arjaiswal/Polygeist/scripts/correctness/kernel_match_rewrite.py"", ""/home/arjaiswal/Polygeist/issues/aten_c_kernels/results/aten_unique_dim_template_cpu/debuf.mlir"", ""--dry-run"", ""--matcher-mode"", ""syntactic"", ""--telemetry-json"", ""/home/arjaiswal/Polygeist/issues/equality_saturation_eval/campaign_20260908/aten-aten_unique_dim_template_cpu-syntactic-cel4g1_t.json"", ""--disable-semantic-fallback""]","== match report for /home/arjaiswal/Polygeist/issues/aten_c_kernels/results/aten_unique_dim_template_cpu/debuf.mlir ==
  no_match       body#0  ?
  total: 0 matched / 1 bodies
",0,[],0,0,0,0,/home/arjaiswal/Polygeist/issues/aten_c_kernels/results/aten_unique_dim_template_cpu/debuf.mlir,2768,0,1,0,328.69530841708183,1,66028,0.04063546657562256,0,0,0,0,[],0,0,8,0.0,8
aten,aten_unique_dim_template_cpu,/home/arjaiswal/Polygeist/issues/aten_c_kernels/results/aten_unique_dim_template_cpu/debuf.mlir,d15c82488a4485a02598d765b9fd6f3f89c8166b11511999f926613f9fe1d462,syntactic,5,ok,0,739.5854704082012,0,"[""/usr/bin/python3"", ""/home/arjaiswal/Polygeist/scripts/correctness/kernel_match_rewrite.py"", ""/home/arjaiswal/Polygeist/issues/aten_c_kernels/results/aten_unique_dim_template_cpu/debuf.mlir"", ""--dry-run"", ""--matcher-mode"", ""syntactic"", ""--telemetry-json"", ""/home/arjaiswal/Polygeist/issues/equality_saturation_eval/campaign_20260908/aten-aten_unique_dim_template_cpu-syntactic-0tkz6n83.json"", ""--disable-semantic-fallback""]","== match report for /home/arjaiswal/Polygeist/issues/aten_c_kernels/results/aten_unique_dim_template_cpu/debuf.mlir ==
  no_match       body#0  ?
  total: 0 matched / 1 bodies
",0,[],0,0,0,0,/home/arjaiswal/Polygeist/issues/aten_c_kernels/results/aten_unique_dim_template_cpu/debuf.mlir,2768,0,1,0,318.18246096372604,1,66028,0.04474446177482605,0,0,0,0,[],0,0,8,0.0,8
aten,aten_unique_dim_template_cpu,/home/arjaiswal/Polygeist/issues/aten_c_kernels/results/aten_unique_dim_template_cpu/debuf.mlir,d15c82488a4485a02598d765b9fd6f3f89c8166b11511999f926613f9fe1d462,egglog,5,ok,0,818.074032664299,0,"[""/usr/bin/python3"", ""/home/arjaiswal/Polygeist/scripts/correctness/kernel_match_rewrite.py"", ""/home/arjaiswal/Polygeist/issues/aten_c_kernels/results/aten_unique_dim_template_cpu/debuf.mlir"", ""--dry-run"", ""--matcher-mode"", ""egglog"", ""--telemetry-json"", ""/home/arjaiswal/Polygeist/issues/equality_saturation_eval/campaign_20260908/aten-aten_unique_dim_template_cpu-egglog-bqw9qksn.json"", ""--disable-semantic-fallback""]","== match report for /home/arjaiswal/Polygeist/issues/aten_c_kernels/results/aten_unique_dim_template_cpu/debuf.mlir ==
  no_match       body#0  ?
  total: 0 matched / 1 bodies
",0,[],0,0,0,0,/home/arjaiswal/Polygeist/issues/aten_c_kernels/results/aten_unique_dim_template_cpu/debuf.mlir,2768,8,1,0,382.2271302342415,1,66172,0.0,0,0,0,0,[],0,0,0,0.0,8
aten,aten_unique_sorted_cpu,/home/arjaiswal/Polygeist/issues/aten_c_kernels/results/aten_unique_sorted_cpu/debuf.mlir,61d9cd962bfda6c47a4c34b4f0fb6daea4b972b7df153471ebcdb4fddcba5068,egglog,1,ok,0,752.6970244944096,0,"[""/usr/bin/python3"", ""/home/arjaiswal/Polygeist/scripts/correctness/kernel_match_rewrite.py"", ""/home/arjaiswal/Polygeist/issues/aten_c_kernels/results/aten_unique_sorted_cpu/debuf.mlir"", ""--dry-run"", ""--matcher-mode"", ""egglog"", ""--telemetry-json"", ""/home/arjaiswal/Polygeist/issues/equality_saturation_eval/campaign_20260908/aten-aten_unique_sorted_cpu-egglog-9cx1uerc.json"", ""--disable-semantic-fallback""]","== match report for /home/arjaiswal/Polygeist/issues/aten_c_kernels/results/aten_unique_sorted_cpu/debuf.mlir ==
  total: 0 matched / 0 bodies
",0,[],0,0,0,0,/home/arjaiswal/Polygeist/issues/aten_c_kernels/results/aten_unique_sorted_cpu/debuf.mlir,3919,8,0,0,262.66226917505264,0,64792,0.0,0,0,0,0,[],0,0,0,0.0,0
aten,aten_unique_sorted_cpu,/home/arjaiswal/Polygeist/issues/aten_c_kernels/results/aten_unique_sorted_cpu/debuf.mlir,61d9cd962bfda6c47a4c34b4f0fb6daea4b972b7df153471ebcdb4fddcba5068,syntactic,1,ok,0,679.633378982544,0,"[""/usr/bin/python3"", ""/home/arjaiswal/Polygeist/scripts/correctness/kernel_match_rewrite.py"", ""/home/arjaiswal/Polygeist/issues/aten_c_kernels/results/aten_unique_sorted_cpu/debuf.mlir"", ""--dry-run"", ""--matcher-mode"", ""syntactic"", ""--telemetry-json"", ""/home/arjaiswal/Polygeist/issues/equality_saturation_eval/campaign_20260908/aten-aten_unique_sorted_cpu-syntactic-bps0dcfv.json"", ""--disable-semantic-fallback""]","== match report for /home/arjaiswal/Polygeist/issues/aten_c_kernels/results/aten_unique_sorted_cpu/debuf.mlir ==
  total: 0 matched / 0 bodies
",0,[],0,0,0,0,/home/arjaiswal/Polygeist/issues/aten_c_kernels/results/aten_unique_sorted_cpu/debuf.mlir,3919,0,0,0,261.79057359695435,0,64520,0.0,0,0,0,0,[],0,0,0,0.0,0
aten,aten_unique_sorted_cpu,/home/arjaiswal/Polygeist/issues/aten_c_kernels/results/aten_unique_sorted_cpu/debuf.mlir,61d9cd962bfda6c47a4c34b4f0fb6daea4b972b7df153471ebcdb4fddcba5068,syntactic,2,ok,0,689.1383714973927,0,"[""/usr/bin/python3"", ""/home/arjaiswal/Polygeist/scripts/correctness/kernel_match_rewrite.py"", ""/home/arjaiswal/Polygeist/issues/aten_c_kernels/results/aten_unique_sorted_cpu/debuf.mlir"", ""--dry-run"", ""--matcher-mode"", ""syntactic"", ""--telemetry-json"", ""/home/arjaiswal/Polygeist/issues/equality_saturation_eval/campaign_20260908/aten-aten_unique_sorted_cpu-syntactic-h4rsycv7.json"", ""--disable-semantic-fallback""]","== match report for /home/arjaiswal/Polygeist/issues/aten_c_kernels/results/aten_unique_sorted_cpu/debuf.mlir ==
  total: 0 matched / 0 bodies
",0,[],0,0,0,0,/home/arjaiswal/Polygeist/issues/aten_c_kernels/results/aten_unique_sorted_cpu/debuf.mlir,3919,0,0,0,262.4533660709858,0,64624,0.0,0,0,0,0,[],0,0,0,0.0,0
aten,aten_unique_sorted_cpu,/home/arjaiswal/Polygeist/issues/aten_c_kernels/results/aten_unique_sorted_cpu/debuf.mlir,61d9cd962bfda6c47a4c34b4f0fb6daea4b972b7df153471ebcdb4fddcba5068,egglog,2,ok,0,691.6867196559906,0,"[""/usr/bin/python3"", ""/home/arjaiswal/Polygeist/scripts/correctness/kernel_match_rewrite.py"", ""/home/arjaiswal/Polygeist/issues/aten_c_kernels/results/aten_unique_sorted_cpu/debuf.mlir"", ""--dry-run"", ""--matcher-mode"", ""egglog"", ""--telemetry-json"", ""/home/arjaiswal/Polygeist/issues/equality_saturation_eval/campaign_20260908/aten-aten_unique_sorted_cpu-egglog-sw38udol.json"", ""--disable-semantic-fallback""]","== match report for /home/arjaiswal/Polygeist/issues/aten_c_kernels/results/aten_unique_sorted_cpu/debuf.mlir ==
  total: 0 matched / 0 bodies
",0,[],0,0,0,0,/home/arjaiswal/Polygeist/issues/aten_c_kernels/results/aten_unique_sorted_cpu/debuf.mlir,3919,8,0,0,272.51122519373894,0,64288,0.0,0,0,0,0,[],0,0,0,0.0,0
aten,aten_unique_sorted_cpu,/home/arjaiswal/Polygeist/issues/aten_c_kernels/results/aten_unique_sorted_cpu/debuf.mlir,61d9cd962bfda6c47a4c34b4f0fb6daea4b972b7df153471ebcdb4fddcba5068,egglog,3,ok,0,723.3099639415741,0,"[""/usr/bin/python3"", ""/home/arjaiswal/Polygeist/scripts/correctness/kernel_match_rewrite.py"", ""/home/arjaiswal/Polygeist/issues/aten_c_kernels/results/aten_unique_sorted_cpu/debuf.mlir"", ""--dry-run"", ""--matcher-mode"", ""egglog"", ""--telemetry-json"", ""/home/arjaiswal/Polygeist/issues/equality_saturation_eval/campaign_20260908/aten-aten_unique_sorted_cpu-egglog-d7qmz5ii.json"", ""--disable-semantic-fallback""]","== match report for /home/arjaiswal/Polygeist/issues/aten_c_kernels/results/aten_unique_sorted_cpu/debuf.mlir ==
  total: 0 matched / 0 bodies
",0,[],0,0,0,0,/home/arjaiswal/Polygeist/issues/aten_c_kernels/results/aten_unique_sorted_cpu/debuf.mlir,3919,8,0,0,259.5275230705738,0,64672,0.0,0,0,0,0,[],0,0,0,0.0,0
aten,aten_unique_sorted_cpu,/home/arjaiswal/Polygeist/issues/aten_c_kernels/results/aten_unique_sorted_cpu/debuf.mlir,61d9cd962bfda6c47a4c34b4f0fb6daea4b972b7df153471ebcdb4fddcba5068,syntactic,3,ok,0,688.8259314000607,0,"[""/usr/bin/python3"", ""/home/arjaiswal/Polygeist/scripts/correctness/kernel_match_rewrite.py"", ""/home/arjaiswal/Polygeist/issues/aten_c_kernels/results/aten_unique_sorted_cpu/debuf.mlir"", ""--dry-run"", ""--matcher-mode"", ""syntactic"", ""--telemetry-json"", ""/home/arjaiswal/Polygeist/issues/equality_saturation_eval/campaign_20260908/aten-aten_unique_sorted_cpu-syntactic-hr4x80pg.json"", ""--disable-semantic-fallback""]","== match report for /home/arjaiswal/Polygeist/issues/aten_c_kernels/results/aten_unique_sorted_cpu/debuf.mlir ==
  total: 0 matched / 0 bodies
",0,[],0,0,0,0,/home/arjaiswal/Polygeist/issues/aten_c_kernels/results/aten_unique_sorted_cpu/debuf.mlir,3919,0,0,0,268.86264607310295,0,64776,0.0,0,0,0,0,[],0,0,0,0.0,0
aten,aten_unique_sorted_cpu,/home/arjaiswal/Polygeist/issues/aten_c_kernels/results/aten_unique_sorted_cpu/debuf.mlir,61d9cd962bfda6c47a4c34b4f0fb6daea4b972b7df153471ebcdb4fddcba5068,syntactic,4,ok,0,686.0260330140591,0,"[""/usr/bin/python3"", ""/home/arjaiswal/Polygeist/scripts/correctness/kernel_match_rewrite.py"", ""/home/arjaiswal/Polygeist/issues/aten_c_kernels/results/aten_unique_sorted_cpu/debuf.mlir"", ""--dry-run"", ""--matcher-mode"", ""syntactic"", ""--telemetry-json"", ""/home/arjaiswal/Polygeist/issues/equality_saturation_eval/campaign_20260908/aten-aten_unique_sorted_cpu-syntactic-dwwtrfzw.json"", ""--disable-semantic-fallback""]","== match report for /home/arjaiswal/Polygeist/issues/aten_c_kernels/results/aten_unique_sorted_cpu/debuf.mlir ==
  total: 0 matched / 0 bodies
",0,[],0,0,0,0,/home/arjaiswal/Polygeist/issues/aten_c_kernels/results/aten_unique_sorted_cpu/debuf.mlir,3919,0,0,0,250.56596845388412,0,64876,0.0,0,0,0,0,[],0,0,0,0.0,0
aten,aten_unique_sorted_cpu,/home/arjaiswal/Polygeist/issues/aten_c_kernels/results/aten_unique_sorted_cpu/debuf.mlir,61d9cd962bfda6c47a4c34b4f0fb6daea4b972b7df153471ebcdb4fddcba5068,egglog,4,ok,0,664.9433299899101,0,"[""/usr/bin/python3"", ""/home/arjaiswal/Polygeist/scripts/correctness/kernel_match_rewrite.py"", ""/home/arjaiswal/Polygeist/issues/aten_c_kernels/results/aten_unique_sorted_cpu/debuf.mlir"", ""--dry-run"", ""--matcher-mode"", ""egglog"", ""--telemetry-json"", ""/home/arjaiswal/Polygeist/issues/equality_saturation_eval/campaign_20260908/aten-aten_unique_sorted_cpu-egglog-531liiv1.json"", ""--disable-semantic-fallback""]","== match report for /home/arjaiswal/Polygeist/issues/aten_c_kernels/results/aten_unique_sorted_cpu/debuf.mlir ==
  total: 0 matched / 0 bodies
",0,[],0,0,0,0,/home/arjaiswal/Polygeist/issues/aten_c_kernels/results/aten_unique_sorted_cpu/debuf.mlir,3919,8,0,0,252.3830458521843,0,64852,0.0,0,0,0,0,[],0,0,0,0.0,0
aten,aten_unique_sorted_cpu,/home/arjaiswal/Polygeist/issues/aten_c_kernels/results/aten_unique_sorted_cpu/debuf.mlir,61d9cd962bfda6c47a4c34b4f0fb6daea4b972b7df153471ebcdb4fddcba5068,egglog,5,ok,0,657.7076651155949,0,"[""/usr/bin/python3"", ""/home/arjaiswal/Polygeist/scripts/correctness/kernel_match_rewrite.py"", ""/home/arjaiswal/Polygeist/issues/aten_c_kernels/results/aten_unique_sorted_cpu/debuf.mlir"", ""--dry-run"", ""--matcher-mode"", ""egglog"", ""--telemetry-json"", ""/home/arjaiswal/Polygeist/issues/equality_saturation_eval/campaign_20260908/aten-aten_unique_sorted_cpu-egglog-j07bbzc6.json"", ""--disable-semantic-fallback""]","== match report for /home/arjaiswal/Polygeist/issues/aten_c_kernels/results/aten_unique_sorted_cpu/debuf.mlir ==
  total: 0 matched / 0 bodies
",0,[],0,0,0,0,/home/arjaiswal/Polygeist/issues/aten_c_kernels/results/aten_unique_sorted_cpu/debuf.mlir,3919,8,0,0,252.87380442023277,0,64764,0.0,0,0,0,0,[],0,0,0,0.0,0
aten,aten_unique_sorted_cpu,/home/arjaiswal/Polygeist/issues/aten_c_kernels/results/aten_unique_sorted_cpu/debuf.mlir,61d9cd962bfda6c47a4c34b4f0fb6daea4b972b7df153471ebcdb4fddcba5068,syntactic,5,ok,0,667.4042381346226,0,"[""/usr/bin/python3"", ""/home/arjaiswal/Polygeist/scripts/correctness/kernel_match_rewrite.py"", ""/home/arjaiswal/Polygeist/issues/aten_c_kernels/results/aten_unique_sorted_cpu/debuf.mlir"", ""--dry-run"", ""--matcher-mode"", ""syntactic"", ""--telemetry-json"", ""/home/arjaiswal/Polygeist/issues/equality_saturation_eval/campaign_20260908/aten-aten_unique_sorted_cpu-syntactic-x9x8luos.json"", ""--disable-semantic-fallback""]","== match report for /home/arjaiswal/Polygeist/issues/aten_c_kernels/results/aten_unique_sorted_cpu/debuf.mlir ==
  total: 0 matched / 0 bodies
",0,[],0,0,0,0,/home/arjaiswal/Polygeist/issues/aten_c_kernels/results/aten_unique_sorted_cpu/debuf.mlir,3919,0,0,0,261.15406677126884,0,64824,0.0,0,0,0,0,[],0,0,0,0.0,0
aten,aten_unpack_pivots_cpu,/home/arjaiswal/Polygeist/issues/aten_c_kernels/results/aten_unpack_pivots_cpu/debuf.mlir,b1f9065e7233d42d0b61028f9891f8cd3b43496cff4d083b39caf4cd3c8bffb2,syntactic,1,ok,0,695.9941908717155,0,"[""/usr/bin/python3"", ""/home/arjaiswal/Polygeist/scripts/correctness/kernel_match_rewrite.py"", ""/home/arjaiswal/Polygeist/issues/aten_c_kernels/results/aten_unpack_pivots_cpu/debuf.mlir"", ""--dry-run"", ""--matcher-mode"", ""syntactic"", ""--telemetry-json"", ""/home/arjaiswal/Polygeist/issues/equality_saturation_eval/campaign_20260908/aten-aten_unpack_pivots_cpu-syntactic-bcp47q6u.json"", ""--disable-semantic-fallback""]","== match report for /home/arjaiswal/Polygeist/issues/aten_c_kernels/results/aten_unpack_pivots_cpu/debuf.mlir ==
  no_match       body#0  ?
  total: 0 matched / 1 bodies
",0,[],0,0,0,0,/home/arjaiswal/Polygeist/issues/aten_c_kernels/results/aten_unpack_pivots_cpu/debuf.mlir,2399,0,1,0,274.27784353494644,1,64284,0.014904886484146118,0,0,0,0,[],0,0,4,0.0,4
aten,aten_unpack_pivots_cpu,/home/arjaiswal/Polygeist/issues/aten_c_kernels/results/aten_unpack_pivots_cpu/debuf.mlir,b1f9065e7233d42d0b61028f9891f8cd3b43496cff4d083b39caf4cd3c8bffb2,egglog,1,ok,0,682.2418533265591,0,"[""/usr/bin/python3"", ""/home/arjaiswal/Polygeist/scripts/correctness/kernel_match_rewrite.py"", ""/home/arjaiswal/Polygeist/issues/aten_c_kernels/results/aten_unpack_pivots_cpu/debuf.mlir"", ""--dry-run"", ""--matcher-mode"", ""egglog"", ""--telemetry-json"", ""/home/arjaiswal/Polygeist/issues/equality_saturation_eval/campaign_20260908/aten-aten_unpack_pivots_cpu-egglog-a1vjx8ce.json"", ""--disable-semantic-fallback""]","== match report for /home/arjaiswal/Polygeist/issues/aten_c_kernels/results/aten_unpack_pivots_cpu/debuf.mlir ==
  no_match       body#0  ?
  total: 0 matched / 1 bodies
",0,[],0,0,0,0,/home/arjaiswal/Polygeist/issues/aten_c_kernels/results/aten_unpack_pivots_cpu/debuf.mlir,2399,8,1,0,271.8689478933811,1,64748,0.0,0,0,0,0,[],0,0,0,0.0,4
aten,aten_unpack_pivots_cpu,/home/arjaiswal/Polygeist/issues/aten_c_kernels/results/aten_unpack_pivots_cpu/debuf.mlir,b1f9065e7233d42d0b61028f9891f8cd3b43496cff4d083b39caf4cd3c8bffb2,egglog,2,ok,0,675.2644181251526,0,"[""/usr/bin/python3"", ""/home/arjaiswal/Polygeist/scripts/correctness/kernel_match_rewrite.py"", ""/home/arjaiswal/Polygeist/issues/aten_c_kernels/results/aten_unpack_pivots_cpu/debuf.mlir"", ""--dry-run"", ""--matcher-mode"", ""egglog"", ""--telemetry-json"", ""/home/arjaiswal/Polygeist/issues/equality_saturation_eval/campaign_20260908/aten-aten_unpack_pivots_cpu-egglog-wdocj5j7.json"", ""--disable-semantic-fallback""]","== match report for /home/arjaiswal/Polygeist/issues/aten_c_kernels/results/aten_unpack_pivots_cpu/debuf.mlir ==
  no_match       body#0  ?
  total: 0 matched / 1 bodies
",0,[],0,0,0,0,/home/arjaiswal/Polygeist/issues/aten_c_kernels/results/aten_unpack_pivots_cpu/debuf.mlir,2399,8,1,0,269.15547251701355,1,64868,0.0,0,0,0,0,[],0,0,0,0.0,4
aten,aten_unpack_pivots_cpu,/home/arjaiswal/Polygeist/issues/aten_c_kernels/results/aten_unpack_pivots_cpu/debuf.mlir,b1f9065e7233d42d0b61028f9891f8cd3b43496cff4d083b39caf4cd3c8bffb2,syntactic,2,ok,0,713.0234614014626,0,"[""/usr/bin/python3"", ""/home/arjaiswal/Polygeist/scripts/correctness/kernel_match_rewrite.py"", ""/home/arjaiswal/Polygeist/issues/aten_c_kernels/results/aten_unpack_pivots_cpu/debuf.mlir"", ""--dry-run"", ""--matcher-mode"", ""syntactic"", ""--telemetry-json"", ""/home/arjaiswal/Polygeist/issues/equality_saturation_eval/campaign_20260908/aten-aten_unpack_pivots_cpu-syntactic-me351hxy.json"", ""--disable-semantic-fallback""]","== match report for /home/arjaiswal/Polygeist/issues/aten_c_kernels/results/aten_unpack_pivots_cpu/debuf.mlir ==
  no_match       body#0  ?
  total: 0 matched / 1 bodies
",0,[],0,0,0,0,/home/arjaiswal/Polygeist/issues/aten_c_kernels/results/aten_unpack_pivots_cpu/debuf.mlir,2399,0,1,0,289.08105194568634,1,64896,0.01658499240875244,0,0,0,0,[],0,0,4,0.0,4
aten,aten_unpack_pivots_cpu,/home/arjaiswal/Polygeist/issues/aten_c_kernels/results/aten_unpack_pivots_cpu/debuf.mlir,b1f9065e7233d42d0b61028f9891f8cd3b43496cff4d083b39caf4cd3c8bffb2,syntactic,3,ok,0,705.4799236357212,0,"[""/usr/bin/python3"", ""/home/arjaiswal/Polygeist/scripts/correctness/kernel_match_rewrite.py"", ""/home/arjaiswal/Polygeist/issues/aten_c_kernels/results/aten_unpack_pivots_cpu/debuf.mlir"", ""--dry-run"", ""--matcher-mode"", ""syntactic"", ""--telemetry-json"", ""/home/arjaiswal/Polygeist/issues/equality_saturation_eval/campaign_20260908/aten-aten_unpack_pivots_cpu-syntactic-mumhn3l8.json"", ""--disable-semantic-fallback""]","== match report for /home/arjaiswal/Polygeist/issues/aten_c_kernels/results/aten_unpack_pivots_cpu/debuf.mlir ==
  no_match       body#0  ?
  total: 0 matched / 1 bodies
",0,[],0,0,0,0,/home/arjaiswal/Polygeist/issues/aten_c_kernels/results/aten_unpack_pivots_cpu/debuf.mlir,2399,0,1,0,274.43160489201546,1,64732,0.015564262866973877,0,0,0,0,[],0,0,4,0.0,4
aten,aten_unpack_pivots_cpu,/home/arjaiswal/Polygeist/issues/aten_c_kernels/results/aten_unpack_pivots_cpu/debuf.mlir,b1f9065e7233d42d0b61028f9891f8cd3b43496cff4d083b39caf4cd3c8bffb2,egglog,3,ok,0,730.3380109369755,0,"[""/usr/bin/python3"", ""/home/arjaiswal/Polygeist/scripts/correctness/kernel_match_rewrite.py"", ""/home/arjaiswal/Polygeist/issues/aten_c_kernels/results/aten_unpack_pivots_cpu/debuf.mlir"", ""--dry-run"", ""--matcher-mode"", ""egglog"", ""--telemetry-json"", ""/home/arjaiswal/Polygeist/issues/equality_saturation_eval/campaign_20260908/aten-aten_unpack_pivots_cpu-egglog-edifnncq.json"", ""--disable-semantic-fallback""]","== match report for /home/arjaiswal/Polygeist/issues/aten_c_kernels/results/aten_unpack_pivots_cpu/debuf.mlir ==
  no_match       body#0  ?
  total: 0 matched / 1 bodies
",0,[],0,0,0,0,/home/arjaiswal/Polygeist/issues/aten_c_kernels/results/aten_unpack_pivots_cpu/debuf.mlir,2399,8,1,0,282.0160500705242,1,64788,0.0,0,0,0,0,[],0,0,0,0.0,4
aten,aten_unpack_pivots_cpu,/home/arjaiswal/Polygeist/issues/aten_c_kernels/results/aten_unpack_pivots_cpu/debuf.mlir,b1f9065e7233d42d0b61028f9891f8cd3b43496cff4d083b39caf4cd3c8bffb2,egglog,4,ok,0,685.2217428386211,0,"[""/usr/bin/python3"", ""/home/arjaiswal/Polygeist/scripts/correctness/kernel_match_rewrite.py"", ""/home/arjaiswal/Polygeist/issues/aten_c_kernels/results/aten_unpack_pivots_cpu/debuf.mlir"", ""--dry-run"", ""--matcher-mode"", ""egglog"", ""--telemetry-json"", ""/home/arjaiswal/Polygeist/issues/equality_saturation_eval/campaign_20260908/aten-aten_unpack_pivots_cpu-egglog-fj7es71s.json"", ""--disable-semantic-fallback""]","== match report for /home/arjaiswal/Polygeist/issues/aten_c_kernels/results/aten_unpack_pivots_cpu/debuf.mlir ==
  no_match       body#0  ?
  total: 0 matched / 1 bodies
",0,[],0,0,0,0,/home/arjaiswal/Polygeist/issues/aten_c_kernels/results/aten_unpack_pivots_cpu/debuf.mlir,2399,8,1,0,269.4486081600189,1,64472,0.0,0,0,0,0,[],0,0,0,0.0,4
aten,aten_unpack_pivots_cpu,/home/arjaiswal/Polygeist/issues/aten_c_kernels/results/aten_unpack_pivots_cpu/debuf.mlir,b1f9065e7233d42d0b61028f9891f8cd3b43496cff4d083b39caf4cd3c8bffb2,syntactic,4,ok,0,677.7240335941315,0,"[""/usr/bin/python3"", ""/home/arjaiswal/Polygeist/scripts/correctness/kernel_match_rewrite.py"", ""/home/arjaiswal/Polygeist/issues/aten_c_kernels/results/aten_unpack_pivots_cpu/debuf.mlir"", ""--dry-run"", ""--matcher-mode"", ""syntactic"", ""--telemetry-json"", ""/home/arjaiswal/Polygeist/issues/equality_saturation_eval/campaign_20260908/aten-aten_unpack_pivots_cpu-syntactic-21ecsoby.json"", ""--disable-semantic-fallback""]","== match report for /home/arjaiswal/Polygeist/issues/aten_c_kernels/results/aten_unpack_pivots_cpu/debuf.mlir ==
  no_match       body#0  ?
  total: 0 matched / 1 bodies
",0,[],0,0,0,0,/home/arjaiswal/Polygeist/issues/aten_c_kernels/results/aten_unpack_pivots_cpu/debuf.mlir,2399,0,1,0,270.42146027088165,1,64780,0.016536563634872437,0,0,0,0,[],0,0,4,0.0,4
aten,aten_unpack_pivots_cpu,/home/arjaiswal/Polygeist/issues/aten_c_kernels/results/aten_unpack_pivots_cpu/debuf.mlir,b1f9065e7233d42d0b61028f9891f8cd3b43496cff4d083b39caf4cd3c8bffb2,syntactic,5,ok,0,689.2790049314499,0,"[""/usr/bin/python3"", ""/home/arjaiswal/Polygeist/scripts/correctness/kernel_match_rewrite.py"", ""/home/arjaiswal/Polygeist/issues/aten_c_kernels/results/aten_unpack_pivots_cpu/debuf.mlir"", ""--dry-run"", ""--matcher-mode"", ""syntactic"", ""--telemetry-json"", ""/home/arjaiswal/Polygeist/issues/equality_saturation_eval/campaign_20260908/aten-aten_unpack_pivots_cpu-syntactic-z9w_md5z.json"", ""--disable-semantic-fallback""]","== match report for /home/arjaiswal/Polygeist/issues/aten_c_kernels/results/aten_unpack_pivots_cpu/debuf.mlir ==
  no_match       body#0  ?
  total: 0 matched / 1 bodies
",0,[],0,0,0,0,/home/arjaiswal/Polygeist/issues/aten_c_kernels/results/aten_unpack_pivots_cpu/debuf.mlir,2399,0,1,0,281.9804809987545,1,64852,0.01927092671394348,0,0,0,0,[],0,0,4,0.0,4
aten,aten_unpack_pivots_cpu,/home/arjaiswal/Polygeist/issues/aten_c_kernels/results/aten_unpack_pivots_cpu/debuf.mlir,b1f9065e7233d42d0b61028f9891f8cd3b43496cff4d083b39caf4cd3c8bffb2,egglog,5,ok,0,698.908768594265,0,"[""/usr/bin/python3"", ""/home/arjaiswal/Polygeist/scripts/correctness/kernel_match_rewrite.py"", ""/home/arjaiswal/Polygeist/issues/aten_c_kernels/results/aten_unpack_pivots_cpu/debuf.mlir"", ""--dry-run"", ""--matcher-mode"", ""egglog"", ""--telemetry-json"", ""/home/arjaiswal/Polygeist/issues/equality_saturation_eval/campaign_20260908/aten-aten_unpack_pivots_cpu-egglog-rb_tf81w.json"", ""--disable-semantic-fallback""]","== match report for /home/arjaiswal/Polygeist/issues/aten_c_kernels/results/aten_unpack_pivots_cpu/debuf.mlir ==
  no_match       body#0  ?
  total: 0 matched / 1 bodies
",0,[],0,0,0,0,/home/arjaiswal/Polygeist/issues/aten_c_kernels/results/aten_unpack_pivots_cpu/debuf.mlir,2399,8,1,0,282.6630137860775,1,64840,0.0,0,0,0,0,[],0,0,0,0.0,4
aten,aten_unsafe_index_cpu,/home/arjaiswal/Polygeist/issues/aten_c_kernels/results/aten_unsafe_index_cpu/debuf.mlir,6dd7c91753c3aa6350045da1337068607f03357154030311a7b6ae71936e8aab,egglog,1,ok,0,724.0602485835552,0,"[""/usr/bin/python3"", ""/home/arjaiswal/Polygeist/scripts/correctness/kernel_match_rewrite.py"", ""/home/arjaiswal/Polygeist/issues/aten_c_kernels/results/aten_unsafe_index_cpu/debuf.mlir"", ""--dry-run"", ""--matcher-mode"", ""egglog"", ""--telemetry-json"", ""/home/arjaiswal/Polygeist/issues/equality_saturation_eval/campaign_20260908/aten-aten_unsafe_index_cpu-egglog-zauagqyl.json"", ""--disable-semantic-fallback""]","== match report for /home/arjaiswal/Polygeist/issues/aten_c_kernels/results/aten_unsafe_index_cpu/debuf.mlir ==
  no_match       body#0  ?
  total: 0 matched / 1 bodies
",0,[],0,0,0,0,/home/arjaiswal/Polygeist/issues/aten_c_kernels/results/aten_unsafe_index_cpu/debuf.mlir,1848,8,1,0,279.346089810133,1,64552,0.0,0,0,0,0,[],0,0,0,0.0,4
aten,aten_unsafe_index_cpu,/home/arjaiswal/Polygeist/issues/aten_c_kernels/results/aten_unsafe_index_cpu/debuf.mlir,6dd7c91753c3aa6350045da1337068607f03357154030311a7b6ae71936e8aab,syntactic,1,ok,0,706.5489366650581,0,"[""/usr/bin/python3"", ""/home/arjaiswal/Polygeist/scripts/correctness/kernel_match_rewrite.py"", ""/home/arjaiswal/Polygeist/issues/aten_c_kernels/results/aten_unsafe_index_cpu/debuf.mlir"", ""--dry-run"", ""--matcher-mode"", ""syntactic"", ""--telemetry-json"", ""/home/arjaiswal/Polygeist/issues/equality_saturation_eval/campaign_20260908/aten-aten_unsafe_index_cpu-syntactic-vw3l2omt.json"", ""--disable-semantic-fallback""]","== match report for /home/arjaiswal/Polygeist/issues/aten_c_kernels/results/aten_unsafe_index_cpu/debuf.mlir ==
  no_match       body#0  ?
  total: 0 matched / 1 bodies
",0,[],0,0,0,0,/home/arjaiswal/Polygeist/issues/aten_c_kernels/results/aten_unsafe_index_cpu/debuf.mlir,1848,0,1,0,285.45132651925087,1,64812,0.01559033989906311,0,0,0,0,[],0,0,4,0.0,4
aten,aten_unsafe_index_cpu,/home/arjaiswal/Polygeist/issues/aten_c_kernels/results/aten_unsafe_index_cpu/debuf.mlir,6dd7c91753c3aa6350045da1337068607f03357154030311a7b6ae71936e8aab,syntactic,2,ok,0,677.2981062531471,0,"[""/usr/bin/python3"", ""/home/arjaiswal/Polygeist/scripts/correctness/kernel_match_rewrite.py"", ""/home/arjaiswal/Polygeist/issues/aten_c_kernels/results/aten_unsafe_index_cpu/debuf.mlir"", ""--dry-run"", ""--matcher-mode"", ""syntactic"", ""--telemetry-json"", ""/home/arjaiswal/Polygeist/issues/equality_saturation_eval/campaign_20260908/aten-aten_unsafe_index_cpu-syntactic-jhuk3qmr.json"", ""--disable-semantic-fallback""]","== match report for /home/arjaiswal/Polygeist/issues/aten_c_kernels/results/aten_unsafe_index_cpu/debuf.mlir ==
  no_match       body#0  ?
  total: 0 matched / 1 bodies
",0,[],0,0,0,0,/home/arjaiswal/Polygeist/issues/aten_c_kernels/results/aten_unsafe_index_cpu/debuf.mlir,1848,0,1,0,266.14831015467644,1,64800,0.014923512935638428,0,0,0,0,[],0,0,4,0.0,4
aten,aten_unsafe_index_cpu,/home/arjaiswal/Polygeist/issues/aten_c_kernels/results/aten_unsafe_index_cpu/debuf.mlir,6dd7c91753c3aa6350045da1337068607f03357154030311a7b6ae71936e8aab,egglog,2,ok,0,672.6461760699749,0,"[""/usr/bin/python3"", ""/home/arjaiswal/Polygeist/scripts/correctness/kernel_match_rewrite.py"", ""/home/arjaiswal/Polygeist/issues/aten_c_kernels/results/aten_unsafe_index_cpu/debuf.mlir"", ""--dry-run"", ""--matcher-mode"", ""egglog"", ""--telemetry-json"", ""/home/arjaiswal/Polygeist/issues/equality_saturation_eval/campaign_20260908/aten-aten_unsafe_index_cpu-egglog-nwlut65h.json"", ""--disable-semantic-fallback""]","== match report for /home/arjaiswal/Polygeist/issues/aten_c_kernels/results/aten_unsafe_index_cpu/debuf.mlir ==
  no_match       body#0  ?
  total: 0 matched / 1 bodies
",0,[],0,0,0,0,/home/arjaiswal/Polygeist/issues/aten_c_kernels/results/aten_unsafe_index_cpu/debuf.mlir,1848,8,1,0,264.14669305086136,1,64892,0.0,0,0,0,0,[],0,0,0,0.0,4
aten,aten_unsafe_index_cpu,/home/arjaiswal/Polygeist/issues/aten_c_kernels/results/aten_unsafe_index_cpu/debuf.mlir,6dd7c91753c3aa6350045da1337068607f03357154030311a7b6ae71936e8aab,egglog,3,ok,0,688.2140897214413,0,"[""/usr/bin/python3"", ""/home/arjaiswal/Polygeist/scripts/correctness/kernel_match_rewrite.py"", ""/home/arjaiswal/Polygeist/issues/aten_c_kernels/results/aten_unsafe_index_cpu/debuf.mlir"", ""--dry-run"", ""--matcher-mode"", ""egglog"", ""--telemetry-json"", ""/home/arjaiswal/Polygeist/issues/equality_saturation_eval/campaign_20260908/aten-aten_unsafe_index_cpu-egglog-l3z4muza.json"", ""--disable-semantic-fallback""]","== match report for /home/arjaiswal/Polygeist/issues/aten_c_kernels/results/aten_unsafe_index_cpu/debuf.mlir ==
  no_match       body#0  ?
  total: 0 matched / 1 bodies
",0,[],0,0,0,0,/home/arjaiswal/Polygeist/issues/aten_c_kernels/results/aten_unsafe_index_cpu/debuf.mlir,1848,8,1,0,265.1718035340309,1,64804,0.0,0,0,0,0,[],0,0,0,0.0,4
aten,aten_unsafe_index_cpu,/home/arjaiswal/Polygeist/issues/aten_c_kernels/results/aten_unsafe_index_cpu/debuf.mlir,6dd7c91753c3aa6350045da1337068607f03357154030311a7b6ae71936e8aab,syntactic,3,ok,0,681.8463318049908,0,"[""/usr/bin/python3"", ""/home/arjaiswal/Polygeist/scripts/correctness/kernel_match_rewrite.py"", ""/home/arjaiswal/Polygeist/issues/aten_c_kernels/results/aten_unsafe_index_cpu/debuf.mlir"", ""--dry-run"", ""--matcher-mode"", ""syntactic"", ""--telemetry-json"", ""/home/arjaiswal/Polygeist/issues/equality_saturation_eval/campaign_20260908/aten-aten_unsafe_index_cpu-syntactic-ji8nnifl.json"", ""--disable-semantic-fallback""]","== match report for /home/arjaiswal/Polygeist/issues/aten_c_kernels/results/aten_unsafe_index_cpu/debuf.mlir ==
  no_match       body#0  ?
  total: 0 matched / 1 bodies
",0,[],0,0,0,0,/home/arjaiswal/Polygeist/issues/aten_c_kernels/results/aten_unsafe_index_cpu/debuf.mlir,1848,0,1,0,272.1027322113514,1,64844,0.015579164028167725,0,0,0,0,[],0,0,4,0.0,4
aten,aten_unsafe_index_cpu,/home/arjaiswal/Polygeist/issues/aten_c_kernels/results/aten_unsafe_index_cpu/debuf.mlir,6dd7c91753c3aa6350045da1337068607f03357154030311a7b6ae71936e8aab,syntactic,4,ok,0,692.4107074737549,0,"[""/usr/bin/python3"", ""/home/arjaiswal/Polygeist/scripts/correctness/kernel_match_rewrite.py"", ""/home/arjaiswal/Polygeist/issues/aten_c_kernels/results/aten_unsafe_index_cpu/debuf.mlir"", ""--dry-run"", ""--matcher-mode"", ""syntactic"", ""--telemetry-json"", ""/home/arjaiswal/Polygeist/issues/equality_saturation_eval/campaign_20260908/aten-aten_unsafe_index_cpu-syntactic-r8yhrnvy.json"", ""--disable-semantic-fallback""]","== match report for /home/arjaiswal/Polygeist/issues/aten_c_kernels/results/aten_unsafe_index_cpu/debuf.mlir ==
  no_match       body#0  ?
  total: 0 matched / 1 bodies
",0,[],0,0,0,0,/home/arjaiswal/Polygeist/issues/aten_c_kernels/results/aten_unsafe_index_cpu/debuf.mlir,1848,0,1,0,281.1582610011101,1,64748,0.017486512660980225,0,0,0,0,[],0,0,4,0.0,4
aten,aten_unsafe_index_cpu,/home/arjaiswal/Polygeist/issues/aten_c_kernels/results/aten_unsafe_index_cpu/debuf.mlir,6dd7c91753c3aa6350045da1337068607f03357154030311a7b6ae71936e8aab,egglog,4,ok,0,741.5703795850277,0,"[""/usr/bin/python3"", ""/home/arjaiswal/Polygeist/scripts/correctness/kernel_match_rewrite.py"", ""/home/arjaiswal/Polygeist/issues/aten_c_kernels/results/aten_unsafe_index_cpu/debuf.mlir"", ""--dry-run"", ""--matcher-mode"", ""egglog"", ""--telemetry-json"", ""/home/arjaiswal/Polygeist/issues/equality_saturation_eval/campaign_20260908/aten-aten_unsafe_index_cpu-egglog-o5fquci_.json"", ""--disable-semantic-fallback""]","== match report for /home/arjaiswal/Polygeist/issues/aten_c_kernels/results/aten_unsafe_index_cpu/debuf.mlir ==
  no_match       body#0  ?
  total: 0 matched / 1 bodies
",0,[],0,0,0,0,/home/arjaiswal/Polygeist/issues/aten_c_kernels/results/aten_unsafe_index_cpu/debuf.mlir,1848,8,1,0,289.58381712436676,1,64716,0.0,0,0,0,0,[],0,0,0,0.0,4
aten,aten_unsafe_index_cpu,/home/arjaiswal/Polygeist/issues/aten_c_kernels/results/aten_unsafe_index_cpu/debuf.mlir,6dd7c91753c3aa6350045da1337068607f03357154030311a7b6ae71936e8aab,egglog,5,ok,0,746.9577006995678,0,"[""/usr/bin/python3"", ""/home/arjaiswal/Polygeist/scripts/correctness/kernel_match_rewrite.py"", ""/home/arjaiswal/Polygeist/issues/aten_c_kernels/results/aten_unsafe_index_cpu/debuf.mlir"", ""--dry-run"", ""--matcher-mode"", ""egglog"", ""--telemetry-json"", ""/home/arjaiswal/Polygeist/issues/equality_saturation_eval/campaign_20260908/aten-aten_unsafe_index_cpu-egglog-jds18y7c.json"", ""--disable-semantic-fallback""]","== match report for /home/arjaiswal/Polygeist/issues/aten_c_kernels/results/aten_unsafe_index_cpu/debuf.mlir ==
  no_match       body#0  ?
  total: 0 matched / 1 bodies
",0,[],0,0,0,0,/home/arjaiswal/Polygeist/issues/aten_c_kernels/results/aten_unsafe_index_cpu/debuf.mlir,1848,8,1,0,326.56050845980644,1,64784,0.0,0,0,0,0,[],0,0,0,0.0,4
aten,aten_unsafe_index_cpu,/home/arjaiswal/Polygeist/issues/aten_c_kernels/results/aten_unsafe_index_cpu/debuf.mlir,6dd7c91753c3aa6350045da1337068607f03357154030311a7b6ae71936e8aab,syntactic,5,ok,0,666.9100113213062,0,"[""/usr/bin/python3"", ""/home/arjaiswal/Polygeist/scripts/correctness/kernel_match_rewrite.py"", ""/home/arjaiswal/Polygeist/issues/aten_c_kernels/results/aten_unsafe_index_cpu/debuf.mlir"", ""--dry-run"", ""--matcher-mode"", ""syntactic"", ""--telemetry-json"", ""/home/arjaiswal/Polygeist/issues/equality_saturation_eval/campaign_20260908/aten-aten_unsafe_index_cpu-syntactic-krs2j51h.json"", ""--disable-semantic-fallback""]","== match report for /home/arjaiswal/Polygeist/issues/aten_c_kernels/results/aten_unsafe_index_cpu/debuf.mlir ==
  no_match       body#0  ?
  total: 0 matched / 1 bodies
",0,[],0,0,0,0,/home/arjaiswal/Polygeist/issues/aten_c_kernels/results/aten_unsafe_index_cpu/debuf.mlir,1848,0,1,0,262.70032674074173,1,64856,0.014867633581161499,0,0,0,0,[],0,0,4,0.0,4
aten,aten_upper_bound_cpu,/home/arjaiswal/Polygeist/issues/aten_c_kernels/results/aten_upper_bound_cpu/debuf.mlir,6e67af9102de6740dc5a3cff37173564cbf166d87458f98f1ed7ac38a788802a,syntactic,1,ok,0,672.0497272908688,0,"[""/usr/bin/python3"", ""/home/arjaiswal/Polygeist/scripts/correctness/kernel_match_rewrite.py"", ""/home/arjaiswal/Polygeist/issues/aten_c_kernels/results/aten_upper_bound_cpu/debuf.mlir"", ""--dry-run"", ""--matcher-mode"", ""syntactic"", ""--telemetry-json"", ""/home/arjaiswal/Polygeist/issues/equality_saturation_eval/campaign_20260908/aten-aten_upper_bound_cpu-syntactic-jbwzrcp4.json"", ""--disable-semantic-fallback""]","== match report for /home/arjaiswal/Polygeist/issues/aten_c_kernels/results/aten_upper_bound_cpu/debuf.mlir ==
  total: 0 matched / 0 bodies
",0,[],0,0,0,0,/home/arjaiswal/Polygeist/issues/aten_c_kernels/results/aten_upper_bound_cpu/debuf.mlir,2630,0,0,0,251.48003920912743,0,64836,0.0,0,0,0,0,[],0,0,0,0.0,0
aten,aten_upper_bound_cpu,/home/arjaiswal/Polygeist/issues/aten_c_kernels/results/aten_upper_bound_cpu/debuf.mlir,6e67af9102de6740dc5a3cff37173564cbf166d87458f98f1ed7ac38a788802a,egglog,1,ok,0,669.9744090437889,0,"[""/usr/bin/python3"", ""/home/arjaiswal/Polygeist/scripts/correctness/kernel_match_rewrite.py"", ""/home/arjaiswal/Polygeist/issues/aten_c_kernels/results/aten_upper_bound_cpu/debuf.mlir"", ""--dry-run"", ""--matcher-mode"", ""egglog"", ""--telemetry-json"", ""/home/arjaiswal/Polygeist/issues/equality_saturation_eval/campaign_20260908/aten-aten_upper_bound_cpu-egglog-b03v0pyh.json"", ""--disable-semantic-fallback""]","== match report for /home/arjaiswal/Polygeist/issues/aten_c_kernels/results/aten_upper_bound_cpu/debuf.mlir ==
  total: 0 matched / 0 bodies
",0,[],0,0,0,0,/home/arjaiswal/Polygeist/issues/aten_c_kernels/results/aten_upper_bound_cpu/debuf.mlir,2630,8,0,0,257.00632482767105,0,64928,0.0,0,0,0,0,[],0,0,0,0.0,0
aten,aten_upper_bound_cpu,/home/arjaiswal/Polygeist/issues/aten_c_kernels/results/aten_upper_bound_cpu/debuf.mlir,6e67af9102de6740dc5a3cff37173564cbf166d87458f98f1ed7ac38a788802a,egglog,2,ok,0,675.9235262870789,0,"[""/usr/bin/python3"", ""/home/arjaiswal/Polygeist/scripts/correctness/kernel_match_rewrite.py"", ""/home/arjaiswal/Polygeist/issues/aten_c_kernels/results/aten_upper_bound_cpu/debuf.mlir"", ""--dry-run"", ""--matcher-mode"", ""egglog"", ""--telemetry-json"", ""/home/arjaiswal/Polygeist/issues/equality_saturation_eval/campaign_20260908/aten-aten_upper_bound_cpu-egglog-mnyn3nwk.json"", ""--disable-semantic-fallback""]","== match report for /home/arjaiswal/Polygeist/issues/aten_c_kernels/results/aten_upper_bound_cpu/debuf.mlir ==
  total: 0 matched / 0 bodies
",0,[],0,0,0,0,/home/arjaiswal/Polygeist/issues/aten_c_kernels/results/aten_upper_bound_cpu/debuf.mlir,2630,8,0,0,253.4766159951687,0,64768,0.0,0,0,0,0,[],0,0,0,0.0,0
aten,aten_upper_bound_cpu,/home/arjaiswal/Polygeist/issues/aten_c_kernels/results/aten_upper_bound_cpu/debuf.mlir,6e67af9102de6740dc5a3cff37173564cbf166d87458f98f1ed7ac38a788802a,syntactic,2,ok,0,672.5441664457321,0,"[""/usr/bin/python3"", ""/home/arjaiswal/Polygeist/scripts/correctness/kernel_match_rewrite.py"", ""/home/arjaiswal/Polygeist/issues/aten_c_kernels/results/aten_upper_bound_cpu/debuf.mlir"", ""--dry-run"", ""--matcher-mode"", ""syntactic"", ""--telemetry-json"", ""/home/arjaiswal/Polygeist/issues/equality_saturation_eval/campaign_20260908/aten-aten_upper_bound_cpu-syntactic-4qw_h9e3.json"", ""--disable-semantic-fallback""]","== match report for /home/arjaiswal/Polygeist/issues/aten_c_kernels/results/aten_upper_bound_cpu/debuf.mlir ==
  total: 0 matched / 0 bodies
",0,[],0,0,0,0,/home/arjaiswal/Polygeist/issues/aten_c_kernels/results/aten_upper_bound_cpu/debuf.mlir,2630,0,0,0,254.49293851852417,0,64652,0.0,0,0,0,0,[],0,0,0,0.0,0
aten,aten_upper_bound_cpu,/home/arjaiswal/Polygeist/issues/aten_c_kernels/results/aten_upper_bound_cpu/debuf.mlir,6e67af9102de6740dc5a3cff37173564cbf166d87458f98f1ed7ac38a788802a,syntactic,3,ok,0,670.5138981342316,0,"[""/usr/bin/python3"", ""/home/arjaiswal/Polygeist/scripts/correctness/kernel_match_rewrite.py"", ""/home/arjaiswal/Polygeist/issues/aten_c_kernels/results/aten_upper_bound_cpu/debuf.mlir"", ""--dry-run"", ""--matcher-mode"", ""syntactic"", ""--telemetry-json"", ""/home/arjaiswal/Polygeist/issues/equality_saturation_eval/campaign_20260908/aten-aten_upper_bound_cpu-syntactic-mbplokz2.json"", ""--disable-semantic-fallback""]","== match report for /home/arjaiswal/Polygeist/issues/aten_c_kernels/results/aten_upper_bound_cpu/debuf.mlir ==
  total: 0 matched / 0 bodies
",0,[],0,0,0,0,/home/arjaiswal/Polygeist/issues/aten_c_kernels/results/aten_upper_bound_cpu/debuf.mlir,2630,0,0,0,253.21926549077034,0,64648,0.0,0,0,0,0,[],0,0,0,0.0,0
aten,aten_upper_bound_cpu,/home/arjaiswal/Polygeist/issues/aten_c_kernels/results/aten_upper_bound_cpu/debuf.mlir,6e67af9102de6740dc5a3cff37173564cbf166d87458f98f1ed7ac38a788802a,egglog,3,ok,0,715.6121022999287,0,"[""/usr/bin/python3"", ""/home/arjaiswal/Polygeist/scripts/correctness/kernel_match_rewrite.py"", ""/home/arjaiswal/Polygeist/issues/aten_c_kernels/results/aten_upper_bound_cpu/debuf.mlir"", ""--dry-run"", ""--matcher-mode"", ""egglog"", ""--telemetry-json"", ""/home/arjaiswal/Polygeist/issues/equality_saturation_eval/campaign_20260908/aten-aten_upper_bound_cpu-egglog-drobkiwj.json"", ""--disable-semantic-fallback""]","== match report for /home/arjaiswal/Polygeist/issues/aten_c_kernels/results/aten_upper_bound_cpu/debuf.mlir ==
  total: 0 matched / 0 bodies
",0,[],0,0,0,0,/home/arjaiswal/Polygeist/issues/aten_c_kernels/results/aten_upper_bound_cpu/debuf.mlir,2630,8,0,0,283.8805131614208,0,64508,0.0,0,0,0,0,[],0,0,0,0.0,0
aten,aten_upper_bound_cpu,/home/arjaiswal/Polygeist/issues/aten_c_kernels/results/aten_upper_bound_cpu/debuf.mlir,6e67af9102de6740dc5a3cff37173564cbf166d87458f98f1ed7ac38a788802a,egglog,4,ok,0,690.6531862914562,0,"[""/usr/bin/python3"", ""/home/arjaiswal/Polygeist/scripts/correctness/kernel_match_rewrite.py"", ""/home/arjaiswal/Polygeist/issues/aten_c_kernels/results/aten_upper_bound_cpu/debuf.mlir"", ""--dry-run"", ""--matcher-mode"", ""egglog"", ""--telemetry-json"", ""/home/arjaiswal/Polygeist/issues/equality_saturation_eval/campaign_20260908/aten-aten_upper_bound_cpu-egglog-ydlspub1.json"", ""--disable-semantic-fallback""]","== match report for /home/arjaiswal/Polygeist/issues/aten_c_kernels/results/aten_upper_bound_cpu/debuf.mlir ==
  total: 0 matched / 0 bodies
",0,[],0,0,0,0,/home/arjaiswal/Polygeist/issues/aten_c_kernels/results/aten_upper_bound_cpu/debuf.mlir,2630,8,0,0,264.50540870428085,0,64776,0.0,0,0,0,0,[],0,0,0,0.0,0
aten,aten_upper_bound_cpu,/home/arjaiswal/Polygeist/issues/aten_c_kernels/results/aten_upper_bound_cpu/debuf.mlir,6e67af9102de6740dc5a3cff37173564cbf166d87458f98f1ed7ac38a788802a,syntactic,4,ok,0,691.797886043787,0,"[""/usr/bin/python3"", ""/home/arjaiswal/Polygeist/scripts/correctness/kernel_match_rewrite.py"", ""/home/arjaiswal/Polygeist/issues/aten_c_kernels/results/aten_upper_bound_cpu/debuf.mlir"", ""--dry-run"", ""--matcher-mode"", ""syntactic"", ""--telemetry-json"", ""/home/arjaiswal/Polygeist/issues/equality_saturation_eval/campaign_20260908/aten-aten_upper_bound_cpu-syntactic-wl7ioekd.json"", ""--disable-semantic-fallback""]","== match report for /home/arjaiswal/Polygeist/issues/aten_c_kernels/results/aten_upper_bound_cpu/debuf.mlir ==
  total: 0 matched / 0 bodies
",0,[],0,0,0,0,/home/arjaiswal/Polygeist/issues/aten_c_kernels/results/aten_upper_bound_cpu/debuf.mlir,2630,0,0,0,255.7011879980564,0,64876,0.0,0,0,0,0,[],0,0,0,0.0,0
aten,aten_upper_bound_cpu,/home/arjaiswal/Polygeist/issues/aten_c_kernels/results/aten_upper_bound_cpu/debuf.mlir,6e67af9102de6740dc5a3cff37173564cbf166d87458f98f1ed7ac38a788802a,syntactic,5,ok,0,691.3265958428383,0,"[""/usr/bin/python3"", ""/home/arjaiswal/Polygeist/scripts/correctness/kernel_match_rewrite.py"", ""/home/arjaiswal/Polygeist/issues/aten_c_kernels/results/aten_upper_bound_cpu/debuf.mlir"", ""--dry-run"", ""--matcher-mode"", ""syntactic"", ""--telemetry-json"", ""/home/arjaiswal/Polygeist/issues/equality_saturation_eval/campaign_20260908/aten-aten_upper_bound_cpu-syntactic-_t5c_bk2.json"", ""--disable-semantic-fallback""]","== match report for /home/arjaiswal/Polygeist/issues/aten_c_kernels/results/aten_upper_bound_cpu/debuf.mlir ==
  total: 0 matched / 0 bodies
",0,[],0,0,0,0,/home/arjaiswal/Polygeist/issues/aten_c_kernels/results/aten_upper_bound_cpu/debuf.mlir,2630,0,0,0,251.37623399496078,0,64612,0.0,0,0,0,0,[],0,0,0,0.0,0
aten,aten_upper_bound_cpu,/home/arjaiswal/Polygeist/issues/aten_c_kernels/results/aten_upper_bound_cpu/debuf.mlir,6e67af9102de6740dc5a3cff37173564cbf166d87458f98f1ed7ac38a788802a,egglog,5,ok,0,721.9730541110039,0,"[""/usr/bin/python3"", ""/home/arjaiswal/Polygeist/scripts/correctness/kernel_match_rewrite.py"", ""/home/arjaiswal/Polygeist/issues/aten_c_kernels/results/aten_upper_bound_cpu/debuf.mlir"", ""--dry-run"", ""--matcher-mode"", ""egglog"", ""--telemetry-json"", ""/home/arjaiswal/Polygeist/issues/equality_saturation_eval/campaign_20260908/aten-aten_upper_bound_cpu-egglog-lle5jtjz.json"", ""--disable-semantic-fallback""]","== match report for /home/arjaiswal/Polygeist/issues/aten_c_kernels/results/aten_upper_bound_cpu/debuf.mlir ==
  total: 0 matched / 0 bodies
",0,[],0,0,0,0,/home/arjaiswal/Polygeist/issues/aten_c_kernels/results/aten_upper_bound_cpu/debuf.mlir,2630,8,0,0,270.7609683275223,0,64456,0.0,0,0,0,0,[],0,0,0,0.0,0
aten,aten_upsample_bicubic2d_aa_backward_cpu,/home/arjaiswal/Polygeist/issues/aten_c_kernels/results/aten_upsample_bicubic2d_aa_backward_cpu/debuf.mlir,735e596ec914bac227a25c6d3adc0a7125af54cfa8ffabb8a6a9f9e4e849538e,egglog,1,ok,0,3089.703820645809,0,"[""/usr/bin/python3"", ""/home/arjaiswal/Polygeist/scripts/correctness/kernel_match_rewrite.py"", ""/home/arjaiswal/Polygeist/issues/aten_c_kernels/results/aten_upsample_bicubic2d_aa_backward_cpu/debuf.mlir"", ""--dry-run"", ""--matcher-mode"", ""egglog"", ""--telemetry-json"", ""/home/arjaiswal/Polygeist/issues/equality_saturation_eval/campaign_20260908/aten-aten_upsample_bicubic2d_aa_backward_cpu-egglog-hp_lu6qt.json"", ""--disable-semantic-fallback""]","== match report for /home/arjaiswal/Polygeist/issues/aten_c_kernels/results/aten_upsample_bicubic2d_aa_backward_cpu/debuf.mlir ==
  match          body#[0]  memset_zero_1D_f32
  no_match       body#1  ?
  no_match       body#2  ?
  total: 1 matched / 3 bodies
",0,[],0,0,0,0,/home/arjaiswal/Polygeist/issues/aten_c_kernels/results/aten_upsample_bicubic2d_aa_backward_cpu/debuf.mlir,9223,8,3,1,2649.6446430683136,2,74676,243.975218385458,22,22,0,0,"[{""body_indices"": [0], ""symbol"": ""memset_zero_1D_f32""}]",1,0,0,0.0,82
aten,aten_upsample_bicubic2d_aa_backward_cpu,/home/arjaiswal/Polygeist/issues/aten_c_kernels/results/aten_upsample_bicubic2d_aa_backward_cpu/debuf.mlir,735e596ec914bac227a25c6d3adc0a7125af54cfa8ffabb8a6a9f9e4e849538e,syntactic,1,ok,0,2724.4062535464764,0,"[""/usr/bin/python3"", ""/home/arjaiswal/Polygeist/scripts/correctness/kernel_match_rewrite.py"", ""/home/arjaiswal/Polygeist/issues/aten_c_kernels/results/aten_upsample_bicubic2d_aa_backward_cpu/debuf.mlir"", ""--dry-run"", ""--matcher-mode"", ""syntactic"", ""--telemetry-json"", ""/home/arjaiswal/Polygeist/issues/equality_saturation_eval/campaign_20260908/aten-aten_upsample_bicubic2d_aa_backward_cpu-syntactic-xepreveq.json"", ""--disable-semantic-fallback""]","== match report for /home/arjaiswal/Polygeist/issues/aten_c_kernels/results/aten_upsample_bicubic2d_aa_backward_cpu/debuf.mlir ==
  match          body#[0]  memset_zero_1D_f32
  no_match       body#1  ?
  no_match       body#2  ?
  total: 1 matched / 3 bodies
",0,[],0,0,0,0,/home/arjaiswal/Polygeist/issues/aten_c_kernels/results/aten_upsample_bicubic2d_aa_backward_cpu/debuf.mlir,9223,0,3,1,2271.1690478026867,2,70692,0.3029145300388336,0,22,0,0,"[{""body_indices"": [0], ""symbol"": ""memset_zero_1D_f32""}]",1,0,82,0.0,82
aten,aten_upsample_bicubic2d_aa_backward_cpu,/home/arjaiswal/Polygeist/issues/aten_c_kernels/results/aten_upsample_bicubic2d_aa_backward_cpu/debuf.mlir,735e596ec914bac227a25c6d3adc0a7125af54cfa8ffabb8a6a9f9e4e849538e,syntactic,2,ok,0,3206.0789950191975,0,"[""/usr/bin/python3"", ""/home/arjaiswal/Polygeist/scripts/correctness/kernel_match_rewrite.py"", ""/home/arjaiswal/Polygeist/issues/aten_c_kernels/results/aten_upsample_bicubic2d_aa_backward_cpu/debuf.mlir"", ""--dry-run"", ""--matcher-mode"", ""syntactic"", ""--telemetry-json"", ""/home/arjaiswal/Polygeist/issues/equality_saturation_eval/campaign_20260908/aten-aten_upsample_bicubic2d_aa_backward_cpu-syntactic-5u93068s.json"", ""--disable-semantic-fallback""]","== match report for /home/arjaiswal/Polygeist/issues/aten_c_kernels/results/aten_upsample_bicubic2d_aa_backward_cpu/debuf.mlir ==
  match          body#[0]  memset_zero_1D_f32
  no_match       body#1  ?
  no_match       body#2  ?
  total: 1 matched / 3 bodies
",0,[],0,0,0,0,/home/arjaiswal/Polygeist/issues/aten_c_kernels/results/aten_upsample_bicubic2d_aa_backward_cpu/debuf.mlir,9223,0,3,1,2733.095146715641,2,70772,0.3631189465522766,0,22,0,0,"[{""body_indices"": [0], ""symbol"": ""memset_zero_1D_f32""}]",1,0,82,0.0,82
aten,aten_upsample_bicubic2d_aa_backward_cpu,/home/arjaiswal/Polygeist/issues/aten_c_kernels/results/aten_upsample_bicubic2d_aa_backward_cpu/debuf.mlir,735e596ec914bac227a25c6d3adc0a7125af54cfa8ffabb8a6a9f9e4e849538e,egglog,2,ok,0,3351.2425385415554,0,"[""/usr/bin/python3"", ""/home/arjaiswal/Polygeist/scripts/correctness/kernel_match_rewrite.py"", ""/home/arjaiswal/Polygeist/issues/aten_c_kernels/results/aten_upsample_bicubic2d_aa_backward_cpu/debuf.mlir"", ""--dry-run"", ""--matcher-mode"", ""egglog"", ""--telemetry-json"", ""/home/arjaiswal/Polygeist/issues/equality_saturation_eval/campaign_20260908/aten-aten_upsample_bicubic2d_aa_backward_cpu-egglog-bvq_1n_r.json"", ""--disable-semantic-fallback""]","== match report for /home/arjaiswal/Polygeist/issues/aten_c_kernels/results/aten_upsample_bicubic2d_aa_backward_cpu/debuf.mlir ==
  match          body#[0]  memset_zero_1D_f32
  no_match       body#1  ?
  no_match       body#2  ?
  total: 1 matched / 3 bodies
",0,[],0,0,0,0,/home/arjaiswal/Polygeist/issues/aten_c_kernels/results/aten_upsample_bicubic2d_aa_backward_cpu/debuf.mlir,9223,8,3,1,2829.5739702880383,2,74540,239.18118327856064,22,22,0,0,"[{""body_indices"": [0], ""symbol"": ""memset_zero_1D_f32""}]",1,0,0,0.0,82
aten,aten_upsample_bicubic2d_aa_backward_cpu,/home/arjaiswal/Polygeist/issues/aten_c_kernels/results/aten_upsample_bicubic2d_aa_backward_cpu/debuf.mlir,735e596ec914bac227a25c6d3adc0a7125af54cfa8ffabb8a6a9f9e4e849538e,egglog,3,ok,0,3222.687792032957,0,"[""/usr/bin/python3"", ""/home/arjaiswal/Polygeist/scripts/correctness/kernel_match_rewrite.py"", ""/home/arjaiswal/Polygeist/issues/aten_c_kernels/results/aten_upsample_bicubic2d_aa_backward_cpu/debuf.mlir"", ""--dry-run"", ""--matcher-mode"", ""egglog"", ""--telemetry-json"", ""/home/arjaiswal/Polygeist/issues/equality_saturation_eval/campaign_20260908/aten-aten_upsample_bicubic2d_aa_backward_cpu-egglog-bco7x4q9.json"", ""--disable-semantic-fallback""]","== match report for /home/arjaiswal/Polygeist/issues/aten_c_kernels/results/aten_upsample_bicubic2d_aa_backward_cpu/debuf.mlir ==
  match          body#[0]  memset_zero_1D_f32
  no_match       body#1  ?
  no_match       body#2  ?
  total: 1 matched / 3 bodies
",0,[],0,0,0,0,/home/arjaiswal/Polygeist/issues/aten_c_kernels/results/aten_upsample_bicubic2d_aa_backward_cpu/debuf.mlir,9223,8,3,1,2709.7063809633255,2,74480,254.07210364937782,22,22,0,0,"[{""body_indices"": [0], ""symbol"": ""memset_zero_1D_f32""}]",1,0,0,0.0,82
aten,aten_upsample_bicubic2d_aa_backward_cpu,/home/arjaiswal/Polygeist/issues/aten_c_kernels/results/aten_upsample_bicubic2d_aa_backward_cpu/debuf.mlir,735e596ec914bac227a25c6d3adc0a7125af54cfa8ffabb8a6a9f9e4e849538e,syntactic,3,ok,0,3309.1382533311844,0,"[""/usr/bin/python3"", ""/home/arjaiswal/Polygeist/scripts/correctness/kernel_match_rewrite.py"", ""/home/arjaiswal/Polygeist/issues/aten_c_kernels/results/aten_upsample_bicubic2d_aa_backward_cpu/debuf.mlir"", ""--dry-run"", ""--matcher-mode"", ""syntactic"", ""--telemetry-json"", ""/home/arjaiswal/Polygeist/issues/equality_saturation_eval/campaign_20260908/aten-aten_upsample_bicubic2d_aa_backward_cpu-syntactic-68fo9l5n.json"", ""--disable-semantic-fallback""]","== match report for /home/arjaiswal/Polygeist/issues/aten_c_kernels/results/aten_upsample_bicubic2d_aa_backward_cpu/debuf.mlir ==
  match          body#[0]  memset_zero_1D_f32
  no_match       body#1  ?
  no_match       body#2  ?
  total: 1 matched / 3 bodies
",0,[],0,0,0,0,/home/arjaiswal/Polygeist/issues/aten_c_kernels/results/aten_upsample_bicubic2d_aa_backward_cpu/debuf.mlir,9223,0,3,1,2688.4335167706013,2,70888,0.3766380250453949,0,22,0,0,"[{""body_indices"": [0], ""symbol"": ""memset_zero_1D_f32""}]",1,0,82,0.0,82
aten,aten_upsample_bicubic2d_aa_backward_cpu,/home/arjaiswal/Polygeist/issues/aten_c_kernels/results/aten_upsample_bicubic2d_aa_backward_cpu/debuf.mlir,735e596ec914bac227a25c6d3adc0a7125af54cfa8ffabb8a6a9f9e4e849538e,syntactic,4,ok,0,3890.958320349455,0,"[""/usr/bin/python3"", ""/home/arjaiswal/Polygeist/scripts/correctness/kernel_match_rewrite.py"", ""/home/arjaiswal/Polygeist/issues/aten_c_kernels/results/aten_upsample_bicubic2d_aa_backward_cpu/debuf.mlir"", ""--dry-run"", ""--matcher-mode"", ""syntactic"", ""--telemetry-json"", ""/home/arjaiswal/Polygeist/issues/equality_saturation_eval/campaign_20260908/aten-aten_upsample_bicubic2d_aa_backward_cpu-syntactic-pigza4cj.json"", ""--disable-semantic-fallback""]","== match report for /home/arjaiswal/Polygeist/issues/aten_c_kernels/results/aten_upsample_bicubic2d_aa_backward_cpu/debuf.mlir ==
  match          body#[0]  memset_zero_1D_f32
  no_match       body#1  ?
  no_match       body#2  ?
  total: 1 matched / 3 bodies
",0,[],0,0,0,0,/home/arjaiswal/Polygeist/issues/aten_c_kernels/results/aten_upsample_bicubic2d_aa_backward_cpu/debuf.mlir,9223,0,3,1,3163.8730615377426,2,70784,0.3748200833797455,0,22,0,0,"[{""body_indices"": [0], ""symbol"": ""memset_zero_1D_f32""}]",1,0,82,0.0,82
aten,aten_upsample_bicubic2d_aa_backward_cpu,/home/arjaiswal/Polygeist/issues/aten_c_kernels/results/aten_upsample_bicubic2d_aa_backward_cpu/debuf.mlir,735e596ec914bac227a25c6d3adc0a7125af54cfa8ffabb8a6a9f9e4e849538e,egglog,4,ok,0,3453.7232890725136,0,"[""/usr/bin/python3"", ""/home/arjaiswal/Polygeist/scripts/correctness/kernel_match_rewrite.py"", ""/home/arjaiswal/Polygeist/issues/aten_c_kernels/results/aten_upsample_bicubic2d_aa_backward_cpu/debuf.mlir"", ""--dry-run"", ""--matcher-mode"", ""egglog"", ""--telemetry-json"", ""/home/arjaiswal/Polygeist/issues/equality_saturation_eval/campaign_20260908/aten-aten_upsample_bicubic2d_aa_backward_cpu-egglog-ntamqc1i.json"", ""--disable-semantic-fallback""]","== match report for /home/arjaiswal/Polygeist/issues/aten_c_kernels/results/aten_upsample_bicubic2d_aa_backward_cpu/debuf.mlir ==
  match          body#[0]  memset_zero_1D_f32
  no_match       body#1  ?
  no_match       body#2  ?
  total: 1 matched / 3 bodies
",0,[],0,0,0,0,/home/arjaiswal/Polygeist/issues/aten_c_kernels/results/aten_upsample_bicubic2d_aa_backward_cpu/debuf.mlir,9223,8,3,1,2919.898983091116,2,74628,233.98417234420776,22,22,0,0,"[{""body_indices"": [0], ""symbol"": ""memset_zero_1D_f32""}]",1,0,0,0.0,82
aten,aten_upsample_bicubic2d_aa_backward_cpu,/home/arjaiswal/Polygeist/issues/aten_c_kernels/results/aten_upsample_bicubic2d_aa_backward_cpu/debuf.mlir,735e596ec914bac227a25c6d3adc0a7125af54cfa8ffabb8a6a9f9e4e849538e,egglog,5,ok,0,3509.2139653861523,0,"[""/usr/bin/python3"", ""/home/arjaiswal/Polygeist/scripts/correctness/kernel_match_rewrite.py"", ""/home/arjaiswal/Polygeist/issues/aten_c_kernels/results/aten_upsample_bicubic2d_aa_backward_cpu/debuf.mlir"", ""--dry-run"", ""--matcher-mode"", ""egglog"", ""--telemetry-json"", ""/home/arjaiswal/Polygeist/issues/equality_saturation_eval/campaign_20260908/aten-aten_upsample_bicubic2d_aa_backward_cpu-egglog-80q4lgvo.json"", ""--disable-semantic-fallback""]","== match report for /home/arjaiswal/Polygeist/issues/aten_c_kernels/results/aten_upsample_bicubic2d_aa_backward_cpu/debuf.mlir ==
  match          body#[0]  memset_zero_1D_f32
  no_match       body#1  ?
  no_match       body#2  ?
  total: 1 matched / 3 bodies
",0,[],0,0,0,0,/home/arjaiswal/Polygeist/issues/aten_c_kernels/results/aten_upsample_bicubic2d_aa_backward_cpu/debuf.mlir,9223,8,3,1,2804.0876612067223,2,74488,221.9826765358448,22,22,0,0,"[{""body_indices"": [0], ""symbol"": ""memset_zero_1D_f32""}]",1,0,0,0.0,82
aten,aten_upsample_bicubic2d_aa_backward_cpu,/home/arjaiswal/Polygeist/issues/aten_c_kernels/results/aten_upsample_bicubic2d_aa_backward_cpu/debuf.mlir,735e596ec914bac227a25c6d3adc0a7125af54cfa8ffabb8a6a9f9e4e849538e,syntactic,5,ok,0,3498.412523418665,0,"[""/usr/bin/python3"", ""/home/arjaiswal/Polygeist/scripts/correctness/kernel_match_rewrite.py"", ""/home/arjaiswal/Polygeist/issues/aten_c_kernels/results/aten_upsample_bicubic2d_aa_backward_cpu/debuf.mlir"", ""--dry-run"", ""--matcher-mode"", ""syntactic"", ""--telemetry-json"", ""/home/arjaiswal/Polygeist/issues/equality_saturation_eval/campaign_20260908/aten-aten_upsample_bicubic2d_aa_backward_cpu-syntactic-rolmjzvt.json"", ""--disable-semantic-fallback""]","== match report for /home/arjaiswal/Polygeist/issues/aten_c_kernels/results/aten_upsample_bicubic2d_aa_backward_cpu/debuf.mlir ==
  match          body#[0]  memset_zero_1D_f32
  no_match       body#1  ?
  no_match       body#2  ?
  total: 1 matched / 3 bodies
",0,[],0,0,0,0,/home/arjaiswal/Polygeist/issues/aten_c_kernels/results/aten_upsample_bicubic2d_aa_backward_cpu/debuf.mlir,9223,0,3,1,2849.022328853607,2,70548,0.3579072654247284,0,22,0,0,"[{""body_indices"": [0], ""symbol"": ""memset_zero_1D_f32""}]",1,0,82,0.0,82
aten,aten_upsample_bicubic2d_aa_cpu,/home/arjaiswal/Polygeist/issues/aten_c_kernels/results/aten_upsample_bicubic2d_aa_cpu/debuf.mlir,7de74c337a99254b48e8aec76f274b6604a62da19a4eee914023cbce20d4f309,syntactic,1,ok,0,1040.7641343772411,0,"[""/usr/bin/python3"", ""/home/arjaiswal/Polygeist/scripts/correctness/kernel_match_rewrite.py"", ""/home/arjaiswal/Polygeist/issues/aten_c_kernels/results/aten_upsample_bicubic2d_aa_cpu/debuf.mlir"", ""--dry-run"", ""--matcher-mode"", ""syntactic"", ""--telemetry-json"", ""/home/arjaiswal/Polygeist/issues/equality_saturation_eval/campaign_20260908/aten-aten_upsample_bicubic2d_aa_cpu-syntactic-k2510_au.json"", ""--disable-semantic-fallback""]","== match report for /home/arjaiswal/Polygeist/issues/aten_c_kernels/results/aten_upsample_bicubic2d_aa_cpu/debuf.mlir ==
  no_match       body#0  ?
  no_match       body#1  ?
  total: 0 matched / 2 bodies
",0,[],0,0,0,0,/home/arjaiswal/Polygeist/issues/aten_c_kernels/results/aten_upsample_bicubic2d_aa_cpu/debuf.mlir,9053,0,2,0,541.402067989111,2,68128,0.0,0,0,0,0,[],0,0,0,0.0,0
aten,aten_upsample_bicubic2d_aa_cpu,/home/arjaiswal/Polygeist/issues/aten_c_kernels/results/aten_upsample_bicubic2d_aa_cpu/debuf.mlir,7de74c337a99254b48e8aec76f274b6604a62da19a4eee914023cbce20d4f309,egglog,1,ok,0,1308.2589730620384,0,"[""/usr/bin/python3"", ""/home/arjaiswal/Polygeist/scripts/correctness/kernel_match_rewrite.py"", ""/home/arjaiswal/Polygeist/issues/aten_c_kernels/results/aten_upsample_bicubic2d_aa_cpu/debuf.mlir"", ""--dry-run"", ""--matcher-mode"", ""egglog"", ""--telemetry-json"", ""/home/arjaiswal/Polygeist/issues/equality_saturation_eval/campaign_20260908/aten-aten_upsample_bicubic2d_aa_cpu-egglog-3tl0a5jt.json"", ""--disable-semantic-fallback""]","== match report for /home/arjaiswal/Polygeist/issues/aten_c_kernels/results/aten_upsample_bicubic2d_aa_cpu/debuf.mlir ==
  no_match       body#0  ?
  no_match       body#1  ?
  total: 0 matched / 2 bodies
",0,[],0,0,0,0,/home/arjaiswal/Polygeist/issues/aten_c_kernels/results/aten_upsample_bicubic2d_aa_cpu/debuf.mlir,9053,8,2,0,819.8285512626171,2,67876,0.0,0,0,0,0,[],0,0,0,0.0,0
aten,aten_upsample_bicubic2d_aa_cpu,/home/arjaiswal/Polygeist/issues/aten_c_kernels/results/aten_upsample_bicubic2d_aa_cpu/debuf.mlir,7de74c337a99254b48e8aec76f274b6604a62da19a4eee914023cbce20d4f309,egglog,2,ok,0,1403.3969454467297,0,"[""/usr/bin/python3"", ""/home/arjaiswal/Polygeist/scripts/correctness/kernel_match_rewrite.py"", ""/home/arjaiswal/Polygeist/issues/aten_c_kernels/results/aten_upsample_bicubic2d_aa_cpu/debuf.mlir"", ""--dry-run"", ""--matcher-mode"", ""egglog"", ""--telemetry-json"", ""/home/arjaiswal/Polygeist/issues/equality_saturation_eval/campaign_20260908/aten-aten_upsample_bicubic2d_aa_cpu-egglog-ee6o5l49.json"", ""--disable-semantic-fallback""]","== match report for /home/arjaiswal/Polygeist/issues/aten_c_kernels/results/aten_upsample_bicubic2d_aa_cpu/debuf.mlir ==
  no_match       body#0  ?
  no_match       body#1  ?
  total: 0 matched / 2 bodies
",0,[],0,0,0,0,/home/arjaiswal/Polygeist/issues/aten_c_kernels/results/aten_upsample_bicubic2d_aa_cpu/debuf.mlir,9053,8,2,0,611.1122891306877,2,68052,0.0,0,0,0,0,[],0,0,0,0.0,0
aten,aten_upsample_bicubic2d_aa_cpu,/home/arjaiswal/Polygeist/issues/aten_c_kernels/results/aten_upsample_bicubic2d_aa_cpu/debuf.mlir,7de74c337a99254b48e8aec76f274b6604a62da19a4eee914023cbce20d4f309,syntactic,2,ok,0,1041.3628555834293,0,"[""/usr/bin/python3"", ""/home/arjaiswal/Polygeist/scripts/correctness/kernel_match_rewrite.py"", ""/home/arjaiswal/Polygeist/issues/aten_c_kernels/results/aten_upsample_bicubic2d_aa_cpu/debuf.mlir"", ""--dry-run"", ""--matcher-mode"", ""syntactic"", ""--telemetry-json"", ""/home/arjaiswal/Polygeist/issues/equality_saturation_eval/campaign_20260908/aten-aten_upsample_bicubic2d_aa_cpu-syntactic-kru57axj.json"", ""--disable-semantic-fallback""]","== match report for /home/arjaiswal/Polygeist/issues/aten_c_kernels/results/aten_upsample_bicubic2d_aa_cpu/debuf.mlir ==
  no_match       body#0  ?
  no_match       body#1  ?
  total: 0 matched / 2 bodies
",0,[],0,0,0,0,/home/arjaiswal/Polygeist/issues/aten_c_kernels/results/aten_upsample_bicubic2d_aa_cpu/debuf.mlir,9053,0,2,0,537.9521250724792,2,67976,0.0,0,0,0,0,[],0,0,0,0.0,0
aten,aten_upsample_bicubic2d_aa_cpu,/home/arjaiswal/Polygeist/issues/aten_c_kernels/results/aten_upsample_bicubic2d_aa_cpu/debuf.mlir,7de74c337a99254b48e8aec76f274b6604a62da19a4eee914023cbce20d4f309,syntactic,3,ok,0,1076.183907687664,0,"[""/usr/bin/python3"", ""/home/arjaiswal/Polygeist/scripts/correctness/kernel_match_rewrite.py"", ""/home/arjaiswal/Polygeist/issues/aten_c_kernels/results/aten_upsample_bicubic2d_aa_cpu/debuf.mlir"", ""--dry-run"", ""--matcher-mode"", ""syntactic"", ""--telemetry-json"", ""/home/arjaiswal/Polygeist/issues/equality_saturation_eval/campaign_20260908/aten-aten_upsample_bicubic2d_aa_cpu-syntactic-4yuip5fe.json"", ""--disable-semantic-fallback""]","== match report for /home/arjaiswal/Polygeist/issues/aten_c_kernels/results/aten_upsample_bicubic2d_aa_cpu/debuf.mlir ==
  no_match       body#0  ?
  no_match       body#1  ?
  total: 0 matched / 2 bodies
",0,[],0,0,0,0,/home/arjaiswal/Polygeist/issues/aten_c_kernels/results/aten_upsample_bicubic2d_aa_cpu/debuf.mlir,9053,0,2,0,538.2681973278522,2,68224,0.0,0,0,0,0,[],0,0,0,0.0,0
aten,aten_upsample_bicubic2d_aa_cpu,/home/arjaiswal/Polygeist/issues/aten_c_kernels/results/aten_upsample_bicubic2d_aa_cpu/debuf.mlir,7de74c337a99254b48e8aec76f274b6604a62da19a4eee914023cbce20d4f309,egglog,3,ok,0,1018.70396733284,0,"[""/usr/bin/python3"", ""/home/arjaiswal/Polygeist/scripts/correctness/kernel_match_rewrite.py"", ""/home/arjaiswal/Polygeist/issues/aten_c_kernels/results/aten_upsample_bicubic2d_aa_cpu/debuf.mlir"", ""--dry-run"", ""--matcher-mode"", ""egglog"", ""--telemetry-json"", ""/home/arjaiswal/Polygeist/issues/equality_saturation_eval/campaign_20260908/aten-aten_upsample_bicubic2d_aa_cpu-egglog-y2whd2sy.json"", ""--disable-semantic-fallback""]","== match report for /home/arjaiswal/Polygeist/issues/aten_c_kernels/results/aten_upsample_bicubic2d_aa_cpu/debuf.mlir ==
  no_match       body#0  ?
  no_match       body#1  ?
  total: 0 matched / 2 bodies
",0,[],0,0,0,0,/home/arjaiswal/Polygeist/issues/aten_c_kernels/results/aten_upsample_bicubic2d_aa_cpu/debuf.mlir,9053,8,2,0,536.0790826380253,2,68068,0.0,0,0,0,0,[],0,0,0,0.0,0
aten,aten_upsample_bicubic2d_aa_cpu,/home/arjaiswal/Polygeist/issues/aten_c_kernels/results/aten_upsample_bicubic2d_aa_cpu/debuf.mlir,7de74c337a99254b48e8aec76f274b6604a62da19a4eee914023cbce20d4f309,egglog,4,ok,0,1313.9558210968971,0,"[""/usr/bin/python3"", ""/home/arjaiswal/Polygeist/scripts/correctness/kernel_match_rewrite.py"", ""/home/arjaiswal/Polygeist/issues/aten_c_kernels/results/aten_upsample_bicubic2d_aa_cpu/debuf.mlir"", ""--dry-run"", ""--matcher-mode"", ""egglog"", ""--telemetry-json"", ""/home/arjaiswal/Polygeist/issues/equality_saturation_eval/campaign_20260908/aten-aten_upsample_bicubic2d_aa_cpu-egglog-v27tvxzx.json"", ""--disable-semantic-fallback""]","== match report for /home/arjaiswal/Polygeist/issues/aten_c_kernels/results/aten_upsample_bicubic2d_aa_cpu/debuf.mlir ==
  no_match       body#0  ?
  no_match       body#1  ?
  total: 0 matched / 2 bodies
",0,[],0,0,0,0,/home/arjaiswal/Polygeist/issues/aten_c_kernels/results/aten_upsample_bicubic2d_aa_cpu/debuf.mlir,9053,8,2,0,628.8560181856155,2,68056,0.0,0,0,0,0,[],0,0,0,0.0,0
aten,aten_upsample_bicubic2d_aa_cpu,/home/arjaiswal/Polygeist/issues/aten_c_kernels/results/aten_upsample_bicubic2d_aa_cpu/debuf.mlir,7de74c337a99254b48e8aec76f274b6604a62da19a4eee914023cbce20d4f309,syntactic,4,ok,0,1256.2484294176102,0,"[""/usr/bin/python3"", ""/home/arjaiswal/Polygeist/scripts/correctness/kernel_match_rewrite.py"", ""/home/arjaiswal/Polygeist/issues/aten_c_kernels/results/aten_upsample_bicubic2d_aa_cpu/debuf.mlir"", ""--dry-run"", ""--matcher-mode"", ""syntactic"", ""--telemetry-json"", ""/home/arjaiswal/Polygeist/issues/equality_saturation_eval/campaign_20260908/aten-aten_upsample_bicubic2d_aa_cpu-syntactic-47u23rn4.json"", ""--disable-semantic-fallback""]","== match report for /home/arjaiswal/Polygeist/issues/aten_c_kernels/results/aten_upsample_bicubic2d_aa_cpu/debuf.mlir ==
  no_match       body#0  ?
  no_match       body#1  ?
  total: 0 matched / 2 bodies
",0,[],0,0,0,0,/home/arjaiswal/Polygeist/issues/aten_c_kernels/results/aten_upsample_bicubic2d_aa_cpu/debuf.mlir,9053,0,2,0,583.9134305715561,2,68208,0.0,0,0,0,0,[],0,0,0,0.0,0
aten,aten_upsample_bicubic2d_aa_cpu,/home/arjaiswal/Polygeist/issues/aten_c_kernels/results/aten_upsample_bicubic2d_aa_cpu/debuf.mlir,7de74c337a99254b48e8aec76f274b6604a62da19a4eee914023cbce20d4f309,syntactic,5,ok,0,1229.1505746543407,0,"[""/usr/bin/python3"", ""/home/arjaiswal/Polygeist/scripts/correctness/kernel_match_rewrite.py"", ""/home/arjaiswal/Polygeist/issues/aten_c_kernels/results/aten_upsample_bicubic2d_aa_cpu/debuf.mlir"", ""--dry-run"", ""--matcher-mode"", ""syntactic"", ""--telemetry-json"", ""/home/arjaiswal/Polygeist/issues/equality_saturation_eval/campaign_20260908/aten-aten_upsample_bicubic2d_aa_cpu-syntactic-t19zjjb8.json"", ""--disable-semantic-fallback""]","== match report for /home/arjaiswal/Polygeist/issues/aten_c_kernels/results/aten_upsample_bicubic2d_aa_cpu/debuf.mlir ==
  no_match       body#0  ?
  no_match       body#1  ?
  total: 0 matched / 2 bodies
",0,[],0,0,0,0,/home/arjaiswal/Polygeist/issues/aten_c_kernels/results/aten_upsample_bicubic2d_aa_cpu/debuf.mlir,9053,0,2,0,651.0696299374104,2,68016,0.0,0,0,0,0,[],0,0,0,0.0,0
aten,aten_upsample_bicubic2d_aa_cpu,/home/arjaiswal/Polygeist/issues/aten_c_kernels/results/aten_upsample_bicubic2d_aa_cpu/debuf.mlir,7de74c337a99254b48e8aec76f274b6604a62da19a4eee914023cbce20d4f309,egglog,5,ok,0,1142.6550410687923,0,"[""/usr/bin/python3"", ""/home/arjaiswal/Polygeist/scripts/correctness/kernel_match_rewrite.py"", ""/home/arjaiswal/Polygeist/issues/aten_c_kernels/results/aten_upsample_bicubic2d_aa_cpu/debuf.mlir"", ""--dry-run"", ""--matcher-mode"", ""egglog"", ""--telemetry-json"", ""/home/arjaiswal/Polygeist/issues/equality_saturation_eval/campaign_20260908/aten-aten_upsample_bicubic2d_aa_cpu-egglog-0fz2pm7l.json"", ""--disable-semantic-fallback""]","== match report for /home/arjaiswal/Polygeist/issues/aten_c_kernels/results/aten_upsample_bicubic2d_aa_cpu/debuf.mlir ==
  no_match       body#0  ?
  no_match       body#1  ?
  total: 0 matched / 2 bodies
",0,[],0,0,0,0,/home/arjaiswal/Polygeist/issues/aten_c_kernels/results/aten_upsample_bicubic2d_aa_cpu/debuf.mlir,9053,8,2,0,559.1469965875149,2,67908,0.0,0,0,0,0,[],0,0,0,0.0,0
aten,aten_upsample_bicubic2d_backward_cpu,/home/arjaiswal/Polygeist/issues/aten_c_kernels/results/aten_upsample_bicubic2d_backward_cpu/debuf.mlir,38b8ad968a67476c19811b4369911fad137f216e355b5e8eab75c7fae2105e7a,egglog,1,ok,0,912.200540304184,0,"[""/usr/bin/python3"", ""/home/arjaiswal/Polygeist/scripts/correctness/kernel_match_rewrite.py"", ""/home/arjaiswal/Polygeist/issues/aten_c_kernels/results/aten_upsample_bicubic2d_backward_cpu/debuf.mlir"", ""--dry-run"", ""--matcher-mode"", ""egglog"", ""--telemetry-json"", ""/home/arjaiswal/Polygeist/issues/equality_saturation_eval/campaign_20260908/aten-aten_upsample_bicubic2d_backward_cpu-egglog-zhwe4sxu.json"", ""--disable-semantic-fallback""]","== match report for /home/arjaiswal/Polygeist/issues/aten_c_kernels/results/aten_upsample_bicubic2d_backward_cpu/debuf.mlir ==
  match          body#[0]  memset_zero_1D_f32
  total: 1 matched / 1 bodies
",0,[],0,0,0,0,/home/arjaiswal/Polygeist/issues/aten_c_kernels/results/aten_upsample_bicubic2d_backward_cpu/debuf.mlir,3357,8,1,1,367.60440096259117,0,69276,22.35017716884613,2,2,0,0,"[{""body_indices"": [0], ""symbol"": ""memset_zero_1D_f32""}]",1,0,0,0.0,4
aten,aten_upsample_bicubic2d_backward_cpu,/home/arjaiswal/Polygeist/issues/aten_c_kernels/results/aten_upsample_bicubic2d_backward_cpu/debuf.mlir,38b8ad968a67476c19811b4369911fad137f216e355b5e8eab75c7fae2105e7a,syntactic,1,ok,0,884.0881809592247,0,"[""/usr/bin/python3"", ""/home/arjaiswal/Polygeist/scripts/correctness/kernel_match_rewrite.py"", ""/home/arjaiswal/Polygeist/issues/aten_c_kernels/results/aten_upsample_bicubic2d_backward_cpu/debuf.mlir"", ""--dry-run"", ""--matcher-mode"", ""syntactic"", ""--telemetry-json"", ""/home/arjaiswal/Polygeist/issues/equality_saturation_eval/campaign_20260908/aten-aten_upsample_bicubic2d_backward_cpu-syntactic-rmhdgbp9.json"", ""--disable-semantic-fallback""]","== match report for /home/arjaiswal/Polygeist/issues/aten_c_kernels/results/aten_upsample_bicubic2d_backward_cpu/debuf.mlir ==
  match          body#[0]  memset_zero_1D_f32
  total: 1 matched / 1 bodies
",0,[],0,0,0,0,/home/arjaiswal/Polygeist/issues/aten_c_kernels/results/aten_upsample_bicubic2d_backward_cpu/debuf.mlir,3357,0,1,1,294.02750730514526,0,64664,0.02017989754676819,0,2,0,0,"[{""body_indices"": [0], ""symbol"": ""memset_zero_1D_f32""}]",1,0,4,0.0,4
aten,aten_upsample_bicubic2d_backward_cpu,/home/arjaiswal/Polygeist/issues/aten_c_kernels/results/aten_upsample_bicubic2d_backward_cpu/debuf.mlir,38b8ad968a67476c19811b4369911fad137f216e355b5e8eab75c7fae2105e7a,syntactic,2,ok,0,865.514799952507,0,"[""/usr/bin/python3"", ""/home/arjaiswal/Polygeist/scripts/correctness/kernel_match_rewrite.py"", ""/home/arjaiswal/Polygeist/issues/aten_c_kernels/results/aten_upsample_bicubic2d_backward_cpu/debuf.mlir"", ""--dry-run"", ""--matcher-mode"", ""syntactic"", ""--telemetry-json"", ""/home/arjaiswal/Polygeist/issues/equality_saturation_eval/campaign_20260908/aten-aten_upsample_bicubic2d_backward_cpu-syntactic-fy3udqxu.json"", ""--disable-semantic-fallback""]","== match report for /home/arjaiswal/Polygeist/issues/aten_c_kernels/results/aten_upsample_bicubic2d_backward_cpu/debuf.mlir ==
  match          body#[0]  memset_zero_1D_f32
  total: 1 matched / 1 bodies
",0,[],0,0,0,0,/home/arjaiswal/Polygeist/issues/aten_c_kernels/results/aten_upsample_bicubic2d_backward_cpu/debuf.mlir,3357,0,1,1,330.4961286485195,0,64816,0.01959875226020813,0,2,0,0,"[{""body_indices"": [0], ""symbol"": ""memset_zero_1D_f32""}]",1,0,4,0.0,4
aten,aten_upsample_bicubic2d_backward_cpu,/home/arjaiswal/Polygeist/issues/aten_c_kernels/results/aten_upsample_bicubic2d_backward_cpu/debuf.mlir,38b8ad968a67476c19811b4369911fad137f216e355b5e8eab75c7fae2105e7a,egglog,2,ok,0,1272.2190842032433,0,"[""/usr/bin/python3"", ""/home/arjaiswal/Polygeist/scripts/correctness/kernel_match_rewrite.py"", ""/home/arjaiswal/Polygeist/issues/aten_c_kernels/results/aten_upsample_bicubic2d_backward_cpu/debuf.mlir"", ""--dry-run"", ""--matcher-mode"", ""egglog"", ""--telemetry-json"", ""/home/arjaiswal/Polygeist/issues/equality_saturation_eval/campaign_20260908/aten-aten_upsample_bicubic2d_backward_cpu-egglog-kfudrj73.json"", ""--disable-semantic-fallback""]","== match report for /home/arjaiswal/Polygeist/issues/aten_c_kernels/results/aten_upsample_bicubic2d_backward_cpu/debuf.mlir ==
  match          body#[0]  memset_zero_1D_f32
  total: 1 matched / 1 bodies
",0,[],0,0,0,0,/home/arjaiswal/Polygeist/issues/aten_c_kernels/results/aten_upsample_bicubic2d_backward_cpu/debuf.mlir,3357,8,1,1,440.82867354154587,0,69268,21.57999575138092,2,2,0,0,"[{""body_indices"": [0], ""symbol"": ""memset_zero_1D_f32""}]",1,0,0,0.0,4
aten,aten_upsample_bicubic2d_backward_cpu,/home/arjaiswal/Polygeist/issues/aten_c_kernels/results/aten_upsample_bicubic2d_backward_cpu/debuf.mlir,38b8ad968a67476c19811b4369911fad137f216e355b5e8eab75c7fae2105e7a,egglog,3,ok,0,932.8950718045235,0,"[""/usr/bin/python3"", ""/home/arjaiswal/Polygeist/scripts/correctness/kernel_match_rewrite.py"", ""/home/arjaiswal/Polygeist/issues/aten_c_kernels/results/aten_upsample_bicubic2d_backward_cpu/debuf.mlir"", ""--dry-run"", ""--matcher-mode"", ""egglog"", ""--telemetry-json"", ""/home/arjaiswal/Polygeist/issues/equality_saturation_eval/campaign_20260908/aten-aten_upsample_bicubic2d_backward_cpu-egglog-u313mz3q.json"", ""--disable-semantic-fallback""]","== match report for /home/arjaiswal/Polygeist/issues/aten_c_kernels/results/aten_upsample_bicubic2d_backward_cpu/debuf.mlir ==
  match          body#[0]  memset_zero_1D_f32
  total: 1 matched / 1 bodies
",0,[],0,0,0,0,/home/arjaiswal/Polygeist/issues/aten_c_kernels/results/aten_upsample_bicubic2d_backward_cpu/debuf.mlir,3357,8,1,1,454.5232430100441,0,69664,27.084026485681534,2,2,0,0,"[{""body_indices"": [0], ""symbol"": ""memset_zero_1D_f32""}]",1,0,0,0.0,4
aten,aten_upsample_bicubic2d_backward_cpu,/home/arjaiswal/Polygeist/issues/aten_c_kernels/results/aten_upsample_bicubic2d_backward_cpu/debuf.mlir,38b8ad968a67476c19811b4369911fad137f216e355b5e8eab75c7fae2105e7a,syntactic,3,ok,0,834.0190388262272,0,"[""/usr/bin/python3"", ""/home/arjaiswal/Polygeist/scripts/correctness/kernel_match_rewrite.py"", ""/home/arjaiswal/Polygeist/issues/aten_c_kernels/results/aten_upsample_bicubic2d_backward_cpu/debuf.mlir"", ""--dry-run"", ""--matcher-mode"", ""syntactic"", ""--telemetry-json"", ""/home/arjaiswal/Polygeist/issues/equality_saturation_eval/campaign_20260908/aten-aten_upsample_bicubic2d_backward_cpu-syntactic-0zyxiqvh.json"", ""--disable-semantic-fallback""]","== match report for /home/arjaiswal/Polygeist/issues/aten_c_kernels/results/aten_upsample_bicubic2d_backward_cpu/debuf.mlir ==
  match          body#[0]  memset_zero_1D_f32
  total: 1 matched / 1 bodies
",0,[],0,0,0,0,/home/arjaiswal/Polygeist/issues/aten_c_kernels/results/aten_upsample_bicubic2d_backward_cpu/debuf.mlir,3357,0,1,1,378.9600059390068,0,64972,0.037085264921188354,0,2,0,0,"[{""body_indices"": [0], ""symbol"": ""memset_zero_1D_f32""}]",1,0,4,0.0,4
aten,aten_upsample_bicubic2d_backward_cpu,/home/arjaiswal/Polygeist/issues/aten_c_kernels/results/aten_upsample_bicubic2d_backward_cpu/debuf.mlir,38b8ad968a67476c19811b4369911fad137f216e355b5e8eab75c7fae2105e7a,syntactic,4,ok,0,816.6659437119961,0,"[""/usr/bin/python3"", ""/home/arjaiswal/Polygeist/scripts/correctness/kernel_match_rewrite.py"", ""/home/arjaiswal/Polygeist/issues/aten_c_kernels/results/aten_upsample_bicubic2d_backward_cpu/debuf.mlir"", ""--dry-run"", ""--matcher-mode"", ""syntactic"", ""--telemetry-json"", ""/home/arjaiswal/Polygeist/issues/equality_saturation_eval/campaign_20260908/aten-aten_upsample_bicubic2d_backward_cpu-syntactic-5uvdqio8.json"", ""--disable-semantic-fallback""]","== match report for /home/arjaiswal/Polygeist/issues/aten_c_kernels/results/aten_upsample_bicubic2d_backward_cpu/debuf.mlir ==
  match          body#[0]  memset_zero_1D_f32
  total: 1 matched / 1 bodies
",0,[],0,0,0,0,/home/arjaiswal/Polygeist/issues/aten_c_kernels/results/aten_upsample_bicubic2d_backward_cpu/debuf.mlir,3357,0,1,1,283.11246261000633,0,64520,0.022280961275100708,0,2,0,0,"[{""body_indices"": [0], ""symbol"": ""memset_zero_1D_f32""}]",1,0,4,0.0,4
aten,aten_upsample_bicubic2d_backward_cpu,/home/arjaiswal/Polygeist/issues/aten_c_kernels/results/aten_upsample_bicubic2d_backward_cpu/debuf.mlir,38b8ad968a67476c19811b4369911fad137f216e355b5e8eab75c7fae2105e7a,egglog,4,ok,0,1088.2382467389107,0,"[""/usr/bin/python3"", ""/home/arjaiswal/Polygeist/scripts/correctness/kernel_match_rewrite.py"", ""/home/arjaiswal/Polygeist/issues/aten_c_kernels/results/aten_upsample_bicubic2d_backward_cpu/debuf.mlir"", ""--dry-run"", ""--matcher-mode"", ""egglog"", ""--telemetry-json"", ""/home/arjaiswal/Polygeist/issues/equality_saturation_eval/campaign_20260908/aten-aten_upsample_bicubic2d_backward_cpu-egglog-ssefm92c.json"", ""--disable-semantic-fallback""]","== match report for /home/arjaiswal/Polygeist/issues/aten_c_kernels/results/aten_upsample_bicubic2d_backward_cpu/debuf.mlir ==
  match          body#[0]  memset_zero_1D_f32
  total: 1 matched / 1 bodies
",0,[],0,0,0,0,/home/arjaiswal/Polygeist/issues/aten_c_kernels/results/aten_upsample_bicubic2d_backward_cpu/debuf.mlir,3357,8,1,1,320.9827393293381,0,69528,25.757737457752228,2,2,0,0,"[{""body_indices"": [0], ""symbol"": ""memset_zero_1D_f32""}]",1,0,0,0.0,4
aten,aten_upsample_bicubic2d_backward_cpu,/home/arjaiswal/Polygeist/issues/aten_c_kernels/results/aten_upsample_bicubic2d_backward_cpu/debuf.mlir,38b8ad968a67476c19811b4369911fad137f216e355b5e8eab75c7fae2105e7a,egglog,5,ok,0,1141.2691660225391,0,"[""/usr/bin/python3"", ""/home/arjaiswal/Polygeist/scripts/correctness/kernel_match_rewrite.py"", ""/home/arjaiswal/Polygeist/issues/aten_c_kernels/results/aten_upsample_bicubic2d_backward_cpu/debuf.mlir"", ""--dry-run"", ""--matcher-mode"", ""egglog"", ""--telemetry-json"", ""/home/arjaiswal/Polygeist/issues/equality_saturation_eval/campaign_20260908/aten-aten_upsample_bicubic2d_backward_cpu-egglog-k59pl86p.json"", ""--disable-semantic-fallback""]","== match report for /home/arjaiswal/Polygeist/issues/aten_c_kernels/results/aten_upsample_bicubic2d_backward_cpu/debuf.mlir ==
  match          body#[0]  memset_zero_1D_f32
  total: 1 matched / 1 bodies
",0,[],0,0,0,0,/home/arjaiswal/Polygeist/issues/aten_c_kernels/results/aten_upsample_bicubic2d_backward_cpu/debuf.mlir,3357,8,1,1,643.2508006691933,0,69440,71.77949696779251,2,2,0,0,"[{""body_indices"": [0], ""symbol"": ""memset_zero_1D_f32""}]",1,0,0,0.0,4
aten,aten_upsample_bicubic2d_backward_cpu,/home/arjaiswal/Polygeist/issues/aten_c_kernels/results/aten_upsample_bicubic2d_backward_cpu/debuf.mlir,38b8ad968a67476c19811b4369911fad137f216e355b5e8eab75c7fae2105e7a,syntactic,5,ok,0,1693.8716731965542,0,"[""/usr/bin/python3"", ""/home/arjaiswal/Polygeist/scripts/correctness/kernel_match_rewrite.py"", ""/home/arjaiswal/Polygeist/issues/aten_c_kernels/results/aten_upsample_bicubic2d_backward_cpu/debuf.mlir"", ""--dry-run"", ""--matcher-mode"", ""syntactic"", ""--telemetry-json"", ""/home/arjaiswal/Polygeist/issues/equality_saturation_eval/campaign_20260908/aten-aten_upsample_bicubic2d_backward_cpu-syntactic-xrailz04.json"", ""--disable-semantic-fallback""]","== match report for /home/arjaiswal/Polygeist/issues/aten_c_kernels/results/aten_upsample_bicubic2d_backward_cpu/debuf.mlir ==
  match          body#[0]  memset_zero_1D_f32
  total: 1 matched / 1 bodies
",0,[],0,0,0,0,/home/arjaiswal/Polygeist/issues/aten_c_kernels/results/aten_upsample_bicubic2d_backward_cpu/debuf.mlir,3357,0,1,1,701.0873518884182,0,64608,0.025570392608642578,0,2,0,0,"[{""body_indices"": [0], ""symbol"": ""memset_zero_1D_f32""}]",1,0,4,0.0,4
aten,aten_upsample_bicubic2d_cpu,/home/arjaiswal/Polygeist/issues/aten_c_kernels/results/aten_upsample_bicubic2d_cpu/debuf.mlir,cc0fa296bbe6a24e7861229d73f02276299986ed6a879bd661658c9b7370d813,syntactic,1,ok,0,1181.071199476719,0,"[""/usr/bin/python3"", ""/home/arjaiswal/Polygeist/scripts/correctness/kernel_match_rewrite.py"", ""/home/arjaiswal/Polygeist/issues/aten_c_kernels/results/aten_upsample_bicubic2d_cpu/debuf.mlir"", ""--dry-run"", ""--matcher-mode"", ""syntactic"", ""--telemetry-json"", ""/home/arjaiswal/Polygeist/issues/equality_saturation_eval/campaign_20260908/aten-aten_upsample_bicubic2d_cpu-syntactic-jit0y8q6.json"", ""--disable-semantic-fallback""]","== match report for /home/arjaiswal/Polygeist/issues/aten_c_kernels/results/aten_upsample_bicubic2d_cpu/debuf.mlir ==
  total: 0 matched / 0 bodies
",0,[],0,0,0,0,/home/arjaiswal/Polygeist/issues/aten_c_kernels/results/aten_upsample_bicubic2d_cpu/debuf.mlir,8437,0,0,0,295.8924286067486,0,64692,0.0,0,0,0,0,[],0,0,0,0.0,0
aten,aten_upsample_bicubic2d_cpu,/home/arjaiswal/Polygeist/issues/aten_c_kernels/results/aten_upsample_bicubic2d_cpu/debuf.mlir,cc0fa296bbe6a24e7861229d73f02276299986ed6a879bd661658c9b7370d813,egglog,1,ok,0,913.7976318597794,0,"[""/usr/bin/python3"", ""/home/arjaiswal/Polygeist/scripts/correctness/kernel_match_rewrite.py"", ""/home/arjaiswal/Polygeist/issues/aten_c_kernels/results/aten_upsample_bicubic2d_cpu/debuf.mlir"", ""--dry-run"", ""--matcher-mode"", ""egglog"", ""--telemetry-json"", ""/home/arjaiswal/Polygeist/issues/equality_saturation_eval/campaign_20260908/aten-aten_upsample_bicubic2d_cpu-egglog-fhrerkr4.json"", ""--disable-semantic-fallback""]","== match report for /home/arjaiswal/Polygeist/issues/aten_c_kernels/results/aten_upsample_bicubic2d_cpu/debuf.mlir ==
  total: 0 matched / 0 bodies
",0,[],0,0,0,0,/home/arjaiswal/Polygeist/issues/aten_c_kernels/results/aten_upsample_bicubic2d_cpu/debuf.mlir,8437,8,0,0,419.2366823554039,0,64980,0.0,0,0,0,0,[],0,0,0,0.0,0
aten,aten_upsample_bicubic2d_cpu,/home/arjaiswal/Polygeist/issues/aten_c_kernels/results/aten_upsample_bicubic2d_cpu/debuf.mlir,cc0fa296bbe6a24e7861229d73f02276299986ed6a879bd661658c9b7370d813,egglog,2,ok,0,1227.5547161698341,0,"[""/usr/bin/python3"", ""/home/arjaiswal/Polygeist/scripts/correctness/kernel_match_rewrite.py"", ""/home/arjaiswal/Polygeist/issues/aten_c_kernels/results/aten_upsample_bicubic2d_cpu/debuf.mlir"", ""--dry-run"", ""--matcher-mode"", ""egglog"", ""--telemetry-json"", ""/home/arjaiswal/Polygeist/issues/equality_saturation_eval/campaign_20260908/aten-aten_upsample_bicubic2d_cpu-egglog-3ga5g8jg.json"", ""--disable-semantic-fallback""]","== match report for /home/arjaiswal/Polygeist/issues/aten_c_kernels/results/aten_upsample_bicubic2d_cpu/debuf.mlir ==
  total: 0 matched / 0 bodies
",0,[],0,0,0,0,/home/arjaiswal/Polygeist/issues/aten_c_kernels/results/aten_upsample_bicubic2d_cpu/debuf.mlir,8437,8,0,0,279.2118415236473,0,64792,0.0,0,0,0,0,[],0,0,0,0.0,0
aten,aten_upsample_bicubic2d_cpu,/home/arjaiswal/Polygeist/issues/aten_c_kernels/results/aten_upsample_bicubic2d_cpu/debuf.mlir,cc0fa296bbe6a24e7861229d73f02276299986ed6a879bd661658c9b7370d813,syntactic,2,ok,0,770.117748528719,0,"[""/usr/bin/python3"", ""/home/arjaiswal/Polygeist/scripts/correctness/kernel_match_rewrite.py"", ""/home/arjaiswal/Polygeist/issues/aten_c_kernels/results/aten_upsample_bicubic2d_cpu/debuf.mlir"", ""--dry-run"", ""--matcher-mode"", ""syntactic"", ""--telemetry-json"", ""/home/arjaiswal/Polygeist/issues/equality_saturation_eval/campaign_20260908/aten-aten_upsample_bicubic2d_cpu-syntactic-eyliamux.json"", ""--disable-semantic-fallback""]","== match report for /home/arjaiswal/Polygeist/issues/aten_c_kernels/results/aten_upsample_bicubic2d_cpu/debuf.mlir ==
  total: 0 matched / 0 bodies
",0,[],0,0,0,0,/home/arjaiswal/Polygeist/issues/aten_c_kernels/results/aten_upsample_bicubic2d_cpu/debuf.mlir,8437,0,0,0,290.18062725663185,0,64932,0.0,0,0,0,0,[],0,0,0,0.0,0
aten,aten_upsample_bicubic2d_cpu,/home/arjaiswal/Polygeist/issues/aten_c_kernels/results/aten_upsample_bicubic2d_cpu/debuf.mlir,cc0fa296bbe6a24e7861229d73f02276299986ed6a879bd661658c9b7370d813,syntactic,3,ok,0,778.2346345484257,0,"[""/usr/bin/python3"", ""/home/arjaiswal/Polygeist/scripts/correctness/kernel_match_rewrite.py"", ""/home/arjaiswal/Polygeist/issues/aten_c_kernels/results/aten_upsample_bicubic2d_cpu/debuf.mlir"", ""--dry-run"", ""--matcher-mode"", ""syntactic"", ""--telemetry-json"", ""/home/arjaiswal/Polygeist/issues/equality_saturation_eval/campaign_20260908/aten-aten_upsample_bicubic2d_cpu-syntactic-73lcwvku.json"", ""--disable-semantic-fallback""]","== match report for /home/arjaiswal/Polygeist/issues/aten_c_kernels/results/aten_upsample_bicubic2d_cpu/debuf.mlir ==
  total: 0 matched / 0 bodies
",0,[],0,0,0,0,/home/arjaiswal/Polygeist/issues/aten_c_kernels/results/aten_upsample_bicubic2d_cpu/debuf.mlir,8437,0,0,0,294.08713057637215,0,64784,0.0,0,0,0,0,[],0,0,0,0.0,0
aten,aten_upsample_bicubic2d_cpu,/home/arjaiswal/Polygeist/issues/aten_c_kernels/results/aten_upsample_bicubic2d_cpu/debuf.mlir,cc0fa296bbe6a24e7861229d73f02276299986ed6a879bd661658c9b7370d813,egglog,3,ok,0,782.6001718640327,0,"[""/usr/bin/python3"", ""/home/arjaiswal/Polygeist/scripts/correctness/kernel_match_rewrite.py"", ""/home/arjaiswal/Polygeist/issues/aten_c_kernels/results/aten_upsample_bicubic2d_cpu/debuf.mlir"", ""--dry-run"", ""--matcher-mode"", ""egglog"", ""--telemetry-json"", ""/home/arjaiswal/Polygeist/issues/equality_saturation_eval/campaign_20260908/aten-aten_upsample_bicubic2d_cpu-egglog-6kq22v0p.json"", ""--disable-semantic-fallback""]","== match report for /home/arjaiswal/Polygeist/issues/aten_c_kernels/results/aten_upsample_bicubic2d_cpu/debuf.mlir ==
  total: 0 matched / 0 bodies
",0,[],0,0,0,0,/home/arjaiswal/Polygeist/issues/aten_c_kernels/results/aten_upsample_bicubic2d_cpu/debuf.mlir,8437,8,0,0,259.27039608359337,0,64720,0.0,0,0,0,0,[],0,0,0,0.0,0
aten,aten_upsample_bicubic2d_cpu,/home/arjaiswal/Polygeist/issues/aten_c_kernels/results/aten_upsample_bicubic2d_cpu/debuf.mlir,cc0fa296bbe6a24e7861229d73f02276299986ed6a879bd661658c9b7370d813,egglog,4,ok,0,1106.0682572424412,0,"[""/usr/bin/python3"", ""/home/arjaiswal/Polygeist/scripts/correctness/kernel_match_rewrite.py"", ""/home/arjaiswal/Polygeist/issues/aten_c_kernels/results/aten_upsample_bicubic2d_cpu/debuf.mlir"", ""--dry-run"", ""--matcher-mode"", ""egglog"", ""--telemetry-json"", ""/home/arjaiswal/Polygeist/issues/equality_saturation_eval/campaign_20260908/aten-aten_upsample_bicubic2d_cpu-egglog-m2f5o2ax.json"", ""--disable-semantic-fallback""]","== match report for /home/arjaiswal/Polygeist/issues/aten_c_kernels/results/aten_upsample_bicubic2d_cpu/debuf.mlir ==
  total: 0 matched / 0 bodies
",0,[],0,0,0,0,/home/arjaiswal/Polygeist/issues/aten_c_kernels/results/aten_upsample_bicubic2d_cpu/debuf.mlir,8437,8,0,0,481.32455721497536,0,64812,0.0,0,0,0,0,[],0,0,0,0.0,0
aten,aten_upsample_bicubic2d_cpu,/home/arjaiswal/Polygeist/issues/aten_c_kernels/results/aten_upsample_bicubic2d_cpu/debuf.mlir,cc0fa296bbe6a24e7861229d73f02276299986ed6a879bd661658c9b7370d813,syntactic,4,ok,0,1562.9354305565357,0,"[""/usr/bin/python3"", ""/home/arjaiswal/Polygeist/scripts/correctness/kernel_match_rewrite.py"", ""/home/arjaiswal/Polygeist/issues/aten_c_kernels/results/aten_upsample_bicubic2d_cpu/debuf.mlir"", ""--dry-run"", ""--matcher-mode"", ""syntactic"", ""--telemetry-json"", ""/home/arjaiswal/Polygeist/issues/equality_saturation_eval/campaign_20260908/aten-aten_upsample_bicubic2d_cpu-syntactic-z_1guy79.json"", ""--disable-semantic-fallback""]","== match report for /home/arjaiswal/Polygeist/issues/aten_c_kernels/results/aten_upsample_bicubic2d_cpu/debuf.mlir ==
  total: 0 matched / 0 bodies
",0,[],0,0,0,0,/home/arjaiswal/Polygeist/issues/aten_c_kernels/results/aten_upsample_bicubic2d_cpu/debuf.mlir,8437,0,0,0,632.9272538423538,0,64692,0.0,0,0,0,0,[],0,0,0,0.0,0
aten,aten_upsample_bicubic2d_cpu,/home/arjaiswal/Polygeist/issues/aten_c_kernels/results/aten_upsample_bicubic2d_cpu/debuf.mlir,cc0fa296bbe6a24e7861229d73f02276299986ed6a879bd661658c9b7370d813,syntactic,5,ok,0,960.2170437574387,0,"[""/usr/bin/python3"", ""/home/arjaiswal/Polygeist/scripts/correctness/kernel_match_rewrite.py"", ""/home/arjaiswal/Polygeist/issues/aten_c_kernels/results/aten_upsample_bicubic2d_cpu/debuf.mlir"", ""--dry-run"", ""--matcher-mode"", ""syntactic"", ""--telemetry-json"", ""/home/arjaiswal/Polygeist/issues/equality_saturation_eval/campaign_20260908/aten-aten_upsample_bicubic2d_cpu-syntactic-u981rw27.json"", ""--disable-semantic-fallback""]","== match report for /home/arjaiswal/Polygeist/issues/aten_c_kernels/results/aten_upsample_bicubic2d_cpu/debuf.mlir ==
  total: 0 matched / 0 bodies
",0,[],0,0,0,0,/home/arjaiswal/Polygeist/issues/aten_c_kernels/results/aten_upsample_bicubic2d_cpu/debuf.mlir,8437,0,0,0,386.8432193994522,0,64772,0.0,0,0,0,0,[],0,0,0,0.0,0
aten,aten_upsample_bicubic2d_cpu,/home/arjaiswal/Polygeist/issues/aten_c_kernels/results/aten_upsample_bicubic2d_cpu/debuf.mlir,cc0fa296bbe6a24e7861229d73f02276299986ed6a879bd661658c9b7370d813,egglog,5,ok,0,1273.2445076107979,0,"[""/usr/bin/python3"", ""/home/arjaiswal/Polygeist/scripts/correctness/kernel_match_rewrite.py"", ""/home/arjaiswal/Polygeist/issues/aten_c_kernels/results/aten_upsample_bicubic2d_cpu/debuf.mlir"", ""--dry-run"", ""--matcher-mode"", ""egglog"", ""--telemetry-json"", ""/home/arjaiswal/Polygeist/issues/equality_saturation_eval/campaign_20260908/aten-aten_upsample_bicubic2d_cpu-egglog-64f66hdz.json"", ""--disable-semantic-fallback""]","== match report for /home/arjaiswal/Polygeist/issues/aten_c_kernels/results/aten_upsample_bicubic2d_cpu/debuf.mlir ==
  total: 0 matched / 0 bodies
",0,[],0,0,0,0,/home/arjaiswal/Polygeist/issues/aten_c_kernels/results/aten_upsample_bicubic2d_cpu/debuf.mlir,8437,8,0,0,441.0371035337448,0,64996,0.0,0,0,0,0,[],0,0,0,0.0,0
aten,aten_upsample_bilinear2d,/home/arjaiswal/Polygeist/issues/aten_c_kernels/results/aten_upsample_bilinear2d/debuf.mlir,b8c27818ef13f9105cd201f7d7da7ded7020df2001fe8fc1c9465cfb56cf9ca3,egglog,1,ok,0,1830.769382417202,0,"[""/usr/bin/python3"", ""/home/arjaiswal/Polygeist/scripts/correctness/kernel_match_rewrite.py"", ""/home/arjaiswal/Polygeist/issues/aten_c_kernels/results/aten_upsample_bilinear2d/debuf.mlir"", ""--dry-run"", ""--matcher-mode"", ""egglog"", ""--telemetry-json"", ""/home/arjaiswal/Polygeist/issues/equality_saturation_eval/campaign_20260908/aten-aten_upsample_bilinear2d-egglog-68a12a7b.json"", ""--disable-semantic-fallback""]","== match report for /home/arjaiswal/Polygeist/issues/aten_c_kernels/results/aten_upsample_bilinear2d/debuf.mlir ==
  no_match       body#0  ?
  total: 0 matched / 1 bodies
",0,[],0,0,0,0,/home/arjaiswal/Polygeist/issues/aten_c_kernels/results/aten_upsample_bilinear2d/debuf.mlir,4692,8,1,0,816.5507204830647,1,66364,0.0,0,0,0,0,[],0,0,0,0.0,0
aten,aten_upsample_bilinear2d,/home/arjaiswal/Polygeist/issues/aten_c_kernels/results/aten_upsample_bilinear2d/debuf.mlir,b8c27818ef13f9105cd201f7d7da7ded7020df2001fe8fc1c9465cfb56cf9ca3,syntactic,1,ok,0,1121.1521476507187,0,"[""/usr/bin/python3"", ""/home/arjaiswal/Polygeist/scripts/correctness/kernel_match_rewrite.py"", ""/home/arjaiswal/Polygeist/issues/aten_c_kernels/results/aten_upsample_bilinear2d/debuf.mlir"", ""--dry-run"", ""--matcher-mode"", ""syntactic"", ""--telemetry-json"", ""/home/arjaiswal/Polygeist/issues/equality_saturation_eval/campaign_20260908/aten-aten_upsample_bilinear2d-syntactic-l_ki0s14.json"", ""--disable-semantic-fallback""]","== match report for /home/arjaiswal/Polygeist/issues/aten_c_kernels/results/aten_upsample_bilinear2d/debuf.mlir ==
  no_match       body#0  ?
  total: 0 matched / 1 bodies
",0,[],0,0,0,0,/home/arjaiswal/Polygeist/issues/aten_c_kernels/results/aten_upsample_bilinear2d/debuf.mlir,4692,0,1,0,383.3073377609253,1,66748,0.0,0,0,0,0,[],0,0,0,0.0,0
aten,aten_upsample_bilinear2d,/home/arjaiswal/Polygeist/issues/aten_c_kernels/results/aten_upsample_bilinear2d/debuf.mlir,b8c27818ef13f9105cd201f7d7da7ded7020df2001fe8fc1c9465cfb56cf9ca3,syntactic,2,ok,0,1447.8661827743053,0,"[""/usr/bin/python3"", ""/home/arjaiswal/Polygeist/scripts/correctness/kernel_match_rewrite.py"", ""/home/arjaiswal/Polygeist/issues/aten_c_kernels/results/aten_upsample_bilinear2d/debuf.mlir"", ""--dry-run"", ""--matcher-mode"", ""syntactic"", ""--telemetry-json"", ""/home/arjaiswal/Polygeist/issues/equality_saturation_eval/campaign_20260908/aten-aten_upsample_bilinear2d-syntactic-9c7fsfz2.json"", ""--disable-semantic-fallback""]","== match report for /home/arjaiswal/Polygeist/issues/aten_c_kernels/results/aten_upsample_bilinear2d/debuf.mlir ==
  no_match       body#0  ?
  total: 0 matched / 1 bodies
",0,[],0,0,0,0,/home/arjaiswal/Polygeist/issues/aten_c_kernels/results/aten_upsample_bilinear2d/debuf.mlir,4692,0,1,0,755.9751868247986,1,66608,0.0,0,0,0,0,[],0,0,0,0.0,0
aten,aten_upsample_bilinear2d,/home/arjaiswal/Polygeist/issues/aten_c_kernels/results/aten_upsample_bilinear2d/debuf.mlir,b8c27818ef13f9105cd201f7d7da7ded7020df2001fe8fc1c9465cfb56cf9ca3,egglog,2,ok,0,1404.3442867696285,0,"[""/usr/bin/python3"", ""/home/arjaiswal/Polygeist/scripts/correctness/kernel_match_rewrite.py"", ""/home/arjaiswal/Polygeist/issues/aten_c_kernels/results/aten_upsample_bilinear2d/debuf.mlir"", ""--dry-run"", ""--matcher-mode"", ""egglog"", ""--telemetry-json"", ""/home/arjaiswal/Polygeist/issues/equality_saturation_eval/campaign_20260908/aten-aten_upsample_bilinear2d-egglog-wdgmzuls.json"", ""--disable-semantic-fallback""]","== match report for /home/arjaiswal/Polygeist/issues/aten_c_kernels/results/aten_upsample_bilinear2d/debuf.mlir ==
  no_match       body#0  ?
  total: 0 matched / 1 bodies
",0,[],0,0,0,0,/home/arjaiswal/Polygeist/issues/aten_c_kernels/results/aten_upsample_bilinear2d/debuf.mlir,4692,8,1,0,587.0620235800743,1,66632,0.0,0,0,0,0,[],0,0,0,0.0,0
aten,aten_upsample_bilinear2d,/home/arjaiswal/Polygeist/issues/aten_c_kernels/results/aten_upsample_bilinear2d/debuf.mlir,b8c27818ef13f9105cd201f7d7da7ded7020df2001fe8fc1c9465cfb56cf9ca3,egglog,3,ok,0,825.2128399908543,0,"[""/usr/bin/python3"", ""/home/arjaiswal/Polygeist/scripts/correctness/kernel_match_rewrite.py"", ""/home/arjaiswal/Polygeist/issues/aten_c_kernels/results/aten_upsample_bilinear2d/debuf.mlir"", ""--dry-run"", ""--matcher-mode"", ""egglog"", ""--telemetry-json"", ""/home/arjaiswal/Polygeist/issues/equality_saturation_eval/campaign_20260908/aten-aten_upsample_bilinear2d-egglog-0uzi95kj.json"", ""--disable-semantic-fallback""]","== match report for /home/arjaiswal/Polygeist/issues/aten_c_kernels/results/aten_upsample_bilinear2d/debuf.mlir ==
  no_match       body#0  ?
  total: 0 matched / 1 bodies
",0,[],0,0,0,0,/home/arjaiswal/Polygeist/issues/aten_c_kernels/results/aten_upsample_bilinear2d/debuf.mlir,4692,8,1,0,321.91717624664307,1,66276,0.0,0,0,0,0,[],0,0,0,0.0,0
aten,aten_upsample_bilinear2d,/home/arjaiswal/Polygeist/issues/aten_c_kernels/results/aten_upsample_bilinear2d/debuf.mlir,b8c27818ef13f9105cd201f7d7da7ded7020df2001fe8fc1c9465cfb56cf9ca3,syntactic,3,ok,0,1050.9175099432468,0,"[""/usr/bin/python3"", ""/home/arjaiswal/Polygeist/scripts/correctness/kernel_match_rewrite.py"", ""/home/arjaiswal/Polygeist/issues/aten_c_kernels/results/aten_upsample_bilinear2d/debuf.mlir"", ""--dry-run"", ""--matcher-mode"", ""syntactic"", ""--telemetry-json"", ""/home/arjaiswal/Polygeist/issues/equality_saturation_eval/campaign_20260908/aten-aten_upsample_bilinear2d-syntactic-zhof3ncv.json"", ""--disable-semantic-fallback""]","== match report for /home/arjaiswal/Polygeist/issues/aten_c_kernels/results/aten_upsample_bilinear2d/debuf.mlir ==
  no_match       body#0  ?
  total: 0 matched / 1 bodies
",0,[],0,0,0,0,/home/arjaiswal/Polygeist/issues/aten_c_kernels/results/aten_upsample_bilinear2d/debuf.mlir,4692,0,1,0,399.4550481438637,1,66748,0.0,0,0,0,0,[],0,0,0,0.0,0
aten,aten_upsample_bilinear2d,/home/arjaiswal/Polygeist/issues/aten_c_kernels/results/aten_upsample_bilinear2d/debuf.mlir,b8c27818ef13f9105cd201f7d7da7ded7020df2001fe8fc1c9465cfb56cf9ca3,syntactic,4,ok,0,1587.3735211789608,0,"[""/usr/bin/python3"", ""/home/arjaiswal/Polygeist/scripts/correctness/kernel_match_rewrite.py"", ""/home/arjaiswal/Polygeist/issues/aten_c_kernels/results/aten_upsample_bilinear2d/debuf.mlir"", ""--dry-run"", ""--matcher-mode"", ""syntactic"", ""--telemetry-json"", ""/home/arjaiswal/Polygeist/issues/equality_saturation_eval/campaign_20260908/aten-aten_upsample_bilinear2d-syntactic-dosax970.json"", ""--disable-semantic-fallback""]","== match report for /home/arjaiswal/Polygeist/issues/aten_c_kernels/results/aten_upsample_bilinear2d/debuf.mlir ==
  no_match       body#0  ?
  total: 0 matched / 1 bodies
",0,[],0,0,0,0,/home/arjaiswal/Polygeist/issues/aten_c_kernels/results/aten_upsample_bilinear2d/debuf.mlir,4692,0,1,0,734.7801253199577,1,66552,0.0,0,0,0,0,[],0,0,0,0.0,0
aten,aten_upsample_bilinear2d,/home/arjaiswal/Polygeist/issues/aten_c_kernels/results/aten_upsample_bilinear2d/debuf.mlir,b8c27818ef13f9105cd201f7d7da7ded7020df2001fe8fc1c9465cfb56cf9ca3,egglog,4,ok,0,1754.1166841983795,0,"[""/usr/bin/python3"", ""/home/arjaiswal/Polygeist/scripts/correctness/kernel_match_rewrite.py"", ""/home/arjaiswal/Polygeist/issues/aten_c_kernels/results/aten_upsample_bilinear2d/debuf.mlir"", ""--dry-run"", ""--matcher-mode"", ""egglog"", ""--telemetry-json"", ""/home/arjaiswal/Polygeist/issues/equality_saturation_eval/campaign_20260908/aten-aten_upsample_bilinear2d-egglog-q0s6bxq9.json"", ""--disable-semantic-fallback""]","== match report for /home/arjaiswal/Polygeist/issues/aten_c_kernels/results/aten_upsample_bilinear2d/debuf.mlir ==
  no_match       body#0  ?
  total: 0 matched / 1 bodies
",0,[],0,0,0,0,/home/arjaiswal/Polygeist/issues/aten_c_kernels/results/aten_upsample_bilinear2d/debuf.mlir,4692,8,1,0,645.2688798308372,1,66568,0.0,0,0,0,0,[],0,0,0,0.0,0
aten,aten_upsample_bilinear2d,/home/arjaiswal/Polygeist/issues/aten_c_kernels/results/aten_upsample_bilinear2d/debuf.mlir,b8c27818ef13f9105cd201f7d7da7ded7020df2001fe8fc1c9465cfb56cf9ca3,egglog,5,ok,0,1676.2396283447742,0,"[""/usr/bin/python3"", ""/home/arjaiswal/Polygeist/scripts/correctness/kernel_match_rewrite.py"", ""/home/arjaiswal/Polygeist/issues/aten_c_kernels/results/aten_upsample_bilinear2d/debuf.mlir"", ""--dry-run"", ""--matcher-mode"", ""egglog"", ""--telemetry-json"", ""/home/arjaiswal/Polygeist/issues/equality_saturation_eval/campaign_20260908/aten-aten_upsample_bilinear2d-egglog-60mvd3hh.json"", ""--disable-semantic-fallback""]","== match report for /home/arjaiswal/Polygeist/issues/aten_c_kernels/results/aten_upsample_bilinear2d/debuf.mlir ==
  no_match       body#0  ?
  total: 0 matched / 1 bodies
",0,[],0,0,0,0,/home/arjaiswal/Polygeist/issues/aten_c_kernels/results/aten_upsample_bilinear2d/debuf.mlir,4692,8,1,0,681.2728978693485,1,66556,0.0,0,0,0,0,[],0,0,0,0.0,0
aten,aten_upsample_bilinear2d,/home/arjaiswal/Polygeist/issues/aten_c_kernels/results/aten_upsample_bilinear2d/debuf.mlir,b8c27818ef13f9105cd201f7d7da7ded7020df2001fe8fc1c9465cfb56cf9ca3,syntactic,5,ok,0,914.4223257899284,0,"[""/usr/bin/python3"", ""/home/arjaiswal/Polygeist/scripts/correctness/kernel_match_rewrite.py"", ""/home/arjaiswal/Polygeist/issues/aten_c_kernels/results/aten_upsample_bilinear2d/debuf.mlir"", ""--dry-run"", ""--matcher-mode"", ""syntactic"", ""--telemetry-json"", ""/home/arjaiswal/Polygeist/issues/equality_saturation_eval/campaign_20260908/aten-aten_upsample_bilinear2d-syntactic-0fg0kbvh.json"", ""--disable-semantic-fallback""]","== match report for /home/arjaiswal/Polygeist/issues/aten_c_kernels/results/aten_upsample_bilinear2d/debuf.mlir ==
  no_match       body#0  ?
  total: 0 matched / 1 bodies
",0,[],0,0,0,0,/home/arjaiswal/Polygeist/issues/aten_c_kernels/results/aten_upsample_bilinear2d/debuf.mlir,4692,0,1,0,316.58563762903214,1,66540,0.0,0,0,0,0,[],0,0,0,0.0,0
aten,aten_upsample_bilinear2d_aa_backward_cpu,/home/arjaiswal/Polygeist/issues/aten_c_kernels/results/aten_upsample_bilinear2d_aa_backward_cpu/debuf.mlir,4d9c45a38b21b273dbfa54fc50fb0c62e81ab73ce4904bf03067e91c35ab85f4,syntactic,1,ok,0,2064.1730800271034,0,"[""/usr/bin/python3"", ""/home/arjaiswal/Polygeist/scripts/correctness/kernel_match_rewrite.py"", ""/home/arjaiswal/Polygeist/issues/aten_c_kernels/results/aten_upsample_bilinear2d_aa_backward_cpu/debuf.mlir"", ""--dry-run"", ""--matcher-mode"", ""syntactic"", ""--telemetry-json"", ""/home/arjaiswal/Polygeist/issues/equality_saturation_eval/campaign_20260908/aten-aten_upsample_bilinear2d_aa_backward_cpu-syntactic-a8nm3orz.json"", ""--disable-semantic-fallback""]","== match report for /home/arjaiswal/Polygeist/issues/aten_c_kernels/results/aten_upsample_bilinear2d_aa_backward_cpu/debuf.mlir ==
  match          body#[0]  memset_zero_1D_f32
  no_match       body#1  ?
  no_match       body#2  ?
  total: 1 matched / 3 bodies
",0,[],0,0,0,0,/home/arjaiswal/Polygeist/issues/aten_c_kernels/results/aten_upsample_bilinear2d_aa_backward_cpu/debuf.mlir,6744,0,3,1,1531.9135934114456,2,68968,0.298134982585907,0,22,0,0,"[{""body_indices"": [0], ""symbol"": ""memset_zero_1D_f32""}]",1,0,82,0.0,82
aten,aten_upsample_bilinear2d_aa_backward_cpu,/home/arjaiswal/Polygeist/issues/aten_c_kernels/results/aten_upsample_bilinear2d_aa_backward_cpu/debuf.mlir,4d9c45a38b21b273dbfa54fc50fb0c62e81ab73ce4904bf03067e91c35ab85f4,egglog,1,ok,0,2692.035537213087,0,"[""/usr/bin/python3"", ""/home/arjaiswal/Polygeist/scripts/correctness/kernel_match_rewrite.py"", ""/home/arjaiswal/Polygeist/issues/aten_c_kernels/results/aten_upsample_bilinear2d_aa_backward_cpu/debuf.mlir"", ""--dry-run"", ""--matcher-mode"", ""egglog"", ""--telemetry-json"", ""/home/arjaiswal/Polygeist/issues/equality_saturation_eval/campaign_20260908/aten-aten_upsample_bilinear2d_aa_backward_cpu-egglog-bdmq6vfp.json"", ""--disable-semantic-fallback""]","== match report for /home/arjaiswal/Polygeist/issues/aten_c_kernels/results/aten_upsample_bilinear2d_aa_backward_cpu/debuf.mlir ==
  match          body#[0]  memset_zero_1D_f32
  no_match       body#1  ?
  no_match       body#2  ?
  total: 1 matched / 3 bodies
",0,[],0,0,0,0,/home/arjaiswal/Polygeist/issues/aten_c_kernels/results/aten_upsample_bilinear2d_aa_backward_cpu/debuf.mlir,6744,8,3,1,2162.881076335907,2,72980,365.0631904602051,22,22,0,0,"[{""body_indices"": [0], ""symbol"": ""memset_zero_1D_f32""}]",1,0,0,0.0,82
aten,aten_upsample_bilinear2d_aa_backward_cpu,/home/arjaiswal/Polygeist/issues/aten_c_kernels/results/aten_upsample_bilinear2d_aa_backward_cpu/debuf.mlir,4d9c45a38b21b273dbfa54fc50fb0c62e81ab73ce4904bf03067e91c35ab85f4,egglog,2,ok,0,3169.690914452076,0,"[""/usr/bin/python3"", ""/home/arjaiswal/Polygeist/scripts/correctness/kernel_match_rewrite.py"", ""/home/arjaiswal/Polygeist/issues/aten_c_kernels/results/aten_upsample_bilinear2d_aa_backward_cpu/debuf.mlir"", ""--dry-run"", ""--matcher-mode"", ""egglog"", ""--telemetry-json"", ""/home/arjaiswal/Polygeist/issues/equality_saturation_eval/campaign_20260908/aten-aten_upsample_bilinear2d_aa_backward_cpu-egglog-jn6_h5fm.json"", ""--disable-semantic-fallback""]","== match report for /home/arjaiswal/Polygeist/issues/aten_c_kernels/results/aten_upsample_bilinear2d_aa_backward_cpu/debuf.mlir ==
  match          body#[0]  memset_zero_1D_f32
  no_match       body#1  ?
  no_match       body#2  ?
  total: 1 matched / 3 bodies
",0,[],0,0,0,0,/home/arjaiswal/Polygeist/issues/aten_c_kernels/results/aten_upsample_bilinear2d_aa_backward_cpu/debuf.mlir,6744,8,3,1,2598.4044410288334,2,72852,220.39906680583954,22,22,0,0,"[{""body_indices"": [0], ""symbol"": ""memset_zero_1D_f32""}]",1,0,0,0.0,82
aten,aten_upsample_bilinear2d_aa_backward_cpu,/home/arjaiswal/Polygeist/issues/aten_c_kernels/results/aten_upsample_bilinear2d_aa_backward_cpu/debuf.mlir,4d9c45a38b21b273dbfa54fc50fb0c62e81ab73ce4904bf03067e91c35ab85f4,syntactic,2,ok,0,2705.75999841094,0,"[""/usr/bin/python3"", ""/home/arjaiswal/Polygeist/scripts/correctness/kernel_match_rewrite.py"", ""/home/arjaiswal/Polygeist/issues/aten_c_kernels/results/aten_upsample_bilinear2d_aa_backward_cpu/debuf.mlir"", ""--dry-run"", ""--matcher-mode"", ""syntactic"", ""--telemetry-json"", ""/home/arjaiswal/Polygeist/issues/equality_saturation_eval/campaign_20260908/aten-aten_upsample_bilinear2d_aa_backward_cpu-syntactic-g4iq9gk1.json"", ""--disable-semantic-fallback""]","== match report for /home/arjaiswal/Polygeist/issues/aten_c_kernels/results/aten_upsample_bilinear2d_aa_backward_cpu/debuf.mlir ==
  match          body#[0]  memset_zero_1D_f32
  no_match       body#1  ?
  no_match       body#2  ?
  total: 1 matched / 3 bodies
",0,[],0,0,0,0,/home/arjaiswal/Polygeist/issues/aten_c_kernels/results/aten_upsample_bilinear2d_aa_backward_cpu/debuf.mlir,6744,0,3,1,1988.6246770620346,2,68912,0.3346838057041168,0,22,0,0,"[{""body_indices"": [0], ""symbol"": ""memset_zero_1D_f32""}]",1,0,82,0.0,82
aten,aten_upsample_bilinear2d_aa_backward_cpu,/home/arjaiswal/Polygeist/issues/aten_c_kernels/results/aten_upsample_bilinear2d_aa_backward_cpu/debuf.mlir,4d9c45a38b21b273dbfa54fc50fb0c62e81ab73ce4904bf03067e91c35ab85f4,syntactic,3,ok,0,1935.1120665669441,0,"[""/usr/bin/python3"", ""/home/arjaiswal/Polygeist/scripts/correctness/kernel_match_rewrite.py"", ""/home/arjaiswal/Polygeist/issues/aten_c_kernels/results/aten_upsample_bilinear2d_aa_backward_cpu/debuf.mlir"", ""--dry-run"", ""--matcher-mode"", ""syntactic"", ""--telemetry-json"", ""/home/arjaiswal/Polygeist/issues/equality_saturation_eval/campaign_20260908/aten-aten_upsample_bilinear2d_aa_backward_cpu-syntactic-r127ccr_.json"", ""--disable-semantic-fallback""]","== match report for /home/arjaiswal/Polygeist/issues/aten_c_kernels/results/aten_upsample_bilinear2d_aa_backward_cpu/debuf.mlir ==
  match          body#[0]  memset_zero_1D_f32
  no_match       body#1  ?
  no_match       body#2  ?
  total: 1 matched / 3 bodies
",0,[],0,0,0,0,/home/arjaiswal/Polygeist/issues/aten_c_kernels/results/aten_upsample_bilinear2d_aa_backward_cpu/debuf.mlir,6744,0,3,1,1458.1700898706913,2,68828,0.3376379609107971,0,22,0,0,"[{""body_indices"": [0], ""symbol"": ""memset_zero_1D_f32""}]",1,0,82,0.0,82
aten,aten_upsample_bilinear2d_aa_backward_cpu,/home/arjaiswal/Polygeist/issues/aten_c_kernels/results/aten_upsample_bilinear2d_aa_backward_cpu/debuf.mlir,4d9c45a38b21b273dbfa54fc50fb0c62e81ab73ce4904bf03067e91c35ab85f4,egglog,3,ok,0,3446.3018998503685,0,"[""/usr/bin/python3"", ""/home/arjaiswal/Polygeist/scripts/correctness/kernel_match_rewrite.py"", ""/home/arjaiswal/Polygeist/issues/aten_c_kernels/results/aten_upsample_bilinear2d_aa_backward_cpu/debuf.mlir"", ""--dry-run"", ""--matcher-mode"", ""egglog"", ""--telemetry-json"", ""/home/arjaiswal/Polygeist/issues/equality_saturation_eval/campaign_20260908/aten-aten_upsample_bilinear2d_aa_backward_cpu-egglog-99ugvnq6.json"", ""--disable-semantic-fallback""]","== match report for /home/arjaiswal/Polygeist/issues/aten_c_kernels/results/aten_upsample_bilinear2d_aa_backward_cpu/debuf.mlir ==
  match          body#[0]  memset_zero_1D_f32
  no_match       body#1  ?
  no_match       body#2  ?
  total: 1 matched / 3 bodies
",0,[],0,0,0,0,/home/arjaiswal/Polygeist/issues/aten_c_kernels/results/aten_upsample_bilinear2d_aa_backward_cpu/debuf.mlir,6744,8,3,1,2772.3207771778107,2,72932,262.30403780937195,22,22,0,0,"[{""body_indices"": [0], ""symbol"": ""memset_zero_1D_f32""}]",1,0,0,0.0,82
aten,aten_upsample_bilinear2d_aa_backward_cpu,/home/arjaiswal/Polygeist/issues/aten_c_kernels/results/aten_upsample_bilinear2d_aa_backward_cpu/debuf.mlir,4d9c45a38b21b273dbfa54fc50fb0c62e81ab73ce4904bf03067e91c35ab85f4,egglog,4,ok,0,3182.1413971483707,0,"[""/usr/bin/python3"", ""/home/arjaiswal/Polygeist/scripts/correctness/kernel_match_rewrite.py"", ""/home/arjaiswal/Polygeist/issues/aten_c_kernels/results/aten_upsample_bilinear2d_aa_backward_cpu/debuf.mlir"", ""--dry-run"", ""--matcher-mode"", ""egglog"", ""--telemetry-json"", ""/home/arjaiswal/Polygeist/issues/equality_saturation_eval/campaign_20260908/aten-aten_upsample_bilinear2d_aa_backward_cpu-egglog-fgfe8o8z.json"", ""--disable-semantic-fallback""]","== match report for /home/arjaiswal/Polygeist/issues/aten_c_kernels/results/aten_upsample_bilinear2d_aa_backward_cpu/debuf.mlir ==
  match          body#[0]  memset_zero_1D_f32
  no_match       body#1  ?
  no_match       body#2  ?
  total: 1 matched / 3 bodies
",0,[],0,0,0,0,/home/arjaiswal/Polygeist/issues/aten_c_kernels/results/aten_upsample_bilinear2d_aa_backward_cpu/debuf.mlir,6744,8,3,1,2452.104367315769,2,72948,256.5702833235264,22,22,0,0,"[{""body_indices"": [0], ""symbol"": ""memset_zero_1D_f32""}]",1,0,0,0.0,82
aten,aten_upsample_bilinear2d_aa_backward_cpu,/home/arjaiswal/Polygeist/issues/aten_c_kernels/results/aten_upsample_bilinear2d_aa_backward_cpu/debuf.mlir,4d9c45a38b21b273dbfa54fc50fb0c62e81ab73ce4904bf03067e91c35ab85f4,syntactic,4,ok,0,2000.5754344165325,0,"[""/usr/bin/python3"", ""/home/arjaiswal/Polygeist/scripts/correctness/kernel_match_rewrite.py"", ""/home/arjaiswal/Polygeist/issues/aten_c_kernels/results/aten_upsample_bilinear2d_aa_backward_cpu/debuf.mlir"", ""--dry-run"", ""--matcher-mode"", ""syntactic"", ""--telemetry-json"", ""/home/arjaiswal/Polygeist/issues/equality_saturation_eval/campaign_20260908/aten-aten_upsample_bilinear2d_aa_backward_cpu-syntactic-j1qhngi3.json"", ""--disable-semantic-fallback""]","== match report for /home/arjaiswal/Polygeist/issues/aten_c_kernels/results/aten_upsample_bilinear2d_aa_backward_cpu/debuf.mlir ==
  match          body#[0]  memset_zero_1D_f32
  no_match       body#1  ?
  no_match       body#2  ?
  total: 1 matched / 3 bodies
",0,[],0,0,0,0,/home/arjaiswal/Polygeist/issues/aten_c_kernels/results/aten_upsample_bilinear2d_aa_backward_cpu/debuf.mlir,6744,0,3,1,1518.985852599144,2,68664,0.3088042140007019,0,22,0,0,"[{""body_indices"": [0], ""symbol"": ""memset_zero_1D_f32""}]",1,0,82,0.0,82
aten,aten_upsample_bilinear2d_aa_backward_cpu,/home/arjaiswal/Polygeist/issues/aten_c_kernels/results/aten_upsample_bilinear2d_aa_backward_cpu/debuf.mlir,4d9c45a38b21b273dbfa54fc50fb0c62e81ab73ce4904bf03067e91c35ab85f4,syntactic,5,ok,0,3059.7987584769726,0,"[""/usr/bin/python3"", ""/home/arjaiswal/Polygeist/scripts/correctness/kernel_match_rewrite.py"", ""/home/arjaiswal/Polygeist/issues/aten_c_kernels/results/aten_upsample_bilinear2d_aa_backward_cpu/debuf.mlir"", ""--dry-run"", ""--matcher-mode"", ""syntactic"", ""--telemetry-json"", ""/home/arjaiswal/Polygeist/issues/equality_saturation_eval/campaign_20260908/aten-aten_upsample_bilinear2d_aa_backward_cpu-syntactic-4llowzr0.json"", ""--disable-semantic-fallback""]","== match report for /home/arjaiswal/Polygeist/issues/aten_c_kernels/results/aten_upsample_bilinear2d_aa_backward_cpu/debuf.mlir ==
  match          body#[0]  memset_zero_1D_f32
  no_match       body#1  ?
  no_match       body#2  ?
  total: 1 matched / 3 bodies
",0,[],0,0,0,0,/home/arjaiswal/Polygeist/issues/aten_c_kernels/results/aten_upsample_bilinear2d_aa_backward_cpu/debuf.mlir,6744,0,3,1,2338.957879692316,2,69056,0.357210636138916,0,22,0,0,"[{""body_indices"": [0], ""symbol"": ""memset_zero_1D_f32""}]",1,0,82,0.0,82
aten,aten_upsample_bilinear2d_aa_backward_cpu,/home/arjaiswal/Polygeist/issues/aten_c_kernels/results/aten_upsample_bilinear2d_aa_backward_cpu/debuf.mlir,4d9c45a38b21b273dbfa54fc50fb0c62e81ab73ce4904bf03067e91c35ab85f4,egglog,5,ok,0,2269.6811854839325,0,"[""/usr/bin/python3"", ""/home/arjaiswal/Polygeist/scripts/correctness/kernel_match_rewrite.py"", ""/home/arjaiswal/Polygeist/issues/aten_c_kernels/results/aten_upsample_bilinear2d_aa_backward_cpu/debuf.mlir"", ""--dry-run"", ""--matcher-mode"", ""egglog"", ""--telemetry-json"", ""/home/arjaiswal/Polygeist/issues/equality_saturation_eval/campaign_20260908/aten-aten_upsample_bilinear2d_aa_backward_cpu-egglog-rc34jjq3.json"", ""--disable-semantic-fallback""]","== match report for /home/arjaiswal/Polygeist/issues/aten_c_kernels/results/aten_upsample_bilinear2d_aa_backward_cpu/debuf.mlir ==
  match          body#[0]  memset_zero_1D_f32
  no_match       body#1  ?
  no_match       body#2  ?
  total: 1 matched / 3 bodies
",0,[],0,0,0,0,/home/arjaiswal/Polygeist/issues/aten_c_kernels/results/aten_upsample_bilinear2d_aa_backward_cpu/debuf.mlir,6744,8,3,1,1748.5990673303604,2,72948,236.6248443722725,22,22,0,0,"[{""body_indices"": [0], ""symbol"": ""memset_zero_1D_f32""}]",1,0,0,0.0,82
aten,aten_upsample_bilinear2d_aa_cpu,/home/arjaiswal/Polygeist/issues/aten_c_kernels/results/aten_upsample_bilinear2d_aa_cpu/debuf.mlir,256e8725c95258593f67a0e134eecd42babaafb354bf3b16b8f43eba5dbee5c4,egglog,1,ok,0,1153.7349596619606,0,"[""/usr/bin/python3"", ""/home/arjaiswal/Polygeist/scripts/correctness/kernel_match_rewrite.py"", ""/home/arjaiswal/Polygeist/issues/aten_c_kernels/results/aten_upsample_bilinear2d_aa_cpu/debuf.mlir"", ""--dry-run"", ""--matcher-mode"", ""egglog"", ""--telemetry-json"", ""/home/arjaiswal/Polygeist/issues/equality_saturation_eval/campaign_20260908/aten-aten_upsample_bilinear2d_aa_cpu-egglog-2_njgg4q.json"", ""--disable-semantic-fallback""]","== match report for /home/arjaiswal/Polygeist/issues/aten_c_kernels/results/aten_upsample_bilinear2d_aa_cpu/debuf.mlir ==
  no_match       body#0  ?
  no_match       body#1  ?
  total: 0 matched / 2 bodies
",0,[],0,0,0,0,/home/arjaiswal/Polygeist/issues/aten_c_kernels/results/aten_upsample_bilinear2d_aa_cpu/debuf.mlir,6560,8,2,0,415.2330681681633,2,66820,0.0,0,0,0,0,[],0,0,0,0.0,0
aten,aten_upsample_bilinear2d_aa_cpu,/home/arjaiswal/Polygeist/issues/aten_c_kernels/results/aten_upsample_bilinear2d_aa_cpu/debuf.mlir,256e8725c95258593f67a0e134eecd42babaafb354bf3b16b8f43eba5dbee5c4,syntactic,1,ok,0,1255.3636729717255,0,"[""/usr/bin/python3"", ""/home/arjaiswal/Polygeist/scripts/correctness/kernel_match_rewrite.py"", ""/home/arjaiswal/Polygeist/issues/aten_c_kernels/results/aten_upsample_bilinear2d_aa_cpu/debuf.mlir"", ""--dry-run"", ""--matcher-mode"", ""syntactic"", ""--telemetry-json"", ""/home/arjaiswal/Polygeist/issues/equality_saturation_eval/campaign_20260908/aten-aten_upsample_bilinear2d_aa_cpu-syntactic-g4jm_cbd.json"", ""--disable-semantic-fallback""]","== match report for /home/arjaiswal/Polygeist/issues/aten_c_kernels/results/aten_upsample_bilinear2d_aa_cpu/debuf.mlir ==
  no_match       body#0  ?
  no_match       body#1  ?
  total: 0 matched / 2 bodies
",0,[],0,0,0,0,/home/arjaiswal/Polygeist/issues/aten_c_kernels/results/aten_upsample_bilinear2d_aa_cpu/debuf.mlir,6560,0,2,0,437.128446996212,2,66912,0.0,0,0,0,0,[],0,0,0,0.0,0
aten,aten_upsample_bilinear2d_aa_cpu,/home/arjaiswal/Polygeist/issues/aten_c_kernels/results/aten_upsample_bilinear2d_aa_cpu/debuf.mlir,256e8725c95258593f67a0e134eecd42babaafb354bf3b16b8f43eba5dbee5c4,syntactic,2,ok,0,1009.4673559069633,0,"[""/usr/bin/python3"", ""/home/arjaiswal/Polygeist/scripts/correctness/kernel_match_rewrite.py"", ""/home/arjaiswal/Polygeist/issues/aten_c_kernels/results/aten_upsample_bilinear2d_aa_cpu/debuf.mlir"", ""--dry-run"", ""--matcher-mode"", ""syntactic"", ""--telemetry-json"", ""/home/arjaiswal/Polygeist/issues/equality_saturation_eval/campaign_20260908/aten-aten_upsample_bilinear2d_aa_cpu-syntactic-4j9f642l.json"", ""--disable-semantic-fallback""]","== match report for /home/arjaiswal/Polygeist/issues/aten_c_kernels/results/aten_upsample_bilinear2d_aa_cpu/debuf.mlir ==
  no_match       body#0  ?
  no_match       body#1  ?
  total: 0 matched / 2 bodies
",0,[],0,0,0,0,/home/arjaiswal/Polygeist/issues/aten_c_kernels/results/aten_upsample_bilinear2d_aa_cpu/debuf.mlir,6560,0,2,0,417.69059747457504,2,66944,0.0,0,0,0,0,[],0,0,0,0.0,0
aten,aten_upsample_bilinear2d_aa_cpu,/home/arjaiswal/Polygeist/issues/aten_c_kernels/results/aten_upsample_bilinear2d_aa_cpu/debuf.mlir,256e8725c95258593f67a0e134eecd42babaafb354bf3b16b8f43eba5dbee5c4,egglog,2,ok,0,1016.6033059358597,0,"[""/usr/bin/python3"", ""/home/arjaiswal/Polygeist/scripts/correctness/kernel_match_rewrite.py"", ""/home/arjaiswal/Polygeist/issues/aten_c_kernels/results/aten_upsample_bilinear2d_aa_cpu/debuf.mlir"", ""--dry-run"", ""--matcher-mode"", ""egglog"", ""--telemetry-json"", ""/home/arjaiswal/Polygeist/issues/equality_saturation_eval/campaign_20260908/aten-aten_upsample_bilinear2d_aa_cpu-egglog-88pwy4n8.json"", ""--disable-semantic-fallback""]","== match report for /home/arjaiswal/Polygeist/issues/aten_c_kernels/results/aten_upsample_bilinear2d_aa_cpu/debuf.mlir ==
  no_match       body#0  ?
  no_match       body#1  ?
  total: 0 matched / 2 bodies
",0,[],0,0,0,0,/home/arjaiswal/Polygeist/issues/aten_c_kernels/results/aten_upsample_bilinear2d_aa_cpu/debuf.mlir,6560,8,2,0,428.325891494751,2,67080,0.0,0,0,0,0,[],0,0,0,0.0,0
aten,aten_upsample_bilinear2d_aa_cpu,/home/arjaiswal/Polygeist/issues/aten_c_kernels/results/aten_upsample_bilinear2d_aa_cpu/debuf.mlir,256e8725c95258593f67a0e134eecd42babaafb354bf3b16b8f43eba5dbee5c4,egglog,3,ok,0,870.9573298692703,0,"[""/usr/bin/python3"", ""/home/arjaiswal/Polygeist/scripts/correctness/kernel_match_rewrite.py"", ""/home/arjaiswal/Polygeist/issues/aten_c_kernels/results/aten_upsample_bilinear2d_aa_cpu/debuf.mlir"", ""--dry-run"", ""--matcher-mode"", ""egglog"", ""--telemetry-json"", ""/home/arjaiswal/Polygeist/issues/equality_saturation_eval/campaign_20260908/aten-aten_upsample_bilinear2d_aa_cpu-egglog-a72kvmpr.json"", ""--disable-semantic-fallback""]","== match report for /home/arjaiswal/Polygeist/issues/aten_c_kernels/results/aten_upsample_bilinear2d_aa_cpu/debuf.mlir ==
  no_match       body#0  ?
  no_match       body#1  ?
  total: 0 matched / 2 bodies
",0,[],0,0,0,0,/home/arjaiswal/Polygeist/issues/aten_c_kernels/results/aten_upsample_bilinear2d_aa_cpu/debuf.mlir,6560,8,2,0,409.6459373831749,2,66640,0.0,0,0,0,0,[],0,0,0,0.0,0
aten,aten_upsample_bilinear2d_aa_cpu,/home/arjaiswal/Polygeist/issues/aten_c_kernels/results/aten_upsample_bilinear2d_aa_cpu/debuf.mlir,256e8725c95258593f67a0e134eecd42babaafb354bf3b16b8f43eba5dbee5c4,syntactic,3,ok,0,1844.0627716481686,0,"[""/usr/bin/python3"", ""/home/arjaiswal/Polygeist/scripts/correctness/kernel_match_rewrite.py"", ""/home/arjaiswal/Polygeist/issues/aten_c_kernels/results/aten_upsample_bilinear2d_aa_cpu/debuf.mlir"", ""--dry-run"", ""--matcher-mode"", ""syntactic"", ""--telemetry-json"", ""/home/arjaiswal/Polygeist/issues/equality_saturation_eval/campaign_20260908/aten-aten_upsample_bilinear2d_aa_cpu-syntactic-13ilcpye.json"", ""--disable-semantic-fallback""]","== match report for /home/arjaiswal/Polygeist/issues/aten_c_kernels/results/aten_upsample_bilinear2d_aa_cpu/debuf.mlir ==
  no_match       body#0  ?
  no_match       body#1  ?
  total: 0 matched / 2 bodies
",0,[],0,0,0,0,/home/arjaiswal/Polygeist/issues/aten_c_kernels/results/aten_upsample_bilinear2d_aa_cpu/debuf.mlir,6560,0,2,0,738.7379668653011,2,66904,0.0,0,0,0,0,[],0,0,0,0.0,0
aten,aten_upsample_bilinear2d_aa_cpu,/home/arjaiswal/Polygeist/issues/aten_c_kernels/results/aten_upsample_bilinear2d_aa_cpu/debuf.mlir,256e8725c95258593f67a0e134eecd42babaafb354bf3b16b8f43eba5dbee5c4,syntactic,4,ok,0,987.177386879921,0,"[""/usr/bin/python3"", ""/home/arjaiswal/Polygeist/scripts/correctness/kernel_match_rewrite.py"", ""/home/arjaiswal/Polygeist/issues/aten_c_kernels/results/aten_upsample_bilinear2d_aa_cpu/debuf.mlir"", ""--dry-run"", ""--matcher-mode"", ""syntactic"", ""--telemetry-json"", ""/home/arjaiswal/Polygeist/issues/equality_saturation_eval/campaign_20260908/aten-aten_upsample_bilinear2d_aa_cpu-syntactic-20net_xp.json"", ""--disable-semantic-fallback""]","== match report for /home/arjaiswal/Polygeist/issues/aten_c_kernels/results/aten_upsample_bilinear2d_aa_cpu/debuf.mlir ==
  no_match       body#0  ?
  no_match       body#1  ?
  total: 0 matched / 2 bodies
",0,[],0,0,0,0,/home/arjaiswal/Polygeist/issues/aten_c_kernels/results/aten_upsample_bilinear2d_aa_cpu/debuf.mlir,6560,0,2,0,461.81683987379074,2,66612,0.0,0,0,0,0,[],0,0,0,0.0,0
aten,aten_upsample_bilinear2d_aa_cpu,/home/arjaiswal/Polygeist/issues/aten_c_kernels/results/aten_upsample_bilinear2d_aa_cpu/debuf.mlir,256e8725c95258593f67a0e134eecd42babaafb354bf3b16b8f43eba5dbee5c4,egglog,4,ok,0,977.8273925185204,0,"[""/usr/bin/python3"", ""/home/arjaiswal/Polygeist/scripts/correctness/kernel_match_rewrite.py"", ""/home/arjaiswal/Polygeist/issues/aten_c_kernels/results/aten_upsample_bilinear2d_aa_cpu/debuf.mlir"", ""--dry-run"", ""--matcher-mode"", ""egglog"", ""--telemetry-json"", ""/home/arjaiswal/Polygeist/issues/equality_saturation_eval/campaign_20260908/aten-aten_upsample_bilinear2d_aa_cpu-egglog-vps0damh.json"", ""--disable-semantic-fallback""]","== match report for /home/arjaiswal/Polygeist/issues/aten_c_kernels/results/aten_upsample_bilinear2d_aa_cpu/debuf.mlir ==
  no_match       body#0  ?
  no_match       body#1  ?
  total: 0 matched / 2 bodies
",0,[],0,0,0,0,/home/arjaiswal/Polygeist/issues/aten_c_kernels/results/aten_upsample_bilinear2d_aa_cpu/debuf.mlir,6560,8,2,0,494.27833780646324,2,66840,0.0,0,0,0,0,[],0,0,0,0.0,0
aten,aten_upsample_bilinear2d_aa_cpu,/home/arjaiswal/Polygeist/issues/aten_c_kernels/results/aten_upsample_bilinear2d_aa_cpu/debuf.mlir,256e8725c95258593f67a0e134eecd42babaafb354bf3b16b8f43eba5dbee5c4,egglog,5,ok,0,922.2200252115726,0,"[""/usr/bin/python3"", ""/home/arjaiswal/Polygeist/scripts/correctness/kernel_match_rewrite.py"", ""/home/arjaiswal/Polygeist/issues/aten_c_kernels/results/aten_upsample_bilinear2d_aa_cpu/debuf.mlir"", ""--dry-run"", ""--matcher-mode"", ""egglog"", ""--telemetry-json"", ""/home/arjaiswal/Polygeist/issues/equality_saturation_eval/campaign_20260908/aten-aten_upsample_bilinear2d_aa_cpu-egglog-oa0jc5l6.json"", ""--disable-semantic-fallback""]","== match report for /home/arjaiswal/Polygeist/issues/aten_c_kernels/results/aten_upsample_bilinear2d_aa_cpu/debuf.mlir ==
  no_match       body#0  ?
  no_match       body#1  ?
  total: 0 matched / 2 bodies
",0,[],0,0,0,0,/home/arjaiswal/Polygeist/issues/aten_c_kernels/results/aten_upsample_bilinear2d_aa_cpu/debuf.mlir,6560,8,2,0,435.46995520591736,2,66864,0.0,0,0,0,0,[],0,0,0,0.0,0
aten,aten_upsample_bilinear2d_aa_cpu,/home/arjaiswal/Polygeist/issues/aten_c_kernels/results/aten_upsample_bilinear2d_aa_cpu/debuf.mlir,256e8725c95258593f67a0e134eecd42babaafb354bf3b16b8f43eba5dbee5c4,syntactic,5,ok,0,968.0127091705799,0,"[""/usr/bin/python3"", ""/home/arjaiswal/Polygeist/scripts/correctness/kernel_match_rewrite.py"", ""/home/arjaiswal/Polygeist/issues/aten_c_kernels/results/aten_upsample_bilinear2d_aa_cpu/debuf.mlir"", ""--dry-run"", ""--matcher-mode"", ""syntactic"", ""--telemetry-json"", ""/home/arjaiswal/Polygeist/issues/equality_saturation_eval/campaign_20260908/aten-aten_upsample_bilinear2d_aa_cpu-syntactic-__osojzs.json"", ""--disable-semantic-fallback""]","== match report for /home/arjaiswal/Polygeist/issues/aten_c_kernels/results/aten_upsample_bilinear2d_aa_cpu/debuf.mlir ==
  no_match       body#0  ?
  no_match       body#1  ?
  total: 0 matched / 2 bodies
",0,[],0,0,0,0,/home/arjaiswal/Polygeist/issues/aten_c_kernels/results/aten_upsample_bilinear2d_aa_cpu/debuf.mlir,6560,0,2,0,449.959360063076,2,66892,0.0,0,0,0,0,[],0,0,0,0.0,0
aten,aten_upsample_bilinear2d_backward_cpu,/home/arjaiswal/Polygeist/issues/aten_c_kernels/results/aten_upsample_bilinear2d_backward_cpu/debuf.mlir,f29e6f1c3d51a85cc5cc6fc7d629f0117ac799ebb21457c207f0b4eabae6a1b1,syntactic,1,ok,0,832.3720917105675,0,"[""/usr/bin/python3"", ""/home/arjaiswal/Polygeist/scripts/correctness/kernel_match_rewrite.py"", ""/home/arjaiswal/Polygeist/issues/aten_c_kernels/results/aten_upsample_bilinear2d_backward_cpu/debuf.mlir"", ""--dry-run"", ""--matcher-mode"", ""syntactic"", ""--telemetry-json"", ""/home/arjaiswal/Polygeist/issues/equality_saturation_eval/campaign_20260908/aten-aten_upsample_bilinear2d_backward_cpu-syntactic-kbq2ev9p.json"", ""--disable-semantic-fallback""]","== match report for /home/arjaiswal/Polygeist/issues/aten_c_kernels/results/aten_upsample_bilinear2d_backward_cpu/debuf.mlir ==
  match          body#[0]  memset_zero_1D_f32
  total: 1 matched / 1 bodies
",0,[],0,0,0,0,/home/arjaiswal/Polygeist/issues/aten_c_kernels/results/aten_upsample_bilinear2d_backward_cpu/debuf.mlir,6282,0,1,1,295.9418185055256,0,64752,0.018417835235595703,0,2,0,0,"[{""body_indices"": [0], ""symbol"": ""memset_zero_1D_f32""}]",1,0,4,0.0,4
aten,aten_upsample_bilinear2d_backward_cpu,/home/arjaiswal/Polygeist/issues/aten_c_kernels/results/aten_upsample_bilinear2d_backward_cpu/debuf.mlir,f29e6f1c3d51a85cc5cc6fc7d629f0117ac799ebb21457c207f0b4eabae6a1b1,egglog,1,ok,0,1565.8430121839046,0,"[""/usr/bin/python3"", ""/home/arjaiswal/Polygeist/scripts/correctness/kernel_match_rewrite.py"", ""/home/arjaiswal/Polygeist/issues/aten_c_kernels/results/aten_upsample_bilinear2d_backward_cpu/debuf.mlir"", ""--dry-run"", ""--matcher-mode"", ""egglog"", ""--telemetry-json"", ""/home/arjaiswal/Polygeist/issues/equality_saturation_eval/campaign_20260908/aten-aten_upsample_bilinear2d_backward_cpu-egglog-vsjrcpxr.json"", ""--disable-semantic-fallback""]","== match report for /home/arjaiswal/Polygeist/issues/aten_c_kernels/results/aten_upsample_bilinear2d_backward_cpu/debuf.mlir ==
  match          body#[0]  memset_zero_1D_f32
  total: 1 matched / 1 bodies
",0,[],0,0,0,0,/home/arjaiswal/Polygeist/issues/aten_c_kernels/results/aten_upsample_bilinear2d_backward_cpu/debuf.mlir,6282,8,1,1,531.5044336020947,0,69352,47.065965831279755,2,2,0,0,"[{""body_indices"": [0], ""symbol"": ""memset_zero_1D_f32""}]",1,0,0,0.0,4
aten,aten_upsample_bilinear2d_backward_cpu,/home/arjaiswal/Polygeist/issues/aten_c_kernels/results/aten_upsample_bilinear2d_backward_cpu/debuf.mlir,f29e6f1c3d51a85cc5cc6fc7d629f0117ac799ebb21457c207f0b4eabae6a1b1,egglog,2,ok,0,829.2762152850628,0,"[""/usr/bin/python3"", ""/home/arjaiswal/Polygeist/scripts/correctness/kernel_match_rewrite.py"", ""/home/arjaiswal/Polygeist/issues/aten_c_kernels/results/aten_upsample_bilinear2d_backward_cpu/debuf.mlir"", ""--dry-run"", ""--matcher-mode"", ""egglog"", ""--telemetry-json"", ""/home/arjaiswal/Polygeist/issues/equality_saturation_eval/campaign_20260908/aten-aten_upsample_bilinear2d_backward_cpu-egglog-kqr818j3.json"", ""--disable-semantic-fallback""]","== match report for /home/arjaiswal/Polygeist/issues/aten_c_kernels/results/aten_upsample_bilinear2d_backward_cpu/debuf.mlir ==
  match          body#[0]  memset_zero_1D_f32
  total: 1 matched / 1 bodies
",0,[],0,0,0,0,/home/arjaiswal/Polygeist/issues/aten_c_kernels/results/aten_upsample_bilinear2d_backward_cpu/debuf.mlir,6282,8,1,1,325.4614993929863,0,69196,21.41745761036873,2,2,0,0,"[{""body_indices"": [0], ""symbol"": ""memset_zero_1D_f32""}]",1,0,0,0.0,4
aten,aten_upsample_bilinear2d_backward_cpu,/home/arjaiswal/Polygeist/issues/aten_c_kernels/results/aten_upsample_bilinear2d_backward_cpu/debuf.mlir,f29e6f1c3d51a85cc5cc6fc7d629f0117ac799ebb21457c207f0b4eabae6a1b1,syntactic,2,ok,0,1872.0941208302975,0,"[""/usr/bin/python3"", ""/home/arjaiswal/Polygeist/scripts/correctness/kernel_match_rewrite.py"", ""/home/arjaiswal/Polygeist/issues/aten_c_kernels/results/aten_upsample_bilinear2d_backward_cpu/debuf.mlir"", ""--dry-run"", ""--matcher-mode"", ""syntactic"", ""--telemetry-json"", ""/home/arjaiswal/Polygeist/issues/equality_saturation_eval/campaign_20260908/aten-aten_upsample_bilinear2d_backward_cpu-syntactic-7_s8a45t.json"", ""--disable-semantic-fallback""]","== match report for /home/arjaiswal/Polygeist/issues/aten_c_kernels/results/aten_upsample_bilinear2d_backward_cpu/debuf.mlir ==
  match          body#[0]  memset_zero_1D_f32
  total: 1 matched / 1 bodies
",0,[],0,0,0,0,/home/arjaiswal/Polygeist/issues/aten_c_kernels/results/aten_upsample_bilinear2d_backward_cpu/debuf.mlir,6282,0,1,1,762.4816745519638,0,64716,0.018775463104248047,0,2,0,0,"[{""body_indices"": [0], ""symbol"": ""memset_zero_1D_f32""}]",1,0,4,0.0,4
aten,aten_upsample_bilinear2d_backward_cpu,/home/arjaiswal/Polygeist/issues/aten_c_kernels/results/aten_upsample_bilinear2d_backward_cpu/debuf.mlir,f29e6f1c3d51a85cc5cc6fc7d629f0117ac799ebb21457c207f0b4eabae6a1b1,syntactic,3,ok,0,1299.4737289845943,0,"[""/usr/bin/python3"", ""/home/arjaiswal/Polygeist/scripts/correctness/kernel_match_rewrite.py"", ""/home/arjaiswal/Polygeist/issues/aten_c_kernels/results/aten_upsample_bilinear2d_backward_cpu/debuf.mlir"", ""--dry-run"", ""--matcher-mode"", ""syntactic"", ""--telemetry-json"", ""/home/arjaiswal/Polygeist/issues/equality_saturation_eval/campaign_20260908/aten-aten_upsample_bilinear2d_backward_cpu-syntactic-ngubd2oa.json"", ""--disable-semantic-fallback""]","== match report for /home/arjaiswal/Polygeist/issues/aten_c_kernels/results/aten_upsample_bilinear2d_backward_cpu/debuf.mlir ==
  match          body#[0]  memset_zero_1D_f32
  total: 1 matched / 1 bodies
",0,[],0,0,0,0,/home/arjaiswal/Polygeist/issues/aten_c_kernels/results/aten_upsample_bilinear2d_backward_cpu/debuf.mlir,6282,0,1,1,607.0119701325893,0,64600,0.02346932888031006,0,2,0,0,"[{""body_indices"": [0], ""symbol"": ""memset_zero_1D_f32""}]",1,0,4,0.0,4
aten,aten_upsample_bilinear2d_backward_cpu,/home/arjaiswal/Polygeist/issues/aten_c_kernels/results/aten_upsample_bilinear2d_backward_cpu/debuf.mlir,f29e6f1c3d51a85cc5cc6fc7d629f0117ac799ebb21457c207f0b4eabae6a1b1,egglog,3,ok,0,1178.6244809627533,0,"[""/usr/bin/python3"", ""/home/arjaiswal/Polygeist/scripts/correctness/kernel_match_rewrite.py"", ""/home/arjaiswal/Polygeist/issues/aten_c_kernels/results/aten_upsample_bilinear2d_backward_cpu/debuf.mlir"", ""--dry-run"", ""--matcher-mode"", ""egglog"", ""--telemetry-json"", ""/home/arjaiswal/Polygeist/issues/equality_saturation_eval/campaign_20260908/aten-aten_upsample_bilinear2d_backward_cpu-egglog-5est8oib.json"", ""--disable-semantic-fallback""]","== match report for /home/arjaiswal/Polygeist/issues/aten_c_kernels/results/aten_upsample_bilinear2d_backward_cpu/debuf.mlir ==
  match          body#[0]  memset_zero_1D_f32
  total: 1 matched / 1 bodies
",0,[],0,0,0,0,/home/arjaiswal/Polygeist/issues/aten_c_kernels/results/aten_upsample_bilinear2d_backward_cpu/debuf.mlir,6282,8,1,1,408.0975875258446,0,69312,57.935088872909546,2,2,0,0,"[{""body_indices"": [0], ""symbol"": ""memset_zero_1D_f32""}]",1,0,0,0.0,4
aten,aten_upsample_bilinear2d_backward_cpu,/home/arjaiswal/Polygeist/issues/aten_c_kernels/results/aten_upsample_bilinear2d_backward_cpu/debuf.mlir,f29e6f1c3d51a85cc5cc6fc7d629f0117ac799ebb21457c207f0b4eabae6a1b1,egglog,4,ok,0,1466.5082544088364,0,"[""/usr/bin/python3"", ""/home/arjaiswal/Polygeist/scripts/correctness/kernel_match_rewrite.py"", ""/home/arjaiswal/Polygeist/issues/aten_c_kernels/results/aten_upsample_bilinear2d_backward_cpu/debuf.mlir"", ""--dry-run"", ""--matcher-mode"", ""egglog"", ""--telemetry-json"", ""/home/arjaiswal/Polygeist/issues/equality_saturation_eval/campaign_20260908/aten-aten_upsample_bilinear2d_backward_cpu-egglog-lu8fji89.json"", ""--disable-semantic-fallback""]","== match report for /home/arjaiswal/Polygeist/issues/aten_c_kernels/results/aten_upsample_bilinear2d_backward_cpu/debuf.mlir ==
  match          body#[0]  memset_zero_1D_f32
  total: 1 matched / 1 bodies
",0,[],0,0,0,0,/home/arjaiswal/Polygeist/issues/aten_c_kernels/results/aten_upsample_bilinear2d_backward_cpu/debuf.mlir,6282,8,1,1,686.5152381360531,0,69468,49.7269369661808,2,2,0,0,"[{""body_indices"": [0], ""symbol"": ""memset_zero_1D_f32""}]",1,0,0,0.0,4
aten,aten_upsample_bilinear2d_backward_cpu,/home/arjaiswal/Polygeist/issues/aten_c_kernels/results/aten_upsample_bilinear2d_backward_cpu/debuf.mlir,f29e6f1c3d51a85cc5cc6fc7d629f0117ac799ebb21457c207f0b4eabae6a1b1,syntactic,4,ok,0,1021.9452679157257,0,"[""/usr/bin/python3"", ""/home/arjaiswal/Polygeist/scripts/correctness/kernel_match_rewrite.py"", ""/home/arjaiswal/Polygeist/issues/aten_c_kernels/results/aten_upsample_bilinear2d_backward_cpu/debuf.mlir"", ""--dry-run"", ""--matcher-mode"", ""syntactic"", ""--telemetry-json"", ""/home/arjaiswal/Polygeist/issues/equality_saturation_eval/campaign_20260908/aten-aten_upsample_bilinear2d_backward_cpu-syntactic-20ncjbmw.json"", ""--disable-semantic-fallback""]","== match report for /home/arjaiswal/Polygeist/issues/aten_c_kernels/results/aten_upsample_bilinear2d_backward_cpu/debuf.mlir ==
  match          body#[0]  memset_zero_1D_f32
  total: 1 matched / 1 bodies
",0,[],0,0,0,0,/home/arjaiswal/Polygeist/issues/aten_c_kernels/results/aten_upsample_bilinear2d_backward_cpu/debuf.mlir,6282,0,1,1,298.4105125069618,0,64700,0.020310282707214355,0,2,0,0,"[{""body_indices"": [0], ""symbol"": ""memset_zero_1D_f32""}]",1,0,4,0.0,4
aten,aten_upsample_bilinear2d_backward_cpu,/home/arjaiswal/Polygeist/issues/aten_c_kernels/results/aten_upsample_bilinear2d_backward_cpu/debuf.mlir,f29e6f1c3d51a85cc5cc6fc7d629f0117ac799ebb21457c207f0b4eabae6a1b1,syntactic,5,ok,0,852.6591621339321,0,"[""/usr/bin/python3"", ""/home/arjaiswal/Polygeist/scripts/correctness/kernel_match_rewrite.py"", ""/home/arjaiswal/Polygeist/issues/aten_c_kernels/results/aten_upsample_bilinear2d_backward_cpu/debuf.mlir"", ""--dry-run"", ""--matcher-mode"", ""syntactic"", ""--telemetry-json"", ""/home/arjaiswal/Polygeist/issues/equality_saturation_eval/campaign_20260908/aten-aten_upsample_bilinear2d_backward_cpu-syntactic-l_6nhz8l.json"", ""--disable-semantic-fallback""]","== match report for /home/arjaiswal/Polygeist/issues/aten_c_kernels/results/aten_upsample_bilinear2d_backward_cpu/debuf.mlir ==
  match          body#[0]  memset_zero_1D_f32
  total: 1 matched / 1 bodies
",0,[],0,0,0,0,/home/arjaiswal/Polygeist/issues/aten_c_kernels/results/aten_upsample_bilinear2d_backward_cpu/debuf.mlir,6282,0,1,1,350.18474236130714,0,64880,0.019904226064682007,0,2,0,0,"[{""body_indices"": [0], ""symbol"": ""memset_zero_1D_f32""}]",1,0,4,0.0,4
aten,aten_upsample_bilinear2d_backward_cpu,/home/arjaiswal/Polygeist/issues/aten_c_kernels/results/aten_upsample_bilinear2d_backward_cpu/debuf.mlir,f29e6f1c3d51a85cc5cc6fc7d629f0117ac799ebb21457c207f0b4eabae6a1b1,egglog,5,ok,0,813.0570352077484,0,"[""/usr/bin/python3"", ""/home/arjaiswal/Polygeist/scripts/correctness/kernel_match_rewrite.py"", ""/home/arjaiswal/Polygeist/issues/aten_c_kernels/results/aten_upsample_bilinear2d_backward_cpu/debuf.mlir"", ""--dry-run"", ""--matcher-mode"", ""egglog"", ""--telemetry-json"", ""/home/arjaiswal/Polygeist/issues/equality_saturation_eval/campaign_20260908/aten-aten_upsample_bilinear2d_backward_cpu-egglog-i6v1vkol.json"", ""--disable-semantic-fallback""]","== match report for /home/arjaiswal/Polygeist/issues/aten_c_kernels/results/aten_upsample_bilinear2d_backward_cpu/debuf.mlir ==
  match          body#[0]  memset_zero_1D_f32
  total: 1 matched / 1 bodies
",0,[],0,0,0,0,/home/arjaiswal/Polygeist/issues/aten_c_kernels/results/aten_upsample_bilinear2d_backward_cpu/debuf.mlir,6282,8,1,1,340.34645929932594,0,69540,21.634258329868317,2,2,0,0,"[{""body_indices"": [0], ""symbol"": ""memset_zero_1D_f32""}]",1,0,0,0.0,4
aten,aten_upsample_bilinear2d_cpu,/home/arjaiswal/Polygeist/issues/aten_c_kernels/results/aten_upsample_bilinear2d_cpu/debuf.mlir,e399ff644955dd2aa3b3a247ee823031359bedd9d258e3210e1e9bba44842518,egglog,1,ok,0,1988.9823123812675,0,"[""/usr/bin/python3"", ""/home/arjaiswal/Polygeist/scripts/correctness/kernel_match_rewrite.py"", ""/home/arjaiswal/Polygeist/issues/aten_c_kernels/results/aten_upsample_bilinear2d_cpu/debuf.mlir"", ""--dry-run"", ""--matcher-mode"", ""egglog"", ""--telemetry-json"", ""/home/arjaiswal/Polygeist/issues/equality_saturation_eval/campaign_20260908/aten-aten_upsample_bilinear2d_cpu-egglog-qcsg7ek7.json"", ""--disable-semantic-fallback""]","== match report for /home/arjaiswal/Polygeist/issues/aten_c_kernels/results/aten_upsample_bilinear2d_cpu/debuf.mlir ==
  no_match       body#0  ?
  total: 0 matched / 1 bodies
",0,[],0,0,0,0,/home/arjaiswal/Polygeist/issues/aten_c_kernels/results/aten_upsample_bilinear2d_cpu/debuf.mlir,5162,8,1,0,964.0011452138424,1,66248,0.0,0,0,0,0,[],0,0,0,0.0,0
aten,aten_upsample_bilinear2d_cpu,/home/arjaiswal/Polygeist/issues/aten_c_kernels/results/aten_upsample_bilinear2d_cpu/debuf.mlir,e399ff644955dd2aa3b3a247ee823031359bedd9d258e3210e1e9bba44842518,syntactic,1,ok,0,980.652678757906,0,"[""/usr/bin/python3"", ""/home/arjaiswal/Polygeist/scripts/correctness/kernel_match_rewrite.py"", ""/home/arjaiswal/Polygeist/issues/aten_c_kernels/results/aten_upsample_bilinear2d_cpu/debuf.mlir"", ""--dry-run"", ""--matcher-mode"", ""syntactic"", ""--telemetry-json"", ""/home/arjaiswal/Polygeist/issues/equality_saturation_eval/campaign_20260908/aten-aten_upsample_bilinear2d_cpu-syntactic-d48zq6dv.json"", ""--disable-semantic-fallback""]","== match report for /home/arjaiswal/Polygeist/issues/aten_c_kernels/results/aten_upsample_bilinear2d_cpu/debuf.mlir ==
  no_match       body#0  ?
  total: 0 matched / 1 bodies
",0,[],0,0,0,0,/home/arjaiswal/Polygeist/issues/aten_c_kernels/results/aten_upsample_bilinear2d_cpu/debuf.mlir,5162,0,1,0,372.6555369794369,1,66608,0.0,0,0,0,0,[],0,0,0,0.0,0
aten,aten_upsample_bilinear2d_cpu,/home/arjaiswal/Polygeist/issues/aten_c_kernels/results/aten_upsample_bilinear2d_cpu/debuf.mlir,e399ff644955dd2aa3b3a247ee823031359bedd9d258e3210e1e9bba44842518,syntactic,2,ok,0,1459.7045481204987,0,"[""/usr/bin/python3"", ""/home/arjaiswal/Polygeist/scripts/correctness/kernel_match_rewrite.py"", ""/home/arjaiswal/Polygeist/issues/aten_c_kernels/results/aten_upsample_bilinear2d_cpu/debuf.mlir"", ""--dry-run"", ""--matcher-mode"", ""syntactic"", ""--telemetry-json"", ""/home/arjaiswal/Polygeist/issues/equality_saturation_eval/campaign_20260908/aten-aten_upsample_bilinear2d_cpu-syntactic-92_q7_ll.json"", ""--disable-semantic-fallback""]","== match report for /home/arjaiswal/Polygeist/issues/aten_c_kernels/results/aten_upsample_bilinear2d_cpu/debuf.mlir ==
  no_match       body#0  ?
  total: 0 matched / 1 bodies
",0,[],0,0,0,0,/home/arjaiswal/Polygeist/issues/aten_c_kernels/results/aten_upsample_bilinear2d_cpu/debuf.mlir,5162,0,1,0,817.8563490509987,1,66596,0.0,0,0,0,0,[],0,0,0,0.0,0
aten,aten_upsample_bilinear2d_cpu,/home/arjaiswal/Polygeist/issues/aten_c_kernels/results/aten_upsample_bilinear2d_cpu/debuf.mlir,e399ff644955dd2aa3b3a247ee823031359bedd9d258e3210e1e9bba44842518,egglog,2,ok,0,1089.3759578466415,0,"[""/usr/bin/python3"", ""/home/arjaiswal/Polygeist/scripts/correctness/kernel_match_rewrite.py"", ""/home/arjaiswal/Polygeist/issues/aten_c_kernels/results/aten_upsample_bilinear2d_cpu/debuf.mlir"", ""--dry-run"", ""--matcher-mode"", ""egglog"", ""--telemetry-json"", ""/home/arjaiswal/Polygeist/issues/equality_saturation_eval/campaign_20260908/aten-aten_upsample_bilinear2d_cpu-egglog-_ys6sx2b.json"", ""--disable-semantic-fallback""]","== match report for /home/arjaiswal/Polygeist/issues/aten_c_kernels/results/aten_upsample_bilinear2d_cpu/debuf.mlir ==
  no_match       body#0  ?
  total: 0 matched / 1 bodies
",0,[],0,0,0,0,/home/arjaiswal/Polygeist/issues/aten_c_kernels/results/aten_upsample_bilinear2d_cpu/debuf.mlir,5162,8,1,0,458.28403159976006,1,66504,0.0,0,0,0,0,[],0,0,0,0.0,0
aten,aten_upsample_bilinear2d_cpu,/home/arjaiswal/Polygeist/issues/aten_c_kernels/results/aten_upsample_bilinear2d_cpu/debuf.mlir,e399ff644955dd2aa3b3a247ee823031359bedd9d258e3210e1e9bba44842518,egglog,3,ok,0,1086.025208234787,0,"[""/usr/bin/python3"", ""/home/arjaiswal/Polygeist/scripts/correctness/kernel_match_rewrite.py"", ""/home/arjaiswal/Polygeist/issues/aten_c_kernels/results/aten_upsample_bilinear2d_cpu/debuf.mlir"", ""--dry-run"", ""--matcher-mode"", ""egglog"", ""--telemetry-json"", ""/home/arjaiswal/Polygeist/issues/equality_saturation_eval/campaign_20260908/aten-aten_upsample_bilinear2d_cpu-egglog-gsye3z2d.json"", ""--disable-semantic-fallback""]","== match report for /home/arjaiswal/Polygeist/issues/aten_c_kernels/results/aten_upsample_bilinear2d_cpu/debuf.mlir ==
  no_match       body#0  ?
  total: 0 matched / 1 bodies
",0,[],0,0,0,0,/home/arjaiswal/Polygeist/issues/aten_c_kernels/results/aten_upsample_bilinear2d_cpu/debuf.mlir,5162,8,1,0,421.55206948518753,1,66484,0.0,0,0,0,0,[],0,0,0,0.0,0
aten,aten_upsample_bilinear2d_cpu,/home/arjaiswal/Polygeist/issues/aten_c_kernels/results/aten_upsample_bilinear2d_cpu/debuf.mlir,e399ff644955dd2aa3b3a247ee823031359bedd9d258e3210e1e9bba44842518,syntactic,3,ok,0,942.4921125173569,0,"[""/usr/bin/python3"", ""/home/arjaiswal/Polygeist/scripts/correctness/kernel_match_rewrite.py"", ""/home/arjaiswal/Polygeist/issues/aten_c_kernels/results/aten_upsample_bilinear2d_cpu/debuf.mlir"", ""--dry-run"", ""--matcher-mode"", ""syntactic"", ""--telemetry-json"", ""/home/arjaiswal/Polygeist/issues/equality_saturation_eval/campaign_20260908/aten-aten_upsample_bilinear2d_cpu-syntactic-rmial4xt.json"", ""--disable-semantic-fallback""]","== match report for /home/arjaiswal/Polygeist/issues/aten_c_kernels/results/aten_upsample_bilinear2d_cpu/debuf.mlir ==
  no_match       body#0  ?
  total: 0 matched / 1 bodies
",0,[],0,0,0,0,/home/arjaiswal/Polygeist/issues/aten_c_kernels/results/aten_upsample_bilinear2d_cpu/debuf.mlir,5162,0,1,0,442.69391894340515,1,66684,0.0,0,0,0,0,[],0,0,0,0.0,0
aten,aten_upsample_bilinear2d_cpu,/home/arjaiswal/Polygeist/issues/aten_c_kernels/results/aten_upsample_bilinear2d_cpu/debuf.mlir,e399ff644955dd2aa3b3a247ee823031359bedd9d258e3210e1e9bba44842518,syntactic,4,ok,0,1122.1155263483524,0,"[""/usr/bin/python3"", ""/home/arjaiswal/Polygeist/scripts/correctness/kernel_match_rewrite.py"", ""/home/arjaiswal/Polygeist/issues/aten_c_kernels/results/aten_upsample_bilinear2d_cpu/debuf.mlir"", ""--dry-run"", ""--matcher-mode"", ""syntactic"", ""--telemetry-json"", ""/home/arjaiswal/Polygeist/issues/equality_saturation_eval/campaign_20260908/aten-aten_upsample_bilinear2d_cpu-syntactic-e13a6eyt.json"", ""--disable-semantic-fallback""]","== match report for /home/arjaiswal/Polygeist/issues/aten_c_kernels/results/aten_upsample_bilinear2d_cpu/debuf.mlir ==
  no_match       body#0  ?
  total: 0 matched / 1 bodies
",0,[],0,0,0,0,/home/arjaiswal/Polygeist/issues/aten_c_kernels/results/aten_upsample_bilinear2d_cpu/debuf.mlir,5162,0,1,0,426.17393657565117,1,66544,0.0,0,0,0,0,[],0,0,0,0.0,0
aten,aten_upsample_bilinear2d_cpu,/home/arjaiswal/Polygeist/issues/aten_c_kernels/results/aten_upsample_bilinear2d_cpu/debuf.mlir,e399ff644955dd2aa3b3a247ee823031359bedd9d258e3210e1e9bba44842518,egglog,4,ok,0,1173.20441827178,0,"[""/usr/bin/python3"", ""/home/arjaiswal/Polygeist/scripts/correctness/kernel_match_rewrite.py"", ""/home/arjaiswal/Polygeist/issues/aten_c_kernels/results/aten_upsample_bilinear2d_cpu/debuf.mlir"", ""--dry-run"", ""--matcher-mode"", ""egglog"", ""--telemetry-json"", ""/home/arjaiswal/Polygeist/issues/equality_saturation_eval/campaign_20260908/aten-aten_upsample_bilinear2d_cpu-egglog-7lz5v65e.json"", ""--disable-semantic-fallback""]","== match report for /home/arjaiswal/Polygeist/issues/aten_c_kernels/results/aten_upsample_bilinear2d_cpu/debuf.mlir ==
  no_match       body#0  ?
  total: 0 matched / 1 bodies
",0,[],0,0,0,0,/home/arjaiswal/Polygeist/issues/aten_c_kernels/results/aten_upsample_bilinear2d_cpu/debuf.mlir,5162,8,1,0,400.01801773905754,1,66652,0.0,0,0,0,0,[],0,0,0,0.0,0
aten,aten_upsample_bilinear2d_cpu,/home/arjaiswal/Polygeist/issues/aten_c_kernels/results/aten_upsample_bilinear2d_cpu/debuf.mlir,e399ff644955dd2aa3b3a247ee823031359bedd9d258e3210e1e9bba44842518,egglog,5,ok,0,971.1810536682606,0,"[""/usr/bin/python3"", ""/home/arjaiswal/Polygeist/scripts/correctness/kernel_match_rewrite.py"", ""/home/arjaiswal/Polygeist/issues/aten_c_kernels/results/aten_upsample_bilinear2d_cpu/debuf.mlir"", ""--dry-run"", ""--matcher-mode"", ""egglog"", ""--telemetry-json"", ""/home/arjaiswal/Polygeist/issues/equality_saturation_eval/campaign_20260908/aten-aten_upsample_bilinear2d_cpu-egglog-dk4jucqj.json"", ""--disable-semantic-fallback""]","== match report for /home/arjaiswal/Polygeist/issues/aten_c_kernels/results/aten_upsample_bilinear2d_cpu/debuf.mlir ==
  no_match       body#0  ?
  total: 0 matched / 1 bodies
",0,[],0,0,0,0,/home/arjaiswal/Polygeist/issues/aten_c_kernels/results/aten_upsample_bilinear2d_cpu/debuf.mlir,5162,8,1,0,376.0584741830826,1,66484,0.0,0,0,0,0,[],0,0,0,0.0,0
aten,aten_upsample_bilinear2d_cpu,/home/arjaiswal/Polygeist/issues/aten_c_kernels/results/aten_upsample_bilinear2d_cpu/debuf.mlir,e399ff644955dd2aa3b3a247ee823031359bedd9d258e3210e1e9bba44842518,syntactic,5,ok,0,893.0369578301907,0,"[""/usr/bin/python3"", ""/home/arjaiswal/Polygeist/scripts/correctness/kernel_match_rewrite.py"", ""/home/arjaiswal/Polygeist/issues/aten_c_kernels/results/aten_upsample_bilinear2d_cpu/debuf.mlir"", ""--dry-run"", ""--matcher-mode"", ""syntactic"", ""--telemetry-json"", ""/home/arjaiswal/Polygeist/issues/equality_saturation_eval/campaign_20260908/aten-aten_upsample_bilinear2d_cpu-syntactic-c_uvny7u.json"", ""--disable-semantic-fallback""]","== match report for /home/arjaiswal/Polygeist/issues/aten_c_kernels/results/aten_upsample_bilinear2d_cpu/debuf.mlir ==
  no_match       body#0  ?
  total: 0 matched / 1 bodies
",0,[],0,0,0,0,/home/arjaiswal/Polygeist/issues/aten_c_kernels/results/aten_upsample_bilinear2d_cpu/debuf.mlir,5162,0,1,0,356.34082183241844,1,66444,0.0,0,0,0,0,[],0,0,0,0.0,0
aten,aten_upsample_lanczos2d_aa_backward_cpu,/home/arjaiswal/Polygeist/issues/aten_c_kernels/results/aten_upsample_lanczos2d_aa_backward_cpu/debuf.mlir,d3a75051bfd356d4238e4090cae45a617c53fbb49904d1b07a608d966e712f98,syntactic,1,ok,0,1341.9831693172455,0,"[""/usr/bin/python3"", ""/home/arjaiswal/Polygeist/scripts/correctness/kernel_match_rewrite.py"", ""/home/arjaiswal/Polygeist/issues/aten_c_kernels/results/aten_upsample_lanczos2d_aa_backward_cpu/debuf.mlir"", ""--dry-run"", ""--matcher-mode"", ""syntactic"", ""--telemetry-json"", ""/home/arjaiswal/Polygeist/issues/equality_saturation_eval/campaign_20260908/aten-aten_upsample_lanczos2d_aa_backward_cpu-syntactic-5kxvlt72.json"", ""--disable-semantic-fallback""]","== match report for /home/arjaiswal/Polygeist/issues/aten_c_kernels/results/aten_upsample_lanczos2d_aa_backward_cpu/debuf.mlir ==
  match          body#[0]  memset_zero_1D_f32
  no_match       body#1  ?
  no_match       body#2  ?
  total: 1 matched / 3 bodies
",0,[],0,0,0,0,/home/arjaiswal/Polygeist/issues/aten_c_kernels/results/aten_upsample_lanczos2d_aa_backward_cpu/debuf.mlir,9458,0,3,1,776.6878567636013,2,66112,0.2858750522136688,0,22,0,0,"[{""body_indices"": [0], ""symbol"": ""memset_zero_1D_f32""}]",1,0,82,0.0,82
aten,aten_upsample_lanczos2d_aa_backward_cpu,/home/arjaiswal/Polygeist/issues/aten_c_kernels/results/aten_upsample_lanczos2d_aa_backward_cpu/debuf.mlir,d3a75051bfd356d4238e4090cae45a617c53fbb49904d1b07a608d966e712f98,egglog,1,ok,0,1563.046958297491,0,"[""/usr/bin/python3"", ""/home/arjaiswal/Polygeist/scripts/correctness/kernel_match_rewrite.py"", ""/home/arjaiswal/Polygeist/issues/aten_c_kernels/results/aten_upsample_lanczos2d_aa_backward_cpu/debuf.mlir"", ""--dry-run"", ""--matcher-mode"", ""egglog"", ""--telemetry-json"", ""/home/arjaiswal/Polygeist/issues/equality_saturation_eval/campaign_20260908/aten-aten_upsample_lanczos2d_aa_backward_cpu-egglog-y4ro83ie.json"", ""--disable-semantic-fallback""]","== match report for /home/arjaiswal/Polygeist/issues/aten_c_kernels/results/aten_upsample_lanczos2d_aa_backward_cpu/debuf.mlir ==
  match          body#[0]  memset_zero_1D_f32
  no_match       body#1  ?
  no_match       body#2  ?
  total: 1 matched / 3 bodies
",0,[],0,0,0,0,/home/arjaiswal/Polygeist/issues/aten_c_kernels/results/aten_upsample_lanczos2d_aa_backward_cpu/debuf.mlir,9458,8,3,1,860.2980896830559,2,70576,217.93362498283386,22,22,0,0,"[{""body_indices"": [0], ""symbol"": ""memset_zero_1D_f32""}]",1,0,0,0.0,82
aten,aten_upsample_lanczos2d_aa_backward_cpu,/home/arjaiswal/Polygeist/issues/aten_c_kernels/results/aten_upsample_lanczos2d_aa_backward_cpu/debuf.mlir,d3a75051bfd356d4238e4090cae45a617c53fbb49904d1b07a608d966e712f98,egglog,2,ok,0,1366.520021110773,0,"[""/usr/bin/python3"", ""/home/arjaiswal/Polygeist/scripts/correctness/kernel_match_rewrite.py"", ""/home/arjaiswal/Polygeist/issues/aten_c_kernels/results/aten_upsample_lanczos2d_aa_backward_cpu/debuf.mlir"", ""--dry-run"", ""--matcher-mode"", ""egglog"", ""--telemetry-json"", ""/home/arjaiswal/Polygeist/issues/equality_saturation_eval/campaign_20260908/aten-aten_upsample_lanczos2d_aa_backward_cpu-egglog-is6hrwa9.json"", ""--disable-semantic-fallback""]","== match report for /home/arjaiswal/Polygeist/issues/aten_c_kernels/results/aten_upsample_lanczos2d_aa_backward_cpu/debuf.mlir ==
  match          body#[0]  memset_zero_1D_f32
  no_match       body#1  ?
  no_match       body#2  ?
  total: 1 matched / 3 bodies
",0,[],0,0,0,0,/home/arjaiswal/Polygeist/issues/aten_c_kernels/results/aten_upsample_lanczos2d_aa_backward_cpu/debuf.mlir,9458,8,3,1,898.7051732838154,2,70708,239.73119631409645,22,22,0,0,"[{""body_indices"": [0], ""symbol"": ""memset_zero_1D_f32""}]",1,0,0,0.0,82
aten,aten_upsample_lanczos2d_aa_backward_cpu,/home/arjaiswal/Polygeist/issues/aten_c_kernels/results/aten_upsample_lanczos2d_aa_backward_cpu/debuf.mlir,d3a75051bfd356d4238e4090cae45a617c53fbb49904d1b07a608d966e712f98,syntactic,2,ok,0,1238.0470857024193,0,"[""/usr/bin/python3"", ""/home/arjaiswal/Polygeist/scripts/correctness/kernel_match_rewrite.py"", ""/home/arjaiswal/Polygeist/issues/aten_c_kernels/results/aten_upsample_lanczos2d_aa_backward_cpu/debuf.mlir"", ""--dry-run"", ""--matcher-mode"", ""syntactic"", ""--telemetry-json"", ""/home/arjaiswal/Polygeist/issues/equality_saturation_eval/campaign_20260908/aten-aten_upsample_lanczos2d_aa_backward_cpu-syntactic-2q4s09ez.json"", ""--disable-semantic-fallback""]","== match report for /home/arjaiswal/Polygeist/issues/aten_c_kernels/results/aten_upsample_lanczos2d_aa_backward_cpu/debuf.mlir ==
  match          body#[0]  memset_zero_1D_f32
  no_match       body#1  ?
  no_match       body#2  ?
  total: 1 matched / 3 bodies
",0,[],0,0,0,0,/home/arjaiswal/Polygeist/issues/aten_c_kernels/results/aten_upsample_lanczos2d_aa_backward_cpu/debuf.mlir,9458,0,3,1,615.7145760953426,2,66312,0.23287534713745117,0,22,0,0,"[{""body_indices"": [0], ""symbol"": ""memset_zero_1D_f32""}]",1,0,82,0.0,82
aten,aten_upsample_lanczos2d_aa_backward_cpu,/home/arjaiswal/Polygeist/issues/aten_c_kernels/results/aten_upsample_lanczos2d_aa_backward_cpu/debuf.mlir,d3a75051bfd356d4238e4090cae45a617c53fbb49904d1b07a608d966e712f98,syntactic,3,ok,0,1141.1299742758274,0,"[""/usr/bin/python3"", ""/home/arjaiswal/Polygeist/scripts/correctness/kernel_match_rewrite.py"", ""/home/arjaiswal/Polygeist/issues/aten_c_kernels/results/aten_upsample_lanczos2d_aa_backward_cpu/debuf.mlir"", ""--dry-run"", ""--matcher-mode"", ""syntactic"", ""--telemetry-json"", ""/home/arjaiswal/Polygeist/issues/equality_saturation_eval/campaign_20260908/aten-aten_upsample_lanczos2d_aa_backward_cpu-syntactic-d8jxn1hv.json"", ""--disable-semantic-fallback""]","== match report for /home/arjaiswal/Polygeist/issues/aten_c_kernels/results/aten_upsample_lanczos2d_aa_backward_cpu/debuf.mlir ==
  match          body#[0]  memset_zero_1D_f32
  no_match       body#1  ?
  no_match       body#2  ?
  total: 1 matched / 3 bodies
",0,[],0,0,0,0,/home/arjaiswal/Polygeist/issues/aten_c_kernels/results/aten_upsample_lanczos2d_aa_backward_cpu/debuf.mlir,9458,0,3,1,607.8757829964161,2,66308,0.2416744828224182,0,22,0,0,"[{""body_indices"": [0], ""symbol"": ""memset_zero_1D_f32""}]",1,0,82,0.0,82
aten,aten_upsample_lanczos2d_aa_backward_cpu,/home/arjaiswal/Polygeist/issues/aten_c_kernels/results/aten_upsample_lanczos2d_aa_backward_cpu/debuf.mlir,d3a75051bfd356d4238e4090cae45a617c53fbb49904d1b07a608d966e712f98,egglog,3,ok,0,2392.356265336275,0,"[""/usr/bin/python3"", ""/home/arjaiswal/Polygeist/scripts/correctness/kernel_match_rewrite.py"", ""/home/arjaiswal/Polygeist/issues/aten_c_kernels/results/aten_upsample_lanczos2d_aa_backward_cpu/debuf.mlir"", ""--dry-run"", ""--matcher-mode"", ""egglog"", ""--telemetry-json"", ""/home/arjaiswal/Polygeist/issues/equality_saturation_eval/campaign_20260908/aten-aten_upsample_lanczos2d_aa_backward_cpu-egglog-mrily9fb.json"", ""--disable-semantic-fallback""]","== match report for /home/arjaiswal/Polygeist/issues/aten_c_kernels/results/aten_upsample_lanczos2d_aa_backward_cpu/debuf.mlir ==
  match          body#[0]  memset_zero_1D_f32
  no_match       body#1  ?
  no_match       body#2  ?
  total: 1 matched / 3 bodies
",0,[],0,0,0,0,/home/arjaiswal/Polygeist/issues/aten_c_kernels/results/aten_upsample_lanczos2d_aa_backward_cpu/debuf.mlir,9458,8,3,1,1735.5042807757854,2,70596,422.59981483221054,22,22,0,0,"[{""body_indices"": [0], ""symbol"": ""memset_zero_1D_f32""}]",1,0,0,0.0,82
aten,aten_upsample_lanczos2d_aa_backward_cpu,/home/arjaiswal/Polygeist/issues/aten_c_kernels/results/aten_upsample_lanczos2d_aa_backward_cpu/debuf.mlir,d3a75051bfd356d4238e4090cae45a617c53fbb49904d1b07a608d966e712f98,egglog,4,ok,0,2109.8420806229115,0,"[""/usr/bin/python3"", ""/home/arjaiswal/Polygeist/scripts/correctness/kernel_match_rewrite.py"", ""/home/arjaiswal/Polygeist/issues/aten_c_kernels/results/aten_upsample_lanczos2d_aa_backward_cpu/debuf.mlir"", ""--dry-run"", ""--matcher-mode"", ""egglog"", ""--telemetry-json"", ""/home/arjaiswal/Polygeist/issues/equality_saturation_eval/campaign_20260908/aten-aten_upsample_lanczos2d_aa_backward_cpu-egglog-ll2f9k9a.json"", ""--disable-semantic-fallback""]","== match report for /home/arjaiswal/Polygeist/issues/aten_c_kernels/results/aten_upsample_lanczos2d_aa_backward_cpu/debuf.mlir ==
  match          body#[0]  memset_zero_1D_f32
  no_match       body#1  ?
  no_match       body#2  ?
  total: 1 matched / 3 bodies
",0,[],0,0,0,0,/home/arjaiswal/Polygeist/issues/aten_c_kernels/results/aten_upsample_lanczos2d_aa_backward_cpu/debuf.mlir,9458,8,3,1,1107.2906665503979,2,70500,233.4923893213272,22,22,0,0,"[{""body_indices"": [0], ""symbol"": ""memset_zero_1D_f32""}]",1,0,0,0.0,82
aten,aten_upsample_lanczos2d_aa_backward_cpu,/home/arjaiswal/Polygeist/issues/aten_c_kernels/results/aten_upsample_lanczos2d_aa_backward_cpu/debuf.mlir,d3a75051bfd356d4238e4090cae45a617c53fbb49904d1b07a608d966e712f98,syntactic,4,ok,0,1882.466472685337,0,"[""/usr/bin/python3"", ""/home/arjaiswal/Polygeist/scripts/correctness/kernel_match_rewrite.py"", ""/home/arjaiswal/Polygeist/issues/aten_c_kernels/results/aten_upsample_lanczos2d_aa_backward_cpu/debuf.mlir"", ""--dry-run"", ""--matcher-mode"", ""syntactic"", ""--telemetry-json"", ""/home/arjaiswal/Polygeist/issues/equality_saturation_eval/campaign_20260908/aten-aten_upsample_lanczos2d_aa_backward_cpu-syntactic-iulgqrw7.json"", ""--disable-semantic-fallback""]","== match report for /home/arjaiswal/Polygeist/issues/aten_c_kernels/results/aten_upsample_lanczos2d_aa_backward_cpu/debuf.mlir ==
  match          body#[0]  memset_zero_1D_f32
  no_match       body#1  ?
  no_match       body#2  ?
  total: 1 matched / 3 bodies
",0,[],0,0,0,0,/home/arjaiswal/Polygeist/issues/aten_c_kernels/results/aten_upsample_lanczos2d_aa_backward_cpu/debuf.mlir,9458,0,3,1,1242.4181438982487,2,66128,0.3188475966453552,0,22,0,0,"[{""body_indices"": [0], ""symbol"": ""memset_zero_1D_f32""}]",1,0,82,0.0,82
aten,aten_upsample_lanczos2d_aa_backward_cpu,/home/arjaiswal/Polygeist/issues/aten_c_kernels/results/aten_upsample_lanczos2d_aa_backward_cpu/debuf.mlir,d3a75051bfd356d4238e4090cae45a617c53fbb49904d1b07a608d966e712f98,syntactic,5,ok,0,1826.6133591532707,0,"[""/usr/bin/python3"", ""/home/arjaiswal/Polygeist/scripts/correctness/kernel_match_rewrite.py"", ""/home/arjaiswal/Polygeist/issues/aten_c_kernels/results/aten_upsample_lanczos2d_aa_backward_cpu/debuf.mlir"", ""--dry-run"", ""--matcher-mode"", ""syntactic"", ""--telemetry-json"", ""/home/arjaiswal/Polygeist/issues/equality_saturation_eval/campaign_20260908/aten-aten_upsample_lanczos2d_aa_backward_cpu-syntactic-llemsr_h.json"", ""--disable-semantic-fallback""]","== match report for /home/arjaiswal/Polygeist/issues/aten_c_kernels/results/aten_upsample_lanczos2d_aa_backward_cpu/debuf.mlir ==
  match          body#[0]  memset_zero_1D_f32
  no_match       body#1  ?
  no_match       body#2  ?
  total: 1 matched / 3 bodies
",0,[],0,0,0,0,/home/arjaiswal/Polygeist/issues/aten_c_kernels/results/aten_upsample_lanczos2d_aa_backward_cpu/debuf.mlir,9458,0,3,1,1108.1761382520199,2,66180,0.2582669258117676,0,22,0,0,"[{""body_indices"": [0], ""symbol"": ""memset_zero_1D_f32""}]",1,0,82,0.0,82
aten,aten_upsample_lanczos2d_aa_backward_cpu,/home/arjaiswal/Polygeist/issues/aten_c_kernels/results/aten_upsample_lanczos2d_aa_backward_cpu/debuf.mlir,d3a75051bfd356d4238e4090cae45a617c53fbb49904d1b07a608d966e712f98,egglog,5,ok,0,2064.0389770269394,0,"[""/usr/bin/python3"", ""/home/arjaiswal/Polygeist/scripts/correctness/kernel_match_rewrite.py"", ""/home/arjaiswal/Polygeist/issues/aten_c_kernels/results/aten_upsample_lanczos2d_aa_backward_cpu/debuf.mlir"", ""--dry-run"", ""--matcher-mode"", ""egglog"", ""--telemetry-json"", ""/home/arjaiswal/Polygeist/issues/equality_saturation_eval/campaign_20260908/aten-aten_upsample_lanczos2d_aa_backward_cpu-egglog-843508ie.json"", ""--disable-semantic-fallback""]","== match report for /home/arjaiswal/Polygeist/issues/aten_c_kernels/results/aten_upsample_lanczos2d_aa_backward_cpu/debuf.mlir ==
  match          body#[0]  memset_zero_1D_f32
  no_match       body#1  ?
  no_match       body#2  ?
  total: 1 matched / 3 bodies
",0,[],0,0,0,0,/home/arjaiswal/Polygeist/issues/aten_c_kernels/results/aten_upsample_lanczos2d_aa_backward_cpu/debuf.mlir,9458,8,3,1,1219.9485190212727,2,70504,238.48768323659897,22,22,0,0,"[{""body_indices"": [0], ""symbol"": ""memset_zero_1D_f32""}]",1,0,0,0.0,82
aten,aten_upsample_lanczos2d_aa_cpu,/home/arjaiswal/Polygeist/issues/aten_c_kernels/results/aten_upsample_lanczos2d_aa_cpu/debuf.mlir,102142c31aef7313bc9b3d2ce191f0b7f347705d27a44ad0fcc2be95bc5a7720,egglog,1,ok,0,1141.921255737543,0,"[""/usr/bin/python3"", ""/home/arjaiswal/Polygeist/scripts/correctness/kernel_match_rewrite.py"", ""/home/arjaiswal/Polygeist/issues/aten_c_kernels/results/aten_upsample_lanczos2d_aa_cpu/debuf.mlir"", ""--dry-run"", ""--matcher-mode"", ""egglog"", ""--telemetry-json"", ""/home/arjaiswal/Polygeist/issues/equality_saturation_eval/campaign_20260908/aten-aten_upsample_lanczos2d_aa_cpu-egglog-yysjk4l4.json"", ""--disable-semantic-fallback""]","== match report for /home/arjaiswal/Polygeist/issues/aten_c_kernels/results/aten_upsample_lanczos2d_aa_cpu/debuf.mlir ==
  no_match       body#0  ?
  no_match       body#1  ?
  total: 0 matched / 2 bodies
",0,[],0,0,0,0,/home/arjaiswal/Polygeist/issues/aten_c_kernels/results/aten_upsample_lanczos2d_aa_cpu/debuf.mlir,9292,8,2,0,433.4968812763691,2,66168,0.0,0,0,0,0,[],0,0,0,0.0,0
aten,aten_upsample_lanczos2d_aa_cpu,/home/arjaiswal/Polygeist/issues/aten_c_kernels/results/aten_upsample_lanczos2d_aa_cpu/debuf.mlir,102142c31aef7313bc9b3d2ce191f0b7f347705d27a44ad0fcc2be95bc5a7720,syntactic,1,ok,0,955.916378647089,0,"[""/usr/bin/python3"", ""/home/arjaiswal/Polygeist/scripts/correctness/kernel_match_rewrite.py"", ""/home/arjaiswal/Polygeist/issues/aten_c_kernels/results/aten_upsample_lanczos2d_aa_cpu/debuf.mlir"", ""--dry-run"", ""--matcher-mode"", ""syntactic"", ""--telemetry-json"", ""/home/arjaiswal/Polygeist/issues/equality_saturation_eval/campaign_20260908/aten-aten_upsample_lanczos2d_aa_cpu-syntactic-p8zgcjyh.json"", ""--disable-semantic-fallback""]","== match report for /home/arjaiswal/Polygeist/issues/aten_c_kernels/results/aten_upsample_lanczos2d_aa_cpu/debuf.mlir ==
  no_match       body#0  ?
  no_match       body#1  ?
  total: 0 matched / 2 bodies
",0,[],0,0,0,0,/home/arjaiswal/Polygeist/issues/aten_c_kernels/results/aten_upsample_lanczos2d_aa_cpu/debuf.mlir,9292,0,2,0,432.3789030313492,2,65940,0.0,0,0,0,0,[],0,0,0,0.0,0
aten,aten_upsample_lanczos2d_aa_cpu,/home/arjaiswal/Polygeist/issues/aten_c_kernels/results/aten_upsample_lanczos2d_aa_cpu/debuf.mlir,102142c31aef7313bc9b3d2ce191f0b7f347705d27a44ad0fcc2be95bc5a7720,syntactic,2,ok,0,1010.3213861584663,0,"[""/usr/bin/python3"", ""/home/arjaiswal/Polygeist/scripts/correctness/kernel_match_rewrite.py"", ""/home/arjaiswal/Polygeist/issues/aten_c_kernels/results/aten_upsample_lanczos2d_aa_cpu/debuf.mlir"", ""--dry-run"", ""--matcher-mode"", ""syntactic"", ""--telemetry-json"", ""/home/arjaiswal/Polygeist/issues/equality_saturation_eval/campaign_20260908/aten-aten_upsample_lanczos2d_aa_cpu-syntactic-5u4ainjw.json"", ""--disable-semantic-fallback""]","== match report for /home/arjaiswal/Polygeist/issues/aten_c_kernels/results/aten_upsample_lanczos2d_aa_cpu/debuf.mlir ==
  no_match       body#0  ?
  no_match       body#1  ?
  total: 0 matched / 2 bodies
",0,[],0,0,0,0,/home/arjaiswal/Polygeist/issues/aten_c_kernels/results/aten_upsample_lanczos2d_aa_cpu/debuf.mlir,9292,0,2,0,370.15463039278984,2,65840,0.0,0,0,0,0,[],0,0,0,0.0,0
aten,aten_upsample_lanczos2d_aa_cpu,/home/arjaiswal/Polygeist/issues/aten_c_kernels/results/aten_upsample_lanczos2d_aa_cpu/debuf.mlir,102142c31aef7313bc9b3d2ce191f0b7f347705d27a44ad0fcc2be95bc5a7720,egglog,2,ok,0,1043.2784631848335,0,"[""/usr/bin/python3"", ""/home/arjaiswal/Polygeist/scripts/correctness/kernel_match_rewrite.py"", ""/home/arjaiswal/Polygeist/issues/aten_c_kernels/results/aten_upsample_lanczos2d_aa_cpu/debuf.mlir"", ""--dry-run"", ""--matcher-mode"", ""egglog"", ""--telemetry-json"", ""/home/arjaiswal/Polygeist/issues/equality_saturation_eval/campaign_20260908/aten-aten_upsample_lanczos2d_aa_cpu-egglog-y2v7t0t0.json"", ""--disable-semantic-fallback""]","== match report for /home/arjaiswal/Polygeist/issues/aten_c_kernels/results/aten_upsample_lanczos2d_aa_cpu/debuf.mlir ==
  no_match       body#0  ?
  no_match       body#1  ?
  total: 0 matched / 2 bodies
",0,[],0,0,0,0,/home/arjaiswal/Polygeist/issues/aten_c_kernels/results/aten_upsample_lanczos2d_aa_cpu/debuf.mlir,9292,8,2,0,519.4916166365147,2,64768,0.0,0,0,0,0,[],0,0,0,0.0,0
aten,aten_upsample_lanczos2d_aa_cpu,/home/arjaiswal/Polygeist/issues/aten_c_kernels/results/aten_upsample_lanczos2d_aa_cpu/debuf.mlir,102142c31aef7313bc9b3d2ce191f0b7f347705d27a44ad0fcc2be95bc5a7720,egglog,3,ok,0,1100.008051842451,0,"[""/usr/bin/python3"", ""/home/arjaiswal/Polygeist/scripts/correctness/kernel_match_rewrite.py"", ""/home/arjaiswal/Polygeist/issues/aten_c_kernels/results/aten_upsample_lanczos2d_aa_cpu/debuf.mlir"", ""--dry-run"", ""--matcher-mode"", ""egglog"", ""--telemetry-json"", ""/home/arjaiswal/Polygeist/issues/equality_saturation_eval/campaign_20260908/aten-aten_upsample_lanczos2d_aa_cpu-egglog-0ad4mo6e.json"", ""--disable-semantic-fallback""]","== match report for /home/arjaiswal/Polygeist/issues/aten_c_kernels/results/aten_upsample_lanczos2d_aa_cpu/debuf.mlir ==
  no_match       body#0  ?
  no_match       body#1  ?
  total: 0 matched / 2 bodies
",0,[],0,0,0,0,/home/arjaiswal/Polygeist/issues/aten_c_kernels/results/aten_upsample_lanczos2d_aa_cpu/debuf.mlir,9292,8,2,0,336.7992974817753,2,65108,0.0,0,0,0,0,[],0,0,0,0.0,0
aten,aten_upsample_lanczos2d_aa_cpu,/home/arjaiswal/Polygeist/issues/aten_c_kernels/results/aten_upsample_lanczos2d_aa_cpu/debuf.mlir,102142c31aef7313bc9b3d2ce191f0b7f347705d27a44ad0fcc2be95bc5a7720,syntactic,3,ok,0,1025.5042500793934,0,"[""/usr/bin/python3"", ""/home/arjaiswal/Polygeist/scripts/correctness/kernel_match_rewrite.py"", ""/home/arjaiswal/Polygeist/issues/aten_c_kernels/results/aten_upsample_lanczos2d_aa_cpu/debuf.mlir"", ""--dry-run"", ""--matcher-mode"", ""syntactic"", ""--telemetry-json"", ""/home/arjaiswal/Polygeist/issues/equality_saturation_eval/campaign_20260908/aten-aten_upsample_lanczos2d_aa_cpu-syntactic-jsv1i92g.json"", ""--disable-semantic-fallback""]","== match report for /home/arjaiswal/Polygeist/issues/aten_c_kernels/results/aten_upsample_lanczos2d_aa_cpu/debuf.mlir ==
  no_match       body#0  ?
  no_match       body#1  ?
  total: 0 matched / 2 bodies
",0,[],0,0,0,0,/home/arjaiswal/Polygeist/issues/aten_c_kernels/results/aten_upsample_lanczos2d_aa_cpu/debuf.mlir,9292,0,2,0,394.6807570755482,2,65872,0.0,0,0,0,0,[],0,0,0,0.0,0
aten,aten_upsample_lanczos2d_aa_cpu,/home/arjaiswal/Polygeist/issues/aten_c_kernels/results/aten_upsample_lanczos2d_aa_cpu/debuf.mlir,102142c31aef7313bc9b3d2ce191f0b7f347705d27a44ad0fcc2be95bc5a7720,syntactic,4,ok,0,1083.2766592502594,0,"[""/usr/bin/python3"", ""/home/arjaiswal/Polygeist/scripts/correctness/kernel_match_rewrite.py"", ""/home/arjaiswal/Polygeist/issues/aten_c_kernels/results/aten_upsample_lanczos2d_aa_cpu/debuf.mlir"", ""--dry-run"", ""--matcher-mode"", ""syntactic"", ""--telemetry-json"", ""/home/arjaiswal/Polygeist/issues/equality_saturation_eval/campaign_20260908/aten-aten_upsample_lanczos2d_aa_cpu-syntactic-qw32qdb5.json"", ""--disable-semantic-fallback""]","== match report for /home/arjaiswal/Polygeist/issues/aten_c_kernels/results/aten_upsample_lanczos2d_aa_cpu/debuf.mlir ==
  no_match       body#0  ?
  no_match       body#1  ?
  total: 0 matched / 2 bodies
",0,[],0,0,0,0,/home/arjaiswal/Polygeist/issues/aten_c_kernels/results/aten_upsample_lanczos2d_aa_cpu/debuf.mlir,9292,0,2,0,333.944708108902,2,65008,0.0,0,0,0,0,[],0,0,0,0.0,0
aten,aten_upsample_lanczos2d_aa_cpu,/home/arjaiswal/Polygeist/issues/aten_c_kernels/results/aten_upsample_lanczos2d_aa_cpu/debuf.mlir,102142c31aef7313bc9b3d2ce191f0b7f347705d27a44ad0fcc2be95bc5a7720,egglog,4,ok,0,829.1983865201473,0,"[""/usr/bin/python3"", ""/home/arjaiswal/Polygeist/scripts/correctness/kernel_match_rewrite.py"", ""/home/arjaiswal/Polygeist/issues/aten_c_kernels/results/aten_upsample_lanczos2d_aa_cpu/debuf.mlir"", ""--dry-run"", ""--matcher-mode"", ""egglog"", ""--telemetry-json"", ""/home/arjaiswal/Polygeist/issues/equality_saturation_eval/campaign_20260908/aten-aten_upsample_lanczos2d_aa_cpu-egglog-25dllke_.json"", ""--disable-semantic-fallback""]","== match report for /home/arjaiswal/Polygeist/issues/aten_c_kernels/results/aten_upsample_lanczos2d_aa_cpu/debuf.mlir ==
  no_match       body#0  ?
  no_match       body#1  ?
  total: 0 matched / 2 bodies
",0,[],0,0,0,0,/home/arjaiswal/Polygeist/issues/aten_c_kernels/results/aten_upsample_lanczos2d_aa_cpu/debuf.mlir,9292,8,2,0,349.40941631793976,2,65936,0.0,0,0,0,0,[],0,0,0,0.0,0
aten,aten_upsample_lanczos2d_aa_cpu,/home/arjaiswal/Polygeist/issues/aten_c_kernels/results/aten_upsample_lanczos2d_aa_cpu/debuf.mlir,102142c31aef7313bc9b3d2ce191f0b7f347705d27a44ad0fcc2be95bc5a7720,egglog,5,ok,0,1020.0587175786495,0,"[""/usr/bin/python3"", ""/home/arjaiswal/Polygeist/scripts/correctness/kernel_match_rewrite.py"", ""/home/arjaiswal/Polygeist/issues/aten_c_kernels/results/aten_upsample_lanczos2d_aa_cpu/debuf.mlir"", ""--dry-run"", ""--matcher-mode"", ""egglog"", ""--telemetry-json"", ""/home/arjaiswal/Polygeist/issues/equality_saturation_eval/campaign_20260908/aten-aten_upsample_lanczos2d_aa_cpu-egglog-i4mtyioc.json"", ""--disable-semantic-fallback""]","== match report for /home/arjaiswal/Polygeist/issues/aten_c_kernels/results/aten_upsample_lanczos2d_aa_cpu/debuf.mlir ==
  no_match       body#0  ?
  no_match       body#1  ?
  total: 0 matched / 2 bodies
",0,[],0,0,0,0,/home/arjaiswal/Polygeist/issues/aten_c_kernels/results/aten_upsample_lanczos2d_aa_cpu/debuf.mlir,9292,8,2,0,327.15558633208275,2,65984,0.0,0,0,0,0,[],0,0,0,0.0,0
aten,aten_upsample_lanczos2d_aa_cpu,/home/arjaiswal/Polygeist/issues/aten_c_kernels/results/aten_upsample_lanczos2d_aa_cpu/debuf.mlir,102142c31aef7313bc9b3d2ce191f0b7f347705d27a44ad0fcc2be95bc5a7720,syntactic,5,ok,0,871.9191551208496,0,"[""/usr/bin/python3"", ""/home/arjaiswal/Polygeist/scripts/correctness/kernel_match_rewrite.py"", ""/home/arjaiswal/Polygeist/issues/aten_c_kernels/results/aten_upsample_lanczos2d_aa_cpu/debuf.mlir"", ""--dry-run"", ""--matcher-mode"", ""syntactic"", ""--telemetry-json"", ""/home/arjaiswal/Polygeist/issues/equality_saturation_eval/campaign_20260908/aten-aten_upsample_lanczos2d_aa_cpu-syntactic-4e6bgj92.json"", ""--disable-semantic-fallback""]","== match report for /home/arjaiswal/Polygeist/issues/aten_c_kernels/results/aten_upsample_lanczos2d_aa_cpu/debuf.mlir ==
  no_match       body#0  ?
  no_match       body#1  ?
  total: 0 matched / 2 bodies
",0,[],0,0,0,0,/home/arjaiswal/Polygeist/issues/aten_c_kernels/results/aten_upsample_lanczos2d_aa_cpu/debuf.mlir,9292,0,2,0,362.0348162949085,2,65256,0.0,0,0,0,0,[],0,0,0,0.0,0
aten,aten_upsample_linear1d_backward_cpu,/home/arjaiswal/Polygeist/issues/aten_c_kernels/results/aten_upsample_linear1d_backward_cpu/debuf.mlir,9bf3c09bd08f876ef829c7870c9f4cf93f7310f8193782c771144e3e2e3bbf45,syntactic,1,ok,0,1198.2516050338745,0,"[""/usr/bin/python3"", ""/home/arjaiswal/Polygeist/scripts/correctness/kernel_match_rewrite.py"", ""/home/arjaiswal/Polygeist/issues/aten_c_kernels/results/aten_upsample_linear1d_backward_cpu/debuf.mlir"", ""--dry-run"", ""--matcher-mode"", ""syntactic"", ""--telemetry-json"", ""/home/arjaiswal/Polygeist/issues/equality_saturation_eval/campaign_20260908/aten-aten_upsample_linear1d_backward_cpu-syntactic-2wqq1gho.json"", ""--disable-semantic-fallback""]","== match report for /home/arjaiswal/Polygeist/issues/aten_c_kernels/results/aten_upsample_linear1d_backward_cpu/debuf.mlir ==
  match          body#[0]  memset_zero_1D_f32
  total: 1 matched / 1 bodies
",0,[],0,0,0,0,/home/arjaiswal/Polygeist/issues/aten_c_kernels/results/aten_upsample_linear1d_backward_cpu/debuf.mlir,3960,0,1,1,491.76307767629623,0,64492,0.018619000911712646,0,2,0,0,"[{""body_indices"": [0], ""symbol"": ""memset_zero_1D_f32""}]",1,0,4,0.0,4
aten,aten_upsample_linear1d_backward_cpu,/home/arjaiswal/Polygeist/issues/aten_c_kernels/results/aten_upsample_linear1d_backward_cpu/debuf.mlir,9bf3c09bd08f876ef829c7870c9f4cf93f7310f8193782c771144e3e2e3bbf45,egglog,1,ok,0,1192.6974393427372,0,"[""/usr/bin/python3"", ""/home/arjaiswal/Polygeist/scripts/correctness/kernel_match_rewrite.py"", ""/home/arjaiswal/Polygeist/issues/aten_c_kernels/results/aten_upsample_linear1d_backward_cpu/debuf.mlir"", ""--dry-run"", ""--matcher-mode"", ""egglog"", ""--telemetry-json"", ""/home/arjaiswal/Polygeist/issues/equality_saturation_eval/campaign_20260908/aten-aten_upsample_linear1d_backward_cpu-egglog-kyl2q1cw.json"", ""--disable-semantic-fallback""]","== match report for /home/arjaiswal/Polygeist/issues/aten_c_kernels/results/aten_upsample_linear1d_backward_cpu/debuf.mlir ==
  match          body#[0]  memset_zero_1D_f32
  total: 1 matched / 1 bodies
",0,[],0,0,0,0,/home/arjaiswal/Polygeist/issues/aten_c_kernels/results/aten_upsample_linear1d_backward_cpu/debuf.mlir,3960,8,1,1,339.2280675470829,0,69368,22.73818477988243,2,2,0,0,"[{""body_indices"": [0], ""symbol"": ""memset_zero_1D_f32""}]",1,0,0,0.0,4
aten,aten_upsample_linear1d_backward_cpu,/home/arjaiswal/Polygeist/issues/aten_c_kernels/results/aten_upsample_linear1d_backward_cpu/debuf.mlir,9bf3c09bd08f876ef829c7870c9f4cf93f7310f8193782c771144e3e2e3bbf45,egglog,2,ok,0,1622.6792186498642,0,"[""/usr/bin/python3"", ""/home/arjaiswal/Polygeist/scripts/correctness/kernel_match_rewrite.py"", ""/home/arjaiswal/Polygeist/issues/aten_c_kernels/results/aten_upsample_linear1d_backward_cpu/debuf.mlir"", ""--dry-run"", ""--matcher-mode"", ""egglog"", ""--telemetry-json"", ""/home/arjaiswal/Polygeist/issues/equality_saturation_eval/campaign_20260908/aten-aten_upsample_linear1d_backward_cpu-egglog-entpuoj6.json"", ""--disable-semantic-fallback""]","== match report for /home/arjaiswal/Polygeist/issues/aten_c_kernels/results/aten_upsample_linear1d_backward_cpu/debuf.mlir ==
  match          body#[0]  memset_zero_1D_f32
  total: 1 matched / 1 bodies
",0,[],0,0,0,0,/home/arjaiswal/Polygeist/issues/aten_c_kernels/results/aten_upsample_linear1d_backward_cpu/debuf.mlir,3960,8,1,1,760.2643556892872,0,69444,64.3371194601059,2,2,0,0,"[{""body_indices"": [0], ""symbol"": ""memset_zero_1D_f32""}]",1,0,0,0.0,4
aten,aten_upsample_linear1d_backward_cpu,/home/arjaiswal/Polygeist/issues/aten_c_kernels/results/aten_upsample_linear1d_backward_cpu/debuf.mlir,9bf3c09bd08f876ef829c7870c9f4cf93f7310f8193782c771144e3e2e3bbf45,syntactic,2,ok,0,1057.9585917294025,0,"[""/usr/bin/python3"", ""/home/arjaiswal/Polygeist/scripts/correctness/kernel_match_rewrite.py"", ""/home/arjaiswal/Polygeist/issues/aten_c_kernels/results/aten_upsample_linear1d_backward_cpu/debuf.mlir"", ""--dry-run"", ""--matcher-mode"", ""syntactic"", ""--telemetry-json"", ""/home/arjaiswal/Polygeist/issues/equality_saturation_eval/campaign_20260908/aten-aten_upsample_linear1d_backward_cpu-syntactic-5j88b13j.json"", ""--disable-semantic-fallback""]","== match report for /home/arjaiswal/Polygeist/issues/aten_c_kernels/results/aten_upsample_linear1d_backward_cpu/debuf.mlir ==
  match          body#[0]  memset_zero_1D_f32
  total: 1 matched / 1 bodies
",0,[],0,0,0,0,/home/arjaiswal/Polygeist/issues/aten_c_kernels/results/aten_upsample_linear1d_backward_cpu/debuf.mlir,3960,0,1,1,310.5710595846176,0,64608,0.017229467630386353,0,2,0,0,"[{""body_indices"": [0], ""symbol"": ""memset_zero_1D_f32""}]",1,0,4,0.0,4
aten,aten_upsample_linear1d_backward_cpu,/home/arjaiswal/Polygeist/issues/aten_c_kernels/results/aten_upsample_linear1d_backward_cpu/debuf.mlir,9bf3c09bd08f876ef829c7870c9f4cf93f7310f8193782c771144e3e2e3bbf45,syntactic,3,ok,0,995.516262948513,0,"[""/usr/bin/python3"", ""/home/arjaiswal/Polygeist/scripts/correctness/kernel_match_rewrite.py"", ""/home/arjaiswal/Polygeist/issues/aten_c_kernels/results/aten_upsample_linear1d_backward_cpu/debuf.mlir"", ""--dry-run"", ""--matcher-mode"", ""syntactic"", ""--telemetry-json"", ""/home/arjaiswal/Polygeist/issues/equality_saturation_eval/campaign_20260908/aten-aten_upsample_linear1d_backward_cpu-syntactic-muvk6olh.json"", ""--disable-semantic-fallback""]","== match report for /home/arjaiswal/Polygeist/issues/aten_c_kernels/results/aten_upsample_linear1d_backward_cpu/debuf.mlir ==
  match          body#[0]  memset_zero_1D_f32
  total: 1 matched / 1 bodies
",0,[],0,0,0,0,/home/arjaiswal/Polygeist/issues/aten_c_kernels/results/aten_upsample_linear1d_backward_cpu/debuf.mlir,3960,0,1,1,324.78152215480804,0,64564,0.018563121557235718,0,2,0,0,"[{""body_indices"": [0], ""symbol"": ""memset_zero_1D_f32""}]",1,0,4,0.0,4
aten,aten_upsample_linear1d_backward_cpu,/home/arjaiswal/Polygeist/issues/aten_c_kernels/results/aten_upsample_linear1d_backward_cpu/debuf.mlir,9bf3c09bd08f876ef829c7870c9f4cf93f7310f8193782c771144e3e2e3bbf45,egglog,3,ok,0,931.8882599473,0,"[""/usr/bin/python3"", ""/home/arjaiswal/Polygeist/scripts/correctness/kernel_match_rewrite.py"", ""/home/arjaiswal/Polygeist/issues/aten_c_kernels/results/aten_upsample_linear1d_backward_cpu/debuf.mlir"", ""--dry-run"", ""--matcher-mode"", ""egglog"", ""--telemetry-json"", ""/home/arjaiswal/Polygeist/issues/equality_saturation_eval/campaign_20260908/aten-aten_upsample_linear1d_backward_cpu-egglog-_xyqi5_3.json"", ""--disable-semantic-fallback""]","== match report for /home/arjaiswal/Polygeist/issues/aten_c_kernels/results/aten_upsample_linear1d_backward_cpu/debuf.mlir ==
  match          body#[0]  memset_zero_1D_f32
  total: 1 matched / 1 bodies
",0,[],0,0,0,0,/home/arjaiswal/Polygeist/issues/aten_c_kernels/results/aten_upsample_linear1d_backward_cpu/debuf.mlir,3960,8,1,1,358.9985780417919,0,69524,21.172422915697098,2,2,0,0,"[{""body_indices"": [0], ""symbol"": ""memset_zero_1D_f32""}]",1,0,0,0.0,4
aten,aten_upsample_linear1d_backward_cpu,/home/arjaiswal/Polygeist/issues/aten_c_kernels/results/aten_upsample_linear1d_backward_cpu/debuf.mlir,9bf3c09bd08f876ef829c7870c9f4cf93f7310f8193782c771144e3e2e3bbf45,egglog,4,ok,0,879.6689137816429,0,"[""/usr/bin/python3"", ""/home/arjaiswal/Polygeist/scripts/correctness/kernel_match_rewrite.py"", ""/home/arjaiswal/Polygeist/issues/aten_c_kernels/results/aten_upsample_linear1d_backward_cpu/debuf.mlir"", ""--dry-run"", ""--matcher-mode"", ""egglog"", ""--telemetry-json"", ""/home/arjaiswal/Polygeist/issues/equality_saturation_eval/campaign_20260908/aten-aten_upsample_linear1d_backward_cpu-egglog-1nlkw83p.json"", ""--disable-semantic-fallback""]","== match report for /home/arjaiswal/Polygeist/issues/aten_c_kernels/results/aten_upsample_linear1d_backward_cpu/debuf.mlir ==
  match          body#[0]  memset_zero_1D_f32
  total: 1 matched / 1 bodies
",0,[],0,0,0,0,/home/arjaiswal/Polygeist/issues/aten_c_kernels/results/aten_upsample_linear1d_backward_cpu/debuf.mlir,3960,8,1,1,394.41176876425743,0,69412,26.492781937122345,2,2,0,0,"[{""body_indices"": [0], ""symbol"": ""memset_zero_1D_f32""}]",1,0,0,0.0,4
aten,aten_upsample_linear1d_backward_cpu,/home/arjaiswal/Polygeist/issues/aten_c_kernels/results/aten_upsample_linear1d_backward_cpu/debuf.mlir,9bf3c09bd08f876ef829c7870c9f4cf93f7310f8193782c771144e3e2e3bbf45,syntactic,4,ok,0,716.1287292838097,0,"[""/usr/bin/python3"", ""/home/arjaiswal/Polygeist/scripts/correctness/kernel_match_rewrite.py"", ""/home/arjaiswal/Polygeist/issues/aten_c_kernels/results/aten_upsample_linear1d_backward_cpu/debuf.mlir"", ""--dry-run"", ""--matcher-mode"", ""syntactic"", ""--telemetry-json"", ""/home/arjaiswal/Polygeist/issues/equality_saturation_eval/campaign_20260908/aten-aten_upsample_linear1d_backward_cpu-syntactic-fcnui4xk.json"", ""--disable-semantic-fallback""]","== match report for /home/arjaiswal/Polygeist/issues/aten_c_kernels/results/aten_upsample_linear1d_backward_cpu/debuf.mlir ==
  match          body#[0]  memset_zero_1D_f32
  total: 1 matched / 1 bodies
",0,[],0,0,0,0,/home/arjaiswal/Polygeist/issues/aten_c_kernels/results/aten_upsample_linear1d_backward_cpu/debuf.mlir,3960,0,1,1,287.4780483543873,0,64968,0.015575438737869263,0,2,0,0,"[{""body_indices"": [0], ""symbol"": ""memset_zero_1D_f32""}]",1,0,4,0.0,4
aten,aten_upsample_linear1d_backward_cpu,/home/arjaiswal/Polygeist/issues/aten_c_kernels/results/aten_upsample_linear1d_backward_cpu/debuf.mlir,9bf3c09bd08f876ef829c7870c9f4cf93f7310f8193782c771144e3e2e3bbf45,syntactic,5,ok,0,986.2764403223991,0,"[""/usr/bin/python3"", ""/home/arjaiswal/Polygeist/scripts/correctness/kernel_match_rewrite.py"", ""/home/arjaiswal/Polygeist/issues/aten_c_kernels/results/aten_upsample_linear1d_backward_cpu/debuf.mlir"", ""--dry-run"", ""--matcher-mode"", ""syntactic"", ""--telemetry-json"", ""/home/arjaiswal/Polygeist/issues/equality_saturation_eval/campaign_20260908/aten-aten_upsample_linear1d_backward_cpu-syntactic-8pfrytrl.json"", ""--disable-semantic-fallback""]","== match report for /home/arjaiswal/Polygeist/issues/aten_c_kernels/results/aten_upsample_linear1d_backward_cpu/debuf.mlir ==
  match          body#[0]  memset_zero_1D_f32
  total: 1 matched / 1 bodies
",0,[],0,0,0,0,/home/arjaiswal/Polygeist/issues/aten_c_kernels/results/aten_upsample_linear1d_backward_cpu/debuf.mlir,3960,0,1,1,499.4448684155941,0,64648,0.027902424335479736,0,2,0,0,"[{""body_indices"": [0], ""symbol"": ""memset_zero_1D_f32""}]",1,0,4,0.0,4
aten,aten_upsample_linear1d_backward_cpu,/home/arjaiswal/Polygeist/issues/aten_c_kernels/results/aten_upsample_linear1d_backward_cpu/debuf.mlir,9bf3c09bd08f876ef829c7870c9f4cf93f7310f8193782c771144e3e2e3bbf45,egglog,5,ok,0,1703.8517631590366,0,"[""/usr/bin/python3"", ""/home/arjaiswal/Polygeist/scripts/correctness/kernel_match_rewrite.py"", ""/home/arjaiswal/Polygeist/issues/aten_c_kernels/results/aten_upsample_linear1d_backward_cpu/debuf.mlir"", ""--dry-run"", ""--matcher-mode"", ""egglog"", ""--telemetry-json"", ""/home/arjaiswal/Polygeist/issues/equality_saturation_eval/campaign_20260908/aten-aten_upsample_linear1d_backward_cpu-egglog-zti7ueul.json"", ""--disable-semantic-fallback""]","== match report for /home/arjaiswal/Polygeist/issues/aten_c_kernels/results/aten_upsample_linear1d_backward_cpu/debuf.mlir ==
  match          body#[0]  memset_zero_1D_f32
  total: 1 matched / 1 bodies
",0,[],0,0,0,0,/home/arjaiswal/Polygeist/issues/aten_c_kernels/results/aten_upsample_linear1d_backward_cpu/debuf.mlir,3960,8,1,1,944.9205994606018,0,69392,21.561995148658752,2,2,0,0,"[{""body_indices"": [0], ""symbol"": ""memset_zero_1D_f32""}]",1,0,0,0.0,4
aten,aten_upsample_linear1d_cpu,/home/arjaiswal/Polygeist/issues/aten_c_kernels/results/aten_upsample_linear1d_cpu/debuf.mlir,df80b157c79ef8748790a478211c6e361ae9cfdda8433627122fd62e26ddbee0,egglog,1,ok,0,1586.579654365778,0,"[""/usr/bin/python3"", ""/home/arjaiswal/Polygeist/scripts/correctness/kernel_match_rewrite.py"", ""/home/arjaiswal/Polygeist/issues/aten_c_kernels/results/aten_upsample_linear1d_cpu/debuf.mlir"", ""--dry-run"", ""--matcher-mode"", ""egglog"", ""--telemetry-json"", ""/home/arjaiswal/Polygeist/issues/equality_saturation_eval/campaign_20260908/aten-aten_upsample_linear1d_cpu-egglog-luoxawdq.json"", ""--disable-semantic-fallback""]","== match report for /home/arjaiswal/Polygeist/issues/aten_c_kernels/results/aten_upsample_linear1d_cpu/debuf.mlir ==
  no_match       body#0  ?
  total: 0 matched / 1 bodies
",0,[],0,0,0,0,/home/arjaiswal/Polygeist/issues/aten_c_kernels/results/aten_upsample_linear1d_cpu/debuf.mlir,3514,8,1,0,731.6463626921177,1,66476,0.0,0,0,0,0,[],0,0,0,0.0,4
aten,aten_upsample_linear1d_cpu,/home/arjaiswal/Polygeist/issues/aten_c_kernels/results/aten_upsample_linear1d_cpu/debuf.mlir,df80b157c79ef8748790a478211c6e361ae9cfdda8433627122fd62e26ddbee0,syntactic,1,ok,0,1276.871744543314,0,"[""/usr/bin/python3"", ""/home/arjaiswal/Polygeist/scripts/correctness/kernel_match_rewrite.py"", ""/home/arjaiswal/Polygeist/issues/aten_c_kernels/results/aten_upsample_linear1d_cpu/debuf.mlir"", ""--dry-run"", ""--matcher-mode"", ""syntactic"", ""--telemetry-json"", ""/home/arjaiswal/Polygeist/issues/equality_saturation_eval/campaign_20260908/aten-aten_upsample_linear1d_cpu-syntactic-duav3yc7.json"", ""--disable-semantic-fallback""]","== match report for /home/arjaiswal/Polygeist/issues/aten_c_kernels/results/aten_upsample_linear1d_cpu/debuf.mlir ==
  no_match       body#0  ?
  total: 0 matched / 1 bodies
",0,[],0,0,0,0,/home/arjaiswal/Polygeist/issues/aten_c_kernels/results/aten_upsample_linear1d_cpu/debuf.mlir,3514,0,1,0,436.7199242115021,1,66260,0.020947307348251343,0,0,0,0,[],0,0,4,0.0,4
aten,aten_upsample_linear1d_cpu,/home/arjaiswal/Polygeist/issues/aten_c_kernels/results/aten_upsample_linear1d_cpu/debuf.mlir,df80b157c79ef8748790a478211c6e361ae9cfdda8433627122fd62e26ddbee0,syntactic,2,ok,0,942.6188319921494,0,"[""/usr/bin/python3"", ""/home/arjaiswal/Polygeist/scripts/correctness/kernel_match_rewrite.py"", ""/home/arjaiswal/Polygeist/issues/aten_c_kernels/results/aten_upsample_linear1d_cpu/debuf.mlir"", ""--dry-run"", ""--matcher-mode"", ""syntactic"", ""--telemetry-json"", ""/home/arjaiswal/Polygeist/issues/equality_saturation_eval/campaign_20260908/aten-aten_upsample_linear1d_cpu-syntactic-r4o9yvc4.json"", ""--disable-semantic-fallback""]","== match report for /home/arjaiswal/Polygeist/issues/aten_c_kernels/results/aten_upsample_linear1d_cpu/debuf.mlir ==
  no_match       body#0  ?
  total: 0 matched / 1 bodies
",0,[],0,0,0,0,/home/arjaiswal/Polygeist/issues/aten_c_kernels/results/aten_upsample_linear1d_cpu/debuf.mlir,3514,0,1,0,352.9694154858589,1,66144,0.016167759895324707,0,0,0,0,[],0,0,4,0.0,4
aten,aten_upsample_linear1d_cpu,/home/arjaiswal/Polygeist/issues/aten_c_kernels/results/aten_upsample_linear1d_cpu/debuf.mlir,df80b157c79ef8748790a478211c6e361ae9cfdda8433627122fd62e26ddbee0,egglog,2,ok,0,843.7707461416721,0,"[""/usr/bin/python3"", ""/home/arjaiswal/Polygeist/scripts/correctness/kernel_match_rewrite.py"", ""/home/arjaiswal/Polygeist/issues/aten_c_kernels/results/aten_upsample_linear1d_cpu/debuf.mlir"", ""--dry-run"", ""--matcher-mode"", ""egglog"", ""--telemetry-json"", ""/home/arjaiswal/Polygeist/issues/equality_saturation_eval/campaign_20260908/aten-aten_upsample_linear1d_cpu-egglog-iv4ot_9p.json"", ""--disable-semantic-fallback""]","== match report for /home/arjaiswal/Polygeist/issues/aten_c_kernels/results/aten_upsample_linear1d_cpu/debuf.mlir ==
  no_match       body#0  ?
  total: 0 matched / 1 bodies
",0,[],0,0,0,0,/home/arjaiswal/Polygeist/issues/aten_c_kernels/results/aten_upsample_linear1d_cpu/debuf.mlir,3514,8,1,0,352.15630754828453,1,66428,0.0,0,0,0,0,[],0,0,0,0.0,4
aten,aten_upsample_linear1d_cpu,/home/arjaiswal/Polygeist/issues/aten_c_kernels/results/aten_upsample_linear1d_cpu/debuf.mlir,df80b157c79ef8748790a478211c6e361ae9cfdda8433627122fd62e26ddbee0,egglog,3,ok,0,1637.6176588237286,0,"[""/usr/bin/python3"", ""/home/arjaiswal/Polygeist/scripts/correctness/kernel_match_rewrite.py"", ""/home/arjaiswal/Polygeist/issues/aten_c_kernels/results/aten_upsample_linear1d_cpu/debuf.mlir"", ""--dry-run"", ""--matcher-mode"", ""egglog"", ""--telemetry-json"", ""/home/arjaiswal/Polygeist/issues/equality_saturation_eval/campaign_20260908/aten-aten_upsample_linear1d_cpu-egglog-8yf933z1.json"", ""--disable-semantic-fallback""]","== match report for /home/arjaiswal/Polygeist/issues/aten_c_kernels/results/aten_upsample_linear1d_cpu/debuf.mlir ==
  no_match       body#0  ?
  total: 0 matched / 1 bodies
",0,[],0,0,0,0,/home/arjaiswal/Polygeist/issues/aten_c_kernels/results/aten_upsample_linear1d_cpu/debuf.mlir,3514,8,1,0,927.3637682199478,1,66592,0.0,0,0,0,0,[],0,0,0,0.0,4
aten,aten_upsample_linear1d_cpu,/home/arjaiswal/Polygeist/issues/aten_c_kernels/results/aten_upsample_linear1d_cpu/debuf.mlir,df80b157c79ef8748790a478211c6e361ae9cfdda8433627122fd62e26ddbee0,syntactic,3,ok,0,1025.5919508635998,0,"[""/usr/bin/python3"", ""/home/arjaiswal/Polygeist/scripts/correctness/kernel_match_rewrite.py"", ""/home/arjaiswal/Polygeist/issues/aten_c_kernels/results/aten_upsample_linear1d_cpu/debuf.mlir"", ""--dry-run"", ""--matcher-mode"", ""syntactic"", ""--telemetry-json"", ""/home/arjaiswal/Polygeist/issues/equality_saturation_eval/campaign_20260908/aten-aten_upsample_linear1d_cpu-syntactic-ogjbycl3.json"", ""--disable-semantic-fallback""]","== match report for /home/arjaiswal/Polygeist/issues/aten_c_kernels/results/aten_upsample_linear1d_cpu/debuf.mlir ==
  no_match       body#0  ?
  total: 0 matched / 1 bodies
",0,[],0,0,0,0,/home/arjaiswal/Polygeist/issues/aten_c_kernels/results/aten_upsample_linear1d_cpu/debuf.mlir,3514,0,1,0,340.9224897623062,1,66144,0.015888363122940063,0,0,0,0,[],0,0,4,0.0,4
aten,aten_upsample_linear1d_cpu,/home/arjaiswal/Polygeist/issues/aten_c_kernels/results/aten_upsample_linear1d_cpu/debuf.mlir,df80b157c79ef8748790a478211c6e361ae9cfdda8433627122fd62e26ddbee0,syntactic,4,ok,0,965.2644693851471,0,"[""/usr/bin/python3"", ""/home/arjaiswal/Polygeist/scripts/correctness/kernel_match_rewrite.py"", ""/home/arjaiswal/Polygeist/issues/aten_c_kernels/results/aten_upsample_linear1d_cpu/debuf.mlir"", ""--dry-run"", ""--matcher-mode"", ""syntactic"", ""--telemetry-json"", ""/home/arjaiswal/Polygeist/issues/equality_saturation_eval/campaign_20260908/aten-aten_upsample_linear1d_cpu-syntactic-x6n3iv5h.json"", ""--disable-semantic-fallback""]","== match report for /home/arjaiswal/Polygeist/issues/aten_c_kernels/results/aten_upsample_linear1d_cpu/debuf.mlir ==
  no_match       body#0  ?
  total: 0 matched / 1 bodies
",0,[],0,0,0,0,/home/arjaiswal/Polygeist/issues/aten_c_kernels/results/aten_upsample_linear1d_cpu/debuf.mlir,3514,0,1,0,366.5659874677658,1,66148,0.018246471881866455,0,0,0,0,[],0,0,4,0.0,4
aten,aten_upsample_linear1d_cpu,/home/arjaiswal/Polygeist/issues/aten_c_kernels/results/aten_upsample_linear1d_cpu/debuf.mlir,df80b157c79ef8748790a478211c6e361ae9cfdda8433627122fd62e26ddbee0,egglog,4,ok,0,1128.1808465719223,0,"[""/usr/bin/python3"", ""/home/arjaiswal/Polygeist/scripts/correctness/kernel_match_rewrite.py"", ""/home/arjaiswal/Polygeist/issues/aten_c_kernels/results/aten_upsample_linear1d_cpu/debuf.mlir"", ""--dry-run"", ""--matcher-mode"", ""egglog"", ""--telemetry-json"", ""/home/arjaiswal/Polygeist/issues/equality_saturation_eval/campaign_20260908/aten-aten_upsample_linear1d_cpu-egglog-_znlf8sm.json"", ""--disable-semantic-fallback""]","== match report for /home/arjaiswal/Polygeist/issues/aten_c_kernels/results/aten_upsample_linear1d_cpu/debuf.mlir ==
  no_match       body#0  ?
  total: 0 matched / 1 bodies
",0,[],0,0,0,0,/home/arjaiswal/Polygeist/issues/aten_c_kernels/results/aten_upsample_linear1d_cpu/debuf.mlir,3514,8,1,0,415.6503938138485,1,66608,0.0,0,0,0,0,[],0,0,0,0.0,4
aten,aten_upsample_linear1d_cpu,/home/arjaiswal/Polygeist/issues/aten_c_kernels/results/aten_upsample_linear1d_cpu/debuf.mlir,df80b157c79ef8748790a478211c6e361ae9cfdda8433627122fd62e26ddbee0,egglog,5,ok,0,975.2648398280144,0,"[""/usr/bin/python3"", ""/home/arjaiswal/Polygeist/scripts/correctness/kernel_match_rewrite.py"", ""/home/arjaiswal/Polygeist/issues/aten_c_kernels/results/aten_upsample_linear1d_cpu/debuf.mlir"", ""--dry-run"", ""--matcher-mode"", ""egglog"", ""--telemetry-json"", ""/home/arjaiswal/Polygeist/issues/equality_saturation_eval/campaign_20260908/aten-aten_upsample_linear1d_cpu-egglog-06r51y17.json"", ""--disable-semantic-fallback""]","== match report for /home/arjaiswal/Polygeist/issues/aten_c_kernels/results/aten_upsample_linear1d_cpu/debuf.mlir ==
  no_match       body#0  ?
  total: 0 matched / 1 bodies
",0,[],0,0,0,0,/home/arjaiswal/Polygeist/issues/aten_c_kernels/results/aten_upsample_linear1d_cpu/debuf.mlir,3514,8,1,0,415.48772901296616,1,66400,0.0,0,0,0,0,[],0,0,0,0.0,4
aten,aten_upsample_linear1d_cpu,/home/arjaiswal/Polygeist/issues/aten_c_kernels/results/aten_upsample_linear1d_cpu/debuf.mlir,df80b157c79ef8748790a478211c6e361ae9cfdda8433627122fd62e26ddbee0,syntactic,5,ok,0,1084.8677903413773,0,"[""/usr/bin/python3"", ""/home/arjaiswal/Polygeist/scripts/correctness/kernel_match_rewrite.py"", ""/home/arjaiswal/Polygeist/issues/aten_c_kernels/results/aten_upsample_linear1d_cpu/debuf.mlir"", ""--dry-run"", ""--matcher-mode"", ""syntactic"", ""--telemetry-json"", ""/home/arjaiswal/Polygeist/issues/equality_saturation_eval/campaign_20260908/aten-aten_upsample_linear1d_cpu-syntactic-vbpki4w3.json"", ""--disable-semantic-fallback""]","== match report for /home/arjaiswal/Polygeist/issues/aten_c_kernels/results/aten_upsample_linear1d_cpu/debuf.mlir ==
  no_match       body#0  ?
  total: 0 matched / 1 bodies
",0,[],0,0,0,0,/home/arjaiswal/Polygeist/issues/aten_c_kernels/results/aten_upsample_linear1d_cpu/debuf.mlir,3514,0,1,0,402.35958248376846,1,66140,0.02010166645050049,0,0,0,0,[],0,0,4,0.0,4
aten,aten_upsample_nearest1d_backward_cpu,/home/arjaiswal/Polygeist/issues/aten_c_kernels/results/aten_upsample_nearest1d_backward_cpu/debuf.mlir,060fd2df7698595cfd637dbfc488162cb363d9451f429be1e9f8ef866a6205e1,syntactic,1,ok,0,895.3716419637203,0,"[""/usr/bin/python3"", ""/home/arjaiswal/Polygeist/scripts/correctness/kernel_match_rewrite.py"", ""/home/arjaiswal/Polygeist/issues/aten_c_kernels/results/aten_upsample_nearest1d_backward_cpu/debuf.mlir"", ""--dry-run"", ""--matcher-mode"", ""syntactic"", ""--telemetry-json"", ""/home/arjaiswal/Polygeist/issues/equality_saturation_eval/campaign_20260908/aten-aten_upsample_nearest1d_backward_cpu-syntactic-art_kqcv.json"", ""--disable-semantic-fallback""]","== match report for /home/arjaiswal/Polygeist/issues/aten_c_kernels/results/aten_upsample_nearest1d_backward_cpu/debuf.mlir ==
  match          body#[0]  memset_zero_1D_f32
  total: 1 matched / 1 bodies
",0,[],0,0,0,0,/home/arjaiswal/Polygeist/issues/aten_c_kernels/results/aten_upsample_nearest1d_backward_cpu/debuf.mlir,2895,0,1,1,357.73729532957077,0,64684,0.018633902072906494,0,2,0,0,"[{""body_indices"": [0], ""symbol"": ""memset_zero_1D_f32""}]",1,0,4,0.0,4
aten,aten_upsample_nearest1d_backward_cpu,/home/arjaiswal/Polygeist/issues/aten_c_kernels/results/aten_upsample_nearest1d_backward_cpu/debuf.mlir,060fd2df7698595cfd637dbfc488162cb363d9451f429be1e9f8ef866a6205e1,egglog,1,ok,0,1065.8896714448929,0,"[""/usr/bin/python3"", ""/home/arjaiswal/Polygeist/scripts/correctness/kernel_match_rewrite.py"", ""/home/arjaiswal/Polygeist/issues/aten_c_kernels/results/aten_upsample_nearest1d_backward_cpu/debuf.mlir"", ""--dry-run"", ""--matcher-mode"", ""egglog"", ""--telemetry-json"", ""/home/arjaiswal/Polygeist/issues/equality_saturation_eval/campaign_20260908/aten-aten_upsample_nearest1d_backward_cpu-egglog-mhmae27k.json"", ""--disable-semantic-fallback""]","== match report for /home/arjaiswal/Polygeist/issues/aten_c_kernels/results/aten_upsample_nearest1d_backward_cpu/debuf.mlir ==
  match          body#[0]  memset_zero_1D_f32
  total: 1 matched / 1 bodies
",0,[],0,0,0,0,/home/arjaiswal/Polygeist/issues/aten_c_kernels/results/aten_upsample_nearest1d_backward_cpu/debuf.mlir,2895,8,1,1,475.7346399128437,0,69568,66.44393876194954,2,2,0,0,"[{""body_indices"": [0], ""symbol"": ""memset_zero_1D_f32""}]",1,0,0,0.0,4
aten,aten_upsample_nearest1d_backward_cpu,/home/arjaiswal/Polygeist/issues/aten_c_kernels/results/aten_upsample_nearest1d_backward_cpu/debuf.mlir,060fd2df7698595cfd637dbfc488162cb363d9451f429be1e9f8ef866a6205e1,egglog,2,ok,0,785.1370722055435,0,"[""/usr/bin/python3"", ""/home/arjaiswal/Polygeist/scripts/correctness/kernel_match_rewrite.py"", ""/home/arjaiswal/Polygeist/issues/aten_c_kernels/results/aten_upsample_nearest1d_backward_cpu/debuf.mlir"", ""--dry-run"", ""--matcher-mode"", ""egglog"", ""--telemetry-json"", ""/home/arjaiswal/Polygeist/issues/equality_saturation_eval/campaign_20260908/aten-aten_upsample_nearest1d_backward_cpu-egglog-ce2xzxr8.json"", ""--disable-semantic-fallback""]","== match report for /home/arjaiswal/Polygeist/issues/aten_c_kernels/results/aten_upsample_nearest1d_backward_cpu/debuf.mlir ==
  match          body#[0]  memset_zero_1D_f32
  total: 1 matched / 1 bodies
",0,[],0,0,0,0,/home/arjaiswal/Polygeist/issues/aten_c_kernels/results/aten_upsample_nearest1d_backward_cpu/debuf.mlir,2895,8,1,1,314.84829261898994,0,69392,22.24840596318245,2,2,0,0,"[{""body_indices"": [0], ""symbol"": ""memset_zero_1D_f32""}]",1,0,0,0.0,4
aten,aten_upsample_nearest1d_backward_cpu,/home/arjaiswal/Polygeist/issues/aten_c_kernels/results/aten_upsample_nearest1d_backward_cpu/debuf.mlir,060fd2df7698595cfd637dbfc488162cb363d9451f429be1e9f8ef866a6205e1,syntactic,2,ok,0,737.0993830263615,0,"[""/usr/bin/python3"", ""/home/arjaiswal/Polygeist/scripts/correctness/kernel_match_rewrite.py"", ""/home/arjaiswal/Polygeist/issues/aten_c_kernels/results/aten_upsample_nearest1d_backward_cpu/debuf.mlir"", ""--dry-run"", ""--matcher-mode"", ""syntactic"", ""--telemetry-json"", ""/home/arjaiswal/Polygeist/issues/equality_saturation_eval/campaign_20260908/aten-aten_upsample_nearest1d_backward_cpu-syntactic-noajiigw.json"", ""--disable-semantic-fallback""]","== match report for /home/arjaiswal/Polygeist/issues/aten_c_kernels/results/aten_upsample_nearest1d_backward_cpu/debuf.mlir ==
  match          body#[0]  memset_zero_1D_f32
  total: 1 matched / 1 bodies
",0,[],0,0,0,0,/home/arjaiswal/Polygeist/issues/aten_c_kernels/results/aten_upsample_nearest1d_backward_cpu/debuf.mlir,2895,0,1,1,278.0531123280525,0,64708,0.020120292901992798,0,2,0,0,"[{""body_indices"": [0], ""symbol"": ""memset_zero_1D_f32""}]",1,0,4,0.0,4
aten,aten_upsample_nearest1d_backward_cpu,/home/arjaiswal/Polygeist/issues/aten_c_kernels/results/aten_upsample_nearest1d_backward_cpu/debuf.mlir,060fd2df7698595cfd637dbfc488162cb363d9451f429be1e9f8ef866a6205e1,syntactic,3,ok,0,1165.2734763920307,0,"[""/usr/bin/python3"", ""/home/arjaiswal/Polygeist/scripts/correctness/kernel_match_rewrite.py"", ""/home/arjaiswal/Polygeist/issues/aten_c_kernels/results/aten_upsample_nearest1d_backward_cpu/debuf.mlir"", ""--dry-run"", ""--matcher-mode"", ""syntactic"", ""--telemetry-json"", ""/home/arjaiswal/Polygeist/issues/equality_saturation_eval/campaign_20260908/aten-aten_upsample_nearest1d_backward_cpu-syntactic-jmvzoz67.json"", ""--disable-semantic-fallback""]","== match report for /home/arjaiswal/Polygeist/issues/aten_c_kernels/results/aten_upsample_nearest1d_backward_cpu/debuf.mlir ==
  match          body#[0]  memset_zero_1D_f32
  total: 1 matched / 1 bodies
",0,[],0,0,0,0,/home/arjaiswal/Polygeist/issues/aten_c_kernels/results/aten_upsample_nearest1d_backward_cpu/debuf.mlir,2895,0,1,1,487.18057200312614,0,64696,0.019788742065429688,0,2,0,0,"[{""body_indices"": [0], ""symbol"": ""memset_zero_1D_f32""}]",1,0,4,0.0,4
aten,aten_upsample_nearest1d_backward_cpu,/home/arjaiswal/Polygeist/issues/aten_c_kernels/results/aten_upsample_nearest1d_backward_cpu/debuf.mlir,060fd2df7698595cfd637dbfc488162cb363d9451f429be1e9f8ef866a6205e1,egglog,3,ok,0,1440.385714173317,0,"[""/usr/bin/python3"", ""/home/arjaiswal/Polygeist/scripts/correctness/kernel_match_rewrite.py"", ""/home/arjaiswal/Polygeist/issues/aten_c_kernels/results/aten_upsample_nearest1d_backward_cpu/debuf.mlir"", ""--dry-run"", ""--matcher-mode"", ""egglog"", ""--telemetry-json"", ""/home/arjaiswal/Polygeist/issues/equality_saturation_eval/campaign_20260908/aten-aten_upsample_nearest1d_backward_cpu-egglog-xrih842a.json"", ""--disable-semantic-fallback""]","== match report for /home/arjaiswal/Polygeist/issues/aten_c_kernels/results/aten_upsample_nearest1d_backward_cpu/debuf.mlir ==
  match          body#[0]  memset_zero_1D_f32
  total: 1 matched / 1 bodies
",0,[],0,0,0,0,/home/arjaiswal/Polygeist/issues/aten_c_kernels/results/aten_upsample_nearest1d_backward_cpu/debuf.mlir,2895,8,1,1,424.745038151741,0,69500,30.161842703819275,2,2,0,0,"[{""body_indices"": [0], ""symbol"": ""memset_zero_1D_f32""}]",1,0,0,0.0,4
aten,aten_upsample_nearest1d_backward_cpu,/home/arjaiswal/Polygeist/issues/aten_c_kernels/results/aten_upsample_nearest1d_backward_cpu/debuf.mlir,060fd2df7698595cfd637dbfc488162cb363d9451f429be1e9f8ef866a6205e1,egglog,4,ok,0,939.9633072316647,0,"[""/usr/bin/python3"", ""/home/arjaiswal/Polygeist/scripts/correctness/kernel_match_rewrite.py"", ""/home/arjaiswal/Polygeist/issues/aten_c_kernels/results/aten_upsample_nearest1d_backward_cpu/debuf.mlir"", ""--dry-run"", ""--matcher-mode"", ""egglog"", ""--telemetry-json"", ""/home/arjaiswal/Polygeist/issues/equality_saturation_eval/campaign_20260908/aten-aten_upsample_nearest1d_backward_cpu-egglog-qnwbovqe.json"", ""--disable-semantic-fallback""]","== match report for /home/arjaiswal/Polygeist/issues/aten_c_kernels/results/aten_upsample_nearest1d_backward_cpu/debuf.mlir ==
  match          body#[0]  memset_zero_1D_f32
  total: 1 matched / 1 bodies
",0,[],0,0,0,0,/home/arjaiswal/Polygeist/issues/aten_c_kernels/results/aten_upsample_nearest1d_backward_cpu/debuf.mlir,2895,8,1,1,328.3388987183571,0,69264,24.072278290987015,2,2,0,0,"[{""body_indices"": [0], ""symbol"": ""memset_zero_1D_f32""}]",1,0,0,0.0,4
aten,aten_upsample_nearest1d_backward_cpu,/home/arjaiswal/Polygeist/issues/aten_c_kernels/results/aten_upsample_nearest1d_backward_cpu/debuf.mlir,060fd2df7698595cfd637dbfc488162cb363d9451f429be1e9f8ef866a6205e1,syntactic,4,ok,0,1114.78978022933,0,"[""/usr/bin/python3"", ""/home/arjaiswal/Polygeist/scripts/correctness/kernel_match_rewrite.py"", ""/home/arjaiswal/Polygeist/issues/aten_c_kernels/results/aten_upsample_nearest1d_backward_cpu/debuf.mlir"", ""--dry-run"", ""--matcher-mode"", ""syntactic"", ""--telemetry-json"", ""/home/arjaiswal/Polygeist/issues/equality_saturation_eval/campaign_20260908/aten-aten_upsample_nearest1d_backward_cpu-syntactic-2wlvt1o0.json"", ""--disable-semantic-fallback""]","== match report for /home/arjaiswal/Polygeist/issues/aten_c_kernels/results/aten_upsample_nearest1d_backward_cpu/debuf.mlir ==
  match          body#[0]  memset_zero_1D_f32
  total: 1 matched / 1 bodies
",0,[],0,0,0,0,/home/arjaiswal/Polygeist/issues/aten_c_kernels/results/aten_upsample_nearest1d_backward_cpu/debuf.mlir,2895,0,1,1,354.6462245285511,0,64680,0.018890947103500366,0,2,0,0,"[{""body_indices"": [0], ""symbol"": ""memset_zero_1D_f32""}]",1,0,4,0.0,4
aten,aten_upsample_nearest1d_backward_cpu,/home/arjaiswal/Polygeist/issues/aten_c_kernels/results/aten_upsample_nearest1d_backward_cpu/debuf.mlir,060fd2df7698595cfd637dbfc488162cb363d9451f429be1e9f8ef866a6205e1,syntactic,5,ok,0,828.7177756428719,0,"[""/usr/bin/python3"", ""/home/arjaiswal/Polygeist/scripts/correctness/kernel_match_rewrite.py"", ""/home/arjaiswal/Polygeist/issues/aten_c_kernels/results/aten_upsample_nearest1d_backward_cpu/debuf.mlir"", ""--dry-run"", ""--matcher-mode"", ""syntactic"", ""--telemetry-json"", ""/home/arjaiswal/Polygeist/issues/equality_saturation_eval/campaign_20260908/aten-aten_upsample_nearest1d_backward_cpu-syntactic-4qn5rafj.json"", ""--disable-semantic-fallback""]","== match report for /home/arjaiswal/Polygeist/issues/aten_c_kernels/results/aten_upsample_nearest1d_backward_cpu/debuf.mlir ==
  match          body#[0]  memset_zero_1D_f32
  total: 1 matched / 1 bodies
",0,[],0,0,0,0,/home/arjaiswal/Polygeist/issues/aten_c_kernels/results/aten_upsample_nearest1d_backward_cpu/debuf.mlir,2895,0,1,1,307.3415234684944,0,64688,0.021122395992279053,0,2,0,0,"[{""body_indices"": [0], ""symbol"": ""memset_zero_1D_f32""}]",1,0,4,0.0,4
aten,aten_upsample_nearest1d_backward_cpu,/home/arjaiswal/Polygeist/issues/aten_c_kernels/results/aten_upsample_nearest1d_backward_cpu/debuf.mlir,060fd2df7698595cfd637dbfc488162cb363d9451f429be1e9f8ef866a6205e1,egglog,5,ok,0,1304.942861199379,0,"[""/usr/bin/python3"", ""/home/arjaiswal/Polygeist/scripts/correctness/kernel_match_rewrite.py"", ""/home/arjaiswal/Polygeist/issues/aten_c_kernels/results/aten_upsample_nearest1d_backward_cpu/debuf.mlir"", ""--dry-run"", ""--matcher-mode"", ""egglog"", ""--telemetry-json"", ""/home/arjaiswal/Polygeist/issues/equality_saturation_eval/campaign_20260908/aten-aten_upsample_nearest1d_backward_cpu-egglog-50hz7uc2.json"", ""--disable-semantic-fallback""]","== match report for /home/arjaiswal/Polygeist/issues/aten_c_kernels/results/aten_upsample_nearest1d_backward_cpu/debuf.mlir ==
  match          body#[0]  memset_zero_1D_f32
  total: 1 matched / 1 bodies
",0,[],0,0,0,0,/home/arjaiswal/Polygeist/issues/aten_c_kernels/results/aten_upsample_nearest1d_backward_cpu/debuf.mlir,2895,8,1,1,698.3317658305168,0,69340,49.44167286157608,2,2,0,0,"[{""body_indices"": [0], ""symbol"": ""memset_zero_1D_f32""}]",1,0,0,0.0,4
aten,aten_upsample_nearest1d_cpu,/home/arjaiswal/Polygeist/issues/aten_c_kernels/results/aten_upsample_nearest1d_cpu/debuf.mlir,a0938fec5f729bc12b812b01fb44af8a142a298a6e0ccabe74519ca9c799b0d0,egglog,1,ok,0,1302.5935404002666,0,"[""/usr/bin/python3"", ""/home/arjaiswal/Polygeist/scripts/correctness/kernel_match_rewrite.py"", ""/home/arjaiswal/Polygeist/issues/aten_c_kernels/results/aten_upsample_nearest1d_cpu/debuf.mlir"", ""--dry-run"", ""--matcher-mode"", ""egglog"", ""--telemetry-json"", ""/home/arjaiswal/Polygeist/issues/equality_saturation_eval/campaign_20260908/aten-aten_upsample_nearest1d_cpu-egglog-ivlwb7ai.json"", ""--disable-semantic-fallback""]","== match report for /home/arjaiswal/Polygeist/issues/aten_c_kernels/results/aten_upsample_nearest1d_cpu/debuf.mlir ==
  no_match       body#0  ?
  total: 0 matched / 1 bodies
",0,[],0,0,0,0,/home/arjaiswal/Polygeist/issues/aten_c_kernels/results/aten_upsample_nearest1d_cpu/debuf.mlir,2657,8,1,0,416.1946475505829,1,64780,0.0,0,0,0,0,[],0,0,0,0.0,4
aten,aten_upsample_nearest1d_cpu,/home/arjaiswal/Polygeist/issues/aten_c_kernels/results/aten_upsample_nearest1d_cpu/debuf.mlir,a0938fec5f729bc12b812b01fb44af8a142a298a6e0ccabe74519ca9c799b0d0,syntactic,1,ok,0,1135.5501115322113,0,"[""/usr/bin/python3"", ""/home/arjaiswal/Polygeist/scripts/correctness/kernel_match_rewrite.py"", ""/home/arjaiswal/Polygeist/issues/aten_c_kernels/results/aten_upsample_nearest1d_cpu/debuf.mlir"", ""--dry-run"", ""--matcher-mode"", ""syntactic"", ""--telemetry-json"", ""/home/arjaiswal/Polygeist/issues/equality_saturation_eval/campaign_20260908/aten-aten_upsample_nearest1d_cpu-syntactic-jxj55wfe.json"", ""--disable-semantic-fallback""]","== match report for /home/arjaiswal/Polygeist/issues/aten_c_kernels/results/aten_upsample_nearest1d_cpu/debuf.mlir ==
  no_match       body#0  ?
  total: 0 matched / 1 bodies
",0,[],0,0,0,0,/home/arjaiswal/Polygeist/issues/aten_c_kernels/results/aten_upsample_nearest1d_cpu/debuf.mlir,2657,0,1,0,334.32551100850105,1,64712,0.01800060272216797,0,0,0,0,[],0,0,4,0.0,4
aten,aten_upsample_nearest1d_cpu,/home/arjaiswal/Polygeist/issues/aten_c_kernels/results/aten_upsample_nearest1d_cpu/debuf.mlir,a0938fec5f729bc12b812b01fb44af8a142a298a6e0ccabe74519ca9c799b0d0,syntactic,2,ok,0,1265.0053948163986,0,"[""/usr/bin/python3"", ""/home/arjaiswal/Polygeist/scripts/correctness/kernel_match_rewrite.py"", ""/home/arjaiswal/Polygeist/issues/aten_c_kernels/results/aten_upsample_nearest1d_cpu/debuf.mlir"", ""--dry-run"", ""--matcher-mode"", ""syntactic"", ""--telemetry-json"", ""/home/arjaiswal/Polygeist/issues/equality_saturation_eval/campaign_20260908/aten-aten_upsample_nearest1d_cpu-syntactic-8thlowyh.json"", ""--disable-semantic-fallback""]","== match report for /home/arjaiswal/Polygeist/issues/aten_c_kernels/results/aten_upsample_nearest1d_cpu/debuf.mlir ==
  no_match       body#0  ?
  total: 0 matched / 1 bodies
",0,[],0,0,0,0,/home/arjaiswal/Polygeist/issues/aten_c_kernels/results/aten_upsample_nearest1d_cpu/debuf.mlir,2657,0,1,0,403.47595140337944,1,64780,0.01796707510948181,0,0,0,0,[],0,0,4,0.0,4
aten,aten_upsample_nearest1d_cpu,/home/arjaiswal/Polygeist/issues/aten_c_kernels/results/aten_upsample_nearest1d_cpu/debuf.mlir,a0938fec5f729bc12b812b01fb44af8a142a298a6e0ccabe74519ca9c799b0d0,egglog,2,ok,0,787.7144031226635,0,"[""/usr/bin/python3"", ""/home/arjaiswal/Polygeist/scripts/correctness/kernel_match_rewrite.py"", ""/home/arjaiswal/Polygeist/issues/aten_c_kernels/results/aten_upsample_nearest1d_cpu/debuf.mlir"", ""--dry-run"", ""--matcher-mode"", ""egglog"", ""--telemetry-json"", ""/home/arjaiswal/Polygeist/issues/equality_saturation_eval/campaign_20260908/aten-aten_upsample_nearest1d_cpu-egglog-vmzy0z_s.json"", ""--disable-semantic-fallback""]","== match report for /home/arjaiswal/Polygeist/issues/aten_c_kernels/results/aten_upsample_nearest1d_cpu/debuf.mlir ==
  no_match       body#0  ?
  total: 0 matched / 1 bodies
",0,[],0,0,0,0,/home/arjaiswal/Polygeist/issues/aten_c_kernels/results/aten_upsample_nearest1d_cpu/debuf.mlir,2657,8,1,0,307.1378953754902,1,64508,0.0,0,0,0,0,[],0,0,0,0.0,4
aten,aten_upsample_nearest1d_cpu,/home/arjaiswal/Polygeist/issues/aten_c_kernels/results/aten_upsample_nearest1d_cpu/debuf.mlir,a0938fec5f729bc12b812b01fb44af8a142a298a6e0ccabe74519ca9c799b0d0,egglog,3,ok,0,855.4705828428268,0,"[""/usr/bin/python3"", ""/home/arjaiswal/Polygeist/scripts/correctness/kernel_match_rewrite.py"", ""/home/arjaiswal/Polygeist/issues/aten_c_kernels/results/aten_upsample_nearest1d_cpu/debuf.mlir"", ""--dry-run"", ""--matcher-mode"", ""egglog"", ""--telemetry-json"", ""/home/arjaiswal/Polygeist/issues/equality_saturation_eval/campaign_20260908/aten-aten_upsample_nearest1d_cpu-egglog-xhdbq2d6.json"", ""--disable-semantic-fallback""]","== match report for /home/arjaiswal/Polygeist/issues/aten_c_kernels/results/aten_upsample_nearest1d_cpu/debuf.mlir ==
  no_match       body#0  ?
  total: 0 matched / 1 bodies
",0,[],0,0,0,0,/home/arjaiswal/Polygeist/issues/aten_c_kernels/results/aten_upsample_nearest1d_cpu/debuf.mlir,2657,8,1,0,362.72937059402466,1,64712,0.0,0,0,0,0,[],0,0,0,0.0,4
aten,aten_upsample_nearest1d_cpu,/home/arjaiswal/Polygeist/issues/aten_c_kernels/results/aten_upsample_nearest1d_cpu/debuf.mlir,a0938fec5f729bc12b812b01fb44af8a142a298a6e0ccabe74519ca9c799b0d0,syntactic,3,ok,0,1757.5655318796635,0,"[""/usr/bin/python3"", ""/home/arjaiswal/Polygeist/scripts/correctness/kernel_match_rewrite.py"", ""/home/arjaiswal/Polygeist/issues/aten_c_kernels/results/aten_upsample_nearest1d_cpu/debuf.mlir"", ""--dry-run"", ""--matcher-mode"", ""syntactic"", ""--telemetry-json"", ""/home/arjaiswal/Polygeist/issues/equality_saturation_eval/campaign_20260908/aten-aten_upsample_nearest1d_cpu-syntactic-nrqj_q82.json"", ""--disable-semantic-fallback""]","== match report for /home/arjaiswal/Polygeist/issues/aten_c_kernels/results/aten_upsample_nearest1d_cpu/debuf.mlir ==
  no_match       body#0  ?
  total: 0 matched / 1 bodies
",0,[],0,0,0,0,/home/arjaiswal/Polygeist/issues/aten_c_kernels/results/aten_upsample_nearest1d_cpu/debuf.mlir,2657,0,1,0,780.1672331988811,1,64608,0.020757317543029785,0,0,0,0,[],0,0,4,0.0,4
aten,aten_upsample_nearest1d_cpu,/home/arjaiswal/Polygeist/issues/aten_c_kernels/results/aten_upsample_nearest1d_cpu/debuf.mlir,a0938fec5f729bc12b812b01fb44af8a142a298a6e0ccabe74519ca9c799b0d0,syntactic,4,ok,0,774.0700095891953,0,"[""/usr/bin/python3"", ""/home/arjaiswal/Polygeist/scripts/correctness/kernel_match_rewrite.py"", ""/home/arjaiswal/Polygeist/issues/aten_c_kernels/results/aten_upsample_nearest1d_cpu/debuf.mlir"", ""--dry-run"", ""--matcher-mode"", ""syntactic"", ""--telemetry-json"", ""/home/arjaiswal/Polygeist/issues/equality_saturation_eval/campaign_20260908/aten-aten_upsample_nearest1d_cpu-syntactic-fzu3kwo9.json"", ""--disable-semantic-fallback""]","== match report for /home/arjaiswal/Polygeist/issues/aten_c_kernels/results/aten_upsample_nearest1d_cpu/debuf.mlir ==
  no_match       body#0  ?
  total: 0 matched / 1 bodies
",0,[],0,0,0,0,/home/arjaiswal/Polygeist/issues/aten_c_kernels/results/aten_upsample_nearest1d_cpu/debuf.mlir,2657,0,1,0,297.28205129504204,1,64624,0.017352402210235596,0,0,0,0,[],0,0,4,0.0,4
aten,aten_upsample_nearest1d_cpu,/home/arjaiswal/Polygeist/issues/aten_c_kernels/results/aten_upsample_nearest1d_cpu/debuf.mlir,a0938fec5f729bc12b812b01fb44af8a142a298a6e0ccabe74519ca9c799b0d0,egglog,4,ok,0,1174.1551123559475,0,"[""/usr/bin/python3"", ""/home/arjaiswal/Polygeist/scripts/correctness/kernel_match_rewrite.py"", ""/home/arjaiswal/Polygeist/issues/aten_c_kernels/results/aten_upsample_nearest1d_cpu/debuf.mlir"", ""--dry-run"", ""--matcher-mode"", ""egglog"", ""--telemetry-json"", ""/home/arjaiswal/Polygeist/issues/equality_saturation_eval/campaign_20260908/aten-aten_upsample_nearest1d_cpu-egglog-8hk4wlba.json"", ""--disable-semantic-fallback""]","== match report for /home/arjaiswal/Polygeist/issues/aten_c_kernels/results/aten_upsample_nearest1d_cpu/debuf.mlir ==
  no_match       body#0  ?
  total: 0 matched / 1 bodies
",0,[],0,0,0,0,/home/arjaiswal/Polygeist/issues/aten_c_kernels/results/aten_upsample_nearest1d_cpu/debuf.mlir,2657,8,1,0,635.8535140752792,1,64560,0.0,0,0,0,0,[],0,0,0,0.0,4
aten,aten_upsample_nearest1d_cpu,/home/arjaiswal/Polygeist/issues/aten_c_kernels/results/aten_upsample_nearest1d_cpu/debuf.mlir,a0938fec5f729bc12b812b01fb44af8a142a298a6e0ccabe74519ca9c799b0d0,egglog,5,ok,0,1240.7133392989635,0,"[""/usr/bin/python3"", ""/home/arjaiswal/Polygeist/scripts/correctness/kernel_match_rewrite.py"", ""/home/arjaiswal/Polygeist/issues/aten_c_kernels/results/aten_upsample_nearest1d_cpu/debuf.mlir"", ""--dry-run"", ""--matcher-mode"", ""egglog"", ""--telemetry-json"", ""/home/arjaiswal/Polygeist/issues/equality_saturation_eval/campaign_20260908/aten-aten_upsample_nearest1d_cpu-egglog-y_eu1w7d.json"", ""--disable-semantic-fallback""]","== match report for /home/arjaiswal/Polygeist/issues/aten_c_kernels/results/aten_upsample_nearest1d_cpu/debuf.mlir ==
  no_match       body#0  ?
  total: 0 matched / 1 bodies
",0,[],0,0,0,0,/home/arjaiswal/Polygeist/issues/aten_c_kernels/results/aten_upsample_nearest1d_cpu/debuf.mlir,2657,8,1,0,313.33497911691666,1,64504,0.0,0,0,0,0,[],0,0,0,0.0,4
aten,aten_upsample_nearest1d_cpu,/home/arjaiswal/Polygeist/issues/aten_c_kernels/results/aten_upsample_nearest1d_cpu/debuf.mlir,a0938fec5f729bc12b812b01fb44af8a142a298a6e0ccabe74519ca9c799b0d0,syntactic,5,ok,0,801.92781239748,0,"[""/usr/bin/python3"", ""/home/arjaiswal/Polygeist/scripts/correctness/kernel_match_rewrite.py"", ""/home/arjaiswal/Polygeist/issues/aten_c_kernels/results/aten_upsample_nearest1d_cpu/debuf.mlir"", ""--dry-run"", ""--matcher-mode"", ""syntactic"", ""--telemetry-json"", ""/home/arjaiswal/Polygeist/issues/equality_saturation_eval/campaign_20260908/aten-aten_upsample_nearest1d_cpu-syntactic-kjnaford.json"", ""--disable-semantic-fallback""]","== match report for /home/arjaiswal/Polygeist/issues/aten_c_kernels/results/aten_upsample_nearest1d_cpu/debuf.mlir ==
  no_match       body#0  ?
  total: 0 matched / 1 bodies
",0,[],0,0,0,0,/home/arjaiswal/Polygeist/issues/aten_c_kernels/results/aten_upsample_nearest1d_cpu/debuf.mlir,2657,0,1,0,302.49468237161636,1,64632,0.019419938325881958,0,0,0,0,[],0,0,4,0.0,4
aten,aten_upsample_nearest2d,/home/arjaiswal/Polygeist/issues/aten_c_kernels/results/aten_upsample_nearest2d/debuf.mlir,20e10e4f64cd243cb83be7b7ef4b6e35995e6b904b73898263963f87c9d7348e,syntactic,1,ok,0,1071.8772001564503,0,"[""/usr/bin/python3"", ""/home/arjaiswal/Polygeist/scripts/correctness/kernel_match_rewrite.py"", ""/home/arjaiswal/Polygeist/issues/aten_c_kernels/results/aten_upsample_nearest2d/debuf.mlir"", ""--dry-run"", ""--matcher-mode"", ""syntactic"", ""--telemetry-json"", ""/home/arjaiswal/Polygeist/issues/equality_saturation_eval/campaign_20260908/aten-aten_upsample_nearest2d-syntactic-mhmbpwa_.json"", ""--disable-semantic-fallback""]","== match report for /home/arjaiswal/Polygeist/issues/aten_c_kernels/results/aten_upsample_nearest2d/debuf.mlir ==
  no_match       body#0  ?
  total: 0 matched / 1 bodies
",0,[],0,0,0,0,/home/arjaiswal/Polygeist/issues/aten_c_kernels/results/aten_upsample_nearest2d/debuf.mlir,2985,0,1,0,299.4867116212845,1,64704,0.0,0,0,0,0,[],0,0,0,0.0,0
aten,aten_upsample_nearest2d,/home/arjaiswal/Polygeist/issues/aten_c_kernels/results/aten_upsample_nearest2d/debuf.mlir,20e10e4f64cd243cb83be7b7ef4b6e35995e6b904b73898263963f87c9d7348e,egglog,1,ok,0,786.9473621249199,0,"[""/usr/bin/python3"", ""/home/arjaiswal/Polygeist/scripts/correctness/kernel_match_rewrite.py"", ""/home/arjaiswal/Polygeist/issues/aten_c_kernels/results/aten_upsample_nearest2d/debuf.mlir"", ""--dry-run"", ""--matcher-mode"", ""egglog"", ""--telemetry-json"", ""/home/arjaiswal/Polygeist/issues/equality_saturation_eval/campaign_20260908/aten-aten_upsample_nearest2d-egglog-9uy7hm5c.json"", ""--disable-semantic-fallback""]","== match report for /home/arjaiswal/Polygeist/issues/aten_c_kernels/results/aten_upsample_nearest2d/debuf.mlir ==
  no_match       body#0  ?
  total: 0 matched / 1 bodies
",0,[],0,0,0,0,/home/arjaiswal/Polygeist/issues/aten_c_kernels/results/aten_upsample_nearest2d/debuf.mlir,2985,8,1,0,312.62996792793274,1,64604,0.0,0,0,0,0,[],0,0,0,0.0,0
aten,aten_upsample_nearest2d,/home/arjaiswal/Polygeist/issues/aten_c_kernels/results/aten_upsample_nearest2d/debuf.mlir,20e10e4f64cd243cb83be7b7ef4b6e35995e6b904b73898263963f87c9d7348e,egglog,2,ok,0,1077.317751944065,0,"[""/usr/bin/python3"", ""/home/arjaiswal/Polygeist/scripts/correctness/kernel_match_rewrite.py"", ""/home/arjaiswal/Polygeist/issues/aten_c_kernels/results/aten_upsample_nearest2d/debuf.mlir"", ""--dry-run"", ""--matcher-mode"", ""egglog"", ""--telemetry-json"", ""/home/arjaiswal/Polygeist/issues/equality_saturation_eval/campaign_20260908/aten-aten_upsample_nearest2d-egglog-cgy_pyxm.json"", ""--disable-semantic-fallback""]","== match report for /home/arjaiswal/Polygeist/issues/aten_c_kernels/results/aten_upsample_nearest2d/debuf.mlir ==
  no_match       body#0  ?
  total: 0 matched / 1 bodies
",0,[],0,0,0,0,/home/arjaiswal/Polygeist/issues/aten_c_kernels/results/aten_upsample_nearest2d/debuf.mlir,2985,8,1,0,346.0041619837284,1,64860,0.0,0,0,0,0,[],0,0,0,0.0,0
aten,aten_upsample_nearest2d,/home/arjaiswal/Polygeist/issues/aten_c_kernels/results/aten_upsample_nearest2d/debuf.mlir,20e10e4f64cd243cb83be7b7ef4b6e35995e6b904b73898263963f87c9d7348e,syntactic,2,ok,0,1386.147391051054,0,"[""/usr/bin/python3"", ""/home/arjaiswal/Polygeist/scripts/correctness/kernel_match_rewrite.py"", ""/home/arjaiswal/Polygeist/issues/aten_c_kernels/results/aten_upsample_nearest2d/debuf.mlir"", ""--dry-run"", ""--matcher-mode"", ""syntactic"", ""--telemetry-json"", ""/home/arjaiswal/Polygeist/issues/equality_saturation_eval/campaign_20260908/aten-aten_upsample_nearest2d-syntactic-n5ilzapg.json"", ""--disable-semantic-fallback""]","== match report for /home/arjaiswal/Polygeist/issues/aten_c_kernels/results/aten_upsample_nearest2d/debuf.mlir ==
  no_match       body#0  ?
  total: 0 matched / 1 bodies
",0,[],0,0,0,0,/home/arjaiswal/Polygeist/issues/aten_c_kernels/results/aten_upsample_nearest2d/debuf.mlir,2985,0,1,0,413.4879633784294,1,64652,0.0,0,0,0,0,[],0,0,0,0.0,0
aten,aten_upsample_nearest2d,/home/arjaiswal/Polygeist/issues/aten_c_kernels/results/aten_upsample_nearest2d/debuf.mlir,20e10e4f64cd243cb83be7b7ef4b6e35995e6b904b73898263963f87c9d7348e,syntactic,3,ok,0,1320.4474039375782,0,"[""/usr/bin/python3"", ""/home/arjaiswal/Polygeist/scripts/correctness/kernel_match_rewrite.py"", ""/home/arjaiswal/Polygeist/issues/aten_c_kernels/results/aten_upsample_nearest2d/debuf.mlir"", ""--dry-run"", ""--matcher-mode"", ""syntactic"", ""--telemetry-json"", ""/home/arjaiswal/Polygeist/issues/equality_saturation_eval/campaign_20260908/aten-aten_upsample_nearest2d-syntactic-c6qc_2xq.json"", ""--disable-semantic-fallback""]","== match report for /home/arjaiswal/Polygeist/issues/aten_c_kernels/results/aten_upsample_nearest2d/debuf.mlir ==
  no_match       body#0  ?
  total: 0 matched / 1 bodies
",0,[],0,0,0,0,/home/arjaiswal/Polygeist/issues/aten_c_kernels/results/aten_upsample_nearest2d/debuf.mlir,2985,0,1,0,669.4158017635345,1,64868,0.0,0,0,0,0,[],0,0,0,0.0,0
aten,aten_upsample_nearest2d,/home/arjaiswal/Polygeist/issues/aten_c_kernels/results/aten_upsample_nearest2d/debuf.mlir,20e10e4f64cd243cb83be7b7ef4b6e35995e6b904b73898263963f87c9d7348e,egglog,3,ok,0,1396.8358561396599,0,"[""/usr/bin/python3"", ""/home/arjaiswal/Polygeist/scripts/correctness/kernel_match_rewrite.py"", ""/home/arjaiswal/Polygeist/issues/aten_c_kernels/results/aten_upsample_nearest2d/debuf.mlir"", ""--dry-run"", ""--matcher-mode"", ""egglog"", ""--telemetry-json"", ""/home/arjaiswal/Polygeist/issues/equality_saturation_eval/campaign_20260908/aten-aten_upsample_nearest2d-egglog-f188valp.json"", ""--disable-semantic-fallback""]","== match report for /home/arjaiswal/Polygeist/issues/aten_c_kernels/results/aten_upsample_nearest2d/debuf.mlir ==
  no_match       body#0  ?
  total: 0 matched / 1 bodies
",0,[],0,0,0,0,/home/arjaiswal/Polygeist/issues/aten_c_kernels/results/aten_upsample_nearest2d/debuf.mlir,2985,8,1,0,379.7754757106304,1,64804,0.0,0,0,0,0,[],0,0,0,0.0,0
aten,aten_upsample_nearest2d,/home/arjaiswal/Polygeist/issues/aten_c_kernels/results/aten_upsample_nearest2d/debuf.mlir,20e10e4f64cd243cb83be7b7ef4b6e35995e6b904b73898263963f87c9d7348e,egglog,4,ok,0,1332.6698876917362,0,"[""/usr/bin/python3"", ""/home/arjaiswal/Polygeist/scripts/correctness/kernel_match_rewrite.py"", ""/home/arjaiswal/Polygeist/issues/aten_c_kernels/results/aten_upsample_nearest2d/debuf.mlir"", ""--dry-run"", ""--matcher-mode"", ""egglog"", ""--telemetry-json"", ""/home/arjaiswal/Polygeist/issues/equality_saturation_eval/campaign_20260908/aten-aten_upsample_nearest2d-egglog-ref026su.json"", ""--disable-semantic-fallback""]","== match report for /home/arjaiswal/Polygeist/issues/aten_c_kernels/results/aten_upsample_nearest2d/debuf.mlir ==
  no_match       body#0  ?
  total: 0 matched / 1 bodies
",0,[],0,0,0,0,/home/arjaiswal/Polygeist/issues/aten_c_kernels/results/aten_upsample_nearest2d/debuf.mlir,2985,8,1,0,466.5980748832226,1,64776,0.0,0,0,0,0,[],0,0,0,0.0,0
aten,aten_upsample_nearest2d,/home/arjaiswal/Polygeist/issues/aten_c_kernels/results/aten_upsample_nearest2d/debuf.mlir,20e10e4f64cd243cb83be7b7ef4b6e35995e6b904b73898263963f87c9d7348e,syntactic,4,ok,0,906.9199748337269,0,"[""/usr/bin/python3"", ""/home/arjaiswal/Polygeist/scripts/correctness/kernel_match_rewrite.py"", ""/home/arjaiswal/Polygeist/issues/aten_c_kernels/results/aten_upsample_nearest2d/debuf.mlir"", ""--dry-run"", ""--matcher-mode"", ""syntactic"", ""--telemetry-json"", ""/home/arjaiswal/Polygeist/issues/equality_saturation_eval/campaign_20260908/aten-aten_upsample_nearest2d-syntactic-fmwwxkv9.json"", ""--disable-semantic-fallback""]","== match report for /home/arjaiswal/Polygeist/issues/aten_c_kernels/results/aten_upsample_nearest2d/debuf.mlir ==
  no_match       body#0  ?
  total: 0 matched / 1 bodies
",0,[],0,0,0,0,/home/arjaiswal/Polygeist/issues/aten_c_kernels/results/aten_upsample_nearest2d/debuf.mlir,2985,0,1,0,306.0847036540508,1,64684,0.0,0,0,0,0,[],0,0,0,0.0,0
aten,aten_upsample_nearest2d,/home/arjaiswal/Polygeist/issues/aten_c_kernels/results/aten_upsample_nearest2d/debuf.mlir,20e10e4f64cd243cb83be7b7ef4b6e35995e6b904b73898263963f87c9d7348e,syntactic,5,ok,0,953.2125629484653,0,"[""/usr/bin/python3"", ""/home/arjaiswal/Polygeist/scripts/correctness/kernel_match_rewrite.py"", ""/home/arjaiswal/Polygeist/issues/aten_c_kernels/results/aten_upsample_nearest2d/debuf.mlir"", ""--dry-run"", ""--matcher-mode"", ""syntactic"", ""--telemetry-json"", ""/home/arjaiswal/Polygeist/issues/equality_saturation_eval/campaign_20260908/aten-aten_upsample_nearest2d-syntactic-dinjxvpr.json"", ""--disable-semantic-fallback""]","== match report for /home/arjaiswal/Polygeist/issues/aten_c_kernels/results/aten_upsample_nearest2d/debuf.mlir ==
  no_match       body#0  ?
  total: 0 matched / 1 bodies
",0,[],0,0,0,0,/home/arjaiswal/Polygeist/issues/aten_c_kernels/results/aten_upsample_nearest2d/debuf.mlir,2985,0,1,0,274.03367310762405,1,64664,0.0,0,0,0,0,[],0,0,0,0.0,0
aten,aten_upsample_nearest2d,/home/arjaiswal/Polygeist/issues/aten_c_kernels/results/aten_upsample_nearest2d/debuf.mlir,20e10e4f64cd243cb83be7b7ef4b6e35995e6b904b73898263963f87c9d7348e,egglog,5,ok,0,1087.899774312973,0,"[""/usr/bin/python3"", ""/home/arjaiswal/Polygeist/scripts/correctness/kernel_match_rewrite.py"", ""/home/arjaiswal/Polygeist/issues/aten_c_kernels/results/aten_upsample_nearest2d/debuf.mlir"", ""--dry-run"", ""--matcher-mode"", ""egglog"", ""--telemetry-json"", ""/home/arjaiswal/Polygeist/issues/equality_saturation_eval/campaign_20260908/aten-aten_upsample_nearest2d-egglog-2jhyrxvk.json"", ""--disable-semantic-fallback""]","== match report for /home/arjaiswal/Polygeist/issues/aten_c_kernels/results/aten_upsample_nearest2d/debuf.mlir ==
  no_match       body#0  ?
  total: 0 matched / 1 bodies
",0,[],0,0,0,0,/home/arjaiswal/Polygeist/issues/aten_c_kernels/results/aten_upsample_nearest2d/debuf.mlir,2985,8,1,0,323.18251952528954,1,64644,0.0,0,0,0,0,[],0,0,0,0.0,0
aten,aten_upsample_nearest2d_backward_cpu,/home/arjaiswal/Polygeist/issues/aten_c_kernels/results/aten_upsample_nearest2d_backward_cpu/debuf.mlir,d347ffa1955403de1366e5e32f7da8c7b59fac335d908d453558230d0be9f004,egglog,1,ok,0,1197.9038678109646,0,"[""/usr/bin/python3"", ""/home/arjaiswal/Polygeist/scripts/correctness/kernel_match_rewrite.py"", ""/home/arjaiswal/Polygeist/issues/aten_c_kernels/results/aten_upsample_nearest2d_backward_cpu/debuf.mlir"", ""--dry-run"", ""--matcher-mode"", ""egglog"", ""--telemetry-json"", ""/home/arjaiswal/Polygeist/issues/equality_saturation_eval/campaign_20260908/aten-aten_upsample_nearest2d_backward_cpu-egglog-wquijo4t.json"", ""--disable-semantic-fallback""]","== match report for /home/arjaiswal/Polygeist/issues/aten_c_kernels/results/aten_upsample_nearest2d_backward_cpu/debuf.mlir ==
  match          body#[0]  memset_zero_1D_f32
  total: 1 matched / 1 bodies
",0,[],0,0,0,0,/home/arjaiswal/Polygeist/issues/aten_c_kernels/results/aten_upsample_nearest2d_backward_cpu/debuf.mlir,3478,8,1,1,472.4752642214298,0,69404,21.902143955230713,2,2,0,0,"[{""body_indices"": [0], ""symbol"": ""memset_zero_1D_f32""}]",1,0,0,0.0,4
aten,aten_upsample_nearest2d_backward_cpu,/home/arjaiswal/Polygeist/issues/aten_c_kernels/results/aten_upsample_nearest2d_backward_cpu/debuf.mlir,d347ffa1955403de1366e5e32f7da8c7b59fac335d908d453558230d0be9f004,syntactic,1,ok,0,1256.193682551384,0,"[""/usr/bin/python3"", ""/home/arjaiswal/Polygeist/scripts/correctness/kernel_match_rewrite.py"", ""/home/arjaiswal/Polygeist/issues/aten_c_kernels/results/aten_upsample_nearest2d_backward_cpu/debuf.mlir"", ""--dry-run"", ""--matcher-mode"", ""syntactic"", ""--telemetry-json"", ""/home/arjaiswal/Polygeist/issues/equality_saturation_eval/campaign_20260908/aten-aten_upsample_nearest2d_backward_cpu-syntactic-qqv2kp83.json"", ""--disable-semantic-fallback""]","== match report for /home/arjaiswal/Polygeist/issues/aten_c_kernels/results/aten_upsample_nearest2d_backward_cpu/debuf.mlir ==
  match          body#[0]  memset_zero_1D_f32
  total: 1 matched / 1 bodies
",0,[],0,0,0,0,/home/arjaiswal/Polygeist/issues/aten_c_kernels/results/aten_upsample_nearest2d_backward_cpu/debuf.mlir,3478,0,1,1,357.3944754898548,0,64704,0.03108382225036621,0,2,0,0,"[{""body_indices"": [0], ""symbol"": ""memset_zero_1D_f32""}]",1,0,4,0.0,4
aten,aten_upsample_nearest2d_backward_cpu,/home/arjaiswal/Polygeist/issues/aten_c_kernels/results/aten_upsample_nearest2d_backward_cpu/debuf.mlir,d347ffa1955403de1366e5e32f7da8c7b59fac335d908d453558230d0be9f004,syntactic,2,ok,0,924.9268472194672,0,"[""/usr/bin/python3"", ""/home/arjaiswal/Polygeist/scripts/correctness/kernel_match_rewrite.py"", ""/home/arjaiswal/Polygeist/issues/aten_c_kernels/results/aten_upsample_nearest2d_backward_cpu/debuf.mlir"", ""--dry-run"", ""--matcher-mode"", ""syntactic"", ""--telemetry-json"", ""/home/arjaiswal/Polygeist/issues/equality_saturation_eval/campaign_20260908/aten-aten_upsample_nearest2d_backward_cpu-syntactic-93jezqki.json"", ""--disable-semantic-fallback""]","== match report for /home/arjaiswal/Polygeist/issues/aten_c_kernels/results/aten_upsample_nearest2d_backward_cpu/debuf.mlir ==
  match          body#[0]  memset_zero_1D_f32
  total: 1 matched / 1 bodies
",0,[],0,0,0,0,/home/arjaiswal/Polygeist/issues/aten_c_kernels/results/aten_upsample_nearest2d_backward_cpu/debuf.mlir,3478,0,1,1,310.01564487814903,0,64620,0.019777566194534302,0,2,0,0,"[{""body_indices"": [0], ""symbol"": ""memset_zero_1D_f32""}]",1,0,4,0.0,4
aten,aten_upsample_nearest2d_backward_cpu,/home/arjaiswal/Polygeist/issues/aten_c_kernels/results/aten_upsample_nearest2d_backward_cpu/debuf.mlir,d347ffa1955403de1366e5e32f7da8c7b59fac335d908d453558230d0be9f004,egglog,2,ok,0,1565.209686756134,0,"[""/usr/bin/python3"", ""/home/arjaiswal/Polygeist/scripts/correctness/kernel_match_rewrite.py"", ""/home/arjaiswal/Polygeist/issues/aten_c_kernels/results/aten_upsample_nearest2d_backward_cpu/debuf.mlir"", ""--dry-run"", ""--matcher-mode"", ""egglog"", ""--telemetry-json"", ""/home/arjaiswal/Polygeist/issues/equality_saturation_eval/campaign_20260908/aten-aten_upsample_nearest2d_backward_cpu-egglog-bjcmb8xf.json"", ""--disable-semantic-fallback""]","== match report for /home/arjaiswal/Polygeist/issues/aten_c_kernels/results/aten_upsample_nearest2d_backward_cpu/debuf.mlir ==
  match          body#[0]  memset_zero_1D_f32
  total: 1 matched / 1 bodies
",0,[],0,0,0,0,/home/arjaiswal/Polygeist/issues/aten_c_kernels/results/aten_upsample_nearest2d_backward_cpu/debuf.mlir,3478,8,1,1,584.0693898499012,0,69460,28.57033908367157,2,2,0,0,"[{""body_indices"": [0], ""symbol"": ""memset_zero_1D_f32""}]",1,0,0,0.0,4
aten,aten_upsample_nearest2d_backward_cpu,/home/arjaiswal/Polygeist/issues/aten_c_kernels/results/aten_upsample_nearest2d_backward_cpu/debuf.mlir,d347ffa1955403de1366e5e32f7da8c7b59fac335d908d453558230d0be9f004,egglog,3,ok,0,1286.9003787636757,0,"[""/usr/bin/python3"", ""/home/arjaiswal/Polygeist/scripts/correctness/kernel_match_rewrite.py"", ""/home/arjaiswal/Polygeist/issues/aten_c_kernels/results/aten_upsample_nearest2d_backward_cpu/debuf.mlir"", ""--dry-run"", ""--matcher-mode"", ""egglog"", ""--telemetry-json"", ""/home/arjaiswal/Polygeist/issues/equality_saturation_eval/campaign_20260908/aten-aten_upsample_nearest2d_backward_cpu-egglog-p41uwqhv.json"", ""--disable-semantic-fallback""]","== match report for /home/arjaiswal/Polygeist/issues/aten_c_kernels/results/aten_upsample_nearest2d_backward_cpu/debuf.mlir ==
  match          body#[0]  memset_zero_1D_f32
  total: 1 matched / 1 bodies
",0,[],0,0,0,0,/home/arjaiswal/Polygeist/issues/aten_c_kernels/results/aten_upsample_nearest2d_backward_cpu/debuf.mlir,3478,8,1,1,649.7624926269054,0,69504,22.009532898664474,2,2,0,0,"[{""body_indices"": [0], ""symbol"": ""memset_zero_1D_f32""}]",1,0,0,0.0,4
aten,aten_upsample_nearest2d_backward_cpu,/home/arjaiswal/Polygeist/issues/aten_c_kernels/results/aten_upsample_nearest2d_backward_cpu/debuf.mlir,d347ffa1955403de1366e5e32f7da8c7b59fac335d908d453558230d0be9f004,syntactic,3,ok,0,769.0491043031216,0,"[""/usr/bin/python3"", ""/home/arjaiswal/Polygeist/scripts/correctness/kernel_match_rewrite.py"", ""/home/arjaiswal/Polygeist/issues/aten_c_kernels/results/aten_upsample_nearest2d_backward_cpu/debuf.mlir"", ""--dry-run"", ""--matcher-mode"", ""syntactic"", ""--telemetry-json"", ""/home/arjaiswal/Polygeist/issues/equality_saturation_eval/campaign_20260908/aten-aten_upsample_nearest2d_backward_cpu-syntactic-5_l7fmee.json"", ""--disable-semantic-fallback""]","== match report for /home/arjaiswal/Polygeist/issues/aten_c_kernels/results/aten_upsample_nearest2d_backward_cpu/debuf.mlir ==
  match          body#[0]  memset_zero_1D_f32
  total: 1 matched / 1 bodies
",0,[],0,0,0,0,/home/arjaiswal/Polygeist/issues/aten_c_kernels/results/aten_upsample_nearest2d_backward_cpu/debuf.mlir,3478,0,1,1,299.97140914201736,0,64624,0.01973286271095276,0,2,0,0,"[{""body_indices"": [0], ""symbol"": ""memset_zero_1D_f32""}]",1,0,4,0.0,4
aten,aten_upsample_nearest2d_backward_cpu,/home/arjaiswal/Polygeist/issues/aten_c_kernels/results/aten_upsample_nearest2d_backward_cpu/debuf.mlir,d347ffa1955403de1366e5e32f7da8c7b59fac335d908d453558230d0be9f004,syntactic,4,ok,0,1240.212470293045,0,"[""/usr/bin/python3"", ""/home/arjaiswal/Polygeist/scripts/correctness/kernel_match_rewrite.py"", ""/home/arjaiswal/Polygeist/issues/aten_c_kernels/results/aten_upsample_nearest2d_backward_cpu/debuf.mlir"", ""--dry-run"", ""--matcher-mode"", ""syntactic"", ""--telemetry-json"", ""/home/arjaiswal/Polygeist/issues/equality_saturation_eval/campaign_20260908/aten-aten_upsample_nearest2d_backward_cpu-syntactic-fz80rb5h.json"", ""--disable-semantic-fallback""]","== match report for /home/arjaiswal/Polygeist/issues/aten_c_kernels/results/aten_upsample_nearest2d_backward_cpu/debuf.mlir ==
  match          body#[0]  memset_zero_1D_f32
  total: 1 matched / 1 bodies
",0,[],0,0,0,0,/home/arjaiswal/Polygeist/issues/aten_c_kernels/results/aten_upsample_nearest2d_backward_cpu/debuf.mlir,3478,0,1,1,344.4022871553898,0,64816,0.019337981939315796,0,2,0,0,"[{""body_indices"": [0], ""symbol"": ""memset_zero_1D_f32""}]",1,0,4,0.0,4
aten,aten_upsample_nearest2d_backward_cpu,/home/arjaiswal/Polygeist/issues/aten_c_kernels/results/aten_upsample_nearest2d_backward_cpu/debuf.mlir,d347ffa1955403de1366e5e32f7da8c7b59fac335d908d453558230d0be9f004,egglog,4,ok,0,917.6602847874165,0,"[""/usr/bin/python3"", ""/home/arjaiswal/Polygeist/scripts/correctness/kernel_match_rewrite.py"", ""/home/arjaiswal/Polygeist/issues/aten_c_kernels/results/aten_upsample_nearest2d_backward_cpu/debuf.mlir"", ""--dry-run"", ""--matcher-mode"", ""egglog"", ""--telemetry-json"", ""/home/arjaiswal/Polygeist/issues/equality_saturation_eval/campaign_20260908/aten-aten_upsample_nearest2d_backward_cpu-egglog-7vsae7sk.json"", ""--disable-semantic-fallback""]","== match report for /home/arjaiswal/Polygeist/issues/aten_c_kernels/results/aten_upsample_nearest2d_backward_cpu/debuf.mlir ==
  match          body#[0]  memset_zero_1D_f32
  total: 1 matched / 1 bodies
",0,[],0,0,0,0,/home/arjaiswal/Polygeist/issues/aten_c_kernels/results/aten_upsample_nearest2d_backward_cpu/debuf.mlir,3478,8,1,1,430.338729172945,0,69664,22.07665517926216,2,2,0,0,"[{""body_indices"": [0], ""symbol"": ""memset_zero_1D_f32""}]",1,0,0,0.0,4
aten,aten_upsample_nearest2d_backward_cpu,/home/arjaiswal/Polygeist/issues/aten_c_kernels/results/aten_upsample_nearest2d_backward_cpu/debuf.mlir,d347ffa1955403de1366e5e32f7da8c7b59fac335d908d453558230d0be9f004,egglog,5,ok,0,1472.8972129523754,0,"[""/usr/bin/python3"", ""/home/arjaiswal/Polygeist/scripts/correctness/kernel_match_rewrite.py"", ""/home/arjaiswal/Polygeist/issues/aten_c_kernels/results/aten_upsample_nearest2d_backward_cpu/debuf.mlir"", ""--dry-run"", ""--matcher-mode"", ""egglog"", ""--telemetry-json"", ""/home/arjaiswal/Polygeist/issues/equality_saturation_eval/campaign_20260908/aten-aten_upsample_nearest2d_backward_cpu-egglog-tfglcyve.json"", ""--disable-semantic-fallback""]","== match report for /home/arjaiswal/Polygeist/issues/aten_c_kernels/results/aten_upsample_nearest2d_backward_cpu/debuf.mlir ==
  match          body#[0]  memset_zero_1D_f32
  total: 1 matched / 1 bodies
",0,[],0,0,0,0,/home/arjaiswal/Polygeist/issues/aten_c_kernels/results/aten_upsample_nearest2d_backward_cpu/debuf.mlir,3478,8,1,1,592.2027938067913,0,69432,21.695878356695175,2,2,0,0,"[{""body_indices"": [0], ""symbol"": ""memset_zero_1D_f32""}]",1,0,0,0.0,4
aten,aten_upsample_nearest2d_backward_cpu,/home/arjaiswal/Polygeist/issues/aten_c_kernels/results/aten_upsample_nearest2d_backward_cpu/debuf.mlir,d347ffa1955403de1366e5e32f7da8c7b59fac335d908d453558230d0be9f004,syntactic,5,ok,0,1044.9683256447315,0,"[""/usr/bin/python3"", ""/home/arjaiswal/Polygeist/scripts/correctness/kernel_match_rewrite.py"", ""/home/arjaiswal/Polygeist/issues/aten_c_kernels/results/aten_upsample_nearest2d_backward_cpu/debuf.mlir"", ""--dry-run"", ""--matcher-mode"", ""syntactic"", ""--telemetry-json"", ""/home/arjaiswal/Polygeist/issues/equality_saturation_eval/campaign_20260908/aten-aten_upsample_nearest2d_backward_cpu-syntactic-kfodt4cg.json"", ""--disable-semantic-fallback""]","== match report for /home/arjaiswal/Polygeist/issues/aten_c_kernels/results/aten_upsample_nearest2d_backward_cpu/debuf.mlir ==
  match          body#[0]  memset_zero_1D_f32
  total: 1 matched / 1 bodies
",0,[],0,0,0,0,/home/arjaiswal/Polygeist/issues/aten_c_kernels/results/aten_upsample_nearest2d_backward_cpu/debuf.mlir,3478,0,1,1,358.133465051651,0,64468,0.018324702978134155,0,2,0,0,"[{""body_indices"": [0], ""symbol"": ""memset_zero_1D_f32""}]",1,0,4,0.0,4
aten,aten_upsample_nearest2d_cpu,/home/arjaiswal/Polygeist/issues/aten_c_kernels/results/aten_upsample_nearest2d_cpu/debuf.mlir,a692fa9e823354a3b93aaf103625f5341168b17a32d4a6803a3d35786762a1d6,syntactic,1,ok,0,1255.7663582265377,0,"[""/usr/bin/python3"", ""/home/arjaiswal/Polygeist/scripts/correctness/kernel_match_rewrite.py"", ""/home/arjaiswal/Polygeist/issues/aten_c_kernels/results/aten_upsample_nearest2d_cpu/debuf.mlir"", ""--dry-run"", ""--matcher-mode"", ""syntactic"", ""--telemetry-json"", ""/home/arjaiswal/Polygeist/issues/equality_saturation_eval/campaign_20260908/aten-aten_upsample_nearest2d_cpu-syntactic-_9yvleaw.json"", ""--disable-semantic-fallback""]","== match report for /home/arjaiswal/Polygeist/issues/aten_c_kernels/results/aten_upsample_nearest2d_cpu/debuf.mlir ==
  no_match       body#0  ?
  total: 0 matched / 1 bodies
",0,[],0,0,0,0,/home/arjaiswal/Polygeist/issues/aten_c_kernels/results/aten_upsample_nearest2d_cpu/debuf.mlir,3176,0,1,0,314.99064341187477,1,64888,0.0,0,0,0,0,[],0,0,0,0.0,0
aten,aten_upsample_nearest2d_cpu,/home/arjaiswal/Polygeist/issues/aten_c_kernels/results/aten_upsample_nearest2d_cpu/debuf.mlir,a692fa9e823354a3b93aaf103625f5341168b17a32d4a6803a3d35786762a1d6,egglog,1,ok,0,979.8905961215496,0,"[""/usr/bin/python3"", ""/home/arjaiswal/Polygeist/scripts/correctness/kernel_match_rewrite.py"", ""/home/arjaiswal/Polygeist/issues/aten_c_kernels/results/aten_upsample_nearest2d_cpu/debuf.mlir"", ""--dry-run"", ""--matcher-mode"", ""egglog"", ""--telemetry-json"", ""/home/arjaiswal/Polygeist/issues/equality_saturation_eval/campaign_20260908/aten-aten_upsample_nearest2d_cpu-egglog-x7ktozlc.json"", ""--disable-semantic-fallback""]","== match report for /home/arjaiswal/Polygeist/issues/aten_c_kernels/results/aten_upsample_nearest2d_cpu/debuf.mlir ==
  no_match       body#0  ?
  total: 0 matched / 1 bodies
",0,[],0,0,0,0,/home/arjaiswal/Polygeist/issues/aten_c_kernels/results/aten_upsample_nearest2d_cpu/debuf.mlir,3176,8,1,0,471.96318581700325,1,64660,0.0,0,0,0,0,[],0,0,0,0.0,0
aten,aten_upsample_nearest2d_cpu,/home/arjaiswal/Polygeist/issues/aten_c_kernels/results/aten_upsample_nearest2d_cpu/debuf.mlir,a692fa9e823354a3b93aaf103625f5341168b17a32d4a6803a3d35786762a1d6,egglog,2,ok,0,908.6669087409973,0,"[""/usr/bin/python3"", ""/home/arjaiswal/Polygeist/scripts/correctness/kernel_match_rewrite.py"", ""/home/arjaiswal/Polygeist/issues/aten_c_kernels/results/aten_upsample_nearest2d_cpu/debuf.mlir"", ""--dry-run"", ""--matcher-mode"", ""egglog"", ""--telemetry-json"", ""/home/arjaiswal/Polygeist/issues/equality_saturation_eval/campaign_20260908/aten-aten_upsample_nearest2d_cpu-egglog-k6gnh2z4.json"", ""--disable-semantic-fallback""]","== match report for /home/arjaiswal/Polygeist/issues/aten_c_kernels/results/aten_upsample_nearest2d_cpu/debuf.mlir ==
  no_match       body#0  ?
  total: 0 matched / 1 bodies
",0,[],0,0,0,0,/home/arjaiswal/Polygeist/issues/aten_c_kernels/results/aten_upsample_nearest2d_cpu/debuf.mlir,3176,8,1,0,294.00962218642235,1,64608,0.0,0,0,0,0,[],0,0,0,0.0,0
aten,aten_upsample_nearest2d_cpu,/home/arjaiswal/Polygeist/issues/aten_c_kernels/results/aten_upsample_nearest2d_cpu/debuf.mlir,a692fa9e823354a3b93aaf103625f5341168b17a32d4a6803a3d35786762a1d6,syntactic,2,ok,0,1132.6537989079952,0,"[""/usr/bin/python3"", ""/home/arjaiswal/Polygeist/scripts/correctness/kernel_match_rewrite.py"", ""/home/arjaiswal/Polygeist/issues/aten_c_kernels/results/aten_upsample_nearest2d_cpu/debuf.mlir"", ""--dry-run"", ""--matcher-mode"", ""syntactic"", ""--telemetry-json"", ""/home/arjaiswal/Polygeist/issues/equality_saturation_eval/campaign_20260908/aten-aten_upsample_nearest2d_cpu-syntactic-jb9krlig.json"", ""--disable-semantic-fallback""]","== match report for /home/arjaiswal/Polygeist/issues/aten_c_kernels/results/aten_upsample_nearest2d_cpu/debuf.mlir ==
  no_match       body#0  ?
  total: 0 matched / 1 bodies
",0,[],0,0,0,0,/home/arjaiswal/Polygeist/issues/aten_c_kernels/results/aten_upsample_nearest2d_cpu/debuf.mlir,3176,0,1,0,382.3382519185543,1,64588,0.0,0,0,0,0,[],0,0,0,0.0,0
aten,aten_upsample_nearest2d_cpu,/home/arjaiswal/Polygeist/issues/aten_c_kernels/results/aten_upsample_nearest2d_cpu/debuf.mlir,a692fa9e823354a3b93aaf103625f5341168b17a32d4a6803a3d35786762a1d6,syntactic,3,ok,0,1098.8510437309742,0,"[""/usr/bin/python3"", ""/home/arjaiswal/Polygeist/scripts/correctness/kernel_match_rewrite.py"", ""/home/arjaiswal/Polygeist/issues/aten_c_kernels/results/aten_upsample_nearest2d_cpu/debuf.mlir"", ""--dry-run"", ""--matcher-mode"", ""syntactic"", ""--telemetry-json"", ""/home/arjaiswal/Polygeist/issues/equality_saturation_eval/campaign_20260908/aten-aten_upsample_nearest2d_cpu-syntactic-3f68n_12.json"", ""--disable-semantic-fallback""]","== match report for /home/arjaiswal/Polygeist/issues/aten_c_kernels/results/aten_upsample_nearest2d_cpu/debuf.mlir ==
  no_match       body#0  ?
  total: 0 matched / 1 bodies
",0,[],0,0,0,0,/home/arjaiswal/Polygeist/issues/aten_c_kernels/results/aten_upsample_nearest2d_cpu/debuf.mlir,3176,0,1,0,447.4128745496273,1,64620,0.0,0,0,0,0,[],0,0,0,0.0,0
aten,aten_upsample_nearest2d_cpu,/home/arjaiswal/Polygeist/issues/aten_c_kernels/results/aten_upsample_nearest2d_cpu/debuf.mlir,a692fa9e823354a3b93aaf103625f5341168b17a32d4a6803a3d35786762a1d6,egglog,3,ok,0,1280.9874042868614,0,"[""/usr/bin/python3"", ""/home/arjaiswal/Polygeist/scripts/correctness/kernel_match_rewrite.py"", ""/home/arjaiswal/Polygeist/issues/aten_c_kernels/results/aten_upsample_nearest2d_cpu/debuf.mlir"", ""--dry-run"", ""--matcher-mode"", ""egglog"", ""--telemetry-json"", ""/home/arjaiswal/Polygeist/issues/equality_saturation_eval/campaign_20260908/aten-aten_upsample_nearest2d_cpu-egglog-s9wmjwkj.json"", ""--disable-semantic-fallback""]","== match report for /home/arjaiswal/Polygeist/issues/aten_c_kernels/results/aten_upsample_nearest2d_cpu/debuf.mlir ==
  no_match       body#0  ?
  total: 0 matched / 1 bodies
",0,[],0,0,0,0,/home/arjaiswal/Polygeist/issues/aten_c_kernels/results/aten_upsample_nearest2d_cpu/debuf.mlir,3176,8,1,0,435.45740842819214,1,64956,0.0,0,0,0,0,[],0,0,0,0.0,0
aten,aten_upsample_nearest2d_cpu,/home/arjaiswal/Polygeist/issues/aten_c_kernels/results/aten_upsample_nearest2d_cpu/debuf.mlir,a692fa9e823354a3b93aaf103625f5341168b17a32d4a6803a3d35786762a1d6,egglog,4,ok,0,1034.64974462986,0,"[""/usr/bin/python3"", ""/home/arjaiswal/Polygeist/scripts/correctness/kernel_match_rewrite.py"", ""/home/arjaiswal/Polygeist/issues/aten_c_kernels/results/aten_upsample_nearest2d_cpu/debuf.mlir"", ""--dry-run"", ""--matcher-mode"", ""egglog"", ""--telemetry-json"", ""/home/arjaiswal/Polygeist/issues/equality_saturation_eval/campaign_20260908/aten-aten_upsample_nearest2d_cpu-egglog-u6q49ypb.json"", ""--disable-semantic-fallback""]","== match report for /home/arjaiswal/Polygeist/issues/aten_c_kernels/results/aten_upsample_nearest2d_cpu/debuf.mlir ==
  no_match       body#0  ?
  total: 0 matched / 1 bodies
",0,[],0,0,0,0,/home/arjaiswal/Polygeist/issues/aten_c_kernels/results/aten_upsample_nearest2d_cpu/debuf.mlir,3176,8,1,0,482.3721721768379,1,64724,0.0,0,0,0,0,[],0,0,0,0.0,0
aten,aten_upsample_nearest2d_cpu,/home/arjaiswal/Polygeist/issues/aten_c_kernels/results/aten_upsample_nearest2d_cpu/debuf.mlir,a692fa9e823354a3b93aaf103625f5341168b17a32d4a6803a3d35786762a1d6,syntactic,4,ok,0,1341.5186554193497,0,"[""/usr/bin/python3"", ""/home/arjaiswal/Polygeist/scripts/correctness/kernel_match_rewrite.py"", ""/home/arjaiswal/Polygeist/issues/aten_c_kernels/results/aten_upsample_nearest2d_cpu/debuf.mlir"", ""--dry-run"", ""--matcher-mode"", ""syntactic"", ""--telemetry-json"", ""/home/arjaiswal/Polygeist/issues/equality_saturation_eval/campaign_20260908/aten-aten_upsample_nearest2d_cpu-syntactic-yfdxova0.json"", ""--disable-semantic-fallback""]","== match report for /home/arjaiswal/Polygeist/issues/aten_c_kernels/results/aten_upsample_nearest2d_cpu/debuf.mlir ==
  no_match       body#0  ?
  total: 0 matched / 1 bodies
",0,[],0,0,0,0,/home/arjaiswal/Polygeist/issues/aten_c_kernels/results/aten_upsample_nearest2d_cpu/debuf.mlir,3176,0,1,0,291.7366810142994,1,64712,0.0,0,0,0,0,[],0,0,0,0.0,0
aten,aten_upsample_nearest2d_cpu,/home/arjaiswal/Polygeist/issues/aten_c_kernels/results/aten_upsample_nearest2d_cpu/debuf.mlir,a692fa9e823354a3b93aaf103625f5341168b17a32d4a6803a3d35786762a1d6,syntactic,5,ok,0,864.9752959609032,0,"[""/usr/bin/python3"", ""/home/arjaiswal/Polygeist/scripts/correctness/kernel_match_rewrite.py"", ""/home/arjaiswal/Polygeist/issues/aten_c_kernels/results/aten_upsample_nearest2d_cpu/debuf.mlir"", ""--dry-run"", ""--matcher-mode"", ""syntactic"", ""--telemetry-json"", ""/home/arjaiswal/Polygeist/issues/equality_saturation_eval/campaign_20260908/aten-aten_upsample_nearest2d_cpu-syntactic-kaz09kte.json"", ""--disable-semantic-fallback""]","== match report for /home/arjaiswal/Polygeist/issues/aten_c_kernels/results/aten_upsample_nearest2d_cpu/debuf.mlir ==
  no_match       body#0  ?
  total: 0 matched / 1 bodies
",0,[],0,0,0,0,/home/arjaiswal/Polygeist/issues/aten_c_kernels/results/aten_upsample_nearest2d_cpu/debuf.mlir,3176,0,1,0,295.1402924954891,1,64872,0.0,0,0,0,0,[],0,0,0,0.0,0
aten,aten_upsample_nearest2d_cpu,/home/arjaiswal/Polygeist/issues/aten_c_kernels/results/aten_upsample_nearest2d_cpu/debuf.mlir,a692fa9e823354a3b93aaf103625f5341168b17a32d4a6803a3d35786762a1d6,egglog,5,ok,0,797.7124378085136,0,"[""/usr/bin/python3"", ""/home/arjaiswal/Polygeist/scripts/correctness/kernel_match_rewrite.py"", ""/home/arjaiswal/Polygeist/issues/aten_c_kernels/results/aten_upsample_nearest2d_cpu/debuf.mlir"", ""--dry-run"", ""--matcher-mode"", ""egglog"", ""--telemetry-json"", ""/home/arjaiswal/Polygeist/issues/equality_saturation_eval/campaign_20260908/aten-aten_upsample_nearest2d_cpu-egglog-o30qq2vm.json"", ""--disable-semantic-fallback""]","== match report for /home/arjaiswal/Polygeist/issues/aten_c_kernels/results/aten_upsample_nearest2d_cpu/debuf.mlir ==
  no_match       body#0  ?
  total: 0 matched / 1 bodies
",0,[],0,0,0,0,/home/arjaiswal/Polygeist/issues/aten_c_kernels/results/aten_upsample_nearest2d_cpu/debuf.mlir,3176,8,1,0,305.60406669974327,1,64580,0.0,0,0,0,0,[],0,0,0,0.0,0
aten,aten_upsample_nearest3d_backward_cpu,/home/arjaiswal/Polygeist/issues/aten_c_kernels/results/aten_upsample_nearest3d_backward_cpu/debuf.mlir,81185950e54f2e234479e6443ff2527c662b41016c6cb5e99c01459968c95b1b,egglog,1,ok,0,1205.408651381731,0,"[""/usr/bin/python3"", ""/home/arjaiswal/Polygeist/scripts/correctness/kernel_match_rewrite.py"", ""/home/arjaiswal/Polygeist/issues/aten_c_kernels/results/aten_upsample_nearest3d_backward_cpu/debuf.mlir"", ""--dry-run"", ""--matcher-mode"", ""egglog"", ""--telemetry-json"", ""/home/arjaiswal/Polygeist/issues/equality_saturation_eval/campaign_20260908/aten-aten_upsample_nearest3d_backward_cpu-egglog-lba614qv.json"", ""--disable-semantic-fallback""]","== match report for /home/arjaiswal/Polygeist/issues/aten_c_kernels/results/aten_upsample_nearest3d_backward_cpu/debuf.mlir ==
  match          body#[0]  memset_zero_1D_f32
  total: 1 matched / 1 bodies
",0,[],0,0,0,0,/home/arjaiswal/Polygeist/issues/aten_c_kernels/results/aten_upsample_nearest3d_backward_cpu/debuf.mlir,4082,8,1,1,586.122665554285,0,69360,51.608070731163025,2,2,0,0,"[{""body_indices"": [0], ""symbol"": ""memset_zero_1D_f32""}]",1,0,0,0.0,4
aten,aten_upsample_nearest3d_backward_cpu,/home/arjaiswal/Polygeist/issues/aten_c_kernels/results/aten_upsample_nearest3d_backward_cpu/debuf.mlir,81185950e54f2e234479e6443ff2527c662b41016c6cb5e99c01459968c95b1b,syntactic,1,ok,0,936.8449598550797,0,"[""/usr/bin/python3"", ""/home/arjaiswal/Polygeist/scripts/correctness/kernel_match_rewrite.py"", ""/home/arjaiswal/Polygeist/issues/aten_c_kernels/results/aten_upsample_nearest3d_backward_cpu/debuf.mlir"", ""--dry-run"", ""--matcher-mode"", ""syntactic"", ""--telemetry-json"", ""/home/arjaiswal/Polygeist/issues/equality_saturation_eval/campaign_20260908/aten-aten_upsample_nearest3d_backward_cpu-syntactic-27w7y8n7.json"", ""--disable-semantic-fallback""]","== match report for /home/arjaiswal/Polygeist/issues/aten_c_kernels/results/aten_upsample_nearest3d_backward_cpu/debuf.mlir ==
  match          body#[0]  memset_zero_1D_f32
  total: 1 matched / 1 bodies
",0,[],0,0,0,0,/home/arjaiswal/Polygeist/issues/aten_c_kernels/results/aten_upsample_nearest3d_backward_cpu/debuf.mlir,4082,0,1,1,321.517214179039,0,64592,0.019039958715438843,0,2,0,0,"[{""body_indices"": [0], ""symbol"": ""memset_zero_1D_f32""}]",1,0,4,0.0,4
aten,aten_upsample_nearest3d_backward_cpu,/home/arjaiswal/Polygeist/issues/aten_c_kernels/results/aten_upsample_nearest3d_backward_cpu/debuf.mlir,81185950e54f2e234479e6443ff2527c662b41016c6cb5e99c01459968c95b1b,syntactic,2,ok,0,1008.4989443421364,0,"[""/usr/bin/python3"", ""/home/arjaiswal/Polygeist/scripts/correctness/kernel_match_rewrite.py"", ""/home/arjaiswal/Polygeist/issues/aten_c_kernels/results/aten_upsample_nearest3d_backward_cpu/debuf.mlir"", ""--dry-run"", ""--matcher-mode"", ""syntactic"", ""--telemetry-json"", ""/home/arjaiswal/Polygeist/issues/equality_saturation_eval/campaign_20260908/aten-aten_upsample_nearest3d_backward_cpu-syntactic-7fmb5_a3.json"", ""--disable-semantic-fallback""]","== match report for /home/arjaiswal/Polygeist/issues/aten_c_kernels/results/aten_upsample_nearest3d_backward_cpu/debuf.mlir ==
  match          body#[0]  memset_zero_1D_f32
  total: 1 matched / 1 bodies
",0,[],0,0,0,0,/home/arjaiswal/Polygeist/issues/aten_c_kernels/results/aten_upsample_nearest3d_backward_cpu/debuf.mlir,4082,0,1,1,336.13551780581474,0,64728,0.01774728298187256,0,2,0,0,"[{""body_indices"": [0], ""symbol"": ""memset_zero_1D_f32""}]",1,0,4,0.0,4
aten,aten_upsample_nearest3d_backward_cpu,/home/arjaiswal/Polygeist/issues/aten_c_kernels/results/aten_upsample_nearest3d_backward_cpu/debuf.mlir,81185950e54f2e234479e6443ff2527c662b41016c6cb5e99c01459968c95b1b,egglog,2,ok,0,852.8663292527199,0,"[""/usr/bin/python3"", ""/home/arjaiswal/Polygeist/scripts/correctness/kernel_match_rewrite.py"", ""/home/arjaiswal/Polygeist/issues/aten_c_kernels/results/aten_upsample_nearest3d_backward_cpu/debuf.mlir"", ""--dry-run"", ""--matcher-mode"", ""egglog"", ""--telemetry-json"", ""/home/arjaiswal/Polygeist/issues/equality_saturation_eval/campaign_20260908/aten-aten_upsample_nearest3d_backward_cpu-egglog-i99vnpwh.json"", ""--disable-semantic-fallback""]","== match report for /home/arjaiswal/Polygeist/issues/aten_c_kernels/results/aten_upsample_nearest3d_backward_cpu/debuf.mlir ==
  match          body#[0]  memset_zero_1D_f32
  total: 1 matched / 1 bodies
",0,[],0,0,0,0,/home/arjaiswal/Polygeist/issues/aten_c_kernels/results/aten_upsample_nearest3d_backward_cpu/debuf.mlir,4082,8,1,1,371.8579411506653,0,69404,48.82682487368584,2,2,0,0,"[{""body_indices"": [0], ""symbol"": ""memset_zero_1D_f32""}]",1,0,0,0.0,4
aten,aten_upsample_nearest3d_backward_cpu,/home/arjaiswal/Polygeist/issues/aten_c_kernels/results/aten_upsample_nearest3d_backward_cpu/debuf.mlir,81185950e54f2e234479e6443ff2527c662b41016c6cb5e99c01459968c95b1b,egglog,3,ok,0,1503.1218528747559,0,"[""/usr/bin/python3"", ""/home/arjaiswal/Polygeist/scripts/correctness/kernel_match_rewrite.py"", ""/home/arjaiswal/Polygeist/issues/aten_c_kernels/results/aten_upsample_nearest3d_backward_cpu/debuf.mlir"", ""--dry-run"", ""--matcher-mode"", ""egglog"", ""--telemetry-json"", ""/home/arjaiswal/Polygeist/issues/equality_saturation_eval/campaign_20260908/aten-aten_upsample_nearest3d_backward_cpu-egglog-hjv1a0xv.json"", ""--disable-semantic-fallback""]","== match report for /home/arjaiswal/Polygeist/issues/aten_c_kernels/results/aten_upsample_nearest3d_backward_cpu/debuf.mlir ==
  match          body#[0]  memset_zero_1D_f32
  total: 1 matched / 1 bodies
",0,[],0,0,0,0,/home/arjaiswal/Polygeist/issues/aten_c_kernels/results/aten_upsample_nearest3d_backward_cpu/debuf.mlir,4082,8,1,1,869.2293912172318,0,69332,45.187342911958694,2,2,0,0,"[{""body_indices"": [0], ""symbol"": ""memset_zero_1D_f32""}]",1,0,0,0.0,4
aten,aten_upsample_nearest3d_backward_cpu,/home/arjaiswal/Polygeist/issues/aten_c_kernels/results/aten_upsample_nearest3d_backward_cpu/debuf.mlir,81185950e54f2e234479e6443ff2527c662b41016c6cb5e99c01459968c95b1b,syntactic,3,ok,0,1396.3737562298775,0,"[""/usr/bin/python3"", ""/home/arjaiswal/Polygeist/scripts/correctness/kernel_match_rewrite.py"", ""/home/arjaiswal/Polygeist/issues/aten_c_kernels/results/aten_upsample_nearest3d_backward_cpu/debuf.mlir"", ""--dry-run"", ""--matcher-mode"", ""syntactic"", ""--telemetry-json"", ""/home/arjaiswal/Polygeist/issues/equality_saturation_eval/campaign_20260908/aten-aten_upsample_nearest3d_backward_cpu-syntactic-x2z9if2i.json"", ""--disable-semantic-fallback""]","== match report for /home/arjaiswal/Polygeist/issues/aten_c_kernels/results/aten_upsample_nearest3d_backward_cpu/debuf.mlir ==
  match          body#[0]  memset_zero_1D_f32
  total: 1 matched / 1 bodies
",0,[],0,0,0,0,/home/arjaiswal/Polygeist/issues/aten_c_kernels/results/aten_upsample_nearest3d_backward_cpu/debuf.mlir,4082,0,1,1,503.3150725066662,0,64788,0.01862645149230957,0,2,0,0,"[{""body_indices"": [0], ""symbol"": ""memset_zero_1D_f32""}]",1,0,4,0.0,4
aten,aten_upsample_nearest3d_backward_cpu,/home/arjaiswal/Polygeist/issues/aten_c_kernels/results/aten_upsample_nearest3d_backward_cpu/debuf.mlir,81185950e54f2e234479e6443ff2527c662b41016c6cb5e99c01459968c95b1b,syntactic,4,ok,0,854.0416397154331,0,"[""/usr/bin/python3"", ""/home/arjaiswal/Polygeist/scripts/correctness/kernel_match_rewrite.py"", ""/home/arjaiswal/Polygeist/issues/aten_c_kernels/results/aten_upsample_nearest3d_backward_cpu/debuf.mlir"", ""--dry-run"", ""--matcher-mode"", ""syntactic"", ""--telemetry-json"", ""/home/arjaiswal/Polygeist/issues/equality_saturation_eval/campaign_20260908/aten-aten_upsample_nearest3d_backward_cpu-syntactic-tvatx6bp.json"", ""--disable-semantic-fallback""]","== match report for /home/arjaiswal/Polygeist/issues/aten_c_kernels/results/aten_upsample_nearest3d_backward_cpu/debuf.mlir ==
  match          body#[0]  memset_zero_1D_f32
  total: 1 matched / 1 bodies
",0,[],0,0,0,0,/home/arjaiswal/Polygeist/issues/aten_c_kernels/results/aten_upsample_nearest3d_backward_cpu/debuf.mlir,4082,0,1,1,296.4009568095207,0,64756,0.020660459995269775,0,2,0,0,"[{""body_indices"": [0], ""symbol"": ""memset_zero_1D_f32""}]",1,0,4,0.0,4
aten,aten_upsample_nearest3d_backward_cpu,/home/arjaiswal/Polygeist/issues/aten_c_kernels/results/aten_upsample_nearest3d_backward_cpu/debuf.mlir,81185950e54f2e234479e6443ff2527c662b41016c6cb5e99c01459968c95b1b,egglog,4,ok,0,1211.7317095398903,0,"[""/usr/bin/python3"", ""/home/arjaiswal/Polygeist/scripts/correctness/kernel_match_rewrite.py"", ""/home/arjaiswal/Polygeist/issues/aten_c_kernels/results/aten_upsample_nearest3d_backward_cpu/debuf.mlir"", ""--dry-run"", ""--matcher-mode"", ""egglog"", ""--telemetry-json"", ""/home/arjaiswal/Polygeist/issues/equality_saturation_eval/campaign_20260908/aten-aten_upsample_nearest3d_backward_cpu-egglog-9w19heed.json"", ""--disable-semantic-fallback""]","== match report for /home/arjaiswal/Polygeist/issues/aten_c_kernels/results/aten_upsample_nearest3d_backward_cpu/debuf.mlir ==
  match          body#[0]  memset_zero_1D_f32
  total: 1 matched / 1 bodies
",0,[],0,0,0,0,/home/arjaiswal/Polygeist/issues/aten_c_kernels/results/aten_upsample_nearest3d_backward_cpu/debuf.mlir,4082,8,1,1,591.7306505143642,0,69516,21.297968924045563,2,2,0,0,"[{""body_indices"": [0], ""symbol"": ""memset_zero_1D_f32""}]",1,0,0,0.0,4
aten,aten_upsample_nearest3d_backward_cpu,/home/arjaiswal/Polygeist/issues/aten_c_kernels/results/aten_upsample_nearest3d_backward_cpu/debuf.mlir,81185950e54f2e234479e6443ff2527c662b41016c6cb5e99c01459968c95b1b,egglog,5,ok,0,925.0534474849701,0,"[""/usr/bin/python3"", ""/home/arjaiswal/Polygeist/scripts/correctness/kernel_match_rewrite.py"", ""/home/arjaiswal/Polygeist/issues/aten_c_kernels/results/aten_upsample_nearest3d_backward_cpu/debuf.mlir"", ""--dry-run"", ""--matcher-mode"", ""egglog"", ""--telemetry-json"", ""/home/arjaiswal/Polygeist/issues/equality_saturation_eval/campaign_20260908/aten-aten_upsample_nearest3d_backward_cpu-egglog-9w9i7haw.json"", ""--disable-semantic-fallback""]","== match report for /home/arjaiswal/Polygeist/issues/aten_c_kernels/results/aten_upsample_nearest3d_backward_cpu/debuf.mlir ==
  match          body#[0]  memset_zero_1D_f32
  total: 1 matched / 1 bodies
",0,[],0,0,0,0,/home/arjaiswal/Polygeist/issues/aten_c_kernels/results/aten_upsample_nearest3d_backward_cpu/debuf.mlir,4082,8,1,1,427.7835302054882,0,69340,30.68631887435913,2,2,0,0,"[{""body_indices"": [0], ""symbol"": ""memset_zero_1D_f32""}]",1,0,0,0.0,4
aten,aten_upsample_nearest3d_backward_cpu,/home/arjaiswal/Polygeist/issues/aten_c_kernels/results/aten_upsample_nearest3d_backward_cpu/debuf.mlir,81185950e54f2e234479e6443ff2527c662b41016c6cb5e99c01459968c95b1b,syntactic,5,ok,0,832.5849510729313,0,"[""/usr/bin/python3"", ""/home/arjaiswal/Polygeist/scripts/correctness/kernel_match_rewrite.py"", ""/home/arjaiswal/Polygeist/issues/aten_c_kernels/results/aten_upsample_nearest3d_backward_cpu/debuf.mlir"", ""--dry-run"", ""--matcher-mode"", ""syntactic"", ""--telemetry-json"", ""/home/arjaiswal/Polygeist/issues/equality_saturation_eval/campaign_20260908/aten-aten_upsample_nearest3d_backward_cpu-syntactic-tdv1mb00.json"", ""--disable-semantic-fallback""]","== match report for /home/arjaiswal/Polygeist/issues/aten_c_kernels/results/aten_upsample_nearest3d_backward_cpu/debuf.mlir ==
  match          body#[0]  memset_zero_1D_f32
  total: 1 matched / 1 bodies
",0,[],0,0,0,0,/home/arjaiswal/Polygeist/issues/aten_c_kernels/results/aten_upsample_nearest3d_backward_cpu/debuf.mlir,4082,0,1,1,383.6231082677841,0,64872,0.01994892954826355,0,2,0,0,"[{""body_indices"": [0], ""symbol"": ""memset_zero_1D_f32""}]",1,0,4,0.0,4
aten,aten_upsample_nearest3d_cpu,/home/arjaiswal/Polygeist/issues/aten_c_kernels/results/aten_upsample_nearest3d_cpu/debuf.mlir,3cb60a2183e92b7a7ff99c058c25689215b18305e873fb69911def5857f98877,syntactic,1,ok,0,850.7675044238567,0,"[""/usr/bin/python3"", ""/home/arjaiswal/Polygeist/scripts/correctness/kernel_match_rewrite.py"", ""/home/arjaiswal/Polygeist/issues/aten_c_kernels/results/aten_upsample_nearest3d_cpu/debuf.mlir"", ""--dry-run"", ""--matcher-mode"", ""syntactic"", ""--telemetry-json"", ""/home/arjaiswal/Polygeist/issues/equality_saturation_eval/campaign_20260908/aten-aten_upsample_nearest3d_cpu-syntactic-5625mo1j.json"", ""--disable-semantic-fallback""]","== match report for /home/arjaiswal/Polygeist/issues/aten_c_kernels/results/aten_upsample_nearest3d_cpu/debuf.mlir ==
  no_match       body#0  ?
  total: 0 matched / 1 bodies
",0,[],0,0,0,0,/home/arjaiswal/Polygeist/issues/aten_c_kernels/results/aten_upsample_nearest3d_cpu/debuf.mlir,3696,0,1,0,323.79626110196114,1,64636,0.0,0,0,0,0,[],0,0,0,0.0,0
aten,aten_upsample_nearest3d_cpu,/home/arjaiswal/Polygeist/issues/aten_c_kernels/results/aten_upsample_nearest3d_cpu/debuf.mlir,3cb60a2183e92b7a7ff99c058c25689215b18305e873fb69911def5857f98877,egglog,1,ok,0,1510.4433372616768,0,"[""/usr/bin/python3"", ""/home/arjaiswal/Polygeist/scripts/correctness/kernel_match_rewrite.py"", ""/home/arjaiswal/Polygeist/issues/aten_c_kernels/results/aten_upsample_nearest3d_cpu/debuf.mlir"", ""--dry-run"", ""--matcher-mode"", ""egglog"", ""--telemetry-json"", ""/home/arjaiswal/Polygeist/issues/equality_saturation_eval/campaign_20260908/aten-aten_upsample_nearest3d_cpu-egglog-0dt79j37.json"", ""--disable-semantic-fallback""]","== match report for /home/arjaiswal/Polygeist/issues/aten_c_kernels/results/aten_upsample_nearest3d_cpu/debuf.mlir ==
  no_match       body#0  ?
  total: 0 matched / 1 bodies
",0,[],0,0,0,0,/home/arjaiswal/Polygeist/issues/aten_c_kernels/results/aten_upsample_nearest3d_cpu/debuf.mlir,3696,8,1,0,476.22639685869217,1,64716,0.0,0,0,0,0,[],0,0,0,0.0,0
aten,aten_upsample_nearest3d_cpu,/home/arjaiswal/Polygeist/issues/aten_c_kernels/results/aten_upsample_nearest3d_cpu/debuf.mlir,3cb60a2183e92b7a7ff99c058c25689215b18305e873fb69911def5857f98877,egglog,2,ok,0,755.8224909007549,0,"[""/usr/bin/python3"", ""/home/arjaiswal/Polygeist/scripts/correctness/kernel_match_rewrite.py"", ""/home/arjaiswal/Polygeist/issues/aten_c_kernels/results/aten_upsample_nearest3d_cpu/debuf.mlir"", ""--dry-run"", ""--matcher-mode"", ""egglog"", ""--telemetry-json"", ""/home/arjaiswal/Polygeist/issues/equality_saturation_eval/campaign_20260908/aten-aten_upsample_nearest3d_cpu-egglog-9bnnbfyf.json"", ""--disable-semantic-fallback""]","== match report for /home/arjaiswal/Polygeist/issues/aten_c_kernels/results/aten_upsample_nearest3d_cpu/debuf.mlir ==
  no_match       body#0  ?
  total: 0 matched / 1 bodies
",0,[],0,0,0,0,/home/arjaiswal/Polygeist/issues/aten_c_kernels/results/aten_upsample_nearest3d_cpu/debuf.mlir,3696,8,1,0,291.622344404459,1,64740,0.0,0,0,0,0,[],0,0,0,0.0,0
aten,aten_upsample_nearest3d_cpu,/home/arjaiswal/Polygeist/issues/aten_c_kernels/results/aten_upsample_nearest3d_cpu/debuf.mlir,3cb60a2183e92b7a7ff99c058c25689215b18305e873fb69911def5857f98877,syntactic,2,ok,0,982.9627610743046,0,"[""/usr/bin/python3"", ""/home/arjaiswal/Polygeist/scripts/correctness/kernel_match_rewrite.py"", ""/home/arjaiswal/Polygeist/issues/aten_c_kernels/results/aten_upsample_nearest3d_cpu/debuf.mlir"", ""--dry-run"", ""--matcher-mode"", ""syntactic"", ""--telemetry-json"", ""/home/arjaiswal/Polygeist/issues/equality_saturation_eval/campaign_20260908/aten-aten_upsample_nearest3d_cpu-syntactic-ggn7i6ey.json"", ""--disable-semantic-fallback""]","== match report for /home/arjaiswal/Polygeist/issues/aten_c_kernels/results/aten_upsample_nearest3d_cpu/debuf.mlir ==
  no_match       body#0  ?
  total: 0 matched / 1 bodies
",0,[],0,0,0,0,/home/arjaiswal/Polygeist/issues/aten_c_kernels/results/aten_upsample_nearest3d_cpu/debuf.mlir,3696,0,1,0,288.4123995900154,1,64552,0.0,0,0,0,0,[],0,0,0,0.0,0
aten,aten_upsample_nearest3d_cpu,/home/arjaiswal/Polygeist/issues/aten_c_kernels/results/aten_upsample_nearest3d_cpu/debuf.mlir,3cb60a2183e92b7a7ff99c058c25689215b18305e873fb69911def5857f98877,syntactic,3,ok,0,741.2931062281132,0,"[""/usr/bin/python3"", ""/home/arjaiswal/Polygeist/scripts/correctness/kernel_match_rewrite.py"", ""/home/arjaiswal/Polygeist/issues/aten_c_kernels/results/aten_upsample_nearest3d_cpu/debuf.mlir"", ""--dry-run"", ""--matcher-mode"", ""syntactic"", ""--telemetry-json"", ""/home/arjaiswal/Polygeist/issues/equality_saturation_eval/campaign_20260908/aten-aten_upsample_nearest3d_cpu-syntactic-t2xalq5q.json"", ""--disable-semantic-fallback""]","== match report for /home/arjaiswal/Polygeist/issues/aten_c_kernels/results/aten_upsample_nearest3d_cpu/debuf.mlir ==
  no_match       body#0  ?
  total: 0 matched / 1 bodies
",0,[],0,0,0,0,/home/arjaiswal/Polygeist/issues/aten_c_kernels/results/aten_upsample_nearest3d_cpu/debuf.mlir,3696,0,1,0,287.72298246622086,1,64720,0.0,0,0,0,0,[],0,0,0,0.0,0
aten,aten_upsample_nearest3d_cpu,/home/arjaiswal/Polygeist/issues/aten_c_kernels/results/aten_upsample_nearest3d_cpu/debuf.mlir,3cb60a2183e92b7a7ff99c058c25689215b18305e873fb69911def5857f98877,egglog,3,ok,0,884.6575990319252,0,"[""/usr/bin/python3"", ""/home/arjaiswal/Polygeist/scripts/correctness/kernel_match_rewrite.py"", ""/home/arjaiswal/Polygeist/issues/aten_c_kernels/results/aten_upsample_nearest3d_cpu/debuf.mlir"", ""--dry-run"", ""--matcher-mode"", ""egglog"", ""--telemetry-json"", ""/home/arjaiswal/Polygeist/issues/equality_saturation_eval/campaign_20260908/aten-aten_upsample_nearest3d_cpu-egglog-1w4cwq_6.json"", ""--disable-semantic-fallback""]","== match report for /home/arjaiswal/Polygeist/issues/aten_c_kernels/results/aten_upsample_nearest3d_cpu/debuf.mlir ==
  no_match       body#0  ?
  total: 0 matched / 1 bodies
",0,[],0,0,0,0,/home/arjaiswal/Polygeist/issues/aten_c_kernels/results/aten_upsample_nearest3d_cpu/debuf.mlir,3696,8,1,0,384.72580537199974,1,64940,0.0,0,0,0,0,[],0,0,0,0.0,0
aten,aten_upsample_nearest3d_cpu,/home/arjaiswal/Polygeist/issues/aten_c_kernels/results/aten_upsample_nearest3d_cpu/debuf.mlir,3cb60a2183e92b7a7ff99c058c25689215b18305e873fb69911def5857f98877,egglog,4,ok,0,1072.7413594722748,0,"[""/usr/bin/python3"", ""/home/arjaiswal/Polygeist/scripts/correctness/kernel_match_rewrite.py"", ""/home/arjaiswal/Polygeist/issues/aten_c_kernels/results/aten_upsample_nearest3d_cpu/debuf.mlir"", ""--dry-run"", ""--matcher-mode"", ""egglog"", ""--telemetry-json"", ""/home/arjaiswal/Polygeist/issues/equality_saturation_eval/campaign_20260908/aten-aten_upsample_nearest3d_cpu-egglog-htxvwqeo.json"", ""--disable-semantic-fallback""]","== match report for /home/arjaiswal/Polygeist/issues/aten_c_kernels/results/aten_upsample_nearest3d_cpu/debuf.mlir ==
  no_match       body#0  ?
  total: 0 matched / 1 bodies
",0,[],0,0,0,0,/home/arjaiswal/Polygeist/issues/aten_c_kernels/results/aten_upsample_nearest3d_cpu/debuf.mlir,3696,8,1,0,374.72135573625565,1,64428,0.0,0,0,0,0,[],0,0,0,0.0,0
aten,aten_upsample_nearest3d_cpu,/home/arjaiswal/Polygeist/issues/aten_c_kernels/results/aten_upsample_nearest3d_cpu/debuf.mlir,3cb60a2183e92b7a7ff99c058c25689215b18305e873fb69911def5857f98877,syntactic,4,ok,0,1413.480170071125,0,"[""/usr/bin/python3"", ""/home/arjaiswal/Polygeist/scripts/correctness/kernel_match_rewrite.py"", ""/home/arjaiswal/Polygeist/issues/aten_c_kernels/results/aten_upsample_nearest3d_cpu/debuf.mlir"", ""--dry-run"", ""--matcher-mode"", ""syntactic"", ""--telemetry-json"", ""/home/arjaiswal/Polygeist/issues/equality_saturation_eval/campaign_20260908/aten-aten_upsample_nearest3d_cpu-syntactic-yvihv6fm.json"", ""--disable-semantic-fallback""]","== match report for /home/arjaiswal/Polygeist/issues/aten_c_kernels/results/aten_upsample_nearest3d_cpu/debuf.mlir ==
  no_match       body#0  ?
  total: 0 matched / 1 bodies
",0,[],0,0,0,0,/home/arjaiswal/Polygeist/issues/aten_c_kernels/results/aten_upsample_nearest3d_cpu/debuf.mlir,3696,0,1,0,573.5974051058292,1,64632,0.0,0,0,0,0,[],0,0,0,0.0,0
aten,aten_upsample_nearest3d_cpu,/home/arjaiswal/Polygeist/issues/aten_c_kernels/results/aten_upsample_nearest3d_cpu/debuf.mlir,3cb60a2183e92b7a7ff99c058c25689215b18305e873fb69911def5857f98877,syntactic,5,ok,0,803.2458573579788,0,"[""/usr/bin/python3"", ""/home/arjaiswal/Polygeist/scripts/correctness/kernel_match_rewrite.py"", ""/home/arjaiswal/Polygeist/issues/aten_c_kernels/results/aten_upsample_nearest3d_cpu/debuf.mlir"", ""--dry-run"", ""--matcher-mode"", ""syntactic"", ""--telemetry-json"", ""/home/arjaiswal/Polygeist/issues/equality_saturation_eval/campaign_20260908/aten-aten_upsample_nearest3d_cpu-syntactic-50vg56z8.json"", ""--disable-semantic-fallback""]","== match report for /home/arjaiswal/Polygeist/issues/aten_c_kernels/results/aten_upsample_nearest3d_cpu/debuf.mlir ==
  no_match       body#0  ?
  total: 0 matched / 1 bodies
",0,[],0,0,0,0,/home/arjaiswal/Polygeist/issues/aten_c_kernels/results/aten_upsample_nearest3d_cpu/debuf.mlir,3696,0,1,0,298.19124937057495,1,64880,0.0,0,0,0,0,[],0,0,0,0.0,0
aten,aten_upsample_nearest3d_cpu,/home/arjaiswal/Polygeist/issues/aten_c_kernels/results/aten_upsample_nearest3d_cpu/debuf.mlir,3cb60a2183e92b7a7ff99c058c25689215b18305e873fb69911def5857f98877,egglog,5,ok,0,912.3472087085247,0,"[""/usr/bin/python3"", ""/home/arjaiswal/Polygeist/scripts/correctness/kernel_match_rewrite.py"", ""/home/arjaiswal/Polygeist/issues/aten_c_kernels/results/aten_upsample_nearest3d_cpu/debuf.mlir"", ""--dry-run"", ""--matcher-mode"", ""egglog"", ""--telemetry-json"", ""/home/arjaiswal/Polygeist/issues/equality_saturation_eval/campaign_20260908/aten-aten_upsample_nearest3d_cpu-egglog-agxjsf3m.json"", ""--disable-semantic-fallback""]","== match report for /home/arjaiswal/Polygeist/issues/aten_c_kernels/results/aten_upsample_nearest3d_cpu/debuf.mlir ==
  no_match       body#0  ?
  total: 0 matched / 1 bodies
",0,[],0,0,0,0,/home/arjaiswal/Polygeist/issues/aten_c_kernels/results/aten_upsample_nearest3d_cpu/debuf.mlir,3696,8,1,0,354.0344052016735,1,64744,0.0,0,0,0,0,[],0,0,0,0.0,0
aten,aten_upsample_nearest_exact1d_backward_cpu,/home/arjaiswal/Polygeist/issues/aten_c_kernels/results/aten_upsample_nearest_exact1d_backward_cpu/debuf.mlir,e514509202bb99690c28911ca72fe11eb9c217f29689b378e774a8e6589c7ad5,egglog,1,ok,0,802.6986494660378,0,"[""/usr/bin/python3"", ""/home/arjaiswal/Polygeist/scripts/correctness/kernel_match_rewrite.py"", ""/home/arjaiswal/Polygeist/issues/aten_c_kernels/results/aten_upsample_nearest_exact1d_backward_cpu/debuf.mlir"", ""--dry-run"", ""--matcher-mode"", ""egglog"", ""--telemetry-json"", ""/home/arjaiswal/Polygeist/issues/equality_saturation_eval/campaign_20260908/aten-aten_upsample_nearest_exact1d_backward_cpu-egglog-kzbs69kc.json"", ""--disable-semantic-fallback""]","== match report for /home/arjaiswal/Polygeist/issues/aten_c_kernels/results/aten_upsample_nearest_exact1d_backward_cpu/debuf.mlir ==
  match          body#[0]  memset_zero_1D_f32
  total: 1 matched / 1 bodies
",0,[],0,0,0,0,/home/arjaiswal/Polygeist/issues/aten_c_kernels/results/aten_upsample_nearest_exact1d_backward_cpu/debuf.mlir,3066,8,1,1,331.02433383464813,0,69372,30.766166746616364,2,2,0,0,"[{""body_indices"": [0], ""symbol"": ""memset_zero_1D_f32""}]",1,0,0,0.0,4
aten,aten_upsample_nearest_exact1d_backward_cpu,/home/arjaiswal/Polygeist/issues/aten_c_kernels/results/aten_upsample_nearest_exact1d_backward_cpu/debuf.mlir,e514509202bb99690c28911ca72fe11eb9c217f29689b378e774a8e6589c7ad5,syntactic,1,ok,0,1032.139077782631,0,"[""/usr/bin/python3"", ""/home/arjaiswal/Polygeist/scripts/correctness/kernel_match_rewrite.py"", ""/home/arjaiswal/Polygeist/issues/aten_c_kernels/results/aten_upsample_nearest_exact1d_backward_cpu/debuf.mlir"", ""--dry-run"", ""--matcher-mode"", ""syntactic"", ""--telemetry-json"", ""/home/arjaiswal/Polygeist/issues/equality_saturation_eval/campaign_20260908/aten-aten_upsample_nearest_exact1d_backward_cpu-syntactic-k97pu8i8.json"", ""--disable-semantic-fallback""]","== match report for /home/arjaiswal/Polygeist/issues/aten_c_kernels/results/aten_upsample_nearest_exact1d_backward_cpu/debuf.mlir ==
  match          body#[0]  memset_zero_1D_f32
  total: 1 matched / 1 bodies
",0,[],0,0,0,0,/home/arjaiswal/Polygeist/issues/aten_c_kernels/results/aten_upsample_nearest_exact1d_backward_cpu/debuf.mlir,3066,0,1,1,289.0757657587528,0,64692,0.018440186977386475,0,2,0,0,"[{""body_indices"": [0], ""symbol"": ""memset_zero_1D_f32""}]",1,0,4,0.0,4
aten,aten_upsample_nearest_exact1d_backward_cpu,/home/arjaiswal/Polygeist/issues/aten_c_kernels/results/aten_upsample_nearest_exact1d_backward_cpu/debuf.mlir,e514509202bb99690c28911ca72fe11eb9c217f29689b378e774a8e6589c7ad5,syntactic,2,ok,0,1272.487260401249,0,"[""/usr/bin/python3"", ""/home/arjaiswal/Polygeist/scripts/correctness/kernel_match_rewrite.py"", ""/home/arjaiswal/Polygeist/issues/aten_c_kernels/results/aten_upsample_nearest_exact1d_backward_cpu/debuf.mlir"", ""--dry-run"", ""--matcher-mode"", ""syntactic"", ""--telemetry-json"", ""/home/arjaiswal/Polygeist/issues/equality_saturation_eval/campaign_20260908/aten-aten_upsample_nearest_exact1d_backward_cpu-syntactic-4zv9ot7f.json"", ""--disable-semantic-fallback""]","== match report for /home/arjaiswal/Polygeist/issues/aten_c_kernels/results/aten_upsample_nearest_exact1d_backward_cpu/debuf.mlir ==
  match          body#[0]  memset_zero_1D_f32
  total: 1 matched / 1 bodies
",0,[],0,0,0,0,/home/arjaiswal/Polygeist/issues/aten_c_kernels/results/aten_upsample_nearest_exact1d_backward_cpu/debuf.mlir,3066,0,1,1,624.1482980549335,0,64628,0.02372637391090393,0,2,0,0,"[{""body_indices"": [0], ""symbol"": ""memset_zero_1D_f32""}]",1,0,4,0.0,4
aten,aten_upsample_nearest_exact1d_backward_cpu,/home/arjaiswal/Polygeist/issues/aten_c_kernels/results/aten_upsample_nearest_exact1d_backward_cpu/debuf.mlir,e514509202bb99690c28911ca72fe11eb9c217f29689b378e774a8e6589c7ad5,egglog,2,ok,0,820.6433951854706,0,"[""/usr/bin/python3"", ""/home/arjaiswal/Polygeist/scripts/correctness/kernel_match_rewrite.py"", ""/home/arjaiswal/Polygeist/issues/aten_c_kernels/results/aten_upsample_nearest_exact1d_backward_cpu/debuf.mlir"", ""--dry-run"", ""--matcher-mode"", ""egglog"", ""--telemetry-json"", ""/home/arjaiswal/Polygeist/issues/equality_saturation_eval/campaign_20260908/aten-aten_upsample_nearest_exact1d_backward_cpu-egglog-04evmf91.json"", ""--disable-semantic-fallback""]","== match report for /home/arjaiswal/Polygeist/issues/aten_c_kernels/results/aten_upsample_nearest_exact1d_backward_cpu/debuf.mlir ==
  match          body#[0]  memset_zero_1D_f32
  total: 1 matched / 1 bodies
",0,[],0,0,0,0,/home/arjaiswal/Polygeist/issues/aten_c_kernels/results/aten_upsample_nearest_exact1d_backward_cpu/debuf.mlir,3066,8,1,1,304.3138384819031,0,69336,24.07234162092209,2,2,0,0,"[{""body_indices"": [0], ""symbol"": ""memset_zero_1D_f32""}]",1,0,0,0.0,4
aten,aten_upsample_nearest_exact1d_backward_cpu,/home/arjaiswal/Polygeist/issues/aten_c_kernels/results/aten_upsample_nearest_exact1d_backward_cpu/debuf.mlir,e514509202bb99690c28911ca72fe11eb9c217f29689b378e774a8e6589c7ad5,egglog,3,ok,0,802.2301830351353,0,"[""/usr/bin/python3"", ""/home/arjaiswal/Polygeist/scripts/correctness/kernel_match_rewrite.py"", ""/home/arjaiswal/Polygeist/issues/aten_c_kernels/results/aten_upsample_nearest_exact1d_backward_cpu/debuf.mlir"", ""--dry-run"", ""--matcher-mode"", ""egglog"", ""--telemetry-json"", ""/home/arjaiswal/Polygeist/issues/equality_saturation_eval/campaign_20260908/aten-aten_upsample_nearest_exact1d_backward_cpu-egglog-edfaos9_.json"", ""--disable-semantic-fallback""]","== match report for /home/arjaiswal/Polygeist/issues/aten_c_kernels/results/aten_upsample_nearest_exact1d_backward_cpu/debuf.mlir ==
  match          body#[0]  memset_zero_1D_f32
  total: 1 matched / 1 bodies
",0,[],0,0,0,0,/home/arjaiswal/Polygeist/issues/aten_c_kernels/results/aten_upsample_nearest_exact1d_backward_cpu/debuf.mlir,3066,8,1,1,324.06413927674294,0,69308,24.37523752450943,2,2,0,0,"[{""body_indices"": [0], ""symbol"": ""memset_zero_1D_f32""}]",1,0,0,0.0,4
aten,aten_upsample_nearest_exact1d_backward_cpu,/home/arjaiswal/Polygeist/issues/aten_c_kernels/results/aten_upsample_nearest_exact1d_backward_cpu/debuf.mlir,e514509202bb99690c28911ca72fe11eb9c217f29689b378e774a8e6589c7ad5,syntactic,3,ok,0,763.0633562803268,0,"[""/usr/bin/python3"", ""/home/arjaiswal/Polygeist/scripts/correctness/kernel_match_rewrite.py"", ""/home/arjaiswal/Polygeist/issues/aten_c_kernels/results/aten_upsample_nearest_exact1d_backward_cpu/debuf.mlir"", ""--dry-run"", ""--matcher-mode"", ""syntactic"", ""--telemetry-json"", ""/home/arjaiswal/Polygeist/issues/equality_saturation_eval/campaign_20260908/aten-aten_upsample_nearest_exact1d_backward_cpu-syntactic-ur03bizp.json"", ""--disable-semantic-fallback""]","== match report for /home/arjaiswal/Polygeist/issues/aten_c_kernels/results/aten_upsample_nearest_exact1d_backward_cpu/debuf.mlir ==
  match          body#[0]  memset_zero_1D_f32
  total: 1 matched / 1 bodies
",0,[],0,0,0,0,/home/arjaiswal/Polygeist/issues/aten_c_kernels/results/aten_upsample_nearest_exact1d_backward_cpu/debuf.mlir,3066,0,1,1,304.3810464441776,0,64672,0.020205974578857422,0,2,0,0,"[{""body_indices"": [0], ""symbol"": ""memset_zero_1D_f32""}]",1,0,4,0.0,4
aten,aten_upsample_nearest_exact1d_backward_cpu,/home/arjaiswal/Polygeist/issues/aten_c_kernels/results/aten_upsample_nearest_exact1d_backward_cpu/debuf.mlir,e514509202bb99690c28911ca72fe11eb9c217f29689b378e774a8e6589c7ad5,syntactic,4,ok,0,1072.8964768350124,0,"[""/usr/bin/python3"", ""/home/arjaiswal/Polygeist/scripts/correctness/kernel_match_rewrite.py"", ""/home/arjaiswal/Polygeist/issues/aten_c_kernels/results/aten_upsample_nearest_exact1d_backward_cpu/debuf.mlir"", ""--dry-run"", ""--matcher-mode"", ""syntactic"", ""--telemetry-json"", ""/home/arjaiswal/Polygeist/issues/equality_saturation_eval/campaign_20260908/aten-aten_upsample_nearest_exact1d_backward_cpu-syntactic-fzg90snj.json"", ""--disable-semantic-fallback""]","== match report for /home/arjaiswal/Polygeist/issues/aten_c_kernels/results/aten_upsample_nearest_exact1d_backward_cpu/debuf.mlir ==
  match          body#[0]  memset_zero_1D_f32
  total: 1 matched / 1 bodies
",0,[],0,0,0,0,/home/arjaiswal/Polygeist/issues/aten_c_kernels/results/aten_upsample_nearest_exact1d_backward_cpu/debuf.mlir,3066,0,1,1,353.7859320640564,0,64416,0.022254884243011475,0,2,0,0,"[{""body_indices"": [0], ""symbol"": ""memset_zero_1D_f32""}]",1,0,4,0.0,4
aten,aten_upsample_nearest_exact1d_backward_cpu,/home/arjaiswal/Polygeist/issues/aten_c_kernels/results/aten_upsample_nearest_exact1d_backward_cpu/debuf.mlir,e514509202bb99690c28911ca72fe11eb9c217f29689b378e774a8e6589c7ad5,egglog,4,ok,0,1062.0732493698597,0,"[""/usr/bin/python3"", ""/home/arjaiswal/Polygeist/scripts/correctness/kernel_match_rewrite.py"", ""/home/arjaiswal/Polygeist/issues/aten_c_kernels/results/aten_upsample_nearest_exact1d_backward_cpu/debuf.mlir"", ""--dry-run"", ""--matcher-mode"", ""egglog"", ""--telemetry-json"", ""/home/arjaiswal/Polygeist/issues/equality_saturation_eval/campaign_20260908/aten-aten_upsample_nearest_exact1d_backward_cpu-egglog-3h5vsfkr.json"", ""--disable-semantic-fallback""]","== match report for /home/arjaiswal/Polygeist/issues/aten_c_kernels/results/aten_upsample_nearest_exact1d_backward_cpu/debuf.mlir ==
  match          body#[0]  memset_zero_1D_f32
  total: 1 matched / 1 bodies
",0,[],0,0,0,0,/home/arjaiswal/Polygeist/issues/aten_c_kernels/results/aten_upsample_nearest_exact1d_backward_cpu/debuf.mlir,3066,8,1,1,464.5377807319164,0,69524,58.631911873817444,2,2,0,0,"[{""body_indices"": [0], ""symbol"": ""memset_zero_1D_f32""}]",1,0,0,0.0,4
aten,aten_upsample_nearest_exact1d_backward_cpu,/home/arjaiswal/Polygeist/issues/aten_c_kernels/results/aten_upsample_nearest_exact1d_backward_cpu/debuf.mlir,e514509202bb99690c28911ca72fe11eb9c217f29689b378e774a8e6589c7ad5,egglog,5,ok,0,1652.155615389347,0,"[""/usr/bin/python3"", ""/home/arjaiswal/Polygeist/scripts/correctness/kernel_match_rewrite.py"", ""/home/arjaiswal/Polygeist/issues/aten_c_kernels/results/aten_upsample_nearest_exact1d_backward_cpu/debuf.mlir"", ""--dry-run"", ""--matcher-mode"", ""egglog"", ""--telemetry-json"", ""/home/arjaiswal/Polygeist/issues/equality_saturation_eval/campaign_20260908/aten-aten_upsample_nearest_exact1d_backward_cpu-egglog-9ro64oge.json"", ""--disable-semantic-fallback""]","== match report for /home/arjaiswal/Polygeist/issues/aten_c_kernels/results/aten_upsample_nearest_exact1d_backward_cpu/debuf.mlir ==
  match          body#[0]  memset_zero_1D_f32
  total: 1 matched / 1 bodies
",0,[],0,0,0,0,/home/arjaiswal/Polygeist/issues/aten_c_kernels/results/aten_upsample_nearest_exact1d_backward_cpu/debuf.mlir,3066,8,1,1,689.1199462115765,0,69180,27.88471058011055,2,2,0,0,"[{""body_indices"": [0], ""symbol"": ""memset_zero_1D_f32""}]",1,0,0,0.0,4
aten,aten_upsample_nearest_exact1d_backward_cpu,/home/arjaiswal/Polygeist/issues/aten_c_kernels/results/aten_upsample_nearest_exact1d_backward_cpu/debuf.mlir,e514509202bb99690c28911ca72fe11eb9c217f29689b378e774a8e6589c7ad5,syntactic,5,ok,0,862.6380003988743,0,"[""/usr/bin/python3"", ""/home/arjaiswal/Polygeist/scripts/correctness/kernel_match_rewrite.py"", ""/home/arjaiswal/Polygeist/issues/aten_c_kernels/results/aten_upsample_nearest_exact1d_backward_cpu/debuf.mlir"", ""--dry-run"", ""--matcher-mode"", ""syntactic"", ""--telemetry-json"", ""/home/arjaiswal/Polygeist/issues/equality_saturation_eval/campaign_20260908/aten-aten_upsample_nearest_exact1d_backward_cpu-syntactic-qrx086pg.json"", ""--disable-semantic-fallback""]","== match report for /home/arjaiswal/Polygeist/issues/aten_c_kernels/results/aten_upsample_nearest_exact1d_backward_cpu/debuf.mlir ==
  match          body#[0]  memset_zero_1D_f32
  total: 1 matched / 1 bodies
",0,[],0,0,0,0,/home/arjaiswal/Polygeist/issues/aten_c_kernels/results/aten_upsample_nearest_exact1d_backward_cpu/debuf.mlir,3066,0,1,1,359.8957248032093,0,64612,0.021502375602722168,0,2,0,0,"[{""body_indices"": [0], ""symbol"": ""memset_zero_1D_f32""}]",1,0,4,0.0,4
aten,aten_upsample_nearest_exact1d_cpu,/home/arjaiswal/Polygeist/issues/aten_c_kernels/results/aten_upsample_nearest_exact1d_cpu/debuf.mlir,160592f27e3020f4f4591c786b38f69cae7390fa39b1b6fded763a609255f71d,syntactic,1,ok,0,943.6822235584259,0,"[""/usr/bin/python3"", ""/home/arjaiswal/Polygeist/scripts/correctness/kernel_match_rewrite.py"", ""/home/arjaiswal/Polygeist/issues/aten_c_kernels/results/aten_upsample_nearest_exact1d_cpu/debuf.mlir"", ""--dry-run"", ""--matcher-mode"", ""syntactic"", ""--telemetry-json"", ""/home/arjaiswal/Polygeist/issues/equality_saturation_eval/campaign_20260908/aten-aten_upsample_nearest_exact1d_cpu-syntactic-t3_e2c3e.json"", ""--disable-semantic-fallback""]","== match report for /home/arjaiswal/Polygeist/issues/aten_c_kernels/results/aten_upsample_nearest_exact1d_cpu/debuf.mlir ==
  no_match       body#0  ?
  total: 0 matched / 1 bodies
",0,[],0,0,0,0,/home/arjaiswal/Polygeist/issues/aten_c_kernels/results/aten_upsample_nearest_exact1d_cpu/debuf.mlir,2824,0,1,0,379.77641075849533,1,64664,0.026103109121322632,0,0,0,0,[],0,0,4,0.0,4
aten,aten_upsample_nearest_exact1d_cpu,/home/arjaiswal/Polygeist/issues/aten_c_kernels/results/aten_upsample_nearest_exact1d_cpu/debuf.mlir,160592f27e3020f4f4591c786b38f69cae7390fa39b1b6fded763a609255f71d,egglog,1,ok,0,949.4973421096802,0,"[""/usr/bin/python3"", ""/home/arjaiswal/Polygeist/scripts/correctness/kernel_match_rewrite.py"", ""/home/arjaiswal/Polygeist/issues/aten_c_kernels/results/aten_upsample_nearest_exact1d_cpu/debuf.mlir"", ""--dry-run"", ""--matcher-mode"", ""egglog"", ""--telemetry-json"", ""/home/arjaiswal/Polygeist/issues/equality_saturation_eval/campaign_20260908/aten-aten_upsample_nearest_exact1d_cpu-egglog-3e6zbdff.json"", ""--disable-semantic-fallback""]","== match report for /home/arjaiswal/Polygeist/issues/aten_c_kernels/results/aten_upsample_nearest_exact1d_cpu/debuf.mlir ==
  no_match       body#0  ?
  total: 0 matched / 1 bodies
",0,[],0,0,0,0,/home/arjaiswal/Polygeist/issues/aten_c_kernels/results/aten_upsample_nearest_exact1d_cpu/debuf.mlir,2824,8,1,0,305.4126612842083,1,64864,0.0,0,0,0,0,[],0,0,0,0.0,4
aten,aten_upsample_nearest_exact1d_cpu,/home/arjaiswal/Polygeist/issues/aten_c_kernels/results/aten_upsample_nearest_exact1d_cpu/debuf.mlir,160592f27e3020f4f4591c786b38f69cae7390fa39b1b6fded763a609255f71d,egglog,2,ok,0,932.6432794332504,0,"[""/usr/bin/python3"", ""/home/arjaiswal/Polygeist/scripts/correctness/kernel_match_rewrite.py"", ""/home/arjaiswal/Polygeist/issues/aten_c_kernels/results/aten_upsample_nearest_exact1d_cpu/debuf.mlir"", ""--dry-run"", ""--matcher-mode"", ""egglog"", ""--telemetry-json"", ""/home/arjaiswal/Polygeist/issues/equality_saturation_eval/campaign_20260908/aten-aten_upsample_nearest_exact1d_cpu-egglog-b457uhz1.json"", ""--disable-semantic-fallback""]","== match report for /home/arjaiswal/Polygeist/issues/aten_c_kernels/results/aten_upsample_nearest_exact1d_cpu/debuf.mlir ==
  no_match       body#0  ?
  total: 0 matched / 1 bodies
",0,[],0,0,0,0,/home/arjaiswal/Polygeist/issues/aten_c_kernels/results/aten_upsample_nearest_exact1d_cpu/debuf.mlir,2824,8,1,0,334.2413268983364,1,64616,0.0,0,0,0,0,[],0,0,0,0.0,4
aten,aten_upsample_nearest_exact1d_cpu,/home/arjaiswal/Polygeist/issues/aten_c_kernels/results/aten_upsample_nearest_exact1d_cpu/debuf.mlir,160592f27e3020f4f4591c786b38f69cae7390fa39b1b6fded763a609255f71d,syntactic,2,ok,0,1842.152126133442,0,"[""/usr/bin/python3"", ""/home/arjaiswal/Polygeist/scripts/correctness/kernel_match_rewrite.py"", ""/home/arjaiswal/Polygeist/issues/aten_c_kernels/results/aten_upsample_nearest_exact1d_cpu/debuf.mlir"", ""--dry-run"", ""--matcher-mode"", ""syntactic"", ""--telemetry-json"", ""/home/arjaiswal/Polygeist/issues/equality_saturation_eval/campaign_20260908/aten-aten_upsample_nearest_exact1d_cpu-syntactic-of6_xa3g.json"", ""--disable-semantic-fallback""]","== match report for /home/arjaiswal/Polygeist/issues/aten_c_kernels/results/aten_upsample_nearest_exact1d_cpu/debuf.mlir ==
  no_match       body#0  ?
  total: 0 matched / 1 bodies
",0,[],0,0,0,0,/home/arjaiswal/Polygeist/issues/aten_c_kernels/results/aten_upsample_nearest_exact1d_cpu/debuf.mlir,2824,0,1,0,623.3549304306507,1,64760,0.018130987882614136,0,0,0,0,[],0,0,4,0.0,4
aten,aten_upsample_nearest_exact1d_cpu,/home/arjaiswal/Polygeist/issues/aten_c_kernels/results/aten_upsample_nearest_exact1d_cpu/debuf.mlir,160592f27e3020f4f4591c786b38f69cae7390fa39b1b6fded763a609255f71d,syntactic,3,ok,0,1006.6064186394215,0,"[""/usr/bin/python3"", ""/home/arjaiswal/Polygeist/scripts/correctness/kernel_match_rewrite.py"", ""/home/arjaiswal/Polygeist/issues/aten_c_kernels/results/aten_upsample_nearest_exact1d_cpu/debuf.mlir"", ""--dry-run"", ""--matcher-mode"", ""syntactic"", ""--telemetry-json"", ""/home/arjaiswal/Polygeist/issues/equality_saturation_eval/campaign_20260908/aten-aten_upsample_nearest_exact1d_cpu-syntactic-vpuf_o2h.json"", ""--disable-semantic-fallback""]","== match report for /home/arjaiswal/Polygeist/issues/aten_c_kernels/results/aten_upsample_nearest_exact1d_cpu/debuf.mlir ==
  no_match       body#0  ?
  total: 0 matched / 1 bodies
",0,[],0,0,0,0,/home/arjaiswal/Polygeist/issues/aten_c_kernels/results/aten_upsample_nearest_exact1d_cpu/debuf.mlir,2824,0,1,0,325.28866827487946,1,64308,0.01757591962814331,0,0,0,0,[],0,0,4,0.0,4
aten,aten_upsample_nearest_exact1d_cpu,/home/arjaiswal/Polygeist/issues/aten_c_kernels/results/aten_upsample_nearest_exact1d_cpu/debuf.mlir,160592f27e3020f4f4591c786b38f69cae7390fa39b1b6fded763a609255f71d,egglog,3,ok,0,1792.3967204988003,0,"[""/usr/bin/python3"", ""/home/arjaiswal/Polygeist/scripts/correctness/kernel_match_rewrite.py"", ""/home/arjaiswal/Polygeist/issues/aten_c_kernels/results/aten_upsample_nearest_exact1d_cpu/debuf.mlir"", ""--dry-run"", ""--matcher-mode"", ""egglog"", ""--telemetry-json"", ""/home/arjaiswal/Polygeist/issues/equality_saturation_eval/campaign_20260908/aten-aten_upsample_nearest_exact1d_cpu-egglog-11yaaa5g.json"", ""--disable-semantic-fallback""]","== match report for /home/arjaiswal/Polygeist/issues/aten_c_kernels/results/aten_upsample_nearest_exact1d_cpu/debuf.mlir ==
  no_match       body#0  ?
  total: 0 matched / 1 bodies
",0,[],0,0,0,0,/home/arjaiswal/Polygeist/issues/aten_c_kernels/results/aten_upsample_nearest_exact1d_cpu/debuf.mlir,2824,8,1,0,738.2396198809147,1,64768,0.0,0,0,0,0,[],0,0,0,0.0,4
aten,aten_upsample_nearest_exact1d_cpu,/home/arjaiswal/Polygeist/issues/aten_c_kernels/results/aten_upsample_nearest_exact1d_cpu/debuf.mlir,160592f27e3020f4f4591c786b38f69cae7390fa39b1b6fded763a609255f71d,egglog,4,ok,0,1764.1203589737415,0,"[""/usr/bin/python3"", ""/home/arjaiswal/Polygeist/scripts/correctness/kernel_match_rewrite.py"", ""/home/arjaiswal/Polygeist/issues/aten_c_kernels/results/aten_upsample_nearest_exact1d_cpu/debuf.mlir"", ""--dry-run"", ""--matcher-mode"", ""egglog"", ""--telemetry-json"", ""/home/arjaiswal/Polygeist/issues/equality_saturation_eval/campaign_20260908/aten-aten_upsample_nearest_exact1d_cpu-egglog-fggdvtcx.json"", ""--disable-semantic-fallback""]","== match report for /home/arjaiswal/Polygeist/issues/aten_c_kernels/results/aten_upsample_nearest_exact1d_cpu/debuf.mlir ==
  no_match       body#0  ?
  total: 0 matched / 1 bodies
",0,[],0,0,0,0,/home/arjaiswal/Polygeist/issues/aten_c_kernels/results/aten_upsample_nearest_exact1d_cpu/debuf.mlir,2824,8,1,0,736.1558936536312,1,64804,0.0,0,0,0,0,[],0,0,0,0.0,4
aten,aten_upsample_nearest_exact1d_cpu,/home/arjaiswal/Polygeist/issues/aten_c_kernels/results/aten_upsample_nearest_exact1d_cpu/debuf.mlir,160592f27e3020f4f4591c786b38f69cae7390fa39b1b6fded763a609255f71d,syntactic,4,ok,0,1336.6296291351318,0,"[""/usr/bin/python3"", ""/home/arjaiswal/Polygeist/scripts/correctness/kernel_match_rewrite.py"", ""/home/arjaiswal/Polygeist/issues/aten_c_kernels/results/aten_upsample_nearest_exact1d_cpu/debuf.mlir"", ""--dry-run"", ""--matcher-mode"", ""syntactic"", ""--telemetry-json"", ""/home/arjaiswal/Polygeist/issues/equality_saturation_eval/campaign_20260908/aten-aten_upsample_nearest_exact1d_cpu-syntactic-42w2ff_k.json"", ""--disable-semantic-fallback""]","== match report for /home/arjaiswal/Polygeist/issues/aten_c_kernels/results/aten_upsample_nearest_exact1d_cpu/debuf.mlir ==
  no_match       body#0  ?
  total: 0 matched / 1 bodies
",0,[],0,0,0,0,/home/arjaiswal/Polygeist/issues/aten_c_kernels/results/aten_upsample_nearest_exact1d_cpu/debuf.mlir,2824,0,1,0,736.6835884749889,1,64940,0.025704503059387207,0,0,0,0,[],0,0,4,0.0,4
aten,aten_upsample_nearest_exact1d_cpu,/home/arjaiswal/Polygeist/issues/aten_c_kernels/results/aten_upsample_nearest_exact1d_cpu/debuf.mlir,160592f27e3020f4f4591c786b38f69cae7390fa39b1b6fded763a609255f71d,syntactic,5,ok,0,1415.297269821167,0,"[""/usr/bin/python3"", ""/home/arjaiswal/Polygeist/scripts/correctness/kernel_match_rewrite.py"", ""/home/arjaiswal/Polygeist/issues/aten_c_kernels/results/aten_upsample_nearest_exact1d_cpu/debuf.mlir"", ""--dry-run"", ""--matcher-mode"", ""syntactic"", ""--telemetry-json"", ""/home/arjaiswal/Polygeist/issues/equality_saturation_eval/campaign_20260908/aten-aten_upsample_nearest_exact1d_cpu-syntactic-4xhtlvbz.json"", ""--disable-semantic-fallback""]","== match report for /home/arjaiswal/Polygeist/issues/aten_c_kernels/results/aten_upsample_nearest_exact1d_cpu/debuf.mlir ==
  no_match       body#0  ?
  total: 0 matched / 1 bodies
",0,[],0,0,0,0,/home/arjaiswal/Polygeist/issues/aten_c_kernels/results/aten_upsample_nearest_exact1d_cpu/debuf.mlir,2824,0,1,0,508.3770267665386,1,64552,0.023096799850463867,0,0,0,0,[],0,0,4,0.0,4
aten,aten_upsample_nearest_exact1d_cpu,/home/arjaiswal/Polygeist/issues/aten_c_kernels/results/aten_upsample_nearest_exact1d_cpu/debuf.mlir,160592f27e3020f4f4591c786b38f69cae7390fa39b1b6fded763a609255f71d,egglog,5,ok,0,788.3450984954834,0,"[""/usr/bin/python3"", ""/home/arjaiswal/Polygeist/scripts/correctness/kernel_match_rewrite.py"", ""/home/arjaiswal/Polygeist/issues/aten_c_kernels/results/aten_upsample_nearest_exact1d_cpu/debuf.mlir"", ""--dry-run"", ""--matcher-mode"", ""egglog"", ""--telemetry-json"", ""/home/arjaiswal/Polygeist/issues/equality_saturation_eval/campaign_20260908/aten-aten_upsample_nearest_exact1d_cpu-egglog-uiz2c13s.json"", ""--disable-semantic-fallback""]","== match report for /home/arjaiswal/Polygeist/issues/aten_c_kernels/results/aten_upsample_nearest_exact1d_cpu/debuf.mlir ==
  no_match       body#0  ?
  total: 0 matched / 1 bodies
",0,[],0,0,0,0,/home/arjaiswal/Polygeist/issues/aten_c_kernels/results/aten_upsample_nearest_exact1d_cpu/debuf.mlir,2824,8,1,0,298.99458959698677,1,64932,0.0,0,0,0,0,[],0,0,0,0.0,4
aten,aten_upsample_nearest_exact2d_backward_cpu,/home/arjaiswal/Polygeist/issues/aten_c_kernels/results/aten_upsample_nearest_exact2d_backward_cpu/debuf.mlir,1a716e4df5ccb2d040ba7d8238b3732a6268f87e90a6a2d47649af1a1f58e4a0,egglog,1,ok,0,904.4316858053207,0,"[""/usr/bin/python3"", ""/home/arjaiswal/Polygeist/scripts/correctness/kernel_match_rewrite.py"", ""/home/arjaiswal/Polygeist/issues/aten_c_kernels/results/aten_upsample_nearest_exact2d_backward_cpu/debuf.mlir"", ""--dry-run"", ""--matcher-mode"", ""egglog"", ""--telemetry-json"", ""/home/arjaiswal/Polygeist/issues/equality_saturation_eval/campaign_20260908/aten-aten_upsample_nearest_exact2d_backward_cpu-egglog-g7h5r_wc.json"", ""--disable-semantic-fallback""]","== match report for /home/arjaiswal/Polygeist/issues/aten_c_kernels/results/aten_upsample_nearest_exact2d_backward_cpu/debuf.mlir ==
  match          body#[0]  memset_zero_1D_f32
  total: 1 matched / 1 bodies
",0,[],0,0,0,0,/home/arjaiswal/Polygeist/issues/aten_c_kernels/results/aten_upsample_nearest_exact2d_backward_cpu/debuf.mlir,3744,8,1,1,350.9809039533138,0,69452,22.471290081739426,2,2,0,0,"[{""body_indices"": [0], ""symbol"": ""memset_zero_1D_f32""}]",1,0,0,0.0,4
aten,aten_upsample_nearest_exact2d_backward_cpu,/home/arjaiswal/Polygeist/issues/aten_c_kernels/results/aten_upsample_nearest_exact2d_backward_cpu/debuf.mlir,1a716e4df5ccb2d040ba7d8238b3732a6268f87e90a6a2d47649af1a1f58e4a0,syntactic,1,ok,0,946.2446384131908,0,"[""/usr/bin/python3"", ""/home/arjaiswal/Polygeist/scripts/correctness/kernel_match_rewrite.py"", ""/home/arjaiswal/Polygeist/issues/aten_c_kernels/results/aten_upsample_nearest_exact2d_backward_cpu/debuf.mlir"", ""--dry-run"", ""--matcher-mode"", ""syntactic"", ""--telemetry-json"", ""/home/arjaiswal/Polygeist/issues/equality_saturation_eval/campaign_20260908/aten-aten_upsample_nearest_exact2d_backward_cpu-syntactic-_7999e4t.json"", ""--disable-semantic-fallback""]","== match report for /home/arjaiswal/Polygeist/issues/aten_c_kernels/results/aten_upsample_nearest_exact2d_backward_cpu/debuf.mlir ==
  match          body#[0]  memset_zero_1D_f32
  total: 1 matched / 1 bodies
",0,[],0,0,0,0,/home/arjaiswal/Polygeist/issues/aten_c_kernels/results/aten_upsample_nearest_exact2d_backward_cpu/debuf.mlir,3744,0,1,1,381.65605813264847,0,64860,0.018265098333358765,0,2,0,0,"[{""body_indices"": [0], ""symbol"": ""memset_zero_1D_f32""}]",1,0,4,0.0,4
aten,aten_upsample_nearest_exact2d_backward_cpu,/home/arjaiswal/Polygeist/issues/aten_c_kernels/results/aten_upsample_nearest_exact2d_backward_cpu/debuf.mlir,1a716e4df5ccb2d040ba7d8238b3732a6268f87e90a6a2d47649af1a1f58e4a0,syntactic,2,ok,0,2013.04192841053,0,"[""/usr/bin/python3"", ""/home/arjaiswal/Polygeist/scripts/correctness/kernel_match_rewrite.py"", ""/home/arjaiswal/Polygeist/issues/aten_c_kernels/results/aten_upsample_nearest_exact2d_backward_cpu/debuf.mlir"", ""--dry-run"", ""--matcher-mode"", ""syntactic"", ""--telemetry-json"", ""/home/arjaiswal/Polygeist/issues/equality_saturation_eval/campaign_20260908/aten-aten_upsample_nearest_exact2d_backward_cpu-syntactic-rpmpywq4.json"", ""--disable-semantic-fallback""]","== match report for /home/arjaiswal/Polygeist/issues/aten_c_kernels/results/aten_upsample_nearest_exact2d_backward_cpu/debuf.mlir ==
  match          body#[0]  memset_zero_1D_f32
  total: 1 matched / 1 bodies
",0,[],0,0,0,0,/home/arjaiswal/Polygeist/issues/aten_c_kernels/results/aten_upsample_nearest_exact2d_backward_cpu/debuf.mlir,3744,0,1,1,874.3625357747078,0,64984,0.023424625396728516,0,2,0,0,"[{""body_indices"": [0], ""symbol"": ""memset_zero_1D_f32""}]",1,0,4,0.0,4
aten,aten_upsample_nearest_exact2d_backward_cpu,/home/arjaiswal/Polygeist/issues/aten_c_kernels/results/aten_upsample_nearest_exact2d_backward_cpu/debuf.mlir,1a716e4df5ccb2d040ba7d8238b3732a6268f87e90a6a2d47649af1a1f58e4a0,egglog,2,ok,0,1777.9710590839386,0,"[""/usr/bin/python3"", ""/home/arjaiswal/Polygeist/scripts/correctness/kernel_match_rewrite.py"", ""/home/arjaiswal/Polygeist/issues/aten_c_kernels/results/aten_upsample_nearest_exact2d_backward_cpu/debuf.mlir"", ""--dry-run"", ""--matcher-mode"", ""egglog"", ""--telemetry-json"", ""/home/arjaiswal/Polygeist/issues/equality_saturation_eval/campaign_20260908/aten-aten_upsample_nearest_exact2d_backward_cpu-egglog-gta625iy.json"", ""--disable-semantic-fallback""]","== match report for /home/arjaiswal/Polygeist/issues/aten_c_kernels/results/aten_upsample_nearest_exact2d_backward_cpu/debuf.mlir ==
  match          body#[0]  memset_zero_1D_f32
  total: 1 matched / 1 bodies
",0,[],0,0,0,0,/home/arjaiswal/Polygeist/issues/aten_c_kernels/results/aten_upsample_nearest_exact2d_backward_cpu/debuf.mlir,3744,8,1,1,663.7764759361744,0,69624,49.66244474053383,2,2,0,0,"[{""body_indices"": [0], ""symbol"": ""memset_zero_1D_f32""}]",1,0,0,0.0,4
aten,aten_upsample_nearest_exact2d_backward_cpu,/home/arjaiswal/Polygeist/issues/aten_c_kernels/results/aten_upsample_nearest_exact2d_backward_cpu/debuf.mlir,1a716e4df5ccb2d040ba7d8238b3732a6268f87e90a6a2d47649af1a1f58e4a0,egglog,3,ok,0,926.6791976988316,0,"[""/usr/bin/python3"", ""/home/arjaiswal/Polygeist/scripts/correctness/kernel_match_rewrite.py"", ""/home/arjaiswal/Polygeist/issues/aten_c_kernels/results/aten_upsample_nearest_exact2d_backward_cpu/debuf.mlir"", ""--dry-run"", ""--matcher-mode"", ""egglog"", ""--telemetry-json"", ""/home/arjaiswal/Polygeist/issues/equality_saturation_eval/campaign_20260908/aten-aten_upsample_nearest_exact2d_backward_cpu-egglog-phjb6in6.json"", ""--disable-semantic-fallback""]","== match report for /home/arjaiswal/Polygeist/issues/aten_c_kernels/results/aten_upsample_nearest_exact2d_backward_cpu/debuf.mlir ==
  match          body#[0]  memset_zero_1D_f32
  total: 1 matched / 1 bodies
",0,[],0,0,0,0,/home/arjaiswal/Polygeist/issues/aten_c_kernels/results/aten_upsample_nearest_exact2d_backward_cpu/debuf.mlir,3744,8,1,1,346.04616835713387,0,69292,33.51233899593353,2,2,0,0,"[{""body_indices"": [0], ""symbol"": ""memset_zero_1D_f32""}]",1,0,0,0.0,4
aten,aten_upsample_nearest_exact2d_backward_cpu,/home/arjaiswal/Polygeist/issues/aten_c_kernels/results/aten_upsample_nearest_exact2d_backward_cpu/debuf.mlir,1a716e4df5ccb2d040ba7d8238b3732a6268f87e90a6a2d47649af1a1f58e4a0,syntactic,3,ok,0,792.8443476557732,0,"[""/usr/bin/python3"", ""/home/arjaiswal/Polygeist/scripts/correctness/kernel_match_rewrite.py"", ""/home/arjaiswal/Polygeist/issues/aten_c_kernels/results/aten_upsample_nearest_exact2d_backward_cpu/debuf.mlir"", ""--dry-run"", ""--matcher-mode"", ""syntactic"", ""--telemetry-json"", ""/home/arjaiswal/Polygeist/issues/equality_saturation_eval/campaign_20260908/aten-aten_upsample_nearest_exact2d_backward_cpu-syntactic-hgn_6iu2.json"", ""--disable-semantic-fallback""]","== match report for /home/arjaiswal/Polygeist/issues/aten_c_kernels/results/aten_upsample_nearest_exact2d_backward_cpu/debuf.mlir ==
  match          body#[0]  memset_zero_1D_f32
  total: 1 matched / 1 bodies
",0,[],0,0,0,0,/home/arjaiswal/Polygeist/issues/aten_c_kernels/results/aten_upsample_nearest_exact2d_backward_cpu/debuf.mlir,3744,0,1,1,307.84500390291214,0,64708,0.020757317543029785,0,2,0,0,"[{""body_indices"": [0], ""symbol"": ""memset_zero_1D_f32""}]",1,0,4,0.0,4
aten,aten_upsample_nearest_exact2d_backward_cpu,/home/arjaiswal/Polygeist/issues/aten_c_kernels/results/aten_upsample_nearest_exact2d_backward_cpu/debuf.mlir,1a716e4df5ccb2d040ba7d8238b3732a6268f87e90a6a2d47649af1a1f58e4a0,syntactic,4,ok,0,1553.3350110054016,0,"[""/usr/bin/python3"", ""/home/arjaiswal/Polygeist/scripts/correctness/kernel_match_rewrite.py"", ""/home/arjaiswal/Polygeist/issues/aten_c_kernels/results/aten_upsample_nearest_exact2d_backward_cpu/debuf.mlir"", ""--dry-run"", ""--matcher-mode"", ""syntactic"", ""--telemetry-json"", ""/home/arjaiswal/Polygeist/issues/equality_saturation_eval/campaign_20260908/aten-aten_upsample_nearest_exact2d_backward_cpu-syntactic-2g4gr495.json"", ""--disable-semantic-fallback""]","== match report for /home/arjaiswal/Polygeist/issues/aten_c_kernels/results/aten_upsample_nearest_exact2d_backward_cpu/debuf.mlir ==
  match          body#[0]  memset_zero_1D_f32
  total: 1 matched / 1 bodies
",0,[],0,0,0,0,/home/arjaiswal/Polygeist/issues/aten_c_kernels/results/aten_upsample_nearest_exact2d_backward_cpu/debuf.mlir,3744,0,1,1,650.8047617971897,0,64400,0.02804398536682129,0,2,0,0,"[{""body_indices"": [0], ""symbol"": ""memset_zero_1D_f32""}]",1,0,4,0.0,4
aten,aten_upsample_nearest_exact2d_backward_cpu,/home/arjaiswal/Polygeist/issues/aten_c_kernels/results/aten_upsample_nearest_exact2d_backward_cpu/debuf.mlir,1a716e4df5ccb2d040ba7d8238b3732a6268f87e90a6a2d47649af1a1f58e4a0,egglog,4,ok,0,2015.969268977642,0,"[""/usr/bin/python3"", ""/home/arjaiswal/Polygeist/scripts/correctness/kernel_match_rewrite.py"", ""/home/arjaiswal/Polygeist/issues/aten_c_kernels/results/aten_upsample_nearest_exact2d_backward_cpu/debuf.mlir"", ""--dry-run"", ""--matcher-mode"", ""egglog"", ""--telemetry-json"", ""/home/arjaiswal/Polygeist/issues/equality_saturation_eval/campaign_20260908/aten-aten_upsample_nearest_exact2d_backward_cpu-egglog-1xklvscv.json"", ""--disable-semantic-fallback""]","== match report for /home/arjaiswal/Polygeist/issues/aten_c_kernels/results/aten_upsample_nearest_exact2d_backward_cpu/debuf.mlir ==
  match          body#[0]  memset_zero_1D_f32
  total: 1 matched / 1 bodies
",0,[],0,0,0,0,/home/arjaiswal/Polygeist/issues/aten_c_kernels/results/aten_upsample_nearest_exact2d_backward_cpu/debuf.mlir,3744,8,1,1,771.6428823769093,0,69188,83.4958590567112,2,2,0,0,"[{""body_indices"": [0], ""symbol"": ""memset_zero_1D_f32""}]",1,0,0,0.0,4
aten,aten_upsample_nearest_exact2d_backward_cpu,/home/arjaiswal/Polygeist/issues/aten_c_kernels/results/aten_upsample_nearest_exact2d_backward_cpu/debuf.mlir,1a716e4df5ccb2d040ba7d8238b3732a6268f87e90a6a2d47649af1a1f58e4a0,egglog,5,ok,0,1009.9959783256054,0,"[""/usr/bin/python3"", ""/home/arjaiswal/Polygeist/scripts/correctness/kernel_match_rewrite.py"", ""/home/arjaiswal/Polygeist/issues/aten_c_kernels/results/aten_upsample_nearest_exact2d_backward_cpu/debuf.mlir"", ""--dry-run"", ""--matcher-mode"", ""egglog"", ""--telemetry-json"", ""/home/arjaiswal/Polygeist/issues/equality_saturation_eval/campaign_20260908/aten-aten_upsample_nearest_exact2d_backward_cpu-egglog-xs16h7c4.json"", ""--disable-semantic-fallback""]","== match report for /home/arjaiswal/Polygeist/issues/aten_c_kernels/results/aten_upsample_nearest_exact2d_backward_cpu/debuf.mlir ==
  match          body#[0]  memset_zero_1D_f32
  total: 1 matched / 1 bodies
",0,[],0,0,0,0,/home/arjaiswal/Polygeist/issues/aten_c_kernels/results/aten_upsample_nearest_exact2d_backward_cpu/debuf.mlir,3744,8,1,1,326.3513930141926,0,69388,22.738657891750336,2,2,0,0,"[{""body_indices"": [0], ""symbol"": ""memset_zero_1D_f32""}]",1,0,0,0.0,4
aten,aten_upsample_nearest_exact2d_backward_cpu,/home/arjaiswal/Polygeist/issues/aten_c_kernels/results/aten_upsample_nearest_exact2d_backward_cpu/debuf.mlir,1a716e4df5ccb2d040ba7d8238b3732a6268f87e90a6a2d47649af1a1f58e4a0,syntactic,5,ok,0,853.9094477891922,0,"[""/usr/bin/python3"", ""/home/arjaiswal/Polygeist/scripts/correctness/kernel_match_rewrite.py"", ""/home/arjaiswal/Polygeist/issues/aten_c_kernels/results/aten_upsample_nearest_exact2d_backward_cpu/debuf.mlir"", ""--dry-run"", ""--matcher-mode"", ""syntactic"", ""--telemetry-json"", ""/home/arjaiswal/Polygeist/issues/equality_saturation_eval/campaign_20260908/aten-aten_upsample_nearest_exact2d_backward_cpu-syntactic-7tvsbdqh.json"", ""--disable-semantic-fallback""]","== match report for /home/arjaiswal/Polygeist/issues/aten_c_kernels/results/aten_upsample_nearest_exact2d_backward_cpu/debuf.mlir ==
  match          body#[0]  memset_zero_1D_f32
  total: 1 matched / 1 bodies
",0,[],0,0,0,0,/home/arjaiswal/Polygeist/issues/aten_c_kernels/results/aten_upsample_nearest_exact2d_backward_cpu/debuf.mlir,3744,0,1,1,329.72588390111923,0,64472,0.017851591110229492,0,2,0,0,"[{""body_indices"": [0], ""symbol"": ""memset_zero_1D_f32""}]",1,0,4,0.0,4
aten,aten_upsample_nearest_exact2d_cpu,/home/arjaiswal/Polygeist/issues/aten_c_kernels/results/aten_upsample_nearest_exact2d_cpu/debuf.mlir,fbba6726e6edb05d54c14ad1aa3c9b301114abaaa49d2f82ebdfb1bd67319125,syntactic,1,ok,0,1627.7439147233963,0,"[""/usr/bin/python3"", ""/home/arjaiswal/Polygeist/scripts/correctness/kernel_match_rewrite.py"", ""/home/arjaiswal/Polygeist/issues/aten_c_kernels/results/aten_upsample_nearest_exact2d_cpu/debuf.mlir"", ""--dry-run"", ""--matcher-mode"", ""syntactic"", ""--telemetry-json"", ""/home/arjaiswal/Polygeist/issues/equality_saturation_eval/campaign_20260908/aten-aten_upsample_nearest_exact2d_cpu-syntactic-jy07c870.json"", ""--disable-semantic-fallback""]","== match report for /home/arjaiswal/Polygeist/issues/aten_c_kernels/results/aten_upsample_nearest_exact2d_cpu/debuf.mlir ==
  no_match       body#0  ?
  total: 0 matched / 1 bodies
",0,[],0,0,0,0,/home/arjaiswal/Polygeist/issues/aten_c_kernels/results/aten_upsample_nearest_exact2d_cpu/debuf.mlir,3430,0,1,0,687.5206381082535,1,64844,0.0,0,0,0,0,[],0,0,0,0.0,0
aten,aten_upsample_nearest_exact2d_cpu,/home/arjaiswal/Polygeist/issues/aten_c_kernels/results/aten_upsample_nearest_exact2d_cpu/debuf.mlir,fbba6726e6edb05d54c14ad1aa3c9b301114abaaa49d2f82ebdfb1bd67319125,egglog,1,ok,0,884.6292048692703,0,"[""/usr/bin/python3"", ""/home/arjaiswal/Polygeist/scripts/correctness/kernel_match_rewrite.py"", ""/home/arjaiswal/Polygeist/issues/aten_c_kernels/results/aten_upsample_nearest_exact2d_cpu/debuf.mlir"", ""--dry-run"", ""--matcher-mode"", ""egglog"", ""--telemetry-json"", ""/home/arjaiswal/Polygeist/issues/equality_saturation_eval/campaign_20260908/aten-aten_upsample_nearest_exact2d_cpu-egglog-v_oq1f_g.json"", ""--disable-semantic-fallback""]","== match report for /home/arjaiswal/Polygeist/issues/aten_c_kernels/results/aten_upsample_nearest_exact2d_cpu/debuf.mlir ==
  no_match       body#0  ?
  total: 0 matched / 1 bodies
",0,[],0,0,0,0,/home/arjaiswal/Polygeist/issues/aten_c_kernels/results/aten_upsample_nearest_exact2d_cpu/debuf.mlir,3430,8,1,0,274.4821608066559,1,64880,0.0,0,0,0,0,[],0,0,0,0.0,0
aten,aten_upsample_nearest_exact2d_cpu,/home/arjaiswal/Polygeist/issues/aten_c_kernels/results/aten_upsample_nearest_exact2d_cpu/debuf.mlir,fbba6726e6edb05d54c14ad1aa3c9b301114abaaa49d2f82ebdfb1bd67319125,egglog,2,ok,0,677.4166785180569,0,"[""/usr/bin/python3"", ""/home/arjaiswal/Polygeist/scripts/correctness/kernel_match_rewrite.py"", ""/home/arjaiswal/Polygeist/issues/aten_c_kernels/results/aten_upsample_nearest_exact2d_cpu/debuf.mlir"", ""--dry-run"", ""--matcher-mode"", ""egglog"", ""--telemetry-json"", ""/home/arjaiswal/Polygeist/issues/equality_saturation_eval/campaign_20260908/aten-aten_upsample_nearest_exact2d_cpu-egglog-3dcag210.json"", ""--disable-semantic-fallback""]","== match report for /home/arjaiswal/Polygeist/issues/aten_c_kernels/results/aten_upsample_nearest_exact2d_cpu/debuf.mlir ==
  no_match       body#0  ?
  total: 0 matched / 1 bodies
",0,[],0,0,0,0,/home/arjaiswal/Polygeist/issues/aten_c_kernels/results/aten_upsample_nearest_exact2d_cpu/debuf.mlir,3430,8,1,0,267.44676008820534,1,64696,0.0,0,0,0,0,[],0,0,0,0.0,0
aten,aten_upsample_nearest_exact2d_cpu,/home/arjaiswal/Polygeist/issues/aten_c_kernels/results/aten_upsample_nearest_exact2d_cpu/debuf.mlir,fbba6726e6edb05d54c14ad1aa3c9b301114abaaa49d2f82ebdfb1bd67319125,syntactic,2,ok,0,700.6124146282673,0,"[""/usr/bin/python3"", ""/home/arjaiswal/Polygeist/scripts/correctness/kernel_match_rewrite.py"", ""/home/arjaiswal/Polygeist/issues/aten_c_kernels/results/aten_upsample_nearest_exact2d_cpu/debuf.mlir"", ""--dry-run"", ""--matcher-mode"", ""syntactic"", ""--telemetry-json"", ""/home/arjaiswal/Polygeist/issues/equality_saturation_eval/campaign_20260908/aten-aten_upsample_nearest_exact2d_cpu-syntactic-17cprbts.json"", ""--disable-semantic-fallback""]","== match report for /home/arjaiswal/Polygeist/issues/aten_c_kernels/results/aten_upsample_nearest_exact2d_cpu/debuf.mlir ==
  no_match       body#0  ?
  total: 0 matched / 1 bodies
",0,[],0,0,0,0,/home/arjaiswal/Polygeist/issues/aten_c_kernels/results/aten_upsample_nearest_exact2d_cpu/debuf.mlir,3430,0,1,0,274.8146839439869,1,64724,0.0,0,0,0,0,[],0,0,0,0.0,0
aten,aten_upsample_nearest_exact2d_cpu,/home/arjaiswal/Polygeist/issues/aten_c_kernels/results/aten_upsample_nearest_exact2d_cpu/debuf.mlir,fbba6726e6edb05d54c14ad1aa3c9b301114abaaa49d2f82ebdfb1bd67319125,syntactic,3,ok,0,794.7722412645817,0,"[""/usr/bin/python3"", ""/home/arjaiswal/Polygeist/scripts/correctness/kernel_match_rewrite.py"", ""/home/arjaiswal/Polygeist/issues/aten_c_kernels/results/aten_upsample_nearest_exact2d_cpu/debuf.mlir"", ""--dry-run"", ""--matcher-mode"", ""syntactic"", ""--telemetry-json"", ""/home/arjaiswal/Polygeist/issues/equality_saturation_eval/campaign_20260908/aten-aten_upsample_nearest_exact2d_cpu-syntactic-aptgg7lw.json"", ""--disable-semantic-fallback""]","== match report for /home/arjaiswal/Polygeist/issues/aten_c_kernels/results/aten_upsample_nearest_exact2d_cpu/debuf.mlir ==
  no_match       body#0  ?
  total: 0 matched / 1 bodies
",0,[],0,0,0,0,/home/arjaiswal/Polygeist/issues/aten_c_kernels/results/aten_upsample_nearest_exact2d_cpu/debuf.mlir,3430,0,1,0,333.07236805558205,1,64704,0.0,0,0,0,0,[],0,0,0,0.0,0
aten,aten_upsample_nearest_exact2d_cpu,/home/arjaiswal/Polygeist/issues/aten_c_kernels/results/aten_upsample_nearest_exact2d_cpu/debuf.mlir,fbba6726e6edb05d54c14ad1aa3c9b301114abaaa49d2f82ebdfb1bd67319125,egglog,3,ok,0,1923.805683851242,0,"[""/usr/bin/python3"", ""/home/arjaiswal/Polygeist/scripts/correctness/kernel_match_rewrite.py"", ""/home/arjaiswal/Polygeist/issues/aten_c_kernels/results/aten_upsample_nearest_exact2d_cpu/debuf.mlir"", ""--dry-run"", ""--matcher-mode"", ""egglog"", ""--telemetry-json"", ""/home/arjaiswal/Polygeist/issues/equality_saturation_eval/campaign_20260908/aten-aten_upsample_nearest_exact2d_cpu-egglog-uevjsgku.json"", ""--disable-semantic-fallback""]","== match report for /home/arjaiswal/Polygeist/issues/aten_c_kernels/results/aten_upsample_nearest_exact2d_cpu/debuf.mlir ==
  no_match       body#0  ?
  total: 0 matched / 1 bodies
",0,[],0,0,0,0,/home/arjaiswal/Polygeist/issues/aten_c_kernels/results/aten_upsample_nearest_exact2d_cpu/debuf.mlir,3430,8,1,0,789.9417467415333,1,64708,0.0,0,0,0,0,[],0,0,0,0.0,0
aten,aten_upsample_nearest_exact2d_cpu,/home/arjaiswal/Polygeist/issues/aten_c_kernels/results/aten_upsample_nearest_exact2d_cpu/debuf.mlir,fbba6726e6edb05d54c14ad1aa3c9b301114abaaa49d2f82ebdfb1bd67319125,egglog,4,ok,0,1533.1562422215939,0,"[""/usr/bin/python3"", ""/home/arjaiswal/Polygeist/scripts/correctness/kernel_match_rewrite.py"", ""/home/arjaiswal/Polygeist/issues/aten_c_kernels/results/aten_upsample_nearest_exact2d_cpu/debuf.mlir"", ""--dry-run"", ""--matcher-mode"", ""egglog"", ""--telemetry-json"", ""/home/arjaiswal/Polygeist/issues/equality_saturation_eval/campaign_20260908/aten-aten_upsample_nearest_exact2d_cpu-egglog-6599d3eh.json"", ""--disable-semantic-fallback""]","== match report for /home/arjaiswal/Polygeist/issues/aten_c_kernels/results/aten_upsample_nearest_exact2d_cpu/debuf.mlir ==
  no_match       body#0  ?
  total: 0 matched / 1 bodies
",0,[],0,0,0,0,/home/arjaiswal/Polygeist/issues/aten_c_kernels/results/aten_upsample_nearest_exact2d_cpu/debuf.mlir,3430,8,1,0,527.7057141065598,1,64344,0.0,0,0,0,0,[],0,0,0,0.0,0
aten,aten_upsample_nearest_exact2d_cpu,/home/arjaiswal/Polygeist/issues/aten_c_kernels/results/aten_upsample_nearest_exact2d_cpu/debuf.mlir,fbba6726e6edb05d54c14ad1aa3c9b301114abaaa49d2f82ebdfb1bd67319125,syntactic,4,ok,0,817.5864666700363,0,"[""/usr/bin/python3"", ""/home/arjaiswal/Polygeist/scripts/correctness/kernel_match_rewrite.py"", ""/home/arjaiswal/Polygeist/issues/aten_c_kernels/results/aten_upsample_nearest_exact2d_cpu/debuf.mlir"", ""--dry-run"", ""--matcher-mode"", ""syntactic"", ""--telemetry-json"", ""/home/arjaiswal/Polygeist/issues/equality_saturation_eval/campaign_20260908/aten-aten_upsample_nearest_exact2d_cpu-syntactic-2x6lb1y4.json"", ""--disable-semantic-fallback""]","== match report for /home/arjaiswal/Polygeist/issues/aten_c_kernels/results/aten_upsample_nearest_exact2d_cpu/debuf.mlir ==
  no_match       body#0  ?
  total: 0 matched / 1 bodies
",0,[],0,0,0,0,/home/arjaiswal/Polygeist/issues/aten_c_kernels/results/aten_upsample_nearest_exact2d_cpu/debuf.mlir,3430,0,1,0,329.47272807359695,1,64756,0.0,0,0,0,0,[],0,0,0,0.0,0
aten,aten_upsample_nearest_exact2d_cpu,/home/arjaiswal/Polygeist/issues/aten_c_kernels/results/aten_upsample_nearest_exact2d_cpu/debuf.mlir,fbba6726e6edb05d54c14ad1aa3c9b301114abaaa49d2f82ebdfb1bd67319125,syntactic,5,ok,0,1778.1168036162853,0,"[""/usr/bin/python3"", ""/home/arjaiswal/Polygeist/scripts/correctness/kernel_match_rewrite.py"", ""/home/arjaiswal/Polygeist/issues/aten_c_kernels/results/aten_upsample_nearest_exact2d_cpu/debuf.mlir"", ""--dry-run"", ""--matcher-mode"", ""syntactic"", ""--telemetry-json"", ""/home/arjaiswal/Polygeist/issues/equality_saturation_eval/campaign_20260908/aten-aten_upsample_nearest_exact2d_cpu-syntactic-n6ufm1x5.json"", ""--disable-semantic-fallback""]","== match report for /home/arjaiswal/Polygeist/issues/aten_c_kernels/results/aten_upsample_nearest_exact2d_cpu/debuf.mlir ==
  no_match       body#0  ?
  total: 0 matched / 1 bodies
",0,[],0,0,0,0,/home/arjaiswal/Polygeist/issues/aten_c_kernels/results/aten_upsample_nearest_exact2d_cpu/debuf.mlir,3430,0,1,0,756.5786354243755,1,64824,0.0,0,0,0,0,[],0,0,0,0.0,0
aten,aten_upsample_nearest_exact2d_cpu,/home/arjaiswal/Polygeist/issues/aten_c_kernels/results/aten_upsample_nearest_exact2d_cpu/debuf.mlir,fbba6726e6edb05d54c14ad1aa3c9b301114abaaa49d2f82ebdfb1bd67319125,egglog,5,ok,0,1938.6969320476055,0,"[""/usr/bin/python3"", ""/home/arjaiswal/Polygeist/scripts/correctness/kernel_match_rewrite.py"", ""/home/arjaiswal/Polygeist/issues/aten_c_kernels/results/aten_upsample_nearest_exact2d_cpu/debuf.mlir"", ""--dry-run"", ""--matcher-mode"", ""egglog"", ""--telemetry-json"", ""/home/arjaiswal/Polygeist/issues/equality_saturation_eval/campaign_20260908/aten-aten_upsample_nearest_exact2d_cpu-egglog-0jrpjejk.json"", ""--disable-semantic-fallback""]","== match report for /home/arjaiswal/Polygeist/issues/aten_c_kernels/results/aten_upsample_nearest_exact2d_cpu/debuf.mlir ==
  no_match       body#0  ?
  total: 0 matched / 1 bodies
",0,[],0,0,0,0,/home/arjaiswal/Polygeist/issues/aten_c_kernels/results/aten_upsample_nearest_exact2d_cpu/debuf.mlir,3430,8,1,0,582.665778696537,1,64692,0.0,0,0,0,0,[],0,0,0,0.0,0
aten,aten_upsample_nearest_exact3d_backward_cpu,/home/arjaiswal/Polygeist/issues/aten_c_kernels/results/aten_upsample_nearest_exact3d_backward_cpu/debuf.mlir,4196b56972576de5c6dc37d83feaf13087f9c2423f73e32ed2928fe513e319e8,egglog,1,ok,0,1545.4566441476345,0,"[""/usr/bin/python3"", ""/home/arjaiswal/Polygeist/scripts/correctness/kernel_match_rewrite.py"", ""/home/arjaiswal/Polygeist/issues/aten_c_kernels/results/aten_upsample_nearest_exact3d_backward_cpu/debuf.mlir"", ""--dry-run"", ""--matcher-mode"", ""egglog"", ""--telemetry-json"", ""/home/arjaiswal/Polygeist/issues/equality_saturation_eval/campaign_20260908/aten-aten_upsample_nearest_exact3d_backward_cpu-egglog-c3ew0vw0.json"", ""--disable-semantic-fallback""]","== match report for /home/arjaiswal/Polygeist/issues/aten_c_kernels/results/aten_upsample_nearest_exact3d_backward_cpu/debuf.mlir ==
  match          body#[0]  memset_zero_1D_f32
  total: 1 matched / 1 bodies
",0,[],0,0,0,0,/home/arjaiswal/Polygeist/issues/aten_c_kernels/results/aten_upsample_nearest_exact3d_backward_cpu/debuf.mlir,4447,8,1,1,378.5785473883152,0,69324,49.7649610042572,2,2,0,0,"[{""body_indices"": [0], ""symbol"": ""memset_zero_1D_f32""}]",1,0,0,0.0,4
aten,aten_upsample_nearest_exact3d_backward_cpu,/home/arjaiswal/Polygeist/issues/aten_c_kernels/results/aten_upsample_nearest_exact3d_backward_cpu/debuf.mlir,4196b56972576de5c6dc37d83feaf13087f9c2423f73e32ed2928fe513e319e8,syntactic,1,ok,0,806.1624839901924,0,"[""/usr/bin/python3"", ""/home/arjaiswal/Polygeist/scripts/correctness/kernel_match_rewrite.py"", ""/home/arjaiswal/Polygeist/issues/aten_c_kernels/results/aten_upsample_nearest_exact3d_backward_cpu/debuf.mlir"", ""--dry-run"", ""--matcher-mode"", ""syntactic"", ""--telemetry-json"", ""/home/arjaiswal/Polygeist/issues/equality_saturation_eval/campaign_20260908/aten-aten_upsample_nearest_exact3d_backward_cpu-syntactic-vlmdhww_.json"", ""--disable-semantic-fallback""]","== match report for /home/arjaiswal/Polygeist/issues/aten_c_kernels/results/aten_upsample_nearest_exact3d_backward_cpu/debuf.mlir ==
  match          body#[0]  memset_zero_1D_f32
  total: 1 matched / 1 bodies
",0,[],0,0,0,0,/home/arjaiswal/Polygeist/issues/aten_c_kernels/results/aten_upsample_nearest_exact3d_backward_cpu/debuf.mlir,4447,0,1,1,282.06874802708626,0,64604,0.020731240510940552,0,2,0,0,"[{""body_indices"": [0], ""symbol"": ""memset_zero_1D_f32""}]",1,0,4,0.0,4
aten,aten_upsample_nearest_exact3d_backward_cpu,/home/arjaiswal/Polygeist/issues/aten_c_kernels/results/aten_upsample_nearest_exact3d_backward_cpu/debuf.mlir,4196b56972576de5c6dc37d83feaf13087f9c2423f73e32ed2928fe513e319e8,syntactic,2,ok,0,1801.4188408851624,0,"[""/usr/bin/python3"", ""/home/arjaiswal/Polygeist/scripts/correctness/kernel_match_rewrite.py"", ""/home/arjaiswal/Polygeist/issues/aten_c_kernels/results/aten_upsample_nearest_exact3d_backward_cpu/debuf.mlir"", ""--dry-run"", ""--matcher-mode"", ""syntactic"", ""--telemetry-json"", ""/home/arjaiswal/Polygeist/issues/equality_saturation_eval/campaign_20260908/aten-aten_upsample_nearest_exact3d_backward_cpu-syntactic-5mwv90ng.json"", ""--disable-semantic-fallback""]","== match report for /home/arjaiswal/Polygeist/issues/aten_c_kernels/results/aten_upsample_nearest_exact3d_backward_cpu/debuf.mlir ==
  match          body#[0]  memset_zero_1D_f32
  total: 1 matched / 1 bodies
",0,[],0,0,0,0,/home/arjaiswal/Polygeist/issues/aten_c_kernels/results/aten_upsample_nearest_exact3d_backward_cpu/debuf.mlir,4447,0,1,1,657.5907692313194,0,64840,0.018231570720672607,0,2,0,0,"[{""body_indices"": [0], ""symbol"": ""memset_zero_1D_f32""}]",1,0,4,0.0,4
aten,aten_upsample_nearest_exact3d_backward_cpu,/home/arjaiswal/Polygeist/issues/aten_c_kernels/results/aten_upsample_nearest_exact3d_backward_cpu/debuf.mlir,4196b56972576de5c6dc37d83feaf13087f9c2423f73e32ed2928fe513e319e8,egglog,2,ok,0,984.5876209437847,0,"[""/usr/bin/python3"", ""/home/arjaiswal/Polygeist/scripts/correctness/kernel_match_rewrite.py"", ""/home/arjaiswal/Polygeist/issues/aten_c_kernels/results/aten_upsample_nearest_exact3d_backward_cpu/debuf.mlir"", ""--dry-run"", ""--matcher-mode"", ""egglog"", ""--telemetry-json"", ""/home/arjaiswal/Polygeist/issues/equality_saturation_eval/campaign_20260908/aten-aten_upsample_nearest_exact3d_backward_cpu-egglog-in06xb7w.json"", ""--disable-semantic-fallback""]","== match report for /home/arjaiswal/Polygeist/issues/aten_c_kernels/results/aten_upsample_nearest_exact3d_backward_cpu/debuf.mlir ==
  match          body#[0]  memset_zero_1D_f32
  total: 1 matched / 1 bodies
",0,[],0,0,0,0,/home/arjaiswal/Polygeist/issues/aten_c_kernels/results/aten_upsample_nearest_exact3d_backward_cpu/debuf.mlir,4447,8,1,1,322.951041162014,0,69392,25.485284626483917,2,2,0,0,"[{""body_indices"": [0], ""symbol"": ""memset_zero_1D_f32""}]",1,0,0,0.0,4
aten,aten_upsample_nearest_exact3d_backward_cpu,/home/arjaiswal/Polygeist/issues/aten_c_kernels/results/aten_upsample_nearest_exact3d_backward_cpu/debuf.mlir,4196b56972576de5c6dc37d83feaf13087f9c2423f73e32ed2928fe513e319e8,egglog,3,ok,0,843.5433059930801,0,"[""/usr/bin/python3"", ""/home/arjaiswal/Polygeist/scripts/correctness/kernel_match_rewrite.py"", ""/home/arjaiswal/Polygeist/issues/aten_c_kernels/results/aten_upsample_nearest_exact3d_backward_cpu/debuf.mlir"", ""--dry-run"", ""--matcher-mode"", ""egglog"", ""--telemetry-json"", ""/home/arjaiswal/Polygeist/issues/equality_saturation_eval/campaign_20260908/aten-aten_upsample_nearest_exact3d_backward_cpu-egglog-z6tws39x.json"", ""--disable-semantic-fallback""]","== match report for /home/arjaiswal/Polygeist/issues/aten_c_kernels/results/aten_upsample_nearest_exact3d_backward_cpu/debuf.mlir ==
  match          body#[0]  memset_zero_1D_f32
  total: 1 matched / 1 bodies
",0,[],0,0,0,0,/home/arjaiswal/Polygeist/issues/aten_c_kernels/results/aten_upsample_nearest_exact3d_backward_cpu/debuf.mlir,4447,8,1,1,335.72273701429367,0,69536,20.704321563243866,2,2,0,0,"[{""body_indices"": [0], ""symbol"": ""memset_zero_1D_f32""}]",1,0,0,0.0,4
aten,aten_upsample_nearest_exact3d_backward_cpu,/home/arjaiswal/Polygeist/issues/aten_c_kernels/results/aten_upsample_nearest_exact3d_backward_cpu/debuf.mlir,4196b56972576de5c6dc37d83feaf13087f9c2423f73e32ed2928fe513e319e8,syntactic,3,ok,0,1082.8858315944672,0,"[""/usr/bin/python3"", ""/home/arjaiswal/Polygeist/scripts/correctness/kernel_match_rewrite.py"", ""/home/arjaiswal/Polygeist/issues/aten_c_kernels/results/aten_upsample_nearest_exact3d_backward_cpu/debuf.mlir"", ""--dry-run"", ""--matcher-mode"", ""syntactic"", ""--telemetry-json"", ""/home/arjaiswal/Polygeist/issues/equality_saturation_eval/campaign_20260908/aten-aten_upsample_nearest_exact3d_backward_cpu-syntactic-7fd0x4lw.json"", ""--disable-semantic-fallback""]","== match report for /home/arjaiswal/Polygeist/issues/aten_c_kernels/results/aten_upsample_nearest_exact3d_backward_cpu/debuf.mlir ==
  match          body#[0]  memset_zero_1D_f32
  total: 1 matched / 1 bodies
",0,[],0,0,0,0,/home/arjaiswal/Polygeist/issues/aten_c_kernels/results/aten_upsample_nearest_exact3d_backward_cpu/debuf.mlir,4447,0,1,1,449.85559955239296,0,64788,0.02168118953704834,0,2,0,0,"[{""body_indices"": [0], ""symbol"": ""memset_zero_1D_f32""}]",1,0,4,0.0,4
aten,aten_upsample_nearest_exact3d_backward_cpu,/home/arjaiswal/Polygeist/issues/aten_c_kernels/results/aten_upsample_nearest_exact3d_backward_cpu/debuf.mlir,4196b56972576de5c6dc37d83feaf13087f9c2423f73e32ed2928fe513e319e8,syntactic,4,ok,0,1588.7789838016033,0,"[""/usr/bin/python3"", ""/home/arjaiswal/Polygeist/scripts/correctness/kernel_match_rewrite.py"", ""/home/arjaiswal/Polygeist/issues/aten_c_kernels/results/aten_upsample_nearest_exact3d_backward_cpu/debuf.mlir"", ""--dry-run"", ""--matcher-mode"", ""syntactic"", ""--telemetry-json"", ""/home/arjaiswal/Polygeist/issues/equality_saturation_eval/campaign_20260908/aten-aten_upsample_nearest_exact3d_backward_cpu-syntactic-vwd3jarm.json"", ""--disable-semantic-fallback""]","== match report for /home/arjaiswal/Polygeist/issues/aten_c_kernels/results/aten_upsample_nearest_exact3d_backward_cpu/debuf.mlir ==
  match          body#[0]  memset_zero_1D_f32
  total: 1 matched / 1 bodies
",0,[],0,0,0,0,/home/arjaiswal/Polygeist/issues/aten_c_kernels/results/aten_upsample_nearest_exact3d_backward_cpu/debuf.mlir,4447,0,1,1,748.5435605049133,0,64604,0.019840896129608154,0,2,0,0,"[{""body_indices"": [0], ""symbol"": ""memset_zero_1D_f32""}]",1,0,4,0.0,4
aten,aten_upsample_nearest_exact3d_backward_cpu,/home/arjaiswal/Polygeist/issues/aten_c_kernels/results/aten_upsample_nearest_exact3d_backward_cpu/debuf.mlir,4196b56972576de5c6dc37d83feaf13087f9c2423f73e32ed2928fe513e319e8,egglog,4,ok,0,1471.6877527534962,0,"[""/usr/bin/python3"", ""/home/arjaiswal/Polygeist/scripts/correctness/kernel_match_rewrite.py"", ""/home/arjaiswal/Polygeist/issues/aten_c_kernels/results/aten_upsample_nearest_exact3d_backward_cpu/debuf.mlir"", ""--dry-run"", ""--matcher-mode"", ""egglog"", ""--telemetry-json"", ""/home/arjaiswal/Polygeist/issues/equality_saturation_eval/campaign_20260908/aten-aten_upsample_nearest_exact3d_backward_cpu-egglog-v_el1jq8.json"", ""--disable-semantic-fallback""]","== match report for /home/arjaiswal/Polygeist/issues/aten_c_kernels/results/aten_upsample_nearest_exact3d_backward_cpu/debuf.mlir ==
  match          body#[0]  memset_zero_1D_f32
  total: 1 matched / 1 bodies
",0,[],0,0,0,0,/home/arjaiswal/Polygeist/issues/aten_c_kernels/results/aten_upsample_nearest_exact3d_backward_cpu/debuf.mlir,4447,8,1,1,552.0876087248325,0,69232,66.23892858624458,2,2,0,0,"[{""body_indices"": [0], ""symbol"": ""memset_zero_1D_f32""}]",1,0,0,0.0,4
aten,aten_upsample_nearest_exact3d_backward_cpu,/home/arjaiswal/Polygeist/issues/aten_c_kernels/results/aten_upsample_nearest_exact3d_backward_cpu/debuf.mlir,4196b56972576de5c6dc37d83feaf13087f9c2423f73e32ed2928fe513e319e8,egglog,5,ok,0,2140.2226239442825,0,"[""/usr/bin/python3"", ""/home/arjaiswal/Polygeist/scripts/correctness/kernel_match_rewrite.py"", ""/home/arjaiswal/Polygeist/issues/aten_c_kernels/results/aten_upsample_nearest_exact3d_backward_cpu/debuf.mlir"", ""--dry-run"", ""--matcher-mode"", ""egglog"", ""--telemetry-json"", ""/home/arjaiswal/Polygeist/issues/equality_saturation_eval/campaign_20260908/aten-aten_upsample_nearest_exact3d_backward_cpu-egglog-ja3qg4go.json"", ""--disable-semantic-fallback""]","== match report for /home/arjaiswal/Polygeist/issues/aten_c_kernels/results/aten_upsample_nearest_exact3d_backward_cpu/debuf.mlir ==
  match          body#[0]  memset_zero_1D_f32
  total: 1 matched / 1 bodies
",0,[],0,0,0,0,/home/arjaiswal/Polygeist/issues/aten_c_kernels/results/aten_upsample_nearest_exact3d_backward_cpu/debuf.mlir,4447,8,1,1,843.7390998005867,0,69484,52.46011167764664,2,2,0,0,"[{""body_indices"": [0], ""symbol"": ""memset_zero_1D_f32""}]",1,0,0,0.0,4
aten,aten_upsample_nearest_exact3d_backward_cpu,/home/arjaiswal/Polygeist/issues/aten_c_kernels/results/aten_upsample_nearest_exact3d_backward_cpu/debuf.mlir,4196b56972576de5c6dc37d83feaf13087f9c2423f73e32ed2928fe513e319e8,syntactic,5,ok,0,1077.5236301124096,0,"[""/usr/bin/python3"", ""/home/arjaiswal/Polygeist/scripts/correctness/kernel_match_rewrite.py"", ""/home/arjaiswal/Polygeist/issues/aten_c_kernels/results/aten_upsample_nearest_exact3d_backward_cpu/debuf.mlir"", ""--dry-run"", ""--matcher-mode"", ""syntactic"", ""--telemetry-json"", ""/home/arjaiswal/Polygeist/issues/equality_saturation_eval/campaign_20260908/aten-aten_upsample_nearest_exact3d_backward_cpu-syntactic-_sgwjobe.json"", ""--disable-semantic-fallback""]","== match report for /home/arjaiswal/Polygeist/issues/aten_c_kernels/results/aten_upsample_nearest_exact3d_backward_cpu/debuf.mlir ==
  match          body#[0]  memset_zero_1D_f32
  total: 1 matched / 1 bodies
",0,[],0,0,0,0,/home/arjaiswal/Polygeist/issues/aten_c_kernels/results/aten_upsample_nearest_exact3d_backward_cpu/debuf.mlir,4447,0,1,1,599.748183041811,0,64744,0.019181519746780396,0,2,0,0,"[{""body_indices"": [0], ""symbol"": ""memset_zero_1D_f32""}]",1,0,4,0.0,4
aten,aten_upsample_nearest_exact3d_cpu,/home/arjaiswal/Polygeist/issues/aten_c_kernels/results/aten_upsample_nearest_exact3d_cpu/debuf.mlir,a667b5c733b86261436097100228597e0f476819432fd89456fff03bb1be386b,syntactic,1,ok,0,1817.513793706894,0,"[""/usr/bin/python3"", ""/home/arjaiswal/Polygeist/scripts/correctness/kernel_match_rewrite.py"", ""/home/arjaiswal/Polygeist/issues/aten_c_kernels/results/aten_upsample_nearest_exact3d_cpu/debuf.mlir"", ""--dry-run"", ""--matcher-mode"", ""syntactic"", ""--telemetry-json"", ""/home/arjaiswal/Polygeist/issues/equality_saturation_eval/campaign_20260908/aten-aten_upsample_nearest_exact3d_cpu-syntactic-2jujwefu.json"", ""--disable-semantic-fallback""]","== match report for /home/arjaiswal/Polygeist/issues/aten_c_kernels/results/aten_upsample_nearest_exact3d_cpu/debuf.mlir ==
  no_match       body#0  ?
  total: 0 matched / 1 bodies
",0,[],0,0,0,0,/home/arjaiswal/Polygeist/issues/aten_c_kernels/results/aten_upsample_nearest_exact3d_cpu/debuf.mlir,4037,0,1,0,787.6105569303036,1,64752,0.0,0,0,0,0,[],0,0,0,0.0,0
aten,aten_upsample_nearest_exact3d_cpu,/home/arjaiswal/Polygeist/issues/aten_c_kernels/results/aten_upsample_nearest_exact3d_cpu/debuf.mlir,a667b5c733b86261436097100228597e0f476819432fd89456fff03bb1be386b,egglog,1,ok,0,1704.4747695326805,0,"[""/usr/bin/python3"", ""/home/arjaiswal/Polygeist/scripts/correctness/kernel_match_rewrite.py"", ""/home/arjaiswal/Polygeist/issues/aten_c_kernels/results/aten_upsample_nearest_exact3d_cpu/debuf.mlir"", ""--dry-run"", ""--matcher-mode"", ""egglog"", ""--telemetry-json"", ""/home/arjaiswal/Polygeist/issues/equality_saturation_eval/campaign_20260908/aten-aten_upsample_nearest_exact3d_cpu-egglog-k6x2enh8.json"", ""--disable-semantic-fallback""]","== match report for /home/arjaiswal/Polygeist/issues/aten_c_kernels/results/aten_upsample_nearest_exact3d_cpu/debuf.mlir ==
  no_match       body#0  ?
  total: 0 matched / 1 bodies
",0,[],0,0,0,0,/home/arjaiswal/Polygeist/issues/aten_c_kernels/results/aten_upsample_nearest_exact3d_cpu/debuf.mlir,4037,8,1,0,753.7632659077644,1,64816,0.0,0,0,0,0,[],0,0,0,0.0,0
aten,aten_upsample_nearest_exact3d_cpu,/home/arjaiswal/Polygeist/issues/aten_c_kernels/results/aten_upsample_nearest_exact3d_cpu/debuf.mlir,a667b5c733b86261436097100228597e0f476819432fd89456fff03bb1be386b,egglog,2,ok,0,1177.4236224591732,0,"[""/usr/bin/python3"", ""/home/arjaiswal/Polygeist/scripts/correctness/kernel_match_rewrite.py"", ""/home/arjaiswal/Polygeist/issues/aten_c_kernels/results/aten_upsample_nearest_exact3d_cpu/debuf.mlir"", ""--dry-run"", ""--matcher-mode"", ""egglog"", ""--telemetry-json"", ""/home/arjaiswal/Polygeist/issues/equality_saturation_eval/campaign_20260908/aten-aten_upsample_nearest_exact3d_cpu-egglog-8_zk0drp.json"", ""--disable-semantic-fallback""]","== match report for /home/arjaiswal/Polygeist/issues/aten_c_kernels/results/aten_upsample_nearest_exact3d_cpu/debuf.mlir ==
  no_match       body#0  ?
  total: 0 matched / 1 bodies
",0,[],0,0,0,0,/home/arjaiswal/Polygeist/issues/aten_c_kernels/results/aten_upsample_nearest_exact3d_cpu/debuf.mlir,4037,8,1,0,460.2942429482937,1,64752,0.0,0,0,0,0,[],0,0,0,0.0,0
aten,aten_upsample_nearest_exact3d_cpu,/home/arjaiswal/Polygeist/issues/aten_c_kernels/results/aten_upsample_nearest_exact3d_cpu/debuf.mlir,a667b5c733b86261436097100228597e0f476819432fd89456fff03bb1be386b,syntactic,2,ok,0,1987.4952211976051,0,"[""/usr/bin/python3"", ""/home/arjaiswal/Polygeist/scripts/correctness/kernel_match_rewrite.py"", ""/home/arjaiswal/Polygeist/issues/aten_c_kernels/results/aten_upsample_nearest_exact3d_cpu/debuf.mlir"", ""--dry-run"", ""--matcher-mode"", ""syntactic"", ""--telemetry-json"", ""/home/arjaiswal/Polygeist/issues/equality_saturation_eval/campaign_20260908/aten-aten_upsample_nearest_exact3d_cpu-syntactic-2vrndn_9.json"", ""--disable-semantic-fallback""]","== match report for /home/arjaiswal/Polygeist/issues/aten_c_kernels/results/aten_upsample_nearest_exact3d_cpu/debuf.mlir ==
  no_match       body#0  ?
  total: 0 matched / 1 bodies
",0,[],0,0,0,0,/home/arjaiswal/Polygeist/issues/aten_c_kernels/results/aten_upsample_nearest_exact3d_cpu/debuf.mlir,4037,0,1,0,706.259835511446,1,64644,0.0,0,0,0,0,[],0,0,0,0.0,0
aten,aten_upsample_nearest_exact3d_cpu,/home/arjaiswal/Polygeist/issues/aten_c_kernels/results/aten_upsample_nearest_exact3d_cpu/debuf.mlir,a667b5c733b86261436097100228597e0f476819432fd89456fff03bb1be386b,syntactic,3,ok,0,1963.2834233343601,0,"[""/usr/bin/python3"", ""/home/arjaiswal/Polygeist/scripts/correctness/kernel_match_rewrite.py"", ""/home/arjaiswal/Polygeist/issues/aten_c_kernels/results/aten_upsample_nearest_exact3d_cpu/debuf.mlir"", ""--dry-run"", ""--matcher-mode"", ""syntactic"", ""--telemetry-json"", ""/home/arjaiswal/Polygeist/issues/equality_saturation_eval/campaign_20260908/aten-aten_upsample_nearest_exact3d_cpu-syntactic-f1yfz035.json"", ""--disable-semantic-fallback""]","== match report for /home/arjaiswal/Polygeist/issues/aten_c_kernels/results/aten_upsample_nearest_exact3d_cpu/debuf.mlir ==
  no_match       body#0  ?
  total: 0 matched / 1 bodies
",0,[],0,0,0,0,/home/arjaiswal/Polygeist/issues/aten_c_kernels/results/aten_upsample_nearest_exact3d_cpu/debuf.mlir,4037,0,1,0,813.6239051818848,1,64480,0.0,0,0,0,0,[],0,0,0,0.0,0
aten,aten_upsample_nearest_exact3d_cpu,/home/arjaiswal/Polygeist/issues/aten_c_kernels/results/aten_upsample_nearest_exact3d_cpu/debuf.mlir,a667b5c733b86261436097100228597e0f476819432fd89456fff03bb1be386b,egglog,3,ok,0,818.5679130256176,0,"[""/usr/bin/python3"", ""/home/arjaiswal/Polygeist/scripts/correctness/kernel_match_rewrite.py"", ""/home/arjaiswal/Polygeist/issues/aten_c_kernels/results/aten_upsample_nearest_exact3d_cpu/debuf.mlir"", ""--dry-run"", ""--matcher-mode"", ""egglog"", ""--telemetry-json"", ""/home/arjaiswal/Polygeist/issues/equality_saturation_eval/campaign_20260908/aten-aten_upsample_nearest_exact3d_cpu-egglog-7o_mruhd.json"", ""--disable-semantic-fallback""]","== match report for /home/arjaiswal/Polygeist/issues/aten_c_kernels/results/aten_upsample_nearest_exact3d_cpu/debuf.mlir ==
  no_match       body#0  ?
  total: 0 matched / 1 bodies
",0,[],0,0,0,0,/home/arjaiswal/Polygeist/issues/aten_c_kernels/results/aten_upsample_nearest_exact3d_cpu/debuf.mlir,4037,8,1,0,295.6252694129944,1,64700,0.0,0,0,0,0,[],0,0,0,0.0,0
aten,aten_upsample_nearest_exact3d_cpu,/home/arjaiswal/Polygeist/issues/aten_c_kernels/results/aten_upsample_nearest_exact3d_cpu/debuf.mlir,a667b5c733b86261436097100228597e0f476819432fd89456fff03bb1be386b,egglog,4,ok,0,737.2714355587959,0,"[""/usr/bin/python3"", ""/home/arjaiswal/Polygeist/scripts/correctness/kernel_match_rewrite.py"", ""/home/arjaiswal/Polygeist/issues/aten_c_kernels/results/aten_upsample_nearest_exact3d_cpu/debuf.mlir"", ""--dry-run"", ""--matcher-mode"", ""egglog"", ""--telemetry-json"", ""/home/arjaiswal/Polygeist/issues/equality_saturation_eval/campaign_20260908/aten-aten_upsample_nearest_exact3d_cpu-egglog-ma89fbe1.json"", ""--disable-semantic-fallback""]","== match report for /home/arjaiswal/Polygeist/issues/aten_c_kernels/results/aten_upsample_nearest_exact3d_cpu/debuf.mlir ==
  no_match       body#0  ?
  total: 0 matched / 1 bodies
",0,[],0,0,0,0,/home/arjaiswal/Polygeist/issues/aten_c_kernels/results/aten_upsample_nearest_exact3d_cpu/debuf.mlir,4037,8,1,0,287.5549681484699,1,64820,0.0,0,0,0,0,[],0,0,0,0.0,0
aten,aten_upsample_nearest_exact3d_cpu,/home/arjaiswal/Polygeist/issues/aten_c_kernels/results/aten_upsample_nearest_exact3d_cpu/debuf.mlir,a667b5c733b86261436097100228597e0f476819432fd89456fff03bb1be386b,syntactic,4,ok,0,875.2192258834839,0,"[""/usr/bin/python3"", ""/home/arjaiswal/Polygeist/scripts/correctness/kernel_match_rewrite.py"", ""/home/arjaiswal/Polygeist/issues/aten_c_kernels/results/aten_upsample_nearest_exact3d_cpu/debuf.mlir"", ""--dry-run"", ""--matcher-mode"", ""syntactic"", ""--telemetry-json"", ""/home/arjaiswal/Polygeist/issues/equality_saturation_eval/campaign_20260908/aten-aten_upsample_nearest_exact3d_cpu-syntactic-9k4yyz4z.json"", ""--disable-semantic-fallback""]","== match report for /home/arjaiswal/Polygeist/issues/aten_c_kernels/results/aten_upsample_nearest_exact3d_cpu/debuf.mlir ==
  no_match       body#0  ?
  total: 0 matched / 1 bodies
",0,[],0,0,0,0,/home/arjaiswal/Polygeist/issues/aten_c_kernels/results/aten_upsample_nearest_exact3d_cpu/debuf.mlir,4037,0,1,0,353.7384234368801,1,64744,0.0,0,0,0,0,[],0,0,0,0.0,0
aten,aten_upsample_nearest_exact3d_cpu,/home/arjaiswal/Polygeist/issues/aten_c_kernels/results/aten_upsample_nearest_exact3d_cpu/debuf.mlir,a667b5c733b86261436097100228597e0f476819432fd89456fff03bb1be386b,syntactic,5,ok,0,2201.196651905775,0,"[""/usr/bin/python3"", ""/home/arjaiswal/Polygeist/scripts/correctness/kernel_match_rewrite.py"", ""/home/arjaiswal/Polygeist/issues/aten_c_kernels/results/aten_upsample_nearest_exact3d_cpu/debuf.mlir"", ""--dry-run"", ""--matcher-mode"", ""syntactic"", ""--telemetry-json"", ""/home/arjaiswal/Polygeist/issues/equality_saturation_eval/campaign_20260908/aten-aten_upsample_nearest_exact3d_cpu-syntactic-n8yf8srh.json"", ""--disable-semantic-fallback""]","== match report for /home/arjaiswal/Polygeist/issues/aten_c_kernels/results/aten_upsample_nearest_exact3d_cpu/debuf.mlir ==
  no_match       body#0  ?
  total: 0 matched / 1 bodies
",0,[],0,0,0,0,/home/arjaiswal/Polygeist/issues/aten_c_kernels/results/aten_upsample_nearest_exact3d_cpu/debuf.mlir,4037,0,1,0,872.7592006325722,1,64516,0.0,0,0,0,0,[],0,0,0,0.0,0
aten,aten_upsample_nearest_exact3d_cpu,/home/arjaiswal/Polygeist/issues/aten_c_kernels/results/aten_upsample_nearest_exact3d_cpu/debuf.mlir,a667b5c733b86261436097100228597e0f476819432fd89456fff03bb1be386b,egglog,5,ok,0,1249.0677870810032,0,"[""/usr/bin/python3"", ""/home/arjaiswal/Polygeist/scripts/correctness/kernel_match_rewrite.py"", ""/home/arjaiswal/Polygeist/issues/aten_c_kernels/results/aten_upsample_nearest_exact3d_cpu/debuf.mlir"", ""--dry-run"", ""--matcher-mode"", ""egglog"", ""--telemetry-json"", ""/home/arjaiswal/Polygeist/issues/equality_saturation_eval/campaign_20260908/aten-aten_upsample_nearest_exact3d_cpu-egglog-5us2dn5a.json"", ""--disable-semantic-fallback""]","== match report for /home/arjaiswal/Polygeist/issues/aten_c_kernels/results/aten_upsample_nearest_exact3d_cpu/debuf.mlir ==
  no_match       body#0  ?
  total: 0 matched / 1 bodies
",0,[],0,0,0,0,/home/arjaiswal/Polygeist/issues/aten_c_kernels/results/aten_upsample_nearest_exact3d_cpu/debuf.mlir,4037,8,1,0,306.317463517189,1,64632,0.0,0,0,0,0,[],0,0,0,0.0,0
aten,aten_upsample_trilinear3d_backward_cpu,/home/arjaiswal/Polygeist/issues/aten_c_kernels/results/aten_upsample_trilinear3d_backward_cpu/debuf.mlir,42f31e596b27513e9637ca29ad75296cdeb3ded8b66201a45aeaff68db4a1e87,egglog,1,ok,0,945.9001757204533,0,"[""/usr/bin/python3"", ""/home/arjaiswal/Polygeist/scripts/correctness/kernel_match_rewrite.py"", ""/home/arjaiswal/Polygeist/issues/aten_c_kernels/results/aten_upsample_trilinear3d_backward_cpu/debuf.mlir"", ""--dry-run"", ""--matcher-mode"", ""egglog"", ""--telemetry-json"", ""/home/arjaiswal/Polygeist/issues/equality_saturation_eval/campaign_20260908/aten-aten_upsample_trilinear3d_backward_cpu-egglog-w5n5jkc7.json"", ""--disable-semantic-fallback""]","== match report for /home/arjaiswal/Polygeist/issues/aten_c_kernels/results/aten_upsample_trilinear3d_backward_cpu/debuf.mlir ==
  match          body#[0]  memset_zero_1D_f32
  total: 1 matched / 1 bodies
",0,[],0,0,0,0,/home/arjaiswal/Polygeist/issues/aten_c_kernels/results/aten_upsample_trilinear3d_backward_cpu/debuf.mlir,10337,8,1,1,441.99300184845924,0,69568,21.055012941360474,2,2,0,0,"[{""body_indices"": [0], ""symbol"": ""memset_zero_1D_f32""}]",1,0,0,0.0,4
aten,aten_upsample_trilinear3d_backward_cpu,/home/arjaiswal/Polygeist/issues/aten_c_kernels/results/aten_upsample_trilinear3d_backward_cpu/debuf.mlir,42f31e596b27513e9637ca29ad75296cdeb3ded8b66201a45aeaff68db4a1e87,syntactic,1,ok,0,792.0124046504498,0,"[""/usr/bin/python3"", ""/home/arjaiswal/Polygeist/scripts/correctness/kernel_match_rewrite.py"", ""/home/arjaiswal/Polygeist/issues/aten_c_kernels/results/aten_upsample_trilinear3d_backward_cpu/debuf.mlir"", ""--dry-run"", ""--matcher-mode"", ""syntactic"", ""--telemetry-json"", ""/home/arjaiswal/Polygeist/issues/equality_saturation_eval/campaign_20260908/aten-aten_upsample_trilinear3d_backward_cpu-syntactic-g2ug6bh0.json"", ""--disable-semantic-fallback""]","== match report for /home/arjaiswal/Polygeist/issues/aten_c_kernels/results/aten_upsample_trilinear3d_backward_cpu/debuf.mlir ==
  match          body#[0]  memset_zero_1D_f32
  total: 1 matched / 1 bodies
",0,[],0,0,0,0,/home/arjaiswal/Polygeist/issues/aten_c_kernels/results/aten_upsample_trilinear3d_backward_cpu/debuf.mlir,10337,0,1,1,291.1449894309044,0,64712,0.02232193946838379,0,2,0,0,"[{""body_indices"": [0], ""symbol"": ""memset_zero_1D_f32""}]",1,0,4,0.0,4
aten,aten_upsample_trilinear3d_backward_cpu,/home/arjaiswal/Polygeist/issues/aten_c_kernels/results/aten_upsample_trilinear3d_backward_cpu/debuf.mlir,42f31e596b27513e9637ca29ad75296cdeb3ded8b66201a45aeaff68db4a1e87,syntactic,2,ok,0,1075.1981437206268,0,"[""/usr/bin/python3"", ""/home/arjaiswal/Polygeist/scripts/correctness/kernel_match_rewrite.py"", ""/home/arjaiswal/Polygeist/issues/aten_c_kernels/results/aten_upsample_trilinear3d_backward_cpu/debuf.mlir"", ""--dry-run"", ""--matcher-mode"", ""syntactic"", ""--telemetry-json"", ""/home/arjaiswal/Polygeist/issues/equality_saturation_eval/campaign_20260908/aten-aten_upsample_trilinear3d_backward_cpu-syntactic-0wzmyhln.json"", ""--disable-semantic-fallback""]","== match report for /home/arjaiswal/Polygeist/issues/aten_c_kernels/results/aten_upsample_trilinear3d_backward_cpu/debuf.mlir ==
  match          body#[0]  memset_zero_1D_f32
  total: 1 matched / 1 bodies
",0,[],0,0,0,0,/home/arjaiswal/Polygeist/issues/aten_c_kernels/results/aten_upsample_trilinear3d_backward_cpu/debuf.mlir,10337,0,1,1,493.1252934038639,0,64672,0.027898699045181274,0,2,0,0,"[{""body_indices"": [0], ""symbol"": ""memset_zero_1D_f32""}]",1,0,4,0.0,4
aten,aten_upsample_trilinear3d_backward_cpu,/home/arjaiswal/Polygeist/issues/aten_c_kernels/results/aten_upsample_trilinear3d_backward_cpu/debuf.mlir,42f31e596b27513e9637ca29ad75296cdeb3ded8b66201a45aeaff68db4a1e87,egglog,2,ok,0,1455.5601552128792,0,"[""/usr/bin/python3"", ""/home/arjaiswal/Polygeist/scripts/correctness/kernel_match_rewrite.py"", ""/home/arjaiswal/Polygeist/issues/aten_c_kernels/results/aten_upsample_trilinear3d_backward_cpu/debuf.mlir"", ""--dry-run"", ""--matcher-mode"", ""egglog"", ""--telemetry-json"", ""/home/arjaiswal/Polygeist/issues/equality_saturation_eval/campaign_20260908/aten-aten_upsample_trilinear3d_backward_cpu-egglog-e0vihk51.json"", ""--disable-semantic-fallback""]","== match report for /home/arjaiswal/Polygeist/issues/aten_c_kernels/results/aten_upsample_trilinear3d_backward_cpu/debuf.mlir ==
  match          body#[0]  memset_zero_1D_f32
  total: 1 matched / 1 bodies
",0,[],0,0,0,0,/home/arjaiswal/Polygeist/issues/aten_c_kernels/results/aten_upsample_trilinear3d_backward_cpu/debuf.mlir,10337,8,1,1,625.8011311292648,0,69312,38.52424770593643,2,2,0,0,"[{""body_indices"": [0], ""symbol"": ""memset_zero_1D_f32""}]",1,0,0,0.0,4
aten,aten_upsample_trilinear3d_backward_cpu,/home/arjaiswal/Polygeist/issues/aten_c_kernels/results/aten_upsample_trilinear3d_backward_cpu/debuf.mlir,42f31e596b27513e9637ca29ad75296cdeb3ded8b66201a45aeaff68db4a1e87,egglog,3,ok,0,1713.6965431272984,0,"[""/usr/bin/python3"", ""/home/arjaiswal/Polygeist/scripts/correctness/kernel_match_rewrite.py"", ""/home/arjaiswal/Polygeist/issues/aten_c_kernels/results/aten_upsample_trilinear3d_backward_cpu/debuf.mlir"", ""--dry-run"", ""--matcher-mode"", ""egglog"", ""--telemetry-json"", ""/home/arjaiswal/Polygeist/issues/equality_saturation_eval/campaign_20260908/aten-aten_upsample_trilinear3d_backward_cpu-egglog-q7tod0jg.json"", ""--disable-semantic-fallback""]","== match report for /home/arjaiswal/Polygeist/issues/aten_c_kernels/results/aten_upsample_trilinear3d_backward_cpu/debuf.mlir ==
  match          body#[0]  memset_zero_1D_f32
  total: 1 matched / 1 bodies
",0,[],0,0,0,0,/home/arjaiswal/Polygeist/issues/aten_c_kernels/results/aten_upsample_trilinear3d_backward_cpu/debuf.mlir,10337,8,1,1,721.7763178050518,0,69320,34.62936356663704,2,2,0,0,"[{""body_indices"": [0], ""symbol"": ""memset_zero_1D_f32""}]",1,0,0,0.0,4
aten,aten_upsample_trilinear3d_backward_cpu,/home/arjaiswal/Polygeist/issues/aten_c_kernels/results/aten_upsample_trilinear3d_backward_cpu/debuf.mlir,42f31e596b27513e9637ca29ad75296cdeb3ded8b66201a45aeaff68db4a1e87,syntactic,3,ok,0,1282.706044614315,0,"[""/usr/bin/python3"", ""/home/arjaiswal/Polygeist/scripts/correctness/kernel_match_rewrite.py"", ""/home/arjaiswal/Polygeist/issues/aten_c_kernels/results/aten_upsample_trilinear3d_backward_cpu/debuf.mlir"", ""--dry-run"", ""--matcher-mode"", ""syntactic"", ""--telemetry-json"", ""/home/arjaiswal/Polygeist/issues/equality_saturation_eval/campaign_20260908/aten-aten_upsample_trilinear3d_backward_cpu-syntactic-0k2vyz_z.json"", ""--disable-semantic-fallback""]","== match report for /home/arjaiswal/Polygeist/issues/aten_c_kernels/results/aten_upsample_trilinear3d_backward_cpu/debuf.mlir ==
  match          body#[0]  memset_zero_1D_f32
  total: 1 matched / 1 bodies
",0,[],0,0,0,0,/home/arjaiswal/Polygeist/issues/aten_c_kernels/results/aten_upsample_trilinear3d_backward_cpu/debuf.mlir,10337,0,1,1,305.8212175965309,0,64296,0.017639249563217163,0,2,0,0,"[{""body_indices"": [0], ""symbol"": ""memset_zero_1D_f32""}]",1,0,4,0.0,4
aten,aten_upsample_trilinear3d_backward_cpu,/home/arjaiswal/Polygeist/issues/aten_c_kernels/results/aten_upsample_trilinear3d_backward_cpu/debuf.mlir,42f31e596b27513e9637ca29ad75296cdeb3ded8b66201a45aeaff68db4a1e87,syntactic,4,ok,0,778.9459750056267,0,"[""/usr/bin/python3"", ""/home/arjaiswal/Polygeist/scripts/correctness/kernel_match_rewrite.py"", ""/home/arjaiswal/Polygeist/issues/aten_c_kernels/results/aten_upsample_trilinear3d_backward_cpu/debuf.mlir"", ""--dry-run"", ""--matcher-mode"", ""syntactic"", ""--telemetry-json"", ""/home/arjaiswal/Polygeist/issues/equality_saturation_eval/campaign_20260908/aten-aten_upsample_trilinear3d_backward_cpu-syntactic-1j486nf6.json"", ""--disable-semantic-fallback""]","== match report for /home/arjaiswal/Polygeist/issues/aten_c_kernels/results/aten_upsample_trilinear3d_backward_cpu/debuf.mlir ==
  match          body#[0]  memset_zero_1D_f32
  total: 1 matched / 1 bodies
",0,[],0,0,0,0,/home/arjaiswal/Polygeist/issues/aten_c_kernels/results/aten_upsample_trilinear3d_backward_cpu/debuf.mlir,10337,0,1,1,288.6281982064247,0,64720,0.03209337592124939,0,2,0,0,"[{""body_indices"": [0], ""symbol"": ""memset_zero_1D_f32""}]",1,0,4,0.0,4
aten,aten_upsample_trilinear3d_backward_cpu,/home/arjaiswal/Polygeist/issues/aten_c_kernels/results/aten_upsample_trilinear3d_backward_cpu/debuf.mlir,42f31e596b27513e9637ca29ad75296cdeb3ded8b66201a45aeaff68db4a1e87,egglog,4,ok,0,2385.5569548904896,0,"[""/usr/bin/python3"", ""/home/arjaiswal/Polygeist/scripts/correctness/kernel_match_rewrite.py"", ""/home/arjaiswal/Polygeist/issues/aten_c_kernels/results/aten_upsample_trilinear3d_backward_cpu/debuf.mlir"", ""--dry-run"", ""--matcher-mode"", ""egglog"", ""--telemetry-json"", ""/home/arjaiswal/Polygeist/issues/equality_saturation_eval/campaign_20260908/aten-aten_upsample_trilinear3d_backward_cpu-egglog-3r5uoita.json"", ""--disable-semantic-fallback""]","== match report for /home/arjaiswal/Polygeist/issues/aten_c_kernels/results/aten_upsample_trilinear3d_backward_cpu/debuf.mlir ==
  match          body#[0]  memset_zero_1D_f32
  total: 1 matched / 1 bodies
",0,[],0,0,0,0,/home/arjaiswal/Polygeist/issues/aten_c_kernels/results/aten_upsample_trilinear3d_backward_cpu/debuf.mlir,10337,8,1,1,1009.5642022788525,0,69368,38.502514362335205,2,2,0,0,"[{""body_indices"": [0], ""symbol"": ""memset_zero_1D_f32""}]",1,0,0,0.0,4
aten,aten_upsample_trilinear3d_backward_cpu,/home/arjaiswal/Polygeist/issues/aten_c_kernels/results/aten_upsample_trilinear3d_backward_cpu/debuf.mlir,42f31e596b27513e9637ca29ad75296cdeb3ded8b66201a45aeaff68db4a1e87,egglog,5,ok,0,2298.7305149435997,0,"[""/usr/bin/python3"", ""/home/arjaiswal/Polygeist/scripts/correctness/kernel_match_rewrite.py"", ""/home/arjaiswal/Polygeist/issues/aten_c_kernels/results/aten_upsample_trilinear3d_backward_cpu/debuf.mlir"", ""--dry-run"", ""--matcher-mode"", ""egglog"", ""--telemetry-json"", ""/home/arjaiswal/Polygeist/issues/equality_saturation_eval/campaign_20260908/aten-aten_upsample_trilinear3d_backward_cpu-egglog-l9q4gvjb.json"", ""--disable-semantic-fallback""]","== match report for /home/arjaiswal/Polygeist/issues/aten_c_kernels/results/aten_upsample_trilinear3d_backward_cpu/debuf.mlir ==
  match          body#[0]  memset_zero_1D_f32
  total: 1 matched / 1 bodies
",0,[],0,0,0,0,/home/arjaiswal/Polygeist/issues/aten_c_kernels/results/aten_upsample_trilinear3d_backward_cpu/debuf.mlir,10337,8,1,1,884.6941441297531,0,69300,50.89971795678139,2,2,0,0,"[{""body_indices"": [0], ""symbol"": ""memset_zero_1D_f32""}]",1,0,0,0.0,4
aten,aten_upsample_trilinear3d_backward_cpu,/home/arjaiswal/Polygeist/issues/aten_c_kernels/results/aten_upsample_trilinear3d_backward_cpu/debuf.mlir,42f31e596b27513e9637ca29ad75296cdeb3ded8b66201a45aeaff68db4a1e87,syntactic,5,ok,0,1063.8823732733727,0,"[""/usr/bin/python3"", ""/home/arjaiswal/Polygeist/scripts/correctness/kernel_match_rewrite.py"", ""/home/arjaiswal/Polygeist/issues/aten_c_kernels/results/aten_upsample_trilinear3d_backward_cpu/debuf.mlir"", ""--dry-run"", ""--matcher-mode"", ""syntactic"", ""--telemetry-json"", ""/home/arjaiswal/Polygeist/issues/equality_saturation_eval/campaign_20260908/aten-aten_upsample_trilinear3d_backward_cpu-syntactic-r8sngciv.json"", ""--disable-semantic-fallback""]","== match report for /home/arjaiswal/Polygeist/issues/aten_c_kernels/results/aten_upsample_trilinear3d_backward_cpu/debuf.mlir ==
  match          body#[0]  memset_zero_1D_f32
  total: 1 matched / 1 bodies
",0,[],0,0,0,0,/home/arjaiswal/Polygeist/issues/aten_c_kernels/results/aten_upsample_trilinear3d_backward_cpu/debuf.mlir,10337,0,1,1,299.44581165909767,0,64404,0.019181519746780396,0,2,0,0,"[{""body_indices"": [0], ""symbol"": ""memset_zero_1D_f32""}]",1,0,4,0.0,4
aten,aten_upsample_trilinear3d_cpu,/home/arjaiswal/Polygeist/issues/aten_c_kernels/results/aten_upsample_trilinear3d_cpu/debuf.mlir,4609b9bedb30a0def7cd8ccc2e428d149fec24a36568d6c5054122e49521b763,syntactic,1,ok,0,1807.8632913529873,0,"[""/usr/bin/python3"", ""/home/arjaiswal/Polygeist/scripts/correctness/kernel_match_rewrite.py"", ""/home/arjaiswal/Polygeist/issues/aten_c_kernels/results/aten_upsample_trilinear3d_cpu/debuf.mlir"", ""--dry-run"", ""--matcher-mode"", ""syntactic"", ""--telemetry-json"", ""/home/arjaiswal/Polygeist/issues/equality_saturation_eval/campaign_20260908/aten-aten_upsample_trilinear3d_cpu-syntactic-_vzyjt36.json"", ""--disable-semantic-fallback""]","== match report for /home/arjaiswal/Polygeist/issues/aten_c_kernels/results/aten_upsample_trilinear3d_cpu/debuf.mlir ==
  no_match       body#0  ?
  total: 0 matched / 1 bodies
",0,[],0,0,0,0,/home/arjaiswal/Polygeist/issues/aten_c_kernels/results/aten_upsample_trilinear3d_cpu/debuf.mlir,7746,0,1,0,1021.35294303298,1,67868,0.0,0,0,0,0,[],0,0,0,0.0,0
aten,aten_upsample_trilinear3d_cpu,/home/arjaiswal/Polygeist/issues/aten_c_kernels/results/aten_upsample_trilinear3d_cpu/debuf.mlir,4609b9bedb30a0def7cd8ccc2e428d149fec24a36568d6c5054122e49521b763,egglog,1,ok,0,2526.749774813652,0,"[""/usr/bin/python3"", ""/home/arjaiswal/Polygeist/scripts/correctness/kernel_match_rewrite.py"", ""/home/arjaiswal/Polygeist/issues/aten_c_kernels/results/aten_upsample_trilinear3d_cpu/debuf.mlir"", ""--dry-run"", ""--matcher-mode"", ""egglog"", ""--telemetry-json"", ""/home/arjaiswal/Polygeist/issues/equality_saturation_eval/campaign_20260908/aten-aten_upsample_trilinear3d_cpu-egglog-yqlwbcwj.json"", ""--disable-semantic-fallback""]","== match report for /home/arjaiswal/Polygeist/issues/aten_c_kernels/results/aten_upsample_trilinear3d_cpu/debuf.mlir ==
  no_match       body#0  ?
  total: 0 matched / 1 bodies
",0,[],0,0,0,0,/home/arjaiswal/Polygeist/issues/aten_c_kernels/results/aten_upsample_trilinear3d_cpu/debuf.mlir,7746,8,1,0,1088.3776433765888,1,67748,0.0,0,0,0,0,[],0,0,0,0.0,0
aten,aten_upsample_trilinear3d_cpu,/home/arjaiswal/Polygeist/issues/aten_c_kernels/results/aten_upsample_trilinear3d_cpu/debuf.mlir,4609b9bedb30a0def7cd8ccc2e428d149fec24a36568d6c5054122e49521b763,egglog,2,ok,0,1958.7600976228714,0,"[""/usr/bin/python3"", ""/home/arjaiswal/Polygeist/scripts/correctness/kernel_match_rewrite.py"", ""/home/arjaiswal/Polygeist/issues/aten_c_kernels/results/aten_upsample_trilinear3d_cpu/debuf.mlir"", ""--dry-run"", ""--matcher-mode"", ""egglog"", ""--telemetry-json"", ""/home/arjaiswal/Polygeist/issues/equality_saturation_eval/campaign_20260908/aten-aten_upsample_trilinear3d_cpu-egglog-6ym_439h.json"", ""--disable-semantic-fallback""]","== match report for /home/arjaiswal/Polygeist/issues/aten_c_kernels/results/aten_upsample_trilinear3d_cpu/debuf.mlir ==
  no_match       body#0  ?
  total: 0 matched / 1 bodies
",0,[],0,0,0,0,/home/arjaiswal/Polygeist/issues/aten_c_kernels/results/aten_upsample_trilinear3d_cpu/debuf.mlir,7746,8,1,0,824.2113627493382,1,67680,0.0,0,0,0,0,[],0,0,0,0.0,0
aten,aten_upsample_trilinear3d_cpu,/home/arjaiswal/Polygeist/issues/aten_c_kernels/results/aten_upsample_trilinear3d_cpu/debuf.mlir,4609b9bedb30a0def7cd8ccc2e428d149fec24a36568d6c5054122e49521b763,syntactic,2,ok,0,2129.470109939575,0,"[""/usr/bin/python3"", ""/home/arjaiswal/Polygeist/scripts/correctness/kernel_match_rewrite.py"", ""/home/arjaiswal/Polygeist/issues/aten_c_kernels/results/aten_upsample_trilinear3d_cpu/debuf.mlir"", ""--dry-run"", ""--matcher-mode"", ""syntactic"", ""--telemetry-json"", ""/home/arjaiswal/Polygeist/issues/equality_saturation_eval/campaign_20260908/aten-aten_upsample_trilinear3d_cpu-syntactic-rai653l4.json"", ""--disable-semantic-fallback""]","== match report for /home/arjaiswal/Polygeist/issues/aten_c_kernels/results/aten_upsample_trilinear3d_cpu/debuf.mlir ==
  no_match       body#0  ?
  total: 0 matched / 1 bodies
",0,[],0,0,0,0,/home/arjaiswal/Polygeist/issues/aten_c_kernels/results/aten_upsample_trilinear3d_cpu/debuf.mlir,7746,0,1,0,999.9746084213257,1,67700,0.0,0,0,0,0,[],0,0,0,0.0,0
aten,aten_upsample_trilinear3d_cpu,/home/arjaiswal/Polygeist/issues/aten_c_kernels/results/aten_upsample_trilinear3d_cpu/debuf.mlir,4609b9bedb30a0def7cd8ccc2e428d149fec24a36568d6c5054122e49521b763,syntactic,3,ok,0,1753.1518302857876,0,"[""/usr/bin/python3"", ""/home/arjaiswal/Polygeist/scripts/correctness/kernel_match_rewrite.py"", ""/home/arjaiswal/Polygeist/issues/aten_c_kernels/results/aten_upsample_trilinear3d_cpu/debuf.mlir"", ""--dry-run"", ""--matcher-mode"", ""syntactic"", ""--telemetry-json"", ""/home/arjaiswal/Polygeist/issues/equality_saturation_eval/campaign_20260908/aten-aten_upsample_trilinear3d_cpu-syntactic-59_6_7qo.json"", ""--disable-semantic-fallback""]","== match report for /home/arjaiswal/Polygeist/issues/aten_c_kernels/results/aten_upsample_trilinear3d_cpu/debuf.mlir ==
  no_match       body#0  ?
  total: 0 matched / 1 bodies
",0,[],0,0,0,0,/home/arjaiswal/Polygeist/issues/aten_c_kernels/results/aten_upsample_trilinear3d_cpu/debuf.mlir,7746,0,1,0,1025.5006104707718,1,67708,0.0,0,0,0,0,[],0,0,0,0.0,0
aten,aten_upsample_trilinear3d_cpu,/home/arjaiswal/Polygeist/issues/aten_c_kernels/results/aten_upsample_trilinear3d_cpu/debuf.mlir,4609b9bedb30a0def7cd8ccc2e428d149fec24a36568d6c5054122e49521b763,egglog,3,ok,0,1384.0012401342392,0,"[""/usr/bin/python3"", ""/home/arjaiswal/Polygeist/scripts/correctness/kernel_match_rewrite.py"", ""/home/arjaiswal/Polygeist/issues/aten_c_kernels/results/aten_upsample_trilinear3d_cpu/debuf.mlir"", ""--dry-run"", ""--matcher-mode"", ""egglog"", ""--telemetry-json"", ""/home/arjaiswal/Polygeist/issues/equality_saturation_eval/campaign_20260908/aten-aten_upsample_trilinear3d_cpu-egglog-dsnlh86o.json"", ""--disable-semantic-fallback""]","== match report for /home/arjaiswal/Polygeist/issues/aten_c_kernels/results/aten_upsample_trilinear3d_cpu/debuf.mlir ==
  no_match       body#0  ?
  total: 0 matched / 1 bodies
",0,[],0,0,0,0,/home/arjaiswal/Polygeist/issues/aten_c_kernels/results/aten_upsample_trilinear3d_cpu/debuf.mlir,7746,8,1,0,719.084843993187,1,67836,0.0,0,0,0,0,[],0,0,0,0.0,0
aten,aten_upsample_trilinear3d_cpu,/home/arjaiswal/Polygeist/issues/aten_c_kernels/results/aten_upsample_trilinear3d_cpu/debuf.mlir,4609b9bedb30a0def7cd8ccc2e428d149fec24a36568d6c5054122e49521b763,egglog,4,ok,0,1130.486436188221,0,"[""/usr/bin/python3"", ""/home/arjaiswal/Polygeist/scripts/correctness/kernel_match_rewrite.py"", ""/home/arjaiswal/Polygeist/issues/aten_c_kernels/results/aten_upsample_trilinear3d_cpu/debuf.mlir"", ""--dry-run"", ""--matcher-mode"", ""egglog"", ""--telemetry-json"", ""/home/arjaiswal/Polygeist/issues/equality_saturation_eval/campaign_20260908/aten-aten_upsample_trilinear3d_cpu-egglog-ersbuelk.json"", ""--disable-semantic-fallback""]","== match report for /home/arjaiswal/Polygeist/issues/aten_c_kernels/results/aten_upsample_trilinear3d_cpu/debuf.mlir ==
  no_match       body#0  ?
  total: 0 matched / 1 bodies
",0,[],0,0,0,0,/home/arjaiswal/Polygeist/issues/aten_c_kernels/results/aten_upsample_trilinear3d_cpu/debuf.mlir,7746,8,1,0,540.1341952383518,1,67692,0.0,0,0,0,0,[],0,0,0,0.0,0
aten,aten_upsample_trilinear3d_cpu,/home/arjaiswal/Polygeist/issues/aten_c_kernels/results/aten_upsample_trilinear3d_cpu/debuf.mlir,4609b9bedb30a0def7cd8ccc2e428d149fec24a36568d6c5054122e49521b763,syntactic,4,ok,0,1931.017391383648,0,"[""/usr/bin/python3"", ""/home/arjaiswal/Polygeist/scripts/correctness/kernel_match_rewrite.py"", ""/home/arjaiswal/Polygeist/issues/aten_c_kernels/results/aten_upsample_trilinear3d_cpu/debuf.mlir"", ""--dry-run"", ""--matcher-mode"", ""syntactic"", ""--telemetry-json"", ""/home/arjaiswal/Polygeist/issues/equality_saturation_eval/campaign_20260908/aten-aten_upsample_trilinear3d_cpu-syntactic-nlponde1.json"", ""--disable-semantic-fallback""]","== match report for /home/arjaiswal/Polygeist/issues/aten_c_kernels/results/aten_upsample_trilinear3d_cpu/debuf.mlir ==
  no_match       body#0  ?
  total: 0 matched / 1 bodies
",0,[],0,0,0,0,/home/arjaiswal/Polygeist/issues/aten_c_kernels/results/aten_upsample_trilinear3d_cpu/debuf.mlir,7746,0,1,0,1221.1584113538265,1,67924,0.0,0,0,0,0,[],0,0,0,0.0,0
aten,aten_upsample_trilinear3d_cpu,/home/arjaiswal/Polygeist/issues/aten_c_kernels/results/aten_upsample_trilinear3d_cpu/debuf.mlir,4609b9bedb30a0def7cd8ccc2e428d149fec24a36568d6c5054122e49521b763,syntactic,5,ok,0,1019.0907940268517,0,"[""/usr/bin/python3"", ""/home/arjaiswal/Polygeist/scripts/correctness/kernel_match_rewrite.py"", ""/home/arjaiswal/Polygeist/issues/aten_c_kernels/results/aten_upsample_trilinear3d_cpu/debuf.mlir"", ""--dry-run"", ""--matcher-mode"", ""syntactic"", ""--telemetry-json"", ""/home/arjaiswal/Polygeist/issues/equality_saturation_eval/campaign_20260908/aten-aten_upsample_trilinear3d_cpu-syntactic-rvzgpnh2.json"", ""--disable-semantic-fallback""]","== match report for /home/arjaiswal/Polygeist/issues/aten_c_kernels/results/aten_upsample_trilinear3d_cpu/debuf.mlir ==
  no_match       body#0  ?
  total: 0 matched / 1 bodies
",0,[],0,0,0,0,/home/arjaiswal/Polygeist/issues/aten_c_kernels/results/aten_upsample_trilinear3d_cpu/debuf.mlir,7746,0,1,0,528.825405985117,1,67876,0.0,0,0,0,0,[],0,0,0,0.0,0
aten,aten_upsample_trilinear3d_cpu,/home/arjaiswal/Polygeist/issues/aten_c_kernels/results/aten_upsample_trilinear3d_cpu/debuf.mlir,4609b9bedb30a0def7cd8ccc2e428d149fec24a36568d6c5054122e49521b763,egglog,5,ok,0,1536.278910934925,0,"[""/usr/bin/python3"", ""/home/arjaiswal/Polygeist/scripts/correctness/kernel_match_rewrite.py"", ""/home/arjaiswal/Polygeist/issues/aten_c_kernels/results/aten_upsample_trilinear3d_cpu/debuf.mlir"", ""--dry-run"", ""--matcher-mode"", ""egglog"", ""--telemetry-json"", ""/home/arjaiswal/Polygeist/issues/equality_saturation_eval/campaign_20260908/aten-aten_upsample_trilinear3d_cpu-egglog-yil6xryv.json"", ""--disable-semantic-fallback""]","== match report for /home/arjaiswal/Polygeist/issues/aten_c_kernels/results/aten_upsample_trilinear3d_cpu/debuf.mlir ==
  no_match       body#0  ?
  total: 0 matched / 1 bodies
",0,[],0,0,0,0,/home/arjaiswal/Polygeist/issues/aten_c_kernels/results/aten_upsample_trilinear3d_cpu/debuf.mlir,7746,8,1,0,576.4724314212799,1,67708,0.0,0,0,0,0,[],0,0,0,0.0,0
aten,aten_vector_norm_out_cpu,/home/arjaiswal/Polygeist/issues/aten_c_kernels/results/aten_vector_norm_out_cpu/debuf.mlir,8224c85fb58559ff5f84db8123c6b75786840c0fca0ac7f1dee5eadc90bc99fc,egglog,1,ok,0,1675.55333673954,0,"[""/usr/bin/python3"", ""/home/arjaiswal/Polygeist/scripts/correctness/kernel_match_rewrite.py"", ""/home/arjaiswal/Polygeist/issues/aten_c_kernels/results/aten_vector_norm_out_cpu/debuf.mlir"", ""--dry-run"", ""--matcher-mode"", ""egglog"", ""--telemetry-json"", ""/home/arjaiswal/Polygeist/issues/equality_saturation_eval/campaign_20260908/aten-aten_vector_norm_out_cpu-egglog-w4lvzjfz.json"", ""--disable-semantic-fallback""]","== match report for /home/arjaiswal/Polygeist/issues/aten_c_kernels/results/aten_vector_norm_out_cpu/debuf.mlir ==
  match          body#[0]  memset_zero_1D_f32
  no_match       body#1  ?
  match          body#[2]  cutensorUnary_sqrt_f32
  total: 2 matched / 3 bodies
",0,[],0,0,0,0,/home/arjaiswal/Polygeist/issues/aten_c_kernels/results/aten_vector_norm_out_cpu/debuf.mlir,2925,8,3,2,868.2200014591217,1,69896,267.4577794969082,24,24,0,0,"[{""body_indices"": [0], ""symbol"": ""memset_zero_1D_f32""}, {""body_indices"": [2], ""symbol"": ""cutensorUnary_sqrt_f32""}]",2,0,0,0.0,68
aten,aten_vector_norm_out_cpu,/home/arjaiswal/Polygeist/issues/aten_c_kernels/results/aten_vector_norm_out_cpu/debuf.mlir,8224c85fb58559ff5f84db8123c6b75786840c0fca0ac7f1dee5eadc90bc99fc,syntactic,1,ok,0,2426.4197535812855,0,"[""/usr/bin/python3"", ""/home/arjaiswal/Polygeist/scripts/correctness/kernel_match_rewrite.py"", ""/home/arjaiswal/Polygeist/issues/aten_c_kernels/results/aten_vector_norm_out_cpu/debuf.mlir"", ""--dry-run"", ""--matcher-mode"", ""syntactic"", ""--telemetry-json"", ""/home/arjaiswal/Polygeist/issues/equality_saturation_eval/campaign_20260908/aten-aten_vector_norm_out_cpu-syntactic-041i4t5q.json"", ""--disable-semantic-fallback""]","== match report for /home/arjaiswal/Polygeist/issues/aten_c_kernels/results/aten_vector_norm_out_cpu/debuf.mlir ==
  match          body#[0]  memset_zero_1D_f32
  no_match       body#1  ?
  match          body#[2]  cutensorUnary_sqrt_f32
  total: 2 matched / 3 bodies
",0,[],0,0,0,0,/home/arjaiswal/Polygeist/issues/aten_c_kernels/results/aten_vector_norm_out_cpu/debuf.mlir,2925,0,3,2,1182.992972433567,1,65664,0.2424865961074829,0,24,0,0,"[{""body_indices"": [0], ""symbol"": ""memset_zero_1D_f32""}, {""body_indices"": [2], ""symbol"": ""cutensorUnary_sqrt_f32""}]",2,0,68,0.0,68
aten,aten_vector_norm_out_cpu,/home/arjaiswal/Polygeist/issues/aten_c_kernels/results/aten_vector_norm_out_cpu/debuf.mlir,8224c85fb58559ff5f84db8123c6b75786840c0fca0ac7f1dee5eadc90bc99fc,syntactic,2,ok,0,1961.8568681180477,0,"[""/usr/bin/python3"", ""/home/arjaiswal/Polygeist/scripts/correctness/kernel_match_rewrite.py"", ""/home/arjaiswal/Polygeist/issues/aten_c_kernels/results/aten_vector_norm_out_cpu/debuf.mlir"", ""--dry-run"", ""--matcher-mode"", ""syntactic"", ""--telemetry-json"", ""/home/arjaiswal/Polygeist/issues/equality_saturation_eval/campaign_20260908/aten-aten_vector_norm_out_cpu-syntactic-t_sgtooi.json"", ""--disable-semantic-fallback""]","== match report for /home/arjaiswal/Polygeist/issues/aten_c_kernels/results/aten_vector_norm_out_cpu/debuf.mlir ==
  match          body#[0]  memset_zero_1D_f32
  no_match       body#1  ?
  match          body#[2]  cutensorUnary_sqrt_f32
  total: 2 matched / 3 bodies
",0,[],0,0,0,0,/home/arjaiswal/Polygeist/issues/aten_c_kernels/results/aten_vector_norm_out_cpu/debuf.mlir,2925,0,3,2,1020.2416852116585,1,65568,0.267811119556427,0,24,0,0,"[{""body_indices"": [0], ""symbol"": ""memset_zero_1D_f32""}, {""body_indices"": [2], ""symbol"": ""cutensorUnary_sqrt_f32""}]",2,0,68,0.0,68
aten,aten_vector_norm_out_cpu,/home/arjaiswal/Polygeist/issues/aten_c_kernels/results/aten_vector_norm_out_cpu/debuf.mlir,8224c85fb58559ff5f84db8123c6b75786840c0fca0ac7f1dee5eadc90bc99fc,egglog,2,ok,0,1407.0696495473385,0,"[""/usr/bin/python3"", ""/home/arjaiswal/Polygeist/scripts/correctness/kernel_match_rewrite.py"", ""/home/arjaiswal/Polygeist/issues/aten_c_kernels/results/aten_vector_norm_out_cpu/debuf.mlir"", ""--dry-run"", ""--matcher-mode"", ""egglog"", ""--telemetry-json"", ""/home/arjaiswal/Polygeist/issues/equality_saturation_eval/campaign_20260908/aten-aten_vector_norm_out_cpu-egglog-jk5mwi6b.json"", ""--disable-semantic-fallback""]","== match report for /home/arjaiswal/Polygeist/issues/aten_c_kernels/results/aten_vector_norm_out_cpu/debuf.mlir ==
  match          body#[0]  memset_zero_1D_f32
  no_match       body#1  ?
  match          body#[2]  cutensorUnary_sqrt_f32
  total: 2 matched / 3 bodies
",0,[],0,0,0,0,/home/arjaiswal/Polygeist/issues/aten_c_kernels/results/aten_vector_norm_out_cpu/debuf.mlir,2925,8,3,2,814.9549514055252,1,70196,303.1247593462467,24,24,0,0,"[{""body_indices"": [0], ""symbol"": ""memset_zero_1D_f32""}, {""body_indices"": [2], ""symbol"": ""cutensorUnary_sqrt_f32""}]",2,0,0,0.0,68
aten,aten_vector_norm_out_cpu,/home/arjaiswal/Polygeist/issues/aten_c_kernels/results/aten_vector_norm_out_cpu/debuf.mlir,8224c85fb58559ff5f84db8123c6b75786840c0fca0ac7f1dee5eadc90bc99fc,egglog,3,ok,0,2909.379120916128,0,"[""/usr/bin/python3"", ""/home/arjaiswal/Polygeist/scripts/correctness/kernel_match_rewrite.py"", ""/home/arjaiswal/Polygeist/issues/aten_c_kernels/results/aten_vector_norm_out_cpu/debuf.mlir"", ""--dry-run"", ""--matcher-mode"", ""egglog"", ""--telemetry-json"", ""/home/arjaiswal/Polygeist/issues/equality_saturation_eval/campaign_20260908/aten-aten_vector_norm_out_cpu-egglog-db3h_u6p.json"", ""--disable-semantic-fallback""]","== match report for /home/arjaiswal/Polygeist/issues/aten_c_kernels/results/aten_vector_norm_out_cpu/debuf.mlir ==
  match          body#[0]  memset_zero_1D_f32
  no_match       body#1  ?
  match          body#[2]  cutensorUnary_sqrt_f32
  total: 2 matched / 3 bodies
",0,[],0,0,0,0,/home/arjaiswal/Polygeist/issues/aten_c_kernels/results/aten_vector_norm_out_cpu/debuf.mlir,2925,8,3,2,1790.5608639121056,1,70164,541.8390072882175,24,24,0,0,"[{""body_indices"": [0], ""symbol"": ""memset_zero_1D_f32""}, {""body_indices"": [2], ""symbol"": ""cutensorUnary_sqrt_f32""}]",2,0,0,0.0,68
aten,aten_vector_norm_out_cpu,/home/arjaiswal/Polygeist/issues/aten_c_kernels/results/aten_vector_norm_out_cpu/debuf.mlir,8224c85fb58559ff5f84db8123c6b75786840c0fca0ac7f1dee5eadc90bc99fc,syntactic,3,ok,0,1324.719488620758,0,"[""/usr/bin/python3"", ""/home/arjaiswal/Polygeist/scripts/correctness/kernel_match_rewrite.py"", ""/home/arjaiswal/Polygeist/issues/aten_c_kernels/results/aten_vector_norm_out_cpu/debuf.mlir"", ""--dry-run"", ""--matcher-mode"", ""syntactic"", ""--telemetry-json"", ""/home/arjaiswal/Polygeist/issues/equality_saturation_eval/campaign_20260908/aten-aten_vector_norm_out_cpu-syntactic-mmzt41zb.json"", ""--disable-semantic-fallback""]","== match report for /home/arjaiswal/Polygeist/issues/aten_c_kernels/results/aten_vector_norm_out_cpu/debuf.mlir ==
  match          body#[0]  memset_zero_1D_f32
  no_match       body#1  ?
  match          body#[2]  cutensorUnary_sqrt_f32
  total: 2 matched / 3 bodies
",0,[],0,0,0,0,/home/arjaiswal/Polygeist/issues/aten_c_kernels/results/aten_vector_norm_out_cpu/debuf.mlir,2925,0,3,2,742.1005815267563,1,65920,0.21116062998771667,0,24,0,0,"[{""body_indices"": [0], ""symbol"": ""memset_zero_1D_f32""}, {""body_indices"": [2], ""symbol"": ""cutensorUnary_sqrt_f32""}]",2,0,68,0.0,68
aten,aten_vector_norm_out_cpu,/home/arjaiswal/Polygeist/issues/aten_c_kernels/results/aten_vector_norm_out_cpu/debuf.mlir,8224c85fb58559ff5f84db8123c6b75786840c0fca0ac7f1dee5eadc90bc99fc,syntactic,4,ok,0,841.4566591382027,0,"[""/usr/bin/python3"", ""/home/arjaiswal/Polygeist/scripts/correctness/kernel_match_rewrite.py"", ""/home/arjaiswal/Polygeist/issues/aten_c_kernels/results/aten_vector_norm_out_cpu/debuf.mlir"", ""--dry-run"", ""--matcher-mode"", ""syntactic"", ""--telemetry-json"", ""/home/arjaiswal/Polygeist/issues/equality_saturation_eval/campaign_20260908/aten-aten_vector_norm_out_cpu-syntactic-3ne0u193.json"", ""--disable-semantic-fallback""]","== match report for /home/arjaiswal/Polygeist/issues/aten_c_kernels/results/aten_vector_norm_out_cpu/debuf.mlir ==
  match          body#[0]  memset_zero_1D_f32
  no_match       body#1  ?
  match          body#[2]  cutensorUnary_sqrt_f32
  total: 2 matched / 3 bodies
",0,[],0,0,0,0,/home/arjaiswal/Polygeist/issues/aten_c_kernels/results/aten_vector_norm_out_cpu/debuf.mlir,2925,0,3,2,420.30106857419014,1,65624,0.21796301007270813,0,24,0,0,"[{""body_indices"": [0], ""symbol"": ""memset_zero_1D_f32""}, {""body_indices"": [2], ""symbol"": ""cutensorUnary_sqrt_f32""}]",2,0,68,0.0,68
aten,aten_vector_norm_out_cpu,/home/arjaiswal/Polygeist/issues/aten_c_kernels/results/aten_vector_norm_out_cpu/debuf.mlir,8224c85fb58559ff5f84db8123c6b75786840c0fca0ac7f1dee5eadc90bc99fc,egglog,4,ok,0,1113.6482581496239,0,"[""/usr/bin/python3"", ""/home/arjaiswal/Polygeist/scripts/correctness/kernel_match_rewrite.py"", ""/home/arjaiswal/Polygeist/issues/aten_c_kernels/results/aten_vector_norm_out_cpu/debuf.mlir"", ""--dry-run"", ""--matcher-mode"", ""egglog"", ""--telemetry-json"", ""/home/arjaiswal/Polygeist/issues/equality_saturation_eval/campaign_20260908/aten-aten_vector_norm_out_cpu-egglog-nxcsw50m.json"", ""--disable-semantic-fallback""]","== match report for /home/arjaiswal/Polygeist/issues/aten_c_kernels/results/aten_vector_norm_out_cpu/debuf.mlir ==
  match          body#[0]  memset_zero_1D_f32
  no_match       body#1  ?
  match          body#[2]  cutensorUnary_sqrt_f32
  total: 2 matched / 3 bodies
",0,[],0,0,0,0,/home/arjaiswal/Polygeist/issues/aten_c_kernels/results/aten_vector_norm_out_cpu/debuf.mlir,2925,8,3,2,682.3736801743507,1,70020,241.42112582921982,24,24,0,0,"[{""body_indices"": [0], ""symbol"": ""memset_zero_1D_f32""}, {""body_indices"": [2], ""symbol"": ""cutensorUnary_sqrt_f32""}]",2,0,0,0.0,68
aten,aten_vector_norm_out_cpu,/home/arjaiswal/Polygeist/issues/aten_c_kernels/results/aten_vector_norm_out_cpu/debuf.mlir,8224c85fb58559ff5f84db8123c6b75786840c0fca0ac7f1dee5eadc90bc99fc,egglog,5,ok,0,1182.9955764114857,0,"[""/usr/bin/python3"", ""/home/arjaiswal/Polygeist/scripts/correctness/kernel_match_rewrite.py"", ""/home/arjaiswal/Polygeist/issues/aten_c_kernels/results/aten_vector_norm_out_cpu/debuf.mlir"", ""--dry-run"", ""--matcher-mode"", ""egglog"", ""--telemetry-json"", ""/home/arjaiswal/Polygeist/issues/equality_saturation_eval/campaign_20260908/aten-aten_vector_norm_out_cpu-egglog-fyot4nb_.json"", ""--disable-semantic-fallback""]","== match report for /home/arjaiswal/Polygeist/issues/aten_c_kernels/results/aten_vector_norm_out_cpu/debuf.mlir ==
  match          body#[0]  memset_zero_1D_f32
  no_match       body#1  ?
  match          body#[2]  cutensorUnary_sqrt_f32
  total: 2 matched / 3 bodies
",0,[],0,0,0,0,/home/arjaiswal/Polygeist/issues/aten_c_kernels/results/aten_vector_norm_out_cpu/debuf.mlir,2925,8,3,2,737.5559471547604,1,69936,265.19523933529854,24,24,0,0,"[{""body_indices"": [0], ""symbol"": ""memset_zero_1D_f32""}, {""body_indices"": [2], ""symbol"": ""cutensorUnary_sqrt_f32""}]",2,0,0,0.0,68
aten,aten_vector_norm_out_cpu,/home/arjaiswal/Polygeist/issues/aten_c_kernels/results/aten_vector_norm_out_cpu/debuf.mlir,8224c85fb58559ff5f84db8123c6b75786840c0fca0ac7f1dee5eadc90bc99fc,syntactic,5,ok,0,897.8257924318314,0,"[""/usr/bin/python3"", ""/home/arjaiswal/Polygeist/scripts/correctness/kernel_match_rewrite.py"", ""/home/arjaiswal/Polygeist/issues/aten_c_kernels/results/aten_vector_norm_out_cpu/debuf.mlir"", ""--dry-run"", ""--matcher-mode"", ""syntactic"", ""--telemetry-json"", ""/home/arjaiswal/Polygeist/issues/equality_saturation_eval/campaign_20260908/aten-aten_vector_norm_out_cpu-syntactic-qipzbrn8.json"", ""--disable-semantic-fallback""]","== match report for /home/arjaiswal/Polygeist/issues/aten_c_kernels/results/aten_vector_norm_out_cpu/debuf.mlir ==
  match          body#[0]  memset_zero_1D_f32
  no_match       body#1  ?
  match          body#[2]  cutensorUnary_sqrt_f32
  total: 2 matched / 3 bodies
",0,[],0,0,0,0,/home/arjaiswal/Polygeist/issues/aten_c_kernels/results/aten_vector_norm_out_cpu/debuf.mlir,2925,0,3,2,446.6887451708317,1,65660,0.22926181554794312,0,24,0,0,"[{""body_indices"": [0], ""symbol"": ""memset_zero_1D_f32""}, {""body_indices"": [2], ""symbol"": ""cutensorUnary_sqrt_f32""}]",2,0,68,0.0,68
aten,aten_weight_norm_backward_cpu,/home/arjaiswal/Polygeist/issues/aten_c_kernels/results/aten_weight_norm_backward_cpu/debuf.mlir,e46831c8e730d03d57edbc9ea1f055b8b43444f5a3bf5f3626642761a0b3ddd0,syntactic,1,ok,0,754.0473937988281,0,"[""/usr/bin/python3"", ""/home/arjaiswal/Polygeist/scripts/correctness/kernel_match_rewrite.py"", ""/home/arjaiswal/Polygeist/issues/aten_c_kernels/results/aten_weight_norm_backward_cpu/debuf.mlir"", ""--dry-run"", ""--matcher-mode"", ""syntactic"", ""--telemetry-json"", ""/home/arjaiswal/Polygeist/issues/equality_saturation_eval/campaign_20260908/aten-aten_weight_norm_backward_cpu-syntactic-h87kqah7.json"", ""--disable-semantic-fallback""]","== match report for /home/arjaiswal/Polygeist/issues/aten_c_kernels/results/aten_weight_norm_backward_cpu/debuf.mlir ==
  match          body#[0]  cublasSdot
  no_match       body#1  ?
  total: 1 matched / 2 bodies
",0,[],0,0,0,0,/home/arjaiswal/Polygeist/issues/aten_c_kernels/results/aten_weight_norm_backward_cpu/debuf.mlir,4855,0,2,1,299.01981726288795,1,65800,0.020723789930343628,0,2,0,0,"[{""body_indices"": [0], ""symbol"": ""cublasSdot""}]",1,0,2,0.0,2
aten,aten_weight_norm_backward_cpu,/home/arjaiswal/Polygeist/issues/aten_c_kernels/results/aten_weight_norm_backward_cpu/debuf.mlir,e46831c8e730d03d57edbc9ea1f055b8b43444f5a3bf5f3626642761a0b3ddd0,egglog,1,ok,0,744.4109730422497,0,"[""/usr/bin/python3"", ""/home/arjaiswal/Polygeist/scripts/correctness/kernel_match_rewrite.py"", ""/home/arjaiswal/Polygeist/issues/aten_c_kernels/results/aten_weight_norm_backward_cpu/debuf.mlir"", ""--dry-run"", ""--matcher-mode"", ""egglog"", ""--telemetry-json"", ""/home/arjaiswal/Polygeist/issues/equality_saturation_eval/campaign_20260908/aten-aten_weight_norm_backward_cpu-egglog-50em0mfb.json"", ""--disable-semantic-fallback""]","== match report for /home/arjaiswal/Polygeist/issues/aten_c_kernels/results/aten_weight_norm_backward_cpu/debuf.mlir ==
  match          body#[0]  cublasSdot
  no_match       body#1  ?
  total: 1 matched / 2 bodies
",0,[],0,0,0,0,/home/arjaiswal/Polygeist/issues/aten_c_kernels/results/aten_weight_norm_backward_cpu/debuf.mlir,4855,8,2,1,309.9004700779915,1,69804,21.86177670955658,2,2,0,8,"[{""body_indices"": [0], ""symbol"": ""cublasSdot""}]",1,0,0,0.0,2
aten,aten_weight_norm_backward_cpu,/home/arjaiswal/Polygeist/issues/aten_c_kernels/results/aten_weight_norm_backward_cpu/debuf.mlir,e46831c8e730d03d57edbc9ea1f055b8b43444f5a3bf5f3626642761a0b3ddd0,egglog,2,ok,0,751.5182346105576,0,"[""/usr/bin/python3"", ""/home/arjaiswal/Polygeist/scripts/correctness/kernel_match_rewrite.py"", ""/home/arjaiswal/Polygeist/issues/aten_c_kernels/results/aten_weight_norm_backward_cpu/debuf.mlir"", ""--dry-run"", ""--matcher-mode"", ""egglog"", ""--telemetry-json"", ""/home/arjaiswal/Polygeist/issues/equality_saturation_eval/campaign_20260908/aten-aten_weight_norm_backward_cpu-egglog-hy1f2drf.json"", ""--disable-semantic-fallback""]","== match report for /home/arjaiswal/Polygeist/issues/aten_c_kernels/results/aten_weight_norm_backward_cpu/debuf.mlir ==
  match          body#[0]  cublasSdot
  no_match       body#1  ?
  total: 1 matched / 2 bodies
",0,[],0,0,0,0,/home/arjaiswal/Polygeist/issues/aten_c_kernels/results/aten_weight_norm_backward_cpu/debuf.mlir,4855,8,2,1,326.26602053642273,1,69760,21.56645804643631,2,2,0,8,"[{""body_indices"": [0], ""symbol"": ""cublasSdot""}]",1,0,0,0.0,2
aten,aten_weight_norm_backward_cpu,/home/arjaiswal/Polygeist/issues/aten_c_kernels/results/aten_weight_norm_backward_cpu/debuf.mlir,e46831c8e730d03d57edbc9ea1f055b8b43444f5a3bf5f3626642761a0b3ddd0,syntactic,2,ok,0,696.016289293766,0,"[""/usr/bin/python3"", ""/home/arjaiswal/Polygeist/scripts/correctness/kernel_match_rewrite.py"", ""/home/arjaiswal/Polygeist/issues/aten_c_kernels/results/aten_weight_norm_backward_cpu/debuf.mlir"", ""--dry-run"", ""--matcher-mode"", ""syntactic"", ""--telemetry-json"", ""/home/arjaiswal/Polygeist/issues/equality_saturation_eval/campaign_20260908/aten-aten_weight_norm_backward_cpu-syntactic-81t6upu8.json"", ""--disable-semantic-fallback""]","== match report for /home/arjaiswal/Polygeist/issues/aten_c_kernels/results/aten_weight_norm_backward_cpu/debuf.mlir ==
  match          body#[0]  cublasSdot
  no_match       body#1  ?
  total: 1 matched / 2 bodies
",0,[],0,0,0,0,/home/arjaiswal/Polygeist/issues/aten_c_kernels/results/aten_weight_norm_backward_cpu/debuf.mlir,4855,0,2,1,284.8321348428726,1,65456,0.020451843738555908,0,2,0,0,"[{""body_indices"": [0], ""symbol"": ""cublasSdot""}]",1,0,2,0.0,2
aten,aten_weight_norm_backward_cpu,/home/arjaiswal/Polygeist/issues/aten_c_kernels/results/aten_weight_norm_backward_cpu/debuf.mlir,e46831c8e730d03d57edbc9ea1f055b8b43444f5a3bf5f3626642761a0b3ddd0,syntactic,3,ok,0,753.0684247612953,0,"[""/usr/bin/python3"", ""/home/arjaiswal/Polygeist/scripts/correctness/kernel_match_rewrite.py"", ""/home/arjaiswal/Polygeist/issues/aten_c_kernels/results/aten_weight_norm_backward_cpu/debuf.mlir"", ""--dry-run"", ""--matcher-mode"", ""syntactic"", ""--telemetry-json"", ""/home/arjaiswal/Polygeist/issues/equality_saturation_eval/campaign_20260908/aten-aten_weight_norm_backward_cpu-syntactic-1me81u8o.json"", ""--disable-semantic-fallback""]","== match report for /home/arjaiswal/Polygeist/issues/aten_c_kernels/results/aten_weight_norm_backward_cpu/debuf.mlir ==
  match          body#[0]  cublasSdot
  no_match       body#1  ?
  total: 1 matched / 2 bodies
",0,[],0,0,0,0,/home/arjaiswal/Polygeist/issues/aten_c_kernels/results/aten_weight_norm_backward_cpu/debuf.mlir,4855,0,2,1,317.1951547265053,1,65604,0.02310052514076233,0,2,0,0,"[{""body_indices"": [0], ""symbol"": ""cublasSdot""}]",1,0,2,0.0,2
aten,aten_weight_norm_backward_cpu,/home/arjaiswal/Polygeist/issues/aten_c_kernels/results/aten_weight_norm_backward_cpu/debuf.mlir,e46831c8e730d03d57edbc9ea1f055b8b43444f5a3bf5f3626642761a0b3ddd0,egglog,3,ok,0,808.4018714725971,0,"[""/usr/bin/python3"", ""/home/arjaiswal/Polygeist/scripts/correctness/kernel_match_rewrite.py"", ""/home/arjaiswal/Polygeist/issues/aten_c_kernels/results/aten_weight_norm_backward_cpu/debuf.mlir"", ""--dry-run"", ""--matcher-mode"", ""egglog"", ""--telemetry-json"", ""/home/arjaiswal/Polygeist/issues/equality_saturation_eval/campaign_20260908/aten-aten_weight_norm_backward_cpu-egglog-uu08a15g.json"", ""--disable-semantic-fallback""]","== match report for /home/arjaiswal/Polygeist/issues/aten_c_kernels/results/aten_weight_norm_backward_cpu/debuf.mlir ==
  match          body#[0]  cublasSdot
  no_match       body#1  ?
  total: 1 matched / 2 bodies
",0,[],0,0,0,0,/home/arjaiswal/Polygeist/issues/aten_c_kernels/results/aten_weight_norm_backward_cpu/debuf.mlir,4855,8,2,1,355.92125728726387,1,69700,22.619016468524933,2,2,0,8,"[{""body_indices"": [0], ""symbol"": ""cublasSdot""}]",1,0,0,0.0,2
aten,aten_weight_norm_backward_cpu,/home/arjaiswal/Polygeist/issues/aten_c_kernels/results/aten_weight_norm_backward_cpu/debuf.mlir,e46831c8e730d03d57edbc9ea1f055b8b43444f5a3bf5f3626642761a0b3ddd0,egglog,4,ok,0,777.4036601185799,0,"[""/usr/bin/python3"", ""/home/arjaiswal/Polygeist/scripts/correctness/kernel_match_rewrite.py"", ""/home/arjaiswal/Polygeist/issues/aten_c_kernels/results/aten_weight_norm_backward_cpu/debuf.mlir"", ""--dry-run"", ""--matcher-mode"", ""egglog"", ""--telemetry-json"", ""/home/arjaiswal/Polygeist/issues/equality_saturation_eval/campaign_20260908/aten-aten_weight_norm_backward_cpu-egglog-t9rk1hj6.json"", ""--disable-semantic-fallback""]","== match report for /home/arjaiswal/Polygeist/issues/aten_c_kernels/results/aten_weight_norm_backward_cpu/debuf.mlir ==
  match          body#[0]  cublasSdot
  no_match       body#1  ?
  total: 1 matched / 2 bodies
",0,[],0,0,0,0,/home/arjaiswal/Polygeist/issues/aten_c_kernels/results/aten_weight_norm_backward_cpu/debuf.mlir,4855,8,2,1,326.7013132572174,1,69240,21.948199719190598,2,2,0,8,"[{""body_indices"": [0], ""symbol"": ""cublasSdot""}]",1,0,0,0.0,2
aten,aten_weight_norm_backward_cpu,/home/arjaiswal/Polygeist/issues/aten_c_kernels/results/aten_weight_norm_backward_cpu/debuf.mlir,e46831c8e730d03d57edbc9ea1f055b8b43444f5a3bf5f3626642761a0b3ddd0,syntactic,4,ok,0,738.3747436106205,0,"[""/usr/bin/python3"", ""/home/arjaiswal/Polygeist/scripts/correctness/kernel_match_rewrite.py"", ""/home/arjaiswal/Polygeist/issues/aten_c_kernels/results/aten_weight_norm_backward_cpu/debuf.mlir"", ""--dry-run"", ""--matcher-mode"", ""syntactic"", ""--telemetry-json"", ""/home/arjaiswal/Polygeist/issues/equality_saturation_eval/campaign_20260908/aten-aten_weight_norm_backward_cpu-syntactic-yju828wn.json"", ""--disable-semantic-fallback""]","== match report for /home/arjaiswal/Polygeist/issues/aten_c_kernels/results/aten_weight_norm_backward_cpu/debuf.mlir ==
  match          body#[0]  cublasSdot
  no_match       body#1  ?
  total: 1 matched / 2 bodies
",0,[],0,0,0,0,/home/arjaiswal/Polygeist/issues/aten_c_kernels/results/aten_weight_norm_backward_cpu/debuf.mlir,4855,0,2,1,298.040721565485,1,65616,0.021301209926605225,0,2,0,0,"[{""body_indices"": [0], ""symbol"": ""cublasSdot""}]",1,0,2,0.0,2
aten,aten_weight_norm_backward_cpu,/home/arjaiswal/Polygeist/issues/aten_c_kernels/results/aten_weight_norm_backward_cpu/debuf.mlir,e46831c8e730d03d57edbc9ea1f055b8b43444f5a3bf5f3626642761a0b3ddd0,syntactic,5,ok,0,730.0165444612503,0,"[""/usr/bin/python3"", ""/home/arjaiswal/Polygeist/scripts/correctness/kernel_match_rewrite.py"", ""/home/arjaiswal/Polygeist/issues/aten_c_kernels/results/aten_weight_norm_backward_cpu/debuf.mlir"", ""--dry-run"", ""--matcher-mode"", ""syntactic"", ""--telemetry-json"", ""/home/arjaiswal/Polygeist/issues/equality_saturation_eval/campaign_20260908/aten-aten_weight_norm_backward_cpu-syntactic-occz04hs.json"", ""--disable-semantic-fallback""]","== match report for /home/arjaiswal/Polygeist/issues/aten_c_kernels/results/aten_weight_norm_backward_cpu/debuf.mlir ==
  match          body#[0]  cublasSdot
  no_match       body#1  ?
  total: 1 matched / 2 bodies
",0,[],0,0,0,0,/home/arjaiswal/Polygeist/issues/aten_c_kernels/results/aten_weight_norm_backward_cpu/debuf.mlir,4855,0,2,1,306.96995183825493,1,65644,0.02232193946838379,0,2,0,0,"[{""body_indices"": [0], ""symbol"": ""cublasSdot""}]",1,0,2,0.0,2
aten,aten_weight_norm_backward_cpu,/home/arjaiswal/Polygeist/issues/aten_c_kernels/results/aten_weight_norm_backward_cpu/debuf.mlir,e46831c8e730d03d57edbc9ea1f055b8b43444f5a3bf5f3626642761a0b3ddd0,egglog,5,ok,0,773.9120796322823,0,"[""/usr/bin/python3"", ""/home/arjaiswal/Polygeist/scripts/correctness/kernel_match_rewrite.py"", ""/home/arjaiswal/Polygeist/issues/aten_c_kernels/results/aten_weight_norm_backward_cpu/debuf.mlir"", ""--dry-run"", ""--matcher-mode"", ""egglog"", ""--telemetry-json"", ""/home/arjaiswal/Polygeist/issues/equality_saturation_eval/campaign_20260908/aten-aten_weight_norm_backward_cpu-egglog-xcdmo3ym.json"", ""--disable-semantic-fallback""]","== match report for /home/arjaiswal/Polygeist/issues/aten_c_kernels/results/aten_weight_norm_backward_cpu/debuf.mlir ==
  match          body#[0]  cublasSdot
  no_match       body#1  ?
  total: 1 matched / 2 bodies
",0,[],0,0,0,0,/home/arjaiswal/Polygeist/issues/aten_c_kernels/results/aten_weight_norm_backward_cpu/debuf.mlir,4855,8,2,1,318.40506196022034,1,69788,22.538386285305023,2,2,0,8,"[{""body_indices"": [0], ""symbol"": ""cublasSdot""}]",1,0,0,0.0,2
aten,aten_weight_norm_cpu,/home/arjaiswal/Polygeist/issues/aten_c_kernels/results/aten_weight_norm_cpu/debuf.mlir,f272567c486400263f04400b94ab08ae1d09d879b363691a0327969bf69307e7,egglog,1,ok,0,775.9240604937077,0,"[""/usr/bin/python3"", ""/home/arjaiswal/Polygeist/scripts/correctness/kernel_match_rewrite.py"", ""/home/arjaiswal/Polygeist/issues/aten_c_kernels/results/aten_weight_norm_cpu/debuf.mlir"", ""--dry-run"", ""--matcher-mode"", ""egglog"", ""--telemetry-json"", ""/home/arjaiswal/Polygeist/issues/equality_saturation_eval/campaign_20260908/aten-aten_weight_norm_cpu-egglog-clafluoe.json"", ""--disable-semantic-fallback""]","== match report for /home/arjaiswal/Polygeist/issues/aten_c_kernels/results/aten_weight_norm_cpu/debuf.mlir ==
  no_match       body#0  ?
  no_match       body#1  ?
  total: 0 matched / 2 bodies
",0,[],0,0,0,0,/home/arjaiswal/Polygeist/issues/aten_c_kernels/results/aten_weight_norm_cpu/debuf.mlir,3986,8,2,0,348.3622968196869,2,69804,22.11293950676918,2,2,0,6,[],0,0,0,0.0,10
aten,aten_weight_norm_cpu,/home/arjaiswal/Polygeist/issues/aten_c_kernels/results/aten_weight_norm_cpu/debuf.mlir,f272567c486400263f04400b94ab08ae1d09d879b363691a0327969bf69307e7,syntactic,1,ok,0,774.6435739099979,0,"[""/usr/bin/python3"", ""/home/arjaiswal/Polygeist/scripts/correctness/kernel_match_rewrite.py"", ""/home/arjaiswal/Polygeist/issues/aten_c_kernels/results/aten_weight_norm_cpu/debuf.mlir"", ""--dry-run"", ""--matcher-mode"", ""syntactic"", ""--telemetry-json"", ""/home/arjaiswal/Polygeist/issues/equality_saturation_eval/campaign_20260908/aten-aten_weight_norm_cpu-syntactic-sxgcsj9_.json"", ""--disable-semantic-fallback""]","== match report for /home/arjaiswal/Polygeist/issues/aten_c_kernels/results/aten_weight_norm_cpu/debuf.mlir ==
  no_match       body#0  ?
  no_match       body#1  ?
  total: 0 matched / 2 bodies
",0,[],0,0,0,0,/home/arjaiswal/Polygeist/issues/aten_c_kernels/results/aten_weight_norm_cpu/debuf.mlir,3986,0,2,0,341.92201122641563,2,65636,0.08058175444602966,0,2,0,0,[],0,0,10,0.0,10
aten,aten_weight_norm_cpu,/home/arjaiswal/Polygeist/issues/aten_c_kernels/results/aten_weight_norm_cpu/debuf.mlir,f272567c486400263f04400b94ab08ae1d09d879b363691a0327969bf69307e7,syntactic,2,ok,0,766.7855024337769,0,"[""/usr/bin/python3"", ""/home/arjaiswal/Polygeist/scripts/correctness/kernel_match_rewrite.py"", ""/home/arjaiswal/Polygeist/issues/aten_c_kernels/results/aten_weight_norm_cpu/debuf.mlir"", ""--dry-run"", ""--matcher-mode"", ""syntactic"", ""--telemetry-json"", ""/home/arjaiswal/Polygeist/issues/equality_saturation_eval/campaign_20260908/aten-aten_weight_norm_cpu-syntactic-a3cs_as1.json"", ""--disable-semantic-fallback""]","== match report for /home/arjaiswal/Polygeist/issues/aten_c_kernels/results/aten_weight_norm_cpu/debuf.mlir ==
  no_match       body#0  ?
  no_match       body#1  ?
  total: 0 matched / 2 bodies
",0,[],0,0,0,0,/home/arjaiswal/Polygeist/issues/aten_c_kernels/results/aten_weight_norm_cpu/debuf.mlir,3986,0,2,0,323.6759267747402,2,65768,0.05556643009185791,0,2,0,0,[],0,0,10,0.0,10
aten,aten_weight_norm_cpu,/home/arjaiswal/Polygeist/issues/aten_c_kernels/results/aten_weight_norm_cpu/debuf.mlir,f272567c486400263f04400b94ab08ae1d09d879b363691a0327969bf69307e7,egglog,2,ok,0,776.6077294945717,0,"[""/usr/bin/python3"", ""/home/arjaiswal/Polygeist/scripts/correctness/kernel_match_rewrite.py"", ""/home/arjaiswal/Polygeist/issues/aten_c_kernels/results/aten_weight_norm_cpu/debuf.mlir"", ""--dry-run"", ""--matcher-mode"", ""egglog"", ""--telemetry-json"", ""/home/arjaiswal/Polygeist/issues/equality_saturation_eval/campaign_20260908/aten-aten_weight_norm_cpu-egglog-mmq3nr3e.json"", ""--disable-semantic-fallback""]","== match report for /home/arjaiswal/Polygeist/issues/aten_c_kernels/results/aten_weight_norm_cpu/debuf.mlir ==
  no_match       body#0  ?
  no_match       body#1  ?
  total: 0 matched / 2 bodies
",0,[],0,0,0,0,/home/arjaiswal/Polygeist/issues/aten_c_kernels/results/aten_weight_norm_cpu/debuf.mlir,3986,8,2,0,357.4156314134598,2,69760,28.374522924423218,2,2,0,6,[],0,0,0,0.0,10
aten,aten_weight_norm_cpu,/home/arjaiswal/Polygeist/issues/aten_c_kernels/results/aten_weight_norm_cpu/debuf.mlir,f272567c486400263f04400b94ab08ae1d09d879b363691a0327969bf69307e7,egglog,3,ok,0,807.9887330532074,0,"[""/usr/bin/python3"", ""/home/arjaiswal/Polygeist/scripts/correctness/kernel_match_rewrite.py"", ""/home/arjaiswal/Polygeist/issues/aten_c_kernels/results/aten_weight_norm_cpu/debuf.mlir"", ""--dry-run"", ""--matcher-mode"", ""egglog"", ""--telemetry-json"", ""/home/arjaiswal/Polygeist/issues/equality_saturation_eval/campaign_20260908/aten-aten_weight_norm_cpu-egglog-9gj6iqrm.json"", ""--disable-semantic-fallback""]","== match report for /home/arjaiswal/Polygeist/issues/aten_c_kernels/results/aten_weight_norm_cpu/debuf.mlir ==
  no_match       body#0  ?
  no_match       body#1  ?
  total: 0 matched / 2 bodies
",0,[],0,0,0,0,/home/arjaiswal/Polygeist/issues/aten_c_kernels/results/aten_weight_norm_cpu/debuf.mlir,3986,8,2,0,363.2299490272999,2,69824,24.39045161008835,2,2,0,6,[],0,0,0,0.0,10
aten,aten_weight_norm_cpu,/home/arjaiswal/Polygeist/issues/aten_c_kernels/results/aten_weight_norm_cpu/debuf.mlir,f272567c486400263f04400b94ab08ae1d09d879b363691a0327969bf69307e7,syntactic,3,ok,0,769.1660039126873,0,"[""/usr/bin/python3"", ""/home/arjaiswal/Polygeist/scripts/correctness/kernel_match_rewrite.py"", ""/home/arjaiswal/Polygeist/issues/aten_c_kernels/results/aten_weight_norm_cpu/debuf.mlir"", ""--dry-run"", ""--matcher-mode"", ""syntactic"", ""--telemetry-json"", ""/home/arjaiswal/Polygeist/issues/equality_saturation_eval/campaign_20260908/aten-aten_weight_norm_cpu-syntactic-ss5irsbk.json"", ""--disable-semantic-fallback""]","== match report for /home/arjaiswal/Polygeist/issues/aten_c_kernels/results/aten_weight_norm_cpu/debuf.mlir ==
  no_match       body#0  ?
  no_match       body#1  ?
  total: 0 matched / 2 bodies
",0,[],0,0,0,0,/home/arjaiswal/Polygeist/issues/aten_c_kernels/results/aten_weight_norm_cpu/debuf.mlir,3986,0,2,0,322.6912058889866,2,65564,0.05375966429710388,0,2,0,0,[],0,0,10,0.0,10
aten,aten_weight_norm_cpu,/home/arjaiswal/Polygeist/issues/aten_c_kernels/results/aten_weight_norm_cpu/debuf.mlir,f272567c486400263f04400b94ab08ae1d09d879b363691a0327969bf69307e7,syntactic,4,ok,0,738.3993901312351,0,"[""/usr/bin/python3"", ""/home/arjaiswal/Polygeist/scripts/correctness/kernel_match_rewrite.py"", ""/home/arjaiswal/Polygeist/issues/aten_c_kernels/results/aten_weight_norm_cpu/debuf.mlir"", ""--dry-run"", ""--matcher-mode"", ""syntactic"", ""--telemetry-json"", ""/home/arjaiswal/Polygeist/issues/equality_saturation_eval/campaign_20260908/aten-aten_weight_norm_cpu-syntactic-m50_t6kb.json"", ""--disable-semantic-fallback""]","== match report for /home/arjaiswal/Polygeist/issues/aten_c_kernels/results/aten_weight_norm_cpu/debuf.mlir ==
  no_match       body#0  ?
  no_match       body#1  ?
  total: 0 matched / 2 bodies
",0,[],0,0,0,0,/home/arjaiswal/Polygeist/issues/aten_c_kernels/results/aten_weight_norm_cpu/debuf.mlir,3986,0,2,0,310.8421750366688,2,65756,0.048391520977020264,0,2,0,0,[],0,0,10,0.0,10
aten,aten_weight_norm_cpu,/home/arjaiswal/Polygeist/issues/aten_c_kernels/results/aten_weight_norm_cpu/debuf.mlir,f272567c486400263f04400b94ab08ae1d09d879b363691a0327969bf69307e7,egglog,4,ok,0,793.8262857496738,0,"[""/usr/bin/python3"", ""/home/arjaiswal/Polygeist/scripts/correctness/kernel_match_rewrite.py"", ""/home/arjaiswal/Polygeist/issues/aten_c_kernels/results/aten_weight_norm_cpu/debuf.mlir"", ""--dry-run"", ""--matcher-mode"", ""egglog"", ""--telemetry-json"", ""/home/arjaiswal/Polygeist/issues/equality_saturation_eval/campaign_20260908/aten-aten_weight_norm_cpu-egglog-q82li36r.json"", ""--disable-semantic-fallback""]","== match report for /home/arjaiswal/Polygeist/issues/aten_c_kernels/results/aten_weight_norm_cpu/debuf.mlir ==
  no_match       body#0  ?
  no_match       body#1  ?
  total: 0 matched / 2 bodies
",0,[],0,0,0,0,/home/arjaiswal/Polygeist/issues/aten_c_kernels/results/aten_weight_norm_cpu/debuf.mlir,3986,8,2,0,385.01423969864845,2,69692,21.37809619307518,2,2,0,6,[],0,0,0,0.0,10
aten,aten_weight_norm_cpu,/home/arjaiswal/Polygeist/issues/aten_c_kernels/results/aten_weight_norm_cpu/debuf.mlir,f272567c486400263f04400b94ab08ae1d09d879b363691a0327969bf69307e7,egglog,5,ok,0,764.0025280416012,0,"[""/usr/bin/python3"", ""/home/arjaiswal/Polygeist/scripts/correctness/kernel_match_rewrite.py"", ""/home/arjaiswal/Polygeist/issues/aten_c_kernels/results/aten_weight_norm_cpu/debuf.mlir"", ""--dry-run"", ""--matcher-mode"", ""egglog"", ""--telemetry-json"", ""/home/arjaiswal/Polygeist/issues/equality_saturation_eval/campaign_20260908/aten-aten_weight_norm_cpu-egglog-shy25jes.json"", ""--disable-semantic-fallback""]","== match report for /home/arjaiswal/Polygeist/issues/aten_c_kernels/results/aten_weight_norm_cpu/debuf.mlir ==
  no_match       body#0  ?
  no_match       body#1  ?
  total: 0 matched / 2 bodies
",0,[],0,0,0,0,/home/arjaiswal/Polygeist/issues/aten_c_kernels/results/aten_weight_norm_cpu/debuf.mlir,3986,8,2,0,355.22692650556564,2,69764,24.769913405179977,2,2,0,6,[],0,0,0,0.0,10
aten,aten_weight_norm_cpu,/home/arjaiswal/Polygeist/issues/aten_c_kernels/results/aten_weight_norm_cpu/debuf.mlir,f272567c486400263f04400b94ab08ae1d09d879b363691a0327969bf69307e7,syntactic,5,ok,0,788.1443202495575,0,"[""/usr/bin/python3"", ""/home/arjaiswal/Polygeist/scripts/correctness/kernel_match_rewrite.py"", ""/home/arjaiswal/Polygeist/issues/aten_c_kernels/results/aten_weight_norm_cpu/debuf.mlir"", ""--dry-run"", ""--matcher-mode"", ""syntactic"", ""--telemetry-json"", ""/home/arjaiswal/Polygeist/issues/equality_saturation_eval/campaign_20260908/aten-aten_weight_norm_cpu-syntactic-s8pcldnw.json"", ""--disable-semantic-fallback""]","== match report for /home/arjaiswal/Polygeist/issues/aten_c_kernels/results/aten_weight_norm_cpu/debuf.mlir ==
  no_match       body#0  ?
  no_match       body#1  ?
  total: 0 matched / 2 bodies
",0,[],0,0,0,0,/home/arjaiswal/Polygeist/issues/aten_c_kernels/results/aten_weight_norm_cpu/debuf.mlir,3986,0,2,0,323.8377943634987,2,65876,0.05348026752471924,0,2,0,0,[],0,0,10,0.0,10
aten,aten_weight_to_int4pack_cpu,/home/arjaiswal/Polygeist/issues/aten_c_kernels/results/aten_weight_to_int4pack_cpu/debuf.mlir,49fc4ebca0cd678d297d67afd597505011ab3a7e7d9e45d5b8b337ef27e745a4,syntactic,1,ok,0,720.1266773045063,0,"[""/usr/bin/python3"", ""/home/arjaiswal/Polygeist/scripts/correctness/kernel_match_rewrite.py"", ""/home/arjaiswal/Polygeist/issues/aten_c_kernels/results/aten_weight_to_int4pack_cpu/debuf.mlir"", ""--dry-run"", ""--matcher-mode"", ""syntactic"", ""--telemetry-json"", ""/home/arjaiswal/Polygeist/issues/equality_saturation_eval/campaign_20260908/aten-aten_weight_to_int4pack_cpu-syntactic-v16_94wx.json"", ""--disable-semantic-fallback""]","== match report for /home/arjaiswal/Polygeist/issues/aten_c_kernels/results/aten_weight_to_int4pack_cpu/debuf.mlir ==
  total: 0 matched / 0 bodies
",0,[],0,0,0,0,/home/arjaiswal/Polygeist/issues/aten_c_kernels/results/aten_weight_to_int4pack_cpu/debuf.mlir,2836,0,0,0,290.5149385333061,0,64676,0.0,0,0,0,0,[],0,0,0,0.0,0
aten,aten_weight_to_int4pack_cpu,/home/arjaiswal/Polygeist/issues/aten_c_kernels/results/aten_weight_to_int4pack_cpu/debuf.mlir,49fc4ebca0cd678d297d67afd597505011ab3a7e7d9e45d5b8b337ef27e745a4,egglog,1,ok,0,783.002108335495,0,"[""/usr/bin/python3"", ""/home/arjaiswal/Polygeist/scripts/correctness/kernel_match_rewrite.py"", ""/home/arjaiswal/Polygeist/issues/aten_c_kernels/results/aten_weight_to_int4pack_cpu/debuf.mlir"", ""--dry-run"", ""--matcher-mode"", ""egglog"", ""--telemetry-json"", ""/home/arjaiswal/Polygeist/issues/equality_saturation_eval/campaign_20260908/aten-aten_weight_to_int4pack_cpu-egglog-gb77_p98.json"", ""--disable-semantic-fallback""]","== match report for /home/arjaiswal/Polygeist/issues/aten_c_kernels/results/aten_weight_to_int4pack_cpu/debuf.mlir ==
  total: 0 matched / 0 bodies
",0,[],0,0,0,0,/home/arjaiswal/Polygeist/issues/aten_c_kernels/results/aten_weight_to_int4pack_cpu/debuf.mlir,2836,8,0,0,275.5420431494713,0,64716,0.0,0,0,0,0,[],0,0,0,0.0,0
aten,aten_weight_to_int4pack_cpu,/home/arjaiswal/Polygeist/issues/aten_c_kernels/results/aten_weight_to_int4pack_cpu/debuf.mlir,49fc4ebca0cd678d297d67afd597505011ab3a7e7d9e45d5b8b337ef27e745a4,egglog,2,ok,0,730.1455959677696,0,"[""/usr/bin/python3"", ""/home/arjaiswal/Polygeist/scripts/correctness/kernel_match_rewrite.py"", ""/home/arjaiswal/Polygeist/issues/aten_c_kernels/results/aten_weight_to_int4pack_cpu/debuf.mlir"", ""--dry-run"", ""--matcher-mode"", ""egglog"", ""--telemetry-json"", ""/home/arjaiswal/Polygeist/issues/equality_saturation_eval/campaign_20260908/aten-aten_weight_to_int4pack_cpu-egglog-4k1g755y.json"", ""--disable-semantic-fallback""]","== match report for /home/arjaiswal/Polygeist/issues/aten_c_kernels/results/aten_weight_to_int4pack_cpu/debuf.mlir ==
  total: 0 matched / 0 bodies
",0,[],0,0,0,0,/home/arjaiswal/Polygeist/issues/aten_c_kernels/results/aten_weight_to_int4pack_cpu/debuf.mlir,2836,8,0,0,278.8124941289425,0,64888,0.0,0,0,0,0,[],0,0,0,0.0,0
aten,aten_weight_to_int4pack_cpu,/home/arjaiswal/Polygeist/issues/aten_c_kernels/results/aten_weight_to_int4pack_cpu/debuf.mlir,49fc4ebca0cd678d297d67afd597505011ab3a7e7d9e45d5b8b337ef27e745a4,syntactic,2,ok,0,681.8076446652412,0,"[""/usr/bin/python3"", ""/home/arjaiswal/Polygeist/scripts/correctness/kernel_match_rewrite.py"", ""/home/arjaiswal/Polygeist/issues/aten_c_kernels/results/aten_weight_to_int4pack_cpu/debuf.mlir"", ""--dry-run"", ""--matcher-mode"", ""syntactic"", ""--telemetry-json"", ""/home/arjaiswal/Polygeist/issues/equality_saturation_eval/campaign_20260908/aten-aten_weight_to_int4pack_cpu-syntactic-iqwuv69k.json"", ""--disable-semantic-fallback""]","== match report for /home/arjaiswal/Polygeist/issues/aten_c_kernels/results/aten_weight_to_int4pack_cpu/debuf.mlir ==
  total: 0 matched / 0 bodies
",0,[],0,0,0,0,/home/arjaiswal/Polygeist/issues/aten_c_kernels/results/aten_weight_to_int4pack_cpu/debuf.mlir,2836,0,0,0,263.43726366758347,0,64944,0.0,0,0,0,0,[],0,0,0,0.0,0
aten,aten_weight_to_int4pack_cpu,/home/arjaiswal/Polygeist/issues/aten_c_kernels/results/aten_weight_to_int4pack_cpu/debuf.mlir,49fc4ebca0cd678d297d67afd597505011ab3a7e7d9e45d5b8b337ef27e745a4,syntactic,3,ok,0,676.0925203561783,0,"[""/usr/bin/python3"", ""/home/arjaiswal/Polygeist/scripts/correctness/kernel_match_rewrite.py"", ""/home/arjaiswal/Polygeist/issues/aten_c_kernels/results/aten_weight_to_int4pack_cpu/debuf.mlir"", ""--dry-run"", ""--matcher-mode"", ""syntactic"", ""--telemetry-json"", ""/home/arjaiswal/Polygeist/issues/equality_saturation_eval/campaign_20260908/aten-aten_weight_to_int4pack_cpu-syntactic-dxqvpfsa.json"", ""--disable-semantic-fallback""]","== match report for /home/arjaiswal/Polygeist/issues/aten_c_kernels/results/aten_weight_to_int4pack_cpu/debuf.mlir ==
  total: 0 matched / 0 bodies
",0,[],0,0,0,0,/home/arjaiswal/Polygeist/issues/aten_c_kernels/results/aten_weight_to_int4pack_cpu/debuf.mlir,2836,0,0,0,256.1568431556225,0,64764,0.0,0,0,0,0,[],0,0,0,0.0,0
aten,aten_weight_to_int4pack_cpu,/home/arjaiswal/Polygeist/issues/aten_c_kernels/results/aten_weight_to_int4pack_cpu/debuf.mlir,49fc4ebca0cd678d297d67afd597505011ab3a7e7d9e45d5b8b337ef27e745a4,egglog,3,ok,0,685.520850121975,0,"[""/usr/bin/python3"", ""/home/arjaiswal/Polygeist/scripts/correctness/kernel_match_rewrite.py"", ""/home/arjaiswal/Polygeist/issues/aten_c_kernels/results/aten_weight_to_int4pack_cpu/debuf.mlir"", ""--dry-run"", ""--matcher-mode"", ""egglog"", ""--telemetry-json"", ""/home/arjaiswal/Polygeist/issues/equality_saturation_eval/campaign_20260908/aten-aten_weight_to_int4pack_cpu-egglog-9w9yhok_.json"", ""--disable-semantic-fallback""]","== match report for /home/arjaiswal/Polygeist/issues/aten_c_kernels/results/aten_weight_to_int4pack_cpu/debuf.mlir ==
  total: 0 matched / 0 bodies
",0,[],0,0,0,0,/home/arjaiswal/Polygeist/issues/aten_c_kernels/results/aten_weight_to_int4pack_cpu/debuf.mlir,2836,8,0,0,261.5246772766113,0,64516,0.0,0,0,0,0,[],0,0,0,0.0,0
aten,aten_weight_to_int4pack_cpu,/home/arjaiswal/Polygeist/issues/aten_c_kernels/results/aten_weight_to_int4pack_cpu/debuf.mlir,49fc4ebca0cd678d297d67afd597505011ab3a7e7d9e45d5b8b337ef27e745a4,egglog,4,ok,0,683.627188205719,0,"[""/usr/bin/python3"", ""/home/arjaiswal/Polygeist/scripts/correctness/kernel_match_rewrite.py"", ""/home/arjaiswal/Polygeist/issues/aten_c_kernels/results/aten_weight_to_int4pack_cpu/debuf.mlir"", ""--dry-run"", ""--matcher-mode"", ""egglog"", ""--telemetry-json"", ""/home/arjaiswal/Polygeist/issues/equality_saturation_eval/campaign_20260908/aten-aten_weight_to_int4pack_cpu-egglog-o0ba3c27.json"", ""--disable-semantic-fallback""]","== match report for /home/arjaiswal/Polygeist/issues/aten_c_kernels/results/aten_weight_to_int4pack_cpu/debuf.mlir ==
  total: 0 matched / 0 bodies
",0,[],0,0,0,0,/home/arjaiswal/Polygeist/issues/aten_c_kernels/results/aten_weight_to_int4pack_cpu/debuf.mlir,2836,8,0,0,260.14310866594315,0,64532,0.0,0,0,0,0,[],0,0,0,0.0,0
aten,aten_weight_to_int4pack_cpu,/home/arjaiswal/Polygeist/issues/aten_c_kernels/results/aten_weight_to_int4pack_cpu/debuf.mlir,49fc4ebca0cd678d297d67afd597505011ab3a7e7d9e45d5b8b337ef27e745a4,syntactic,4,ok,0,765.1821412146091,0,"[""/usr/bin/python3"", ""/home/arjaiswal/Polygeist/scripts/correctness/kernel_match_rewrite.py"", ""/home/arjaiswal/Polygeist/issues/aten_c_kernels/results/aten_weight_to_int4pack_cpu/debuf.mlir"", ""--dry-run"", ""--matcher-mode"", ""syntactic"", ""--telemetry-json"", ""/home/arjaiswal/Polygeist/issues/equality_saturation_eval/campaign_20260908/aten-aten_weight_to_int4pack_cpu-syntactic-zxlj8oi1.json"", ""--disable-semantic-fallback""]","== match report for /home/arjaiswal/Polygeist/issues/aten_c_kernels/results/aten_weight_to_int4pack_cpu/debuf.mlir ==
  total: 0 matched / 0 bodies
",0,[],0,0,0,0,/home/arjaiswal/Polygeist/issues/aten_c_kernels/results/aten_weight_to_int4pack_cpu/debuf.mlir,2836,0,0,0,307.87187814712524,0,64988,0.0,0,0,0,0,[],0,0,0,0.0,0
aten,aten_weight_to_int4pack_cpu,/home/arjaiswal/Polygeist/issues/aten_c_kernels/results/aten_weight_to_int4pack_cpu/debuf.mlir,49fc4ebca0cd678d297d67afd597505011ab3a7e7d9e45d5b8b337ef27e745a4,syntactic,5,ok,0,701.4631554484367,0,"[""/usr/bin/python3"", ""/home/arjaiswal/Polygeist/scripts/correctness/kernel_match_rewrite.py"", ""/home/arjaiswal/Polygeist/issues/aten_c_kernels/results/aten_weight_to_int4pack_cpu/debuf.mlir"", ""--dry-run"", ""--matcher-mode"", ""syntactic"", ""--telemetry-json"", ""/home/arjaiswal/Polygeist/issues/equality_saturation_eval/campaign_20260908/aten-aten_weight_to_int4pack_cpu-syntactic-_j0q7kv7.json"", ""--disable-semantic-fallback""]","== match report for /home/arjaiswal/Polygeist/issues/aten_c_kernels/results/aten_weight_to_int4pack_cpu/debuf.mlir ==
  total: 0 matched / 0 bodies
",0,[],0,0,0,0,/home/arjaiswal/Polygeist/issues/aten_c_kernels/results/aten_weight_to_int4pack_cpu/debuf.mlir,2836,0,0,0,263.4827680885792,0,64700,0.0,0,0,0,0,[],0,0,0,0.0,0
aten,aten_weight_to_int4pack_cpu,/home/arjaiswal/Polygeist/issues/aten_c_kernels/results/aten_weight_to_int4pack_cpu/debuf.mlir,49fc4ebca0cd678d297d67afd597505011ab3a7e7d9e45d5b8b337ef27e745a4,egglog,5,ok,0,688.9331974089146,0,"[""/usr/bin/python3"", ""/home/arjaiswal/Polygeist/scripts/correctness/kernel_match_rewrite.py"", ""/home/arjaiswal/Polygeist/issues/aten_c_kernels/results/aten_weight_to_int4pack_cpu/debuf.mlir"", ""--dry-run"", ""--matcher-mode"", ""egglog"", ""--telemetry-json"", ""/home/arjaiswal/Polygeist/issues/equality_saturation_eval/campaign_20260908/aten-aten_weight_to_int4pack_cpu-egglog-m8ljency.json"", ""--disable-semantic-fallback""]","== match report for /home/arjaiswal/Polygeist/issues/aten_c_kernels/results/aten_weight_to_int4pack_cpu/debuf.mlir ==
  total: 0 matched / 0 bodies
",0,[],0,0,0,0,/home/arjaiswal/Polygeist/issues/aten_c_kernels/results/aten_weight_to_int4pack_cpu/debuf.mlir,2836,8,0,0,266.74121618270874,0,64660,0.0,0,0,0,0,[],0,0,0,0.0,0
aten,aten_where_cpu,/home/arjaiswal/Polygeist/issues/aten_c_kernels/results/aten_where_cpu/debuf.mlir,1c2436753aba7752bf9249440050d70c41cf6c5643734ccd567eeda6b91e8eb2,egglog,1,ok,0,718.0183529853821,0,"[""/usr/bin/python3"", ""/home/arjaiswal/Polygeist/scripts/correctness/kernel_match_rewrite.py"", ""/home/arjaiswal/Polygeist/issues/aten_c_kernels/results/aten_where_cpu/debuf.mlir"", ""--dry-run"", ""--matcher-mode"", ""egglog"", ""--telemetry-json"", ""/home/arjaiswal/Polygeist/issues/equality_saturation_eval/campaign_20260908/aten-aten_where_cpu-egglog-kbx9vchx.json"", ""--disable-semantic-fallback""]","== match report for /home/arjaiswal/Polygeist/issues/aten_c_kernels/results/aten_where_cpu/debuf.mlir ==
  no_match       body#0  ?
  total: 0 matched / 1 bodies
",0,[],0,0,0,0,/home/arjaiswal/Polygeist/issues/aten_c_kernels/results/aten_where_cpu/debuf.mlir,2093,8,1,0,267.94400811195374,1,64720,0.0,0,0,0,0,[],0,0,0,0.0,0
aten,aten_where_cpu,/home/arjaiswal/Polygeist/issues/aten_c_kernels/results/aten_where_cpu/debuf.mlir,1c2436753aba7752bf9249440050d70c41cf6c5643734ccd567eeda6b91e8eb2,syntactic,1,ok,0,688.5066479444504,0,"[""/usr/bin/python3"", ""/home/arjaiswal/Polygeist/scripts/correctness/kernel_match_rewrite.py"", ""/home/arjaiswal/Polygeist/issues/aten_c_kernels/results/aten_where_cpu/debuf.mlir"", ""--dry-run"", ""--matcher-mode"", ""syntactic"", ""--telemetry-json"", ""/home/arjaiswal/Polygeist/issues/equality_saturation_eval/campaign_20260908/aten-aten_where_cpu-syntactic-dwt6f0jr.json"", ""--disable-semantic-fallback""]","== match report for /home/arjaiswal/Polygeist/issues/aten_c_kernels/results/aten_where_cpu/debuf.mlir ==
  no_match       body#0  ?
  total: 0 matched / 1 bodies
",0,[],0,0,0,0,/home/arjaiswal/Polygeist/issues/aten_c_kernels/results/aten_where_cpu/debuf.mlir,2093,0,1,0,284.2027433216572,1,64628,0.0,0,0,0,0,[],0,0,0,0.0,0
aten,aten_where_cpu,/home/arjaiswal/Polygeist/issues/aten_c_kernels/results/aten_where_cpu/debuf.mlir,1c2436753aba7752bf9249440050d70c41cf6c5643734ccd567eeda6b91e8eb2,syntactic,2,ok,0,698.6355520784855,0,"[""/usr/bin/python3"", ""/home/arjaiswal/Polygeist/scripts/correctness/kernel_match_rewrite.py"", ""/home/arjaiswal/Polygeist/issues/aten_c_kernels/results/aten_where_cpu/debuf.mlir"", ""--dry-run"", ""--matcher-mode"", ""syntactic"", ""--telemetry-json"", ""/home/arjaiswal/Polygeist/issues/equality_saturation_eval/campaign_20260908/aten-aten_where_cpu-syntactic-9u__sxll.json"", ""--disable-semantic-fallback""]","== match report for /home/arjaiswal/Polygeist/issues/aten_c_kernels/results/aten_where_cpu/debuf.mlir ==
  no_match       body#0  ?
  total: 0 matched / 1 bodies
",0,[],0,0,0,0,/home/arjaiswal/Polygeist/issues/aten_c_kernels/results/aten_where_cpu/debuf.mlir,2093,0,1,0,265.46910777688026,1,64484,0.0,0,0,0,0,[],0,0,0,0.0,0
aten,aten_where_cpu,/home/arjaiswal/Polygeist/issues/aten_c_kernels/results/aten_where_cpu/debuf.mlir,1c2436753aba7752bf9249440050d70c41cf6c5643734ccd567eeda6b91e8eb2,egglog,2,ok,0,679.3727278709412,0,"[""/usr/bin/python3"", ""/home/arjaiswal/Polygeist/scripts/correctness/kernel_match_rewrite.py"", ""/home/arjaiswal/Polygeist/issues/aten_c_kernels/results/aten_where_cpu/debuf.mlir"", ""--dry-run"", ""--matcher-mode"", ""egglog"", ""--telemetry-json"", ""/home/arjaiswal/Polygeist/issues/equality_saturation_eval/campaign_20260908/aten-aten_where_cpu-egglog-5gc3x9r7.json"", ""--disable-semantic-fallback""]","== match report for /home/arjaiswal/Polygeist/issues/aten_c_kernels/results/aten_where_cpu/debuf.mlir ==
  no_match       body#0  ?
  total: 0 matched / 1 bodies
",0,[],0,0,0,0,/home/arjaiswal/Polygeist/issues/aten_c_kernels/results/aten_where_cpu/debuf.mlir,2093,8,1,0,267.2140449285507,1,64680,0.0,0,0,0,0,[],0,0,0,0.0,0
aten,aten_where_cpu,/home/arjaiswal/Polygeist/issues/aten_c_kernels/results/aten_where_cpu/debuf.mlir,1c2436753aba7752bf9249440050d70c41cf6c5643734ccd567eeda6b91e8eb2,egglog,3,ok,0,748.6006692051888,0,"[""/usr/bin/python3"", ""/home/arjaiswal/Polygeist/scripts/correctness/kernel_match_rewrite.py"", ""/home/arjaiswal/Polygeist/issues/aten_c_kernels/results/aten_where_cpu/debuf.mlir"", ""--dry-run"", ""--matcher-mode"", ""egglog"", ""--telemetry-json"", ""/home/arjaiswal/Polygeist/issues/equality_saturation_eval/campaign_20260908/aten-aten_where_cpu-egglog-izn3sznb.json"", ""--disable-semantic-fallback""]","== match report for /home/arjaiswal/Polygeist/issues/aten_c_kernels/results/aten_where_cpu/debuf.mlir ==
  no_match       body#0  ?
  total: 0 matched / 1 bodies
",0,[],0,0,0,0,/home/arjaiswal/Polygeist/issues/aten_c_kernels/results/aten_where_cpu/debuf.mlir,2093,8,1,0,293.7188930809498,1,64840,0.0,0,0,0,0,[],0,0,0,0.0,0
aten,aten_where_cpu,/home/arjaiswal/Polygeist/issues/aten_c_kernels/results/aten_where_cpu/debuf.mlir,1c2436753aba7752bf9249440050d70c41cf6c5643734ccd567eeda6b91e8eb2,syntactic,3,ok,0,749.8407550156116,0,"[""/usr/bin/python3"", ""/home/arjaiswal/Polygeist/scripts/correctness/kernel_match_rewrite.py"", ""/home/arjaiswal/Polygeist/issues/aten_c_kernels/results/aten_where_cpu/debuf.mlir"", ""--dry-run"", ""--matcher-mode"", ""syntactic"", ""--telemetry-json"", ""/home/arjaiswal/Polygeist/issues/equality_saturation_eval/campaign_20260908/aten-aten_where_cpu-syntactic-5ypxn84g.json"", ""--disable-semantic-fallback""]","== match report for /home/arjaiswal/Polygeist/issues/aten_c_kernels/results/aten_where_cpu/debuf.mlir ==
  no_match       body#0  ?
  total: 0 matched / 1 bodies
",0,[],0,0,0,0,/home/arjaiswal/Polygeist/issues/aten_c_kernels/results/aten_where_cpu/debuf.mlir,2093,0,1,0,307.41218104958534,1,64624,0.0,0,0,0,0,[],0,0,0,0.0,0
aten,aten_where_cpu,/home/arjaiswal/Polygeist/issues/aten_c_kernels/results/aten_where_cpu/debuf.mlir,1c2436753aba7752bf9249440050d70c41cf6c5643734ccd567eeda6b91e8eb2,syntactic,4,ok,0,773.2575051486492,0,"[""/usr/bin/python3"", ""/home/arjaiswal/Polygeist/scripts/correctness/kernel_match_rewrite.py"", ""/home/arjaiswal/Polygeist/issues/aten_c_kernels/results/aten_where_cpu/debuf.mlir"", ""--dry-run"", ""--matcher-mode"", ""syntactic"", ""--telemetry-json"", ""/home/arjaiswal/Polygeist/issues/equality_saturation_eval/campaign_20260908/aten-aten_where_cpu-syntactic-y1m7x3z5.json"", ""--disable-semantic-fallback""]","== match report for /home/arjaiswal/Polygeist/issues/aten_c_kernels/results/aten_where_cpu/debuf.mlir ==
  no_match       body#0  ?
  total: 0 matched / 1 bodies
",0,[],0,0,0,0,/home/arjaiswal/Polygeist/issues/aten_c_kernels/results/aten_where_cpu/debuf.mlir,2093,0,1,0,283.98754447698593,1,64676,0.0,0,0,0,0,[],0,0,0,0.0,0
aten,aten_where_cpu,/home/arjaiswal/Polygeist/issues/aten_c_kernels/results/aten_where_cpu/debuf.mlir,1c2436753aba7752bf9249440050d70c41cf6c5643734ccd567eeda6b91e8eb2,egglog,4,ok,0,719.0693877637386,0,"[""/usr/bin/python3"", ""/home/arjaiswal/Polygeist/scripts/correctness/kernel_match_rewrite.py"", ""/home/arjaiswal/Polygeist/issues/aten_c_kernels/results/aten_where_cpu/debuf.mlir"", ""--dry-run"", ""--matcher-mode"", ""egglog"", ""--telemetry-json"", ""/home/arjaiswal/Polygeist/issues/equality_saturation_eval/campaign_20260908/aten-aten_where_cpu-egglog-f2scnodk.json"", ""--disable-semantic-fallback""]","== match report for /home/arjaiswal/Polygeist/issues/aten_c_kernels/results/aten_where_cpu/debuf.mlir ==
  no_match       body#0  ?
  total: 0 matched / 1 bodies
",0,[],0,0,0,0,/home/arjaiswal/Polygeist/issues/aten_c_kernels/results/aten_where_cpu/debuf.mlir,2093,8,1,0,278.30467373132706,1,64592,0.0,0,0,0,0,[],0,0,0,0.0,0
aten,aten_where_cpu,/home/arjaiswal/Polygeist/issues/aten_c_kernels/results/aten_where_cpu/debuf.mlir,1c2436753aba7752bf9249440050d70c41cf6c5643734ccd567eeda6b91e8eb2,egglog,5,ok,0,743.4820644557476,0,"[""/usr/bin/python3"", ""/home/arjaiswal/Polygeist/scripts/correctness/kernel_match_rewrite.py"", ""/home/arjaiswal/Polygeist/issues/aten_c_kernels/results/aten_where_cpu/debuf.mlir"", ""--dry-run"", ""--matcher-mode"", ""egglog"", ""--telemetry-json"", ""/home/arjaiswal/Polygeist/issues/equality_saturation_eval/campaign_20260908/aten-aten_where_cpu-egglog-p38nn1m9.json"", ""--disable-semantic-fallback""]","== match report for /home/arjaiswal/Polygeist/issues/aten_c_kernels/results/aten_where_cpu/debuf.mlir ==
  no_match       body#0  ?
  total: 0 matched / 1 bodies
",0,[],0,0,0,0,/home/arjaiswal/Polygeist/issues/aten_c_kernels/results/aten_where_cpu/debuf.mlir,2093,8,1,0,296.0763946175575,1,64780,0.0,0,0,0,0,[],0,0,0,0.0,0
aten,aten_where_cpu,/home/arjaiswal/Polygeist/issues/aten_c_kernels/results/aten_where_cpu/debuf.mlir,1c2436753aba7752bf9249440050d70c41cf6c5643734ccd567eeda6b91e8eb2,syntactic,5,ok,0,695.0189545750618,0,"[""/usr/bin/python3"", ""/home/arjaiswal/Polygeist/scripts/correctness/kernel_match_rewrite.py"", ""/home/arjaiswal/Polygeist/issues/aten_c_kernels/results/aten_where_cpu/debuf.mlir"", ""--dry-run"", ""--matcher-mode"", ""syntactic"", ""--telemetry-json"", ""/home/arjaiswal/Polygeist/issues/equality_saturation_eval/campaign_20260908/aten-aten_where_cpu-syntactic-h16bbn_s.json"", ""--disable-semantic-fallback""]","== match report for /home/arjaiswal/Polygeist/issues/aten_c_kernels/results/aten_where_cpu/debuf.mlir ==
  no_match       body#0  ?
  total: 0 matched / 1 bodies
",0,[],0,0,0,0,/home/arjaiswal/Polygeist/issues/aten_c_kernels/results/aten_where_cpu/debuf.mlir,2093,0,1,0,280.7985655963421,1,64712,0.0,0,0,0,0,[],0,0,0,0.0,0
aten,aten_xlog1py,/home/arjaiswal/Polygeist/issues/aten_c_kernels/results/aten_xlog1py/debuf.mlir,12ade65aa4acd3c6046870bd7fefc3f4fce0612bfa34ef111bffba60548c286b,syntactic,1,ok,0,695.1621770858765,0,"[""/usr/bin/python3"", ""/home/arjaiswal/Polygeist/scripts/correctness/kernel_match_rewrite.py"", ""/home/arjaiswal/Polygeist/issues/aten_c_kernels/results/aten_xlog1py/debuf.mlir"", ""--dry-run"", ""--matcher-mode"", ""syntactic"", ""--telemetry-json"", ""/home/arjaiswal/Polygeist/issues/equality_saturation_eval/campaign_20260908/aten-aten_xlog1py-syntactic-d47u0igc.json"", ""--disable-semantic-fallback""]","== match report for /home/arjaiswal/Polygeist/issues/aten_c_kernels/results/aten_xlog1py/debuf.mlir ==
  no_match       body#0  ?
  total: 0 matched / 1 bodies
",0,[],0,0,0,0,/home/arjaiswal/Polygeist/issues/aten_c_kernels/results/aten_xlog1py/debuf.mlir,2501,0,1,0,280.8760143816471,1,64296,0.015381723642349243,0,0,0,0,[],0,0,4,0.0,4
aten,aten_xlog1py,/home/arjaiswal/Polygeist/issues/aten_c_kernels/results/aten_xlog1py/debuf.mlir,12ade65aa4acd3c6046870bd7fefc3f4fce0612bfa34ef111bffba60548c286b,egglog,1,ok,0,702.7187272906303,0,"[""/usr/bin/python3"", ""/home/arjaiswal/Polygeist/scripts/correctness/kernel_match_rewrite.py"", ""/home/arjaiswal/Polygeist/issues/aten_c_kernels/results/aten_xlog1py/debuf.mlir"", ""--dry-run"", ""--matcher-mode"", ""egglog"", ""--telemetry-json"", ""/home/arjaiswal/Polygeist/issues/equality_saturation_eval/campaign_20260908/aten-aten_xlog1py-egglog-3q2sjkcy.json"", ""--disable-semantic-fallback""]","== match report for /home/arjaiswal/Polygeist/issues/aten_c_kernels/results/aten_xlog1py/debuf.mlir ==
  no_match       body#0  ?
  total: 0 matched / 1 bodies
",0,[],0,0,0,0,/home/arjaiswal/Polygeist/issues/aten_c_kernels/results/aten_xlog1py/debuf.mlir,2501,8,1,0,276.7071984708309,1,64608,0.0,0,0,0,0,[],0,0,0,0.0,4
aten,aten_xlog1py,/home/arjaiswal/Polygeist/issues/aten_c_kernels/results/aten_xlog1py/debuf.mlir,12ade65aa4acd3c6046870bd7fefc3f4fce0612bfa34ef111bffba60548c286b,egglog,2,ok,0,712.5125341117382,0,"[""/usr/bin/python3"", ""/home/arjaiswal/Polygeist/scripts/correctness/kernel_match_rewrite.py"", ""/home/arjaiswal/Polygeist/issues/aten_c_kernels/results/aten_xlog1py/debuf.mlir"", ""--dry-run"", ""--matcher-mode"", ""egglog"", ""--telemetry-json"", ""/home/arjaiswal/Polygeist/issues/equality_saturation_eval/campaign_20260908/aten-aten_xlog1py-egglog-c4celsei.json"", ""--disable-semantic-fallback""]","== match report for /home/arjaiswal/Polygeist/issues/aten_c_kernels/results/aten_xlog1py/debuf.mlir ==
  no_match       body#0  ?
  total: 0 matched / 1 bodies
",0,[],0,0,0,0,/home/arjaiswal/Polygeist/issues/aten_c_kernels/results/aten_xlog1py/debuf.mlir,2501,8,1,0,284.49247032403946,1,64640,0.0,0,0,0,0,[],0,0,0,0.0,4
aten,aten_xlog1py,/home/arjaiswal/Polygeist/issues/aten_c_kernels/results/aten_xlog1py/debuf.mlir,12ade65aa4acd3c6046870bd7fefc3f4fce0612bfa34ef111bffba60548c286b,syntactic,2,ok,0,1919.4961935281754,0,"[""/usr/bin/python3"", ""/home/arjaiswal/Polygeist/scripts/correctness/kernel_match_rewrite.py"", ""/home/arjaiswal/Polygeist/issues/aten_c_kernels/results/aten_xlog1py/debuf.mlir"", ""--dry-run"", ""--matcher-mode"", ""syntactic"", ""--telemetry-json"", ""/home/arjaiswal/Polygeist/issues/equality_saturation_eval/campaign_20260908/aten-aten_xlog1py-syntactic-ze5pszwh.json"", ""--disable-semantic-fallback""]","== match report for /home/arjaiswal/Polygeist/issues/aten_c_kernels/results/aten_xlog1py/debuf.mlir ==
  no_match       body#0  ?
  total: 0 matched / 1 bodies
",0,[],0,0,0,0,/home/arjaiswal/Polygeist/issues/aten_c_kernels/results/aten_xlog1py/debuf.mlir,2501,0,1,0,759.566780179739,1,64664,0.019609928131103516,0,0,0,0,[],0,0,4,0.0,4
aten,aten_xlog1py,/home/arjaiswal/Polygeist/issues/aten_c_kernels/results/aten_xlog1py/debuf.mlir,12ade65aa4acd3c6046870bd7fefc3f4fce0612bfa34ef111bffba60548c286b,syntactic,3,ok,0,1784.4558469951153,0,"[""/usr/bin/python3"", ""/home/arjaiswal/Polygeist/scripts/correctness/kernel_match_rewrite.py"", ""/home/arjaiswal/Polygeist/issues/aten_c_kernels/results/aten_xlog1py/debuf.mlir"", ""--dry-run"", ""--matcher-mode"", ""syntactic"", ""--telemetry-json"", ""/home/arjaiswal/Polygeist/issues/equality_saturation_eval/campaign_20260908/aten-aten_xlog1py-syntactic-b3a47neq.json"", ""--disable-semantic-fallback""]","== match report for /home/arjaiswal/Polygeist/issues/aten_c_kernels/results/aten_xlog1py/debuf.mlir ==
  no_match       body#0  ?
  total: 0 matched / 1 bodies
",0,[],0,0,0,0,/home/arjaiswal/Polygeist/issues/aten_c_kernels/results/aten_xlog1py/debuf.mlir,2501,0,1,0,643.8595987856388,1,64756,0.015147030353546143,0,0,0,0,[],0,0,4,0.0,4
aten,aten_xlog1py,/home/arjaiswal/Polygeist/issues/aten_c_kernels/results/aten_xlog1py/debuf.mlir,12ade65aa4acd3c6046870bd7fefc3f4fce0612bfa34ef111bffba60548c286b,egglog,3,ok,0,892.6115743815899,0,"[""/usr/bin/python3"", ""/home/arjaiswal/Polygeist/scripts/correctness/kernel_match_rewrite.py"", ""/home/arjaiswal/Polygeist/issues/aten_c_kernels/results/aten_xlog1py/debuf.mlir"", ""--dry-run"", ""--matcher-mode"", ""egglog"", ""--telemetry-json"", ""/home/arjaiswal/Polygeist/issues/equality_saturation_eval/campaign_20260908/aten-aten_xlog1py-egglog-i9c5cpfl.json"", ""--disable-semantic-fallback""]","== match report for /home/arjaiswal/Polygeist/issues/aten_c_kernels/results/aten_xlog1py/debuf.mlir ==
  no_match       body#0  ?
  total: 0 matched / 1 bodies
",0,[],0,0,0,0,/home/arjaiswal/Polygeist/issues/aten_c_kernels/results/aten_xlog1py/debuf.mlir,2501,8,1,0,306.8370074033737,1,64836,0.0,0,0,0,0,[],0,0,0,0.0,4
aten,aten_xlog1py,/home/arjaiswal/Polygeist/issues/aten_c_kernels/results/aten_xlog1py/debuf.mlir,12ade65aa4acd3c6046870bd7fefc3f4fce0612bfa34ef111bffba60548c286b,egglog,4,ok,0,1039.1823388636112,0,"[""/usr/bin/python3"", ""/home/arjaiswal/Polygeist/scripts/correctness/kernel_match_rewrite.py"", ""/home/arjaiswal/Polygeist/issues/aten_c_kernels/results/aten_xlog1py/debuf.mlir"", ""--dry-run"", ""--matcher-mode"", ""egglog"", ""--telemetry-json"", ""/home/arjaiswal/Polygeist/issues/equality_saturation_eval/campaign_20260908/aten-aten_xlog1py-egglog-tfyxy18i.json"", ""--disable-semantic-fallback""]","== match report for /home/arjaiswal/Polygeist/issues/aten_c_kernels/results/aten_xlog1py/debuf.mlir ==
  no_match       body#0  ?
  total: 0 matched / 1 bodies
",0,[],0,0,0,0,/home/arjaiswal/Polygeist/issues/aten_c_kernels/results/aten_xlog1py/debuf.mlir,2501,8,1,0,410.9174758195877,1,64816,0.0,0,0,0,0,[],0,0,0,0.0,4
aten,aten_xlog1py,/home/arjaiswal/Polygeist/issues/aten_c_kernels/results/aten_xlog1py/debuf.mlir,12ade65aa4acd3c6046870bd7fefc3f4fce0612bfa34ef111bffba60548c286b,syntactic,4,ok,0,1596.2870344519615,0,"[""/usr/bin/python3"", ""/home/arjaiswal/Polygeist/scripts/correctness/kernel_match_rewrite.py"", ""/home/arjaiswal/Polygeist/issues/aten_c_kernels/results/aten_xlog1py/debuf.mlir"", ""--dry-run"", ""--matcher-mode"", ""syntactic"", ""--telemetry-json"", ""/home/arjaiswal/Polygeist/issues/equality_saturation_eval/campaign_20260908/aten-aten_xlog1py-syntactic-8ulpq22k.json"", ""--disable-semantic-fallback""]","== match report for /home/arjaiswal/Polygeist/issues/aten_c_kernels/results/aten_xlog1py/debuf.mlir ==
  no_match       body#0  ?
  total: 0 matched / 1 bodies
",0,[],0,0,0,0,/home/arjaiswal/Polygeist/issues/aten_c_kernels/results/aten_xlog1py/debuf.mlir,2501,0,1,0,652.6550464332104,1,64552,0.016342848539352417,0,0,0,0,[],0,0,4,0.0,4
aten,aten_xlog1py,/home/arjaiswal/Polygeist/issues/aten_c_kernels/results/aten_xlog1py/debuf.mlir,12ade65aa4acd3c6046870bd7fefc3f4fce0612bfa34ef111bffba60548c286b,syntactic,5,ok,0,1616.5629625320435,0,"[""/usr/bin/python3"", ""/home/arjaiswal/Polygeist/scripts/correctness/kernel_match_rewrite.py"", ""/home/arjaiswal/Polygeist/issues/aten_c_kernels/results/aten_xlog1py/debuf.mlir"", ""--dry-run"", ""--matcher-mode"", ""syntactic"", ""--telemetry-json"", ""/home/arjaiswal/Polygeist/issues/equality_saturation_eval/campaign_20260908/aten-aten_xlog1py-syntactic-n2clts2q.json"", ""--disable-semantic-fallback""]","== match report for /home/arjaiswal/Polygeist/issues/aten_c_kernels/results/aten_xlog1py/debuf.mlir ==
  no_match       body#0  ?
  total: 0 matched / 1 bodies
",0,[],0,0,0,0,/home/arjaiswal/Polygeist/issues/aten_c_kernels/results/aten_xlog1py/debuf.mlir,2501,0,1,0,650.1902602612972,1,64972,0.018853694200515747,0,0,0,0,[],0,0,4,0.0,4
aten,aten_xlog1py,/home/arjaiswal/Polygeist/issues/aten_c_kernels/results/aten_xlog1py/debuf.mlir,12ade65aa4acd3c6046870bd7fefc3f4fce0612bfa34ef111bffba60548c286b,egglog,5,ok,0,947.805792093277,0,"[""/usr/bin/python3"", ""/home/arjaiswal/Polygeist/scripts/correctness/kernel_match_rewrite.py"", ""/home/arjaiswal/Polygeist/issues/aten_c_kernels/results/aten_xlog1py/debuf.mlir"", ""--dry-run"", ""--matcher-mode"", ""egglog"", ""--telemetry-json"", ""/home/arjaiswal/Polygeist/issues/equality_saturation_eval/campaign_20260908/aten-aten_xlog1py-egglog-znti0a2h.json"", ""--disable-semantic-fallback""]","== match report for /home/arjaiswal/Polygeist/issues/aten_c_kernels/results/aten_xlog1py/debuf.mlir ==
  no_match       body#0  ?
  total: 0 matched / 1 bodies
",0,[],0,0,0,0,/home/arjaiswal/Polygeist/issues/aten_c_kernels/results/aten_xlog1py/debuf.mlir,2501,8,1,0,378.4368261694908,1,64616,0.0,0,0,0,0,[],0,0,0,0.0,4
aten,aten_xlogy,/home/arjaiswal/Polygeist/issues/aten_c_kernels/results/aten_xlogy/debuf.mlir,0385820871243198b3fc30dfa607b91cccbf19b44390bca16bc8eb11e980fc5c,egglog,1,ok,0,878.1946375966072,0,"[""/usr/bin/python3"", ""/home/arjaiswal/Polygeist/scripts/correctness/kernel_match_rewrite.py"", ""/home/arjaiswal/Polygeist/issues/aten_c_kernels/results/aten_xlogy/debuf.mlir"", ""--dry-run"", ""--matcher-mode"", ""egglog"", ""--telemetry-json"", ""/home/arjaiswal/Polygeist/issues/equality_saturation_eval/campaign_20260908/aten-aten_xlogy-egglog-7fhki3yl.json"", ""--disable-semantic-fallback""]","== match report for /home/arjaiswal/Polygeist/issues/aten_c_kernels/results/aten_xlogy/debuf.mlir ==
  no_match       body#0  ?
  total: 0 matched / 1 bodies
",0,[],0,0,0,0,/home/arjaiswal/Polygeist/issues/aten_c_kernels/results/aten_xlogy/debuf.mlir,2495,8,1,0,293.1954860687256,1,64524,0.0,0,0,0,0,[],0,0,0,0.0,4
aten,aten_xlogy,/home/arjaiswal/Polygeist/issues/aten_c_kernels/results/aten_xlogy/debuf.mlir,0385820871243198b3fc30dfa607b91cccbf19b44390bca16bc8eb11e980fc5c,syntactic,1,ok,0,1567.4623399972916,0,"[""/usr/bin/python3"", ""/home/arjaiswal/Polygeist/scripts/correctness/kernel_match_rewrite.py"", ""/home/arjaiswal/Polygeist/issues/aten_c_kernels/results/aten_xlogy/debuf.mlir"", ""--dry-run"", ""--matcher-mode"", ""syntactic"", ""--telemetry-json"", ""/home/arjaiswal/Polygeist/issues/equality_saturation_eval/campaign_20260908/aten-aten_xlogy-syntactic-up9c0q3s.json"", ""--disable-semantic-fallback""]","== match report for /home/arjaiswal/Polygeist/issues/aten_c_kernels/results/aten_xlogy/debuf.mlir ==
  no_match       body#0  ?
  total: 0 matched / 1 bodies
",0,[],0,0,0,0,/home/arjaiswal/Polygeist/issues/aten_c_kernels/results/aten_xlogy/debuf.mlir,2495,0,1,0,844.4039858877659,1,64856,0.018708407878875732,0,0,0,0,[],0,0,4,0.0,4
aten,aten_xlogy,/home/arjaiswal/Polygeist/issues/aten_c_kernels/results/aten_xlogy/debuf.mlir,0385820871243198b3fc30dfa607b91cccbf19b44390bca16bc8eb11e980fc5c,syntactic,2,ok,0,1830.7205252349377,0,"[""/usr/bin/python3"", ""/home/arjaiswal/Polygeist/scripts/correctness/kernel_match_rewrite.py"", ""/home/arjaiswal/Polygeist/issues/aten_c_kernels/results/aten_xlogy/debuf.mlir"", ""--dry-run"", ""--matcher-mode"", ""syntactic"", ""--telemetry-json"", ""/home/arjaiswal/Polygeist/issues/equality_saturation_eval/campaign_20260908/aten-aten_xlogy-syntactic-3t5iret7.json"", ""--disable-semantic-fallback""]","== match report for /home/arjaiswal/Polygeist/issues/aten_c_kernels/results/aten_xlogy/debuf.mlir ==
  no_match       body#0  ?
  total: 0 matched / 1 bodies
",0,[],0,0,0,0,/home/arjaiswal/Polygeist/issues/aten_c_kernels/results/aten_xlogy/debuf.mlir,2495,0,1,0,722.8237092494965,1,64576,0.02407282590866089,0,0,0,0,[],0,0,4,0.0,4
aten,aten_xlogy,/home/arjaiswal/Polygeist/issues/aten_c_kernels/results/aten_xlogy/debuf.mlir,0385820871243198b3fc30dfa607b91cccbf19b44390bca16bc8eb11e980fc5c,egglog,2,ok,0,1844.177097082138,0,"[""/usr/bin/python3"", ""/home/arjaiswal/Polygeist/scripts/correctness/kernel_match_rewrite.py"", ""/home/arjaiswal/Polygeist/issues/aten_c_kernels/results/aten_xlogy/debuf.mlir"", ""--dry-run"", ""--matcher-mode"", ""egglog"", ""--telemetry-json"", ""/home/arjaiswal/Polygeist/issues/equality_saturation_eval/campaign_20260908/aten-aten_xlogy-egglog-lsyiic3y.json"", ""--disable-semantic-fallback""]","== match report for /home/arjaiswal/Polygeist/issues/aten_c_kernels/results/aten_xlogy/debuf.mlir ==
  no_match       body#0  ?
  total: 0 matched / 1 bodies
",0,[],0,0,0,0,/home/arjaiswal/Polygeist/issues/aten_c_kernels/results/aten_xlogy/debuf.mlir,2495,8,1,0,507.49559327960014,1,64416,0.0,0,0,0,0,[],0,0,0,0.0,4
aten,aten_xlogy,/home/arjaiswal/Polygeist/issues/aten_c_kernels/results/aten_xlogy/debuf.mlir,0385820871243198b3fc30dfa607b91cccbf19b44390bca16bc8eb11e980fc5c,egglog,3,ok,0,980.7497188448906,0,"[""/usr/bin/python3"", ""/home/arjaiswal/Polygeist/scripts/correctness/kernel_match_rewrite.py"", ""/home/arjaiswal/Polygeist/issues/aten_c_kernels/results/aten_xlogy/debuf.mlir"", ""--dry-run"", ""--matcher-mode"", ""egglog"", ""--telemetry-json"", ""/home/arjaiswal/Polygeist/issues/equality_saturation_eval/campaign_20260908/aten-aten_xlogy-egglog-cx6y_lx7.json"", ""--disable-semantic-fallback""]","== match report for /home/arjaiswal/Polygeist/issues/aten_c_kernels/results/aten_xlogy/debuf.mlir ==
  no_match       body#0  ?
  total: 0 matched / 1 bodies
",0,[],0,0,0,0,/home/arjaiswal/Polygeist/issues/aten_c_kernels/results/aten_xlogy/debuf.mlir,2495,8,1,0,357.326865196228,1,64776,0.0,0,0,0,0,[],0,0,0,0.0,4
aten,aten_xlogy,/home/arjaiswal/Polygeist/issues/aten_c_kernels/results/aten_xlogy/debuf.mlir,0385820871243198b3fc30dfa607b91cccbf19b44390bca16bc8eb11e980fc5c,syntactic,3,ok,0,927.3930825293064,0,"[""/usr/bin/python3"", ""/home/arjaiswal/Polygeist/scripts/correctness/kernel_match_rewrite.py"", ""/home/arjaiswal/Polygeist/issues/aten_c_kernels/results/aten_xlogy/debuf.mlir"", ""--dry-run"", ""--matcher-mode"", ""syntactic"", ""--telemetry-json"", ""/home/arjaiswal/Polygeist/issues/equality_saturation_eval/campaign_20260908/aten-aten_xlogy-syntactic-6rylbt8w.json"", ""--disable-semantic-fallback""]","== match report for /home/arjaiswal/Polygeist/issues/aten_c_kernels/results/aten_xlogy/debuf.mlir ==
  no_match       body#0  ?
  total: 0 matched / 1 bodies
",0,[],0,0,0,0,/home/arjaiswal/Polygeist/issues/aten_c_kernels/results/aten_xlogy/debuf.mlir,2495,0,1,0,351.1534221470356,1,64644,0.021405518054962158,0,0,0,0,[],0,0,4,0.0,4
aten,aten_xlogy,/home/arjaiswal/Polygeist/issues/aten_c_kernels/results/aten_xlogy/debuf.mlir,0385820871243198b3fc30dfa607b91cccbf19b44390bca16bc8eb11e980fc5c,syntactic,4,ok,0,1638.8844773173332,0,"[""/usr/bin/python3"", ""/home/arjaiswal/Polygeist/scripts/correctness/kernel_match_rewrite.py"", ""/home/arjaiswal/Polygeist/issues/aten_c_kernels/results/aten_xlogy/debuf.mlir"", ""--dry-run"", ""--matcher-mode"", ""syntactic"", ""--telemetry-json"", ""/home/arjaiswal/Polygeist/issues/equality_saturation_eval/campaign_20260908/aten-aten_xlogy-syntactic-os81hong.json"", ""--disable-semantic-fallback""]","== match report for /home/arjaiswal/Polygeist/issues/aten_c_kernels/results/aten_xlogy/debuf.mlir ==
  no_match       body#0  ?
  total: 0 matched / 1 bodies
",0,[],0,0,0,0,/home/arjaiswal/Polygeist/issues/aten_c_kernels/results/aten_xlogy/debuf.mlir,2495,0,1,0,492.1027682721615,1,64436,0.01808255910873413,0,0,0,0,[],0,0,4,0.0,4
aten,aten_xlogy,/home/arjaiswal/Polygeist/issues/aten_c_kernels/results/aten_xlogy/debuf.mlir,0385820871243198b3fc30dfa607b91cccbf19b44390bca16bc8eb11e980fc5c,egglog,4,ok,0,1078.2956033945084,0,"[""/usr/bin/python3"", ""/home/arjaiswal/Polygeist/scripts/correctness/kernel_match_rewrite.py"", ""/home/arjaiswal/Polygeist/issues/aten_c_kernels/results/aten_xlogy/debuf.mlir"", ""--dry-run"", ""--matcher-mode"", ""egglog"", ""--telemetry-json"", ""/home/arjaiswal/Polygeist/issues/equality_saturation_eval/campaign_20260908/aten-aten_xlogy-egglog-kjr_g3v1.json"", ""--disable-semantic-fallback""]","== match report for /home/arjaiswal/Polygeist/issues/aten_c_kernels/results/aten_xlogy/debuf.mlir ==
  no_match       body#0  ?
  total: 0 matched / 1 bodies
",0,[],0,0,0,0,/home/arjaiswal/Polygeist/issues/aten_c_kernels/results/aten_xlogy/debuf.mlir,2495,8,1,0,533.4355942904949,1,64492,0.0,0,0,0,0,[],0,0,0,0.0,4
aten,aten_xlogy,/home/arjaiswal/Polygeist/issues/aten_c_kernels/results/aten_xlogy/debuf.mlir,0385820871243198b3fc30dfa607b91cccbf19b44390bca16bc8eb11e980fc5c,egglog,5,ok,0,1497.4719434976578,0,"[""/usr/bin/python3"", ""/home/arjaiswal/Polygeist/scripts/correctness/kernel_match_rewrite.py"", ""/home/arjaiswal/Polygeist/issues/aten_c_kernels/results/aten_xlogy/debuf.mlir"", ""--dry-run"", ""--matcher-mode"", ""egglog"", ""--telemetry-json"", ""/home/arjaiswal/Polygeist/issues/equality_saturation_eval/campaign_20260908/aten-aten_xlogy-egglog-lbe2tsy3.json"", ""--disable-semantic-fallback""]","== match report for /home/arjaiswal/Polygeist/issues/aten_c_kernels/results/aten_xlogy/debuf.mlir ==
  no_match       body#0  ?
  total: 0 matched / 1 bodies
",0,[],0,0,0,0,/home/arjaiswal/Polygeist/issues/aten_c_kernels/results/aten_xlogy/debuf.mlir,2495,8,1,0,641.0121433436871,1,64708,0.0,0,0,0,0,[],0,0,0,0.0,4
aten,aten_xlogy,/home/arjaiswal/Polygeist/issues/aten_c_kernels/results/aten_xlogy/debuf.mlir,0385820871243198b3fc30dfa607b91cccbf19b44390bca16bc8eb11e980fc5c,syntactic,5,ok,0,1690.7090954482555,0,"[""/usr/bin/python3"", ""/home/arjaiswal/Polygeist/scripts/correctness/kernel_match_rewrite.py"", ""/home/arjaiswal/Polygeist/issues/aten_c_kernels/results/aten_xlogy/debuf.mlir"", ""--dry-run"", ""--matcher-mode"", ""syntactic"", ""--telemetry-json"", ""/home/arjaiswal/Polygeist/issues/equality_saturation_eval/campaign_20260908/aten-aten_xlogy-syntactic-pybir8gy.json"", ""--disable-semantic-fallback""]","== match report for /home/arjaiswal/Polygeist/issues/aten_c_kernels/results/aten_xlogy/debuf.mlir ==
  no_match       body#0  ?
  total: 0 matched / 1 bodies
",0,[],0,0,0,0,/home/arjaiswal/Polygeist/issues/aten_c_kernels/results/aten_xlogy/debuf.mlir,2495,0,1,0,850.3231294453144,1,64820,0.017054378986358643,0,0,0,0,[],0,0,4,0.0,4
aten,aten_xor_sum_cpu,/home/arjaiswal/Polygeist/issues/aten_c_kernels/results/aten_xor_sum_cpu/debuf.mlir,bf0d04cd4ad1bce2b410a2494df325593a7ce8a82d2d36df8c936714d23b768d,syntactic,1,ok,0,1622.1545822918415,0,"[""/usr/bin/python3"", ""/home/arjaiswal/Polygeist/scripts/correctness/kernel_match_rewrite.py"", ""/home/arjaiswal/Polygeist/issues/aten_c_kernels/results/aten_xor_sum_cpu/debuf.mlir"", ""--dry-run"", ""--matcher-mode"", ""syntactic"", ""--telemetry-json"", ""/home/arjaiswal/Polygeist/issues/equality_saturation_eval/campaign_20260908/aten-aten_xor_sum_cpu-syntactic-bs34h0bf.json"", ""--disable-semantic-fallback""]","== match report for /home/arjaiswal/Polygeist/issues/aten_c_kernels/results/aten_xor_sum_cpu/debuf.mlir ==
  match          body#[0, 1]  cubSegmentedBitXor_i32
  total: 1 matched / 1 bodies
",0,[],0,0,0,0,/home/arjaiswal/Polygeist/issues/aten_c_kernels/results/aten_xor_sum_cpu/debuf.mlir,2553,0,2,2,648.888636380434,0,65792,0.09018555283546448,0,12,0,0,"[{""body_indices"": [0, 1], ""symbol"": ""cubSegmentedBitXor_i32""}]",1,0,22,0.0,22
aten,aten_xor_sum_cpu,/home/arjaiswal/Polygeist/issues/aten_c_kernels/results/aten_xor_sum_cpu/debuf.mlir,bf0d04cd4ad1bce2b410a2494df325593a7ce8a82d2d36df8c936714d23b768d,egglog,1,ok,0,1943.9407773315907,0,"[""/usr/bin/python3"", ""/home/arjaiswal/Polygeist/scripts/correctness/kernel_match_rewrite.py"", ""/home/arjaiswal/Polygeist/issues/aten_c_kernels/results/aten_xor_sum_cpu/debuf.mlir"", ""--dry-run"", ""--matcher-mode"", ""egglog"", ""--telemetry-json"", ""/home/arjaiswal/Polygeist/issues/equality_saturation_eval/campaign_20260908/aten-aten_xor_sum_cpu-egglog-2dl030wi.json"", ""--disable-semantic-fallback""]","== match report for /home/arjaiswal/Polygeist/issues/aten_c_kernels/results/aten_xor_sum_cpu/debuf.mlir ==
  match          body#[0, 1]  cubSegmentedBitXor_i32
  total: 1 matched / 1 bodies
",0,[],0,0,0,0,/home/arjaiswal/Polygeist/issues/aten_c_kernels/results/aten_xor_sum_cpu/debuf.mlir,2553,8,2,2,1091.9460318982601,0,69692,145.04609629511833,12,12,0,0,"[{""body_indices"": [0, 1], ""symbol"": ""cubSegmentedBitXor_i32""}]",1,0,0,0.0,22
aten,aten_xor_sum_cpu,/home/arjaiswal/Polygeist/issues/aten_c_kernels/results/aten_xor_sum_cpu/debuf.mlir,bf0d04cd4ad1bce2b410a2494df325593a7ce8a82d2d36df8c936714d23b768d,egglog,2,ok,0,1714.048907160759,0,"[""/usr/bin/python3"", ""/home/arjaiswal/Polygeist/scripts/correctness/kernel_match_rewrite.py"", ""/home/arjaiswal/Polygeist/issues/aten_c_kernels/results/aten_xor_sum_cpu/debuf.mlir"", ""--dry-run"", ""--matcher-mode"", ""egglog"", ""--telemetry-json"", ""/home/arjaiswal/Polygeist/issues/equality_saturation_eval/campaign_20260908/aten-aten_xor_sum_cpu-egglog-edcc2fas.json"", ""--disable-semantic-fallback""]","== match report for /home/arjaiswal/Polygeist/issues/aten_c_kernels/results/aten_xor_sum_cpu/debuf.mlir ==
  match          body#[0, 1]  cubSegmentedBitXor_i32
  total: 1 matched / 1 bodies
",0,[],0,0,0,0,/home/arjaiswal/Polygeist/issues/aten_c_kernels/results/aten_xor_sum_cpu/debuf.mlir,2553,8,2,2,1156.602367758751,0,69712,293.3436296880245,12,12,0,0,"[{""body_indices"": [0, 1], ""symbol"": ""cubSegmentedBitXor_i32""}]",1,0,0,0.0,22
aten,aten_xor_sum_cpu,/home/arjaiswal/Polygeist/issues/aten_c_kernels/results/aten_xor_sum_cpu/debuf.mlir,bf0d04cd4ad1bce2b410a2494df325593a7ce8a82d2d36df8c936714d23b768d,syntactic,2,ok,0,1138.6648304760456,0,"[""/usr/bin/python3"", ""/home/arjaiswal/Polygeist/scripts/correctness/kernel_match_rewrite.py"", ""/home/arjaiswal/Polygeist/issues/aten_c_kernels/results/aten_xor_sum_cpu/debuf.mlir"", ""--dry-run"", ""--matcher-mode"", ""syntactic"", ""--telemetry-json"", ""/home/arjaiswal/Polygeist/issues/equality_saturation_eval/campaign_20260908/aten-aten_xor_sum_cpu-syntactic-zxq3ggf4.json"", ""--disable-semantic-fallback""]","== match report for /home/arjaiswal/Polygeist/issues/aten_c_kernels/results/aten_xor_sum_cpu/debuf.mlir ==
  match          body#[0, 1]  cubSegmentedBitXor_i32
  total: 1 matched / 1 bodies
",0,[],0,0,0,0,/home/arjaiswal/Polygeist/issues/aten_c_kernels/results/aten_xor_sum_cpu/debuf.mlir,2553,0,2,2,416.1711111664772,0,65784,0.09195506572723389,0,12,0,0,"[{""body_indices"": [0, 1], ""symbol"": ""cubSegmentedBitXor_i32""}]",1,0,22,0.0,22
aten,aten_xor_sum_cpu,/home/arjaiswal/Polygeist/issues/aten_c_kernels/results/aten_xor_sum_cpu/debuf.mlir,bf0d04cd4ad1bce2b410a2494df325593a7ce8a82d2d36df8c936714d23b768d,syntactic,3,ok,0,1362.4414429068565,0,"[""/usr/bin/python3"", ""/home/arjaiswal/Polygeist/scripts/correctness/kernel_match_rewrite.py"", ""/home/arjaiswal/Polygeist/issues/aten_c_kernels/results/aten_xor_sum_cpu/debuf.mlir"", ""--dry-run"", ""--matcher-mode"", ""syntactic"", ""--telemetry-json"", ""/home/arjaiswal/Polygeist/issues/equality_saturation_eval/campaign_20260908/aten-aten_xor_sum_cpu-syntactic-0h3fwvq6.json"", ""--disable-semantic-fallback""]","== match report for /home/arjaiswal/Polygeist/issues/aten_c_kernels/results/aten_xor_sum_cpu/debuf.mlir ==
  match          body#[0, 1]  cubSegmentedBitXor_i32
  total: 1 matched / 1 bodies
",0,[],0,0,0,0,/home/arjaiswal/Polygeist/issues/aten_c_kernels/results/aten_xor_sum_cpu/debuf.mlir,2553,0,2,2,753.4495554864407,0,65840,10.165832936763763,0,12,0,0,"[{""body_indices"": [0, 1], ""symbol"": ""cubSegmentedBitXor_i32""}]",1,0,22,0.0,22
aten,aten_xor_sum_cpu,/home/arjaiswal/Polygeist/issues/aten_c_kernels/results/aten_xor_sum_cpu/debuf.mlir,bf0d04cd4ad1bce2b410a2494df325593a7ce8a82d2d36df8c936714d23b768d,egglog,3,ok,0,1486.2041883170605,0,"[""/usr/bin/python3"", ""/home/arjaiswal/Polygeist/scripts/correctness/kernel_match_rewrite.py"", ""/home/arjaiswal/Polygeist/issues/aten_c_kernels/results/aten_xor_sum_cpu/debuf.mlir"", ""--dry-run"", ""--matcher-mode"", ""egglog"", ""--telemetry-json"", ""/home/arjaiswal/Polygeist/issues/equality_saturation_eval/campaign_20260908/aten-aten_xor_sum_cpu-egglog-9sn6ktg3.json"", ""--disable-semantic-fallback""]","== match report for /home/arjaiswal/Polygeist/issues/aten_c_kernels/results/aten_xor_sum_cpu/debuf.mlir ==
  match          body#[0, 1]  cubSegmentedBitXor_i32
  total: 1 matched / 1 bodies
",0,[],0,0,0,0,/home/arjaiswal/Polygeist/issues/aten_c_kernels/results/aten_xor_sum_cpu/debuf.mlir,2553,8,2,2,777.12132781744,0,69752,161.24118119478226,12,12,0,0,"[{""body_indices"": [0, 1], ""symbol"": ""cubSegmentedBitXor_i32""}]",1,0,0,0.0,22
aten,aten_xor_sum_cpu,/home/arjaiswal/Polygeist/issues/aten_c_kernels/results/aten_xor_sum_cpu/debuf.mlir,bf0d04cd4ad1bce2b410a2494df325593a7ce8a82d2d36df8c936714d23b768d,egglog,4,ok,0,1311.7853589355946,0,"[""/usr/bin/python3"", ""/home/arjaiswal/Polygeist/scripts/correctness/kernel_match_rewrite.py"", ""/home/arjaiswal/Polygeist/issues/aten_c_kernels/results/aten_xor_sum_cpu/debuf.mlir"", ""--dry-run"", ""--matcher-mode"", ""egglog"", ""--telemetry-json"", ""/home/arjaiswal/Polygeist/issues/equality_saturation_eval/campaign_20260908/aten-aten_xor_sum_cpu-egglog-a0i51g05.json"", ""--disable-semantic-fallback""]","== match report for /home/arjaiswal/Polygeist/issues/aten_c_kernels/results/aten_xor_sum_cpu/debuf.mlir ==
  match          body#[0, 1]  cubSegmentedBitXor_i32
  total: 1 matched / 1 bodies
",0,[],0,0,0,0,/home/arjaiswal/Polygeist/issues/aten_c_kernels/results/aten_xor_sum_cpu/debuf.mlir,2553,8,2,2,709.0264372527599,0,69784,290.298156440258,12,12,0,0,"[{""body_indices"": [0, 1], ""symbol"": ""cubSegmentedBitXor_i32""}]",1,0,0,0.0,22
aten,aten_xor_sum_cpu,/home/arjaiswal/Polygeist/issues/aten_c_kernels/results/aten_xor_sum_cpu/debuf.mlir,bf0d04cd4ad1bce2b410a2494df325593a7ce8a82d2d36df8c936714d23b768d,syntactic,4,ok,0,812.4260008335114,0,"[""/usr/bin/python3"", ""/home/arjaiswal/Polygeist/scripts/correctness/kernel_match_rewrite.py"", ""/home/arjaiswal/Polygeist/issues/aten_c_kernels/results/aten_xor_sum_cpu/debuf.mlir"", ""--dry-run"", ""--matcher-mode"", ""syntactic"", ""--telemetry-json"", ""/home/arjaiswal/Polygeist/issues/equality_saturation_eval/campaign_20260908/aten-aten_xor_sum_cpu-syntactic-6269jix8.json"", ""--disable-semantic-fallback""]","== match report for /home/arjaiswal/Polygeist/issues/aten_c_kernels/results/aten_xor_sum_cpu/debuf.mlir ==
  match          body#[0, 1]  cubSegmentedBitXor_i32
  total: 1 matched / 1 bodies
",0,[],0,0,0,0,/home/arjaiswal/Polygeist/issues/aten_c_kernels/results/aten_xor_sum_cpu/debuf.mlir,2553,0,2,2,354.15318235754967,0,65644,0.09553506970405579,0,12,0,0,"[{""body_indices"": [0, 1], ""symbol"": ""cubSegmentedBitXor_i32""}]",1,0,22,0.0,22
aten,aten_xor_sum_cpu,/home/arjaiswal/Polygeist/issues/aten_c_kernels/results/aten_xor_sum_cpu/debuf.mlir,bf0d04cd4ad1bce2b410a2494df325593a7ce8a82d2d36df8c936714d23b768d,syntactic,5,ok,0,1353.4294739365578,0,"[""/usr/bin/python3"", ""/home/arjaiswal/Polygeist/scripts/correctness/kernel_match_rewrite.py"", ""/home/arjaiswal/Polygeist/issues/aten_c_kernels/results/aten_xor_sum_cpu/debuf.mlir"", ""--dry-run"", ""--matcher-mode"", ""syntactic"", ""--telemetry-json"", ""/home/arjaiswal/Polygeist/issues/equality_saturation_eval/campaign_20260908/aten-aten_xor_sum_cpu-syntactic-g2qitrjy.json"", ""--disable-semantic-fallback""]","== match report for /home/arjaiswal/Polygeist/issues/aten_c_kernels/results/aten_xor_sum_cpu/debuf.mlir ==
  match          body#[0, 1]  cubSegmentedBitXor_i32
  total: 1 matched / 1 bodies
",0,[],0,0,0,0,/home/arjaiswal/Polygeist/issues/aten_c_kernels/results/aten_xor_sum_cpu/debuf.mlir,2553,0,2,2,585.1888544857502,0,65744,0.09271502494812012,0,12,0,0,"[{""body_indices"": [0, 1], ""symbol"": ""cubSegmentedBitXor_i32""}]",1,0,22,0.0,22
aten,aten_xor_sum_cpu,/home/arjaiswal/Polygeist/issues/aten_c_kernels/results/aten_xor_sum_cpu/debuf.mlir,bf0d04cd4ad1bce2b410a2494df325593a7ce8a82d2d36df8c936714d23b768d,egglog,5,ok,0,1317.8208731114864,0,"[""/usr/bin/python3"", ""/home/arjaiswal/Polygeist/scripts/correctness/kernel_match_rewrite.py"", ""/home/arjaiswal/Polygeist/issues/aten_c_kernels/results/aten_xor_sum_cpu/debuf.mlir"", ""--dry-run"", ""--matcher-mode"", ""egglog"", ""--telemetry-json"", ""/home/arjaiswal/Polygeist/issues/equality_saturation_eval/campaign_20260908/aten-aten_xor_sum_cpu-egglog-lzc3v67z.json"", ""--disable-semantic-fallback""]","== match report for /home/arjaiswal/Polygeist/issues/aten_c_kernels/results/aten_xor_sum_cpu/debuf.mlir ==
  match          body#[0, 1]  cubSegmentedBitXor_i32
  total: 1 matched / 1 bodies
",0,[],0,0,0,0,/home/arjaiswal/Polygeist/issues/aten_c_kernels/results/aten_xor_sum_cpu/debuf.mlir,2553,8,2,2,523.7231254577637,0,69776,144.34225857257843,12,12,0,0,"[{""body_indices"": [0, 1], ""symbol"": ""cubSegmentedBitXor_i32""}]",1,0,0,0.0,22
aten,aten_zeros_cpu,/home/arjaiswal/Polygeist/issues/aten_c_kernels/results/aten_zeros_cpu/debuf.mlir,af28521fbc0d9d156be63ff4669ee4cd0f7757655985d7eea54ac0d9f6eb802e,egglog,1,ok,0,892.1974375844002,0,"[""/usr/bin/python3"", ""/home/arjaiswal/Polygeist/scripts/correctness/kernel_match_rewrite.py"", ""/home/arjaiswal/Polygeist/issues/aten_c_kernels/results/aten_zeros_cpu/debuf.mlir"", ""--dry-run"", ""--matcher-mode"", ""egglog"", ""--telemetry-json"", ""/home/arjaiswal/Polygeist/issues/equality_saturation_eval/campaign_20260908/aten-aten_zeros_cpu-egglog-v3skjoun.json"", ""--disable-semantic-fallback""]","== match report for /home/arjaiswal/Polygeist/issues/aten_c_kernels/results/aten_zeros_cpu/debuf.mlir ==
  match          body#[0]  memset_zero_1D_f32
  total: 1 matched / 1 bodies
",0,[],0,0,0,0,/home/arjaiswal/Polygeist/issues/aten_c_kernels/results/aten_zeros_cpu/debuf.mlir,1666,8,1,1,397.60343357920647,0,69368,23.23169633746147,2,2,0,0,"[{""body_indices"": [0], ""symbol"": ""memset_zero_1D_f32""}]",1,0,0,0.0,4
aten,aten_zeros_cpu,/home/arjaiswal/Polygeist/issues/aten_c_kernels/results/aten_zeros_cpu/debuf.mlir,af28521fbc0d9d156be63ff4669ee4cd0f7757655985d7eea54ac0d9f6eb802e,syntactic,1,ok,0,1093.273762613535,0,"[""/usr/bin/python3"", ""/home/arjaiswal/Polygeist/scripts/correctness/kernel_match_rewrite.py"", ""/home/arjaiswal/Polygeist/issues/aten_c_kernels/results/aten_zeros_cpu/debuf.mlir"", ""--dry-run"", ""--matcher-mode"", ""syntactic"", ""--telemetry-json"", ""/home/arjaiswal/Polygeist/issues/equality_saturation_eval/campaign_20260908/aten-aten_zeros_cpu-syntactic-u8z7vitz.json"", ""--disable-semantic-fallback""]","== match report for /home/arjaiswal/Polygeist/issues/aten_c_kernels/results/aten_zeros_cpu/debuf.mlir ==
  match          body#[0]  memset_zero_1D_f32
  total: 1 matched / 1 bodies
",0,[],0,0,0,0,/home/arjaiswal/Polygeist/issues/aten_c_kernels/results/aten_zeros_cpu/debuf.mlir,1666,0,1,1,347.45049476623535,0,64608,0.026259571313858032,0,2,0,0,"[{""body_indices"": [0], ""symbol"": ""memset_zero_1D_f32""}]",1,0,4,0.0,4
aten,aten_zeros_cpu,/home/arjaiswal/Polygeist/issues/aten_c_kernels/results/aten_zeros_cpu/debuf.mlir,af28521fbc0d9d156be63ff4669ee4cd0f7757655985d7eea54ac0d9f6eb802e,syntactic,2,ok,0,1467.1406038105488,0,"[""/usr/bin/python3"", ""/home/arjaiswal/Polygeist/scripts/correctness/kernel_match_rewrite.py"", ""/home/arjaiswal/Polygeist/issues/aten_c_kernels/results/aten_zeros_cpu/debuf.mlir"", ""--dry-run"", ""--matcher-mode"", ""syntactic"", ""--telemetry-json"", ""/home/arjaiswal/Polygeist/issues/equality_saturation_eval/campaign_20260908/aten-aten_zeros_cpu-syntactic-1_mv89l8.json"", ""--disable-semantic-fallback""]","== match report for /home/arjaiswal/Polygeist/issues/aten_c_kernels/results/aten_zeros_cpu/debuf.mlir ==
  match          body#[0]  memset_zero_1D_f32
  total: 1 matched / 1 bodies
",0,[],0,0,0,0,/home/arjaiswal/Polygeist/issues/aten_c_kernels/results/aten_zeros_cpu/debuf.mlir,1666,0,1,1,413.34735229611397,0,64560,0.01882016658782959,0,2,0,0,"[{""body_indices"": [0], ""symbol"": ""memset_zero_1D_f32""}]",1,0,4,0.0,4
aten,aten_zeros_cpu,/home/arjaiswal/Polygeist/issues/aten_c_kernels/results/aten_zeros_cpu/debuf.mlir,af28521fbc0d9d156be63ff4669ee4cd0f7757655985d7eea54ac0d9f6eb802e,egglog,2,ok,0,1379.657570272684,0,"[""/usr/bin/python3"", ""/home/arjaiswal/Polygeist/scripts/correctness/kernel_match_rewrite.py"", ""/home/arjaiswal/Polygeist/issues/aten_c_kernels/results/aten_zeros_cpu/debuf.mlir"", ""--dry-run"", ""--matcher-mode"", ""egglog"", ""--telemetry-json"", ""/home/arjaiswal/Polygeist/issues/equality_saturation_eval/campaign_20260908/aten-aten_zeros_cpu-egglog-7jj2doi2.json"", ""--disable-semantic-fallback""]","== match report for /home/arjaiswal/Polygeist/issues/aten_c_kernels/results/aten_zeros_cpu/debuf.mlir ==
  match          body#[0]  memset_zero_1D_f32
  total: 1 matched / 1 bodies
",0,[],0,0,0,0,/home/arjaiswal/Polygeist/issues/aten_c_kernels/results/aten_zeros_cpu/debuf.mlir,1666,8,1,1,706.5698131918907,0,69316,48.16333204507828,2,2,0,0,"[{""body_indices"": [0], ""symbol"": ""memset_zero_1D_f32""}]",1,0,0,0.0,4
aten,aten_zeros_cpu,/home/arjaiswal/Polygeist/issues/aten_c_kernels/results/aten_zeros_cpu/debuf.mlir,af28521fbc0d9d156be63ff4669ee4cd0f7757655985d7eea54ac0d9f6eb802e,egglog,3,ok,0,859.602902084589,0,"[""/usr/bin/python3"", ""/home/arjaiswal/Polygeist/scripts/correctness/kernel_match_rewrite.py"", ""/home/arjaiswal/Polygeist/issues/aten_c_kernels/results/aten_zeros_cpu/debuf.mlir"", ""--dry-run"", ""--matcher-mode"", ""egglog"", ""--telemetry-json"", ""/home/arjaiswal/Polygeist/issues/equality_saturation_eval/campaign_20260908/aten-aten_zeros_cpu-egglog-gh4emtec.json"", ""--disable-semantic-fallback""]","== match report for /home/arjaiswal/Polygeist/issues/aten_c_kernels/results/aten_zeros_cpu/debuf.mlir ==
  match          body#[0]  memset_zero_1D_f32
  total: 1 matched / 1 bodies
",0,[],0,0,0,0,/home/arjaiswal/Polygeist/issues/aten_c_kernels/results/aten_zeros_cpu/debuf.mlir,1666,8,1,1,344.31664645671844,0,69324,23.296136409044266,2,2,0,0,"[{""body_indices"": [0], ""symbol"": ""memset_zero_1D_f32""}]",1,0,0,0.0,4
aten,aten_zeros_cpu,/home/arjaiswal/Polygeist/issues/aten_c_kernels/results/aten_zeros_cpu/debuf.mlir,af28521fbc0d9d156be63ff4669ee4cd0f7757655985d7eea54ac0d9f6eb802e,syntactic,3,ok,0,1000.7105506956577,0,"[""/usr/bin/python3"", ""/home/arjaiswal/Polygeist/scripts/correctness/kernel_match_rewrite.py"", ""/home/arjaiswal/Polygeist/issues/aten_c_kernels/results/aten_zeros_cpu/debuf.mlir"", ""--dry-run"", ""--matcher-mode"", ""syntactic"", ""--telemetry-json"", ""/home/arjaiswal/Polygeist/issues/equality_saturation_eval/campaign_20260908/aten-aten_zeros_cpu-syntactic-989ly7hn.json"", ""--disable-semantic-fallback""]","== match report for /home/arjaiswal/Polygeist/issues/aten_c_kernels/results/aten_zeros_cpu/debuf.mlir ==
  match          body#[0]  memset_zero_1D_f32
  total: 1 matched / 1 bodies
",0,[],0,0,0,0,/home/arjaiswal/Polygeist/issues/aten_c_kernels/results/aten_zeros_cpu/debuf.mlir,1666,0,1,1,358.63522067666054,0,64936,0.02779066562652588,0,2,0,0,"[{""body_indices"": [0], ""symbol"": ""memset_zero_1D_f32""}]",1,0,4,0.0,4
aten,aten_zeros_cpu,/home/arjaiswal/Polygeist/issues/aten_c_kernels/results/aten_zeros_cpu/debuf.mlir,af28521fbc0d9d156be63ff4669ee4cd0f7757655985d7eea54ac0d9f6eb802e,syntactic,4,ok,0,834.0385295450687,0,"[""/usr/bin/python3"", ""/home/arjaiswal/Polygeist/scripts/correctness/kernel_match_rewrite.py"", ""/home/arjaiswal/Polygeist/issues/aten_c_kernels/results/aten_zeros_cpu/debuf.mlir"", ""--dry-run"", ""--matcher-mode"", ""syntactic"", ""--telemetry-json"", ""/home/arjaiswal/Polygeist/issues/equality_saturation_eval/campaign_20260908/aten-aten_zeros_cpu-syntactic-40bfmzhb.json"", ""--disable-semantic-fallback""]","== match report for /home/arjaiswal/Polygeist/issues/aten_c_kernels/results/aten_zeros_cpu/debuf.mlir ==
  match          body#[0]  memset_zero_1D_f32
  total: 1 matched / 1 bodies
",0,[],0,0,0,0,/home/arjaiswal/Polygeist/issues/aten_c_kernels/results/aten_zeros_cpu/debuf.mlir,1666,0,1,1,320.44970244169235,0,64620,0.019125640392303467,0,2,0,0,"[{""body_indices"": [0], ""symbol"": ""memset_zero_1D_f32""}]",1,0,4,0.0,4
aten,aten_zeros_cpu,/home/arjaiswal/Polygeist/issues/aten_c_kernels/results/aten_zeros_cpu/debuf.mlir,af28521fbc0d9d156be63ff4669ee4cd0f7757655985d7eea54ac0d9f6eb802e,egglog,4,ok,0,1699.9438554048538,0,"[""/usr/bin/python3"", ""/home/arjaiswal/Polygeist/scripts/correctness/kernel_match_rewrite.py"", ""/home/arjaiswal/Polygeist/issues/aten_c_kernels/results/aten_zeros_cpu/debuf.mlir"", ""--dry-run"", ""--matcher-mode"", ""egglog"", ""--telemetry-json"", ""/home/arjaiswal/Polygeist/issues/equality_saturation_eval/campaign_20260908/aten-aten_zeros_cpu-egglog-xh0es0g5.json"", ""--disable-semantic-fallback""]","== match report for /home/arjaiswal/Polygeist/issues/aten_c_kernels/results/aten_zeros_cpu/debuf.mlir ==
  match          body#[0]  memset_zero_1D_f32
  total: 1 matched / 1 bodies
",0,[],0,0,0,0,/home/arjaiswal/Polygeist/issues/aten_c_kernels/results/aten_zeros_cpu/debuf.mlir,1666,8,1,1,610.6084808707237,0,69404,47.58817330002785,2,2,0,0,"[{""body_indices"": [0], ""symbol"": ""memset_zero_1D_f32""}]",1,0,0,0.0,4
aten,aten_zeros_cpu,/home/arjaiswal/Polygeist/issues/aten_c_kernels/results/aten_zeros_cpu/debuf.mlir,af28521fbc0d9d156be63ff4669ee4cd0f7757655985d7eea54ac0d9f6eb802e,egglog,5,ok,0,2104.191653430462,0,"[""/usr/bin/python3"", ""/home/arjaiswal/Polygeist/scripts/correctness/kernel_match_rewrite.py"", ""/home/arjaiswal/Polygeist/issues/aten_c_kernels/results/aten_zeros_cpu/debuf.mlir"", ""--dry-run"", ""--matcher-mode"", ""egglog"", ""--telemetry-json"", ""/home/arjaiswal/Polygeist/issues/equality_saturation_eval/campaign_20260908/aten-aten_zeros_cpu-egglog-6x3brseg.json"", ""--disable-semantic-fallback""]","== match report for /home/arjaiswal/Polygeist/issues/aten_c_kernels/results/aten_zeros_cpu/debuf.mlir ==
  match          body#[0]  memset_zero_1D_f32
  total: 1 matched / 1 bodies
",0,[],0,0,0,0,/home/arjaiswal/Polygeist/issues/aten_c_kernels/results/aten_zeros_cpu/debuf.mlir,1666,8,1,1,856.4372137188911,0,69500,46.906713396310806,2,2,0,0,"[{""body_indices"": [0], ""symbol"": ""memset_zero_1D_f32""}]",1,0,0,0.0,4
aten,aten_zeros_cpu,/home/arjaiswal/Polygeist/issues/aten_c_kernels/results/aten_zeros_cpu/debuf.mlir,af28521fbc0d9d156be63ff4669ee4cd0f7757655985d7eea54ac0d9f6eb802e,syntactic,5,ok,0,1431.3559979200363,0,"[""/usr/bin/python3"", ""/home/arjaiswal/Polygeist/scripts/correctness/kernel_match_rewrite.py"", ""/home/arjaiswal/Polygeist/issues/aten_c_kernels/results/aten_zeros_cpu/debuf.mlir"", ""--dry-run"", ""--matcher-mode"", ""syntactic"", ""--telemetry-json"", ""/home/arjaiswal/Polygeist/issues/equality_saturation_eval/campaign_20260908/aten-aten_zeros_cpu-syntactic-jjcvhlsz.json"", ""--disable-semantic-fallback""]","== match report for /home/arjaiswal/Polygeist/issues/aten_c_kernels/results/aten_zeros_cpu/debuf.mlir ==
  match          body#[0]  memset_zero_1D_f32
  total: 1 matched / 1 bodies
",0,[],0,0,0,0,/home/arjaiswal/Polygeist/issues/aten_c_kernels/results/aten_zeros_cpu/debuf.mlir,1666,0,1,1,342.9698422551155,0,64680,0.019516795873641968,0,2,0,0,"[{""body_indices"": [0], ""symbol"": ""memset_zero_1D_f32""}]",1,0,4,0.0,4
aten,aten_zeta,/home/arjaiswal/Polygeist/issues/aten_c_kernels/results/aten_zeta/debuf.mlir,551dc18b6edc0d3c1c5423431d32ab9cca805140ddb8da3e63665b86ec0bd4cf,syntactic,1,ok,0,1793.4735119342804,0,"[""/usr/bin/python3"", ""/home/arjaiswal/Polygeist/scripts/correctness/kernel_match_rewrite.py"", ""/home/arjaiswal/Polygeist/issues/aten_c_kernels/results/aten_zeta/debuf.mlir"", ""--dry-run"", ""--matcher-mode"", ""syntactic"", ""--telemetry-json"", ""/home/arjaiswal/Polygeist/issues/equality_saturation_eval/campaign_20260908/aten-aten_zeta-syntactic-56bx7oyj.json"", ""--disable-semantic-fallback""]","== match report for /home/arjaiswal/Polygeist/issues/aten_c_kernels/results/aten_zeta/debuf.mlir ==
  no_match       body#0  ?
  total: 0 matched / 1 bodies
",0,[],0,0,0,0,/home/arjaiswal/Polygeist/issues/aten_c_kernels/results/aten_zeta/debuf.mlir,2027,0,1,0,669.7060130536556,1,65524,0.024981796741485596,0,0,0,0,[],0,0,6,0.0,6
aten,aten_zeta,/home/arjaiswal/Polygeist/issues/aten_c_kernels/results/aten_zeta/debuf.mlir,551dc18b6edc0d3c1c5423431d32ab9cca805140ddb8da3e63665b86ec0bd4cf,egglog,1,ok,0,1886.6375498473644,0,"[""/usr/bin/python3"", ""/home/arjaiswal/Polygeist/scripts/correctness/kernel_match_rewrite.py"", ""/home/arjaiswal/Polygeist/issues/aten_c_kernels/results/aten_zeta/debuf.mlir"", ""--dry-run"", ""--matcher-mode"", ""egglog"", ""--telemetry-json"", ""/home/arjaiswal/Polygeist/issues/equality_saturation_eval/campaign_20260908/aten-aten_zeta-egglog-_lzlsxid.json"", ""--disable-semantic-fallback""]","== match report for /home/arjaiswal/Polygeist/issues/aten_c_kernels/results/aten_zeta/debuf.mlir ==
  no_match       body#0  ?
  total: 0 matched / 1 bodies
",0,[],0,0,0,0,/home/arjaiswal/Polygeist/issues/aten_c_kernels/results/aten_zeta/debuf.mlir,2027,8,1,0,704.7836035490036,1,65528,0.0,0,0,0,0,[],0,0,0,0.0,6
aten,aten_zeta,/home/arjaiswal/Polygeist/issues/aten_c_kernels/results/aten_zeta/debuf.mlir,551dc18b6edc0d3c1c5423431d32ab9cca805140ddb8da3e63665b86ec0bd4cf,egglog,2,ok,0,1219.2739471793175,0,"[""/usr/bin/python3"", ""/home/arjaiswal/Polygeist/scripts/correctness/kernel_match_rewrite.py"", ""/home/arjaiswal/Polygeist/issues/aten_c_kernels/results/aten_zeta/debuf.mlir"", ""--dry-run"", ""--matcher-mode"", ""egglog"", ""--telemetry-json"", ""/home/arjaiswal/Polygeist/issues/equality_saturation_eval/campaign_20260908/aten-aten_zeta-egglog-55uarsgz.json"", ""--disable-semantic-fallback""]","== match report for /home/arjaiswal/Polygeist/issues/aten_c_kernels/results/aten_zeta/debuf.mlir ==
  no_match       body#0  ?
  total: 0 matched / 1 bodies
",0,[],0,0,0,0,/home/arjaiswal/Polygeist/issues/aten_c_kernels/results/aten_zeta/debuf.mlir,2027,8,1,0,477.3997291922569,1,65512,0.0,0,0,0,0,[],0,0,0,0.0,6
aten,aten_zeta,/home/arjaiswal/Polygeist/issues/aten_c_kernels/results/aten_zeta/debuf.mlir,551dc18b6edc0d3c1c5423431d32ab9cca805140ddb8da3e63665b86ec0bd4cf,syntactic,2,ok,0,1279.7547616064548,0,"[""/usr/bin/python3"", ""/home/arjaiswal/Polygeist/scripts/correctness/kernel_match_rewrite.py"", ""/home/arjaiswal/Polygeist/issues/aten_c_kernels/results/aten_zeta/debuf.mlir"", ""--dry-run"", ""--matcher-mode"", ""syntactic"", ""--telemetry-json"", ""/home/arjaiswal/Polygeist/issues/equality_saturation_eval/campaign_20260908/aten-aten_zeta-syntactic-rymiftq6.json"", ""--disable-semantic-fallback""]","== match report for /home/arjaiswal/Polygeist/issues/aten_c_kernels/results/aten_zeta/debuf.mlir ==
  no_match       body#0  ?
  total: 0 matched / 1 bodies
",0,[],0,0,0,0,/home/arjaiswal/Polygeist/issues/aten_c_kernels/results/aten_zeta/debuf.mlir,2027,0,1,0,382.7291280031204,1,65672,0.021673738956451416,0,0,0,0,[],0,0,6,0.0,6
aten,aten_zeta,/home/arjaiswal/Polygeist/issues/aten_c_kernels/results/aten_zeta/debuf.mlir,551dc18b6edc0d3c1c5423431d32ab9cca805140ddb8da3e63665b86ec0bd4cf,syntactic,3,ok,0,1032.834853976965,0,"[""/usr/bin/python3"", ""/home/arjaiswal/Polygeist/scripts/correctness/kernel_match_rewrite.py"", ""/home/arjaiswal/Polygeist/issues/aten_c_kernels/results/aten_zeta/debuf.mlir"", ""--dry-run"", ""--matcher-mode"", ""syntactic"", ""--telemetry-json"", ""/home/arjaiswal/Polygeist/issues/equality_saturation_eval/campaign_20260908/aten-aten_zeta-syntactic-4q56giqj.json"", ""--disable-semantic-fallback""]","== match report for /home/arjaiswal/Polygeist/issues/aten_c_kernels/results/aten_zeta/debuf.mlir ==
  no_match       body#0  ?
  total: 0 matched / 1 bodies
",0,[],0,0,0,0,/home/arjaiswal/Polygeist/issues/aten_c_kernels/results/aten_zeta/debuf.mlir,2027,0,1,0,432.50424042344093,1,65524,0.02396106719970703,0,0,0,0,[],0,0,6,0.0,6
aten,aten_zeta,/home/arjaiswal/Polygeist/issues/aten_c_kernels/results/aten_zeta/debuf.mlir,551dc18b6edc0d3c1c5423431d32ab9cca805140ddb8da3e63665b86ec0bd4cf,egglog,3,ok,0,991.5926866233349,0,"[""/usr/bin/python3"", ""/home/arjaiswal/Polygeist/scripts/correctness/kernel_match_rewrite.py"", ""/home/arjaiswal/Polygeist/issues/aten_c_kernels/results/aten_zeta/debuf.mlir"", ""--dry-run"", ""--matcher-mode"", ""egglog"", ""--telemetry-json"", ""/home/arjaiswal/Polygeist/issues/equality_saturation_eval/campaign_20260908/aten-aten_zeta-egglog-t3pf88em.json"", ""--disable-semantic-fallback""]","== match report for /home/arjaiswal/Polygeist/issues/aten_c_kernels/results/aten_zeta/debuf.mlir ==
  no_match       body#0  ?
  total: 0 matched / 1 bodies
",0,[],0,0,0,0,/home/arjaiswal/Polygeist/issues/aten_c_kernels/results/aten_zeta/debuf.mlir,2027,8,1,0,370.6701062619686,1,65520,0.0,0,0,0,0,[],0,0,0,0.0,6
aten,aten_zeta,/home/arjaiswal/Polygeist/issues/aten_c_kernels/results/aten_zeta/debuf.mlir,551dc18b6edc0d3c1c5423431d32ab9cca805140ddb8da3e63665b86ec0bd4cf,egglog,4,ok,0,815.1490055024624,0,"[""/usr/bin/python3"", ""/home/arjaiswal/Polygeist/scripts/correctness/kernel_match_rewrite.py"", ""/home/arjaiswal/Polygeist/issues/aten_c_kernels/results/aten_zeta/debuf.mlir"", ""--dry-run"", ""--matcher-mode"", ""egglog"", ""--telemetry-json"", ""/home/arjaiswal/Polygeist/issues/equality_saturation_eval/campaign_20260908/aten-aten_zeta-egglog-npwp1079.json"", ""--disable-semantic-fallback""]","== match report for /home/arjaiswal/Polygeist/issues/aten_c_kernels/results/aten_zeta/debuf.mlir ==
  no_match       body#0  ?
  total: 0 matched / 1 bodies
",0,[],0,0,0,0,/home/arjaiswal/Polygeist/issues/aten_c_kernels/results/aten_zeta/debuf.mlir,2027,8,1,0,309.2677779495716,1,65676,0.0,0,0,0,0,[],0,0,0,0.0,6
aten,aten_zeta,/home/arjaiswal/Polygeist/issues/aten_c_kernels/results/aten_zeta/debuf.mlir,551dc18b6edc0d3c1c5423431d32ab9cca805140ddb8da3e63665b86ec0bd4cf,syntactic,4,ok,0,1050.8191213011742,0,"[""/usr/bin/python3"", ""/home/arjaiswal/Polygeist/scripts/correctness/kernel_match_rewrite.py"", ""/home/arjaiswal/Polygeist/issues/aten_c_kernels/results/aten_zeta/debuf.mlir"", ""--dry-run"", ""--matcher-mode"", ""syntactic"", ""--telemetry-json"", ""/home/arjaiswal/Polygeist/issues/equality_saturation_eval/campaign_20260908/aten-aten_zeta-syntactic-3w9_h9bc.json"", ""--disable-semantic-fallback""]","== match report for /home/arjaiswal/Polygeist/issues/aten_c_kernels/results/aten_zeta/debuf.mlir ==
  no_match       body#0  ?
  total: 0 matched / 1 bodies
",0,[],0,0,0,0,/home/arjaiswal/Polygeist/issues/aten_c_kernels/results/aten_zeta/debuf.mlir,2027,0,1,0,437.6929849386215,1,65620,0.018190592527389526,0,0,0,0,[],0,0,6,0.0,6
aten,aten_zeta,/home/arjaiswal/Polygeist/issues/aten_c_kernels/results/aten_zeta/debuf.mlir,551dc18b6edc0d3c1c5423431d32ab9cca805140ddb8da3e63665b86ec0bd4cf,syntactic,5,ok,0,987.2108437120914,0,"[""/usr/bin/python3"", ""/home/arjaiswal/Polygeist/scripts/correctness/kernel_match_rewrite.py"", ""/home/arjaiswal/Polygeist/issues/aten_c_kernels/results/aten_zeta/debuf.mlir"", ""--dry-run"", ""--matcher-mode"", ""syntactic"", ""--telemetry-json"", ""/home/arjaiswal/Polygeist/issues/equality_saturation_eval/campaign_20260908/aten-aten_zeta-syntactic-z7nactok.json"", ""--disable-semantic-fallback""]","== match report for /home/arjaiswal/Polygeist/issues/aten_c_kernels/results/aten_zeta/debuf.mlir ==
  no_match       body#0  ?
  total: 0 matched / 1 bodies
",0,[],0,0,0,0,/home/arjaiswal/Polygeist/issues/aten_c_kernels/results/aten_zeta/debuf.mlir,2027,0,1,0,393.9155973494053,1,65608,0.024959444999694824,0,0,0,0,[],0,0,6,0.0,6
aten,aten_zeta,/home/arjaiswal/Polygeist/issues/aten_c_kernels/results/aten_zeta/debuf.mlir,551dc18b6edc0d3c1c5423431d32ab9cca805140ddb8da3e63665b86ec0bd4cf,egglog,5,ok,0,1187.0038248598576,0,"[""/usr/bin/python3"", ""/home/arjaiswal/Polygeist/scripts/correctness/kernel_match_rewrite.py"", ""/home/arjaiswal/Polygeist/issues/aten_c_kernels/results/aten_zeta/debuf.mlir"", ""--dry-run"", ""--matcher-mode"", ""egglog"", ""--telemetry-json"", ""/home/arjaiswal/Polygeist/issues/equality_saturation_eval/campaign_20260908/aten-aten_zeta-egglog-gfrr07du.json"", ""--disable-semantic-fallback""]","== match report for /home/arjaiswal/Polygeist/issues/aten_c_kernels/results/aten_zeta/debuf.mlir ==
  no_match       body#0  ?
  total: 0 matched / 1 bodies
",0,[],0,0,0,0,/home/arjaiswal/Polygeist/issues/aten_c_kernels/results/aten_zeta/debuf.mlir,2027,8,1,0,318.30936670303345,1,65628,0.0,0,0,0,0,[],0,0,0,0.0,6
mfem_kernel,convection_apply_2d_stage_sliced,/home/arjaiswal/Polygeist/issues/mfem_c_kernels/match_results/convection_apply_2d_stage_sliced/debufferized.mlir,60394997b2c0825392d275c3925a8b318695e34cee6238e774b8a025e6db7a33,egglog,1,ok,0,2171.4607514441013,0,"[""/usr/bin/python3"", ""/home/arjaiswal/Polygeist/scripts/correctness/kernel_match_rewrite.py"", ""/home/arjaiswal/Polygeist/issues/mfem_c_kernels/match_results/convection_apply_2d_stage_sliced/debufferized.mlir"", ""--dry-run"", ""--matcher-mode"", ""egglog"", ""--telemetry-json"", ""/home/arjaiswal/Polygeist/issues/equality_saturation_eval/campaign_20260908/mfem_kernel-convection_apply_2d_stage_sliced-egglog-f2vlfzba.json"", ""--disable-semantic-fallback""]","== match report for /home/arjaiswal/Polygeist/issues/mfem_c_kernels/match_results/convection_apply_2d_stage_sliced/debufferized.mlir ==
  match          body#[0, 1]  cutensornetContraction2_f64
  match          body#[2, 3]  cutensornetContraction2_f64
  match          body#[4, 5]  cutensornetContraction2_f64
  match          body#[6, 7]  cutensornetContraction2_f64
  no_match       body#8  ?
  no_match       body#9  ?
  match          body#[10, 11]  cutensornetContraction2_f64
  no_match       body#12  ?
  total: 5 matched / 8 bodies
",0,[],0,0,0,0,/home/arjaiswal/Polygeist/issues/mfem_c_kernels/match_results/convection_apply_2d_stage_sliced/debufferized.mlir,13542,8,13,10,1498.2489459216595,3,70484,779.8629701137543,66,66,0,80,"[{""body_indices"": [0, 1], ""symbol"": ""cutensornetContraction2_f64""}, {""body_indices"": [2, 3], ""symbol"": ""cutensornetContraction2_f64""}, {""body_indices"": [4, 5], ""symbol"": ""cutensornetContraction2_f64""}, {""body_indices"": [6, 7], ""symbol"": ""cutensornetContraction2_f64""}, {""body_indices"": [10, 11], ""symbol"": ""cutensornetContraction2_f64""}]",5,0,0,0.0,72
mfem_kernel,convection_apply_2d_stage_sliced,/home/arjaiswal/Polygeist/issues/mfem_c_kernels/match_results/convection_apply_2d_stage_sliced/debufferized.mlir,60394997b2c0825392d275c3925a8b318695e34cee6238e774b8a025e6db7a33,syntactic,1,ok,0,1213.7600630521774,0,"[""/usr/bin/python3"", ""/home/arjaiswal/Polygeist/scripts/correctness/kernel_match_rewrite.py"", ""/home/arjaiswal/Polygeist/issues/mfem_c_kernels/match_results/convection_apply_2d_stage_sliced/debufferized.mlir"", ""--dry-run"", ""--matcher-mode"", ""syntactic"", ""--telemetry-json"", ""/home/arjaiswal/Polygeist/issues/equality_saturation_eval/campaign_20260908/mfem_kernel-convection_apply_2d_stage_sliced-syntactic-awpytzk6.json"", ""--disable-semantic-fallback""]","== match report for /home/arjaiswal/Polygeist/issues/mfem_c_kernels/match_results/convection_apply_2d_stage_sliced/debufferized.mlir ==
  match          body#[0, 1]  cutensornetContraction2_f64
  match          body#[2, 3]  cutensornetContraction2_f64
  match          body#[4, 5]  cutensornetContraction2_f64
  match          body#[6, 7]  cutensornetContraction2_f64
  no_match       body#8  ?
  no_match       body#9  ?
  match          body#[10, 11]  cutensornetContraction2_f64
  no_match       body#12  ?
  total: 5 matched / 8 bodies
",0,[],0,0,0,0,/home/arjaiswal/Polygeist/issues/mfem_c_kernels/match_results/convection_apply_2d_stage_sliced/debufferized.mlir,13542,0,13,10,547.5255139172077,3,66064,0.41514262557029724,0,66,0,0,"[{""body_indices"": [0, 1], ""symbol"": ""cutensornetContraction2_f64""}, {""body_indices"": [2, 3], ""symbol"": ""cutensornetContraction2_f64""}, {""body_indices"": [4, 5], ""symbol"": ""cutensornetContraction2_f64""}, {""body_indices"": [6, 7], ""symbol"": ""cutensornetContraction2_f64""}, {""body_indices"": [10, 11], ""symbol"": ""cutensornetContraction2_f64""}]",5,0,72,0.0,72
mfem_kernel,convection_apply_2d_stage_sliced,/home/arjaiswal/Polygeist/issues/mfem_c_kernels/match_results/convection_apply_2d_stage_sliced/debufferized.mlir,60394997b2c0825392d275c3925a8b318695e34cee6238e774b8a025e6db7a33,syntactic,2,ok,0,1077.8266936540604,0,"[""/usr/bin/python3"", ""/home/arjaiswal/Polygeist/scripts/correctness/kernel_match_rewrite.py"", ""/home/arjaiswal/Polygeist/issues/mfem_c_kernels/match_results/convection_apply_2d_stage_sliced/debufferized.mlir"", ""--dry-run"", ""--matcher-mode"", ""syntactic"", ""--telemetry-json"", ""/home/arjaiswal/Polygeist/issues/equality_saturation_eval/campaign_20260908/mfem_kernel-convection_apply_2d_stage_sliced-syntactic-upren97h.json"", ""--disable-semantic-fallback""]","== match report for /home/arjaiswal/Polygeist/issues/mfem_c_kernels/match_results/convection_apply_2d_stage_sliced/debufferized.mlir ==
  match          body#[0, 1]  cutensornetContraction2_f64
  match          body#[2, 3]  cutensornetContraction2_f64
  match          body#[4, 5]  cutensornetContraction2_f64
  match          body#[6, 7]  cutensornetContraction2_f64
  no_match       body#8  ?
  no_match       body#9  ?
  match          body#[10, 11]  cutensornetContraction2_f64
  no_match       body#12  ?
  total: 5 matched / 8 bodies
",0,[],0,0,0,0,/home/arjaiswal/Polygeist/issues/mfem_c_kernels/match_results/convection_apply_2d_stage_sliced/debufferized.mlir,13542,0,13,10,543.8933447003365,3,66244,0.3562420606613159,0,66,0,0,"[{""body_indices"": [0, 1], ""symbol"": ""cutensornetContraction2_f64""}, {""body_indices"": [2, 3], ""symbol"": ""cutensornetContraction2_f64""}, {""body_indices"": [4, 5], ""symbol"": ""cutensornetContraction2_f64""}, {""body_indices"": [6, 7], ""symbol"": ""cutensornetContraction2_f64""}, {""body_indices"": [10, 11], ""symbol"": ""cutensornetContraction2_f64""}]",5,0,72,0.0,72
mfem_kernel,convection_apply_2d_stage_sliced,/home/arjaiswal/Polygeist/issues/mfem_c_kernels/match_results/convection_apply_2d_stage_sliced/debufferized.mlir,60394997b2c0825392d275c3925a8b318695e34cee6238e774b8a025e6db7a33,egglog,2,ok,0,2117.0942820608616,0,"[""/usr/bin/python3"", ""/home/arjaiswal/Polygeist/scripts/correctness/kernel_match_rewrite.py"", ""/home/arjaiswal/Polygeist/issues/mfem_c_kernels/match_results/convection_apply_2d_stage_sliced/debufferized.mlir"", ""--dry-run"", ""--matcher-mode"", ""egglog"", ""--telemetry-json"", ""/home/arjaiswal/Polygeist/issues/equality_saturation_eval/campaign_20260908/mfem_kernel-convection_apply_2d_stage_sliced-egglog-3rr34fgf.json"", ""--disable-semantic-fallback""]","== match report for /home/arjaiswal/Polygeist/issues/mfem_c_kernels/match_results/convection_apply_2d_stage_sliced/debufferized.mlir ==
  match          body#[0, 1]  cutensornetContraction2_f64
  match          body#[2, 3]  cutensornetContraction2_f64
  match          body#[4, 5]  cutensornetContraction2_f64
  match          body#[6, 7]  cutensornetContraction2_f64
  no_match       body#8  ?
  no_match       body#9  ?
  match          body#[10, 11]  cutensornetContraction2_f64
  no_match       body#12  ?
  total: 5 matched / 8 bodies
",0,[],0,0,0,0,/home/arjaiswal/Polygeist/issues/mfem_c_kernels/match_results/convection_apply_2d_stage_sliced/debufferized.mlir,13542,8,13,10,1493.2691641151905,3,70500,767.2593109309673,66,66,0,80,"[{""body_indices"": [0, 1], ""symbol"": ""cutensornetContraction2_f64""}, {""body_indices"": [2, 3], ""symbol"": ""cutensornetContraction2_f64""}, {""body_indices"": [4, 5], ""symbol"": ""cutensornetContraction2_f64""}, {""body_indices"": [6, 7], ""symbol"": ""cutensornetContraction2_f64""}, {""body_indices"": [10, 11], ""symbol"": ""cutensornetContraction2_f64""}]",5,0,0,0.0,72
mfem_kernel,convection_apply_2d_stage_sliced,/home/arjaiswal/Polygeist/issues/mfem_c_kernels/match_results/convection_apply_2d_stage_sliced/debufferized.mlir,60394997b2c0825392d275c3925a8b318695e34cee6238e774b8a025e6db7a33,egglog,3,ok,0,4213.485050946474,0,"[""/usr/bin/python3"", ""/home/arjaiswal/Polygeist/scripts/correctness/kernel_match_rewrite.py"", ""/home/arjaiswal/Polygeist/issues/mfem_c_kernels/match_results/convection_apply_2d_stage_sliced/debufferized.mlir"", ""--dry-run"", ""--matcher-mode"", ""egglog"", ""--telemetry-json"", ""/home/arjaiswal/Polygeist/issues/equality_saturation_eval/campaign_20260908/mfem_kernel-convection_apply_2d_stage_sliced-egglog-45ma_fbs.json"", ""--disable-semantic-fallback""]","== match report for /home/arjaiswal/Polygeist/issues/mfem_c_kernels/match_results/convection_apply_2d_stage_sliced/debufferized.mlir ==
  match          body#[0, 1]  cutensornetContraction2_f64
  match          body#[2, 3]  cutensornetContraction2_f64
  match          body#[4, 5]  cutensornetContraction2_f64
  match          body#[6, 7]  cutensornetContraction2_f64
  no_match       body#8  ?
  no_match       body#9  ?
  match          body#[10, 11]  cutensornetContraction2_f64
  no_match       body#12  ?
  total: 5 matched / 8 bodies
",0,[],0,0,0,0,/home/arjaiswal/Polygeist/issues/mfem_c_kernels/match_results/convection_apply_2d_stage_sliced/debufferized.mlir,13542,8,13,10,3123.5944256186485,3,70440,1483.078833669424,66,66,0,80,"[{""body_indices"": [0, 1], ""symbol"": ""cutensornetContraction2_f64""}, {""body_indices"": [2, 3], ""symbol"": ""cutensornetContraction2_f64""}, {""body_indices"": [4, 5], ""symbol"": ""cutensornetContraction2_f64""}, {""body_indices"": [6, 7], ""symbol"": ""cutensornetContraction2_f64""}, {""body_indices"": [10, 11], ""symbol"": ""cutensornetContraction2_f64""}]",5,0,0,0.0,72
mfem_kernel,convection_apply_2d_stage_sliced,/home/arjaiswal/Polygeist/issues/mfem_c_kernels/match_results/convection_apply_2d_stage_sliced/debufferized.mlir,60394997b2c0825392d275c3925a8b318695e34cee6238e774b8a025e6db7a33,syntactic,3,ok,0,2758.8372379541397,0,"[""/usr/bin/python3"", ""/home/arjaiswal/Polygeist/scripts/correctness/kernel_match_rewrite.py"", ""/home/arjaiswal/Polygeist/issues/mfem_c_kernels/match_results/convection_apply_2d_stage_sliced/debufferized.mlir"", ""--dry-run"", ""--matcher-mode"", ""syntactic"", ""--telemetry-json"", ""/home/arjaiswal/Polygeist/issues/equality_saturation_eval/campaign_20260908/mfem_kernel-convection_apply_2d_stage_sliced-syntactic-vxnofebz.json"", ""--disable-semantic-fallback""]","== match report for /home/arjaiswal/Polygeist/issues/mfem_c_kernels/match_results/convection_apply_2d_stage_sliced/debufferized.mlir ==
  match          body#[0, 1]  cutensornetContraction2_f64
  match          body#[2, 3]  cutensornetContraction2_f64
  match          body#[4, 5]  cutensornetContraction2_f64
  match          body#[6, 7]  cutensornetContraction2_f64
  no_match       body#8  ?
  no_match       body#9  ?
  match          body#[10, 11]  cutensornetContraction2_f64
  no_match       body#12  ?
  total: 5 matched / 8 bodies
",0,[],0,0,0,0,/home/arjaiswal/Polygeist/issues/mfem_c_kernels/match_results/convection_apply_2d_stage_sliced/debufferized.mlir,13542,0,13,10,1956.6191174089909,3,66420,0.4925727844238281,0,66,0,0,"[{""body_indices"": [0, 1], ""symbol"": ""cutensornetContraction2_f64""}, {""body_indices"": [2, 3], ""symbol"": ""cutensornetContraction2_f64""}, {""body_indices"": [4, 5], ""symbol"": ""cutensornetContraction2_f64""}, {""body_indices"": [6, 7], ""symbol"": ""cutensornetContraction2_f64""}, {""body_indices"": [10, 11], ""symbol"": ""cutensornetContraction2_f64""}]",5,0,72,0.0,72
mfem_kernel,convection_apply_2d_stage_sliced,/home/arjaiswal/Polygeist/issues/mfem_c_kernels/match_results/convection_apply_2d_stage_sliced/debufferized.mlir,60394997b2c0825392d275c3925a8b318695e34cee6238e774b8a025e6db7a33,syntactic,4,ok,0,1758.0792605876923,0,"[""/usr/bin/python3"", ""/home/arjaiswal/Polygeist/scripts/correctness/kernel_match_rewrite.py"", ""/home/arjaiswal/Polygeist/issues/mfem_c_kernels/match_results/convection_apply_2d_stage_sliced/debufferized.mlir"", ""--dry-run"", ""--matcher-mode"", ""syntactic"", ""--telemetry-json"", ""/home/arjaiswal/Polygeist/issues/equality_saturation_eval/campaign_20260908/mfem_kernel-convection_apply_2d_stage_sliced-syntactic-j0ssnwiw.json"", ""--disable-semantic-fallback""]","== match report for /home/arjaiswal/Polygeist/issues/mfem_c_kernels/match_results/convection_apply_2d_stage_sliced/debufferized.mlir ==
  match          body#[0, 1]  cutensornetContraction2_f64
  match          body#[2, 3]  cutensornetContraction2_f64
  match          body#[4, 5]  cutensornetContraction2_f64
  match          body#[6, 7]  cutensornetContraction2_f64
  no_match       body#8  ?
  no_match       body#9  ?
  match          body#[10, 11]  cutensornetContraction2_f64
  no_match       body#12  ?
  total: 5 matched / 8 bodies
",0,[],0,0,0,0,/home/arjaiswal/Polygeist/issues/mfem_c_kernels/match_results/convection_apply_2d_stage_sliced/debufferized.mlir,13542,0,13,10,624.5216950774193,3,66296,0.49754977226257324,0,66,0,0,"[{""body_indices"": [0, 1], ""symbol"": ""cutensornetContraction2_f64""}, {""body_indices"": [2, 3], ""symbol"": ""cutensornetContraction2_f64""}, {""body_indices"": [4, 5], ""symbol"": ""cutensornetContraction2_f64""}, {""body_indices"": [6, 7], ""symbol"": ""cutensornetContraction2_f64""}, {""body_indices"": [10, 11], ""symbol"": ""cutensornetContraction2_f64""}]",5,0,72,0.0,72
mfem_kernel,convection_apply_2d_stage_sliced,/home/arjaiswal/Polygeist/issues/mfem_c_kernels/match_results/convection_apply_2d_stage_sliced/debufferized.mlir,60394997b2c0825392d275c3925a8b318695e34cee6238e774b8a025e6db7a33,egglog,4,ok,0,3617.796454578638,0,"[""/usr/bin/python3"", ""/home/arjaiswal/Polygeist/scripts/correctness/kernel_match_rewrite.py"", ""/home/arjaiswal/Polygeist/issues/mfem_c_kernels/match_results/convection_apply_2d_stage_sliced/debufferized.mlir"", ""--dry-run"", ""--matcher-mode"", ""egglog"", ""--telemetry-json"", ""/home/arjaiswal/Polygeist/issues/equality_saturation_eval/campaign_20260908/mfem_kernel-convection_apply_2d_stage_sliced-egglog-tkyeddxh.json"", ""--disable-semantic-fallback""]","== match report for /home/arjaiswal/Polygeist/issues/mfem_c_kernels/match_results/convection_apply_2d_stage_sliced/debufferized.mlir ==
  match          body#[0, 1]  cutensornetContraction2_f64
  match          body#[2, 3]  cutensornetContraction2_f64
  match          body#[4, 5]  cutensornetContraction2_f64
  match          body#[6, 7]  cutensornetContraction2_f64
  no_match       body#8  ?
  no_match       body#9  ?
  match          body#[10, 11]  cutensornetContraction2_f64
  no_match       body#12  ?
  total: 5 matched / 8 bodies
",0,[],0,0,0,0,/home/arjaiswal/Polygeist/issues/mfem_c_kernels/match_results/convection_apply_2d_stage_sliced/debufferized.mlir,13542,8,13,10,2772.9143165051937,3,70404,1396.8385197222233,66,66,0,80,"[{""body_indices"": [0, 1], ""symbol"": ""cutensornetContraction2_f64""}, {""body_indices"": [2, 3], ""symbol"": ""cutensornetContraction2_f64""}, {""body_indices"": [4, 5], ""symbol"": ""cutensornetContraction2_f64""}, {""body_indices"": [6, 7], ""symbol"": ""cutensornetContraction2_f64""}, {""body_indices"": [10, 11], ""symbol"": ""cutensornetContraction2_f64""}]",5,0,0,0.0,72
mfem_kernel,convection_apply_2d_stage_sliced,/home/arjaiswal/Polygeist/issues/mfem_c_kernels/match_results/convection_apply_2d_stage_sliced/debufferized.mlir,60394997b2c0825392d275c3925a8b318695e34cee6238e774b8a025e6db7a33,egglog,5,ok,0,3442.421119660139,0,"[""/usr/bin/python3"", ""/home/arjaiswal/Polygeist/scripts/correctness/kernel_match_rewrite.py"", ""/home/arjaiswal/Polygeist/issues/mfem_c_kernels/match_results/convection_apply_2d_stage_sliced/debufferized.mlir"", ""--dry-run"", ""--matcher-mode"", ""egglog"", ""--telemetry-json"", ""/home/arjaiswal/Polygeist/issues/equality_saturation_eval/campaign_20260908/mfem_kernel-convection_apply_2d_stage_sliced-egglog-4td_dhjr.json"", ""--disable-semantic-fallback""]","== match report for /home/arjaiswal/Polygeist/issues/mfem_c_kernels/match_results/convection_apply_2d_stage_sliced/debufferized.mlir ==
  match          body#[0, 1]  cutensornetContraction2_f64
  match          body#[2, 3]  cutensornetContraction2_f64
  match          body#[4, 5]  cutensornetContraction2_f64
  match          body#[6, 7]  cutensornetContraction2_f64
  no_match       body#8  ?
  no_match       body#9  ?
  match          body#[10, 11]  cutensornetContraction2_f64
  no_match       body#12  ?
  total: 5 matched / 8 bodies
",0,[],0,0,0,0,/home/arjaiswal/Polygeist/issues/mfem_c_kernels/match_results/convection_apply_2d_stage_sliced/debufferized.mlir,13542,8,13,10,2658.6328335106373,3,70556,1335.1267501711845,66,66,0,80,"[{""body_indices"": [0, 1], ""symbol"": ""cutensornetContraction2_f64""}, {""body_indices"": [2, 3], ""symbol"": ""cutensornetContraction2_f64""}, {""body_indices"": [4, 5], ""symbol"": ""cutensornetContraction2_f64""}, {""body_indices"": [6, 7], ""symbol"": ""cutensornetContraction2_f64""}, {""body_indices"": [10, 11], ""symbol"": ""cutensornetContraction2_f64""}]",5,0,0,0.0,72
mfem_kernel,convection_apply_2d_stage_sliced,/home/arjaiswal/Polygeist/issues/mfem_c_kernels/match_results/convection_apply_2d_stage_sliced/debufferized.mlir,60394997b2c0825392d275c3925a8b318695e34cee6238e774b8a025e6db7a33,syntactic,5,ok,0,1908.3074107766151,0,"[""/usr/bin/python3"", ""/home/arjaiswal/Polygeist/scripts/correctness/kernel_match_rewrite.py"", ""/home/arjaiswal/Polygeist/issues/mfem_c_kernels/match_results/convection_apply_2d_stage_sliced/debufferized.mlir"", ""--dry-run"", ""--matcher-mode"", ""syntactic"", ""--telemetry-json"", ""/home/arjaiswal/Polygeist/issues/equality_saturation_eval/campaign_20260908/mfem_kernel-convection_apply_2d_stage_sliced-syntactic-wik6tisx.json"", ""--disable-semantic-fallback""]","== match report for /home/arjaiswal/Polygeist/issues/mfem_c_kernels/match_results/convection_apply_2d_stage_sliced/debufferized.mlir ==
  match          body#[0, 1]  cutensornetContraction2_f64
  match          body#[2, 3]  cutensornetContraction2_f64
  match          body#[4, 5]  cutensornetContraction2_f64
  match          body#[6, 7]  cutensornetContraction2_f64
  no_match       body#8  ?
  no_match       body#9  ?
  match          body#[10, 11]  cutensornetContraction2_f64
  no_match       body#12  ?
  total: 5 matched / 8 bodies
",0,[],0,0,0,0,/home/arjaiswal/Polygeist/issues/mfem_c_kernels/match_results/convection_apply_2d_stage_sliced/debufferized.mlir,13542,0,13,10,1229.1554063558578,3,66140,0.49237534403800964,0,66,0,0,"[{""body_indices"": [0, 1], ""symbol"": ""cutensornetContraction2_f64""}, {""body_indices"": [2, 3], ""symbol"": ""cutensornetContraction2_f64""}, {""body_indices"": [4, 5], ""symbol"": ""cutensornetContraction2_f64""}, {""body_indices"": [6, 7], ""symbol"": ""cutensornetContraction2_f64""}, {""body_indices"": [10, 11], ""symbol"": ""cutensornetContraction2_f64""}]",5,0,72,0.0,72
mfem_kernel,convection_apply_3d_stage_sliced,/home/arjaiswal/Polygeist/issues/mfem_c_kernels/match_results/convection_apply_3d_stage_sliced/debufferized.mlir,0ceba986c0194316098190df1c916637d09e1d367bc2750c0023cee5dd96c21d,syntactic,1,ok,0,1556.9686777889729,0,"[""/usr/bin/python3"", ""/home/arjaiswal/Polygeist/scripts/correctness/kernel_match_rewrite.py"", ""/home/arjaiswal/Polygeist/issues/mfem_c_kernels/match_results/convection_apply_3d_stage_sliced/debufferized.mlir"", ""--dry-run"", ""--matcher-mode"", ""syntactic"", ""--telemetry-json"", ""/home/arjaiswal/Polygeist/issues/equality_saturation_eval/campaign_20260908/mfem_kernel-convection_apply_3d_stage_sliced-syntactic-70rycu9v.json"", ""--disable-semantic-fallback""]","== match report for /home/arjaiswal/Polygeist/issues/mfem_c_kernels/match_results/convection_apply_3d_stage_sliced/debufferized.mlir ==
  match          body#[0, 1]  cutensornetContraction2_f64
  match          body#[2, 3]  cutensornetContraction2_f64
  match          body#[4, 5]  cutensornetContraction2_f64
  match          body#[6, 7]  cutensornetContraction2_f64
  match          body#[8, 9]  cutensornetContraction2_f64
  match          body#[10, 11]  cutensornetContraction2_f64
  match          body#[12, 13]  cutensornetContraction2_f64
  match          body#[14, 15]  cutensornetContraction2_f64
  no_match       body#16  ?
  no_match       body#17  ?
  match          body#[18, 19]  cutensornetContraction2_f64
  match          body#[20, 21]  cutensornetContraction2_f64
  rank_or_dtype_reject body#22  cudnnAddTensor_batched
  total: 10 matched / 13 bodies
",0,[],0,0,0,0,/home/arjaiswal/Polygeist/issues/mfem_c_kernels/match_results/convection_apply_3d_stage_sliced/debufferized.mlir,24012,0,23,20,749.8689331114292,2,66904,0.49029290676116943,0,74,0,0,"[{""body_indices"": [0, 1], ""symbol"": ""cutensornetContraction2_f64""}, {""body_indices"": [2, 3], ""symbol"": ""cutensornetContraction2_f64""}, {""body_indices"": [4, 5], ""symbol"": ""cutensornetContraction2_f64""}, {""body_indices"": [6, 7], ""symbol"": ""cutensornetContraction2_f64""}, {""body_indices"": [8, 9], ""symbol"": ""cutensornetContraction2_f64""}, {""body_indices"": [10, 11], ""symbol"": ""cutensornetContraction2_f64""}, {""body_indices"": [12, 13], ""symbol"": ""cutensornetContraction2_f64""}, {""body_indices"": [14, 15], ""symbol"": ""cutensornetContraction2_f64""}, {""body_indices"": [18, 19], ""symbol"": ""cutensornetContraction2_f64""}, {""body_indices"": [20, 21], ""symbol"": ""cutensornetContraction2_f64""}]",10,0,74,0.0,74
mfem_kernel,convection_apply_3d_stage_sliced,/home/arjaiswal/Polygeist/issues/mfem_c_kernels/match_results/convection_apply_3d_stage_sliced/debufferized.mlir,0ceba986c0194316098190df1c916637d09e1d367bc2750c0023cee5dd96c21d,egglog,1,ok,0,2351.027872413397,0,"[""/usr/bin/python3"", ""/home/arjaiswal/Polygeist/scripts/correctness/kernel_match_rewrite.py"", ""/home/arjaiswal/Polygeist/issues/mfem_c_kernels/match_results/convection_apply_3d_stage_sliced/debufferized.mlir"", ""--dry-run"", ""--matcher-mode"", ""egglog"", ""--telemetry-json"", ""/home/arjaiswal/Polygeist/issues/equality_saturation_eval/campaign_20260908/mfem_kernel-convection_apply_3d_stage_sliced-egglog-j3e6yb0j.json"", ""--disable-semantic-fallback""]","== match report for /home/arjaiswal/Polygeist/issues/mfem_c_kernels/match_results/convection_apply_3d_stage_sliced/debufferized.mlir ==
  match          body#[0, 1]  cutensornetContraction2_f64
  match          body#[2, 3]  cutensornetContraction2_f64
  match          body#[4, 5]  cutensornetContraction2_f64
  match          body#[6, 7]  cutensornetContraction2_f64
  match          body#[8, 9]  cutensornetContraction2_f64
  match          body#[10, 11]  cutensornetContraction2_f64
  match          body#[12, 13]  cutensornetContraction2_f64
  match          body#[14, 15]  cutensornetContraction2_f64
  no_match       body#16  ?
  no_match       body#17  ?
  match          body#[18, 19]  cutensornetContraction2_f64
  match          body#[20, 21]  cutensornetContraction2_f64
  rank_or_dtype_reject body#22  cudnnAddTensor_batched
  total: 10 matched / 13 bodies
",0,[],0,0,0,0,/home/arjaiswal/Polygeist/issues/mfem_c_kernels/match_results/convection_apply_3d_stage_sliced/debufferized.mlir,24012,8,23,20,1742.4623370170593,2,70772,916.6483581066132,74,74,0,84,"[{""body_indices"": [0, 1], ""symbol"": ""cutensornetContraction2_f64""}, {""body_indices"": [2, 3], ""symbol"": ""cutensornetContraction2_f64""}, {""body_indices"": [4, 5], ""symbol"": ""cutensornetContraction2_f64""}, {""body_indices"": [6, 7], ""symbol"": ""cutensornetContraction2_f64""}, {""body_indices"": [8, 9], ""symbol"": ""cutensornetContraction2_f64""}, {""body_indices"": [10, 11], ""symbol"": ""cutensornetContraction2_f64""}, {""body_indices"": [12, 13], ""symbol"": ""cutensornetContraction2_f64""}, {""body_indices"": [14, 15], ""symbol"": ""cutensornetContraction2_f64""}, {""body_indices"": [18, 19], ""symbol"": ""cutensornetContraction2_f64""}, {""body_indices"": [20, 21], ""symbol"": ""cutensornetContraction2_f64""}]",10,0,0,0.0,74
mfem_kernel,convection_apply_3d_stage_sliced,/home/arjaiswal/Polygeist/issues/mfem_c_kernels/match_results/convection_apply_3d_stage_sliced/debufferized.mlir,0ceba986c0194316098190df1c916637d09e1d367bc2750c0023cee5dd96c21d,egglog,2,ok,0,3110.4921773076057,0,"[""/usr/bin/python3"", ""/home/arjaiswal/Polygeist/scripts/correctness/kernel_match_rewrite.py"", ""/home/arjaiswal/Polygeist/issues/mfem_c_kernels/match_results/convection_apply_3d_stage_sliced/debufferized.mlir"", ""--dry-run"", ""--matcher-mode"", ""egglog"", ""--telemetry-json"", ""/home/arjaiswal/Polygeist/issues/equality_saturation_eval/campaign_20260908/mfem_kernel-convection_apply_3d_stage_sliced-egglog-_n1nu08u.json"", ""--disable-semantic-fallback""]","== match report for /home/arjaiswal/Polygeist/issues/mfem_c_kernels/match_results/convection_apply_3d_stage_sliced/debufferized.mlir ==
  match          body#[0, 1]  cutensornetContraction2_f64
  match          body#[2, 3]  cutensornetContraction2_f64
  match          body#[4, 5]  cutensornetContraction2_f64
  match          body#[6, 7]  cutensornetContraction2_f64
  match          body#[8, 9]  cutensornetContraction2_f64
  match          body#[10, 11]  cutensornetContraction2_f64
  match          body#[12, 13]  cutensornetContraction2_f64
  match          body#[14, 15]  cutensornetContraction2_f64
  no_match       body#16  ?
  no_match       body#17  ?
  match          body#[18, 19]  cutensornetContraction2_f64
  match          body#[20, 21]  cutensornetContraction2_f64
  rank_or_dtype_reject body#22  cudnnAddTensor_batched
  total: 10 matched / 13 bodies
",0,[],0,0,0,0,/home/arjaiswal/Polygeist/issues/mfem_c_kernels/match_results/convection_apply_3d_stage_sliced/debufferized.mlir,24012,8,23,20,2117.581833153963,2,70968,943.492628633976,74,74,0,84,"[{""body_indices"": [0, 1], ""symbol"": ""cutensornetContraction2_f64""}, {""body_indices"": [2, 3], ""symbol"": ""cutensornetContraction2_f64""}, {""body_indices"": [4, 5], ""symbol"": ""cutensornetContraction2_f64""}, {""body_indices"": [6, 7], ""symbol"": ""cutensornetContraction2_f64""}, {""body_indices"": [8, 9], ""symbol"": ""cutensornetContraction2_f64""}, {""body_indices"": [10, 11], ""symbol"": ""cutensornetContraction2_f64""}, {""body_indices"": [12, 13], ""symbol"": ""cutensornetContraction2_f64""}, {""body_indices"": [14, 15], ""symbol"": ""cutensornetContraction2_f64""}, {""body_indices"": [18, 19], ""symbol"": ""cutensornetContraction2_f64""}, {""body_indices"": [20, 21], ""symbol"": ""cutensornetContraction2_f64""}]",10,0,0,0.0,74
mfem_kernel,convection_apply_3d_stage_sliced,/home/arjaiswal/Polygeist/issues/mfem_c_kernels/match_results/convection_apply_3d_stage_sliced/debufferized.mlir,0ceba986c0194316098190df1c916637d09e1d367bc2750c0023cee5dd96c21d,syntactic,2,ok,0,2327.839966863394,0,"[""/usr/bin/python3"", ""/home/arjaiswal/Polygeist/scripts/correctness/kernel_match_rewrite.py"", ""/home/arjaiswal/Polygeist/issues/mfem_c_kernels/match_results/convection_apply_3d_stage_sliced/debufferized.mlir"", ""--dry-run"", ""--matcher-mode"", ""syntactic"", ""--telemetry-json"", ""/home/arjaiswal/Polygeist/issues/equality_saturation_eval/campaign_20260908/mfem_kernel-convection_apply_3d_stage_sliced-syntactic-ygqttvs_.json"", ""--disable-semantic-fallback""]","== match report for /home/arjaiswal/Polygeist/issues/mfem_c_kernels/match_results/convection_apply_3d_stage_sliced/debufferized.mlir ==
  match          body#[0, 1]  cutensornetContraction2_f64
  match          body#[2, 3]  cutensornetContraction2_f64
  match          body#[4, 5]  cutensornetContraction2_f64
  match          body#[6, 7]  cutensornetContraction2_f64
  match          body#[8, 9]  cutensornetContraction2_f64
  match          body#[10, 11]  cutensornetContraction2_f64
  match          body#[12, 13]  cutensornetContraction2_f64
  match          body#[14, 15]  cutensornetContraction2_f64
  no_match       body#16  ?
  no_match       body#17  ?
  match          body#[18, 19]  cutensornetContraction2_f64
  match          body#[20, 21]  cutensornetContraction2_f64
  rank_or_dtype_reject body#22  cudnnAddTensor_batched
  total: 10 matched / 13 bodies
",0,[],0,0,0,0,/home/arjaiswal/Polygeist/issues/mfem_c_kernels/match_results/convection_apply_3d_stage_sliced/debufferized.mlir,24012,0,23,20,1204.5264057815075,2,66820,0.4868358373641968,0,74,0,0,"[{""body_indices"": [0, 1], ""symbol"": ""cutensornetContraction2_f64""}, {""body_indices"": [2, 3], ""symbol"": ""cutensornetContraction2_f64""}, {""body_indices"": [4, 5], ""symbol"": ""cutensornetContraction2_f64""}, {""body_indices"": [6, 7], ""symbol"": ""cutensornetContraction2_f64""}, {""body_indices"": [8, 9], ""symbol"": ""cutensornetContraction2_f64""}, {""body_indices"": [10, 11], ""symbol"": ""cutensornetContraction2_f64""}, {""body_indices"": [12, 13], ""symbol"": ""cutensornetContraction2_f64""}, {""body_indices"": [14, 15], ""symbol"": ""cutensornetContraction2_f64""}, {""body_indices"": [18, 19], ""symbol"": ""cutensornetContraction2_f64""}, {""body_indices"": [20, 21], ""symbol"": ""cutensornetContraction2_f64""}]",10,0,74,0.0,74
mfem_kernel,convection_apply_3d_stage_sliced,/home/arjaiswal/Polygeist/issues/mfem_c_kernels/match_results/convection_apply_3d_stage_sliced/debufferized.mlir,0ceba986c0194316098190df1c916637d09e1d367bc2750c0023cee5dd96c21d,syntactic,3,ok,0,1769.5559151470661,0,"[""/usr/bin/python3"", ""/home/arjaiswal/Polygeist/scripts/correctness/kernel_match_rewrite.py"", ""/home/arjaiswal/Polygeist/issues/mfem_c_kernels/match_results/convection_apply_3d_stage_sliced/debufferized.mlir"", ""--dry-run"", ""--matcher-mode"", ""syntactic"", ""--telemetry-json"", ""/home/arjaiswal/Polygeist/issues/equality_saturation_eval/campaign_20260908/mfem_kernel-convection_apply_3d_stage_sliced-syntactic-go21ky_g.json"", ""--disable-semantic-fallback""]","== match report for /home/arjaiswal/Polygeist/issues/mfem_c_kernels/match_results/convection_apply_3d_stage_sliced/debufferized.mlir ==
  match          body#[0, 1]  cutensornetContraction2_f64
  match          body#[2, 3]  cutensornetContraction2_f64
  match          body#[4, 5]  cutensornetContraction2_f64
  match          body#[6, 7]  cutensornetContraction2_f64
  match          body#[8, 9]  cutensornetContraction2_f64
  match          body#[10, 11]  cutensornetContraction2_f64
  match          body#[12, 13]  cutensornetContraction2_f64
  match          body#[14, 15]  cutensornetContraction2_f64
  no_match       body#16  ?
  no_match       body#17  ?
  match          body#[18, 19]  cutensornetContraction2_f64
  match          body#[20, 21]  cutensornetContraction2_f64
  rank_or_dtype_reject body#22  cudnnAddTensor_batched
  total: 10 matched / 13 bodies
",0,[],0,0,0,0,/home/arjaiswal/Polygeist/issues/mfem_c_kernels/match_results/convection_apply_3d_stage_sliced/debufferized.mlir,24012,0,23,20,731.9779954850674,2,66780,0.4628710448741913,0,74,0,0,"[{""body_indices"": [0, 1], ""symbol"": ""cutensornetContraction2_f64""}, {""body_indices"": [2, 3], ""symbol"": ""cutensornetContraction2_f64""}, {""body_indices"": [4, 5], ""symbol"": ""cutensornetContraction2_f64""}, {""body_indices"": [6, 7], ""symbol"": ""cutensornetContraction2_f64""}, {""body_indices"": [8, 9], ""symbol"": ""cutensornetContraction2_f64""}, {""body_indices"": [10, 11], ""symbol"": ""cutensornetContraction2_f64""}, {""body_indices"": [12, 13], ""symbol"": ""cutensornetContraction2_f64""}, {""body_indices"": [14, 15], ""symbol"": ""cutensornetContraction2_f64""}, {""body_indices"": [18, 19], ""symbol"": ""cutensornetContraction2_f64""}, {""body_indices"": [20, 21], ""symbol"": ""cutensornetContraction2_f64""}]",10,0,74,0.0,74
mfem_kernel,convection_apply_3d_stage_sliced,/home/arjaiswal/Polygeist/issues/mfem_c_kernels/match_results/convection_apply_3d_stage_sliced/debufferized.mlir,0ceba986c0194316098190df1c916637d09e1d367bc2750c0023cee5dd96c21d,egglog,3,ok,0,2834.953837096691,0,"[""/usr/bin/python3"", ""/home/arjaiswal/Polygeist/scripts/correctness/kernel_match_rewrite.py"", ""/home/arjaiswal/Polygeist/issues/mfem_c_kernels/match_results/convection_apply_3d_stage_sliced/debufferized.mlir"", ""--dry-run"", ""--matcher-mode"", ""egglog"", ""--telemetry-json"", ""/home/arjaiswal/Polygeist/issues/equality_saturation_eval/campaign_20260908/mfem_kernel-convection_apply_3d_stage_sliced-egglog-6n98qnel.json"", ""--disable-semantic-fallback""]","== match report for /home/arjaiswal/Polygeist/issues/mfem_c_kernels/match_results/convection_apply_3d_stage_sliced/debufferized.mlir ==
  match          body#[0, 1]  cutensornetContraction2_f64
  match          body#[2, 3]  cutensornetContraction2_f64
  match          body#[4, 5]  cutensornetContraction2_f64
  match          body#[6, 7]  cutensornetContraction2_f64
  match          body#[8, 9]  cutensornetContraction2_f64
  match          body#[10, 11]  cutensornetContraction2_f64
  match          body#[12, 13]  cutensornetContraction2_f64
  match          body#[14, 15]  cutensornetContraction2_f64
  no_match       body#16  ?
  no_match       body#17  ?
  match          body#[18, 19]  cutensornetContraction2_f64
  match          body#[20, 21]  cutensornetContraction2_f64
  rank_or_dtype_reject body#22  cudnnAddTensor_batched
  total: 10 matched / 13 bodies
",0,[],0,0,0,0,/home/arjaiswal/Polygeist/issues/mfem_c_kernels/match_results/convection_apply_3d_stage_sliced/debufferized.mlir,24012,8,23,20,1996.9139322638512,2,70900,1032.7112451195717,74,74,0,84,"[{""body_indices"": [0, 1], ""symbol"": ""cutensornetContraction2_f64""}, {""body_indices"": [2, 3], ""symbol"": ""cutensornetContraction2_f64""}, {""body_indices"": [4, 5], ""symbol"": ""cutensornetContraction2_f64""}, {""body_indices"": [6, 7], ""symbol"": ""cutensornetContraction2_f64""}, {""body_indices"": [8, 9], ""symbol"": ""cutensornetContraction2_f64""}, {""body_indices"": [10, 11], ""symbol"": ""cutensornetContraction2_f64""}, {""body_indices"": [12, 13], ""symbol"": ""cutensornetContraction2_f64""}, {""body_indices"": [14, 15], ""symbol"": ""cutensornetContraction2_f64""}, {""body_indices"": [18, 19], ""symbol"": ""cutensornetContraction2_f64""}, {""body_indices"": [20, 21], ""symbol"": ""cutensornetContraction2_f64""}]",10,0,0,0.0,74
mfem_kernel,convection_apply_3d_stage_sliced,/home/arjaiswal/Polygeist/issues/mfem_c_kernels/match_results/convection_apply_3d_stage_sliced/debufferized.mlir,0ceba986c0194316098190df1c916637d09e1d367bc2750c0023cee5dd96c21d,egglog,4,ok,0,2957.2117663919926,0,"[""/usr/bin/python3"", ""/home/arjaiswal/Polygeist/scripts/correctness/kernel_match_rewrite.py"", ""/home/arjaiswal/Polygeist/issues/mfem_c_kernels/match_results/convection_apply_3d_stage_sliced/debufferized.mlir"", ""--dry-run"", ""--matcher-mode"", ""egglog"", ""--telemetry-json"", ""/home/arjaiswal/Polygeist/issues/equality_saturation_eval/campaign_20260908/mfem_kernel-convection_apply_3d_stage_sliced-egglog-15py77du.json"", ""--disable-semantic-fallback""]","== match report for /home/arjaiswal/Polygeist/issues/mfem_c_kernels/match_results/convection_apply_3d_stage_sliced/debufferized.mlir ==
  match          body#[0, 1]  cutensornetContraction2_f64
  match          body#[2, 3]  cutensornetContraction2_f64
  match          body#[4, 5]  cutensornetContraction2_f64
  match          body#[6, 7]  cutensornetContraction2_f64
  match          body#[8, 9]  cutensornetContraction2_f64
  match          body#[10, 11]  cutensornetContraction2_f64
  match          body#[12, 13]  cutensornetContraction2_f64
  match          body#[14, 15]  cutensornetContraction2_f64
  no_match       body#16  ?
  no_match       body#17  ?
  match          body#[18, 19]  cutensornetContraction2_f64
  match          body#[20, 21]  cutensornetContraction2_f64
  rank_or_dtype_reject body#22  cudnnAddTensor_batched
  total: 10 matched / 13 bodies
",0,[],0,0,0,0,/home/arjaiswal/Polygeist/issues/mfem_c_kernels/match_results/convection_apply_3d_stage_sliced/debufferized.mlir,24012,8,23,20,2010.5188302695751,2,70832,951.906505972147,74,74,0,84,"[{""body_indices"": [0, 1], ""symbol"": ""cutensornetContraction2_f64""}, {""body_indices"": [2, 3], ""symbol"": ""cutensornetContraction2_f64""}, {""body_indices"": [4, 5], ""symbol"": ""cutensornetContraction2_f64""}, {""body_indices"": [6, 7], ""symbol"": ""cutensornetContraction2_f64""}, {""body_indices"": [8, 9], ""symbol"": ""cutensornetContraction2_f64""}, {""body_indices"": [10, 11], ""symbol"": ""cutensornetContraction2_f64""}, {""body_indices"": [12, 13], ""symbol"": ""cutensornetContraction2_f64""}, {""body_indices"": [14, 15], ""symbol"": ""cutensornetContraction2_f64""}, {""body_indices"": [18, 19], ""symbol"": ""cutensornetContraction2_f64""}, {""body_indices"": [20, 21], ""symbol"": ""cutensornetContraction2_f64""}]",10,0,0,0.0,74
mfem_kernel,convection_apply_3d_stage_sliced,/home/arjaiswal/Polygeist/issues/mfem_c_kernels/match_results/convection_apply_3d_stage_sliced/debufferized.mlir,0ceba986c0194316098190df1c916637d09e1d367bc2750c0023cee5dd96c21d,syntactic,4,ok,0,1932.101160287857,0,"[""/usr/bin/python3"", ""/home/arjaiswal/Polygeist/scripts/correctness/kernel_match_rewrite.py"", ""/home/arjaiswal/Polygeist/issues/mfem_c_kernels/match_results/convection_apply_3d_stage_sliced/debufferized.mlir"", ""--dry-run"", ""--matcher-mode"", ""syntactic"", ""--telemetry-json"", ""/home/arjaiswal/Polygeist/issues/equality_saturation_eval/campaign_20260908/mfem_kernel-convection_apply_3d_stage_sliced-syntactic-s0msn648.json"", ""--disable-semantic-fallback""]","== match report for /home/arjaiswal/Polygeist/issues/mfem_c_kernels/match_results/convection_apply_3d_stage_sliced/debufferized.mlir ==
  match          body#[0, 1]  cutensornetContraction2_f64
  match          body#[2, 3]  cutensornetContraction2_f64
  match          body#[4, 5]  cutensornetContraction2_f64
  match          body#[6, 7]  cutensornetContraction2_f64
  match          body#[8, 9]  cutensornetContraction2_f64
  match          body#[10, 11]  cutensornetContraction2_f64
  match          body#[12, 13]  cutensornetContraction2_f64
  match          body#[14, 15]  cutensornetContraction2_f64
  no_match       body#16  ?
  no_match       body#17  ?
  match          body#[18, 19]  cutensornetContraction2_f64
  match          body#[20, 21]  cutensornetContraction2_f64
  rank_or_dtype_reject body#22  cudnnAddTensor_batched
  total: 10 matched / 13 bodies
",0,[],0,0,0,0,/home/arjaiswal/Polygeist/issues/mfem_c_kernels/match_results/convection_apply_3d_stage_sliced/debufferized.mlir,24012,0,23,20,801.088634878397,2,66692,0.420108437538147,0,74,0,0,"[{""body_indices"": [0, 1], ""symbol"": ""cutensornetContraction2_f64""}, {""body_indices"": [2, 3], ""symbol"": ""cutensornetContraction2_f64""}, {""body_indices"": [4, 5], ""symbol"": ""cutensornetContraction2_f64""}, {""body_indices"": [6, 7], ""symbol"": ""cutensornetContraction2_f64""}, {""body_indices"": [8, 9], ""symbol"": ""cutensornetContraction2_f64""}, {""body_indices"": [10, 11], ""symbol"": ""cutensornetContraction2_f64""}, {""body_indices"": [12, 13], ""symbol"": ""cutensornetContraction2_f64""}, {""body_indices"": [14, 15], ""symbol"": ""cutensornetContraction2_f64""}, {""body_indices"": [18, 19], ""symbol"": ""cutensornetContraction2_f64""}, {""body_indices"": [20, 21], ""symbol"": ""cutensornetContraction2_f64""}]",10,0,74,0.0,74
mfem_kernel,convection_apply_3d_stage_sliced,/home/arjaiswal/Polygeist/issues/mfem_c_kernels/match_results/convection_apply_3d_stage_sliced/debufferized.mlir,0ceba986c0194316098190df1c916637d09e1d367bc2750c0023cee5dd96c21d,syntactic,5,ok,0,1974.072352051735,0,"[""/usr/bin/python3"", ""/home/arjaiswal/Polygeist/scripts/correctness/kernel_match_rewrite.py"", ""/home/arjaiswal/Polygeist/issues/mfem_c_kernels/match_results/convection_apply_3d_stage_sliced/debufferized.mlir"", ""--dry-run"", ""--matcher-mode"", ""syntactic"", ""--telemetry-json"", ""/home/arjaiswal/Polygeist/issues/equality_saturation_eval/campaign_20260908/mfem_kernel-convection_apply_3d_stage_sliced-syntactic-3xkd46ul.json"", ""--disable-semantic-fallback""]","== match report for /home/arjaiswal/Polygeist/issues/mfem_c_kernels/match_results/convection_apply_3d_stage_sliced/debufferized.mlir ==
  match          body#[0, 1]  cutensornetContraction2_f64
  match          body#[2, 3]  cutensornetContraction2_f64
  match          body#[4, 5]  cutensornetContraction2_f64
  match          body#[6, 7]  cutensornetContraction2_f64
  match          body#[8, 9]  cutensornetContraction2_f64
  match          body#[10, 11]  cutensornetContraction2_f64
  match          body#[12, 13]  cutensornetContraction2_f64
  match          body#[14, 15]  cutensornetContraction2_f64
  no_match       body#16  ?
  no_match       body#17  ?
  match          body#[18, 19]  cutensornetContraction2_f64
  match          body#[20, 21]  cutensornetContraction2_f64
  rank_or_dtype_reject body#22  cudnnAddTensor_batched
  total: 10 matched / 13 bodies
",0,[],0,0,0,0,/home/arjaiswal/Polygeist/issues/mfem_c_kernels/match_results/convection_apply_3d_stage_sliced/debufferized.mlir,24012,0,23,20,1091.9076390564442,2,66760,0.43135881423950195,0,74,0,0,"[{""body_indices"": [0, 1], ""symbol"": ""cutensornetContraction2_f64""}, {""body_indices"": [2, 3], ""symbol"": ""cutensornetContraction2_f64""}, {""body_indices"": [4, 5], ""symbol"": ""cutensornetContraction2_f64""}, {""body_indices"": [6, 7], ""symbol"": ""cutensornetContraction2_f64""}, {""body_indices"": [8, 9], ""symbol"": ""cutensornetContraction2_f64""}, {""body_indices"": [10, 11], ""symbol"": ""cutensornetContraction2_f64""}, {""body_indices"": [12, 13], ""symbol"": ""cutensornetContraction2_f64""}, {""body_indices"": [14, 15], ""symbol"": ""cutensornetContraction2_f64""}, {""body_indices"": [18, 19], ""symbol"": ""cutensornetContraction2_f64""}, {""body_indices"": [20, 21], ""symbol"": ""cutensornetContraction2_f64""}]",10,0,74,0.0,74
mfem_kernel,convection_apply_3d_stage_sliced,/home/arjaiswal/Polygeist/issues/mfem_c_kernels/match_results/convection_apply_3d_stage_sliced/debufferized.mlir,0ceba986c0194316098190df1c916637d09e1d367bc2750c0023cee5dd96c21d,egglog,5,ok,0,2925.8087389171124,0,"[""/usr/bin/python3"", ""/home/arjaiswal/Polygeist/scripts/correctness/kernel_match_rewrite.py"", ""/home/arjaiswal/Polygeist/issues/mfem_c_kernels/match_results/convection_apply_3d_stage_sliced/debufferized.mlir"", ""--dry-run"", ""--matcher-mode"", ""egglog"", ""--telemetry-json"", ""/home/arjaiswal/Polygeist/issues/equality_saturation_eval/campaign_20260908/mfem_kernel-convection_apply_3d_stage_sliced-egglog-obbvffqc.json"", ""--disable-semantic-fallback""]","== match report for /home/arjaiswal/Polygeist/issues/mfem_c_kernels/match_results/convection_apply_3d_stage_sliced/debufferized.mlir ==
  match          body#[0, 1]  cutensornetContraction2_f64
  match          body#[2, 3]  cutensornetContraction2_f64
  match          body#[4, 5]  cutensornetContraction2_f64
  match          body#[6, 7]  cutensornetContraction2_f64
  match          body#[8, 9]  cutensornetContraction2_f64
  match          body#[10, 11]  cutensornetContraction2_f64
  match          body#[12, 13]  cutensornetContraction2_f64
  match          body#[14, 15]  cutensornetContraction2_f64
  no_match       body#16  ?
  no_match       body#17  ?
  match          body#[18, 19]  cutensornetContraction2_f64
  match          body#[20, 21]  cutensornetContraction2_f64
  rank_or_dtype_reject body#22  cudnnAddTensor_batched
  total: 10 matched / 13 bodies
",0,[],0,0,0,0,/home/arjaiswal/Polygeist/issues/mfem_c_kernels/match_results/convection_apply_3d_stage_sliced/debufferized.mlir,24012,8,23,20,2117.336243391037,2,70796,1062.6892037689686,74,74,0,84,"[{""body_indices"": [0, 1], ""symbol"": ""cutensornetContraction2_f64""}, {""body_indices"": [2, 3], ""symbol"": ""cutensornetContraction2_f64""}, {""body_indices"": [4, 5], ""symbol"": ""cutensornetContraction2_f64""}, {""body_indices"": [6, 7], ""symbol"": ""cutensornetContraction2_f64""}, {""body_indices"": [8, 9], ""symbol"": ""cutensornetContraction2_f64""}, {""body_indices"": [10, 11], ""symbol"": ""cutensornetContraction2_f64""}, {""body_indices"": [12, 13], ""symbol"": ""cutensornetContraction2_f64""}, {""body_indices"": [14, 15], ""symbol"": ""cutensornetContraction2_f64""}, {""body_indices"": [18, 19], ""symbol"": ""cutensornetContraction2_f64""}, {""body_indices"": [20, 21], ""symbol"": ""cutensornetContraction2_f64""}]",10,0,0,0.0,74
mfem_kernel,curlcurl_apply_2d_stage_sliced,/home/arjaiswal/Polygeist/issues/mfem_c_kernels/match_results/curlcurl_apply_2d_stage_sliced/debufferized.mlir,81dec790c334ff4943a64662357a83e8235bc2c131228325f94bb9f67517e43f,egglog,1,ok,0,4081.450156867504,0,"[""/usr/bin/python3"", ""/home/arjaiswal/Polygeist/scripts/correctness/kernel_match_rewrite.py"", ""/home/arjaiswal/Polygeist/issues/mfem_c_kernels/match_results/curlcurl_apply_2d_stage_sliced/debufferized.mlir"", ""--dry-run"", ""--matcher-mode"", ""egglog"", ""--telemetry-json"", ""/home/arjaiswal/Polygeist/issues/equality_saturation_eval/campaign_20260908/mfem_kernel-curlcurl_apply_2d_stage_sliced-egglog-mr94xspz.json"", ""--disable-semantic-fallback""]","== match report for /home/arjaiswal/Polygeist/issues/mfem_c_kernels/match_results/curlcurl_apply_2d_stage_sliced/debufferized.mlir ==
  match          body#[0, 1]  cutensornetContraction2_f64
  match          body#[2, 3]  cutensornetContraction2_f64
  match          body#[4, 5]  cutensornetContraction2_f64
  match          body#[6, 7]  cutensornetContraction2_f64
  no_match       body#8  ?
  no_match       body#9  ?
  no_match       body#10  ?
  rank_or_dtype_reject body#11  cublasDgemm_strided_batched_subtract
  no_match       body#12  ?
  no_match       body#13  ?
  match          body#[14, 15]  cutensornetContraction2_f64
  no_match       body#16  ?
  no_match       body#17  ?
  total: 5 matched / 13 bodies
",0,[],0,0,0,0,/home/arjaiswal/Polygeist/issues/mfem_c_kernels/match_results/curlcurl_apply_2d_stage_sliced/debufferized.mlir,17951,8,18,10,3207.275837659836,7,70592,1719.1389948129654,86,86,0,84,"[{""body_indices"": [0, 1], ""symbol"": ""cutensornetContraction2_f64""}, {""body_indices"": [2, 3], ""symbol"": ""cutensornetContraction2_f64""}, {""body_indices"": [4, 5], ""symbol"": ""cutensornetContraction2_f64""}, {""body_indices"": [6, 7], ""symbol"": ""cutensornetContraction2_f64""}, {""body_indices"": [14, 15], ""symbol"": ""cutensornetContraction2_f64""}]",5,0,0,0.0,100
mfem_kernel,curlcurl_apply_2d_stage_sliced,/home/arjaiswal/Polygeist/issues/mfem_c_kernels/match_results/curlcurl_apply_2d_stage_sliced/debufferized.mlir,81dec790c334ff4943a64662357a83e8235bc2c131228325f94bb9f67517e43f,syntactic,1,ok,0,1519.5901431143284,0,"[""/usr/bin/python3"", ""/home/arjaiswal/Polygeist/scripts/correctness/kernel_match_rewrite.py"", ""/home/arjaiswal/Polygeist/issues/mfem_c_kernels/match_results/curlcurl_apply_2d_stage_sliced/debufferized.mlir"", ""--dry-run"", ""--matcher-mode"", ""syntactic"", ""--telemetry-json"", ""/home/arjaiswal/Polygeist/issues/equality_saturation_eval/campaign_20260908/mfem_kernel-curlcurl_apply_2d_stage_sliced-syntactic-rlubgswn.json"", ""--disable-semantic-fallback""]","== match report for /home/arjaiswal/Polygeist/issues/mfem_c_kernels/match_results/curlcurl_apply_2d_stage_sliced/debufferized.mlir ==
  match          body#[0, 1]  cutensornetContraction2_f64
  match          body#[2, 3]  cutensornetContraction2_f64
  match          body#[4, 5]  cutensornetContraction2_f64
  match          body#[6, 7]  cutensornetContraction2_f64
  no_match       body#8  ?
  no_match       body#9  ?
  no_match       body#10  ?
  rank_or_dtype_reject body#11  cublasDgemm_strided_batched_subtract
  no_match       body#12  ?
  no_match       body#13  ?
  match          body#[14, 15]  cutensornetContraction2_f64
  no_match       body#16  ?
  no_match       body#17  ?
  total: 5 matched / 13 bodies
",0,[],0,0,0,0,/home/arjaiswal/Polygeist/issues/mfem_c_kernels/match_results/curlcurl_apply_2d_stage_sliced/debufferized.mlir,17951,0,18,10,759.962435811758,7,66648,0.5394183099269867,0,86,0,0,"[{""body_indices"": [0, 1], ""symbol"": ""cutensornetContraction2_f64""}, {""body_indices"": [2, 3], ""symbol"": ""cutensornetContraction2_f64""}, {""body_indices"": [4, 5], ""symbol"": ""cutensornetContraction2_f64""}, {""body_indices"": [6, 7], ""symbol"": ""cutensornetContraction2_f64""}, {""body_indices"": [14, 15], ""symbol"": ""cutensornetContraction2_f64""}]",5,0,100,0.0,100
mfem_kernel,curlcurl_apply_2d_stage_sliced,/home/arjaiswal/Polygeist/issues/mfem_c_kernels/match_results/curlcurl_apply_2d_stage_sliced/debufferized.mlir,81dec790c334ff4943a64662357a83e8235bc2c131228325f94bb9f67517e43f,syntactic,2,ok,0,2790.000095963478,0,"[""/usr/bin/python3"", ""/home/arjaiswal/Polygeist/scripts/correctness/kernel_match_rewrite.py"", ""/home/arjaiswal/Polygeist/issues/mfem_c_kernels/match_results/curlcurl_apply_2d_stage_sliced/debufferized.mlir"", ""--dry-run"", ""--matcher-mode"", ""syntactic"", ""--telemetry-json"", ""/home/arjaiswal/Polygeist/issues/equality_saturation_eval/campaign_20260908/mfem_kernel-curlcurl_apply_2d_stage_sliced-syntactic-aude0s1w.json"", ""--disable-semantic-fallback""]","== match report for /home/arjaiswal/Polygeist/issues/mfem_c_kernels/match_results/curlcurl_apply_2d_stage_sliced/debufferized.mlir ==
  match          body#[0, 1]  cutensornetContraction2_f64
  match          body#[2, 3]  cutensornetContraction2_f64
  match          body#[4, 5]  cutensornetContraction2_f64
  match          body#[6, 7]  cutensornetContraction2_f64
  no_match       body#8  ?
  no_match       body#9  ?
  no_match       body#10  ?
  rank_or_dtype_reject body#11  cublasDgemm_strided_batched_subtract
  no_match       body#12  ?
  no_match       body#13  ?
  match          body#[14, 15]  cutensornetContraction2_f64
  no_match       body#16  ?
  no_match       body#17  ?
  total: 5 matched / 13 bodies
",0,[],0,0,0,0,/home/arjaiswal/Polygeist/issues/mfem_c_kernels/match_results/curlcurl_apply_2d_stage_sliced/debufferized.mlir,17951,0,18,10,1675.4993759095669,7,66688,0.5893632769584656,0,86,0,0,"[{""body_indices"": [0, 1], ""symbol"": ""cutensornetContraction2_f64""}, {""body_indices"": [2, 3], ""symbol"": ""cutensornetContraction2_f64""}, {""body_indices"": [4, 5], ""symbol"": ""cutensornetContraction2_f64""}, {""body_indices"": [6, 7], ""symbol"": ""cutensornetContraction2_f64""}, {""body_indices"": [14, 15], ""symbol"": ""cutensornetContraction2_f64""}]",5,0,100,0.0,100
mfem_kernel,curlcurl_apply_2d_stage_sliced,/home/arjaiswal/Polygeist/issues/mfem_c_kernels/match_results/curlcurl_apply_2d_stage_sliced/debufferized.mlir,81dec790c334ff4943a64662357a83e8235bc2c131228325f94bb9f67517e43f,egglog,2,ok,0,3086.2847827374935,0,"[""/usr/bin/python3"", ""/home/arjaiswal/Polygeist/scripts/correctness/kernel_match_rewrite.py"", ""/home/arjaiswal/Polygeist/issues/mfem_c_kernels/match_results/curlcurl_apply_2d_stage_sliced/debufferized.mlir"", ""--dry-run"", ""--matcher-mode"", ""egglog"", ""--telemetry-json"", ""/home/arjaiswal/Polygeist/issues/equality_saturation_eval/campaign_20260908/mfem_kernel-curlcurl_apply_2d_stage_sliced-egglog-7z0qp35_.json"", ""--disable-semantic-fallback""]","== match report for /home/arjaiswal/Polygeist/issues/mfem_c_kernels/match_results/curlcurl_apply_2d_stage_sliced/debufferized.mlir ==
  match          body#[0, 1]  cutensornetContraction2_f64
  match          body#[2, 3]  cutensornetContraction2_f64
  match          body#[4, 5]  cutensornetContraction2_f64
  match          body#[6, 7]  cutensornetContraction2_f64
  no_match       body#8  ?
  no_match       body#9  ?
  no_match       body#10  ?
  rank_or_dtype_reject body#11  cublasDgemm_strided_batched_subtract
  no_match       body#12  ?
  no_match       body#13  ?
  match          body#[14, 15]  cutensornetContraction2_f64
  no_match       body#16  ?
  no_match       body#17  ?
  total: 5 matched / 13 bodies
",0,[],0,0,0,0,/home/arjaiswal/Polygeist/issues/mfem_c_kernels/match_results/curlcurl_apply_2d_stage_sliced/debufferized.mlir,17951,8,18,10,2391.18205755949,7,70532,1243.449591100216,86,86,0,84,"[{""body_indices"": [0, 1], ""symbol"": ""cutensornetContraction2_f64""}, {""body_indices"": [2, 3], ""symbol"": ""cutensornetContraction2_f64""}, {""body_indices"": [4, 5], ""symbol"": ""cutensornetContraction2_f64""}, {""body_indices"": [6, 7], ""symbol"": ""cutensornetContraction2_f64""}, {""body_indices"": [14, 15], ""symbol"": ""cutensornetContraction2_f64""}]",5,0,0,0.0,100
mfem_kernel,curlcurl_apply_2d_stage_sliced,/home/arjaiswal/Polygeist/issues/mfem_c_kernels/match_results/curlcurl_apply_2d_stage_sliced/debufferized.mlir,81dec790c334ff4943a64662357a83e8235bc2c131228325f94bb9f67517e43f,egglog,3,ok,0,2973.2018895447254,0,"[""/usr/bin/python3"", ""/home/arjaiswal/Polygeist/scripts/correctness/kernel_match_rewrite.py"", ""/home/arjaiswal/Polygeist/issues/mfem_c_kernels/match_results/curlcurl_apply_2d_stage_sliced/debufferized.mlir"", ""--dry-run"", ""--matcher-mode"", ""egglog"", ""--telemetry-json"", ""/home/arjaiswal/Polygeist/issues/equality_saturation_eval/campaign_20260908/mfem_kernel-curlcurl_apply_2d_stage_sliced-egglog-nhr2o2rn.json"", ""--disable-semantic-fallback""]","== match report for /home/arjaiswal/Polygeist/issues/mfem_c_kernels/match_results/curlcurl_apply_2d_stage_sliced/debufferized.mlir ==
  match          body#[0, 1]  cutensornetContraction2_f64
  match          body#[2, 3]  cutensornetContraction2_f64
  match          body#[4, 5]  cutensornetContraction2_f64
  match          body#[6, 7]  cutensornetContraction2_f64
  no_match       body#8  ?
  no_match       body#9  ?
  no_match       body#10  ?
  rank_or_dtype_reject body#11  cublasDgemm_strided_batched_subtract
  no_match       body#12  ?
  no_match       body#13  ?
  match          body#[14, 15]  cutensornetContraction2_f64
  no_match       body#16  ?
  no_match       body#17  ?
  total: 5 matched / 13 bodies
",0,[],0,0,0,0,/home/arjaiswal/Polygeist/issues/mfem_c_kernels/match_results/curlcurl_apply_2d_stage_sliced/debufferized.mlir,17951,8,18,10,2330.0998210906982,7,70528,1212.1727913618088,86,86,0,84,"[{""body_indices"": [0, 1], ""symbol"": ""cutensornetContraction2_f64""}, {""body_indices"": [2, 3], ""symbol"": ""cutensornetContraction2_f64""}, {""body_indices"": [4, 5], ""symbol"": ""cutensornetContraction2_f64""}, {""body_indices"": [6, 7], ""symbol"": ""cutensornetContraction2_f64""}, {""body_indices"": [14, 15], ""symbol"": ""cutensornetContraction2_f64""}]",5,0,0,0.0,100
mfem_kernel,curlcurl_apply_2d_stage_sliced,/home/arjaiswal/Polygeist/issues/mfem_c_kernels/match_results/curlcurl_apply_2d_stage_sliced/debufferized.mlir,81dec790c334ff4943a64662357a83e8235bc2c131228325f94bb9f67517e43f,syntactic,3,ok,0,1769.7984166443348,0,"[""/usr/bin/python3"", ""/home/arjaiswal/Polygeist/scripts/correctness/kernel_match_rewrite.py"", ""/home/arjaiswal/Polygeist/issues/mfem_c_kernels/match_results/curlcurl_apply_2d_stage_sliced/debufferized.mlir"", ""--dry-run"", ""--matcher-mode"", ""syntactic"", ""--telemetry-json"", ""/home/arjaiswal/Polygeist/issues/equality_saturation_eval/campaign_20260908/mfem_kernel-curlcurl_apply_2d_stage_sliced-syntactic-tetysybv.json"", ""--disable-semantic-fallback""]","== match report for /home/arjaiswal/Polygeist/issues/mfem_c_kernels/match_results/curlcurl_apply_2d_stage_sliced/debufferized.mlir ==
  match          body#[0, 1]  cutensornetContraction2_f64
  match          body#[2, 3]  cutensornetContraction2_f64
  match          body#[4, 5]  cutensornetContraction2_f64
  match          body#[6, 7]  cutensornetContraction2_f64
  no_match       body#8  ?
  no_match       body#9  ?
  no_match       body#10  ?
  rank_or_dtype_reject body#11  cublasDgemm_strided_batched_subtract
  no_match       body#12  ?
  no_match       body#13  ?
  match          body#[14, 15]  cutensornetContraction2_f64
  no_match       body#16  ?
  no_match       body#17  ?
  total: 5 matched / 13 bodies
",0,[],0,0,0,0,/home/arjaiswal/Polygeist/issues/mfem_c_kernels/match_results/curlcurl_apply_2d_stage_sliced/debufferized.mlir,17951,0,18,10,1143.2061344385147,7,66468,0.5730427801609039,0,86,0,0,"[{""body_indices"": [0, 1], ""symbol"": ""cutensornetContraction2_f64""}, {""body_indices"": [2, 3], ""symbol"": ""cutensornetContraction2_f64""}, {""body_indices"": [4, 5], ""symbol"": ""cutensornetContraction2_f64""}, {""body_indices"": [6, 7], ""symbol"": ""cutensornetContraction2_f64""}, {""body_indices"": [14, 15], ""symbol"": ""cutensornetContraction2_f64""}]",5,0,100,0.0,100
mfem_kernel,curlcurl_apply_2d_stage_sliced,/home/arjaiswal/Polygeist/issues/mfem_c_kernels/match_results/curlcurl_apply_2d_stage_sliced/debufferized.mlir,81dec790c334ff4943a64662357a83e8235bc2c131228325f94bb9f67517e43f,syntactic,4,ok,0,2339.9451039731503,0,"[""/usr/bin/python3"", ""/home/arjaiswal/Polygeist/scripts/correctness/kernel_match_rewrite.py"", ""/home/arjaiswal/Polygeist/issues/mfem_c_kernels/match_results/curlcurl_apply_2d_stage_sliced/debufferized.mlir"", ""--dry-run"", ""--matcher-mode"", ""syntactic"", ""--telemetry-json"", ""/home/arjaiswal/Polygeist/issues/equality_saturation_eval/campaign_20260908/mfem_kernel-curlcurl_apply_2d_stage_sliced-syntactic-c1dh_qxb.json"", ""--disable-semantic-fallback""]","== match report for /home/arjaiswal/Polygeist/issues/mfem_c_kernels/match_results/curlcurl_apply_2d_stage_sliced/debufferized.mlir ==
  match          body#[0, 1]  cutensornetContraction2_f64
  match          body#[2, 3]  cutensornetContraction2_f64
  match          body#[4, 5]  cutensornetContraction2_f64
  match          body#[6, 7]  cutensornetContraction2_f64
  no_match       body#8  ?
  no_match       body#9  ?
  no_match       body#10  ?
  rank_or_dtype_reject body#11  cublasDgemm_strided_batched_subtract
  no_match       body#12  ?
  no_match       body#13  ?
  match          body#[14, 15]  cutensornetContraction2_f64
  no_match       body#16  ?
  no_match       body#17  ?
  total: 5 matched / 13 bodies
",0,[],0,0,0,0,/home/arjaiswal/Polygeist/issues/mfem_c_kernels/match_results/curlcurl_apply_2d_stage_sliced/debufferized.mlir,17951,0,18,10,1383.4175430238247,7,66520,0.529121607542038,0,86,0,0,"[{""body_indices"": [0, 1], ""symbol"": ""cutensornetContraction2_f64""}, {""body_indices"": [2, 3], ""symbol"": ""cutensornetContraction2_f64""}, {""body_indices"": [4, 5], ""symbol"": ""cutensornetContraction2_f64""}, {""body_indices"": [6, 7], ""symbol"": ""cutensornetContraction2_f64""}, {""body_indices"": [14, 15], ""symbol"": ""cutensornetContraction2_f64""}]",5,0,100,0.0,100
mfem_kernel,curlcurl_apply_2d_stage_sliced,/home/arjaiswal/Polygeist/issues/mfem_c_kernels/match_results/curlcurl_apply_2d_stage_sliced/debufferized.mlir,81dec790c334ff4943a64662357a83e8235bc2c131228325f94bb9f67517e43f,egglog,4,ok,0,3579.955343157053,0,"[""/usr/bin/python3"", ""/home/arjaiswal/Polygeist/scripts/correctness/kernel_match_rewrite.py"", ""/home/arjaiswal/Polygeist/issues/mfem_c_kernels/match_results/curlcurl_apply_2d_stage_sliced/debufferized.mlir"", ""--dry-run"", ""--matcher-mode"", ""egglog"", ""--telemetry-json"", ""/home/arjaiswal/Polygeist/issues/equality_saturation_eval/campaign_20260908/mfem_kernel-curlcurl_apply_2d_stage_sliced-egglog-3ag193_o.json"", ""--disable-semantic-fallback""]","== match report for /home/arjaiswal/Polygeist/issues/mfem_c_kernels/match_results/curlcurl_apply_2d_stage_sliced/debufferized.mlir ==
  match          body#[0, 1]  cutensornetContraction2_f64
  match          body#[2, 3]  cutensornetContraction2_f64
  match          body#[4, 5]  cutensornetContraction2_f64
  match          body#[6, 7]  cutensornetContraction2_f64
  no_match       body#8  ?
  no_match       body#9  ?
  no_match       body#10  ?
  rank_or_dtype_reject body#11  cublasDgemm_strided_batched_subtract
  no_match       body#12  ?
  no_match       body#13  ?
  match          body#[14, 15]  cutensornetContraction2_f64
  no_match       body#16  ?
  no_match       body#17  ?
  total: 5 matched / 13 bodies
",0,[],0,0,0,0,/home/arjaiswal/Polygeist/issues/mfem_c_kernels/match_results/curlcurl_apply_2d_stage_sliced/debufferized.mlir,17951,8,18,10,2815.20414724946,7,70828,1510.6836892664433,86,86,0,84,"[{""body_indices"": [0, 1], ""symbol"": ""cutensornetContraction2_f64""}, {""body_indices"": [2, 3], ""symbol"": ""cutensornetContraction2_f64""}, {""body_indices"": [4, 5], ""symbol"": ""cutensornetContraction2_f64""}, {""body_indices"": [6, 7], ""symbol"": ""cutensornetContraction2_f64""}, {""body_indices"": [14, 15], ""symbol"": ""cutensornetContraction2_f64""}]",5,0,0,0.0,100
mfem_kernel,curlcurl_apply_2d_stage_sliced,/home/arjaiswal/Polygeist/issues/mfem_c_kernels/match_results/curlcurl_apply_2d_stage_sliced/debufferized.mlir,81dec790c334ff4943a64662357a83e8235bc2c131228325f94bb9f67517e43f,egglog,5,ok,0,3100.3279499709606,0,"[""/usr/bin/python3"", ""/home/arjaiswal/Polygeist/scripts/correctness/kernel_match_rewrite.py"", ""/home/arjaiswal/Polygeist/issues/mfem_c_kernels/match_results/curlcurl_apply_2d_stage_sliced/debufferized.mlir"", ""--dry-run"", ""--matcher-mode"", ""egglog"", ""--telemetry-json"", ""/home/arjaiswal/Polygeist/issues/equality_saturation_eval/campaign_20260908/mfem_kernel-curlcurl_apply_2d_stage_sliced-egglog-xrh__8uz.json"", ""--disable-semantic-fallback""]","== match report for /home/arjaiswal/Polygeist/issues/mfem_c_kernels/match_results/curlcurl_apply_2d_stage_sliced/debufferized.mlir ==
  match          body#[0, 1]  cutensornetContraction2_f64
  match          body#[2, 3]  cutensornetContraction2_f64
  match          body#[4, 5]  cutensornetContraction2_f64
  match          body#[6, 7]  cutensornetContraction2_f64
  no_match       body#8  ?
  no_match       body#9  ?
  no_match       body#10  ?
  rank_or_dtype_reject body#11  cublasDgemm_strided_batched_subtract
  no_match       body#12  ?
  no_match       body#13  ?
  match          body#[14, 15]  cutensornetContraction2_f64
  no_match       body#16  ?
  no_match       body#17  ?
  total: 5 matched / 13 bodies
",0,[],0,0,0,0,/home/arjaiswal/Polygeist/issues/mfem_c_kernels/match_results/curlcurl_apply_2d_stage_sliced/debufferized.mlir,17951,8,18,10,2299.9451495707035,7,70600,1268.823854625225,86,86,0,84,"[{""body_indices"": [0, 1], ""symbol"": ""cutensornetContraction2_f64""}, {""body_indices"": [2, 3], ""symbol"": ""cutensornetContraction2_f64""}, {""body_indices"": [4, 5], ""symbol"": ""cutensornetContraction2_f64""}, {""body_indices"": [6, 7], ""symbol"": ""cutensornetContraction2_f64""}, {""body_indices"": [14, 15], ""symbol"": ""cutensornetContraction2_f64""}]",5,0,0,0.0,100
mfem_kernel,curlcurl_apply_2d_stage_sliced,/home/arjaiswal/Polygeist/issues/mfem_c_kernels/match_results/curlcurl_apply_2d_stage_sliced/debufferized.mlir,81dec790c334ff4943a64662357a83e8235bc2c131228325f94bb9f67517e43f,syntactic,5,ok,0,1464.8033678531647,0,"[""/usr/bin/python3"", ""/home/arjaiswal/Polygeist/scripts/correctness/kernel_match_rewrite.py"", ""/home/arjaiswal/Polygeist/issues/mfem_c_kernels/match_results/curlcurl_apply_2d_stage_sliced/debufferized.mlir"", ""--dry-run"", ""--matcher-mode"", ""syntactic"", ""--telemetry-json"", ""/home/arjaiswal/Polygeist/issues/equality_saturation_eval/campaign_20260908/mfem_kernel-curlcurl_apply_2d_stage_sliced-syntactic-gpzwseef.json"", ""--disable-semantic-fallback""]","== match report for /home/arjaiswal/Polygeist/issues/mfem_c_kernels/match_results/curlcurl_apply_2d_stage_sliced/debufferized.mlir ==
  match          body#[0, 1]  cutensornetContraction2_f64
  match          body#[2, 3]  cutensornetContraction2_f64
  match          body#[4, 5]  cutensornetContraction2_f64
  match          body#[6, 7]  cutensornetContraction2_f64
  no_match       body#8  ?
  no_match       body#9  ?
  no_match       body#10  ?
  rank_or_dtype_reject body#11  cublasDgemm_strided_batched_subtract
  no_match       body#12  ?
  no_match       body#13  ?
  match          body#[14, 15]  cutensornetContraction2_f64
  no_match       body#16  ?
  no_match       body#17  ?
  total: 5 matched / 13 bodies
",0,[],0,0,0,0,/home/arjaiswal/Polygeist/issues/mfem_c_kernels/match_results/curlcurl_apply_2d_stage_sliced/debufferized.mlir,17951,0,18,10,803.3721446990967,7,66388,0.5138963460922241,0,86,0,0,"[{""body_indices"": [0, 1], ""symbol"": ""cutensornetContraction2_f64""}, {""body_indices"": [2, 3], ""symbol"": ""cutensornetContraction2_f64""}, {""body_indices"": [4, 5], ""symbol"": ""cutensornetContraction2_f64""}, {""body_indices"": [6, 7], ""symbol"": ""cutensornetContraction2_f64""}, {""body_indices"": [14, 15], ""symbol"": ""cutensornetContraction2_f64""}]",5,0,100,0.0,100
mfem_kernel,curlcurl_apply_3d_stage_sliced,/home/arjaiswal/Polygeist/issues/mfem_c_kernels/match_results/curlcurl_apply_3d_stage_sliced/debufferized.mlir,ffd54dc05b57dcd6c609e392d5aa43cf9ec850d8e3f3277e66eaf5972a5ca0d9,syntactic,1,ok,0,6542.339768260717,0,"[""/usr/bin/python3"", ""/home/arjaiswal/Polygeist/scripts/correctness/kernel_match_rewrite.py"", ""/home/arjaiswal/Polygeist/issues/mfem_c_kernels/match_results/curlcurl_apply_3d_stage_sliced/debufferized.mlir"", ""--dry-run"", ""--matcher-mode"", ""syntactic"", ""--telemetry-json"", ""/home/arjaiswal/Polygeist/issues/equality_saturation_eval/campaign_20260908/mfem_kernel-curlcurl_apply_3d_stage_sliced-syntactic-ludpa9mp.json"", ""--disable-semantic-fallback""]","         body#[6, 7]  cutensornetContraction2_f64
  match          body#[8, 9]  cutensornetContraction2_f64
  match          body#[10, 11]  cutensornetContraction2_f64
  match          body#[12, 13]  cutensornetContraction2_f64
  match          body#[14, 15]  cutensornetContraction2_f64
  match          body#[16, 17]  cutensornetContraction2_f64
  match          body#[18, 19]  cutensornetContraction2_f64
  match          body#[20, 21]  cutensornetContraction2_f64
  match          body#[22, 23]  cutensornetContraction2_f64
  match          body#[24, 25]  cutensornetContraction2_f64
  match          body#[26, 27]  cutensornetContraction2_f64
  match          body#[28, 29]  cutensornetContraction2_f64
  match          body#[30, 31]  cutensornetContraction2_f64
  match          body#[32, 33]  cutensornetContraction2_f64
  no_match       body#34  ?
  no_match       body#35  ?
  match          body#[36, 37]  cutensornetContraction2_f64
  match          body#[38, 39]  cutensornetContraction2_f64
  no_match       body#40  ?
  no_match       body#41  ?
  match          body#[42, 43]  cutensornetContraction2_f64
  match          body#[44, 45]  cutensornetContraction2_f64
  no_match       body#46  ?
  no_match       body#47  ?
  match          body#[48, 49]  cutensornetContraction2_f64
  match          body#[50, 51]  cutensornetContraction2_f64
  no_match       body#52  ?
  no_match       body#53  ?
  match          body#[54, 55]  cutensornetContraction2_f64
  match          body#[56, 57]  cutensornetContraction2_f64
  no_match       body#58  ?
  no_match       body#59  ?
  match          body#[60, 61]  cutensornetContraction2_f64
  match          body#[62, 63]  cutensornetContraction2_f64
  no_match       body#64  ?
  no_match       body#65  ?
  match          body#[66, 67]  cutensornetContraction2_f64
  match          body#[68, 69]  cutensornetContraction2_f64
  no_match       body#70  ?
  no_match       body#71  ?
  no_match       body#72  ?
  total: 29 matched / 44 bodies
",0,[],0,0,0,0,/home/arjaiswal/Polygeist/issues/mfem_c_kernels/match_results/curlcurl_apply_3d_stage_sliced/debufferized.mlir,79691,0,73,58,3262.2541673481464,15,69744,5.62715157866478,0,258,0,0,"[{""body_indices"": [0, 1], ""symbol"": ""cutensornetContraction2_f64""}, {""body_indices"": [2, 3], ""symbol"": ""cutensornetContraction2_f64""}, {""body_indices"": [4, 5], ""symbol"": ""cutensornetContraction2_f64""}, {""body_indices"": [6, 7], ""symbol"": ""cutensornetContraction2_f64""}, {""body_indices"": [8, 9], ""symbol"": ""cutensornetContraction2_f64""}, {""body_indices"": [10, 11], ""symbol"": ""cutensornetContraction2_f64""}, {""body_indices"": [12, 13], ""symbol"": ""cutensornetContraction2_f64""}, {""body_indices"": [14, 15], ""symbol"": ""cutensornetContraction2_f64""}, {""body_indices"": [16, 17], ""symbol"": ""cutensornetContraction2_f64""}, {""body_indices"": [18, 19], ""symbol"": ""cutensornetContraction2_f64""}, {""body_indices"": [20, 21], ""symbol"": ""cutensornetContraction2_f64""}, {""body_indices"": [22, 23], ""symbol"": ""cutensornetContraction2_f64""}, {""body_indices"": [24, 25], ""symbol"": ""cutensornetContraction2_f64""}, {""body_indices"": [26, 27], ""symbol"": ""cutensornetContraction2_f64""}, {""body_indices"": [28, 29], ""symbol"": ""cutensornetContraction2_f64""}, {""body_indices"": [30, 31], ""symbol"": ""cutensornetContraction2_f64""}, {""body_indices"": [32, 33], ""symbol"": ""cutensornetContraction2_f64""}, {""body_indices"": [36, 37], ""symbol"": ""cutensornetContraction2_f64""}, {""body_indices"": [38, 39], ""symbol"": ""cutensornetContraction2_f64""}, {""body_indices"": [42, 43], ""symbol"": ""cutensornetContraction2_f64""}, {""body_indices"": [44, 45], ""symbol"": ""cutensornetContraction2_f64""}, {""body_indices"": [48, 49], ""symbol"": ""cutensornetContraction2_f64""}, {""body_indices"": [50, 51], ""symbol"": ""cutensornetContraction2_f64""}, {""body_indices"": [54, 55], ""symbol"": ""cutensornetContraction2_f64""}, {""body_indices"": [56, 57], ""symbol"": ""cutensornetContraction2_f64""}, {""body_indices"": [60, 61], ""symbol"": ""cutensornetContraction2_f64""}, {""body_indices"": [62, 63], ""symbol"": ""cutensornetContraction2_f64""}, {""body_indices"": [66, 67], ""symbol"": ""cutensornetContraction2_f64""}, {""body_indices"": [68, 69], ""symbol"": ""cutensornetContraction2_f64""}]",29,0,258,0.0,258
mfem_kernel,curlcurl_apply_3d_stage_sliced,/home/arjaiswal/Polygeist/issues/mfem_c_kernels/match_results/curlcurl_apply_3d_stage_sliced/debufferized.mlir,ffd54dc05b57dcd6c609e392d5aa43cf9ec850d8e3f3277e66eaf5972a5ca0d9,egglog,1,ok,0,12841.340981423855,0,"[""/usr/bin/python3"", ""/home/arjaiswal/Polygeist/scripts/correctness/kernel_match_rewrite.py"", ""/home/arjaiswal/Polygeist/issues/mfem_c_kernels/match_results/curlcurl_apply_3d_stage_sliced/debufferized.mlir"", ""--dry-run"", ""--matcher-mode"", ""egglog"", ""--telemetry-json"", ""/home/arjaiswal/Polygeist/issues/equality_saturation_eval/campaign_20260908/mfem_kernel-curlcurl_apply_3d_stage_sliced-egglog-dto1k278.json"", ""--disable-semantic-fallback""]","         body#[6, 7]  cutensornetContraction2_f64
  match          body#[8, 9]  cutensornetContraction2_f64
  match          body#[10, 11]  cutensornetContraction2_f64
  match          body#[12, 13]  cutensornetContraction2_f64
  match          body#[14, 15]  cutensornetContraction2_f64
  match          body#[16, 17]  cutensornetContraction2_f64
  match          body#[18, 19]  cutensornetContraction2_f64
  match          body#[20, 21]  cutensornetContraction2_f64
  match          body#[22, 23]  cutensornetContraction2_f64
  match          body#[24, 25]  cutensornetContraction2_f64
  match          body#[26, 27]  cutensornetContraction2_f64
  match          body#[28, 29]  cutensornetContraction2_f64
  match          body#[30, 31]  cutensornetContraction2_f64
  match          body#[32, 33]  cutensornetContraction2_f64
  no_match       body#34  ?
  no_match       body#35  ?
  match          body#[36, 37]  cutensornetContraction2_f64
  match          body#[38, 39]  cutensornetContraction2_f64
  no_match       body#40  ?
  no_match       body#41  ?
  match          body#[42, 43]  cutensornetContraction2_f64
  match          body#[44, 45]  cutensornetContraction2_f64
  no_match       body#46  ?
  no_match       body#47  ?
  match          body#[48, 49]  cutensornetContraction2_f64
  match          body#[50, 51]  cutensornetContraction2_f64
  no_match       body#52  ?
  no_match       body#53  ?
  match          body#[54, 55]  cutensornetContraction2_f64
  match          body#[56, 57]  cutensornetContraction2_f64
  no_match       body#58  ?
  no_match       body#59  ?
  match          body#[60, 61]  cutensornetContraction2_f64
  match          body#[62, 63]  cutensornetContraction2_f64
  no_match       body#64  ?
  no_match       body#65  ?
  match          body#[66, 67]  cutensornetContraction2_f64
  match          body#[68, 69]  cutensornetContraction2_f64
  no_match       body#70  ?
  no_match       body#71  ?
  no_match       body#72  ?
  total: 29 matched / 44 bodies
",0,[],0,0,0,0,/home/arjaiswal/Polygeist/issues/mfem_c_kernels/match_results/curlcurl_apply_3d_stage_sliced/debufferized.mlir,79691,8,73,58,8604.333505034447,15,74180,4379.8562325537205,258,258,0,232,"[{""body_indices"": [0, 1], ""symbol"": ""cutensornetContraction2_f64""}, {""body_indices"": [2, 3], ""symbol"": ""cutensornetContraction2_f64""}, {""body_indices"": [4, 5], ""symbol"": ""cutensornetContraction2_f64""}, {""body_indices"": [6, 7], ""symbol"": ""cutensornetContraction2_f64""}, {""body_indices"": [8, 9], ""symbol"": ""cutensornetContraction2_f64""}, {""body_indices"": [10, 11], ""symbol"": ""cutensornetContraction2_f64""}, {""body_indices"": [12, 13], ""symbol"": ""cutensornetContraction2_f64""}, {""body_indices"": [14, 15], ""symbol"": ""cutensornetContraction2_f64""}, {""body_indices"": [16, 17], ""symbol"": ""cutensornetContraction2_f64""}, {""body_indices"": [18, 19], ""symbol"": ""cutensornetContraction2_f64""}, {""body_indices"": [20, 21], ""symbol"": ""cutensornetContraction2_f64""}, {""body_indices"": [22, 23], ""symbol"": ""cutensornetContraction2_f64""}, {""body_indices"": [24, 25], ""symbol"": ""cutensornetContraction2_f64""}, {""body_indices"": [26, 27], ""symbol"": ""cutensornetContraction2_f64""}, {""body_indices"": [28, 29], ""symbol"": ""cutensornetContraction2_f64""}, {""body_indices"": [30, 31], ""symbol"": ""cutensornetContraction2_f64""}, {""body_indices"": [32, 33], ""symbol"": ""cutensornetContraction2_f64""}, {""body_indices"": [36, 37], ""symbol"": ""cutensornetContraction2_f64""}, {""body_indices"": [38, 39], ""symbol"": ""cutensornetContraction2_f64""}, {""body_indices"": [42, 43], ""symbol"": ""cutensornetContraction2_f64""}, {""body_indices"": [44, 45], ""symbol"": ""cutensornetContraction2_f64""}, {""body_indices"": [48, 49], ""symbol"": ""cutensornetContraction2_f64""}, {""body_indices"": [50, 51], ""symbol"": ""cutensornetContraction2_f64""}, {""body_indices"": [54, 55], ""symbol"": ""cutensornetContraction2_f64""}, {""body_indices"": [56, 57], ""symbol"": ""cutensornetContraction2_f64""}, {""body_indices"": [60, 61], ""symbol"": ""cutensornetContraction2_f64""}, {""body_indices"": [62, 63], ""symbol"": ""cutensornetContraction2_f64""}, {""body_indices"": [66, 67], ""symbol"": ""cutensornetContraction2_f64""}, {""body_indices"": [68, 69], ""symbol"": ""cutensornetContraction2_f64""}]",29,0,0,0.0,258
mfem_kernel,curlcurl_apply_3d_stage_sliced,/home/arjaiswal/Polygeist/issues/mfem_c_kernels/match_results/curlcurl_apply_3d_stage_sliced/debufferized.mlir,ffd54dc05b57dcd6c609e392d5aa43cf9ec850d8e3f3277e66eaf5972a5ca0d9,egglog,2,ok,0,13895.829763263464,0,"[""/usr/bin/python3"", ""/home/arjaiswal/Polygeist/scripts/correctness/kernel_match_rewrite.py"", ""/home/arjaiswal/Polygeist/issues/mfem_c_kernels/match_results/curlcurl_apply_3d_stage_sliced/debufferized.mlir"", ""--dry-run"", ""--matcher-mode"", ""egglog"", ""--telemetry-json"", ""/home/arjaiswal/Polygeist/issues/equality_saturation_eval/campaign_20260908/mfem_kernel-curlcurl_apply_3d_stage_sliced-egglog-ymia_1bt.json"", ""--disable-semantic-fallback""]","         body#[6, 7]  cutensornetContraction2_f64
  match          body#[8, 9]  cutensornetContraction2_f64
  match          body#[10, 11]  cutensornetContraction2_f64
  match          body#[12, 13]  cutensornetContraction2_f64
  match          body#[14, 15]  cutensornetContraction2_f64
  match          body#[16, 17]  cutensornetContraction2_f64
  match          body#[18, 19]  cutensornetContraction2_f64
  match          body#[20, 21]  cutensornetContraction2_f64
  match          body#[22, 23]  cutensornetContraction2_f64
  match          body#[24, 25]  cutensornetContraction2_f64
  match          body#[26, 27]  cutensornetContraction2_f64
  match          body#[28, 29]  cutensornetContraction2_f64
  match          body#[30, 31]  cutensornetContraction2_f64
  match          body#[32, 33]  cutensornetContraction2_f64
  no_match       body#34  ?
  no_match       body#35  ?
  match          body#[36, 37]  cutensornetContraction2_f64
  match          body#[38, 39]  cutensornetContraction2_f64
  no_match       body#40  ?
  no_match       body#41  ?
  match          body#[42, 43]  cutensornetContraction2_f64
  match          body#[44, 45]  cutensornetContraction2_f64
  no_match       body#46  ?
  no_match       body#47  ?
  match          body#[48, 49]  cutensornetContraction2_f64
  match          body#[50, 51]  cutensornetContraction2_f64
  no_match       body#52  ?
  no_match       body#53  ?
  match          body#[54, 55]  cutensornetContraction2_f64
  match          body#[56, 57]  cutensornetContraction2_f64
  no_match       body#58  ?
  no_match       body#59  ?
  match          body#[60, 61]  cutensornetContraction2_f64
  match          body#[62, 63]  cutensornetContraction2_f64
  no_match       body#64  ?
  no_match       body#65  ?
  match          body#[66, 67]  cutensornetContraction2_f64
  match          body#[68, 69]  cutensornetContraction2_f64
  no_match       body#70  ?
  no_match       body#71  ?
  no_match       body#72  ?
  total: 29 matched / 44 bodies
",0,[],0,0,0,0,/home/arjaiswal/Polygeist/issues/mfem_c_kernels/match_results/curlcurl_apply_3d_stage_sliced/debufferized.mlir,79691,8,73,58,10046.235367655754,15,74156,4449.310950934887,258,258,0,232,"[{""body_indices"": [0, 1], ""symbol"": ""cutensornetContraction2_f64""}, {""body_indices"": [2, 3], ""symbol"": ""cutensornetContraction2_f64""}, {""body_indices"": [4, 5], ""symbol"": ""cutensornetContraction2_f64""}, {""body_indices"": [6, 7], ""symbol"": ""cutensornetContraction2_f64""}, {""body_indices"": [8, 9], ""symbol"": ""cutensornetContraction2_f64""}, {""body_indices"": [10, 11], ""symbol"": ""cutensornetContraction2_f64""}, {""body_indices"": [12, 13], ""symbol"": ""cutensornetContraction2_f64""}, {""body_indices"": [14, 15], ""symbol"": ""cutensornetContraction2_f64""}, {""body_indices"": [16, 17], ""symbol"": ""cutensornetContraction2_f64""}, {""body_indices"": [18, 19], ""symbol"": ""cutensornetContraction2_f64""}, {""body_indices"": [20, 21], ""symbol"": ""cutensornetContraction2_f64""}, {""body_indices"": [22, 23], ""symbol"": ""cutensornetContraction2_f64""}, {""body_indices"": [24, 25], ""symbol"": ""cutensornetContraction2_f64""}, {""body_indices"": [26, 27], ""symbol"": ""cutensornetContraction2_f64""}, {""body_indices"": [28, 29], ""symbol"": ""cutensornetContraction2_f64""}, {""body_indices"": [30, 31], ""symbol"": ""cutensornetContraction2_f64""}, {""body_indices"": [32, 33], ""symbol"": ""cutensornetContraction2_f64""}, {""body_indices"": [36, 37], ""symbol"": ""cutensornetContraction2_f64""}, {""body_indices"": [38, 39], ""symbol"": ""cutensornetContraction2_f64""}, {""body_indices"": [42, 43], ""symbol"": ""cutensornetContraction2_f64""}, {""body_indices"": [44, 45], ""symbol"": ""cutensornetContraction2_f64""}, {""body_indices"": [48, 49], ""symbol"": ""cutensornetContraction2_f64""}, {""body_indices"": [50, 51], ""symbol"": ""cutensornetContraction2_f64""}, {""body_indices"": [54, 55], ""symbol"": ""cutensornetContraction2_f64""}, {""body_indices"": [56, 57], ""symbol"": ""cutensornetContraction2_f64""}, {""body_indices"": [60, 61], ""symbol"": ""cutensornetContraction2_f64""}, {""body_indices"": [62, 63], ""symbol"": ""cutensornetContraction2_f64""}, {""body_indices"": [66, 67], ""symbol"": ""cutensornetContraction2_f64""}, {""body_indices"": [68, 69], ""symbol"": ""cutensornetContraction2_f64""}]",29,0,0,0.0,258
mfem_kernel,curlcurl_apply_3d_stage_sliced,/home/arjaiswal/Polygeist/issues/mfem_c_kernels/match_results/curlcurl_apply_3d_stage_sliced/debufferized.mlir,ffd54dc05b57dcd6c609e392d5aa43cf9ec850d8e3f3277e66eaf5972a5ca0d9,syntactic,2,ok,0,8830.069720745087,0,"[""/usr/bin/python3"", ""/home/arjaiswal/Polygeist/scripts/correctness/kernel_match_rewrite.py"", ""/home/arjaiswal/Polygeist/issues/mfem_c_kernels/match_results/curlcurl_apply_3d_stage_sliced/debufferized.mlir"", ""--dry-run"", ""--matcher-mode"", ""syntactic"", ""--telemetry-json"", ""/home/arjaiswal/Polygeist/issues/equality_saturation_eval/campaign_20260908/mfem_kernel-curlcurl_apply_3d_stage_sliced-syntactic-lpkg43mp.json"", ""--disable-semantic-fallback""]","         body#[6, 7]  cutensornetContraction2_f64
  match          body#[8, 9]  cutensornetContraction2_f64
  match          body#[10, 11]  cutensornetContraction2_f64
  match          body#[12, 13]  cutensornetContraction2_f64
  match          body#[14, 15]  cutensornetContraction2_f64
  match          body#[16, 17]  cutensornetContraction2_f64
  match          body#[18, 19]  cutensornetContraction2_f64
  match          body#[20, 21]  cutensornetContraction2_f64
  match          body#[22, 23]  cutensornetContraction2_f64
  match          body#[24, 25]  cutensornetContraction2_f64
  match          body#[26, 27]  cutensornetContraction2_f64
  match          body#[28, 29]  cutensornetContraction2_f64
  match          body#[30, 31]  cutensornetContraction2_f64
  match          body#[32, 33]  cutensornetContraction2_f64
  no_match       body#34  ?
  no_match       body#35  ?
  match          body#[36, 37]  cutensornetContraction2_f64
  match          body#[38, 39]  cutensornetContraction2_f64
  no_match       body#40  ?
  no_match       body#41  ?
  match          body#[42, 43]  cutensornetContraction2_f64
  match          body#[44, 45]  cutensornetContraction2_f64
  no_match       body#46  ?
  no_match       body#47  ?
  match          body#[48, 49]  cutensornetContraction2_f64
  match          body#[50, 51]  cutensornetContraction2_f64
  no_match       body#52  ?
  no_match       body#53  ?
  match          body#[54, 55]  cutensornetContraction2_f64
  match          body#[56, 57]  cutensornetContraction2_f64
  no_match       body#58  ?
  no_match       body#59  ?
  match          body#[60, 61]  cutensornetContraction2_f64
  match          body#[62, 63]  cutensornetContraction2_f64
  no_match       body#64  ?
  no_match       body#65  ?
  match          body#[66, 67]  cutensornetContraction2_f64
  match          body#[68, 69]  cutensornetContraction2_f64
  no_match       body#70  ?
  no_match       body#71  ?
  no_match       body#72  ?
  total: 29 matched / 44 bodies
",0,[],0,0,0,0,/home/arjaiswal/Polygeist/issues/mfem_c_kernels/match_results/curlcurl_apply_3d_stage_sliced/debufferized.mlir,79691,0,73,58,5269.4527469575405,15,69636,1.5004537999629974,0,258,0,0,"[{""body_indices"": [0, 1], ""symbol"": ""cutensornetContraction2_f64""}, {""body_indices"": [2, 3], ""symbol"": ""cutensornetContraction2_f64""}, {""body_indices"": [4, 5], ""symbol"": ""cutensornetContraction2_f64""}, {""body_indices"": [6, 7], ""symbol"": ""cutensornetContraction2_f64""}, {""body_indices"": [8, 9], ""symbol"": ""cutensornetContraction2_f64""}, {""body_indices"": [10, 11], ""symbol"": ""cutensornetContraction2_f64""}, {""body_indices"": [12, 13], ""symbol"": ""cutensornetContraction2_f64""}, {""body_indices"": [14, 15], ""symbol"": ""cutensornetContraction2_f64""}, {""body_indices"": [16, 17], ""symbol"": ""cutensornetContraction2_f64""}, {""body_indices"": [18, 19], ""symbol"": ""cutensornetContraction2_f64""}, {""body_indices"": [20, 21], ""symbol"": ""cutensornetContraction2_f64""}, {""body_indices"": [22, 23], ""symbol"": ""cutensornetContraction2_f64""}, {""body_indices"": [24, 25], ""symbol"": ""cutensornetContraction2_f64""}, {""body_indices"": [26, 27], ""symbol"": ""cutensornetContraction2_f64""}, {""body_indices"": [28, 29], ""symbol"": ""cutensornetContraction2_f64""}, {""body_indices"": [30, 31], ""symbol"": ""cutensornetContraction2_f64""}, {""body_indices"": [32, 33], ""symbol"": ""cutensornetContraction2_f64""}, {""body_indices"": [36, 37], ""symbol"": ""cutensornetContraction2_f64""}, {""body_indices"": [38, 39], ""symbol"": ""cutensornetContraction2_f64""}, {""body_indices"": [42, 43], ""symbol"": ""cutensornetContraction2_f64""}, {""body_indices"": [44, 45], ""symbol"": ""cutensornetContraction2_f64""}, {""body_indices"": [48, 49], ""symbol"": ""cutensornetContraction2_f64""}, {""body_indices"": [50, 51], ""symbol"": ""cutensornetContraction2_f64""}, {""body_indices"": [54, 55], ""symbol"": ""cutensornetContraction2_f64""}, {""body_indices"": [56, 57], ""symbol"": ""cutensornetContraction2_f64""}, {""body_indices"": [60, 61], ""symbol"": ""cutensornetContraction2_f64""}, {""body_indices"": [62, 63], ""symbol"": ""cutensornetContraction2_f64""}, {""body_indices"": [66, 67], ""symbol"": ""cutensornetContraction2_f64""}, {""body_indices"": [68, 69], ""symbol"": ""cutensornetContraction2_f64""}]",29,0,258,0.0,258
mfem_kernel,curlcurl_apply_3d_stage_sliced,/home/arjaiswal/Polygeist/issues/mfem_c_kernels/match_results/curlcurl_apply_3d_stage_sliced/debufferized.mlir,ffd54dc05b57dcd6c609e392d5aa43cf9ec850d8e3f3277e66eaf5972a5ca0d9,syntactic,3,ok,0,5831.100571900606,0,"[""/usr/bin/python3"", ""/home/arjaiswal/Polygeist/scripts/correctness/kernel_match_rewrite.py"", ""/home/arjaiswal/Polygeist/issues/mfem_c_kernels/match_results/curlcurl_apply_3d_stage_sliced/debufferized.mlir"", ""--dry-run"", ""--matcher-mode"", ""syntactic"", ""--telemetry-json"", ""/home/arjaiswal/Polygeist/issues/equality_saturation_eval/campaign_20260908/mfem_kernel-curlcurl_apply_3d_stage_sliced-syntactic-yb4plxcf.json"", ""--disable-semantic-fallback""]","         body#[6, 7]  cutensornetContraction2_f64
  match          body#[8, 9]  cutensornetContraction2_f64
  match          body#[10, 11]  cutensornetContraction2_f64
  match          body#[12, 13]  cutensornetContraction2_f64
  match          body#[14, 15]  cutensornetContraction2_f64
  match          body#[16, 17]  cutensornetContraction2_f64
  match          body#[18, 19]  cutensornetContraction2_f64
  match          body#[20, 21]  cutensornetContraction2_f64
  match          body#[22, 23]  cutensornetContraction2_f64
  match          body#[24, 25]  cutensornetContraction2_f64
  match          body#[26, 27]  cutensornetContraction2_f64
  match          body#[28, 29]  cutensornetContraction2_f64
  match          body#[30, 31]  cutensornetContraction2_f64
  match          body#[32, 33]  cutensornetContraction2_f64
  no_match       body#34  ?
  no_match       body#35  ?
  match          body#[36, 37]  cutensornetContraction2_f64
  match          body#[38, 39]  cutensornetContraction2_f64
  no_match       body#40  ?
  no_match       body#41  ?
  match          body#[42, 43]  cutensornetContraction2_f64
  match          body#[44, 45]  cutensornetContraction2_f64
  no_match       body#46  ?
  no_match       body#47  ?
  match          body#[48, 49]  cutensornetContraction2_f64
  match          body#[50, 51]  cutensornetContraction2_f64
  no_match       body#52  ?
  no_match       body#53  ?
  match          body#[54, 55]  cutensornetContraction2_f64
  match          body#[56, 57]  cutensornetContraction2_f64
  no_match       body#58  ?
  no_match       body#59  ?
  match          body#[60, 61]  cutensornetContraction2_f64
  match          body#[62, 63]  cutensornetContraction2_f64
  no_match       body#64  ?
  no_match       body#65  ?
  match          body#[66, 67]  cutensornetContraction2_f64
  match          body#[68, 69]  cutensornetContraction2_f64
  no_match       body#70  ?
  no_match       body#71  ?
  no_match       body#72  ?
  total: 29 matched / 44 bodies
",0,[],0,0,0,0,/home/arjaiswal/Polygeist/issues/mfem_c_kernels/match_results/curlcurl_apply_3d_stage_sliced/debufferized.mlir,79691,0,73,58,3481.5287701785564,15,69568,2.322319895029068,0,258,0,0,"[{""body_indices"": [0, 1], ""symbol"": ""cutensornetContraction2_f64""}, {""body_indices"": [2, 3], ""symbol"": ""cutensornetContraction2_f64""}, {""body_indices"": [4, 5], ""symbol"": ""cutensornetContraction2_f64""}, {""body_indices"": [6, 7], ""symbol"": ""cutensornetContraction2_f64""}, {""body_indices"": [8, 9], ""symbol"": ""cutensornetContraction2_f64""}, {""body_indices"": [10, 11], ""symbol"": ""cutensornetContraction2_f64""}, {""body_indices"": [12, 13], ""symbol"": ""cutensornetContraction2_f64""}, {""body_indices"": [14, 15], ""symbol"": ""cutensornetContraction2_f64""}, {""body_indices"": [16, 17], ""symbol"": ""cutensornetContraction2_f64""}, {""body_indices"": [18, 19], ""symbol"": ""cutensornetContraction2_f64""}, {""body_indices"": [20, 21], ""symbol"": ""cutensornetContraction2_f64""}, {""body_indices"": [22, 23], ""symbol"": ""cutensornetContraction2_f64""}, {""body_indices"": [24, 25], ""symbol"": ""cutensornetContraction2_f64""}, {""body_indices"": [26, 27], ""symbol"": ""cutensornetContraction2_f64""}, {""body_indices"": [28, 29], ""symbol"": ""cutensornetContraction2_f64""}, {""body_indices"": [30, 31], ""symbol"": ""cutensornetContraction2_f64""}, {""body_indices"": [32, 33], ""symbol"": ""cutensornetContraction2_f64""}, {""body_indices"": [36, 37], ""symbol"": ""cutensornetContraction2_f64""}, {""body_indices"": [38, 39], ""symbol"": ""cutensornetContraction2_f64""}, {""body_indices"": [42, 43], ""symbol"": ""cutensornetContraction2_f64""}, {""body_indices"": [44, 45], ""symbol"": ""cutensornetContraction2_f64""}, {""body_indices"": [48, 49], ""symbol"": ""cutensornetContraction2_f64""}, {""body_indices"": [50, 51], ""symbol"": ""cutensornetContraction2_f64""}, {""body_indices"": [54, 55], ""symbol"": ""cutensornetContraction2_f64""}, {""body_indices"": [56, 57], ""symbol"": ""cutensornetContraction2_f64""}, {""body_indices"": [60, 61], ""symbol"": ""cutensornetContraction2_f64""}, {""body_indices"": [62, 63], ""symbol"": ""cutensornetContraction2_f64""}, {""body_indices"": [66, 67], ""symbol"": ""cutensornetContraction2_f64""}, {""body_indices"": [68, 69], ""symbol"": ""cutensornetContraction2_f64""}]",29,0,258,0.0,258
mfem_kernel,curlcurl_apply_3d_stage_sliced,/home/arjaiswal/Polygeist/issues/mfem_c_kernels/match_results/curlcurl_apply_3d_stage_sliced/debufferized.mlir,ffd54dc05b57dcd6c609e392d5aa43cf9ec850d8e3f3277e66eaf5972a5ca0d9,egglog,3,ok,0,17236.8859089911,0,"[""/usr/bin/python3"", ""/home/arjaiswal/Polygeist/scripts/correctness/kernel_match_rewrite.py"", ""/home/arjaiswal/Polygeist/issues/mfem_c_kernels/match_results/curlcurl_apply_3d_stage_sliced/debufferized.mlir"", ""--dry-run"", ""--matcher-mode"", ""egglog"", ""--telemetry-json"", ""/home/arjaiswal/Polygeist/issues/equality_saturation_eval/campaign_20260908/mfem_kernel-curlcurl_apply_3d_stage_sliced-egglog-956vuiup.json"", ""--disable-semantic-fallback""]","         body#[6, 7]  cutensornetContraction2_f64
  match          body#[8, 9]  cutensornetContraction2_f64
  match          body#[10, 11]  cutensornetContraction2_f64
  match          body#[12, 13]  cutensornetContraction2_f64
  match          body#[14, 15]  cutensornetContraction2_f64
  match          body#[16, 17]  cutensornetContraction2_f64
  match          body#[18, 19]  cutensornetContraction2_f64
  match          body#[20, 21]  cutensornetContraction2_f64
  match          body#[22, 23]  cutensornetContraction2_f64
  match          body#[24, 25]  cutensornetContraction2_f64
  match          body#[26, 27]  cutensornetContraction2_f64
  match          body#[28, 29]  cutensornetContraction2_f64
  match          body#[30, 31]  cutensornetContraction2_f64
  match          body#[32, 33]  cutensornetContraction2_f64
  no_match       body#34  ?
  no_match       body#35  ?
  match          body#[36, 37]  cutensornetContraction2_f64
  match          body#[38, 39]  cutensornetContraction2_f64
  no_match       body#40  ?
  no_match       body#41  ?
  match          body#[42, 43]  cutensornetContraction2_f64
  match          body#[44, 45]  cutensornetContraction2_f64
  no_match       body#46  ?
  no_match       body#47  ?
  match          body#[48, 49]  cutensornetContraction2_f64
  match          body#[50, 51]  cutensornetContraction2_f64
  no_match       body#52  ?
  no_match       body#53  ?
  match          body#[54, 55]  cutensornetContraction2_f64
  match          body#[56, 57]  cutensornetContraction2_f64
  no_match       body#58  ?
  no_match       body#59  ?
  match          body#[60, 61]  cutensornetContraction2_f64
  match          body#[62, 63]  cutensornetContraction2_f64
  no_match       body#64  ?
  no_match       body#65  ?
  match          body#[66, 67]  cutensornetContraction2_f64
  match          body#[68, 69]  cutensornetContraction2_f64
  no_match       body#70  ?
  no_match       body#71  ?
  no_match       body#72  ?
  total: 29 matched / 44 bodies
",0,[],0,0,0,0,/home/arjaiswal/Polygeist/issues/mfem_c_kernels/match_results/curlcurl_apply_3d_stage_sliced/debufferized.mlir,79691,8,73,58,13973.20806235075,15,73904,6892.4587815999985,258,258,0,232,"[{""body_indices"": [0, 1], ""symbol"": ""cutensornetContraction2_f64""}, {""body_indices"": [2, 3], ""symbol"": ""cutensornetContraction2_f64""}, {""body_indices"": [4, 5], ""symbol"": ""cutensornetContraction2_f64""}, {""body_indices"": [6, 7], ""symbol"": ""cutensornetContraction2_f64""}, {""body_indices"": [8, 9], ""symbol"": ""cutensornetContraction2_f64""}, {""body_indices"": [10, 11], ""symbol"": ""cutensornetContraction2_f64""}, {""body_indices"": [12, 13], ""symbol"": ""cutensornetContraction2_f64""}, {""body_indices"": [14, 15], ""symbol"": ""cutensornetContraction2_f64""}, {""body_indices"": [16, 17], ""symbol"": ""cutensornetContraction2_f64""}, {""body_indices"": [18, 19], ""symbol"": ""cutensornetContraction2_f64""}, {""body_indices"": [20, 21], ""symbol"": ""cutensornetContraction2_f64""}, {""body_indices"": [22, 23], ""symbol"": ""cutensornetContraction2_f64""}, {""body_indices"": [24, 25], ""symbol"": ""cutensornetContraction2_f64""}, {""body_indices"": [26, 27], ""symbol"": ""cutensornetContraction2_f64""}, {""body_indices"": [28, 29], ""symbol"": ""cutensornetContraction2_f64""}, {""body_indices"": [30, 31], ""symbol"": ""cutensornetContraction2_f64""}, {""body_indices"": [32, 33], ""symbol"": ""cutensornetContraction2_f64""}, {""body_indices"": [36, 37], ""symbol"": ""cutensornetContraction2_f64""}, {""body_indices"": [38, 39], ""symbol"": ""cutensornetContraction2_f64""}, {""body_indices"": [42, 43], ""symbol"": ""cutensornetContraction2_f64""}, {""body_indices"": [44, 45], ""symbol"": ""cutensornetContraction2_f64""}, {""body_indices"": [48, 49], ""symbol"": ""cutensornetContraction2_f64""}, {""body_indices"": [50, 51], ""symbol"": ""cutensornetContraction2_f64""}, {""body_indices"": [54, 55], ""symbol"": ""cutensornetContraction2_f64""}, {""body_indices"": [56, 57], ""symbol"": ""cutensornetContraction2_f64""}, {""body_indices"": [60, 61], ""symbol"": ""cutensornetContraction2_f64""}, {""body_indices"": [62, 63], ""symbol"": ""cutensornetContraction2_f64""}, {""body_indices"": [66, 67], ""symbol"": ""cutensornetContraction2_f64""}, {""body_indices"": [68, 69], ""symbol"": ""cutensornetContraction2_f64""}]",29,0,0,0.0,258
mfem_kernel,curlcurl_apply_3d_stage_sliced,/home/arjaiswal/Polygeist/issues/mfem_c_kernels/match_results/curlcurl_apply_3d_stage_sliced/debufferized.mlir,ffd54dc05b57dcd6c609e392d5aa43cf9ec850d8e3f3277e66eaf5972a5ca0d9,egglog,4,ok,0,12503.275658935308,0,"[""/usr/bin/python3"", ""/home/arjaiswal/Polygeist/scripts/correctness/kernel_match_rewrite.py"", ""/home/arjaiswal/Polygeist/issues/mfem_c_kernels/match_results/curlcurl_apply_3d_stage_sliced/debufferized.mlir"", ""--dry-run"", ""--matcher-mode"", ""egglog"", ""--telemetry-json"", ""/home/arjaiswal/Polygeist/issues/equality_saturation_eval/campaign_20260908/mfem_kernel-curlcurl_apply_3d_stage_sliced-egglog-lp5lepa8.json"", ""--disable-semantic-fallback""]","         body#[6, 7]  cutensornetContraction2_f64
  match          body#[8, 9]  cutensornetContraction2_f64
  match          body#[10, 11]  cutensornetContraction2_f64
  match          body#[12, 13]  cutensornetContraction2_f64
  match          body#[14, 15]  cutensornetContraction2_f64
  match          body#[16, 17]  cutensornetContraction2_f64
  match          body#[18, 19]  cutensornetContraction2_f64
  match          body#[20, 21]  cutensornetContraction2_f64
  match          body#[22, 23]  cutensornetContraction2_f64
  match          body#[24, 25]  cutensornetContraction2_f64
  match          body#[26, 27]  cutensornetContraction2_f64
  match          body#[28, 29]  cutensornetContraction2_f64
  match          body#[30, 31]  cutensornetContraction2_f64
  match          body#[32, 33]  cutensornetContraction2_f64
  no_match       body#34  ?
  no_match       body#35  ?
  match          body#[36, 37]  cutensornetContraction2_f64
  match          body#[38, 39]  cutensornetContraction2_f64
  no_match       body#40  ?
  no_match       body#41  ?
  match          body#[42, 43]  cutensornetContraction2_f64
  match          body#[44, 45]  cutensornetContraction2_f64
  no_match       body#46  ?
  no_match       body#47  ?
  match          body#[48, 49]  cutensornetContraction2_f64
  match          body#[50, 51]  cutensornetContraction2_f64
  no_match       body#52  ?
  no_match       body#53  ?
  match          body#[54, 55]  cutensornetContraction2_f64
  match          body#[56, 57]  cutensornetContraction2_f64
  no_match       body#58  ?
  no_match       body#59  ?
  match          body#[60, 61]  cutensornetContraction2_f64
  match          body#[62, 63]  cutensornetContraction2_f64
  no_match       body#64  ?
  no_match       body#65  ?
  match          body#[66, 67]  cutensornetContraction2_f64
  match          body#[68, 69]  cutensornetContraction2_f64
  no_match       body#70  ?
  no_match       body#71  ?
  no_match       body#72  ?
  total: 29 matched / 44 bodies
",0,[],0,0,0,0,/home/arjaiswal/Polygeist/issues/mfem_c_kernels/match_results/curlcurl_apply_3d_stage_sliced/debufferized.mlir,79691,8,73,58,8950.62566921115,15,74000,4736.98503524065,258,258,0,232,"[{""body_indices"": [0, 1], ""symbol"": ""cutensornetContraction2_f64""}, {""body_indices"": [2, 3], ""symbol"": ""cutensornetContraction2_f64""}, {""body_indices"": [4, 5], ""symbol"": ""cutensornetContraction2_f64""}, {""body_indices"": [6, 7], ""symbol"": ""cutensornetContraction2_f64""}, {""body_indices"": [8, 9], ""symbol"": ""cutensornetContraction2_f64""}, {""body_indices"": [10, 11], ""symbol"": ""cutensornetContraction2_f64""}, {""body_indices"": [12, 13], ""symbol"": ""cutensornetContraction2_f64""}, {""body_indices"": [14, 15], ""symbol"": ""cutensornetContraction2_f64""}, {""body_indices"": [16, 17], ""symbol"": ""cutensornetContraction2_f64""}, {""body_indices"": [18, 19], ""symbol"": ""cutensornetContraction2_f64""}, {""body_indices"": [20, 21], ""symbol"": ""cutensornetContraction2_f64""}, {""body_indices"": [22, 23], ""symbol"": ""cutensornetContraction2_f64""}, {""body_indices"": [24, 25], ""symbol"": ""cutensornetContraction2_f64""}, {""body_indices"": [26, 27], ""symbol"": ""cutensornetContraction2_f64""}, {""body_indices"": [28, 29], ""symbol"": ""cutensornetContraction2_f64""}, {""body_indices"": [30, 31], ""symbol"": ""cutensornetContraction2_f64""}, {""body_indices"": [32, 33], ""symbol"": ""cutensornetContraction2_f64""}, {""body_indices"": [36, 37], ""symbol"": ""cutensornetContraction2_f64""}, {""body_indices"": [38, 39], ""symbol"": ""cutensornetContraction2_f64""}, {""body_indices"": [42, 43], ""symbol"": ""cutensornetContraction2_f64""}, {""body_indices"": [44, 45], ""symbol"": ""cutensornetContraction2_f64""}, {""body_indices"": [48, 49], ""symbol"": ""cutensornetContraction2_f64""}, {""body_indices"": [50, 51], ""symbol"": ""cutensornetContraction2_f64""}, {""body_indices"": [54, 55], ""symbol"": ""cutensornetContraction2_f64""}, {""body_indices"": [56, 57], ""symbol"": ""cutensornetContraction2_f64""}, {""body_indices"": [60, 61], ""symbol"": ""cutensornetContraction2_f64""}, {""body_indices"": [62, 63], ""symbol"": ""cutensornetContraction2_f64""}, {""body_indices"": [66, 67], ""symbol"": ""cutensornetContraction2_f64""}, {""body_indices"": [68, 69], ""symbol"": ""cutensornetContraction2_f64""}]",29,0,0,0.0,258
mfem_kernel,curlcurl_apply_3d_stage_sliced,/home/arjaiswal/Polygeist/issues/mfem_c_kernels/match_results/curlcurl_apply_3d_stage_sliced/debufferized.mlir,ffd54dc05b57dcd6c609e392d5aa43cf9ec850d8e3f3277e66eaf5972a5ca0d9,syntactic,4,ok,0,8112.152796238661,0,"[""/usr/bin/python3"", ""/home/arjaiswal/Polygeist/scripts/correctness/kernel_match_rewrite.py"", ""/home/arjaiswal/Polygeist/issues/mfem_c_kernels/match_results/curlcurl_apply_3d_stage_sliced/debufferized.mlir"", ""--dry-run"", ""--matcher-mode"", ""syntactic"", ""--telemetry-json"", ""/home/arjaiswal/Polygeist/issues/equality_saturation_eval/campaign_20260908/mfem_kernel-curlcurl_apply_3d_stage_sliced-syntactic-6sj_9rsb.json"", ""--disable-semantic-fallback""]","         body#[6, 7]  cutensornetContraction2_f64
  match          body#[8, 9]  cutensornetContraction2_f64
  match          body#[10, 11]  cutensornetContraction2_f64
  match          body#[12, 13]  cutensornetContraction2_f64
  match          body#[14, 15]  cutensornetContraction2_f64
  match          body#[16, 17]  cutensornetContraction2_f64
  match          body#[18, 19]  cutensornetContraction2_f64
  match          body#[20, 21]  cutensornetContraction2_f64
  match          body#[22, 23]  cutensornetContraction2_f64
  match          body#[24, 25]  cutensornetContraction2_f64
  match          body#[26, 27]  cutensornetContraction2_f64
  match          body#[28, 29]  cutensornetContraction2_f64
  match          body#[30, 31]  cutensornetContraction2_f64
  match          body#[32, 33]  cutensornetContraction2_f64
  no_match       body#34  ?
  no_match       body#35  ?
  match          body#[36, 37]  cutensornetContraction2_f64
  match          body#[38, 39]  cutensornetContraction2_f64
  no_match       body#40  ?
  no_match       body#41  ?
  match          body#[42, 43]  cutensornetContraction2_f64
  match          body#[44, 45]  cutensornetContraction2_f64
  no_match       body#46  ?
  no_match       body#47  ?
  match          body#[48, 49]  cutensornetContraction2_f64
  match          body#[50, 51]  cutensornetContraction2_f64
  no_match       body#52  ?
  no_match       body#53  ?
  match          body#[54, 55]  cutensornetContraction2_f64
  match          body#[56, 57]  cutensornetContraction2_f64
  no_match       body#58  ?
  no_match       body#59  ?
  match          body#[60, 61]  cutensornetContraction2_f64
  match          body#[62, 63]  cutensornetContraction2_f64
  no_match       body#64  ?
  no_match       body#65  ?
  match          body#[66, 67]  cutensornetContraction2_f64
  match          body#[68, 69]  cutensornetContraction2_f64
  no_match       body#70  ?
  no_match       body#71  ?
  no_match       body#72  ?
  total: 29 matched / 44 bodies
",0,[],0,0,0,0,/home/arjaiswal/Polygeist/issues/mfem_c_kernels/match_results/curlcurl_apply_3d_stage_sliced/debufferized.mlir,79691,0,73,58,5320.434544235468,15,69704,1.5128813683986664,0,258,0,0,"[{""body_indices"": [0, 1], ""symbol"": ""cutensornetContraction2_f64""}, {""body_indices"": [2, 3], ""symbol"": ""cutensornetContraction2_f64""}, {""body_indices"": [4, 5], ""symbol"": ""cutensornetContraction2_f64""}, {""body_indices"": [6, 7], ""symbol"": ""cutensornetContraction2_f64""}, {""body_indices"": [8, 9], ""symbol"": ""cutensornetContraction2_f64""}, {""body_indices"": [10, 11], ""symbol"": ""cutensornetContraction2_f64""}, {""body_indices"": [12, 13], ""symbol"": ""cutensornetContraction2_f64""}, {""body_indices"": [14, 15], ""symbol"": ""cutensornetContraction2_f64""}, {""body_indices"": [16, 17], ""symbol"": ""cutensornetContraction2_f64""}, {""body_indices"": [18, 19], ""symbol"": ""cutensornetContraction2_f64""}, {""body_indices"": [20, 21], ""symbol"": ""cutensornetContraction2_f64""}, {""body_indices"": [22, 23], ""symbol"": ""cutensornetContraction2_f64""}, {""body_indices"": [24, 25], ""symbol"": ""cutensornetContraction2_f64""}, {""body_indices"": [26, 27], ""symbol"": ""cutensornetContraction2_f64""}, {""body_indices"": [28, 29], ""symbol"": ""cutensornetContraction2_f64""}, {""body_indices"": [30, 31], ""symbol"": ""cutensornetContraction2_f64""}, {""body_indices"": [32, 33], ""symbol"": ""cutensornetContraction2_f64""}, {""body_indices"": [36, 37], ""symbol"": ""cutensornetContraction2_f64""}, {""body_indices"": [38, 39], ""symbol"": ""cutensornetContraction2_f64""}, {""body_indices"": [42, 43], ""symbol"": ""cutensornetContraction2_f64""}, {""body_indices"": [44, 45], ""symbol"": ""cutensornetContraction2_f64""}, {""body_indices"": [48, 49], ""symbol"": ""cutensornetContraction2_f64""}, {""body_indices"": [50, 51], ""symbol"": ""cutensornetContraction2_f64""}, {""body_indices"": [54, 55], ""symbol"": ""cutensornetContraction2_f64""}, {""body_indices"": [56, 57], ""symbol"": ""cutensornetContraction2_f64""}, {""body_indices"": [60, 61], ""symbol"": ""cutensornetContraction2_f64""}, {""body_indices"": [62, 63], ""symbol"": ""cutensornetContraction2_f64""}, {""body_indices"": [66, 67], ""symbol"": ""cutensornetContraction2_f64""}, {""body_indices"": [68, 69], ""symbol"": ""cutensornetContraction2_f64""}]",29,0,258,0.0,258
mfem_kernel,curlcurl_apply_3d_stage_sliced,/home/arjaiswal/Polygeist/issues/mfem_c_kernels/match_results/curlcurl_apply_3d_stage_sliced/debufferized.mlir,ffd54dc05b57dcd6c609e392d5aa43cf9ec850d8e3f3277e66eaf5972a5ca0d9,syntactic,5,ok,0,7560.925390571356,0,"[""/usr/bin/python3"", ""/home/arjaiswal/Polygeist/scripts/correctness/kernel_match_rewrite.py"", ""/home/arjaiswal/Polygeist/issues/mfem_c_kernels/match_results/curlcurl_apply_3d_stage_sliced/debufferized.mlir"", ""--dry-run"", ""--matcher-mode"", ""syntactic"", ""--telemetry-json"", ""/home/arjaiswal/Polygeist/issues/equality_saturation_eval/campaign_20260908/mfem_kernel-curlcurl_apply_3d_stage_sliced-syntactic-bdl3swvs.json"", ""--disable-semantic-fallback""]","         body#[6, 7]  cutensornetContraction2_f64
  match          body#[8, 9]  cutensornetContraction2_f64
  match          body#[10, 11]  cutensornetContraction2_f64
  match          body#[12, 13]  cutensornetContraction2_f64
  match          body#[14, 15]  cutensornetContraction2_f64
  match          body#[16, 17]  cutensornetContraction2_f64
  match          body#[18, 19]  cutensornetContraction2_f64
  match          body#[20, 21]  cutensornetContraction2_f64
  match          body#[22, 23]  cutensornetContraction2_f64
  match          body#[24, 25]  cutensornetContraction2_f64
  match          body#[26, 27]  cutensornetContraction2_f64
  match          body#[28, 29]  cutensornetContraction2_f64
  match          body#[30, 31]  cutensornetContraction2_f64
  match          body#[32, 33]  cutensornetContraction2_f64
  no_match       body#34  ?
  no_match       body#35  ?
  match          body#[36, 37]  cutensornetContraction2_f64
  match          body#[38, 39]  cutensornetContraction2_f64
  no_match       body#40  ?
  no_match       body#41  ?
  match          body#[42, 43]  cutensornetContraction2_f64
  match          body#[44, 45]  cutensornetContraction2_f64
  no_match       body#46  ?
  no_match       body#47  ?
  match          body#[48, 49]  cutensornetContraction2_f64
  match          body#[50, 51]  cutensornetContraction2_f64
  no_match       body#52  ?
  no_match       body#53  ?
  match          body#[54, 55]  cutensornetContraction2_f64
  match          body#[56, 57]  cutensornetContraction2_f64
  no_match       body#58  ?
  no_match       body#59  ?
  match          body#[60, 61]  cutensornetContraction2_f64
  match          body#[62, 63]  cutensornetContraction2_f64
  no_match       body#64  ?
  no_match       body#65  ?
  match          body#[66, 67]  cutensornetContraction2_f64
  match          body#[68, 69]  cutensornetContraction2_f64
  no_match       body#70  ?
  no_match       body#71  ?
  no_match       body#72  ?
  total: 29 matched / 44 bodies
",0,[],0,0,0,0,/home/arjaiswal/Polygeist/issues/mfem_c_kernels/match_results/curlcurl_apply_3d_stage_sliced/debufferized.mlir,79691,0,73,58,4603.029891848564,15,69484,7.110312581062317,0,258,0,0,"[{""body_indices"": [0, 1], ""symbol"": ""cutensornetContraction2_f64""}, {""body_indices"": [2, 3], ""symbol"": ""cutensornetContraction2_f64""}, {""body_indices"": [4, 5], ""symbol"": ""cutensornetContraction2_f64""}, {""body_indices"": [6, 7], ""symbol"": ""cutensornetContraction2_f64""}, {""body_indices"": [8, 9], ""symbol"": ""cutensornetContraction2_f64""}, {""body_indices"": [10, 11], ""symbol"": ""cutensornetContraction2_f64""}, {""body_indices"": [12, 13], ""symbol"": ""cutensornetContraction2_f64""}, {""body_indices"": [14, 15], ""symbol"": ""cutensornetContraction2_f64""}, {""body_indices"": [16, 17], ""symbol"": ""cutensornetContraction2_f64""}, {""body_indices"": [18, 19], ""symbol"": ""cutensornetContraction2_f64""}, {""body_indices"": [20, 21], ""symbol"": ""cutensornetContraction2_f64""}, {""body_indices"": [22, 23], ""symbol"": ""cutensornetContraction2_f64""}, {""body_indices"": [24, 25], ""symbol"": ""cutensornetContraction2_f64""}, {""body_indices"": [26, 27], ""symbol"": ""cutensornetContraction2_f64""}, {""body_indices"": [28, 29], ""symbol"": ""cutensornetContraction2_f64""}, {""body_indices"": [30, 31], ""symbol"": ""cutensornetContraction2_f64""}, {""body_indices"": [32, 33], ""symbol"": ""cutensornetContraction2_f64""}, {""body_indices"": [36, 37], ""symbol"": ""cutensornetContraction2_f64""}, {""body_indices"": [38, 39], ""symbol"": ""cutensornetContraction2_f64""}, {""body_indices"": [42, 43], ""symbol"": ""cutensornetContraction2_f64""}, {""body_indices"": [44, 45], ""symbol"": ""cutensornetContraction2_f64""}, {""body_indices"": [48, 49], ""symbol"": ""cutensornetContraction2_f64""}, {""body_indices"": [50, 51], ""symbol"": ""cutensornetContraction2_f64""}, {""body_indices"": [54, 55], ""symbol"": ""cutensornetContraction2_f64""}, {""body_indices"": [56, 57], ""symbol"": ""cutensornetContraction2_f64""}, {""body_indices"": [60, 61], ""symbol"": ""cutensornetContraction2_f64""}, {""body_indices"": [62, 63], ""symbol"": ""cutensornetContraction2_f64""}, {""body_indices"": [66, 67], ""symbol"": ""cutensornetContraction2_f64""}, {""body_indices"": [68, 69], ""symbol"": ""cutensornetContraction2_f64""}]",29,0,258,0.0,258
mfem_kernel,curlcurl_apply_3d_stage_sliced,/home/arjaiswal/Polygeist/issues/mfem_c_kernels/match_results/curlcurl_apply_3d_stage_sliced/debufferized.mlir,ffd54dc05b57dcd6c609e392d5aa43cf9ec850d8e3f3277e66eaf5972a5ca0d9,egglog,5,ok,0,13111.301761120558,0,"[""/usr/bin/python3"", ""/home/arjaiswal/Polygeist/scripts/correctness/kernel_match_rewrite.py"", ""/home/arjaiswal/Polygeist/issues/mfem_c_kernels/match_results/curlcurl_apply_3d_stage_sliced/debufferized.mlir"", ""--dry-run"", ""--matcher-mode"", ""egglog"", ""--telemetry-json"", ""/home/arjaiswal/Polygeist/issues/equality_saturation_eval/campaign_20260908/mfem_kernel-curlcurl_apply_3d_stage_sliced-egglog-qs71i8ls.json"", ""--disable-semantic-fallback""]","         body#[6, 7]  cutensornetContraction2_f64
  match          body#[8, 9]  cutensornetContraction2_f64
  match          body#[10, 11]  cutensornetContraction2_f64
  match          body#[12, 13]  cutensornetContraction2_f64
  match          body#[14, 15]  cutensornetContraction2_f64
  match          body#[16, 17]  cutensornetContraction2_f64
  match          body#[18, 19]  cutensornetContraction2_f64
  match          body#[20, 21]  cutensornetContraction2_f64
  match          body#[22, 23]  cutensornetContraction2_f64
  match          body#[24, 25]  cutensornetContraction2_f64
  match          body#[26, 27]  cutensornetContraction2_f64
  match          body#[28, 29]  cutensornetContraction2_f64
  match          body#[30, 31]  cutensornetContraction2_f64
  match          body#[32, 33]  cutensornetContraction2_f64
  no_match       body#34  ?
  no_match       body#35  ?
  match          body#[36, 37]  cutensornetContraction2_f64
  match          body#[38, 39]  cutensornetContraction2_f64
  no_match       body#40  ?
  no_match       body#41  ?
  match          body#[42, 43]  cutensornetContraction2_f64
  match          body#[44, 45]  cutensornetContraction2_f64
  no_match       body#46  ?
  no_match       body#47  ?
  match          body#[48, 49]  cutensornetContraction2_f64
  match          body#[50, 51]  cutensornetContraction2_f64
  no_match       body#52  ?
  no_match       body#53  ?
  match          body#[54, 55]  cutensornetContraction2_f64
  match          body#[56, 57]  cutensornetContraction2_f64
  no_match       body#58  ?
  no_match       body#59  ?
  match          body#[60, 61]  cutensornetContraction2_f64
  match          body#[62, 63]  cutensornetContraction2_f64
  no_match       body#64  ?
  no_match       body#65  ?
  match          body#[66, 67]  cutensornetContraction2_f64
  match          body#[68, 69]  cutensornetContraction2_f64
  no_match       body#70  ?
  no_match       body#71  ?
  no_match       body#72  ?
  total: 29 matched / 44 bodies
",0,[],0,0,0,0,/home/arjaiswal/Polygeist/issues/mfem_c_kernels/match_results/curlcurl_apply_3d_stage_sliced/debufferized.mlir,79691,8,73,58,9771.036814898252,15,74344,4476.461969316006,258,258,0,232,"[{""body_indices"": [0, 1], ""symbol"": ""cutensornetContraction2_f64""}, {""body_indices"": [2, 3], ""symbol"": ""cutensornetContraction2_f64""}, {""body_indices"": [4, 5], ""symbol"": ""cutensornetContraction2_f64""}, {""body_indices"": [6, 7], ""symbol"": ""cutensornetContraction2_f64""}, {""body_indices"": [8, 9], ""symbol"": ""cutensornetContraction2_f64""}, {""body_indices"": [10, 11], ""symbol"": ""cutensornetContraction2_f64""}, {""body_indices"": [12, 13], ""symbol"": ""cutensornetContraction2_f64""}, {""body_indices"": [14, 15], ""symbol"": ""cutensornetContraction2_f64""}, {""body_indices"": [16, 17], ""symbol"": ""cutensornetContraction2_f64""}, {""body_indices"": [18, 19], ""symbol"": ""cutensornetContraction2_f64""}, {""body_indices"": [20, 21], ""symbol"": ""cutensornetContraction2_f64""}, {""body_indices"": [22, 23], ""symbol"": ""cutensornetContraction2_f64""}, {""body_indices"": [24, 25], ""symbol"": ""cutensornetContraction2_f64""}, {""body_indices"": [26, 27], ""symbol"": ""cutensornetContraction2_f64""}, {""body_indices"": [28, 29], ""symbol"": ""cutensornetContraction2_f64""}, {""body_indices"": [30, 31], ""symbol"": ""cutensornetContraction2_f64""}, {""body_indices"": [32, 33], ""symbol"": ""cutensornetContraction2_f64""}, {""body_indices"": [36, 37], ""symbol"": ""cutensornetContraction2_f64""}, {""body_indices"": [38, 39], ""symbol"": ""cutensornetContraction2_f64""}, {""body_indices"": [42, 43], ""symbol"": ""cutensornetContraction2_f64""}, {""body_indices"": [44, 45], ""symbol"": ""cutensornetContraction2_f64""}, {""body_indices"": [48, 49], ""symbol"": ""cutensornetContraction2_f64""}, {""body_indices"": [50, 51], ""symbol"": ""cutensornetContraction2_f64""}, {""body_indices"": [54, 55], ""symbol"": ""cutensornetContraction2_f64""}, {""body_indices"": [56, 57], ""symbol"": ""cutensornetContraction2_f64""}, {""body_indices"": [60, 61], ""symbol"": ""cutensornetContraction2_f64""}, {""body_indices"": [62, 63], ""symbol"": ""cutensornetContraction2_f64""}, {""body_indices"": [66, 67], ""symbol"": ""cutensornetContraction2_f64""}, {""body_indices"": [68, 69], ""symbol"": ""cutensornetContraction2_f64""}]",29,0,0,0.0,258
mfem_kernel,diffusion_apply_2d_stage_sliced,/home/arjaiswal/Polygeist/issues/mfem_c_kernels/match_results/diffusion_apply_2d_stage_sliced/debufferized.mlir,b95a3c02be00d94e69c11667819dabc35e4f4c4f307e939e1dd79b17ea2ac1c6,egglog,1,ok,0,2439.095538109541,0,"[""/usr/bin/python3"", ""/home/arjaiswal/Polygeist/scripts/correctness/kernel_match_rewrite.py"", ""/home/arjaiswal/Polygeist/issues/mfem_c_kernels/match_results/diffusion_apply_2d_stage_sliced/debufferized.mlir"", ""--dry-run"", ""--matcher-mode"", ""egglog"", ""--telemetry-json"", ""/home/arjaiswal/Polygeist/issues/equality_saturation_eval/campaign_20260908/mfem_kernel-diffusion_apply_2d_stage_sliced-egglog-44neiv86.json"", ""--disable-semantic-fallback""]","== match report for /home/arjaiswal/Polygeist/issues/mfem_c_kernels/match_results/diffusion_apply_2d_stage_sliced/debufferized.mlir ==
  match          body#[0, 1]  cutensornetContraction2_f64
  match          body#[2, 3]  cutensornetContraction2_f64
  match          body#[4, 5]  cutensornetContraction2_f64
  match          body#[6, 7]  cutensornetContraction2_f64
  no_match       body#8  ?
  no_match       body#9  ?
  no_match       body#10  ?
  no_match       body#11  ?
  match          body#[12, 13]  cutensornetContraction2_f64
  match          body#[14, 15]  cutensornetContraction2_f64
  no_match       body#16  ?
  total: 6 matched / 11 bodies
",0,[],0,0,0,0,/home/arjaiswal/Polygeist/issues/mfem_c_kernels/match_results/diffusion_apply_2d_stage_sliced/debufferized.mlir,17728,8,17,12,1825.914055109024,5,70780,1035.358276218176,86,86,0,96,"[{""body_indices"": [0, 1], ""symbol"": ""cutensornetContraction2_f64""}, {""body_indices"": [2, 3], ""symbol"": ""cutensornetContraction2_f64""}, {""body_indices"": [4, 5], ""symbol"": ""cutensornetContraction2_f64""}, {""body_indices"": [6, 7], ""symbol"": ""cutensornetContraction2_f64""}, {""body_indices"": [12, 13], ""symbol"": ""cutensornetContraction2_f64""}, {""body_indices"": [14, 15], ""symbol"": ""cutensornetContraction2_f64""}]",6,0,0,0.0,86
mfem_kernel,diffusion_apply_2d_stage_sliced,/home/arjaiswal/Polygeist/issues/mfem_c_kernels/match_results/diffusion_apply_2d_stage_sliced/debufferized.mlir,b95a3c02be00d94e69c11667819dabc35e4f4c4f307e939e1dd79b17ea2ac1c6,syntactic,1,ok,0,1289.8697890341282,0,"[""/usr/bin/python3"", ""/home/arjaiswal/Polygeist/scripts/correctness/kernel_match_rewrite.py"", ""/home/arjaiswal/Polygeist/issues/mfem_c_kernels/match_results/diffusion_apply_2d_stage_sliced/debufferized.mlir"", ""--dry-run"", ""--matcher-mode"", ""syntactic"", ""--telemetry-json"", ""/home/arjaiswal/Polygeist/issues/equality_saturation_eval/campaign_20260908/mfem_kernel-diffusion_apply_2d_stage_sliced-syntactic-rwqiiefr.json"", ""--disable-semantic-fallback""]","== match report for /home/arjaiswal/Polygeist/issues/mfem_c_kernels/match_results/diffusion_apply_2d_stage_sliced/debufferized.mlir ==
  match          body#[0, 1]  cutensornetContraction2_f64
  match          body#[2, 3]  cutensornetContraction2_f64
  match          body#[4, 5]  cutensornetContraction2_f64
  match          body#[6, 7]  cutensornetContraction2_f64
  no_match       body#8  ?
  no_match       body#9  ?
  no_match       body#10  ?
  no_match       body#11  ?
  match          body#[12, 13]  cutensornetContraction2_f64
  match          body#[14, 15]  cutensornetContraction2_f64
  no_match       body#16  ?
  total: 6 matched / 11 bodies
",0,[],0,0,0,0,/home/arjaiswal/Polygeist/issues/mfem_c_kernels/match_results/diffusion_apply_2d_stage_sliced/debufferized.mlir,17728,0,17,12,619.4393411278725,5,66328,0.4413127899169922,0,86,0,0,"[{""body_indices"": [0, 1], ""symbol"": ""cutensornetContraction2_f64""}, {""body_indices"": [2, 3], ""symbol"": ""cutensornetContraction2_f64""}, {""body_indices"": [4, 5], ""symbol"": ""cutensornetContraction2_f64""}, {""body_indices"": [6, 7], ""symbol"": ""cutensornetContraction2_f64""}, {""body_indices"": [12, 13], ""symbol"": ""cutensornetContraction2_f64""}, {""body_indices"": [14, 15], ""symbol"": ""cutensornetContraction2_f64""}]",6,0,86,0.0,86
mfem_kernel,diffusion_apply_2d_stage_sliced,/home/arjaiswal/Polygeist/issues/mfem_c_kernels/match_results/diffusion_apply_2d_stage_sliced/debufferized.mlir,b95a3c02be00d94e69c11667819dabc35e4f4c4f307e939e1dd79b17ea2ac1c6,syntactic,2,ok,0,1857.9834178090096,0,"[""/usr/bin/python3"", ""/home/arjaiswal/Polygeist/scripts/correctness/kernel_match_rewrite.py"", ""/home/arjaiswal/Polygeist/issues/mfem_c_kernels/match_results/diffusion_apply_2d_stage_sliced/debufferized.mlir"", ""--dry-run"", ""--matcher-mode"", ""syntactic"", ""--telemetry-json"", ""/home/arjaiswal/Polygeist/issues/equality_saturation_eval/campaign_20260908/mfem_kernel-diffusion_apply_2d_stage_sliced-syntactic-jd0oq14s.json"", ""--disable-semantic-fallback""]","== match report for /home/arjaiswal/Polygeist/issues/mfem_c_kernels/match_results/diffusion_apply_2d_stage_sliced/debufferized.mlir ==
  match          body#[0, 1]  cutensornetContraction2_f64
  match          body#[2, 3]  cutensornetContraction2_f64
  match          body#[4, 5]  cutensornetContraction2_f64
  match          body#[6, 7]  cutensornetContraction2_f64
  no_match       body#8  ?
  no_match       body#9  ?
  no_match       body#10  ?
  no_match       body#11  ?
  match          body#[12, 13]  cutensornetContraction2_f64
  match          body#[14, 15]  cutensornetContraction2_f64
  no_match       body#16  ?
  total: 6 matched / 11 bodies
",0,[],0,0,0,0,/home/arjaiswal/Polygeist/issues/mfem_c_kernels/match_results/diffusion_apply_2d_stage_sliced/debufferized.mlir,17728,0,17,12,978.9577499032021,5,66700,0.5102343857288361,0,86,0,0,"[{""body_indices"": [0, 1], ""symbol"": ""cutensornetContraction2_f64""}, {""body_indices"": [2, 3], ""symbol"": ""cutensornetContraction2_f64""}, {""body_indices"": [4, 5], ""symbol"": ""cutensornetContraction2_f64""}, {""body_indices"": [6, 7], ""symbol"": ""cutensornetContraction2_f64""}, {""body_indices"": [12, 13], ""symbol"": ""cutensornetContraction2_f64""}, {""body_indices"": [14, 15], ""symbol"": ""cutensornetContraction2_f64""}]",6,0,86,0.0,86
mfem_kernel,diffusion_apply_2d_stage_sliced,/home/arjaiswal/Polygeist/issues/mfem_c_kernels/match_results/diffusion_apply_2d_stage_sliced/debufferized.mlir,b95a3c02be00d94e69c11667819dabc35e4f4c4f307e939e1dd79b17ea2ac1c6,egglog,2,ok,0,3349.9440401792526,0,"[""/usr/bin/python3"", ""/home/arjaiswal/Polygeist/scripts/correctness/kernel_match_rewrite.py"", ""/home/arjaiswal/Polygeist/issues/mfem_c_kernels/match_results/diffusion_apply_2d_stage_sliced/debufferized.mlir"", ""--dry-run"", ""--matcher-mode"", ""egglog"", ""--telemetry-json"", ""/home/arjaiswal/Polygeist/issues/equality_saturation_eval/campaign_20260908/mfem_kernel-diffusion_apply_2d_stage_sliced-egglog-mxyp7slv.json"", ""--disable-semantic-fallback""]","== match report for /home/arjaiswal/Polygeist/issues/mfem_c_kernels/match_results/diffusion_apply_2d_stage_sliced/debufferized.mlir ==
  match          body#[0, 1]  cutensornetContraction2_f64
  match          body#[2, 3]  cutensornetContraction2_f64
  match          body#[4, 5]  cutensornetContraction2_f64
  match          body#[6, 7]  cutensornetContraction2_f64
  no_match       body#8  ?
  no_match       body#9  ?
  no_match       body#10  ?
  no_match       body#11  ?
  match          body#[12, 13]  cutensornetContraction2_f64
  match          body#[14, 15]  cutensornetContraction2_f64
  no_match       body#16  ?
  total: 6 matched / 11 bodies
",0,[],0,0,0,0,/home/arjaiswal/Polygeist/issues/mfem_c_kernels/match_results/diffusion_apply_2d_stage_sliced/debufferized.mlir,17728,8,17,12,2124.9724589288235,5,70660,1083.3318196237087,86,86,0,96,"[{""body_indices"": [0, 1], ""symbol"": ""cutensornetContraction2_f64""}, {""body_indices"": [2, 3], ""symbol"": ""cutensornetContraction2_f64""}, {""body_indices"": [4, 5], ""symbol"": ""cutensornetContraction2_f64""}, {""body_indices"": [6, 7], ""symbol"": ""cutensornetContraction2_f64""}, {""body_indices"": [12, 13], ""symbol"": ""cutensornetContraction2_f64""}, {""body_indices"": [14, 15], ""symbol"": ""cutensornetContraction2_f64""}]",6,0,0,0.0,86
mfem_kernel,diffusion_apply_2d_stage_sliced,/home/arjaiswal/Polygeist/issues/mfem_c_kernels/match_results/diffusion_apply_2d_stage_sliced/debufferized.mlir,b95a3c02be00d94e69c11667819dabc35e4f4c4f307e939e1dd79b17ea2ac1c6,egglog,3,ok,0,2759.8860561847687,0,"[""/usr/bin/python3"", ""/home/arjaiswal/Polygeist/scripts/correctness/kernel_match_rewrite.py"", ""/home/arjaiswal/Polygeist/issues/mfem_c_kernels/match_results/diffusion_apply_2d_stage_sliced/debufferized.mlir"", ""--dry-run"", ""--matcher-mode"", ""egglog"", ""--telemetry-json"", ""/home/arjaiswal/Polygeist/issues/equality_saturation_eval/campaign_20260908/mfem_kernel-diffusion_apply_2d_stage_sliced-egglog-ksxwpx4d.json"", ""--disable-semantic-fallback""]","== match report for /home/arjaiswal/Polygeist/issues/mfem_c_kernels/match_results/diffusion_apply_2d_stage_sliced/debufferized.mlir ==
  match          body#[0, 1]  cutensornetContraction2_f64
  match          body#[2, 3]  cutensornetContraction2_f64
  match          body#[4, 5]  cutensornetContraction2_f64
  match          body#[6, 7]  cutensornetContraction2_f64
  no_match       body#8  ?
  no_match       body#9  ?
  no_match       body#10  ?
  no_match       body#11  ?
  match          body#[12, 13]  cutensornetContraction2_f64
  match          body#[14, 15]  cutensornetContraction2_f64
  no_match       body#16  ?
  total: 6 matched / 11 bodies
",0,[],0,0,0,0,/home/arjaiswal/Polygeist/issues/mfem_c_kernels/match_results/diffusion_apply_2d_stage_sliced/debufferized.mlir,17728,8,17,12,2113.8151697814465,5,70776,1286.5984626114368,86,86,0,96,"[{""body_indices"": [0, 1], ""symbol"": ""cutensornetContraction2_f64""}, {""body_indices"": [2, 3], ""symbol"": ""cutensornetContraction2_f64""}, {""body_indices"": [4, 5], ""symbol"": ""cutensornetContraction2_f64""}, {""body_indices"": [6, 7], ""symbol"": ""cutensornetContraction2_f64""}, {""body_indices"": [12, 13], ""symbol"": ""cutensornetContraction2_f64""}, {""body_indices"": [14, 15], ""symbol"": ""cutensornetContraction2_f64""}]",6,0,0,0.0,86
mfem_kernel,diffusion_apply_2d_stage_sliced,/home/arjaiswal/Polygeist/issues/mfem_c_kernels/match_results/diffusion_apply_2d_stage_sliced/debufferized.mlir,b95a3c02be00d94e69c11667819dabc35e4f4c4f307e939e1dd79b17ea2ac1c6,syntactic,3,ok,0,1589.126419275999,0,"[""/usr/bin/python3"", ""/home/arjaiswal/Polygeist/scripts/correctness/kernel_match_rewrite.py"", ""/home/arjaiswal/Polygeist/issues/mfem_c_kernels/match_results/diffusion_apply_2d_stage_sliced/debufferized.mlir"", ""--dry-run"", ""--matcher-mode"", ""syntactic"", ""--telemetry-json"", ""/home/arjaiswal/Polygeist/issues/equality_saturation_eval/campaign_20260908/mfem_kernel-diffusion_apply_2d_stage_sliced-syntactic-eoi5zkwm.json"", ""--disable-semantic-fallback""]","== match report for /home/arjaiswal/Polygeist/issues/mfem_c_kernels/match_results/diffusion_apply_2d_stage_sliced/debufferized.mlir ==
  match          body#[0, 1]  cutensornetContraction2_f64
  match          body#[2, 3]  cutensornetContraction2_f64
  match          body#[4, 5]  cutensornetContraction2_f64
  match          body#[6, 7]  cutensornetContraction2_f64
  no_match       body#8  ?
  no_match       body#9  ?
  no_match       body#10  ?
  no_match       body#11  ?
  match          body#[12, 13]  cutensornetContraction2_f64
  match          body#[14, 15]  cutensornetContraction2_f64
  no_match       body#16  ?
  total: 6 matched / 11 bodies
",0,[],0,0,0,0,/home/arjaiswal/Polygeist/issues/mfem_c_kernels/match_results/diffusion_apply_2d_stage_sliced/debufferized.mlir,17728,0,17,12,612.2370213270187,5,66412,0.4709474742412567,0,86,0,0,"[{""body_indices"": [0, 1], ""symbol"": ""cutensornetContraction2_f64""}, {""body_indices"": [2, 3], ""symbol"": ""cutensornetContraction2_f64""}, {""body_indices"": [4, 5], ""symbol"": ""cutensornetContraction2_f64""}, {""body_indices"": [6, 7], ""symbol"": ""cutensornetContraction2_f64""}, {""body_indices"": [12, 13], ""symbol"": ""cutensornetContraction2_f64""}, {""body_indices"": [14, 15], ""symbol"": ""cutensornetContraction2_f64""}]",6,0,86,0.0,86
mfem_kernel,diffusion_apply_2d_stage_sliced,/home/arjaiswal/Polygeist/issues/mfem_c_kernels/match_results/diffusion_apply_2d_stage_sliced/debufferized.mlir,b95a3c02be00d94e69c11667819dabc35e4f4c4f307e939e1dd79b17ea2ac1c6,syntactic,4,ok,0,1402.9100462794304,0,"[""/usr/bin/python3"", ""/home/arjaiswal/Polygeist/scripts/correctness/kernel_match_rewrite.py"", ""/home/arjaiswal/Polygeist/issues/mfem_c_kernels/match_results/diffusion_apply_2d_stage_sliced/debufferized.mlir"", ""--dry-run"", ""--matcher-mode"", ""syntactic"", ""--telemetry-json"", ""/home/arjaiswal/Polygeist/issues/equality_saturation_eval/campaign_20260908/mfem_kernel-diffusion_apply_2d_stage_sliced-syntactic-1p9bfnwf.json"", ""--disable-semantic-fallback""]","== match report for /home/arjaiswal/Polygeist/issues/mfem_c_kernels/match_results/diffusion_apply_2d_stage_sliced/debufferized.mlir ==
  match          body#[0, 1]  cutensornetContraction2_f64
  match          body#[2, 3]  cutensornetContraction2_f64
  match          body#[4, 5]  cutensornetContraction2_f64
  match          body#[6, 7]  cutensornetContraction2_f64
  no_match       body#8  ?
  no_match       body#9  ?
  no_match       body#10  ?
  no_match       body#11  ?
  match          body#[12, 13]  cutensornetContraction2_f64
  match          body#[14, 15]  cutensornetContraction2_f64
  no_match       body#16  ?
  total: 6 matched / 11 bodies
",0,[],0,0,0,0,/home/arjaiswal/Polygeist/issues/mfem_c_kernels/match_results/diffusion_apply_2d_stage_sliced/debufferized.mlir,17728,0,17,12,698.406595736742,5,66456,0.45465677976608276,0,86,0,0,"[{""body_indices"": [0, 1], ""symbol"": ""cutensornetContraction2_f64""}, {""body_indices"": [2, 3], ""symbol"": ""cutensornetContraction2_f64""}, {""body_indices"": [4, 5], ""symbol"": ""cutensornetContraction2_f64""}, {""body_indices"": [6, 7], ""symbol"": ""cutensornetContraction2_f64""}, {""body_indices"": [12, 13], ""symbol"": ""cutensornetContraction2_f64""}, {""body_indices"": [14, 15], ""symbol"": ""cutensornetContraction2_f64""}]",6,0,86,0.0,86
mfem_kernel,diffusion_apply_2d_stage_sliced,/home/arjaiswal/Polygeist/issues/mfem_c_kernels/match_results/diffusion_apply_2d_stage_sliced/debufferized.mlir,b95a3c02be00d94e69c11667819dabc35e4f4c4f307e939e1dd79b17ea2ac1c6,egglog,4,ok,0,3373.4072856605053,0,"[""/usr/bin/python3"", ""/home/arjaiswal/Polygeist/scripts/correctness/kernel_match_rewrite.py"", ""/home/arjaiswal/Polygeist/issues/mfem_c_kernels/match_results/diffusion_apply_2d_stage_sliced/debufferized.mlir"", ""--dry-run"", ""--matcher-mode"", ""egglog"", ""--telemetry-json"", ""/home/arjaiswal/Polygeist/issues/equality_saturation_eval/campaign_20260908/mfem_kernel-diffusion_apply_2d_stage_sliced-egglog-orcgpou1.json"", ""--disable-semantic-fallback""]","== match report for /home/arjaiswal/Polygeist/issues/mfem_c_kernels/match_results/diffusion_apply_2d_stage_sliced/debufferized.mlir ==
  match          body#[0, 1]  cutensornetContraction2_f64
  match          body#[2, 3]  cutensornetContraction2_f64
  match          body#[4, 5]  cutensornetContraction2_f64
  match          body#[6, 7]  cutensornetContraction2_f64
  no_match       body#8  ?
  no_match       body#9  ?
  no_match       body#10  ?
  no_match       body#11  ?
  match          body#[12, 13]  cutensornetContraction2_f64
  match          body#[14, 15]  cutensornetContraction2_f64
  no_match       body#16  ?
  total: 6 matched / 11 bodies
",0,[],0,0,0,0,/home/arjaiswal/Polygeist/issues/mfem_c_kernels/match_results/diffusion_apply_2d_stage_sliced/debufferized.mlir,17728,8,17,12,2672.2440347075462,5,70852,1536.5899913012981,86,86,0,96,"[{""body_indices"": [0, 1], ""symbol"": ""cutensornetContraction2_f64""}, {""body_indices"": [2, 3], ""symbol"": ""cutensornetContraction2_f64""}, {""body_indices"": [4, 5], ""symbol"": ""cutensornetContraction2_f64""}, {""body_indices"": [6, 7], ""symbol"": ""cutensornetContraction2_f64""}, {""body_indices"": [12, 13], ""symbol"": ""cutensornetContraction2_f64""}, {""body_indices"": [14, 15], ""symbol"": ""cutensornetContraction2_f64""}]",6,0,0,0.0,86
mfem_kernel,diffusion_apply_2d_stage_sliced,/home/arjaiswal/Polygeist/issues/mfem_c_kernels/match_results/diffusion_apply_2d_stage_sliced/debufferized.mlir,b95a3c02be00d94e69c11667819dabc35e4f4c4f307e939e1dd79b17ea2ac1c6,egglog,5,ok,0,2877.118967473507,0,"[""/usr/bin/python3"", ""/home/arjaiswal/Polygeist/scripts/correctness/kernel_match_rewrite.py"", ""/home/arjaiswal/Polygeist/issues/mfem_c_kernels/match_results/diffusion_apply_2d_stage_sliced/debufferized.mlir"", ""--dry-run"", ""--matcher-mode"", ""egglog"", ""--telemetry-json"", ""/home/arjaiswal/Polygeist/issues/equality_saturation_eval/campaign_20260908/mfem_kernel-diffusion_apply_2d_stage_sliced-egglog-nomcbl1k.json"", ""--disable-semantic-fallback""]","== match report for /home/arjaiswal/Polygeist/issues/mfem_c_kernels/match_results/diffusion_apply_2d_stage_sliced/debufferized.mlir ==
  match          body#[0, 1]  cutensornetContraction2_f64
  match          body#[2, 3]  cutensornetContraction2_f64
  match          body#[4, 5]  cutensornetContraction2_f64
  match          body#[6, 7]  cutensornetContraction2_f64
  no_match       body#8  ?
  no_match       body#9  ?
  no_match       body#10  ?
  no_match       body#11  ?
  match          body#[12, 13]  cutensornetContraction2_f64
  match          body#[14, 15]  cutensornetContraction2_f64
  no_match       body#16  ?
  total: 6 matched / 11 bodies
",0,[],0,0,0,0,/home/arjaiswal/Polygeist/issues/mfem_c_kernels/match_results/diffusion_apply_2d_stage_sliced/debufferized.mlir,17728,8,17,12,1984.5476634800434,5,70700,975.3869883716106,86,86,0,96,"[{""body_indices"": [0, 1], ""symbol"": ""cutensornetContraction2_f64""}, {""body_indices"": [2, 3], ""symbol"": ""cutensornetContraction2_f64""}, {""body_indices"": [4, 5], ""symbol"": ""cutensornetContraction2_f64""}, {""body_indices"": [6, 7], ""symbol"": ""cutensornetContraction2_f64""}, {""body_indices"": [12, 13], ""symbol"": ""cutensornetContraction2_f64""}, {""body_indices"": [14, 15], ""symbol"": ""cutensornetContraction2_f64""}]",6,0,0,0.0,86
mfem_kernel,diffusion_apply_2d_stage_sliced,/home/arjaiswal/Polygeist/issues/mfem_c_kernels/match_results/diffusion_apply_2d_stage_sliced/debufferized.mlir,b95a3c02be00d94e69c11667819dabc35e4f4c4f307e939e1dd79b17ea2ac1c6,syntactic,5,ok,0,1661.6367660462856,0,"[""/usr/bin/python3"", ""/home/arjaiswal/Polygeist/scripts/correctness/kernel_match_rewrite.py"", ""/home/arjaiswal/Polygeist/issues/mfem_c_kernels/match_results/diffusion_apply_2d_stage_sliced/debufferized.mlir"", ""--dry-run"", ""--matcher-mode"", ""syntactic"", ""--telemetry-json"", ""/home/arjaiswal/Polygeist/issues/equality_saturation_eval/campaign_20260908/mfem_kernel-diffusion_apply_2d_stage_sliced-syntactic-ibrpyhpl.json"", ""--disable-semantic-fallback""]","== match report for /home/arjaiswal/Polygeist/issues/mfem_c_kernels/match_results/diffusion_apply_2d_stage_sliced/debufferized.mlir ==
  match          body#[0, 1]  cutensornetContraction2_f64
  match          body#[2, 3]  cutensornetContraction2_f64
  match          body#[4, 5]  cutensornetContraction2_f64
  match          body#[6, 7]  cutensornetContraction2_f64
  no_match       body#8  ?
  no_match       body#9  ?
  no_match       body#10  ?
  no_match       body#11  ?
  match          body#[12, 13]  cutensornetContraction2_f64
  match          body#[14, 15]  cutensornetContraction2_f64
  no_match       body#16  ?
  total: 6 matched / 11 bodies
",0,[],0,0,0,0,/home/arjaiswal/Polygeist/issues/mfem_c_kernels/match_results/diffusion_apply_2d_stage_sliced/debufferized.mlir,17728,0,17,12,1063.0750842392445,5,66288,0.535815954208374,0,86,0,0,"[{""body_indices"": [0, 1], ""symbol"": ""cutensornetContraction2_f64""}, {""body_indices"": [2, 3], ""symbol"": ""cutensornetContraction2_f64""}, {""body_indices"": [4, 5], ""symbol"": ""cutensornetContraction2_f64""}, {""body_indices"": [6, 7], ""symbol"": ""cutensornetContraction2_f64""}, {""body_indices"": [12, 13], ""symbol"": ""cutensornetContraction2_f64""}, {""body_indices"": [14, 15], ""symbol"": ""cutensornetContraction2_f64""}]",6,0,86,0.0,86
mfem_kernel,diffusion_apply_3d_stage_sliced,/home/arjaiswal/Polygeist/issues/mfem_c_kernels/match_results/diffusion_apply_3d_stage_sliced/debufferized.mlir,83f46446c0492f3ec8f0291fb681cbe948fd1085aaceacbdec758e60b1cabb85,syntactic,1,ok,0,1690.0615207850933,0,"[""/usr/bin/python3"", ""/home/arjaiswal/Polygeist/scripts/correctness/kernel_match_rewrite.py"", ""/home/arjaiswal/Polygeist/issues/mfem_c_kernels/match_results/diffusion_apply_3d_stage_sliced/debufferized.mlir"", ""--dry-run"", ""--matcher-mode"", ""syntactic"", ""--telemetry-json"", ""/home/arjaiswal/Polygeist/issues/equality_saturation_eval/campaign_20260908/mfem_kernel-diffusion_apply_3d_stage_sliced-syntactic-9ogtbfen.json"", ""--disable-semantic-fallback""]","== match report for /home/arjaiswal/Polygeist/issues/mfem_c_kernels/match_results/diffusion_apply_3d_stage_sliced/debufferized.mlir ==
  match          body#[0, 1]  cutensornetContraction2_f64
  match          body#[2, 3]  cutensornetContraction2_f64
  match          body#[4, 5]  cutensornetContraction2_f64
  match          body#[6, 7]  cutensornetContraction2_f64
  match          body#[8, 9]  cutensornetContraction2_f64
  match          body#[10, 11]  cutensornetContraction2_f64
  match          body#[12, 13]  cutensornetContraction2_f64
  match          body#[14, 15]  cutensornetContraction2_f64
  no_match       body#16  ?
  no_match       body#17  ?
  no_match       body#18  ?
  no_match       body#19  ?
  no_match       body#20  ?
  no_match       body#21  ?
  match          body#[22, 23]  cutensornetContraction2_f64
  match          body#[24, 25]  cutensornetContraction2_f64
  match          body#[26, 27]  cutensornetContraction2_f64
  match          body#[28, 29]  cutensornetContraction2_f64
  match          body#[30, 31]  cutensornetContraction2_f64
  match          body#[32, 33]  cutensornetContraction2_f64
  no_match       body#34  ?
  total: 14 matched / 21 bodies
",0,[],0,0,0,0,/home/arjaiswal/Polygeist/issues/mfem_c_kernels/match_results/diffusion_apply_3d_stage_sliced/debufferized.mlir,37696,0,35,28,970.0685888528824,7,66908,0.5299597978591919,0,124,0,0,"[{""body_indices"": [0, 1], ""symbol"": ""cutensornetContraction2_f64""}, {""body_indices"": [2, 3], ""symbol"": ""cutensornetContraction2_f64""}, {""body_indices"": [4, 5], ""symbol"": ""cutensornetContraction2_f64""}, {""body_indices"": [6, 7], ""symbol"": ""cutensornetContraction2_f64""}, {""body_indices"": [8, 9], ""symbol"": ""cutensornetContraction2_f64""}, {""body_indices"": [10, 11], ""symbol"": ""cutensornetContraction2_f64""}, {""body_indices"": [12, 13], ""symbol"": ""cutensornetContraction2_f64""}, {""body_indices"": [14, 15], ""symbol"": ""cutensornetContraction2_f64""}, {""body_indices"": [22, 23], ""symbol"": ""cutensornetContraction2_f64""}, {""body_indices"": [24, 25], ""symbol"": ""cutensornetContraction2_f64""}, {""body_indices"": [26, 27], ""symbol"": ""cutensornetContraction2_f64""}, {""body_indices"": [28, 29], ""symbol"": ""cutensornetContraction2_f64""}, {""body_indices"": [30, 31], ""symbol"": ""cutensornetContraction2_f64""}, {""body_indices"": [32, 33], ""symbol"": ""cutensornetContraction2_f64""}]",14,0,124,0.0,124
mfem_kernel,diffusion_apply_3d_stage_sliced,/home/arjaiswal/Polygeist/issues/mfem_c_kernels/match_results/diffusion_apply_3d_stage_sliced/debufferized.mlir,83f46446c0492f3ec8f0291fb681cbe948fd1085aaceacbdec758e60b1cabb85,egglog,1,ok,0,5060.458060353994,0,"[""/usr/bin/python3"", ""/home/arjaiswal/Polygeist/scripts/correctness/kernel_match_rewrite.py"", ""/home/arjaiswal/Polygeist/issues/mfem_c_kernels/match_results/diffusion_apply_3d_stage_sliced/debufferized.mlir"", ""--dry-run"", ""--matcher-mode"", ""egglog"", ""--telemetry-json"", ""/home/arjaiswal/Polygeist/issues/equality_saturation_eval/campaign_20260908/mfem_kernel-diffusion_apply_3d_stage_sliced-egglog-p7k6s7y8.json"", ""--disable-semantic-fallback""]","== match report for /home/arjaiswal/Polygeist/issues/mfem_c_kernels/match_results/diffusion_apply_3d_stage_sliced/debufferized.mlir ==
  match          body#[0, 1]  cutensornetContraction2_f64
  match          body#[2, 3]  cutensornetContraction2_f64
  match          body#[4, 5]  cutensornetContraction2_f64
  match          body#[6, 7]  cutensornetContraction2_f64
  match          body#[8, 9]  cutensornetContraction2_f64
  match          body#[10, 11]  cutensornetContraction2_f64
  match          body#[12, 13]  cutensornetContraction2_f64
  match          body#[14, 15]  cutensornetContraction2_f64
  no_match       body#16  ?
  no_match       body#17  ?
  no_match       body#18  ?
  no_match       body#19  ?
  no_match       body#20  ?
  no_match       body#21  ?
  match          body#[22, 23]  cutensornetContraction2_f64
  match          body#[24, 25]  cutensornetContraction2_f64
  match          body#[26, 27]  cutensornetContraction2_f64
  match          body#[28, 29]  cutensornetContraction2_f64
  match          body#[30, 31]  cutensornetContraction2_f64
  match          body#[32, 33]  cutensornetContraction2_f64
  no_match       body#34  ?
  total: 14 matched / 21 bodies
",0,[],0,0,0,0,/home/arjaiswal/Polygeist/issues/mfem_c_kernels/match_results/diffusion_apply_3d_stage_sliced/debufferized.mlir,37696,8,35,28,4330.98241686821,7,71404,2312.685579061508,124,124,0,112,"[{""body_indices"": [0, 1], ""symbol"": ""cutensornetContraction2_f64""}, {""body_indices"": [2, 3], ""symbol"": ""cutensornetContraction2_f64""}, {""body_indices"": [4, 5], ""symbol"": ""cutensornetContraction2_f64""}, {""body_indices"": [6, 7], ""symbol"": ""cutensornetContraction2_f64""}, {""body_indices"": [8, 9], ""symbol"": ""cutensornetContraction2_f64""}, {""body_indices"": [10, 11], ""symbol"": ""cutensornetContraction2_f64""}, {""body_indices"": [12, 13], ""symbol"": ""cutensornetContraction2_f64""}, {""body_indices"": [14, 15], ""symbol"": ""cutensornetContraction2_f64""}, {""body_indices"": [22, 23], ""symbol"": ""cutensornetContraction2_f64""}, {""body_indices"": [24, 25], ""symbol"": ""cutensornetContraction2_f64""}, {""body_indices"": [26, 27], ""symbol"": ""cutensornetContraction2_f64""}, {""body_indices"": [28, 29], ""symbol"": ""cutensornetContraction2_f64""}, {""body_indices"": [30, 31], ""symbol"": ""cutensornetContraction2_f64""}, {""body_indices"": [32, 33], ""symbol"": ""cutensornetContraction2_f64""}]",14,0,0,0.0,124
mfem_kernel,diffusion_apply_3d_stage_sliced,/home/arjaiswal/Polygeist/issues/mfem_c_kernels/match_results/diffusion_apply_3d_stage_sliced/debufferized.mlir,83f46446c0492f3ec8f0291fb681cbe948fd1085aaceacbdec758e60b1cabb85,egglog,2,ok,0,4118.490904569626,0,"[""/usr/bin/python3"", ""/home/arjaiswal/Polygeist/scripts/correctness/kernel_match_rewrite.py"", ""/home/arjaiswal/Polygeist/issues/mfem_c_kernels/match_results/diffusion_apply_3d_stage_sliced/debufferized.mlir"", ""--dry-run"", ""--matcher-mode"", ""egglog"", ""--telemetry-json"", ""/home/arjaiswal/Polygeist/issues/equality_saturation_eval/campaign_20260908/mfem_kernel-diffusion_apply_3d_stage_sliced-egglog-9i8q0qlt.json"", ""--disable-semantic-fallback""]","== match report for /home/arjaiswal/Polygeist/issues/mfem_c_kernels/match_results/diffusion_apply_3d_stage_sliced/debufferized.mlir ==
  match          body#[0, 1]  cutensornetContraction2_f64
  match          body#[2, 3]  cutensornetContraction2_f64
  match          body#[4, 5]  cutensornetContraction2_f64
  match          body#[6, 7]  cutensornetContraction2_f64
  match          body#[8, 9]  cutensornetContraction2_f64
  match          body#[10, 11]  cutensornetContraction2_f64
  match          body#[12, 13]  cutensornetContraction2_f64
  match          body#[14, 15]  cutensornetContraction2_f64
  no_match       body#16  ?
  no_match       body#17  ?
  no_match       body#18  ?
  no_match       body#19  ?
  no_match       body#20  ?
  no_match       body#21  ?
  match          body#[22, 23]  cutensornetContraction2_f64
  match          body#[24, 25]  cutensornetContraction2_f64
  match          body#[26, 27]  cutensornetContraction2_f64
  match          body#[28, 29]  cutensornetContraction2_f64
  match          body#[30, 31]  cutensornetContraction2_f64
  match          body#[32, 33]  cutensornetContraction2_f64
  no_match       body#34  ?
  total: 14 matched / 21 bodies
",0,[],0,0,0,0,/home/arjaiswal/Polygeist/issues/mfem_c_kernels/match_results/diffusion_apply_3d_stage_sliced/debufferized.mlir,37696,8,35,28,3120.461903512478,7,71556,1687.819730490446,124,124,0,112,"[{""body_indices"": [0, 1], ""symbol"": ""cutensornetContraction2_f64""}, {""body_indices"": [2, 3], ""symbol"": ""cutensornetContraction2_f64""}, {""body_indices"": [4, 5], ""symbol"": ""cutensornetContraction2_f64""}, {""body_indices"": [6, 7], ""symbol"": ""cutensornetContraction2_f64""}, {""body_indices"": [8, 9], ""symbol"": ""cutensornetContraction2_f64""}, {""body_indices"": [10, 11], ""symbol"": ""cutensornetContraction2_f64""}, {""body_indices"": [12, 13], ""symbol"": ""cutensornetContraction2_f64""}, {""body_indices"": [14, 15], ""symbol"": ""cutensornetContraction2_f64""}, {""body_indices"": [22, 23], ""symbol"": ""cutensornetContraction2_f64""}, {""body_indices"": [24, 25], ""symbol"": ""cutensornetContraction2_f64""}, {""body_indices"": [26, 27], ""symbol"": ""cutensornetContraction2_f64""}, {""body_indices"": [28, 29], ""symbol"": ""cutensornetContraction2_f64""}, {""body_indices"": [30, 31], ""symbol"": ""cutensornetContraction2_f64""}, {""body_indices"": [32, 33], ""symbol"": ""cutensornetContraction2_f64""}]",14,0,0,0.0,124
mfem_kernel,diffusion_apply_3d_stage_sliced,/home/arjaiswal/Polygeist/issues/mfem_c_kernels/match_results/diffusion_apply_3d_stage_sliced/debufferized.mlir,83f46446c0492f3ec8f0291fb681cbe948fd1085aaceacbdec758e60b1cabb85,syntactic,2,ok,0,2630.1508732140064,0,"[""/usr/bin/python3"", ""/home/arjaiswal/Polygeist/scripts/correctness/kernel_match_rewrite.py"", ""/home/arjaiswal/Polygeist/issues/mfem_c_kernels/match_results/diffusion_apply_3d_stage_sliced/debufferized.mlir"", ""--dry-run"", ""--matcher-mode"", ""syntactic"", ""--telemetry-json"", ""/home/arjaiswal/Polygeist/issues/equality_saturation_eval/campaign_20260908/mfem_kernel-diffusion_apply_3d_stage_sliced-syntactic-oqxedvi4.json"", ""--disable-semantic-fallback""]","== match report for /home/arjaiswal/Polygeist/issues/mfem_c_kernels/match_results/diffusion_apply_3d_stage_sliced/debufferized.mlir ==
  match          body#[0, 1]  cutensornetContraction2_f64
  match          body#[2, 3]  cutensornetContraction2_f64
  match          body#[4, 5]  cutensornetContraction2_f64
  match          body#[6, 7]  cutensornetContraction2_f64
  match          body#[8, 9]  cutensornetContraction2_f64
  match          body#[10, 11]  cutensornetContraction2_f64
  match          body#[12, 13]  cutensornetContraction2_f64
  match          body#[14, 15]  cutensornetContraction2_f64
  no_match       body#16  ?
  no_match       body#17  ?
  no_match       body#18  ?
  no_match       body#19  ?
  no_match       body#20  ?
  no_match       body#21  ?
  match          body#[22, 23]  cutensornetContraction2_f64
  match          body#[24, 25]  cutensornetContraction2_f64
  match          body#[26, 27]  cutensornetContraction2_f64
  match          body#[28, 29]  cutensornetContraction2_f64
  match          body#[30, 31]  cutensornetContraction2_f64
  match          body#[32, 33]  cutensornetContraction2_f64
  no_match       body#34  ?
  total: 14 matched / 21 bodies
",0,[],0,0,0,0,/home/arjaiswal/Polygeist/issues/mfem_c_kernels/match_results/diffusion_apply_3d_stage_sliced/debufferized.mlir,37696,0,35,28,1587.2014574706554,7,66984,0.6919391453266144,0,124,0,0,"[{""body_indices"": [0, 1], ""symbol"": ""cutensornetContraction2_f64""}, {""body_indices"": [2, 3], ""symbol"": ""cutensornetContraction2_f64""}, {""body_indices"": [4, 5], ""symbol"": ""cutensornetContraction2_f64""}, {""body_indices"": [6, 7], ""symbol"": ""cutensornetContraction2_f64""}, {""body_indices"": [8, 9], ""symbol"": ""cutensornetContraction2_f64""}, {""body_indices"": [10, 11], ""symbol"": ""cutensornetContraction2_f64""}, {""body_indices"": [12, 13], ""symbol"": ""cutensornetContraction2_f64""}, {""body_indices"": [14, 15], ""symbol"": ""cutensornetContraction2_f64""}, {""body_indices"": [22, 23], ""symbol"": ""cutensornetContraction2_f64""}, {""body_indices"": [24, 25], ""symbol"": ""cutensornetContraction2_f64""}, {""body_indices"": [26, 27], ""symbol"": ""cutensornetContraction2_f64""}, {""body_indices"": [28, 29], ""symbol"": ""cutensornetContraction2_f64""}, {""body_indices"": [30, 31], ""symbol"": ""cutensornetContraction2_f64""}, {""body_indices"": [32, 33], ""symbol"": ""cutensornetContraction2_f64""}]",14,0,124,0.0,124
mfem_kernel,diffusion_apply_3d_stage_sliced,/home/arjaiswal/Polygeist/issues/mfem_c_kernels/match_results/diffusion_apply_3d_stage_sliced/debufferized.mlir,83f46446c0492f3ec8f0291fb681cbe948fd1085aaceacbdec758e60b1cabb85,syntactic,3,ok,0,2053.690828382969,0,"[""/usr/bin/python3"", ""/home/arjaiswal/Polygeist/scripts/correctness/kernel_match_rewrite.py"", ""/home/arjaiswal/Polygeist/issues/mfem_c_kernels/match_results/diffusion_apply_3d_stage_sliced/debufferized.mlir"", ""--dry-run"", ""--matcher-mode"", ""syntactic"", ""--telemetry-json"", ""/home/arjaiswal/Polygeist/issues/equality_saturation_eval/campaign_20260908/mfem_kernel-diffusion_apply_3d_stage_sliced-syntactic-xh6vxbsn.json"", ""--disable-semantic-fallback""]","== match report for /home/arjaiswal/Polygeist/issues/mfem_c_kernels/match_results/diffusion_apply_3d_stage_sliced/debufferized.mlir ==
  match          body#[0, 1]  cutensornetContraction2_f64
  match          body#[2, 3]  cutensornetContraction2_f64
  match          body#[4, 5]  cutensornetContraction2_f64
  match          body#[6, 7]  cutensornetContraction2_f64
  match          body#[8, 9]  cutensornetContraction2_f64
  match          body#[10, 11]  cutensornetContraction2_f64
  match          body#[12, 13]  cutensornetContraction2_f64
  match          body#[14, 15]  cutensornetContraction2_f64
  no_match       body#16  ?
  no_match       body#17  ?
  no_match       body#18  ?
  no_match       body#19  ?
  no_match       body#20  ?
  no_match       body#21  ?
  match          body#[22, 23]  cutensornetContraction2_f64
  match          body#[24, 25]  cutensornetContraction2_f64
  match          body#[26, 27]  cutensornetContraction2_f64
  match          body#[28, 29]  cutensornetContraction2_f64
  match          body#[30, 31]  cutensornetContraction2_f64
  match          body#[32, 33]  cutensornetContraction2_f64
  no_match       body#34  ?
  total: 14 matched / 21 bodies
",0,[],0,0,0,0,/home/arjaiswal/Polygeist/issues/mfem_c_kernels/match_results/diffusion_apply_3d_stage_sliced/debufferized.mlir,37696,0,35,28,1220.1879397034645,7,67132,0.6366483867168427,0,124,0,0,"[{""body_indices"": [0, 1], ""symbol"": ""cutensornetContraction2_f64""}, {""body_indices"": [2, 3], ""symbol"": ""cutensornetContraction2_f64""}, {""body_indices"": [4, 5], ""symbol"": ""cutensornetContraction2_f64""}, {""body_indices"": [6, 7], ""symbol"": ""cutensornetContraction2_f64""}, {""body_indices"": [8, 9], ""symbol"": ""cutensornetContraction2_f64""}, {""body_indices"": [10, 11], ""symbol"": ""cutensornetContraction2_f64""}, {""body_indices"": [12, 13], ""symbol"": ""cutensornetContraction2_f64""}, {""body_indices"": [14, 15], ""symbol"": ""cutensornetContraction2_f64""}, {""body_indices"": [22, 23], ""symbol"": ""cutensornetContraction2_f64""}, {""body_indices"": [24, 25], ""symbol"": ""cutensornetContraction2_f64""}, {""body_indices"": [26, 27], ""symbol"": ""cutensornetContraction2_f64""}, {""body_indices"": [28, 29], ""symbol"": ""cutensornetContraction2_f64""}, {""body_indices"": [30, 31], ""symbol"": ""cutensornetContraction2_f64""}, {""body_indices"": [32, 33], ""symbol"": ""cutensornetContraction2_f64""}]",14,0,124,0.0,124
mfem_kernel,diffusion_apply_3d_stage_sliced,/home/arjaiswal/Polygeist/issues/mfem_c_kernels/match_results/diffusion_apply_3d_stage_sliced/debufferized.mlir,83f46446c0492f3ec8f0291fb681cbe948fd1085aaceacbdec758e60b1cabb85,egglog,3,ok,0,4072.045434266329,0,"[""/usr/bin/python3"", ""/home/arjaiswal/Polygeist/scripts/correctness/kernel_match_rewrite.py"", ""/home/arjaiswal/Polygeist/issues/mfem_c_kernels/match_results/diffusion_apply_3d_stage_sliced/debufferized.mlir"", ""--dry-run"", ""--matcher-mode"", ""egglog"", ""--telemetry-json"", ""/home/arjaiswal/Polygeist/issues/equality_saturation_eval/campaign_20260908/mfem_kernel-diffusion_apply_3d_stage_sliced-egglog-dheh0x9z.json"", ""--disable-semantic-fallback""]","== match report for /home/arjaiswal/Polygeist/issues/mfem_c_kernels/match_results/diffusion_apply_3d_stage_sliced/debufferized.mlir ==
  match          body#[0, 1]  cutensornetContraction2_f64
  match          body#[2, 3]  cutensornetContraction2_f64
  match          body#[4, 5]  cutensornetContraction2_f64
  match          body#[6, 7]  cutensornetContraction2_f64
  match          body#[8, 9]  cutensornetContraction2_f64
  match          body#[10, 11]  cutensornetContraction2_f64
  match          body#[12, 13]  cutensornetContraction2_f64
  match          body#[14, 15]  cutensornetContraction2_f64
  no_match       body#16  ?
  no_match       body#17  ?
  no_match       body#18  ?
  no_match       body#19  ?
  no_match       body#20  ?
  no_match       body#21  ?
  match          body#[22, 23]  cutensornetContraction2_f64
  match          body#[24, 25]  cutensornetContraction2_f64
  match          body#[26, 27]  cutensornetContraction2_f64
  match          body#[28, 29]  cutensornetContraction2_f64
  match          body#[30, 31]  cutensornetContraction2_f64
  match          body#[32, 33]  cutensornetContraction2_f64
  no_match       body#34  ?
  total: 14 matched / 21 bodies
",0,[],0,0,0,0,/home/arjaiswal/Polygeist/issues/mfem_c_kernels/match_results/diffusion_apply_3d_stage_sliced/debufferized.mlir,37696,8,35,28,2824.070382863283,7,71520,1475.308544933796,124,124,0,112,"[{""body_indices"": [0, 1], ""symbol"": ""cutensornetContraction2_f64""}, {""body_indices"": [2, 3], ""symbol"": ""cutensornetContraction2_f64""}, {""body_indices"": [4, 5], ""symbol"": ""cutensornetContraction2_f64""}, {""body_indices"": [6, 7], ""symbol"": ""cutensornetContraction2_f64""}, {""body_indices"": [8, 9], ""symbol"": ""cutensornetContraction2_f64""}, {""body_indices"": [10, 11], ""symbol"": ""cutensornetContraction2_f64""}, {""body_indices"": [12, 13], ""symbol"": ""cutensornetContraction2_f64""}, {""body_indices"": [14, 15], ""symbol"": ""cutensornetContraction2_f64""}, {""body_indices"": [22, 23], ""symbol"": ""cutensornetContraction2_f64""}, {""body_indices"": [24, 25], ""symbol"": ""cutensornetContraction2_f64""}, {""body_indices"": [26, 27], ""symbol"": ""cutensornetContraction2_f64""}, {""body_indices"": [28, 29], ""symbol"": ""cutensornetContraction2_f64""}, {""body_indices"": [30, 31], ""symbol"": ""cutensornetContraction2_f64""}, {""body_indices"": [32, 33], ""symbol"": ""cutensornetContraction2_f64""}]",14,0,0,0.0,124
mfem_kernel,diffusion_apply_3d_stage_sliced,/home/arjaiswal/Polygeist/issues/mfem_c_kernels/match_results/diffusion_apply_3d_stage_sliced/debufferized.mlir,83f46446c0492f3ec8f0291fb681cbe948fd1085aaceacbdec758e60b1cabb85,egglog,4,ok,0,3663.4878776967525,0,"[""/usr/bin/python3"", ""/home/arjaiswal/Polygeist/scripts/correctness/kernel_match_rewrite.py"", ""/home/arjaiswal/Polygeist/issues/mfem_c_kernels/match_results/diffusion_apply_3d_stage_sliced/debufferized.mlir"", ""--dry-run"", ""--matcher-mode"", ""egglog"", ""--telemetry-json"", ""/home/arjaiswal/Polygeist/issues/equality_saturation_eval/campaign_20260908/mfem_kernel-diffusion_apply_3d_stage_sliced-egglog-tix0ycqs.json"", ""--disable-semantic-fallback""]","== match report for /home/arjaiswal/Polygeist/issues/mfem_c_kernels/match_results/diffusion_apply_3d_stage_sliced/debufferized.mlir ==
  match          body#[0, 1]  cutensornetContraction2_f64
  match          body#[2, 3]  cutensornetContraction2_f64
  match          body#[4, 5]  cutensornetContraction2_f64
  match          body#[6, 7]  cutensornetContraction2_f64
  match          body#[8, 9]  cutensornetContraction2_f64
  match          body#[10, 11]  cutensornetContraction2_f64
  match          body#[12, 13]  cutensornetContraction2_f64
  match          body#[14, 15]  cutensornetContraction2_f64
  no_match       body#16  ?
  no_match       body#17  ?
  no_match       body#18  ?
  no_match       body#19  ?
  no_match       body#20  ?
  no_match       body#21  ?
  match          body#[22, 23]  cutensornetContraction2_f64
  match          body#[24, 25]  cutensornetContraction2_f64
  match          body#[26, 27]  cutensornetContraction2_f64
  match          body#[28, 29]  cutensornetContraction2_f64
  match          body#[30, 31]  cutensornetContraction2_f64
  match          body#[32, 33]  cutensornetContraction2_f64
  no_match       body#34  ?
  total: 14 matched / 21 bodies
",0,[],0,0,0,0,/home/arjaiswal/Polygeist/issues/mfem_c_kernels/match_results/diffusion_apply_3d_stage_sliced/debufferized.mlir,37696,8,35,28,2827.8896659612656,7,71428,1519.314207136631,124,124,0,112,"[{""body_indices"": [0, 1], ""symbol"": ""cutensornetContraction2_f64""}, {""body_indices"": [2, 3], ""symbol"": ""cutensornetContraction2_f64""}, {""body_indices"": [4, 5], ""symbol"": ""cutensornetContraction2_f64""}, {""body_indices"": [6, 7], ""symbol"": ""cutensornetContraction2_f64""}, {""body_indices"": [8, 9], ""symbol"": ""cutensornetContraction2_f64""}, {""body_indices"": [10, 11], ""symbol"": ""cutensornetContraction2_f64""}, {""body_indices"": [12, 13], ""symbol"": ""cutensornetContraction2_f64""}, {""body_indices"": [14, 15], ""symbol"": ""cutensornetContraction2_f64""}, {""body_indices"": [22, 23], ""symbol"": ""cutensornetContraction2_f64""}, {""body_indices"": [24, 25], ""symbol"": ""cutensornetContraction2_f64""}, {""body_indices"": [26, 27], ""symbol"": ""cutensornetContraction2_f64""}, {""body_indices"": [28, 29], ""symbol"": ""cutensornetContraction2_f64""}, {""body_indices"": [30, 31], ""symbol"": ""cutensornetContraction2_f64""}, {""body_indices"": [32, 33], ""symbol"": ""cutensornetContraction2_f64""}]",14,0,0,0.0,124
mfem_kernel,diffusion_apply_3d_stage_sliced,/home/arjaiswal/Polygeist/issues/mfem_c_kernels/match_results/diffusion_apply_3d_stage_sliced/debufferized.mlir,83f46446c0492f3ec8f0291fb681cbe948fd1085aaceacbdec758e60b1cabb85,syntactic,4,ok,0,3346.670739352703,0,"[""/usr/bin/python3"", ""/home/arjaiswal/Polygeist/scripts/correctness/kernel_match_rewrite.py"", ""/home/arjaiswal/Polygeist/issues/mfem_c_kernels/match_results/diffusion_apply_3d_stage_sliced/debufferized.mlir"", ""--dry-run"", ""--matcher-mode"", ""syntactic"", ""--telemetry-json"", ""/home/arjaiswal/Polygeist/issues/equality_saturation_eval/campaign_20260908/mfem_kernel-diffusion_apply_3d_stage_sliced-syntactic-9sfj11v9.json"", ""--disable-semantic-fallback""]","== match report for /home/arjaiswal/Polygeist/issues/mfem_c_kernels/match_results/diffusion_apply_3d_stage_sliced/debufferized.mlir ==
  match          body#[0, 1]  cutensornetContraction2_f64
  match          body#[2, 3]  cutensornetContraction2_f64
  match          body#[4, 5]  cutensornetContraction2_f64
  match          body#[6, 7]  cutensornetContraction2_f64
  match          body#[8, 9]  cutensornetContraction2_f64
  match          body#[10, 11]  cutensornetContraction2_f64
  match          body#[12, 13]  cutensornetContraction2_f64
  match          body#[14, 15]  cutensornetContraction2_f64
  no_match       body#16  ?
  no_match       body#17  ?
  no_match       body#18  ?
  no_match       body#19  ?
  no_match       body#20  ?
  no_match       body#21  ?
  match          body#[22, 23]  cutensornetContraction2_f64
  match          body#[24, 25]  cutensornetContraction2_f64
  match          body#[26, 27]  cutensornetContraction2_f64
  match          body#[28, 29]  cutensornetContraction2_f64
  match          body#[30, 31]  cutensornetContraction2_f64
  match          body#[32, 33]  cutensornetContraction2_f64
  no_match       body#34  ?
  total: 14 matched / 21 bodies
",0,[],0,0,0,0,/home/arjaiswal/Polygeist/issues/mfem_c_kernels/match_results/diffusion_apply_3d_stage_sliced/debufferized.mlir,37696,0,35,28,1720.866870135069,7,67172,0.619545578956604,0,124,0,0,"[{""body_indices"": [0, 1], ""symbol"": ""cutensornetContraction2_f64""}, {""body_indices"": [2, 3], ""symbol"": ""cutensornetContraction2_f64""}, {""body_indices"": [4, 5], ""symbol"": ""cutensornetContraction2_f64""}, {""body_indices"": [6, 7], ""symbol"": ""cutensornetContraction2_f64""}, {""body_indices"": [8, 9], ""symbol"": ""cutensornetContraction2_f64""}, {""body_indices"": [10, 11], ""symbol"": ""cutensornetContraction2_f64""}, {""body_indices"": [12, 13], ""symbol"": ""cutensornetContraction2_f64""}, {""body_indices"": [14, 15], ""symbol"": ""cutensornetContraction2_f64""}, {""body_indices"": [22, 23], ""symbol"": ""cutensornetContraction2_f64""}, {""body_indices"": [24, 25], ""symbol"": ""cutensornetContraction2_f64""}, {""body_indices"": [26, 27], ""symbol"": ""cutensornetContraction2_f64""}, {""body_indices"": [28, 29], ""symbol"": ""cutensornetContraction2_f64""}, {""body_indices"": [30, 31], ""symbol"": ""cutensornetContraction2_f64""}, {""body_indices"": [32, 33], ""symbol"": ""cutensornetContraction2_f64""}]",14,0,124,0.0,124
mfem_kernel,diffusion_apply_3d_stage_sliced,/home/arjaiswal/Polygeist/issues/mfem_c_kernels/match_results/diffusion_apply_3d_stage_sliced/debufferized.mlir,83f46446c0492f3ec8f0291fb681cbe948fd1085aaceacbdec758e60b1cabb85,syntactic,5,ok,0,2402.3056626319885,0,"[""/usr/bin/python3"", ""/home/arjaiswal/Polygeist/scripts/correctness/kernel_match_rewrite.py"", ""/home/arjaiswal/Polygeist/issues/mfem_c_kernels/match_results/diffusion_apply_3d_stage_sliced/debufferized.mlir"", ""--dry-run"", ""--matcher-mode"", ""syntactic"", ""--telemetry-json"", ""/home/arjaiswal/Polygeist/issues/equality_saturation_eval/campaign_20260908/mfem_kernel-diffusion_apply_3d_stage_sliced-syntactic-kwlp2yq9.json"", ""--disable-semantic-fallback""]","== match report for /home/arjaiswal/Polygeist/issues/mfem_c_kernels/match_results/diffusion_apply_3d_stage_sliced/debufferized.mlir ==
  match          body#[0, 1]  cutensornetContraction2_f64
  match          body#[2, 3]  cutensornetContraction2_f64
  match          body#[4, 5]  cutensornetContraction2_f64
  match          body#[6, 7]  cutensornetContraction2_f64
  match          body#[8, 9]  cutensornetContraction2_f64
  match          body#[10, 11]  cutensornetContraction2_f64
  match          body#[12, 13]  cutensornetContraction2_f64
  match          body#[14, 15]  cutensornetContraction2_f64
  no_match       body#16  ?
  no_match       body#17  ?
  no_match       body#18  ?
  no_match       body#19  ?
  no_match       body#20  ?
  no_match       body#21  ?
  match          body#[22, 23]  cutensornetContraction2_f64
  match          body#[24, 25]  cutensornetContraction2_f64
  match          body#[26, 27]  cutensornetContraction2_f64
  match          body#[28, 29]  cutensornetContraction2_f64
  match          body#[30, 31]  cutensornetContraction2_f64
  match          body#[32, 33]  cutensornetContraction2_f64
  no_match       body#34  ?
  total: 14 matched / 21 bodies
",0,[],0,0,0,0,/home/arjaiswal/Polygeist/issues/mfem_c_kernels/match_results/diffusion_apply_3d_stage_sliced/debufferized.mlir,37696,0,35,28,1100.44601932168,7,67020,0.6657913327217102,0,124,0,0,"[{""body_indices"": [0, 1], ""symbol"": ""cutensornetContraction2_f64""}, {""body_indices"": [2, 3], ""symbol"": ""cutensornetContraction2_f64""}, {""body_indices"": [4, 5], ""symbol"": ""cutensornetContraction2_f64""}, {""body_indices"": [6, 7], ""symbol"": ""cutensornetContraction2_f64""}, {""body_indices"": [8, 9], ""symbol"": ""cutensornetContraction2_f64""}, {""body_indices"": [10, 11], ""symbol"": ""cutensornetContraction2_f64""}, {""body_indices"": [12, 13], ""symbol"": ""cutensornetContraction2_f64""}, {""body_indices"": [14, 15], ""symbol"": ""cutensornetContraction2_f64""}, {""body_indices"": [22, 23], ""symbol"": ""cutensornetContraction2_f64""}, {""body_indices"": [24, 25], ""symbol"": ""cutensornetContraction2_f64""}, {""body_indices"": [26, 27], ""symbol"": ""cutensornetContraction2_f64""}, {""body_indices"": [28, 29], ""symbol"": ""cutensornetContraction2_f64""}, {""body_indices"": [30, 31], ""symbol"": ""cutensornetContraction2_f64""}, {""body_indices"": [32, 33], ""symbol"": ""cutensornetContraction2_f64""}]",14,0,124,0.0,124
mfem_kernel,diffusion_apply_3d_stage_sliced,/home/arjaiswal/Polygeist/issues/mfem_c_kernels/match_results/diffusion_apply_3d_stage_sliced/debufferized.mlir,83f46446c0492f3ec8f0291fb681cbe948fd1085aaceacbdec758e60b1cabb85,egglog,5,ok,0,6113.3480705320835,0,"[""/usr/bin/python3"", ""/home/arjaiswal/Polygeist/scripts/correctness/kernel_match_rewrite.py"", ""/home/arjaiswal/Polygeist/issues/mfem_c_kernels/match_results/diffusion_apply_3d_stage_sliced/debufferized.mlir"", ""--dry-run"", ""--matcher-mode"", ""egglog"", ""--telemetry-json"", ""/home/arjaiswal/Polygeist/issues/equality_saturation_eval/campaign_20260908/mfem_kernel-diffusion_apply_3d_stage_sliced-egglog-ym30fqeg.json"", ""--disable-semantic-fallback""]","== match report for /home/arjaiswal/Polygeist/issues/mfem_c_kernels/match_results/diffusion_apply_3d_stage_sliced/debufferized.mlir ==
  match          body#[0, 1]  cutensornetContraction2_f64
  match          body#[2, 3]  cutensornetContraction2_f64
  match          body#[4, 5]  cutensornetContraction2_f64
  match          body#[6, 7]  cutensornetContraction2_f64
  match          body#[8, 9]  cutensornetContraction2_f64
  match          body#[10, 11]  cutensornetContraction2_f64
  match          body#[12, 13]  cutensornetContraction2_f64
  match          body#[14, 15]  cutensornetContraction2_f64
  no_match       body#16  ?
  no_match       body#17  ?
  no_match       body#18  ?
  no_match       body#19  ?
  no_match       body#20  ?
  no_match       body#21  ?
  match          body#[22, 23]  cutensornetContraction2_f64
  match          body#[24, 25]  cutensornetContraction2_f64
  match          body#[26, 27]  cutensornetContraction2_f64
  match          body#[28, 29]  cutensornetContraction2_f64
  match          body#[30, 31]  cutensornetContraction2_f64
  match          body#[32, 33]  cutensornetContraction2_f64
  no_match       body#34  ?
  total: 14 matched / 21 bodies
",0,[],0,0,0,0,/home/arjaiswal/Polygeist/issues/mfem_c_kernels/match_results/diffusion_apply_3d_stage_sliced/debufferized.mlir,37696,8,35,28,5249.50135499239,7,71572,2765.3461433947086,124,124,0,112,"[{""body_indices"": [0, 1], ""symbol"": ""cutensornetContraction2_f64""}, {""body_indices"": [2, 3], ""symbol"": ""cutensornetContraction2_f64""}, {""body_indices"": [4, 5], ""symbol"": ""cutensornetContraction2_f64""}, {""body_indices"": [6, 7], ""symbol"": ""cutensornetContraction2_f64""}, {""body_indices"": [8, 9], ""symbol"": ""cutensornetContraction2_f64""}, {""body_indices"": [10, 11], ""symbol"": ""cutensornetContraction2_f64""}, {""body_indices"": [12, 13], ""symbol"": ""cutensornetContraction2_f64""}, {""body_indices"": [14, 15], ""symbol"": ""cutensornetContraction2_f64""}, {""body_indices"": [22, 23], ""symbol"": ""cutensornetContraction2_f64""}, {""body_indices"": [24, 25], ""symbol"": ""cutensornetContraction2_f64""}, {""body_indices"": [26, 27], ""symbol"": ""cutensornetContraction2_f64""}, {""body_indices"": [28, 29], ""symbol"": ""cutensornetContraction2_f64""}, {""body_indices"": [30, 31], ""symbol"": ""cutensornetContraction2_f64""}, {""body_indices"": [32, 33], ""symbol"": ""cutensornetContraction2_f64""}]",14,0,0,0.0,124
mfem_kernel,divdiv_apply_2d_stage_sliced,/home/arjaiswal/Polygeist/issues/mfem_c_kernels/match_results/divdiv_apply_2d_stage_sliced/debufferized.mlir,4b2f97d7a3eb05833ae80661625e886638b524d92e00586080f6ed065c9e47a7,egglog,1,ok,0,3783.3065167069435,0,"[""/usr/bin/python3"", ""/home/arjaiswal/Polygeist/scripts/correctness/kernel_match_rewrite.py"", ""/home/arjaiswal/Polygeist/issues/mfem_c_kernels/match_results/divdiv_apply_2d_stage_sliced/debufferized.mlir"", ""--dry-run"", ""--matcher-mode"", ""egglog"", ""--telemetry-json"", ""/home/arjaiswal/Polygeist/issues/equality_saturation_eval/campaign_20260908/mfem_kernel-divdiv_apply_2d_stage_sliced-egglog-5wpkrlrd.json"", ""--disable-semantic-fallback""]","== match report for /home/arjaiswal/Polygeist/issues/mfem_c_kernels/match_results/divdiv_apply_2d_stage_sliced/debufferized.mlir ==
  match          body#[0, 1]  cutensornetContraction2_f64
  match          body#[2, 3]  cutensornetContraction2_f64
  match          body#[4, 5]  cutensornetContraction2_f64
  match          body#[6, 7]  cutensornetContraction2_f64
  no_match       body#8  ?
  no_match       body#9  ?
  match          body#[10, 11]  cutensornetContraction2_f64
  no_match       body#12  ?
  no_match       body#13  ?
  match          body#[14, 15]  cutensornetContraction2_f64
  no_match       body#16  ?
  no_match       body#17  ?
  total: 6 matched / 12 bodies
",0,[],0,0,0,0,/home/arjaiswal/Polygeist/issues/mfem_c_kernels/match_results/divdiv_apply_2d_stage_sliced/debufferized.mlir,17949,8,18,12,2866.531081497669,6,70520,1388.0016133189201,88,88,0,96,"[{""body_indices"": [0, 1], ""symbol"": ""cutensornetContraction2_f64""}, {""body_indices"": [2, 3], ""symbol"": ""cutensornetContraction2_f64""}, {""body_indices"": [4, 5], ""symbol"": ""cutensornetContraction2_f64""}, {""body_indices"": [6, 7], ""symbol"": ""cutensornetContraction2_f64""}, {""body_indices"": [10, 11], ""symbol"": ""cutensornetContraction2_f64""}, {""body_indices"": [14, 15], ""symbol"": ""cutensornetContraction2_f64""}]",6,0,0,0.0,98
mfem_kernel,divdiv_apply_2d_stage_sliced,/home/arjaiswal/Polygeist/issues/mfem_c_kernels/match_results/divdiv_apply_2d_stage_sliced/debufferized.mlir,4b2f97d7a3eb05833ae80661625e886638b524d92e00586080f6ed065c9e47a7,syntactic,1,ok,0,1592.3007726669312,0,"[""/usr/bin/python3"", ""/home/arjaiswal/Polygeist/scripts/correctness/kernel_match_rewrite.py"", ""/home/arjaiswal/Polygeist/issues/mfem_c_kernels/match_results/divdiv_apply_2d_stage_sliced/debufferized.mlir"", ""--dry-run"", ""--matcher-mode"", ""syntactic"", ""--telemetry-json"", ""/home/arjaiswal/Polygeist/issues/equality_saturation_eval/campaign_20260908/mfem_kernel-divdiv_apply_2d_stage_sliced-syntactic-rzk5dh57.json"", ""--disable-semantic-fallback""]","== match report for /home/arjaiswal/Polygeist/issues/mfem_c_kernels/match_results/divdiv_apply_2d_stage_sliced/debufferized.mlir ==
  match          body#[0, 1]  cutensornetContraction2_f64
  match          body#[2, 3]  cutensornetContraction2_f64
  match          body#[4, 5]  cutensornetContraction2_f64
  match          body#[6, 7]  cutensornetContraction2_f64
  no_match       body#8  ?
  no_match       body#9  ?
  match          body#[10, 11]  cutensornetContraction2_f64
  no_match       body#12  ?
  no_match       body#13  ?
  match          body#[14, 15]  cutensornetContraction2_f64
  no_match       body#16  ?
  no_match       body#17  ?
  total: 6 matched / 12 bodies
",0,[],0,0,0,0,/home/arjaiswal/Polygeist/issues/mfem_c_kernels/match_results/divdiv_apply_2d_stage_sliced/debufferized.mlir,17949,0,18,12,886.4088281989098,6,66412,0.5904324352741241,0,88,0,0,"[{""body_indices"": [0, 1], ""symbol"": ""cutensornetContraction2_f64""}, {""body_indices"": [2, 3], ""symbol"": ""cutensornetContraction2_f64""}, {""body_indices"": [4, 5], ""symbol"": ""cutensornetContraction2_f64""}, {""body_indices"": [6, 7], ""symbol"": ""cutensornetContraction2_f64""}, {""body_indices"": [10, 11], ""symbol"": ""cutensornetContraction2_f64""}, {""body_indices"": [14, 15], ""symbol"": ""cutensornetContraction2_f64""}]",6,0,98,0.0,98
mfem_kernel,divdiv_apply_2d_stage_sliced,/home/arjaiswal/Polygeist/issues/mfem_c_kernels/match_results/divdiv_apply_2d_stage_sliced/debufferized.mlir,4b2f97d7a3eb05833ae80661625e886638b524d92e00586080f6ed065c9e47a7,syntactic,2,ok,0,1785.2167375385761,0,"[""/usr/bin/python3"", ""/home/arjaiswal/Polygeist/scripts/correctness/kernel_match_rewrite.py"", ""/home/arjaiswal/Polygeist/issues/mfem_c_kernels/match_results/divdiv_apply_2d_stage_sliced/debufferized.mlir"", ""--dry-run"", ""--matcher-mode"", ""syntactic"", ""--telemetry-json"", ""/home/arjaiswal/Polygeist/issues/equality_saturation_eval/campaign_20260908/mfem_kernel-divdiv_apply_2d_stage_sliced-syntactic-i6175ys6.json"", ""--disable-semantic-fallback""]","== match report for /home/arjaiswal/Polygeist/issues/mfem_c_kernels/match_results/divdiv_apply_2d_stage_sliced/debufferized.mlir ==
  match          body#[0, 1]  cutensornetContraction2_f64
  match          body#[2, 3]  cutensornetContraction2_f64
  match          body#[4, 5]  cutensornetContraction2_f64
  match          body#[6, 7]  cutensornetContraction2_f64
  no_match       body#8  ?
  no_match       body#9  ?
  match          body#[10, 11]  cutensornetContraction2_f64
  no_match       body#12  ?
  no_match       body#13  ?
  match          body#[14, 15]  cutensornetContraction2_f64
  no_match       body#16  ?
  no_match       body#17  ?
  total: 6 matched / 12 bodies
",0,[],0,0,0,0,/home/arjaiswal/Polygeist/issues/mfem_c_kernels/match_results/divdiv_apply_2d_stage_sliced/debufferized.mlir,17949,0,18,12,951.4574743807316,6,66372,0.8537359535694122,0,88,0,0,"[{""body_indices"": [0, 1], ""symbol"": ""cutensornetContraction2_f64""}, {""body_indices"": [2, 3], ""symbol"": ""cutensornetContraction2_f64""}, {""body_indices"": [4, 5], ""symbol"": ""cutensornetContraction2_f64""}, {""body_indices"": [6, 7], ""symbol"": ""cutensornetContraction2_f64""}, {""body_indices"": [10, 11], ""symbol"": ""cutensornetContraction2_f64""}, {""body_indices"": [14, 15], ""symbol"": ""cutensornetContraction2_f64""}]",6,0,98,0.0,98
mfem_kernel,divdiv_apply_2d_stage_sliced,/home/arjaiswal/Polygeist/issues/mfem_c_kernels/match_results/divdiv_apply_2d_stage_sliced/debufferized.mlir,4b2f97d7a3eb05833ae80661625e886638b524d92e00586080f6ed065c9e47a7,egglog,2,ok,0,5238.301124423742,0,"[""/usr/bin/python3"", ""/home/arjaiswal/Polygeist/scripts/correctness/kernel_match_rewrite.py"", ""/home/arjaiswal/Polygeist/issues/mfem_c_kernels/match_results/divdiv_apply_2d_stage_sliced/debufferized.mlir"", ""--dry-run"", ""--matcher-mode"", ""egglog"", ""--telemetry-json"", ""/home/arjaiswal/Polygeist/issues/equality_saturation_eval/campaign_20260908/mfem_kernel-divdiv_apply_2d_stage_sliced-egglog-40f7ph_j.json"", ""--disable-semantic-fallback""]","== match report for /home/arjaiswal/Polygeist/issues/mfem_c_kernels/match_results/divdiv_apply_2d_stage_sliced/debufferized.mlir ==
  match          body#[0, 1]  cutensornetContraction2_f64
  match          body#[2, 3]  cutensornetContraction2_f64
  match          body#[4, 5]  cutensornetContraction2_f64
  match          body#[6, 7]  cutensornetContraction2_f64
  no_match       body#8  ?
  no_match       body#9  ?
  match          body#[10, 11]  cutensornetContraction2_f64
  no_match       body#12  ?
  no_match       body#13  ?
  match          body#[14, 15]  cutensornetContraction2_f64
  no_match       body#16  ?
  no_match       body#17  ?
  total: 6 matched / 12 bodies
",0,[],0,0,0,0,/home/arjaiswal/Polygeist/issues/mfem_c_kernels/match_results/divdiv_apply_2d_stage_sliced/debufferized.mlir,17949,8,18,12,4140.423320233822,6,70424,2128.253974020481,88,88,0,96,"[{""body_indices"": [0, 1], ""symbol"": ""cutensornetContraction2_f64""}, {""body_indices"": [2, 3], ""symbol"": ""cutensornetContraction2_f64""}, {""body_indices"": [4, 5], ""symbol"": ""cutensornetContraction2_f64""}, {""body_indices"": [6, 7], ""symbol"": ""cutensornetContraction2_f64""}, {""body_indices"": [10, 11], ""symbol"": ""cutensornetContraction2_f64""}, {""body_indices"": [14, 15], ""symbol"": ""cutensornetContraction2_f64""}]",6,0,0,0.0,98
mfem_kernel,divdiv_apply_2d_stage_sliced,/home/arjaiswal/Polygeist/issues/mfem_c_kernels/match_results/divdiv_apply_2d_stage_sliced/debufferized.mlir,4b2f97d7a3eb05833ae80661625e886638b524d92e00586080f6ed065c9e47a7,egglog,3,ok,0,5625.213570892811,0,"[""/usr/bin/python3"", ""/home/arjaiswal/Polygeist/scripts/correctness/kernel_match_rewrite.py"", ""/home/arjaiswal/Polygeist/issues/mfem_c_kernels/match_results/divdiv_apply_2d_stage_sliced/debufferized.mlir"", ""--dry-run"", ""--matcher-mode"", ""egglog"", ""--telemetry-json"", ""/home/arjaiswal/Polygeist/issues/equality_saturation_eval/campaign_20260908/mfem_kernel-divdiv_apply_2d_stage_sliced-egglog-8elhawwj.json"", ""--disable-semantic-fallback""]","== match report for /home/arjaiswal/Polygeist/issues/mfem_c_kernels/match_results/divdiv_apply_2d_stage_sliced/debufferized.mlir ==
  match          body#[0, 1]  cutensornetContraction2_f64
  match          body#[2, 3]  cutensornetContraction2_f64
  match          body#[4, 5]  cutensornetContraction2_f64
  match          body#[6, 7]  cutensornetContraction2_f64
  no_match       body#8  ?
  no_match       body#9  ?
  match          body#[10, 11]  cutensornetContraction2_f64
  no_match       body#12  ?
  no_match       body#13  ?
  match          body#[14, 15]  cutensornetContraction2_f64
  no_match       body#16  ?
  no_match       body#17  ?
  total: 6 matched / 12 bodies
",0,[],0,0,0,0,/home/arjaiswal/Polygeist/issues/mfem_c_kernels/match_results/divdiv_apply_2d_stage_sliced/debufferized.mlir,17949,8,18,12,4239.848807454109,6,70572,2276.0605923831463,88,88,0,96,"[{""body_indices"": [0, 1], ""symbol"": ""cutensornetContraction2_f64""}, {""body_indices"": [2, 3], ""symbol"": ""cutensornetContraction2_f64""}, {""body_indices"": [4, 5], ""symbol"": ""cutensornetContraction2_f64""}, {""body_indices"": [6, 7], ""symbol"": ""cutensornetContraction2_f64""}, {""body_indices"": [10, 11], ""symbol"": ""cutensornetContraction2_f64""}, {""body_indices"": [14, 15], ""symbol"": ""cutensornetContraction2_f64""}]",6,0,0,0.0,98
mfem_kernel,divdiv_apply_2d_stage_sliced,/home/arjaiswal/Polygeist/issues/mfem_c_kernels/match_results/divdiv_apply_2d_stage_sliced/debufferized.mlir,4b2f97d7a3eb05833ae80661625e886638b524d92e00586080f6ed065c9e47a7,syntactic,3,ok,0,2985.5288974940777,0,"[""/usr/bin/python3"", ""/home/arjaiswal/Polygeist/scripts/correctness/kernel_match_rewrite.py"", ""/home/arjaiswal/Polygeist/issues/mfem_c_kernels/match_results/divdiv_apply_2d_stage_sliced/debufferized.mlir"", ""--dry-run"", ""--matcher-mode"", ""syntactic"", ""--telemetry-json"", ""/home/arjaiswal/Polygeist/issues/equality_saturation_eval/campaign_20260908/mfem_kernel-divdiv_apply_2d_stage_sliced-syntactic-ks0d2b99.json"", ""--disable-semantic-fallback""]","== match report for /home/arjaiswal/Polygeist/issues/mfem_c_kernels/match_results/divdiv_apply_2d_stage_sliced/debufferized.mlir ==
  match          body#[0, 1]  cutensornetContraction2_f64
  match          body#[2, 3]  cutensornetContraction2_f64
  match          body#[4, 5]  cutensornetContraction2_f64
  match          body#[6, 7]  cutensornetContraction2_f64
  no_match       body#8  ?
  no_match       body#9  ?
  match          body#[10, 11]  cutensornetContraction2_f64
  no_match       body#12  ?
  no_match       body#13  ?
  match          body#[14, 15]  cutensornetContraction2_f64
  no_match       body#16  ?
  no_match       body#17  ?
  total: 6 matched / 12 bodies
",0,[],0,0,0,0,/home/arjaiswal/Polygeist/issues/mfem_c_kernels/match_results/divdiv_apply_2d_stage_sliced/debufferized.mlir,17949,0,18,12,1680.1611259579659,6,66440,0.6183497607707977,0,88,0,0,"[{""body_indices"": [0, 1], ""symbol"": ""cutensornetContraction2_f64""}, {""body_indices"": [2, 3], ""symbol"": ""cutensornetContraction2_f64""}, {""body_indices"": [4, 5], ""symbol"": ""cutensornetContraction2_f64""}, {""body_indices"": [6, 7], ""symbol"": ""cutensornetContraction2_f64""}, {""body_indices"": [10, 11], ""symbol"": ""cutensornetContraction2_f64""}, {""body_indices"": [14, 15], ""symbol"": ""cutensornetContraction2_f64""}]",6,0,98,0.0,98
mfem_kernel,divdiv_apply_2d_stage_sliced,/home/arjaiswal/Polygeist/issues/mfem_c_kernels/match_results/divdiv_apply_2d_stage_sliced/debufferized.mlir,4b2f97d7a3eb05833ae80661625e886638b524d92e00586080f6ed065c9e47a7,syntactic,4,ok,0,2950.9543739259243,0,"[""/usr/bin/python3"", ""/home/arjaiswal/Polygeist/scripts/correctness/kernel_match_rewrite.py"", ""/home/arjaiswal/Polygeist/issues/mfem_c_kernels/match_results/divdiv_apply_2d_stage_sliced/debufferized.mlir"", ""--dry-run"", ""--matcher-mode"", ""syntactic"", ""--telemetry-json"", ""/home/arjaiswal/Polygeist/issues/equality_saturation_eval/campaign_20260908/mfem_kernel-divdiv_apply_2d_stage_sliced-syntactic-kx2st4nx.json"", ""--disable-semantic-fallback""]","== match report for /home/arjaiswal/Polygeist/issues/mfem_c_kernels/match_results/divdiv_apply_2d_stage_sliced/debufferized.mlir ==
  match          body#[0, 1]  cutensornetContraction2_f64
  match          body#[2, 3]  cutensornetContraction2_f64
  match          body#[4, 5]  cutensornetContraction2_f64
  match          body#[6, 7]  cutensornetContraction2_f64
  no_match       body#8  ?
  no_match       body#9  ?
  match          body#[10, 11]  cutensornetContraction2_f64
  no_match       body#12  ?
  no_match       body#13  ?
  match          body#[14, 15]  cutensornetContraction2_f64
  no_match       body#16  ?
  no_match       body#17  ?
  total: 6 matched / 12 bodies
",0,[],0,0,0,0,/home/arjaiswal/Polygeist/issues/mfem_c_kernels/match_results/divdiv_apply_2d_stage_sliced/debufferized.mlir,17949,0,18,12,1846.479520201683,6,66340,0.5701854825019836,0,88,0,0,"[{""body_indices"": [0, 1], ""symbol"": ""cutensornetContraction2_f64""}, {""body_indices"": [2, 3], ""symbol"": ""cutensornetContraction2_f64""}, {""body_indices"": [4, 5], ""symbol"": ""cutensornetContraction2_f64""}, {""body_indices"": [6, 7], ""symbol"": ""cutensornetContraction2_f64""}, {""body_indices"": [10, 11], ""symbol"": ""cutensornetContraction2_f64""}, {""body_indices"": [14, 15], ""symbol"": ""cutensornetContraction2_f64""}]",6,0,98,0.0,98
mfem_kernel,divdiv_apply_2d_stage_sliced,/home/arjaiswal/Polygeist/issues/mfem_c_kernels/match_results/divdiv_apply_2d_stage_sliced/debufferized.mlir,4b2f97d7a3eb05833ae80661625e886638b524d92e00586080f6ed065c9e47a7,egglog,4,ok,0,5201.680686324835,0,"[""/usr/bin/python3"", ""/home/arjaiswal/Polygeist/scripts/correctness/kernel_match_rewrite.py"", ""/home/arjaiswal/Polygeist/issues/mfem_c_kernels/match_results/divdiv_apply_2d_stage_sliced/debufferized.mlir"", ""--dry-run"", ""--matcher-mode"", ""egglog"", ""--telemetry-json"", ""/home/arjaiswal/Polygeist/issues/equality_saturation_eval/campaign_20260908/mfem_kernel-divdiv_apply_2d_stage_sliced-egglog-mz16o87j.json"", ""--disable-semantic-fallback""]","== match report for /home/arjaiswal/Polygeist/issues/mfem_c_kernels/match_results/divdiv_apply_2d_stage_sliced/debufferized.mlir ==
  match          body#[0, 1]  cutensornetContraction2_f64
  match          body#[2, 3]  cutensornetContraction2_f64
  match          body#[4, 5]  cutensornetContraction2_f64
  match          body#[6, 7]  cutensornetContraction2_f64
  no_match       body#8  ?
  no_match       body#9  ?
  match          body#[10, 11]  cutensornetContraction2_f64
  no_match       body#12  ?
  no_match       body#13  ?
  match          body#[14, 15]  cutensornetContraction2_f64
  no_match       body#16  ?
  no_match       body#17  ?
  total: 6 matched / 12 bodies
",0,[],0,0,0,0,/home/arjaiswal/Polygeist/issues/mfem_c_kernels/match_results/divdiv_apply_2d_stage_sliced/debufferized.mlir,17949,8,18,12,4093.2705141603947,6,70664,2104.7584041953087,88,88,0,96,"[{""body_indices"": [0, 1], ""symbol"": ""cutensornetContraction2_f64""}, {""body_indices"": [2, 3], ""symbol"": ""cutensornetContraction2_f64""}, {""body_indices"": [4, 5], ""symbol"": ""cutensornetContraction2_f64""}, {""body_indices"": [6, 7], ""symbol"": ""cutensornetContraction2_f64""}, {""body_indices"": [10, 11], ""symbol"": ""cutensornetContraction2_f64""}, {""body_indices"": [14, 15], ""symbol"": ""cutensornetContraction2_f64""}]",6,0,0,0.0,98
mfem_kernel,divdiv_apply_2d_stage_sliced,/home/arjaiswal/Polygeist/issues/mfem_c_kernels/match_results/divdiv_apply_2d_stage_sliced/debufferized.mlir,4b2f97d7a3eb05833ae80661625e886638b524d92e00586080f6ed065c9e47a7,egglog,5,ok,0,4094.465732574463,0,"[""/usr/bin/python3"", ""/home/arjaiswal/Polygeist/scripts/correctness/kernel_match_rewrite.py"", ""/home/arjaiswal/Polygeist/issues/mfem_c_kernels/match_results/divdiv_apply_2d_stage_sliced/debufferized.mlir"", ""--dry-run"", ""--matcher-mode"", ""egglog"", ""--telemetry-json"", ""/home/arjaiswal/Polygeist/issues/equality_saturation_eval/campaign_20260908/mfem_kernel-divdiv_apply_2d_stage_sliced-egglog-82_f31e4.json"", ""--disable-semantic-fallback""]","== match report for /home/arjaiswal/Polygeist/issues/mfem_c_kernels/match_results/divdiv_apply_2d_stage_sliced/debufferized.mlir ==
  match          body#[0, 1]  cutensornetContraction2_f64
  match          body#[2, 3]  cutensornetContraction2_f64
  match          body#[4, 5]  cutensornetContraction2_f64
  match          body#[6, 7]  cutensornetContraction2_f64
  no_match       body#8  ?
  no_match       body#9  ?
  match          body#[10, 11]  cutensornetContraction2_f64
  no_match       body#12  ?
  no_match       body#13  ?
  match          body#[14, 15]  cutensornetContraction2_f64
  no_match       body#16  ?
  no_match       body#17  ?
  total: 6 matched / 12 bodies
",0,[],0,0,0,0,/home/arjaiswal/Polygeist/issues/mfem_c_kernels/match_results/divdiv_apply_2d_stage_sliced/debufferized.mlir,17949,8,18,12,3192.2840774059296,6,70376,1777.8768986463547,88,88,0,96,"[{""body_indices"": [0, 1], ""symbol"": ""cutensornetContraction2_f64""}, {""body_indices"": [2, 3], ""symbol"": ""cutensornetContraction2_f64""}, {""body_indices"": [4, 5], ""symbol"": ""cutensornetContraction2_f64""}, {""body_indices"": [6, 7], ""symbol"": ""cutensornetContraction2_f64""}, {""body_indices"": [10, 11], ""symbol"": ""cutensornetContraction2_f64""}, {""body_indices"": [14, 15], ""symbol"": ""cutensornetContraction2_f64""}]",6,0,0,0.0,98
mfem_kernel,divdiv_apply_2d_stage_sliced,/home/arjaiswal/Polygeist/issues/mfem_c_kernels/match_results/divdiv_apply_2d_stage_sliced/debufferized.mlir,4b2f97d7a3eb05833ae80661625e886638b524d92e00586080f6ed065c9e47a7,syntactic,5,ok,0,3223.429262638092,0,"[""/usr/bin/python3"", ""/home/arjaiswal/Polygeist/scripts/correctness/kernel_match_rewrite.py"", ""/home/arjaiswal/Polygeist/issues/mfem_c_kernels/match_results/divdiv_apply_2d_stage_sliced/debufferized.mlir"", ""--dry-run"", ""--matcher-mode"", ""syntactic"", ""--telemetry-json"", ""/home/arjaiswal/Polygeist/issues/equality_saturation_eval/campaign_20260908/mfem_kernel-divdiv_apply_2d_stage_sliced-syntactic-hyd4wdek.json"", ""--disable-semantic-fallback""]","== match report for /home/arjaiswal/Polygeist/issues/mfem_c_kernels/match_results/divdiv_apply_2d_stage_sliced/debufferized.mlir ==
  match          body#[0, 1]  cutensornetContraction2_f64
  match          body#[2, 3]  cutensornetContraction2_f64
  match          body#[4, 5]  cutensornetContraction2_f64
  match          body#[6, 7]  cutensornetContraction2_f64
  no_match       body#8  ?
  no_match       body#9  ?
  match          body#[10, 11]  cutensornetContraction2_f64
  no_match       body#12  ?
  no_match       body#13  ?
  match          body#[14, 15]  cutensornetContraction2_f64
  no_match       body#16  ?
  no_match       body#17  ?
  total: 6 matched / 12 bodies
",0,[],0,0,0,0,/home/arjaiswal/Polygeist/issues/mfem_c_kernels/match_results/divdiv_apply_2d_stage_sliced/debufferized.mlir,17949,0,18,12,1875.5364269018173,6,66416,0.582672655582428,0,88,0,0,"[{""body_indices"": [0, 1], ""symbol"": ""cutensornetContraction2_f64""}, {""body_indices"": [2, 3], ""symbol"": ""cutensornetContraction2_f64""}, {""body_indices"": [4, 5], ""symbol"": ""cutensornetContraction2_f64""}, {""body_indices"": [6, 7], ""symbol"": ""cutensornetContraction2_f64""}, {""body_indices"": [10, 11], ""symbol"": ""cutensornetContraction2_f64""}, {""body_indices"": [14, 15], ""symbol"": ""cutensornetContraction2_f64""}]",6,0,98,0.0,98
mfem_kernel,divdiv_apply_3d_stage_sliced,/home/arjaiswal/Polygeist/issues/mfem_c_kernels/match_results/divdiv_apply_3d_stage_sliced/debufferized.mlir,a7418b024b43d0cfc64d8c25a2b6ca5030570c9be242eb655f1a33f788942dac,syntactic,1,ok,0,3261.089574545622,0,"[""/usr/bin/python3"", ""/home/arjaiswal/Polygeist/scripts/correctness/kernel_match_rewrite.py"", ""/home/arjaiswal/Polygeist/issues/mfem_c_kernels/match_results/divdiv_apply_3d_stage_sliced/debufferized.mlir"", ""--dry-run"", ""--matcher-mode"", ""syntactic"", ""--telemetry-json"", ""/home/arjaiswal/Polygeist/issues/equality_saturation_eval/campaign_20260908/mfem_kernel-divdiv_apply_3d_stage_sliced-syntactic-068msbom.json"", ""--disable-semantic-fallback""]","== match report for /home/arjaiswal/Polygeist/issues/mfem_c_kernels/match_results/divdiv_apply_3d_stage_sliced/debufferized.mlir ==
  match          body#[0, 1]  cutensornetContraction2_f64
  match          body#[2, 3]  cutensornetContraction2_f64
  match          body#[4, 5]  cutensornetContraction2_f64
  match          body#[6, 7]  cutensornetContraction2_f64
  match          body#[8, 9]  cutensornetContraction2_f64
  match          body#[10, 11]  cutensornetContraction2_f64
  match          body#[12, 13]  cutensornetContraction2_f64
  match          body#[14, 15]  cutensornetContraction2_f64
  match          body#[16, 17]  cutensornetContraction2_f64
  no_match       body#18  ?
  no_match       body#19  ?
  no_match       body#20  ?
  no_match       body#21  ?
  no_match       body#22  ?
  no_match       body#23  ?
  match          body#[24, 25]  cutensornetContraction2_f64
  match          body#[26, 27]  cutensornetContraction2_f64
  match          body#[28, 29]  cutensornetContraction2_f64
  no_match       body#30  ?
  no_match       body#31  ?
  no_match       body#32  ?
  total: 12 matched / 21 bodies
",0,[],0,0,0,0,/home/arjaiswal/Polygeist/issues/mfem_c_kernels/match_results/divdiv_apply_3d_stage_sliced/debufferized.mlir,34936,0,33,24,1992.932103574276,9,66892,0.6345994770526886,0,114,0,0,"[{""body_indices"": [0, 1], ""symbol"": ""cutensornetContraction2_f64""}, {""body_indices"": [2, 3], ""symbol"": ""cutensornetContraction2_f64""}, {""body_indices"": [4, 5], ""symbol"": ""cutensornetContraction2_f64""}, {""body_indices"": [6, 7], ""symbol"": ""cutensornetContraction2_f64""}, {""body_indices"": [8, 9], ""symbol"": ""cutensornetContraction2_f64""}, {""body_indices"": [10, 11], ""symbol"": ""cutensornetContraction2_f64""}, {""body_indices"": [12, 13], ""symbol"": ""cutensornetContraction2_f64""}, {""body_indices"": [14, 15], ""symbol"": ""cutensornetContraction2_f64""}, {""body_indices"": [16, 17], ""symbol"": ""cutensornetContraction2_f64""}, {""body_indices"": [24, 25], ""symbol"": ""cutensornetContraction2_f64""}, {""body_indices"": [26, 27], ""symbol"": ""cutensornetContraction2_f64""}, {""body_indices"": [28, 29], ""symbol"": ""cutensornetContraction2_f64""}]",12,0,114,0.0,114
mfem_kernel,divdiv_apply_3d_stage_sliced,/home/arjaiswal/Polygeist/issues/mfem_c_kernels/match_results/divdiv_apply_3d_stage_sliced/debufferized.mlir,a7418b024b43d0cfc64d8c25a2b6ca5030570c9be242eb655f1a33f788942dac,egglog,1,ok,0,6067.3402808606625,0,"[""/usr/bin/python3"", ""/home/arjaiswal/Polygeist/scripts/correctness/kernel_match_rewrite.py"", ""/home/arjaiswal/Polygeist/issues/mfem_c_kernels/match_results/divdiv_apply_3d_stage_sliced/debufferized.mlir"", ""--dry-run"", ""--matcher-mode"", ""egglog"", ""--telemetry-json"", ""/home/arjaiswal/Polygeist/issues/equality_saturation_eval/campaign_20260908/mfem_kernel-divdiv_apply_3d_stage_sliced-egglog-qyo2hpo0.json"", ""--disable-semantic-fallback""]","== match report for /home/arjaiswal/Polygeist/issues/mfem_c_kernels/match_results/divdiv_apply_3d_stage_sliced/debufferized.mlir ==
  match          body#[0, 1]  cutensornetContraction2_f64
  match          body#[2, 3]  cutensornetContraction2_f64
  match          body#[4, 5]  cutensornetContraction2_f64
  match          body#[6, 7]  cutensornetContraction2_f64
  match          body#[8, 9]  cutensornetContraction2_f64
  match          body#[10, 11]  cutensornetContraction2_f64
  match          body#[12, 13]  cutensornetContraction2_f64
  match          body#[14, 15]  cutensornetContraction2_f64
  match          body#[16, 17]  cutensornetContraction2_f64
  no_match       body#18  ?
  no_match       body#19  ?
  no_match       body#20  ?
  no_match       body#21  ?
  no_match       body#22  ?
  no_match       body#23  ?
  match          body#[24, 25]  cutensornetContraction2_f64
  match          body#[26, 27]  cutensornetContraction2_f64
  match          body#[28, 29]  cutensornetContraction2_f64
  no_match       body#30  ?
  no_match       body#31  ?
  no_match       body#32  ?
  total: 12 matched / 21 bodies
",0,[],0,0,0,0,/home/arjaiswal/Polygeist/issues/mfem_c_kernels/match_results/divdiv_apply_3d_stage_sliced/debufferized.mlir,34936,8,33,24,4614.7394850850105,9,71296,2069.3414881825447,114,114,0,96,"[{""body_indices"": [0, 1], ""symbol"": ""cutensornetContraction2_f64""}, {""body_indices"": [2, 3], ""symbol"": ""cutensornetContraction2_f64""}, {""body_indices"": [4, 5], ""symbol"": ""cutensornetContraction2_f64""}, {""body_indices"": [6, 7], ""symbol"": ""cutensornetContraction2_f64""}, {""body_indices"": [8, 9], ""symbol"": ""cutensornetContraction2_f64""}, {""body_indices"": [10, 11], ""symbol"": ""cutensornetContraction2_f64""}, {""body_indices"": [12, 13], ""symbol"": ""cutensornetContraction2_f64""}, {""body_indices"": [14, 15], ""symbol"": ""cutensornetContraction2_f64""}, {""body_indices"": [16, 17], ""symbol"": ""cutensornetContraction2_f64""}, {""body_indices"": [24, 25], ""symbol"": ""cutensornetContraction2_f64""}, {""body_indices"": [26, 27], ""symbol"": ""cutensornetContraction2_f64""}, {""body_indices"": [28, 29], ""symbol"": ""cutensornetContraction2_f64""}]",12,0,0,0.0,114
mfem_kernel,divdiv_apply_3d_stage_sliced,/home/arjaiswal/Polygeist/issues/mfem_c_kernels/match_results/divdiv_apply_3d_stage_sliced/debufferized.mlir,a7418b024b43d0cfc64d8c25a2b6ca5030570c9be242eb655f1a33f788942dac,egglog,2,ok,0,4917.641788721085,0,"[""/usr/bin/python3"", ""/home/arjaiswal/Polygeist/scripts/correctness/kernel_match_rewrite.py"", ""/home/arjaiswal/Polygeist/issues/mfem_c_kernels/match_results/divdiv_apply_3d_stage_sliced/debufferized.mlir"", ""--dry-run"", ""--matcher-mode"", ""egglog"", ""--telemetry-json"", ""/home/arjaiswal/Polygeist/issues/equality_saturation_eval/campaign_20260908/mfem_kernel-divdiv_apply_3d_stage_sliced-egglog-y6mrx_l5.json"", ""--disable-semantic-fallback""]","== match report for /home/arjaiswal/Polygeist/issues/mfem_c_kernels/match_results/divdiv_apply_3d_stage_sliced/debufferized.mlir ==
  match          body#[0, 1]  cutensornetContraction2_f64
  match          body#[2, 3]  cutensornetContraction2_f64
  match          body#[4, 5]  cutensornetContraction2_f64
  match          body#[6, 7]  cutensornetContraction2_f64
  match          body#[8, 9]  cutensornetContraction2_f64
  match          body#[10, 11]  cutensornetContraction2_f64
  match          body#[12, 13]  cutensornetContraction2_f64
  match          body#[14, 15]  cutensornetContraction2_f64
  match          body#[16, 17]  cutensornetContraction2_f64
  no_match       body#18  ?
  no_match       body#19  ?
  no_match       body#20  ?
  no_match       body#21  ?
  no_match       body#22  ?
  no_match       body#23  ?
  match          body#[24, 25]  cutensornetContraction2_f64
  match          body#[26, 27]  cutensornetContraction2_f64
  match          body#[28, 29]  cutensornetContraction2_f64
  no_match       body#30  ?
  no_match       body#31  ?
  no_match       body#32  ?
  total: 12 matched / 21 bodies
",0,[],0,0,0,0,/home/arjaiswal/Polygeist/issues/mfem_c_kernels/match_results/divdiv_apply_3d_stage_sliced/debufferized.mlir,34936,8,33,24,3764.6042108535767,9,71268,1904.459923505783,114,114,0,96,"[{""body_indices"": [0, 1], ""symbol"": ""cutensornetContraction2_f64""}, {""body_indices"": [2, 3], ""symbol"": ""cutensornetContraction2_f64""}, {""body_indices"": [4, 5], ""symbol"": ""cutensornetContraction2_f64""}, {""body_indices"": [6, 7], ""symbol"": ""cutensornetContraction2_f64""}, {""body_indices"": [8, 9], ""symbol"": ""cutensornetContraction2_f64""}, {""body_indices"": [10, 11], ""symbol"": ""cutensornetContraction2_f64""}, {""body_indices"": [12, 13], ""symbol"": ""cutensornetContraction2_f64""}, {""body_indices"": [14, 15], ""symbol"": ""cutensornetContraction2_f64""}, {""body_indices"": [16, 17], ""symbol"": ""cutensornetContraction2_f64""}, {""body_indices"": [24, 25], ""symbol"": ""cutensornetContraction2_f64""}, {""body_indices"": [26, 27], ""symbol"": ""cutensornetContraction2_f64""}, {""body_indices"": [28, 29], ""symbol"": ""cutensornetContraction2_f64""}]",12,0,0,0.0,114
mfem_kernel,divdiv_apply_3d_stage_sliced,/home/arjaiswal/Polygeist/issues/mfem_c_kernels/match_results/divdiv_apply_3d_stage_sliced/debufferized.mlir,a7418b024b43d0cfc64d8c25a2b6ca5030570c9be242eb655f1a33f788942dac,syntactic,2,ok,0,1841.7794927954674,0,"[""/usr/bin/python3"", ""/home/arjaiswal/Polygeist/scripts/correctness/kernel_match_rewrite.py"", ""/home/arjaiswal/Polygeist/issues/mfem_c_kernels/match_results/divdiv_apply_3d_stage_sliced/debufferized.mlir"", ""--dry-run"", ""--matcher-mode"", ""syntactic"", ""--telemetry-json"", ""/home/arjaiswal/Polygeist/issues/equality_saturation_eval/campaign_20260908/mfem_kernel-divdiv_apply_3d_stage_sliced-syntactic-mvchmfsk.json"", ""--disable-semantic-fallback""]","== match report for /home/arjaiswal/Polygeist/issues/mfem_c_kernels/match_results/divdiv_apply_3d_stage_sliced/debufferized.mlir ==
  match          body#[0, 1]  cutensornetContraction2_f64
  match          body#[2, 3]  cutensornetContraction2_f64
  match          body#[4, 5]  cutensornetContraction2_f64
  match          body#[6, 7]  cutensornetContraction2_f64
  match          body#[8, 9]  cutensornetContraction2_f64
  match          body#[10, 11]  cutensornetContraction2_f64
  match          body#[12, 13]  cutensornetContraction2_f64
  match          body#[14, 15]  cutensornetContraction2_f64
  match          body#[16, 17]  cutensornetContraction2_f64
  no_match       body#18  ?
  no_match       body#19  ?
  no_match       body#20  ?
  no_match       body#21  ?
  no_match       body#22  ?
  no_match       body#23  ?
  match          body#[24, 25]  cutensornetContraction2_f64
  match          body#[26, 27]  cutensornetContraction2_f64
  match          body#[28, 29]  cutensornetContraction2_f64
  no_match       body#30  ?
  no_match       body#31  ?
  no_match       body#32  ?
  total: 12 matched / 21 bodies
",0,[],0,0,0,0,/home/arjaiswal/Polygeist/issues/mfem_c_kernels/match_results/divdiv_apply_3d_stage_sliced/debufferized.mlir,34936,0,33,24,1070.6780664622784,9,66856,0.6664283573627472,0,114,0,0,"[{""body_indices"": [0, 1], ""symbol"": ""cutensornetContraction2_f64""}, {""body_indices"": [2, 3], ""symbol"": ""cutensornetContraction2_f64""}, {""body_indices"": [4, 5], ""symbol"": ""cutensornetContraction2_f64""}, {""body_indices"": [6, 7], ""symbol"": ""cutensornetContraction2_f64""}, {""body_indices"": [8, 9], ""symbol"": ""cutensornetContraction2_f64""}, {""body_indices"": [10, 11], ""symbol"": ""cutensornetContraction2_f64""}, {""body_indices"": [12, 13], ""symbol"": ""cutensornetContraction2_f64""}, {""body_indices"": [14, 15], ""symbol"": ""cutensornetContraction2_f64""}, {""body_indices"": [16, 17], ""symbol"": ""cutensornetContraction2_f64""}, {""body_indices"": [24, 25], ""symbol"": ""cutensornetContraction2_f64""}, {""body_indices"": [26, 27], ""symbol"": ""cutensornetContraction2_f64""}, {""body_indices"": [28, 29], ""symbol"": ""cutensornetContraction2_f64""}]",12,0,114,0.0,114
mfem_kernel,divdiv_apply_3d_stage_sliced,/home/arjaiswal/Polygeist/issues/mfem_c_kernels/match_results/divdiv_apply_3d_stage_sliced/debufferized.mlir,a7418b024b43d0cfc64d8c25a2b6ca5030570c9be242eb655f1a33f788942dac,syntactic,3,ok,0,1869.6738295257092,0,"[""/usr/bin/python3"", ""/home/arjaiswal/Polygeist/scripts/correctness/kernel_match_rewrite.py"", ""/home/arjaiswal/Polygeist/issues/mfem_c_kernels/match_results/divdiv_apply_3d_stage_sliced/debufferized.mlir"", ""--dry-run"", ""--matcher-mode"", ""syntactic"", ""--telemetry-json"", ""/home/arjaiswal/Polygeist/issues/equality_saturation_eval/campaign_20260908/mfem_kernel-divdiv_apply_3d_stage_sliced-syntactic-rx5g2d0e.json"", ""--disable-semantic-fallback""]","== match report for /home/arjaiswal/Polygeist/issues/mfem_c_kernels/match_results/divdiv_apply_3d_stage_sliced/debufferized.mlir ==
  match          body#[0, 1]  cutensornetContraction2_f64
  match          body#[2, 3]  cutensornetContraction2_f64
  match          body#[4, 5]  cutensornetContraction2_f64
  match          body#[6, 7]  cutensornetContraction2_f64
  match          body#[8, 9]  cutensornetContraction2_f64
  match          body#[10, 11]  cutensornetContraction2_f64
  match          body#[12, 13]  cutensornetContraction2_f64
  match          body#[14, 15]  cutensornetContraction2_f64
  match          body#[16, 17]  cutensornetContraction2_f64
  no_match       body#18  ?
  no_match       body#19  ?
  no_match       body#20  ?
  no_match       body#21  ?
  no_match       body#22  ?
  no_match       body#23  ?
  match          body#[24, 25]  cutensornetContraction2_f64
  match          body#[26, 27]  cutensornetContraction2_f64
  match          body#[28, 29]  cutensornetContraction2_f64
  no_match       body#30  ?
  no_match       body#31  ?
  no_match       body#32  ?
  total: 12 matched / 21 bodies
",0,[],0,0,0,0,/home/arjaiswal/Polygeist/issues/mfem_c_kernels/match_results/divdiv_apply_3d_stage_sliced/debufferized.mlir,34936,0,33,24,970.9243141114712,9,66892,0.5653835833072662,0,114,0,0,"[{""body_indices"": [0, 1], ""symbol"": ""cutensornetContraction2_f64""}, {""body_indices"": [2, 3], ""symbol"": ""cutensornetContraction2_f64""}, {""body_indices"": [4, 5], ""symbol"": ""cutensornetContraction2_f64""}, {""body_indices"": [6, 7], ""symbol"": ""cutensornetContraction2_f64""}, {""body_indices"": [8, 9], ""symbol"": ""cutensornetContraction2_f64""}, {""body_indices"": [10, 11], ""symbol"": ""cutensornetContraction2_f64""}, {""body_indices"": [12, 13], ""symbol"": ""cutensornetContraction2_f64""}, {""body_indices"": [14, 15], ""symbol"": ""cutensornetContraction2_f64""}, {""body_indices"": [16, 17], ""symbol"": ""cutensornetContraction2_f64""}, {""body_indices"": [24, 25], ""symbol"": ""cutensornetContraction2_f64""}, {""body_indices"": [26, 27], ""symbol"": ""cutensornetContraction2_f64""}, {""body_indices"": [28, 29], ""symbol"": ""cutensornetContraction2_f64""}]",12,0,114,0.0,114
mfem_kernel,divdiv_apply_3d_stage_sliced,/home/arjaiswal/Polygeist/issues/mfem_c_kernels/match_results/divdiv_apply_3d_stage_sliced/debufferized.mlir,a7418b024b43d0cfc64d8c25a2b6ca5030570c9be242eb655f1a33f788942dac,egglog,3,ok,0,5053.651604801416,0,"[""/usr/bin/python3"", ""/home/arjaiswal/Polygeist/scripts/correctness/kernel_match_rewrite.py"", ""/home/arjaiswal/Polygeist/issues/mfem_c_kernels/match_results/divdiv_apply_3d_stage_sliced/debufferized.mlir"", ""--dry-run"", ""--matcher-mode"", ""egglog"", ""--telemetry-json"", ""/home/arjaiswal/Polygeist/issues/equality_saturation_eval/campaign_20260908/mfem_kernel-divdiv_apply_3d_stage_sliced-egglog-g_k1usiv.json"", ""--disable-semantic-fallback""]","== match report for /home/arjaiswal/Polygeist/issues/mfem_c_kernels/match_results/divdiv_apply_3d_stage_sliced/debufferized.mlir ==
  match          body#[0, 1]  cutensornetContraction2_f64
  match          body#[2, 3]  cutensornetContraction2_f64
  match          body#[4, 5]  cutensornetContraction2_f64
  match          body#[6, 7]  cutensornetContraction2_f64
  match          body#[8, 9]  cutensornetContraction2_f64
  match          body#[10, 11]  cutensornetContraction2_f64
  match          body#[12, 13]  cutensornetContraction2_f64
  match          body#[14, 15]  cutensornetContraction2_f64
  match          body#[16, 17]  cutensornetContraction2_f64
  no_match       body#18  ?
  no_match       body#19  ?
  no_match       body#20  ?
  no_match       body#21  ?
  no_match       body#22  ?
  no_match       body#23  ?
  match          body#[24, 25]  cutensornetContraction2_f64
  match          body#[26, 27]  cutensornetContraction2_f64
  match          body#[28, 29]  cutensornetContraction2_f64
  no_match       body#30  ?
  no_match       body#31  ?
  no_match       body#32  ?
  total: 12 matched / 21 bodies
",0,[],0,0,0,0,/home/arjaiswal/Polygeist/issues/mfem_c_kernels/match_results/divdiv_apply_3d_stage_sliced/debufferized.mlir,34936,8,33,24,4254.176057875156,9,71304,2461.37897670269,114,114,0,96,"[{""body_indices"": [0, 1], ""symbol"": ""cutensornetContraction2_f64""}, {""body_indices"": [2, 3], ""symbol"": ""cutensornetContraction2_f64""}, {""body_indices"": [4, 5], ""symbol"": ""cutensornetContraction2_f64""}, {""body_indices"": [6, 7], ""symbol"": ""cutensornetContraction2_f64""}, {""body_indices"": [8, 9], ""symbol"": ""cutensornetContraction2_f64""}, {""body_indices"": [10, 11], ""symbol"": ""cutensornetContraction2_f64""}, {""body_indices"": [12, 13], ""symbol"": ""cutensornetContraction2_f64""}, {""body_indices"": [14, 15], ""symbol"": ""cutensornetContraction2_f64""}, {""body_indices"": [16, 17], ""symbol"": ""cutensornetContraction2_f64""}, {""body_indices"": [24, 25], ""symbol"": ""cutensornetContraction2_f64""}, {""body_indices"": [26, 27], ""symbol"": ""cutensornetContraction2_f64""}, {""body_indices"": [28, 29], ""symbol"": ""cutensornetContraction2_f64""}]",12,0,0,0.0,114
mfem_kernel,divdiv_apply_3d_stage_sliced,/home/arjaiswal/Polygeist/issues/mfem_c_kernels/match_results/divdiv_apply_3d_stage_sliced/debufferized.mlir,a7418b024b43d0cfc64d8c25a2b6ca5030570c9be242eb655f1a33f788942dac,egglog,4,ok,0,5399.665396660566,0,"[""/usr/bin/python3"", ""/home/arjaiswal/Polygeist/scripts/correctness/kernel_match_rewrite.py"", ""/home/arjaiswal/Polygeist/issues/mfem_c_kernels/match_results/divdiv_apply_3d_stage_sliced/debufferized.mlir"", ""--dry-run"", ""--matcher-mode"", ""egglog"", ""--telemetry-json"", ""/home/arjaiswal/Polygeist/issues/equality_saturation_eval/campaign_20260908/mfem_kernel-divdiv_apply_3d_stage_sliced-egglog-y_plf85k.json"", ""--disable-semantic-fallback""]","== match report for /home/arjaiswal/Polygeist/issues/mfem_c_kernels/match_results/divdiv_apply_3d_stage_sliced/debufferized.mlir ==
  match          body#[0, 1]  cutensornetContraction2_f64
  match          body#[2, 3]  cutensornetContraction2_f64
  match          body#[4, 5]  cutensornetContraction2_f64
  match          body#[6, 7]  cutensornetContraction2_f64
  match          body#[8, 9]  cutensornetContraction2_f64
  match          body#[10, 11]  cutensornetContraction2_f64
  match          body#[12, 13]  cutensornetContraction2_f64
  match          body#[14, 15]  cutensornetContraction2_f64
  match          body#[16, 17]  cutensornetContraction2_f64
  no_match       body#18  ?
  no_match       body#19  ?
  no_match       body#20  ?
  no_match       body#21  ?
  no_match       body#22  ?
  no_match       body#23  ?
  match          body#[24, 25]  cutensornetContraction2_f64
  match          body#[26, 27]  cutensornetContraction2_f64
  match          body#[28, 29]  cutensornetContraction2_f64
  no_match       body#30  ?
  no_match       body#31  ?
  no_match       body#32  ?
  total: 12 matched / 21 bodies
",0,[],0,0,0,0,/home/arjaiswal/Polygeist/issues/mfem_c_kernels/match_results/divdiv_apply_3d_stage_sliced/debufferized.mlir,34936,8,33,24,4115.211311727762,9,71396,2033.55086222291,114,114,0,96,"[{""body_indices"": [0, 1], ""symbol"": ""cutensornetContraction2_f64""}, {""body_indices"": [2, 3], ""symbol"": ""cutensornetContraction2_f64""}, {""body_indices"": [4, 5], ""symbol"": ""cutensornetContraction2_f64""}, {""body_indices"": [6, 7], ""symbol"": ""cutensornetContraction2_f64""}, {""body_indices"": [8, 9], ""symbol"": ""cutensornetContraction2_f64""}, {""body_indices"": [10, 11], ""symbol"": ""cutensornetContraction2_f64""}, {""body_indices"": [12, 13], ""symbol"": ""cutensornetContraction2_f64""}, {""body_indices"": [14, 15], ""symbol"": ""cutensornetContraction2_f64""}, {""body_indices"": [16, 17], ""symbol"": ""cutensornetContraction2_f64""}, {""body_indices"": [24, 25], ""symbol"": ""cutensornetContraction2_f64""}, {""body_indices"": [26, 27], ""symbol"": ""cutensornetContraction2_f64""}, {""body_indices"": [28, 29], ""symbol"": ""cutensornetContraction2_f64""}]",12,0,0,0.0,114
mfem_kernel,divdiv_apply_3d_stage_sliced,/home/arjaiswal/Polygeist/issues/mfem_c_kernels/match_results/divdiv_apply_3d_stage_sliced/debufferized.mlir,a7418b024b43d0cfc64d8c25a2b6ca5030570c9be242eb655f1a33f788942dac,syntactic,4,ok,0,1904.0339216589928,0,"[""/usr/bin/python3"", ""/home/arjaiswal/Polygeist/scripts/correctness/kernel_match_rewrite.py"", ""/home/arjaiswal/Polygeist/issues/mfem_c_kernels/match_results/divdiv_apply_3d_stage_sliced/debufferized.mlir"", ""--dry-run"", ""--matcher-mode"", ""syntactic"", ""--telemetry-json"", ""/home/arjaiswal/Polygeist/issues/equality_saturation_eval/campaign_20260908/mfem_kernel-divdiv_apply_3d_stage_sliced-syntactic-8q5_8fge.json"", ""--disable-semantic-fallback""]","== match report for /home/arjaiswal/Polygeist/issues/mfem_c_kernels/match_results/divdiv_apply_3d_stage_sliced/debufferized.mlir ==
  match          body#[0, 1]  cutensornetContraction2_f64
  match          body#[2, 3]  cutensornetContraction2_f64
  match          body#[4, 5]  cutensornetContraction2_f64
  match          body#[6, 7]  cutensornetContraction2_f64
  match          body#[8, 9]  cutensornetContraction2_f64
  match          body#[10, 11]  cutensornetContraction2_f64
  match          body#[12, 13]  cutensornetContraction2_f64
  match          body#[14, 15]  cutensornetContraction2_f64
  match          body#[16, 17]  cutensornetContraction2_f64
  no_match       body#18  ?
  no_match       body#19  ?
  no_match       body#20  ?
  no_match       body#21  ?
  no_match       body#22  ?
  no_match       body#23  ?
  match          body#[24, 25]  cutensornetContraction2_f64
  match          body#[26, 27]  cutensornetContraction2_f64
  match          body#[28, 29]  cutensornetContraction2_f64
  no_match       body#30  ?
  no_match       body#31  ?
  no_match       body#32  ?
  total: 12 matched / 21 bodies
",0,[],0,0,0,0,/home/arjaiswal/Polygeist/issues/mfem_c_kernels/match_results/divdiv_apply_3d_stage_sliced/debufferized.mlir,34936,0,33,24,1078.9978094398975,9,67008,0.7054619491100311,0,114,0,0,"[{""body_indices"": [0, 1], ""symbol"": ""cutensornetContraction2_f64""}, {""body_indices"": [2, 3], ""symbol"": ""cutensornetContraction2_f64""}, {""body_indices"": [4, 5], ""symbol"": ""cutensornetContraction2_f64""}, {""body_indices"": [6, 7], ""symbol"": ""cutensornetContraction2_f64""}, {""body_indices"": [8, 9], ""symbol"": ""cutensornetContraction2_f64""}, {""body_indices"": [10, 11], ""symbol"": ""cutensornetContraction2_f64""}, {""body_indices"": [12, 13], ""symbol"": ""cutensornetContraction2_f64""}, {""body_indices"": [14, 15], ""symbol"": ""cutensornetContraction2_f64""}, {""body_indices"": [16, 17], ""symbol"": ""cutensornetContraction2_f64""}, {""body_indices"": [24, 25], ""symbol"": ""cutensornetContraction2_f64""}, {""body_indices"": [26, 27], ""symbol"": ""cutensornetContraction2_f64""}, {""body_indices"": [28, 29], ""symbol"": ""cutensornetContraction2_f64""}]",12,0,114,0.0,114
mfem_kernel,divdiv_apply_3d_stage_sliced,/home/arjaiswal/Polygeist/issues/mfem_c_kernels/match_results/divdiv_apply_3d_stage_sliced/debufferized.mlir,a7418b024b43d0cfc64d8c25a2b6ca5030570c9be242eb655f1a33f788942dac,syntactic,5,ok,0,3678.309977054596,0,"[""/usr/bin/python3"", ""/home/arjaiswal/Polygeist/scripts/correctness/kernel_match_rewrite.py"", ""/home/arjaiswal/Polygeist/issues/mfem_c_kernels/match_results/divdiv_apply_3d_stage_sliced/debufferized.mlir"", ""--dry-run"", ""--matcher-mode"", ""syntactic"", ""--telemetry-json"", ""/home/arjaiswal/Polygeist/issues/equality_saturation_eval/campaign_20260908/mfem_kernel-divdiv_apply_3d_stage_sliced-syntactic-9svwosfq.json"", ""--disable-semantic-fallback""]","== match report for /home/arjaiswal/Polygeist/issues/mfem_c_kernels/match_results/divdiv_apply_3d_stage_sliced/debufferized.mlir ==
  match          body#[0, 1]  cutensornetContraction2_f64
  match          body#[2, 3]  cutensornetContraction2_f64
  match          body#[4, 5]  cutensornetContraction2_f64
  match          body#[6, 7]  cutensornetContraction2_f64
  match          body#[8, 9]  cutensornetContraction2_f64
  match          body#[10, 11]  cutensornetContraction2_f64
  match          body#[12, 13]  cutensornetContraction2_f64
  match          body#[14, 15]  cutensornetContraction2_f64
  match          body#[16, 17]  cutensornetContraction2_f64
  no_match       body#18  ?
  no_match       body#19  ?
  no_match       body#20  ?
  no_match       body#21  ?
  no_match       body#22  ?
  no_match       body#23  ?
  match          body#[24, 25]  cutensornetContraction2_f64
  match          body#[26, 27]  cutensornetContraction2_f64
  match          body#[28, 29]  cutensornetContraction2_f64
  no_match       body#30  ?
  no_match       body#31  ?
  no_match       body#32  ?
  total: 12 matched / 21 bodies
",0,[],0,0,0,0,/home/arjaiswal/Polygeist/issues/mfem_c_kernels/match_results/divdiv_apply_3d_stage_sliced/debufferized.mlir,34936,0,33,24,1973.2932671904564,9,67148,0.7089227437973022,0,114,0,0,"[{""body_indices"": [0, 1], ""symbol"": ""cutensornetContraction2_f64""}, {""body_indices"": [2, 3], ""symbol"": ""cutensornetContraction2_f64""}, {""body_indices"": [4, 5], ""symbol"": ""cutensornetContraction2_f64""}, {""body_indices"": [6, 7], ""symbol"": ""cutensornetContraction2_f64""}, {""body_indices"": [8, 9], ""symbol"": ""cutensornetContraction2_f64""}, {""body_indices"": [10, 11], ""symbol"": ""cutensornetContraction2_f64""}, {""body_indices"": [12, 13], ""symbol"": ""cutensornetContraction2_f64""}, {""body_indices"": [14, 15], ""symbol"": ""cutensornetContraction2_f64""}, {""body_indices"": [16, 17], ""symbol"": ""cutensornetContraction2_f64""}, {""body_indices"": [24, 25], ""symbol"": ""cutensornetContraction2_f64""}, {""body_indices"": [26, 27], ""symbol"": ""cutensornetContraction2_f64""}, {""body_indices"": [28, 29], ""symbol"": ""cutensornetContraction2_f64""}]",12,0,114,0.0,114
mfem_kernel,divdiv_apply_3d_stage_sliced,/home/arjaiswal/Polygeist/issues/mfem_c_kernels/match_results/divdiv_apply_3d_stage_sliced/debufferized.mlir,a7418b024b43d0cfc64d8c25a2b6ca5030570c9be242eb655f1a33f788942dac,egglog,5,ok,0,4129.337299615145,0,"[""/usr/bin/python3"", ""/home/arjaiswal/Polygeist/scripts/correctness/kernel_match_rewrite.py"", ""/home/arjaiswal/Polygeist/issues/mfem_c_kernels/match_results/divdiv_apply_3d_stage_sliced/debufferized.mlir"", ""--dry-run"", ""--matcher-mode"", ""egglog"", ""--telemetry-json"", ""/home/arjaiswal/Polygeist/issues/equality_saturation_eval/campaign_20260908/mfem_kernel-divdiv_apply_3d_stage_sliced-egglog-pytq_4b0.json"", ""--disable-semantic-fallback""]","== match report for /home/arjaiswal/Polygeist/issues/mfem_c_kernels/match_results/divdiv_apply_3d_stage_sliced/debufferized.mlir ==
  match          body#[0, 1]  cutensornetContraction2_f64
  match          body#[2, 3]  cutensornetContraction2_f64
  match          body#[4, 5]  cutensornetContraction2_f64
  match          body#[6, 7]  cutensornetContraction2_f64
  match          body#[8, 9]  cutensornetContraction2_f64
  match          body#[10, 11]  cutensornetContraction2_f64
  match          body#[12, 13]  cutensornetContraction2_f64
  match          body#[14, 15]  cutensornetContraction2_f64
  match          body#[16, 17]  cutensornetContraction2_f64
  no_match       body#18  ?
  no_match       body#19  ?
  no_match       body#20  ?
  no_match       body#21  ?
  no_match       body#22  ?
  no_match       body#23  ?
  match          body#[24, 25]  cutensornetContraction2_f64
  match          body#[26, 27]  cutensornetContraction2_f64
  match          body#[28, 29]  cutensornetContraction2_f64
  no_match       body#30  ?
  no_match       body#31  ?
  no_match       body#32  ?
  total: 12 matched / 21 bodies
",0,[],0,0,0,0,/home/arjaiswal/Polygeist/issues/mfem_c_kernels/match_results/divdiv_apply_3d_stage_sliced/debufferized.mlir,34936,8,33,24,2873.7839832901955,9,71324,1641.3699239492416,114,114,0,96,"[{""body_indices"": [0, 1], ""symbol"": ""cutensornetContraction2_f64""}, {""body_indices"": [2, 3], ""symbol"": ""cutensornetContraction2_f64""}, {""body_indices"": [4, 5], ""symbol"": ""cutensornetContraction2_f64""}, {""body_indices"": [6, 7], ""symbol"": ""cutensornetContraction2_f64""}, {""body_indices"": [8, 9], ""symbol"": ""cutensornetContraction2_f64""}, {""body_indices"": [10, 11], ""symbol"": ""cutensornetContraction2_f64""}, {""body_indices"": [12, 13], ""symbol"": ""cutensornetContraction2_f64""}, {""body_indices"": [14, 15], ""symbol"": ""cutensornetContraction2_f64""}, {""body_indices"": [16, 17], ""symbol"": ""cutensornetContraction2_f64""}, {""body_indices"": [24, 25], ""symbol"": ""cutensornetContraction2_f64""}, {""body_indices"": [26, 27], ""symbol"": ""cutensornetContraction2_f64""}, {""body_indices"": [28, 29], ""symbol"": ""cutensornetContraction2_f64""}]",12,0,0,0.0,114
mfem_kernel,elasticity_qpoint_2d_scalarized,/home/arjaiswal/Polygeist/issues/mfem_c_kernels/match_results/elasticity_qpoint_2d_scalarized/debufferized.mlir,0392961ea90b19c55978f0cf4dba0d345344196a30cfc01ef67f5eb3082e6959,egglog,1,ok,0,1960.2137543261051,0,"[""/usr/bin/python3"", ""/home/arjaiswal/Polygeist/scripts/correctness/kernel_match_rewrite.py"", ""/home/arjaiswal/Polygeist/issues/mfem_c_kernels/match_results/elasticity_qpoint_2d_scalarized/debufferized.mlir"", ""--dry-run"", ""--matcher-mode"", ""egglog"", ""--telemetry-json"", ""/home/arjaiswal/Polygeist/issues/equality_saturation_eval/campaign_20260908/mfem_kernel-elasticity_qpoint_2d_scalarized-egglog-t20llsyc.json"", ""--disable-semantic-fallback""]","== match report for /home/arjaiswal/Polygeist/issues/mfem_c_kernels/match_results/elasticity_qpoint_2d_scalarized/debufferized.mlir ==
  no_match       body#0  ?
  no_match       body#1  ?
  no_match       body#2  ?
  no_match       body#3  ?
  total: 0 matched / 4 bodies
",0,[],0,0,0,0,/home/arjaiswal/Polygeist/issues/mfem_c_kernels/match_results/elasticity_qpoint_2d_scalarized/debufferized.mlir,13403,8,4,0,921.2479330599308,4,67372,0.0,0,0,0,0,[],0,0,0,0.0,0
mfem_kernel,elasticity_qpoint_2d_scalarized,/home/arjaiswal/Polygeist/issues/mfem_c_kernels/match_results/elasticity_qpoint_2d_scalarized/debufferized.mlir,0392961ea90b19c55978f0cf4dba0d345344196a30cfc01ef67f5eb3082e6959,syntactic,1,ok,0,1565.7751224935055,0,"[""/usr/bin/python3"", ""/home/arjaiswal/Polygeist/scripts/correctness/kernel_match_rewrite.py"", ""/home/arjaiswal/Polygeist/issues/mfem_c_kernels/match_results/elasticity_qpoint_2d_scalarized/debufferized.mlir"", ""--dry-run"", ""--matcher-mode"", ""syntactic"", ""--telemetry-json"", ""/home/arjaiswal/Polygeist/issues/equality_saturation_eval/campaign_20260908/mfem_kernel-elasticity_qpoint_2d_scalarized-syntactic-92ff3aj_.json"", ""--disable-semantic-fallback""]","== match report for /home/arjaiswal/Polygeist/issues/mfem_c_kernels/match_results/elasticity_qpoint_2d_scalarized/debufferized.mlir ==
  no_match       body#0  ?
  no_match       body#1  ?
  no_match       body#2  ?
  no_match       body#3  ?
  total: 0 matched / 4 bodies
",0,[],0,0,0,0,/home/arjaiswal/Polygeist/issues/mfem_c_kernels/match_results/elasticity_qpoint_2d_scalarized/debufferized.mlir,13403,0,4,0,508.8127851486206,4,67280,0.0,0,0,0,0,[],0,0,0,0.0,0
mfem_kernel,elasticity_qpoint_2d_scalarized,/home/arjaiswal/Polygeist/issues/mfem_c_kernels/match_results/elasticity_qpoint_2d_scalarized/debufferized.mlir,0392961ea90b19c55978f0cf4dba0d345344196a30cfc01ef67f5eb3082e6959,syntactic,2,ok,0,1041.6672341525555,0,"[""/usr/bin/python3"", ""/home/arjaiswal/Polygeist/scripts/correctness/kernel_match_rewrite.py"", ""/home/arjaiswal/Polygeist/issues/mfem_c_kernels/match_results/elasticity_qpoint_2d_scalarized/debufferized.mlir"", ""--dry-run"", ""--matcher-mode"", ""syntactic"", ""--telemetry-json"", ""/home/arjaiswal/Polygeist/issues/equality_saturation_eval/campaign_20260908/mfem_kernel-elasticity_qpoint_2d_scalarized-syntactic-lut58t46.json"", ""--disable-semantic-fallback""]","== match report for /home/arjaiswal/Polygeist/issues/mfem_c_kernels/match_results/elasticity_qpoint_2d_scalarized/debufferized.mlir ==
  no_match       body#0  ?
  no_match       body#1  ?
  no_match       body#2  ?
  no_match       body#3  ?
  total: 0 matched / 4 bodies
",0,[],0,0,0,0,/home/arjaiswal/Polygeist/issues/mfem_c_kernels/match_results/elasticity_qpoint_2d_scalarized/debufferized.mlir,13403,0,4,0,498.6916668713093,4,67196,0.0,0,0,0,0,[],0,0,0,0.0,0
mfem_kernel,elasticity_qpoint_2d_scalarized,/home/arjaiswal/Polygeist/issues/mfem_c_kernels/match_results/elasticity_qpoint_2d_scalarized/debufferized.mlir,0392961ea90b19c55978f0cf4dba0d345344196a30cfc01ef67f5eb3082e6959,egglog,2,ok,0,1761.0851638019085,0,"[""/usr/bin/python3"", ""/home/arjaiswal/Polygeist/scripts/correctness/kernel_match_rewrite.py"", ""/home/arjaiswal/Polygeist/issues/mfem_c_kernels/match_results/elasticity_qpoint_2d_scalarized/debufferized.mlir"", ""--dry-run"", ""--matcher-mode"", ""egglog"", ""--telemetry-json"", ""/home/arjaiswal/Polygeist/issues/equality_saturation_eval/campaign_20260908/mfem_kernel-elasticity_qpoint_2d_scalarized-egglog-2hd_wsjp.json"", ""--disable-semantic-fallback""]","== match report for /home/arjaiswal/Polygeist/issues/mfem_c_kernels/match_results/elasticity_qpoint_2d_scalarized/debufferized.mlir ==
  no_match       body#0  ?
  no_match       body#1  ?
  no_match       body#2  ?
  no_match       body#3  ?
  total: 0 matched / 4 bodies
",0,[],0,0,0,0,/home/arjaiswal/Polygeist/issues/mfem_c_kernels/match_results/elasticity_qpoint_2d_scalarized/debufferized.mlir,13403,8,4,0,841.9111184775829,4,67264,0.0,0,0,0,0,[],0,0,0,0.0,0
mfem_kernel,elasticity_qpoint_2d_scalarized,/home/arjaiswal/Polygeist/issues/mfem_c_kernels/match_results/elasticity_qpoint_2d_scalarized/debufferized.mlir,0392961ea90b19c55978f0cf4dba0d345344196a30cfc01ef67f5eb3082e6959,egglog,3,ok,0,1915.853314101696,0,"[""/usr/bin/python3"", ""/home/arjaiswal/Polygeist/scripts/correctness/kernel_match_rewrite.py"", ""/home/arjaiswal/Polygeist/issues/mfem_c_kernels/match_results/elasticity_qpoint_2d_scalarized/debufferized.mlir"", ""--dry-run"", ""--matcher-mode"", ""egglog"", ""--telemetry-json"", ""/home/arjaiswal/Polygeist/issues/equality_saturation_eval/campaign_20260908/mfem_kernel-elasticity_qpoint_2d_scalarized-egglog-tsh4sbnv.json"", ""--disable-semantic-fallback""]","== match report for /home/arjaiswal/Polygeist/issues/mfem_c_kernels/match_results/elasticity_qpoint_2d_scalarized/debufferized.mlir ==
  no_match       body#0  ?
  no_match       body#1  ?
  no_match       body#2  ?
  no_match       body#3  ?
  total: 0 matched / 4 bodies
",0,[],0,0,0,0,/home/arjaiswal/Polygeist/issues/mfem_c_kernels/match_results/elasticity_qpoint_2d_scalarized/debufferized.mlir,13403,8,4,0,1018.4486322104931,4,67476,0.0,0,0,0,0,[],0,0,0,0.0,0
mfem_kernel,elasticity_qpoint_2d_scalarized,/home/arjaiswal/Polygeist/issues/mfem_c_kernels/match_results/elasticity_qpoint_2d_scalarized/debufferized.mlir,0392961ea90b19c55978f0cf4dba0d345344196a30cfc01ef67f5eb3082e6959,syntactic,3,ok,0,1198.3185671269894,0,"[""/usr/bin/python3"", ""/home/arjaiswal/Polygeist/scripts/correctness/kernel_match_rewrite.py"", ""/home/arjaiswal/Polygeist/issues/mfem_c_kernels/match_results/elasticity_qpoint_2d_scalarized/debufferized.mlir"", ""--dry-run"", ""--matcher-mode"", ""syntactic"", ""--telemetry-json"", ""/home/arjaiswal/Polygeist/issues/equality_saturation_eval/campaign_20260908/mfem_kernel-elasticity_qpoint_2d_scalarized-syntactic-vdd75ov1.json"", ""--disable-semantic-fallback""]","== match report for /home/arjaiswal/Polygeist/issues/mfem_c_kernels/match_results/elasticity_qpoint_2d_scalarized/debufferized.mlir ==
  no_match       body#0  ?
  no_match       body#1  ?
  no_match       body#2  ?
  no_match       body#3  ?
  total: 0 matched / 4 bodies
",0,[],0,0,0,0,/home/arjaiswal/Polygeist/issues/mfem_c_kernels/match_results/elasticity_qpoint_2d_scalarized/debufferized.mlir,13403,0,4,0,502.9071494936943,4,67100,0.0,0,0,0,0,[],0,0,0,0.0,0
mfem_kernel,elasticity_qpoint_2d_scalarized,/home/arjaiswal/Polygeist/issues/mfem_c_kernels/match_results/elasticity_qpoint_2d_scalarized/debufferized.mlir,0392961ea90b19c55978f0cf4dba0d345344196a30cfc01ef67f5eb3082e6959,syntactic,4,ok,0,1640.209786593914,0,"[""/usr/bin/python3"", ""/home/arjaiswal/Polygeist/scripts/correctness/kernel_match_rewrite.py"", ""/home/arjaiswal/Polygeist/issues/mfem_c_kernels/match_results/elasticity_qpoint_2d_scalarized/debufferized.mlir"", ""--dry-run"", ""--matcher-mode"", ""syntactic"", ""--telemetry-json"", ""/home/arjaiswal/Polygeist/issues/equality_saturation_eval/campaign_20260908/mfem_kernel-elasticity_qpoint_2d_scalarized-syntactic-jemnfcj_.json"", ""--disable-semantic-fallback""]","== match report for /home/arjaiswal/Polygeist/issues/mfem_c_kernels/match_results/elasticity_qpoint_2d_scalarized/debufferized.mlir ==
  no_match       body#0  ?
  no_match       body#1  ?
  no_match       body#2  ?
  no_match       body#3  ?
  total: 0 matched / 4 bodies
",0,[],0,0,0,0,/home/arjaiswal/Polygeist/issues/mfem_c_kernels/match_results/elasticity_qpoint_2d_scalarized/debufferized.mlir,13403,0,4,0,580.4777443408966,4,67232,0.0,0,0,0,0,[],0,0,0,0.0,0
mfem_kernel,elasticity_qpoint_2d_scalarized,/home/arjaiswal/Polygeist/issues/mfem_c_kernels/match_results/elasticity_qpoint_2d_scalarized/debufferized.mlir,0392961ea90b19c55978f0cf4dba0d345344196a30cfc01ef67f5eb3082e6959,egglog,4,ok,0,1848.3468852937222,0,"[""/usr/bin/python3"", ""/home/arjaiswal/Polygeist/scripts/correctness/kernel_match_rewrite.py"", ""/home/arjaiswal/Polygeist/issues/mfem_c_kernels/match_results/elasticity_qpoint_2d_scalarized/debufferized.mlir"", ""--dry-run"", ""--matcher-mode"", ""egglog"", ""--telemetry-json"", ""/home/arjaiswal/Polygeist/issues/equality_saturation_eval/campaign_20260908/mfem_kernel-elasticity_qpoint_2d_scalarized-egglog-qhgl7m4l.json"", ""--disable-semantic-fallback""]","== match report for /home/arjaiswal/Polygeist/issues/mfem_c_kernels/match_results/elasticity_qpoint_2d_scalarized/debufferized.mlir ==
  no_match       body#0  ?
  no_match       body#1  ?
  no_match       body#2  ?
  no_match       body#3  ?
  total: 0 matched / 4 bodies
",0,[],0,0,0,0,/home/arjaiswal/Polygeist/issues/mfem_c_kernels/match_results/elasticity_qpoint_2d_scalarized/debufferized.mlir,13403,8,4,0,970.9007777273655,4,67204,0.0,0,0,0,0,[],0,0,0,0.0,0
mfem_kernel,elasticity_qpoint_2d_scalarized,/home/arjaiswal/Polygeist/issues/mfem_c_kernels/match_results/elasticity_qpoint_2d_scalarized/debufferized.mlir,0392961ea90b19c55978f0cf4dba0d345344196a30cfc01ef67f5eb3082e6959,egglog,5,ok,0,1844.3509191274643,0,"[""/usr/bin/python3"", ""/home/arjaiswal/Polygeist/scripts/correctness/kernel_match_rewrite.py"", ""/home/arjaiswal/Polygeist/issues/mfem_c_kernels/match_results/elasticity_qpoint_2d_scalarized/debufferized.mlir"", ""--dry-run"", ""--matcher-mode"", ""egglog"", ""--telemetry-json"", ""/home/arjaiswal/Polygeist/issues/equality_saturation_eval/campaign_20260908/mfem_kernel-elasticity_qpoint_2d_scalarized-egglog-s8wpo222.json"", ""--disable-semantic-fallback""]","== match report for /home/arjaiswal/Polygeist/issues/mfem_c_kernels/match_results/elasticity_qpoint_2d_scalarized/debufferized.mlir ==
  no_match       body#0  ?
  no_match       body#1  ?
  no_match       body#2  ?
  no_match       body#3  ?
  total: 0 matched / 4 bodies
",0,[],0,0,0,0,/home/arjaiswal/Polygeist/issues/mfem_c_kernels/match_results/elasticity_qpoint_2d_scalarized/debufferized.mlir,13403,8,4,0,778.9176069200039,4,67316,0.0,0,0,0,0,[],0,0,0,0.0,0
mfem_kernel,elasticity_qpoint_2d_scalarized,/home/arjaiswal/Polygeist/issues/mfem_c_kernels/match_results/elasticity_qpoint_2d_scalarized/debufferized.mlir,0392961ea90b19c55978f0cf4dba0d345344196a30cfc01ef67f5eb3082e6959,syntactic,5,ok,0,2248.495787382126,0,"[""/usr/bin/python3"", ""/home/arjaiswal/Polygeist/scripts/correctness/kernel_match_rewrite.py"", ""/home/arjaiswal/Polygeist/issues/mfem_c_kernels/match_results/elasticity_qpoint_2d_scalarized/debufferized.mlir"", ""--dry-run"", ""--matcher-mode"", ""syntactic"", ""--telemetry-json"", ""/home/arjaiswal/Polygeist/issues/equality_saturation_eval/campaign_20260908/mfem_kernel-elasticity_qpoint_2d_scalarized-syntactic-70csyei7.json"", ""--disable-semantic-fallback""]","== match report for /home/arjaiswal/Polygeist/issues/mfem_c_kernels/match_results/elasticity_qpoint_2d_scalarized/debufferized.mlir ==
  no_match       body#0  ?
  no_match       body#1  ?
  no_match       body#2  ?
  no_match       body#3  ?
  total: 0 matched / 4 bodies
",0,[],0,0,0,0,/home/arjaiswal/Polygeist/issues/mfem_c_kernels/match_results/elasticity_qpoint_2d_scalarized/debufferized.mlir,13403,0,4,0,1009.8267383873463,4,67292,0.0,0,0,0,0,[],0,0,0,0.0,0
mfem_kernel,elasticity_qpoint_3d_scalarized,/home/arjaiswal/Polygeist/issues/mfem_c_kernels/match_results/elasticity_qpoint_3d_scalarized/debufferized.mlir,931e3ab488d01b30e0ab16af711b0c83884e431163d49ea71c282681d864edaa,syntactic,1,ok,0,3527.358654886484,0,"[""/usr/bin/python3"", ""/home/arjaiswal/Polygeist/scripts/correctness/kernel_match_rewrite.py"", ""/home/arjaiswal/Polygeist/issues/mfem_c_kernels/match_results/elasticity_qpoint_3d_scalarized/debufferized.mlir"", ""--dry-run"", ""--matcher-mode"", ""syntactic"", ""--telemetry-json"", ""/home/arjaiswal/Polygeist/issues/equality_saturation_eval/campaign_20260908/mfem_kernel-elasticity_qpoint_3d_scalarized-syntactic-_anmhvhp.json"", ""--disable-semantic-fallback""]","== match report for /home/arjaiswal/Polygeist/issues/mfem_c_kernels/match_results/elasticity_qpoint_3d_scalarized/debufferized.mlir ==
  no_match       body#0  ?
  no_match       body#1  ?
  no_match       body#2  ?
  no_match       body#3  ?
  no_match       body#4  ?
  no_match       body#5  ?
  no_match       body#6  ?
  no_match       body#7  ?
  no_match       body#8  ?
  total: 0 matched / 9 bodies
",0,[],0,0,0,0,/home/arjaiswal/Polygeist/issues/mfem_c_kernels/match_results/elasticity_qpoint_3d_scalarized/debufferized.mlir,47576,0,9,0,1863.6970184743404,9,70140,0.0,0,0,0,0,[],0,0,0,0.0,0
mfem_kernel,elasticity_qpoint_3d_scalarized,/home/arjaiswal/Polygeist/issues/mfem_c_kernels/match_results/elasticity_qpoint_3d_scalarized/debufferized.mlir,931e3ab488d01b30e0ab16af711b0c83884e431163d49ea71c282681d864edaa,egglog,1,ok,0,3983.739446848631,0,"[""/usr/bin/python3"", ""/home/arjaiswal/Polygeist/scripts/correctness/kernel_match_rewrite.py"", ""/home/arjaiswal/Polygeist/issues/mfem_c_kernels/match_results/elasticity_qpoint_3d_scalarized/debufferized.mlir"", ""--dry-run"", ""--matcher-mode"", ""egglog"", ""--telemetry-json"", ""/home/arjaiswal/Polygeist/issues/equality_saturation_eval/campaign_20260908/mfem_kernel-elasticity_qpoint_3d_scalarized-egglog-e3ottmi1.json"", ""--disable-semantic-fallback""]","== match report for /home/arjaiswal/Polygeist/issues/mfem_c_kernels/match_results/elasticity_qpoint_3d_scalarized/debufferized.mlir ==
  no_match       body#0  ?
  no_match       body#1  ?
  no_match       body#2  ?
  no_match       body#3  ?
  no_match       body#4  ?
  no_match       body#5  ?
  no_match       body#6  ?
  no_match       body#7  ?
  no_match       body#8  ?
  total: 0 matched / 9 bodies
",0,[],0,0,0,0,/home/arjaiswal/Polygeist/issues/mfem_c_kernels/match_results/elasticity_qpoint_3d_scalarized/debufferized.mlir,47576,8,9,0,2206.8994380533695,9,70192,0.0,0,0,0,0,[],0,0,0,0.0,0
mfem_kernel,elasticity_qpoint_3d_scalarized,/home/arjaiswal/Polygeist/issues/mfem_c_kernels/match_results/elasticity_qpoint_3d_scalarized/debufferized.mlir,931e3ab488d01b30e0ab16af711b0c83884e431163d49ea71c282681d864edaa,egglog,2,ok,0,4097.510311752558,0,"[""/usr/bin/python3"", ""/home/arjaiswal/Polygeist/scripts/correctness/kernel_match_rewrite.py"", ""/home/arjaiswal/Polygeist/issues/mfem_c_kernels/match_results/elasticity_qpoint_3d_scalarized/debufferized.mlir"", ""--dry-run"", ""--matcher-mode"", ""egglog"", ""--telemetry-json"", ""/home/arjaiswal/Polygeist/issues/equality_saturation_eval/campaign_20260908/mfem_kernel-elasticity_qpoint_3d_scalarized-egglog-ygc28v3m.json"", ""--disable-semantic-fallback""]","== match report for /home/arjaiswal/Polygeist/issues/mfem_c_kernels/match_results/elasticity_qpoint_3d_scalarized/debufferized.mlir ==
  no_match       body#0  ?
  no_match       body#1  ?
  no_match       body#2  ?
  no_match       body#3  ?
  no_match       body#4  ?
  no_match       body#5  ?
  no_match       body#6  ?
  no_match       body#7  ?
  no_match       body#8  ?
  total: 0 matched / 9 bodies
",0,[],0,0,0,0,/home/arjaiswal/Polygeist/issues/mfem_c_kernels/match_results/elasticity_qpoint_3d_scalarized/debufferized.mlir,47576,8,9,0,2176.7658926546574,9,70152,0.0,0,0,0,0,[],0,0,0,0.0,0
mfem_kernel,elasticity_qpoint_3d_scalarized,/home/arjaiswal/Polygeist/issues/mfem_c_kernels/match_results/elasticity_qpoint_3d_scalarized/debufferized.mlir,931e3ab488d01b30e0ab16af711b0c83884e431163d49ea71c282681d864edaa,syntactic,2,ok,0,4172.315001487732,0,"[""/usr/bin/python3"", ""/home/arjaiswal/Polygeist/scripts/correctness/kernel_match_rewrite.py"", ""/home/arjaiswal/Polygeist/issues/mfem_c_kernels/match_results/elasticity_qpoint_3d_scalarized/debufferized.mlir"", ""--dry-run"", ""--matcher-mode"", ""syntactic"", ""--telemetry-json"", ""/home/arjaiswal/Polygeist/issues/equality_saturation_eval/campaign_20260908/mfem_kernel-elasticity_qpoint_3d_scalarized-syntactic-ti0ajnhn.json"", ""--disable-semantic-fallback""]","== match report for /home/arjaiswal/Polygeist/issues/mfem_c_kernels/match_results/elasticity_qpoint_3d_scalarized/debufferized.mlir ==
  no_match       body#0  ?
  no_match       body#1  ?
  no_match       body#2  ?
  no_match       body#3  ?
  no_match       body#4  ?
  no_match       body#5  ?
  no_match       body#6  ?
  no_match       body#7  ?
  no_match       body#8  ?
  total: 0 matched / 9 bodies
",0,[],0,0,0,0,/home/arjaiswal/Polygeist/issues/mfem_c_kernels/match_results/elasticity_qpoint_3d_scalarized/debufferized.mlir,47576,0,9,0,2352.480698376894,9,70192,0.0,0,0,0,0,[],0,0,0,0.0,0
mfem_kernel,elasticity_qpoint_3d_scalarized,/home/arjaiswal/Polygeist/issues/mfem_c_kernels/match_results/elasticity_qpoint_3d_scalarized/debufferized.mlir,931e3ab488d01b30e0ab16af711b0c83884e431163d49ea71c282681d864edaa,syntactic,3,ok,0,3532.678719609976,0,"[""/usr/bin/python3"", ""/home/arjaiswal/Polygeist/scripts/correctness/kernel_match_rewrite.py"", ""/home/arjaiswal/Polygeist/issues/mfem_c_kernels/match_results/elasticity_qpoint_3d_scalarized/debufferized.mlir"", ""--dry-run"", ""--matcher-mode"", ""syntactic"", ""--telemetry-json"", ""/home/arjaiswal/Polygeist/issues/equality_saturation_eval/campaign_20260908/mfem_kernel-elasticity_qpoint_3d_scalarized-syntactic-zzihjaf_.json"", ""--disable-semantic-fallback""]","== match report for /home/arjaiswal/Polygeist/issues/mfem_c_kernels/match_results/elasticity_qpoint_3d_scalarized/debufferized.mlir ==
  no_match       body#0  ?
  no_match       body#1  ?
  no_match       body#2  ?
  no_match       body#3  ?
  no_match       body#4  ?
  no_match       body#5  ?
  no_match       body#6  ?
  no_match       body#7  ?
  no_match       body#8  ?
  total: 0 matched / 9 bodies
",0,[],0,0,0,0,/home/arjaiswal/Polygeist/issues/mfem_c_kernels/match_results/elasticity_qpoint_3d_scalarized/debufferized.mlir,47576,0,9,0,1905.4512195289135,9,70244,0.0,0,0,0,0,[],0,0,0,0.0,0
mfem_kernel,elasticity_qpoint_3d_scalarized,/home/arjaiswal/Polygeist/issues/mfem_c_kernels/match_results/elasticity_qpoint_3d_scalarized/debufferized.mlir,931e3ab488d01b30e0ab16af711b0c83884e431163d49ea71c282681d864edaa,egglog,3,ok,0,3762.971431016922,0,"[""/usr/bin/python3"", ""/home/arjaiswal/Polygeist/scripts/correctness/kernel_match_rewrite.py"", ""/home/arjaiswal/Polygeist/issues/mfem_c_kernels/match_results/elasticity_qpoint_3d_scalarized/debufferized.mlir"", ""--dry-run"", ""--matcher-mode"", ""egglog"", ""--telemetry-json"", ""/home/arjaiswal/Polygeist/issues/equality_saturation_eval/campaign_20260908/mfem_kernel-elasticity_qpoint_3d_scalarized-egglog-1p7kb4vp.json"", ""--disable-semantic-fallback""]","== match report for /home/arjaiswal/Polygeist/issues/mfem_c_kernels/match_results/elasticity_qpoint_3d_scalarized/debufferized.mlir ==
  no_match       body#0  ?
  no_match       body#1  ?
  no_match       body#2  ?
  no_match       body#3  ?
  no_match       body#4  ?
  no_match       body#5  ?
  no_match       body#6  ?
  no_match       body#7  ?
  no_match       body#8  ?
  total: 0 matched / 9 bodies
",0,[],0,0,0,0,/home/arjaiswal/Polygeist/issues/mfem_c_kernels/match_results/elasticity_qpoint_3d_scalarized/debufferized.mlir,47576,8,9,0,2697.086025029421,9,70344,0.0,0,0,0,0,[],0,0,0,0.0,0
mfem_kernel,elasticity_qpoint_3d_scalarized,/home/arjaiswal/Polygeist/issues/mfem_c_kernels/match_results/elasticity_qpoint_3d_scalarized/debufferized.mlir,931e3ab488d01b30e0ab16af711b0c83884e431163d49ea71c282681d864edaa,egglog,4,ok,0,4973.257124423981,0,"[""/usr/bin/python3"", ""/home/arjaiswal/Polygeist/scripts/correctness/kernel_match_rewrite.py"", ""/home/arjaiswal/Polygeist/issues/mfem_c_kernels/match_results/elasticity_qpoint_3d_scalarized/debufferized.mlir"", ""--dry-run"", ""--matcher-mode"", ""egglog"", ""--telemetry-json"", ""/home/arjaiswal/Polygeist/issues/equality_saturation_eval/campaign_20260908/mfem_kernel-elasticity_qpoint_3d_scalarized-egglog-m35na6yk.json"", ""--disable-semantic-fallback""]","== match report for /home/arjaiswal/Polygeist/issues/mfem_c_kernels/match_results/elasticity_qpoint_3d_scalarized/debufferized.mlir ==
  no_match       body#0  ?
  no_match       body#1  ?
  no_match       body#2  ?
  no_match       body#3  ?
  no_match       body#4  ?
  no_match       body#5  ?
  no_match       body#6  ?
  no_match       body#7  ?
  no_match       body#8  ?
  total: 0 matched / 9 bodies
",0,[],0,0,0,0,/home/arjaiswal/Polygeist/issues/mfem_c_kernels/match_results/elasticity_qpoint_3d_scalarized/debufferized.mlir,47576,8,9,0,2608.0015376210213,9,70340,0.0,0,0,0,0,[],0,0,0,0.0,0
mfem_kernel,elasticity_qpoint_3d_scalarized,/home/arjaiswal/Polygeist/issues/mfem_c_kernels/match_results/elasticity_qpoint_3d_scalarized/debufferized.mlir,931e3ab488d01b30e0ab16af711b0c83884e431163d49ea71c282681d864edaa,syntactic,4,ok,0,3296.972956508398,0,"[""/usr/bin/python3"", ""/home/arjaiswal/Polygeist/scripts/correctness/kernel_match_rewrite.py"", ""/home/arjaiswal/Polygeist/issues/mfem_c_kernels/match_results/elasticity_qpoint_3d_scalarized/debufferized.mlir"", ""--dry-run"", ""--matcher-mode"", ""syntactic"", ""--telemetry-json"", ""/home/arjaiswal/Polygeist/issues/equality_saturation_eval/campaign_20260908/mfem_kernel-elasticity_qpoint_3d_scalarized-syntactic-2domvw_p.json"", ""--disable-semantic-fallback""]","== match report for /home/arjaiswal/Polygeist/issues/mfem_c_kernels/match_results/elasticity_qpoint_3d_scalarized/debufferized.mlir ==
  no_match       body#0  ?
  no_match       body#1  ?
  no_match       body#2  ?
  no_match       body#3  ?
  no_match       body#4  ?
  no_match       body#5  ?
  no_match       body#6  ?
  no_match       body#7  ?
  no_match       body#8  ?
  total: 0 matched / 9 bodies
",0,[],0,0,0,0,/home/arjaiswal/Polygeist/issues/mfem_c_kernels/match_results/elasticity_qpoint_3d_scalarized/debufferized.mlir,47576,0,9,0,2143.1948505342007,9,70184,0.0,0,0,0,0,[],0,0,0,0.0,0
mfem_kernel,elasticity_qpoint_3d_scalarized,/home/arjaiswal/Polygeist/issues/mfem_c_kernels/match_results/elasticity_qpoint_3d_scalarized/debufferized.mlir,931e3ab488d01b30e0ab16af711b0c83884e431163d49ea71c282681d864edaa,syntactic,5,ok,0,3768.9649648964405,0,"[""/usr/bin/python3"", ""/home/arjaiswal/Polygeist/scripts/correctness/kernel_match_rewrite.py"", ""/home/arjaiswal/Polygeist/issues/mfem_c_kernels/match_results/elasticity_qpoint_3d_scalarized/debufferized.mlir"", ""--dry-run"", ""--matcher-mode"", ""syntactic"", ""--telemetry-json"", ""/home/arjaiswal/Polygeist/issues/equality_saturation_eval/campaign_20260908/mfem_kernel-elasticity_qpoint_3d_scalarized-syntactic-_qhq_ku8.json"", ""--disable-semantic-fallback""]","== match report for /home/arjaiswal/Polygeist/issues/mfem_c_kernels/match_results/elasticity_qpoint_3d_scalarized/debufferized.mlir ==
  no_match       body#0  ?
  no_match       body#1  ?
  no_match       body#2  ?
  no_match       body#3  ?
  no_match       body#4  ?
  no_match       body#5  ?
  no_match       body#6  ?
  no_match       body#7  ?
  no_match       body#8  ?
  total: 0 matched / 9 bodies
",0,[],0,0,0,0,/home/arjaiswal/Polygeist/issues/mfem_c_kernels/match_results/elasticity_qpoint_3d_scalarized/debufferized.mlir,47576,0,9,0,1842.4456268548965,9,70224,0.0,0,0,0,0,[],0,0,0,0.0,0
mfem_kernel,elasticity_qpoint_3d_scalarized,/home/arjaiswal/Polygeist/issues/mfem_c_kernels/match_results/elasticity_qpoint_3d_scalarized/debufferized.mlir,931e3ab488d01b30e0ab16af711b0c83884e431163d49ea71c282681d864edaa,egglog,5,ok,0,3375.000488013029,0,"[""/usr/bin/python3"", ""/home/arjaiswal/Polygeist/scripts/correctness/kernel_match_rewrite.py"", ""/home/arjaiswal/Polygeist/issues/mfem_c_kernels/match_results/elasticity_qpoint_3d_scalarized/debufferized.mlir"", ""--dry-run"", ""--matcher-mode"", ""egglog"", ""--telemetry-json"", ""/home/arjaiswal/Polygeist/issues/equality_saturation_eval/campaign_20260908/mfem_kernel-elasticity_qpoint_3d_scalarized-egglog-blr_7sbg.json"", ""--disable-semantic-fallback""]","== match report for /home/arjaiswal/Polygeist/issues/mfem_c_kernels/match_results/elasticity_qpoint_3d_scalarized/debufferized.mlir ==
  no_match       body#0  ?
  no_match       body#1  ?
  no_match       body#2  ?
  no_match       body#3  ?
  no_match       body#4  ?
  no_match       body#5  ?
  no_match       body#6  ?
  no_match       body#7  ?
  no_match       body#8  ?
  total: 0 matched / 9 bodies
",0,[],0,0,0,0,/home/arjaiswal/Polygeist/issues/mfem_c_kernels/match_results/elasticity_qpoint_3d_scalarized/debufferized.mlir,47576,8,9,0,1699.7937597334385,9,70244,0.0,0,0,0,0,[],0,0,0,0.0,0
mfem_kernel,integrate_grad_2d_stage_sliced,/home/arjaiswal/Polygeist/issues/mfem_c_kernels/match_results/integrate_grad_2d_stage_sliced/debufferized.mlir,ab05a793e22b4e0186981adabed4ce3859df0706a9303ba31cd5bd6413605eda,egglog,1,ok,0,2622.8759549558163,0,"[""/usr/bin/python3"", ""/home/arjaiswal/Polygeist/scripts/correctness/kernel_match_rewrite.py"", ""/home/arjaiswal/Polygeist/issues/mfem_c_kernels/match_results/integrate_grad_2d_stage_sliced/debufferized.mlir"", ""--dry-run"", ""--matcher-mode"", ""egglog"", ""--telemetry-json"", ""/home/arjaiswal/Polygeist/issues/equality_saturation_eval/campaign_20260908/mfem_kernel-integrate_grad_2d_stage_sliced-egglog-96jn29l0.json"", ""--disable-semantic-fallback""]","== match report for /home/arjaiswal/Polygeist/issues/mfem_c_kernels/match_results/integrate_grad_2d_stage_sliced/debufferized.mlir ==
  match          body#[0, 1]  cutensornetContraction2_f64
  match          body#[2, 3]  cutensornetContraction2_f64
  match          body#[4, 5]  cutensornetContraction2_f64
  match          body#[6, 7]  cutensornetContraction2_f64
  no_match       body#8  ?
  total: 4 matched / 5 bodies
",0,[],0,0,0,0,/home/arjaiswal/Polygeist/issues/mfem_c_kernels/match_results/integrate_grad_2d_stage_sliced/debufferized.mlir,9525,8,9,8,1488.3789606392384,1,70372,807.9163320362568,46,46,0,64,"[{""body_indices"": [0, 1], ""symbol"": ""cutensornetContraction2_f64""}, {""body_indices"": [2, 3], ""symbol"": ""cutensornetContraction2_f64""}, {""body_indices"": [4, 5], ""symbol"": ""cutensornetContraction2_f64""}, {""body_indices"": [6, 7], ""symbol"": ""cutensornetContraction2_f64""}]",4,0,0,0.0,46
mfem_kernel,integrate_grad_2d_stage_sliced,/home/arjaiswal/Polygeist/issues/mfem_c_kernels/match_results/integrate_grad_2d_stage_sliced/debufferized.mlir,ab05a793e22b4e0186981adabed4ce3859df0706a9303ba31cd5bd6413605eda,syntactic,1,ok,0,1994.3719282746315,0,"[""/usr/bin/python3"", ""/home/arjaiswal/Polygeist/scripts/correctness/kernel_match_rewrite.py"", ""/home/arjaiswal/Polygeist/issues/mfem_c_kernels/match_results/integrate_grad_2d_stage_sliced/debufferized.mlir"", ""--dry-run"", ""--matcher-mode"", ""syntactic"", ""--telemetry-json"", ""/home/arjaiswal/Polygeist/issues/equality_saturation_eval/campaign_20260908/mfem_kernel-integrate_grad_2d_stage_sliced-syntactic-jjxvdd7z.json"", ""--disable-semantic-fallback""]","== match report for /home/arjaiswal/Polygeist/issues/mfem_c_kernels/match_results/integrate_grad_2d_stage_sliced/debufferized.mlir ==
  match          body#[0, 1]  cutensornetContraction2_f64
  match          body#[2, 3]  cutensornetContraction2_f64
  match          body#[4, 5]  cutensornetContraction2_f64
  match          body#[6, 7]  cutensornetContraction2_f64
  no_match       body#8  ?
  total: 4 matched / 5 bodies
",0,[],0,0,0,0,/home/arjaiswal/Polygeist/issues/mfem_c_kernels/match_results/integrate_grad_2d_stage_sliced/debufferized.mlir,9525,0,9,8,989.2892763018608,1,65976,0.34105032682418823,0,46,0,0,"[{""body_indices"": [0, 1], ""symbol"": ""cutensornetContraction2_f64""}, {""body_indices"": [2, 3], ""symbol"": ""cutensornetContraction2_f64""}, {""body_indices"": [4, 5], ""symbol"": ""cutensornetContraction2_f64""}, {""body_indices"": [6, 7], ""symbol"": ""cutensornetContraction2_f64""}]",4,0,46,0.0,46
mfem_kernel,integrate_grad_2d_stage_sliced,/home/arjaiswal/Polygeist/issues/mfem_c_kernels/match_results/integrate_grad_2d_stage_sliced/debufferized.mlir,ab05a793e22b4e0186981adabed4ce3859df0706a9303ba31cd5bd6413605eda,syntactic,2,ok,0,1837.2157365083694,0,"[""/usr/bin/python3"", ""/home/arjaiswal/Polygeist/scripts/correctness/kernel_match_rewrite.py"", ""/home/arjaiswal/Polygeist/issues/mfem_c_kernels/match_results/integrate_grad_2d_stage_sliced/debufferized.mlir"", ""--dry-run"", ""--matcher-mode"", ""syntactic"", ""--telemetry-json"", ""/home/arjaiswal/Polygeist/issues/equality_saturation_eval/campaign_20260908/mfem_kernel-integrate_grad_2d_stage_sliced-syntactic-1bbb08r1.json"", ""--disable-semantic-fallback""]","== match report for /home/arjaiswal/Polygeist/issues/mfem_c_kernels/match_results/integrate_grad_2d_stage_sliced/debufferized.mlir ==
  match          body#[0, 1]  cutensornetContraction2_f64
  match          body#[2, 3]  cutensornetContraction2_f64
  match          body#[4, 5]  cutensornetContraction2_f64
  match          body#[6, 7]  cutensornetContraction2_f64
  no_match       body#8  ?
  total: 4 matched / 5 bodies
",0,[],0,0,0,0,/home/arjaiswal/Polygeist/issues/mfem_c_kernels/match_results/integrate_grad_2d_stage_sliced/debufferized.mlir,9525,0,9,8,758.4772706031799,1,65864,0.29297173023223877,0,46,0,0,"[{""body_indices"": [0, 1], ""symbol"": ""cutensornetContraction2_f64""}, {""body_indices"": [2, 3], ""symbol"": ""cutensornetContraction2_f64""}, {""body_indices"": [4, 5], ""symbol"": ""cutensornetContraction2_f64""}, {""body_indices"": [6, 7], ""symbol"": ""cutensornetContraction2_f64""}]",4,0,46,0.0,46
mfem_kernel,integrate_grad_2d_stage_sliced,/home/arjaiswal/Polygeist/issues/mfem_c_kernels/match_results/integrate_grad_2d_stage_sliced/debufferized.mlir,ab05a793e22b4e0186981adabed4ce3859df0706a9303ba31cd5bd6413605eda,egglog,2,ok,0,3450.551073998213,0,"[""/usr/bin/python3"", ""/home/arjaiswal/Polygeist/scripts/correctness/kernel_match_rewrite.py"", ""/home/arjaiswal/Polygeist/issues/mfem_c_kernels/match_results/integrate_grad_2d_stage_sliced/debufferized.mlir"", ""--dry-run"", ""--matcher-mode"", ""egglog"", ""--telemetry-json"", ""/home/arjaiswal/Polygeist/issues/equality_saturation_eval/campaign_20260908/mfem_kernel-integrate_grad_2d_stage_sliced-egglog-rztu9f4a.json"", ""--disable-semantic-fallback""]","== match report for /home/arjaiswal/Polygeist/issues/mfem_c_kernels/match_results/integrate_grad_2d_stage_sliced/debufferized.mlir ==
  match          body#[0, 1]  cutensornetContraction2_f64
  match          body#[2, 3]  cutensornetContraction2_f64
  match          body#[4, 5]  cutensornetContraction2_f64
  match          body#[6, 7]  cutensornetContraction2_f64
  no_match       body#8  ?
  total: 4 matched / 5 bodies
",0,[],0,0,0,0,/home/arjaiswal/Polygeist/issues/mfem_c_kernels/match_results/integrate_grad_2d_stage_sliced/debufferized.mlir,9525,8,9,8,2563.4004063904285,1,70288,1032.0203751325607,46,46,0,64,"[{""body_indices"": [0, 1], ""symbol"": ""cutensornetContraction2_f64""}, {""body_indices"": [2, 3], ""symbol"": ""cutensornetContraction2_f64""}, {""body_indices"": [4, 5], ""symbol"": ""cutensornetContraction2_f64""}, {""body_indices"": [6, 7], ""symbol"": ""cutensornetContraction2_f64""}]",4,0,0,0.0,46
mfem_kernel,integrate_grad_2d_stage_sliced,/home/arjaiswal/Polygeist/issues/mfem_c_kernels/match_results/integrate_grad_2d_stage_sliced/debufferized.mlir,ab05a793e22b4e0186981adabed4ce3859df0706a9303ba31cd5bd6413605eda,egglog,3,ok,0,1593.2703129947186,0,"[""/usr/bin/python3"", ""/home/arjaiswal/Polygeist/scripts/correctness/kernel_match_rewrite.py"", ""/home/arjaiswal/Polygeist/issues/mfem_c_kernels/match_results/integrate_grad_2d_stage_sliced/debufferized.mlir"", ""--dry-run"", ""--matcher-mode"", ""egglog"", ""--telemetry-json"", ""/home/arjaiswal/Polygeist/issues/equality_saturation_eval/campaign_20260908/mfem_kernel-integrate_grad_2d_stage_sliced-egglog-azpd4zgj.json"", ""--disable-semantic-fallback""]","== match report for /home/arjaiswal/Polygeist/issues/mfem_c_kernels/match_results/integrate_grad_2d_stage_sliced/debufferized.mlir ==
  match          body#[0, 1]  cutensornetContraction2_f64
  match          body#[2, 3]  cutensornetContraction2_f64
  match          body#[4, 5]  cutensornetContraction2_f64
  match          body#[6, 7]  cutensornetContraction2_f64
  no_match       body#8  ?
  total: 4 matched / 5 bodies
",0,[],0,0,0,0,/home/arjaiswal/Polygeist/issues/mfem_c_kernels/match_results/integrate_grad_2d_stage_sliced/debufferized.mlir,9525,8,9,8,1058.7656311690807,1,70336,553.0691966414452,46,46,0,64,"[{""body_indices"": [0, 1], ""symbol"": ""cutensornetContraction2_f64""}, {""body_indices"": [2, 3], ""symbol"": ""cutensornetContraction2_f64""}, {""body_indices"": [4, 5], ""symbol"": ""cutensornetContraction2_f64""}, {""body_indices"": [6, 7], ""symbol"": ""cutensornetContraction2_f64""}]",4,0,0,0.0,46
mfem_kernel,integrate_grad_2d_stage_sliced,/home/arjaiswal/Polygeist/issues/mfem_c_kernels/match_results/integrate_grad_2d_stage_sliced/debufferized.mlir,ab05a793e22b4e0186981adabed4ce3859df0706a9303ba31cd5bd6413605eda,syntactic,3,ok,0,1614.423267543316,0,"[""/usr/bin/python3"", ""/home/arjaiswal/Polygeist/scripts/correctness/kernel_match_rewrite.py"", ""/home/arjaiswal/Polygeist/issues/mfem_c_kernels/match_results/integrate_grad_2d_stage_sliced/debufferized.mlir"", ""--dry-run"", ""--matcher-mode"", ""syntactic"", ""--telemetry-json"", ""/home/arjaiswal/Polygeist/issues/equality_saturation_eval/campaign_20260908/mfem_kernel-integrate_grad_2d_stage_sliced-syntactic-gzus1qv5.json"", ""--disable-semantic-fallback""]","== match report for /home/arjaiswal/Polygeist/issues/mfem_c_kernels/match_results/integrate_grad_2d_stage_sliced/debufferized.mlir ==
  match          body#[0, 1]  cutensornetContraction2_f64
  match          body#[2, 3]  cutensornetContraction2_f64
  match          body#[4, 5]  cutensornetContraction2_f64
  match          body#[6, 7]  cutensornetContraction2_f64
  no_match       body#8  ?
  total: 4 matched / 5 bodies
",0,[],0,0,0,0,/home/arjaiswal/Polygeist/issues/mfem_c_kernels/match_results/integrate_grad_2d_stage_sliced/debufferized.mlir,9525,0,9,8,877.216525375843,1,65836,0.3338716924190521,0,46,0,0,"[{""body_indices"": [0, 1], ""symbol"": ""cutensornetContraction2_f64""}, {""body_indices"": [2, 3], ""symbol"": ""cutensornetContraction2_f64""}, {""body_indices"": [4, 5], ""symbol"": ""cutensornetContraction2_f64""}, {""body_indices"": [6, 7], ""symbol"": ""cutensornetContraction2_f64""}]",4,0,46,0.0,46
mfem_kernel,integrate_grad_2d_stage_sliced,/home/arjaiswal/Polygeist/issues/mfem_c_kernels/match_results/integrate_grad_2d_stage_sliced/debufferized.mlir,ab05a793e22b4e0186981adabed4ce3859df0706a9303ba31cd5bd6413605eda,syntactic,4,ok,0,1127.2791996598244,0,"[""/usr/bin/python3"", ""/home/arjaiswal/Polygeist/scripts/correctness/kernel_match_rewrite.py"", ""/home/arjaiswal/Polygeist/issues/mfem_c_kernels/match_results/integrate_grad_2d_stage_sliced/debufferized.mlir"", ""--dry-run"", ""--matcher-mode"", ""syntactic"", ""--telemetry-json"", ""/home/arjaiswal/Polygeist/issues/equality_saturation_eval/campaign_20260908/mfem_kernel-integrate_grad_2d_stage_sliced-syntactic-xxq7o0bl.json"", ""--disable-semantic-fallback""]","== match report for /home/arjaiswal/Polygeist/issues/mfem_c_kernels/match_results/integrate_grad_2d_stage_sliced/debufferized.mlir ==
  match          body#[0, 1]  cutensornetContraction2_f64
  match          body#[2, 3]  cutensornetContraction2_f64
  match          body#[4, 5]  cutensornetContraction2_f64
  match          body#[6, 7]  cutensornetContraction2_f64
  no_match       body#8  ?
  total: 4 matched / 5 bodies
",0,[],0,0,0,0,/home/arjaiswal/Polygeist/issues/mfem_c_kernels/match_results/integrate_grad_2d_stage_sliced/debufferized.mlir,9525,0,9,8,530.2863754332066,1,66032,0.3092959523200989,0,46,0,0,"[{""body_indices"": [0, 1], ""symbol"": ""cutensornetContraction2_f64""}, {""body_indices"": [2, 3], ""symbol"": ""cutensornetContraction2_f64""}, {""body_indices"": [4, 5], ""symbol"": ""cutensornetContraction2_f64""}, {""body_indices"": [6, 7], ""symbol"": ""cutensornetContraction2_f64""}]",4,0,46,0.0,46
mfem_kernel,integrate_grad_2d_stage_sliced,/home/arjaiswal/Polygeist/issues/mfem_c_kernels/match_results/integrate_grad_2d_stage_sliced/debufferized.mlir,ab05a793e22b4e0186981adabed4ce3859df0706a9303ba31cd5bd6413605eda,egglog,4,ok,0,2848.229493945837,0,"[""/usr/bin/python3"", ""/home/arjaiswal/Polygeist/scripts/correctness/kernel_match_rewrite.py"", ""/home/arjaiswal/Polygeist/issues/mfem_c_kernels/match_results/integrate_grad_2d_stage_sliced/debufferized.mlir"", ""--dry-run"", ""--matcher-mode"", ""egglog"", ""--telemetry-json"", ""/home/arjaiswal/Polygeist/issues/equality_saturation_eval/campaign_20260908/mfem_kernel-integrate_grad_2d_stage_sliced-egglog-tp6ppjdr.json"", ""--disable-semantic-fallback""]","== match report for /home/arjaiswal/Polygeist/issues/mfem_c_kernels/match_results/integrate_grad_2d_stage_sliced/debufferized.mlir ==
  match          body#[0, 1]  cutensornetContraction2_f64
  match          body#[2, 3]  cutensornetContraction2_f64
  match          body#[4, 5]  cutensornetContraction2_f64
  match          body#[6, 7]  cutensornetContraction2_f64
  no_match       body#8  ?
  total: 4 matched / 5 bodies
",0,[],0,0,0,0,/home/arjaiswal/Polygeist/issues/mfem_c_kernels/match_results/integrate_grad_2d_stage_sliced/debufferized.mlir,9525,8,9,8,2087.227161973715,1,70240,1035.3038795292377,46,46,0,64,"[{""body_indices"": [0, 1], ""symbol"": ""cutensornetContraction2_f64""}, {""body_indices"": [2, 3], ""symbol"": ""cutensornetContraction2_f64""}, {""body_indices"": [4, 5], ""symbol"": ""cutensornetContraction2_f64""}, {""body_indices"": [6, 7], ""symbol"": ""cutensornetContraction2_f64""}]",4,0,0,0.0,46
mfem_kernel,integrate_grad_2d_stage_sliced,/home/arjaiswal/Polygeist/issues/mfem_c_kernels/match_results/integrate_grad_2d_stage_sliced/debufferized.mlir,ab05a793e22b4e0186981adabed4ce3859df0706a9303ba31cd5bd6413605eda,egglog,5,ok,0,1860.4345880448818,0,"[""/usr/bin/python3"", ""/home/arjaiswal/Polygeist/scripts/correctness/kernel_match_rewrite.py"", ""/home/arjaiswal/Polygeist/issues/mfem_c_kernels/match_results/integrate_grad_2d_stage_sliced/debufferized.mlir"", ""--dry-run"", ""--matcher-mode"", ""egglog"", ""--telemetry-json"", ""/home/arjaiswal/Polygeist/issues/equality_saturation_eval/campaign_20260908/mfem_kernel-integrate_grad_2d_stage_sliced-egglog-ss9uwc5o.json"", ""--disable-semantic-fallback""]","== match report for /home/arjaiswal/Polygeist/issues/mfem_c_kernels/match_results/integrate_grad_2d_stage_sliced/debufferized.mlir ==
  match          body#[0, 1]  cutensornetContraction2_f64
  match          body#[2, 3]  cutensornetContraction2_f64
  match          body#[4, 5]  cutensornetContraction2_f64
  match          body#[6, 7]  cutensornetContraction2_f64
  no_match       body#8  ?
  total: 4 matched / 5 bodies
",0,[],0,0,0,0,/home/arjaiswal/Polygeist/issues/mfem_c_kernels/match_results/integrate_grad_2d_stage_sliced/debufferized.mlir,9525,8,9,8,1337.655983865261,1,70272,663.1977669894695,46,46,0,64,"[{""body_indices"": [0, 1], ""symbol"": ""cutensornetContraction2_f64""}, {""body_indices"": [2, 3], ""symbol"": ""cutensornetContraction2_f64""}, {""body_indices"": [4, 5], ""symbol"": ""cutensornetContraction2_f64""}, {""body_indices"": [6, 7], ""symbol"": ""cutensornetContraction2_f64""}]",4,0,0,0.0,46
mfem_kernel,integrate_grad_2d_stage_sliced,/home/arjaiswal/Polygeist/issues/mfem_c_kernels/match_results/integrate_grad_2d_stage_sliced/debufferized.mlir,ab05a793e22b4e0186981adabed4ce3859df0706a9303ba31cd5bd6413605eda,syntactic,5,ok,0,1181.802399456501,0,"[""/usr/bin/python3"", ""/home/arjaiswal/Polygeist/scripts/correctness/kernel_match_rewrite.py"", ""/home/arjaiswal/Polygeist/issues/mfem_c_kernels/match_results/integrate_grad_2d_stage_sliced/debufferized.mlir"", ""--dry-run"", ""--matcher-mode"", ""syntactic"", ""--telemetry-json"", ""/home/arjaiswal/Polygeist/issues/equality_saturation_eval/campaign_20260908/mfem_kernel-integrate_grad_2d_stage_sliced-syntactic-1p4pz_o8.json"", ""--disable-semantic-fallback""]","== match report for /home/arjaiswal/Polygeist/issues/mfem_c_kernels/match_results/integrate_grad_2d_stage_sliced/debufferized.mlir ==
  match          body#[0, 1]  cutensornetContraction2_f64
  match          body#[2, 3]  cutensornetContraction2_f64
  match          body#[4, 5]  cutensornetContraction2_f64
  match          body#[6, 7]  cutensornetContraction2_f64
  no_match       body#8  ?
  total: 4 matched / 5 bodies
",0,[],0,0,0,0,/home/arjaiswal/Polygeist/issues/mfem_c_kernels/match_results/integrate_grad_2d_stage_sliced/debufferized.mlir,9525,0,9,8,526.8761962652206,1,66116,0.30322372913360596,0,46,0,0,"[{""body_indices"": [0, 1], ""symbol"": ""cutensornetContraction2_f64""}, {""body_indices"": [2, 3], ""symbol"": ""cutensornetContraction2_f64""}, {""body_indices"": [4, 5], ""symbol"": ""cutensornetContraction2_f64""}, {""body_indices"": [6, 7], ""symbol"": ""cutensornetContraction2_f64""}]",4,0,46,0.0,46
mfem_kernel,integrate_grad_3d_stage_sliced,/home/arjaiswal/Polygeist/issues/mfem_c_kernels/match_results/integrate_grad_3d_stage_sliced/debufferized.mlir,183892aa32755cda0ff23b4445dc53bfa169645ea717eb52432bcd8ca9aa40f0,syntactic,1,ok,0,1137.3010240495205,0,"[""/usr/bin/python3"", ""/home/arjaiswal/Polygeist/scripts/correctness/kernel_match_rewrite.py"", ""/home/arjaiswal/Polygeist/issues/mfem_c_kernels/match_results/integrate_grad_3d_stage_sliced/debufferized.mlir"", ""--dry-run"", ""--matcher-mode"", ""syntactic"", ""--telemetry-json"", ""/home/arjaiswal/Polygeist/issues/equality_saturation_eval/campaign_20260908/mfem_kernel-integrate_grad_3d_stage_sliced-syntactic-4ka5odu5.json"", ""--disable-semantic-fallback""]","== match report for /home/arjaiswal/Polygeist/issues/mfem_c_kernels/match_results/integrate_grad_3d_stage_sliced/debufferized.mlir ==
  match          body#[0, 1]  cutensornetContraction2_f64
  match          body#[2, 3]  cutensornetContraction2_f64
  match          body#[4, 5]  cutensornetContraction2_f64
  match          body#[6, 7]  cutensornetContraction2_f64
  match          body#[8, 9]  cutensornetContraction2_f64
  match          body#[10, 11]  cutensornetContraction2_f64
  match          body#[12, 13]  cutensornetContraction2_f64
  match          body#[14, 15]  cutensornetContraction2_f64
  match          body#[16, 17]  cutensornetContraction2_f64
  no_match       body#18  ?
  total: 9 matched / 10 bodies
",0,[],0,0,0,0,/home/arjaiswal/Polygeist/issues/mfem_c_kernels/match_results/integrate_grad_3d_stage_sliced/debufferized.mlir,19251,0,19,18,528.9905555546284,1,66036,0.31539425253868103,0,52,0,0,"[{""body_indices"": [0, 1], ""symbol"": ""cutensornetContraction2_f64""}, {""body_indices"": [2, 3], ""symbol"": ""cutensornetContraction2_f64""}, {""body_indices"": [4, 5], ""symbol"": ""cutensornetContraction2_f64""}, {""body_indices"": [6, 7], ""symbol"": ""cutensornetContraction2_f64""}, {""body_indices"": [8, 9], ""symbol"": ""cutensornetContraction2_f64""}, {""body_indices"": [10, 11], ""symbol"": ""cutensornetContraction2_f64""}, {""body_indices"": [12, 13], ""symbol"": ""cutensornetContraction2_f64""}, {""body_indices"": [14, 15], ""symbol"": ""cutensornetContraction2_f64""}, {""body_indices"": [16, 17], ""symbol"": ""cutensornetContraction2_f64""}]",9,0,52,0.0,52
mfem_kernel,integrate_grad_3d_stage_sliced,/home/arjaiswal/Polygeist/issues/mfem_c_kernels/match_results/integrate_grad_3d_stage_sliced/debufferized.mlir,183892aa32755cda0ff23b4445dc53bfa169645ea717eb52432bcd8ca9aa40f0,egglog,1,ok,0,2932.9380616545677,0,"[""/usr/bin/python3"", ""/home/arjaiswal/Polygeist/scripts/correctness/kernel_match_rewrite.py"", ""/home/arjaiswal/Polygeist/issues/mfem_c_kernels/match_results/integrate_grad_3d_stage_sliced/debufferized.mlir"", ""--dry-run"", ""--matcher-mode"", ""egglog"", ""--telemetry-json"", ""/home/arjaiswal/Polygeist/issues/equality_saturation_eval/campaign_20260908/mfem_kernel-integrate_grad_3d_stage_sliced-egglog-v66w_pra.json"", ""--disable-semantic-fallback""]","== match report for /home/arjaiswal/Polygeist/issues/mfem_c_kernels/match_results/integrate_grad_3d_stage_sliced/debufferized.mlir ==
  match          body#[0, 1]  cutensornetContraction2_f64
  match          body#[2, 3]  cutensornetContraction2_f64
  match          body#[4, 5]  cutensornetContraction2_f64
  match          body#[6, 7]  cutensornetContraction2_f64
  match          body#[8, 9]  cutensornetContraction2_f64
  match          body#[10, 11]  cutensornetContraction2_f64
  match          body#[12, 13]  cutensornetContraction2_f64
  match          body#[14, 15]  cutensornetContraction2_f64
  match          body#[16, 17]  cutensornetContraction2_f64
  no_match       body#18  ?
  total: 9 matched / 10 bodies
",0,[],0,0,0,0,/home/arjaiswal/Polygeist/issues/mfem_c_kernels/match_results/integrate_grad_3d_stage_sliced/debufferized.mlir,19251,8,19,18,2363.6975213885307,1,70532,1091.6659645736217,52,52,0,72,"[{""body_indices"": [0, 1], ""symbol"": ""cutensornetContraction2_f64""}, {""body_indices"": [2, 3], ""symbol"": ""cutensornetContraction2_f64""}, {""body_indices"": [4, 5], ""symbol"": ""cutensornetContraction2_f64""}, {""body_indices"": [6, 7], ""symbol"": ""cutensornetContraction2_f64""}, {""body_indices"": [8, 9], ""symbol"": ""cutensornetContraction2_f64""}, {""body_indices"": [10, 11], ""symbol"": ""cutensornetContraction2_f64""}, {""body_indices"": [12, 13], ""symbol"": ""cutensornetContraction2_f64""}, {""body_indices"": [14, 15], ""symbol"": ""cutensornetContraction2_f64""}, {""body_indices"": [16, 17], ""symbol"": ""cutensornetContraction2_f64""}]",9,0,0,0.0,52
mfem_kernel,integrate_grad_3d_stage_sliced,/home/arjaiswal/Polygeist/issues/mfem_c_kernels/match_results/integrate_grad_3d_stage_sliced/debufferized.mlir,183892aa32755cda0ff23b4445dc53bfa169645ea717eb52432bcd8ca9aa40f0,egglog,2,ok,0,2955.639746040106,0,"[""/usr/bin/python3"", ""/home/arjaiswal/Polygeist/scripts/correctness/kernel_match_rewrite.py"", ""/home/arjaiswal/Polygeist/issues/mfem_c_kernels/match_results/integrate_grad_3d_stage_sliced/debufferized.mlir"", ""--dry-run"", ""--matcher-mode"", ""egglog"", ""--telemetry-json"", ""/home/arjaiswal/Polygeist/issues/equality_saturation_eval/campaign_20260908/mfem_kernel-integrate_grad_3d_stage_sliced-egglog-_kvo3mwx.json"", ""--disable-semantic-fallback""]","== match report for /home/arjaiswal/Polygeist/issues/mfem_c_kernels/match_results/integrate_grad_3d_stage_sliced/debufferized.mlir ==
  match          body#[0, 1]  cutensornetContraction2_f64
  match          body#[2, 3]  cutensornetContraction2_f64
  match          body#[4, 5]  cutensornetContraction2_f64
  match          body#[6, 7]  cutensornetContraction2_f64
  match          body#[8, 9]  cutensornetContraction2_f64
  match          body#[10, 11]  cutensornetContraction2_f64
  match          body#[12, 13]  cutensornetContraction2_f64
  match          body#[14, 15]  cutensornetContraction2_f64
  match          body#[16, 17]  cutensornetContraction2_f64
  no_match       body#18  ?
  total: 9 matched / 10 bodies
",0,[],0,0,0,0,/home/arjaiswal/Polygeist/issues/mfem_c_kernels/match_results/integrate_grad_3d_stage_sliced/debufferized.mlir,19251,8,19,18,2259.4720758497715,1,70532,957.5414918363094,52,52,0,72,"[{""body_indices"": [0, 1], ""symbol"": ""cutensornetContraction2_f64""}, {""body_indices"": [2, 3], ""symbol"": ""cutensornetContraction2_f64""}, {""body_indices"": [4, 5], ""symbol"": ""cutensornetContraction2_f64""}, {""body_indices"": [6, 7], ""symbol"": ""cutensornetContraction2_f64""}, {""body_indices"": [8, 9], ""symbol"": ""cutensornetContraction2_f64""}, {""body_indices"": [10, 11], ""symbol"": ""cutensornetContraction2_f64""}, {""body_indices"": [12, 13], ""symbol"": ""cutensornetContraction2_f64""}, {""body_indices"": [14, 15], ""symbol"": ""cutensornetContraction2_f64""}, {""body_indices"": [16, 17], ""symbol"": ""cutensornetContraction2_f64""}]",9,0,0,0.0,52
mfem_kernel,integrate_grad_3d_stage_sliced,/home/arjaiswal/Polygeist/issues/mfem_c_kernels/match_results/integrate_grad_3d_stage_sliced/debufferized.mlir,183892aa32755cda0ff23b4445dc53bfa169645ea717eb52432bcd8ca9aa40f0,syntactic,2,ok,0,1912.8845483064651,0,"[""/usr/bin/python3"", ""/home/arjaiswal/Polygeist/scripts/correctness/kernel_match_rewrite.py"", ""/home/arjaiswal/Polygeist/issues/mfem_c_kernels/match_results/integrate_grad_3d_stage_sliced/debufferized.mlir"", ""--dry-run"", ""--matcher-mode"", ""syntactic"", ""--telemetry-json"", ""/home/arjaiswal/Polygeist/issues/equality_saturation_eval/campaign_20260908/mfem_kernel-integrate_grad_3d_stage_sliced-syntactic-fzvp2frd.json"", ""--disable-semantic-fallback""]","== match report for /home/arjaiswal/Polygeist/issues/mfem_c_kernels/match_results/integrate_grad_3d_stage_sliced/debufferized.mlir ==
  match          body#[0, 1]  cutensornetContraction2_f64
  match          body#[2, 3]  cutensornetContraction2_f64
  match          body#[4, 5]  cutensornetContraction2_f64
  match          body#[6, 7]  cutensornetContraction2_f64
  match          body#[8, 9]  cutensornetContraction2_f64
  match          body#[10, 11]  cutensornetContraction2_f64
  match          body#[12, 13]  cutensornetContraction2_f64
  match          body#[14, 15]  cutensornetContraction2_f64
  match          body#[16, 17]  cutensornetContraction2_f64
  no_match       body#18  ?
  total: 9 matched / 10 bodies
",0,[],0,0,0,0,/home/arjaiswal/Polygeist/issues/mfem_c_kernels/match_results/integrate_grad_3d_stage_sliced/debufferized.mlir,19251,0,19,18,893.7999419867992,1,66480,0.28853490948677063,0,52,0,0,"[{""body_indices"": [0, 1], ""symbol"": ""cutensornetContraction2_f64""}, {""body_indices"": [2, 3], ""symbol"": ""cutensornetContraction2_f64""}, {""body_indices"": [4, 5], ""symbol"": ""cutensornetContraction2_f64""}, {""body_indices"": [6, 7], ""symbol"": ""cutensornetContraction2_f64""}, {""body_indices"": [8, 9], ""symbol"": ""cutensornetContraction2_f64""}, {""body_indices"": [10, 11], ""symbol"": ""cutensornetContraction2_f64""}, {""body_indices"": [12, 13], ""symbol"": ""cutensornetContraction2_f64""}, {""body_indices"": [14, 15], ""symbol"": ""cutensornetContraction2_f64""}, {""body_indices"": [16, 17], ""symbol"": ""cutensornetContraction2_f64""}]",9,0,52,0.0,52
mfem_kernel,integrate_grad_3d_stage_sliced,/home/arjaiswal/Polygeist/issues/mfem_c_kernels/match_results/integrate_grad_3d_stage_sliced/debufferized.mlir,183892aa32755cda0ff23b4445dc53bfa169645ea717eb52432bcd8ca9aa40f0,syntactic,3,ok,0,1127.3263543844223,0,"[""/usr/bin/python3"", ""/home/arjaiswal/Polygeist/scripts/correctness/kernel_match_rewrite.py"", ""/home/arjaiswal/Polygeist/issues/mfem_c_kernels/match_results/integrate_grad_3d_stage_sliced/debufferized.mlir"", ""--dry-run"", ""--matcher-mode"", ""syntactic"", ""--telemetry-json"", ""/home/arjaiswal/Polygeist/issues/equality_saturation_eval/campaign_20260908/mfem_kernel-integrate_grad_3d_stage_sliced-syntactic-k2ozj_f1.json"", ""--disable-semantic-fallback""]","== match report for /home/arjaiswal/Polygeist/issues/mfem_c_kernels/match_results/integrate_grad_3d_stage_sliced/debufferized.mlir ==
  match          body#[0, 1]  cutensornetContraction2_f64
  match          body#[2, 3]  cutensornetContraction2_f64
  match          body#[4, 5]  cutensornetContraction2_f64
  match          body#[6, 7]  cutensornetContraction2_f64
  match          body#[8, 9]  cutensornetContraction2_f64
  match          body#[10, 11]  cutensornetContraction2_f64
  match          body#[12, 13]  cutensornetContraction2_f64
  match          body#[14, 15]  cutensornetContraction2_f64
  match          body#[16, 17]  cutensornetContraction2_f64
  no_match       body#18  ?
  total: 9 matched / 10 bodies
",0,[],0,0,0,0,/home/arjaiswal/Polygeist/issues/mfem_c_kernels/match_results/integrate_grad_3d_stage_sliced/debufferized.mlir,19251,0,19,18,571.2554231286049,1,66380,0.3635026514530182,0,52,0,0,"[{""body_indices"": [0, 1], ""symbol"": ""cutensornetContraction2_f64""}, {""body_indices"": [2, 3], ""symbol"": ""cutensornetContraction2_f64""}, {""body_indices"": [4, 5], ""symbol"": ""cutensornetContraction2_f64""}, {""body_indices"": [6, 7], ""symbol"": ""cutensornetContraction2_f64""}, {""body_indices"": [8, 9], ""symbol"": ""cutensornetContraction2_f64""}, {""body_indices"": [10, 11], ""symbol"": ""cutensornetContraction2_f64""}, {""body_indices"": [12, 13], ""symbol"": ""cutensornetContraction2_f64""}, {""body_indices"": [14, 15], ""symbol"": ""cutensornetContraction2_f64""}, {""body_indices"": [16, 17], ""symbol"": ""cutensornetContraction2_f64""}]",9,0,52,0.0,52
mfem_kernel,integrate_grad_3d_stage_sliced,/home/arjaiswal/Polygeist/issues/mfem_c_kernels/match_results/integrate_grad_3d_stage_sliced/debufferized.mlir,183892aa32755cda0ff23b4445dc53bfa169645ea717eb52432bcd8ca9aa40f0,egglog,3,ok,0,1910.5055071413517,0,"[""/usr/bin/python3"", ""/home/arjaiswal/Polygeist/scripts/correctness/kernel_match_rewrite.py"", ""/home/arjaiswal/Polygeist/issues/mfem_c_kernels/match_results/integrate_grad_3d_stage_sliced/debufferized.mlir"", ""--dry-run"", ""--matcher-mode"", ""egglog"", ""--telemetry-json"", ""/home/arjaiswal/Polygeist/issues/equality_saturation_eval/campaign_20260908/mfem_kernel-integrate_grad_3d_stage_sliced-egglog-59xlc4__.json"", ""--disable-semantic-fallback""]","== match report for /home/arjaiswal/Polygeist/issues/mfem_c_kernels/match_results/integrate_grad_3d_stage_sliced/debufferized.mlir ==
  match          body#[0, 1]  cutensornetContraction2_f64
  match          body#[2, 3]  cutensornetContraction2_f64
  match          body#[4, 5]  cutensornetContraction2_f64
  match          body#[6, 7]  cutensornetContraction2_f64
  match          body#[8, 9]  cutensornetContraction2_f64
  match          body#[10, 11]  cutensornetContraction2_f64
  match          body#[12, 13]  cutensornetContraction2_f64
  match          body#[14, 15]  cutensornetContraction2_f64
  match          body#[16, 17]  cutensornetContraction2_f64
  no_match       body#18  ?
  total: 9 matched / 10 bodies
",0,[],0,0,0,0,/home/arjaiswal/Polygeist/issues/mfem_c_kernels/match_results/integrate_grad_3d_stage_sliced/debufferized.mlir,19251,8,19,18,1359.1384999454021,1,70604,628.0436031520367,52,52,0,72,"[{""body_indices"": [0, 1], ""symbol"": ""cutensornetContraction2_f64""}, {""body_indices"": [2, 3], ""symbol"": ""cutensornetContraction2_f64""}, {""body_indices"": [4, 5], ""symbol"": ""cutensornetContraction2_f64""}, {""body_indices"": [6, 7], ""symbol"": ""cutensornetContraction2_f64""}, {""body_indices"": [8, 9], ""symbol"": ""cutensornetContraction2_f64""}, {""body_indices"": [10, 11], ""symbol"": ""cutensornetContraction2_f64""}, {""body_indices"": [12, 13], ""symbol"": ""cutensornetContraction2_f64""}, {""body_indices"": [14, 15], ""symbol"": ""cutensornetContraction2_f64""}, {""body_indices"": [16, 17], ""symbol"": ""cutensornetContraction2_f64""}]",9,0,0,0.0,52
mfem_kernel,integrate_grad_3d_stage_sliced,/home/arjaiswal/Polygeist/issues/mfem_c_kernels/match_results/integrate_grad_3d_stage_sliced/debufferized.mlir,183892aa32755cda0ff23b4445dc53bfa169645ea717eb52432bcd8ca9aa40f0,egglog,4,ok,0,3537.223879247904,0,"[""/usr/bin/python3"", ""/home/arjaiswal/Polygeist/scripts/correctness/kernel_match_rewrite.py"", ""/home/arjaiswal/Polygeist/issues/mfem_c_kernels/match_results/integrate_grad_3d_stage_sliced/debufferized.mlir"", ""--dry-run"", ""--matcher-mode"", ""egglog"", ""--telemetry-json"", ""/home/arjaiswal/Polygeist/issues/equality_saturation_eval/campaign_20260908/mfem_kernel-integrate_grad_3d_stage_sliced-egglog-2utb87u9.json"", ""--disable-semantic-fallback""]","== match report for /home/arjaiswal/Polygeist/issues/mfem_c_kernels/match_results/integrate_grad_3d_stage_sliced/debufferized.mlir ==
  match          body#[0, 1]  cutensornetContraction2_f64
  match          body#[2, 3]  cutensornetContraction2_f64
  match          body#[4, 5]  cutensornetContraction2_f64
  match          body#[6, 7]  cutensornetContraction2_f64
  match          body#[8, 9]  cutensornetContraction2_f64
  match          body#[10, 11]  cutensornetContraction2_f64
  match          body#[12, 13]  cutensornetContraction2_f64
  match          body#[14, 15]  cutensornetContraction2_f64
  match          body#[16, 17]  cutensornetContraction2_f64
  no_match       body#18  ?
  total: 9 matched / 10 bodies
",0,[],0,0,0,0,/home/arjaiswal/Polygeist/issues/mfem_c_kernels/match_results/integrate_grad_3d_stage_sliced/debufferized.mlir,19251,8,19,18,2950.651679188013,1,70532,1390.5031718313694,52,52,0,72,"[{""body_indices"": [0, 1], ""symbol"": ""cutensornetContraction2_f64""}, {""body_indices"": [2, 3], ""symbol"": ""cutensornetContraction2_f64""}, {""body_indices"": [4, 5], ""symbol"": ""cutensornetContraction2_f64""}, {""body_indices"": [6, 7], ""symbol"": ""cutensornetContraction2_f64""}, {""body_indices"": [8, 9], ""symbol"": ""cutensornetContraction2_f64""}, {""body_indices"": [10, 11], ""symbol"": ""cutensornetContraction2_f64""}, {""body_indices"": [12, 13], ""symbol"": ""cutensornetContraction2_f64""}, {""body_indices"": [14, 15], ""symbol"": ""cutensornetContraction2_f64""}, {""body_indices"": [16, 17], ""symbol"": ""cutensornetContraction2_f64""}]",9,0,0,0.0,52
mfem_kernel,integrate_grad_3d_stage_sliced,/home/arjaiswal/Polygeist/issues/mfem_c_kernels/match_results/integrate_grad_3d_stage_sliced/debufferized.mlir,183892aa32755cda0ff23b4445dc53bfa169645ea717eb52432bcd8ca9aa40f0,syntactic,4,ok,0,1095.2560007572174,0,"[""/usr/bin/python3"", ""/home/arjaiswal/Polygeist/scripts/correctness/kernel_match_rewrite.py"", ""/home/arjaiswal/Polygeist/issues/mfem_c_kernels/match_results/integrate_grad_3d_stage_sliced/debufferized.mlir"", ""--dry-run"", ""--matcher-mode"", ""syntactic"", ""--telemetry-json"", ""/home/arjaiswal/Polygeist/issues/equality_saturation_eval/campaign_20260908/mfem_kernel-integrate_grad_3d_stage_sliced-syntactic-ez5vdix3.json"", ""--disable-semantic-fallback""]","== match report for /home/arjaiswal/Polygeist/issues/mfem_c_kernels/match_results/integrate_grad_3d_stage_sliced/debufferized.mlir ==
  match          body#[0, 1]  cutensornetContraction2_f64
  match          body#[2, 3]  cutensornetContraction2_f64
  match          body#[4, 5]  cutensornetContraction2_f64
  match          body#[6, 7]  cutensornetContraction2_f64
  match          body#[8, 9]  cutensornetContraction2_f64
  match          body#[10, 11]  cutensornetContraction2_f64
  match          body#[12, 13]  cutensornetContraction2_f64
  match          body#[14, 15]  cutensornetContraction2_f64
  match          body#[16, 17]  cutensornetContraction2_f64
  no_match       body#18  ?
  total: 9 matched / 10 bodies
",0,[],0,0,0,0,/home/arjaiswal/Polygeist/issues/mfem_c_kernels/match_results/integrate_grad_3d_stage_sliced/debufferized.mlir,19251,0,19,18,533.8040255010128,1,66236,0.2942904829978943,0,52,0,0,"[{""body_indices"": [0, 1], ""symbol"": ""cutensornetContraction2_f64""}, {""body_indices"": [2, 3], ""symbol"": ""cutensornetContraction2_f64""}, {""body_indices"": [4, 5], ""symbol"": ""cutensornetContraction2_f64""}, {""body_indices"": [6, 7], ""symbol"": ""cutensornetContraction2_f64""}, {""body_indices"": [8, 9], ""symbol"": ""cutensornetContraction2_f64""}, {""body_indices"": [10, 11], ""symbol"": ""cutensornetContraction2_f64""}, {""body_indices"": [12, 13], ""symbol"": ""cutensornetContraction2_f64""}, {""body_indices"": [14, 15], ""symbol"": ""cutensornetContraction2_f64""}, {""body_indices"": [16, 17], ""symbol"": ""cutensornetContraction2_f64""}]",9,0,52,0.0,52
mfem_kernel,integrate_grad_3d_stage_sliced,/home/arjaiswal/Polygeist/issues/mfem_c_kernels/match_results/integrate_grad_3d_stage_sliced/debufferized.mlir,183892aa32755cda0ff23b4445dc53bfa169645ea717eb52432bcd8ca9aa40f0,syntactic,5,ok,0,1616.6083067655563,0,"[""/usr/bin/python3"", ""/home/arjaiswal/Polygeist/scripts/correctness/kernel_match_rewrite.py"", ""/home/arjaiswal/Polygeist/issues/mfem_c_kernels/match_results/integrate_grad_3d_stage_sliced/debufferized.mlir"", ""--dry-run"", ""--matcher-mode"", ""syntactic"", ""--telemetry-json"", ""/home/arjaiswal/Polygeist/issues/equality_saturation_eval/campaign_20260908/mfem_kernel-integrate_grad_3d_stage_sliced-syntactic-i90byk18.json"", ""--disable-semantic-fallback""]","== match report for /home/arjaiswal/Polygeist/issues/mfem_c_kernels/match_results/integrate_grad_3d_stage_sliced/debufferized.mlir ==
  match          body#[0, 1]  cutensornetContraction2_f64
  match          body#[2, 3]  cutensornetContraction2_f64
  match          body#[4, 5]  cutensornetContraction2_f64
  match          body#[6, 7]  cutensornetContraction2_f64
  match          body#[8, 9]  cutensornetContraction2_f64
  match          body#[10, 11]  cutensornetContraction2_f64
  match          body#[12, 13]  cutensornetContraction2_f64
  match          body#[14, 15]  cutensornetContraction2_f64
  match          body#[16, 17]  cutensornetContraction2_f64
  no_match       body#18  ?
  total: 9 matched / 10 bodies
",0,[],0,0,0,0,/home/arjaiswal/Polygeist/issues/mfem_c_kernels/match_results/integrate_grad_3d_stage_sliced/debufferized.mlir,19251,0,19,18,977.6569046080112,1,66516,0.35148486495018005,0,52,0,0,"[{""body_indices"": [0, 1], ""symbol"": ""cutensornetContraction2_f64""}, {""body_indices"": [2, 3], ""symbol"": ""cutensornetContraction2_f64""}, {""body_indices"": [4, 5], ""symbol"": ""cutensornetContraction2_f64""}, {""body_indices"": [6, 7], ""symbol"": ""cutensornetContraction2_f64""}, {""body_indices"": [8, 9], ""symbol"": ""cutensornetContraction2_f64""}, {""body_indices"": [10, 11], ""symbol"": ""cutensornetContraction2_f64""}, {""body_indices"": [12, 13], ""symbol"": ""cutensornetContraction2_f64""}, {""body_indices"": [14, 15], ""symbol"": ""cutensornetContraction2_f64""}, {""body_indices"": [16, 17], ""symbol"": ""cutensornetContraction2_f64""}]",9,0,52,0.0,52
mfem_kernel,integrate_grad_3d_stage_sliced,/home/arjaiswal/Polygeist/issues/mfem_c_kernels/match_results/integrate_grad_3d_stage_sliced/debufferized.mlir,183892aa32755cda0ff23b4445dc53bfa169645ea717eb52432bcd8ca9aa40f0,egglog,5,ok,0,2130.652878433466,0,"[""/usr/bin/python3"", ""/home/arjaiswal/Polygeist/scripts/correctness/kernel_match_rewrite.py"", ""/home/arjaiswal/Polygeist/issues/mfem_c_kernels/match_results/integrate_grad_3d_stage_sliced/debufferized.mlir"", ""--dry-run"", ""--matcher-mode"", ""egglog"", ""--telemetry-json"", ""/home/arjaiswal/Polygeist/issues/equality_saturation_eval/campaign_20260908/mfem_kernel-integrate_grad_3d_stage_sliced-egglog-im5zx6jv.json"", ""--disable-semantic-fallback""]","== match report for /home/arjaiswal/Polygeist/issues/mfem_c_kernels/match_results/integrate_grad_3d_stage_sliced/debufferized.mlir ==
  match          body#[0, 1]  cutensornetContraction2_f64
  match          body#[2, 3]  cutensornetContraction2_f64
  match          body#[4, 5]  cutensornetContraction2_f64
  match          body#[6, 7]  cutensornetContraction2_f64
  match          body#[8, 9]  cutensornetContraction2_f64
  match          body#[10, 11]  cutensornetContraction2_f64
  match          body#[12, 13]  cutensornetContraction2_f64
  match          body#[14, 15]  cutensornetContraction2_f64
  match          body#[16, 17]  cutensornetContraction2_f64
  no_match       body#18  ?
  total: 9 matched / 10 bodies
",0,[],0,0,0,0,/home/arjaiswal/Polygeist/issues/mfem_c_kernels/match_results/integrate_grad_3d_stage_sliced/debufferized.mlir,19251,8,19,18,1400.0346772372723,1,70704,710.4295343160629,52,52,0,72,"[{""body_indices"": [0, 1], ""symbol"": ""cutensornetContraction2_f64""}, {""body_indices"": [2, 3], ""symbol"": ""cutensornetContraction2_f64""}, {""body_indices"": [4, 5], ""symbol"": ""cutensornetContraction2_f64""}, {""body_indices"": [6, 7], ""symbol"": ""cutensornetContraction2_f64""}, {""body_indices"": [8, 9], ""symbol"": ""cutensornetContraction2_f64""}, {""body_indices"": [10, 11], ""symbol"": ""cutensornetContraction2_f64""}, {""body_indices"": [12, 13], ""symbol"": ""cutensornetContraction2_f64""}, {""body_indices"": [14, 15], ""symbol"": ""cutensornetContraction2_f64""}, {""body_indices"": [16, 17], ""symbol"": ""cutensornetContraction2_f64""}]",9,0,0,0.0,52
mfem_kernel,integrate_value_2d_scratch_sliced,/home/arjaiswal/Polygeist/issues/mfem_c_kernels/match_results/integrate_value_2d_scratch_sliced/debufferized.mlir,0c9710ddf53bd35c1253a4e8ffd66a47a8af8535266f16a700f41ba6241d6bd2,egglog,1,ok,0,1047.0403544604778,0,"[""/usr/bin/python3"", ""/home/arjaiswal/Polygeist/scripts/correctness/kernel_match_rewrite.py"", ""/home/arjaiswal/Polygeist/issues/mfem_c_kernels/match_results/integrate_value_2d_scratch_sliced/debufferized.mlir"", ""--dry-run"", ""--matcher-mode"", ""egglog"", ""--telemetry-json"", ""/home/arjaiswal/Polygeist/issues/equality_saturation_eval/campaign_20260908/mfem_kernel-integrate_value_2d_scratch_sliced-egglog-ytfguny7.json"", ""--disable-semantic-fallback""]","== match report for /home/arjaiswal/Polygeist/issues/mfem_c_kernels/match_results/integrate_value_2d_scratch_sliced/debufferized.mlir ==
  match          body#[0, 1]  cutensornetContraction2_f64
  no_match       body#2  ?
  total: 1 matched / 2 bodies
",0,[],0,0,0,0,/home/arjaiswal/Polygeist/issues/mfem_c_kernels/match_results/integrate_value_2d_scratch_sliced/debufferized.mlir,4719,8,3,2,513.9802172780037,1,69924,120.57093530893326,10,10,0,16,"[{""body_indices"": [0, 1], ""symbol"": ""cutensornetContraction2_f64""}]",1,0,0,0.0,12
mfem_kernel,integrate_value_2d_scratch_sliced,/home/arjaiswal/Polygeist/issues/mfem_c_kernels/match_results/integrate_value_2d_scratch_sliced/debufferized.mlir,0c9710ddf53bd35c1253a4e8ffd66a47a8af8535266f16a700f41ba6241d6bd2,syntactic,1,ok,0,992.8389191627502,0,"[""/usr/bin/python3"", ""/home/arjaiswal/Polygeist/scripts/correctness/kernel_match_rewrite.py"", ""/home/arjaiswal/Polygeist/issues/mfem_c_kernels/match_results/integrate_value_2d_scratch_sliced/debufferized.mlir"", ""--dry-run"", ""--matcher-mode"", ""syntactic"", ""--telemetry-json"", ""/home/arjaiswal/Polygeist/issues/equality_saturation_eval/campaign_20260908/mfem_kernel-integrate_value_2d_scratch_sliced-syntactic-vgpsny2y.json"", ""--disable-semantic-fallback""]","== match report for /home/arjaiswal/Polygeist/issues/mfem_c_kernels/match_results/integrate_value_2d_scratch_sliced/debufferized.mlir ==
  match          body#[0, 1]  cutensornetContraction2_f64
  no_match       body#2  ?
  total: 1 matched / 2 bodies
",0,[],0,0,0,0,/home/arjaiswal/Polygeist/issues/mfem_c_kernels/match_results/integrate_value_2d_scratch_sliced/debufferized.mlir,4719,0,3,2,420.2098213136196,1,65716,0.08011609315872192,0,10,0,0,"[{""body_indices"": [0, 1], ""symbol"": ""cutensornetContraction2_f64""}]",1,0,12,0.0,12
mfem_kernel,integrate_value_2d_scratch_sliced,/home/arjaiswal/Polygeist/issues/mfem_c_kernels/match_results/integrate_value_2d_scratch_sliced/debufferized.mlir,0c9710ddf53bd35c1253a4e8ffd66a47a8af8535266f16a700f41ba6241d6bd2,syntactic,2,ok,0,1078.4581080079079,0,"[""/usr/bin/python3"", ""/home/arjaiswal/Polygeist/scripts/correctness/kernel_match_rewrite.py"", ""/home/arjaiswal/Polygeist/issues/mfem_c_kernels/match_results/integrate_value_2d_scratch_sliced/debufferized.mlir"", ""--dry-run"", ""--matcher-mode"", ""syntactic"", ""--telemetry-json"", ""/home/arjaiswal/Polygeist/issues/equality_saturation_eval/campaign_20260908/mfem_kernel-integrate_value_2d_scratch_sliced-syntactic-7pgvz9kx.json"", ""--disable-semantic-fallback""]","== match report for /home/arjaiswal/Polygeist/issues/mfem_c_kernels/match_results/integrate_value_2d_scratch_sliced/debufferized.mlir ==
  match          body#[0, 1]  cutensornetContraction2_f64
  no_match       body#2  ?
  total: 1 matched / 2 bodies
",0,[],0,0,0,0,/home/arjaiswal/Polygeist/issues/mfem_c_kernels/match_results/integrate_value_2d_scratch_sliced/debufferized.mlir,4719,0,3,2,349.6517166495323,1,65608,0.0761374831199646,0,10,0,0,"[{""body_indices"": [0, 1], ""symbol"": ""cutensornetContraction2_f64""}]",1,0,12,0.0,12
mfem_kernel,integrate_value_2d_scratch_sliced,/home/arjaiswal/Polygeist/issues/mfem_c_kernels/match_results/integrate_value_2d_scratch_sliced/debufferized.mlir,0c9710ddf53bd35c1253a4e8ffd66a47a8af8535266f16a700f41ba6241d6bd2,egglog,2,ok,0,1072.6526491343975,0,"[""/usr/bin/python3"", ""/home/arjaiswal/Polygeist/scripts/correctness/kernel_match_rewrite.py"", ""/home/arjaiswal/Polygeist/issues/mfem_c_kernels/match_results/integrate_value_2d_scratch_sliced/debufferized.mlir"", ""--dry-run"", ""--matcher-mode"", ""egglog"", ""--telemetry-json"", ""/home/arjaiswal/Polygeist/issues/equality_saturation_eval/campaign_20260908/mfem_kernel-integrate_value_2d_scratch_sliced-egglog-itr0smaj.json"", ""--disable-semantic-fallback""]","== match report for /home/arjaiswal/Polygeist/issues/mfem_c_kernels/match_results/integrate_value_2d_scratch_sliced/debufferized.mlir ==
  match          body#[0, 1]  cutensornetContraction2_f64
  no_match       body#2  ?
  total: 1 matched / 2 bodies
",0,[],0,0,0,0,/home/arjaiswal/Polygeist/issues/mfem_c_kernels/match_results/integrate_value_2d_scratch_sliced/debufferized.mlir,4719,8,3,2,462.3219557106495,1,69688,120.70216238498688,10,10,0,16,"[{""body_indices"": [0, 1], ""symbol"": ""cutensornetContraction2_f64""}]",1,0,0,0.0,12
mfem_kernel,integrate_value_2d_scratch_sliced,/home/arjaiswal/Polygeist/issues/mfem_c_kernels/match_results/integrate_value_2d_scratch_sliced/debufferized.mlir,0c9710ddf53bd35c1253a4e8ffd66a47a8af8535266f16a700f41ba6241d6bd2,egglog,3,ok,0,1371.5908154845238,0,"[""/usr/bin/python3"", ""/home/arjaiswal/Polygeist/scripts/correctness/kernel_match_rewrite.py"", ""/home/arjaiswal/Polygeist/issues/mfem_c_kernels/match_results/integrate_value_2d_scratch_sliced/debufferized.mlir"", ""--dry-run"", ""--matcher-mode"", ""egglog"", ""--telemetry-json"", ""/home/arjaiswal/Polygeist/issues/equality_saturation_eval/campaign_20260908/mfem_kernel-integrate_value_2d_scratch_sliced-egglog-ocnc02go.json"", ""--disable-semantic-fallback""]","== match report for /home/arjaiswal/Polygeist/issues/mfem_c_kernels/match_results/integrate_value_2d_scratch_sliced/debufferized.mlir ==
  match          body#[0, 1]  cutensornetContraction2_f64
  no_match       body#2  ?
  total: 1 matched / 2 bodies
",0,[],0,0,0,0,/home/arjaiswal/Polygeist/issues/mfem_c_kernels/match_results/integrate_value_2d_scratch_sliced/debufferized.mlir,4719,8,3,2,749.2501512169838,1,69832,222.25570678710938,10,10,0,16,"[{""body_indices"": [0, 1], ""symbol"": ""cutensornetContraction2_f64""}]",1,0,0,0.0,12
mfem_kernel,integrate_value_2d_scratch_sliced,/home/arjaiswal/Polygeist/issues/mfem_c_kernels/match_results/integrate_value_2d_scratch_sliced/debufferized.mlir,0c9710ddf53bd35c1253a4e8ffd66a47a8af8535266f16a700f41ba6241d6bd2,syntactic,3,ok,0,1023.6501432955265,0,"[""/usr/bin/python3"", ""/home/arjaiswal/Polygeist/scripts/correctness/kernel_match_rewrite.py"", ""/home/arjaiswal/Polygeist/issues/mfem_c_kernels/match_results/integrate_value_2d_scratch_sliced/debufferized.mlir"", ""--dry-run"", ""--matcher-mode"", ""syntactic"", ""--telemetry-json"", ""/home/arjaiswal/Polygeist/issues/equality_saturation_eval/campaign_20260908/mfem_kernel-integrate_value_2d_scratch_sliced-syntactic-2uqcu9vk.json"", ""--disable-semantic-fallback""]","== match report for /home/arjaiswal/Polygeist/issues/mfem_c_kernels/match_results/integrate_value_2d_scratch_sliced/debufferized.mlir ==
  match          body#[0, 1]  cutensornetContraction2_f64
  no_match       body#2  ?
  total: 1 matched / 2 bodies
",0,[],0,0,0,0,/home/arjaiswal/Polygeist/issues/mfem_c_kernels/match_results/integrate_value_2d_scratch_sliced/debufferized.mlir,4719,0,3,2,365.3005436062813,1,65568,0.06848946213722229,0,10,0,0,"[{""body_indices"": [0, 1], ""symbol"": ""cutensornetContraction2_f64""}]",1,0,12,0.0,12
mfem_kernel,integrate_value_2d_scratch_sliced,/home/arjaiswal/Polygeist/issues/mfem_c_kernels/match_results/integrate_value_2d_scratch_sliced/debufferized.mlir,0c9710ddf53bd35c1253a4e8ffd66a47a8af8535266f16a700f41ba6241d6bd2,syntactic,4,ok,0,1431.1956763267517,0,"[""/usr/bin/python3"", ""/home/arjaiswal/Polygeist/scripts/correctness/kernel_match_rewrite.py"", ""/home/arjaiswal/Polygeist/issues/mfem_c_kernels/match_results/integrate_value_2d_scratch_sliced/debufferized.mlir"", ""--dry-run"", ""--matcher-mode"", ""syntactic"", ""--telemetry-json"", ""/home/arjaiswal/Polygeist/issues/equality_saturation_eval/campaign_20260908/mfem_kernel-integrate_value_2d_scratch_sliced-syntactic-9nvbav51.json"", ""--disable-semantic-fallback""]","== match report for /home/arjaiswal/Polygeist/issues/mfem_c_kernels/match_results/integrate_value_2d_scratch_sliced/debufferized.mlir ==
  match          body#[0, 1]  cutensornetContraction2_f64
  no_match       body#2  ?
  total: 1 matched / 2 bodies
",0,[],0,0,0,0,/home/arjaiswal/Polygeist/issues/mfem_c_kernels/match_results/integrate_value_2d_scratch_sliced/debufferized.mlir,4719,0,3,2,547.0246523618698,1,65684,0.0794343650341034,0,10,0,0,"[{""body_indices"": [0, 1], ""symbol"": ""cutensornetContraction2_f64""}]",1,0,12,0.0,12
mfem_kernel,integrate_value_2d_scratch_sliced,/home/arjaiswal/Polygeist/issues/mfem_c_kernels/match_results/integrate_value_2d_scratch_sliced/debufferized.mlir,0c9710ddf53bd35c1253a4e8ffd66a47a8af8535266f16a700f41ba6241d6bd2,egglog,4,ok,0,1248.924121260643,0,"[""/usr/bin/python3"", ""/home/arjaiswal/Polygeist/scripts/correctness/kernel_match_rewrite.py"", ""/home/arjaiswal/Polygeist/issues/mfem_c_kernels/match_results/integrate_value_2d_scratch_sliced/debufferized.mlir"", ""--dry-run"", ""--matcher-mode"", ""egglog"", ""--telemetry-json"", ""/home/arjaiswal/Polygeist/issues/equality_saturation_eval/campaign_20260908/mfem_kernel-integrate_value_2d_scratch_sliced-egglog-hrhmbm2b.json"", ""--disable-semantic-fallback""]","== match report for /home/arjaiswal/Polygeist/issues/mfem_c_kernels/match_results/integrate_value_2d_scratch_sliced/debufferized.mlir ==
  match          body#[0, 1]  cutensornetContraction2_f64
  no_match       body#2  ?
  total: 1 matched / 2 bodies
",0,[],0,0,0,0,/home/arjaiswal/Polygeist/issues/mfem_c_kernels/match_results/integrate_value_2d_scratch_sliced/debufferized.mlir,4719,8,3,2,513.765674084425,1,69604,119.01131644845009,10,10,0,16,"[{""body_indices"": [0, 1], ""symbol"": ""cutensornetContraction2_f64""}]",1,0,0,0.0,12
mfem_kernel,integrate_value_2d_scratch_sliced,/home/arjaiswal/Polygeist/issues/mfem_c_kernels/match_results/integrate_value_2d_scratch_sliced/debufferized.mlir,0c9710ddf53bd35c1253a4e8ffd66a47a8af8535266f16a700f41ba6241d6bd2,egglog,5,ok,0,1198.0927288532257,0,"[""/usr/bin/python3"", ""/home/arjaiswal/Polygeist/scripts/correctness/kernel_match_rewrite.py"", ""/home/arjaiswal/Polygeist/issues/mfem_c_kernels/match_results/integrate_value_2d_scratch_sliced/debufferized.mlir"", ""--dry-run"", ""--matcher-mode"", ""egglog"", ""--telemetry-json"", ""/home/arjaiswal/Polygeist/issues/equality_saturation_eval/campaign_20260908/mfem_kernel-integrate_value_2d_scratch_sliced-egglog-d6r8cbl1.json"", ""--disable-semantic-fallback""]","== match report for /home/arjaiswal/Polygeist/issues/mfem_c_kernels/match_results/integrate_value_2d_scratch_sliced/debufferized.mlir ==
  match          body#[0, 1]  cutensornetContraction2_f64
  no_match       body#2  ?
  total: 1 matched / 2 bodies
",0,[],0,0,0,0,/home/arjaiswal/Polygeist/issues/mfem_c_kernels/match_results/integrate_value_2d_scratch_sliced/debufferized.mlir,4719,8,3,2,526.447769254446,1,69832,125.71347877383232,10,10,0,16,"[{""body_indices"": [0, 1], ""symbol"": ""cutensornetContraction2_f64""}]",1,0,0,0.0,12
mfem_kernel,integrate_value_2d_scratch_sliced,/home/arjaiswal/Polygeist/issues/mfem_c_kernels/match_results/integrate_value_2d_scratch_sliced/debufferized.mlir,0c9710ddf53bd35c1253a4e8ffd66a47a8af8535266f16a700f41ba6241d6bd2,syntactic,5,ok,0,861.5672253072262,0,"[""/usr/bin/python3"", ""/home/arjaiswal/Polygeist/scripts/correctness/kernel_match_rewrite.py"", ""/home/arjaiswal/Polygeist/issues/mfem_c_kernels/match_results/integrate_value_2d_scratch_sliced/debufferized.mlir"", ""--dry-run"", ""--matcher-mode"", ""syntactic"", ""--telemetry-json"", ""/home/arjaiswal/Polygeist/issues/equality_saturation_eval/campaign_20260908/mfem_kernel-integrate_value_2d_scratch_sliced-syntactic-5x6a0g1v.json"", ""--disable-semantic-fallback""]","== match report for /home/arjaiswal/Polygeist/issues/mfem_c_kernels/match_results/integrate_value_2d_scratch_sliced/debufferized.mlir ==
  match          body#[0, 1]  cutensornetContraction2_f64
  no_match       body#2  ?
  total: 1 matched / 2 bodies
",0,[],0,0,0,0,/home/arjaiswal/Polygeist/issues/mfem_c_kernels/match_results/integrate_value_2d_scratch_sliced/debufferized.mlir,4719,0,3,2,328.4376412630081,1,65696,0.06631389260292053,0,10,0,0,"[{""body_indices"": [0, 1], ""symbol"": ""cutensornetContraction2_f64""}]",1,0,12,0.0,12
mfem_kernel,integrate_value_3d_scratch_sliced,/home/arjaiswal/Polygeist/issues/mfem_c_kernels/match_results/integrate_value_3d_scratch_sliced/debufferized.mlir,4cfb44091e53f640ac51ed866357224d85eadffe3d67938691aff78dfd39c0cd,syntactic,1,ok,0,889.268308877945,0,"[""/usr/bin/python3"", ""/home/arjaiswal/Polygeist/scripts/correctness/kernel_match_rewrite.py"", ""/home/arjaiswal/Polygeist/issues/mfem_c_kernels/match_results/integrate_value_3d_scratch_sliced/debufferized.mlir"", ""--dry-run"", ""--matcher-mode"", ""syntactic"", ""--telemetry-json"", ""/home/arjaiswal/Polygeist/issues/equality_saturation_eval/campaign_20260908/mfem_kernel-integrate_value_3d_scratch_sliced-syntactic-fpzlvxj0.json"", ""--disable-semantic-fallback""]","== match report for /home/arjaiswal/Polygeist/issues/mfem_c_kernels/match_results/integrate_value_3d_scratch_sliced/debufferized.mlir ==
  match          body#[0, 1]  cutensornetContraction2_f64
  match          body#[2, 3]  cutensornetContraction2_f64
  no_match       body#4  ?
  total: 2 matched / 3 bodies
",0,[],0,0,0,0,/home/arjaiswal/Polygeist/issues/mfem_c_kernels/match_results/integrate_value_3d_scratch_sliced/debufferized.mlir,6838,0,5,4,370.04444003105164,1,65500,0.0681169331073761,0,10,0,0,"[{""body_indices"": [0, 1], ""symbol"": ""cutensornetContraction2_f64""}, {""body_indices"": [2, 3], ""symbol"": ""cutensornetContraction2_f64""}]",2,0,10,0.0,10
mfem_kernel,integrate_value_3d_scratch_sliced,/home/arjaiswal/Polygeist/issues/mfem_c_kernels/match_results/integrate_value_3d_scratch_sliced/debufferized.mlir,4cfb44091e53f640ac51ed866357224d85eadffe3d67938691aff78dfd39c0cd,egglog,1,ok,0,1601.2836657464504,0,"[""/usr/bin/python3"", ""/home/arjaiswal/Polygeist/scripts/correctness/kernel_match_rewrite.py"", ""/home/arjaiswal/Polygeist/issues/mfem_c_kernels/match_results/integrate_value_3d_scratch_sliced/debufferized.mlir"", ""--dry-run"", ""--matcher-mode"", ""egglog"", ""--telemetry-json"", ""/home/arjaiswal/Polygeist/issues/equality_saturation_eval/campaign_20260908/mfem_kernel-integrate_value_3d_scratch_sliced-egglog-9q3mwjxv.json"", ""--disable-semantic-fallback""]","== match report for /home/arjaiswal/Polygeist/issues/mfem_c_kernels/match_results/integrate_value_3d_scratch_sliced/debufferized.mlir ==
  match          body#[0, 1]  cutensornetContraction2_f64
  match          body#[2, 3]  cutensornetContraction2_f64
  no_match       body#4  ?
  total: 2 matched / 3 bodies
",0,[],0,0,0,0,/home/arjaiswal/Polygeist/issues/mfem_c_kernels/match_results/integrate_value_3d_scratch_sliced/debufferized.mlir,6838,8,5,4,654.0121920406818,1,69748,196.41471654176712,10,10,0,16,"[{""body_indices"": [0, 1], ""symbol"": ""cutensornetContraction2_f64""}, {""body_indices"": [2, 3], ""symbol"": ""cutensornetContraction2_f64""}]",2,0,0,0.0,10
mfem_kernel,integrate_value_3d_scratch_sliced,/home/arjaiswal/Polygeist/issues/mfem_c_kernels/match_results/integrate_value_3d_scratch_sliced/debufferized.mlir,4cfb44091e53f640ac51ed866357224d85eadffe3d67938691aff78dfd39c0cd,egglog,2,ok,0,1799.6682301163673,0,"[""/usr/bin/python3"", ""/home/arjaiswal/Polygeist/scripts/correctness/kernel_match_rewrite.py"", ""/home/arjaiswal/Polygeist/issues/mfem_c_kernels/match_results/integrate_value_3d_scratch_sliced/debufferized.mlir"", ""--dry-run"", ""--matcher-mode"", ""egglog"", ""--telemetry-json"", ""/home/arjaiswal/Polygeist/issues/equality_saturation_eval/campaign_20260908/mfem_kernel-integrate_value_3d_scratch_sliced-egglog-w63yj9q2.json"", ""--disable-semantic-fallback""]","== match report for /home/arjaiswal/Polygeist/issues/mfem_c_kernels/match_results/integrate_value_3d_scratch_sliced/debufferized.mlir ==
  match          body#[0, 1]  cutensornetContraction2_f64
  match          body#[2, 3]  cutensornetContraction2_f64
  no_match       body#4  ?
  total: 2 matched / 3 bodies
",0,[],0,0,0,0,/home/arjaiswal/Polygeist/issues/mfem_c_kernels/match_results/integrate_value_3d_scratch_sliced/debufferized.mlir,6838,8,5,4,655.0894193351269,1,69668,126.88266858458519,10,10,0,16,"[{""body_indices"": [0, 1], ""symbol"": ""cutensornetContraction2_f64""}, {""body_indices"": [2, 3], ""symbol"": ""cutensornetContraction2_f64""}]",2,0,0,0.0,10
mfem_kernel,integrate_value_3d_scratch_sliced,/home/arjaiswal/Polygeist/issues/mfem_c_kernels/match_results/integrate_value_3d_scratch_sliced/debufferized.mlir,4cfb44091e53f640ac51ed866357224d85eadffe3d67938691aff78dfd39c0cd,syntactic,2,ok,0,1114.885851740837,0,"[""/usr/bin/python3"", ""/home/arjaiswal/Polygeist/scripts/correctness/kernel_match_rewrite.py"", ""/home/arjaiswal/Polygeist/issues/mfem_c_kernels/match_results/integrate_value_3d_scratch_sliced/debufferized.mlir"", ""--dry-run"", ""--matcher-mode"", ""syntactic"", ""--telemetry-json"", ""/home/arjaiswal/Polygeist/issues/equality_saturation_eval/campaign_20260908/mfem_kernel-integrate_value_3d_scratch_sliced-syntactic-f3i5negv.json"", ""--disable-semantic-fallback""]","== match report for /home/arjaiswal/Polygeist/issues/mfem_c_kernels/match_results/integrate_value_3d_scratch_sliced/debufferized.mlir ==
  match          body#[0, 1]  cutensornetContraction2_f64
  match          body#[2, 3]  cutensornetContraction2_f64
  no_match       body#4  ?
  total: 2 matched / 3 bodies
",0,[],0,0,0,0,/home/arjaiswal/Polygeist/issues/mfem_c_kernels/match_results/integrate_value_3d_scratch_sliced/debufferized.mlir,6838,0,5,4,328.6210373044014,1,65600,0.061862170696258545,0,10,0,0,"[{""body_indices"": [0, 1], ""symbol"": ""cutensornetContraction2_f64""}, {""body_indices"": [2, 3], ""symbol"": ""cutensornetContraction2_f64""}]",2,0,10,0.0,10
mfem_kernel,integrate_value_3d_scratch_sliced,/home/arjaiswal/Polygeist/issues/mfem_c_kernels/match_results/integrate_value_3d_scratch_sliced/debufferized.mlir,4cfb44091e53f640ac51ed866357224d85eadffe3d67938691aff78dfd39c0cd,syntactic,3,ok,0,1269.266676157713,0,"[""/usr/bin/python3"", ""/home/arjaiswal/Polygeist/scripts/correctness/kernel_match_rewrite.py"", ""/home/arjaiswal/Polygeist/issues/mfem_c_kernels/match_results/integrate_value_3d_scratch_sliced/debufferized.mlir"", ""--dry-run"", ""--matcher-mode"", ""syntactic"", ""--telemetry-json"", ""/home/arjaiswal/Polygeist/issues/equality_saturation_eval/campaign_20260908/mfem_kernel-integrate_value_3d_scratch_sliced-syntactic-k2uj6fn8.json"", ""--disable-semantic-fallback""]","== match report for /home/arjaiswal/Polygeist/issues/mfem_c_kernels/match_results/integrate_value_3d_scratch_sliced/debufferized.mlir ==
  match          body#[0, 1]  cutensornetContraction2_f64
  match          body#[2, 3]  cutensornetContraction2_f64
  no_match       body#4  ?
  total: 2 matched / 3 bodies
",0,[],0,0,0,0,/home/arjaiswal/Polygeist/issues/mfem_c_kernels/match_results/integrate_value_3d_scratch_sliced/debufferized.mlir,6838,0,5,4,446.1807906627655,1,65784,0.06107240915298462,0,10,0,0,"[{""body_indices"": [0, 1], ""symbol"": ""cutensornetContraction2_f64""}, {""body_indices"": [2, 3], ""symbol"": ""cutensornetContraction2_f64""}]",2,0,10,0.0,10
mfem_kernel,integrate_value_3d_scratch_sliced,/home/arjaiswal/Polygeist/issues/mfem_c_kernels/match_results/integrate_value_3d_scratch_sliced/debufferized.mlir,4cfb44091e53f640ac51ed866357224d85eadffe3d67938691aff78dfd39c0cd,egglog,3,ok,0,1042.7632592618465,0,"[""/usr/bin/python3"", ""/home/arjaiswal/Polygeist/scripts/correctness/kernel_match_rewrite.py"", ""/home/arjaiswal/Polygeist/issues/mfem_c_kernels/match_results/integrate_value_3d_scratch_sliced/debufferized.mlir"", ""--dry-run"", ""--matcher-mode"", ""egglog"", ""--telemetry-json"", ""/home/arjaiswal/Polygeist/issues/equality_saturation_eval/campaign_20260908/mfem_kernel-integrate_value_3d_scratch_sliced-egglog-7ki5cpft.json"", ""--disable-semantic-fallback""]","== match report for /home/arjaiswal/Polygeist/issues/mfem_c_kernels/match_results/integrate_value_3d_scratch_sliced/debufferized.mlir ==
  match          body#[0, 1]  cutensornetContraction2_f64
  match          body#[2, 3]  cutensornetContraction2_f64
  no_match       body#4  ?
  total: 2 matched / 3 bodies
",0,[],0,0,0,0,/home/arjaiswal/Polygeist/issues/mfem_c_kernels/match_results/integrate_value_3d_scratch_sliced/debufferized.mlir,6838,8,5,4,492.09997802972794,1,69804,111.30302399396896,10,10,0,16,"[{""body_indices"": [0, 1], ""symbol"": ""cutensornetContraction2_f64""}, {""body_indices"": [2, 3], ""symbol"": ""cutensornetContraction2_f64""}]",2,0,0,0.0,10
mfem_kernel,integrate_value_3d_scratch_sliced,/home/arjaiswal/Polygeist/issues/mfem_c_kernels/match_results/integrate_value_3d_scratch_sliced/debufferized.mlir,4cfb44091e53f640ac51ed866357224d85eadffe3d67938691aff78dfd39c0cd,egglog,4,ok,0,980.8894172310829,0,"[""/usr/bin/python3"", ""/home/arjaiswal/Polygeist/scripts/correctness/kernel_match_rewrite.py"", ""/home/arjaiswal/Polygeist/issues/mfem_c_kernels/match_results/integrate_value_3d_scratch_sliced/debufferized.mlir"", ""--dry-run"", ""--matcher-mode"", ""egglog"", ""--telemetry-json"", ""/home/arjaiswal/Polygeist/issues/equality_saturation_eval/campaign_20260908/mfem_kernel-integrate_value_3d_scratch_sliced-egglog-objog2xm.json"", ""--disable-semantic-fallback""]","== match report for /home/arjaiswal/Polygeist/issues/mfem_c_kernels/match_results/integrate_value_3d_scratch_sliced/debufferized.mlir ==
  match          body#[0, 1]  cutensornetContraction2_f64
  match          body#[2, 3]  cutensornetContraction2_f64
  no_match       body#4  ?
  total: 2 matched / 3 bodies
",0,[],0,0,0,0,/home/arjaiswal/Polygeist/issues/mfem_c_kernels/match_results/integrate_value_3d_scratch_sliced/debufferized.mlir,6838,8,5,4,451.3985365629196,1,69668,110.36813631653786,10,10,0,16,"[{""body_indices"": [0, 1], ""symbol"": ""cutensornetContraction2_f64""}, {""body_indices"": [2, 3], ""symbol"": ""cutensornetContraction2_f64""}]",2,0,0,0.0,10
mfem_kernel,integrate_value_3d_scratch_sliced,/home/arjaiswal/Polygeist/issues/mfem_c_kernels/match_results/integrate_value_3d_scratch_sliced/debufferized.mlir,4cfb44091e53f640ac51ed866357224d85eadffe3d67938691aff78dfd39c0cd,syntactic,4,ok,0,1231.329794973135,0,"[""/usr/bin/python3"", ""/home/arjaiswal/Polygeist/scripts/correctness/kernel_match_rewrite.py"", ""/home/arjaiswal/Polygeist/issues/mfem_c_kernels/match_results/integrate_value_3d_scratch_sliced/debufferized.mlir"", ""--dry-run"", ""--matcher-mode"", ""syntactic"", ""--telemetry-json"", ""/home/arjaiswal/Polygeist/issues/equality_saturation_eval/campaign_20260908/mfem_kernel-integrate_value_3d_scratch_sliced-syntactic-vehmwdm9.json"", ""--disable-semantic-fallback""]","== match report for /home/arjaiswal/Polygeist/issues/mfem_c_kernels/match_results/integrate_value_3d_scratch_sliced/debufferized.mlir ==
  match          body#[0, 1]  cutensornetContraction2_f64
  match          body#[2, 3]  cutensornetContraction2_f64
  no_match       body#4  ?
  total: 2 matched / 3 bodies
",0,[],0,0,0,0,/home/arjaiswal/Polygeist/issues/mfem_c_kernels/match_results/integrate_value_3d_scratch_sliced/debufferized.mlir,6838,0,5,4,424.18742924928665,1,65608,0.07644295692443848,0,10,0,0,"[{""body_indices"": [0, 1], ""symbol"": ""cutensornetContraction2_f64""}, {""body_indices"": [2, 3], ""symbol"": ""cutensornetContraction2_f64""}]",2,0,10,0.0,10
mfem_kernel,integrate_value_3d_scratch_sliced,/home/arjaiswal/Polygeist/issues/mfem_c_kernels/match_results/integrate_value_3d_scratch_sliced/debufferized.mlir,4cfb44091e53f640ac51ed866357224d85eadffe3d67938691aff78dfd39c0cd,syntactic,5,ok,0,1508.4711611270905,0,"[""/usr/bin/python3"", ""/home/arjaiswal/Polygeist/scripts/correctness/kernel_match_rewrite.py"", ""/home/arjaiswal/Polygeist/issues/mfem_c_kernels/match_results/integrate_value_3d_scratch_sliced/debufferized.mlir"", ""--dry-run"", ""--matcher-mode"", ""syntactic"", ""--telemetry-json"", ""/home/arjaiswal/Polygeist/issues/equality_saturation_eval/campaign_20260908/mfem_kernel-integrate_value_3d_scratch_sliced-syntactic-2q_jbgl_.json"", ""--disable-semantic-fallback""]","== match report for /home/arjaiswal/Polygeist/issues/mfem_c_kernels/match_results/integrate_value_3d_scratch_sliced/debufferized.mlir ==
  match          body#[0, 1]  cutensornetContraction2_f64
  match          body#[2, 3]  cutensornetContraction2_f64
  no_match       body#4  ?
  total: 2 matched / 3 bodies
",0,[],0,0,0,0,/home/arjaiswal/Polygeist/issues/mfem_c_kernels/match_results/integrate_value_3d_scratch_sliced/debufferized.mlir,6838,0,5,4,601.5535406768322,1,65444,0.06310641765594482,0,10,0,0,"[{""body_indices"": [0, 1], ""symbol"": ""cutensornetContraction2_f64""}, {""body_indices"": [2, 3], ""symbol"": ""cutensornetContraction2_f64""}]",2,0,10,0.0,10
mfem_kernel,integrate_value_3d_scratch_sliced,/home/arjaiswal/Polygeist/issues/mfem_c_kernels/match_results/integrate_value_3d_scratch_sliced/debufferized.mlir,4cfb44091e53f640ac51ed866357224d85eadffe3d67938691aff78dfd39c0cd,egglog,5,ok,0,1313.530933111906,0,"[""/usr/bin/python3"", ""/home/arjaiswal/Polygeist/scripts/correctness/kernel_match_rewrite.py"", ""/home/arjaiswal/Polygeist/issues/mfem_c_kernels/match_results/integrate_value_3d_scratch_sliced/debufferized.mlir"", ""--dry-run"", ""--matcher-mode"", ""egglog"", ""--telemetry-json"", ""/home/arjaiswal/Polygeist/issues/equality_saturation_eval/campaign_20260908/mfem_kernel-integrate_value_3d_scratch_sliced-egglog-sog28uli.json"", ""--disable-semantic-fallback""]","== match report for /home/arjaiswal/Polygeist/issues/mfem_c_kernels/match_results/integrate_value_3d_scratch_sliced/debufferized.mlir ==
  match          body#[0, 1]  cutensornetContraction2_f64
  match          body#[2, 3]  cutensornetContraction2_f64
  no_match       body#4  ?
  total: 2 matched / 3 bodies
",0,[],0,0,0,0,/home/arjaiswal/Polygeist/issues/mfem_c_kernels/match_results/integrate_value_3d_scratch_sliced/debufferized.mlir,6838,8,5,4,566.315695643425,1,69712,126.58650800585747,10,10,0,16,"[{""body_indices"": [0, 1], ""symbol"": ""cutensornetContraction2_f64""}, {""body_indices"": [2, 3], ""symbol"": ""cutensornetContraction2_f64""}]",2,0,0,0.0,10
mfem_kernel,interp_grad_2d_stage_sliced,/home/arjaiswal/Polygeist/issues/mfem_c_kernels/match_results/interp_grad_2d_stage_sliced/debufferized.mlir,6321d4fbfc7a62123ee830956b9ccc282b9527b4eb786d6c108bbe3d77699a7c,egglog,1,ok,0,1502.4892464280128,0,"[""/usr/bin/python3"", ""/home/arjaiswal/Polygeist/scripts/correctness/kernel_match_rewrite.py"", ""/home/arjaiswal/Polygeist/issues/mfem_c_kernels/match_results/interp_grad_2d_stage_sliced/debufferized.mlir"", ""--dry-run"", ""--matcher-mode"", ""egglog"", ""--telemetry-json"", ""/home/arjaiswal/Polygeist/issues/equality_saturation_eval/campaign_20260908/mfem_kernel-interp_grad_2d_stage_sliced-egglog-ntx_2reg.json"", ""--disable-semantic-fallback""]","== match report for /home/arjaiswal/Polygeist/issues/mfem_c_kernels/match_results/interp_grad_2d_stage_sliced/debufferized.mlir ==
  match          body#[0, 1]  cutensornetContraction2_f64
  match          body#[2, 3]  cutensornetContraction2_f64
  match          body#[4, 5]  cutensornetContraction2_f64
  match          body#[6, 7]  cutensornetContraction2_f64
  total: 4 matched / 4 bodies
",0,[],0,0,0,0,/home/arjaiswal/Polygeist/issues/mfem_c_kernels/match_results/interp_grad_2d_stage_sliced/debufferized.mlir,8595,8,8,8,1021.9008773565292,0,69920,499.65979158878326,42,42,0,56,"[{""body_indices"": [0, 1], ""symbol"": ""cutensornetContraction2_f64""}, {""body_indices"": [2, 3], ""symbol"": ""cutensornetContraction2_f64""}, {""body_indices"": [4, 5], ""symbol"": ""cutensornetContraction2_f64""}, {""body_indices"": [6, 7], ""symbol"": ""cutensornetContraction2_f64""}]",4,0,0,0.0,42
mfem_kernel,interp_grad_2d_stage_sliced,/home/arjaiswal/Polygeist/issues/mfem_c_kernels/match_results/interp_grad_2d_stage_sliced/debufferized.mlir,6321d4fbfc7a62123ee830956b9ccc282b9527b4eb786d6c108bbe3d77699a7c,syntactic,1,ok,0,1188.0247592926025,0,"[""/usr/bin/python3"", ""/home/arjaiswal/Polygeist/scripts/correctness/kernel_match_rewrite.py"", ""/home/arjaiswal/Polygeist/issues/mfem_c_kernels/match_results/interp_grad_2d_stage_sliced/debufferized.mlir"", ""--dry-run"", ""--matcher-mode"", ""syntactic"", ""--telemetry-json"", ""/home/arjaiswal/Polygeist/issues/equality_saturation_eval/campaign_20260908/mfem_kernel-interp_grad_2d_stage_sliced-syntactic-d1wg155i.json"", ""--disable-semantic-fallback""]","== match report for /home/arjaiswal/Polygeist/issues/mfem_c_kernels/match_results/interp_grad_2d_stage_sliced/debufferized.mlir ==
  match          body#[0, 1]  cutensornetContraction2_f64
  match          body#[2, 3]  cutensornetContraction2_f64
  match          body#[4, 5]  cutensornetContraction2_f64
  match          body#[6, 7]  cutensornetContraction2_f64
  total: 4 matched / 4 bodies
",0,[],0,0,0,0,/home/arjaiswal/Polygeist/issues/mfem_c_kernels/match_results/interp_grad_2d_stage_sliced/debufferized.mlir,8595,0,8,8,468.43088790774345,0,65868,0.2399943768978119,0,42,0,0,"[{""body_indices"": [0, 1], ""symbol"": ""cutensornetContraction2_f64""}, {""body_indices"": [2, 3], ""symbol"": ""cutensornetContraction2_f64""}, {""body_indices"": [4, 5], ""symbol"": ""cutensornetContraction2_f64""}, {""body_indices"": [6, 7], ""symbol"": ""cutensornetContraction2_f64""}]",4,0,42,0.0,42
mfem_kernel,interp_grad_2d_stage_sliced,/home/arjaiswal/Polygeist/issues/mfem_c_kernels/match_results/interp_grad_2d_stage_sliced/debufferized.mlir,6321d4fbfc7a62123ee830956b9ccc282b9527b4eb786d6c108bbe3d77699a7c,syntactic,2,ok,0,1932.4410147964954,0,"[""/usr/bin/python3"", ""/home/arjaiswal/Polygeist/scripts/correctness/kernel_match_rewrite.py"", ""/home/arjaiswal/Polygeist/issues/mfem_c_kernels/match_results/interp_grad_2d_stage_sliced/debufferized.mlir"", ""--dry-run"", ""--matcher-mode"", ""syntactic"", ""--telemetry-json"", ""/home/arjaiswal/Polygeist/issues/equality_saturation_eval/campaign_20260908/mfem_kernel-interp_grad_2d_stage_sliced-syntactic-c_icipr3.json"", ""--disable-semantic-fallback""]","== match report for /home/arjaiswal/Polygeist/issues/mfem_c_kernels/match_results/interp_grad_2d_stage_sliced/debufferized.mlir ==
  match          body#[0, 1]  cutensornetContraction2_f64
  match          body#[2, 3]  cutensornetContraction2_f64
  match          body#[4, 5]  cutensornetContraction2_f64
  match          body#[6, 7]  cutensornetContraction2_f64
  total: 4 matched / 4 bodies
",0,[],0,0,0,0,/home/arjaiswal/Polygeist/issues/mfem_c_kernels/match_results/interp_grad_2d_stage_sliced/debufferized.mlir,8595,0,8,8,894.8042392730713,0,65940,0.26441365480422974,0,42,0,0,"[{""body_indices"": [0, 1], ""symbol"": ""cutensornetContraction2_f64""}, {""body_indices"": [2, 3], ""symbol"": ""cutensornetContraction2_f64""}, {""body_indices"": [4, 5], ""symbol"": ""cutensornetContraction2_f64""}, {""body_indices"": [6, 7], ""symbol"": ""cutensornetContraction2_f64""}]",4,0,42,0.0,42
mfem_kernel,interp_grad_2d_stage_sliced,/home/arjaiswal/Polygeist/issues/mfem_c_kernels/match_results/interp_grad_2d_stage_sliced/debufferized.mlir,6321d4fbfc7a62123ee830956b9ccc282b9527b4eb786d6c108bbe3d77699a7c,egglog,2,ok,0,2527.442838996649,0,"[""/usr/bin/python3"", ""/home/arjaiswal/Polygeist/scripts/correctness/kernel_match_rewrite.py"", ""/home/arjaiswal/Polygeist/issues/mfem_c_kernels/match_results/interp_grad_2d_stage_sliced/debufferized.mlir"", ""--dry-run"", ""--matcher-mode"", ""egglog"", ""--telemetry-json"", ""/home/arjaiswal/Polygeist/issues/equality_saturation_eval/campaign_20260908/mfem_kernel-interp_grad_2d_stage_sliced-egglog-igopmigq.json"", ""--disable-semantic-fallback""]","== match report for /home/arjaiswal/Polygeist/issues/mfem_c_kernels/match_results/interp_grad_2d_stage_sliced/debufferized.mlir ==
  match          body#[0, 1]  cutensornetContraction2_f64
  match          body#[2, 3]  cutensornetContraction2_f64
  match          body#[4, 5]  cutensornetContraction2_f64
  match          body#[6, 7]  cutensornetContraction2_f64
  total: 4 matched / 4 bodies
",0,[],0,0,0,0,/home/arjaiswal/Polygeist/issues/mfem_c_kernels/match_results/interp_grad_2d_stage_sliced/debufferized.mlir,8595,8,8,8,1485.9159402549267,0,70012,598.7923964858055,42,42,0,56,"[{""body_indices"": [0, 1], ""symbol"": ""cutensornetContraction2_f64""}, {""body_indices"": [2, 3], ""symbol"": ""cutensornetContraction2_f64""}, {""body_indices"": [4, 5], ""symbol"": ""cutensornetContraction2_f64""}, {""body_indices"": [6, 7], ""symbol"": ""cutensornetContraction2_f64""}]",4,0,0,0.0,42
mfem_kernel,interp_grad_2d_stage_sliced,/home/arjaiswal/Polygeist/issues/mfem_c_kernels/match_results/interp_grad_2d_stage_sliced/debufferized.mlir,6321d4fbfc7a62123ee830956b9ccc282b9527b4eb786d6c108bbe3d77699a7c,egglog,3,ok,0,2027.751125395298,0,"[""/usr/bin/python3"", ""/home/arjaiswal/Polygeist/scripts/correctness/kernel_match_rewrite.py"", ""/home/arjaiswal/Polygeist/issues/mfem_c_kernels/match_results/interp_grad_2d_stage_sliced/debufferized.mlir"", ""--dry-run"", ""--matcher-mode"", ""egglog"", ""--telemetry-json"", ""/home/arjaiswal/Polygeist/issues/equality_saturation_eval/campaign_20260908/mfem_kernel-interp_grad_2d_stage_sliced-egglog-kj9ahkcx.json"", ""--disable-semantic-fallback""]","== match report for /home/arjaiswal/Polygeist/issues/mfem_c_kernels/match_results/interp_grad_2d_stage_sliced/debufferized.mlir ==
  match          body#[0, 1]  cutensornetContraction2_f64
  match          body#[2, 3]  cutensornetContraction2_f64
  match          body#[4, 5]  cutensornetContraction2_f64
  match          body#[6, 7]  cutensornetContraction2_f64
  total: 4 matched / 4 bodies
",0,[],0,0,0,0,/home/arjaiswal/Polygeist/issues/mfem_c_kernels/match_results/interp_grad_2d_stage_sliced/debufferized.mlir,8595,8,8,8,1336.7043361067772,0,70072,691.8920688331127,42,42,0,56,"[{""body_indices"": [0, 1], ""symbol"": ""cutensornetContraction2_f64""}, {""body_indices"": [2, 3], ""symbol"": ""cutensornetContraction2_f64""}, {""body_indices"": [4, 5], ""symbol"": ""cutensornetContraction2_f64""}, {""body_indices"": [6, 7], ""symbol"": ""cutensornetContraction2_f64""}]",4,0,0,0.0,42
mfem_kernel,interp_grad_2d_stage_sliced,/home/arjaiswal/Polygeist/issues/mfem_c_kernels/match_results/interp_grad_2d_stage_sliced/debufferized.mlir,6321d4fbfc7a62123ee830956b9ccc282b9527b4eb786d6c108bbe3d77699a7c,syntactic,3,ok,0,2233.2516610622406,0,"[""/usr/bin/python3"", ""/home/arjaiswal/Polygeist/scripts/correctness/kernel_match_rewrite.py"", ""/home/arjaiswal/Polygeist/issues/mfem_c_kernels/match_results/interp_grad_2d_stage_sliced/debufferized.mlir"", ""--dry-run"", ""--matcher-mode"", ""syntactic"", ""--telemetry-json"", ""/home/arjaiswal/Polygeist/issues/equality_saturation_eval/campaign_20260908/mfem_kernel-interp_grad_2d_stage_sliced-syntactic-2y64hcpu.json"", ""--disable-semantic-fallback""]","== match report for /home/arjaiswal/Polygeist/issues/mfem_c_kernels/match_results/interp_grad_2d_stage_sliced/debufferized.mlir ==
  match          body#[0, 1]  cutensornetContraction2_f64
  match          body#[2, 3]  cutensornetContraction2_f64
  match          body#[4, 5]  cutensornetContraction2_f64
  match          body#[6, 7]  cutensornetContraction2_f64
  total: 4 matched / 4 bodies
",0,[],0,0,0,0,/home/arjaiswal/Polygeist/issues/mfem_c_kernels/match_results/interp_grad_2d_stage_sliced/debufferized.mlir,8595,0,8,8,1057.3766939342022,0,65852,0.28044357895851135,0,42,0,0,"[{""body_indices"": [0, 1], ""symbol"": ""cutensornetContraction2_f64""}, {""body_indices"": [2, 3], ""symbol"": ""cutensornetContraction2_f64""}, {""body_indices"": [4, 5], ""symbol"": ""cutensornetContraction2_f64""}, {""body_indices"": [6, 7], ""symbol"": ""cutensornetContraction2_f64""}]",4,0,42,0.0,42
mfem_kernel,interp_grad_2d_stage_sliced,/home/arjaiswal/Polygeist/issues/mfem_c_kernels/match_results/interp_grad_2d_stage_sliced/debufferized.mlir,6321d4fbfc7a62123ee830956b9ccc282b9527b4eb786d6c108bbe3d77699a7c,syntactic,4,ok,0,1278.1902216374874,0,"[""/usr/bin/python3"", ""/home/arjaiswal/Polygeist/scripts/correctness/kernel_match_rewrite.py"", ""/home/arjaiswal/Polygeist/issues/mfem_c_kernels/match_results/interp_grad_2d_stage_sliced/debufferized.mlir"", ""--dry-run"", ""--matcher-mode"", ""syntactic"", ""--telemetry-json"", ""/home/arjaiswal/Polygeist/issues/equality_saturation_eval/campaign_20260908/mfem_kernel-interp_grad_2d_stage_sliced-syntactic-f5fhbs3t.json"", ""--disable-semantic-fallback""]","== match report for /home/arjaiswal/Polygeist/issues/mfem_c_kernels/match_results/interp_grad_2d_stage_sliced/debufferized.mlir ==
  match          body#[0, 1]  cutensornetContraction2_f64
  match          body#[2, 3]  cutensornetContraction2_f64
  match          body#[4, 5]  cutensornetContraction2_f64
  match          body#[6, 7]  cutensornetContraction2_f64
  total: 4 matched / 4 bodies
",0,[],0,0,0,0,/home/arjaiswal/Polygeist/issues/mfem_c_kernels/match_results/interp_grad_2d_stage_sliced/debufferized.mlir,8595,0,8,8,518.0147811770439,0,65828,13.542450964450836,0,42,0,0,"[{""body_indices"": [0, 1], ""symbol"": ""cutensornetContraction2_f64""}, {""body_indices"": [2, 3], ""symbol"": ""cutensornetContraction2_f64""}, {""body_indices"": [4, 5], ""symbol"": ""cutensornetContraction2_f64""}, {""body_indices"": [6, 7], ""symbol"": ""cutensornetContraction2_f64""}]",4,0,42,0.0,42
mfem_kernel,interp_grad_2d_stage_sliced,/home/arjaiswal/Polygeist/issues/mfem_c_kernels/match_results/interp_grad_2d_stage_sliced/debufferized.mlir,6321d4fbfc7a62123ee830956b9ccc282b9527b4eb786d6c108bbe3d77699a7c,egglog,4,ok,0,1522.1373662352562,0,"[""/usr/bin/python3"", ""/home/arjaiswal/Polygeist/scripts/correctness/kernel_match_rewrite.py"", ""/home/arjaiswal/Polygeist/issues/mfem_c_kernels/match_results/interp_grad_2d_stage_sliced/debufferized.mlir"", ""--dry-run"", ""--matcher-mode"", ""egglog"", ""--telemetry-json"", ""/home/arjaiswal/Polygeist/issues/equality_saturation_eval/campaign_20260908/mfem_kernel-interp_grad_2d_stage_sliced-egglog-fzh9aga0.json"", ""--disable-semantic-fallback""]","== match report for /home/arjaiswal/Polygeist/issues/mfem_c_kernels/match_results/interp_grad_2d_stage_sliced/debufferized.mlir ==
  match          body#[0, 1]  cutensornetContraction2_f64
  match          body#[2, 3]  cutensornetContraction2_f64
  match          body#[4, 5]  cutensornetContraction2_f64
  match          body#[6, 7]  cutensornetContraction2_f64
  total: 4 matched / 4 bodies
",0,[],0,0,0,0,/home/arjaiswal/Polygeist/issues/mfem_c_kernels/match_results/interp_grad_2d_stage_sliced/debufferized.mlir,8595,8,8,8,1034.0971387922764,0,70136,533.8666327297688,42,42,0,56,"[{""body_indices"": [0, 1], ""symbol"": ""cutensornetContraction2_f64""}, {""body_indices"": [2, 3], ""symbol"": ""cutensornetContraction2_f64""}, {""body_indices"": [4, 5], ""symbol"": ""cutensornetContraction2_f64""}, {""body_indices"": [6, 7], ""symbol"": ""cutensornetContraction2_f64""}]",4,0,0,0.0,42
mfem_kernel,interp_grad_2d_stage_sliced,/home/arjaiswal/Polygeist/issues/mfem_c_kernels/match_results/interp_grad_2d_stage_sliced/debufferized.mlir,6321d4fbfc7a62123ee830956b9ccc282b9527b4eb786d6c108bbe3d77699a7c,egglog,5,ok,0,1551.9934631884098,0,"[""/usr/bin/python3"", ""/home/arjaiswal/Polygeist/scripts/correctness/kernel_match_rewrite.py"", ""/home/arjaiswal/Polygeist/issues/mfem_c_kernels/match_results/interp_grad_2d_stage_sliced/debufferized.mlir"", ""--dry-run"", ""--matcher-mode"", ""egglog"", ""--telemetry-json"", ""/home/arjaiswal/Polygeist/issues/equality_saturation_eval/campaign_20260908/mfem_kernel-interp_grad_2d_stage_sliced-egglog-kwczlr34.json"", ""--disable-semantic-fallback""]","== match report for /home/arjaiswal/Polygeist/issues/mfem_c_kernels/match_results/interp_grad_2d_stage_sliced/debufferized.mlir ==
  match          body#[0, 1]  cutensornetContraction2_f64
  match          body#[2, 3]  cutensornetContraction2_f64
  match          body#[4, 5]  cutensornetContraction2_f64
  match          body#[6, 7]  cutensornetContraction2_f64
  total: 4 matched / 4 bodies
",0,[],0,0,0,0,/home/arjaiswal/Polygeist/issues/mfem_c_kernels/match_results/interp_grad_2d_stage_sliced/debufferized.mlir,8595,8,8,8,1037.0429828763008,0,70060,489.3602505326271,42,42,0,56,"[{""body_indices"": [0, 1], ""symbol"": ""cutensornetContraction2_f64""}, {""body_indices"": [2, 3], ""symbol"": ""cutensornetContraction2_f64""}, {""body_indices"": [4, 5], ""symbol"": ""cutensornetContraction2_f64""}, {""body_indices"": [6, 7], ""symbol"": ""cutensornetContraction2_f64""}]",4,0,0,0.0,42
mfem_kernel,interp_grad_2d_stage_sliced,/home/arjaiswal/Polygeist/issues/mfem_c_kernels/match_results/interp_grad_2d_stage_sliced/debufferized.mlir,6321d4fbfc7a62123ee830956b9ccc282b9527b4eb786d6c108bbe3d77699a7c,syntactic,5,ok,0,980.0159111618996,0,"[""/usr/bin/python3"", ""/home/arjaiswal/Polygeist/scripts/correctness/kernel_match_rewrite.py"", ""/home/arjaiswal/Polygeist/issues/mfem_c_kernels/match_results/interp_grad_2d_stage_sliced/debufferized.mlir"", ""--dry-run"", ""--matcher-mode"", ""syntactic"", ""--telemetry-json"", ""/home/arjaiswal/Polygeist/issues/equality_saturation_eval/campaign_20260908/mfem_kernel-interp_grad_2d_stage_sliced-syntactic-61yew7xy.json"", ""--disable-semantic-fallback""]","== match report for /home/arjaiswal/Polygeist/issues/mfem_c_kernels/match_results/interp_grad_2d_stage_sliced/debufferized.mlir ==
  match          body#[0, 1]  cutensornetContraction2_f64
  match          body#[2, 3]  cutensornetContraction2_f64
  match          body#[4, 5]  cutensornetContraction2_f64
  match          body#[6, 7]  cutensornetContraction2_f64
  total: 4 matched / 4 bodies
",0,[],0,0,0,0,/home/arjaiswal/Polygeist/issues/mfem_c_kernels/match_results/interp_grad_2d_stage_sliced/debufferized.mlir,8595,0,8,8,457.2158604860306,0,66028,0.2310052514076233,0,42,0,0,"[{""body_indices"": [0, 1], ""symbol"": ""cutensornetContraction2_f64""}, {""body_indices"": [2, 3], ""symbol"": ""cutensornetContraction2_f64""}, {""body_indices"": [4, 5], ""symbol"": ""cutensornetContraction2_f64""}, {""body_indices"": [6, 7], ""symbol"": ""cutensornetContraction2_f64""}]",4,0,42,0.0,42
mfem_kernel,interp_grad_3d_stage_sliced,/home/arjaiswal/Polygeist/issues/mfem_c_kernels/match_results/interp_grad_3d_stage_sliced/debufferized.mlir,04ecf2f5f3f3925606b134219ebf291e0822d4db46005e1db1f08fbae2ad6ee3,syntactic,1,ok,0,1490.0976680219173,0,"[""/usr/bin/python3"", ""/home/arjaiswal/Polygeist/scripts/correctness/kernel_match_rewrite.py"", ""/home/arjaiswal/Polygeist/issues/mfem_c_kernels/match_results/interp_grad_3d_stage_sliced/debufferized.mlir"", ""--dry-run"", ""--matcher-mode"", ""syntactic"", ""--telemetry-json"", ""/home/arjaiswal/Polygeist/issues/equality_saturation_eval/campaign_20260908/mfem_kernel-interp_grad_3d_stage_sliced-syntactic-n6l7r36l.json"", ""--disable-semantic-fallback""]","== match report for /home/arjaiswal/Polygeist/issues/mfem_c_kernels/match_results/interp_grad_3d_stage_sliced/debufferized.mlir ==
  match          body#[0, 1]  cutensornetContraction2_f64
  match          body#[2, 3]  cutensornetContraction2_f64
  match          body#[4, 5]  cutensornetContraction2_f64
  match          body#[6, 7]  cutensornetContraction2_f64
  match          body#[8, 9]  cutensornetContraction2_f64
  match          body#[10, 11]  cutensornetContraction2_f64
  match          body#[12, 13]  cutensornetContraction2_f64
  match          body#[14, 15]  cutensornetContraction2_f64
  total: 8 matched / 8 bodies
",0,[],0,0,0,0,/home/arjaiswal/Polygeist/issues/mfem_c_kernels/match_results/interp_grad_3d_stage_sliced/debufferized.mlir,16313,0,16,16,470.42791172862053,0,66136,0.28090551495552063,0,44,0,0,"[{""body_indices"": [0, 1], ""symbol"": ""cutensornetContraction2_f64""}, {""body_indices"": [2, 3], ""symbol"": ""cutensornetContraction2_f64""}, {""body_indices"": [4, 5], ""symbol"": ""cutensornetContraction2_f64""}, {""body_indices"": [6, 7], ""symbol"": ""cutensornetContraction2_f64""}, {""body_indices"": [8, 9], ""symbol"": ""cutensornetContraction2_f64""}, {""body_indices"": [10, 11], ""symbol"": ""cutensornetContraction2_f64""}, {""body_indices"": [12, 13], ""symbol"": ""cutensornetContraction2_f64""}, {""body_indices"": [14, 15], ""symbol"": ""cutensornetContraction2_f64""}]",8,0,44,0.0,44
mfem_kernel,interp_grad_3d_stage_sliced,/home/arjaiswal/Polygeist/issues/mfem_c_kernels/match_results/interp_grad_3d_stage_sliced/debufferized.mlir,04ecf2f5f3f3925606b134219ebf291e0822d4db46005e1db1f08fbae2ad6ee3,egglog,1,ok,0,1631.7925155162811,0,"[""/usr/bin/python3"", ""/home/arjaiswal/Polygeist/scripts/correctness/kernel_match_rewrite.py"", ""/home/arjaiswal/Polygeist/issues/mfem_c_kernels/match_results/interp_grad_3d_stage_sliced/debufferized.mlir"", ""--dry-run"", ""--matcher-mode"", ""egglog"", ""--telemetry-json"", ""/home/arjaiswal/Polygeist/issues/equality_saturation_eval/campaign_20260908/mfem_kernel-interp_grad_3d_stage_sliced-egglog-a_g0mubv.json"", ""--disable-semantic-fallback""]","== match report for /home/arjaiswal/Polygeist/issues/mfem_c_kernels/match_results/interp_grad_3d_stage_sliced/debufferized.mlir ==
  match          body#[0, 1]  cutensornetContraction2_f64
  match          body#[2, 3]  cutensornetContraction2_f64
  match          body#[4, 5]  cutensornetContraction2_f64
  match          body#[6, 7]  cutensornetContraction2_f64
  match          body#[8, 9]  cutensornetContraction2_f64
  match          body#[10, 11]  cutensornetContraction2_f64
  match          body#[12, 13]  cutensornetContraction2_f64
  match          body#[14, 15]  cutensornetContraction2_f64
  total: 8 matched / 8 bodies
",0,[],0,0,0,0,/home/arjaiswal/Polygeist/issues/mfem_c_kernels/match_results/interp_grad_3d_stage_sliced/debufferized.mlir,16313,8,16,16,1079.465989023447,0,70436,517.6109410822392,44,44,0,64,"[{""body_indices"": [0, 1], ""symbol"": ""cutensornetContraction2_f64""}, {""body_indices"": [2, 3], ""symbol"": ""cutensornetContraction2_f64""}, {""body_indices"": [4, 5], ""symbol"": ""cutensornetContraction2_f64""}, {""body_indices"": [6, 7], ""symbol"": ""cutensornetContraction2_f64""}, {""body_indices"": [8, 9], ""symbol"": ""cutensornetContraction2_f64""}, {""body_indices"": [10, 11], ""symbol"": ""cutensornetContraction2_f64""}, {""body_indices"": [12, 13], ""symbol"": ""cutensornetContraction2_f64""}, {""body_indices"": [14, 15], ""symbol"": ""cutensornetContraction2_f64""}]",8,0,0,0.0,44
mfem_kernel,interp_grad_3d_stage_sliced,/home/arjaiswal/Polygeist/issues/mfem_c_kernels/match_results/interp_grad_3d_stage_sliced/debufferized.mlir,04ecf2f5f3f3925606b134219ebf291e0822d4db46005e1db1f08fbae2ad6ee3,egglog,2,ok,0,2271.2715789675713,0,"[""/usr/bin/python3"", ""/home/arjaiswal/Polygeist/scripts/correctness/kernel_match_rewrite.py"", ""/home/arjaiswal/Polygeist/issues/mfem_c_kernels/match_results/interp_grad_3d_stage_sliced/debufferized.mlir"", ""--dry-run"", ""--matcher-mode"", ""egglog"", ""--telemetry-json"", ""/home/arjaiswal/Polygeist/issues/equality_saturation_eval/campaign_20260908/mfem_kernel-interp_grad_3d_stage_sliced-egglog-s3dyfvea.json"", ""--disable-semantic-fallback""]","== match report for /home/arjaiswal/Polygeist/issues/mfem_c_kernels/match_results/interp_grad_3d_stage_sliced/debufferized.mlir ==
  match          body#[0, 1]  cutensornetContraction2_f64
  match          body#[2, 3]  cutensornetContraction2_f64
  match          body#[4, 5]  cutensornetContraction2_f64
  match          body#[6, 7]  cutensornetContraction2_f64
  match          body#[8, 9]  cutensornetContraction2_f64
  match          body#[10, 11]  cutensornetContraction2_f64
  match          body#[12, 13]  cutensornetContraction2_f64
  match          body#[14, 15]  cutensornetContraction2_f64
  total: 8 matched / 8 bodies
",0,[],0,0,0,0,/home/arjaiswal/Polygeist/issues/mfem_c_kernels/match_results/interp_grad_3d_stage_sliced/debufferized.mlir,16313,8,16,16,1323.0218589305878,0,70356,590.4580429196358,44,44,0,64,"[{""body_indices"": [0, 1], ""symbol"": ""cutensornetContraction2_f64""}, {""body_indices"": [2, 3], ""symbol"": ""cutensornetContraction2_f64""}, {""body_indices"": [4, 5], ""symbol"": ""cutensornetContraction2_f64""}, {""body_indices"": [6, 7], ""symbol"": ""cutensornetContraction2_f64""}, {""body_indices"": [8, 9], ""symbol"": ""cutensornetContraction2_f64""}, {""body_indices"": [10, 11], ""symbol"": ""cutensornetContraction2_f64""}, {""body_indices"": [12, 13], ""symbol"": ""cutensornetContraction2_f64""}, {""body_indices"": [14, 15], ""symbol"": ""cutensornetContraction2_f64""}]",8,0,0,0.0,44
mfem_kernel,interp_grad_3d_stage_sliced,/home/arjaiswal/Polygeist/issues/mfem_c_kernels/match_results/interp_grad_3d_stage_sliced/debufferized.mlir,04ecf2f5f3f3925606b134219ebf291e0822d4db46005e1db1f08fbae2ad6ee3,syntactic,2,ok,0,1634.6463076770306,0,"[""/usr/bin/python3"", ""/home/arjaiswal/Polygeist/scripts/correctness/kernel_match_rewrite.py"", ""/home/arjaiswal/Polygeist/issues/mfem_c_kernels/match_results/interp_grad_3d_stage_sliced/debufferized.mlir"", ""--dry-run"", ""--matcher-mode"", ""syntactic"", ""--telemetry-json"", ""/home/arjaiswal/Polygeist/issues/equality_saturation_eval/campaign_20260908/mfem_kernel-interp_grad_3d_stage_sliced-syntactic-lre4kvmc.json"", ""--disable-semantic-fallback""]","== match report for /home/arjaiswal/Polygeist/issues/mfem_c_kernels/match_results/interp_grad_3d_stage_sliced/debufferized.mlir ==
  match          body#[0, 1]  cutensornetContraction2_f64
  match          body#[2, 3]  cutensornetContraction2_f64
  match          body#[4, 5]  cutensornetContraction2_f64
  match          body#[6, 7]  cutensornetContraction2_f64
  match          body#[8, 9]  cutensornetContraction2_f64
  match          body#[10, 11]  cutensornetContraction2_f64
  match          body#[12, 13]  cutensornetContraction2_f64
  match          body#[14, 15]  cutensornetContraction2_f64
  total: 8 matched / 8 bodies
",0,[],0,0,0,0,/home/arjaiswal/Polygeist/issues/mfem_c_kernels/match_results/interp_grad_3d_stage_sliced/debufferized.mlir,16313,0,16,16,812.8091618418694,0,66236,0.2650022506713867,0,44,0,0,"[{""body_indices"": [0, 1], ""symbol"": ""cutensornetContraction2_f64""}, {""body_indices"": [2, 3], ""symbol"": ""cutensornetContraction2_f64""}, {""body_indices"": [4, 5], ""symbol"": ""cutensornetContraction2_f64""}, {""body_indices"": [6, 7], ""symbol"": ""cutensornetContraction2_f64""}, {""body_indices"": [8, 9], ""symbol"": ""cutensornetContraction2_f64""}, {""body_indices"": [10, 11], ""symbol"": ""cutensornetContraction2_f64""}, {""body_indices"": [12, 13], ""symbol"": ""cutensornetContraction2_f64""}, {""body_indices"": [14, 15], ""symbol"": ""cutensornetContraction2_f64""}]",8,0,44,0.0,44
mfem_kernel,interp_grad_3d_stage_sliced,/home/arjaiswal/Polygeist/issues/mfem_c_kernels/match_results/interp_grad_3d_stage_sliced/debufferized.mlir,04ecf2f5f3f3925606b134219ebf291e0822d4db46005e1db1f08fbae2ad6ee3,syntactic,3,ok,0,1020.0033485889435,0,"[""/usr/bin/python3"", ""/home/arjaiswal/Polygeist/scripts/correctness/kernel_match_rewrite.py"", ""/home/arjaiswal/Polygeist/issues/mfem_c_kernels/match_results/interp_grad_3d_stage_sliced/debufferized.mlir"", ""--dry-run"", ""--matcher-mode"", ""syntactic"", ""--telemetry-json"", ""/home/arjaiswal/Polygeist/issues/equality_saturation_eval/campaign_20260908/mfem_kernel-interp_grad_3d_stage_sliced-syntactic-aikz1ywj.json"", ""--disable-semantic-fallback""]","== match report for /home/arjaiswal/Polygeist/issues/mfem_c_kernels/match_results/interp_grad_3d_stage_sliced/debufferized.mlir ==
  match          body#[0, 1]  cutensornetContraction2_f64
  match          body#[2, 3]  cutensornetContraction2_f64
  match          body#[4, 5]  cutensornetContraction2_f64
  match          body#[6, 7]  cutensornetContraction2_f64
  match          body#[8, 9]  cutensornetContraction2_f64
  match          body#[10, 11]  cutensornetContraction2_f64
  match          body#[12, 13]  cutensornetContraction2_f64
  match          body#[14, 15]  cutensornetContraction2_f64
  total: 8 matched / 8 bodies
",0,[],0,0,0,0,/home/arjaiswal/Polygeist/issues/mfem_c_kernels/match_results/interp_grad_3d_stage_sliced/debufferized.mlir,16313,0,16,16,476.0787971317768,0,66200,0.26500970125198364,0,44,0,0,"[{""body_indices"": [0, 1], ""symbol"": ""cutensornetContraction2_f64""}, {""body_indices"": [2, 3], ""symbol"": ""cutensornetContraction2_f64""}, {""body_indices"": [4, 5], ""symbol"": ""cutensornetContraction2_f64""}, {""body_indices"": [6, 7], ""symbol"": ""cutensornetContraction2_f64""}, {""body_indices"": [8, 9], ""symbol"": ""cutensornetContraction2_f64""}, {""body_indices"": [10, 11], ""symbol"": ""cutensornetContraction2_f64""}, {""body_indices"": [12, 13], ""symbol"": ""cutensornetContraction2_f64""}, {""body_indices"": [14, 15], ""symbol"": ""cutensornetContraction2_f64""}]",8,0,44,0.0,44
mfem_kernel,interp_grad_3d_stage_sliced,/home/arjaiswal/Polygeist/issues/mfem_c_kernels/match_results/interp_grad_3d_stage_sliced/debufferized.mlir,04ecf2f5f3f3925606b134219ebf291e0822d4db46005e1db1f08fbae2ad6ee3,egglog,3,ok,0,1814.6689347922802,0,"[""/usr/bin/python3"", ""/home/arjaiswal/Polygeist/scripts/correctness/kernel_match_rewrite.py"", ""/home/arjaiswal/Polygeist/issues/mfem_c_kernels/match_results/interp_grad_3d_stage_sliced/debufferized.mlir"", ""--dry-run"", ""--matcher-mode"", ""egglog"", ""--telemetry-json"", ""/home/arjaiswal/Polygeist/issues/equality_saturation_eval/campaign_20260908/mfem_kernel-interp_grad_3d_stage_sliced-egglog-qtk1eon8.json"", ""--disable-semantic-fallback""]","== match report for /home/arjaiswal/Polygeist/issues/mfem_c_kernels/match_results/interp_grad_3d_stage_sliced/debufferized.mlir ==
  match          body#[0, 1]  cutensornetContraction2_f64
  match          body#[2, 3]  cutensornetContraction2_f64
  match          body#[4, 5]  cutensornetContraction2_f64
  match          body#[6, 7]  cutensornetContraction2_f64
  match          body#[8, 9]  cutensornetContraction2_f64
  match          body#[10, 11]  cutensornetContraction2_f64
  match          body#[12, 13]  cutensornetContraction2_f64
  match          body#[14, 15]  cutensornetContraction2_f64
  total: 8 matched / 8 bodies
",0,[],0,0,0,0,/home/arjaiswal/Polygeist/issues/mfem_c_kernels/match_results/interp_grad_3d_stage_sliced/debufferized.mlir,16313,8,16,16,1197.127003222704,0,70160,548.6442446708679,44,44,0,64,"[{""body_indices"": [0, 1], ""symbol"": ""cutensornetContraction2_f64""}, {""body_indices"": [2, 3], ""symbol"": ""cutensornetContraction2_f64""}, {""body_indices"": [4, 5], ""symbol"": ""cutensornetContraction2_f64""}, {""body_indices"": [6, 7], ""symbol"": ""cutensornetContraction2_f64""}, {""body_indices"": [8, 9], ""symbol"": ""cutensornetContraction2_f64""}, {""body_indices"": [10, 11], ""symbol"": ""cutensornetContraction2_f64""}, {""body_indices"": [12, 13], ""symbol"": ""cutensornetContraction2_f64""}, {""body_indices"": [14, 15], ""symbol"": ""cutensornetContraction2_f64""}]",8,0,0,0.0,44
mfem_kernel,interp_grad_3d_stage_sliced,/home/arjaiswal/Polygeist/issues/mfem_c_kernels/match_results/interp_grad_3d_stage_sliced/debufferized.mlir,04ecf2f5f3f3925606b134219ebf291e0822d4db46005e1db1f08fbae2ad6ee3,egglog,4,ok,0,2518.5050293803215,0,"[""/usr/bin/python3"", ""/home/arjaiswal/Polygeist/scripts/correctness/kernel_match_rewrite.py"", ""/home/arjaiswal/Polygeist/issues/mfem_c_kernels/match_results/interp_grad_3d_stage_sliced/debufferized.mlir"", ""--dry-run"", ""--matcher-mode"", ""egglog"", ""--telemetry-json"", ""/home/arjaiswal/Polygeist/issues/equality_saturation_eval/campaign_20260908/mfem_kernel-interp_grad_3d_stage_sliced-egglog-791x1r8c.json"", ""--disable-semantic-fallback""]","== match report for /home/arjaiswal/Polygeist/issues/mfem_c_kernels/match_results/interp_grad_3d_stage_sliced/debufferized.mlir ==
  match          body#[0, 1]  cutensornetContraction2_f64
  match          body#[2, 3]  cutensornetContraction2_f64
  match          body#[4, 5]  cutensornetContraction2_f64
  match          body#[6, 7]  cutensornetContraction2_f64
  match          body#[8, 9]  cutensornetContraction2_f64
  match          body#[10, 11]  cutensornetContraction2_f64
  match          body#[12, 13]  cutensornetContraction2_f64
  match          body#[14, 15]  cutensornetContraction2_f64
  total: 8 matched / 8 bodies
",0,[],0,0,0,0,/home/arjaiswal/Polygeist/issues/mfem_c_kernels/match_results/interp_grad_3d_stage_sliced/debufferized.mlir,16313,8,16,16,1749.932985752821,0,70368,700.9371854364872,44,44,0,64,"[{""body_indices"": [0, 1], ""symbol"": ""cutensornetContraction2_f64""}, {""body_indices"": [2, 3], ""symbol"": ""cutensornetContraction2_f64""}, {""body_indices"": [4, 5], ""symbol"": ""cutensornetContraction2_f64""}, {""body_indices"": [6, 7], ""symbol"": ""cutensornetContraction2_f64""}, {""body_indices"": [8, 9], ""symbol"": ""cutensornetContraction2_f64""}, {""body_indices"": [10, 11], ""symbol"": ""cutensornetContraction2_f64""}, {""body_indices"": [12, 13], ""symbol"": ""cutensornetContraction2_f64""}, {""body_indices"": [14, 15], ""symbol"": ""cutensornetContraction2_f64""}]",8,0,0,0.0,44
mfem_kernel,interp_grad_3d_stage_sliced,/home/arjaiswal/Polygeist/issues/mfem_c_kernels/match_results/interp_grad_3d_stage_sliced/debufferized.mlir,04ecf2f5f3f3925606b134219ebf291e0822d4db46005e1db1f08fbae2ad6ee3,syntactic,4,ok,0,2419.1439375281334,0,"[""/usr/bin/python3"", ""/home/arjaiswal/Polygeist/scripts/correctness/kernel_match_rewrite.py"", ""/home/arjaiswal/Polygeist/issues/mfem_c_kernels/match_results/interp_grad_3d_stage_sliced/debufferized.mlir"", ""--dry-run"", ""--matcher-mode"", ""syntactic"", ""--telemetry-json"", ""/home/arjaiswal/Polygeist/issues/equality_saturation_eval/campaign_20260908/mfem_kernel-interp_grad_3d_stage_sliced-syntactic-runlsp30.json"", ""--disable-semantic-fallback""]","== match report for /home/arjaiswal/Polygeist/issues/mfem_c_kernels/match_results/interp_grad_3d_stage_sliced/debufferized.mlir ==
  match          body#[0, 1]  cutensornetContraction2_f64
  match          body#[2, 3]  cutensornetContraction2_f64
  match          body#[4, 5]  cutensornetContraction2_f64
  match          body#[6, 7]  cutensornetContraction2_f64
  match          body#[8, 9]  cutensornetContraction2_f64
  match          body#[10, 11]  cutensornetContraction2_f64
  match          body#[12, 13]  cutensornetContraction2_f64
  match          body#[14, 15]  cutensornetContraction2_f64
  total: 8 matched / 8 bodies
",0,[],0,0,0,0,/home/arjaiswal/Polygeist/issues/mfem_c_kernels/match_results/interp_grad_3d_stage_sliced/debufferized.mlir,16313,0,16,16,1087.976135313511,0,66340,0.28647854924201965,0,44,0,0,"[{""body_indices"": [0, 1], ""symbol"": ""cutensornetContraction2_f64""}, {""body_indices"": [2, 3], ""symbol"": ""cutensornetContraction2_f64""}, {""body_indices"": [4, 5], ""symbol"": ""cutensornetContraction2_f64""}, {""body_indices"": [6, 7], ""symbol"": ""cutensornetContraction2_f64""}, {""body_indices"": [8, 9], ""symbol"": ""cutensornetContraction2_f64""}, {""body_indices"": [10, 11], ""symbol"": ""cutensornetContraction2_f64""}, {""body_indices"": [12, 13], ""symbol"": ""cutensornetContraction2_f64""}, {""body_indices"": [14, 15], ""symbol"": ""cutensornetContraction2_f64""}]",8,0,44,0.0,44
mfem_kernel,interp_grad_3d_stage_sliced,/home/arjaiswal/Polygeist/issues/mfem_c_kernels/match_results/interp_grad_3d_stage_sliced/debufferized.mlir,04ecf2f5f3f3925606b134219ebf291e0822d4db46005e1db1f08fbae2ad6ee3,syntactic,5,ok,0,2325.8627764880657,0,"[""/usr/bin/python3"", ""/home/arjaiswal/Polygeist/scripts/correctness/kernel_match_rewrite.py"", ""/home/arjaiswal/Polygeist/issues/mfem_c_kernels/match_results/interp_grad_3d_stage_sliced/debufferized.mlir"", ""--dry-run"", ""--matcher-mode"", ""syntactic"", ""--telemetry-json"", ""/home/arjaiswal/Polygeist/issues/equality_saturation_eval/campaign_20260908/mfem_kernel-interp_grad_3d_stage_sliced-syntactic-o43iof3e.json"", ""--disable-semantic-fallback""]","== match report for /home/arjaiswal/Polygeist/issues/mfem_c_kernels/match_results/interp_grad_3d_stage_sliced/debufferized.mlir ==
  match          body#[0, 1]  cutensornetContraction2_f64
  match          body#[2, 3]  cutensornetContraction2_f64
  match          body#[4, 5]  cutensornetContraction2_f64
  match          body#[6, 7]  cutensornetContraction2_f64
  match          body#[8, 9]  cutensornetContraction2_f64
  match          body#[10, 11]  cutensornetContraction2_f64
  match          body#[12, 13]  cutensornetContraction2_f64
  match          body#[14, 15]  cutensornetContraction2_f64
  total: 8 matched / 8 bodies
",0,[],0,0,0,0,/home/arjaiswal/Polygeist/issues/mfem_c_kernels/match_results/interp_grad_3d_stage_sliced/debufferized.mlir,16313,0,16,16,1180.6247346103191,0,66292,0.29468536376953125,0,44,0,0,"[{""body_indices"": [0, 1], ""symbol"": ""cutensornetContraction2_f64""}, {""body_indices"": [2, 3], ""symbol"": ""cutensornetContraction2_f64""}, {""body_indices"": [4, 5], ""symbol"": ""cutensornetContraction2_f64""}, {""body_indices"": [6, 7], ""symbol"": ""cutensornetContraction2_f64""}, {""body_indices"": [8, 9], ""symbol"": ""cutensornetContraction2_f64""}, {""body_indices"": [10, 11], ""symbol"": ""cutensornetContraction2_f64""}, {""body_indices"": [12, 13], ""symbol"": ""cutensornetContraction2_f64""}, {""body_indices"": [14, 15], ""symbol"": ""cutensornetContraction2_f64""}]",8,0,44,0.0,44
mfem_kernel,interp_grad_3d_stage_sliced,/home/arjaiswal/Polygeist/issues/mfem_c_kernels/match_results/interp_grad_3d_stage_sliced/debufferized.mlir,04ecf2f5f3f3925606b134219ebf291e0822d4db46005e1db1f08fbae2ad6ee3,egglog,5,ok,0,1733.5508801043034,0,"[""/usr/bin/python3"", ""/home/arjaiswal/Polygeist/scripts/correctness/kernel_match_rewrite.py"", ""/home/arjaiswal/Polygeist/issues/mfem_c_kernels/match_results/interp_grad_3d_stage_sliced/debufferized.mlir"", ""--dry-run"", ""--matcher-mode"", ""egglog"", ""--telemetry-json"", ""/home/arjaiswal/Polygeist/issues/equality_saturation_eval/campaign_20260908/mfem_kernel-interp_grad_3d_stage_sliced-egglog-_r4m7y1w.json"", ""--disable-semantic-fallback""]","== match report for /home/arjaiswal/Polygeist/issues/mfem_c_kernels/match_results/interp_grad_3d_stage_sliced/debufferized.mlir ==
  match          body#[0, 1]  cutensornetContraction2_f64
  match          body#[2, 3]  cutensornetContraction2_f64
  match          body#[4, 5]  cutensornetContraction2_f64
  match          body#[6, 7]  cutensornetContraction2_f64
  match          body#[8, 9]  cutensornetContraction2_f64
  match          body#[10, 11]  cutensornetContraction2_f64
  match          body#[12, 13]  cutensornetContraction2_f64
  match          body#[14, 15]  cutensornetContraction2_f64
  total: 8 matched / 8 bodies
",0,[],0,0,0,0,/home/arjaiswal/Polygeist/issues/mfem_c_kernels/match_results/interp_grad_3d_stage_sliced/debufferized.mlir,16313,8,16,16,1112.0527014136314,0,70252,503.0054971575737,44,44,0,64,"[{""body_indices"": [0, 1], ""symbol"": ""cutensornetContraction2_f64""}, {""body_indices"": [2, 3], ""symbol"": ""cutensornetContraction2_f64""}, {""body_indices"": [4, 5], ""symbol"": ""cutensornetContraction2_f64""}, {""body_indices"": [6, 7], ""symbol"": ""cutensornetContraction2_f64""}, {""body_indices"": [8, 9], ""symbol"": ""cutensornetContraction2_f64""}, {""body_indices"": [10, 11], ""symbol"": ""cutensornetContraction2_f64""}, {""body_indices"": [12, 13], ""symbol"": ""cutensornetContraction2_f64""}, {""body_indices"": [14, 15], ""symbol"": ""cutensornetContraction2_f64""}]",8,0,0,0.0,44
mfem_kernel,interp_value_2d_scratch_sliced,/home/arjaiswal/Polygeist/issues/mfem_c_kernels/match_results/interp_value_2d_scratch_sliced/debufferized.mlir,8337441f276c79cb2b78d0ffca669d6dcd59208b8069b68c13f038b9f4ca9fd9,egglog,1,ok,0,1099.8250283300877,0,"[""/usr/bin/python3"", ""/home/arjaiswal/Polygeist/scripts/correctness/kernel_match_rewrite.py"", ""/home/arjaiswal/Polygeist/issues/mfem_c_kernels/match_results/interp_value_2d_scratch_sliced/debufferized.mlir"", ""--dry-run"", ""--matcher-mode"", ""egglog"", ""--telemetry-json"", ""/home/arjaiswal/Polygeist/issues/equality_saturation_eval/campaign_20260908/mfem_kernel-interp_value_2d_scratch_sliced-egglog-x6_cd4nb.json"", ""--disable-semantic-fallback""]","== match report for /home/arjaiswal/Polygeist/issues/mfem_c_kernels/match_results/interp_value_2d_scratch_sliced/debufferized.mlir ==
  match          body#[0, 1]  cutensornetContraction2_f64
  match          body#[2, 3]  cutensornetContraction2_f64
  total: 2 matched / 2 bodies
",0,[],0,0,0,0,/home/arjaiswal/Polygeist/issues/mfem_c_kernels/match_results/interp_value_2d_scratch_sliced/debufferized.mlir,5235,8,4,4,587.713036686182,0,69800,208.3924524486065,18,18,0,24,"[{""body_indices"": [0, 1], ""symbol"": ""cutensornetContraction2_f64""}, {""body_indices"": [2, 3], ""symbol"": ""cutensornetContraction2_f64""}]",2,0,0,0.0,18
mfem_kernel,interp_value_2d_scratch_sliced,/home/arjaiswal/Polygeist/issues/mfem_c_kernels/match_results/interp_value_2d_scratch_sliced/debufferized.mlir,8337441f276c79cb2b78d0ffca669d6dcd59208b8069b68c13f038b9f4ca9fd9,syntactic,1,ok,0,1026.2595266103745,0,"[""/usr/bin/python3"", ""/home/arjaiswal/Polygeist/scripts/correctness/kernel_match_rewrite.py"", ""/home/arjaiswal/Polygeist/issues/mfem_c_kernels/match_results/interp_value_2d_scratch_sliced/debufferized.mlir"", ""--dry-run"", ""--matcher-mode"", ""syntactic"", ""--telemetry-json"", ""/home/arjaiswal/Polygeist/issues/equality_saturation_eval/campaign_20260908/mfem_kernel-interp_value_2d_scratch_sliced-syntactic-83ah7mxy.json"", ""--disable-semantic-fallback""]","== match report for /home/arjaiswal/Polygeist/issues/mfem_c_kernels/match_results/interp_value_2d_scratch_sliced/debufferized.mlir ==
  match          body#[0, 1]  cutensornetContraction2_f64
  match          body#[2, 3]  cutensornetContraction2_f64
  total: 2 matched / 2 bodies
",0,[],0,0,0,0,/home/arjaiswal/Polygeist/issues/mfem_c_kernels/match_results/interp_value_2d_scratch_sliced/debufferized.mlir,5235,0,4,4,414.16235268116,0,65852,0.09794160723686218,0,18,0,0,"[{""body_indices"": [0, 1], ""symbol"": ""cutensornetContraction2_f64""}, {""body_indices"": [2, 3], ""symbol"": ""cutensornetContraction2_f64""}]",2,0,18,0.0,18
mfem_kernel,interp_value_2d_scratch_sliced,/home/arjaiswal/Polygeist/issues/mfem_c_kernels/match_results/interp_value_2d_scratch_sliced/debufferized.mlir,8337441f276c79cb2b78d0ffca669d6dcd59208b8069b68c13f038b9f4ca9fd9,syntactic,2,ok,0,981.7836545407772,0,"[""/usr/bin/python3"", ""/home/arjaiswal/Polygeist/scripts/correctness/kernel_match_rewrite.py"", ""/home/arjaiswal/Polygeist/issues/mfem_c_kernels/match_results/interp_value_2d_scratch_sliced/debufferized.mlir"", ""--dry-run"", ""--matcher-mode"", ""syntactic"", ""--telemetry-json"", ""/home/arjaiswal/Polygeist/issues/equality_saturation_eval/campaign_20260908/mfem_kernel-interp_value_2d_scratch_sliced-syntactic-hn6unf8g.json"", ""--disable-semantic-fallback""]","== match report for /home/arjaiswal/Polygeist/issues/mfem_c_kernels/match_results/interp_value_2d_scratch_sliced/debufferized.mlir ==
  match          body#[0, 1]  cutensornetContraction2_f64
  match          body#[2, 3]  cutensornetContraction2_f64
  total: 2 matched / 2 bodies
",0,[],0,0,0,0,/home/arjaiswal/Polygeist/issues/mfem_c_kernels/match_results/interp_value_2d_scratch_sliced/debufferized.mlir,5235,0,4,4,335.75091511011124,0,65776,0.10254606604576111,0,18,0,0,"[{""body_indices"": [0, 1], ""symbol"": ""cutensornetContraction2_f64""}, {""body_indices"": [2, 3], ""symbol"": ""cutensornetContraction2_f64""}]",2,0,18,0.0,18
mfem_kernel,interp_value_2d_scratch_sliced,/home/arjaiswal/Polygeist/issues/mfem_c_kernels/match_results/interp_value_2d_scratch_sliced/debufferized.mlir,8337441f276c79cb2b78d0ffca669d6dcd59208b8069b68c13f038b9f4ca9fd9,egglog,2,ok,0,1384.7114406526089,0,"[""/usr/bin/python3"", ""/home/arjaiswal/Polygeist/scripts/correctness/kernel_match_rewrite.py"", ""/home/arjaiswal/Polygeist/issues/mfem_c_kernels/match_results/interp_value_2d_scratch_sliced/debufferized.mlir"", ""--dry-run"", ""--matcher-mode"", ""egglog"", ""--telemetry-json"", ""/home/arjaiswal/Polygeist/issues/equality_saturation_eval/campaign_20260908/mfem_kernel-interp_value_2d_scratch_sliced-egglog-innsghwp.json"", ""--disable-semantic-fallback""]","== match report for /home/arjaiswal/Polygeist/issues/mfem_c_kernels/match_results/interp_value_2d_scratch_sliced/debufferized.mlir ==
  match          body#[0, 1]  cutensornetContraction2_f64
  match          body#[2, 3]  cutensornetContraction2_f64
  total: 2 matched / 2 bodies
",0,[],0,0,0,0,/home/arjaiswal/Polygeist/issues/mfem_c_kernels/match_results/interp_value_2d_scratch_sliced/debufferized.mlir,5235,8,4,4,650.4133306443691,0,69680,219.3732000887394,18,18,0,24,"[{""body_indices"": [0, 1], ""symbol"": ""cutensornetContraction2_f64""}, {""body_indices"": [2, 3], ""symbol"": ""cutensornetContraction2_f64""}]",2,0,0,0.0,18
mfem_kernel,interp_value_2d_scratch_sliced,/home/arjaiswal/Polygeist/issues/mfem_c_kernels/match_results/interp_value_2d_scratch_sliced/debufferized.mlir,8337441f276c79cb2b78d0ffca669d6dcd59208b8069b68c13f038b9f4ca9fd9,egglog,3,ok,0,1194.133911281824,0,"[""/usr/bin/python3"", ""/home/arjaiswal/Polygeist/scripts/correctness/kernel_match_rewrite.py"", ""/home/arjaiswal/Polygeist/issues/mfem_c_kernels/match_results/interp_value_2d_scratch_sliced/debufferized.mlir"", ""--dry-run"", ""--matcher-mode"", ""egglog"", ""--telemetry-json"", ""/home/arjaiswal/Polygeist/issues/equality_saturation_eval/campaign_20260908/mfem_kernel-interp_value_2d_scratch_sliced-egglog-ff3z11uy.json"", ""--disable-semantic-fallback""]","== match report for /home/arjaiswal/Polygeist/issues/mfem_c_kernels/match_results/interp_value_2d_scratch_sliced/debufferized.mlir ==
  match          body#[0, 1]  cutensornetContraction2_f64
  match          body#[2, 3]  cutensornetContraction2_f64
  total: 2 matched / 2 bodies
",0,[],0,0,0,0,/home/arjaiswal/Polygeist/issues/mfem_c_kernels/match_results/interp_value_2d_scratch_sliced/debufferized.mlir,5235,8,4,4,660.3971645236015,0,69896,250.9051375091076,18,18,0,24,"[{""body_indices"": [0, 1], ""symbol"": ""cutensornetContraction2_f64""}, {""body_indices"": [2, 3], ""symbol"": ""cutensornetContraction2_f64""}]",2,0,0,0.0,18
mfem_kernel,interp_value_2d_scratch_sliced,/home/arjaiswal/Polygeist/issues/mfem_c_kernels/match_results/interp_value_2d_scratch_sliced/debufferized.mlir,8337441f276c79cb2b78d0ffca669d6dcd59208b8069b68c13f038b9f4ca9fd9,syntactic,3,ok,0,874.6645823121071,0,"[""/usr/bin/python3"", ""/home/arjaiswal/Polygeist/scripts/correctness/kernel_match_rewrite.py"", ""/home/arjaiswal/Polygeist/issues/mfem_c_kernels/match_results/interp_value_2d_scratch_sliced/debufferized.mlir"", ""--dry-run"", ""--matcher-mode"", ""syntactic"", ""--telemetry-json"", ""/home/arjaiswal/Polygeist/issues/equality_saturation_eval/campaign_20260908/mfem_kernel-interp_value_2d_scratch_sliced-syntactic-vhbihey_.json"", ""--disable-semantic-fallback""]","== match report for /home/arjaiswal/Polygeist/issues/mfem_c_kernels/match_results/interp_value_2d_scratch_sliced/debufferized.mlir ==
  match          body#[0, 1]  cutensornetContraction2_f64
  match          body#[2, 3]  cutensornetContraction2_f64
  total: 2 matched / 2 bodies
",0,[],0,0,0,0,/home/arjaiswal/Polygeist/issues/mfem_c_kernels/match_results/interp_value_2d_scratch_sliced/debufferized.mlir,5235,0,4,4,340.3295800089836,0,65848,0.10475143790245056,0,18,0,0,"[{""body_indices"": [0, 1], ""symbol"": ""cutensornetContraction2_f64""}, {""body_indices"": [2, 3], ""symbol"": ""cutensornetContraction2_f64""}]",2,0,18,0.0,18
mfem_kernel,interp_value_2d_scratch_sliced,/home/arjaiswal/Polygeist/issues/mfem_c_kernels/match_results/interp_value_2d_scratch_sliced/debufferized.mlir,8337441f276c79cb2b78d0ffca669d6dcd59208b8069b68c13f038b9f4ca9fd9,syntactic,4,ok,0,860.3749684989452,0,"[""/usr/bin/python3"", ""/home/arjaiswal/Polygeist/scripts/correctness/kernel_match_rewrite.py"", ""/home/arjaiswal/Polygeist/issues/mfem_c_kernels/match_results/interp_value_2d_scratch_sliced/debufferized.mlir"", ""--dry-run"", ""--matcher-mode"", ""syntactic"", ""--telemetry-json"", ""/home/arjaiswal/Polygeist/issues/equality_saturation_eval/campaign_20260908/mfem_kernel-interp_value_2d_scratch_sliced-syntactic-rch6_bhy.json"", ""--disable-semantic-fallback""]","== match report for /home/arjaiswal/Polygeist/issues/mfem_c_kernels/match_results/interp_value_2d_scratch_sliced/debufferized.mlir ==
  match          body#[0, 1]  cutensornetContraction2_f64
  match          body#[2, 3]  cutensornetContraction2_f64
  total: 2 matched / 2 bodies
",0,[],0,0,0,0,/home/arjaiswal/Polygeist/issues/mfem_c_kernels/match_results/interp_value_2d_scratch_sliced/debufferized.mlir,5235,0,4,4,339.4751138985157,0,65712,0.11831149458885193,0,18,0,0,"[{""body_indices"": [0, 1], ""symbol"": ""cutensornetContraction2_f64""}, {""body_indices"": [2, 3], ""symbol"": ""cutensornetContraction2_f64""}]",2,0,18,0.0,18
mfem_kernel,interp_value_2d_scratch_sliced,/home/arjaiswal/Polygeist/issues/mfem_c_kernels/match_results/interp_value_2d_scratch_sliced/debufferized.mlir,8337441f276c79cb2b78d0ffca669d6dcd59208b8069b68c13f038b9f4ca9fd9,egglog,4,ok,0,1043.986663222313,0,"[""/usr/bin/python3"", ""/home/arjaiswal/Polygeist/scripts/correctness/kernel_match_rewrite.py"", ""/home/arjaiswal/Polygeist/issues/mfem_c_kernels/match_results/interp_value_2d_scratch_sliced/debufferized.mlir"", ""--dry-run"", ""--matcher-mode"", ""egglog"", ""--telemetry-json"", ""/home/arjaiswal/Polygeist/issues/equality_saturation_eval/campaign_20260908/mfem_kernel-interp_value_2d_scratch_sliced-egglog-4sv79a2k.json"", ""--disable-semantic-fallback""]","== match report for /home/arjaiswal/Polygeist/issues/mfem_c_kernels/match_results/interp_value_2d_scratch_sliced/debufferized.mlir ==
  match          body#[0, 1]  cutensornetContraction2_f64
  match          body#[2, 3]  cutensornetContraction2_f64
  total: 2 matched / 2 bodies
",0,[],0,0,0,0,/home/arjaiswal/Polygeist/issues/mfem_c_kernels/match_results/interp_value_2d_scratch_sliced/debufferized.mlir,5235,8,4,4,561.3157115876675,0,69612,197.6267471909523,18,18,0,24,"[{""body_indices"": [0, 1], ""symbol"": ""cutensornetContraction2_f64""}, {""body_indices"": [2, 3], ""symbol"": ""cutensornetContraction2_f64""}]",2,0,0,0.0,18
mfem_kernel,interp_value_2d_scratch_sliced,/home/arjaiswal/Polygeist/issues/mfem_c_kernels/match_results/interp_value_2d_scratch_sliced/debufferized.mlir,8337441f276c79cb2b78d0ffca669d6dcd59208b8069b68c13f038b9f4ca9fd9,egglog,5,ok,0,1310.8586184680462,0,"[""/usr/bin/python3"", ""/home/arjaiswal/Polygeist/scripts/correctness/kernel_match_rewrite.py"", ""/home/arjaiswal/Polygeist/issues/mfem_c_kernels/match_results/interp_value_2d_scratch_sliced/debufferized.mlir"", ""--dry-run"", ""--matcher-mode"", ""egglog"", ""--telemetry-json"", ""/home/arjaiswal/Polygeist/issues/equality_saturation_eval/campaign_20260908/mfem_kernel-interp_value_2d_scratch_sliced-egglog-mrtfxta6.json"", ""--disable-semantic-fallback""]","== match report for /home/arjaiswal/Polygeist/issues/mfem_c_kernels/match_results/interp_value_2d_scratch_sliced/debufferized.mlir ==
  match          body#[0, 1]  cutensornetContraction2_f64
  match          body#[2, 3]  cutensornetContraction2_f64
  total: 2 matched / 2 bodies
",0,[],0,0,0,0,/home/arjaiswal/Polygeist/issues/mfem_c_kernels/match_results/interp_value_2d_scratch_sliced/debufferized.mlir,5235,8,4,4,587.1226936578751,0,69780,199.89822059869766,18,18,0,24,"[{""body_indices"": [0, 1], ""symbol"": ""cutensornetContraction2_f64""}, {""body_indices"": [2, 3], ""symbol"": ""cutensornetContraction2_f64""}]",2,0,0,0.0,18
mfem_kernel,interp_value_2d_scratch_sliced,/home/arjaiswal/Polygeist/issues/mfem_c_kernels/match_results/interp_value_2d_scratch_sliced/debufferized.mlir,8337441f276c79cb2b78d0ffca669d6dcd59208b8069b68c13f038b9f4ca9fd9,syntactic,5,ok,0,817.6935762166977,0,"[""/usr/bin/python3"", ""/home/arjaiswal/Polygeist/scripts/correctness/kernel_match_rewrite.py"", ""/home/arjaiswal/Polygeist/issues/mfem_c_kernels/match_results/interp_value_2d_scratch_sliced/debufferized.mlir"", ""--dry-run"", ""--matcher-mode"", ""syntactic"", ""--telemetry-json"", ""/home/arjaiswal/Polygeist/issues/equality_saturation_eval/campaign_20260908/mfem_kernel-interp_value_2d_scratch_sliced-syntactic-pm6ulehp.json"", ""--disable-semantic-fallback""]","== match report for /home/arjaiswal/Polygeist/issues/mfem_c_kernels/match_results/interp_value_2d_scratch_sliced/debufferized.mlir ==
  match          body#[0, 1]  cutensornetContraction2_f64
  match          body#[2, 3]  cutensornetContraction2_f64
  total: 2 matched / 2 bodies
",0,[],0,0,0,0,/home/arjaiswal/Polygeist/issues/mfem_c_kernels/match_results/interp_value_2d_scratch_sliced/debufferized.mlir,5235,0,4,4,321.1241215467453,0,65536,0.10468438267707825,0,18,0,0,"[{""body_indices"": [0, 1], ""symbol"": ""cutensornetContraction2_f64""}, {""body_indices"": [2, 3], ""symbol"": ""cutensornetContraction2_f64""}]",2,0,18,0.0,18
mfem_kernel,interp_value_3d_scratch_sliced,/home/arjaiswal/Polygeist/issues/mfem_c_kernels/match_results/interp_value_3d_scratch_sliced/debufferized.mlir,ac0a413032d74bcace3cf0e3cc869210107166e261cf79e0f1bb105c3ca6cc0c,syntactic,1,ok,0,1151.9604958593845,0,"[""/usr/bin/python3"", ""/home/arjaiswal/Polygeist/scripts/correctness/kernel_match_rewrite.py"", ""/home/arjaiswal/Polygeist/issues/mfem_c_kernels/match_results/interp_value_3d_scratch_sliced/debufferized.mlir"", ""--dry-run"", ""--matcher-mode"", ""syntactic"", ""--telemetry-json"", ""/home/arjaiswal/Polygeist/issues/equality_saturation_eval/campaign_20260908/mfem_kernel-interp_value_3d_scratch_sliced-syntactic-abkse8bd.json"", ""--disable-semantic-fallback""]","== match report for /home/arjaiswal/Polygeist/issues/mfem_c_kernels/match_results/interp_value_3d_scratch_sliced/debufferized.mlir ==
  match          body#[0, 1]  cutensornetContraction2_f64
  match          body#[2, 3]  cutensornetContraction2_f64
  match          body#[4, 5]  cutensornetContraction2_f64
  total: 3 matched / 3 bodies
",0,[],0,0,0,0,/home/arjaiswal/Polygeist/issues/mfem_c_kernels/match_results/interp_value_3d_scratch_sliced/debufferized.mlir,7533,0,6,6,440.3991587460041,0,65692,0.0859871506690979,0,14,0,0,"[{""body_indices"": [0, 1], ""symbol"": ""cutensornetContraction2_f64""}, {""body_indices"": [2, 3], ""symbol"": ""cutensornetContraction2_f64""}, {""body_indices"": [4, 5], ""symbol"": ""cutensornetContraction2_f64""}]",3,0,14,0.0,14
mfem_kernel,interp_value_3d_scratch_sliced,/home/arjaiswal/Polygeist/issues/mfem_c_kernels/match_results/interp_value_3d_scratch_sliced/debufferized.mlir,ac0a413032d74bcace3cf0e3cc869210107166e261cf79e0f1bb105c3ca6cc0c,egglog,1,ok,0,1308.7255470454693,0,"[""/usr/bin/python3"", ""/home/arjaiswal/Polygeist/scripts/correctness/kernel_match_rewrite.py"", ""/home/arjaiswal/Polygeist/issues/mfem_c_kernels/match_results/interp_value_3d_scratch_sliced/debufferized.mlir"", ""--dry-run"", ""--matcher-mode"", ""egglog"", ""--telemetry-json"", ""/home/arjaiswal/Polygeist/issues/equality_saturation_eval/campaign_20260908/mfem_kernel-interp_value_3d_scratch_sliced-egglog-059ailda.json"", ""--disable-semantic-fallback""]","== match report for /home/arjaiswal/Polygeist/issues/mfem_c_kernels/match_results/interp_value_3d_scratch_sliced/debufferized.mlir ==
  match          body#[0, 1]  cutensornetContraction2_f64
  match          body#[2, 3]  cutensornetContraction2_f64
  match          body#[4, 5]  cutensornetContraction2_f64
  total: 3 matched / 3 bodies
",0,[],0,0,0,0,/home/arjaiswal/Polygeist/issues/mfem_c_kernels/match_results/interp_value_3d_scratch_sliced/debufferized.mlir,7533,8,6,6,551.4837577939034,0,70232,171.62897065281868,14,14,0,24,"[{""body_indices"": [0, 1], ""symbol"": ""cutensornetContraction2_f64""}, {""body_indices"": [2, 3], ""symbol"": ""cutensornetContraction2_f64""}, {""body_indices"": [4, 5], ""symbol"": ""cutensornetContraction2_f64""}]",3,0,0,0.0,14
mfem_kernel,interp_value_3d_scratch_sliced,/home/arjaiswal/Polygeist/issues/mfem_c_kernels/match_results/interp_value_3d_scratch_sliced/debufferized.mlir,ac0a413032d74bcace3cf0e3cc869210107166e261cf79e0f1bb105c3ca6cc0c,egglog,2,ok,0,1214.0529304742813,0,"[""/usr/bin/python3"", ""/home/arjaiswal/Polygeist/scripts/correctness/kernel_match_rewrite.py"", ""/home/arjaiswal/Polygeist/issues/mfem_c_kernels/match_results/interp_value_3d_scratch_sliced/debufferized.mlir"", ""--dry-run"", ""--matcher-mode"", ""egglog"", ""--telemetry-json"", ""/home/arjaiswal/Polygeist/issues/equality_saturation_eval/campaign_20260908/mfem_kernel-interp_value_3d_scratch_sliced-egglog-gpoogzv3.json"", ""--disable-semantic-fallback""]","== match report for /home/arjaiswal/Polygeist/issues/mfem_c_kernels/match_results/interp_value_3d_scratch_sliced/debufferized.mlir ==
  match          body#[0, 1]  cutensornetContraction2_f64
  match          body#[2, 3]  cutensornetContraction2_f64
  match          body#[4, 5]  cutensornetContraction2_f64
  total: 3 matched / 3 bodies
",0,[],0,0,0,0,/home/arjaiswal/Polygeist/issues/mfem_c_kernels/match_results/interp_value_3d_scratch_sliced/debufferized.mlir,7533,8,6,6,570.2694430947304,0,69972,171.43019288778305,14,14,0,24,"[{""body_indices"": [0, 1], ""symbol"": ""cutensornetContraction2_f64""}, {""body_indices"": [2, 3], ""symbol"": ""cutensornetContraction2_f64""}, {""body_indices"": [4, 5], ""symbol"": ""cutensornetContraction2_f64""}]",3,0,0,0.0,14
mfem_kernel,interp_value_3d_scratch_sliced,/home/arjaiswal/Polygeist/issues/mfem_c_kernels/match_results/interp_value_3d_scratch_sliced/debufferized.mlir,ac0a413032d74bcace3cf0e3cc869210107166e261cf79e0f1bb105c3ca6cc0c,syntactic,2,ok,0,860.5680279433727,0,"[""/usr/bin/python3"", ""/home/arjaiswal/Polygeist/scripts/correctness/kernel_match_rewrite.py"", ""/home/arjaiswal/Polygeist/issues/mfem_c_kernels/match_results/interp_value_3d_scratch_sliced/debufferized.mlir"", ""--dry-run"", ""--matcher-mode"", ""syntactic"", ""--telemetry-json"", ""/home/arjaiswal/Polygeist/issues/equality_saturation_eval/campaign_20260908/mfem_kernel-interp_value_3d_scratch_sliced-syntactic-9mgul6av.json"", ""--disable-semantic-fallback""]","== match report for /home/arjaiswal/Polygeist/issues/mfem_c_kernels/match_results/interp_value_3d_scratch_sliced/debufferized.mlir ==
  match          body#[0, 1]  cutensornetContraction2_f64
  match          body#[2, 3]  cutensornetContraction2_f64
  match          body#[4, 5]  cutensornetContraction2_f64
  total: 3 matched / 3 bodies
",0,[],0,0,0,0,/home/arjaiswal/Polygeist/issues/mfem_c_kernels/match_results/interp_value_3d_scratch_sliced/debufferized.mlir,7533,0,6,6,342.96681359410286,0,65728,0.09242445230484009,0,14,0,0,"[{""body_indices"": [0, 1], ""symbol"": ""cutensornetContraction2_f64""}, {""body_indices"": [2, 3], ""symbol"": ""cutensornetContraction2_f64""}, {""body_indices"": [4, 5], ""symbol"": ""cutensornetContraction2_f64""}]",3,0,14,0.0,14
mfem_kernel,interp_value_3d_scratch_sliced,/home/arjaiswal/Polygeist/issues/mfem_c_kernels/match_results/interp_value_3d_scratch_sliced/debufferized.mlir,ac0a413032d74bcace3cf0e3cc869210107166e261cf79e0f1bb105c3ca6cc0c,syntactic,3,ok,0,1313.967514783144,0,"[""/usr/bin/python3"", ""/home/arjaiswal/Polygeist/scripts/correctness/kernel_match_rewrite.py"", ""/home/arjaiswal/Polygeist/issues/mfem_c_kernels/match_results/interp_value_3d_scratch_sliced/debufferized.mlir"", ""--dry-run"", ""--matcher-mode"", ""syntactic"", ""--telemetry-json"", ""/home/arjaiswal/Polygeist/issues/equality_saturation_eval/campaign_20260908/mfem_kernel-interp_value_3d_scratch_sliced-syntactic-20bmah7j.json"", ""--disable-semantic-fallback""]","== match report for /home/arjaiswal/Polygeist/issues/mfem_c_kernels/match_results/interp_value_3d_scratch_sliced/debufferized.mlir ==
  match          body#[0, 1]  cutensornetContraction2_f64
  match          body#[2, 3]  cutensornetContraction2_f64
  match          body#[4, 5]  cutensornetContraction2_f64
  total: 3 matched / 3 bodies
",0,[],0,0,0,0,/home/arjaiswal/Polygeist/issues/mfem_c_kernels/match_results/interp_value_3d_scratch_sliced/debufferized.mlir,7533,0,6,6,485.5116233229637,0,65604,0.12364983558654785,0,14,0,0,"[{""body_indices"": [0, 1], ""symbol"": ""cutensornetContraction2_f64""}, {""body_indices"": [2, 3], ""symbol"": ""cutensornetContraction2_f64""}, {""body_indices"": [4, 5], ""symbol"": ""cutensornetContraction2_f64""}]",3,0,14,0.0,14
mfem_kernel,interp_value_3d_scratch_sliced,/home/arjaiswal/Polygeist/issues/mfem_c_kernels/match_results/interp_value_3d_scratch_sliced/debufferized.mlir,ac0a413032d74bcace3cf0e3cc869210107166e261cf79e0f1bb105c3ca6cc0c,egglog,3,ok,0,1629.7522895038128,0,"[""/usr/bin/python3"", ""/home/arjaiswal/Polygeist/scripts/correctness/kernel_match_rewrite.py"", ""/home/arjaiswal/Polygeist/issues/mfem_c_kernels/match_results/interp_value_3d_scratch_sliced/debufferized.mlir"", ""--dry-run"", ""--matcher-mode"", ""egglog"", ""--telemetry-json"", ""/home/arjaiswal/Polygeist/issues/equality_saturation_eval/campaign_20260908/mfem_kernel-interp_value_3d_scratch_sliced-egglog-f378l4w2.json"", ""--disable-semantic-fallback""]","== match report for /home/arjaiswal/Polygeist/issues/mfem_c_kernels/match_results/interp_value_3d_scratch_sliced/debufferized.mlir ==
  match          body#[0, 1]  cutensornetContraction2_f64
  match          body#[2, 3]  cutensornetContraction2_f64
  match          body#[4, 5]  cutensornetContraction2_f64
  total: 3 matched / 3 bodies
",0,[],0,0,0,0,/home/arjaiswal/Polygeist/issues/mfem_c_kernels/match_results/interp_value_3d_scratch_sliced/debufferized.mlir,7533,8,6,6,913.9400981366634,0,69900,233.79004374146461,14,14,0,24,"[{""body_indices"": [0, 1], ""symbol"": ""cutensornetContraction2_f64""}, {""body_indices"": [2, 3], ""symbol"": ""cutensornetContraction2_f64""}, {""body_indices"": [4, 5], ""symbol"": ""cutensornetContraction2_f64""}]",3,0,0,0.0,14
mfem_kernel,interp_value_3d_scratch_sliced,/home/arjaiswal/Polygeist/issues/mfem_c_kernels/match_results/interp_value_3d_scratch_sliced/debufferized.mlir,ac0a413032d74bcace3cf0e3cc869210107166e261cf79e0f1bb105c3ca6cc0c,egglog,4,ok,0,1245.2865056693554,0,"[""/usr/bin/python3"", ""/home/arjaiswal/Polygeist/scripts/correctness/kernel_match_rewrite.py"", ""/home/arjaiswal/Polygeist/issues/mfem_c_kernels/match_results/interp_value_3d_scratch_sliced/debufferized.mlir"", ""--dry-run"", ""--matcher-mode"", ""egglog"", ""--telemetry-json"", ""/home/arjaiswal/Polygeist/issues/equality_saturation_eval/campaign_20260908/mfem_kernel-interp_value_3d_scratch_sliced-egglog-dqxr6082.json"", ""--disable-semantic-fallback""]","== match report for /home/arjaiswal/Polygeist/issues/mfem_c_kernels/match_results/interp_value_3d_scratch_sliced/debufferized.mlir ==
  match          body#[0, 1]  cutensornetContraction2_f64
  match          body#[2, 3]  cutensornetContraction2_f64
  match          body#[4, 5]  cutensornetContraction2_f64
  total: 3 matched / 3 bodies
",0,[],0,0,0,0,/home/arjaiswal/Polygeist/issues/mfem_c_kernels/match_results/interp_value_3d_scratch_sliced/debufferized.mlir,7533,8,6,6,579.4210359454155,0,70160,194.09915059804916,14,14,0,24,"[{""body_indices"": [0, 1], ""symbol"": ""cutensornetContraction2_f64""}, {""body_indices"": [2, 3], ""symbol"": ""cutensornetContraction2_f64""}, {""body_indices"": [4, 5], ""symbol"": ""cutensornetContraction2_f64""}]",3,0,0,0.0,14
mfem_kernel,interp_value_3d_scratch_sliced,/home/arjaiswal/Polygeist/issues/mfem_c_kernels/match_results/interp_value_3d_scratch_sliced/debufferized.mlir,ac0a413032d74bcace3cf0e3cc869210107166e261cf79e0f1bb105c3ca6cc0c,syntactic,4,ok,0,854.8190779983997,0,"[""/usr/bin/python3"", ""/home/arjaiswal/Polygeist/scripts/correctness/kernel_match_rewrite.py"", ""/home/arjaiswal/Polygeist/issues/mfem_c_kernels/match_results/interp_value_3d_scratch_sliced/debufferized.mlir"", ""--dry-run"", ""--matcher-mode"", ""syntactic"", ""--telemetry-json"", ""/home/arjaiswal/Polygeist/issues/equality_saturation_eval/campaign_20260908/mfem_kernel-interp_value_3d_scratch_sliced-syntactic-2tvf0wer.json"", ""--disable-semantic-fallback""]","== match report for /home/arjaiswal/Polygeist/issues/mfem_c_kernels/match_results/interp_value_3d_scratch_sliced/debufferized.mlir ==
  match          body#[0, 1]  cutensornetContraction2_f64
  match          body#[2, 3]  cutensornetContraction2_f64
  match          body#[4, 5]  cutensornetContraction2_f64
  total: 3 matched / 3 bodies
",0,[],0,0,0,0,/home/arjaiswal/Polygeist/issues/mfem_c_kernels/match_results/interp_value_3d_scratch_sliced/debufferized.mlir,7533,0,6,6,327.09934189915657,0,65596,0.0818893313407898,0,14,0,0,"[{""body_indices"": [0, 1], ""symbol"": ""cutensornetContraction2_f64""}, {""body_indices"": [2, 3], ""symbol"": ""cutensornetContraction2_f64""}, {""body_indices"": [4, 5], ""symbol"": ""cutensornetContraction2_f64""}]",3,0,14,0.0,14
mfem_kernel,interp_value_3d_scratch_sliced,/home/arjaiswal/Polygeist/issues/mfem_c_kernels/match_results/interp_value_3d_scratch_sliced/debufferized.mlir,ac0a413032d74bcace3cf0e3cc869210107166e261cf79e0f1bb105c3ca6cc0c,syntactic,5,ok,0,1239.7573366761208,0,"[""/usr/bin/python3"", ""/home/arjaiswal/Polygeist/scripts/correctness/kernel_match_rewrite.py"", ""/home/arjaiswal/Polygeist/issues/mfem_c_kernels/match_results/interp_value_3d_scratch_sliced/debufferized.mlir"", ""--dry-run"", ""--matcher-mode"", ""syntactic"", ""--telemetry-json"", ""/home/arjaiswal/Polygeist/issues/equality_saturation_eval/campaign_20260908/mfem_kernel-interp_value_3d_scratch_sliced-syntactic-18poltvz.json"", ""--disable-semantic-fallback""]","== match report for /home/arjaiswal/Polygeist/issues/mfem_c_kernels/match_results/interp_value_3d_scratch_sliced/debufferized.mlir ==
  match          body#[0, 1]  cutensornetContraction2_f64
  match          body#[2, 3]  cutensornetContraction2_f64
  match          body#[4, 5]  cutensornetContraction2_f64
  total: 3 matched / 3 bodies
",0,[],0,0,0,0,/home/arjaiswal/Polygeist/issues/mfem_c_kernels/match_results/interp_value_3d_scratch_sliced/debufferized.mlir,7533,0,6,6,536.205668002367,0,65580,0.0856444239616394,0,14,0,0,"[{""body_indices"": [0, 1], ""symbol"": ""cutensornetContraction2_f64""}, {""body_indices"": [2, 3], ""symbol"": ""cutensornetContraction2_f64""}, {""body_indices"": [4, 5], ""symbol"": ""cutensornetContraction2_f64""}]",3,0,14,0.0,14
mfem_kernel,interp_value_3d_scratch_sliced,/home/arjaiswal/Polygeist/issues/mfem_c_kernels/match_results/interp_value_3d_scratch_sliced/debufferized.mlir,ac0a413032d74bcace3cf0e3cc869210107166e261cf79e0f1bb105c3ca6cc0c,egglog,5,ok,0,1348.644234240055,0,"[""/usr/bin/python3"", ""/home/arjaiswal/Polygeist/scripts/correctness/kernel_match_rewrite.py"", ""/home/arjaiswal/Polygeist/issues/mfem_c_kernels/match_results/interp_value_3d_scratch_sliced/debufferized.mlir"", ""--dry-run"", ""--matcher-mode"", ""egglog"", ""--telemetry-json"", ""/home/arjaiswal/Polygeist/issues/equality_saturation_eval/campaign_20260908/mfem_kernel-interp_value_3d_scratch_sliced-egglog-zctkyb_t.json"", ""--disable-semantic-fallback""]","== match report for /home/arjaiswal/Polygeist/issues/mfem_c_kernels/match_results/interp_value_3d_scratch_sliced/debufferized.mlir ==
  match          body#[0, 1]  cutensornetContraction2_f64
  match          body#[2, 3]  cutensornetContraction2_f64
  match          body#[4, 5]  cutensornetContraction2_f64
  total: 3 matched / 3 bodies
",0,[],0,0,0,0,/home/arjaiswal/Polygeist/issues/mfem_c_kernels/match_results/interp_value_3d_scratch_sliced/debufferized.mlir,7533,8,6,6,635.8293741941452,0,69916,186.2255372107029,14,14,0,24,"[{""body_indices"": [0, 1], ""symbol"": ""cutensornetContraction2_f64""}, {""body_indices"": [2, 3], ""symbol"": ""cutensornetContraction2_f64""}, {""body_indices"": [4, 5], ""symbol"": ""cutensornetContraction2_f64""}]",3,0,0,0.0,14
mfem_kernel,mass_apply_2d_stage_sliced,/home/arjaiswal/Polygeist/issues/mfem_c_kernels/match_results/mass_apply_2d_stage_sliced/debufferized.mlir,c3be379bdabfb58a5f8dc3b9b41a7c0844f93c87c2b72b5d44ec381e29570113,egglog,1,ok,0,2376.3597272336483,0,"[""/usr/bin/python3"", ""/home/arjaiswal/Polygeist/scripts/correctness/kernel_match_rewrite.py"", ""/home/arjaiswal/Polygeist/issues/mfem_c_kernels/match_results/mass_apply_2d_stage_sliced/debufferized.mlir"", ""--dry-run"", ""--matcher-mode"", ""egglog"", ""--telemetry-json"", ""/home/arjaiswal/Polygeist/issues/equality_saturation_eval/campaign_20260908/mfem_kernel-mass_apply_2d_stage_sliced-egglog-l1x3o8f9.json"", ""--disable-semantic-fallback""]","== match report for /home/arjaiswal/Polygeist/issues/mfem_c_kernels/match_results/mass_apply_2d_stage_sliced/debufferized.mlir ==
  match          body#[0, 1]  cutensornetContraction2_f64
  match          body#[2, 3]  cutensornetContraction2_f64
  no_match       body#4  ?
  match          body#[5, 6]  cutensornetContraction2_f64
  no_match       body#7  ?
  total: 3 matched / 5 bodies
",0,[],0,0,0,0,/home/arjaiswal/Polygeist/issues/mfem_c_kernels/match_results/mass_apply_2d_stage_sliced/debufferized.mlir,8990,8,8,6,1197.5937858223915,2,70060,464.8583121597767,34,34,0,48,"[{""body_indices"": [0, 1], ""symbol"": ""cutensornetContraction2_f64""}, {""body_indices"": [2, 3], ""symbol"": ""cutensornetContraction2_f64""}, {""body_indices"": [5, 6], ""symbol"": ""cutensornetContraction2_f64""}]",3,0,0,0.0,42
mfem_kernel,mass_apply_2d_stage_sliced,/home/arjaiswal/Polygeist/issues/mfem_c_kernels/match_results/mass_apply_2d_stage_sliced/debufferized.mlir,c3be379bdabfb58a5f8dc3b9b41a7c0844f93c87c2b72b5d44ec381e29570113,syntactic,1,ok,0,1622.2761943936348,0,"[""/usr/bin/python3"", ""/home/arjaiswal/Polygeist/scripts/correctness/kernel_match_rewrite.py"", ""/home/arjaiswal/Polygeist/issues/mfem_c_kernels/match_results/mass_apply_2d_stage_sliced/debufferized.mlir"", ""--dry-run"", ""--matcher-mode"", ""syntactic"", ""--telemetry-json"", ""/home/arjaiswal/Polygeist/issues/equality_saturation_eval/campaign_20260908/mfem_kernel-mass_apply_2d_stage_sliced-syntactic-zdnyh0d4.json"", ""--disable-semantic-fallback""]","== match report for /home/arjaiswal/Polygeist/issues/mfem_c_kernels/match_results/mass_apply_2d_stage_sliced/debufferized.mlir ==
  match          body#[0, 1]  cutensornetContraction2_f64
  match          body#[2, 3]  cutensornetContraction2_f64
  no_match       body#4  ?
  match          body#[5, 6]  cutensornetContraction2_f64
  no_match       body#7  ?
  total: 3 matched / 5 bodies
",0,[],0,0,0,0,/home/arjaiswal/Polygeist/issues/mfem_c_kernels/match_results/mass_apply_2d_stage_sliced/debufferized.mlir,8990,0,8,6,806.6920973360538,2,65984,0.25082752108573914,0,34,0,0,"[{""body_indices"": [0, 1], ""symbol"": ""cutensornetContraction2_f64""}, {""body_indices"": [2, 3], ""symbol"": ""cutensornetContraction2_f64""}, {""body_indices"": [5, 6], ""symbol"": ""cutensornetContraction2_f64""}]",3,0,42,0.0,42
mfem_kernel,mass_apply_2d_stage_sliced,/home/arjaiswal/Polygeist/issues/mfem_c_kernels/match_results/mass_apply_2d_stage_sliced/debufferized.mlir,c3be379bdabfb58a5f8dc3b9b41a7c0844f93c87c2b72b5d44ec381e29570113,syntactic,2,ok,0,1058.5292167961597,0,"[""/usr/bin/python3"", ""/home/arjaiswal/Polygeist/scripts/correctness/kernel_match_rewrite.py"", ""/home/arjaiswal/Polygeist/issues/mfem_c_kernels/match_results/mass_apply_2d_stage_sliced/debufferized.mlir"", ""--dry-run"", ""--matcher-mode"", ""syntactic"", ""--telemetry-json"", ""/home/arjaiswal/Polygeist/issues/equality_saturation_eval/campaign_20260908/mfem_kernel-mass_apply_2d_stage_sliced-syntactic-ika_92si.json"", ""--disable-semantic-fallback""]","== match report for /home/arjaiswal/Polygeist/issues/mfem_c_kernels/match_results/mass_apply_2d_stage_sliced/debufferized.mlir ==
  match          body#[0, 1]  cutensornetContraction2_f64
  match          body#[2, 3]  cutensornetContraction2_f64
  no_match       body#4  ?
  match          body#[5, 6]  cutensornetContraction2_f64
  no_match       body#7  ?
  total: 3 matched / 5 bodies
",0,[],0,0,0,0,/home/arjaiswal/Polygeist/issues/mfem_c_kernels/match_results/mass_apply_2d_stage_sliced/debufferized.mlir,8990,0,8,6,446.4085213840008,2,65928,0.2368427813053131,0,34,0,0,"[{""body_indices"": [0, 1], ""symbol"": ""cutensornetContraction2_f64""}, {""body_indices"": [2, 3], ""symbol"": ""cutensornetContraction2_f64""}, {""body_indices"": [5, 6], ""symbol"": ""cutensornetContraction2_f64""}]",3,0,42,0.0,42
mfem_kernel,mass_apply_2d_stage_sliced,/home/arjaiswal/Polygeist/issues/mfem_c_kernels/match_results/mass_apply_2d_stage_sliced/debufferized.mlir,c3be379bdabfb58a5f8dc3b9b41a7c0844f93c87c2b72b5d44ec381e29570113,egglog,2,ok,0,1465.7402262091637,0,"[""/usr/bin/python3"", ""/home/arjaiswal/Polygeist/scripts/correctness/kernel_match_rewrite.py"", ""/home/arjaiswal/Polygeist/issues/mfem_c_kernels/match_results/mass_apply_2d_stage_sliced/debufferized.mlir"", ""--dry-run"", ""--matcher-mode"", ""egglog"", ""--telemetry-json"", ""/home/arjaiswal/Polygeist/issues/equality_saturation_eval/campaign_20260908/mfem_kernel-mass_apply_2d_stage_sliced-egglog-vi_6bni6.json"", ""--disable-semantic-fallback""]","== match report for /home/arjaiswal/Polygeist/issues/mfem_c_kernels/match_results/mass_apply_2d_stage_sliced/debufferized.mlir ==
  match          body#[0, 1]  cutensornetContraction2_f64
  match          body#[2, 3]  cutensornetContraction2_f64
  no_match       body#4  ?
  match          body#[5, 6]  cutensornetContraction2_f64
  no_match       body#7  ?
  total: 3 matched / 5 bodies
",0,[],0,0,0,0,/home/arjaiswal/Polygeist/issues/mfem_c_kernels/match_results/mass_apply_2d_stage_sliced/debufferized.mlir,8990,8,8,6,915.7392345368862,2,70028,382.9737603664398,34,34,0,48,"[{""body_indices"": [0, 1], ""symbol"": ""cutensornetContraction2_f64""}, {""body_indices"": [2, 3], ""symbol"": ""cutensornetContraction2_f64""}, {""body_indices"": [5, 6], ""symbol"": ""cutensornetContraction2_f64""}]",3,0,0,0.0,42
mfem_kernel,mass_apply_2d_stage_sliced,/home/arjaiswal/Polygeist/issues/mfem_c_kernels/match_results/mass_apply_2d_stage_sliced/debufferized.mlir,c3be379bdabfb58a5f8dc3b9b41a7c0844f93c87c2b72b5d44ec381e29570113,egglog,3,ok,0,3258.7664499878883,0,"[""/usr/bin/python3"", ""/home/arjaiswal/Polygeist/scripts/correctness/kernel_match_rewrite.py"", ""/home/arjaiswal/Polygeist/issues/mfem_c_kernels/match_results/mass_apply_2d_stage_sliced/debufferized.mlir"", ""--dry-run"", ""--matcher-mode"", ""egglog"", ""--telemetry-json"", ""/home/arjaiswal/Polygeist/issues/equality_saturation_eval/campaign_20260908/mfem_kernel-mass_apply_2d_stage_sliced-egglog-g38bv6io.json"", ""--disable-semantic-fallback""]","== match report for /home/arjaiswal/Polygeist/issues/mfem_c_kernels/match_results/mass_apply_2d_stage_sliced/debufferized.mlir ==
  match          body#[0, 1]  cutensornetContraction2_f64
  match          body#[2, 3]  cutensornetContraction2_f64
  no_match       body#4  ?
  match          body#[5, 6]  cutensornetContraction2_f64
  no_match       body#7  ?
  total: 3 matched / 5 bodies
",0,[],0,0,0,0,/home/arjaiswal/Polygeist/issues/mfem_c_kernels/match_results/mass_apply_2d_stage_sliced/debufferized.mlir,8990,8,8,6,2238.6463470757008,2,70056,991.934809833765,34,34,0,48,"[{""body_indices"": [0, 1], ""symbol"": ""cutensornetContraction2_f64""}, {""body_indices"": [2, 3], ""symbol"": ""cutensornetContraction2_f64""}, {""body_indices"": [5, 6], ""symbol"": ""cutensornetContraction2_f64""}]",3,0,0,0.0,42
mfem_kernel,mass_apply_2d_stage_sliced,/home/arjaiswal/Polygeist/issues/mfem_c_kernels/match_results/mass_apply_2d_stage_sliced/debufferized.mlir,c3be379bdabfb58a5f8dc3b9b41a7c0844f93c87c2b72b5d44ec381e29570113,syntactic,3,ok,0,1017.5173543393612,0,"[""/usr/bin/python3"", ""/home/arjaiswal/Polygeist/scripts/correctness/kernel_match_rewrite.py"", ""/home/arjaiswal/Polygeist/issues/mfem_c_kernels/match_results/mass_apply_2d_stage_sliced/debufferized.mlir"", ""--dry-run"", ""--matcher-mode"", ""syntactic"", ""--telemetry-json"", ""/home/arjaiswal/Polygeist/issues/equality_saturation_eval/campaign_20260908/mfem_kernel-mass_apply_2d_stage_sliced-syntactic-7y27qq1z.json"", ""--disable-semantic-fallback""]","== match report for /home/arjaiswal/Polygeist/issues/mfem_c_kernels/match_results/mass_apply_2d_stage_sliced/debufferized.mlir ==
  match          body#[0, 1]  cutensornetContraction2_f64
  match          body#[2, 3]  cutensornetContraction2_f64
  no_match       body#4  ?
  match          body#[5, 6]  cutensornetContraction2_f64
  no_match       body#7  ?
  total: 3 matched / 5 bodies
",0,[],0,0,0,0,/home/arjaiswal/Polygeist/issues/mfem_c_kernels/match_results/mass_apply_2d_stage_sliced/debufferized.mlir,8990,0,8,6,451.2806087732315,2,65940,0.2564750611782074,0,34,0,0,"[{""body_indices"": [0, 1], ""symbol"": ""cutensornetContraction2_f64""}, {""body_indices"": [2, 3], ""symbol"": ""cutensornetContraction2_f64""}, {""body_indices"": [5, 6], ""symbol"": ""cutensornetContraction2_f64""}]",3,0,42,0.0,42
mfem_kernel,mass_apply_2d_stage_sliced,/home/arjaiswal/Polygeist/issues/mfem_c_kernels/match_results/mass_apply_2d_stage_sliced/debufferized.mlir,c3be379bdabfb58a5f8dc3b9b41a7c0844f93c87c2b72b5d44ec381e29570113,syntactic,4,ok,0,987.6266680657864,0,"[""/usr/bin/python3"", ""/home/arjaiswal/Polygeist/scripts/correctness/kernel_match_rewrite.py"", ""/home/arjaiswal/Polygeist/issues/mfem_c_kernels/match_results/mass_apply_2d_stage_sliced/debufferized.mlir"", ""--dry-run"", ""--matcher-mode"", ""syntactic"", ""--telemetry-json"", ""/home/arjaiswal/Polygeist/issues/equality_saturation_eval/campaign_20260908/mfem_kernel-mass_apply_2d_stage_sliced-syntactic-29lronox.json"", ""--disable-semantic-fallback""]","== match report for /home/arjaiswal/Polygeist/issues/mfem_c_kernels/match_results/mass_apply_2d_stage_sliced/debufferized.mlir ==
  match          body#[0, 1]  cutensornetContraction2_f64
  match          body#[2, 3]  cutensornetContraction2_f64
  no_match       body#4  ?
  match          body#[5, 6]  cutensornetContraction2_f64
  no_match       body#7  ?
  total: 3 matched / 5 bodies
",0,[],0,0,0,0,/home/arjaiswal/Polygeist/issues/mfem_c_kernels/match_results/mass_apply_2d_stage_sliced/debufferized.mlir,8990,0,8,6,427.21041291952133,2,65896,0.24003535509109497,0,34,0,0,"[{""body_indices"": [0, 1], ""symbol"": ""cutensornetContraction2_f64""}, {""body_indices"": [2, 3], ""symbol"": ""cutensornetContraction2_f64""}, {""body_indices"": [5, 6], ""symbol"": ""cutensornetContraction2_f64""}]",3,0,42,0.0,42
mfem_kernel,mass_apply_2d_stage_sliced,/home/arjaiswal/Polygeist/issues/mfem_c_kernels/match_results/mass_apply_2d_stage_sliced/debufferized.mlir,c3be379bdabfb58a5f8dc3b9b41a7c0844f93c87c2b72b5d44ec381e29570113,egglog,4,ok,0,1693.3477073907852,0,"[""/usr/bin/python3"", ""/home/arjaiswal/Polygeist/scripts/correctness/kernel_match_rewrite.py"", ""/home/arjaiswal/Polygeist/issues/mfem_c_kernels/match_results/mass_apply_2d_stage_sliced/debufferized.mlir"", ""--dry-run"", ""--matcher-mode"", ""egglog"", ""--telemetry-json"", ""/home/arjaiswal/Polygeist/issues/equality_saturation_eval/campaign_20260908/mfem_kernel-mass_apply_2d_stage_sliced-egglog-j8wo7h4r.json"", ""--disable-semantic-fallback""]","== match report for /home/arjaiswal/Polygeist/issues/mfem_c_kernels/match_results/mass_apply_2d_stage_sliced/debufferized.mlir ==
  match          body#[0, 1]  cutensornetContraction2_f64
  match          body#[2, 3]  cutensornetContraction2_f64
  no_match       body#4  ?
  match          body#[5, 6]  cutensornetContraction2_f64
  no_match       body#7  ?
  total: 3 matched / 5 bodies
",0,[],0,0,0,0,/home/arjaiswal/Polygeist/issues/mfem_c_kernels/match_results/mass_apply_2d_stage_sliced/debufferized.mlir,8990,8,8,6,946.7579983174801,2,69980,379.8189163208008,34,34,0,48,"[{""body_indices"": [0, 1], ""symbol"": ""cutensornetContraction2_f64""}, {""body_indices"": [2, 3], ""symbol"": ""cutensornetContraction2_f64""}, {""body_indices"": [5, 6], ""symbol"": ""cutensornetContraction2_f64""}]",3,0,0,0.0,42
mfem_kernel,mass_apply_2d_stage_sliced,/home/arjaiswal/Polygeist/issues/mfem_c_kernels/match_results/mass_apply_2d_stage_sliced/debufferized.mlir,c3be379bdabfb58a5f8dc3b9b41a7c0844f93c87c2b72b5d44ec381e29570113,egglog,5,ok,0,1434.5929250121117,0,"[""/usr/bin/python3"", ""/home/arjaiswal/Polygeist/scripts/correctness/kernel_match_rewrite.py"", ""/home/arjaiswal/Polygeist/issues/mfem_c_kernels/match_results/mass_apply_2d_stage_sliced/debufferized.mlir"", ""--dry-run"", ""--matcher-mode"", ""egglog"", ""--telemetry-json"", ""/home/arjaiswal/Polygeist/issues/equality_saturation_eval/campaign_20260908/mfem_kernel-mass_apply_2d_stage_sliced-egglog-wh0zaefw.json"", ""--disable-semantic-fallback""]","== match report for /home/arjaiswal/Polygeist/issues/mfem_c_kernels/match_results/mass_apply_2d_stage_sliced/debufferized.mlir ==
  match          body#[0, 1]  cutensornetContraction2_f64
  match          body#[2, 3]  cutensornetContraction2_f64
  no_match       body#4  ?
  match          body#[5, 6]  cutensornetContraction2_f64
  no_match       body#7  ?
  total: 3 matched / 5 bodies
",0,[],0,0,0,0,/home/arjaiswal/Polygeist/issues/mfem_c_kernels/match_results/mass_apply_2d_stage_sliced/debufferized.mlir,8990,8,8,6,924.5423078536987,2,69852,408.0302007496357,34,34,0,48,"[{""body_indices"": [0, 1], ""symbol"": ""cutensornetContraction2_f64""}, {""body_indices"": [2, 3], ""symbol"": ""cutensornetContraction2_f64""}, {""body_indices"": [5, 6], ""symbol"": ""cutensornetContraction2_f64""}]",3,0,0,0.0,42
mfem_kernel,mass_apply_2d_stage_sliced,/home/arjaiswal/Polygeist/issues/mfem_c_kernels/match_results/mass_apply_2d_stage_sliced/debufferized.mlir,c3be379bdabfb58a5f8dc3b9b41a7c0844f93c87c2b72b5d44ec381e29570113,syntactic,5,ok,0,1251.961838454008,0,"[""/usr/bin/python3"", ""/home/arjaiswal/Polygeist/scripts/correctness/kernel_match_rewrite.py"", ""/home/arjaiswal/Polygeist/issues/mfem_c_kernels/match_results/mass_apply_2d_stage_sliced/debufferized.mlir"", ""--dry-run"", ""--matcher-mode"", ""syntactic"", ""--telemetry-json"", ""/home/arjaiswal/Polygeist/issues/equality_saturation_eval/campaign_20260908/mfem_kernel-mass_apply_2d_stage_sliced-syntactic-mimxvdar.json"", ""--disable-semantic-fallback""]","== match report for /home/arjaiswal/Polygeist/issues/mfem_c_kernels/match_results/mass_apply_2d_stage_sliced/debufferized.mlir ==
  match          body#[0, 1]  cutensornetContraction2_f64
  match          body#[2, 3]  cutensornetContraction2_f64
  no_match       body#4  ?
  match          body#[5, 6]  cutensornetContraction2_f64
  no_match       body#7  ?
  total: 3 matched / 5 bodies
",0,[],0,0,0,0,/home/arjaiswal/Polygeist/issues/mfem_c_kernels/match_results/mass_apply_2d_stage_sliced/debufferized.mlir,8990,0,8,6,485.6051355600357,2,65952,0.22507831454277039,0,34,0,0,"[{""body_indices"": [0, 1], ""symbol"": ""cutensornetContraction2_f64""}, {""body_indices"": [2, 3], ""symbol"": ""cutensornetContraction2_f64""}, {""body_indices"": [5, 6], ""symbol"": ""cutensornetContraction2_f64""}]",3,0,42,0.0,42
mfem_kernel,mass_apply_3d_stage_sliced,/home/arjaiswal/Polygeist/issues/mfem_c_kernels/match_results/mass_apply_3d_stage_sliced/debufferized.mlir,54f650f967f21abdb745ad87919ae2828f593b40073db49b3a7d7c1a9bd77c15,syntactic,1,ok,0,1691.2135183811188,0,"[""/usr/bin/python3"", ""/home/arjaiswal/Polygeist/scripts/correctness/kernel_match_rewrite.py"", ""/home/arjaiswal/Polygeist/issues/mfem_c_kernels/match_results/mass_apply_3d_stage_sliced/debufferized.mlir"", ""--dry-run"", ""--matcher-mode"", ""syntactic"", ""--telemetry-json"", ""/home/arjaiswal/Polygeist/issues/equality_saturation_eval/campaign_20260908/mfem_kernel-mass_apply_3d_stage_sliced-syntactic-_51s7gon.json"", ""--disable-semantic-fallback""]","== match report for /home/arjaiswal/Polygeist/issues/mfem_c_kernels/match_results/mass_apply_3d_stage_sliced/debufferized.mlir ==
  match          body#[0, 1]  cutensornetContraction2_f64
  match          body#[2, 3]  cutensornetContraction2_f64
  match          body#[4, 5]  cutensornetContraction2_f64
  no_match       body#6  ?
  match          body#[7, 8]  cutensornetContraction2_f64
  match          body#[9, 10]  cutensornetContraction2_f64
  no_match       body#11  ?
  total: 5 matched / 7 bodies
",0,[],0,0,0,0,/home/arjaiswal/Polygeist/issues/mfem_c_kernels/match_results/mass_apply_3d_stage_sliced/debufferized.mlir,13258,0,12,10,875.5652718245983,2,65736,0.26258453726768494,0,28,0,0,"[{""body_indices"": [0, 1], ""symbol"": ""cutensornetContraction2_f64""}, {""body_indices"": [2, 3], ""symbol"": ""cutensornetContraction2_f64""}, {""body_indices"": [4, 5], ""symbol"": ""cutensornetContraction2_f64""}, {""body_indices"": [7, 8], ""symbol"": ""cutensornetContraction2_f64""}, {""body_indices"": [9, 10], ""symbol"": ""cutensornetContraction2_f64""}]",5,0,32,0.0,32
mfem_kernel,mass_apply_3d_stage_sliced,/home/arjaiswal/Polygeist/issues/mfem_c_kernels/match_results/mass_apply_3d_stage_sliced/debufferized.mlir,54f650f967f21abdb745ad87919ae2828f593b40073db49b3a7d7c1a9bd77c15,egglog,1,ok,0,1399.1956152021885,0,"[""/usr/bin/python3"", ""/home/arjaiswal/Polygeist/scripts/correctness/kernel_match_rewrite.py"", ""/home/arjaiswal/Polygeist/issues/mfem_c_kernels/match_results/mass_apply_3d_stage_sliced/debufferized.mlir"", ""--dry-run"", ""--matcher-mode"", ""egglog"", ""--telemetry-json"", ""/home/arjaiswal/Polygeist/issues/equality_saturation_eval/campaign_20260908/mfem_kernel-mass_apply_3d_stage_sliced-egglog-qc6qcg33.json"", ""--disable-semantic-fallback""]","== match report for /home/arjaiswal/Polygeist/issues/mfem_c_kernels/match_results/mass_apply_3d_stage_sliced/debufferized.mlir ==
  match          body#[0, 1]  cutensornetContraction2_f64
  match          body#[2, 3]  cutensornetContraction2_f64
  match          body#[4, 5]  cutensornetContraction2_f64
  no_match       body#6  ?
  match          body#[7, 8]  cutensornetContraction2_f64
  match          body#[9, 10]  cutensornetContraction2_f64
  no_match       body#11  ?
  total: 5 matched / 7 bodies
",0,[],0,0,0,0,/home/arjaiswal/Polygeist/issues/mfem_c_kernels/match_results/mass_apply_3d_stage_sliced/debufferized.mlir,13258,8,12,10,832.0720680058002,2,70184,315.40683656930923,28,28,0,40,"[{""body_indices"": [0, 1], ""symbol"": ""cutensornetContraction2_f64""}, {""body_indices"": [2, 3], ""symbol"": ""cutensornetContraction2_f64""}, {""body_indices"": [4, 5], ""symbol"": ""cutensornetContraction2_f64""}, {""body_indices"": [7, 8], ""symbol"": ""cutensornetContraction2_f64""}, {""body_indices"": [9, 10], ""symbol"": ""cutensornetContraction2_f64""}]",5,0,0,0.0,32
mfem_kernel,mass_apply_3d_stage_sliced,/home/arjaiswal/Polygeist/issues/mfem_c_kernels/match_results/mass_apply_3d_stage_sliced/debufferized.mlir,54f650f967f21abdb745ad87919ae2828f593b40073db49b3a7d7c1a9bd77c15,egglog,2,ok,0,1252.8446801006794,0,"[""/usr/bin/python3"", ""/home/arjaiswal/Polygeist/scripts/correctness/kernel_match_rewrite.py"", ""/home/arjaiswal/Polygeist/issues/mfem_c_kernels/match_results/mass_apply_3d_stage_sliced/debufferized.mlir"", ""--dry-run"", ""--matcher-mode"", ""egglog"", ""--telemetry-json"", ""/home/arjaiswal/Polygeist/issues/equality_saturation_eval/campaign_20260908/mfem_kernel-mass_apply_3d_stage_sliced-egglog-95xol4cx.json"", ""--disable-semantic-fallback""]","== match report for /home/arjaiswal/Polygeist/issues/mfem_c_kernels/match_results/mass_apply_3d_stage_sliced/debufferized.mlir ==
  match          body#[0, 1]  cutensornetContraction2_f64
  match          body#[2, 3]  cutensornetContraction2_f64
  match          body#[4, 5]  cutensornetContraction2_f64
  no_match       body#6  ?
  match          body#[7, 8]  cutensornetContraction2_f64
  match          body#[9, 10]  cutensornetContraction2_f64
  no_match       body#11  ?
  total: 5 matched / 7 bodies
",0,[],0,0,0,0,/home/arjaiswal/Polygeist/issues/mfem_c_kernels/match_results/mass_apply_3d_stage_sliced/debufferized.mlir,13258,8,12,10,794.3959571421146,2,70312,309.71546843647957,28,28,0,40,"[{""body_indices"": [0, 1], ""symbol"": ""cutensornetContraction2_f64""}, {""body_indices"": [2, 3], ""symbol"": ""cutensornetContraction2_f64""}, {""body_indices"": [4, 5], ""symbol"": ""cutensornetContraction2_f64""}, {""body_indices"": [7, 8], ""symbol"": ""cutensornetContraction2_f64""}, {""body_indices"": [9, 10], ""symbol"": ""cutensornetContraction2_f64""}]",5,0,0,0.0,32
mfem_kernel,mass_apply_3d_stage_sliced,/home/arjaiswal/Polygeist/issues/mfem_c_kernels/match_results/mass_apply_3d_stage_sliced/debufferized.mlir,54f650f967f21abdb745ad87919ae2828f593b40073db49b3a7d7c1a9bd77c15,syntactic,2,ok,0,911.5391559898853,0,"[""/usr/bin/python3"", ""/home/arjaiswal/Polygeist/scripts/correctness/kernel_match_rewrite.py"", ""/home/arjaiswal/Polygeist/issues/mfem_c_kernels/match_results/mass_apply_3d_stage_sliced/debufferized.mlir"", ""--dry-run"", ""--matcher-mode"", ""syntactic"", ""--telemetry-json"", ""/home/arjaiswal/Polygeist/issues/equality_saturation_eval/campaign_20260908/mfem_kernel-mass_apply_3d_stage_sliced-syntactic-yi72n9yn.json"", ""--disable-semantic-fallback""]","== match report for /home/arjaiswal/Polygeist/issues/mfem_c_kernels/match_results/mass_apply_3d_stage_sliced/debufferized.mlir ==
  match          body#[0, 1]  cutensornetContraction2_f64
  match          body#[2, 3]  cutensornetContraction2_f64
  match          body#[4, 5]  cutensornetContraction2_f64
  no_match       body#6  ?
  match          body#[7, 8]  cutensornetContraction2_f64
  match          body#[9, 10]  cutensornetContraction2_f64
  no_match       body#11  ?
  total: 5 matched / 7 bodies
",0,[],0,0,0,0,/home/arjaiswal/Polygeist/issues/mfem_c_kernels/match_results/mass_apply_3d_stage_sliced/debufferized.mlir,13258,0,12,10,406.65385127067566,2,65716,0.16843527555465698,0,28,0,0,"[{""body_indices"": [0, 1], ""symbol"": ""cutensornetContraction2_f64""}, {""body_indices"": [2, 3], ""symbol"": ""cutensornetContraction2_f64""}, {""body_indices"": [4, 5], ""symbol"": ""cutensornetContraction2_f64""}, {""body_indices"": [7, 8], ""symbol"": ""cutensornetContraction2_f64""}, {""body_indices"": [9, 10], ""symbol"": ""cutensornetContraction2_f64""}]",5,0,32,0.0,32
mfem_kernel,mass_apply_3d_stage_sliced,/home/arjaiswal/Polygeist/issues/mfem_c_kernels/match_results/mass_apply_3d_stage_sliced/debufferized.mlir,54f650f967f21abdb745ad87919ae2828f593b40073db49b3a7d7c1a9bd77c15,syntactic,3,ok,0,971.553660929203,0,"[""/usr/bin/python3"", ""/home/arjaiswal/Polygeist/scripts/correctness/kernel_match_rewrite.py"", ""/home/arjaiswal/Polygeist/issues/mfem_c_kernels/match_results/mass_apply_3d_stage_sliced/debufferized.mlir"", ""--dry-run"", ""--matcher-mode"", ""syntactic"", ""--telemetry-json"", ""/home/arjaiswal/Polygeist/issues/equality_saturation_eval/campaign_20260908/mfem_kernel-mass_apply_3d_stage_sliced-syntactic-7v0gqmmc.json"", ""--disable-semantic-fallback""]","== match report for /home/arjaiswal/Polygeist/issues/mfem_c_kernels/match_results/mass_apply_3d_stage_sliced/debufferized.mlir ==
  match          body#[0, 1]  cutensornetContraction2_f64
  match          body#[2, 3]  cutensornetContraction2_f64
  match          body#[4, 5]  cutensornetContraction2_f64
  no_match       body#6  ?
  match          body#[7, 8]  cutensornetContraction2_f64
  match          body#[9, 10]  cutensornetContraction2_f64
  no_match       body#11  ?
  total: 5 matched / 7 bodies
",0,[],0,0,0,0,/home/arjaiswal/Polygeist/issues/mfem_c_kernels/match_results/mass_apply_3d_stage_sliced/debufferized.mlir,13258,0,12,10,465.4449298977852,2,65888,0.17582252621650696,0,28,0,0,"[{""body_indices"": [0, 1], ""symbol"": ""cutensornetContraction2_f64""}, {""body_indices"": [2, 3], ""symbol"": ""cutensornetContraction2_f64""}, {""body_indices"": [4, 5], ""symbol"": ""cutensornetContraction2_f64""}, {""body_indices"": [7, 8], ""symbol"": ""cutensornetContraction2_f64""}, {""body_indices"": [9, 10], ""symbol"": ""cutensornetContraction2_f64""}]",5,0,32,0.0,32
mfem_kernel,mass_apply_3d_stage_sliced,/home/arjaiswal/Polygeist/issues/mfem_c_kernels/match_results/mass_apply_3d_stage_sliced/debufferized.mlir,54f650f967f21abdb745ad87919ae2828f593b40073db49b3a7d7c1a9bd77c15,egglog,3,ok,0,1307.6434694230556,0,"[""/usr/bin/python3"", ""/home/arjaiswal/Polygeist/scripts/correctness/kernel_match_rewrite.py"", ""/home/arjaiswal/Polygeist/issues/mfem_c_kernels/match_results/mass_apply_3d_stage_sliced/debufferized.mlir"", ""--dry-run"", ""--matcher-mode"", ""egglog"", ""--telemetry-json"", ""/home/arjaiswal/Polygeist/issues/equality_saturation_eval/campaign_20260908/mfem_kernel-mass_apply_3d_stage_sliced-egglog-frj9n1ny.json"", ""--disable-semantic-fallback""]","== match report for /home/arjaiswal/Polygeist/issues/mfem_c_kernels/match_results/mass_apply_3d_stage_sliced/debufferized.mlir ==
  match          body#[0, 1]  cutensornetContraction2_f64
  match          body#[2, 3]  cutensornetContraction2_f64
  match          body#[4, 5]  cutensornetContraction2_f64
  no_match       body#6  ?
  match          body#[7, 8]  cutensornetContraction2_f64
  match          body#[9, 10]  cutensornetContraction2_f64
  no_match       body#11  ?
  total: 5 matched / 7 bodies
",0,[],0,0,0,0,/home/arjaiswal/Polygeist/issues/mfem_c_kernels/match_results/mass_apply_3d_stage_sliced/debufferized.mlir,13258,8,12,10,818.8546970486641,2,70152,328.427542001009,28,28,0,40,"[{""body_indices"": [0, 1], ""symbol"": ""cutensornetContraction2_f64""}, {""body_indices"": [2, 3], ""symbol"": ""cutensornetContraction2_f64""}, {""body_indices"": [4, 5], ""symbol"": ""cutensornetContraction2_f64""}, {""body_indices"": [7, 8], ""symbol"": ""cutensornetContraction2_f64""}, {""body_indices"": [9, 10], ""symbol"": ""cutensornetContraction2_f64""}]",5,0,0,0.0,32
mfem_kernel,mass_apply_3d_stage_sliced,/home/arjaiswal/Polygeist/issues/mfem_c_kernels/match_results/mass_apply_3d_stage_sliced/debufferized.mlir,54f650f967f21abdb745ad87919ae2828f593b40073db49b3a7d7c1a9bd77c15,egglog,4,ok,0,1303.6478608846664,0,"[""/usr/bin/python3"", ""/home/arjaiswal/Polygeist/scripts/correctness/kernel_match_rewrite.py"", ""/home/arjaiswal/Polygeist/issues/mfem_c_kernels/match_results/mass_apply_3d_stage_sliced/debufferized.mlir"", ""--dry-run"", ""--matcher-mode"", ""egglog"", ""--telemetry-json"", ""/home/arjaiswal/Polygeist/issues/equality_saturation_eval/campaign_20260908/mfem_kernel-mass_apply_3d_stage_sliced-egglog-ufihm155.json"", ""--disable-semantic-fallback""]","== match report for /home/arjaiswal/Polygeist/issues/mfem_c_kernels/match_results/mass_apply_3d_stage_sliced/debufferized.mlir ==
  match          body#[0, 1]  cutensornetContraction2_f64
  match          body#[2, 3]  cutensornetContraction2_f64
  match          body#[4, 5]  cutensornetContraction2_f64
  no_match       body#6  ?
  match          body#[7, 8]  cutensornetContraction2_f64
  match          body#[9, 10]  cutensornetContraction2_f64
  no_match       body#11  ?
  total: 5 matched / 7 bodies
",0,[],0,0,0,0,/home/arjaiswal/Polygeist/issues/mfem_c_kernels/match_results/mass_apply_3d_stage_sliced/debufferized.mlir,13258,8,12,10,808.0455921590328,2,70380,321.04576006531715,28,28,0,40,"[{""body_indices"": [0, 1], ""symbol"": ""cutensornetContraction2_f64""}, {""body_indices"": [2, 3], ""symbol"": ""cutensornetContraction2_f64""}, {""body_indices"": [4, 5], ""symbol"": ""cutensornetContraction2_f64""}, {""body_indices"": [7, 8], ""symbol"": ""cutensornetContraction2_f64""}, {""body_indices"": [9, 10], ""symbol"": ""cutensornetContraction2_f64""}]",5,0,0,0.0,32
mfem_kernel,mass_apply_3d_stage_sliced,/home/arjaiswal/Polygeist/issues/mfem_c_kernels/match_results/mass_apply_3d_stage_sliced/debufferized.mlir,54f650f967f21abdb745ad87919ae2828f593b40073db49b3a7d7c1a9bd77c15,syntactic,4,ok,0,1333.5804417729378,0,"[""/usr/bin/python3"", ""/home/arjaiswal/Polygeist/scripts/correctness/kernel_match_rewrite.py"", ""/home/arjaiswal/Polygeist/issues/mfem_c_kernels/match_results/mass_apply_3d_stage_sliced/debufferized.mlir"", ""--dry-run"", ""--matcher-mode"", ""syntactic"", ""--telemetry-json"", ""/home/arjaiswal/Polygeist/issues/equality_saturation_eval/campaign_20260908/mfem_kernel-mass_apply_3d_stage_sliced-syntactic-ir54fnj7.json"", ""--disable-semantic-fallback""]","== match report for /home/arjaiswal/Polygeist/issues/mfem_c_kernels/match_results/mass_apply_3d_stage_sliced/debufferized.mlir ==
  match          body#[0, 1]  cutensornetContraction2_f64
  match          body#[2, 3]  cutensornetContraction2_f64
  match          body#[4, 5]  cutensornetContraction2_f64
  no_match       body#6  ?
  match          body#[7, 8]  cutensornetContraction2_f64
  match          body#[9, 10]  cutensornetContraction2_f64
  no_match       body#11  ?
  total: 5 matched / 7 bodies
",0,[],0,0,0,0,/home/arjaiswal/Polygeist/issues/mfem_c_kernels/match_results/mass_apply_3d_stage_sliced/debufferized.mlir,13258,0,12,10,422.4638566374779,2,65968,0.16765296459197998,0,28,0,0,"[{""body_indices"": [0, 1], ""symbol"": ""cutensornetContraction2_f64""}, {""body_indices"": [2, 3], ""symbol"": ""cutensornetContraction2_f64""}, {""body_indices"": [4, 5], ""symbol"": ""cutensornetContraction2_f64""}, {""body_indices"": [7, 8], ""symbol"": ""cutensornetContraction2_f64""}, {""body_indices"": [9, 10], ""symbol"": ""cutensornetContraction2_f64""}]",5,0,32,0.0,32
mfem_kernel,mass_apply_3d_stage_sliced,/home/arjaiswal/Polygeist/issues/mfem_c_kernels/match_results/mass_apply_3d_stage_sliced/debufferized.mlir,54f650f967f21abdb745ad87919ae2828f593b40073db49b3a7d7c1a9bd77c15,syntactic,5,ok,0,1587.1866308152676,0,"[""/usr/bin/python3"", ""/home/arjaiswal/Polygeist/scripts/correctness/kernel_match_rewrite.py"", ""/home/arjaiswal/Polygeist/issues/mfem_c_kernels/match_results/mass_apply_3d_stage_sliced/debufferized.mlir"", ""--dry-run"", ""--matcher-mode"", ""syntactic"", ""--telemetry-json"", ""/home/arjaiswal/Polygeist/issues/equality_saturation_eval/campaign_20260908/mfem_kernel-mass_apply_3d_stage_sliced-syntactic-9tjez_l7.json"", ""--disable-semantic-fallback""]","== match report for /home/arjaiswal/Polygeist/issues/mfem_c_kernels/match_results/mass_apply_3d_stage_sliced/debufferized.mlir ==
  match          body#[0, 1]  cutensornetContraction2_f64
  match          body#[2, 3]  cutensornetContraction2_f64
  match          body#[4, 5]  cutensornetContraction2_f64
  no_match       body#6  ?
  match          body#[7, 8]  cutensornetContraction2_f64
  match          body#[9, 10]  cutensornetContraction2_f64
  no_match       body#11  ?
  total: 5 matched / 7 bodies
",0,[],0,0,0,0,/home/arjaiswal/Polygeist/issues/mfem_c_kernels/match_results/mass_apply_3d_stage_sliced/debufferized.mlir,13258,0,12,10,539.0386246144772,2,66072,0.18398836255073547,0,28,0,0,"[{""body_indices"": [0, 1], ""symbol"": ""cutensornetContraction2_f64""}, {""body_indices"": [2, 3], ""symbol"": ""cutensornetContraction2_f64""}, {""body_indices"": [4, 5], ""symbol"": ""cutensornetContraction2_f64""}, {""body_indices"": [7, 8], ""symbol"": ""cutensornetContraction2_f64""}, {""body_indices"": [9, 10], ""symbol"": ""cutensornetContraction2_f64""}]",5,0,32,0.0,32
mfem_kernel,mass_apply_3d_stage_sliced,/home/arjaiswal/Polygeist/issues/mfem_c_kernels/match_results/mass_apply_3d_stage_sliced/debufferized.mlir,54f650f967f21abdb745ad87919ae2828f593b40073db49b3a7d7c1a9bd77c15,egglog,5,ok,0,1989.1149513423443,0,"[""/usr/bin/python3"", ""/home/arjaiswal/Polygeist/scripts/correctness/kernel_match_rewrite.py"", ""/home/arjaiswal/Polygeist/issues/mfem_c_kernels/match_results/mass_apply_3d_stage_sliced/debufferized.mlir"", ""--dry-run"", ""--matcher-mode"", ""egglog"", ""--telemetry-json"", ""/home/arjaiswal/Polygeist/issues/equality_saturation_eval/campaign_20260908/mfem_kernel-mass_apply_3d_stage_sliced-egglog-4427vk1p.json"", ""--disable-semantic-fallback""]","== match report for /home/arjaiswal/Polygeist/issues/mfem_c_kernels/match_results/mass_apply_3d_stage_sliced/debufferized.mlir ==
  match          body#[0, 1]  cutensornetContraction2_f64
  match          body#[2, 3]  cutensornetContraction2_f64
  match          body#[4, 5]  cutensornetContraction2_f64
  no_match       body#6  ?
  match          body#[7, 8]  cutensornetContraction2_f64
  match          body#[9, 10]  cutensornetContraction2_f64
  no_match       body#11  ?
  total: 5 matched / 7 bodies
",0,[],0,0,0,0,/home/arjaiswal/Polygeist/issues/mfem_c_kernels/match_results/mass_apply_3d_stage_sliced/debufferized.mlir,13258,8,12,10,1323.4099000692368,2,70244,601.0718457400799,28,28,0,40,"[{""body_indices"": [0, 1], ""symbol"": ""cutensornetContraction2_f64""}, {""body_indices"": [2, 3], ""symbol"": ""cutensornetContraction2_f64""}, {""body_indices"": [4, 5], ""symbol"": ""cutensornetContraction2_f64""}, {""body_indices"": [7, 8], ""symbol"": ""cutensornetContraction2_f64""}, {""body_indices"": [9, 10], ""symbol"": ""cutensornetContraction2_f64""}]",5,0,0,0.0,32
mfem_application,mfem_app_abs_l1_curlcurl_3d,/home/arjaiswal/Polygeist/issues/mfem_c_kernels/application_extractions/results/mfem_app_abs_l1_curlcurl_3d.debufferized.mlir,28f5c82c4fdc301ebce7a65e8aed9d56aaeaed59a119f19c4207f4f36a9365d5,egglog,1,ok,0,11414.427269250154,0,"[""/usr/bin/python3"", ""/home/arjaiswal/Polygeist/scripts/correctness/kernel_match_rewrite.py"", ""/home/arjaiswal/Polygeist/issues/mfem_c_kernels/application_extractions/results/mfem_app_abs_l1_curlcurl_3d.debufferized.mlir"", ""--dry-run"", ""--matcher-mode"", ""egglog"", ""--telemetry-json"", ""/home/arjaiswal/Polygeist/issues/equality_saturation_eval/campaign_20260908/mfem_application-mfem_app_abs_l1_curlcurl_3d-egglog-p8rs0dka.json"", ""--disable-semantic-fallback""]","on2_f64
  match          body#[16, 17]  cutensornetContraction2_f64
  match          body#[18, 19]  cutensornetContraction2_f64
  match          body#[20, 21]  cutensornetContraction2_f64
  match          body#[22, 23]  cutensornetContraction2_f64
  match          body#[24, 25]  cutensornetContraction2_f64
  match          body#[26, 27]  cutensornetContraction2_f64
  match          body#[28, 29]  cutensornetContraction2_f64
  match          body#[30, 31]  cutensornetContraction2_f64
  match          body#[32, 33]  cutensornetContraction2_f64
  no_match       body#34  ?
  no_match       body#35  ?
  match          body#[36, 37]  cutensornetContraction2_f64
  match          body#[38, 39]  cutensornetContraction2_f64
  no_match       body#40  ?
  no_match       body#41  ?
  match          body#[42, 43]  cutensornetContraction2_f64
  match          body#[44, 45]  cutensornetContraction2_f64
  no_match       body#46  ?
  no_match       body#47  ?
  match          body#[48, 49]  cutensornetContraction2_f64
  match          body#[50, 51]  cutensornetContraction2_f64
  no_match       body#52  ?
  no_match       body#53  ?
  match          body#[54, 55]  cutensornetContraction2_f64
  match          body#[56, 57]  cutensornetContraction2_f64
  no_match       body#58  ?
  no_match       body#59  ?
  match          body#[60, 61]  cutensornetContraction2_f64
  match          body#[62, 63]  cutensornetContraction2_f64
  no_match       body#64  ?
  no_match       body#65  ?
  match          body#[66, 67]  cutensornetContraction2_f64
  match          body#[68, 69]  cutensornetContraction2_f64
  no_match       body#70  ?
  no_match       body#71  ?
  no_match       body#72  ?
  no_match       body#73  ?
  no_match       body#74  ?
  no_match       body#75  ?
  no_match       body#76  ?
  no_match       body#77  ?
  no_match       body#78  ?
  no_match       body#79  ?
  no_match       body#80  ?
  no_match       body#81  ?
  no_match       body#82  ?
  total: 29 matched / 54 bodies
",0,[],0,0,0,0,/home/arjaiswal/Polygeist/issues/mfem_c_kernels/application_extractions/results/mfem_app_abs_l1_curlcurl_3d.debufferized.mlir,97986,8,83,58,8595.88884562254,25,74932,3816.107101738453,300,300,0,232,"[{""body_indices"": [0, 1], ""symbol"": ""cutensornetContraction2_f64""}, {""body_indices"": [2, 3], ""symbol"": ""cutensornetContraction2_f64""}, {""body_indices"": [4, 5], ""symbol"": ""cutensornetContraction2_f64""}, {""body_indices"": [6, 7], ""symbol"": ""cutensornetContraction2_f64""}, {""body_indices"": [8, 9], ""symbol"": ""cutensornetContraction2_f64""}, {""body_indices"": [10, 11], ""symbol"": ""cutensornetContraction2_f64""}, {""body_indices"": [12, 13], ""symbol"": ""cutensornetContraction2_f64""}, {""body_indices"": [14, 15], ""symbol"": ""cutensornetContraction2_f64""}, {""body_indices"": [16, 17], ""symbol"": ""cutensornetContraction2_f64""}, {""body_indices"": [18, 19], ""symbol"": ""cutensornetContraction2_f64""}, {""body_indices"": [20, 21], ""symbol"": ""cutensornetContraction2_f64""}, {""body_indices"": [22, 23], ""symbol"": ""cutensornetContraction2_f64""}, {""body_indices"": [24, 25], ""symbol"": ""cutensornetContraction2_f64""}, {""body_indices"": [26, 27], ""symbol"": ""cutensornetContraction2_f64""}, {""body_indices"": [28, 29], ""symbol"": ""cutensornetContraction2_f64""}, {""body_indices"": [30, 31], ""symbol"": ""cutensornetContraction2_f64""}, {""body_indices"": [32, 33], ""symbol"": ""cutensornetContraction2_f64""}, {""body_indices"": [36, 37], ""symbol"": ""cutensornetContraction2_f64""}, {""body_indices"": [38, 39], ""symbol"": ""cutensornetContraction2_f64""}, {""body_indices"": [42, 43], ""symbol"": ""cutensornetContraction2_f64""}, {""body_indices"": [44, 45], ""symbol"": ""cutensornetContraction2_f64""}, {""body_indices"": [48, 49], ""symbol"": ""cutensornetContraction2_f64""}, {""body_indices"": [50, 51], ""symbol"": ""cutensornetContraction2_f64""}, {""body_indices"": [54, 55], ""symbol"": ""cutensornetContraction2_f64""}, {""body_indices"": [56, 57], ""symbol"": ""cutensornetContraction2_f64""}, {""body_indices"": [60, 61], ""symbol"": ""cutensornetContraction2_f64""}, {""body_indices"": [62, 63], ""symbol"": ""cutensornetContraction2_f64""}, {""body_indices"": [66, 67], ""symbol"": ""cutensornetContraction2_f64""}, {""body_indices"": [68, 69], ""symbol"": ""cutensornetContraction2_f64""}]",29,0,0,0.0,300
mfem_application,mfem_app_abs_l1_curlcurl_3d,/home/arjaiswal/Polygeist/issues/mfem_c_kernels/application_extractions/results/mfem_app_abs_l1_curlcurl_3d.debufferized.mlir,28f5c82c4fdc301ebce7a65e8aed9d56aaeaed59a119f19c4207f4f36a9365d5,syntactic,1,ok,0,7845.208257436752,0,"[""/usr/bin/python3"", ""/home/arjaiswal/Polygeist/scripts/correctness/kernel_match_rewrite.py"", ""/home/arjaiswal/Polygeist/issues/mfem_c_kernels/application_extractions/results/mfem_app_abs_l1_curlcurl_3d.debufferized.mlir"", ""--dry-run"", ""--matcher-mode"", ""syntactic"", ""--telemetry-json"", ""/home/arjaiswal/Polygeist/issues/equality_saturation_eval/campaign_20260908/mfem_application-mfem_app_abs_l1_curlcurl_3d-syntactic-89evv850.json"", ""--disable-semantic-fallback""]","on2_f64
  match          body#[16, 17]  cutensornetContraction2_f64
  match          body#[18, 19]  cutensornetContraction2_f64
  match          body#[20, 21]  cutensornetContraction2_f64
  match          body#[22, 23]  cutensornetContraction2_f64
  match          body#[24, 25]  cutensornetContraction2_f64
  match          body#[26, 27]  cutensornetContraction2_f64
  match          body#[28, 29]  cutensornetContraction2_f64
  match          body#[30, 31]  cutensornetContraction2_f64
  match          body#[32, 33]  cutensornetContraction2_f64
  no_match       body#34  ?
  no_match       body#35  ?
  match          body#[36, 37]  cutensornetContraction2_f64
  match          body#[38, 39]  cutensornetContraction2_f64
  no_match       body#40  ?
  no_match       body#41  ?
  match          body#[42, 43]  cutensornetContraction2_f64
  match          body#[44, 45]  cutensornetContraction2_f64
  no_match       body#46  ?
  no_match       body#47  ?
  match          body#[48, 49]  cutensornetContraction2_f64
  match          body#[50, 51]  cutensornetContraction2_f64
  no_match       body#52  ?
  no_match       body#53  ?
  match          body#[54, 55]  cutensornetContraction2_f64
  match          body#[56, 57]  cutensornetContraction2_f64
  no_match       body#58  ?
  no_match       body#59  ?
  match          body#[60, 61]  cutensornetContraction2_f64
  match          body#[62, 63]  cutensornetContraction2_f64
  no_match       body#64  ?
  no_match       body#65  ?
  match          body#[66, 67]  cutensornetContraction2_f64
  match          body#[68, 69]  cutensornetContraction2_f64
  no_match       body#70  ?
  no_match       body#71  ?
  no_match       body#72  ?
  no_match       body#73  ?
  no_match       body#74  ?
  no_match       body#75  ?
  no_match       body#76  ?
  no_match       body#77  ?
  no_match       body#78  ?
  no_match       body#79  ?
  no_match       body#80  ?
  no_match       body#81  ?
  no_match       body#82  ?
  total: 29 matched / 54 bodies
",0,[],0,0,0,0,/home/arjaiswal/Polygeist/issues/mfem_c_kernels/application_extractions/results/mfem_app_abs_l1_curlcurl_3d.debufferized.mlir,97986,0,83,58,4477.757357060909,25,70984,1.5629008412361145,0,300,0,0,"[{""body_indices"": [0, 1], ""symbol"": ""cutensornetContraction2_f64""}, {""body_indices"": [2, 3], ""symbol"": ""cutensornetContraction2_f64""}, {""body_indices"": [4, 5], ""symbol"": ""cutensornetContraction2_f64""}, {""body_indices"": [6, 7], ""symbol"": ""cutensornetContraction2_f64""}, {""body_indices"": [8, 9], ""symbol"": ""cutensornetContraction2_f64""}, {""body_indices"": [10, 11], ""symbol"": ""cutensornetContraction2_f64""}, {""body_indices"": [12, 13], ""symbol"": ""cutensornetContraction2_f64""}, {""body_indices"": [14, 15], ""symbol"": ""cutensornetContraction2_f64""}, {""body_indices"": [16, 17], ""symbol"": ""cutensornetContraction2_f64""}, {""body_indices"": [18, 19], ""symbol"": ""cutensornetContraction2_f64""}, {""body_indices"": [20, 21], ""symbol"": ""cutensornetContraction2_f64""}, {""body_indices"": [22, 23], ""symbol"": ""cutensornetContraction2_f64""}, {""body_indices"": [24, 25], ""symbol"": ""cutensornetContraction2_f64""}, {""body_indices"": [26, 27], ""symbol"": ""cutensornetContraction2_f64""}, {""body_indices"": [28, 29], ""symbol"": ""cutensornetContraction2_f64""}, {""body_indices"": [30, 31], ""symbol"": ""cutensornetContraction2_f64""}, {""body_indices"": [32, 33], ""symbol"": ""cutensornetContraction2_f64""}, {""body_indices"": [36, 37], ""symbol"": ""cutensornetContraction2_f64""}, {""body_indices"": [38, 39], ""symbol"": ""cutensornetContraction2_f64""}, {""body_indices"": [42, 43], ""symbol"": ""cutensornetContraction2_f64""}, {""body_indices"": [44, 45], ""symbol"": ""cutensornetContraction2_f64""}, {""body_indices"": [48, 49], ""symbol"": ""cutensornetContraction2_f64""}, {""body_indices"": [50, 51], ""symbol"": ""cutensornetContraction2_f64""}, {""body_indices"": [54, 55], ""symbol"": ""cutensornetContraction2_f64""}, {""body_indices"": [56, 57], ""symbol"": ""cutensornetContraction2_f64""}, {""body_indices"": [60, 61], ""symbol"": ""cutensornetContraction2_f64""}, {""body_indices"": [62, 63], ""symbol"": ""cutensornetContraction2_f64""}, {""body_indices"": [66, 67], ""symbol"": ""cutensornetContraction2_f64""}, {""body_indices"": [68, 69], ""symbol"": ""cutensornetContraction2_f64""}]",29,0,300,0.0,300
mfem_application,mfem_app_abs_l1_curlcurl_3d,/home/arjaiswal/Polygeist/issues/mfem_c_kernels/application_extractions/results/mfem_app_abs_l1_curlcurl_3d.debufferized.mlir,28f5c82c4fdc301ebce7a65e8aed9d56aaeaed59a119f19c4207f4f36a9365d5,syntactic,2,ok,0,9957.128524780273,0,"[""/usr/bin/python3"", ""/home/arjaiswal/Polygeist/scripts/correctness/kernel_match_rewrite.py"", ""/home/arjaiswal/Polygeist/issues/mfem_c_kernels/application_extractions/results/mfem_app_abs_l1_curlcurl_3d.debufferized.mlir"", ""--dry-run"", ""--matcher-mode"", ""syntactic"", ""--telemetry-json"", ""/home/arjaiswal/Polygeist/issues/equality_saturation_eval/campaign_20260908/mfem_application-mfem_app_abs_l1_curlcurl_3d-syntactic-m0xi7y23.json"", ""--disable-semantic-fallback""]","on2_f64
  match          body#[16, 17]  cutensornetContraction2_f64
  match          body#[18, 19]  cutensornetContraction2_f64
  match          body#[20, 21]  cutensornetContraction2_f64
  match          body#[22, 23]  cutensornetContraction2_f64
  match          body#[24, 25]  cutensornetContraction2_f64
  match          body#[26, 27]  cutensornetContraction2_f64
  match          body#[28, 29]  cutensornetContraction2_f64
  match          body#[30, 31]  cutensornetContraction2_f64
  match          body#[32, 33]  cutensornetContraction2_f64
  no_match       body#34  ?
  no_match       body#35  ?
  match          body#[36, 37]  cutensornetContraction2_f64
  match          body#[38, 39]  cutensornetContraction2_f64
  no_match       body#40  ?
  no_match       body#41  ?
  match          body#[42, 43]  cutensornetContraction2_f64
  match          body#[44, 45]  cutensornetContraction2_f64
  no_match       body#46  ?
  no_match       body#47  ?
  match          body#[48, 49]  cutensornetContraction2_f64
  match          body#[50, 51]  cutensornetContraction2_f64
  no_match       body#52  ?
  no_match       body#53  ?
  match          body#[54, 55]  cutensornetContraction2_f64
  match          body#[56, 57]  cutensornetContraction2_f64
  no_match       body#58  ?
  no_match       body#59  ?
  match          body#[60, 61]  cutensornetContraction2_f64
  match          body#[62, 63]  cutensornetContraction2_f64
  no_match       body#64  ?
  no_match       body#65  ?
  match          body#[66, 67]  cutensornetContraction2_f64
  match          body#[68, 69]  cutensornetContraction2_f64
  no_match       body#70  ?
  no_match       body#71  ?
  no_match       body#72  ?
  no_match       body#73  ?
  no_match       body#74  ?
  no_match       body#75  ?
  no_match       body#76  ?
  no_match       body#77  ?
  no_match       body#78  ?
  no_match       body#79  ?
  no_match       body#80  ?
  no_match       body#81  ?
  no_match       body#82  ?
  total: 29 matched / 54 bodies
",0,[],0,0,0,0,/home/arjaiswal/Polygeist/issues/mfem_c_kernels/application_extractions/results/mfem_app_abs_l1_curlcurl_3d.debufferized.mlir,97986,0,83,58,5943.072564899921,25,70940,1.6455575823783875,0,300,0,0,"[{""body_indices"": [0, 1], ""symbol"": ""cutensornetContraction2_f64""}, {""body_indices"": [2, 3], ""symbol"": ""cutensornetContraction2_f64""}, {""body_indices"": [4, 5], ""symbol"": ""cutensornetContraction2_f64""}, {""body_indices"": [6, 7], ""symbol"": ""cutensornetContraction2_f64""}, {""body_indices"": [8, 9], ""symbol"": ""cutensornetContraction2_f64""}, {""body_indices"": [10, 11], ""symbol"": ""cutensornetContraction2_f64""}, {""body_indices"": [12, 13], ""symbol"": ""cutensornetContraction2_f64""}, {""body_indices"": [14, 15], ""symbol"": ""cutensornetContraction2_f64""}, {""body_indices"": [16, 17], ""symbol"": ""cutensornetContraction2_f64""}, {""body_indices"": [18, 19], ""symbol"": ""cutensornetContraction2_f64""}, {""body_indices"": [20, 21], ""symbol"": ""cutensornetContraction2_f64""}, {""body_indices"": [22, 23], ""symbol"": ""cutensornetContraction2_f64""}, {""body_indices"": [24, 25], ""symbol"": ""cutensornetContraction2_f64""}, {""body_indices"": [26, 27], ""symbol"": ""cutensornetContraction2_f64""}, {""body_indices"": [28, 29], ""symbol"": ""cutensornetContraction2_f64""}, {""body_indices"": [30, 31], ""symbol"": ""cutensornetContraction2_f64""}, {""body_indices"": [32, 33], ""symbol"": ""cutensornetContraction2_f64""}, {""body_indices"": [36, 37], ""symbol"": ""cutensornetContraction2_f64""}, {""body_indices"": [38, 39], ""symbol"": ""cutensornetContraction2_f64""}, {""body_indices"": [42, 43], ""symbol"": ""cutensornetContraction2_f64""}, {""body_indices"": [44, 45], ""symbol"": ""cutensornetContraction2_f64""}, {""body_indices"": [48, 49], ""symbol"": ""cutensornetContraction2_f64""}, {""body_indices"": [50, 51], ""symbol"": ""cutensornetContraction2_f64""}, {""body_indices"": [54, 55], ""symbol"": ""cutensornetContraction2_f64""}, {""body_indices"": [56, 57], ""symbol"": ""cutensornetContraction2_f64""}, {""body_indices"": [60, 61], ""symbol"": ""cutensornetContraction2_f64""}, {""body_indices"": [62, 63], ""symbol"": ""cutensornetContraction2_f64""}, {""body_indices"": [66, 67], ""symbol"": ""cutensornetContraction2_f64""}, {""body_indices"": [68, 69], ""symbol"": ""cutensornetContraction2_f64""}]",29,0,300,0.0,300
mfem_application,mfem_app_abs_l1_curlcurl_3d,/home/arjaiswal/Polygeist/issues/mfem_c_kernels/application_extractions/results/mfem_app_abs_l1_curlcurl_3d.debufferized.mlir,28f5c82c4fdc301ebce7a65e8aed9d56aaeaed59a119f19c4207f4f36a9365d5,egglog,2,ok,0,11559.338591992855,0,"[""/usr/bin/python3"", ""/home/arjaiswal/Polygeist/scripts/correctness/kernel_match_rewrite.py"", ""/home/arjaiswal/Polygeist/issues/mfem_c_kernels/application_extractions/results/mfem_app_abs_l1_curlcurl_3d.debufferized.mlir"", ""--dry-run"", ""--matcher-mode"", ""egglog"", ""--telemetry-json"", ""/home/arjaiswal/Polygeist/issues/equality_saturation_eval/campaign_20260908/mfem_application-mfem_app_abs_l1_curlcurl_3d-egglog-5y_sgunm.json"", ""--disable-semantic-fallback""]","on2_f64
  match          body#[16, 17]  cutensornetContraction2_f64
  match          body#[18, 19]  cutensornetContraction2_f64
  match          body#[20, 21]  cutensornetContraction2_f64
  match          body#[22, 23]  cutensornetContraction2_f64
  match          body#[24, 25]  cutensornetContraction2_f64
  match          body#[26, 27]  cutensornetContraction2_f64
  match          body#[28, 29]  cutensornetContraction2_f64
  match          body#[30, 31]  cutensornetContraction2_f64
  match          body#[32, 33]  cutensornetContraction2_f64
  no_match       body#34  ?
  no_match       body#35  ?
  match          body#[36, 37]  cutensornetContraction2_f64
  match          body#[38, 39]  cutensornetContraction2_f64
  no_match       body#40  ?
  no_match       body#41  ?
  match          body#[42, 43]  cutensornetContraction2_f64
  match          body#[44, 45]  cutensornetContraction2_f64
  no_match       body#46  ?
  no_match       body#47  ?
  match          body#[48, 49]  cutensornetContraction2_f64
  match          body#[50, 51]  cutensornetContraction2_f64
  no_match       body#52  ?
  no_match       body#53  ?
  match          body#[54, 55]  cutensornetContraction2_f64
  match          body#[56, 57]  cutensornetContraction2_f64
  no_match       body#58  ?
  no_match       body#59  ?
  match          body#[60, 61]  cutensornetContraction2_f64
  match          body#[62, 63]  cutensornetContraction2_f64
  no_match       body#64  ?
  no_match       body#65  ?
  match          body#[66, 67]  cutensornetContraction2_f64
  match          body#[68, 69]  cutensornetContraction2_f64
  no_match       body#70  ?
  no_match       body#71  ?
  no_match       body#72  ?
  no_match       body#73  ?
  no_match       body#74  ?
  no_match       body#75  ?
  no_match       body#76  ?
  no_match       body#77  ?
  no_match       body#78  ?
  no_match       body#79  ?
  no_match       body#80  ?
  no_match       body#81  ?
  no_match       body#82  ?
  total: 29 matched / 54 bodies
",0,[],0,0,0,0,/home/arjaiswal/Polygeist/issues/mfem_c_kernels/application_extractions/results/mfem_app_abs_l1_curlcurl_3d.debufferized.mlir,97986,8,83,58,8256.970014423132,25,74564,3812.9072226583958,300,300,0,232,"[{""body_indices"": [0, 1], ""symbol"": ""cutensornetContraction2_f64""}, {""body_indices"": [2, 3], ""symbol"": ""cutensornetContraction2_f64""}, {""body_indices"": [4, 5], ""symbol"": ""cutensornetContraction2_f64""}, {""body_indices"": [6, 7], ""symbol"": ""cutensornetContraction2_f64""}, {""body_indices"": [8, 9], ""symbol"": ""cutensornetContraction2_f64""}, {""body_indices"": [10, 11], ""symbol"": ""cutensornetContraction2_f64""}, {""body_indices"": [12, 13], ""symbol"": ""cutensornetContraction2_f64""}, {""body_indices"": [14, 15], ""symbol"": ""cutensornetContraction2_f64""}, {""body_indices"": [16, 17], ""symbol"": ""cutensornetContraction2_f64""}, {""body_indices"": [18, 19], ""symbol"": ""cutensornetContraction2_f64""}, {""body_indices"": [20, 21], ""symbol"": ""cutensornetContraction2_f64""}, {""body_indices"": [22, 23], ""symbol"": ""cutensornetContraction2_f64""}, {""body_indices"": [24, 25], ""symbol"": ""cutensornetContraction2_f64""}, {""body_indices"": [26, 27], ""symbol"": ""cutensornetContraction2_f64""}, {""body_indices"": [28, 29], ""symbol"": ""cutensornetContraction2_f64""}, {""body_indices"": [30, 31], ""symbol"": ""cutensornetContraction2_f64""}, {""body_indices"": [32, 33], ""symbol"": ""cutensornetContraction2_f64""}, {""body_indices"": [36, 37], ""symbol"": ""cutensornetContraction2_f64""}, {""body_indices"": [38, 39], ""symbol"": ""cutensornetContraction2_f64""}, {""body_indices"": [42, 43], ""symbol"": ""cutensornetContraction2_f64""}, {""body_indices"": [44, 45], ""symbol"": ""cutensornetContraction2_f64""}, {""body_indices"": [48, 49], ""symbol"": ""cutensornetContraction2_f64""}, {""body_indices"": [50, 51], ""symbol"": ""cutensornetContraction2_f64""}, {""body_indices"": [54, 55], ""symbol"": ""cutensornetContraction2_f64""}, {""body_indices"": [56, 57], ""symbol"": ""cutensornetContraction2_f64""}, {""body_indices"": [60, 61], ""symbol"": ""cutensornetContraction2_f64""}, {""body_indices"": [62, 63], ""symbol"": ""cutensornetContraction2_f64""}, {""body_indices"": [66, 67], ""symbol"": ""cutensornetContraction2_f64""}, {""body_indices"": [68, 69], ""symbol"": ""cutensornetContraction2_f64""}]",29,0,0,0.0,300
mfem_application,mfem_app_abs_l1_curlcurl_3d,/home/arjaiswal/Polygeist/issues/mfem_c_kernels/application_extractions/results/mfem_app_abs_l1_curlcurl_3d.debufferized.mlir,28f5c82c4fdc301ebce7a65e8aed9d56aaeaed59a119f19c4207f4f36a9365d5,egglog,3,ok,0,17268.184274435043,0,"[""/usr/bin/python3"", ""/home/arjaiswal/Polygeist/scripts/correctness/kernel_match_rewrite.py"", ""/home/arjaiswal/Polygeist/issues/mfem_c_kernels/application_extractions/results/mfem_app_abs_l1_curlcurl_3d.debufferized.mlir"", ""--dry-run"", ""--matcher-mode"", ""egglog"", ""--telemetry-json"", ""/home/arjaiswal/Polygeist/issues/equality_saturation_eval/campaign_20260908/mfem_application-mfem_app_abs_l1_curlcurl_3d-egglog-hz7l0qtk.json"", ""--disable-semantic-fallback""]","on2_f64
  match          body#[16, 17]  cutensornetContraction2_f64
  match          body#[18, 19]  cutensornetContraction2_f64
  match          body#[20, 21]  cutensornetContraction2_f64
  match          body#[22, 23]  cutensornetContraction2_f64
  match          body#[24, 25]  cutensornetContraction2_f64
  match          body#[26, 27]  cutensornetContraction2_f64
  match          body#[28, 29]  cutensornetContraction2_f64
  match          body#[30, 31]  cutensornetContraction2_f64
  match          body#[32, 33]  cutensornetContraction2_f64
  no_match       body#34  ?
  no_match       body#35  ?
  match          body#[36, 37]  cutensornetContraction2_f64
  match          body#[38, 39]  cutensornetContraction2_f64
  no_match       body#40  ?
  no_match       body#41  ?
  match          body#[42, 43]  cutensornetContraction2_f64
  match          body#[44, 45]  cutensornetContraction2_f64
  no_match       body#46  ?
  no_match       body#47  ?
  match          body#[48, 49]  cutensornetContraction2_f64
  match          body#[50, 51]  cutensornetContraction2_f64
  no_match       body#52  ?
  no_match       body#53  ?
  match          body#[54, 55]  cutensornetContraction2_f64
  match          body#[56, 57]  cutensornetContraction2_f64
  no_match       body#58  ?
  no_match       body#59  ?
  match          body#[60, 61]  cutensornetContraction2_f64
  match          body#[62, 63]  cutensornetContraction2_f64
  no_match       body#64  ?
  no_match       body#65  ?
  match          body#[66, 67]  cutensornetContraction2_f64
  match          body#[68, 69]  cutensornetContraction2_f64
  no_match       body#70  ?
  no_match       body#71  ?
  no_match       body#72  ?
  no_match       body#73  ?
  no_match       body#74  ?
  no_match       body#75  ?
  no_match       body#76  ?
  no_match       body#77  ?
  no_match       body#78  ?
  no_match       body#79  ?
  no_match       body#80  ?
  no_match       body#81  ?
  no_match       body#82  ?
  total: 29 matched / 54 bodies
",0,[],0,0,0,0,/home/arjaiswal/Polygeist/issues/mfem_c_kernels/application_extractions/results/mfem_app_abs_l1_curlcurl_3d.debufferized.mlir,97986,8,83,58,12714.265450835228,25,74500,5761.056672781706,300,300,0,232,"[{""body_indices"": [0, 1], ""symbol"": ""cutensornetContraction2_f64""}, {""body_indices"": [2, 3], ""symbol"": ""cutensornetContraction2_f64""}, {""body_indices"": [4, 5], ""symbol"": ""cutensornetContraction2_f64""}, {""body_indices"": [6, 7], ""symbol"": ""cutensornetContraction2_f64""}, {""body_indices"": [8, 9], ""symbol"": ""cutensornetContraction2_f64""}, {""body_indices"": [10, 11], ""symbol"": ""cutensornetContraction2_f64""}, {""body_indices"": [12, 13], ""symbol"": ""cutensornetContraction2_f64""}, {""body_indices"": [14, 15], ""symbol"": ""cutensornetContraction2_f64""}, {""body_indices"": [16, 17], ""symbol"": ""cutensornetContraction2_f64""}, {""body_indices"": [18, 19], ""symbol"": ""cutensornetContraction2_f64""}, {""body_indices"": [20, 21], ""symbol"": ""cutensornetContraction2_f64""}, {""body_indices"": [22, 23], ""symbol"": ""cutensornetContraction2_f64""}, {""body_indices"": [24, 25], ""symbol"": ""cutensornetContraction2_f64""}, {""body_indices"": [26, 27], ""symbol"": ""cutensornetContraction2_f64""}, {""body_indices"": [28, 29], ""symbol"": ""cutensornetContraction2_f64""}, {""body_indices"": [30, 31], ""symbol"": ""cutensornetContraction2_f64""}, {""body_indices"": [32, 33], ""symbol"": ""cutensornetContraction2_f64""}, {""body_indices"": [36, 37], ""symbol"": ""cutensornetContraction2_f64""}, {""body_indices"": [38, 39], ""symbol"": ""cutensornetContraction2_f64""}, {""body_indices"": [42, 43], ""symbol"": ""cutensornetContraction2_f64""}, {""body_indices"": [44, 45], ""symbol"": ""cutensornetContraction2_f64""}, {""body_indices"": [48, 49], ""symbol"": ""cutensornetContraction2_f64""}, {""body_indices"": [50, 51], ""symbol"": ""cutensornetContraction2_f64""}, {""body_indices"": [54, 55], ""symbol"": ""cutensornetContraction2_f64""}, {""body_indices"": [56, 57], ""symbol"": ""cutensornetContraction2_f64""}, {""body_indices"": [60, 61], ""symbol"": ""cutensornetContraction2_f64""}, {""body_indices"": [62, 63], ""symbol"": ""cutensornetContraction2_f64""}, {""body_indices"": [66, 67], ""symbol"": ""cutensornetContraction2_f64""}, {""body_indices"": [68, 69], ""symbol"": ""cutensornetContraction2_f64""}]",29,0,0,0.0,300
mfem_application,mfem_app_abs_l1_curlcurl_3d,/home/arjaiswal/Polygeist/issues/mfem_c_kernels/application_extractions/results/mfem_app_abs_l1_curlcurl_3d.debufferized.mlir,28f5c82c4fdc301ebce7a65e8aed9d56aaeaed59a119f19c4207f4f36a9365d5,syntactic,3,ok,0,9221.975948661566,0,"[""/usr/bin/python3"", ""/home/arjaiswal/Polygeist/scripts/correctness/kernel_match_rewrite.py"", ""/home/arjaiswal/Polygeist/issues/mfem_c_kernels/application_extractions/results/mfem_app_abs_l1_curlcurl_3d.debufferized.mlir"", ""--dry-run"", ""--matcher-mode"", ""syntactic"", ""--telemetry-json"", ""/home/arjaiswal/Polygeist/issues/equality_saturation_eval/campaign_20260908/mfem_application-mfem_app_abs_l1_curlcurl_3d-syntactic-m6aus24l.json"", ""--disable-semantic-fallback""]","on2_f64
  match          body#[16, 17]  cutensornetContraction2_f64
  match          body#[18, 19]  cutensornetContraction2_f64
  match          body#[20, 21]  cutensornetContraction2_f64
  match          body#[22, 23]  cutensornetContraction2_f64
  match          body#[24, 25]  cutensornetContraction2_f64
  match          body#[26, 27]  cutensornetContraction2_f64
  match          body#[28, 29]  cutensornetContraction2_f64
  match          body#[30, 31]  cutensornetContraction2_f64
  match          body#[32, 33]  cutensornetContraction2_f64
  no_match       body#34  ?
  no_match       body#35  ?
  match          body#[36, 37]  cutensornetContraction2_f64
  match          body#[38, 39]  cutensornetContraction2_f64
  no_match       body#40  ?
  no_match       body#41  ?
  match          body#[42, 43]  cutensornetContraction2_f64
  match          body#[44, 45]  cutensornetContraction2_f64
  no_match       body#46  ?
  no_match       body#47  ?
  match          body#[48, 49]  cutensornetContraction2_f64
  match          body#[50, 51]  cutensornetContraction2_f64
  no_match       body#52  ?
  no_match       body#53  ?
  match          body#[54, 55]  cutensornetContraction2_f64
  match          body#[56, 57]  cutensornetContraction2_f64
  no_match       body#58  ?
  no_match       body#59  ?
  match          body#[60, 61]  cutensornetContraction2_f64
  match          body#[62, 63]  cutensornetContraction2_f64
  no_match       body#64  ?
  no_match       body#65  ?
  match          body#[66, 67]  cutensornetContraction2_f64
  match          body#[68, 69]  cutensornetContraction2_f64
  no_match       body#70  ?
  no_match       body#71  ?
  no_match       body#72  ?
  no_match       body#73  ?
  no_match       body#74  ?
  no_match       body#75  ?
  no_match       body#76  ?
  no_match       body#77  ?
  no_match       body#78  ?
  no_match       body#79  ?
  no_match       body#80  ?
  no_match       body#81  ?
  no_match       body#82  ?
  total: 29 matched / 54 bodies
",0,[],0,0,0,0,/home/arjaiswal/Polygeist/issues/mfem_c_kernels/application_extractions/results/mfem_app_abs_l1_curlcurl_3d.debufferized.mlir,97986,0,83,58,5812.440857291222,25,70652,1.5290938317775726,0,300,0,0,"[{""body_indices"": [0, 1], ""symbol"": ""cutensornetContraction2_f64""}, {""body_indices"": [2, 3], ""symbol"": ""cutensornetContraction2_f64""}, {""body_indices"": [4, 5], ""symbol"": ""cutensornetContraction2_f64""}, {""body_indices"": [6, 7], ""symbol"": ""cutensornetContraction2_f64""}, {""body_indices"": [8, 9], ""symbol"": ""cutensornetContraction2_f64""}, {""body_indices"": [10, 11], ""symbol"": ""cutensornetContraction2_f64""}, {""body_indices"": [12, 13], ""symbol"": ""cutensornetContraction2_f64""}, {""body_indices"": [14, 15], ""symbol"": ""cutensornetContraction2_f64""}, {""body_indices"": [16, 17], ""symbol"": ""cutensornetContraction2_f64""}, {""body_indices"": [18, 19], ""symbol"": ""cutensornetContraction2_f64""}, {""body_indices"": [20, 21], ""symbol"": ""cutensornetContraction2_f64""}, {""body_indices"": [22, 23], ""symbol"": ""cutensornetContraction2_f64""}, {""body_indices"": [24, 25], ""symbol"": ""cutensornetContraction2_f64""}, {""body_indices"": [26, 27], ""symbol"": ""cutensornetContraction2_f64""}, {""body_indices"": [28, 29], ""symbol"": ""cutensornetContraction2_f64""}, {""body_indices"": [30, 31], ""symbol"": ""cutensornetContraction2_f64""}, {""body_indices"": [32, 33], ""symbol"": ""cutensornetContraction2_f64""}, {""body_indices"": [36, 37], ""symbol"": ""cutensornetContraction2_f64""}, {""body_indices"": [38, 39], ""symbol"": ""cutensornetContraction2_f64""}, {""body_indices"": [42, 43], ""symbol"": ""cutensornetContraction2_f64""}, {""body_indices"": [44, 45], ""symbol"": ""cutensornetContraction2_f64""}, {""body_indices"": [48, 49], ""symbol"": ""cutensornetContraction2_f64""}, {""body_indices"": [50, 51], ""symbol"": ""cutensornetContraction2_f64""}, {""body_indices"": [54, 55], ""symbol"": ""cutensornetContraction2_f64""}, {""body_indices"": [56, 57], ""symbol"": ""cutensornetContraction2_f64""}, {""body_indices"": [60, 61], ""symbol"": ""cutensornetContraction2_f64""}, {""body_indices"": [62, 63], ""symbol"": ""cutensornetContraction2_f64""}, {""body_indices"": [66, 67], ""symbol"": ""cutensornetContraction2_f64""}, {""body_indices"": [68, 69], ""symbol"": ""cutensornetContraction2_f64""}]",29,0,300,0.0,300
mfem_application,mfem_app_abs_l1_curlcurl_3d,/home/arjaiswal/Polygeist/issues/mfem_c_kernels/application_extractions/results/mfem_app_abs_l1_curlcurl_3d.debufferized.mlir,28f5c82c4fdc301ebce7a65e8aed9d56aaeaed59a119f19c4207f4f36a9365d5,syntactic,4,ok,0,8372.819911688566,0,"[""/usr/bin/python3"", ""/home/arjaiswal/Polygeist/scripts/correctness/kernel_match_rewrite.py"", ""/home/arjaiswal/Polygeist/issues/mfem_c_kernels/application_extractions/results/mfem_app_abs_l1_curlcurl_3d.debufferized.mlir"", ""--dry-run"", ""--matcher-mode"", ""syntactic"", ""--telemetry-json"", ""/home/arjaiswal/Polygeist/issues/equality_saturation_eval/campaign_20260908/mfem_application-mfem_app_abs_l1_curlcurl_3d-syntactic-mb50x6gr.json"", ""--disable-semantic-fallback""]","on2_f64
  match          body#[16, 17]  cutensornetContraction2_f64
  match          body#[18, 19]  cutensornetContraction2_f64
  match          body#[20, 21]  cutensornetContraction2_f64
  match          body#[22, 23]  cutensornetContraction2_f64
  match          body#[24, 25]  cutensornetContraction2_f64
  match          body#[26, 27]  cutensornetContraction2_f64
  match          body#[28, 29]  cutensornetContraction2_f64
  match          body#[30, 31]  cutensornetContraction2_f64
  match          body#[32, 33]  cutensornetContraction2_f64
  no_match       body#34  ?
  no_match       body#35  ?
  match          body#[36, 37]  cutensornetContraction2_f64
  match          body#[38, 39]  cutensornetContraction2_f64
  no_match       body#40  ?
  no_match       body#41  ?
  match          body#[42, 43]  cutensornetContraction2_f64
  match          body#[44, 45]  cutensornetContraction2_f64
  no_match       body#46  ?
  no_match       body#47  ?
  match          body#[48, 49]  cutensornetContraction2_f64
  match          body#[50, 51]  cutensornetContraction2_f64
  no_match       body#52  ?
  no_match       body#53  ?
  match          body#[54, 55]  cutensornetContraction2_f64
  match          body#[56, 57]  cutensornetContraction2_f64
  no_match       body#58  ?
  no_match       body#59  ?
  match          body#[60, 61]  cutensornetContraction2_f64
  match          body#[62, 63]  cutensornetContraction2_f64
  no_match       body#64  ?
  no_match       body#65  ?
  match          body#[66, 67]  cutensornetContraction2_f64
  match          body#[68, 69]  cutensornetContraction2_f64
  no_match       body#70  ?
  no_match       body#71  ?
  no_match       body#72  ?
  no_match       body#73  ?
  no_match       body#74  ?
  no_match       body#75  ?
  no_match       body#76  ?
  no_match       body#77  ?
  no_match       body#78  ?
  no_match       body#79  ?
  no_match       body#80  ?
  no_match       body#81  ?
  no_match       body#82  ?
  total: 29 matched / 54 bodies
",0,[],0,0,0,0,/home/arjaiswal/Polygeist/issues/mfem_c_kernels/application_extractions/results/mfem_app_abs_l1_curlcurl_3d.debufferized.mlir,97986,0,83,58,4920.758068561554,25,70784,1.5496350824832916,0,300,0,0,"[{""body_indices"": [0, 1], ""symbol"": ""cutensornetContraction2_f64""}, {""body_indices"": [2, 3], ""symbol"": ""cutensornetContraction2_f64""}, {""body_indices"": [4, 5], ""symbol"": ""cutensornetContraction2_f64""}, {""body_indices"": [6, 7], ""symbol"": ""cutensornetContraction2_f64""}, {""body_indices"": [8, 9], ""symbol"": ""cutensornetContraction2_f64""}, {""body_indices"": [10, 11], ""symbol"": ""cutensornetContraction2_f64""}, {""body_indices"": [12, 13], ""symbol"": ""cutensornetContraction2_f64""}, {""body_indices"": [14, 15], ""symbol"": ""cutensornetContraction2_f64""}, {""body_indices"": [16, 17], ""symbol"": ""cutensornetContraction2_f64""}, {""body_indices"": [18, 19], ""symbol"": ""cutensornetContraction2_f64""}, {""body_indices"": [20, 21], ""symbol"": ""cutensornetContraction2_f64""}, {""body_indices"": [22, 23], ""symbol"": ""cutensornetContraction2_f64""}, {""body_indices"": [24, 25], ""symbol"": ""cutensornetContraction2_f64""}, {""body_indices"": [26, 27], ""symbol"": ""cutensornetContraction2_f64""}, {""body_indices"": [28, 29], ""symbol"": ""cutensornetContraction2_f64""}, {""body_indices"": [30, 31], ""symbol"": ""cutensornetContraction2_f64""}, {""body_indices"": [32, 33], ""symbol"": ""cutensornetContraction2_f64""}, {""body_indices"": [36, 37], ""symbol"": ""cutensornetContraction2_f64""}, {""body_indices"": [38, 39], ""symbol"": ""cutensornetContraction2_f64""}, {""body_indices"": [42, 43], ""symbol"": ""cutensornetContraction2_f64""}, {""body_indices"": [44, 45], ""symbol"": ""cutensornetContraction2_f64""}, {""body_indices"": [48, 49], ""symbol"": ""cutensornetContraction2_f64""}, {""body_indices"": [50, 51], ""symbol"": ""cutensornetContraction2_f64""}, {""body_indices"": [54, 55], ""symbol"": ""cutensornetContraction2_f64""}, {""body_indices"": [56, 57], ""symbol"": ""cutensornetContraction2_f64""}, {""body_indices"": [60, 61], ""symbol"": ""cutensornetContraction2_f64""}, {""body_indices"": [62, 63], ""symbol"": ""cutensornetContraction2_f64""}, {""body_indices"": [66, 67], ""symbol"": ""cutensornetContraction2_f64""}, {""body_indices"": [68, 69], ""symbol"": ""cutensornetContraction2_f64""}]",29,0,300,0.0,300
mfem_application,mfem_app_abs_l1_curlcurl_3d,/home/arjaiswal/Polygeist/issues/mfem_c_kernels/application_extractions/results/mfem_app_abs_l1_curlcurl_3d.debufferized.mlir,28f5c82c4fdc301ebce7a65e8aed9d56aaeaed59a119f19c4207f4f36a9365d5,egglog,4,ok,0,16980.990272015333,0,"[""/usr/bin/python3"", ""/home/arjaiswal/Polygeist/scripts/correctness/kernel_match_rewrite.py"", ""/home/arjaiswal/Polygeist/issues/mfem_c_kernels/application_extractions/results/mfem_app_abs_l1_curlcurl_3d.debufferized.mlir"", ""--dry-run"", ""--matcher-mode"", ""egglog"", ""--telemetry-json"", ""/home/arjaiswal/Polygeist/issues/equality_saturation_eval/campaign_20260908/mfem_application-mfem_app_abs_l1_curlcurl_3d-egglog-zfpxb257.json"", ""--disable-semantic-fallback""]","on2_f64
  match          body#[16, 17]  cutensornetContraction2_f64
  match          body#[18, 19]  cutensornetContraction2_f64
  match          body#[20, 21]  cutensornetContraction2_f64
  match          body#[22, 23]  cutensornetContraction2_f64
  match          body#[24, 25]  cutensornetContraction2_f64
  match          body#[26, 27]  cutensornetContraction2_f64
  match          body#[28, 29]  cutensornetContraction2_f64
  match          body#[30, 31]  cutensornetContraction2_f64
  match          body#[32, 33]  cutensornetContraction2_f64
  no_match       body#34  ?
  no_match       body#35  ?
  match          body#[36, 37]  cutensornetContraction2_f64
  match          body#[38, 39]  cutensornetContraction2_f64
  no_match       body#40  ?
  no_match       body#41  ?
  match          body#[42, 43]  cutensornetContraction2_f64
  match          body#[44, 45]  cutensornetContraction2_f64
  no_match       body#46  ?
  no_match       body#47  ?
  match          body#[48, 49]  cutensornetContraction2_f64
  match          body#[50, 51]  cutensornetContraction2_f64
  no_match       body#52  ?
  no_match       body#53  ?
  match          body#[54, 55]  cutensornetContraction2_f64
  match          body#[56, 57]  cutensornetContraction2_f64
  no_match       body#58  ?
  no_match       body#59  ?
  match          body#[60, 61]  cutensornetContraction2_f64
  match          body#[62, 63]  cutensornetContraction2_f64
  no_match       body#64  ?
  no_match       body#65  ?
  match          body#[66, 67]  cutensornetContraction2_f64
  match          body#[68, 69]  cutensornetContraction2_f64
  no_match       body#70  ?
  no_match       body#71  ?
  no_match       body#72  ?
  no_match       body#73  ?
  no_match       body#74  ?
  no_match       body#75  ?
  no_match       body#76  ?
  no_match       body#77  ?
  no_match       body#78  ?
  no_match       body#79  ?
  no_match       body#80  ?
  no_match       body#81  ?
  no_match       body#82  ?
  total: 29 matched / 54 bodies
",0,[],0,0,0,0,/home/arjaiswal/Polygeist/issues/mfem_c_kernels/application_extractions/results/mfem_app_abs_l1_curlcurl_3d.debufferized.mlir,97986,8,83,58,12572.638887912035,25,74652,5201.435010880232,300,300,0,232,"[{""body_indices"": [0, 1], ""symbol"": ""cutensornetContraction2_f64""}, {""body_indices"": [2, 3], ""symbol"": ""cutensornetContraction2_f64""}, {""body_indices"": [4, 5], ""symbol"": ""cutensornetContraction2_f64""}, {""body_indices"": [6, 7], ""symbol"": ""cutensornetContraction2_f64""}, {""body_indices"": [8, 9], ""symbol"": ""cutensornetContraction2_f64""}, {""body_indices"": [10, 11], ""symbol"": ""cutensornetContraction2_f64""}, {""body_indices"": [12, 13], ""symbol"": ""cutensornetContraction2_f64""}, {""body_indices"": [14, 15], ""symbol"": ""cutensornetContraction2_f64""}, {""body_indices"": [16, 17], ""symbol"": ""cutensornetContraction2_f64""}, {""body_indices"": [18, 19], ""symbol"": ""cutensornetContraction2_f64""}, {""body_indices"": [20, 21], ""symbol"": ""cutensornetContraction2_f64""}, {""body_indices"": [22, 23], ""symbol"": ""cutensornetContraction2_f64""}, {""body_indices"": [24, 25], ""symbol"": ""cutensornetContraction2_f64""}, {""body_indices"": [26, 27], ""symbol"": ""cutensornetContraction2_f64""}, {""body_indices"": [28, 29], ""symbol"": ""cutensornetContraction2_f64""}, {""body_indices"": [30, 31], ""symbol"": ""cutensornetContraction2_f64""}, {""body_indices"": [32, 33], ""symbol"": ""cutensornetContraction2_f64""}, {""body_indices"": [36, 37], ""symbol"": ""cutensornetContraction2_f64""}, {""body_indices"": [38, 39], ""symbol"": ""cutensornetContraction2_f64""}, {""body_indices"": [42, 43], ""symbol"": ""cutensornetContraction2_f64""}, {""body_indices"": [44, 45], ""symbol"": ""cutensornetContraction2_f64""}, {""body_indices"": [48, 49], ""symbol"": ""cutensornetContraction2_f64""}, {""body_indices"": [50, 51], ""symbol"": ""cutensornetContraction2_f64""}, {""body_indices"": [54, 55], ""symbol"": ""cutensornetContraction2_f64""}, {""body_indices"": [56, 57], ""symbol"": ""cutensornetContraction2_f64""}, {""body_indices"": [60, 61], ""symbol"": ""cutensornetContraction2_f64""}, {""body_indices"": [62, 63], ""symbol"": ""cutensornetContraction2_f64""}, {""body_indices"": [66, 67], ""symbol"": ""cutensornetContraction2_f64""}, {""body_indices"": [68, 69], ""symbol"": ""cutensornetContraction2_f64""}]",29,0,0,0.0,300
mfem_application,mfem_app_abs_l1_curlcurl_3d,/home/arjaiswal/Polygeist/issues/mfem_c_kernels/application_extractions/results/mfem_app_abs_l1_curlcurl_3d.debufferized.mlir,28f5c82c4fdc301ebce7a65e8aed9d56aaeaed59a119f19c4207f4f36a9365d5,egglog,5,ok,0,14758.092019706964,0,"[""/usr/bin/python3"", ""/home/arjaiswal/Polygeist/scripts/correctness/kernel_match_rewrite.py"", ""/home/arjaiswal/Polygeist/issues/mfem_c_kernels/application_extractions/results/mfem_app_abs_l1_curlcurl_3d.debufferized.mlir"", ""--dry-run"", ""--matcher-mode"", ""egglog"", ""--telemetry-json"", ""/home/arjaiswal/Polygeist/issues/equality_saturation_eval/campaign_20260908/mfem_application-mfem_app_abs_l1_curlcurl_3d-egglog-4inh5nwy.json"", ""--disable-semantic-fallback""]","on2_f64
  match          body#[16, 17]  cutensornetContraction2_f64
  match          body#[18, 19]  cutensornetContraction2_f64
  match          body#[20, 21]  cutensornetContraction2_f64
  match          body#[22, 23]  cutensornetContraction2_f64
  match          body#[24, 25]  cutensornetContraction2_f64
  match          body#[26, 27]  cutensornetContraction2_f64
  match          body#[28, 29]  cutensornetContraction2_f64
  match          body#[30, 31]  cutensornetContraction2_f64
  match          body#[32, 33]  cutensornetContraction2_f64
  no_match       body#34  ?
  no_match       body#35  ?
  match          body#[36, 37]  cutensornetContraction2_f64
  match          body#[38, 39]  cutensornetContraction2_f64
  no_match       body#40  ?
  no_match       body#41  ?
  match          body#[42, 43]  cutensornetContraction2_f64
  match          body#[44, 45]  cutensornetContraction2_f64
  no_match       body#46  ?
  no_match       body#47  ?
  match          body#[48, 49]  cutensornetContraction2_f64
  match          body#[50, 51]  cutensornetContraction2_f64
  no_match       body#52  ?
  no_match       body#53  ?
  match          body#[54, 55]  cutensornetContraction2_f64
  match          body#[56, 57]  cutensornetContraction2_f64
  no_match       body#58  ?
  no_match       body#59  ?
  match          body#[60, 61]  cutensornetContraction2_f64
  match          body#[62, 63]  cutensornetContraction2_f64
  no_match       body#64  ?
  no_match       body#65  ?
  match          body#[66, 67]  cutensornetContraction2_f64
  match          body#[68, 69]  cutensornetContraction2_f64
  no_match       body#70  ?
  no_match       body#71  ?
  no_match       body#72  ?
  no_match       body#73  ?
  no_match       body#74  ?
  no_match       body#75  ?
  no_match       body#76  ?
  no_match       body#77  ?
  no_match       body#78  ?
  no_match       body#79  ?
  no_match       body#80  ?
  no_match       body#81  ?
  no_match       body#82  ?
  total: 29 matched / 54 bodies
",0,[],0,0,0,0,/home/arjaiswal/Polygeist/issues/mfem_c_kernels/application_extractions/results/mfem_app_abs_l1_curlcurl_3d.debufferized.mlir,97986,8,83,58,11241.40214547515,25,74988,5342.262782156467,300,300,0,232,"[{""body_indices"": [0, 1], ""symbol"": ""cutensornetContraction2_f64""}, {""body_indices"": [2, 3], ""symbol"": ""cutensornetContraction2_f64""}, {""body_indices"": [4, 5], ""symbol"": ""cutensornetContraction2_f64""}, {""body_indices"": [6, 7], ""symbol"": ""cutensornetContraction2_f64""}, {""body_indices"": [8, 9], ""symbol"": ""cutensornetContraction2_f64""}, {""body_indices"": [10, 11], ""symbol"": ""cutensornetContraction2_f64""}, {""body_indices"": [12, 13], ""symbol"": ""cutensornetContraction2_f64""}, {""body_indices"": [14, 15], ""symbol"": ""cutensornetContraction2_f64""}, {""body_indices"": [16, 17], ""symbol"": ""cutensornetContraction2_f64""}, {""body_indices"": [18, 19], ""symbol"": ""cutensornetContraction2_f64""}, {""body_indices"": [20, 21], ""symbol"": ""cutensornetContraction2_f64""}, {""body_indices"": [22, 23], ""symbol"": ""cutensornetContraction2_f64""}, {""body_indices"": [24, 25], ""symbol"": ""cutensornetContraction2_f64""}, {""body_indices"": [26, 27], ""symbol"": ""cutensornetContraction2_f64""}, {""body_indices"": [28, 29], ""symbol"": ""cutensornetContraction2_f64""}, {""body_indices"": [30, 31], ""symbol"": ""cutensornetContraction2_f64""}, {""body_indices"": [32, 33], ""symbol"": ""cutensornetContraction2_f64""}, {""body_indices"": [36, 37], ""symbol"": ""cutensornetContraction2_f64""}, {""body_indices"": [38, 39], ""symbol"": ""cutensornetContraction2_f64""}, {""body_indices"": [42, 43], ""symbol"": ""cutensornetContraction2_f64""}, {""body_indices"": [44, 45], ""symbol"": ""cutensornetContraction2_f64""}, {""body_indices"": [48, 49], ""symbol"": ""cutensornetContraction2_f64""}, {""body_indices"": [50, 51], ""symbol"": ""cutensornetContraction2_f64""}, {""body_indices"": [54, 55], ""symbol"": ""cutensornetContraction2_f64""}, {""body_indices"": [56, 57], ""symbol"": ""cutensornetContraction2_f64""}, {""body_indices"": [60, 61], ""symbol"": ""cutensornetContraction2_f64""}, {""body_indices"": [62, 63], ""symbol"": ""cutensornetContraction2_f64""}, {""body_indices"": [66, 67], ""symbol"": ""cutensornetContraction2_f64""}, {""body_indices"": [68, 69], ""symbol"": ""cutensornetContraction2_f64""}]",29,0,0,0.0,300
mfem_application,mfem_app_abs_l1_curlcurl_3d,/home/arjaiswal/Polygeist/issues/mfem_c_kernels/application_extractions/results/mfem_app_abs_l1_curlcurl_3d.debufferized.mlir,28f5c82c4fdc301ebce7a65e8aed9d56aaeaed59a119f19c4207f4f36a9365d5,syntactic,5,ok,0,7425.188388675451,0,"[""/usr/bin/python3"", ""/home/arjaiswal/Polygeist/scripts/correctness/kernel_match_rewrite.py"", ""/home/arjaiswal/Polygeist/issues/mfem_c_kernels/application_extractions/results/mfem_app_abs_l1_curlcurl_3d.debufferized.mlir"", ""--dry-run"", ""--matcher-mode"", ""syntactic"", ""--telemetry-json"", ""/home/arjaiswal/Polygeist/issues/equality_saturation_eval/campaign_20260908/mfem_application-mfem_app_abs_l1_curlcurl_3d-syntactic-97nh4973.json"", ""--disable-semantic-fallback""]","on2_f64
  match          body#[16, 17]  cutensornetContraction2_f64
  match          body#[18, 19]  cutensornetContraction2_f64
  match          body#[20, 21]  cutensornetContraction2_f64
  match          body#[22, 23]  cutensornetContraction2_f64
  match          body#[24, 25]  cutensornetContraction2_f64
  match          body#[26, 27]  cutensornetContraction2_f64
  match          body#[28, 29]  cutensornetContraction2_f64
  match          body#[30, 31]  cutensornetContraction2_f64
  match          body#[32, 33]  cutensornetContraction2_f64
  no_match       body#34  ?
  no_match       body#35  ?
  match          body#[36, 37]  cutensornetContraction2_f64
  match          body#[38, 39]  cutensornetContraction2_f64
  no_match       body#40  ?
  no_match       body#41  ?
  match          body#[42, 43]  cutensornetContraction2_f64
  match          body#[44, 45]  cutensornetContraction2_f64
  no_match       body#46  ?
  no_match       body#47  ?
  match          body#[48, 49]  cutensornetContraction2_f64
  match          body#[50, 51]  cutensornetContraction2_f64
  no_match       body#52  ?
  no_match       body#53  ?
  match          body#[54, 55]  cutensornetContraction2_f64
  match          body#[56, 57]  cutensornetContraction2_f64
  no_match       body#58  ?
  no_match       body#59  ?
  match          body#[60, 61]  cutensornetContraction2_f64
  match          body#[62, 63]  cutensornetContraction2_f64
  no_match       body#64  ?
  no_match       body#65  ?
  match          body#[66, 67]  cutensornetContraction2_f64
  match          body#[68, 69]  cutensornetContraction2_f64
  no_match       body#70  ?
  no_match       body#71  ?
  no_match       body#72  ?
  no_match       body#73  ?
  no_match       body#74  ?
  no_match       body#75  ?
  no_match       body#76  ?
  no_match       body#77  ?
  no_match       body#78  ?
  no_match       body#79  ?
  no_match       body#80  ?
  no_match       body#81  ?
  no_match       body#82  ?
  total: 29 matched / 54 bodies
",0,[],0,0,0,0,/home/arjaiswal/Polygeist/issues/mfem_c_kernels/application_extractions/results/mfem_app_abs_l1_curlcurl_3d.debufferized.mlir,97986,0,83,58,4618.0960312485695,25,70748,1.7115958034992218,0,300,0,0,"[{""body_indices"": [0, 1], ""symbol"": ""cutensornetContraction2_f64""}, {""body_indices"": [2, 3], ""symbol"": ""cutensornetContraction2_f64""}, {""body_indices"": [4, 5], ""symbol"": ""cutensornetContraction2_f64""}, {""body_indices"": [6, 7], ""symbol"": ""cutensornetContraction2_f64""}, {""body_indices"": [8, 9], ""symbol"": ""cutensornetContraction2_f64""}, {""body_indices"": [10, 11], ""symbol"": ""cutensornetContraction2_f64""}, {""body_indices"": [12, 13], ""symbol"": ""cutensornetContraction2_f64""}, {""body_indices"": [14, 15], ""symbol"": ""cutensornetContraction2_f64""}, {""body_indices"": [16, 17], ""symbol"": ""cutensornetContraction2_f64""}, {""body_indices"": [18, 19], ""symbol"": ""cutensornetContraction2_f64""}, {""body_indices"": [20, 21], ""symbol"": ""cutensornetContraction2_f64""}, {""body_indices"": [22, 23], ""symbol"": ""cutensornetContraction2_f64""}, {""body_indices"": [24, 25], ""symbol"": ""cutensornetContraction2_f64""}, {""body_indices"": [26, 27], ""symbol"": ""cutensornetContraction2_f64""}, {""body_indices"": [28, 29], ""symbol"": ""cutensornetContraction2_f64""}, {""body_indices"": [30, 31], ""symbol"": ""cutensornetContraction2_f64""}, {""body_indices"": [32, 33], ""symbol"": ""cutensornetContraction2_f64""}, {""body_indices"": [36, 37], ""symbol"": ""cutensornetContraction2_f64""}, {""body_indices"": [38, 39], ""symbol"": ""cutensornetContraction2_f64""}, {""body_indices"": [42, 43], ""symbol"": ""cutensornetContraction2_f64""}, {""body_indices"": [44, 45], ""symbol"": ""cutensornetContraction2_f64""}, {""body_indices"": [48, 49], ""symbol"": ""cutensornetContraction2_f64""}, {""body_indices"": [50, 51], ""symbol"": ""cutensornetContraction2_f64""}, {""body_indices"": [54, 55], ""symbol"": ""cutensornetContraction2_f64""}, {""body_indices"": [56, 57], ""symbol"": ""cutensornetContraction2_f64""}, {""body_indices"": [60, 61], ""symbol"": ""cutensornetContraction2_f64""}, {""body_indices"": [62, 63], ""symbol"": ""cutensornetContraction2_f64""}, {""body_indices"": [66, 67], ""symbol"": ""cutensornetContraction2_f64""}, {""body_indices"": [68, 69], ""symbol"": ""cutensornetContraction2_f64""}]",29,0,300,0.0,300
mfem_application,mfem_app_abs_l1_curlcurl_3d_partial,/home/arjaiswal/Polygeist/issues/mfem_c_kernels/application_extractions/results/mfem_app_abs_l1_curlcurl_3d_partial.debufferized.mlir,d16b3c108c56ee2294bc571b8a7f02a5d76629cbf37e03879dd85d82b0189383,syntactic,1,ok,0,5753.322008997202,0,"[""/usr/bin/python3"", ""/home/arjaiswal/Polygeist/scripts/correctness/kernel_match_rewrite.py"", ""/home/arjaiswal/Polygeist/issues/mfem_c_kernels/application_extractions/results/mfem_app_abs_l1_curlcurl_3d_partial.debufferized.mlir"", ""--dry-run"", ""--matcher-mode"", ""syntactic"", ""--telemetry-json"", ""/home/arjaiswal/Polygeist/issues/equality_saturation_eval/campaign_20260908/mfem_application-mfem_app_abs_l1_curlcurl_3d_partial-syntactic-l15k4sf_.json"", ""--disable-semantic-fallback""]","r5r5r4
  match          body#[12, 13]  cutensornetContraction2_f64_r5r5r4
  match          body#[14, 15]  cutensornetContraction2_f64_r4r5r4
  match          body#[16, 17]  cutensornetContraction2_f64_r4r5r4
  match          body#[18, 19]  cutensornetContraction2_f64_r4r5r4
  match          body#[20, 21]  cutensornetContraction2_f64_r4r5r4
  match          body#[22, 23]  cutensornetContraction2_f64_r5r5r4
  match          body#[24, 25]  cutensornetContraction2_f64_r5r5r4
  match          body#[26, 27]  cutensornetContraction2_f64_r4r5r4
  match          body#[28, 29]  cutensornetContraction2_f64_r4r5r4
  match          body#[30, 31]  cutensornetContraction2_f64_r4r5r4
  match          body#[32, 33]  cutensornetContraction2_f64_r4r5r4
  no_match       body#34  ?
  no_match       body#35  ?
  match          body#[36, 37]  cutensornetContraction2_f64_r4r5r4
  match          body#[38, 39]  cutensornetContraction2_f64_r4r5r4
  no_match       body#40  ?
  no_match       body#41  ?
  match          body#[42, 43]  cutensornetContraction2_f64_r4r5r4
  match          body#[44, 45]  cutensornetContraction2_f64_r4r5r4
  no_match       body#46  ?
  no_match       body#47  ?
  match          body#[48, 49]  cutensornetContraction2_f64_r4r5r4
  match          body#[50, 51]  cutensornetContraction2_f64_r4r5r4
  no_match       body#52  ?
  no_match       body#53  ?
  match          body#[54, 55]  cutensornetContraction2_f64_r4r5r4
  match          body#[56, 57]  cutensornetContraction2_f64_r4r5r4
  no_match       body#58  ?
  no_match       body#59  ?
  match          body#[60, 61]  cutensornetContraction2_f64_r4r5r4
  match          body#[62, 63]  cutensornetContraction2_f64_r4r5r4
  no_match       body#64  ?
  no_match       body#65  ?
  match          body#[66, 67]  cutensornetContraction2_f64_r4r5r4
  match          body#[68, 69]  cutensornetContraction2_f64_r4r5r4
  no_match       body#70  ?
  no_match       body#71  ?
  no_match       body#72  ?
  total: 29 matched / 44 bodies
",0,[],0,0,0,0,/home/arjaiswal/Polygeist/issues/mfem_c_kernels/application_extractions/results/mfem_app_abs_l1_curlcurl_3d_partial.debufferized.mlir,45867,0,73,58,2832.895789295435,15,69228,1.3531669974327087,0,258,0,0,"[{""body_indices"": [0, 1], ""symbol"": ""cutensornetContraction2_f64_r5r5r4""}, {""body_indices"": [2, 3], ""symbol"": ""cutensornetContraction2_f64_r4r5r4""}, {""body_indices"": [4, 5], ""symbol"": ""cutensornetContraction2_f64_r4r5r4""}, {""body_indices"": [6, 7], ""symbol"": ""cutensornetContraction2_f64_r4r5r4""}, {""body_indices"": [8, 9], ""symbol"": ""cutensornetContraction2_f64_r4r5r4""}, {""body_indices"": [10, 11], ""symbol"": ""cutensornetContraction2_f64_r5r5r4""}, {""body_indices"": [12, 13], ""symbol"": ""cutensornetContraction2_f64_r5r5r4""}, {""body_indices"": [14, 15], ""symbol"": ""cutensornetContraction2_f64_r4r5r4""}, {""body_indices"": [16, 17], ""symbol"": ""cutensornetContraction2_f64_r4r5r4""}, {""body_indices"": [18, 19], ""symbol"": ""cutensornetContraction2_f64_r4r5r4""}, {""body_indices"": [20, 21], ""symbol"": ""cutensornetContraction2_f64_r4r5r4""}, {""body_indices"": [22, 23], ""symbol"": ""cutensornetContraction2_f64_r5r5r4""}, {""body_indices"": [24, 25], ""symbol"": ""cutensornetContraction2_f64_r5r5r4""}, {""body_indices"": [26, 27], ""symbol"": ""cutensornetContraction2_f64_r4r5r4""}, {""body_indices"": [28, 29], ""symbol"": ""cutensornetContraction2_f64_r4r5r4""}, {""body_indices"": [30, 31], ""symbol"": ""cutensornetContraction2_f64_r4r5r4""}, {""body_indices"": [32, 33], ""symbol"": ""cutensornetContraction2_f64_r4r5r4""}, {""body_indices"": [36, 37], ""symbol"": ""cutensornetContraction2_f64_r4r5r4""}, {""body_indices"": [38, 39], ""symbol"": ""cutensornetContraction2_f64_r4r5r4""}, {""body_indices"": [42, 43], ""symbol"": ""cutensornetContraction2_f64_r4r5r4""}, {""body_indices"": [44, 45], ""symbol"": ""cutensornetContraction2_f64_r4r5r4""}, {""body_indices"": [48, 49], ""symbol"": ""cutensornetContraction2_f64_r4r5r4""}, {""body_indices"": [50, 51], ""symbol"": ""cutensornetContraction2_f64_r4r5r4""}, {""body_indices"": [54, 55], ""symbol"": ""cutensornetContraction2_f64_r4r5r4""}, {""body_indices"": [56, 57], ""symbol"": ""cutensornetContraction2_f64_r4r5r4""}, {""body_indices"": [60, 61], ""symbol"": ""cutensornetContraction2_f64_r4r5r4""}, {""body_indices"": [62, 63], ""symbol"": ""cutensornetContraction2_f64_r4r5r4""}, {""body_indices"": [66, 67], ""symbol"": ""cutensornetContraction2_f64_r4r5r4""}, {""body_indices"": [68, 69], ""symbol"": ""cutensornetContraction2_f64_r4r5r4""}]",29,0,258,0.0,258
mfem_application,mfem_app_abs_l1_curlcurl_3d_partial,/home/arjaiswal/Polygeist/issues/mfem_c_kernels/application_extractions/results/mfem_app_abs_l1_curlcurl_3d_partial.debufferized.mlir,d16b3c108c56ee2294bc571b8a7f02a5d76629cbf37e03879dd85d82b0189383,egglog,1,ok,0,9171.897519379854,0,"[""/usr/bin/python3"", ""/home/arjaiswal/Polygeist/scripts/correctness/kernel_match_rewrite.py"", ""/home/arjaiswal/Polygeist/issues/mfem_c_kernels/application_extractions/results/mfem_app_abs_l1_curlcurl_3d_partial.debufferized.mlir"", ""--dry-run"", ""--matcher-mode"", ""egglog"", ""--telemetry-json"", ""/home/arjaiswal/Polygeist/issues/equality_saturation_eval/campaign_20260908/mfem_application-mfem_app_abs_l1_curlcurl_3d_partial-egglog-w7hhpuik.json"", ""--disable-semantic-fallback""]","r5r5r4
  match          body#[12, 13]  cutensornetContraction2_f64_r5r5r4
  match          body#[14, 15]  cutensornetContraction2_f64_r4r5r4
  match          body#[16, 17]  cutensornetContraction2_f64_r4r5r4
  match          body#[18, 19]  cutensornetContraction2_f64_r4r5r4
  match          body#[20, 21]  cutensornetContraction2_f64_r4r5r4
  match          body#[22, 23]  cutensornetContraction2_f64_r5r5r4
  match          body#[24, 25]  cutensornetContraction2_f64_r5r5r4
  match          body#[26, 27]  cutensornetContraction2_f64_r4r5r4
  match          body#[28, 29]  cutensornetContraction2_f64_r4r5r4
  match          body#[30, 31]  cutensornetContraction2_f64_r4r5r4
  match          body#[32, 33]  cutensornetContraction2_f64_r4r5r4
  no_match       body#34  ?
  no_match       body#35  ?
  match          body#[36, 37]  cutensornetContraction2_f64_r4r5r4
  match          body#[38, 39]  cutensornetContraction2_f64_r4r5r4
  no_match       body#40  ?
  no_match       body#41  ?
  match          body#[42, 43]  cutensornetContraction2_f64_r4r5r4
  match          body#[44, 45]  cutensornetContraction2_f64_r4r5r4
  no_match       body#46  ?
  no_match       body#47  ?
  match          body#[48, 49]  cutensornetContraction2_f64_r4r5r4
  match          body#[50, 51]  cutensornetContraction2_f64_r4r5r4
  no_match       body#52  ?
  no_match       body#53  ?
  match          body#[54, 55]  cutensornetContraction2_f64_r4r5r4
  match          body#[56, 57]  cutensornetContraction2_f64_r4r5r4
  no_match       body#58  ?
  no_match       body#59  ?
  match          body#[60, 61]  cutensornetContraction2_f64_r4r5r4
  match          body#[62, 63]  cutensornetContraction2_f64_r4r5r4
  no_match       body#64  ?
  no_match       body#65  ?
  match          body#[66, 67]  cutensornetContraction2_f64_r4r5r4
  match          body#[68, 69]  cutensornetContraction2_f64_r4r5r4
  no_match       body#70  ?
  no_match       body#71  ?
  no_match       body#72  ?
  total: 29 matched / 44 bodies
",0,[],0,0,0,0,/home/arjaiswal/Polygeist/issues/mfem_c_kernels/application_extractions/results/mfem_app_abs_l1_curlcurl_3d_partial.debufferized.mlir,45867,8,73,58,6634.496286511421,15,74216,3367.5688952207565,258,258,0,232,"[{""body_indices"": [0, 1], ""symbol"": ""cutensornetContraction2_f64_r5r5r4""}, {""body_indices"": [2, 3], ""symbol"": ""cutensornetContraction2_f64_r4r5r4""}, {""body_indices"": [4, 5], ""symbol"": ""cutensornetContraction2_f64_r4r5r4""}, {""body_indices"": [6, 7], ""symbol"": ""cutensornetContraction2_f64_r4r5r4""}, {""body_indices"": [8, 9], ""symbol"": ""cutensornetContraction2_f64_r4r5r4""}, {""body_indices"": [10, 11], ""symbol"": ""cutensornetContraction2_f64_r5r5r4""}, {""body_indices"": [12, 13], ""symbol"": ""cutensornetContraction2_f64_r5r5r4""}, {""body_indices"": [14, 15], ""symbol"": ""cutensornetContraction2_f64_r4r5r4""}, {""body_indices"": [16, 17], ""symbol"": ""cutensornetContraction2_f64_r4r5r4""}, {""body_indices"": [18, 19], ""symbol"": ""cutensornetContraction2_f64_r4r5r4""}, {""body_indices"": [20, 21], ""symbol"": ""cutensornetContraction2_f64_r4r5r4""}, {""body_indices"": [22, 23], ""symbol"": ""cutensornetContraction2_f64_r5r5r4""}, {""body_indices"": [24, 25], ""symbol"": ""cutensornetContraction2_f64_r5r5r4""}, {""body_indices"": [26, 27], ""symbol"": ""cutensornetContraction2_f64_r4r5r4""}, {""body_indices"": [28, 29], ""symbol"": ""cutensornetContraction2_f64_r4r5r4""}, {""body_indices"": [30, 31], ""symbol"": ""cutensornetContraction2_f64_r4r5r4""}, {""body_indices"": [32, 33], ""symbol"": ""cutensornetContraction2_f64_r4r5r4""}, {""body_indices"": [36, 37], ""symbol"": ""cutensornetContraction2_f64_r4r5r4""}, {""body_indices"": [38, 39], ""symbol"": ""cutensornetContraction2_f64_r4r5r4""}, {""body_indices"": [42, 43], ""symbol"": ""cutensornetContraction2_f64_r4r5r4""}, {""body_indices"": [44, 45], ""symbol"": ""cutensornetContraction2_f64_r4r5r4""}, {""body_indices"": [48, 49], ""symbol"": ""cutensornetContraction2_f64_r4r5r4""}, {""body_indices"": [50, 51], ""symbol"": ""cutensornetContraction2_f64_r4r5r4""}, {""body_indices"": [54, 55], ""symbol"": ""cutensornetContraction2_f64_r4r5r4""}, {""body_indices"": [56, 57], ""symbol"": ""cutensornetContraction2_f64_r4r5r4""}, {""body_indices"": [60, 61], ""symbol"": ""cutensornetContraction2_f64_r4r5r4""}, {""body_indices"": [62, 63], ""symbol"": ""cutensornetContraction2_f64_r4r5r4""}, {""body_indices"": [66, 67], ""symbol"": ""cutensornetContraction2_f64_r4r5r4""}, {""body_indices"": [68, 69], ""symbol"": ""cutensornetContraction2_f64_r4r5r4""}]",29,0,0,0.0,258
mfem_application,mfem_app_abs_l1_curlcurl_3d_partial,/home/arjaiswal/Polygeist/issues/mfem_c_kernels/application_extractions/results/mfem_app_abs_l1_curlcurl_3d_partial.debufferized.mlir,d16b3c108c56ee2294bc571b8a7f02a5d76629cbf37e03879dd85d82b0189383,egglog,2,ok,0,12876.612544059753,0,"[""/usr/bin/python3"", ""/home/arjaiswal/Polygeist/scripts/correctness/kernel_match_rewrite.py"", ""/home/arjaiswal/Polygeist/issues/mfem_c_kernels/application_extractions/results/mfem_app_abs_l1_curlcurl_3d_partial.debufferized.mlir"", ""--dry-run"", ""--matcher-mode"", ""egglog"", ""--telemetry-json"", ""/home/arjaiswal/Polygeist/issues/equality_saturation_eval/campaign_20260908/mfem_application-mfem_app_abs_l1_curlcurl_3d_partial-egglog-pydtkdrs.json"", ""--disable-semantic-fallback""]","r5r5r4
  match          body#[12, 13]  cutensornetContraction2_f64_r5r5r4
  match          body#[14, 15]  cutensornetContraction2_f64_r4r5r4
  match          body#[16, 17]  cutensornetContraction2_f64_r4r5r4
  match          body#[18, 19]  cutensornetContraction2_f64_r4r5r4
  match          body#[20, 21]  cutensornetContraction2_f64_r4r5r4
  match          body#[22, 23]  cutensornetContraction2_f64_r5r5r4
  match          body#[24, 25]  cutensornetContraction2_f64_r5r5r4
  match          body#[26, 27]  cutensornetContraction2_f64_r4r5r4
  match          body#[28, 29]  cutensornetContraction2_f64_r4r5r4
  match          body#[30, 31]  cutensornetContraction2_f64_r4r5r4
  match          body#[32, 33]  cutensornetContraction2_f64_r4r5r4
  no_match       body#34  ?
  no_match       body#35  ?
  match          body#[36, 37]  cutensornetContraction2_f64_r4r5r4
  match          body#[38, 39]  cutensornetContraction2_f64_r4r5r4
  no_match       body#40  ?
  no_match       body#41  ?
  match          body#[42, 43]  cutensornetContraction2_f64_r4r5r4
  match          body#[44, 45]  cutensornetContraction2_f64_r4r5r4
  no_match       body#46  ?
  no_match       body#47  ?
  match          body#[48, 49]  cutensornetContraction2_f64_r4r5r4
  match          body#[50, 51]  cutensornetContraction2_f64_r4r5r4
  no_match       body#52  ?
  no_match       body#53  ?
  match          body#[54, 55]  cutensornetContraction2_f64_r4r5r4
  match          body#[56, 57]  cutensornetContraction2_f64_r4r5r4
  no_match       body#58  ?
  no_match       body#59  ?
  match          body#[60, 61]  cutensornetContraction2_f64_r4r5r4
  match          body#[62, 63]  cutensornetContraction2_f64_r4r5r4
  no_match       body#64  ?
  no_match       body#65  ?
  match          body#[66, 67]  cutensornetContraction2_f64_r4r5r4
  match          body#[68, 69]  cutensornetContraction2_f64_r4r5r4
  no_match       body#70  ?
  no_match       body#71  ?
  no_match       body#72  ?
  total: 29 matched / 44 bodies
",0,[],0,0,0,0,/home/arjaiswal/Polygeist/issues/mfem_c_kernels/application_extractions/results/mfem_app_abs_l1_curlcurl_3d_partial.debufferized.mlir,45867,8,73,58,10690.173268318176,15,73728,5058.161173015833,258,258,0,232,"[{""body_indices"": [0, 1], ""symbol"": ""cutensornetContraction2_f64_r5r5r4""}, {""body_indices"": [2, 3], ""symbol"": ""cutensornetContraction2_f64_r4r5r4""}, {""body_indices"": [4, 5], ""symbol"": ""cutensornetContraction2_f64_r4r5r4""}, {""body_indices"": [6, 7], ""symbol"": ""cutensornetContraction2_f64_r4r5r4""}, {""body_indices"": [8, 9], ""symbol"": ""cutensornetContraction2_f64_r4r5r4""}, {""body_indices"": [10, 11], ""symbol"": ""cutensornetContraction2_f64_r5r5r4""}, {""body_indices"": [12, 13], ""symbol"": ""cutensornetContraction2_f64_r5r5r4""}, {""body_indices"": [14, 15], ""symbol"": ""cutensornetContraction2_f64_r4r5r4""}, {""body_indices"": [16, 17], ""symbol"": ""cutensornetContraction2_f64_r4r5r4""}, {""body_indices"": [18, 19], ""symbol"": ""cutensornetContraction2_f64_r4r5r4""}, {""body_indices"": [20, 21], ""symbol"": ""cutensornetContraction2_f64_r4r5r4""}, {""body_indices"": [22, 23], ""symbol"": ""cutensornetContraction2_f64_r5r5r4""}, {""body_indices"": [24, 25], ""symbol"": ""cutensornetContraction2_f64_r5r5r4""}, {""body_indices"": [26, 27], ""symbol"": ""cutensornetContraction2_f64_r4r5r4""}, {""body_indices"": [28, 29], ""symbol"": ""cutensornetContraction2_f64_r4r5r4""}, {""body_indices"": [30, 31], ""symbol"": ""cutensornetContraction2_f64_r4r5r4""}, {""body_indices"": [32, 33], ""symbol"": ""cutensornetContraction2_f64_r4r5r4""}, {""body_indices"": [36, 37], ""symbol"": ""cutensornetContraction2_f64_r4r5r4""}, {""body_indices"": [38, 39], ""symbol"": ""cutensornetContraction2_f64_r4r5r4""}, {""body_indices"": [42, 43], ""symbol"": ""cutensornetContraction2_f64_r4r5r4""}, {""body_indices"": [44, 45], ""symbol"": ""cutensornetContraction2_f64_r4r5r4""}, {""body_indices"": [48, 49], ""symbol"": ""cutensornetContraction2_f64_r4r5r4""}, {""body_indices"": [50, 51], ""symbol"": ""cutensornetContraction2_f64_r4r5r4""}, {""body_indices"": [54, 55], ""symbol"": ""cutensornetContraction2_f64_r4r5r4""}, {""body_indices"": [56, 57], ""symbol"": ""cutensornetContraction2_f64_r4r5r4""}, {""body_indices"": [60, 61], ""symbol"": ""cutensornetContraction2_f64_r4r5r4""}, {""body_indices"": [62, 63], ""symbol"": ""cutensornetContraction2_f64_r4r5r4""}, {""body_indices"": [66, 67], ""symbol"": ""cutensornetContraction2_f64_r4r5r4""}, {""body_indices"": [68, 69], ""symbol"": ""cutensornetContraction2_f64_r4r5r4""}]",29,0,0,0.0,258
mfem_application,mfem_app_abs_l1_curlcurl_3d_partial,/home/arjaiswal/Polygeist/issues/mfem_c_kernels/application_extractions/results/mfem_app_abs_l1_curlcurl_3d_partial.debufferized.mlir,d16b3c108c56ee2294bc571b8a7f02a5d76629cbf37e03879dd85d82b0189383,syntactic,2,ok,0,7454.680219292641,0,"[""/usr/bin/python3"", ""/home/arjaiswal/Polygeist/scripts/correctness/kernel_match_rewrite.py"", ""/home/arjaiswal/Polygeist/issues/mfem_c_kernels/application_extractions/results/mfem_app_abs_l1_curlcurl_3d_partial.debufferized.mlir"", ""--dry-run"", ""--matcher-mode"", ""syntactic"", ""--telemetry-json"", ""/home/arjaiswal/Polygeist/issues/equality_saturation_eval/campaign_20260908/mfem_application-mfem_app_abs_l1_curlcurl_3d_partial-syntactic-hdq7305n.json"", ""--disable-semantic-fallback""]","r5r5r4
  match          body#[12, 13]  cutensornetContraction2_f64_r5r5r4
  match          body#[14, 15]  cutensornetContraction2_f64_r4r5r4
  match          body#[16, 17]  cutensornetContraction2_f64_r4r5r4
  match          body#[18, 19]  cutensornetContraction2_f64_r4r5r4
  match          body#[20, 21]  cutensornetContraction2_f64_r4r5r4
  match          body#[22, 23]  cutensornetContraction2_f64_r5r5r4
  match          body#[24, 25]  cutensornetContraction2_f64_r5r5r4
  match          body#[26, 27]  cutensornetContraction2_f64_r4r5r4
  match          body#[28, 29]  cutensornetContraction2_f64_r4r5r4
  match          body#[30, 31]  cutensornetContraction2_f64_r4r5r4
  match          body#[32, 33]  cutensornetContraction2_f64_r4r5r4
  no_match       body#34  ?
  no_match       body#35  ?
  match          body#[36, 37]  cutensornetContraction2_f64_r4r5r4
  match          body#[38, 39]  cutensornetContraction2_f64_r4r5r4
  no_match       body#40  ?
  no_match       body#41  ?
  match          body#[42, 43]  cutensornetContraction2_f64_r4r5r4
  match          body#[44, 45]  cutensornetContraction2_f64_r4r5r4
  no_match       body#46  ?
  no_match       body#47  ?
  match          body#[48, 49]  cutensornetContraction2_f64_r4r5r4
  match          body#[50, 51]  cutensornetContraction2_f64_r4r5r4
  no_match       body#52  ?
  no_match       body#53  ?
  match          body#[54, 55]  cutensornetContraction2_f64_r4r5r4
  match          body#[56, 57]  cutensornetContraction2_f64_r4r5r4
  no_match       body#58  ?
  no_match       body#59  ?
  match          body#[60, 61]  cutensornetContraction2_f64_r4r5r4
  match          body#[62, 63]  cutensornetContraction2_f64_r4r5r4
  no_match       body#64  ?
  no_match       body#65  ?
  match          body#[66, 67]  cutensornetContraction2_f64_r4r5r4
  match          body#[68, 69]  cutensornetContraction2_f64_r4r5r4
  no_match       body#70  ?
  no_match       body#71  ?
  no_match       body#72  ?
  total: 29 matched / 44 bodies
",0,[],0,0,0,0,/home/arjaiswal/Polygeist/issues/mfem_c_kernels/application_extractions/results/mfem_app_abs_l1_curlcurl_3d_partial.debufferized.mlir,45867,0,73,58,3871.9240464270115,15,69108,1.4071948826313019,0,258,0,0,"[{""body_indices"": [0, 1], ""symbol"": ""cutensornetContraction2_f64_r5r5r4""}, {""body_indices"": [2, 3], ""symbol"": ""cutensornetContraction2_f64_r4r5r4""}, {""body_indices"": [4, 5], ""symbol"": ""cutensornetContraction2_f64_r4r5r4""}, {""body_indices"": [6, 7], ""symbol"": ""cutensornetContraction2_f64_r4r5r4""}, {""body_indices"": [8, 9], ""symbol"": ""cutensornetContraction2_f64_r4r5r4""}, {""body_indices"": [10, 11], ""symbol"": ""cutensornetContraction2_f64_r5r5r4""}, {""body_indices"": [12, 13], ""symbol"": ""cutensornetContraction2_f64_r5r5r4""}, {""body_indices"": [14, 15], ""symbol"": ""cutensornetContraction2_f64_r4r5r4""}, {""body_indices"": [16, 17], ""symbol"": ""cutensornetContraction2_f64_r4r5r4""}, {""body_indices"": [18, 19], ""symbol"": ""cutensornetContraction2_f64_r4r5r4""}, {""body_indices"": [20, 21], ""symbol"": ""cutensornetContraction2_f64_r4r5r4""}, {""body_indices"": [22, 23], ""symbol"": ""cutensornetContraction2_f64_r5r5r4""}, {""body_indices"": [24, 25], ""symbol"": ""cutensornetContraction2_f64_r5r5r4""}, {""body_indices"": [26, 27], ""symbol"": ""cutensornetContraction2_f64_r4r5r4""}, {""body_indices"": [28, 29], ""symbol"": ""cutensornetContraction2_f64_r4r5r4""}, {""body_indices"": [30, 31], ""symbol"": ""cutensornetContraction2_f64_r4r5r4""}, {""body_indices"": [32, 33], ""symbol"": ""cutensornetContraction2_f64_r4r5r4""}, {""body_indices"": [36, 37], ""symbol"": ""cutensornetContraction2_f64_r4r5r4""}, {""body_indices"": [38, 39], ""symbol"": ""cutensornetContraction2_f64_r4r5r4""}, {""body_indices"": [42, 43], ""symbol"": ""cutensornetContraction2_f64_r4r5r4""}, {""body_indices"": [44, 45], ""symbol"": ""cutensornetContraction2_f64_r4r5r4""}, {""body_indices"": [48, 49], ""symbol"": ""cutensornetContraction2_f64_r4r5r4""}, {""body_indices"": [50, 51], ""symbol"": ""cutensornetContraction2_f64_r4r5r4""}, {""body_indices"": [54, 55], ""symbol"": ""cutensornetContraction2_f64_r4r5r4""}, {""body_indices"": [56, 57], ""symbol"": ""cutensornetContraction2_f64_r4r5r4""}, {""body_indices"": [60, 61], ""symbol"": ""cutensornetContraction2_f64_r4r5r4""}, {""body_indices"": [62, 63], ""symbol"": ""cutensornetContraction2_f64_r4r5r4""}, {""body_indices"": [66, 67], ""symbol"": ""cutensornetContraction2_f64_r4r5r4""}, {""body_indices"": [68, 69], ""symbol"": ""cutensornetContraction2_f64_r4r5r4""}]",29,0,258,0.0,258
mfem_application,mfem_app_abs_l1_curlcurl_3d_partial,/home/arjaiswal/Polygeist/issues/mfem_c_kernels/application_extractions/results/mfem_app_abs_l1_curlcurl_3d_partial.debufferized.mlir,d16b3c108c56ee2294bc571b8a7f02a5d76629cbf37e03879dd85d82b0189383,syntactic,3,ok,0,9402.94199064374,0,"[""/usr/bin/python3"", ""/home/arjaiswal/Polygeist/scripts/correctness/kernel_match_rewrite.py"", ""/home/arjaiswal/Polygeist/issues/mfem_c_kernels/application_extractions/results/mfem_app_abs_l1_curlcurl_3d_partial.debufferized.mlir"", ""--dry-run"", ""--matcher-mode"", ""syntactic"", ""--telemetry-json"", ""/home/arjaiswal/Polygeist/issues/equality_saturation_eval/campaign_20260908/mfem_application-mfem_app_abs_l1_curlcurl_3d_partial-syntactic-eo35ctvc.json"", ""--disable-semantic-fallback""]","r5r5r4
  match          body#[12, 13]  cutensornetContraction2_f64_r5r5r4
  match          body#[14, 15]  cutensornetContraction2_f64_r4r5r4
  match          body#[16, 17]  cutensornetContraction2_f64_r4r5r4
  match          body#[18, 19]  cutensornetContraction2_f64_r4r5r4
  match          body#[20, 21]  cutensornetContraction2_f64_r4r5r4
  match          body#[22, 23]  cutensornetContraction2_f64_r5r5r4
  match          body#[24, 25]  cutensornetContraction2_f64_r5r5r4
  match          body#[26, 27]  cutensornetContraction2_f64_r4r5r4
  match          body#[28, 29]  cutensornetContraction2_f64_r4r5r4
  match          body#[30, 31]  cutensornetContraction2_f64_r4r5r4
  match          body#[32, 33]  cutensornetContraction2_f64_r4r5r4
  no_match       body#34  ?
  no_match       body#35  ?
  match          body#[36, 37]  cutensornetContraction2_f64_r4r5r4
  match          body#[38, 39]  cutensornetContraction2_f64_r4r5r4
  no_match       body#40  ?
  no_match       body#41  ?
  match          body#[42, 43]  cutensornetContraction2_f64_r4r5r4
  match          body#[44, 45]  cutensornetContraction2_f64_r4r5r4
  no_match       body#46  ?
  no_match       body#47  ?
  match          body#[48, 49]  cutensornetContraction2_f64_r4r5r4
  match          body#[50, 51]  cutensornetContraction2_f64_r4r5r4
  no_match       body#52  ?
  no_match       body#53  ?
  match          body#[54, 55]  cutensornetContraction2_f64_r4r5r4
  match          body#[56, 57]  cutensornetContraction2_f64_r4r5r4
  no_match       body#58  ?
  no_match       body#59  ?
  match          body#[60, 61]  cutensornetContraction2_f64_r4r5r4
  match          body#[62, 63]  cutensornetContraction2_f64_r4r5r4
  no_match       body#64  ?
  no_match       body#65  ?
  match          body#[66, 67]  cutensornetContraction2_f64_r4r5r4
  match          body#[68, 69]  cutensornetContraction2_f64_r4r5r4
  no_match       body#70  ?
  no_match       body#71  ?
  no_match       body#72  ?
  total: 29 matched / 44 bodies
",0,[],0,0,0,0,/home/arjaiswal/Polygeist/issues/mfem_c_kernels/application_extractions/results/mfem_app_abs_l1_curlcurl_3d_partial.debufferized.mlir,45867,0,73,58,5099.816009402275,15,69496,1.4252476394176483,0,258,0,0,"[{""body_indices"": [0, 1], ""symbol"": ""cutensornetContraction2_f64_r5r5r4""}, {""body_indices"": [2, 3], ""symbol"": ""cutensornetContraction2_f64_r4r5r4""}, {""body_indices"": [4, 5], ""symbol"": ""cutensornetContraction2_f64_r4r5r4""}, {""body_indices"": [6, 7], ""symbol"": ""cutensornetContraction2_f64_r4r5r4""}, {""body_indices"": [8, 9], ""symbol"": ""cutensornetContraction2_f64_r4r5r4""}, {""body_indices"": [10, 11], ""symbol"": ""cutensornetContraction2_f64_r5r5r4""}, {""body_indices"": [12, 13], ""symbol"": ""cutensornetContraction2_f64_r5r5r4""}, {""body_indices"": [14, 15], ""symbol"": ""cutensornetContraction2_f64_r4r5r4""}, {""body_indices"": [16, 17], ""symbol"": ""cutensornetContraction2_f64_r4r5r4""}, {""body_indices"": [18, 19], ""symbol"": ""cutensornetContraction2_f64_r4r5r4""}, {""body_indices"": [20, 21], ""symbol"": ""cutensornetContraction2_f64_r4r5r4""}, {""body_indices"": [22, 23], ""symbol"": ""cutensornetContraction2_f64_r5r5r4""}, {""body_indices"": [24, 25], ""symbol"": ""cutensornetContraction2_f64_r5r5r4""}, {""body_indices"": [26, 27], ""symbol"": ""cutensornetContraction2_f64_r4r5r4""}, {""body_indices"": [28, 29], ""symbol"": ""cutensornetContraction2_f64_r4r5r4""}, {""body_indices"": [30, 31], ""symbol"": ""cutensornetContraction2_f64_r4r5r4""}, {""body_indices"": [32, 33], ""symbol"": ""cutensornetContraction2_f64_r4r5r4""}, {""body_indices"": [36, 37], ""symbol"": ""cutensornetContraction2_f64_r4r5r4""}, {""body_indices"": [38, 39], ""symbol"": ""cutensornetContraction2_f64_r4r5r4""}, {""body_indices"": [42, 43], ""symbol"": ""cutensornetContraction2_f64_r4r5r4""}, {""body_indices"": [44, 45], ""symbol"": ""cutensornetContraction2_f64_r4r5r4""}, {""body_indices"": [48, 49], ""symbol"": ""cutensornetContraction2_f64_r4r5r4""}, {""body_indices"": [50, 51], ""symbol"": ""cutensornetContraction2_f64_r4r5r4""}, {""body_indices"": [54, 55], ""symbol"": ""cutensornetContraction2_f64_r4r5r4""}, {""body_indices"": [56, 57], ""symbol"": ""cutensornetContraction2_f64_r4r5r4""}, {""body_indices"": [60, 61], ""symbol"": ""cutensornetContraction2_f64_r4r5r4""}, {""body_indices"": [62, 63], ""symbol"": ""cutensornetContraction2_f64_r4r5r4""}, {""body_indices"": [66, 67], ""symbol"": ""cutensornetContraction2_f64_r4r5r4""}, {""body_indices"": [68, 69], ""symbol"": ""cutensornetContraction2_f64_r4r5r4""}]",29,0,258,0.0,258
mfem_application,mfem_app_abs_l1_curlcurl_3d_partial,/home/arjaiswal/Polygeist/issues/mfem_c_kernels/application_extractions/results/mfem_app_abs_l1_curlcurl_3d_partial.debufferized.mlir,d16b3c108c56ee2294bc571b8a7f02a5d76629cbf37e03879dd85d82b0189383,egglog,3,ok,0,13873.44153597951,0,"[""/usr/bin/python3"", ""/home/arjaiswal/Polygeist/scripts/correctness/kernel_match_rewrite.py"", ""/home/arjaiswal/Polygeist/issues/mfem_c_kernels/application_extractions/results/mfem_app_abs_l1_curlcurl_3d_partial.debufferized.mlir"", ""--dry-run"", ""--matcher-mode"", ""egglog"", ""--telemetry-json"", ""/home/arjaiswal/Polygeist/issues/equality_saturation_eval/campaign_20260908/mfem_application-mfem_app_abs_l1_curlcurl_3d_partial-egglog-r0w7ltbl.json"", ""--disable-semantic-fallback""]","r5r5r4
  match          body#[12, 13]  cutensornetContraction2_f64_r5r5r4
  match          body#[14, 15]  cutensornetContraction2_f64_r4r5r4
  match          body#[16, 17]  cutensornetContraction2_f64_r4r5r4
  match          body#[18, 19]  cutensornetContraction2_f64_r4r5r4
  match          body#[20, 21]  cutensornetContraction2_f64_r4r5r4
  match          body#[22, 23]  cutensornetContraction2_f64_r5r5r4
  match          body#[24, 25]  cutensornetContraction2_f64_r5r5r4
  match          body#[26, 27]  cutensornetContraction2_f64_r4r5r4
  match          body#[28, 29]  cutensornetContraction2_f64_r4r5r4
  match          body#[30, 31]  cutensornetContraction2_f64_r4r5r4
  match          body#[32, 33]  cutensornetContraction2_f64_r4r5r4
  no_match       body#34  ?
  no_match       body#35  ?
  match          body#[36, 37]  cutensornetContraction2_f64_r4r5r4
  match          body#[38, 39]  cutensornetContraction2_f64_r4r5r4
  no_match       body#40  ?
  no_match       body#41  ?
  match          body#[42, 43]  cutensornetContraction2_f64_r4r5r4
  match          body#[44, 45]  cutensornetContraction2_f64_r4r5r4
  no_match       body#46  ?
  no_match       body#47  ?
  match          body#[48, 49]  cutensornetContraction2_f64_r4r5r4
  match          body#[50, 51]  cutensornetContraction2_f64_r4r5r4
  no_match       body#52  ?
  no_match       body#53  ?
  match          body#[54, 55]  cutensornetContraction2_f64_r4r5r4
  match          body#[56, 57]  cutensornetContraction2_f64_r4r5r4
  no_match       body#58  ?
  no_match       body#59  ?
  match          body#[60, 61]  cutensornetContraction2_f64_r4r5r4
  match          body#[62, 63]  cutensornetContraction2_f64_r4r5r4
  no_match       body#64  ?
  no_match       body#65  ?
  match          body#[66, 67]  cutensornetContraction2_f64_r4r5r4
  match          body#[68, 69]  cutensornetContraction2_f64_r4r5r4
  no_match       body#70  ?
  no_match       body#71  ?
  no_match       body#72  ?
  total: 29 matched / 44 bodies
",0,[],0,0,0,0,/home/arjaiswal/Polygeist/issues/mfem_c_kernels/application_extractions/results/mfem_app_abs_l1_curlcurl_3d_partial.debufferized.mlir,45867,8,73,58,11404.325485229492,15,73760,5277.66291052103,258,258,0,232,"[{""body_indices"": [0, 1], ""symbol"": ""cutensornetContraction2_f64_r5r5r4""}, {""body_indices"": [2, 3], ""symbol"": ""cutensornetContraction2_f64_r4r5r4""}, {""body_indices"": [4, 5], ""symbol"": ""cutensornetContraction2_f64_r4r5r4""}, {""body_indices"": [6, 7], ""symbol"": ""cutensornetContraction2_f64_r4r5r4""}, {""body_indices"": [8, 9], ""symbol"": ""cutensornetContraction2_f64_r4r5r4""}, {""body_indices"": [10, 11], ""symbol"": ""cutensornetContraction2_f64_r5r5r4""}, {""body_indices"": [12, 13], ""symbol"": ""cutensornetContraction2_f64_r5r5r4""}, {""body_indices"": [14, 15], ""symbol"": ""cutensornetContraction2_f64_r4r5r4""}, {""body_indices"": [16, 17], ""symbol"": ""cutensornetContraction2_f64_r4r5r4""}, {""body_indices"": [18, 19], ""symbol"": ""cutensornetContraction2_f64_r4r5r4""}, {""body_indices"": [20, 21], ""symbol"": ""cutensornetContraction2_f64_r4r5r4""}, {""body_indices"": [22, 23], ""symbol"": ""cutensornetContraction2_f64_r5r5r4""}, {""body_indices"": [24, 25], ""symbol"": ""cutensornetContraction2_f64_r5r5r4""}, {""body_indices"": [26, 27], ""symbol"": ""cutensornetContraction2_f64_r4r5r4""}, {""body_indices"": [28, 29], ""symbol"": ""cutensornetContraction2_f64_r4r5r4""}, {""body_indices"": [30, 31], ""symbol"": ""cutensornetContraction2_f64_r4r5r4""}, {""body_indices"": [32, 33], ""symbol"": ""cutensornetContraction2_f64_r4r5r4""}, {""body_indices"": [36, 37], ""symbol"": ""cutensornetContraction2_f64_r4r5r4""}, {""body_indices"": [38, 39], ""symbol"": ""cutensornetContraction2_f64_r4r5r4""}, {""body_indices"": [42, 43], ""symbol"": ""cutensornetContraction2_f64_r4r5r4""}, {""body_indices"": [44, 45], ""symbol"": ""cutensornetContraction2_f64_r4r5r4""}, {""body_indices"": [48, 49], ""symbol"": ""cutensornetContraction2_f64_r4r5r4""}, {""body_indices"": [50, 51], ""symbol"": ""cutensornetContraction2_f64_r4r5r4""}, {""body_indices"": [54, 55], ""symbol"": ""cutensornetContraction2_f64_r4r5r4""}, {""body_indices"": [56, 57], ""symbol"": ""cutensornetContraction2_f64_r4r5r4""}, {""body_indices"": [60, 61], ""symbol"": ""cutensornetContraction2_f64_r4r5r4""}, {""body_indices"": [62, 63], ""symbol"": ""cutensornetContraction2_f64_r4r5r4""}, {""body_indices"": [66, 67], ""symbol"": ""cutensornetContraction2_f64_r4r5r4""}, {""body_indices"": [68, 69], ""symbol"": ""cutensornetContraction2_f64_r4r5r4""}]",29,0,0,0.0,258
mfem_application,mfem_app_abs_l1_curlcurl_3d_partial,/home/arjaiswal/Polygeist/issues/mfem_c_kernels/application_extractions/results/mfem_app_abs_l1_curlcurl_3d_partial.debufferized.mlir,d16b3c108c56ee2294bc571b8a7f02a5d76629cbf37e03879dd85d82b0189383,egglog,4,ok,0,15979.846891015768,0,"[""/usr/bin/python3"", ""/home/arjaiswal/Polygeist/scripts/correctness/kernel_match_rewrite.py"", ""/home/arjaiswal/Polygeist/issues/mfem_c_kernels/application_extractions/results/mfem_app_abs_l1_curlcurl_3d_partial.debufferized.mlir"", ""--dry-run"", ""--matcher-mode"", ""egglog"", ""--telemetry-json"", ""/home/arjaiswal/Polygeist/issues/equality_saturation_eval/campaign_20260908/mfem_application-mfem_app_abs_l1_curlcurl_3d_partial-egglog-l7fdbh9w.json"", ""--disable-semantic-fallback""]","r5r5r4
  match          body#[12, 13]  cutensornetContraction2_f64_r5r5r4
  match          body#[14, 15]  cutensornetContraction2_f64_r4r5r4
  match          body#[16, 17]  cutensornetContraction2_f64_r4r5r4
  match          body#[18, 19]  cutensornetContraction2_f64_r4r5r4
  match          body#[20, 21]  cutensornetContraction2_f64_r4r5r4
  match          body#[22, 23]  cutensornetContraction2_f64_r5r5r4
  match          body#[24, 25]  cutensornetContraction2_f64_r5r5r4
  match          body#[26, 27]  cutensornetContraction2_f64_r4r5r4
  match          body#[28, 29]  cutensornetContraction2_f64_r4r5r4
  match          body#[30, 31]  cutensornetContraction2_f64_r4r5r4
  match          body#[32, 33]  cutensornetContraction2_f64_r4r5r4
  no_match       body#34  ?
  no_match       body#35  ?
  match          body#[36, 37]  cutensornetContraction2_f64_r4r5r4
  match          body#[38, 39]  cutensornetContraction2_f64_r4r5r4
  no_match       body#40  ?
  no_match       body#41  ?
  match          body#[42, 43]  cutensornetContraction2_f64_r4r5r4
  match          body#[44, 45]  cutensornetContraction2_f64_r4r5r4
  no_match       body#46  ?
  no_match       body#47  ?
  match          body#[48, 49]  cutensornetContraction2_f64_r4r5r4
  match          body#[50, 51]  cutensornetContraction2_f64_r4r5r4
  no_match       body#52  ?
  no_match       body#53  ?
  match          body#[54, 55]  cutensornetContraction2_f64_r4r5r4
  match          body#[56, 57]  cutensornetContraction2_f64_r4r5r4
  no_match       body#58  ?
  no_match       body#59  ?
  match          body#[60, 61]  cutensornetContraction2_f64_r4r5r4
  match          body#[62, 63]  cutensornetContraction2_f64_r4r5r4
  no_match       body#64  ?
  no_match       body#65  ?
  match          body#[66, 67]  cutensornetContraction2_f64_r4r5r4
  match          body#[68, 69]  cutensornetContraction2_f64_r4r5r4
  no_match       body#70  ?
  no_match       body#71  ?
  no_match       body#72  ?
  total: 29 matched / 44 bodies
",0,[],0,0,0,0,/home/arjaiswal/Polygeist/issues/mfem_c_kernels/application_extractions/results/mfem_app_abs_l1_curlcurl_3d_partial.debufferized.mlir,45867,8,73,58,12025.569520890713,15,74168,6407.419484108686,258,258,0,232,"[{""body_indices"": [0, 1], ""symbol"": ""cutensornetContraction2_f64_r5r5r4""}, {""body_indices"": [2, 3], ""symbol"": ""cutensornetContraction2_f64_r4r5r4""}, {""body_indices"": [4, 5], ""symbol"": ""cutensornetContraction2_f64_r4r5r4""}, {""body_indices"": [6, 7], ""symbol"": ""cutensornetContraction2_f64_r4r5r4""}, {""body_indices"": [8, 9], ""symbol"": ""cutensornetContraction2_f64_r4r5r4""}, {""body_indices"": [10, 11], ""symbol"": ""cutensornetContraction2_f64_r5r5r4""}, {""body_indices"": [12, 13], ""symbol"": ""cutensornetContraction2_f64_r5r5r4""}, {""body_indices"": [14, 15], ""symbol"": ""cutensornetContraction2_f64_r4r5r4""}, {""body_indices"": [16, 17], ""symbol"": ""cutensornetContraction2_f64_r4r5r4""}, {""body_indices"": [18, 19], ""symbol"": ""cutensornetContraction2_f64_r4r5r4""}, {""body_indices"": [20, 21], ""symbol"": ""cutensornetContraction2_f64_r4r5r4""}, {""body_indices"": [22, 23], ""symbol"": ""cutensornetContraction2_f64_r5r5r4""}, {""body_indices"": [24, 25], ""symbol"": ""cutensornetContraction2_f64_r5r5r4""}, {""body_indices"": [26, 27], ""symbol"": ""cutensornetContraction2_f64_r4r5r4""}, {""body_indices"": [28, 29], ""symbol"": ""cutensornetContraction2_f64_r4r5r4""}, {""body_indices"": [30, 31], ""symbol"": ""cutensornetContraction2_f64_r4r5r4""}, {""body_indices"": [32, 33], ""symbol"": ""cutensornetContraction2_f64_r4r5r4""}, {""body_indices"": [36, 37], ""symbol"": ""cutensornetContraction2_f64_r4r5r4""}, {""body_indices"": [38, 39], ""symbol"": ""cutensornetContraction2_f64_r4r5r4""}, {""body_indices"": [42, 43], ""symbol"": ""cutensornetContraction2_f64_r4r5r4""}, {""body_indices"": [44, 45], ""symbol"": ""cutensornetContraction2_f64_r4r5r4""}, {""body_indices"": [48, 49], ""symbol"": ""cutensornetContraction2_f64_r4r5r4""}, {""body_indices"": [50, 51], ""symbol"": ""cutensornetContraction2_f64_r4r5r4""}, {""body_indices"": [54, 55], ""symbol"": ""cutensornetContraction2_f64_r4r5r4""}, {""body_indices"": [56, 57], ""symbol"": ""cutensornetContraction2_f64_r4r5r4""}, {""body_indices"": [60, 61], ""symbol"": ""cutensornetContraction2_f64_r4r5r4""}, {""body_indices"": [62, 63], ""symbol"": ""cutensornetContraction2_f64_r4r5r4""}, {""body_indices"": [66, 67], ""symbol"": ""cutensornetContraction2_f64_r4r5r4""}, {""body_indices"": [68, 69], ""symbol"": ""cutensornetContraction2_f64_r4r5r4""}]",29,0,0,0.0,258
mfem_application,mfem_app_abs_l1_curlcurl_3d_partial,/home/arjaiswal/Polygeist/issues/mfem_c_kernels/application_extractions/results/mfem_app_abs_l1_curlcurl_3d_partial.debufferized.mlir,d16b3c108c56ee2294bc571b8a7f02a5d76629cbf37e03879dd85d82b0189383,syntactic,4,ok,0,7636.317651718855,0,"[""/usr/bin/python3"", ""/home/arjaiswal/Polygeist/scripts/correctness/kernel_match_rewrite.py"", ""/home/arjaiswal/Polygeist/issues/mfem_c_kernels/application_extractions/results/mfem_app_abs_l1_curlcurl_3d_partial.debufferized.mlir"", ""--dry-run"", ""--matcher-mode"", ""syntactic"", ""--telemetry-json"", ""/home/arjaiswal/Polygeist/issues/equality_saturation_eval/campaign_20260908/mfem_application-mfem_app_abs_l1_curlcurl_3d_partial-syntactic-99iar4gw.json"", ""--disable-semantic-fallback""]","r5r5r4
  match          body#[12, 13]  cutensornetContraction2_f64_r5r5r4
  match          body#[14, 15]  cutensornetContraction2_f64_r4r5r4
  match          body#[16, 17]  cutensornetContraction2_f64_r4r5r4
  match          body#[18, 19]  cutensornetContraction2_f64_r4r5r4
  match          body#[20, 21]  cutensornetContraction2_f64_r4r5r4
  match          body#[22, 23]  cutensornetContraction2_f64_r5r5r4
  match          body#[24, 25]  cutensornetContraction2_f64_r5r5r4
  match          body#[26, 27]  cutensornetContraction2_f64_r4r5r4
  match          body#[28, 29]  cutensornetContraction2_f64_r4r5r4
  match          body#[30, 31]  cutensornetContraction2_f64_r4r5r4
  match          body#[32, 33]  cutensornetContraction2_f64_r4r5r4
  no_match       body#34  ?
  no_match       body#35  ?
  match          body#[36, 37]  cutensornetContraction2_f64_r4r5r4
  match          body#[38, 39]  cutensornetContraction2_f64_r4r5r4
  no_match       body#40  ?
  no_match       body#41  ?
  match          body#[42, 43]  cutensornetContraction2_f64_r4r5r4
  match          body#[44, 45]  cutensornetContraction2_f64_r4r5r4
  no_match       body#46  ?
  no_match       body#47  ?
  match          body#[48, 49]  cutensornetContraction2_f64_r4r5r4
  match          body#[50, 51]  cutensornetContraction2_f64_r4r5r4
  no_match       body#52  ?
  no_match       body#53  ?
  match          body#[54, 55]  cutensornetContraction2_f64_r4r5r4
  match          body#[56, 57]  cutensornetContraction2_f64_r4r5r4
  no_match       body#58  ?
  no_match       body#59  ?
  match          body#[60, 61]  cutensornetContraction2_f64_r4r5r4
  match          body#[62, 63]  cutensornetContraction2_f64_r4r5r4
  no_match       body#64  ?
  no_match       body#65  ?
  match          body#[66, 67]  cutensornetContraction2_f64_r4r5r4
  match          body#[68, 69]  cutensornetContraction2_f64_r4r5r4
  no_match       body#70  ?
  no_match       body#71  ?
  no_match       body#72  ?
  total: 29 matched / 44 bodies
",0,[],0,0,0,0,/home/arjaiswal/Polygeist/issues/mfem_c_kernels/application_extractions/results/mfem_app_abs_l1_curlcurl_3d_partial.debufferized.mlir,45867,0,73,58,4539.197336882353,15,69536,1.2625828385353088,0,258,0,0,"[{""body_indices"": [0, 1], ""symbol"": ""cutensornetContraction2_f64_r5r5r4""}, {""body_indices"": [2, 3], ""symbol"": ""cutensornetContraction2_f64_r4r5r4""}, {""body_indices"": [4, 5], ""symbol"": ""cutensornetContraction2_f64_r4r5r4""}, {""body_indices"": [6, 7], ""symbol"": ""cutensornetContraction2_f64_r4r5r4""}, {""body_indices"": [8, 9], ""symbol"": ""cutensornetContraction2_f64_r4r5r4""}, {""body_indices"": [10, 11], ""symbol"": ""cutensornetContraction2_f64_r5r5r4""}, {""body_indices"": [12, 13], ""symbol"": ""cutensornetContraction2_f64_r5r5r4""}, {""body_indices"": [14, 15], ""symbol"": ""cutensornetContraction2_f64_r4r5r4""}, {""body_indices"": [16, 17], ""symbol"": ""cutensornetContraction2_f64_r4r5r4""}, {""body_indices"": [18, 19], ""symbol"": ""cutensornetContraction2_f64_r4r5r4""}, {""body_indices"": [20, 21], ""symbol"": ""cutensornetContraction2_f64_r4r5r4""}, {""body_indices"": [22, 23], ""symbol"": ""cutensornetContraction2_f64_r5r5r4""}, {""body_indices"": [24, 25], ""symbol"": ""cutensornetContraction2_f64_r5r5r4""}, {""body_indices"": [26, 27], ""symbol"": ""cutensornetContraction2_f64_r4r5r4""}, {""body_indices"": [28, 29], ""symbol"": ""cutensornetContraction2_f64_r4r5r4""}, {""body_indices"": [30, 31], ""symbol"": ""cutensornetContraction2_f64_r4r5r4""}, {""body_indices"": [32, 33], ""symbol"": ""cutensornetContraction2_f64_r4r5r4""}, {""body_indices"": [36, 37], ""symbol"": ""cutensornetContraction2_f64_r4r5r4""}, {""body_indices"": [38, 39], ""symbol"": ""cutensornetContraction2_f64_r4r5r4""}, {""body_indices"": [42, 43], ""symbol"": ""cutensornetContraction2_f64_r4r5r4""}, {""body_indices"": [44, 45], ""symbol"": ""cutensornetContraction2_f64_r4r5r4""}, {""body_indices"": [48, 49], ""symbol"": ""cutensornetContraction2_f64_r4r5r4""}, {""body_indices"": [50, 51], ""symbol"": ""cutensornetContraction2_f64_r4r5r4""}, {""body_indices"": [54, 55], ""symbol"": ""cutensornetContraction2_f64_r4r5r4""}, {""body_indices"": [56, 57], ""symbol"": ""cutensornetContraction2_f64_r4r5r4""}, {""body_indices"": [60, 61], ""symbol"": ""cutensornetContraction2_f64_r4r5r4""}, {""body_indices"": [62, 63], ""symbol"": ""cutensornetContraction2_f64_r4r5r4""}, {""body_indices"": [66, 67], ""symbol"": ""cutensornetContraction2_f64_r4r5r4""}, {""body_indices"": [68, 69], ""symbol"": ""cutensornetContraction2_f64_r4r5r4""}]",29,0,258,0.0,258
mfem_application,mfem_app_abs_l1_curlcurl_3d_partial,/home/arjaiswal/Polygeist/issues/mfem_c_kernels/application_extractions/results/mfem_app_abs_l1_curlcurl_3d_partial.debufferized.mlir,d16b3c108c56ee2294bc571b8a7f02a5d76629cbf37e03879dd85d82b0189383,syntactic,5,ok,0,9763.742040842772,0,"[""/usr/bin/python3"", ""/home/arjaiswal/Polygeist/scripts/correctness/kernel_match_rewrite.py"", ""/home/arjaiswal/Polygeist/issues/mfem_c_kernels/application_extractions/results/mfem_app_abs_l1_curlcurl_3d_partial.debufferized.mlir"", ""--dry-run"", ""--matcher-mode"", ""syntactic"", ""--telemetry-json"", ""/home/arjaiswal/Polygeist/issues/equality_saturation_eval/campaign_20260908/mfem_application-mfem_app_abs_l1_curlcurl_3d_partial-syntactic-g1rnme6_.json"", ""--disable-semantic-fallback""]","r5r5r4
  match          body#[12, 13]  cutensornetContraction2_f64_r5r5r4
  match          body#[14, 15]  cutensornetContraction2_f64_r4r5r4
  match          body#[16, 17]  cutensornetContraction2_f64_r4r5r4
  match          body#[18, 19]  cutensornetContraction2_f64_r4r5r4
  match          body#[20, 21]  cutensornetContraction2_f64_r4r5r4
  match          body#[22, 23]  cutensornetContraction2_f64_r5r5r4
  match          body#[24, 25]  cutensornetContraction2_f64_r5r5r4
  match          body#[26, 27]  cutensornetContraction2_f64_r4r5r4
  match          body#[28, 29]  cutensornetContraction2_f64_r4r5r4
  match          body#[30, 31]  cutensornetContraction2_f64_r4r5r4
  match          body#[32, 33]  cutensornetContraction2_f64_r4r5r4
  no_match       body#34  ?
  no_match       body#35  ?
  match          body#[36, 37]  cutensornetContraction2_f64_r4r5r4
  match          body#[38, 39]  cutensornetContraction2_f64_r4r5r4
  no_match       body#40  ?
  no_match       body#41  ?
  match          body#[42, 43]  cutensornetContraction2_f64_r4r5r4
  match          body#[44, 45]  cutensornetContraction2_f64_r4r5r4
  no_match       body#46  ?
  no_match       body#47  ?
  match          body#[48, 49]  cutensornetContraction2_f64_r4r5r4
  match          body#[50, 51]  cutensornetContraction2_f64_r4r5r4
  no_match       body#52  ?
  no_match       body#53  ?
  match          body#[54, 55]  cutensornetContraction2_f64_r4r5r4
  match          body#[56, 57]  cutensornetContraction2_f64_r4r5r4
  no_match       body#58  ?
  no_match       body#59  ?
  match          body#[60, 61]  cutensornetContraction2_f64_r4r5r4
  match          body#[62, 63]  cutensornetContraction2_f64_r4r5r4
  no_match       body#64  ?
  no_match       body#65  ?
  match          body#[66, 67]  cutensornetContraction2_f64_r4r5r4
  match          body#[68, 69]  cutensornetContraction2_f64_r4r5r4
  no_match       body#70  ?
  no_match       body#71  ?
  no_match       body#72  ?
  total: 29 matched / 44 bodies
",0,[],0,0,0,0,/home/arjaiswal/Polygeist/issues/mfem_c_kernels/application_extractions/results/mfem_app_abs_l1_curlcurl_3d_partial.debufferized.mlir,45867,0,73,58,5578.155282884836,15,69440,1.5155822038650513,0,258,0,0,"[{""body_indices"": [0, 1], ""symbol"": ""cutensornetContraction2_f64_r5r5r4""}, {""body_indices"": [2, 3], ""symbol"": ""cutensornetContraction2_f64_r4r5r4""}, {""body_indices"": [4, 5], ""symbol"": ""cutensornetContraction2_f64_r4r5r4""}, {""body_indices"": [6, 7], ""symbol"": ""cutensornetContraction2_f64_r4r5r4""}, {""body_indices"": [8, 9], ""symbol"": ""cutensornetContraction2_f64_r4r5r4""}, {""body_indices"": [10, 11], ""symbol"": ""cutensornetContraction2_f64_r5r5r4""}, {""body_indices"": [12, 13], ""symbol"": ""cutensornetContraction2_f64_r5r5r4""}, {""body_indices"": [14, 15], ""symbol"": ""cutensornetContraction2_f64_r4r5r4""}, {""body_indices"": [16, 17], ""symbol"": ""cutensornetContraction2_f64_r4r5r4""}, {""body_indices"": [18, 19], ""symbol"": ""cutensornetContraction2_f64_r4r5r4""}, {""body_indices"": [20, 21], ""symbol"": ""cutensornetContraction2_f64_r4r5r4""}, {""body_indices"": [22, 23], ""symbol"": ""cutensornetContraction2_f64_r5r5r4""}, {""body_indices"": [24, 25], ""symbol"": ""cutensornetContraction2_f64_r5r5r4""}, {""body_indices"": [26, 27], ""symbol"": ""cutensornetContraction2_f64_r4r5r4""}, {""body_indices"": [28, 29], ""symbol"": ""cutensornetContraction2_f64_r4r5r4""}, {""body_indices"": [30, 31], ""symbol"": ""cutensornetContraction2_f64_r4r5r4""}, {""body_indices"": [32, 33], ""symbol"": ""cutensornetContraction2_f64_r4r5r4""}, {""body_indices"": [36, 37], ""symbol"": ""cutensornetContraction2_f64_r4r5r4""}, {""body_indices"": [38, 39], ""symbol"": ""cutensornetContraction2_f64_r4r5r4""}, {""body_indices"": [42, 43], ""symbol"": ""cutensornetContraction2_f64_r4r5r4""}, {""body_indices"": [44, 45], ""symbol"": ""cutensornetContraction2_f64_r4r5r4""}, {""body_indices"": [48, 49], ""symbol"": ""cutensornetContraction2_f64_r4r5r4""}, {""body_indices"": [50, 51], ""symbol"": ""cutensornetContraction2_f64_r4r5r4""}, {""body_indices"": [54, 55], ""symbol"": ""cutensornetContraction2_f64_r4r5r4""}, {""body_indices"": [56, 57], ""symbol"": ""cutensornetContraction2_f64_r4r5r4""}, {""body_indices"": [60, 61], ""symbol"": ""cutensornetContraction2_f64_r4r5r4""}, {""body_indices"": [62, 63], ""symbol"": ""cutensornetContraction2_f64_r4r5r4""}, {""body_indices"": [66, 67], ""symbol"": ""cutensornetContraction2_f64_r4r5r4""}, {""body_indices"": [68, 69], ""symbol"": ""cutensornetContraction2_f64_r4r5r4""}]",29,0,258,0.0,258
mfem_application,mfem_app_abs_l1_curlcurl_3d_partial,/home/arjaiswal/Polygeist/issues/mfem_c_kernels/application_extractions/results/mfem_app_abs_l1_curlcurl_3d_partial.debufferized.mlir,d16b3c108c56ee2294bc571b8a7f02a5d76629cbf37e03879dd85d82b0189383,egglog,5,ok,0,13629.741955548525,0,"[""/usr/bin/python3"", ""/home/arjaiswal/Polygeist/scripts/correctness/kernel_match_rewrite.py"", ""/home/arjaiswal/Polygeist/issues/mfem_c_kernels/application_extractions/results/mfem_app_abs_l1_curlcurl_3d_partial.debufferized.mlir"", ""--dry-run"", ""--matcher-mode"", ""egglog"", ""--telemetry-json"", ""/home/arjaiswal/Polygeist/issues/equality_saturation_eval/campaign_20260908/mfem_application-mfem_app_abs_l1_curlcurl_3d_partial-egglog-wvj0oy5f.json"", ""--disable-semantic-fallback""]","r5r5r4
  match          body#[12, 13]  cutensornetContraction2_f64_r5r5r4
  match          body#[14, 15]  cutensornetContraction2_f64_r4r5r4
  match          body#[16, 17]  cutensornetContraction2_f64_r4r5r4
  match          body#[18, 19]  cutensornetContraction2_f64_r4r5r4
  match          body#[20, 21]  cutensornetContraction2_f64_r4r5r4
  match          body#[22, 23]  cutensornetContraction2_f64_r5r5r4
  match          body#[24, 25]  cutensornetContraction2_f64_r5r5r4
  match          body#[26, 27]  cutensornetContraction2_f64_r4r5r4
  match          body#[28, 29]  cutensornetContraction2_f64_r4r5r4
  match          body#[30, 31]  cutensornetContraction2_f64_r4r5r4
  match          body#[32, 33]  cutensornetContraction2_f64_r4r5r4
  no_match       body#34  ?
  no_match       body#35  ?
  match          body#[36, 37]  cutensornetContraction2_f64_r4r5r4
  match          body#[38, 39]  cutensornetContraction2_f64_r4r5r4
  no_match       body#40  ?
  no_match       body#41  ?
  match          body#[42, 43]  cutensornetContraction2_f64_r4r5r4
  match          body#[44, 45]  cutensornetContraction2_f64_r4r5r4
  no_match       body#46  ?
  no_match       body#47  ?
  match          body#[48, 49]  cutensornetContraction2_f64_r4r5r4
  match          body#[50, 51]  cutensornetContraction2_f64_r4r5r4
  no_match       body#52  ?
  no_match       body#53  ?
  match          body#[54, 55]  cutensornetContraction2_f64_r4r5r4
  match          body#[56, 57]  cutensornetContraction2_f64_r4r5r4
  no_match       body#58  ?
  no_match       body#59  ?
  match          body#[60, 61]  cutensornetContraction2_f64_r4r5r4
  match          body#[62, 63]  cutensornetContraction2_f64_r4r5r4
  no_match       body#64  ?
  no_match       body#65  ?
  match          body#[66, 67]  cutensornetContraction2_f64_r4r5r4
  match          body#[68, 69]  cutensornetContraction2_f64_r4r5r4
  no_match       body#70  ?
  no_match       body#71  ?
  no_match       body#72  ?
  total: 29 matched / 44 bodies
",0,[],0,0,0,0,/home/arjaiswal/Polygeist/issues/mfem_c_kernels/application_extractions/results/mfem_app_abs_l1_curlcurl_3d_partial.debufferized.mlir,45867,8,73,58,11147.964227944613,15,73928,5631.189566105604,258,258,0,232,"[{""body_indices"": [0, 1], ""symbol"": ""cutensornetContraction2_f64_r5r5r4""}, {""body_indices"": [2, 3], ""symbol"": ""cutensornetContraction2_f64_r4r5r4""}, {""body_indices"": [4, 5], ""symbol"": ""cutensornetContraction2_f64_r4r5r4""}, {""body_indices"": [6, 7], ""symbol"": ""cutensornetContraction2_f64_r4r5r4""}, {""body_indices"": [8, 9], ""symbol"": ""cutensornetContraction2_f64_r4r5r4""}, {""body_indices"": [10, 11], ""symbol"": ""cutensornetContraction2_f64_r5r5r4""}, {""body_indices"": [12, 13], ""symbol"": ""cutensornetContraction2_f64_r5r5r4""}, {""body_indices"": [14, 15], ""symbol"": ""cutensornetContraction2_f64_r4r5r4""}, {""body_indices"": [16, 17], ""symbol"": ""cutensornetContraction2_f64_r4r5r4""}, {""body_indices"": [18, 19], ""symbol"": ""cutensornetContraction2_f64_r4r5r4""}, {""body_indices"": [20, 21], ""symbol"": ""cutensornetContraction2_f64_r4r5r4""}, {""body_indices"": [22, 23], ""symbol"": ""cutensornetContraction2_f64_r5r5r4""}, {""body_indices"": [24, 25], ""symbol"": ""cutensornetContraction2_f64_r5r5r4""}, {""body_indices"": [26, 27], ""symbol"": ""cutensornetContraction2_f64_r4r5r4""}, {""body_indices"": [28, 29], ""symbol"": ""cutensornetContraction2_f64_r4r5r4""}, {""body_indices"": [30, 31], ""symbol"": ""cutensornetContraction2_f64_r4r5r4""}, {""body_indices"": [32, 33], ""symbol"": ""cutensornetContraction2_f64_r4r5r4""}, {""body_indices"": [36, 37], ""symbol"": ""cutensornetContraction2_f64_r4r5r4""}, {""body_indices"": [38, 39], ""symbol"": ""cutensornetContraction2_f64_r4r5r4""}, {""body_indices"": [42, 43], ""symbol"": ""cutensornetContraction2_f64_r4r5r4""}, {""body_indices"": [44, 45], ""symbol"": ""cutensornetContraction2_f64_r4r5r4""}, {""body_indices"": [48, 49], ""symbol"": ""cutensornetContraction2_f64_r4r5r4""}, {""body_indices"": [50, 51], ""symbol"": ""cutensornetContraction2_f64_r4r5r4""}, {""body_indices"": [54, 55], ""symbol"": ""cutensornetContraction2_f64_r4r5r4""}, {""body_indices"": [56, 57], ""symbol"": ""cutensornetContraction2_f64_r4r5r4""}, {""body_indices"": [60, 61], ""symbol"": ""cutensornetContraction2_f64_r4r5r4""}, {""body_indices"": [62, 63], ""symbol"": ""cutensornetContraction2_f64_r4r5r4""}, {""body_indices"": [66, 67], ""symbol"": ""cutensornetContraction2_f64_r4r5r4""}, {""body_indices"": [68, 69], ""symbol"": ""cutensornetContraction2_f64_r4r5r4""}]",29,0,0,0.0,258
mfem_application,mfem_app_abs_l1_diffusion_3d,/home/arjaiswal/Polygeist/issues/mfem_c_kernels/application_extractions/results/mfem_app_abs_l1_diffusion_3d.debufferized.mlir,8cbdb2ddd207a9c3d58370b56486dfe49c5c3cb5cf812a149b49c3162b470509,egglog,1,ok,0,5878.301613032818,0,"[""/usr/bin/python3"", ""/home/arjaiswal/Polygeist/scripts/correctness/kernel_match_rewrite.py"", ""/home/arjaiswal/Polygeist/issues/mfem_c_kernels/application_extractions/results/mfem_app_abs_l1_diffusion_3d.debufferized.mlir"", ""--dry-run"", ""--matcher-mode"", ""egglog"", ""--telemetry-json"", ""/home/arjaiswal/Polygeist/issues/equality_saturation_eval/campaign_20260908/mfem_application-mfem_app_abs_l1_diffusion_3d-egglog-mzg9pz2z.json"", ""--disable-semantic-fallback""]","== match report for /home/arjaiswal/Polygeist/issues/mfem_c_kernels/application_extractions/results/mfem_app_abs_l1_diffusion_3d.debufferized.mlir ==
  match          body#[0, 1]  cutensornetContraction2_f64
  match          body#[2, 3]  cutensornetContraction2_f64
  match          body#[4, 5]  cutensornetContraction2_f64
  match          body#[6, 7]  cutensornetContraction2_f64
  match          body#[8, 9]  cutensornetContraction2_f64
  match          body#[10, 11]  cutensornetContraction2_f64
  match          body#[12, 13]  cutensornetContraction2_f64
  match          body#[14, 15]  cutensornetContraction2_f64
  no_match       body#16  ?
  no_match       body#17  ?
  no_match       body#18  ?
  no_match       body#19  ?
  no_match       body#20  ?
  no_match       body#21  ?
  match          body#[22, 23]  cutensornetContraction2_f64
  match          body#[24, 25]  cutensornetContraction2_f64
  match          body#[26, 27]  cutensornetContraction2_f64
  match          body#[28, 29]  cutensornetContraction2_f64
  match          body#[30, 31]  cutensornetContraction2_f64
  match          body#[32, 33]  cutensornetContraction2_f64
  no_match       body#34  ?
  total: 14 matched / 21 bodies
",0,[],0,0,0,0,/home/arjaiswal/Polygeist/issues/mfem_c_kernels/application_extractions/results/mfem_app_abs_l1_diffusion_3d.debufferized.mlir,37685,8,35,28,4253.492817282677,7,71536,1998.9379718899727,124,124,0,112,"[{""body_indices"": [0, 1], ""symbol"": ""cutensornetContraction2_f64""}, {""body_indices"": [2, 3], ""symbol"": ""cutensornetContraction2_f64""}, {""body_indices"": [4, 5], ""symbol"": ""cutensornetContraction2_f64""}, {""body_indices"": [6, 7], ""symbol"": ""cutensornetContraction2_f64""}, {""body_indices"": [8, 9], ""symbol"": ""cutensornetContraction2_f64""}, {""body_indices"": [10, 11], ""symbol"": ""cutensornetContraction2_f64""}, {""body_indices"": [12, 13], ""symbol"": ""cutensornetContraction2_f64""}, {""body_indices"": [14, 15], ""symbol"": ""cutensornetContraction2_f64""}, {""body_indices"": [22, 23], ""symbol"": ""cutensornetContraction2_f64""}, {""body_indices"": [24, 25], ""symbol"": ""cutensornetContraction2_f64""}, {""body_indices"": [26, 27], ""symbol"": ""cutensornetContraction2_f64""}, {""body_indices"": [28, 29], ""symbol"": ""cutensornetContraction2_f64""}, {""body_indices"": [30, 31], ""symbol"": ""cutensornetContraction2_f64""}, {""body_indices"": [32, 33], ""symbol"": ""cutensornetContraction2_f64""}]",14,0,0,0.0,124
mfem_application,mfem_app_abs_l1_diffusion_3d,/home/arjaiswal/Polygeist/issues/mfem_c_kernels/application_extractions/results/mfem_app_abs_l1_diffusion_3d.debufferized.mlir,8cbdb2ddd207a9c3d58370b56486dfe49c5c3cb5cf812a149b49c3162b470509,syntactic,1,ok,0,3048.5363006591797,0,"[""/usr/bin/python3"", ""/home/arjaiswal/Polygeist/scripts/correctness/kernel_match_rewrite.py"", ""/home/arjaiswal/Polygeist/issues/mfem_c_kernels/application_extractions/results/mfem_app_abs_l1_diffusion_3d.debufferized.mlir"", ""--dry-run"", ""--matcher-mode"", ""syntactic"", ""--telemetry-json"", ""/home/arjaiswal/Polygeist/issues/equality_saturation_eval/campaign_20260908/mfem_application-mfem_app_abs_l1_diffusion_3d-syntactic-d12b5hhr.json"", ""--disable-semantic-fallback""]","== match report for /home/arjaiswal/Polygeist/issues/mfem_c_kernels/application_extractions/results/mfem_app_abs_l1_diffusion_3d.debufferized.mlir ==
  match          body#[0, 1]  cutensornetContraction2_f64
  match          body#[2, 3]  cutensornetContraction2_f64
  match          body#[4, 5]  cutensornetContraction2_f64
  match          body#[6, 7]  cutensornetContraction2_f64
  match          body#[8, 9]  cutensornetContraction2_f64
  match          body#[10, 11]  cutensornetContraction2_f64
  match          body#[12, 13]  cutensornetContraction2_f64
  match          body#[14, 15]  cutensornetContraction2_f64
  no_match       body#16  ?
  no_match       body#17  ?
  no_match       body#18  ?
  no_match       body#19  ?
  no_match       body#20  ?
  no_match       body#21  ?
  match          body#[22, 23]  cutensornetContraction2_f64
  match          body#[24, 25]  cutensornetContraction2_f64
  match          body#[26, 27]  cutensornetContraction2_f64
  match          body#[28, 29]  cutensornetContraction2_f64
  match          body#[30, 31]  cutensornetContraction2_f64
  match          body#[32, 33]  cutensornetContraction2_f64
  no_match       body#34  ?
  total: 14 matched / 21 bodies
",0,[],0,0,0,0,/home/arjaiswal/Polygeist/issues/mfem_c_kernels/application_extractions/results/mfem_app_abs_l1_diffusion_3d.debufferized.mlir,37685,0,35,28,1666.5927059948444,7,67176,0.6512552499771118,0,124,0,0,"[{""body_indices"": [0, 1], ""symbol"": ""cutensornetContraction2_f64""}, {""body_indices"": [2, 3], ""symbol"": ""cutensornetContraction2_f64""}, {""body_indices"": [4, 5], ""symbol"": ""cutensornetContraction2_f64""}, {""body_indices"": [6, 7], ""symbol"": ""cutensornetContraction2_f64""}, {""body_indices"": [8, 9], ""symbol"": ""cutensornetContraction2_f64""}, {""body_indices"": [10, 11], ""symbol"": ""cutensornetContraction2_f64""}, {""body_indices"": [12, 13], ""symbol"": ""cutensornetContraction2_f64""}, {""body_indices"": [14, 15], ""symbol"": ""cutensornetContraction2_f64""}, {""body_indices"": [22, 23], ""symbol"": ""cutensornetContraction2_f64""}, {""body_indices"": [24, 25], ""symbol"": ""cutensornetContraction2_f64""}, {""body_indices"": [26, 27], ""symbol"": ""cutensornetContraction2_f64""}, {""body_indices"": [28, 29], ""symbol"": ""cutensornetContraction2_f64""}, {""body_indices"": [30, 31], ""symbol"": ""cutensornetContraction2_f64""}, {""body_indices"": [32, 33], ""symbol"": ""cutensornetContraction2_f64""}]",14,0,124,0.0,124
mfem_application,mfem_app_abs_l1_diffusion_3d,/home/arjaiswal/Polygeist/issues/mfem_c_kernels/application_extractions/results/mfem_app_abs_l1_diffusion_3d.debufferized.mlir,8cbdb2ddd207a9c3d58370b56486dfe49c5c3cb5cf812a149b49c3162b470509,syntactic,2,ok,0,2567.0028664171696,0,"[""/usr/bin/python3"", ""/home/arjaiswal/Polygeist/scripts/correctness/kernel_match_rewrite.py"", ""/home/arjaiswal/Polygeist/issues/mfem_c_kernels/application_extractions/results/mfem_app_abs_l1_diffusion_3d.debufferized.mlir"", ""--dry-run"", ""--matcher-mode"", ""syntactic"", ""--telemetry-json"", ""/home/arjaiswal/Polygeist/issues/equality_saturation_eval/campaign_20260908/mfem_application-mfem_app_abs_l1_diffusion_3d-syntactic-6wrksfym.json"", ""--disable-semantic-fallback""]","== match report for /home/arjaiswal/Polygeist/issues/mfem_c_kernels/application_extractions/results/mfem_app_abs_l1_diffusion_3d.debufferized.mlir ==
  match          body#[0, 1]  cutensornetContraction2_f64
  match          body#[2, 3]  cutensornetContraction2_f64
  match          body#[4, 5]  cutensornetContraction2_f64
  match          body#[6, 7]  cutensornetContraction2_f64
  match          body#[8, 9]  cutensornetContraction2_f64
  match          body#[10, 11]  cutensornetContraction2_f64
  match          body#[12, 13]  cutensornetContraction2_f64
  match          body#[14, 15]  cutensornetContraction2_f64
  no_match       body#16  ?
  no_match       body#17  ?
  no_match       body#18  ?
  no_match       body#19  ?
  no_match       body#20  ?
  no_match       body#21  ?
  match          body#[22, 23]  cutensornetContraction2_f64
  match          body#[24, 25]  cutensornetContraction2_f64
  match          body#[26, 27]  cutensornetContraction2_f64
  match          body#[28, 29]  cutensornetContraction2_f64
  match          body#[30, 31]  cutensornetContraction2_f64
  match          body#[32, 33]  cutensornetContraction2_f64
  no_match       body#34  ?
  total: 14 matched / 21 bodies
",0,[],0,0,0,0,/home/arjaiswal/Polygeist/issues/mfem_c_kernels/application_extractions/results/mfem_app_abs_l1_diffusion_3d.debufferized.mlir,37685,0,35,28,1109.6747443079948,7,67164,0.6201155483722687,0,124,0,0,"[{""body_indices"": [0, 1], ""symbol"": ""cutensornetContraction2_f64""}, {""body_indices"": [2, 3], ""symbol"": ""cutensornetContraction2_f64""}, {""body_indices"": [4, 5], ""symbol"": ""cutensornetContraction2_f64""}, {""body_indices"": [6, 7], ""symbol"": ""cutensornetContraction2_f64""}, {""body_indices"": [8, 9], ""symbol"": ""cutensornetContraction2_f64""}, {""body_indices"": [10, 11], ""symbol"": ""cutensornetContraction2_f64""}, {""body_indices"": [12, 13], ""symbol"": ""cutensornetContraction2_f64""}, {""body_indices"": [14, 15], ""symbol"": ""cutensornetContraction2_f64""}, {""body_indices"": [22, 23], ""symbol"": ""cutensornetContraction2_f64""}, {""body_indices"": [24, 25], ""symbol"": ""cutensornetContraction2_f64""}, {""body_indices"": [26, 27], ""symbol"": ""cutensornetContraction2_f64""}, {""body_indices"": [28, 29], ""symbol"": ""cutensornetContraction2_f64""}, {""body_indices"": [30, 31], ""symbol"": ""cutensornetContraction2_f64""}, {""body_indices"": [32, 33], ""symbol"": ""cutensornetContraction2_f64""}]",14,0,124,0.0,124
mfem_application,mfem_app_abs_l1_diffusion_3d,/home/arjaiswal/Polygeist/issues/mfem_c_kernels/application_extractions/results/mfem_app_abs_l1_diffusion_3d.debufferized.mlir,8cbdb2ddd207a9c3d58370b56486dfe49c5c3cb5cf812a149b49c3162b470509,egglog,2,ok,0,7213.208440691233,0,"[""/usr/bin/python3"", ""/home/arjaiswal/Polygeist/scripts/correctness/kernel_match_rewrite.py"", ""/home/arjaiswal/Polygeist/issues/mfem_c_kernels/application_extractions/results/mfem_app_abs_l1_diffusion_3d.debufferized.mlir"", ""--dry-run"", ""--matcher-mode"", ""egglog"", ""--telemetry-json"", ""/home/arjaiswal/Polygeist/issues/equality_saturation_eval/campaign_20260908/mfem_application-mfem_app_abs_l1_diffusion_3d-egglog-yyx9mdo7.json"", ""--disable-semantic-fallback""]","== match report for /home/arjaiswal/Polygeist/issues/mfem_c_kernels/application_extractions/results/mfem_app_abs_l1_diffusion_3d.debufferized.mlir ==
  match          body#[0, 1]  cutensornetContraction2_f64
  match          body#[2, 3]  cutensornetContraction2_f64
  match          body#[4, 5]  cutensornetContraction2_f64
  match          body#[6, 7]  cutensornetContraction2_f64
  match          body#[8, 9]  cutensornetContraction2_f64
  match          body#[10, 11]  cutensornetContraction2_f64
  match          body#[12, 13]  cutensornetContraction2_f64
  match          body#[14, 15]  cutensornetContraction2_f64
  no_match       body#16  ?
  no_match       body#17  ?
  no_match       body#18  ?
  no_match       body#19  ?
  no_match       body#20  ?
  no_match       body#21  ?
  match          body#[22, 23]  cutensornetContraction2_f64
  match          body#[24, 25]  cutensornetContraction2_f64
  match          body#[26, 27]  cutensornetContraction2_f64
  match          body#[28, 29]  cutensornetContraction2_f64
  match          body#[30, 31]  cutensornetContraction2_f64
  match          body#[32, 33]  cutensornetContraction2_f64
  no_match       body#34  ?
  total: 14 matched / 21 bodies
",0,[],0,0,0,0,/home/arjaiswal/Polygeist/issues/mfem_c_kernels/application_extractions/results/mfem_app_abs_l1_diffusion_3d.debufferized.mlir,37685,8,35,28,6042.959079146385,7,71512,3292.098071426153,124,124,0,112,"[{""body_indices"": [0, 1], ""symbol"": ""cutensornetContraction2_f64""}, {""body_indices"": [2, 3], ""symbol"": ""cutensornetContraction2_f64""}, {""body_indices"": [4, 5], ""symbol"": ""cutensornetContraction2_f64""}, {""body_indices"": [6, 7], ""symbol"": ""cutensornetContraction2_f64""}, {""body_indices"": [8, 9], ""symbol"": ""cutensornetContraction2_f64""}, {""body_indices"": [10, 11], ""symbol"": ""cutensornetContraction2_f64""}, {""body_indices"": [12, 13], ""symbol"": ""cutensornetContraction2_f64""}, {""body_indices"": [14, 15], ""symbol"": ""cutensornetContraction2_f64""}, {""body_indices"": [22, 23], ""symbol"": ""cutensornetContraction2_f64""}, {""body_indices"": [24, 25], ""symbol"": ""cutensornetContraction2_f64""}, {""body_indices"": [26, 27], ""symbol"": ""cutensornetContraction2_f64""}, {""body_indices"": [28, 29], ""symbol"": ""cutensornetContraction2_f64""}, {""body_indices"": [30, 31], ""symbol"": ""cutensornetContraction2_f64""}, {""body_indices"": [32, 33], ""symbol"": ""cutensornetContraction2_f64""}]",14,0,0,0.0,124
mfem_application,mfem_app_abs_l1_diffusion_3d,/home/arjaiswal/Polygeist/issues/mfem_c_kernels/application_extractions/results/mfem_app_abs_l1_diffusion_3d.debufferized.mlir,8cbdb2ddd207a9c3d58370b56486dfe49c5c3cb5cf812a149b49c3162b470509,egglog,3,ok,0,6002.173788845539,0,"[""/usr/bin/python3"", ""/home/arjaiswal/Polygeist/scripts/correctness/kernel_match_rewrite.py"", ""/home/arjaiswal/Polygeist/issues/mfem_c_kernels/application_extractions/results/mfem_app_abs_l1_diffusion_3d.debufferized.mlir"", ""--dry-run"", ""--matcher-mode"", ""egglog"", ""--telemetry-json"", ""/home/arjaiswal/Polygeist/issues/equality_saturation_eval/campaign_20260908/mfem_application-mfem_app_abs_l1_diffusion_3d-egglog-pbq_yuvu.json"", ""--disable-semantic-fallback""]","== match report for /home/arjaiswal/Polygeist/issues/mfem_c_kernels/application_extractions/results/mfem_app_abs_l1_diffusion_3d.debufferized.mlir ==
  match          body#[0, 1]  cutensornetContraction2_f64
  match          body#[2, 3]  cutensornetContraction2_f64
  match          body#[4, 5]  cutensornetContraction2_f64
  match          body#[6, 7]  cutensornetContraction2_f64
  match          body#[8, 9]  cutensornetContraction2_f64
  match          body#[10, 11]  cutensornetContraction2_f64
  match          body#[12, 13]  cutensornetContraction2_f64
  match          body#[14, 15]  cutensornetContraction2_f64
  no_match       body#16  ?
  no_match       body#17  ?
  no_match       body#18  ?
  no_match       body#19  ?
  no_match       body#20  ?
  no_match       body#21  ?
  match          body#[22, 23]  cutensornetContraction2_f64
  match          body#[24, 25]  cutensornetContraction2_f64
  match          body#[26, 27]  cutensornetContraction2_f64
  match          body#[28, 29]  cutensornetContraction2_f64
  match          body#[30, 31]  cutensornetContraction2_f64
  match          body#[32, 33]  cutensornetContraction2_f64
  no_match       body#34  ?
  total: 14 matched / 21 bodies
",0,[],0,0,0,0,/home/arjaiswal/Polygeist/issues/mfem_c_kernels/application_extractions/results/mfem_app_abs_l1_diffusion_3d.debufferized.mlir,37685,8,35,28,4540.642876178026,7,71544,2331.674747169018,124,124,0,112,"[{""body_indices"": [0, 1], ""symbol"": ""cutensornetContraction2_f64""}, {""body_indices"": [2, 3], ""symbol"": ""cutensornetContraction2_f64""}, {""body_indices"": [4, 5], ""symbol"": ""cutensornetContraction2_f64""}, {""body_indices"": [6, 7], ""symbol"": ""cutensornetContraction2_f64""}, {""body_indices"": [8, 9], ""symbol"": ""cutensornetContraction2_f64""}, {""body_indices"": [10, 11], ""symbol"": ""cutensornetContraction2_f64""}, {""body_indices"": [12, 13], ""symbol"": ""cutensornetContraction2_f64""}, {""body_indices"": [14, 15], ""symbol"": ""cutensornetContraction2_f64""}, {""body_indices"": [22, 23], ""symbol"": ""cutensornetContraction2_f64""}, {""body_indices"": [24, 25], ""symbol"": ""cutensornetContraction2_f64""}, {""body_indices"": [26, 27], ""symbol"": ""cutensornetContraction2_f64""}, {""body_indices"": [28, 29], ""symbol"": ""cutensornetContraction2_f64""}, {""body_indices"": [30, 31], ""symbol"": ""cutensornetContraction2_f64""}, {""body_indices"": [32, 33], ""symbol"": ""cutensornetContraction2_f64""}]",14,0,0,0.0,124
mfem_application,mfem_app_abs_l1_diffusion_3d,/home/arjaiswal/Polygeist/issues/mfem_c_kernels/application_extractions/results/mfem_app_abs_l1_diffusion_3d.debufferized.mlir,8cbdb2ddd207a9c3d58370b56486dfe49c5c3cb5cf812a149b49c3162b470509,syntactic,3,ok,0,3435.3356808423996,0,"[""/usr/bin/python3"", ""/home/arjaiswal/Polygeist/scripts/correctness/kernel_match_rewrite.py"", ""/home/arjaiswal/Polygeist/issues/mfem_c_kernels/application_extractions/results/mfem_app_abs_l1_diffusion_3d.debufferized.mlir"", ""--dry-run"", ""--matcher-mode"", ""syntactic"", ""--telemetry-json"", ""/home/arjaiswal/Polygeist/issues/equality_saturation_eval/campaign_20260908/mfem_application-mfem_app_abs_l1_diffusion_3d-syntactic-13rkey3d.json"", ""--disable-semantic-fallback""]","== match report for /home/arjaiswal/Polygeist/issues/mfem_c_kernels/application_extractions/results/mfem_app_abs_l1_diffusion_3d.debufferized.mlir ==
  match          body#[0, 1]  cutensornetContraction2_f64
  match          body#[2, 3]  cutensornetContraction2_f64
  match          body#[4, 5]  cutensornetContraction2_f64
  match          body#[6, 7]  cutensornetContraction2_f64
  match          body#[8, 9]  cutensornetContraction2_f64
  match          body#[10, 11]  cutensornetContraction2_f64
  match          body#[12, 13]  cutensornetContraction2_f64
  match          body#[14, 15]  cutensornetContraction2_f64
  no_match       body#16  ?
  no_match       body#17  ?
  no_match       body#18  ?
  no_match       body#19  ?
  no_match       body#20  ?
  no_match       body#21  ?
  match          body#[22, 23]  cutensornetContraction2_f64
  match          body#[24, 25]  cutensornetContraction2_f64
  match          body#[26, 27]  cutensornetContraction2_f64
  match          body#[28, 29]  cutensornetContraction2_f64
  match          body#[30, 31]  cutensornetContraction2_f64
  match          body#[32, 33]  cutensornetContraction2_f64
  no_match       body#34  ?
  total: 14 matched / 21 bodies
",0,[],0,0,0,0,/home/arjaiswal/Polygeist/issues/mfem_c_kernels/application_extractions/results/mfem_app_abs_l1_diffusion_3d.debufferized.mlir,37685,0,35,28,2024.7348360717297,7,66936,0.7353946566581726,0,124,0,0,"[{""body_indices"": [0, 1], ""symbol"": ""cutensornetContraction2_f64""}, {""body_indices"": [2, 3], ""symbol"": ""cutensornetContraction2_f64""}, {""body_indices"": [4, 5], ""symbol"": ""cutensornetContraction2_f64""}, {""body_indices"": [6, 7], ""symbol"": ""cutensornetContraction2_f64""}, {""body_indices"": [8, 9], ""symbol"": ""cutensornetContraction2_f64""}, {""body_indices"": [10, 11], ""symbol"": ""cutensornetContraction2_f64""}, {""body_indices"": [12, 13], ""symbol"": ""cutensornetContraction2_f64""}, {""body_indices"": [14, 15], ""symbol"": ""cutensornetContraction2_f64""}, {""body_indices"": [22, 23], ""symbol"": ""cutensornetContraction2_f64""}, {""body_indices"": [24, 25], ""symbol"": ""cutensornetContraction2_f64""}, {""body_indices"": [26, 27], ""symbol"": ""cutensornetContraction2_f64""}, {""body_indices"": [28, 29], ""symbol"": ""cutensornetContraction2_f64""}, {""body_indices"": [30, 31], ""symbol"": ""cutensornetContraction2_f64""}, {""body_indices"": [32, 33], ""symbol"": ""cutensornetContraction2_f64""}]",14,0,124,0.0,124
mfem_application,mfem_app_abs_l1_diffusion_3d,/home/arjaiswal/Polygeist/issues/mfem_c_kernels/application_extractions/results/mfem_app_abs_l1_diffusion_3d.debufferized.mlir,8cbdb2ddd207a9c3d58370b56486dfe49c5c3cb5cf812a149b49c3162b470509,syntactic,4,ok,0,2494.3395629525185,0,"[""/usr/bin/python3"", ""/home/arjaiswal/Polygeist/scripts/correctness/kernel_match_rewrite.py"", ""/home/arjaiswal/Polygeist/issues/mfem_c_kernels/application_extractions/results/mfem_app_abs_l1_diffusion_3d.debufferized.mlir"", ""--dry-run"", ""--matcher-mode"", ""syntactic"", ""--telemetry-json"", ""/home/arjaiswal/Polygeist/issues/equality_saturation_eval/campaign_20260908/mfem_application-mfem_app_abs_l1_diffusion_3d-syntactic-7upr1evs.json"", ""--disable-semantic-fallback""]","== match report for /home/arjaiswal/Polygeist/issues/mfem_c_kernels/application_extractions/results/mfem_app_abs_l1_diffusion_3d.debufferized.mlir ==
  match          body#[0, 1]  cutensornetContraction2_f64
  match          body#[2, 3]  cutensornetContraction2_f64
  match          body#[4, 5]  cutensornetContraction2_f64
  match          body#[6, 7]  cutensornetContraction2_f64
  match          body#[8, 9]  cutensornetContraction2_f64
  match          body#[10, 11]  cutensornetContraction2_f64
  match          body#[12, 13]  cutensornetContraction2_f64
  match          body#[14, 15]  cutensornetContraction2_f64
  no_match       body#16  ?
  no_match       body#17  ?
  no_match       body#18  ?
  no_match       body#19  ?
  no_match       body#20  ?
  no_match       body#21  ?
  match          body#[22, 23]  cutensornetContraction2_f64
  match          body#[24, 25]  cutensornetContraction2_f64
  match          body#[26, 27]  cutensornetContraction2_f64
  match          body#[28, 29]  cutensornetContraction2_f64
  match          body#[30, 31]  cutensornetContraction2_f64
  match          body#[32, 33]  cutensornetContraction2_f64
  no_match       body#34  ?
  total: 14 matched / 21 bodies
",0,[],0,0,0,0,/home/arjaiswal/Polygeist/issues/mfem_c_kernels/application_extractions/results/mfem_app_abs_l1_diffusion_3d.debufferized.mlir,37685,0,35,28,1406.9084599614143,7,67228,0.6430111825466156,0,124,0,0,"[{""body_indices"": [0, 1], ""symbol"": ""cutensornetContraction2_f64""}, {""body_indices"": [2, 3], ""symbol"": ""cutensornetContraction2_f64""}, {""body_indices"": [4, 5], ""symbol"": ""cutensornetContraction2_f64""}, {""body_indices"": [6, 7], ""symbol"": ""cutensornetContraction2_f64""}, {""body_indices"": [8, 9], ""symbol"": ""cutensornetContraction2_f64""}, {""body_indices"": [10, 11], ""symbol"": ""cutensornetContraction2_f64""}, {""body_indices"": [12, 13], ""symbol"": ""cutensornetContraction2_f64""}, {""body_indices"": [14, 15], ""symbol"": ""cutensornetContraction2_f64""}, {""body_indices"": [22, 23], ""symbol"": ""cutensornetContraction2_f64""}, {""body_indices"": [24, 25], ""symbol"": ""cutensornetContraction2_f64""}, {""body_indices"": [26, 27], ""symbol"": ""cutensornetContraction2_f64""}, {""body_indices"": [28, 29], ""symbol"": ""cutensornetContraction2_f64""}, {""body_indices"": [30, 31], ""symbol"": ""cutensornetContraction2_f64""}, {""body_indices"": [32, 33], ""symbol"": ""cutensornetContraction2_f64""}]",14,0,124,0.0,124
mfem_application,mfem_app_abs_l1_diffusion_3d,/home/arjaiswal/Polygeist/issues/mfem_c_kernels/application_extractions/results/mfem_app_abs_l1_diffusion_3d.debufferized.mlir,8cbdb2ddd207a9c3d58370b56486dfe49c5c3cb5cf812a149b49c3162b470509,egglog,4,ok,0,5671.449400484562,0,"[""/usr/bin/python3"", ""/home/arjaiswal/Polygeist/scripts/correctness/kernel_match_rewrite.py"", ""/home/arjaiswal/Polygeist/issues/mfem_c_kernels/application_extractions/results/mfem_app_abs_l1_diffusion_3d.debufferized.mlir"", ""--dry-run"", ""--matcher-mode"", ""egglog"", ""--telemetry-json"", ""/home/arjaiswal/Polygeist/issues/equality_saturation_eval/campaign_20260908/mfem_application-mfem_app_abs_l1_diffusion_3d-egglog-29emf3io.json"", ""--disable-semantic-fallback""]","== match report for /home/arjaiswal/Polygeist/issues/mfem_c_kernels/application_extractions/results/mfem_app_abs_l1_diffusion_3d.debufferized.mlir ==
  match          body#[0, 1]  cutensornetContraction2_f64
  match          body#[2, 3]  cutensornetContraction2_f64
  match          body#[4, 5]  cutensornetContraction2_f64
  match          body#[6, 7]  cutensornetContraction2_f64
  match          body#[8, 9]  cutensornetContraction2_f64
  match          body#[10, 11]  cutensornetContraction2_f64
  match          body#[12, 13]  cutensornetContraction2_f64
  match          body#[14, 15]  cutensornetContraction2_f64
  no_match       body#16  ?
  no_match       body#17  ?
  no_match       body#18  ?
  no_match       body#19  ?
  no_match       body#20  ?
  no_match       body#21  ?
  match          body#[22, 23]  cutensornetContraction2_f64
  match          body#[24, 25]  cutensornetContraction2_f64
  match          body#[26, 27]  cutensornetContraction2_f64
  match          body#[28, 29]  cutensornetContraction2_f64
  match          body#[30, 31]  cutensornetContraction2_f64
  match          body#[32, 33]  cutensornetContraction2_f64
  no_match       body#34  ?
  total: 14 matched / 21 bodies
",0,[],0,0,0,0,/home/arjaiswal/Polygeist/issues/mfem_c_kernels/application_extractions/results/mfem_app_abs_l1_diffusion_3d.debufferized.mlir,37685,8,35,28,4496.897134929895,7,71788,2177.1409809589386,124,124,0,112,"[{""body_indices"": [0, 1], ""symbol"": ""cutensornetContraction2_f64""}, {""body_indices"": [2, 3], ""symbol"": ""cutensornetContraction2_f64""}, {""body_indices"": [4, 5], ""symbol"": ""cutensornetContraction2_f64""}, {""body_indices"": [6, 7], ""symbol"": ""cutensornetContraction2_f64""}, {""body_indices"": [8, 9], ""symbol"": ""cutensornetContraction2_f64""}, {""body_indices"": [10, 11], ""symbol"": ""cutensornetContraction2_f64""}, {""body_indices"": [12, 13], ""symbol"": ""cutensornetContraction2_f64""}, {""body_indices"": [14, 15], ""symbol"": ""cutensornetContraction2_f64""}, {""body_indices"": [22, 23], ""symbol"": ""cutensornetContraction2_f64""}, {""body_indices"": [24, 25], ""symbol"": ""cutensornetContraction2_f64""}, {""body_indices"": [26, 27], ""symbol"": ""cutensornetContraction2_f64""}, {""body_indices"": [28, 29], ""symbol"": ""cutensornetContraction2_f64""}, {""body_indices"": [30, 31], ""symbol"": ""cutensornetContraction2_f64""}, {""body_indices"": [32, 33], ""symbol"": ""cutensornetContraction2_f64""}]",14,0,0,0.0,124
mfem_application,mfem_app_abs_l1_diffusion_3d,/home/arjaiswal/Polygeist/issues/mfem_c_kernels/application_extractions/results/mfem_app_abs_l1_diffusion_3d.debufferized.mlir,8cbdb2ddd207a9c3d58370b56486dfe49c5c3cb5cf812a149b49c3162b470509,egglog,5,ok,0,5130.542047321796,0,"[""/usr/bin/python3"", ""/home/arjaiswal/Polygeist/scripts/correctness/kernel_match_rewrite.py"", ""/home/arjaiswal/Polygeist/issues/mfem_c_kernels/application_extractions/results/mfem_app_abs_l1_diffusion_3d.debufferized.mlir"", ""--dry-run"", ""--matcher-mode"", ""egglog"", ""--telemetry-json"", ""/home/arjaiswal/Polygeist/issues/equality_saturation_eval/campaign_20260908/mfem_application-mfem_app_abs_l1_diffusion_3d-egglog-v845tl17.json"", ""--disable-semantic-fallback""]","== match report for /home/arjaiswal/Polygeist/issues/mfem_c_kernels/application_extractions/results/mfem_app_abs_l1_diffusion_3d.debufferized.mlir ==
  match          body#[0, 1]  cutensornetContraction2_f64
  match          body#[2, 3]  cutensornetContraction2_f64
  match          body#[4, 5]  cutensornetContraction2_f64
  match          body#[6, 7]  cutensornetContraction2_f64
  match          body#[8, 9]  cutensornetContraction2_f64
  match          body#[10, 11]  cutensornetContraction2_f64
  match          body#[12, 13]  cutensornetContraction2_f64
  match          body#[14, 15]  cutensornetContraction2_f64
  no_match       body#16  ?
  no_match       body#17  ?
  no_match       body#18  ?
  no_match       body#19  ?
  no_match       body#20  ?
  no_match       body#21  ?
  match          body#[22, 23]  cutensornetContraction2_f64
  match          body#[24, 25]  cutensornetContraction2_f64
  match          body#[26, 27]  cutensornetContraction2_f64
  match          body#[28, 29]  cutensornetContraction2_f64
  match          body#[30, 31]  cutensornetContraction2_f64
  match          body#[32, 33]  cutensornetContraction2_f64
  no_match       body#34  ?
  total: 14 matched / 21 bodies
",0,[],0,0,0,0,/home/arjaiswal/Polygeist/issues/mfem_c_kernels/application_extractions/results/mfem_app_abs_l1_diffusion_3d.debufferized.mlir,37685,8,35,28,3355.1769629120827,7,71240,1571.0034556686878,124,124,0,112,"[{""body_indices"": [0, 1], ""symbol"": ""cutensornetContraction2_f64""}, {""body_indices"": [2, 3], ""symbol"": ""cutensornetContraction2_f64""}, {""body_indices"": [4, 5], ""symbol"": ""cutensornetContraction2_f64""}, {""body_indices"": [6, 7], ""symbol"": ""cutensornetContraction2_f64""}, {""body_indices"": [8, 9], ""symbol"": ""cutensornetContraction2_f64""}, {""body_indices"": [10, 11], ""symbol"": ""cutensornetContraction2_f64""}, {""body_indices"": [12, 13], ""symbol"": ""cutensornetContraction2_f64""}, {""body_indices"": [14, 15], ""symbol"": ""cutensornetContraction2_f64""}, {""body_indices"": [22, 23], ""symbol"": ""cutensornetContraction2_f64""}, {""body_indices"": [24, 25], ""symbol"": ""cutensornetContraction2_f64""}, {""body_indices"": [26, 27], ""symbol"": ""cutensornetContraction2_f64""}, {""body_indices"": [28, 29], ""symbol"": ""cutensornetContraction2_f64""}, {""body_indices"": [30, 31], ""symbol"": ""cutensornetContraction2_f64""}, {""body_indices"": [32, 33], ""symbol"": ""cutensornetContraction2_f64""}]",14,0,0,0.0,124
mfem_application,mfem_app_abs_l1_diffusion_3d,/home/arjaiswal/Polygeist/issues/mfem_c_kernels/application_extractions/results/mfem_app_abs_l1_diffusion_3d.debufferized.mlir,8cbdb2ddd207a9c3d58370b56486dfe49c5c3cb5cf812a149b49c3162b470509,syntactic,5,ok,0,3593.3256670832634,0,"[""/usr/bin/python3"", ""/home/arjaiswal/Polygeist/scripts/correctness/kernel_match_rewrite.py"", ""/home/arjaiswal/Polygeist/issues/mfem_c_kernels/application_extractions/results/mfem_app_abs_l1_diffusion_3d.debufferized.mlir"", ""--dry-run"", ""--matcher-mode"", ""syntactic"", ""--telemetry-json"", ""/home/arjaiswal/Polygeist/issues/equality_saturation_eval/campaign_20260908/mfem_application-mfem_app_abs_l1_diffusion_3d-syntactic-_92btcru.json"", ""--disable-semantic-fallback""]","== match report for /home/arjaiswal/Polygeist/issues/mfem_c_kernels/application_extractions/results/mfem_app_abs_l1_diffusion_3d.debufferized.mlir ==
  match          body#[0, 1]  cutensornetContraction2_f64
  match          body#[2, 3]  cutensornetContraction2_f64
  match          body#[4, 5]  cutensornetContraction2_f64
  match          body#[6, 7]  cutensornetContraction2_f64
  match          body#[8, 9]  cutensornetContraction2_f64
  match          body#[10, 11]  cutensornetContraction2_f64
  match          body#[12, 13]  cutensornetContraction2_f64
  match          body#[14, 15]  cutensornetContraction2_f64
  no_match       body#16  ?
  no_match       body#17  ?
  no_match       body#18  ?
  no_match       body#19  ?
  no_match       body#20  ?
  no_match       body#21  ?
  match          body#[22, 23]  cutensornetContraction2_f64
  match          body#[24, 25]  cutensornetContraction2_f64
  match          body#[26, 27]  cutensornetContraction2_f64
  match          body#[28, 29]  cutensornetContraction2_f64
  match          body#[30, 31]  cutensornetContraction2_f64
  match          body#[32, 33]  cutensornetContraction2_f64
  no_match       body#34  ?
  total: 14 matched / 21 bodies
",0,[],0,0,0,0,/home/arjaiswal/Polygeist/issues/mfem_c_kernels/application_extractions/results/mfem_app_abs_l1_diffusion_3d.debufferized.mlir,37685,0,35,28,1586.1496701836586,7,67352,0.8634254336357117,0,124,0,0,"[{""body_indices"": [0, 1], ""symbol"": ""cutensornetContraction2_f64""}, {""body_indices"": [2, 3], ""symbol"": ""cutensornetContraction2_f64""}, {""body_indices"": [4, 5], ""symbol"": ""cutensornetContraction2_f64""}, {""body_indices"": [6, 7], ""symbol"": ""cutensornetContraction2_f64""}, {""body_indices"": [8, 9], ""symbol"": ""cutensornetContraction2_f64""}, {""body_indices"": [10, 11], ""symbol"": ""cutensornetContraction2_f64""}, {""body_indices"": [12, 13], ""symbol"": ""cutensornetContraction2_f64""}, {""body_indices"": [14, 15], ""symbol"": ""cutensornetContraction2_f64""}, {""body_indices"": [22, 23], ""symbol"": ""cutensornetContraction2_f64""}, {""body_indices"": [24, 25], ""symbol"": ""cutensornetContraction2_f64""}, {""body_indices"": [26, 27], ""symbol"": ""cutensornetContraction2_f64""}, {""body_indices"": [28, 29], ""symbol"": ""cutensornetContraction2_f64""}, {""body_indices"": [30, 31], ""symbol"": ""cutensornetContraction2_f64""}, {""body_indices"": [32, 33], ""symbol"": ""cutensornetContraction2_f64""}]",14,0,124,0.0,124
mfem_application,mfem_app_abs_l1_mass_3d,/home/arjaiswal/Polygeist/issues/mfem_c_kernels/application_extractions/results/mfem_app_abs_l1_mass_3d.debufferized.mlir,251c691947adc6b0fbc2c7a081759b3736eb0d18c8b967ecd8efc56fe428ee70,syntactic,1,ok,0,1555.2303828299046,0,"[""/usr/bin/python3"", ""/home/arjaiswal/Polygeist/scripts/correctness/kernel_match_rewrite.py"", ""/home/arjaiswal/Polygeist/issues/mfem_c_kernels/application_extractions/results/mfem_app_abs_l1_mass_3d.debufferized.mlir"", ""--dry-run"", ""--matcher-mode"", ""syntactic"", ""--telemetry-json"", ""/home/arjaiswal/Polygeist/issues/equality_saturation_eval/campaign_20260908/mfem_application-mfem_app_abs_l1_mass_3d-syntactic-f6vei30h.json"", ""--disable-semantic-fallback""]","== match report for /home/arjaiswal/Polygeist/issues/mfem_c_kernels/application_extractions/results/mfem_app_abs_l1_mass_3d.debufferized.mlir ==
  match          body#[0, 1]  cutensornetContraction2_f64
  match          body#[2, 3]  cutensornetContraction2_f64
  match          body#[4, 5]  cutensornetContraction2_f64
  no_match       body#6  ?
  match          body#[7, 8]  cutensornetContraction2_f64
  match          body#[9, 10]  cutensornetContraction2_f64
  no_match       body#11  ?
  total: 5 matched / 7 bodies
",0,[],0,0,0,0,/home/arjaiswal/Polygeist/issues/mfem_c_kernels/application_extractions/results/mfem_app_abs_l1_mass_3d.debufferized.mlir,13247,0,12,10,668.7744483351707,2,65744,0.1813061535358429,0,28,0,0,"[{""body_indices"": [0, 1], ""symbol"": ""cutensornetContraction2_f64""}, {""body_indices"": [2, 3], ""symbol"": ""cutensornetContraction2_f64""}, {""body_indices"": [4, 5], ""symbol"": ""cutensornetContraction2_f64""}, {""body_indices"": [7, 8], ""symbol"": ""cutensornetContraction2_f64""}, {""body_indices"": [9, 10], ""symbol"": ""cutensornetContraction2_f64""}]",5,0,32,0.0,32
mfem_application,mfem_app_abs_l1_mass_3d,/home/arjaiswal/Polygeist/issues/mfem_c_kernels/application_extractions/results/mfem_app_abs_l1_mass_3d.debufferized.mlir,251c691947adc6b0fbc2c7a081759b3736eb0d18c8b967ecd8efc56fe428ee70,egglog,1,ok,0,2998.8813512027264,0,"[""/usr/bin/python3"", ""/home/arjaiswal/Polygeist/scripts/correctness/kernel_match_rewrite.py"", ""/home/arjaiswal/Polygeist/issues/mfem_c_kernels/application_extractions/results/mfem_app_abs_l1_mass_3d.debufferized.mlir"", ""--dry-run"", ""--matcher-mode"", ""egglog"", ""--telemetry-json"", ""/home/arjaiswal/Polygeist/issues/equality_saturation_eval/campaign_20260908/mfem_application-mfem_app_abs_l1_mass_3d-egglog-a_ignbwa.json"", ""--disable-semantic-fallback""]","== match report for /home/arjaiswal/Polygeist/issues/mfem_c_kernels/application_extractions/results/mfem_app_abs_l1_mass_3d.debufferized.mlir ==
  match          body#[0, 1]  cutensornetContraction2_f64
  match          body#[2, 3]  cutensornetContraction2_f64
  match          body#[4, 5]  cutensornetContraction2_f64
  no_match       body#6  ?
  match          body#[7, 8]  cutensornetContraction2_f64
  match          body#[9, 10]  cutensornetContraction2_f64
  no_match       body#11  ?
  total: 5 matched / 7 bodies
",0,[],0,0,0,0,/home/arjaiswal/Polygeist/issues/mfem_c_kernels/application_extractions/results/mfem_app_abs_l1_mass_3d.debufferized.mlir,13247,8,12,10,1794.7841100394726,2,70176,648.9481031894684,28,28,0,40,"[{""body_indices"": [0, 1], ""symbol"": ""cutensornetContraction2_f64""}, {""body_indices"": [2, 3], ""symbol"": ""cutensornetContraction2_f64""}, {""body_indices"": [4, 5], ""symbol"": ""cutensornetContraction2_f64""}, {""body_indices"": [7, 8], ""symbol"": ""cutensornetContraction2_f64""}, {""body_indices"": [9, 10], ""symbol"": ""cutensornetContraction2_f64""}]",5,0,0,0.0,32
mfem_application,mfem_app_abs_l1_mass_3d,/home/arjaiswal/Polygeist/issues/mfem_c_kernels/application_extractions/results/mfem_app_abs_l1_mass_3d.debufferized.mlir,251c691947adc6b0fbc2c7a081759b3736eb0d18c8b967ecd8efc56fe428ee70,egglog,2,ok,0,2147.5087851285934,0,"[""/usr/bin/python3"", ""/home/arjaiswal/Polygeist/scripts/correctness/kernel_match_rewrite.py"", ""/home/arjaiswal/Polygeist/issues/mfem_c_kernels/application_extractions/results/mfem_app_abs_l1_mass_3d.debufferized.mlir"", ""--dry-run"", ""--matcher-mode"", ""egglog"", ""--telemetry-json"", ""/home/arjaiswal/Polygeist/issues/equality_saturation_eval/campaign_20260908/mfem_application-mfem_app_abs_l1_mass_3d-egglog-qmol1cez.json"", ""--disable-semantic-fallback""]","== match report for /home/arjaiswal/Polygeist/issues/mfem_c_kernels/application_extractions/results/mfem_app_abs_l1_mass_3d.debufferized.mlir ==
  match          body#[0, 1]  cutensornetContraction2_f64
  match          body#[2, 3]  cutensornetContraction2_f64
  match          body#[4, 5]  cutensornetContraction2_f64
  no_match       body#6  ?
  match          body#[7, 8]  cutensornetContraction2_f64
  match          body#[9, 10]  cutensornetContraction2_f64
  no_match       body#11  ?
  total: 5 matched / 7 bodies
",0,[],0,0,0,0,/home/arjaiswal/Polygeist/issues/mfem_c_kernels/application_extractions/results/mfem_app_abs_l1_mass_3d.debufferized.mlir,13247,8,12,10,1214.6859988570213,2,70256,526.1591151356697,28,28,0,40,"[{""body_indices"": [0, 1], ""symbol"": ""cutensornetContraction2_f64""}, {""body_indices"": [2, 3], ""symbol"": ""cutensornetContraction2_f64""}, {""body_indices"": [4, 5], ""symbol"": ""cutensornetContraction2_f64""}, {""body_indices"": [7, 8], ""symbol"": ""cutensornetContraction2_f64""}, {""body_indices"": [9, 10], ""symbol"": ""cutensornetContraction2_f64""}]",5,0,0,0.0,32
mfem_application,mfem_app_abs_l1_mass_3d,/home/arjaiswal/Polygeist/issues/mfem_c_kernels/application_extractions/results/mfem_app_abs_l1_mass_3d.debufferized.mlir,251c691947adc6b0fbc2c7a081759b3736eb0d18c8b967ecd8efc56fe428ee70,syntactic,2,ok,0,1358.6394973099232,0,"[""/usr/bin/python3"", ""/home/arjaiswal/Polygeist/scripts/correctness/kernel_match_rewrite.py"", ""/home/arjaiswal/Polygeist/issues/mfem_c_kernels/application_extractions/results/mfem_app_abs_l1_mass_3d.debufferized.mlir"", ""--dry-run"", ""--matcher-mode"", ""syntactic"", ""--telemetry-json"", ""/home/arjaiswal/Polygeist/issues/equality_saturation_eval/campaign_20260908/mfem_application-mfem_app_abs_l1_mass_3d-syntactic-re76atn_.json"", ""--disable-semantic-fallback""]","== match report for /home/arjaiswal/Polygeist/issues/mfem_c_kernels/application_extractions/results/mfem_app_abs_l1_mass_3d.debufferized.mlir ==
  match          body#[0, 1]  cutensornetContraction2_f64
  match          body#[2, 3]  cutensornetContraction2_f64
  match          body#[4, 5]  cutensornetContraction2_f64
  no_match       body#6  ?
  match          body#[7, 8]  cutensornetContraction2_f64
  match          body#[9, 10]  cutensornetContraction2_f64
  no_match       body#11  ?
  total: 5 matched / 7 bodies
",0,[],0,0,0,0,/home/arjaiswal/Polygeist/issues/mfem_c_kernels/application_extractions/results/mfem_app_abs_l1_mass_3d.debufferized.mlir,13247,0,12,10,612.2940741479397,2,65708,0.23337826132774353,0,28,0,0,"[{""body_indices"": [0, 1], ""symbol"": ""cutensornetContraction2_f64""}, {""body_indices"": [2, 3], ""symbol"": ""cutensornetContraction2_f64""}, {""body_indices"": [4, 5], ""symbol"": ""cutensornetContraction2_f64""}, {""body_indices"": [7, 8], ""symbol"": ""cutensornetContraction2_f64""}, {""body_indices"": [9, 10], ""symbol"": ""cutensornetContraction2_f64""}]",5,0,32,0.0,32
mfem_application,mfem_app_abs_l1_mass_3d,/home/arjaiswal/Polygeist/issues/mfem_c_kernels/application_extractions/results/mfem_app_abs_l1_mass_3d.debufferized.mlir,251c691947adc6b0fbc2c7a081759b3736eb0d18c8b967ecd8efc56fe428ee70,syntactic,3,ok,0,1197.5435726344585,0,"[""/usr/bin/python3"", ""/home/arjaiswal/Polygeist/scripts/correctness/kernel_match_rewrite.py"", ""/home/arjaiswal/Polygeist/issues/mfem_c_kernels/application_extractions/results/mfem_app_abs_l1_mass_3d.debufferized.mlir"", ""--dry-run"", ""--matcher-mode"", ""syntactic"", ""--telemetry-json"", ""/home/arjaiswal/Polygeist/issues/equality_saturation_eval/campaign_20260908/mfem_application-mfem_app_abs_l1_mass_3d-syntactic-yvedhzvt.json"", ""--disable-semantic-fallback""]","== match report for /home/arjaiswal/Polygeist/issues/mfem_c_kernels/application_extractions/results/mfem_app_abs_l1_mass_3d.debufferized.mlir ==
  match          body#[0, 1]  cutensornetContraction2_f64
  match          body#[2, 3]  cutensornetContraction2_f64
  match          body#[4, 5]  cutensornetContraction2_f64
  no_match       body#6  ?
  match          body#[7, 8]  cutensornetContraction2_f64
  match          body#[9, 10]  cutensornetContraction2_f64
  no_match       body#11  ?
  total: 5 matched / 7 bodies
",0,[],0,0,0,0,/home/arjaiswal/Polygeist/issues/mfem_c_kernels/application_extractions/results/mfem_app_abs_l1_mass_3d.debufferized.mlir,13247,0,12,10,524.6602296829224,2,65888,0.2407766878604889,0,28,0,0,"[{""body_indices"": [0, 1], ""symbol"": ""cutensornetContraction2_f64""}, {""body_indices"": [2, 3], ""symbol"": ""cutensornetContraction2_f64""}, {""body_indices"": [4, 5], ""symbol"": ""cutensornetContraction2_f64""}, {""body_indices"": [7, 8], ""symbol"": ""cutensornetContraction2_f64""}, {""body_indices"": [9, 10], ""symbol"": ""cutensornetContraction2_f64""}]",5,0,32,0.0,32
mfem_application,mfem_app_abs_l1_mass_3d,/home/arjaiswal/Polygeist/issues/mfem_c_kernels/application_extractions/results/mfem_app_abs_l1_mass_3d.debufferized.mlir,251c691947adc6b0fbc2c7a081759b3736eb0d18c8b967ecd8efc56fe428ee70,egglog,3,ok,0,2039.3936224281788,0,"[""/usr/bin/python3"", ""/home/arjaiswal/Polygeist/scripts/correctness/kernel_match_rewrite.py"", ""/home/arjaiswal/Polygeist/issues/mfem_c_kernels/application_extractions/results/mfem_app_abs_l1_mass_3d.debufferized.mlir"", ""--dry-run"", ""--matcher-mode"", ""egglog"", ""--telemetry-json"", ""/home/arjaiswal/Polygeist/issues/equality_saturation_eval/campaign_20260908/mfem_application-mfem_app_abs_l1_mass_3d-egglog-cgv_r8me.json"", ""--disable-semantic-fallback""]","== match report for /home/arjaiswal/Polygeist/issues/mfem_c_kernels/application_extractions/results/mfem_app_abs_l1_mass_3d.debufferized.mlir ==
  match          body#[0, 1]  cutensornetContraction2_f64
  match          body#[2, 3]  cutensornetContraction2_f64
  match          body#[4, 5]  cutensornetContraction2_f64
  no_match       body#6  ?
  match          body#[7, 8]  cutensornetContraction2_f64
  match          body#[9, 10]  cutensornetContraction2_f64
  no_match       body#11  ?
  total: 5 matched / 7 bodies
",0,[],0,0,0,0,/home/arjaiswal/Polygeist/issues/mfem_c_kernels/application_extractions/results/mfem_app_abs_l1_mass_3d.debufferized.mlir,13247,8,12,10,984.4584092497826,2,70356,396.368321031332,28,28,0,40,"[{""body_indices"": [0, 1], ""symbol"": ""cutensornetContraction2_f64""}, {""body_indices"": [2, 3], ""symbol"": ""cutensornetContraction2_f64""}, {""body_indices"": [4, 5], ""symbol"": ""cutensornetContraction2_f64""}, {""body_indices"": [7, 8], ""symbol"": ""cutensornetContraction2_f64""}, {""body_indices"": [9, 10], ""symbol"": ""cutensornetContraction2_f64""}]",5,0,0,0.0,32
mfem_application,mfem_app_abs_l1_mass_3d,/home/arjaiswal/Polygeist/issues/mfem_c_kernels/application_extractions/results/mfem_app_abs_l1_mass_3d.debufferized.mlir,251c691947adc6b0fbc2c7a081759b3736eb0d18c8b967ecd8efc56fe428ee70,egglog,4,ok,0,2297.8420294821262,0,"[""/usr/bin/python3"", ""/home/arjaiswal/Polygeist/scripts/correctness/kernel_match_rewrite.py"", ""/home/arjaiswal/Polygeist/issues/mfem_c_kernels/application_extractions/results/mfem_app_abs_l1_mass_3d.debufferized.mlir"", ""--dry-run"", ""--matcher-mode"", ""egglog"", ""--telemetry-json"", ""/home/arjaiswal/Polygeist/issues/equality_saturation_eval/campaign_20260908/mfem_application-mfem_app_abs_l1_mass_3d-egglog-k1rt3k4e.json"", ""--disable-semantic-fallback""]","== match report for /home/arjaiswal/Polygeist/issues/mfem_c_kernels/application_extractions/results/mfem_app_abs_l1_mass_3d.debufferized.mlir ==
  match          body#[0, 1]  cutensornetContraction2_f64
  match          body#[2, 3]  cutensornetContraction2_f64
  match          body#[4, 5]  cutensornetContraction2_f64
  no_match       body#6  ?
  match          body#[7, 8]  cutensornetContraction2_f64
  match          body#[9, 10]  cutensornetContraction2_f64
  no_match       body#11  ?
  total: 5 matched / 7 bodies
",0,[],0,0,0,0,/home/arjaiswal/Polygeist/issues/mfem_c_kernels/application_extractions/results/mfem_app_abs_l1_mass_3d.debufferized.mlir,13247,8,12,10,1224.998701363802,2,70332,334.5920667052269,28,28,0,40,"[{""body_indices"": [0, 1], ""symbol"": ""cutensornetContraction2_f64""}, {""body_indices"": [2, 3], ""symbol"": ""cutensornetContraction2_f64""}, {""body_indices"": [4, 5], ""symbol"": ""cutensornetContraction2_f64""}, {""body_indices"": [7, 8], ""symbol"": ""cutensornetContraction2_f64""}, {""body_indices"": [9, 10], ""symbol"": ""cutensornetContraction2_f64""}]",5,0,0,0.0,32
mfem_application,mfem_app_abs_l1_mass_3d,/home/arjaiswal/Polygeist/issues/mfem_c_kernels/application_extractions/results/mfem_app_abs_l1_mass_3d.debufferized.mlir,251c691947adc6b0fbc2c7a081759b3736eb0d18c8b967ecd8efc56fe428ee70,syntactic,4,ok,0,1198.7422481179237,0,"[""/usr/bin/python3"", ""/home/arjaiswal/Polygeist/scripts/correctness/kernel_match_rewrite.py"", ""/home/arjaiswal/Polygeist/issues/mfem_c_kernels/application_extractions/results/mfem_app_abs_l1_mass_3d.debufferized.mlir"", ""--dry-run"", ""--matcher-mode"", ""syntactic"", ""--telemetry-json"", ""/home/arjaiswal/Polygeist/issues/equality_saturation_eval/campaign_20260908/mfem_application-mfem_app_abs_l1_mass_3d-syntactic-k2hrxfsk.json"", ""--disable-semantic-fallback""]","== match report for /home/arjaiswal/Polygeist/issues/mfem_c_kernels/application_extractions/results/mfem_app_abs_l1_mass_3d.debufferized.mlir ==
  match          body#[0, 1]  cutensornetContraction2_f64
  match          body#[2, 3]  cutensornetContraction2_f64
  match          body#[4, 5]  cutensornetContraction2_f64
  no_match       body#6  ?
  match          body#[7, 8]  cutensornetContraction2_f64
  match          body#[9, 10]  cutensornetContraction2_f64
  no_match       body#11  ?
  total: 5 matched / 7 bodies
",0,[],0,0,0,0,/home/arjaiswal/Polygeist/issues/mfem_c_kernels/application_extractions/results/mfem_app_abs_l1_mass_3d.debufferized.mlir,13247,0,12,10,622.6728372275829,2,65880,0.27651339769363403,0,28,0,0,"[{""body_indices"": [0, 1], ""symbol"": ""cutensornetContraction2_f64""}, {""body_indices"": [2, 3], ""symbol"": ""cutensornetContraction2_f64""}, {""body_indices"": [4, 5], ""symbol"": ""cutensornetContraction2_f64""}, {""body_indices"": [7, 8], ""symbol"": ""cutensornetContraction2_f64""}, {""body_indices"": [9, 10], ""symbol"": ""cutensornetContraction2_f64""}]",5,0,32,0.0,32
mfem_application,mfem_app_abs_l1_mass_3d,/home/arjaiswal/Polygeist/issues/mfem_c_kernels/application_extractions/results/mfem_app_abs_l1_mass_3d.debufferized.mlir,251c691947adc6b0fbc2c7a081759b3736eb0d18c8b967ecd8efc56fe428ee70,syntactic,5,ok,0,1243.0381178855896,0,"[""/usr/bin/python3"", ""/home/arjaiswal/Polygeist/scripts/correctness/kernel_match_rewrite.py"", ""/home/arjaiswal/Polygeist/issues/mfem_c_kernels/application_extractions/results/mfem_app_abs_l1_mass_3d.debufferized.mlir"", ""--dry-run"", ""--matcher-mode"", ""syntactic"", ""--telemetry-json"", ""/home/arjaiswal/Polygeist/issues/equality_saturation_eval/campaign_20260908/mfem_application-mfem_app_abs_l1_mass_3d-syntactic-7bud46ur.json"", ""--disable-semantic-fallback""]","== match report for /home/arjaiswal/Polygeist/issues/mfem_c_kernels/application_extractions/results/mfem_app_abs_l1_mass_3d.debufferized.mlir ==
  match          body#[0, 1]  cutensornetContraction2_f64
  match          body#[2, 3]  cutensornetContraction2_f64
  match          body#[4, 5]  cutensornetContraction2_f64
  no_match       body#6  ?
  match          body#[7, 8]  cutensornetContraction2_f64
  match          body#[9, 10]  cutensornetContraction2_f64
  no_match       body#11  ?
  total: 5 matched / 7 bodies
",0,[],0,0,0,0,/home/arjaiswal/Polygeist/issues/mfem_c_kernels/application_extractions/results/mfem_app_abs_l1_mass_3d.debufferized.mlir,13247,0,12,10,463.4079448878765,2,66032,0.19115954637527466,0,28,0,0,"[{""body_indices"": [0, 1], ""symbol"": ""cutensornetContraction2_f64""}, {""body_indices"": [2, 3], ""symbol"": ""cutensornetContraction2_f64""}, {""body_indices"": [4, 5], ""symbol"": ""cutensornetContraction2_f64""}, {""body_indices"": [7, 8], ""symbol"": ""cutensornetContraction2_f64""}, {""body_indices"": [9, 10], ""symbol"": ""cutensornetContraction2_f64""}]",5,0,32,0.0,32
mfem_application,mfem_app_abs_l1_mass_3d,/home/arjaiswal/Polygeist/issues/mfem_c_kernels/application_extractions/results/mfem_app_abs_l1_mass_3d.debufferized.mlir,251c691947adc6b0fbc2c7a081759b3736eb0d18c8b967ecd8efc56fe428ee70,egglog,5,ok,0,1332.9975232481956,0,"[""/usr/bin/python3"", ""/home/arjaiswal/Polygeist/scripts/correctness/kernel_match_rewrite.py"", ""/home/arjaiswal/Polygeist/issues/mfem_c_kernels/application_extractions/results/mfem_app_abs_l1_mass_3d.debufferized.mlir"", ""--dry-run"", ""--matcher-mode"", ""egglog"", ""--telemetry-json"", ""/home/arjaiswal/Polygeist/issues/equality_saturation_eval/campaign_20260908/mfem_application-mfem_app_abs_l1_mass_3d-egglog-a_iwab2x.json"", ""--disable-semantic-fallback""]","== match report for /home/arjaiswal/Polygeist/issues/mfem_c_kernels/application_extractions/results/mfem_app_abs_l1_mass_3d.debufferized.mlir ==
  match          body#[0, 1]  cutensornetContraction2_f64
  match          body#[2, 3]  cutensornetContraction2_f64
  match          body#[4, 5]  cutensornetContraction2_f64
  no_match       body#6  ?
  match          body#[7, 8]  cutensornetContraction2_f64
  match          body#[9, 10]  cutensornetContraction2_f64
  no_match       body#11  ?
  total: 5 matched / 7 bodies
",0,[],0,0,0,0,/home/arjaiswal/Polygeist/issues/mfem_c_kernels/application_extractions/results/mfem_app_abs_l1_mass_3d.debufferized.mlir,13247,8,12,10,776.0063037276268,2,70256,303.57498303055763,28,28,0,40,"[{""body_indices"": [0, 1], ""symbol"": ""cutensornetContraction2_f64""}, {""body_indices"": [2, 3], ""symbol"": ""cutensornetContraction2_f64""}, {""body_indices"": [4, 5], ""symbol"": ""cutensornetContraction2_f64""}, {""body_indices"": [7, 8], ""symbol"": ""cutensornetContraction2_f64""}, {""body_indices"": [9, 10], ""symbol"": ""cutensornetContraction2_f64""}]",5,0,0,0.0,32
mfem_application,mfem_app_dfem_minimal_surface_2d,/home/arjaiswal/Polygeist/issues/mfem_c_kernels/application_extractions/results/mfem_app_dfem_minimal_surface_2d.debufferized.mlir,98887c4b79340d4aa76a961240dc2f7c8b1bd24b571859ade039f5bfa8228ed6,egglog,1,ok,0,3662.584360688925,0,"[""/usr/bin/python3"", ""/home/arjaiswal/Polygeist/scripts/correctness/kernel_match_rewrite.py"", ""/home/arjaiswal/Polygeist/issues/mfem_c_kernels/application_extractions/results/mfem_app_dfem_minimal_surface_2d.debufferized.mlir"", ""--dry-run"", ""--matcher-mode"", ""egglog"", ""--telemetry-json"", ""/home/arjaiswal/Polygeist/issues/equality_saturation_eval/campaign_20260908/mfem_application-mfem_app_dfem_minimal_surface_2d-egglog-2ol6ppc9.json"", ""--disable-semantic-fallback""]","== match report for /home/arjaiswal/Polygeist/issues/mfem_c_kernels/application_extractions/results/mfem_app_dfem_minimal_surface_2d.debufferized.mlir ==
  match          body#[0, 1]  cutensornetContraction2_f64
  match          body#[2, 3]  cutensornetContraction2_f64
  match          body#[4, 5]  cutensornetContraction2_f64
  match          body#[6, 7]  cutensornetContraction2_f64
  no_match       body#8  ?
  match          body#[9, 10]  cutensornetContraction2_f64
  match          body#[11, 12]  cutensornetContraction2_f64
  match          body#[13, 14]  cutensornetContraction2_f64
  match          body#[15, 16]  cutensornetContraction2_f64
  no_match       body#17  ?
  total: 8 matched / 10 bodies
",0,[],0,0,0,0,/home/arjaiswal/Polygeist/issues/mfem_c_kernels/application_extractions/results/mfem_app_dfem_minimal_surface_2d.debufferized.mlir,20227,8,18,16,2692.0475140213966,2,71996,1349.5938703417778,94,94,0,128,"[{""body_indices"": [0, 1], ""symbol"": ""cutensornetContraction2_f64""}, {""body_indices"": [2, 3], ""symbol"": ""cutensornetContraction2_f64""}, {""body_indices"": [4, 5], ""symbol"": ""cutensornetContraction2_f64""}, {""body_indices"": [6, 7], ""symbol"": ""cutensornetContraction2_f64""}, {""body_indices"": [9, 10], ""symbol"": ""cutensornetContraction2_f64""}, {""body_indices"": [11, 12], ""symbol"": ""cutensornetContraction2_f64""}, {""body_indices"": [13, 14], ""symbol"": ""cutensornetContraction2_f64""}, {""body_indices"": [15, 16], ""symbol"": ""cutensornetContraction2_f64""}]",8,0,0,0.0,94
mfem_application,mfem_app_dfem_minimal_surface_2d,/home/arjaiswal/Polygeist/issues/mfem_c_kernels/application_extractions/results/mfem_app_dfem_minimal_surface_2d.debufferized.mlir,98887c4b79340d4aa76a961240dc2f7c8b1bd24b571859ade039f5bfa8228ed6,syntactic,1,ok,0,1655.94132989645,0,"[""/usr/bin/python3"", ""/home/arjaiswal/Polygeist/scripts/correctness/kernel_match_rewrite.py"", ""/home/arjaiswal/Polygeist/issues/mfem_c_kernels/application_extractions/results/mfem_app_dfem_minimal_surface_2d.debufferized.mlir"", ""--dry-run"", ""--matcher-mode"", ""syntactic"", ""--telemetry-json"", ""/home/arjaiswal/Polygeist/issues/equality_saturation_eval/campaign_20260908/mfem_application-mfem_app_dfem_minimal_surface_2d-syntactic-x832waju.json"", ""--disable-semantic-fallback""]","== match report for /home/arjaiswal/Polygeist/issues/mfem_c_kernels/application_extractions/results/mfem_app_dfem_minimal_surface_2d.debufferized.mlir ==
  match          body#[0, 1]  cutensornetContraction2_f64
  match          body#[2, 3]  cutensornetContraction2_f64
  match          body#[4, 5]  cutensornetContraction2_f64
  match          body#[6, 7]  cutensornetContraction2_f64
  no_match       body#8  ?
  match          body#[9, 10]  cutensornetContraction2_f64
  match          body#[11, 12]  cutensornetContraction2_f64
  match          body#[13, 14]  cutensornetContraction2_f64
  match          body#[15, 16]  cutensornetContraction2_f64
  no_match       body#17  ?
  total: 8 matched / 10 bodies
",0,[],0,0,0,0,/home/arjaiswal/Polygeist/issues/mfem_c_kernels/application_extractions/results/mfem_app_dfem_minimal_surface_2d.debufferized.mlir,20227,0,18,16,811.7924220860004,2,67728,0.5726367235183716,0,94,0,0,"[{""body_indices"": [0, 1], ""symbol"": ""cutensornetContraction2_f64""}, {""body_indices"": [2, 3], ""symbol"": ""cutensornetContraction2_f64""}, {""body_indices"": [4, 5], ""symbol"": ""cutensornetContraction2_f64""}, {""body_indices"": [6, 7], ""symbol"": ""cutensornetContraction2_f64""}, {""body_indices"": [9, 10], ""symbol"": ""cutensornetContraction2_f64""}, {""body_indices"": [11, 12], ""symbol"": ""cutensornetContraction2_f64""}, {""body_indices"": [13, 14], ""symbol"": ""cutensornetContraction2_f64""}, {""body_indices"": [15, 16], ""symbol"": ""cutensornetContraction2_f64""}]",8,0,94,0.0,94
mfem_application,mfem_app_dfem_minimal_surface_2d,/home/arjaiswal/Polygeist/issues/mfem_c_kernels/application_extractions/results/mfem_app_dfem_minimal_surface_2d.debufferized.mlir,98887c4b79340d4aa76a961240dc2f7c8b1bd24b571859ade039f5bfa8228ed6,syntactic,2,ok,0,2992.8591921925545,0,"[""/usr/bin/python3"", ""/home/arjaiswal/Polygeist/scripts/correctness/kernel_match_rewrite.py"", ""/home/arjaiswal/Polygeist/issues/mfem_c_kernels/application_extractions/results/mfem_app_dfem_minimal_surface_2d.debufferized.mlir"", ""--dry-run"", ""--matcher-mode"", ""syntactic"", ""--telemetry-json"", ""/home/arjaiswal/Polygeist/issues/equality_saturation_eval/campaign_20260908/mfem_application-mfem_app_dfem_minimal_surface_2d-syntactic-xvp6tmj_.json"", ""--disable-semantic-fallback""]","== match report for /home/arjaiswal/Polygeist/issues/mfem_c_kernels/application_extractions/results/mfem_app_dfem_minimal_surface_2d.debufferized.mlir ==
  match          body#[0, 1]  cutensornetContraction2_f64
  match          body#[2, 3]  cutensornetContraction2_f64
  match          body#[4, 5]  cutensornetContraction2_f64
  match          body#[6, 7]  cutensornetContraction2_f64
  no_match       body#8  ?
  match          body#[9, 10]  cutensornetContraction2_f64
  match          body#[11, 12]  cutensornetContraction2_f64
  match          body#[13, 14]  cutensornetContraction2_f64
  match          body#[15, 16]  cutensornetContraction2_f64
  no_match       body#17  ?
  total: 8 matched / 10 bodies
",0,[],0,0,0,0,/home/arjaiswal/Polygeist/issues/mfem_c_kernels/application_extractions/results/mfem_app_dfem_minimal_surface_2d.debufferized.mlir,20227,0,18,16,1622.3161108791828,2,67596,0.6182342767715454,0,94,0,0,"[{""body_indices"": [0, 1], ""symbol"": ""cutensornetContraction2_f64""}, {""body_indices"": [2, 3], ""symbol"": ""cutensornetContraction2_f64""}, {""body_indices"": [4, 5], ""symbol"": ""cutensornetContraction2_f64""}, {""body_indices"": [6, 7], ""symbol"": ""cutensornetContraction2_f64""}, {""body_indices"": [9, 10], ""symbol"": ""cutensornetContraction2_f64""}, {""body_indices"": [11, 12], ""symbol"": ""cutensornetContraction2_f64""}, {""body_indices"": [13, 14], ""symbol"": ""cutensornetContraction2_f64""}, {""body_indices"": [15, 16], ""symbol"": ""cutensornetContraction2_f64""}]",8,0,94,0.0,94
mfem_application,mfem_app_dfem_minimal_surface_2d,/home/arjaiswal/Polygeist/issues/mfem_c_kernels/application_extractions/results/mfem_app_dfem_minimal_surface_2d.debufferized.mlir,98887c4b79340d4aa76a961240dc2f7c8b1bd24b571859ade039f5bfa8228ed6,egglog,2,ok,0,4190.341558307409,0,"[""/usr/bin/python3"", ""/home/arjaiswal/Polygeist/scripts/correctness/kernel_match_rewrite.py"", ""/home/arjaiswal/Polygeist/issues/mfem_c_kernels/application_extractions/results/mfem_app_dfem_minimal_surface_2d.debufferized.mlir"", ""--dry-run"", ""--matcher-mode"", ""egglog"", ""--telemetry-json"", ""/home/arjaiswal/Polygeist/issues/equality_saturation_eval/campaign_20260908/mfem_application-mfem_app_dfem_minimal_surface_2d-egglog-mnaacnzl.json"", ""--disable-semantic-fallback""]","== match report for /home/arjaiswal/Polygeist/issues/mfem_c_kernels/application_extractions/results/mfem_app_dfem_minimal_surface_2d.debufferized.mlir ==
  match          body#[0, 1]  cutensornetContraction2_f64
  match          body#[2, 3]  cutensornetContraction2_f64
  match          body#[4, 5]  cutensornetContraction2_f64
  match          body#[6, 7]  cutensornetContraction2_f64
  no_match       body#8  ?
  match          body#[9, 10]  cutensornetContraction2_f64
  match          body#[11, 12]  cutensornetContraction2_f64
  match          body#[13, 14]  cutensornetContraction2_f64
  match          body#[15, 16]  cutensornetContraction2_f64
  no_match       body#17  ?
  total: 8 matched / 10 bodies
",0,[],0,0,0,0,/home/arjaiswal/Polygeist/issues/mfem_c_kernels/application_extractions/results/mfem_app_dfem_minimal_surface_2d.debufferized.mlir,20227,8,18,16,3491.9142462313175,2,71948,2110.42957380414,94,94,0,128,"[{""body_indices"": [0, 1], ""symbol"": ""cutensornetContraction2_f64""}, {""body_indices"": [2, 3], ""symbol"": ""cutensornetContraction2_f64""}, {""body_indices"": [4, 5], ""symbol"": ""cutensornetContraction2_f64""}, {""body_indices"": [6, 7], ""symbol"": ""cutensornetContraction2_f64""}, {""body_indices"": [9, 10], ""symbol"": ""cutensornetContraction2_f64""}, {""body_indices"": [11, 12], ""symbol"": ""cutensornetContraction2_f64""}, {""body_indices"": [13, 14], ""symbol"": ""cutensornetContraction2_f64""}, {""body_indices"": [15, 16], ""symbol"": ""cutensornetContraction2_f64""}]",8,0,0,0.0,94
mfem_application,mfem_app_dfem_minimal_surface_2d,/home/arjaiswal/Polygeist/issues/mfem_c_kernels/application_extractions/results/mfem_app_dfem_minimal_surface_2d.debufferized.mlir,98887c4b79340d4aa76a961240dc2f7c8b1bd24b571859ade039f5bfa8228ed6,egglog,3,ok,0,4270.878002047539,0,"[""/usr/bin/python3"", ""/home/arjaiswal/Polygeist/scripts/correctness/kernel_match_rewrite.py"", ""/home/arjaiswal/Polygeist/issues/mfem_c_kernels/application_extractions/results/mfem_app_dfem_minimal_surface_2d.debufferized.mlir"", ""--dry-run"", ""--matcher-mode"", ""egglog"", ""--telemetry-json"", ""/home/arjaiswal/Polygeist/issues/equality_saturation_eval/campaign_20260908/mfem_application-mfem_app_dfem_minimal_surface_2d-egglog-yvu3l4mc.json"", ""--disable-semantic-fallback""]","== match report for /home/arjaiswal/Polygeist/issues/mfem_c_kernels/application_extractions/results/mfem_app_dfem_minimal_surface_2d.debufferized.mlir ==
  match          body#[0, 1]  cutensornetContraction2_f64
  match          body#[2, 3]  cutensornetContraction2_f64
  match          body#[4, 5]  cutensornetContraction2_f64
  match          body#[6, 7]  cutensornetContraction2_f64
  no_match       body#8  ?
  match          body#[9, 10]  cutensornetContraction2_f64
  match          body#[11, 12]  cutensornetContraction2_f64
  match          body#[13, 14]  cutensornetContraction2_f64
  match          body#[15, 16]  cutensornetContraction2_f64
  no_match       body#17  ?
  total: 8 matched / 10 bodies
",0,[],0,0,0,0,/home/arjaiswal/Polygeist/issues/mfem_c_kernels/application_extractions/results/mfem_app_dfem_minimal_surface_2d.debufferized.mlir,20227,8,18,16,3171.2165661156178,2,72068,1760.1134665310383,94,94,0,128,"[{""body_indices"": [0, 1], ""symbol"": ""cutensornetContraction2_f64""}, {""body_indices"": [2, 3], ""symbol"": ""cutensornetContraction2_f64""}, {""body_indices"": [4, 5], ""symbol"": ""cutensornetContraction2_f64""}, {""body_indices"": [6, 7], ""symbol"": ""cutensornetContraction2_f64""}, {""body_indices"": [9, 10], ""symbol"": ""cutensornetContraction2_f64""}, {""body_indices"": [11, 12], ""symbol"": ""cutensornetContraction2_f64""}, {""body_indices"": [13, 14], ""symbol"": ""cutensornetContraction2_f64""}, {""body_indices"": [15, 16], ""symbol"": ""cutensornetContraction2_f64""}]",8,0,0,0.0,94
mfem_application,mfem_app_dfem_minimal_surface_2d,/home/arjaiswal/Polygeist/issues/mfem_c_kernels/application_extractions/results/mfem_app_dfem_minimal_surface_2d.debufferized.mlir,98887c4b79340d4aa76a961240dc2f7c8b1bd24b571859ade039f5bfa8228ed6,syntactic,3,ok,0,2760.2318823337555,0,"[""/usr/bin/python3"", ""/home/arjaiswal/Polygeist/scripts/correctness/kernel_match_rewrite.py"", ""/home/arjaiswal/Polygeist/issues/mfem_c_kernels/application_extractions/results/mfem_app_dfem_minimal_surface_2d.debufferized.mlir"", ""--dry-run"", ""--matcher-mode"", ""syntactic"", ""--telemetry-json"", ""/home/arjaiswal/Polygeist/issues/equality_saturation_eval/campaign_20260908/mfem_application-mfem_app_dfem_minimal_surface_2d-syntactic-c38soe8g.json"", ""--disable-semantic-fallback""]","== match report for /home/arjaiswal/Polygeist/issues/mfem_c_kernels/application_extractions/results/mfem_app_dfem_minimal_surface_2d.debufferized.mlir ==
  match          body#[0, 1]  cutensornetContraction2_f64
  match          body#[2, 3]  cutensornetContraction2_f64
  match          body#[4, 5]  cutensornetContraction2_f64
  match          body#[6, 7]  cutensornetContraction2_f64
  no_match       body#8  ?
  match          body#[9, 10]  cutensornetContraction2_f64
  match          body#[11, 12]  cutensornetContraction2_f64
  match          body#[13, 14]  cutensornetContraction2_f64
  match          body#[15, 16]  cutensornetContraction2_f64
  no_match       body#17  ?
  total: 8 matched / 10 bodies
",0,[],0,0,0,0,/home/arjaiswal/Polygeist/issues/mfem_c_kernels/application_extractions/results/mfem_app_dfem_minimal_surface_2d.debufferized.mlir,20227,0,18,16,1568.5831382870674,2,67520,0.5974471569061279,0,94,0,0,"[{""body_indices"": [0, 1], ""symbol"": ""cutensornetContraction2_f64""}, {""body_indices"": [2, 3], ""symbol"": ""cutensornetContraction2_f64""}, {""body_indices"": [4, 5], ""symbol"": ""cutensornetContraction2_f64""}, {""body_indices"": [6, 7], ""symbol"": ""cutensornetContraction2_f64""}, {""body_indices"": [9, 10], ""symbol"": ""cutensornetContraction2_f64""}, {""body_indices"": [11, 12], ""symbol"": ""cutensornetContraction2_f64""}, {""body_indices"": [13, 14], ""symbol"": ""cutensornetContraction2_f64""}, {""body_indices"": [15, 16], ""symbol"": ""cutensornetContraction2_f64""}]",8,0,94,0.0,94
mfem_application,mfem_app_dfem_minimal_surface_2d,/home/arjaiswal/Polygeist/issues/mfem_c_kernels/application_extractions/results/mfem_app_dfem_minimal_surface_2d.debufferized.mlir,98887c4b79340d4aa76a961240dc2f7c8b1bd24b571859ade039f5bfa8228ed6,syntactic,4,ok,0,1957.1755193173885,0,"[""/usr/bin/python3"", ""/home/arjaiswal/Polygeist/scripts/correctness/kernel_match_rewrite.py"", ""/home/arjaiswal/Polygeist/issues/mfem_c_kernels/application_extractions/results/mfem_app_dfem_minimal_surface_2d.debufferized.mlir"", ""--dry-run"", ""--matcher-mode"", ""syntactic"", ""--telemetry-json"", ""/home/arjaiswal/Polygeist/issues/equality_saturation_eval/campaign_20260908/mfem_application-mfem_app_dfem_minimal_surface_2d-syntactic-qn072aof.json"", ""--disable-semantic-fallback""]","== match report for /home/arjaiswal/Polygeist/issues/mfem_c_kernels/application_extractions/results/mfem_app_dfem_minimal_surface_2d.debufferized.mlir ==
  match          body#[0, 1]  cutensornetContraction2_f64
  match          body#[2, 3]  cutensornetContraction2_f64
  match          body#[4, 5]  cutensornetContraction2_f64
  match          body#[6, 7]  cutensornetContraction2_f64
  no_match       body#8  ?
  match          body#[9, 10]  cutensornetContraction2_f64
  match          body#[11, 12]  cutensornetContraction2_f64
  match          body#[13, 14]  cutensornetContraction2_f64
  match          body#[15, 16]  cutensornetContraction2_f64
  no_match       body#17  ?
  total: 8 matched / 10 bodies
",0,[],0,0,0,0,/home/arjaiswal/Polygeist/issues/mfem_c_kernels/application_extractions/results/mfem_app_dfem_minimal_surface_2d.debufferized.mlir,20227,0,18,16,1326.1665776371956,2,67444,0.5147829651832581,0,94,0,0,"[{""body_indices"": [0, 1], ""symbol"": ""cutensornetContraction2_f64""}, {""body_indices"": [2, 3], ""symbol"": ""cutensornetContraction2_f64""}, {""body_indices"": [4, 5], ""symbol"": ""cutensornetContraction2_f64""}, {""body_indices"": [6, 7], ""symbol"": ""cutensornetContraction2_f64""}, {""body_indices"": [9, 10], ""symbol"": ""cutensornetContraction2_f64""}, {""body_indices"": [11, 12], ""symbol"": ""cutensornetContraction2_f64""}, {""body_indices"": [13, 14], ""symbol"": ""cutensornetContraction2_f64""}, {""body_indices"": [15, 16], ""symbol"": ""cutensornetContraction2_f64""}]",8,0,94,0.0,94
mfem_application,mfem_app_dfem_minimal_surface_2d,/home/arjaiswal/Polygeist/issues/mfem_c_kernels/application_extractions/results/mfem_app_dfem_minimal_surface_2d.debufferized.mlir,98887c4b79340d4aa76a961240dc2f7c8b1bd24b571859ade039f5bfa8228ed6,egglog,4,ok,0,4498.7175129354,0,"[""/usr/bin/python3"", ""/home/arjaiswal/Polygeist/scripts/correctness/kernel_match_rewrite.py"", ""/home/arjaiswal/Polygeist/issues/mfem_c_kernels/application_extractions/results/mfem_app_dfem_minimal_surface_2d.debufferized.mlir"", ""--dry-run"", ""--matcher-mode"", ""egglog"", ""--telemetry-json"", ""/home/arjaiswal/Polygeist/issues/equality_saturation_eval/campaign_20260908/mfem_application-mfem_app_dfem_minimal_surface_2d-egglog-w32x9kuf.json"", ""--disable-semantic-fallback""]","== match report for /home/arjaiswal/Polygeist/issues/mfem_c_kernels/application_extractions/results/mfem_app_dfem_minimal_surface_2d.debufferized.mlir ==
  match          body#[0, 1]  cutensornetContraction2_f64
  match          body#[2, 3]  cutensornetContraction2_f64
  match          body#[4, 5]  cutensornetContraction2_f64
  match          body#[6, 7]  cutensornetContraction2_f64
  no_match       body#8  ?
  match          body#[9, 10]  cutensornetContraction2_f64
  match          body#[11, 12]  cutensornetContraction2_f64
  match          body#[13, 14]  cutensornetContraction2_f64
  match          body#[15, 16]  cutensornetContraction2_f64
  no_match       body#17  ?
  total: 8 matched / 10 bodies
",0,[],0,0,0,0,/home/arjaiswal/Polygeist/issues/mfem_c_kernels/application_extractions/results/mfem_app_dfem_minimal_surface_2d.debufferized.mlir,20227,8,18,16,3852.1547988057137,2,71768,1868.8126653432846,94,94,0,128,"[{""body_indices"": [0, 1], ""symbol"": ""cutensornetContraction2_f64""}, {""body_indices"": [2, 3], ""symbol"": ""cutensornetContraction2_f64""}, {""body_indices"": [4, 5], ""symbol"": ""cutensornetContraction2_f64""}, {""body_indices"": [6, 7], ""symbol"": ""cutensornetContraction2_f64""}, {""body_indices"": [9, 10], ""symbol"": ""cutensornetContraction2_f64""}, {""body_indices"": [11, 12], ""symbol"": ""cutensornetContraction2_f64""}, {""body_indices"": [13, 14], ""symbol"": ""cutensornetContraction2_f64""}, {""body_indices"": [15, 16], ""symbol"": ""cutensornetContraction2_f64""}]",8,0,0,0.0,94
mfem_application,mfem_app_dfem_minimal_surface_2d,/home/arjaiswal/Polygeist/issues/mfem_c_kernels/application_extractions/results/mfem_app_dfem_minimal_surface_2d.debufferized.mlir,98887c4b79340d4aa76a961240dc2f7c8b1bd24b571859ade039f5bfa8228ed6,egglog,5,ok,0,2849.540263414383,0,"[""/usr/bin/python3"", ""/home/arjaiswal/Polygeist/scripts/correctness/kernel_match_rewrite.py"", ""/home/arjaiswal/Polygeist/issues/mfem_c_kernels/application_extractions/results/mfem_app_dfem_minimal_surface_2d.debufferized.mlir"", ""--dry-run"", ""--matcher-mode"", ""egglog"", ""--telemetry-json"", ""/home/arjaiswal/Polygeist/issues/equality_saturation_eval/campaign_20260908/mfem_application-mfem_app_dfem_minimal_surface_2d-egglog-dhp7nus5.json"", ""--disable-semantic-fallback""]","== match report for /home/arjaiswal/Polygeist/issues/mfem_c_kernels/application_extractions/results/mfem_app_dfem_minimal_surface_2d.debufferized.mlir ==
  match          body#[0, 1]  cutensornetContraction2_f64
  match          body#[2, 3]  cutensornetContraction2_f64
  match          body#[4, 5]  cutensornetContraction2_f64
  match          body#[6, 7]  cutensornetContraction2_f64
  no_match       body#8  ?
  match          body#[9, 10]  cutensornetContraction2_f64
  match          body#[11, 12]  cutensornetContraction2_f64
  match          body#[13, 14]  cutensornetContraction2_f64
  match          body#[15, 16]  cutensornetContraction2_f64
  no_match       body#17  ?
  total: 8 matched / 10 bodies
",0,[],0,0,0,0,/home/arjaiswal/Polygeist/issues/mfem_c_kernels/application_extractions/results/mfem_app_dfem_minimal_surface_2d.debufferized.mlir,20227,8,18,16,2201.227378100157,2,71848,1297.8499233722687,94,94,0,128,"[{""body_indices"": [0, 1], ""symbol"": ""cutensornetContraction2_f64""}, {""body_indices"": [2, 3], ""symbol"": ""cutensornetContraction2_f64""}, {""body_indices"": [4, 5], ""symbol"": ""cutensornetContraction2_f64""}, {""body_indices"": [6, 7], ""symbol"": ""cutensornetContraction2_f64""}, {""body_indices"": [9, 10], ""symbol"": ""cutensornetContraction2_f64""}, {""body_indices"": [11, 12], ""symbol"": ""cutensornetContraction2_f64""}, {""body_indices"": [13, 14], ""symbol"": ""cutensornetContraction2_f64""}, {""body_indices"": [15, 16], ""symbol"": ""cutensornetContraction2_f64""}]",8,0,0,0.0,94
mfem_application,mfem_app_dfem_minimal_surface_2d,/home/arjaiswal/Polygeist/issues/mfem_c_kernels/application_extractions/results/mfem_app_dfem_minimal_surface_2d.debufferized.mlir,98887c4b79340d4aa76a961240dc2f7c8b1bd24b571859ade039f5bfa8228ed6,syntactic,5,ok,0,2378.784228116274,0,"[""/usr/bin/python3"", ""/home/arjaiswal/Polygeist/scripts/correctness/kernel_match_rewrite.py"", ""/home/arjaiswal/Polygeist/issues/mfem_c_kernels/application_extractions/results/mfem_app_dfem_minimal_surface_2d.debufferized.mlir"", ""--dry-run"", ""--matcher-mode"", ""syntactic"", ""--telemetry-json"", ""/home/arjaiswal/Polygeist/issues/equality_saturation_eval/campaign_20260908/mfem_application-mfem_app_dfem_minimal_surface_2d-syntactic-5dxpptlv.json"", ""--disable-semantic-fallback""]","== match report for /home/arjaiswal/Polygeist/issues/mfem_c_kernels/application_extractions/results/mfem_app_dfem_minimal_surface_2d.debufferized.mlir ==
  match          body#[0, 1]  cutensornetContraction2_f64
  match          body#[2, 3]  cutensornetContraction2_f64
  match          body#[4, 5]  cutensornetContraction2_f64
  match          body#[6, 7]  cutensornetContraction2_f64
  no_match       body#8  ?
  match          body#[9, 10]  cutensornetContraction2_f64
  match          body#[11, 12]  cutensornetContraction2_f64
  match          body#[13, 14]  cutensornetContraction2_f64
  match          body#[15, 16]  cutensornetContraction2_f64
  no_match       body#17  ?
  total: 8 matched / 10 bodies
",0,[],0,0,0,0,/home/arjaiswal/Polygeist/issues/mfem_c_kernels/application_extractions/results/mfem_app_dfem_minimal_surface_2d.debufferized.mlir,20227,0,18,16,1357.849732041359,2,67436,0.5990564823150635,0,94,0,0,"[{""body_indices"": [0, 1], ""symbol"": ""cutensornetContraction2_f64""}, {""body_indices"": [2, 3], ""symbol"": ""cutensornetContraction2_f64""}, {""body_indices"": [4, 5], ""symbol"": ""cutensornetContraction2_f64""}, {""body_indices"": [6, 7], ""symbol"": ""cutensornetContraction2_f64""}, {""body_indices"": [9, 10], ""symbol"": ""cutensornetContraction2_f64""}, {""body_indices"": [11, 12], ""symbol"": ""cutensornetContraction2_f64""}, {""body_indices"": [13, 14], ""symbol"": ""cutensornetContraction2_f64""}, {""body_indices"": [15, 16], ""symbol"": ""cutensornetContraction2_f64""}]",8,0,94,0.0,94
mfem_application,mfem_app_ex35p_h1_3d,/home/arjaiswal/Polygeist/issues/mfem_c_kernels/application_extractions/results/mfem_app_ex35p_h1_3d.debufferized.mlir,f0a2b67bef3f5ee153c69f840a1bb09ff69ab06d7c20976d115f8ab92e3aa3c1,syntactic,1,ok,0,4145.181819796562,0,"[""/usr/bin/python3"", ""/home/arjaiswal/Polygeist/scripts/correctness/kernel_match_rewrite.py"", ""/home/arjaiswal/Polygeist/issues/mfem_c_kernels/application_extractions/results/mfem_app_ex35p_h1_3d.debufferized.mlir"", ""--dry-run"", ""--matcher-mode"", ""syntactic"", ""--telemetry-json"", ""/home/arjaiswal/Polygeist/issues/equality_saturation_eval/campaign_20260908/mfem_application-mfem_app_ex35p_h1_3d-syntactic-shs4heun.json"", ""--disable-semantic-fallback""]","== match report for /home/arjaiswal/Polygeist/issues/mfem_c_kernels/application_extractions/results/mfem_app_ex35p_h1_3d.debufferized.mlir ==
  match          body#[0, 1]  cutensornetContraction2_f64
  match          body#[2, 3]  cutensornetContraction2_f64
  match          body#[4, 5]  cutensornetContraction2_f64
  match          body#[6, 7]  cutensornetContraction2_f64
  match          body#[8, 9]  cutensornetContraction2_f64
  match          body#[10, 11]  cutensornetContraction2_f64
  match          body#[12, 13]  cutensornetContraction2_f64
  match          body#[14, 15]  cutensornetContraction2_f64
  no_match       body#16  ?
  no_match       body#17  ?
  no_match       body#18  ?
  no_match       body#19  ?
  no_match       body#20  ?
  no_match       body#21  ?
  match          body#[22, 23]  cutensornetContraction2_f64
  match          body#[24, 25]  cutensornetContraction2_f64
  match          body#[26, 27]  cutensornetContraction2_f64
  match          body#[28, 29]  cutensornetContraction2_f64
  match          body#[30, 31]  cutensornetContraction2_f64
  match          body#[32, 33]  cutensornetContraction2_f64
  no_match       body#34  ?
  match          body#[35, 36]  cutensornetContraction2_f64
  match          body#[37, 38]  cutensornetContraction2_f64
  match          body#[39, 40]  cutensornetContraction2_f64
  no_match       body#41  ?
  match          body#[42, 43]  cutensornetContraction2_f64
  match          body#[44, 45]  cutensornetContraction2_f64
  no_match       body#46  ?
  total: 19 matched / 28 bodies
",0,[],0,0,0,0,/home/arjaiswal/Polygeist/issues/mfem_c_kernels/application_extractions/results/mfem_app_ex35p_h1_3d.debufferized.mlir,48528,0,47,38,2296.5529412031174,9,67748,1.2511275708675385,0,154,0,0,"[{""body_indices"": [0, 1], ""symbol"": ""cutensornetContraction2_f64""}, {""body_indices"": [2, 3], ""symbol"": ""cutensornetContraction2_f64""}, {""body_indices"": [4, 5], ""symbol"": ""cutensornetContraction2_f64""}, {""body_indices"": [6, 7], ""symbol"": ""cutensornetContraction2_f64""}, {""body_indices"": [8, 9], ""symbol"": ""cutensornetContraction2_f64""}, {""body_indices"": [10, 11], ""symbol"": ""cutensornetContraction2_f64""}, {""body_indices"": [12, 13], ""symbol"": ""cutensornetContraction2_f64""}, {""body_indices"": [14, 15], ""symbol"": ""cutensornetContraction2_f64""}, {""body_indices"": [22, 23], ""symbol"": ""cutensornetContraction2_f64""}, {""body_indices"": [24, 25], ""symbol"": ""cutensornetContraction2_f64""}, {""body_indices"": [26, 27], ""symbol"": ""cutensornetContraction2_f64""}, {""body_indices"": [28, 29], ""symbol"": ""cutensornetContraction2_f64""}, {""body_indices"": [30, 31], ""symbol"": ""cutensornetContraction2_f64""}, {""body_indices"": [32, 33], ""symbol"": ""cutensornetContraction2_f64""}, {""body_indices"": [35, 36], ""symbol"": ""cutensornetContraction2_f64""}, {""body_indices"": [37, 38], ""symbol"": ""cutensornetContraction2_f64""}, {""body_indices"": [39, 40], ""symbol"": ""cutensornetContraction2_f64""}, {""body_indices"": [42, 43], ""symbol"": ""cutensornetContraction2_f64""}, {""body_indices"": [44, 45], ""symbol"": ""cutensornetContraction2_f64""}]",19,0,158,0.0,158
mfem_application,mfem_app_ex35p_h1_3d,/home/arjaiswal/Polygeist/issues/mfem_c_kernels/application_extractions/results/mfem_app_ex35p_h1_3d.debufferized.mlir,f0a2b67bef3f5ee153c69f840a1bb09ff69ab06d7c20976d115f8ab92e3aa3c1,egglog,1,ok,0,5742.460481822491,0,"[""/usr/bin/python3"", ""/home/arjaiswal/Polygeist/scripts/correctness/kernel_match_rewrite.py"", ""/home/arjaiswal/Polygeist/issues/mfem_c_kernels/application_extractions/results/mfem_app_ex35p_h1_3d.debufferized.mlir"", ""--dry-run"", ""--matcher-mode"", ""egglog"", ""--telemetry-json"", ""/home/arjaiswal/Polygeist/issues/equality_saturation_eval/campaign_20260908/mfem_application-mfem_app_ex35p_h1_3d-egglog-iimcucca.json"", ""--disable-semantic-fallback""]","== match report for /home/arjaiswal/Polygeist/issues/mfem_c_kernels/application_extractions/results/mfem_app_ex35p_h1_3d.debufferized.mlir ==
  match          body#[0, 1]  cutensornetContraction2_f64
  match          body#[2, 3]  cutensornetContraction2_f64
  match          body#[4, 5]  cutensornetContraction2_f64
  match          body#[6, 7]  cutensornetContraction2_f64
  match          body#[8, 9]  cutensornetContraction2_f64
  match          body#[10, 11]  cutensornetContraction2_f64
  match          body#[12, 13]  cutensornetContraction2_f64
  match          body#[14, 15]  cutensornetContraction2_f64
  no_match       body#16  ?
  no_match       body#17  ?
  no_match       body#18  ?
  no_match       body#19  ?
  no_match       body#20  ?
  no_match       body#21  ?
  match          body#[22, 23]  cutensornetContraction2_f64
  match          body#[24, 25]  cutensornetContraction2_f64
  match          body#[26, 27]  cutensornetContraction2_f64
  match          body#[28, 29]  cutensornetContraction2_f64
  match          body#[30, 31]  cutensornetContraction2_f64
  match          body#[32, 33]  cutensornetContraction2_f64
  no_match       body#34  ?
  match          body#[35, 36]  cutensornetContraction2_f64
  match          body#[37, 38]  cutensornetContraction2_f64
  match          body#[39, 40]  cutensornetContraction2_f64
  no_match       body#41  ?
  match          body#[42, 43]  cutensornetContraction2_f64
  match          body#[44, 45]  cutensornetContraction2_f64
  no_match       body#46  ?
  total: 19 matched / 28 bodies
",0,[],0,0,0,0,/home/arjaiswal/Polygeist/issues/mfem_c_kernels/application_extractions/results/mfem_app_ex35p_h1_3d.debufferized.mlir,48528,8,47,38,4590.532884001732,9,72212,2413.3460596203804,154,154,0,152,"[{""body_indices"": [0, 1], ""symbol"": ""cutensornetContraction2_f64""}, {""body_indices"": [2, 3], ""symbol"": ""cutensornetContraction2_f64""}, {""body_indices"": [4, 5], ""symbol"": ""cutensornetContraction2_f64""}, {""body_indices"": [6, 7], ""symbol"": ""cutensornetContraction2_f64""}, {""body_indices"": [8, 9], ""symbol"": ""cutensornetContraction2_f64""}, {""body_indices"": [10, 11], ""symbol"": ""cutensornetContraction2_f64""}, {""body_indices"": [12, 13], ""symbol"": ""cutensornetContraction2_f64""}, {""body_indices"": [14, 15], ""symbol"": ""cutensornetContraction2_f64""}, {""body_indices"": [22, 23], ""symbol"": ""cutensornetContraction2_f64""}, {""body_indices"": [24, 25], ""symbol"": ""cutensornetContraction2_f64""}, {""body_indices"": [26, 27], ""symbol"": ""cutensornetContraction2_f64""}, {""body_indices"": [28, 29], ""symbol"": ""cutensornetContraction2_f64""}, {""body_indices"": [30, 31], ""symbol"": ""cutensornetContraction2_f64""}, {""body_indices"": [32, 33], ""symbol"": ""cutensornetContraction2_f64""}, {""body_indices"": [35, 36], ""symbol"": ""cutensornetContraction2_f64""}, {""body_indices"": [37, 38], ""symbol"": ""cutensornetContraction2_f64""}, {""body_indices"": [39, 40], ""symbol"": ""cutensornetContraction2_f64""}, {""body_indices"": [42, 43], ""symbol"": ""cutensornetContraction2_f64""}, {""body_indices"": [44, 45], ""symbol"": ""cutensornetContraction2_f64""}]",19,0,0,0.0,158
mfem_application,mfem_app_ex35p_h1_3d,/home/arjaiswal/Polygeist/issues/mfem_c_kernels/application_extractions/results/mfem_app_ex35p_h1_3d.debufferized.mlir,f0a2b67bef3f5ee153c69f840a1bb09ff69ab06d7c20976d115f8ab92e3aa3c1,egglog,2,ok,0,7477.422498166561,0,"[""/usr/bin/python3"", ""/home/arjaiswal/Polygeist/scripts/correctness/kernel_match_rewrite.py"", ""/home/arjaiswal/Polygeist/issues/mfem_c_kernels/application_extractions/results/mfem_app_ex35p_h1_3d.debufferized.mlir"", ""--dry-run"", ""--matcher-mode"", ""egglog"", ""--telemetry-json"", ""/home/arjaiswal/Polygeist/issues/equality_saturation_eval/campaign_20260908/mfem_application-mfem_app_ex35p_h1_3d-egglog-erobauc3.json"", ""--disable-semantic-fallback""]","== match report for /home/arjaiswal/Polygeist/issues/mfem_c_kernels/application_extractions/results/mfem_app_ex35p_h1_3d.debufferized.mlir ==
  match          body#[0, 1]  cutensornetContraction2_f64
  match          body#[2, 3]  cutensornetContraction2_f64
  match          body#[4, 5]  cutensornetContraction2_f64
  match          body#[6, 7]  cutensornetContraction2_f64
  match          body#[8, 9]  cutensornetContraction2_f64
  match          body#[10, 11]  cutensornetContraction2_f64
  match          body#[12, 13]  cutensornetContraction2_f64
  match          body#[14, 15]  cutensornetContraction2_f64
  no_match       body#16  ?
  no_match       body#17  ?
  no_match       body#18  ?
  no_match       body#19  ?
  no_match       body#20  ?
  no_match       body#21  ?
  match          body#[22, 23]  cutensornetContraction2_f64
  match          body#[24, 25]  cutensornetContraction2_f64
  match          body#[26, 27]  cutensornetContraction2_f64
  match          body#[28, 29]  cutensornetContraction2_f64
  match          body#[30, 31]  cutensornetContraction2_f64
  match          body#[32, 33]  cutensornetContraction2_f64
  no_match       body#34  ?
  match          body#[35, 36]  cutensornetContraction2_f64
  match          body#[37, 38]  cutensornetContraction2_f64
  match          body#[39, 40]  cutensornetContraction2_f64
  no_match       body#41  ?
  match          body#[42, 43]  cutensornetContraction2_f64
  match          body#[44, 45]  cutensornetContraction2_f64
  no_match       body#46  ?
  total: 19 matched / 28 bodies
",0,[],0,0,0,0,/home/arjaiswal/Polygeist/issues/mfem_c_kernels/application_extractions/results/mfem_app_ex35p_h1_3d.debufferized.mlir,48528,8,47,38,6279.528446495533,9,72240,3578.701313585043,154,154,0,152,"[{""body_indices"": [0, 1], ""symbol"": ""cutensornetContraction2_f64""}, {""body_indices"": [2, 3], ""symbol"": ""cutensornetContraction2_f64""}, {""body_indices"": [4, 5], ""symbol"": ""cutensornetContraction2_f64""}, {""body_indices"": [6, 7], ""symbol"": ""cutensornetContraction2_f64""}, {""body_indices"": [8, 9], ""symbol"": ""cutensornetContraction2_f64""}, {""body_indices"": [10, 11], ""symbol"": ""cutensornetContraction2_f64""}, {""body_indices"": [12, 13], ""symbol"": ""cutensornetContraction2_f64""}, {""body_indices"": [14, 15], ""symbol"": ""cutensornetContraction2_f64""}, {""body_indices"": [22, 23], ""symbol"": ""cutensornetContraction2_f64""}, {""body_indices"": [24, 25], ""symbol"": ""cutensornetContraction2_f64""}, {""body_indices"": [26, 27], ""symbol"": ""cutensornetContraction2_f64""}, {""body_indices"": [28, 29], ""symbol"": ""cutensornetContraction2_f64""}, {""body_indices"": [30, 31], ""symbol"": ""cutensornetContraction2_f64""}, {""body_indices"": [32, 33], ""symbol"": ""cutensornetContraction2_f64""}, {""body_indices"": [35, 36], ""symbol"": ""cutensornetContraction2_f64""}, {""body_indices"": [37, 38], ""symbol"": ""cutensornetContraction2_f64""}, {""body_indices"": [39, 40], ""symbol"": ""cutensornetContraction2_f64""}, {""body_indices"": [42, 43], ""symbol"": ""cutensornetContraction2_f64""}, {""body_indices"": [44, 45], ""symbol"": ""cutensornetContraction2_f64""}]",19,0,0,0.0,158
mfem_application,mfem_app_ex35p_h1_3d,/home/arjaiswal/Polygeist/issues/mfem_c_kernels/application_extractions/results/mfem_app_ex35p_h1_3d.debufferized.mlir,f0a2b67bef3f5ee153c69f840a1bb09ff69ab06d7c20976d115f8ab92e3aa3c1,syntactic,2,ok,0,5817.081864923239,0,"[""/usr/bin/python3"", ""/home/arjaiswal/Polygeist/scripts/correctness/kernel_match_rewrite.py"", ""/home/arjaiswal/Polygeist/issues/mfem_c_kernels/application_extractions/results/mfem_app_ex35p_h1_3d.debufferized.mlir"", ""--dry-run"", ""--matcher-mode"", ""syntactic"", ""--telemetry-json"", ""/home/arjaiswal/Polygeist/issues/equality_saturation_eval/campaign_20260908/mfem_application-mfem_app_ex35p_h1_3d-syntactic-8gfv63_9.json"", ""--disable-semantic-fallback""]","== match report for /home/arjaiswal/Polygeist/issues/mfem_c_kernels/application_extractions/results/mfem_app_ex35p_h1_3d.debufferized.mlir ==
  match          body#[0, 1]  cutensornetContraction2_f64
  match          body#[2, 3]  cutensornetContraction2_f64
  match          body#[4, 5]  cutensornetContraction2_f64
  match          body#[6, 7]  cutensornetContraction2_f64
  match          body#[8, 9]  cutensornetContraction2_f64
  match          body#[10, 11]  cutensornetContraction2_f64
  match          body#[12, 13]  cutensornetContraction2_f64
  match          body#[14, 15]  cutensornetContraction2_f64
  no_match       body#16  ?
  no_match       body#17  ?
  no_match       body#18  ?
  no_match       body#19  ?
  no_match       body#20  ?
  no_match       body#21  ?
  match          body#[22, 23]  cutensornetContraction2_f64
  match          body#[24, 25]  cutensornetContraction2_f64
  match          body#[26, 27]  cutensornetContraction2_f64
  match          body#[28, 29]  cutensornetContraction2_f64
  match          body#[30, 31]  cutensornetContraction2_f64
  match          body#[32, 33]  cutensornetContraction2_f64
  no_match       body#34  ?
  match          body#[35, 36]  cutensornetContraction2_f64
  match          body#[37, 38]  cutensornetContraction2_f64
  match          body#[39, 40]  cutensornetContraction2_f64
  no_match       body#41  ?
  match          body#[42, 43]  cutensornetContraction2_f64
  match          body#[44, 45]  cutensornetContraction2_f64
  no_match       body#46  ?
  total: 19 matched / 28 bodies
",0,[],0,0,0,0,/home/arjaiswal/Polygeist/issues/mfem_c_kernels/application_extractions/results/mfem_app_ex35p_h1_3d.debufferized.mlir,48528,0,47,38,3297.8906519711018,9,67836,1.2916624546051025,0,154,0,0,"[{""body_indices"": [0, 1], ""symbol"": ""cutensornetContraction2_f64""}, {""body_indices"": [2, 3], ""symbol"": ""cutensornetContraction2_f64""}, {""body_indices"": [4, 5], ""symbol"": ""cutensornetContraction2_f64""}, {""body_indices"": [6, 7], ""symbol"": ""cutensornetContraction2_f64""}, {""body_indices"": [8, 9], ""symbol"": ""cutensornetContraction2_f64""}, {""body_indices"": [10, 11], ""symbol"": ""cutensornetContraction2_f64""}, {""body_indices"": [12, 13], ""symbol"": ""cutensornetContraction2_f64""}, {""body_indices"": [14, 15], ""symbol"": ""cutensornetContraction2_f64""}, {""body_indices"": [22, 23], ""symbol"": ""cutensornetContraction2_f64""}, {""body_indices"": [24, 25], ""symbol"": ""cutensornetContraction2_f64""}, {""body_indices"": [26, 27], ""symbol"": ""cutensornetContraction2_f64""}, {""body_indices"": [28, 29], ""symbol"": ""cutensornetContraction2_f64""}, {""body_indices"": [30, 31], ""symbol"": ""cutensornetContraction2_f64""}, {""body_indices"": [32, 33], ""symbol"": ""cutensornetContraction2_f64""}, {""body_indices"": [35, 36], ""symbol"": ""cutensornetContraction2_f64""}, {""body_indices"": [37, 38], ""symbol"": ""cutensornetContraction2_f64""}, {""body_indices"": [39, 40], ""symbol"": ""cutensornetContraction2_f64""}, {""body_indices"": [42, 43], ""symbol"": ""cutensornetContraction2_f64""}, {""body_indices"": [44, 45], ""symbol"": ""cutensornetContraction2_f64""}]",19,0,158,0.0,158
mfem_application,mfem_app_ex35p_h1_3d,/home/arjaiswal/Polygeist/issues/mfem_c_kernels/application_extractions/results/mfem_app_ex35p_h1_3d.debufferized.mlir,f0a2b67bef3f5ee153c69f840a1bb09ff69ab06d7c20976d115f8ab92e3aa3c1,syntactic,3,ok,0,4734.918776899576,0,"[""/usr/bin/python3"", ""/home/arjaiswal/Polygeist/scripts/correctness/kernel_match_rewrite.py"", ""/home/arjaiswal/Polygeist/issues/mfem_c_kernels/application_extractions/results/mfem_app_ex35p_h1_3d.debufferized.mlir"", ""--dry-run"", ""--matcher-mode"", ""syntactic"", ""--telemetry-json"", ""/home/arjaiswal/Polygeist/issues/equality_saturation_eval/campaign_20260908/mfem_application-mfem_app_ex35p_h1_3d-syntactic-slz7k2oz.json"", ""--disable-semantic-fallback""]","== match report for /home/arjaiswal/Polygeist/issues/mfem_c_kernels/application_extractions/results/mfem_app_ex35p_h1_3d.debufferized.mlir ==
  match          body#[0, 1]  cutensornetContraction2_f64
  match          body#[2, 3]  cutensornetContraction2_f64
  match          body#[4, 5]  cutensornetContraction2_f64
  match          body#[6, 7]  cutensornetContraction2_f64
  match          body#[8, 9]  cutensornetContraction2_f64
  match          body#[10, 11]  cutensornetContraction2_f64
  match          body#[12, 13]  cutensornetContraction2_f64
  match          body#[14, 15]  cutensornetContraction2_f64
  no_match       body#16  ?
  no_match       body#17  ?
  no_match       body#18  ?
  no_match       body#19  ?
  no_match       body#20  ?
  no_match       body#21  ?
  match          body#[22, 23]  cutensornetContraction2_f64
  match          body#[24, 25]  cutensornetContraction2_f64
  match          body#[26, 27]  cutensornetContraction2_f64
  match          body#[28, 29]  cutensornetContraction2_f64
  match          body#[30, 31]  cutensornetContraction2_f64
  match          body#[32, 33]  cutensornetContraction2_f64
  no_match       body#34  ?
  match          body#[35, 36]  cutensornetContraction2_f64
  match          body#[37, 38]  cutensornetContraction2_f64
  match          body#[39, 40]  cutensornetContraction2_f64
  no_match       body#41  ?
  match          body#[42, 43]  cutensornetContraction2_f64
  match          body#[44, 45]  cutensornetContraction2_f64
  no_match       body#46  ?
  total: 19 matched / 28 bodies
",0,[],0,0,0,0,/home/arjaiswal/Polygeist/issues/mfem_c_kernels/application_extractions/results/mfem_app_ex35p_h1_3d.debufferized.mlir,48528,0,47,38,3398.3610793948174,9,67752,0.9548738598823547,0,154,0,0,"[{""body_indices"": [0, 1], ""symbol"": ""cutensornetContraction2_f64""}, {""body_indices"": [2, 3], ""symbol"": ""cutensornetContraction2_f64""}, {""body_indices"": [4, 5], ""symbol"": ""cutensornetContraction2_f64""}, {""body_indices"": [6, 7], ""symbol"": ""cutensornetContraction2_f64""}, {""body_indices"": [8, 9], ""symbol"": ""cutensornetContraction2_f64""}, {""body_indices"": [10, 11], ""symbol"": ""cutensornetContraction2_f64""}, {""body_indices"": [12, 13], ""symbol"": ""cutensornetContraction2_f64""}, {""body_indices"": [14, 15], ""symbol"": ""cutensornetContraction2_f64""}, {""body_indices"": [22, 23], ""symbol"": ""cutensornetContraction2_f64""}, {""body_indices"": [24, 25], ""symbol"": ""cutensornetContraction2_f64""}, {""body_indices"": [26, 27], ""symbol"": ""cutensornetContraction2_f64""}, {""body_indices"": [28, 29], ""symbol"": ""cutensornetContraction2_f64""}, {""body_indices"": [30, 31], ""symbol"": ""cutensornetContraction2_f64""}, {""body_indices"": [32, 33], ""symbol"": ""cutensornetContraction2_f64""}, {""body_indices"": [35, 36], ""symbol"": ""cutensornetContraction2_f64""}, {""body_indices"": [37, 38], ""symbol"": ""cutensornetContraction2_f64""}, {""body_indices"": [39, 40], ""symbol"": ""cutensornetContraction2_f64""}, {""body_indices"": [42, 43], ""symbol"": ""cutensornetContraction2_f64""}, {""body_indices"": [44, 45], ""symbol"": ""cutensornetContraction2_f64""}]",19,0,158,0.0,158
mfem_application,mfem_app_ex35p_h1_3d,/home/arjaiswal/Polygeist/issues/mfem_c_kernels/application_extractions/results/mfem_app_ex35p_h1_3d.debufferized.mlir,f0a2b67bef3f5ee153c69f840a1bb09ff69ab06d7c20976d115f8ab92e3aa3c1,egglog,3,ok,0,6120.9641844034195,0,"[""/usr/bin/python3"", ""/home/arjaiswal/Polygeist/scripts/correctness/kernel_match_rewrite.py"", ""/home/arjaiswal/Polygeist/issues/mfem_c_kernels/application_extractions/results/mfem_app_ex35p_h1_3d.debufferized.mlir"", ""--dry-run"", ""--matcher-mode"", ""egglog"", ""--telemetry-json"", ""/home/arjaiswal/Polygeist/issues/equality_saturation_eval/campaign_20260908/mfem_application-mfem_app_ex35p_h1_3d-egglog-4108qoxo.json"", ""--disable-semantic-fallback""]","== match report for /home/arjaiswal/Polygeist/issues/mfem_c_kernels/application_extractions/results/mfem_app_ex35p_h1_3d.debufferized.mlir ==
  match          body#[0, 1]  cutensornetContraction2_f64
  match          body#[2, 3]  cutensornetContraction2_f64
  match          body#[4, 5]  cutensornetContraction2_f64
  match          body#[6, 7]  cutensornetContraction2_f64
  match          body#[8, 9]  cutensornetContraction2_f64
  match          body#[10, 11]  cutensornetContraction2_f64
  match          body#[12, 13]  cutensornetContraction2_f64
  match          body#[14, 15]  cutensornetContraction2_f64
  no_match       body#16  ?
  no_match       body#17  ?
  no_match       body#18  ?
  no_match       body#19  ?
  no_match       body#20  ?
  no_match       body#21  ?
  match          body#[22, 23]  cutensornetContraction2_f64
  match          body#[24, 25]  cutensornetContraction2_f64
  match          body#[26, 27]  cutensornetContraction2_f64
  match          body#[28, 29]  cutensornetContraction2_f64
  match          body#[30, 31]  cutensornetContraction2_f64
  match          body#[32, 33]  cutensornetContraction2_f64
  no_match       body#34  ?
  match          body#[35, 36]  cutensornetContraction2_f64
  match          body#[37, 38]  cutensornetContraction2_f64
  match          body#[39, 40]  cutensornetContraction2_f64
  no_match       body#41  ?
  match          body#[42, 43]  cutensornetContraction2_f64
  match          body#[44, 45]  cutensornetContraction2_f64
  no_match       body#46  ?
  total: 19 matched / 28 bodies
",0,[],0,0,0,0,/home/arjaiswal/Polygeist/issues/mfem_c_kernels/application_extractions/results/mfem_app_ex35p_h1_3d.debufferized.mlir,48528,8,47,38,4989.516016095877,9,72276,2687.370464205742,154,154,0,152,"[{""body_indices"": [0, 1], ""symbol"": ""cutensornetContraction2_f64""}, {""body_indices"": [2, 3], ""symbol"": ""cutensornetContraction2_f64""}, {""body_indices"": [4, 5], ""symbol"": ""cutensornetContraction2_f64""}, {""body_indices"": [6, 7], ""symbol"": ""cutensornetContraction2_f64""}, {""body_indices"": [8, 9], ""symbol"": ""cutensornetContraction2_f64""}, {""body_indices"": [10, 11], ""symbol"": ""cutensornetContraction2_f64""}, {""body_indices"": [12, 13], ""symbol"": ""cutensornetContraction2_f64""}, {""body_indices"": [14, 15], ""symbol"": ""cutensornetContraction2_f64""}, {""body_indices"": [22, 23], ""symbol"": ""cutensornetContraction2_f64""}, {""body_indices"": [24, 25], ""symbol"": ""cutensornetContraction2_f64""}, {""body_indices"": [26, 27], ""symbol"": ""cutensornetContraction2_f64""}, {""body_indices"": [28, 29], ""symbol"": ""cutensornetContraction2_f64""}, {""body_indices"": [30, 31], ""symbol"": ""cutensornetContraction2_f64""}, {""body_indices"": [32, 33], ""symbol"": ""cutensornetContraction2_f64""}, {""body_indices"": [35, 36], ""symbol"": ""cutensornetContraction2_f64""}, {""body_indices"": [37, 38], ""symbol"": ""cutensornetContraction2_f64""}, {""body_indices"": [39, 40], ""symbol"": ""cutensornetContraction2_f64""}, {""body_indices"": [42, 43], ""symbol"": ""cutensornetContraction2_f64""}, {""body_indices"": [44, 45], ""symbol"": ""cutensornetContraction2_f64""}]",19,0,0,0.0,158
mfem_application,mfem_app_ex35p_h1_3d,/home/arjaiswal/Polygeist/issues/mfem_c_kernels/application_extractions/results/mfem_app_ex35p_h1_3d.debufferized.mlir,f0a2b67bef3f5ee153c69f840a1bb09ff69ab06d7c20976d115f8ab92e3aa3c1,egglog,4,ok,0,6134.256660938263,0,"[""/usr/bin/python3"", ""/home/arjaiswal/Polygeist/scripts/correctness/kernel_match_rewrite.py"", ""/home/arjaiswal/Polygeist/issues/mfem_c_kernels/application_extractions/results/mfem_app_ex35p_h1_3d.debufferized.mlir"", ""--dry-run"", ""--matcher-mode"", ""egglog"", ""--telemetry-json"", ""/home/arjaiswal/Polygeist/issues/equality_saturation_eval/campaign_20260908/mfem_application-mfem_app_ex35p_h1_3d-egglog-y4f2gr5k.json"", ""--disable-semantic-fallback""]","== match report for /home/arjaiswal/Polygeist/issues/mfem_c_kernels/application_extractions/results/mfem_app_ex35p_h1_3d.debufferized.mlir ==
  match          body#[0, 1]  cutensornetContraction2_f64
  match          body#[2, 3]  cutensornetContraction2_f64
  match          body#[4, 5]  cutensornetContraction2_f64
  match          body#[6, 7]  cutensornetContraction2_f64
  match          body#[8, 9]  cutensornetContraction2_f64
  match          body#[10, 11]  cutensornetContraction2_f64
  match          body#[12, 13]  cutensornetContraction2_f64
  match          body#[14, 15]  cutensornetContraction2_f64
  no_match       body#16  ?
  no_match       body#17  ?
  no_match       body#18  ?
  no_match       body#19  ?
  no_match       body#20  ?
  no_match       body#21  ?
  match          body#[22, 23]  cutensornetContraction2_f64
  match          body#[24, 25]  cutensornetContraction2_f64
  match          body#[26, 27]  cutensornetContraction2_f64
  match          body#[28, 29]  cutensornetContraction2_f64
  match          body#[30, 31]  cutensornetContraction2_f64
  match          body#[32, 33]  cutensornetContraction2_f64
  no_match       body#34  ?
  match          body#[35, 36]  cutensornetContraction2_f64
  match          body#[37, 38]  cutensornetContraction2_f64
  match          body#[39, 40]  cutensornetContraction2_f64
  no_match       body#41  ?
  match          body#[42, 43]  cutensornetContraction2_f64
  match          body#[44, 45]  cutensornetContraction2_f64
  no_match       body#46  ?
  total: 19 matched / 28 bodies
",0,[],0,0,0,0,/home/arjaiswal/Polygeist/issues/mfem_c_kernels/application_extractions/results/mfem_app_ex35p_h1_3d.debufferized.mlir,48528,8,47,38,5008.331015706062,9,72284,2298.2958741486073,154,154,0,152,"[{""body_indices"": [0, 1], ""symbol"": ""cutensornetContraction2_f64""}, {""body_indices"": [2, 3], ""symbol"": ""cutensornetContraction2_f64""}, {""body_indices"": [4, 5], ""symbol"": ""cutensornetContraction2_f64""}, {""body_indices"": [6, 7], ""symbol"": ""cutensornetContraction2_f64""}, {""body_indices"": [8, 9], ""symbol"": ""cutensornetContraction2_f64""}, {""body_indices"": [10, 11], ""symbol"": ""cutensornetContraction2_f64""}, {""body_indices"": [12, 13], ""symbol"": ""cutensornetContraction2_f64""}, {""body_indices"": [14, 15], ""symbol"": ""cutensornetContraction2_f64""}, {""body_indices"": [22, 23], ""symbol"": ""cutensornetContraction2_f64""}, {""body_indices"": [24, 25], ""symbol"": ""cutensornetContraction2_f64""}, {""body_indices"": [26, 27], ""symbol"": ""cutensornetContraction2_f64""}, {""body_indices"": [28, 29], ""symbol"": ""cutensornetContraction2_f64""}, {""body_indices"": [30, 31], ""symbol"": ""cutensornetContraction2_f64""}, {""body_indices"": [32, 33], ""symbol"": ""cutensornetContraction2_f64""}, {""body_indices"": [35, 36], ""symbol"": ""cutensornetContraction2_f64""}, {""body_indices"": [37, 38], ""symbol"": ""cutensornetContraction2_f64""}, {""body_indices"": [39, 40], ""symbol"": ""cutensornetContraction2_f64""}, {""body_indices"": [42, 43], ""symbol"": ""cutensornetContraction2_f64""}, {""body_indices"": [44, 45], ""symbol"": ""cutensornetContraction2_f64""}]",19,0,0,0.0,158
mfem_application,mfem_app_ex35p_h1_3d,/home/arjaiswal/Polygeist/issues/mfem_c_kernels/application_extractions/results/mfem_app_ex35p_h1_3d.debufferized.mlir,f0a2b67bef3f5ee153c69f840a1bb09ff69ab06d7c20976d115f8ab92e3aa3c1,syntactic,4,ok,0,3922.21887037158,0,"[""/usr/bin/python3"", ""/home/arjaiswal/Polygeist/scripts/correctness/kernel_match_rewrite.py"", ""/home/arjaiswal/Polygeist/issues/mfem_c_kernels/application_extractions/results/mfem_app_ex35p_h1_3d.debufferized.mlir"", ""--dry-run"", ""--matcher-mode"", ""syntactic"", ""--telemetry-json"", ""/home/arjaiswal/Polygeist/issues/equality_saturation_eval/campaign_20260908/mfem_application-mfem_app_ex35p_h1_3d-syntactic-gobblbab.json"", ""--disable-semantic-fallback""]","== match report for /home/arjaiswal/Polygeist/issues/mfem_c_kernels/application_extractions/results/mfem_app_ex35p_h1_3d.debufferized.mlir ==
  match          body#[0, 1]  cutensornetContraction2_f64
  match          body#[2, 3]  cutensornetContraction2_f64
  match          body#[4, 5]  cutensornetContraction2_f64
  match          body#[6, 7]  cutensornetContraction2_f64
  match          body#[8, 9]  cutensornetContraction2_f64
  match          body#[10, 11]  cutensornetContraction2_f64
  match          body#[12, 13]  cutensornetContraction2_f64
  match          body#[14, 15]  cutensornetContraction2_f64
  no_match       body#16  ?
  no_match       body#17  ?
  no_match       body#18  ?
  no_match       body#19  ?
  no_match       body#20  ?
  no_match       body#21  ?
  match          body#[22, 23]  cutensornetContraction2_f64
  match          body#[24, 25]  cutensornetContraction2_f64
  match          body#[26, 27]  cutensornetContraction2_f64
  match          body#[28, 29]  cutensornetContraction2_f64
  match          body#[30, 31]  cutensornetContraction2_f64
  match          body#[32, 33]  cutensornetContraction2_f64
  no_match       body#34  ?
  match          body#[35, 36]  cutensornetContraction2_f64
  match          body#[37, 38]  cutensornetContraction2_f64
  match          body#[39, 40]  cutensornetContraction2_f64
  no_match       body#41  ?
  match          body#[42, 43]  cutensornetContraction2_f64
  match          body#[44, 45]  cutensornetContraction2_f64
  no_match       body#46  ?
  total: 19 matched / 28 bodies
",0,[],0,0,0,0,/home/arjaiswal/Polygeist/issues/mfem_c_kernels/application_extractions/results/mfem_app_ex35p_h1_3d.debufferized.mlir,48528,0,47,38,2047.5933402776718,9,67796,0.8706860244274139,0,154,0,0,"[{""body_indices"": [0, 1], ""symbol"": ""cutensornetContraction2_f64""}, {""body_indices"": [2, 3], ""symbol"": ""cutensornetContraction2_f64""}, {""body_indices"": [4, 5], ""symbol"": ""cutensornetContraction2_f64""}, {""body_indices"": [6, 7], ""symbol"": ""cutensornetContraction2_f64""}, {""body_indices"": [8, 9], ""symbol"": ""cutensornetContraction2_f64""}, {""body_indices"": [10, 11], ""symbol"": ""cutensornetContraction2_f64""}, {""body_indices"": [12, 13], ""symbol"": ""cutensornetContraction2_f64""}, {""body_indices"": [14, 15], ""symbol"": ""cutensornetContraction2_f64""}, {""body_indices"": [22, 23], ""symbol"": ""cutensornetContraction2_f64""}, {""body_indices"": [24, 25], ""symbol"": ""cutensornetContraction2_f64""}, {""body_indices"": [26, 27], ""symbol"": ""cutensornetContraction2_f64""}, {""body_indices"": [28, 29], ""symbol"": ""cutensornetContraction2_f64""}, {""body_indices"": [30, 31], ""symbol"": ""cutensornetContraction2_f64""}, {""body_indices"": [32, 33], ""symbol"": ""cutensornetContraction2_f64""}, {""body_indices"": [35, 36], ""symbol"": ""cutensornetContraction2_f64""}, {""body_indices"": [37, 38], ""symbol"": ""cutensornetContraction2_f64""}, {""body_indices"": [39, 40], ""symbol"": ""cutensornetContraction2_f64""}, {""body_indices"": [42, 43], ""symbol"": ""cutensornetContraction2_f64""}, {""body_indices"": [44, 45], ""symbol"": ""cutensornetContraction2_f64""}]",19,0,158,0.0,158
mfem_application,mfem_app_ex35p_h1_3d,/home/arjaiswal/Polygeist/issues/mfem_c_kernels/application_extractions/results/mfem_app_ex35p_h1_3d.debufferized.mlir,f0a2b67bef3f5ee153c69f840a1bb09ff69ab06d7c20976d115f8ab92e3aa3c1,syntactic,5,ok,0,3908.705372363329,0,"[""/usr/bin/python3"", ""/home/arjaiswal/Polygeist/scripts/correctness/kernel_match_rewrite.py"", ""/home/arjaiswal/Polygeist/issues/mfem_c_kernels/application_extractions/results/mfem_app_ex35p_h1_3d.debufferized.mlir"", ""--dry-run"", ""--matcher-mode"", ""syntactic"", ""--telemetry-json"", ""/home/arjaiswal/Polygeist/issues/equality_saturation_eval/campaign_20260908/mfem_application-mfem_app_ex35p_h1_3d-syntactic-cc8c220n.json"", ""--disable-semantic-fallback""]","== match report for /home/arjaiswal/Polygeist/issues/mfem_c_kernels/application_extractions/results/mfem_app_ex35p_h1_3d.debufferized.mlir ==
  match          body#[0, 1]  cutensornetContraction2_f64
  match          body#[2, 3]  cutensornetContraction2_f64
  match          body#[4, 5]  cutensornetContraction2_f64
  match          body#[6, 7]  cutensornetContraction2_f64
  match          body#[8, 9]  cutensornetContraction2_f64
  match          body#[10, 11]  cutensornetContraction2_f64
  match          body#[12, 13]  cutensornetContraction2_f64
  match          body#[14, 15]  cutensornetContraction2_f64
  no_match       body#16  ?
  no_match       body#17  ?
  no_match       body#18  ?
  no_match       body#19  ?
  no_match       body#20  ?
  no_match       body#21  ?
  match          body#[22, 23]  cutensornetContraction2_f64
  match          body#[24, 25]  cutensornetContraction2_f64
  match          body#[26, 27]  cutensornetContraction2_f64
  match          body#[28, 29]  cutensornetContraction2_f64
  match          body#[30, 31]  cutensornetContraction2_f64
  match          body#[32, 33]  cutensornetContraction2_f64
  no_match       body#34  ?
  match          body#[35, 36]  cutensornetContraction2_f64
  match          body#[37, 38]  cutensornetContraction2_f64
  match          body#[39, 40]  cutensornetContraction2_f64
  no_match       body#41  ?
  match          body#[42, 43]  cutensornetContraction2_f64
  match          body#[44, 45]  cutensornetContraction2_f64
  no_match       body#46  ?
  total: 19 matched / 28 bodies
",0,[],0,0,0,0,/home/arjaiswal/Polygeist/issues/mfem_c_kernels/application_extractions/results/mfem_app_ex35p_h1_3d.debufferized.mlir,48528,0,47,38,2494.949895888567,9,68112,2.4144425988197327,0,154,0,0,"[{""body_indices"": [0, 1], ""symbol"": ""cutensornetContraction2_f64""}, {""body_indices"": [2, 3], ""symbol"": ""cutensornetContraction2_f64""}, {""body_indices"": [4, 5], ""symbol"": ""cutensornetContraction2_f64""}, {""body_indices"": [6, 7], ""symbol"": ""cutensornetContraction2_f64""}, {""body_indices"": [8, 9], ""symbol"": ""cutensornetContraction2_f64""}, {""body_indices"": [10, 11], ""symbol"": ""cutensornetContraction2_f64""}, {""body_indices"": [12, 13], ""symbol"": ""cutensornetContraction2_f64""}, {""body_indices"": [14, 15], ""symbol"": ""cutensornetContraction2_f64""}, {""body_indices"": [22, 23], ""symbol"": ""cutensornetContraction2_f64""}, {""body_indices"": [24, 25], ""symbol"": ""cutensornetContraction2_f64""}, {""body_indices"": [26, 27], ""symbol"": ""cutensornetContraction2_f64""}, {""body_indices"": [28, 29], ""symbol"": ""cutensornetContraction2_f64""}, {""body_indices"": [30, 31], ""symbol"": ""cutensornetContraction2_f64""}, {""body_indices"": [32, 33], ""symbol"": ""cutensornetContraction2_f64""}, {""body_indices"": [35, 36], ""symbol"": ""cutensornetContraction2_f64""}, {""body_indices"": [37, 38], ""symbol"": ""cutensornetContraction2_f64""}, {""body_indices"": [39, 40], ""symbol"": ""cutensornetContraction2_f64""}, {""body_indices"": [42, 43], ""symbol"": ""cutensornetContraction2_f64""}, {""body_indices"": [44, 45], ""symbol"": ""cutensornetContraction2_f64""}]",19,0,158,0.0,158
mfem_application,mfem_app_ex35p_h1_3d,/home/arjaiswal/Polygeist/issues/mfem_c_kernels/application_extractions/results/mfem_app_ex35p_h1_3d.debufferized.mlir,f0a2b67bef3f5ee153c69f840a1bb09ff69ab06d7c20976d115f8ab92e3aa3c1,egglog,5,ok,0,5029.602635651827,0,"[""/usr/bin/python3"", ""/home/arjaiswal/Polygeist/scripts/correctness/kernel_match_rewrite.py"", ""/home/arjaiswal/Polygeist/issues/mfem_c_kernels/application_extractions/results/mfem_app_ex35p_h1_3d.debufferized.mlir"", ""--dry-run"", ""--matcher-mode"", ""egglog"", ""--telemetry-json"", ""/home/arjaiswal/Polygeist/issues/equality_saturation_eval/campaign_20260908/mfem_application-mfem_app_ex35p_h1_3d-egglog-raxjmfyd.json"", ""--disable-semantic-fallback""]","== match report for /home/arjaiswal/Polygeist/issues/mfem_c_kernels/application_extractions/results/mfem_app_ex35p_h1_3d.debufferized.mlir ==
  match          body#[0, 1]  cutensornetContraction2_f64
  match          body#[2, 3]  cutensornetContraction2_f64
  match          body#[4, 5]  cutensornetContraction2_f64
  match          body#[6, 7]  cutensornetContraction2_f64
  match          body#[8, 9]  cutensornetContraction2_f64
  match          body#[10, 11]  cutensornetContraction2_f64
  match          body#[12, 13]  cutensornetContraction2_f64
  match          body#[14, 15]  cutensornetContraction2_f64
  no_match       body#16  ?
  no_match       body#17  ?
  no_match       body#18  ?
  no_match       body#19  ?
  no_match       body#20  ?
  no_match       body#21  ?
  match          body#[22, 23]  cutensornetContraction2_f64
  match          body#[24, 25]  cutensornetContraction2_f64
  match          body#[26, 27]  cutensornetContraction2_f64
  match          body#[28, 29]  cutensornetContraction2_f64
  match          body#[30, 31]  cutensornetContraction2_f64
  match          body#[32, 33]  cutensornetContraction2_f64
  no_match       body#34  ?
  match          body#[35, 36]  cutensornetContraction2_f64
  match          body#[37, 38]  cutensornetContraction2_f64
  match          body#[39, 40]  cutensornetContraction2_f64
  no_match       body#41  ?
  match          body#[42, 43]  cutensornetContraction2_f64
  match          body#[44, 45]  cutensornetContraction2_f64
  no_match       body#46  ?
  total: 19 matched / 28 bodies
",0,[],0,0,0,0,/home/arjaiswal/Polygeist/issues/mfem_c_kernels/application_extractions/results/mfem_app_ex35p_h1_3d.debufferized.mlir,48528,8,47,38,3908.8476821780205,9,72096,2045.50476744771,154,154,0,152,"[{""body_indices"": [0, 1], ""symbol"": ""cutensornetContraction2_f64""}, {""body_indices"": [2, 3], ""symbol"": ""cutensornetContraction2_f64""}, {""body_indices"": [4, 5], ""symbol"": ""cutensornetContraction2_f64""}, {""body_indices"": [6, 7], ""symbol"": ""cutensornetContraction2_f64""}, {""body_indices"": [8, 9], ""symbol"": ""cutensornetContraction2_f64""}, {""body_indices"": [10, 11], ""symbol"": ""cutensornetContraction2_f64""}, {""body_indices"": [12, 13], ""symbol"": ""cutensornetContraction2_f64""}, {""body_indices"": [14, 15], ""symbol"": ""cutensornetContraction2_f64""}, {""body_indices"": [22, 23], ""symbol"": ""cutensornetContraction2_f64""}, {""body_indices"": [24, 25], ""symbol"": ""cutensornetContraction2_f64""}, {""body_indices"": [26, 27], ""symbol"": ""cutensornetContraction2_f64""}, {""body_indices"": [28, 29], ""symbol"": ""cutensornetContraction2_f64""}, {""body_indices"": [30, 31], ""symbol"": ""cutensornetContraction2_f64""}, {""body_indices"": [32, 33], ""symbol"": ""cutensornetContraction2_f64""}, {""body_indices"": [35, 36], ""symbol"": ""cutensornetContraction2_f64""}, {""body_indices"": [37, 38], ""symbol"": ""cutensornetContraction2_f64""}, {""body_indices"": [39, 40], ""symbol"": ""cutensornetContraction2_f64""}, {""body_indices"": [42, 43], ""symbol"": ""cutensornetContraction2_f64""}, {""body_indices"": [44, 45], ""symbol"": ""cutensornetContraction2_f64""}]",19,0,0,0.0,158
mfem_application,mfem_app_ex35p_hcurl_3d,/home/arjaiswal/Polygeist/issues/mfem_c_kernels/application_extractions/results/mfem_app_ex35p_hcurl_3d.debufferized.mlir,75ddc934e8cbf30c7e412b8270c0ed232092fbea8e21f5c5eea23c1ad5e47999,egglog,1,ok,0,10949.100907891989,0,"[""/usr/bin/python3"", ""/home/arjaiswal/Polygeist/scripts/correctness/kernel_match_rewrite.py"", ""/home/arjaiswal/Polygeist/issues/mfem_c_kernels/application_extractions/results/mfem_app_ex35p_hcurl_3d.debufferized.mlir"", ""--dry-run"", ""--matcher-mode"", ""egglog"", ""--telemetry-json"", ""/home/arjaiswal/Polygeist/issues/equality_saturation_eval/campaign_20260908/mfem_application-mfem_app_ex35p_hcurl_3d-egglog-uffpr8uo.json"", ""--disable-semantic-fallback""]","on2_f64
  match          body#[16, 17]  cutensornetContraction2_f64
  match          body#[18, 19]  cutensornetContraction2_f64
  match          body#[20, 21]  cutensornetContraction2_f64
  match          body#[22, 23]  cutensornetContraction2_f64
  match          body#[24, 25]  cutensornetContraction2_f64
  match          body#[26, 27]  cutensornetContraction2_f64
  match          body#[28, 29]  cutensornetContraction2_f64
  match          body#[30, 31]  cutensornetContraction2_f64
  match          body#[32, 33]  cutensornetContraction2_f64
  no_match       body#34  ?
  no_match       body#35  ?
  match          body#[36, 37]  cutensornetContraction2_f64
  match          body#[38, 39]  cutensornetContraction2_f64
  no_match       body#40  ?
  no_match       body#41  ?
  match          body#[42, 43]  cutensornetContraction2_f64
  match          body#[44, 45]  cutensornetContraction2_f64
  no_match       body#46  ?
  no_match       body#47  ?
  match          body#[48, 49]  cutensornetContraction2_f64
  match          body#[50, 51]  cutensornetContraction2_f64
  no_match       body#52  ?
  no_match       body#53  ?
  match          body#[54, 55]  cutensornetContraction2_f64
  match          body#[56, 57]  cutensornetContraction2_f64
  no_match       body#58  ?
  no_match       body#59  ?
  match          body#[60, 61]  cutensornetContraction2_f64
  match          body#[62, 63]  cutensornetContraction2_f64
  no_match       body#64  ?
  no_match       body#65  ?
  match          body#[66, 67]  cutensornetContraction2_f64
  match          body#[68, 69]  cutensornetContraction2_f64
  no_match       body#70  ?
  no_match       body#71  ?
  no_match       body#72  ?
  no_match       body#73  ?
  no_match       body#74  ?
  no_match       body#75  ?
  no_match       body#76  ?
  no_match       body#77  ?
  no_match       body#78  ?
  no_match       body#79  ?
  no_match       body#80  ?
  no_match       body#81  ?
  no_match       body#82  ?
  total: 29 matched / 54 bodies
",0,[],0,0,0,0,/home/arjaiswal/Polygeist/issues/mfem_c_kernels/application_extractions/results/mfem_app_ex35p_hcurl_3d.debufferized.mlir,97982,8,83,58,7744.905881583691,25,74768,3601.0324023663998,300,300,0,232,"[{""body_indices"": [0, 1], ""symbol"": ""cutensornetContraction2_f64""}, {""body_indices"": [2, 3], ""symbol"": ""cutensornetContraction2_f64""}, {""body_indices"": [4, 5], ""symbol"": ""cutensornetContraction2_f64""}, {""body_indices"": [6, 7], ""symbol"": ""cutensornetContraction2_f64""}, {""body_indices"": [8, 9], ""symbol"": ""cutensornetContraction2_f64""}, {""body_indices"": [10, 11], ""symbol"": ""cutensornetContraction2_f64""}, {""body_indices"": [12, 13], ""symbol"": ""cutensornetContraction2_f64""}, {""body_indices"": [14, 15], ""symbol"": ""cutensornetContraction2_f64""}, {""body_indices"": [16, 17], ""symbol"": ""cutensornetContraction2_f64""}, {""body_indices"": [18, 19], ""symbol"": ""cutensornetContraction2_f64""}, {""body_indices"": [20, 21], ""symbol"": ""cutensornetContraction2_f64""}, {""body_indices"": [22, 23], ""symbol"": ""cutensornetContraction2_f64""}, {""body_indices"": [24, 25], ""symbol"": ""cutensornetContraction2_f64""}, {""body_indices"": [26, 27], ""symbol"": ""cutensornetContraction2_f64""}, {""body_indices"": [28, 29], ""symbol"": ""cutensornetContraction2_f64""}, {""body_indices"": [30, 31], ""symbol"": ""cutensornetContraction2_f64""}, {""body_indices"": [32, 33], ""symbol"": ""cutensornetContraction2_f64""}, {""body_indices"": [36, 37], ""symbol"": ""cutensornetContraction2_f64""}, {""body_indices"": [38, 39], ""symbol"": ""cutensornetContraction2_f64""}, {""body_indices"": [42, 43], ""symbol"": ""cutensornetContraction2_f64""}, {""body_indices"": [44, 45], ""symbol"": ""cutensornetContraction2_f64""}, {""body_indices"": [48, 49], ""symbol"": ""cutensornetContraction2_f64""}, {""body_indices"": [50, 51], ""symbol"": ""cutensornetContraction2_f64""}, {""body_indices"": [54, 55], ""symbol"": ""cutensornetContraction2_f64""}, {""body_indices"": [56, 57], ""symbol"": ""cutensornetContraction2_f64""}, {""body_indices"": [60, 61], ""symbol"": ""cutensornetContraction2_f64""}, {""body_indices"": [62, 63], ""symbol"": ""cutensornetContraction2_f64""}, {""body_indices"": [66, 67], ""symbol"": ""cutensornetContraction2_f64""}, {""body_indices"": [68, 69], ""symbol"": ""cutensornetContraction2_f64""}]",29,0,0,0.0,300
mfem_application,mfem_app_ex35p_hcurl_3d,/home/arjaiswal/Polygeist/issues/mfem_c_kernels/application_extractions/results/mfem_app_ex35p_hcurl_3d.debufferized.mlir,75ddc934e8cbf30c7e412b8270c0ed232092fbea8e21f5c5eea23c1ad5e47999,syntactic,1,ok,0,8075.9115144610405,0,"[""/usr/bin/python3"", ""/home/arjaiswal/Polygeist/scripts/correctness/kernel_match_rewrite.py"", ""/home/arjaiswal/Polygeist/issues/mfem_c_kernels/application_extractions/results/mfem_app_ex35p_hcurl_3d.debufferized.mlir"", ""--dry-run"", ""--matcher-mode"", ""syntactic"", ""--telemetry-json"", ""/home/arjaiswal/Polygeist/issues/equality_saturation_eval/campaign_20260908/mfem_application-mfem_app_ex35p_hcurl_3d-syntactic-17fa_pyj.json"", ""--disable-semantic-fallback""]","on2_f64
  match          body#[16, 17]  cutensornetContraction2_f64
  match          body#[18, 19]  cutensornetContraction2_f64
  match          body#[20, 21]  cutensornetContraction2_f64
  match          body#[22, 23]  cutensornetContraction2_f64
  match          body#[24, 25]  cutensornetContraction2_f64
  match          body#[26, 27]  cutensornetContraction2_f64
  match          body#[28, 29]  cutensornetContraction2_f64
  match          body#[30, 31]  cutensornetContraction2_f64
  match          body#[32, 33]  cutensornetContraction2_f64
  no_match       body#34  ?
  no_match       body#35  ?
  match          body#[36, 37]  cutensornetContraction2_f64
  match          body#[38, 39]  cutensornetContraction2_f64
  no_match       body#40  ?
  no_match       body#41  ?
  match          body#[42, 43]  cutensornetContraction2_f64
  match          body#[44, 45]  cutensornetContraction2_f64
  no_match       body#46  ?
  no_match       body#47  ?
  match          body#[48, 49]  cutensornetContraction2_f64
  match          body#[50, 51]  cutensornetContraction2_f64
  no_match       body#52  ?
  no_match       body#53  ?
  match          body#[54, 55]  cutensornetContraction2_f64
  match          body#[56, 57]  cutensornetContraction2_f64
  no_match       body#58  ?
  no_match       body#59  ?
  match          body#[60, 61]  cutensornetContraction2_f64
  match          body#[62, 63]  cutensornetContraction2_f64
  no_match       body#64  ?
  no_match       body#65  ?
  match          body#[66, 67]  cutensornetContraction2_f64
  match          body#[68, 69]  cutensornetContraction2_f64
  no_match       body#70  ?
  no_match       body#71  ?
  no_match       body#72  ?
  no_match       body#73  ?
  no_match       body#74  ?
  no_match       body#75  ?
  no_match       body#76  ?
  no_match       body#77  ?
  no_match       body#78  ?
  no_match       body#79  ?
  no_match       body#80  ?
  no_match       body#81  ?
  no_match       body#82  ?
  total: 29 matched / 54 bodies
",0,[],0,0,0,0,/home/arjaiswal/Polygeist/issues/mfem_c_kernels/application_extractions/results/mfem_app_ex35p_hcurl_3d.debufferized.mlir,97982,0,83,58,4896.9150222837925,25,70808,1.6044266521930695,0,300,0,0,"[{""body_indices"": [0, 1], ""symbol"": ""cutensornetContraction2_f64""}, {""body_indices"": [2, 3], ""symbol"": ""cutensornetContraction2_f64""}, {""body_indices"": [4, 5], ""symbol"": ""cutensornetContraction2_f64""}, {""body_indices"": [6, 7], ""symbol"": ""cutensornetContraction2_f64""}, {""body_indices"": [8, 9], ""symbol"": ""cutensornetContraction2_f64""}, {""body_indices"": [10, 11], ""symbol"": ""cutensornetContraction2_f64""}, {""body_indices"": [12, 13], ""symbol"": ""cutensornetContraction2_f64""}, {""body_indices"": [14, 15], ""symbol"": ""cutensornetContraction2_f64""}, {""body_indices"": [16, 17], ""symbol"": ""cutensornetContraction2_f64""}, {""body_indices"": [18, 19], ""symbol"": ""cutensornetContraction2_f64""}, {""body_indices"": [20, 21], ""symbol"": ""cutensornetContraction2_f64""}, {""body_indices"": [22, 23], ""symbol"": ""cutensornetContraction2_f64""}, {""body_indices"": [24, 25], ""symbol"": ""cutensornetContraction2_f64""}, {""body_indices"": [26, 27], ""symbol"": ""cutensornetContraction2_f64""}, {""body_indices"": [28, 29], ""symbol"": ""cutensornetContraction2_f64""}, {""body_indices"": [30, 31], ""symbol"": ""cutensornetContraction2_f64""}, {""body_indices"": [32, 33], ""symbol"": ""cutensornetContraction2_f64""}, {""body_indices"": [36, 37], ""symbol"": ""cutensornetContraction2_f64""}, {""body_indices"": [38, 39], ""symbol"": ""cutensornetContraction2_f64""}, {""body_indices"": [42, 43], ""symbol"": ""cutensornetContraction2_f64""}, {""body_indices"": [44, 45], ""symbol"": ""cutensornetContraction2_f64""}, {""body_indices"": [48, 49], ""symbol"": ""cutensornetContraction2_f64""}, {""body_indices"": [50, 51], ""symbol"": ""cutensornetContraction2_f64""}, {""body_indices"": [54, 55], ""symbol"": ""cutensornetContraction2_f64""}, {""body_indices"": [56, 57], ""symbol"": ""cutensornetContraction2_f64""}, {""body_indices"": [60, 61], ""symbol"": ""cutensornetContraction2_f64""}, {""body_indices"": [62, 63], ""symbol"": ""cutensornetContraction2_f64""}, {""body_indices"": [66, 67], ""symbol"": ""cutensornetContraction2_f64""}, {""body_indices"": [68, 69], ""symbol"": ""cutensornetContraction2_f64""}]",29,0,300,0.0,300
mfem_application,mfem_app_ex35p_hcurl_3d,/home/arjaiswal/Polygeist/issues/mfem_c_kernels/application_extractions/results/mfem_app_ex35p_hcurl_3d.debufferized.mlir,75ddc934e8cbf30c7e412b8270c0ed232092fbea8e21f5c5eea23c1ad5e47999,syntactic,2,ok,0,6390.641171485186,0,"[""/usr/bin/python3"", ""/home/arjaiswal/Polygeist/scripts/correctness/kernel_match_rewrite.py"", ""/home/arjaiswal/Polygeist/issues/mfem_c_kernels/application_extractions/results/mfem_app_ex35p_hcurl_3d.debufferized.mlir"", ""--dry-run"", ""--matcher-mode"", ""syntactic"", ""--telemetry-json"", ""/home/arjaiswal/Polygeist/issues/equality_saturation_eval/campaign_20260908/mfem_application-mfem_app_ex35p_hcurl_3d-syntactic-4xws2zpk.json"", ""--disable-semantic-fallback""]","on2_f64
  match          body#[16, 17]  cutensornetContraction2_f64
  match          body#[18, 19]  cutensornetContraction2_f64
  match          body#[20, 21]  cutensornetContraction2_f64
  match          body#[22, 23]  cutensornetContraction2_f64
  match          body#[24, 25]  cutensornetContraction2_f64
  match          body#[26, 27]  cutensornetContraction2_f64
  match          body#[28, 29]  cutensornetContraction2_f64
  match          body#[30, 31]  cutensornetContraction2_f64
  match          body#[32, 33]  cutensornetContraction2_f64
  no_match       body#34  ?
  no_match       body#35  ?
  match          body#[36, 37]  cutensornetContraction2_f64
  match          body#[38, 39]  cutensornetContraction2_f64
  no_match       body#40  ?
  no_match       body#41  ?
  match          body#[42, 43]  cutensornetContraction2_f64
  match          body#[44, 45]  cutensornetContraction2_f64
  no_match       body#46  ?
  no_match       body#47  ?
  match          body#[48, 49]  cutensornetContraction2_f64
  match          body#[50, 51]  cutensornetContraction2_f64
  no_match       body#52  ?
  no_match       body#53  ?
  match          body#[54, 55]  cutensornetContraction2_f64
  match          body#[56, 57]  cutensornetContraction2_f64
  no_match       body#58  ?
  no_match       body#59  ?
  match          body#[60, 61]  cutensornetContraction2_f64
  match          body#[62, 63]  cutensornetContraction2_f64
  no_match       body#64  ?
  no_match       body#65  ?
  match          body#[66, 67]  cutensornetContraction2_f64
  match          body#[68, 69]  cutensornetContraction2_f64
  no_match       body#70  ?
  no_match       body#71  ?
  no_match       body#72  ?
  no_match       body#73  ?
  no_match       body#74  ?
  no_match       body#75  ?
  no_match       body#76  ?
  no_match       body#77  ?
  no_match       body#78  ?
  no_match       body#79  ?
  no_match       body#80  ?
  no_match       body#81  ?
  no_match       body#82  ?
  total: 29 matched / 54 bodies
",0,[],0,0,0,0,/home/arjaiswal/Polygeist/issues/mfem_c_kernels/application_extractions/results/mfem_app_ex35p_hcurl_3d.debufferized.mlir,97982,0,83,58,3954.8839144408703,25,70988,1.7387345433235168,0,300,0,0,"[{""body_indices"": [0, 1], ""symbol"": ""cutensornetContraction2_f64""}, {""body_indices"": [2, 3], ""symbol"": ""cutensornetContraction2_f64""}, {""body_indices"": [4, 5], ""symbol"": ""cutensornetContraction2_f64""}, {""body_indices"": [6, 7], ""symbol"": ""cutensornetContraction2_f64""}, {""body_indices"": [8, 9], ""symbol"": ""cutensornetContraction2_f64""}, {""body_indices"": [10, 11], ""symbol"": ""cutensornetContraction2_f64""}, {""body_indices"": [12, 13], ""symbol"": ""cutensornetContraction2_f64""}, {""body_indices"": [14, 15], ""symbol"": ""cutensornetContraction2_f64""}, {""body_indices"": [16, 17], ""symbol"": ""cutensornetContraction2_f64""}, {""body_indices"": [18, 19], ""symbol"": ""cutensornetContraction2_f64""}, {""body_indices"": [20, 21], ""symbol"": ""cutensornetContraction2_f64""}, {""body_indices"": [22, 23], ""symbol"": ""cutensornetContraction2_f64""}, {""body_indices"": [24, 25], ""symbol"": ""cutensornetContraction2_f64""}, {""body_indices"": [26, 27], ""symbol"": ""cutensornetContraction2_f64""}, {""body_indices"": [28, 29], ""symbol"": ""cutensornetContraction2_f64""}, {""body_indices"": [30, 31], ""symbol"": ""cutensornetContraction2_f64""}, {""body_indices"": [32, 33], ""symbol"": ""cutensornetContraction2_f64""}, {""body_indices"": [36, 37], ""symbol"": ""cutensornetContraction2_f64""}, {""body_indices"": [38, 39], ""symbol"": ""cutensornetContraction2_f64""}, {""body_indices"": [42, 43], ""symbol"": ""cutensornetContraction2_f64""}, {""body_indices"": [44, 45], ""symbol"": ""cutensornetContraction2_f64""}, {""body_indices"": [48, 49], ""symbol"": ""cutensornetContraction2_f64""}, {""body_indices"": [50, 51], ""symbol"": ""cutensornetContraction2_f64""}, {""body_indices"": [54, 55], ""symbol"": ""cutensornetContraction2_f64""}, {""body_indices"": [56, 57], ""symbol"": ""cutensornetContraction2_f64""}, {""body_indices"": [60, 61], ""symbol"": ""cutensornetContraction2_f64""}, {""body_indices"": [62, 63], ""symbol"": ""cutensornetContraction2_f64""}, {""body_indices"": [66, 67], ""symbol"": ""cutensornetContraction2_f64""}, {""body_indices"": [68, 69], ""symbol"": ""cutensornetContraction2_f64""}]",29,0,300,0.0,300
mfem_application,mfem_app_ex35p_hcurl_3d,/home/arjaiswal/Polygeist/issues/mfem_c_kernels/application_extractions/results/mfem_app_ex35p_hcurl_3d.debufferized.mlir,75ddc934e8cbf30c7e412b8270c0ed232092fbea8e21f5c5eea23c1ad5e47999,egglog,2,ok,0,11082.229003310204,0,"[""/usr/bin/python3"", ""/home/arjaiswal/Polygeist/scripts/correctness/kernel_match_rewrite.py"", ""/home/arjaiswal/Polygeist/issues/mfem_c_kernels/application_extractions/results/mfem_app_ex35p_hcurl_3d.debufferized.mlir"", ""--dry-run"", ""--matcher-mode"", ""egglog"", ""--telemetry-json"", ""/home/arjaiswal/Polygeist/issues/equality_saturation_eval/campaign_20260908/mfem_application-mfem_app_ex35p_hcurl_3d-egglog-1069wiwq.json"", ""--disable-semantic-fallback""]","on2_f64
  match          body#[16, 17]  cutensornetContraction2_f64
  match          body#[18, 19]  cutensornetContraction2_f64
  match          body#[20, 21]  cutensornetContraction2_f64
  match          body#[22, 23]  cutensornetContraction2_f64
  match          body#[24, 25]  cutensornetContraction2_f64
  match          body#[26, 27]  cutensornetContraction2_f64
  match          body#[28, 29]  cutensornetContraction2_f64
  match          body#[30, 31]  cutensornetContraction2_f64
  match          body#[32, 33]  cutensornetContraction2_f64
  no_match       body#34  ?
  no_match       body#35  ?
  match          body#[36, 37]  cutensornetContraction2_f64
  match          body#[38, 39]  cutensornetContraction2_f64
  no_match       body#40  ?
  no_match       body#41  ?
  match          body#[42, 43]  cutensornetContraction2_f64
  match          body#[44, 45]  cutensornetContraction2_f64
  no_match       body#46  ?
  no_match       body#47  ?
  match          body#[48, 49]  cutensornetContraction2_f64
  match          body#[50, 51]  cutensornetContraction2_f64
  no_match       body#52  ?
  no_match       body#53  ?
  match          body#[54, 55]  cutensornetContraction2_f64
  match          body#[56, 57]  cutensornetContraction2_f64
  no_match       body#58  ?
  no_match       body#59  ?
  match          body#[60, 61]  cutensornetContraction2_f64
  match          body#[62, 63]  cutensornetContraction2_f64
  no_match       body#64  ?
  no_match       body#65  ?
  match          body#[66, 67]  cutensornetContraction2_f64
  match          body#[68, 69]  cutensornetContraction2_f64
  no_match       body#70  ?
  no_match       body#71  ?
  no_match       body#72  ?
  no_match       body#73  ?
  no_match       body#74  ?
  no_match       body#75  ?
  no_match       body#76  ?
  no_match       body#77  ?
  no_match       body#78  ?
  no_match       body#79  ?
  no_match       body#80  ?
  no_match       body#81  ?
  no_match       body#82  ?
  total: 29 matched / 54 bodies
",0,[],0,0,0,0,/home/arjaiswal/Polygeist/issues/mfem_c_kernels/application_extractions/results/mfem_app_ex35p_hcurl_3d.debufferized.mlir,97982,8,83,58,8148.419789969921,25,74780,3735.3078685700893,300,300,0,232,"[{""body_indices"": [0, 1], ""symbol"": ""cutensornetContraction2_f64""}, {""body_indices"": [2, 3], ""symbol"": ""cutensornetContraction2_f64""}, {""body_indices"": [4, 5], ""symbol"": ""cutensornetContraction2_f64""}, {""body_indices"": [6, 7], ""symbol"": ""cutensornetContraction2_f64""}, {""body_indices"": [8, 9], ""symbol"": ""cutensornetContraction2_f64""}, {""body_indices"": [10, 11], ""symbol"": ""cutensornetContraction2_f64""}, {""body_indices"": [12, 13], ""symbol"": ""cutensornetContraction2_f64""}, {""body_indices"": [14, 15], ""symbol"": ""cutensornetContraction2_f64""}, {""body_indices"": [16, 17], ""symbol"": ""cutensornetContraction2_f64""}, {""body_indices"": [18, 19], ""symbol"": ""cutensornetContraction2_f64""}, {""body_indices"": [20, 21], ""symbol"": ""cutensornetContraction2_f64""}, {""body_indices"": [22, 23], ""symbol"": ""cutensornetContraction2_f64""}, {""body_indices"": [24, 25], ""symbol"": ""cutensornetContraction2_f64""}, {""body_indices"": [26, 27], ""symbol"": ""cutensornetContraction2_f64""}, {""body_indices"": [28, 29], ""symbol"": ""cutensornetContraction2_f64""}, {""body_indices"": [30, 31], ""symbol"": ""cutensornetContraction2_f64""}, {""body_indices"": [32, 33], ""symbol"": ""cutensornetContraction2_f64""}, {""body_indices"": [36, 37], ""symbol"": ""cutensornetContraction2_f64""}, {""body_indices"": [38, 39], ""symbol"": ""cutensornetContraction2_f64""}, {""body_indices"": [42, 43], ""symbol"": ""cutensornetContraction2_f64""}, {""body_indices"": [44, 45], ""symbol"": ""cutensornetContraction2_f64""}, {""body_indices"": [48, 49], ""symbol"": ""cutensornetContraction2_f64""}, {""body_indices"": [50, 51], ""symbol"": ""cutensornetContraction2_f64""}, {""body_indices"": [54, 55], ""symbol"": ""cutensornetContraction2_f64""}, {""body_indices"": [56, 57], ""symbol"": ""cutensornetContraction2_f64""}, {""body_indices"": [60, 61], ""symbol"": ""cutensornetContraction2_f64""}, {""body_indices"": [62, 63], ""symbol"": ""cutensornetContraction2_f64""}, {""body_indices"": [66, 67], ""symbol"": ""cutensornetContraction2_f64""}, {""body_indices"": [68, 69], ""symbol"": ""cutensornetContraction2_f64""}]",29,0,0,0.0,300
mfem_application,mfem_app_ex35p_hcurl_3d,/home/arjaiswal/Polygeist/issues/mfem_c_kernels/application_extractions/results/mfem_app_ex35p_hcurl_3d.debufferized.mlir,75ddc934e8cbf30c7e412b8270c0ed232092fbea8e21f5c5eea23c1ad5e47999,egglog,3,ok,0,14057.34347179532,0,"[""/usr/bin/python3"", ""/home/arjaiswal/Polygeist/scripts/correctness/kernel_match_rewrite.py"", ""/home/arjaiswal/Polygeist/issues/mfem_c_kernels/application_extractions/results/mfem_app_ex35p_hcurl_3d.debufferized.mlir"", ""--dry-run"", ""--matcher-mode"", ""egglog"", ""--telemetry-json"", ""/home/arjaiswal/Polygeist/issues/equality_saturation_eval/campaign_20260908/mfem_application-mfem_app_ex35p_hcurl_3d-egglog-gtn854sd.json"", ""--disable-semantic-fallback""]","on2_f64
  match          body#[16, 17]  cutensornetContraction2_f64
  match          body#[18, 19]  cutensornetContraction2_f64
  match          body#[20, 21]  cutensornetContraction2_f64
  match          body#[22, 23]  cutensornetContraction2_f64
  match          body#[24, 25]  cutensornetContraction2_f64
  match          body#[26, 27]  cutensornetContraction2_f64
  match          body#[28, 29]  cutensornetContraction2_f64
  match          body#[30, 31]  cutensornetContraction2_f64
  match          body#[32, 33]  cutensornetContraction2_f64
  no_match       body#34  ?
  no_match       body#35  ?
  match          body#[36, 37]  cutensornetContraction2_f64
  match          body#[38, 39]  cutensornetContraction2_f64
  no_match       body#40  ?
  no_match       body#41  ?
  match          body#[42, 43]  cutensornetContraction2_f64
  match          body#[44, 45]  cutensornetContraction2_f64
  no_match       body#46  ?
  no_match       body#47  ?
  match          body#[48, 49]  cutensornetContraction2_f64
  match          body#[50, 51]  cutensornetContraction2_f64
  no_match       body#52  ?
  no_match       body#53  ?
  match          body#[54, 55]  cutensornetContraction2_f64
  match          body#[56, 57]  cutensornetContraction2_f64
  no_match       body#58  ?
  no_match       body#59  ?
  match          body#[60, 61]  cutensornetContraction2_f64
  match          body#[62, 63]  cutensornetContraction2_f64
  no_match       body#64  ?
  no_match       body#65  ?
  match          body#[66, 67]  cutensornetContraction2_f64
  match          body#[68, 69]  cutensornetContraction2_f64
  no_match       body#70  ?
  no_match       body#71  ?
  no_match       body#72  ?
  no_match       body#73  ?
  no_match       body#74  ?
  no_match       body#75  ?
  no_match       body#76  ?
  no_match       body#77  ?
  no_match       body#78  ?
  no_match       body#79  ?
  no_match       body#80  ?
  no_match       body#81  ?
  no_match       body#82  ?
  total: 29 matched / 54 bodies
",0,[],0,0,0,0,/home/arjaiswal/Polygeist/issues/mfem_c_kernels/application_extractions/results/mfem_app_ex35p_hcurl_3d.debufferized.mlir,97982,8,83,58,10680.963311344385,25,74712,5008.089516311884,300,300,0,232,"[{""body_indices"": [0, 1], ""symbol"": ""cutensornetContraction2_f64""}, {""body_indices"": [2, 3], ""symbol"": ""cutensornetContraction2_f64""}, {""body_indices"": [4, 5], ""symbol"": ""cutensornetContraction2_f64""}, {""body_indices"": [6, 7], ""symbol"": ""cutensornetContraction2_f64""}, {""body_indices"": [8, 9], ""symbol"": ""cutensornetContraction2_f64""}, {""body_indices"": [10, 11], ""symbol"": ""cutensornetContraction2_f64""}, {""body_indices"": [12, 13], ""symbol"": ""cutensornetContraction2_f64""}, {""body_indices"": [14, 15], ""symbol"": ""cutensornetContraction2_f64""}, {""body_indices"": [16, 17], ""symbol"": ""cutensornetContraction2_f64""}, {""body_indices"": [18, 19], ""symbol"": ""cutensornetContraction2_f64""}, {""body_indices"": [20, 21], ""symbol"": ""cutensornetContraction2_f64""}, {""body_indices"": [22, 23], ""symbol"": ""cutensornetContraction2_f64""}, {""body_indices"": [24, 25], ""symbol"": ""cutensornetContraction2_f64""}, {""body_indices"": [26, 27], ""symbol"": ""cutensornetContraction2_f64""}, {""body_indices"": [28, 29], ""symbol"": ""cutensornetContraction2_f64""}, {""body_indices"": [30, 31], ""symbol"": ""cutensornetContraction2_f64""}, {""body_indices"": [32, 33], ""symbol"": ""cutensornetContraction2_f64""}, {""body_indices"": [36, 37], ""symbol"": ""cutensornetContraction2_f64""}, {""body_indices"": [38, 39], ""symbol"": ""cutensornetContraction2_f64""}, {""body_indices"": [42, 43], ""symbol"": ""cutensornetContraction2_f64""}, {""body_indices"": [44, 45], ""symbol"": ""cutensornetContraction2_f64""}, {""body_indices"": [48, 49], ""symbol"": ""cutensornetContraction2_f64""}, {""body_indices"": [50, 51], ""symbol"": ""cutensornetContraction2_f64""}, {""body_indices"": [54, 55], ""symbol"": ""cutensornetContraction2_f64""}, {""body_indices"": [56, 57], ""symbol"": ""cutensornetContraction2_f64""}, {""body_indices"": [60, 61], ""symbol"": ""cutensornetContraction2_f64""}, {""body_indices"": [62, 63], ""symbol"": ""cutensornetContraction2_f64""}, {""body_indices"": [66, 67], ""symbol"": ""cutensornetContraction2_f64""}, {""body_indices"": [68, 69], ""symbol"": ""cutensornetContraction2_f64""}]",29,0,0,0.0,300
mfem_application,mfem_app_ex35p_hcurl_3d,/home/arjaiswal/Polygeist/issues/mfem_c_kernels/application_extractions/results/mfem_app_ex35p_hcurl_3d.debufferized.mlir,75ddc934e8cbf30c7e412b8270c0ed232092fbea8e21f5c5eea23c1ad5e47999,syntactic,3,ok,0,14432.975444942713,0,"[""/usr/bin/python3"", ""/home/arjaiswal/Polygeist/scripts/correctness/kernel_match_rewrite.py"", ""/home/arjaiswal/Polygeist/issues/mfem_c_kernels/application_extractions/results/mfem_app_ex35p_hcurl_3d.debufferized.mlir"", ""--dry-run"", ""--matcher-mode"", ""syntactic"", ""--telemetry-json"", ""/home/arjaiswal/Polygeist/issues/equality_saturation_eval/campaign_20260908/mfem_application-mfem_app_ex35p_hcurl_3d-syntactic-eqweb8s_.json"", ""--disable-semantic-fallback""]","on2_f64
  match          body#[16, 17]  cutensornetContraction2_f64
  match          body#[18, 19]  cutensornetContraction2_f64
  match          body#[20, 21]  cutensornetContraction2_f64
  match          body#[22, 23]  cutensornetContraction2_f64
  match          body#[24, 25]  cutensornetContraction2_f64
  match          body#[26, 27]  cutensornetContraction2_f64
  match          body#[28, 29]  cutensornetContraction2_f64
  match          body#[30, 31]  cutensornetContraction2_f64
  match          body#[32, 33]  cutensornetContraction2_f64
  no_match       body#34  ?
  no_match       body#35  ?
  match          body#[36, 37]  cutensornetContraction2_f64
  match          body#[38, 39]  cutensornetContraction2_f64
  no_match       body#40  ?
  no_match       body#41  ?
  match          body#[42, 43]  cutensornetContraction2_f64
  match          body#[44, 45]  cutensornetContraction2_f64
  no_match       body#46  ?
  no_match       body#47  ?
  match          body#[48, 49]  cutensornetContraction2_f64
  match          body#[50, 51]  cutensornetContraction2_f64
  no_match       body#52  ?
  no_match       body#53  ?
  match          body#[54, 55]  cutensornetContraction2_f64
  match          body#[56, 57]  cutensornetContraction2_f64
  no_match       body#58  ?
  no_match       body#59  ?
  match          body#[60, 61]  cutensornetContraction2_f64
  match          body#[62, 63]  cutensornetContraction2_f64
  no_match       body#64  ?
  no_match       body#65  ?
  match          body#[66, 67]  cutensornetContraction2_f64
  match          body#[68, 69]  cutensornetContraction2_f64
  no_match       body#70  ?
  no_match       body#71  ?
  no_match       body#72  ?
  no_match       body#73  ?
  no_match       body#74  ?
  no_match       body#75  ?
  no_match       body#76  ?
  no_match       body#77  ?
  no_match       body#78  ?
  no_match       body#79  ?
  no_match       body#80  ?
  no_match       body#81  ?
  no_match       body#82  ?
  total: 29 matched / 54 bodies
",0,[],0,0,0,0,/home/arjaiswal/Polygeist/issues/mfem_c_kernels/application_extractions/results/mfem_app_ex35p_hcurl_3d.debufferized.mlir,97982,0,83,58,5715.714164078236,25,70696,1.6027875244617462,0,300,0,0,"[{""body_indices"": [0, 1], ""symbol"": ""cutensornetContraction2_f64""}, {""body_indices"": [2, 3], ""symbol"": ""cutensornetContraction2_f64""}, {""body_indices"": [4, 5], ""symbol"": ""cutensornetContraction2_f64""}, {""body_indices"": [6, 7], ""symbol"": ""cutensornetContraction2_f64""}, {""body_indices"": [8, 9], ""symbol"": ""cutensornetContraction2_f64""}, {""body_indices"": [10, 11], ""symbol"": ""cutensornetContraction2_f64""}, {""body_indices"": [12, 13], ""symbol"": ""cutensornetContraction2_f64""}, {""body_indices"": [14, 15], ""symbol"": ""cutensornetContraction2_f64""}, {""body_indices"": [16, 17], ""symbol"": ""cutensornetContraction2_f64""}, {""body_indices"": [18, 19], ""symbol"": ""cutensornetContraction2_f64""}, {""body_indices"": [20, 21], ""symbol"": ""cutensornetContraction2_f64""}, {""body_indices"": [22, 23], ""symbol"": ""cutensornetContraction2_f64""}, {""body_indices"": [24, 25], ""symbol"": ""cutensornetContraction2_f64""}, {""body_indices"": [26, 27], ""symbol"": ""cutensornetContraction2_f64""}, {""body_indices"": [28, 29], ""symbol"": ""cutensornetContraction2_f64""}, {""body_indices"": [30, 31], ""symbol"": ""cutensornetContraction2_f64""}, {""body_indices"": [32, 33], ""symbol"": ""cutensornetContraction2_f64""}, {""body_indices"": [36, 37], ""symbol"": ""cutensornetContraction2_f64""}, {""body_indices"": [38, 39], ""symbol"": ""cutensornetContraction2_f64""}, {""body_indices"": [42, 43], ""symbol"": ""cutensornetContraction2_f64""}, {""body_indices"": [44, 45], ""symbol"": ""cutensornetContraction2_f64""}, {""body_indices"": [48, 49], ""symbol"": ""cutensornetContraction2_f64""}, {""body_indices"": [50, 51], ""symbol"": ""cutensornetContraction2_f64""}, {""body_indices"": [54, 55], ""symbol"": ""cutensornetContraction2_f64""}, {""body_indices"": [56, 57], ""symbol"": ""cutensornetContraction2_f64""}, {""body_indices"": [60, 61], ""symbol"": ""cutensornetContraction2_f64""}, {""body_indices"": [62, 63], ""symbol"": ""cutensornetContraction2_f64""}, {""body_indices"": [66, 67], ""symbol"": ""cutensornetContraction2_f64""}, {""body_indices"": [68, 69], ""symbol"": ""cutensornetContraction2_f64""}]",29,0,300,0.0,300
mfem_application,mfem_app_ex35p_hcurl_3d,/home/arjaiswal/Polygeist/issues/mfem_c_kernels/application_extractions/results/mfem_app_ex35p_hcurl_3d.debufferized.mlir,75ddc934e8cbf30c7e412b8270c0ed232092fbea8e21f5c5eea23c1ad5e47999,syntactic,4,ok,0,21657.62246772647,0,"[""/usr/bin/python3"", ""/home/arjaiswal/Polygeist/scripts/correctness/kernel_match_rewrite.py"", ""/home/arjaiswal/Polygeist/issues/mfem_c_kernels/application_extractions/results/mfem_app_ex35p_hcurl_3d.debufferized.mlir"", ""--dry-run"", ""--matcher-mode"", ""syntactic"", ""--telemetry-json"", ""/home/arjaiswal/Polygeist/issues/equality_saturation_eval/campaign_20260908/mfem_application-mfem_app_ex35p_hcurl_3d-syntactic-xwb3hi03.json"", ""--disable-semantic-fallback""]","on2_f64
  match          body#[16, 17]  cutensornetContraction2_f64
  match          body#[18, 19]  cutensornetContraction2_f64
  match          body#[20, 21]  cutensornetContraction2_f64
  match          body#[22, 23]  cutensornetContraction2_f64
  match          body#[24, 25]  cutensornetContraction2_f64
  match          body#[26, 27]  cutensornetContraction2_f64
  match          body#[28, 29]  cutensornetContraction2_f64
  match          body#[30, 31]  cutensornetContraction2_f64
  match          body#[32, 33]  cutensornetContraction2_f64
  no_match       body#34  ?
  no_match       body#35  ?
  match          body#[36, 37]  cutensornetContraction2_f64
  match          body#[38, 39]  cutensornetContraction2_f64
  no_match       body#40  ?
  no_match       body#41  ?
  match          body#[42, 43]  cutensornetContraction2_f64
  match          body#[44, 45]  cutensornetContraction2_f64
  no_match       body#46  ?
  no_match       body#47  ?
  match          body#[48, 49]  cutensornetContraction2_f64
  match          body#[50, 51]  cutensornetContraction2_f64
  no_match       body#52  ?
  no_match       body#53  ?
  match          body#[54, 55]  cutensornetContraction2_f64
  match          body#[56, 57]  cutensornetContraction2_f64
  no_match       body#58  ?
  no_match       body#59  ?
  match          body#[60, 61]  cutensornetContraction2_f64
  match          body#[62, 63]  cutensornetContraction2_f64
  no_match       body#64  ?
  no_match       body#65  ?
  match          body#[66, 67]  cutensornetContraction2_f64
  match          body#[68, 69]  cutensornetContraction2_f64
  no_match       body#70  ?
  no_match       body#71  ?
  no_match       body#72  ?
  no_match       body#73  ?
  no_match       body#74  ?
  no_match       body#75  ?
  no_match       body#76  ?
  no_match       body#77  ?
  no_match       body#78  ?
  no_match       body#79  ?
  no_match       body#80  ?
  no_match       body#81  ?
  no_match       body#82  ?
  total: 29 matched / 54 bodies
",0,[],0,0,0,0,/home/arjaiswal/Polygeist/issues/mfem_c_kernels/application_extractions/results/mfem_app_ex35p_hcurl_3d.debufferized.mlir,97982,0,83,58,15811.456676572561,25,71024,14.086157083511353,0,300,0,0,"[{""body_indices"": [0, 1], ""symbol"": ""cutensornetContraction2_f64""}, {""body_indices"": [2, 3], ""symbol"": ""cutensornetContraction2_f64""}, {""body_indices"": [4, 5], ""symbol"": ""cutensornetContraction2_f64""}, {""body_indices"": [6, 7], ""symbol"": ""cutensornetContraction2_f64""}, {""body_indices"": [8, 9], ""symbol"": ""cutensornetContraction2_f64""}, {""body_indices"": [10, 11], ""symbol"": ""cutensornetContraction2_f64""}, {""body_indices"": [12, 13], ""symbol"": ""cutensornetContraction2_f64""}, {""body_indices"": [14, 15], ""symbol"": ""cutensornetContraction2_f64""}, {""body_indices"": [16, 17], ""symbol"": ""cutensornetContraction2_f64""}, {""body_indices"": [18, 19], ""symbol"": ""cutensornetContraction2_f64""}, {""body_indices"": [20, 21], ""symbol"": ""cutensornetContraction2_f64""}, {""body_indices"": [22, 23], ""symbol"": ""cutensornetContraction2_f64""}, {""body_indices"": [24, 25], ""symbol"": ""cutensornetContraction2_f64""}, {""body_indices"": [26, 27], ""symbol"": ""cutensornetContraction2_f64""}, {""body_indices"": [28, 29], ""symbol"": ""cutensornetContraction2_f64""}, {""body_indices"": [30, 31], ""symbol"": ""cutensornetContraction2_f64""}, {""body_indices"": [32, 33], ""symbol"": ""cutensornetContraction2_f64""}, {""body_indices"": [36, 37], ""symbol"": ""cutensornetContraction2_f64""}, {""body_indices"": [38, 39], ""symbol"": ""cutensornetContraction2_f64""}, {""body_indices"": [42, 43], ""symbol"": ""cutensornetContraction2_f64""}, {""body_indices"": [44, 45], ""symbol"": ""cutensornetContraction2_f64""}, {""body_indices"": [48, 49], ""symbol"": ""cutensornetContraction2_f64""}, {""body_indices"": [50, 51], ""symbol"": ""cutensornetContraction2_f64""}, {""body_indices"": [54, 55], ""symbol"": ""cutensornetContraction2_f64""}, {""body_indices"": [56, 57], ""symbol"": ""cutensornetContraction2_f64""}, {""body_indices"": [60, 61], ""symbol"": ""cutensornetContraction2_f64""}, {""body_indices"": [62, 63], ""symbol"": ""cutensornetContraction2_f64""}, {""body_indices"": [66, 67], ""symbol"": ""cutensornetContraction2_f64""}, {""body_indices"": [68, 69], ""symbol"": ""cutensornetContraction2_f64""}]",29,0,300,0.0,300
mfem_application,mfem_app_ex35p_hcurl_3d,/home/arjaiswal/Polygeist/issues/mfem_c_kernels/application_extractions/results/mfem_app_ex35p_hcurl_3d.debufferized.mlir,75ddc934e8cbf30c7e412b8270c0ed232092fbea8e21f5c5eea23c1ad5e47999,egglog,4,ok,0,19716.59868210554,0,"[""/usr/bin/python3"", ""/home/arjaiswal/Polygeist/scripts/correctness/kernel_match_rewrite.py"", ""/home/arjaiswal/Polygeist/issues/mfem_c_kernels/application_extractions/results/mfem_app_ex35p_hcurl_3d.debufferized.mlir"", ""--dry-run"", ""--matcher-mode"", ""egglog"", ""--telemetry-json"", ""/home/arjaiswal/Polygeist/issues/equality_saturation_eval/campaign_20260908/mfem_application-mfem_app_ex35p_hcurl_3d-egglog-nvcb87k3.json"", ""--disable-semantic-fallback""]","on2_f64
  match          body#[16, 17]  cutensornetContraction2_f64
  match          body#[18, 19]  cutensornetContraction2_f64
  match          body#[20, 21]  cutensornetContraction2_f64
  match          body#[22, 23]  cutensornetContraction2_f64
  match          body#[24, 25]  cutensornetContraction2_f64
  match          body#[26, 27]  cutensornetContraction2_f64
  match          body#[28, 29]  cutensornetContraction2_f64
  match          body#[30, 31]  cutensornetContraction2_f64
  match          body#[32, 33]  cutensornetContraction2_f64
  no_match       body#34  ?
  no_match       body#35  ?
  match          body#[36, 37]  cutensornetContraction2_f64
  match          body#[38, 39]  cutensornetContraction2_f64
  no_match       body#40  ?
  no_match       body#41  ?
  match          body#[42, 43]  cutensornetContraction2_f64
  match          body#[44, 45]  cutensornetContraction2_f64
  no_match       body#46  ?
  no_match       body#47  ?
  match          body#[48, 49]  cutensornetContraction2_f64
  match          body#[50, 51]  cutensornetContraction2_f64
  no_match       body#52  ?
  no_match       body#53  ?
  match          body#[54, 55]  cutensornetContraction2_f64
  match          body#[56, 57]  cutensornetContraction2_f64
  no_match       body#58  ?
  no_match       body#59  ?
  match          body#[60, 61]  cutensornetContraction2_f64
  match          body#[62, 63]  cutensornetContraction2_f64
  no_match       body#64  ?
  no_match       body#65  ?
  match          body#[66, 67]  cutensornetContraction2_f64
  match          body#[68, 69]  cutensornetContraction2_f64
  no_match       body#70  ?
  no_match       body#71  ?
  no_match       body#72  ?
  no_match       body#73  ?
  no_match       body#74  ?
  no_match       body#75  ?
  no_match       body#76  ?
  no_match       body#77  ?
  no_match       body#78  ?
  no_match       body#79  ?
  no_match       body#80  ?
  no_match       body#81  ?
  no_match       body#82  ?
  total: 29 matched / 54 bodies
",0,[],0,0,0,0,/home/arjaiswal/Polygeist/issues/mfem_c_kernels/application_extractions/results/mfem_app_ex35p_hcurl_3d.debufferized.mlir,97982,8,83,58,13808.616489171982,25,74880,6994.895525276661,300,300,0,232,"[{""body_indices"": [0, 1], ""symbol"": ""cutensornetContraction2_f64""}, {""body_indices"": [2, 3], ""symbol"": ""cutensornetContraction2_f64""}, {""body_indices"": [4, 5], ""symbol"": ""cutensornetContraction2_f64""}, {""body_indices"": [6, 7], ""symbol"": ""cutensornetContraction2_f64""}, {""body_indices"": [8, 9], ""symbol"": ""cutensornetContraction2_f64""}, {""body_indices"": [10, 11], ""symbol"": ""cutensornetContraction2_f64""}, {""body_indices"": [12, 13], ""symbol"": ""cutensornetContraction2_f64""}, {""body_indices"": [14, 15], ""symbol"": ""cutensornetContraction2_f64""}, {""body_indices"": [16, 17], ""symbol"": ""cutensornetContraction2_f64""}, {""body_indices"": [18, 19], ""symbol"": ""cutensornetContraction2_f64""}, {""body_indices"": [20, 21], ""symbol"": ""cutensornetContraction2_f64""}, {""body_indices"": [22, 23], ""symbol"": ""cutensornetContraction2_f64""}, {""body_indices"": [24, 25], ""symbol"": ""cutensornetContraction2_f64""}, {""body_indices"": [26, 27], ""symbol"": ""cutensornetContraction2_f64""}, {""body_indices"": [28, 29], ""symbol"": ""cutensornetContraction2_f64""}, {""body_indices"": [30, 31], ""symbol"": ""cutensornetContraction2_f64""}, {""body_indices"": [32, 33], ""symbol"": ""cutensornetContraction2_f64""}, {""body_indices"": [36, 37], ""symbol"": ""cutensornetContraction2_f64""}, {""body_indices"": [38, 39], ""symbol"": ""cutensornetContraction2_f64""}, {""body_indices"": [42, 43], ""symbol"": ""cutensornetContraction2_f64""}, {""body_indices"": [44, 45], ""symbol"": ""cutensornetContraction2_f64""}, {""body_indices"": [48, 49], ""symbol"": ""cutensornetContraction2_f64""}, {""body_indices"": [50, 51], ""symbol"": ""cutensornetContraction2_f64""}, {""body_indices"": [54, 55], ""symbol"": ""cutensornetContraction2_f64""}, {""body_indices"": [56, 57], ""symbol"": ""cutensornetContraction2_f64""}, {""body_indices"": [60, 61], ""symbol"": ""cutensornetContraction2_f64""}, {""body_indices"": [62, 63], ""symbol"": ""cutensornetContraction2_f64""}, {""body_indices"": [66, 67], ""symbol"": ""cutensornetContraction2_f64""}, {""body_indices"": [68, 69], ""symbol"": ""cutensornetContraction2_f64""}]",29,0,0,0.0,300
mfem_application,mfem_app_ex35p_hcurl_3d,/home/arjaiswal/Polygeist/issues/mfem_c_kernels/application_extractions/results/mfem_app_ex35p_hcurl_3d.debufferized.mlir,75ddc934e8cbf30c7e412b8270c0ed232092fbea8e21f5c5eea23c1ad5e47999,egglog,5,ok,0,42624.23545494676,0,"[""/usr/bin/python3"", ""/home/arjaiswal/Polygeist/scripts/correctness/kernel_match_rewrite.py"", ""/home/arjaiswal/Polygeist/issues/mfem_c_kernels/application_extractions/results/mfem_app_ex35p_hcurl_3d.debufferized.mlir"", ""--dry-run"", ""--matcher-mode"", ""egglog"", ""--telemetry-json"", ""/home/arjaiswal/Polygeist/issues/equality_saturation_eval/campaign_20260908/mfem_application-mfem_app_ex35p_hcurl_3d-egglog-2a65ycia.json"", ""--disable-semantic-fallback""]","on2_f64
  match          body#[16, 17]  cutensornetContraction2_f64
  match          body#[18, 19]  cutensornetContraction2_f64
  match          body#[20, 21]  cutensornetContraction2_f64
  match          body#[22, 23]  cutensornetContraction2_f64
  match          body#[24, 25]  cutensornetContraction2_f64
  match          body#[26, 27]  cutensornetContraction2_f64
  match          body#[28, 29]  cutensornetContraction2_f64
  match          body#[30, 31]  cutensornetContraction2_f64
  match          body#[32, 33]  cutensornetContraction2_f64
  no_match       body#34  ?
  no_match       body#35  ?
  match          body#[36, 37]  cutensornetContraction2_f64
  match          body#[38, 39]  cutensornetContraction2_f64
  no_match       body#40  ?
  no_match       body#41  ?
  match          body#[42, 43]  cutensornetContraction2_f64
  match          body#[44, 45]  cutensornetContraction2_f64
  no_match       body#46  ?
  no_match       body#47  ?
  match          body#[48, 49]  cutensornetContraction2_f64
  match          body#[50, 51]  cutensornetContraction2_f64
  no_match       body#52  ?
  no_match       body#53  ?
  match          body#[54, 55]  cutensornetContraction2_f64
  match          body#[56, 57]  cutensornetContraction2_f64
  no_match       body#58  ?
  no_match       body#59  ?
  match          body#[60, 61]  cutensornetContraction2_f64
  match          body#[62, 63]  cutensornetContraction2_f64
  no_match       body#64  ?
  no_match       body#65  ?
  match          body#[66, 67]  cutensornetContraction2_f64
  match          body#[68, 69]  cutensornetContraction2_f64
  no_match       body#70  ?
  no_match       body#71  ?
  no_match       body#72  ?
  no_match       body#73  ?
  no_match       body#74  ?
  no_match       body#75  ?
  no_match       body#76  ?
  no_match       body#77  ?
  no_match       body#78  ?
  no_match       body#79  ?
  no_match       body#80  ?
  no_match       body#81  ?
  no_match       body#82  ?
  total: 29 matched / 54 bodies
",0,[],0,0,0,0,/home/arjaiswal/Polygeist/issues/mfem_c_kernels/application_extractions/results/mfem_app_ex35p_hcurl_3d.debufferized.mlir,97982,8,83,58,30129.864368587732,25,74628,14208.601355552673,300,300,0,232,"[{""body_indices"": [0, 1], ""symbol"": ""cutensornetContraction2_f64""}, {""body_indices"": [2, 3], ""symbol"": ""cutensornetContraction2_f64""}, {""body_indices"": [4, 5], ""symbol"": ""cutensornetContraction2_f64""}, {""body_indices"": [6, 7], ""symbol"": ""cutensornetContraction2_f64""}, {""body_indices"": [8, 9], ""symbol"": ""cutensornetContraction2_f64""}, {""body_indices"": [10, 11], ""symbol"": ""cutensornetContraction2_f64""}, {""body_indices"": [12, 13], ""symbol"": ""cutensornetContraction2_f64""}, {""body_indices"": [14, 15], ""symbol"": ""cutensornetContraction2_f64""}, {""body_indices"": [16, 17], ""symbol"": ""cutensornetContraction2_f64""}, {""body_indices"": [18, 19], ""symbol"": ""cutensornetContraction2_f64""}, {""body_indices"": [20, 21], ""symbol"": ""cutensornetContraction2_f64""}, {""body_indices"": [22, 23], ""symbol"": ""cutensornetContraction2_f64""}, {""body_indices"": [24, 25], ""symbol"": ""cutensornetContraction2_f64""}, {""body_indices"": [26, 27], ""symbol"": ""cutensornetContraction2_f64""}, {""body_indices"": [28, 29], ""symbol"": ""cutensornetContraction2_f64""}, {""body_indices"": [30, 31], ""symbol"": ""cutensornetContraction2_f64""}, {""body_indices"": [32, 33], ""symbol"": ""cutensornetContraction2_f64""}, {""body_indices"": [36, 37], ""symbol"": ""cutensornetContraction2_f64""}, {""body_indices"": [38, 39], ""symbol"": ""cutensornetContraction2_f64""}, {""body_indices"": [42, 43], ""symbol"": ""cutensornetContraction2_f64""}, {""body_indices"": [44, 45], ""symbol"": ""cutensornetContraction2_f64""}, {""body_indices"": [48, 49], ""symbol"": ""cutensornetContraction2_f64""}, {""body_indices"": [50, 51], ""symbol"": ""cutensornetContraction2_f64""}, {""body_indices"": [54, 55], ""symbol"": ""cutensornetContraction2_f64""}, {""body_indices"": [56, 57], ""symbol"": ""cutensornetContraction2_f64""}, {""body_indices"": [60, 61], ""symbol"": ""cutensornetContraction2_f64""}, {""body_indices"": [62, 63], ""symbol"": ""cutensornetContraction2_f64""}, {""body_indices"": [66, 67], ""symbol"": ""cutensornetContraction2_f64""}, {""body_indices"": [68, 69], ""symbol"": ""cutensornetContraction2_f64""}]",29,0,0,0.0,300
mfem_application,mfem_app_ex35p_hcurl_3d,/home/arjaiswal/Polygeist/issues/mfem_c_kernels/application_extractions/results/mfem_app_ex35p_hcurl_3d.debufferized.mlir,75ddc934e8cbf30c7e412b8270c0ed232092fbea8e21f5c5eea23c1ad5e47999,syntactic,5,ok,0,15892.631329596043,0,"[""/usr/bin/python3"", ""/home/arjaiswal/Polygeist/scripts/correctness/kernel_match_rewrite.py"", ""/home/arjaiswal/Polygeist/issues/mfem_c_kernels/application_extractions/results/mfem_app_ex35p_hcurl_3d.debufferized.mlir"", ""--dry-run"", ""--matcher-mode"", ""syntactic"", ""--telemetry-json"", ""/home/arjaiswal/Polygeist/issues/equality_saturation_eval/campaign_20260908/mfem_application-mfem_app_ex35p_hcurl_3d-syntactic-6cpv75jx.json"", ""--disable-semantic-fallback""]","on2_f64
  match          body#[16, 17]  cutensornetContraction2_f64
  match          body#[18, 19]  cutensornetContraction2_f64
  match          body#[20, 21]  cutensornetContraction2_f64
  match          body#[22, 23]  cutensornetContraction2_f64
  match          body#[24, 25]  cutensornetContraction2_f64
  match          body#[26, 27]  cutensornetContraction2_f64
  match          body#[28, 29]  cutensornetContraction2_f64
  match          body#[30, 31]  cutensornetContraction2_f64
  match          body#[32, 33]  cutensornetContraction2_f64
  no_match       body#34  ?
  no_match       body#35  ?
  match          body#[36, 37]  cutensornetContraction2_f64
  match          body#[38, 39]  cutensornetContraction2_f64
  no_match       body#40  ?
  no_match       body#41  ?
  match          body#[42, 43]  cutensornetContraction2_f64
  match          body#[44, 45]  cutensornetContraction2_f64
  no_match       body#46  ?
  no_match       body#47  ?
  match          body#[48, 49]  cutensornetContraction2_f64
  match          body#[50, 51]  cutensornetContraction2_f64
  no_match       body#52  ?
  no_match       body#53  ?
  match          body#[54, 55]  cutensornetContraction2_f64
  match          body#[56, 57]  cutensornetContraction2_f64
  no_match       body#58  ?
  no_match       body#59  ?
  match          body#[60, 61]  cutensornetContraction2_f64
  match          body#[62, 63]  cutensornetContraction2_f64
  no_match       body#64  ?
  no_match       body#65  ?
  match          body#[66, 67]  cutensornetContraction2_f64
  match          body#[68, 69]  cutensornetContraction2_f64
  no_match       body#70  ?
  no_match       body#71  ?
  no_match       body#72  ?
  no_match       body#73  ?
  no_match       body#74  ?
  no_match       body#75  ?
  no_match       body#76  ?
  no_match       body#77  ?
  no_match       body#78  ?
  no_match       body#79  ?
  no_match       body#80  ?
  no_match       body#81  ?
  no_match       body#82  ?
  total: 29 matched / 54 bodies
",0,[],0,0,0,0,/home/arjaiswal/Polygeist/issues/mfem_c_kernels/application_extractions/results/mfem_app_ex35p_hcurl_3d.debufferized.mlir,97982,0,83,58,6682.105042040348,25,70760,1.758728176355362,0,300,0,0,"[{""body_indices"": [0, 1], ""symbol"": ""cutensornetContraction2_f64""}, {""body_indices"": [2, 3], ""symbol"": ""cutensornetContraction2_f64""}, {""body_indices"": [4, 5], ""symbol"": ""cutensornetContraction2_f64""}, {""body_indices"": [6, 7], ""symbol"": ""cutensornetContraction2_f64""}, {""body_indices"": [8, 9], ""symbol"": ""cutensornetContraction2_f64""}, {""body_indices"": [10, 11], ""symbol"": ""cutensornetContraction2_f64""}, {""body_indices"": [12, 13], ""symbol"": ""cutensornetContraction2_f64""}, {""body_indices"": [14, 15], ""symbol"": ""cutensornetContraction2_f64""}, {""body_indices"": [16, 17], ""symbol"": ""cutensornetContraction2_f64""}, {""body_indices"": [18, 19], ""symbol"": ""cutensornetContraction2_f64""}, {""body_indices"": [20, 21], ""symbol"": ""cutensornetContraction2_f64""}, {""body_indices"": [22, 23], ""symbol"": ""cutensornetContraction2_f64""}, {""body_indices"": [24, 25], ""symbol"": ""cutensornetContraction2_f64""}, {""body_indices"": [26, 27], ""symbol"": ""cutensornetContraction2_f64""}, {""body_indices"": [28, 29], ""symbol"": ""cutensornetContraction2_f64""}, {""body_indices"": [30, 31], ""symbol"": ""cutensornetContraction2_f64""}, {""body_indices"": [32, 33], ""symbol"": ""cutensornetContraction2_f64""}, {""body_indices"": [36, 37], ""symbol"": ""cutensornetContraction2_f64""}, {""body_indices"": [38, 39], ""symbol"": ""cutensornetContraction2_f64""}, {""body_indices"": [42, 43], ""symbol"": ""cutensornetContraction2_f64""}, {""body_indices"": [44, 45], ""symbol"": ""cutensornetContraction2_f64""}, {""body_indices"": [48, 49], ""symbol"": ""cutensornetContraction2_f64""}, {""body_indices"": [50, 51], ""symbol"": ""cutensornetContraction2_f64""}, {""body_indices"": [54, 55], ""symbol"": ""cutensornetContraction2_f64""}, {""body_indices"": [56, 57], ""symbol"": ""cutensornetContraction2_f64""}, {""body_indices"": [60, 61], ""symbol"": ""cutensornetContraction2_f64""}, {""body_indices"": [62, 63], ""symbol"": ""cutensornetContraction2_f64""}, {""body_indices"": [66, 67], ""symbol"": ""cutensornetContraction2_f64""}, {""body_indices"": [68, 69], ""symbol"": ""cutensornetContraction2_f64""}]",29,0,300,0.0,300
mfem_application,mfem_app_ex35p_hcurl_3d_partial,/home/arjaiswal/Polygeist/issues/mfem_c_kernels/application_extractions/results/mfem_app_ex35p_hcurl_3d_partial.debufferized.mlir,b1a46f7250a5e585df42cf7bab68905a82a1921f7e8fccbd18e02f6ae6a4197b,syntactic,1,ok,0,10375.044073909521,0,"[""/usr/bin/python3"", ""/home/arjaiswal/Polygeist/scripts/correctness/kernel_match_rewrite.py"", ""/home/arjaiswal/Polygeist/issues/mfem_c_kernels/application_extractions/results/mfem_app_ex35p_hcurl_3d_partial.debufferized.mlir"", ""--dry-run"", ""--matcher-mode"", ""syntactic"", ""--telemetry-json"", ""/home/arjaiswal/Polygeist/issues/equality_saturation_eval/campaign_20260908/mfem_application-mfem_app_ex35p_hcurl_3d_partial-syntactic-ts04yve1.json"", ""--disable-semantic-fallback""]","r5r5r4
  match          body#[12, 13]  cutensornetContraction2_f64_r5r5r4
  match          body#[14, 15]  cutensornetContraction2_f64_r4r5r4
  match          body#[16, 17]  cutensornetContraction2_f64_r4r5r4
  match          body#[18, 19]  cutensornetContraction2_f64_r4r5r4
  match          body#[20, 21]  cutensornetContraction2_f64_r4r5r4
  match          body#[22, 23]  cutensornetContraction2_f64_r5r5r4
  match          body#[24, 25]  cutensornetContraction2_f64_r5r5r4
  match          body#[26, 27]  cutensornetContraction2_f64_r4r5r4
  match          body#[28, 29]  cutensornetContraction2_f64_r4r5r4
  match          body#[30, 31]  cutensornetContraction2_f64_r4r5r4
  match          body#[32, 33]  cutensornetContraction2_f64_r4r5r4
  no_match       body#34  ?
  no_match       body#35  ?
  match          body#[36, 37]  cutensornetContraction2_f64_r4r5r4
  match          body#[38, 39]  cutensornetContraction2_f64_r4r5r4
  no_match       body#40  ?
  no_match       body#41  ?
  match          body#[42, 43]  cutensornetContraction2_f64_r4r5r4
  match          body#[44, 45]  cutensornetContraction2_f64_r4r5r4
  no_match       body#46  ?
  no_match       body#47  ?
  match          body#[48, 49]  cutensornetContraction2_f64_r4r5r4
  match          body#[50, 51]  cutensornetContraction2_f64_r4r5r4
  no_match       body#52  ?
  no_match       body#53  ?
  match          body#[54, 55]  cutensornetContraction2_f64_r4r5r4
  match          body#[56, 57]  cutensornetContraction2_f64_r4r5r4
  no_match       body#58  ?
  no_match       body#59  ?
  match          body#[60, 61]  cutensornetContraction2_f64_r4r5r4
  match          body#[62, 63]  cutensornetContraction2_f64_r4r5r4
  no_match       body#64  ?
  no_match       body#65  ?
  match          body#[66, 67]  cutensornetContraction2_f64_r4r5r4
  match          body#[68, 69]  cutensornetContraction2_f64_r4r5r4
  no_match       body#70  ?
  no_match       body#71  ?
  no_match       body#72  ?
  total: 29 matched / 44 bodies
",0,[],0,0,0,0,/home/arjaiswal/Polygeist/issues/mfem_c_kernels/application_extractions/results/mfem_app_ex35p_hcurl_3d_partial.debufferized.mlir,45863,0,73,58,7145.110405981541,15,69456,9.679831564426422,0,258,0,0,"[{""body_indices"": [0, 1], ""symbol"": ""cutensornetContraction2_f64_r5r5r4""}, {""body_indices"": [2, 3], ""symbol"": ""cutensornetContraction2_f64_r4r5r4""}, {""body_indices"": [4, 5], ""symbol"": ""cutensornetContraction2_f64_r4r5r4""}, {""body_indices"": [6, 7], ""symbol"": ""cutensornetContraction2_f64_r4r5r4""}, {""body_indices"": [8, 9], ""symbol"": ""cutensornetContraction2_f64_r4r5r4""}, {""body_indices"": [10, 11], ""symbol"": ""cutensornetContraction2_f64_r5r5r4""}, {""body_indices"": [12, 13], ""symbol"": ""cutensornetContraction2_f64_r5r5r4""}, {""body_indices"": [14, 15], ""symbol"": ""cutensornetContraction2_f64_r4r5r4""}, {""body_indices"": [16, 17], ""symbol"": ""cutensornetContraction2_f64_r4r5r4""}, {""body_indices"": [18, 19], ""symbol"": ""cutensornetContraction2_f64_r4r5r4""}, {""body_indices"": [20, 21], ""symbol"": ""cutensornetContraction2_f64_r4r5r4""}, {""body_indices"": [22, 23], ""symbol"": ""cutensornetContraction2_f64_r5r5r4""}, {""body_indices"": [24, 25], ""symbol"": ""cutensornetContraction2_f64_r5r5r4""}, {""body_indices"": [26, 27], ""symbol"": ""cutensornetContraction2_f64_r4r5r4""}, {""body_indices"": [28, 29], ""symbol"": ""cutensornetContraction2_f64_r4r5r4""}, {""body_indices"": [30, 31], ""symbol"": ""cutensornetContraction2_f64_r4r5r4""}, {""body_indices"": [32, 33], ""symbol"": ""cutensornetContraction2_f64_r4r5r4""}, {""body_indices"": [36, 37], ""symbol"": ""cutensornetContraction2_f64_r4r5r4""}, {""body_indices"": [38, 39], ""symbol"": ""cutensornetContraction2_f64_r4r5r4""}, {""body_indices"": [42, 43], ""symbol"": ""cutensornetContraction2_f64_r4r5r4""}, {""body_indices"": [44, 45], ""symbol"": ""cutensornetContraction2_f64_r4r5r4""}, {""body_indices"": [48, 49], ""symbol"": ""cutensornetContraction2_f64_r4r5r4""}, {""body_indices"": [50, 51], ""symbol"": ""cutensornetContraction2_f64_r4r5r4""}, {""body_indices"": [54, 55], ""symbol"": ""cutensornetContraction2_f64_r4r5r4""}, {""body_indices"": [56, 57], ""symbol"": ""cutensornetContraction2_f64_r4r5r4""}, {""body_indices"": [60, 61], ""symbol"": ""cutensornetContraction2_f64_r4r5r4""}, {""body_indices"": [62, 63], ""symbol"": ""cutensornetContraction2_f64_r4r5r4""}, {""body_indices"": [66, 67], ""symbol"": ""cutensornetContraction2_f64_r4r5r4""}, {""body_indices"": [68, 69], ""symbol"": ""cutensornetContraction2_f64_r4r5r4""}]",29,0,258,0.0,258
mfem_application,mfem_app_ex35p_hcurl_3d_partial,/home/arjaiswal/Polygeist/issues/mfem_c_kernels/application_extractions/results/mfem_app_ex35p_hcurl_3d_partial.debufferized.mlir,b1a46f7250a5e585df42cf7bab68905a82a1921f7e8fccbd18e02f6ae6a4197b,egglog,1,ok,0,15263.640969991684,0,"[""/usr/bin/python3"", ""/home/arjaiswal/Polygeist/scripts/correctness/kernel_match_rewrite.py"", ""/home/arjaiswal/Polygeist/issues/mfem_c_kernels/application_extractions/results/mfem_app_ex35p_hcurl_3d_partial.debufferized.mlir"", ""--dry-run"", ""--matcher-mode"", ""egglog"", ""--telemetry-json"", ""/home/arjaiswal/Polygeist/issues/equality_saturation_eval/campaign_20260908/mfem_application-mfem_app_ex35p_hcurl_3d_partial-egglog-rg_oi4re.json"", ""--disable-semantic-fallback""]","r5r5r4
  match          body#[12, 13]  cutensornetContraction2_f64_r5r5r4
  match          body#[14, 15]  cutensornetContraction2_f64_r4r5r4
  match          body#[16, 17]  cutensornetContraction2_f64_r4r5r4
  match          body#[18, 19]  cutensornetContraction2_f64_r4r5r4
  match          body#[20, 21]  cutensornetContraction2_f64_r4r5r4
  match          body#[22, 23]  cutensornetContraction2_f64_r5r5r4
  match          body#[24, 25]  cutensornetContraction2_f64_r5r5r4
  match          body#[26, 27]  cutensornetContraction2_f64_r4r5r4
  match          body#[28, 29]  cutensornetContraction2_f64_r4r5r4
  match          body#[30, 31]  cutensornetContraction2_f64_r4r5r4
  match          body#[32, 33]  cutensornetContraction2_f64_r4r5r4
  no_match       body#34  ?
  no_match       body#35  ?
  match          body#[36, 37]  cutensornetContraction2_f64_r4r5r4
  match          body#[38, 39]  cutensornetContraction2_f64_r4r5r4
  no_match       body#40  ?
  no_match       body#41  ?
  match          body#[42, 43]  cutensornetContraction2_f64_r4r5r4
  match          body#[44, 45]  cutensornetContraction2_f64_r4r5r4
  no_match       body#46  ?
  no_match       body#47  ?
  match          body#[48, 49]  cutensornetContraction2_f64_r4r5r4
  match          body#[50, 51]  cutensornetContraction2_f64_r4r5r4
  no_match       body#52  ?
  no_match       body#53  ?
  match          body#[54, 55]  cutensornetContraction2_f64_r4r5r4
  match          body#[56, 57]  cutensornetContraction2_f64_r4r5r4
  no_match       body#58  ?
  no_match       body#59  ?
  match          body#[60, 61]  cutensornetContraction2_f64_r4r5r4
  match          body#[62, 63]  cutensornetContraction2_f64_r4r5r4
  no_match       body#64  ?
  no_match       body#65  ?
  match          body#[66, 67]  cutensornetContraction2_f64_r4r5r4
  match          body#[68, 69]  cutensornetContraction2_f64_r4r5r4
  no_match       body#70  ?
  no_match       body#71  ?
  no_match       body#72  ?
  total: 29 matched / 44 bodies
",0,[],0,0,0,0,/home/arjaiswal/Polygeist/issues/mfem_c_kernels/application_extractions/results/mfem_app_ex35p_hcurl_3d_partial.debufferized.mlir,45863,8,73,58,11556.548699736595,15,73912,4390.766642987728,258,258,0,232,"[{""body_indices"": [0, 1], ""symbol"": ""cutensornetContraction2_f64_r5r5r4""}, {""body_indices"": [2, 3], ""symbol"": ""cutensornetContraction2_f64_r4r5r4""}, {""body_indices"": [4, 5], ""symbol"": ""cutensornetContraction2_f64_r4r5r4""}, {""body_indices"": [6, 7], ""symbol"": ""cutensornetContraction2_f64_r4r5r4""}, {""body_indices"": [8, 9], ""symbol"": ""cutensornetContraction2_f64_r4r5r4""}, {""body_indices"": [10, 11], ""symbol"": ""cutensornetContraction2_f64_r5r5r4""}, {""body_indices"": [12, 13], ""symbol"": ""cutensornetContraction2_f64_r5r5r4""}, {""body_indices"": [14, 15], ""symbol"": ""cutensornetContraction2_f64_r4r5r4""}, {""body_indices"": [16, 17], ""symbol"": ""cutensornetContraction2_f64_r4r5r4""}, {""body_indices"": [18, 19], ""symbol"": ""cutensornetContraction2_f64_r4r5r4""}, {""body_indices"": [20, 21], ""symbol"": ""cutensornetContraction2_f64_r4r5r4""}, {""body_indices"": [22, 23], ""symbol"": ""cutensornetContraction2_f64_r5r5r4""}, {""body_indices"": [24, 25], ""symbol"": ""cutensornetContraction2_f64_r5r5r4""}, {""body_indices"": [26, 27], ""symbol"": ""cutensornetContraction2_f64_r4r5r4""}, {""body_indices"": [28, 29], ""symbol"": ""cutensornetContraction2_f64_r4r5r4""}, {""body_indices"": [30, 31], ""symbol"": ""cutensornetContraction2_f64_r4r5r4""}, {""body_indices"": [32, 33], ""symbol"": ""cutensornetContraction2_f64_r4r5r4""}, {""body_indices"": [36, 37], ""symbol"": ""cutensornetContraction2_f64_r4r5r4""}, {""body_indices"": [38, 39], ""symbol"": ""cutensornetContraction2_f64_r4r5r4""}, {""body_indices"": [42, 43], ""symbol"": ""cutensornetContraction2_f64_r4r5r4""}, {""body_indices"": [44, 45], ""symbol"": ""cutensornetContraction2_f64_r4r5r4""}, {""body_indices"": [48, 49], ""symbol"": ""cutensornetContraction2_f64_r4r5r4""}, {""body_indices"": [50, 51], ""symbol"": ""cutensornetContraction2_f64_r4r5r4""}, {""body_indices"": [54, 55], ""symbol"": ""cutensornetContraction2_f64_r4r5r4""}, {""body_indices"": [56, 57], ""symbol"": ""cutensornetContraction2_f64_r4r5r4""}, {""body_indices"": [60, 61], ""symbol"": ""cutensornetContraction2_f64_r4r5r4""}, {""body_indices"": [62, 63], ""symbol"": ""cutensornetContraction2_f64_r4r5r4""}, {""body_indices"": [66, 67], ""symbol"": ""cutensornetContraction2_f64_r4r5r4""}, {""body_indices"": [68, 69], ""symbol"": ""cutensornetContraction2_f64_r4r5r4""}]",29,0,0,0.0,258
mfem_application,mfem_app_ex35p_hcurl_3d_partial,/home/arjaiswal/Polygeist/issues/mfem_c_kernels/application_extractions/results/mfem_app_ex35p_hcurl_3d_partial.debufferized.mlir,b1a46f7250a5e585df42cf7bab68905a82a1921f7e8fccbd18e02f6ae6a4197b,egglog,2,ok,0,16260.212991386652,0,"[""/usr/bin/python3"", ""/home/arjaiswal/Polygeist/scripts/correctness/kernel_match_rewrite.py"", ""/home/arjaiswal/Polygeist/issues/mfem_c_kernels/application_extractions/results/mfem_app_ex35p_hcurl_3d_partial.debufferized.mlir"", ""--dry-run"", ""--matcher-mode"", ""egglog"", ""--telemetry-json"", ""/home/arjaiswal/Polygeist/issues/equality_saturation_eval/campaign_20260908/mfem_application-mfem_app_ex35p_hcurl_3d_partial-egglog-wp8f52gl.json"", ""--disable-semantic-fallback""]","r5r5r4
  match          body#[12, 13]  cutensornetContraction2_f64_r5r5r4
  match          body#[14, 15]  cutensornetContraction2_f64_r4r5r4
  match          body#[16, 17]  cutensornetContraction2_f64_r4r5r4
  match          body#[18, 19]  cutensornetContraction2_f64_r4r5r4
  match          body#[20, 21]  cutensornetContraction2_f64_r4r5r4
  match          body#[22, 23]  cutensornetContraction2_f64_r5r5r4
  match          body#[24, 25]  cutensornetContraction2_f64_r5r5r4
  match          body#[26, 27]  cutensornetContraction2_f64_r4r5r4
  match          body#[28, 29]  cutensornetContraction2_f64_r4r5r4
  match          body#[30, 31]  cutensornetContraction2_f64_r4r5r4
  match          body#[32, 33]  cutensornetContraction2_f64_r4r5r4
  no_match       body#34  ?
  no_match       body#35  ?
  match          body#[36, 37]  cutensornetContraction2_f64_r4r5r4
  match          body#[38, 39]  cutensornetContraction2_f64_r4r5r4
  no_match       body#40  ?
  no_match       body#41  ?
  match          body#[42, 43]  cutensornetContraction2_f64_r4r5r4
  match          body#[44, 45]  cutensornetContraction2_f64_r4r5r4
  no_match       body#46  ?
  no_match       body#47  ?
  match          body#[48, 49]  cutensornetContraction2_f64_r4r5r4
  match          body#[50, 51]  cutensornetContraction2_f64_r4r5r4
  no_match       body#52  ?
  no_match       body#53  ?
  match          body#[54, 55]  cutensornetContraction2_f64_r4r5r4
  match          body#[56, 57]  cutensornetContraction2_f64_r4r5r4
  no_match       body#58  ?
  no_match       body#59  ?
  match          body#[60, 61]  cutensornetContraction2_f64_r4r5r4
  match          body#[62, 63]  cutensornetContraction2_f64_r4r5r4
  no_match       body#64  ?
  no_match       body#65  ?
  match          body#[66, 67]  cutensornetContraction2_f64_r4r5r4
  match          body#[68, 69]  cutensornetContraction2_f64_r4r5r4
  no_match       body#70  ?
  no_match       body#71  ?
  no_match       body#72  ?
  total: 29 matched / 44 bodies
",0,[],0,0,0,0,/home/arjaiswal/Polygeist/issues/mfem_c_kernels/application_extractions/results/mfem_app_ex35p_hcurl_3d_partial.debufferized.mlir,45863,8,73,58,13349.478349089622,15,73652,6459.44893732667,258,258,0,232,"[{""body_indices"": [0, 1], ""symbol"": ""cutensornetContraction2_f64_r5r5r4""}, {""body_indices"": [2, 3], ""symbol"": ""cutensornetContraction2_f64_r4r5r4""}, {""body_indices"": [4, 5], ""symbol"": ""cutensornetContraction2_f64_r4r5r4""}, {""body_indices"": [6, 7], ""symbol"": ""cutensornetContraction2_f64_r4r5r4""}, {""body_indices"": [8, 9], ""symbol"": ""cutensornetContraction2_f64_r4r5r4""}, {""body_indices"": [10, 11], ""symbol"": ""cutensornetContraction2_f64_r5r5r4""}, {""body_indices"": [12, 13], ""symbol"": ""cutensornetContraction2_f64_r5r5r4""}, {""body_indices"": [14, 15], ""symbol"": ""cutensornetContraction2_f64_r4r5r4""}, {""body_indices"": [16, 17], ""symbol"": ""cutensornetContraction2_f64_r4r5r4""}, {""body_indices"": [18, 19], ""symbol"": ""cutensornetContraction2_f64_r4r5r4""}, {""body_indices"": [20, 21], ""symbol"": ""cutensornetContraction2_f64_r4r5r4""}, {""body_indices"": [22, 23], ""symbol"": ""cutensornetContraction2_f64_r5r5r4""}, {""body_indices"": [24, 25], ""symbol"": ""cutensornetContraction2_f64_r5r5r4""}, {""body_indices"": [26, 27], ""symbol"": ""cutensornetContraction2_f64_r4r5r4""}, {""body_indices"": [28, 29], ""symbol"": ""cutensornetContraction2_f64_r4r5r4""}, {""body_indices"": [30, 31], ""symbol"": ""cutensornetContraction2_f64_r4r5r4""}, {""body_indices"": [32, 33], ""symbol"": ""cutensornetContraction2_f64_r4r5r4""}, {""body_indices"": [36, 37], ""symbol"": ""cutensornetContraction2_f64_r4r5r4""}, {""body_indices"": [38, 39], ""symbol"": ""cutensornetContraction2_f64_r4r5r4""}, {""body_indices"": [42, 43], ""symbol"": ""cutensornetContraction2_f64_r4r5r4""}, {""body_indices"": [44, 45], ""symbol"": ""cutensornetContraction2_f64_r4r5r4""}, {""body_indices"": [48, 49], ""symbol"": ""cutensornetContraction2_f64_r4r5r4""}, {""body_indices"": [50, 51], ""symbol"": ""cutensornetContraction2_f64_r4r5r4""}, {""body_indices"": [54, 55], ""symbol"": ""cutensornetContraction2_f64_r4r5r4""}, {""body_indices"": [56, 57], ""symbol"": ""cutensornetContraction2_f64_r4r5r4""}, {""body_indices"": [60, 61], ""symbol"": ""cutensornetContraction2_f64_r4r5r4""}, {""body_indices"": [62, 63], ""symbol"": ""cutensornetContraction2_f64_r4r5r4""}, {""body_indices"": [66, 67], ""symbol"": ""cutensornetContraction2_f64_r4r5r4""}, {""body_indices"": [68, 69], ""symbol"": ""cutensornetContraction2_f64_r4r5r4""}]",29,0,0,0.0,258
mfem_application,mfem_app_ex35p_hcurl_3d_partial,/home/arjaiswal/Polygeist/issues/mfem_c_kernels/application_extractions/results/mfem_app_ex35p_hcurl_3d_partial.debufferized.mlir,b1a46f7250a5e585df42cf7bab68905a82a1921f7e8fccbd18e02f6ae6a4197b,syntactic,2,ok,0,4805.316656827927,0,"[""/usr/bin/python3"", ""/home/arjaiswal/Polygeist/scripts/correctness/kernel_match_rewrite.py"", ""/home/arjaiswal/Polygeist/issues/mfem_c_kernels/application_extractions/results/mfem_app_ex35p_hcurl_3d_partial.debufferized.mlir"", ""--dry-run"", ""--matcher-mode"", ""syntactic"", ""--telemetry-json"", ""/home/arjaiswal/Polygeist/issues/equality_saturation_eval/campaign_20260908/mfem_application-mfem_app_ex35p_hcurl_3d_partial-syntactic-migj72fi.json"", ""--disable-semantic-fallback""]","r5r5r4
  match          body#[12, 13]  cutensornetContraction2_f64_r5r5r4
  match          body#[14, 15]  cutensornetContraction2_f64_r4r5r4
  match          body#[16, 17]  cutensornetContraction2_f64_r4r5r4
  match          body#[18, 19]  cutensornetContraction2_f64_r4r5r4
  match          body#[20, 21]  cutensornetContraction2_f64_r4r5r4
  match          body#[22, 23]  cutensornetContraction2_f64_r5r5r4
  match          body#[24, 25]  cutensornetContraction2_f64_r5r5r4
  match          body#[26, 27]  cutensornetContraction2_f64_r4r5r4
  match          body#[28, 29]  cutensornetContraction2_f64_r4r5r4
  match          body#[30, 31]  cutensornetContraction2_f64_r4r5r4
  match          body#[32, 33]  cutensornetContraction2_f64_r4r5r4
  no_match       body#34  ?
  no_match       body#35  ?
  match          body#[36, 37]  cutensornetContraction2_f64_r4r5r4
  match          body#[38, 39]  cutensornetContraction2_f64_r4r5r4
  no_match       body#40  ?
  no_match       body#41  ?
  match          body#[42, 43]  cutensornetContraction2_f64_r4r5r4
  match          body#[44, 45]  cutensornetContraction2_f64_r4r5r4
  no_match       body#46  ?
  no_match       body#47  ?
  match          body#[48, 49]  cutensornetContraction2_f64_r4r5r4
  match          body#[50, 51]  cutensornetContraction2_f64_r4r5r4
  no_match       body#52  ?
  no_match       body#53  ?
  match          body#[54, 55]  cutensornetContraction2_f64_r4r5r4
  match          body#[56, 57]  cutensornetContraction2_f64_r4r5r4
  no_match       body#58  ?
  no_match       body#59  ?
  match          body#[60, 61]  cutensornetContraction2_f64_r4r5r4
  match          body#[62, 63]  cutensornetContraction2_f64_r4r5r4
  no_match       body#64  ?
  no_match       body#65  ?
  match          body#[66, 67]  cutensornetContraction2_f64_r4r5r4
  match          body#[68, 69]  cutensornetContraction2_f64_r4r5r4
  no_match       body#70  ?
  no_match       body#71  ?
  no_match       body#72  ?
  total: 29 matched / 44 bodies
",0,[],0,0,0,0,/home/arjaiswal/Polygeist/issues/mfem_c_kernels/application_extractions/results/mfem_app_ex35p_hcurl_3d_partial.debufferized.mlir,45863,0,73,58,2675.4563599824905,15,69484,1.2442804872989655,0,258,0,0,"[{""body_indices"": [0, 1], ""symbol"": ""cutensornetContraction2_f64_r5r5r4""}, {""body_indices"": [2, 3], ""symbol"": ""cutensornetContraction2_f64_r4r5r4""}, {""body_indices"": [4, 5], ""symbol"": ""cutensornetContraction2_f64_r4r5r4""}, {""body_indices"": [6, 7], ""symbol"": ""cutensornetContraction2_f64_r4r5r4""}, {""body_indices"": [8, 9], ""symbol"": ""cutensornetContraction2_f64_r4r5r4""}, {""body_indices"": [10, 11], ""symbol"": ""cutensornetContraction2_f64_r5r5r4""}, {""body_indices"": [12, 13], ""symbol"": ""cutensornetContraction2_f64_r5r5r4""}, {""body_indices"": [14, 15], ""symbol"": ""cutensornetContraction2_f64_r4r5r4""}, {""body_indices"": [16, 17], ""symbol"": ""cutensornetContraction2_f64_r4r5r4""}, {""body_indices"": [18, 19], ""symbol"": ""cutensornetContraction2_f64_r4r5r4""}, {""body_indices"": [20, 21], ""symbol"": ""cutensornetContraction2_f64_r4r5r4""}, {""body_indices"": [22, 23], ""symbol"": ""cutensornetContraction2_f64_r5r5r4""}, {""body_indices"": [24, 25], ""symbol"": ""cutensornetContraction2_f64_r5r5r4""}, {""body_indices"": [26, 27], ""symbol"": ""cutensornetContraction2_f64_r4r5r4""}, {""body_indices"": [28, 29], ""symbol"": ""cutensornetContraction2_f64_r4r5r4""}, {""body_indices"": [30, 31], ""symbol"": ""cutensornetContraction2_f64_r4r5r4""}, {""body_indices"": [32, 33], ""symbol"": ""cutensornetContraction2_f64_r4r5r4""}, {""body_indices"": [36, 37], ""symbol"": ""cutensornetContraction2_f64_r4r5r4""}, {""body_indices"": [38, 39], ""symbol"": ""cutensornetContraction2_f64_r4r5r4""}, {""body_indices"": [42, 43], ""symbol"": ""cutensornetContraction2_f64_r4r5r4""}, {""body_indices"": [44, 45], ""symbol"": ""cutensornetContraction2_f64_r4r5r4""}, {""body_indices"": [48, 49], ""symbol"": ""cutensornetContraction2_f64_r4r5r4""}, {""body_indices"": [50, 51], ""symbol"": ""cutensornetContraction2_f64_r4r5r4""}, {""body_indices"": [54, 55], ""symbol"": ""cutensornetContraction2_f64_r4r5r4""}, {""body_indices"": [56, 57], ""symbol"": ""cutensornetContraction2_f64_r4r5r4""}, {""body_indices"": [60, 61], ""symbol"": ""cutensornetContraction2_f64_r4r5r4""}, {""body_indices"": [62, 63], ""symbol"": ""cutensornetContraction2_f64_r4r5r4""}, {""body_indices"": [66, 67], ""symbol"": ""cutensornetContraction2_f64_r4r5r4""}, {""body_indices"": [68, 69], ""symbol"": ""cutensornetContraction2_f64_r4r5r4""}]",29,0,258,0.0,258
mfem_application,mfem_app_ex35p_hcurl_3d_partial,/home/arjaiswal/Polygeist/issues/mfem_c_kernels/application_extractions/results/mfem_app_ex35p_hcurl_3d_partial.debufferized.mlir,b1a46f7250a5e585df42cf7bab68905a82a1921f7e8fccbd18e02f6ae6a4197b,syntactic,3,ok,0,5926.885157823563,0,"[""/usr/bin/python3"", ""/home/arjaiswal/Polygeist/scripts/correctness/kernel_match_rewrite.py"", ""/home/arjaiswal/Polygeist/issues/mfem_c_kernels/application_extractions/results/mfem_app_ex35p_hcurl_3d_partial.debufferized.mlir"", ""--dry-run"", ""--matcher-mode"", ""syntactic"", ""--telemetry-json"", ""/home/arjaiswal/Polygeist/issues/equality_saturation_eval/campaign_20260908/mfem_application-mfem_app_ex35p_hcurl_3d_partial-syntactic-udy_kmv3.json"", ""--disable-semantic-fallback""]","r5r5r4
  match          body#[12, 13]  cutensornetContraction2_f64_r5r5r4
  match          body#[14, 15]  cutensornetContraction2_f64_r4r5r4
  match          body#[16, 17]  cutensornetContraction2_f64_r4r5r4
  match          body#[18, 19]  cutensornetContraction2_f64_r4r5r4
  match          body#[20, 21]  cutensornetContraction2_f64_r4r5r4
  match          body#[22, 23]  cutensornetContraction2_f64_r5r5r4
  match          body#[24, 25]  cutensornetContraction2_f64_r5r5r4
  match          body#[26, 27]  cutensornetContraction2_f64_r4r5r4
  match          body#[28, 29]  cutensornetContraction2_f64_r4r5r4
  match          body#[30, 31]  cutensornetContraction2_f64_r4r5r4
  match          body#[32, 33]  cutensornetContraction2_f64_r4r5r4
  no_match       body#34  ?
  no_match       body#35  ?
  match          body#[36, 37]  cutensornetContraction2_f64_r4r5r4
  match          body#[38, 39]  cutensornetContraction2_f64_r4r5r4
  no_match       body#40  ?
  no_match       body#41  ?
  match          body#[42, 43]  cutensornetContraction2_f64_r4r5r4
  match          body#[44, 45]  cutensornetContraction2_f64_r4r5r4
  no_match       body#46  ?
  no_match       body#47  ?
  match          body#[48, 49]  cutensornetContraction2_f64_r4r5r4
  match          body#[50, 51]  cutensornetContraction2_f64_r4r5r4
  no_match       body#52  ?
  no_match       body#53  ?
  match          body#[54, 55]  cutensornetContraction2_f64_r4r5r4
  match          body#[56, 57]  cutensornetContraction2_f64_r4r5r4
  no_match       body#58  ?
  no_match       body#59  ?
  match          body#[60, 61]  cutensornetContraction2_f64_r4r5r4
  match          body#[62, 63]  cutensornetContraction2_f64_r4r5r4
  no_match       body#64  ?
  no_match       body#65  ?
  match          body#[66, 67]  cutensornetContraction2_f64_r4r5r4
  match          body#[68, 69]  cutensornetContraction2_f64_r4r5r4
  no_match       body#70  ?
  no_match       body#71  ?
  no_match       body#72  ?
  total: 29 matched / 44 bodies
",0,[],0,0,0,0,/home/arjaiswal/Polygeist/issues/mfem_c_kernels/application_extractions/results/mfem_app_ex35p_hcurl_3d_partial.debufferized.mlir,45863,0,73,58,3833.3898968994617,15,69380,1.2830011546611786,0,258,0,0,"[{""body_indices"": [0, 1], ""symbol"": ""cutensornetContraction2_f64_r5r5r4""}, {""body_indices"": [2, 3], ""symbol"": ""cutensornetContraction2_f64_r4r5r4""}, {""body_indices"": [4, 5], ""symbol"": ""cutensornetContraction2_f64_r4r5r4""}, {""body_indices"": [6, 7], ""symbol"": ""cutensornetContraction2_f64_r4r5r4""}, {""body_indices"": [8, 9], ""symbol"": ""cutensornetContraction2_f64_r4r5r4""}, {""body_indices"": [10, 11], ""symbol"": ""cutensornetContraction2_f64_r5r5r4""}, {""body_indices"": [12, 13], ""symbol"": ""cutensornetContraction2_f64_r5r5r4""}, {""body_indices"": [14, 15], ""symbol"": ""cutensornetContraction2_f64_r4r5r4""}, {""body_indices"": [16, 17], ""symbol"": ""cutensornetContraction2_f64_r4r5r4""}, {""body_indices"": [18, 19], ""symbol"": ""cutensornetContraction2_f64_r4r5r4""}, {""body_indices"": [20, 21], ""symbol"": ""cutensornetContraction2_f64_r4r5r4""}, {""body_indices"": [22, 23], ""symbol"": ""cutensornetContraction2_f64_r5r5r4""}, {""body_indices"": [24, 25], ""symbol"": ""cutensornetContraction2_f64_r5r5r4""}, {""body_indices"": [26, 27], ""symbol"": ""cutensornetContraction2_f64_r4r5r4""}, {""body_indices"": [28, 29], ""symbol"": ""cutensornetContraction2_f64_r4r5r4""}, {""body_indices"": [30, 31], ""symbol"": ""cutensornetContraction2_f64_r4r5r4""}, {""body_indices"": [32, 33], ""symbol"": ""cutensornetContraction2_f64_r4r5r4""}, {""body_indices"": [36, 37], ""symbol"": ""cutensornetContraction2_f64_r4r5r4""}, {""body_indices"": [38, 39], ""symbol"": ""cutensornetContraction2_f64_r4r5r4""}, {""body_indices"": [42, 43], ""symbol"": ""cutensornetContraction2_f64_r4r5r4""}, {""body_indices"": [44, 45], ""symbol"": ""cutensornetContraction2_f64_r4r5r4""}, {""body_indices"": [48, 49], ""symbol"": ""cutensornetContraction2_f64_r4r5r4""}, {""body_indices"": [50, 51], ""symbol"": ""cutensornetContraction2_f64_r4r5r4""}, {""body_indices"": [54, 55], ""symbol"": ""cutensornetContraction2_f64_r4r5r4""}, {""body_indices"": [56, 57], ""symbol"": ""cutensornetContraction2_f64_r4r5r4""}, {""body_indices"": [60, 61], ""symbol"": ""cutensornetContraction2_f64_r4r5r4""}, {""body_indices"": [62, 63], ""symbol"": ""cutensornetContraction2_f64_r4r5r4""}, {""body_indices"": [66, 67], ""symbol"": ""cutensornetContraction2_f64_r4r5r4""}, {""body_indices"": [68, 69], ""symbol"": ""cutensornetContraction2_f64_r4r5r4""}]",29,0,258,0.0,258
mfem_application,mfem_app_ex35p_hcurl_3d_partial,/home/arjaiswal/Polygeist/issues/mfem_c_kernels/application_extractions/results/mfem_app_ex35p_hcurl_3d_partial.debufferized.mlir,b1a46f7250a5e585df42cf7bab68905a82a1921f7e8fccbd18e02f6ae6a4197b,egglog,3,ok,0,10063.407097011805,0,"[""/usr/bin/python3"", ""/home/arjaiswal/Polygeist/scripts/correctness/kernel_match_rewrite.py"", ""/home/arjaiswal/Polygeist/issues/mfem_c_kernels/application_extractions/results/mfem_app_ex35p_hcurl_3d_partial.debufferized.mlir"", ""--dry-run"", ""--matcher-mode"", ""egglog"", ""--telemetry-json"", ""/home/arjaiswal/Polygeist/issues/equality_saturation_eval/campaign_20260908/mfem_application-mfem_app_ex35p_hcurl_3d_partial-egglog-tj_jwhb4.json"", ""--disable-semantic-fallback""]","r5r5r4
  match          body#[12, 13]  cutensornetContraction2_f64_r5r5r4
  match          body#[14, 15]  cutensornetContraction2_f64_r4r5r4
  match          body#[16, 17]  cutensornetContraction2_f64_r4r5r4
  match          body#[18, 19]  cutensornetContraction2_f64_r4r5r4
  match          body#[20, 21]  cutensornetContraction2_f64_r4r5r4
  match          body#[22, 23]  cutensornetContraction2_f64_r5r5r4
  match          body#[24, 25]  cutensornetContraction2_f64_r5r5r4
  match          body#[26, 27]  cutensornetContraction2_f64_r4r5r4
  match          body#[28, 29]  cutensornetContraction2_f64_r4r5r4
  match          body#[30, 31]  cutensornetContraction2_f64_r4r5r4
  match          body#[32, 33]  cutensornetContraction2_f64_r4r5r4
  no_match       body#34  ?
  no_match       body#35  ?
  match          body#[36, 37]  cutensornetContraction2_f64_r4r5r4
  match          body#[38, 39]  cutensornetContraction2_f64_r4r5r4
  no_match       body#40  ?
  no_match       body#41  ?
  match          body#[42, 43]  cutensornetContraction2_f64_r4r5r4
  match          body#[44, 45]  cutensornetContraction2_f64_r4r5r4
  no_match       body#46  ?
  no_match       body#47  ?
  match          body#[48, 49]  cutensornetContraction2_f64_r4r5r4
  match          body#[50, 51]  cutensornetContraction2_f64_r4r5r4
  no_match       body#52  ?
  no_match       body#53  ?
  match          body#[54, 55]  cutensornetContraction2_f64_r4r5r4
  match          body#[56, 57]  cutensornetContraction2_f64_r4r5r4
  no_match       body#58  ?
  no_match       body#59  ?
  match          body#[60, 61]  cutensornetContraction2_f64_r4r5r4
  match          body#[62, 63]  cutensornetContraction2_f64_r4r5r4
  no_match       body#64  ?
  no_match       body#65  ?
  match          body#[66, 67]  cutensornetContraction2_f64_r4r5r4
  match          body#[68, 69]  cutensornetContraction2_f64_r4r5r4
  no_match       body#70  ?
  no_match       body#71  ?
  no_match       body#72  ?
  total: 29 matched / 44 bodies
",0,[],0,0,0,0,/home/arjaiswal/Polygeist/issues/mfem_c_kernels/application_extractions/results/mfem_app_ex35p_hcurl_3d_partial.debufferized.mlir,45863,8,73,58,7632.150556892157,15,73700,3604.8609353601933,258,258,0,232,"[{""body_indices"": [0, 1], ""symbol"": ""cutensornetContraction2_f64_r5r5r4""}, {""body_indices"": [2, 3], ""symbol"": ""cutensornetContraction2_f64_r4r5r4""}, {""body_indices"": [4, 5], ""symbol"": ""cutensornetContraction2_f64_r4r5r4""}, {""body_indices"": [6, 7], ""symbol"": ""cutensornetContraction2_f64_r4r5r4""}, {""body_indices"": [8, 9], ""symbol"": ""cutensornetContraction2_f64_r4r5r4""}, {""body_indices"": [10, 11], ""symbol"": ""cutensornetContraction2_f64_r5r5r4""}, {""body_indices"": [12, 13], ""symbol"": ""cutensornetContraction2_f64_r5r5r4""}, {""body_indices"": [14, 15], ""symbol"": ""cutensornetContraction2_f64_r4r5r4""}, {""body_indices"": [16, 17], ""symbol"": ""cutensornetContraction2_f64_r4r5r4""}, {""body_indices"": [18, 19], ""symbol"": ""cutensornetContraction2_f64_r4r5r4""}, {""body_indices"": [20, 21], ""symbol"": ""cutensornetContraction2_f64_r4r5r4""}, {""body_indices"": [22, 23], ""symbol"": ""cutensornetContraction2_f64_r5r5r4""}, {""body_indices"": [24, 25], ""symbol"": ""cutensornetContraction2_f64_r5r5r4""}, {""body_indices"": [26, 27], ""symbol"": ""cutensornetContraction2_f64_r4r5r4""}, {""body_indices"": [28, 29], ""symbol"": ""cutensornetContraction2_f64_r4r5r4""}, {""body_indices"": [30, 31], ""symbol"": ""cutensornetContraction2_f64_r4r5r4""}, {""body_indices"": [32, 33], ""symbol"": ""cutensornetContraction2_f64_r4r5r4""}, {""body_indices"": [36, 37], ""symbol"": ""cutensornetContraction2_f64_r4r5r4""}, {""body_indices"": [38, 39], ""symbol"": ""cutensornetContraction2_f64_r4r5r4""}, {""body_indices"": [42, 43], ""symbol"": ""cutensornetContraction2_f64_r4r5r4""}, {""body_indices"": [44, 45], ""symbol"": ""cutensornetContraction2_f64_r4r5r4""}, {""body_indices"": [48, 49], ""symbol"": ""cutensornetContraction2_f64_r4r5r4""}, {""body_indices"": [50, 51], ""symbol"": ""cutensornetContraction2_f64_r4r5r4""}, {""body_indices"": [54, 55], ""symbol"": ""cutensornetContraction2_f64_r4r5r4""}, {""body_indices"": [56, 57], ""symbol"": ""cutensornetContraction2_f64_r4r5r4""}, {""body_indices"": [60, 61], ""symbol"": ""cutensornetContraction2_f64_r4r5r4""}, {""body_indices"": [62, 63], ""symbol"": ""cutensornetContraction2_f64_r4r5r4""}, {""body_indices"": [66, 67], ""symbol"": ""cutensornetContraction2_f64_r4r5r4""}, {""body_indices"": [68, 69], ""symbol"": ""cutensornetContraction2_f64_r4r5r4""}]",29,0,0,0.0,258
mfem_application,mfem_app_ex35p_hcurl_3d_partial,/home/arjaiswal/Polygeist/issues/mfem_c_kernels/application_extractions/results/mfem_app_ex35p_hcurl_3d_partial.debufferized.mlir,b1a46f7250a5e585df42cf7bab68905a82a1921f7e8fccbd18e02f6ae6a4197b,egglog,4,ok,0,11511.56459748745,0,"[""/usr/bin/python3"", ""/home/arjaiswal/Polygeist/scripts/correctness/kernel_match_rewrite.py"", ""/home/arjaiswal/Polygeist/issues/mfem_c_kernels/application_extractions/results/mfem_app_ex35p_hcurl_3d_partial.debufferized.mlir"", ""--dry-run"", ""--matcher-mode"", ""egglog"", ""--telemetry-json"", ""/home/arjaiswal/Polygeist/issues/equality_saturation_eval/campaign_20260908/mfem_application-mfem_app_ex35p_hcurl_3d_partial-egglog-rnx3rykl.json"", ""--disable-semantic-fallback""]","r5r5r4
  match          body#[12, 13]  cutensornetContraction2_f64_r5r5r4
  match          body#[14, 15]  cutensornetContraction2_f64_r4r5r4
  match          body#[16, 17]  cutensornetContraction2_f64_r4r5r4
  match          body#[18, 19]  cutensornetContraction2_f64_r4r5r4
  match          body#[20, 21]  cutensornetContraction2_f64_r4r5r4
  match          body#[22, 23]  cutensornetContraction2_f64_r5r5r4
  match          body#[24, 25]  cutensornetContraction2_f64_r5r5r4
  match          body#[26, 27]  cutensornetContraction2_f64_r4r5r4
  match          body#[28, 29]  cutensornetContraction2_f64_r4r5r4
  match          body#[30, 31]  cutensornetContraction2_f64_r4r5r4
  match          body#[32, 33]  cutensornetContraction2_f64_r4r5r4
  no_match       body#34  ?
  no_match       body#35  ?
  match          body#[36, 37]  cutensornetContraction2_f64_r4r5r4
  match          body#[38, 39]  cutensornetContraction2_f64_r4r5r4
  no_match       body#40  ?
  no_match       body#41  ?
  match          body#[42, 43]  cutensornetContraction2_f64_r4r5r4
  match          body#[44, 45]  cutensornetContraction2_f64_r4r5r4
  no_match       body#46  ?
  no_match       body#47  ?
  match          body#[48, 49]  cutensornetContraction2_f64_r4r5r4
  match          body#[50, 51]  cutensornetContraction2_f64_r4r5r4
  no_match       body#52  ?
  no_match       body#53  ?
  match          body#[54, 55]  cutensornetContraction2_f64_r4r5r4
  match          body#[56, 57]  cutensornetContraction2_f64_r4r5r4
  no_match       body#58  ?
  no_match       body#59  ?
  match          body#[60, 61]  cutensornetContraction2_f64_r4r5r4
  match          body#[62, 63]  cutensornetContraction2_f64_r4r5r4
  no_match       body#64  ?
  no_match       body#65  ?
  match          body#[66, 67]  cutensornetContraction2_f64_r4r5r4
  match          body#[68, 69]  cutensornetContraction2_f64_r4r5r4
  no_match       body#70  ?
  no_match       body#71  ?
  no_match       body#72  ?
  total: 29 matched / 44 bodies
",0,[],0,0,0,0,/home/arjaiswal/Polygeist/issues/mfem_c_kernels/application_extractions/results/mfem_app_ex35p_hcurl_3d_partial.debufferized.mlir,45863,8,73,58,8628.039665520191,15,73568,3524.993021041155,258,258,0,232,"[{""body_indices"": [0, 1], ""symbol"": ""cutensornetContraction2_f64_r5r5r4""}, {""body_indices"": [2, 3], ""symbol"": ""cutensornetContraction2_f64_r4r5r4""}, {""body_indices"": [4, 5], ""symbol"": ""cutensornetContraction2_f64_r4r5r4""}, {""body_indices"": [6, 7], ""symbol"": ""cutensornetContraction2_f64_r4r5r4""}, {""body_indices"": [8, 9], ""symbol"": ""cutensornetContraction2_f64_r4r5r4""}, {""body_indices"": [10, 11], ""symbol"": ""cutensornetContraction2_f64_r5r5r4""}, {""body_indices"": [12, 13], ""symbol"": ""cutensornetContraction2_f64_r5r5r4""}, {""body_indices"": [14, 15], ""symbol"": ""cutensornetContraction2_f64_r4r5r4""}, {""body_indices"": [16, 17], ""symbol"": ""cutensornetContraction2_f64_r4r5r4""}, {""body_indices"": [18, 19], ""symbol"": ""cutensornetContraction2_f64_r4r5r4""}, {""body_indices"": [20, 21], ""symbol"": ""cutensornetContraction2_f64_r4r5r4""}, {""body_indices"": [22, 23], ""symbol"": ""cutensornetContraction2_f64_r5r5r4""}, {""body_indices"": [24, 25], ""symbol"": ""cutensornetContraction2_f64_r5r5r4""}, {""body_indices"": [26, 27], ""symbol"": ""cutensornetContraction2_f64_r4r5r4""}, {""body_indices"": [28, 29], ""symbol"": ""cutensornetContraction2_f64_r4r5r4""}, {""body_indices"": [30, 31], ""symbol"": ""cutensornetContraction2_f64_r4r5r4""}, {""body_indices"": [32, 33], ""symbol"": ""cutensornetContraction2_f64_r4r5r4""}, {""body_indices"": [36, 37], ""symbol"": ""cutensornetContraction2_f64_r4r5r4""}, {""body_indices"": [38, 39], ""symbol"": ""cutensornetContraction2_f64_r4r5r4""}, {""body_indices"": [42, 43], ""symbol"": ""cutensornetContraction2_f64_r4r5r4""}, {""body_indices"": [44, 45], ""symbol"": ""cutensornetContraction2_f64_r4r5r4""}, {""body_indices"": [48, 49], ""symbol"": ""cutensornetContraction2_f64_r4r5r4""}, {""body_indices"": [50, 51], ""symbol"": ""cutensornetContraction2_f64_r4r5r4""}, {""body_indices"": [54, 55], ""symbol"": ""cutensornetContraction2_f64_r4r5r4""}, {""body_indices"": [56, 57], ""symbol"": ""cutensornetContraction2_f64_r4r5r4""}, {""body_indices"": [60, 61], ""symbol"": ""cutensornetContraction2_f64_r4r5r4""}, {""body_indices"": [62, 63], ""symbol"": ""cutensornetContraction2_f64_r4r5r4""}, {""body_indices"": [66, 67], ""symbol"": ""cutensornetContraction2_f64_r4r5r4""}, {""body_indices"": [68, 69], ""symbol"": ""cutensornetContraction2_f64_r4r5r4""}]",29,0,0,0.0,258
mfem_application,mfem_app_ex35p_hcurl_3d_partial,/home/arjaiswal/Polygeist/issues/mfem_c_kernels/application_extractions/results/mfem_app_ex35p_hcurl_3d_partial.debufferized.mlir,b1a46f7250a5e585df42cf7bab68905a82a1921f7e8fccbd18e02f6ae6a4197b,syntactic,4,ok,0,6812.262650579214,0,"[""/usr/bin/python3"", ""/home/arjaiswal/Polygeist/scripts/correctness/kernel_match_rewrite.py"", ""/home/arjaiswal/Polygeist/issues/mfem_c_kernels/application_extractions/results/mfem_app_ex35p_hcurl_3d_partial.debufferized.mlir"", ""--dry-run"", ""--matcher-mode"", ""syntactic"", ""--telemetry-json"", ""/home/arjaiswal/Polygeist/issues/equality_saturation_eval/campaign_20260908/mfem_application-mfem_app_ex35p_hcurl_3d_partial-syntactic-w878_ude.json"", ""--disable-semantic-fallback""]","r5r5r4
  match          body#[12, 13]  cutensornetContraction2_f64_r5r5r4
  match          body#[14, 15]  cutensornetContraction2_f64_r4r5r4
  match          body#[16, 17]  cutensornetContraction2_f64_r4r5r4
  match          body#[18, 19]  cutensornetContraction2_f64_r4r5r4
  match          body#[20, 21]  cutensornetContraction2_f64_r4r5r4
  match          body#[22, 23]  cutensornetContraction2_f64_r5r5r4
  match          body#[24, 25]  cutensornetContraction2_f64_r5r5r4
  match          body#[26, 27]  cutensornetContraction2_f64_r4r5r4
  match          body#[28, 29]  cutensornetContraction2_f64_r4r5r4
  match          body#[30, 31]  cutensornetContraction2_f64_r4r5r4
  match          body#[32, 33]  cutensornetContraction2_f64_r4r5r4
  no_match       body#34  ?
  no_match       body#35  ?
  match          body#[36, 37]  cutensornetContraction2_f64_r4r5r4
  match          body#[38, 39]  cutensornetContraction2_f64_r4r5r4
  no_match       body#40  ?
  no_match       body#41  ?
  match          body#[42, 43]  cutensornetContraction2_f64_r4r5r4
  match          body#[44, 45]  cutensornetContraction2_f64_r4r5r4
  no_match       body#46  ?
  no_match       body#47  ?
  match          body#[48, 49]  cutensornetContraction2_f64_r4r5r4
  match          body#[50, 51]  cutensornetContraction2_f64_r4r5r4
  no_match       body#52  ?
  no_match       body#53  ?
  match          body#[54, 55]  cutensornetContraction2_f64_r4r5r4
  match          body#[56, 57]  cutensornetContraction2_f64_r4r5r4
  no_match       body#58  ?
  no_match       body#59  ?
  match          body#[60, 61]  cutensornetContraction2_f64_r4r5r4
  match          body#[62, 63]  cutensornetContraction2_f64_r4r5r4
  no_match       body#64  ?
  no_match       body#65  ?
  match          body#[66, 67]  cutensornetContraction2_f64_r4r5r4
  match          body#[68, 69]  cutensornetContraction2_f64_r4r5r4
  no_match       body#70  ?
  no_match       body#71  ?
  no_match       body#72  ?
  total: 29 matched / 44 bodies
",0,[],0,0,0,0,/home/arjaiswal/Polygeist/issues/mfem_c_kernels/application_extractions/results/mfem_app_ex35p_hcurl_3d_partial.debufferized.mlir,45863,0,73,58,4469.602130353451,15,69380,1.3018213212490082,0,258,0,0,"[{""body_indices"": [0, 1], ""symbol"": ""cutensornetContraction2_f64_r5r5r4""}, {""body_indices"": [2, 3], ""symbol"": ""cutensornetContraction2_f64_r4r5r4""}, {""body_indices"": [4, 5], ""symbol"": ""cutensornetContraction2_f64_r4r5r4""}, {""body_indices"": [6, 7], ""symbol"": ""cutensornetContraction2_f64_r4r5r4""}, {""body_indices"": [8, 9], ""symbol"": ""cutensornetContraction2_f64_r4r5r4""}, {""body_indices"": [10, 11], ""symbol"": ""cutensornetContraction2_f64_r5r5r4""}, {""body_indices"": [12, 13], ""symbol"": ""cutensornetContraction2_f64_r5r5r4""}, {""body_indices"": [14, 15], ""symbol"": ""cutensornetContraction2_f64_r4r5r4""}, {""body_indices"": [16, 17], ""symbol"": ""cutensornetContraction2_f64_r4r5r4""}, {""body_indices"": [18, 19], ""symbol"": ""cutensornetContraction2_f64_r4r5r4""}, {""body_indices"": [20, 21], ""symbol"": ""cutensornetContraction2_f64_r4r5r4""}, {""body_indices"": [22, 23], ""symbol"": ""cutensornetContraction2_f64_r5r5r4""}, {""body_indices"": [24, 25], ""symbol"": ""cutensornetContraction2_f64_r5r5r4""}, {""body_indices"": [26, 27], ""symbol"": ""cutensornetContraction2_f64_r4r5r4""}, {""body_indices"": [28, 29], ""symbol"": ""cutensornetContraction2_f64_r4r5r4""}, {""body_indices"": [30, 31], ""symbol"": ""cutensornetContraction2_f64_r4r5r4""}, {""body_indices"": [32, 33], ""symbol"": ""cutensornetContraction2_f64_r4r5r4""}, {""body_indices"": [36, 37], ""symbol"": ""cutensornetContraction2_f64_r4r5r4""}, {""body_indices"": [38, 39], ""symbol"": ""cutensornetContraction2_f64_r4r5r4""}, {""body_indices"": [42, 43], ""symbol"": ""cutensornetContraction2_f64_r4r5r4""}, {""body_indices"": [44, 45], ""symbol"": ""cutensornetContraction2_f64_r4r5r4""}, {""body_indices"": [48, 49], ""symbol"": ""cutensornetContraction2_f64_r4r5r4""}, {""body_indices"": [50, 51], ""symbol"": ""cutensornetContraction2_f64_r4r5r4""}, {""body_indices"": [54, 55], ""symbol"": ""cutensornetContraction2_f64_r4r5r4""}, {""body_indices"": [56, 57], ""symbol"": ""cutensornetContraction2_f64_r4r5r4""}, {""body_indices"": [60, 61], ""symbol"": ""cutensornetContraction2_f64_r4r5r4""}, {""body_indices"": [62, 63], ""symbol"": ""cutensornetContraction2_f64_r4r5r4""}, {""body_indices"": [66, 67], ""symbol"": ""cutensornetContraction2_f64_r4r5r4""}, {""body_indices"": [68, 69], ""symbol"": ""cutensornetContraction2_f64_r4r5r4""}]",29,0,258,0.0,258
mfem_application,mfem_app_ex35p_hcurl_3d_partial,/home/arjaiswal/Polygeist/issues/mfem_c_kernels/application_extractions/results/mfem_app_ex35p_hcurl_3d_partial.debufferized.mlir,b1a46f7250a5e585df42cf7bab68905a82a1921f7e8fccbd18e02f6ae6a4197b,syntactic,5,ok,0,8228.562619537115,0,"[""/usr/bin/python3"", ""/home/arjaiswal/Polygeist/scripts/correctness/kernel_match_rewrite.py"", ""/home/arjaiswal/Polygeist/issues/mfem_c_kernels/application_extractions/results/mfem_app_ex35p_hcurl_3d_partial.debufferized.mlir"", ""--dry-run"", ""--matcher-mode"", ""syntactic"", ""--telemetry-json"", ""/home/arjaiswal/Polygeist/issues/equality_saturation_eval/campaign_20260908/mfem_application-mfem_app_ex35p_hcurl_3d_partial-syntactic-k3h7ft8t.json"", ""--disable-semantic-fallback""]","r5r5r4
  match          body#[12, 13]  cutensornetContraction2_f64_r5r5r4
  match          body#[14, 15]  cutensornetContraction2_f64_r4r5r4
  match          body#[16, 17]  cutensornetContraction2_f64_r4r5r4
  match          body#[18, 19]  cutensornetContraction2_f64_r4r5r4
  match          body#[20, 21]  cutensornetContraction2_f64_r4r5r4
  match          body#[22, 23]  cutensornetContraction2_f64_r5r5r4
  match          body#[24, 25]  cutensornetContraction2_f64_r5r5r4
  match          body#[26, 27]  cutensornetContraction2_f64_r4r5r4
  match          body#[28, 29]  cutensornetContraction2_f64_r4r5r4
  match          body#[30, 31]  cutensornetContraction2_f64_r4r5r4
  match          body#[32, 33]  cutensornetContraction2_f64_r4r5r4
  no_match       body#34  ?
  no_match       body#35  ?
  match          body#[36, 37]  cutensornetContraction2_f64_r4r5r4
  match          body#[38, 39]  cutensornetContraction2_f64_r4r5r4
  no_match       body#40  ?
  no_match       body#41  ?
  match          body#[42, 43]  cutensornetContraction2_f64_r4r5r4
  match          body#[44, 45]  cutensornetContraction2_f64_r4r5r4
  no_match       body#46  ?
  no_match       body#47  ?
  match          body#[48, 49]  cutensornetContraction2_f64_r4r5r4
  match          body#[50, 51]  cutensornetContraction2_f64_r4r5r4
  no_match       body#52  ?
  no_match       body#53  ?
  match          body#[54, 55]  cutensornetContraction2_f64_r4r5r4
  match          body#[56, 57]  cutensornetContraction2_f64_r4r5r4
  no_match       body#58  ?
  no_match       body#59  ?
  match          body#[60, 61]  cutensornetContraction2_f64_r4r5r4
  match          body#[62, 63]  cutensornetContraction2_f64_r4r5r4
  no_match       body#64  ?
  no_match       body#65  ?
  match          body#[66, 67]  cutensornetContraction2_f64_r4r5r4
  match          body#[68, 69]  cutensornetContraction2_f64_r4r5r4
  no_match       body#70  ?
  no_match       body#71  ?
  no_match       body#72  ?
  total: 29 matched / 44 bodies
",0,[],0,0,0,0,/home/arjaiswal/Polygeist/issues/mfem_c_kernels/application_extractions/results/mfem_app_ex35p_hcurl_3d_partial.debufferized.mlir,45863,0,73,58,5242.062300443649,15,69112,1.543331891298294,0,258,0,0,"[{""body_indices"": [0, 1], ""symbol"": ""cutensornetContraction2_f64_r5r5r4""}, {""body_indices"": [2, 3], ""symbol"": ""cutensornetContraction2_f64_r4r5r4""}, {""body_indices"": [4, 5], ""symbol"": ""cutensornetContraction2_f64_r4r5r4""}, {""body_indices"": [6, 7], ""symbol"": ""cutensornetContraction2_f64_r4r5r4""}, {""body_indices"": [8, 9], ""symbol"": ""cutensornetContraction2_f64_r4r5r4""}, {""body_indices"": [10, 11], ""symbol"": ""cutensornetContraction2_f64_r5r5r4""}, {""body_indices"": [12, 13], ""symbol"": ""cutensornetContraction2_f64_r5r5r4""}, {""body_indices"": [14, 15], ""symbol"": ""cutensornetContraction2_f64_r4r5r4""}, {""body_indices"": [16, 17], ""symbol"": ""cutensornetContraction2_f64_r4r5r4""}, {""body_indices"": [18, 19], ""symbol"": ""cutensornetContraction2_f64_r4r5r4""}, {""body_indices"": [20, 21], ""symbol"": ""cutensornetContraction2_f64_r4r5r4""}, {""body_indices"": [22, 23], ""symbol"": ""cutensornetContraction2_f64_r5r5r4""}, {""body_indices"": [24, 25], ""symbol"": ""cutensornetContraction2_f64_r5r5r4""}, {""body_indices"": [26, 27], ""symbol"": ""cutensornetContraction2_f64_r4r5r4""}, {""body_indices"": [28, 29], ""symbol"": ""cutensornetContraction2_f64_r4r5r4""}, {""body_indices"": [30, 31], ""symbol"": ""cutensornetContraction2_f64_r4r5r4""}, {""body_indices"": [32, 33], ""symbol"": ""cutensornetContraction2_f64_r4r5r4""}, {""body_indices"": [36, 37], ""symbol"": ""cutensornetContraction2_f64_r4r5r4""}, {""body_indices"": [38, 39], ""symbol"": ""cutensornetContraction2_f64_r4r5r4""}, {""body_indices"": [42, 43], ""symbol"": ""cutensornetContraction2_f64_r4r5r4""}, {""body_indices"": [44, 45], ""symbol"": ""cutensornetContraction2_f64_r4r5r4""}, {""body_indices"": [48, 49], ""symbol"": ""cutensornetContraction2_f64_r4r5r4""}, {""body_indices"": [50, 51], ""symbol"": ""cutensornetContraction2_f64_r4r5r4""}, {""body_indices"": [54, 55], ""symbol"": ""cutensornetContraction2_f64_r4r5r4""}, {""body_indices"": [56, 57], ""symbol"": ""cutensornetContraction2_f64_r4r5r4""}, {""body_indices"": [60, 61], ""symbol"": ""cutensornetContraction2_f64_r4r5r4""}, {""body_indices"": [62, 63], ""symbol"": ""cutensornetContraction2_f64_r4r5r4""}, {""body_indices"": [66, 67], ""symbol"": ""cutensornetContraction2_f64_r4r5r4""}, {""body_indices"": [68, 69], ""symbol"": ""cutensornetContraction2_f64_r4r5r4""}]",29,0,258,0.0,258
mfem_application,mfem_app_ex35p_hcurl_3d_partial,/home/arjaiswal/Polygeist/issues/mfem_c_kernels/application_extractions/results/mfem_app_ex35p_hcurl_3d_partial.debufferized.mlir,b1a46f7250a5e585df42cf7bab68905a82a1921f7e8fccbd18e02f6ae6a4197b,egglog,5,ok,0,16180.875580757856,0,"[""/usr/bin/python3"", ""/home/arjaiswal/Polygeist/scripts/correctness/kernel_match_rewrite.py"", ""/home/arjaiswal/Polygeist/issues/mfem_c_kernels/application_extractions/results/mfem_app_ex35p_hcurl_3d_partial.debufferized.mlir"", ""--dry-run"", ""--matcher-mode"", ""egglog"", ""--telemetry-json"", ""/home/arjaiswal/Polygeist/issues/equality_saturation_eval/campaign_20260908/mfem_application-mfem_app_ex35p_hcurl_3d_partial-egglog-jxlngrxx.json"", ""--disable-semantic-fallback""]","r5r5r4
  match          body#[12, 13]  cutensornetContraction2_f64_r5r5r4
  match          body#[14, 15]  cutensornetContraction2_f64_r4r5r4
  match          body#[16, 17]  cutensornetContraction2_f64_r4r5r4
  match          body#[18, 19]  cutensornetContraction2_f64_r4r5r4
  match          body#[20, 21]  cutensornetContraction2_f64_r4r5r4
  match          body#[22, 23]  cutensornetContraction2_f64_r5r5r4
  match          body#[24, 25]  cutensornetContraction2_f64_r5r5r4
  match          body#[26, 27]  cutensornetContraction2_f64_r4r5r4
  match          body#[28, 29]  cutensornetContraction2_f64_r4r5r4
  match          body#[30, 31]  cutensornetContraction2_f64_r4r5r4
  match          body#[32, 33]  cutensornetContraction2_f64_r4r5r4
  no_match       body#34  ?
  no_match       body#35  ?
  match          body#[36, 37]  cutensornetContraction2_f64_r4r5r4
  match          body#[38, 39]  cutensornetContraction2_f64_r4r5r4
  no_match       body#40  ?
  no_match       body#41  ?
  match          body#[42, 43]  cutensornetContraction2_f64_r4r5r4
  match          body#[44, 45]  cutensornetContraction2_f64_r4r5r4
  no_match       body#46  ?
  no_match       body#47  ?
  match          body#[48, 49]  cutensornetContraction2_f64_r4r5r4
  match          body#[50, 51]  cutensornetContraction2_f64_r4r5r4
  no_match       body#52  ?
  no_match       body#53  ?
  match          body#[54, 55]  cutensornetContraction2_f64_r4r5r4
  match          body#[56, 57]  cutensornetContraction2_f64_r4r5r4
  no_match       body#58  ?
  no_match       body#59  ?
  match          body#[60, 61]  cutensornetContraction2_f64_r4r5r4
  match          body#[62, 63]  cutensornetContraction2_f64_r4r5r4
  no_match       body#64  ?
  no_match       body#65  ?
  match          body#[66, 67]  cutensornetContraction2_f64_r4r5r4
  match          body#[68, 69]  cutensornetContraction2_f64_r4r5r4
  no_match       body#70  ?
  no_match       body#71  ?
  no_match       body#72  ?
  total: 29 matched / 44 bodies
",0,[],0,0,0,0,/home/arjaiswal/Polygeist/issues/mfem_c_kernels/application_extractions/results/mfem_app_ex35p_hcurl_3d_partial.debufferized.mlir,45863,8,73,58,12012.532092630863,15,73676,6591.852355748415,258,258,0,232,"[{""body_indices"": [0, 1], ""symbol"": ""cutensornetContraction2_f64_r5r5r4""}, {""body_indices"": [2, 3], ""symbol"": ""cutensornetContraction2_f64_r4r5r4""}, {""body_indices"": [4, 5], ""symbol"": ""cutensornetContraction2_f64_r4r5r4""}, {""body_indices"": [6, 7], ""symbol"": ""cutensornetContraction2_f64_r4r5r4""}, {""body_indices"": [8, 9], ""symbol"": ""cutensornetContraction2_f64_r4r5r4""}, {""body_indices"": [10, 11], ""symbol"": ""cutensornetContraction2_f64_r5r5r4""}, {""body_indices"": [12, 13], ""symbol"": ""cutensornetContraction2_f64_r5r5r4""}, {""body_indices"": [14, 15], ""symbol"": ""cutensornetContraction2_f64_r4r5r4""}, {""body_indices"": [16, 17], ""symbol"": ""cutensornetContraction2_f64_r4r5r4""}, {""body_indices"": [18, 19], ""symbol"": ""cutensornetContraction2_f64_r4r5r4""}, {""body_indices"": [20, 21], ""symbol"": ""cutensornetContraction2_f64_r4r5r4""}, {""body_indices"": [22, 23], ""symbol"": ""cutensornetContraction2_f64_r5r5r4""}, {""body_indices"": [24, 25], ""symbol"": ""cutensornetContraction2_f64_r5r5r4""}, {""body_indices"": [26, 27], ""symbol"": ""cutensornetContraction2_f64_r4r5r4""}, {""body_indices"": [28, 29], ""symbol"": ""cutensornetContraction2_f64_r4r5r4""}, {""body_indices"": [30, 31], ""symbol"": ""cutensornetContraction2_f64_r4r5r4""}, {""body_indices"": [32, 33], ""symbol"": ""cutensornetContraction2_f64_r4r5r4""}, {""body_indices"": [36, 37], ""symbol"": ""cutensornetContraction2_f64_r4r5r4""}, {""body_indices"": [38, 39], ""symbol"": ""cutensornetContraction2_f64_r4r5r4""}, {""body_indices"": [42, 43], ""symbol"": ""cutensornetContraction2_f64_r4r5r4""}, {""body_indices"": [44, 45], ""symbol"": ""cutensornetContraction2_f64_r4r5r4""}, {""body_indices"": [48, 49], ""symbol"": ""cutensornetContraction2_f64_r4r5r4""}, {""body_indices"": [50, 51], ""symbol"": ""cutensornetContraction2_f64_r4r5r4""}, {""body_indices"": [54, 55], ""symbol"": ""cutensornetContraction2_f64_r4r5r4""}, {""body_indices"": [56, 57], ""symbol"": ""cutensornetContraction2_f64_r4r5r4""}, {""body_indices"": [60, 61], ""symbol"": ""cutensornetContraction2_f64_r4r5r4""}, {""body_indices"": [62, 63], ""symbol"": ""cutensornetContraction2_f64_r4r5r4""}, {""body_indices"": [66, 67], ""symbol"": ""cutensornetContraction2_f64_r4r5r4""}, {""body_indices"": [68, 69], ""symbol"": ""cutensornetContraction2_f64_r4r5r4""}]",29,0,0,0.0,258
mfem_application,mfem_app_ex35p_hdiv_3d,/home/arjaiswal/Polygeist/issues/mfem_c_kernels/application_extractions/results/mfem_app_ex35p_hdiv_3d.debufferized.mlir,be8b673b90dd548dd55010da808200032fbad83894a37e4841b674d66d0caa8f,egglog,1,ok,0,8839.887950569391,0,"[""/usr/bin/python3"", ""/home/arjaiswal/Polygeist/scripts/correctness/kernel_match_rewrite.py"", ""/home/arjaiswal/Polygeist/issues/mfem_c_kernels/application_extractions/results/mfem_app_ex35p_hdiv_3d.debufferized.mlir"", ""--dry-run"", ""--matcher-mode"", ""egglog"", ""--telemetry-json"", ""/home/arjaiswal/Polygeist/issues/equality_saturation_eval/campaign_20260908/mfem_application-mfem_app_ex35p_hdiv_3d-egglog-hu749p17.json"", ""--disable-semantic-fallback""]","== match report for /home/arjaiswal/Polygeist/issues/mfem_c_kernels/application_extractions/results/mfem_app_ex35p_hdiv_3d.debufferized.mlir ==
  match          body#[0, 1]  cutensornetContraction2_f64
  match          body#[2, 3]  cutensornetContraction2_f64
  match          body#[4, 5]  cutensornetContraction2_f64
  match          body#[6, 7]  cutensornetContraction2_f64
  match          body#[8, 9]  cutensornetContraction2_f64
  match          body#[10, 11]  cutensornetContraction2_f64
  match          body#[12, 13]  cutensornetContraction2_f64
  match          body#[14, 15]  cutensornetContraction2_f64
  match          body#[16, 17]  cutensornetContraction2_f64
  no_match       body#18  ?
  no_match       body#19  ?
  no_match       body#20  ?
  no_match       body#21  ?
  no_match       body#22  ?
  no_match       body#23  ?
  match          body#[24, 25]  cutensornetContraction2_f64
  match          body#[26, 27]  cutensornetContraction2_f64
  match          body#[28, 29]  cutensornetContraction2_f64
  no_match       body#30  ?
  no_match       body#31  ?
  no_match       body#32  ?
  no_match       body#33  ?
  no_match       body#34  ?
  no_match       body#35  ?
  no_match       body#36  ?
  no_match       body#37  ?
  no_match       body#38  ?
  no_match       body#39  ?
  no_match       body#40  ?
  no_match       body#41  ?
  no_match       body#42  ?
  total: 12 matched / 31 bodies
",0,[],0,0,0,0,/home/arjaiswal/Polygeist/issues/mfem_c_kernels/application_extractions/results/mfem_app_ex35p_hdiv_3d.debufferized.mlir,53628,8,43,24,6625.812318176031,19,72108,3657.8244604170322,156,156,0,96,"[{""body_indices"": [0, 1], ""symbol"": ""cutensornetContraction2_f64""}, {""body_indices"": [2, 3], ""symbol"": ""cutensornetContraction2_f64""}, {""body_indices"": [4, 5], ""symbol"": ""cutensornetContraction2_f64""}, {""body_indices"": [6, 7], ""symbol"": ""cutensornetContraction2_f64""}, {""body_indices"": [8, 9], ""symbol"": ""cutensornetContraction2_f64""}, {""body_indices"": [10, 11], ""symbol"": ""cutensornetContraction2_f64""}, {""body_indices"": [12, 13], ""symbol"": ""cutensornetContraction2_f64""}, {""body_indices"": [14, 15], ""symbol"": ""cutensornetContraction2_f64""}, {""body_indices"": [16, 17], ""symbol"": ""cutensornetContraction2_f64""}, {""body_indices"": [24, 25], ""symbol"": ""cutensornetContraction2_f64""}, {""body_indices"": [26, 27], ""symbol"": ""cutensornetContraction2_f64""}, {""body_indices"": [28, 29], ""symbol"": ""cutensornetContraction2_f64""}]",12,0,0,0.0,156
mfem_application,mfem_app_ex35p_hdiv_3d,/home/arjaiswal/Polygeist/issues/mfem_c_kernels/application_extractions/results/mfem_app_ex35p_hdiv_3d.debufferized.mlir,be8b673b90dd548dd55010da808200032fbad83894a37e4841b674d66d0caa8f,syntactic,1,ok,0,6283.826295286417,0,"[""/usr/bin/python3"", ""/home/arjaiswal/Polygeist/scripts/correctness/kernel_match_rewrite.py"", ""/home/arjaiswal/Polygeist/issues/mfem_c_kernels/application_extractions/results/mfem_app_ex35p_hdiv_3d.debufferized.mlir"", ""--dry-run"", ""--matcher-mode"", ""syntactic"", ""--telemetry-json"", ""/home/arjaiswal/Polygeist/issues/equality_saturation_eval/campaign_20260908/mfem_application-mfem_app_ex35p_hdiv_3d-syntactic-db_bpq70.json"", ""--disable-semantic-fallback""]","== match report for /home/arjaiswal/Polygeist/issues/mfem_c_kernels/application_extractions/results/mfem_app_ex35p_hdiv_3d.debufferized.mlir ==
  match          body#[0, 1]  cutensornetContraction2_f64
  match          body#[2, 3]  cutensornetContraction2_f64
  match          body#[4, 5]  cutensornetContraction2_f64
  match          body#[6, 7]  cutensornetContraction2_f64
  match          body#[8, 9]  cutensornetContraction2_f64
  match          body#[10, 11]  cutensornetContraction2_f64
  match          body#[12, 13]  cutensornetContraction2_f64
  match          body#[14, 15]  cutensornetContraction2_f64
  match          body#[16, 17]  cutensornetContraction2_f64
  no_match       body#18  ?
  no_match       body#19  ?
  no_match       body#20  ?
  no_match       body#21  ?
  no_match       body#22  ?
  no_match       body#23  ?
  match          body#[24, 25]  cutensornetContraction2_f64
  match          body#[26, 27]  cutensornetContraction2_f64
  match          body#[28, 29]  cutensornetContraction2_f64
  no_match       body#30  ?
  no_match       body#31  ?
  no_match       body#32  ?
  no_match       body#33  ?
  no_match       body#34  ?
  no_match       body#35  ?
  no_match       body#36  ?
  no_match       body#37  ?
  no_match       body#38  ?
  no_match       body#39  ?
  no_match       body#40  ?
  no_match       body#41  ?
  no_match       body#42  ?
  total: 12 matched / 31 bodies
",0,[],0,0,0,0,/home/arjaiswal/Polygeist/issues/mfem_c_kernels/application_extractions/results/mfem_app_ex35p_hdiv_3d.debufferized.mlir,53628,0,43,24,3932.0471100509167,19,67776,0.8752644062042236,0,156,0,0,"[{""body_indices"": [0, 1], ""symbol"": ""cutensornetContraction2_f64""}, {""body_indices"": [2, 3], ""symbol"": ""cutensornetContraction2_f64""}, {""body_indices"": [4, 5], ""symbol"": ""cutensornetContraction2_f64""}, {""body_indices"": [6, 7], ""symbol"": ""cutensornetContraction2_f64""}, {""body_indices"": [8, 9], ""symbol"": ""cutensornetContraction2_f64""}, {""body_indices"": [10, 11], ""symbol"": ""cutensornetContraction2_f64""}, {""body_indices"": [12, 13], ""symbol"": ""cutensornetContraction2_f64""}, {""body_indices"": [14, 15], ""symbol"": ""cutensornetContraction2_f64""}, {""body_indices"": [16, 17], ""symbol"": ""cutensornetContraction2_f64""}, {""body_indices"": [24, 25], ""symbol"": ""cutensornetContraction2_f64""}, {""body_indices"": [26, 27], ""symbol"": ""cutensornetContraction2_f64""}, {""body_indices"": [28, 29], ""symbol"": ""cutensornetContraction2_f64""}]",12,0,156,0.0,156
mfem_application,mfem_app_ex35p_hdiv_3d,/home/arjaiswal/Polygeist/issues/mfem_c_kernels/application_extractions/results/mfem_app_ex35p_hdiv_3d.debufferized.mlir,be8b673b90dd548dd55010da808200032fbad83894a37e4841b674d66d0caa8f,syntactic,2,ok,0,3231.486566364765,0,"[""/usr/bin/python3"", ""/home/arjaiswal/Polygeist/scripts/correctness/kernel_match_rewrite.py"", ""/home/arjaiswal/Polygeist/issues/mfem_c_kernels/application_extractions/results/mfem_app_ex35p_hdiv_3d.debufferized.mlir"", ""--dry-run"", ""--matcher-mode"", ""syntactic"", ""--telemetry-json"", ""/home/arjaiswal/Polygeist/issues/equality_saturation_eval/campaign_20260908/mfem_application-mfem_app_ex35p_hdiv_3d-syntactic-_fw4cvrq.json"", ""--disable-semantic-fallback""]","== match report for /home/arjaiswal/Polygeist/issues/mfem_c_kernels/application_extractions/results/mfem_app_ex35p_hdiv_3d.debufferized.mlir ==
  match          body#[0, 1]  cutensornetContraction2_f64
  match          body#[2, 3]  cutensornetContraction2_f64
  match          body#[4, 5]  cutensornetContraction2_f64
  match          body#[6, 7]  cutensornetContraction2_f64
  match          body#[8, 9]  cutensornetContraction2_f64
  match          body#[10, 11]  cutensornetContraction2_f64
  match          body#[12, 13]  cutensornetContraction2_f64
  match          body#[14, 15]  cutensornetContraction2_f64
  match          body#[16, 17]  cutensornetContraction2_f64
  no_match       body#18  ?
  no_match       body#19  ?
  no_match       body#20  ?
  no_match       body#21  ?
  no_match       body#22  ?
  no_match       body#23  ?
  match          body#[24, 25]  cutensornetContraction2_f64
  match          body#[26, 27]  cutensornetContraction2_f64
  match          body#[28, 29]  cutensornetContraction2_f64
  no_match       body#30  ?
  no_match       body#31  ?
  no_match       body#32  ?
  no_match       body#33  ?
  no_match       body#34  ?
  no_match       body#35  ?
  no_match       body#36  ?
  no_match       body#37  ?
  no_match       body#38  ?
  no_match       body#39  ?
  no_match       body#40  ?
  no_match       body#41  ?
  no_match       body#42  ?
  total: 12 matched / 31 bodies
",0,[],0,0,0,0,/home/arjaiswal/Polygeist/issues/mfem_c_kernels/application_extractions/results/mfem_app_ex35p_hdiv_3d.debufferized.mlir,53628,0,43,24,1919.2642346024513,19,67972,0.9181089699268341,0,156,0,0,"[{""body_indices"": [0, 1], ""symbol"": ""cutensornetContraction2_f64""}, {""body_indices"": [2, 3], ""symbol"": ""cutensornetContraction2_f64""}, {""body_indices"": [4, 5], ""symbol"": ""cutensornetContraction2_f64""}, {""body_indices"": [6, 7], ""symbol"": ""cutensornetContraction2_f64""}, {""body_indices"": [8, 9], ""symbol"": ""cutensornetContraction2_f64""}, {""body_indices"": [10, 11], ""symbol"": ""cutensornetContraction2_f64""}, {""body_indices"": [12, 13], ""symbol"": ""cutensornetContraction2_f64""}, {""body_indices"": [14, 15], ""symbol"": ""cutensornetContraction2_f64""}, {""body_indices"": [16, 17], ""symbol"": ""cutensornetContraction2_f64""}, {""body_indices"": [24, 25], ""symbol"": ""cutensornetContraction2_f64""}, {""body_indices"": [26, 27], ""symbol"": ""cutensornetContraction2_f64""}, {""body_indices"": [28, 29], ""symbol"": ""cutensornetContraction2_f64""}]",12,0,156,0.0,156
mfem_application,mfem_app_ex35p_hdiv_3d,/home/arjaiswal/Polygeist/issues/mfem_c_kernels/application_extractions/results/mfem_app_ex35p_hdiv_3d.debufferized.mlir,be8b673b90dd548dd55010da808200032fbad83894a37e4841b674d66d0caa8f,egglog,2,ok,0,7505.319360643625,0,"[""/usr/bin/python3"", ""/home/arjaiswal/Polygeist/scripts/correctness/kernel_match_rewrite.py"", ""/home/arjaiswal/Polygeist/issues/mfem_c_kernels/application_extractions/results/mfem_app_ex35p_hdiv_3d.debufferized.mlir"", ""--dry-run"", ""--matcher-mode"", ""egglog"", ""--telemetry-json"", ""/home/arjaiswal/Polygeist/issues/equality_saturation_eval/campaign_20260908/mfem_application-mfem_app_ex35p_hdiv_3d-egglog-u52j9sl2.json"", ""--disable-semantic-fallback""]","== match report for /home/arjaiswal/Polygeist/issues/mfem_c_kernels/application_extractions/results/mfem_app_ex35p_hdiv_3d.debufferized.mlir ==
  match          body#[0, 1]  cutensornetContraction2_f64
  match          body#[2, 3]  cutensornetContraction2_f64
  match          body#[4, 5]  cutensornetContraction2_f64
  match          body#[6, 7]  cutensornetContraction2_f64
  match          body#[8, 9]  cutensornetContraction2_f64
  match          body#[10, 11]  cutensornetContraction2_f64
  match          body#[12, 13]  cutensornetContraction2_f64
  match          body#[14, 15]  cutensornetContraction2_f64
  match          body#[16, 17]  cutensornetContraction2_f64
  no_match       body#18  ?
  no_match       body#19  ?
  no_match       body#20  ?
  no_match       body#21  ?
  no_match       body#22  ?
  no_match       body#23  ?
  match          body#[24, 25]  cutensornetContraction2_f64
  match          body#[26, 27]  cutensornetContraction2_f64
  match          body#[28, 29]  cutensornetContraction2_f64
  no_match       body#30  ?
  no_match       body#31  ?
  no_match       body#32  ?
  no_match       body#33  ?
  no_match       body#34  ?
  no_match       body#35  ?
  no_match       body#36  ?
  no_match       body#37  ?
  no_match       body#38  ?
  no_match       body#39  ?
  no_match       body#40  ?
  no_match       body#41  ?
  no_match       body#42  ?
  total: 12 matched / 31 bodies
",0,[],0,0,0,0,/home/arjaiswal/Polygeist/issues/mfem_c_kernels/application_extractions/results/mfem_app_ex35p_hdiv_3d.debufferized.mlir,53628,8,43,24,5527.01311558485,19,71944,2468.2639092206955,156,156,0,96,"[{""body_indices"": [0, 1], ""symbol"": ""cutensornetContraction2_f64""}, {""body_indices"": [2, 3], ""symbol"": ""cutensornetContraction2_f64""}, {""body_indices"": [4, 5], ""symbol"": ""cutensornetContraction2_f64""}, {""body_indices"": [6, 7], ""symbol"": ""cutensornetContraction2_f64""}, {""body_indices"": [8, 9], ""symbol"": ""cutensornetContraction2_f64""}, {""body_indices"": [10, 11], ""symbol"": ""cutensornetContraction2_f64""}, {""body_indices"": [12, 13], ""symbol"": ""cutensornetContraction2_f64""}, {""body_indices"": [14, 15], ""symbol"": ""cutensornetContraction2_f64""}, {""body_indices"": [16, 17], ""symbol"": ""cutensornetContraction2_f64""}, {""body_indices"": [24, 25], ""symbol"": ""cutensornetContraction2_f64""}, {""body_indices"": [26, 27], ""symbol"": ""cutensornetContraction2_f64""}, {""body_indices"": [28, 29], ""symbol"": ""cutensornetContraction2_f64""}]",12,0,0,0.0,156
mfem_application,mfem_app_ex35p_hdiv_3d,/home/arjaiswal/Polygeist/issues/mfem_c_kernels/application_extractions/results/mfem_app_ex35p_hdiv_3d.debufferized.mlir,be8b673b90dd548dd55010da808200032fbad83894a37e4841b674d66d0caa8f,egglog,3,ok,0,7107.9184375703335,0,"[""/usr/bin/python3"", ""/home/arjaiswal/Polygeist/scripts/correctness/kernel_match_rewrite.py"", ""/home/arjaiswal/Polygeist/issues/mfem_c_kernels/application_extractions/results/mfem_app_ex35p_hdiv_3d.debufferized.mlir"", ""--dry-run"", ""--matcher-mode"", ""egglog"", ""--telemetry-json"", ""/home/arjaiswal/Polygeist/issues/equality_saturation_eval/campaign_20260908/mfem_application-mfem_app_ex35p_hdiv_3d-egglog-6qntb18y.json"", ""--disable-semantic-fallback""]","== match report for /home/arjaiswal/Polygeist/issues/mfem_c_kernels/application_extractions/results/mfem_app_ex35p_hdiv_3d.debufferized.mlir ==
  match          body#[0, 1]  cutensornetContraction2_f64
  match          body#[2, 3]  cutensornetContraction2_f64
  match          body#[4, 5]  cutensornetContraction2_f64
  match          body#[6, 7]  cutensornetContraction2_f64
  match          body#[8, 9]  cutensornetContraction2_f64
  match          body#[10, 11]  cutensornetContraction2_f64
  match          body#[12, 13]  cutensornetContraction2_f64
  match          body#[14, 15]  cutensornetContraction2_f64
  match          body#[16, 17]  cutensornetContraction2_f64
  no_match       body#18  ?
  no_match       body#19  ?
  no_match       body#20  ?
  no_match       body#21  ?
  no_match       body#22  ?
  no_match       body#23  ?
  match          body#[24, 25]  cutensornetContraction2_f64
  match          body#[26, 27]  cutensornetContraction2_f64
  match          body#[28, 29]  cutensornetContraction2_f64
  no_match       body#30  ?
  no_match       body#31  ?
  no_match       body#32  ?
  no_match       body#33  ?
  no_match       body#34  ?
  no_match       body#35  ?
  no_match       body#36  ?
  no_match       body#37  ?
  no_match       body#38  ?
  no_match       body#39  ?
  no_match       body#40  ?
  no_match       body#41  ?
  no_match       body#42  ?
  total: 12 matched / 31 bodies
",0,[],0,0,0,0,/home/arjaiswal/Polygeist/issues/mfem_c_kernels/application_extractions/results/mfem_app_ex35p_hdiv_3d.debufferized.mlir,53628,8,43,24,5499.552924185991,19,72184,3122.434876859188,156,156,0,96,"[{""body_indices"": [0, 1], ""symbol"": ""cutensornetContraction2_f64""}, {""body_indices"": [2, 3], ""symbol"": ""cutensornetContraction2_f64""}, {""body_indices"": [4, 5], ""symbol"": ""cutensornetContraction2_f64""}, {""body_indices"": [6, 7], ""symbol"": ""cutensornetContraction2_f64""}, {""body_indices"": [8, 9], ""symbol"": ""cutensornetContraction2_f64""}, {""body_indices"": [10, 11], ""symbol"": ""cutensornetContraction2_f64""}, {""body_indices"": [12, 13], ""symbol"": ""cutensornetContraction2_f64""}, {""body_indices"": [14, 15], ""symbol"": ""cutensornetContraction2_f64""}, {""body_indices"": [16, 17], ""symbol"": ""cutensornetContraction2_f64""}, {""body_indices"": [24, 25], ""symbol"": ""cutensornetContraction2_f64""}, {""body_indices"": [26, 27], ""symbol"": ""cutensornetContraction2_f64""}, {""body_indices"": [28, 29], ""symbol"": ""cutensornetContraction2_f64""}]",12,0,0,0.0,156
mfem_application,mfem_app_ex35p_hdiv_3d,/home/arjaiswal/Polygeist/issues/mfem_c_kernels/application_extractions/results/mfem_app_ex35p_hdiv_3d.debufferized.mlir,be8b673b90dd548dd55010da808200032fbad83894a37e4841b674d66d0caa8f,syntactic,3,ok,0,2686.0242560505867,0,"[""/usr/bin/python3"", ""/home/arjaiswal/Polygeist/scripts/correctness/kernel_match_rewrite.py"", ""/home/arjaiswal/Polygeist/issues/mfem_c_kernels/application_extractions/results/mfem_app_ex35p_hdiv_3d.debufferized.mlir"", ""--dry-run"", ""--matcher-mode"", ""syntactic"", ""--telemetry-json"", ""/home/arjaiswal/Polygeist/issues/equality_saturation_eval/campaign_20260908/mfem_application-mfem_app_ex35p_hdiv_3d-syntactic-s6fbn0cw.json"", ""--disable-semantic-fallback""]","== match report for /home/arjaiswal/Polygeist/issues/mfem_c_kernels/application_extractions/results/mfem_app_ex35p_hdiv_3d.debufferized.mlir ==
  match          body#[0, 1]  cutensornetContraction2_f64
  match          body#[2, 3]  cutensornetContraction2_f64
  match          body#[4, 5]  cutensornetContraction2_f64
  match          body#[6, 7]  cutensornetContraction2_f64
  match          body#[8, 9]  cutensornetContraction2_f64
  match          body#[10, 11]  cutensornetContraction2_f64
  match          body#[12, 13]  cutensornetContraction2_f64
  match          body#[14, 15]  cutensornetContraction2_f64
  match          body#[16, 17]  cutensornetContraction2_f64
  no_match       body#18  ?
  no_match       body#19  ?
  no_match       body#20  ?
  no_match       body#21  ?
  no_match       body#22  ?
  no_match       body#23  ?
  match          body#[24, 25]  cutensornetContraction2_f64
  match          body#[26, 27]  cutensornetContraction2_f64
  match          body#[28, 29]  cutensornetContraction2_f64
  no_match       body#30  ?
  no_match       body#31  ?
  no_match       body#32  ?
  no_match       body#33  ?
  no_match       body#34  ?
  no_match       body#35  ?
  no_match       body#36  ?
  no_match       body#37  ?
  no_match       body#38  ?
  no_match       body#39  ?
  no_match       body#40  ?
  no_match       body#41  ?
  no_match       body#42  ?
  total: 12 matched / 31 bodies
",0,[],0,0,0,0,/home/arjaiswal/Polygeist/issues/mfem_c_kernels/application_extractions/results/mfem_app_ex35p_hdiv_3d.debufferized.mlir,53628,0,43,24,1553.0940480530262,19,67752,0.7185116410255432,0,156,0,0,"[{""body_indices"": [0, 1], ""symbol"": ""cutensornetContraction2_f64""}, {""body_indices"": [2, 3], ""symbol"": ""cutensornetContraction2_f64""}, {""body_indices"": [4, 5], ""symbol"": ""cutensornetContraction2_f64""}, {""body_indices"": [6, 7], ""symbol"": ""cutensornetContraction2_f64""}, {""body_indices"": [8, 9], ""symbol"": ""cutensornetContraction2_f64""}, {""body_indices"": [10, 11], ""symbol"": ""cutensornetContraction2_f64""}, {""body_indices"": [12, 13], ""symbol"": ""cutensornetContraction2_f64""}, {""body_indices"": [14, 15], ""symbol"": ""cutensornetContraction2_f64""}, {""body_indices"": [16, 17], ""symbol"": ""cutensornetContraction2_f64""}, {""body_indices"": [24, 25], ""symbol"": ""cutensornetContraction2_f64""}, {""body_indices"": [26, 27], ""symbol"": ""cutensornetContraction2_f64""}, {""body_indices"": [28, 29], ""symbol"": ""cutensornetContraction2_f64""}]",12,0,156,0.0,156
mfem_application,mfem_app_ex35p_hdiv_3d,/home/arjaiswal/Polygeist/issues/mfem_c_kernels/application_extractions/results/mfem_app_ex35p_hdiv_3d.debufferized.mlir,be8b673b90dd548dd55010da808200032fbad83894a37e4841b674d66d0caa8f,syntactic,4,ok,0,4174.961399286985,0,"[""/usr/bin/python3"", ""/home/arjaiswal/Polygeist/scripts/correctness/kernel_match_rewrite.py"", ""/home/arjaiswal/Polygeist/issues/mfem_c_kernels/application_extractions/results/mfem_app_ex35p_hdiv_3d.debufferized.mlir"", ""--dry-run"", ""--matcher-mode"", ""syntactic"", ""--telemetry-json"", ""/home/arjaiswal/Polygeist/issues/equality_saturation_eval/campaign_20260908/mfem_application-mfem_app_ex35p_hdiv_3d-syntactic-2y31wswo.json"", ""--disable-semantic-fallback""]","== match report for /home/arjaiswal/Polygeist/issues/mfem_c_kernels/application_extractions/results/mfem_app_ex35p_hdiv_3d.debufferized.mlir ==
  match          body#[0, 1]  cutensornetContraction2_f64
  match          body#[2, 3]  cutensornetContraction2_f64
  match          body#[4, 5]  cutensornetContraction2_f64
  match          body#[6, 7]  cutensornetContraction2_f64
  match          body#[8, 9]  cutensornetContraction2_f64
  match          body#[10, 11]  cutensornetContraction2_f64
  match          body#[12, 13]  cutensornetContraction2_f64
  match          body#[14, 15]  cutensornetContraction2_f64
  match          body#[16, 17]  cutensornetContraction2_f64
  no_match       body#18  ?
  no_match       body#19  ?
  no_match       body#20  ?
  no_match       body#21  ?
  no_match       body#22  ?
  no_match       body#23  ?
  match          body#[24, 25]  cutensornetContraction2_f64
  match          body#[26, 27]  cutensornetContraction2_f64
  match          body#[28, 29]  cutensornetContraction2_f64
  no_match       body#30  ?
  no_match       body#31  ?
  no_match       body#32  ?
  no_match       body#33  ?
  no_match       body#34  ?
  no_match       body#35  ?
  no_match       body#36  ?
  no_match       body#37  ?
  no_match       body#38  ?
  no_match       body#39  ?
  no_match       body#40  ?
  no_match       body#41  ?
  no_match       body#42  ?
  total: 12 matched / 31 bodies
",0,[],0,0,0,0,/home/arjaiswal/Polygeist/issues/mfem_c_kernels/application_extractions/results/mfem_app_ex35p_hdiv_3d.debufferized.mlir,53628,0,43,24,2557.7621832489967,19,67824,0.792916864156723,0,156,0,0,"[{""body_indices"": [0, 1], ""symbol"": ""cutensornetContraction2_f64""}, {""body_indices"": [2, 3], ""symbol"": ""cutensornetContraction2_f64""}, {""body_indices"": [4, 5], ""symbol"": ""cutensornetContraction2_f64""}, {""body_indices"": [6, 7], ""symbol"": ""cutensornetContraction2_f64""}, {""body_indices"": [8, 9], ""symbol"": ""cutensornetContraction2_f64""}, {""body_indices"": [10, 11], ""symbol"": ""cutensornetContraction2_f64""}, {""body_indices"": [12, 13], ""symbol"": ""cutensornetContraction2_f64""}, {""body_indices"": [14, 15], ""symbol"": ""cutensornetContraction2_f64""}, {""body_indices"": [16, 17], ""symbol"": ""cutensornetContraction2_f64""}, {""body_indices"": [24, 25], ""symbol"": ""cutensornetContraction2_f64""}, {""body_indices"": [26, 27], ""symbol"": ""cutensornetContraction2_f64""}, {""body_indices"": [28, 29], ""symbol"": ""cutensornetContraction2_f64""}]",12,0,156,0.0,156
mfem_application,mfem_app_ex35p_hdiv_3d,/home/arjaiswal/Polygeist/issues/mfem_c_kernels/application_extractions/results/mfem_app_ex35p_hdiv_3d.debufferized.mlir,be8b673b90dd548dd55010da808200032fbad83894a37e4841b674d66d0caa8f,egglog,4,ok,0,7090.030401945114,0,"[""/usr/bin/python3"", ""/home/arjaiswal/Polygeist/scripts/correctness/kernel_match_rewrite.py"", ""/home/arjaiswal/Polygeist/issues/mfem_c_kernels/application_extractions/results/mfem_app_ex35p_hdiv_3d.debufferized.mlir"", ""--dry-run"", ""--matcher-mode"", ""egglog"", ""--telemetry-json"", ""/home/arjaiswal/Polygeist/issues/equality_saturation_eval/campaign_20260908/mfem_application-mfem_app_ex35p_hdiv_3d-egglog-bgueou0a.json"", ""--disable-semantic-fallback""]","== match report for /home/arjaiswal/Polygeist/issues/mfem_c_kernels/application_extractions/results/mfem_app_ex35p_hdiv_3d.debufferized.mlir ==
  match          body#[0, 1]  cutensornetContraction2_f64
  match          body#[2, 3]  cutensornetContraction2_f64
  match          body#[4, 5]  cutensornetContraction2_f64
  match          body#[6, 7]  cutensornetContraction2_f64
  match          body#[8, 9]  cutensornetContraction2_f64
  match          body#[10, 11]  cutensornetContraction2_f64
  match          body#[12, 13]  cutensornetContraction2_f64
  match          body#[14, 15]  cutensornetContraction2_f64
  match          body#[16, 17]  cutensornetContraction2_f64
  no_match       body#18  ?
  no_match       body#19  ?
  no_match       body#20  ?
  no_match       body#21  ?
  no_match       body#22  ?
  no_match       body#23  ?
  match          body#[24, 25]  cutensornetContraction2_f64
  match          body#[26, 27]  cutensornetContraction2_f64
  match          body#[28, 29]  cutensornetContraction2_f64
  no_match       body#30  ?
  no_match       body#31  ?
  no_match       body#32  ?
  no_match       body#33  ?
  no_match       body#34  ?
  no_match       body#35  ?
  no_match       body#36  ?
  no_match       body#37  ?
  no_match       body#38  ?
  no_match       body#39  ?
  no_match       body#40  ?
  no_match       body#41  ?
  no_match       body#42  ?
  total: 12 matched / 31 bodies
",0,[],0,0,0,0,/home/arjaiswal/Polygeist/issues/mfem_c_kernels/application_extractions/results/mfem_app_ex35p_hdiv_3d.debufferized.mlir,53628,8,43,24,4840.157277882099,19,71988,2038.06521743536,156,156,0,96,"[{""body_indices"": [0, 1], ""symbol"": ""cutensornetContraction2_f64""}, {""body_indices"": [2, 3], ""symbol"": ""cutensornetContraction2_f64""}, {""body_indices"": [4, 5], ""symbol"": ""cutensornetContraction2_f64""}, {""body_indices"": [6, 7], ""symbol"": ""cutensornetContraction2_f64""}, {""body_indices"": [8, 9], ""symbol"": ""cutensornetContraction2_f64""}, {""body_indices"": [10, 11], ""symbol"": ""cutensornetContraction2_f64""}, {""body_indices"": [12, 13], ""symbol"": ""cutensornetContraction2_f64""}, {""body_indices"": [14, 15], ""symbol"": ""cutensornetContraction2_f64""}, {""body_indices"": [16, 17], ""symbol"": ""cutensornetContraction2_f64""}, {""body_indices"": [24, 25], ""symbol"": ""cutensornetContraction2_f64""}, {""body_indices"": [26, 27], ""symbol"": ""cutensornetContraction2_f64""}, {""body_indices"": [28, 29], ""symbol"": ""cutensornetContraction2_f64""}]",12,0,0,0.0,156
mfem_application,mfem_app_ex35p_hdiv_3d,/home/arjaiswal/Polygeist/issues/mfem_c_kernels/application_extractions/results/mfem_app_ex35p_hdiv_3d.debufferized.mlir,be8b673b90dd548dd55010da808200032fbad83894a37e4841b674d66d0caa8f,egglog,5,ok,0,7743.989158421755,0,"[""/usr/bin/python3"", ""/home/arjaiswal/Polygeist/scripts/correctness/kernel_match_rewrite.py"", ""/home/arjaiswal/Polygeist/issues/mfem_c_kernels/application_extractions/results/mfem_app_ex35p_hdiv_3d.debufferized.mlir"", ""--dry-run"", ""--matcher-mode"", ""egglog"", ""--telemetry-json"", ""/home/arjaiswal/Polygeist/issues/equality_saturation_eval/campaign_20260908/mfem_application-mfem_app_ex35p_hdiv_3d-egglog-hqynmz1r.json"", ""--disable-semantic-fallback""]","== match report for /home/arjaiswal/Polygeist/issues/mfem_c_kernels/application_extractions/results/mfem_app_ex35p_hdiv_3d.debufferized.mlir ==
  match          body#[0, 1]  cutensornetContraction2_f64
  match          body#[2, 3]  cutensornetContraction2_f64
  match          body#[4, 5]  cutensornetContraction2_f64
  match          body#[6, 7]  cutensornetContraction2_f64
  match          body#[8, 9]  cutensornetContraction2_f64
  match          body#[10, 11]  cutensornetContraction2_f64
  match          body#[12, 13]  cutensornetContraction2_f64
  match          body#[14, 15]  cutensornetContraction2_f64
  match          body#[16, 17]  cutensornetContraction2_f64
  no_match       body#18  ?
  no_match       body#19  ?
  no_match       body#20  ?
  no_match       body#21  ?
  no_match       body#22  ?
  no_match       body#23  ?
  match          body#[24, 25]  cutensornetContraction2_f64
  match          body#[26, 27]  cutensornetContraction2_f64
  match          body#[28, 29]  cutensornetContraction2_f64
  no_match       body#30  ?
  no_match       body#31  ?
  no_match       body#32  ?
  no_match       body#33  ?
  no_match       body#34  ?
  no_match       body#35  ?
  no_match       body#36  ?
  no_match       body#37  ?
  no_match       body#38  ?
  no_match       body#39  ?
  no_match       body#40  ?
  no_match       body#41  ?
  no_match       body#42  ?
  total: 12 matched / 31 bodies
",0,[],0,0,0,0,/home/arjaiswal/Polygeist/issues/mfem_c_kernels/application_extractions/results/mfem_app_ex35p_hdiv_3d.debufferized.mlir,53628,8,43,24,5487.389542162418,19,72372,2754.778377711773,156,156,0,96,"[{""body_indices"": [0, 1], ""symbol"": ""cutensornetContraction2_f64""}, {""body_indices"": [2, 3], ""symbol"": ""cutensornetContraction2_f64""}, {""body_indices"": [4, 5], ""symbol"": ""cutensornetContraction2_f64""}, {""body_indices"": [6, 7], ""symbol"": ""cutensornetContraction2_f64""}, {""body_indices"": [8, 9], ""symbol"": ""cutensornetContraction2_f64""}, {""body_indices"": [10, 11], ""symbol"": ""cutensornetContraction2_f64""}, {""body_indices"": [12, 13], ""symbol"": ""cutensornetContraction2_f64""}, {""body_indices"": [14, 15], ""symbol"": ""cutensornetContraction2_f64""}, {""body_indices"": [16, 17], ""symbol"": ""cutensornetContraction2_f64""}, {""body_indices"": [24, 25], ""symbol"": ""cutensornetContraction2_f64""}, {""body_indices"": [26, 27], ""symbol"": ""cutensornetContraction2_f64""}, {""body_indices"": [28, 29], ""symbol"": ""cutensornetContraction2_f64""}]",12,0,0,0.0,156
mfem_application,mfem_app_ex35p_hdiv_3d,/home/arjaiswal/Polygeist/issues/mfem_c_kernels/application_extractions/results/mfem_app_ex35p_hdiv_3d.debufferized.mlir,be8b673b90dd548dd55010da808200032fbad83894a37e4841b674d66d0caa8f,syntactic,5,ok,0,2891.1300860345364,0,"[""/usr/bin/python3"", ""/home/arjaiswal/Polygeist/scripts/correctness/kernel_match_rewrite.py"", ""/home/arjaiswal/Polygeist/issues/mfem_c_kernels/application_extractions/results/mfem_app_ex35p_hdiv_3d.debufferized.mlir"", ""--dry-run"", ""--matcher-mode"", ""syntactic"", ""--telemetry-json"", ""/home/arjaiswal/Polygeist/issues/equality_saturation_eval/campaign_20260908/mfem_application-mfem_app_ex35p_hdiv_3d-syntactic-jifkujy7.json"", ""--disable-semantic-fallback""]","== match report for /home/arjaiswal/Polygeist/issues/mfem_c_kernels/application_extractions/results/mfem_app_ex35p_hdiv_3d.debufferized.mlir ==
  match          body#[0, 1]  cutensornetContraction2_f64
  match          body#[2, 3]  cutensornetContraction2_f64
  match          body#[4, 5]  cutensornetContraction2_f64
  match          body#[6, 7]  cutensornetContraction2_f64
  match          body#[8, 9]  cutensornetContraction2_f64
  match          body#[10, 11]  cutensornetContraction2_f64
  match          body#[12, 13]  cutensornetContraction2_f64
  match          body#[14, 15]  cutensornetContraction2_f64
  match          body#[16, 17]  cutensornetContraction2_f64
  no_match       body#18  ?
  no_match       body#19  ?
  no_match       body#20  ?
  no_match       body#21  ?
  no_match       body#22  ?
  no_match       body#23  ?
  match          body#[24, 25]  cutensornetContraction2_f64
  match          body#[26, 27]  cutensornetContraction2_f64
  match          body#[28, 29]  cutensornetContraction2_f64
  no_match       body#30  ?
  no_match       body#31  ?
  no_match       body#32  ?
  no_match       body#33  ?
  no_match       body#34  ?
  no_match       body#35  ?
  no_match       body#36  ?
  no_match       body#37  ?
  no_match       body#38  ?
  no_match       body#39  ?
  no_match       body#40  ?
  no_match       body#41  ?
  no_match       body#42  ?
  total: 12 matched / 31 bodies
",0,[],0,0,0,0,/home/arjaiswal/Polygeist/issues/mfem_c_kernels/application_extractions/results/mfem_app_ex35p_hdiv_3d.debufferized.mlir,53628,0,43,24,1399.2102034389973,19,67824,0.6980150938034058,0,156,0,0,"[{""body_indices"": [0, 1], ""symbol"": ""cutensornetContraction2_f64""}, {""body_indices"": [2, 3], ""symbol"": ""cutensornetContraction2_f64""}, {""body_indices"": [4, 5], ""symbol"": ""cutensornetContraction2_f64""}, {""body_indices"": [6, 7], ""symbol"": ""cutensornetContraction2_f64""}, {""body_indices"": [8, 9], ""symbol"": ""cutensornetContraction2_f64""}, {""body_indices"": [10, 11], ""symbol"": ""cutensornetContraction2_f64""}, {""body_indices"": [12, 13], ""symbol"": ""cutensornetContraction2_f64""}, {""body_indices"": [14, 15], ""symbol"": ""cutensornetContraction2_f64""}, {""body_indices"": [16, 17], ""symbol"": ""cutensornetContraction2_f64""}, {""body_indices"": [24, 25], ""symbol"": ""cutensornetContraction2_f64""}, {""body_indices"": [26, 27], ""symbol"": ""cutensornetContraction2_f64""}, {""body_indices"": [28, 29], ""symbol"": ""cutensornetContraction2_f64""}]",12,0,156,0.0,156
mfem_application,mfem_app_ex35p_hdiv_3d_partial,/home/arjaiswal/Polygeist/issues/mfem_c_kernels/application_extractions/results/mfem_app_ex35p_hdiv_3d_partial.debufferized.mlir,d24f99c72309d23f6f03f094671b88947c283c39610ce96895278c754b69b7ff,syntactic,1,ok,0,1750.4979446530342,0,"[""/usr/bin/python3"", ""/home/arjaiswal/Polygeist/scripts/correctness/kernel_match_rewrite.py"", ""/home/arjaiswal/Polygeist/issues/mfem_c_kernels/application_extractions/results/mfem_app_ex35p_hdiv_3d_partial.debufferized.mlir"", ""--dry-run"", ""--matcher-mode"", ""syntactic"", ""--telemetry-json"", ""/home/arjaiswal/Polygeist/issues/equality_saturation_eval/campaign_20260908/mfem_application-mfem_app_ex35p_hdiv_3d_partial-syntactic-ytxhw9jy.json"", ""--disable-semantic-fallback""]","== match report for /home/arjaiswal/Polygeist/issues/mfem_c_kernels/application_extractions/results/mfem_app_ex35p_hdiv_3d_partial.debufferized.mlir ==
  match          body#[0, 1]  cutensornetContraction2_f64_r5r5r4
  match          body#[2, 3]  cutensornetContraction2_f64_r4r5r4
  match          body#[4, 5]  cutensornetContraction2_f64_r4r5r4
  match          body#[6, 7]  cutensornetContraction2_f64_r5r5r4
  match          body#[8, 9]  cutensornetContraction2_f64_r4r5r4
  match          body#[10, 11]  cutensornetContraction2_f64_r4r5r4
  match          body#[12, 13]  cutensornetContraction2_f64_r5r5r4
  match          body#[14, 15]  cutensornetContraction2_f64_r4r5r4
  match          body#[16, 17]  cutensornetContraction2_f64_r4r5r4
  no_match       body#18  ?
  no_match       body#19  ?
  no_match       body#20  ?
  no_match       body#21  ?
  no_match       body#22  ?
  no_match       body#23  ?
  match          body#[24, 25]  cutensornetContraction2_f64_r4r5r4
  match          body#[26, 27]  cutensornetContraction2_f64_r4r5r4
  match          body#[28, 29]  cutensornetContraction2_f64_r4r5r4
  no_match       body#30  ?
  no_match       body#31  ?
  no_match       body#32  ?
  total: 12 matched / 21 bodies
",0,[],0,0,0,0,/home/arjaiswal/Polygeist/issues/mfem_c_kernels/application_extractions/results/mfem_app_ex35p_hdiv_3d_partial.debufferized.mlir,21504,0,33,24,958.0892212688923,9,66980,0.5257688462734222,0,114,0,0,"[{""body_indices"": [0, 1], ""symbol"": ""cutensornetContraction2_f64_r5r5r4""}, {""body_indices"": [2, 3], ""symbol"": ""cutensornetContraction2_f64_r4r5r4""}, {""body_indices"": [4, 5], ""symbol"": ""cutensornetContraction2_f64_r4r5r4""}, {""body_indices"": [6, 7], ""symbol"": ""cutensornetContraction2_f64_r5r5r4""}, {""body_indices"": [8, 9], ""symbol"": ""cutensornetContraction2_f64_r4r5r4""}, {""body_indices"": [10, 11], ""symbol"": ""cutensornetContraction2_f64_r4r5r4""}, {""body_indices"": [12, 13], ""symbol"": ""cutensornetContraction2_f64_r5r5r4""}, {""body_indices"": [14, 15], ""symbol"": ""cutensornetContraction2_f64_r4r5r4""}, {""body_indices"": [16, 17], ""symbol"": ""cutensornetContraction2_f64_r4r5r4""}, {""body_indices"": [24, 25], ""symbol"": ""cutensornetContraction2_f64_r4r5r4""}, {""body_indices"": [26, 27], ""symbol"": ""cutensornetContraction2_f64_r4r5r4""}, {""body_indices"": [28, 29], ""symbol"": ""cutensornetContraction2_f64_r4r5r4""}]",12,0,114,0.0,114
mfem_application,mfem_app_ex35p_hdiv_3d_partial,/home/arjaiswal/Polygeist/issues/mfem_c_kernels/application_extractions/results/mfem_app_ex35p_hdiv_3d_partial.debufferized.mlir,d24f99c72309d23f6f03f094671b88947c283c39610ce96895278c754b69b7ff,egglog,1,ok,0,5711.710322648287,0,"[""/usr/bin/python3"", ""/home/arjaiswal/Polygeist/scripts/correctness/kernel_match_rewrite.py"", ""/home/arjaiswal/Polygeist/issues/mfem_c_kernels/application_extractions/results/mfem_app_ex35p_hdiv_3d_partial.debufferized.mlir"", ""--dry-run"", ""--matcher-mode"", ""egglog"", ""--telemetry-json"", ""/home/arjaiswal/Polygeist/issues/equality_saturation_eval/campaign_20260908/mfem_application-mfem_app_ex35p_hdiv_3d_partial-egglog-jmnorjlt.json"", ""--disable-semantic-fallback""]","== match report for /home/arjaiswal/Polygeist/issues/mfem_c_kernels/application_extractions/results/mfem_app_ex35p_hdiv_3d_partial.debufferized.mlir ==
  match          body#[0, 1]  cutensornetContraction2_f64_r5r5r4
  match          body#[2, 3]  cutensornetContraction2_f64_r4r5r4
  match          body#[4, 5]  cutensornetContraction2_f64_r4r5r4
  match          body#[6, 7]  cutensornetContraction2_f64_r5r5r4
  match          body#[8, 9]  cutensornetContraction2_f64_r4r5r4
  match          body#[10, 11]  cutensornetContraction2_f64_r4r5r4
  match          body#[12, 13]  cutensornetContraction2_f64_r5r5r4
  match          body#[14, 15]  cutensornetContraction2_f64_r4r5r4
  match          body#[16, 17]  cutensornetContraction2_f64_r4r5r4
  no_match       body#18  ?
  no_match       body#19  ?
  no_match       body#20  ?
  no_match       body#21  ?
  no_match       body#22  ?
  no_match       body#23  ?
  match          body#[24, 25]  cutensornetContraction2_f64_r4r5r4
  match          body#[26, 27]  cutensornetContraction2_f64_r4r5r4
  match          body#[28, 29]  cutensornetContraction2_f64_r4r5r4
  no_match       body#30  ?
  no_match       body#31  ?
  no_match       body#32  ?
  total: 12 matched / 21 bodies
",0,[],0,0,0,0,/home/arjaiswal/Polygeist/issues/mfem_c_kernels/application_extractions/results/mfem_app_ex35p_hdiv_3d_partial.debufferized.mlir,21504,8,33,24,4465.834986418486,9,71272,2490.9402765333652,114,114,0,96,"[{""body_indices"": [0, 1], ""symbol"": ""cutensornetContraction2_f64_r5r5r4""}, {""body_indices"": [2, 3], ""symbol"": ""cutensornetContraction2_f64_r4r5r4""}, {""body_indices"": [4, 5], ""symbol"": ""cutensornetContraction2_f64_r4r5r4""}, {""body_indices"": [6, 7], ""symbol"": ""cutensornetContraction2_f64_r5r5r4""}, {""body_indices"": [8, 9], ""symbol"": ""cutensornetContraction2_f64_r4r5r4""}, {""body_indices"": [10, 11], ""symbol"": ""cutensornetContraction2_f64_r4r5r4""}, {""body_indices"": [12, 13], ""symbol"": ""cutensornetContraction2_f64_r5r5r4""}, {""body_indices"": [14, 15], ""symbol"": ""cutensornetContraction2_f64_r4r5r4""}, {""body_indices"": [16, 17], ""symbol"": ""cutensornetContraction2_f64_r4r5r4""}, {""body_indices"": [24, 25], ""symbol"": ""cutensornetContraction2_f64_r4r5r4""}, {""body_indices"": [26, 27], ""symbol"": ""cutensornetContraction2_f64_r4r5r4""}, {""body_indices"": [28, 29], ""symbol"": ""cutensornetContraction2_f64_r4r5r4""}]",12,0,0,0.0,114
mfem_application,mfem_app_ex35p_hdiv_3d_partial,/home/arjaiswal/Polygeist/issues/mfem_c_kernels/application_extractions/results/mfem_app_ex35p_hdiv_3d_partial.debufferized.mlir,d24f99c72309d23f6f03f094671b88947c283c39610ce96895278c754b69b7ff,egglog,2,ok,0,6962.010007351637,0,"[""/usr/bin/python3"", ""/home/arjaiswal/Polygeist/scripts/correctness/kernel_match_rewrite.py"", ""/home/arjaiswal/Polygeist/issues/mfem_c_kernels/application_extractions/results/mfem_app_ex35p_hdiv_3d_partial.debufferized.mlir"", ""--dry-run"", ""--matcher-mode"", ""egglog"", ""--telemetry-json"", ""/home/arjaiswal/Polygeist/issues/equality_saturation_eval/campaign_20260908/mfem_application-mfem_app_ex35p_hdiv_3d_partial-egglog-xig6el76.json"", ""--disable-semantic-fallback""]","== match report for /home/arjaiswal/Polygeist/issues/mfem_c_kernels/application_extractions/results/mfem_app_ex35p_hdiv_3d_partial.debufferized.mlir ==
  match          body#[0, 1]  cutensornetContraction2_f64_r5r5r4
  match          body#[2, 3]  cutensornetContraction2_f64_r4r5r4
  match          body#[4, 5]  cutensornetContraction2_f64_r4r5r4
  match          body#[6, 7]  cutensornetContraction2_f64_r5r5r4
  match          body#[8, 9]  cutensornetContraction2_f64_r4r5r4
  match          body#[10, 11]  cutensornetContraction2_f64_r4r5r4
  match          body#[12, 13]  cutensornetContraction2_f64_r5r5r4
  match          body#[14, 15]  cutensornetContraction2_f64_r4r5r4
  match          body#[16, 17]  cutensornetContraction2_f64_r4r5r4
  no_match       body#18  ?
  no_match       body#19  ?
  no_match       body#20  ?
  no_match       body#21  ?
  no_match       body#22  ?
  no_match       body#23  ?
  match          body#[24, 25]  cutensornetContraction2_f64_r4r5r4
  match          body#[26, 27]  cutensornetContraction2_f64_r4r5r4
  match          body#[28, 29]  cutensornetContraction2_f64_r4r5r4
  no_match       body#30  ?
  no_match       body#31  ?
  no_match       body#32  ?
  total: 12 matched / 21 bodies
",0,[],0,0,0,0,/home/arjaiswal/Polygeist/issues/mfem_c_kernels/application_extractions/results/mfem_app_ex35p_hdiv_3d_partial.debufferized.mlir,21504,8,33,24,5432.694748044014,9,71384,2734.3093305826187,114,114,0,96,"[{""body_indices"": [0, 1], ""symbol"": ""cutensornetContraction2_f64_r5r5r4""}, {""body_indices"": [2, 3], ""symbol"": ""cutensornetContraction2_f64_r4r5r4""}, {""body_indices"": [4, 5], ""symbol"": ""cutensornetContraction2_f64_r4r5r4""}, {""body_indices"": [6, 7], ""symbol"": ""cutensornetContraction2_f64_r5r5r4""}, {""body_indices"": [8, 9], ""symbol"": ""cutensornetContraction2_f64_r4r5r4""}, {""body_indices"": [10, 11], ""symbol"": ""cutensornetContraction2_f64_r4r5r4""}, {""body_indices"": [12, 13], ""symbol"": ""cutensornetContraction2_f64_r5r5r4""}, {""body_indices"": [14, 15], ""symbol"": ""cutensornetContraction2_f64_r4r5r4""}, {""body_indices"": [16, 17], ""symbol"": ""cutensornetContraction2_f64_r4r5r4""}, {""body_indices"": [24, 25], ""symbol"": ""cutensornetContraction2_f64_r4r5r4""}, {""body_indices"": [26, 27], ""symbol"": ""cutensornetContraction2_f64_r4r5r4""}, {""body_indices"": [28, 29], ""symbol"": ""cutensornetContraction2_f64_r4r5r4""}]",12,0,0,0.0,114
mfem_application,mfem_app_ex35p_hdiv_3d_partial,/home/arjaiswal/Polygeist/issues/mfem_c_kernels/application_extractions/results/mfem_app_ex35p_hdiv_3d_partial.debufferized.mlir,d24f99c72309d23f6f03f094671b88947c283c39610ce96895278c754b69b7ff,syntactic,2,ok,0,2409.9838472902775,0,"[""/usr/bin/python3"", ""/home/arjaiswal/Polygeist/scripts/correctness/kernel_match_rewrite.py"", ""/home/arjaiswal/Polygeist/issues/mfem_c_kernels/application_extractions/results/mfem_app_ex35p_hdiv_3d_partial.debufferized.mlir"", ""--dry-run"", ""--matcher-mode"", ""syntactic"", ""--telemetry-json"", ""/home/arjaiswal/Polygeist/issues/equality_saturation_eval/campaign_20260908/mfem_application-mfem_app_ex35p_hdiv_3d_partial-syntactic-5xg639ey.json"", ""--disable-semantic-fallback""]","== match report for /home/arjaiswal/Polygeist/issues/mfem_c_kernels/application_extractions/results/mfem_app_ex35p_hdiv_3d_partial.debufferized.mlir ==
  match          body#[0, 1]  cutensornetContraction2_f64_r5r5r4
  match          body#[2, 3]  cutensornetContraction2_f64_r4r5r4
  match          body#[4, 5]  cutensornetContraction2_f64_r4r5r4
  match          body#[6, 7]  cutensornetContraction2_f64_r5r5r4
  match          body#[8, 9]  cutensornetContraction2_f64_r4r5r4
  match          body#[10, 11]  cutensornetContraction2_f64_r4r5r4
  match          body#[12, 13]  cutensornetContraction2_f64_r5r5r4
  match          body#[14, 15]  cutensornetContraction2_f64_r4r5r4
  match          body#[16, 17]  cutensornetContraction2_f64_r4r5r4
  no_match       body#18  ?
  no_match       body#19  ?
  no_match       body#20  ?
  no_match       body#21  ?
  no_match       body#22  ?
  no_match       body#23  ?
  match          body#[24, 25]  cutensornetContraction2_f64_r4r5r4
  match          body#[26, 27]  cutensornetContraction2_f64_r4r5r4
  match          body#[28, 29]  cutensornetContraction2_f64_r4r5r4
  no_match       body#30  ?
  no_match       body#31  ?
  no_match       body#32  ?
  total: 12 matched / 21 bodies
",0,[],0,0,0,0,/home/arjaiswal/Polygeist/issues/mfem_c_kernels/application_extractions/results/mfem_app_ex35p_hdiv_3d_partial.debufferized.mlir,21504,0,33,24,902.9828906059265,9,67012,0.5472935736179352,0,114,0,0,"[{""body_indices"": [0, 1], ""symbol"": ""cutensornetContraction2_f64_r5r5r4""}, {""body_indices"": [2, 3], ""symbol"": ""cutensornetContraction2_f64_r4r5r4""}, {""body_indices"": [4, 5], ""symbol"": ""cutensornetContraction2_f64_r4r5r4""}, {""body_indices"": [6, 7], ""symbol"": ""cutensornetContraction2_f64_r5r5r4""}, {""body_indices"": [8, 9], ""symbol"": ""cutensornetContraction2_f64_r4r5r4""}, {""body_indices"": [10, 11], ""symbol"": ""cutensornetContraction2_f64_r4r5r4""}, {""body_indices"": [12, 13], ""symbol"": ""cutensornetContraction2_f64_r5r5r4""}, {""body_indices"": [14, 15], ""symbol"": ""cutensornetContraction2_f64_r4r5r4""}, {""body_indices"": [16, 17], ""symbol"": ""cutensornetContraction2_f64_r4r5r4""}, {""body_indices"": [24, 25], ""symbol"": ""cutensornetContraction2_f64_r4r5r4""}, {""body_indices"": [26, 27], ""symbol"": ""cutensornetContraction2_f64_r4r5r4""}, {""body_indices"": [28, 29], ""symbol"": ""cutensornetContraction2_f64_r4r5r4""}]",12,0,114,0.0,114
mfem_application,mfem_app_ex35p_hdiv_3d_partial,/home/arjaiswal/Polygeist/issues/mfem_c_kernels/application_extractions/results/mfem_app_ex35p_hdiv_3d_partial.debufferized.mlir,d24f99c72309d23f6f03f094671b88947c283c39610ce96895278c754b69b7ff,syntactic,3,ok,0,3258.208192884922,0,"[""/usr/bin/python3"", ""/home/arjaiswal/Polygeist/scripts/correctness/kernel_match_rewrite.py"", ""/home/arjaiswal/Polygeist/issues/mfem_c_kernels/application_extractions/results/mfem_app_ex35p_hdiv_3d_partial.debufferized.mlir"", ""--dry-run"", ""--matcher-mode"", ""syntactic"", ""--telemetry-json"", ""/home/arjaiswal/Polygeist/issues/equality_saturation_eval/campaign_20260908/mfem_application-mfem_app_ex35p_hdiv_3d_partial-syntactic-7t92avfg.json"", ""--disable-semantic-fallback""]","== match report for /home/arjaiswal/Polygeist/issues/mfem_c_kernels/application_extractions/results/mfem_app_ex35p_hdiv_3d_partial.debufferized.mlir ==
  match          body#[0, 1]  cutensornetContraction2_f64_r5r5r4
  match          body#[2, 3]  cutensornetContraction2_f64_r4r5r4
  match          body#[4, 5]  cutensornetContraction2_f64_r4r5r4
  match          body#[6, 7]  cutensornetContraction2_f64_r5r5r4
  match          body#[8, 9]  cutensornetContraction2_f64_r4r5r4
  match          body#[10, 11]  cutensornetContraction2_f64_r4r5r4
  match          body#[12, 13]  cutensornetContraction2_f64_r5r5r4
  match          body#[14, 15]  cutensornetContraction2_f64_r4r5r4
  match          body#[16, 17]  cutensornetContraction2_f64_r4r5r4
  no_match       body#18  ?
  no_match       body#19  ?
  no_match       body#20  ?
  no_match       body#21  ?
  no_match       body#22  ?
  no_match       body#23  ?
  match          body#[24, 25]  cutensornetContraction2_f64_r4r5r4
  match          body#[26, 27]  cutensornetContraction2_f64_r4r5r4
  match          body#[28, 29]  cutensornetContraction2_f64_r4r5r4
  no_match       body#30  ?
  no_match       body#31  ?
  no_match       body#32  ?
  total: 12 matched / 21 bodies
",0,[],0,0,0,0,/home/arjaiswal/Polygeist/issues/mfem_c_kernels/application_extractions/results/mfem_app_ex35p_hdiv_3d_partial.debufferized.mlir,21504,0,33,24,1839.9112150073051,9,66928,0.6781481206417084,0,114,0,0,"[{""body_indices"": [0, 1], ""symbol"": ""cutensornetContraction2_f64_r5r5r4""}, {""body_indices"": [2, 3], ""symbol"": ""cutensornetContraction2_f64_r4r5r4""}, {""body_indices"": [4, 5], ""symbol"": ""cutensornetContraction2_f64_r4r5r4""}, {""body_indices"": [6, 7], ""symbol"": ""cutensornetContraction2_f64_r5r5r4""}, {""body_indices"": [8, 9], ""symbol"": ""cutensornetContraction2_f64_r4r5r4""}, {""body_indices"": [10, 11], ""symbol"": ""cutensornetContraction2_f64_r4r5r4""}, {""body_indices"": [12, 13], ""symbol"": ""cutensornetContraction2_f64_r5r5r4""}, {""body_indices"": [14, 15], ""symbol"": ""cutensornetContraction2_f64_r4r5r4""}, {""body_indices"": [16, 17], ""symbol"": ""cutensornetContraction2_f64_r4r5r4""}, {""body_indices"": [24, 25], ""symbol"": ""cutensornetContraction2_f64_r4r5r4""}, {""body_indices"": [26, 27], ""symbol"": ""cutensornetContraction2_f64_r4r5r4""}, {""body_indices"": [28, 29], ""symbol"": ""cutensornetContraction2_f64_r4r5r4""}]",12,0,114,0.0,114
mfem_application,mfem_app_ex35p_hdiv_3d_partial,/home/arjaiswal/Polygeist/issues/mfem_c_kernels/application_extractions/results/mfem_app_ex35p_hdiv_3d_partial.debufferized.mlir,d24f99c72309d23f6f03f094671b88947c283c39610ce96895278c754b69b7ff,egglog,3,ok,0,3299.0654185414314,0,"[""/usr/bin/python3"", ""/home/arjaiswal/Polygeist/scripts/correctness/kernel_match_rewrite.py"", ""/home/arjaiswal/Polygeist/issues/mfem_c_kernels/application_extractions/results/mfem_app_ex35p_hdiv_3d_partial.debufferized.mlir"", ""--dry-run"", ""--matcher-mode"", ""egglog"", ""--telemetry-json"", ""/home/arjaiswal/Polygeist/issues/equality_saturation_eval/campaign_20260908/mfem_application-mfem_app_ex35p_hdiv_3d_partial-egglog-pjgzgxss.json"", ""--disable-semantic-fallback""]","== match report for /home/arjaiswal/Polygeist/issues/mfem_c_kernels/application_extractions/results/mfem_app_ex35p_hdiv_3d_partial.debufferized.mlir ==
  match          body#[0, 1]  cutensornetContraction2_f64_r5r5r4
  match          body#[2, 3]  cutensornetContraction2_f64_r4r5r4
  match          body#[4, 5]  cutensornetContraction2_f64_r4r5r4
  match          body#[6, 7]  cutensornetContraction2_f64_r5r5r4
  match          body#[8, 9]  cutensornetContraction2_f64_r4r5r4
  match          body#[10, 11]  cutensornetContraction2_f64_r4r5r4
  match          body#[12, 13]  cutensornetContraction2_f64_r5r5r4
  match          body#[14, 15]  cutensornetContraction2_f64_r4r5r4
  match          body#[16, 17]  cutensornetContraction2_f64_r4r5r4
  no_match       body#18  ?
  no_match       body#19  ?
  no_match       body#20  ?
  no_match       body#21  ?
  no_match       body#22  ?
  no_match       body#23  ?
  match          body#[24, 25]  cutensornetContraction2_f64_r4r5r4
  match          body#[26, 27]  cutensornetContraction2_f64_r4r5r4
  match          body#[28, 29]  cutensornetContraction2_f64_r4r5r4
  no_match       body#30  ?
  no_match       body#31  ?
  no_match       body#32  ?
  total: 12 matched / 21 bodies
",0,[],0,0,0,0,/home/arjaiswal/Polygeist/issues/mfem_c_kernels/application_extractions/results/mfem_app_ex35p_hdiv_3d_partial.debufferized.mlir,21504,8,33,24,2391.866322606802,9,71456,1248.9408031105995,114,114,0,96,"[{""body_indices"": [0, 1], ""symbol"": ""cutensornetContraction2_f64_r5r5r4""}, {""body_indices"": [2, 3], ""symbol"": ""cutensornetContraction2_f64_r4r5r4""}, {""body_indices"": [4, 5], ""symbol"": ""cutensornetContraction2_f64_r4r5r4""}, {""body_indices"": [6, 7], ""symbol"": ""cutensornetContraction2_f64_r5r5r4""}, {""body_indices"": [8, 9], ""symbol"": ""cutensornetContraction2_f64_r4r5r4""}, {""body_indices"": [10, 11], ""symbol"": ""cutensornetContraction2_f64_r4r5r4""}, {""body_indices"": [12, 13], ""symbol"": ""cutensornetContraction2_f64_r5r5r4""}, {""body_indices"": [14, 15], ""symbol"": ""cutensornetContraction2_f64_r4r5r4""}, {""body_indices"": [16, 17], ""symbol"": ""cutensornetContraction2_f64_r4r5r4""}, {""body_indices"": [24, 25], ""symbol"": ""cutensornetContraction2_f64_r4r5r4""}, {""body_indices"": [26, 27], ""symbol"": ""cutensornetContraction2_f64_r4r5r4""}, {""body_indices"": [28, 29], ""symbol"": ""cutensornetContraction2_f64_r4r5r4""}]",12,0,0,0.0,114
mfem_application,mfem_app_ex35p_hdiv_3d_partial,/home/arjaiswal/Polygeist/issues/mfem_c_kernels/application_extractions/results/mfem_app_ex35p_hdiv_3d_partial.debufferized.mlir,d24f99c72309d23f6f03f094671b88947c283c39610ce96895278c754b69b7ff,egglog,4,ok,0,3809.0411089360714,0,"[""/usr/bin/python3"", ""/home/arjaiswal/Polygeist/scripts/correctness/kernel_match_rewrite.py"", ""/home/arjaiswal/Polygeist/issues/mfem_c_kernels/application_extractions/results/mfem_app_ex35p_hdiv_3d_partial.debufferized.mlir"", ""--dry-run"", ""--matcher-mode"", ""egglog"", ""--telemetry-json"", ""/home/arjaiswal/Polygeist/issues/equality_saturation_eval/campaign_20260908/mfem_application-mfem_app_ex35p_hdiv_3d_partial-egglog-3qqdie5m.json"", ""--disable-semantic-fallback""]","== match report for /home/arjaiswal/Polygeist/issues/mfem_c_kernels/application_extractions/results/mfem_app_ex35p_hdiv_3d_partial.debufferized.mlir ==
  match          body#[0, 1]  cutensornetContraction2_f64_r5r5r4
  match          body#[2, 3]  cutensornetContraction2_f64_r4r5r4
  match          body#[4, 5]  cutensornetContraction2_f64_r4r5r4
  match          body#[6, 7]  cutensornetContraction2_f64_r5r5r4
  match          body#[8, 9]  cutensornetContraction2_f64_r4r5r4
  match          body#[10, 11]  cutensornetContraction2_f64_r4r5r4
  match          body#[12, 13]  cutensornetContraction2_f64_r5r5r4
  match          body#[14, 15]  cutensornetContraction2_f64_r4r5r4
  match          body#[16, 17]  cutensornetContraction2_f64_r4r5r4
  no_match       body#18  ?
  no_match       body#19  ?
  no_match       body#20  ?
  no_match       body#21  ?
  no_match       body#22  ?
  no_match       body#23  ?
  match          body#[24, 25]  cutensornetContraction2_f64_r4r5r4
  match          body#[26, 27]  cutensornetContraction2_f64_r4r5r4
  match          body#[28, 29]  cutensornetContraction2_f64_r4r5r4
  no_match       body#30  ?
  no_match       body#31  ?
  no_match       body#32  ?
  total: 12 matched / 21 bodies
",0,[],0,0,0,0,/home/arjaiswal/Polygeist/issues/mfem_c_kernels/application_extractions/results/mfem_app_ex35p_hdiv_3d_partial.debufferized.mlir,21504,8,33,24,2637.759830802679,9,71416,1346.7900902032852,114,114,0,96,"[{""body_indices"": [0, 1], ""symbol"": ""cutensornetContraction2_f64_r5r5r4""}, {""body_indices"": [2, 3], ""symbol"": ""cutensornetContraction2_f64_r4r5r4""}, {""body_indices"": [4, 5], ""symbol"": ""cutensornetContraction2_f64_r4r5r4""}, {""body_indices"": [6, 7], ""symbol"": ""cutensornetContraction2_f64_r5r5r4""}, {""body_indices"": [8, 9], ""symbol"": ""cutensornetContraction2_f64_r4r5r4""}, {""body_indices"": [10, 11], ""symbol"": ""cutensornetContraction2_f64_r4r5r4""}, {""body_indices"": [12, 13], ""symbol"": ""cutensornetContraction2_f64_r5r5r4""}, {""body_indices"": [14, 15], ""symbol"": ""cutensornetContraction2_f64_r4r5r4""}, {""body_indices"": [16, 17], ""symbol"": ""cutensornetContraction2_f64_r4r5r4""}, {""body_indices"": [24, 25], ""symbol"": ""cutensornetContraction2_f64_r4r5r4""}, {""body_indices"": [26, 27], ""symbol"": ""cutensornetContraction2_f64_r4r5r4""}, {""body_indices"": [28, 29], ""symbol"": ""cutensornetContraction2_f64_r4r5r4""}]",12,0,0,0.0,114
mfem_application,mfem_app_ex35p_hdiv_3d_partial,/home/arjaiswal/Polygeist/issues/mfem_c_kernels/application_extractions/results/mfem_app_ex35p_hdiv_3d_partial.debufferized.mlir,d24f99c72309d23f6f03f094671b88947c283c39610ce96895278c754b69b7ff,syntactic,4,ok,0,3555.077873170376,0,"[""/usr/bin/python3"", ""/home/arjaiswal/Polygeist/scripts/correctness/kernel_match_rewrite.py"", ""/home/arjaiswal/Polygeist/issues/mfem_c_kernels/application_extractions/results/mfem_app_ex35p_hdiv_3d_partial.debufferized.mlir"", ""--dry-run"", ""--matcher-mode"", ""syntactic"", ""--telemetry-json"", ""/home/arjaiswal/Polygeist/issues/equality_saturation_eval/campaign_20260908/mfem_application-mfem_app_ex35p_hdiv_3d_partial-syntactic-ggmii40f.json"", ""--disable-semantic-fallback""]","== match report for /home/arjaiswal/Polygeist/issues/mfem_c_kernels/application_extractions/results/mfem_app_ex35p_hdiv_3d_partial.debufferized.mlir ==
  match          body#[0, 1]  cutensornetContraction2_f64_r5r5r4
  match          body#[2, 3]  cutensornetContraction2_f64_r4r5r4
  match          body#[4, 5]  cutensornetContraction2_f64_r4r5r4
  match          body#[6, 7]  cutensornetContraction2_f64_r5r5r4
  match          body#[8, 9]  cutensornetContraction2_f64_r4r5r4
  match          body#[10, 11]  cutensornetContraction2_f64_r4r5r4
  match          body#[12, 13]  cutensornetContraction2_f64_r5r5r4
  match          body#[14, 15]  cutensornetContraction2_f64_r4r5r4
  match          body#[16, 17]  cutensornetContraction2_f64_r4r5r4
  no_match       body#18  ?
  no_match       body#19  ?
  no_match       body#20  ?
  no_match       body#21  ?
  no_match       body#22  ?
  no_match       body#23  ?
  match          body#[24, 25]  cutensornetContraction2_f64_r4r5r4
  match          body#[26, 27]  cutensornetContraction2_f64_r4r5r4
  match          body#[28, 29]  cutensornetContraction2_f64_r4r5r4
  no_match       body#30  ?
  no_match       body#31  ?
  no_match       body#32  ?
  total: 12 matched / 21 bodies
",0,[],0,0,0,0,/home/arjaiswal/Polygeist/issues/mfem_c_kernels/application_extractions/results/mfem_app_ex35p_hdiv_3d_partial.debufferized.mlir,21504,0,33,24,1751.1911131441593,9,66840,0.6086863577365875,0,114,0,0,"[{""body_indices"": [0, 1], ""symbol"": ""cutensornetContraction2_f64_r5r5r4""}, {""body_indices"": [2, 3], ""symbol"": ""cutensornetContraction2_f64_r4r5r4""}, {""body_indices"": [4, 5], ""symbol"": ""cutensornetContraction2_f64_r4r5r4""}, {""body_indices"": [6, 7], ""symbol"": ""cutensornetContraction2_f64_r5r5r4""}, {""body_indices"": [8, 9], ""symbol"": ""cutensornetContraction2_f64_r4r5r4""}, {""body_indices"": [10, 11], ""symbol"": ""cutensornetContraction2_f64_r4r5r4""}, {""body_indices"": [12, 13], ""symbol"": ""cutensornetContraction2_f64_r5r5r4""}, {""body_indices"": [14, 15], ""symbol"": ""cutensornetContraction2_f64_r4r5r4""}, {""body_indices"": [16, 17], ""symbol"": ""cutensornetContraction2_f64_r4r5r4""}, {""body_indices"": [24, 25], ""symbol"": ""cutensornetContraction2_f64_r4r5r4""}, {""body_indices"": [26, 27], ""symbol"": ""cutensornetContraction2_f64_r4r5r4""}, {""body_indices"": [28, 29], ""symbol"": ""cutensornetContraction2_f64_r4r5r4""}]",12,0,114,0.0,114
mfem_application,mfem_app_ex35p_hdiv_3d_partial,/home/arjaiswal/Polygeist/issues/mfem_c_kernels/application_extractions/results/mfem_app_ex35p_hdiv_3d_partial.debufferized.mlir,d24f99c72309d23f6f03f094671b88947c283c39610ce96895278c754b69b7ff,syntactic,5,ok,0,2658.5392467677593,0,"[""/usr/bin/python3"", ""/home/arjaiswal/Polygeist/scripts/correctness/kernel_match_rewrite.py"", ""/home/arjaiswal/Polygeist/issues/mfem_c_kernels/application_extractions/results/mfem_app_ex35p_hdiv_3d_partial.debufferized.mlir"", ""--dry-run"", ""--matcher-mode"", ""syntactic"", ""--telemetry-json"", ""/home/arjaiswal/Polygeist/issues/equality_saturation_eval/campaign_20260908/mfem_application-mfem_app_ex35p_hdiv_3d_partial-syntactic-fxbc5_cr.json"", ""--disable-semantic-fallback""]","== match report for /home/arjaiswal/Polygeist/issues/mfem_c_kernels/application_extractions/results/mfem_app_ex35p_hdiv_3d_partial.debufferized.mlir ==
  match          body#[0, 1]  cutensornetContraction2_f64_r5r5r4
  match          body#[2, 3]  cutensornetContraction2_f64_r4r5r4
  match          body#[4, 5]  cutensornetContraction2_f64_r4r5r4
  match          body#[6, 7]  cutensornetContraction2_f64_r5r5r4
  match          body#[8, 9]  cutensornetContraction2_f64_r4r5r4
  match          body#[10, 11]  cutensornetContraction2_f64_r4r5r4
  match          body#[12, 13]  cutensornetContraction2_f64_r5r5r4
  match          body#[14, 15]  cutensornetContraction2_f64_r4r5r4
  match          body#[16, 17]  cutensornetContraction2_f64_r4r5r4
  no_match       body#18  ?
  no_match       body#19  ?
  no_match       body#20  ?
  no_match       body#21  ?
  no_match       body#22  ?
  no_match       body#23  ?
  match          body#[24, 25]  cutensornetContraction2_f64_r4r5r4
  match          body#[26, 27]  cutensornetContraction2_f64_r4r5r4
  match          body#[28, 29]  cutensornetContraction2_f64_r4r5r4
  no_match       body#30  ?
  no_match       body#31  ?
  no_match       body#32  ?
  total: 12 matched / 21 bodies
",0,[],0,0,0,0,/home/arjaiswal/Polygeist/issues/mfem_c_kernels/application_extractions/results/mfem_app_ex35p_hdiv_3d_partial.debufferized.mlir,21504,0,33,24,1187.3966231942177,9,66888,0.583793967962265,0,114,0,0,"[{""body_indices"": [0, 1], ""symbol"": ""cutensornetContraction2_f64_r5r5r4""}, {""body_indices"": [2, 3], ""symbol"": ""cutensornetContraction2_f64_r4r5r4""}, {""body_indices"": [4, 5], ""symbol"": ""cutensornetContraction2_f64_r4r5r4""}, {""body_indices"": [6, 7], ""symbol"": ""cutensornetContraction2_f64_r5r5r4""}, {""body_indices"": [8, 9], ""symbol"": ""cutensornetContraction2_f64_r4r5r4""}, {""body_indices"": [10, 11], ""symbol"": ""cutensornetContraction2_f64_r4r5r4""}, {""body_indices"": [12, 13], ""symbol"": ""cutensornetContraction2_f64_r5r5r4""}, {""body_indices"": [14, 15], ""symbol"": ""cutensornetContraction2_f64_r4r5r4""}, {""body_indices"": [16, 17], ""symbol"": ""cutensornetContraction2_f64_r4r5r4""}, {""body_indices"": [24, 25], ""symbol"": ""cutensornetContraction2_f64_r4r5r4""}, {""body_indices"": [26, 27], ""symbol"": ""cutensornetContraction2_f64_r4r5r4""}, {""body_indices"": [28, 29], ""symbol"": ""cutensornetContraction2_f64_r4r5r4""}]",12,0,114,0.0,114
mfem_application,mfem_app_ex35p_hdiv_3d_partial,/home/arjaiswal/Polygeist/issues/mfem_c_kernels/application_extractions/results/mfem_app_ex35p_hdiv_3d_partial.debufferized.mlir,d24f99c72309d23f6f03f094671b88947c283c39610ce96895278c754b69b7ff,egglog,5,ok,0,3470.717068761587,0,"[""/usr/bin/python3"", ""/home/arjaiswal/Polygeist/scripts/correctness/kernel_match_rewrite.py"", ""/home/arjaiswal/Polygeist/issues/mfem_c_kernels/application_extractions/results/mfem_app_ex35p_hdiv_3d_partial.debufferized.mlir"", ""--dry-run"", ""--matcher-mode"", ""egglog"", ""--telemetry-json"", ""/home/arjaiswal/Polygeist/issues/equality_saturation_eval/campaign_20260908/mfem_application-mfem_app_ex35p_hdiv_3d_partial-egglog-zt2u061y.json"", ""--disable-semantic-fallback""]","== match report for /home/arjaiswal/Polygeist/issues/mfem_c_kernels/application_extractions/results/mfem_app_ex35p_hdiv_3d_partial.debufferized.mlir ==
  match          body#[0, 1]  cutensornetContraction2_f64_r5r5r4
  match          body#[2, 3]  cutensornetContraction2_f64_r4r5r4
  match          body#[4, 5]  cutensornetContraction2_f64_r4r5r4
  match          body#[6, 7]  cutensornetContraction2_f64_r5r5r4
  match          body#[8, 9]  cutensornetContraction2_f64_r4r5r4
  match          body#[10, 11]  cutensornetContraction2_f64_r4r5r4
  match          body#[12, 13]  cutensornetContraction2_f64_r5r5r4
  match          body#[14, 15]  cutensornetContraction2_f64_r4r5r4
  match          body#[16, 17]  cutensornetContraction2_f64_r4r5r4
  no_match       body#18  ?
  no_match       body#19  ?
  no_match       body#20  ?
  no_match       body#21  ?
  no_match       body#22  ?
  no_match       body#23  ?
  match          body#[24, 25]  cutensornetContraction2_f64_r4r5r4
  match          body#[26, 27]  cutensornetContraction2_f64_r4r5r4
  match          body#[28, 29]  cutensornetContraction2_f64_r4r5r4
  no_match       body#30  ?
  no_match       body#31  ?
  no_match       body#32  ?
  total: 12 matched / 21 bodies
",0,[],0,0,0,0,/home/arjaiswal/Polygeist/issues/mfem_c_kernels/application_extractions/results/mfem_app_ex35p_hdiv_3d_partial.debufferized.mlir,21504,8,33,24,2400.9440429508686,9,71464,1302.3559786379337,114,114,0,96,"[{""body_indices"": [0, 1], ""symbol"": ""cutensornetContraction2_f64_r5r5r4""}, {""body_indices"": [2, 3], ""symbol"": ""cutensornetContraction2_f64_r4r5r4""}, {""body_indices"": [4, 5], ""symbol"": ""cutensornetContraction2_f64_r4r5r4""}, {""body_indices"": [6, 7], ""symbol"": ""cutensornetContraction2_f64_r5r5r4""}, {""body_indices"": [8, 9], ""symbol"": ""cutensornetContraction2_f64_r4r5r4""}, {""body_indices"": [10, 11], ""symbol"": ""cutensornetContraction2_f64_r4r5r4""}, {""body_indices"": [12, 13], ""symbol"": ""cutensornetContraction2_f64_r5r5r4""}, {""body_indices"": [14, 15], ""symbol"": ""cutensornetContraction2_f64_r4r5r4""}, {""body_indices"": [16, 17], ""symbol"": ""cutensornetContraction2_f64_r4r5r4""}, {""body_indices"": [24, 25], ""symbol"": ""cutensornetContraction2_f64_r4r5r4""}, {""body_indices"": [26, 27], ""symbol"": ""cutensornetContraction2_f64_r4r5r4""}, {""body_indices"": [28, 29], ""symbol"": ""cutensornetContraction2_f64_r4r5r4""}]",12,0,0,0.0,114
mfem_application,mfem_app_ex9p_mass_convection_2d,/home/arjaiswal/Polygeist/issues/mfem_c_kernels/application_extractions/results/mfem_app_ex9p_mass_convection_2d.debufferized.mlir,9add4d31b6d7e538118d1b05ccf2c4c55cdcffab98088e6c69e70fdadc95423c,egglog,1,ok,0,3203.3452466130257,0,"[""/usr/bin/python3"", ""/home/arjaiswal/Polygeist/scripts/correctness/kernel_match_rewrite.py"", ""/home/arjaiswal/Polygeist/issues/mfem_c_kernels/application_extractions/results/mfem_app_ex9p_mass_convection_2d.debufferized.mlir"", ""--dry-run"", ""--matcher-mode"", ""egglog"", ""--telemetry-json"", ""/home/arjaiswal/Polygeist/issues/equality_saturation_eval/campaign_20260908/mfem_application-mfem_app_ex9p_mass_convection_2d-egglog-34gx81xy.json"", ""--disable-semantic-fallback""]","== match report for /home/arjaiswal/Polygeist/issues/mfem_c_kernels/application_extractions/results/mfem_app_ex9p_mass_convection_2d.debufferized.mlir ==
  match          body#[0, 1]  cutensornetContraction2_f64
  match          body#[2, 3]  cutensornetContraction2_f64
  no_match       body#4  ?
  match          body#[5, 6]  cutensornetContraction2_f64
  no_match       body#7  ?
  match          body#[8, 9]  cutensornetContraction2_f64
  match          body#[10, 11]  cutensornetContraction2_f64
  match          body#[12, 13]  cutensornetContraction2_f64
  match          body#[14, 15]  cutensornetContraction2_f64
  no_match       body#16  ?
  no_match       body#17  ?
  match          body#[18, 19]  cutensornetContraction2_f64
  no_match       body#20  ?
  match          body#[21]  cublasDaxpby
  no_match       body#22  ?
  no_match       body#23  ?
  rank_or_dtype_reject body#24  cublasDdot
  match          body#[25]  cublasDaxpby
  total: 10 matched / 18 bodies
",0,[],0,0,0,0,/home/arjaiswal/Polygeist/issues/mfem_c_kernels/application_extractions/results/mfem_app_ex9p_mass_convection_2d.debufferized.mlir,25128,8,26,18,2424.9231591820717,7,71620,1250.5687661468983,110,110,0,236,"[{""body_indices"": [0, 1], ""symbol"": ""cutensornetContraction2_f64""}, {""body_indices"": [2, 3], ""symbol"": ""cutensornetContraction2_f64""}, {""body_indices"": [5, 6], ""symbol"": ""cutensornetContraction2_f64""}, {""body_indices"": [8, 9], ""symbol"": ""cutensornetContraction2_f64""}, {""body_indices"": [10, 11], ""symbol"": ""cutensornetContraction2_f64""}, {""body_indices"": [12, 13], ""symbol"": ""cutensornetContraction2_f64""}, {""body_indices"": [14, 15], ""symbol"": ""cutensornetContraction2_f64""}, {""body_indices"": [18, 19], ""symbol"": ""cutensornetContraction2_f64""}, {""body_indices"": [21], ""symbol"": ""cublasDaxpby""}, {""body_indices"": [25], ""symbol"": ""cublasDaxpby""}]",10,0,0,0.0,136
mfem_application,mfem_app_ex9p_mass_convection_2d,/home/arjaiswal/Polygeist/issues/mfem_c_kernels/application_extractions/results/mfem_app_ex9p_mass_convection_2d.debufferized.mlir,9add4d31b6d7e538118d1b05ccf2c4c55cdcffab98088e6c69e70fdadc95423c,syntactic,1,ok,0,1841.3941822946072,0,"[""/usr/bin/python3"", ""/home/arjaiswal/Polygeist/scripts/correctness/kernel_match_rewrite.py"", ""/home/arjaiswal/Polygeist/issues/mfem_c_kernels/application_extractions/results/mfem_app_ex9p_mass_convection_2d.debufferized.mlir"", ""--dry-run"", ""--matcher-mode"", ""syntactic"", ""--telemetry-json"", ""/home/arjaiswal/Polygeist/issues/equality_saturation_eval/campaign_20260908/mfem_application-mfem_app_ex9p_mass_convection_2d-syntactic-f68h419c.json"", ""--disable-semantic-fallback""]","== match report for /home/arjaiswal/Polygeist/issues/mfem_c_kernels/application_extractions/results/mfem_app_ex9p_mass_convection_2d.debufferized.mlir ==
  match          body#[0, 1]  cutensornetContraction2_f64
  match          body#[2, 3]  cutensornetContraction2_f64
  no_match       body#4  ?
  match          body#[5, 6]  cutensornetContraction2_f64
  no_match       body#7  ?
  match          body#[8, 9]  cutensornetContraction2_f64
  match          body#[10, 11]  cutensornetContraction2_f64
  match          body#[12, 13]  cutensornetContraction2_f64
  match          body#[14, 15]  cutensornetContraction2_f64
  no_match       body#16  ?
  no_match       body#17  ?
  match          body#[18, 19]  cutensornetContraction2_f64
  no_match       body#20  ?
  match          body#[21]  cublasDaxpby
  no_match       body#22  ?
  no_match       body#23  ?
  rank_or_dtype_reject body#24  cublasDdot
  match          body#[25]  cublasDaxpby
  total: 10 matched / 18 bodies
",0,[],0,0,0,0,/home/arjaiswal/Polygeist/issues/mfem_c_kernels/application_extractions/results/mfem_app_ex9p_mass_convection_2d.debufferized.mlir,25128,0,26,18,980.8097705245018,7,66940,0.7973313331604004,0,110,0,0,"[{""body_indices"": [0, 1], ""symbol"": ""cutensornetContraction2_f64""}, {""body_indices"": [2, 3], ""symbol"": ""cutensornetContraction2_f64""}, {""body_indices"": [5, 6], ""symbol"": ""cutensornetContraction2_f64""}, {""body_indices"": [8, 9], ""symbol"": ""cutensornetContraction2_f64""}, {""body_indices"": [10, 11], ""symbol"": ""cutensornetContraction2_f64""}, {""body_indices"": [12, 13], ""symbol"": ""cutensornetContraction2_f64""}, {""body_indices"": [14, 15], ""symbol"": ""cutensornetContraction2_f64""}, {""body_indices"": [18, 19], ""symbol"": ""cutensornetContraction2_f64""}, {""body_indices"": [21], ""symbol"": ""cublasDaxpby""}, {""body_indices"": [25], ""symbol"": ""cublasDaxpby""}]",10,0,136,0.0,136
mfem_application,mfem_app_ex9p_mass_convection_2d,/home/arjaiswal/Polygeist/issues/mfem_c_kernels/application_extractions/results/mfem_app_ex9p_mass_convection_2d.debufferized.mlir,9add4d31b6d7e538118d1b05ccf2c4c55cdcffab98088e6c69e70fdadc95423c,syntactic,2,ok,0,3848.1906205415726,0,"[""/usr/bin/python3"", ""/home/arjaiswal/Polygeist/scripts/correctness/kernel_match_rewrite.py"", ""/home/arjaiswal/Polygeist/issues/mfem_c_kernels/application_extractions/results/mfem_app_ex9p_mass_convection_2d.debufferized.mlir"", ""--dry-run"", ""--matcher-mode"", ""syntactic"", ""--telemetry-json"", ""/home/arjaiswal/Polygeist/issues/equality_saturation_eval/campaign_20260908/mfem_application-mfem_app_ex9p_mass_convection_2d-syntactic-093e0o6_.json"", ""--disable-semantic-fallback""]","== match report for /home/arjaiswal/Polygeist/issues/mfem_c_kernels/application_extractions/results/mfem_app_ex9p_mass_convection_2d.debufferized.mlir ==
  match          body#[0, 1]  cutensornetContraction2_f64
  match          body#[2, 3]  cutensornetContraction2_f64
  no_match       body#4  ?
  match          body#[5, 6]  cutensornetContraction2_f64
  no_match       body#7  ?
  match          body#[8, 9]  cutensornetContraction2_f64
  match          body#[10, 11]  cutensornetContraction2_f64
  match          body#[12, 13]  cutensornetContraction2_f64
  match          body#[14, 15]  cutensornetContraction2_f64
  no_match       body#16  ?
  no_match       body#17  ?
  match          body#[18, 19]  cutensornetContraction2_f64
  no_match       body#20  ?
  match          body#[21]  cublasDaxpby
  no_match       body#22  ?
  no_match       body#23  ?
  rank_or_dtype_reject body#24  cublasDdot
  match          body#[25]  cublasDaxpby
  total: 10 matched / 18 bodies
",0,[],0,0,0,0,/home/arjaiswal/Polygeist/issues/mfem_c_kernels/application_extractions/results/mfem_app_ex9p_mass_convection_2d.debufferized.mlir,25128,0,26,18,2269.498821347952,7,66912,0.8488111197948456,0,110,0,0,"[{""body_indices"": [0, 1], ""symbol"": ""cutensornetContraction2_f64""}, {""body_indices"": [2, 3], ""symbol"": ""cutensornetContraction2_f64""}, {""body_indices"": [5, 6], ""symbol"": ""cutensornetContraction2_f64""}, {""body_indices"": [8, 9], ""symbol"": ""cutensornetContraction2_f64""}, {""body_indices"": [10, 11], ""symbol"": ""cutensornetContraction2_f64""}, {""body_indices"": [12, 13], ""symbol"": ""cutensornetContraction2_f64""}, {""body_indices"": [14, 15], ""symbol"": ""cutensornetContraction2_f64""}, {""body_indices"": [18, 19], ""symbol"": ""cutensornetContraction2_f64""}, {""body_indices"": [21], ""symbol"": ""cublasDaxpby""}, {""body_indices"": [25], ""symbol"": ""cublasDaxpby""}]",10,0,136,0.0,136
mfem_application,mfem_app_ex9p_mass_convection_2d,/home/arjaiswal/Polygeist/issues/mfem_c_kernels/application_extractions/results/mfem_app_ex9p_mass_convection_2d.debufferized.mlir,9add4d31b6d7e538118d1b05ccf2c4c55cdcffab98088e6c69e70fdadc95423c,egglog,2,ok,0,6284.459225833416,0,"[""/usr/bin/python3"", ""/home/arjaiswal/Polygeist/scripts/correctness/kernel_match_rewrite.py"", ""/home/arjaiswal/Polygeist/issues/mfem_c_kernels/application_extractions/results/mfem_app_ex9p_mass_convection_2d.debufferized.mlir"", ""--dry-run"", ""--matcher-mode"", ""egglog"", ""--telemetry-json"", ""/home/arjaiswal/Polygeist/issues/equality_saturation_eval/campaign_20260908/mfem_application-mfem_app_ex9p_mass_convection_2d-egglog-mjyyod4g.json"", ""--disable-semantic-fallback""]","== match report for /home/arjaiswal/Polygeist/issues/mfem_c_kernels/application_extractions/results/mfem_app_ex9p_mass_convection_2d.debufferized.mlir ==
  match          body#[0, 1]  cutensornetContraction2_f64
  match          body#[2, 3]  cutensornetContraction2_f64
  no_match       body#4  ?
  match          body#[5, 6]  cutensornetContraction2_f64
  no_match       body#7  ?
  match          body#[8, 9]  cutensornetContraction2_f64
  match          body#[10, 11]  cutensornetContraction2_f64
  match          body#[12, 13]  cutensornetContraction2_f64
  match          body#[14, 15]  cutensornetContraction2_f64
  no_match       body#16  ?
  no_match       body#17  ?
  match          body#[18, 19]  cutensornetContraction2_f64
  no_match       body#20  ?
  match          body#[21]  cublasDaxpby
  no_match       body#22  ?
  no_match       body#23  ?
  rank_or_dtype_reject body#24  cublasDdot
  match          body#[25]  cublasDaxpby
  total: 10 matched / 18 bodies
",0,[],0,0,0,0,/home/arjaiswal/Polygeist/issues/mfem_c_kernels/application_extractions/results/mfem_app_ex9p_mass_convection_2d.debufferized.mlir,25128,8,26,18,5068.5398280620575,7,71588,2753.2448768615723,110,110,0,236,"[{""body_indices"": [0, 1], ""symbol"": ""cutensornetContraction2_f64""}, {""body_indices"": [2, 3], ""symbol"": ""cutensornetContraction2_f64""}, {""body_indices"": [5, 6], ""symbol"": ""cutensornetContraction2_f64""}, {""body_indices"": [8, 9], ""symbol"": ""cutensornetContraction2_f64""}, {""body_indices"": [10, 11], ""symbol"": ""cutensornetContraction2_f64""}, {""body_indices"": [12, 13], ""symbol"": ""cutensornetContraction2_f64""}, {""body_indices"": [14, 15], ""symbol"": ""cutensornetContraction2_f64""}, {""body_indices"": [18, 19], ""symbol"": ""cutensornetContraction2_f64""}, {""body_indices"": [21], ""symbol"": ""cublasDaxpby""}, {""body_indices"": [25], ""symbol"": ""cublasDaxpby""}]",10,0,0,0.0,136
mfem_application,mfem_app_ex9p_mass_convection_2d,/home/arjaiswal/Polygeist/issues/mfem_c_kernels/application_extractions/results/mfem_app_ex9p_mass_convection_2d.debufferized.mlir,9add4d31b6d7e538118d1b05ccf2c4c55cdcffab98088e6c69e70fdadc95423c,egglog,3,ok,0,8515.935830771923,0,"[""/usr/bin/python3"", ""/home/arjaiswal/Polygeist/scripts/correctness/kernel_match_rewrite.py"", ""/home/arjaiswal/Polygeist/issues/mfem_c_kernels/application_extractions/results/mfem_app_ex9p_mass_convection_2d.debufferized.mlir"", ""--dry-run"", ""--matcher-mode"", ""egglog"", ""--telemetry-json"", ""/home/arjaiswal/Polygeist/issues/equality_saturation_eval/campaign_20260908/mfem_application-mfem_app_ex9p_mass_convection_2d-egglog-ofqtdft0.json"", ""--disable-semantic-fallback""]","== match report for /home/arjaiswal/Polygeist/issues/mfem_c_kernels/application_extractions/results/mfem_app_ex9p_mass_convection_2d.debufferized.mlir ==
  match          body#[0, 1]  cutensornetContraction2_f64
  match          body#[2, 3]  cutensornetContraction2_f64
  no_match       body#4  ?
  match          body#[5, 6]  cutensornetContraction2_f64
  no_match       body#7  ?
  match          body#[8, 9]  cutensornetContraction2_f64
  match          body#[10, 11]  cutensornetContraction2_f64
  match          body#[12, 13]  cutensornetContraction2_f64
  match          body#[14, 15]  cutensornetContraction2_f64
  no_match       body#16  ?
  no_match       body#17  ?
  match          body#[18, 19]  cutensornetContraction2_f64
  no_match       body#20  ?
  match          body#[21]  cublasDaxpby
  no_match       body#22  ?
  no_match       body#23  ?
  rank_or_dtype_reject body#24  cublasDdot
  match          body#[25]  cublasDaxpby
  total: 10 matched / 18 bodies
",0,[],0,0,0,0,/home/arjaiswal/Polygeist/issues/mfem_c_kernels/application_extractions/results/mfem_app_ex9p_mass_convection_2d.debufferized.mlir,25128,8,26,18,6053.157959133387,7,71392,2874.9035708606243,110,110,0,236,"[{""body_indices"": [0, 1], ""symbol"": ""cutensornetContraction2_f64""}, {""body_indices"": [2, 3], ""symbol"": ""cutensornetContraction2_f64""}, {""body_indices"": [5, 6], ""symbol"": ""cutensornetContraction2_f64""}, {""body_indices"": [8, 9], ""symbol"": ""cutensornetContraction2_f64""}, {""body_indices"": [10, 11], ""symbol"": ""cutensornetContraction2_f64""}, {""body_indices"": [12, 13], ""symbol"": ""cutensornetContraction2_f64""}, {""body_indices"": [14, 15], ""symbol"": ""cutensornetContraction2_f64""}, {""body_indices"": [18, 19], ""symbol"": ""cutensornetContraction2_f64""}, {""body_indices"": [21], ""symbol"": ""cublasDaxpby""}, {""body_indices"": [25], ""symbol"": ""cublasDaxpby""}]",10,0,0,0.0,136
mfem_application,mfem_app_ex9p_mass_convection_2d,/home/arjaiswal/Polygeist/issues/mfem_c_kernels/application_extractions/results/mfem_app_ex9p_mass_convection_2d.debufferized.mlir,9add4d31b6d7e538118d1b05ccf2c4c55cdcffab98088e6c69e70fdadc95423c,syntactic,3,ok,0,7693.163715302944,0,"[""/usr/bin/python3"", ""/home/arjaiswal/Polygeist/scripts/correctness/kernel_match_rewrite.py"", ""/home/arjaiswal/Polygeist/issues/mfem_c_kernels/application_extractions/results/mfem_app_ex9p_mass_convection_2d.debufferized.mlir"", ""--dry-run"", ""--matcher-mode"", ""syntactic"", ""--telemetry-json"", ""/home/arjaiswal/Polygeist/issues/equality_saturation_eval/campaign_20260908/mfem_application-mfem_app_ex9p_mass_convection_2d-syntactic-kp4eh08b.json"", ""--disable-semantic-fallback""]","== match report for /home/arjaiswal/Polygeist/issues/mfem_c_kernels/application_extractions/results/mfem_app_ex9p_mass_convection_2d.debufferized.mlir ==
  match          body#[0, 1]  cutensornetContraction2_f64
  match          body#[2, 3]  cutensornetContraction2_f64
  no_match       body#4  ?
  match          body#[5, 6]  cutensornetContraction2_f64
  no_match       body#7  ?
  match          body#[8, 9]  cutensornetContraction2_f64
  match          body#[10, 11]  cutensornetContraction2_f64
  match          body#[12, 13]  cutensornetContraction2_f64
  match          body#[14, 15]  cutensornetContraction2_f64
  no_match       body#16  ?
  no_match       body#17  ?
  match          body#[18, 19]  cutensornetContraction2_f64
  no_match       body#20  ?
  match          body#[21]  cublasDaxpby
  no_match       body#22  ?
  no_match       body#23  ?
  rank_or_dtype_reject body#24  cublasDdot
  match          body#[25]  cublasDaxpby
  total: 10 matched / 18 bodies
",0,[],0,0,0,0,/home/arjaiswal/Polygeist/issues/mfem_c_kernels/application_extractions/results/mfem_app_ex9p_mass_convection_2d.debufferized.mlir,25128,0,26,18,5214.226480573416,7,67068,0.9635947644710541,0,110,0,0,"[{""body_indices"": [0, 1], ""symbol"": ""cutensornetContraction2_f64""}, {""body_indices"": [2, 3], ""symbol"": ""cutensornetContraction2_f64""}, {""body_indices"": [5, 6], ""symbol"": ""cutensornetContraction2_f64""}, {""body_indices"": [8, 9], ""symbol"": ""cutensornetContraction2_f64""}, {""body_indices"": [10, 11], ""symbol"": ""cutensornetContraction2_f64""}, {""body_indices"": [12, 13], ""symbol"": ""cutensornetContraction2_f64""}, {""body_indices"": [14, 15], ""symbol"": ""cutensornetContraction2_f64""}, {""body_indices"": [18, 19], ""symbol"": ""cutensornetContraction2_f64""}, {""body_indices"": [21], ""symbol"": ""cublasDaxpby""}, {""body_indices"": [25], ""symbol"": ""cublasDaxpby""}]",10,0,136,0.0,136
mfem_application,mfem_app_ex9p_mass_convection_2d,/home/arjaiswal/Polygeist/issues/mfem_c_kernels/application_extractions/results/mfem_app_ex9p_mass_convection_2d.debufferized.mlir,9add4d31b6d7e538118d1b05ccf2c4c55cdcffab98088e6c69e70fdadc95423c,syntactic,4,ok,0,4117.96835437417,0,"[""/usr/bin/python3"", ""/home/arjaiswal/Polygeist/scripts/correctness/kernel_match_rewrite.py"", ""/home/arjaiswal/Polygeist/issues/mfem_c_kernels/application_extractions/results/mfem_app_ex9p_mass_convection_2d.debufferized.mlir"", ""--dry-run"", ""--matcher-mode"", ""syntactic"", ""--telemetry-json"", ""/home/arjaiswal/Polygeist/issues/equality_saturation_eval/campaign_20260908/mfem_application-mfem_app_ex9p_mass_convection_2d-syntactic-l8zmy1qn.json"", ""--disable-semantic-fallback""]","== match report for /home/arjaiswal/Polygeist/issues/mfem_c_kernels/application_extractions/results/mfem_app_ex9p_mass_convection_2d.debufferized.mlir ==
  match          body#[0, 1]  cutensornetContraction2_f64
  match          body#[2, 3]  cutensornetContraction2_f64
  no_match       body#4  ?
  match          body#[5, 6]  cutensornetContraction2_f64
  no_match       body#7  ?
  match          body#[8, 9]  cutensornetContraction2_f64
  match          body#[10, 11]  cutensornetContraction2_f64
  match          body#[12, 13]  cutensornetContraction2_f64
  match          body#[14, 15]  cutensornetContraction2_f64
  no_match       body#16  ?
  no_match       body#17  ?
  match          body#[18, 19]  cutensornetContraction2_f64
  no_match       body#20  ?
  match          body#[21]  cublasDaxpby
  no_match       body#22  ?
  no_match       body#23  ?
  rank_or_dtype_reject body#24  cublasDdot
  match          body#[25]  cublasDaxpby
  total: 10 matched / 18 bodies
",0,[],0,0,0,0,/home/arjaiswal/Polygeist/issues/mfem_c_kernels/application_extractions/results/mfem_app_ex9p_mass_convection_2d.debufferized.mlir,25128,0,26,18,2647.2530364990234,7,66980,17.19261333346367,0,110,0,0,"[{""body_indices"": [0, 1], ""symbol"": ""cutensornetContraction2_f64""}, {""body_indices"": [2, 3], ""symbol"": ""cutensornetContraction2_f64""}, {""body_indices"": [5, 6], ""symbol"": ""cutensornetContraction2_f64""}, {""body_indices"": [8, 9], ""symbol"": ""cutensornetContraction2_f64""}, {""body_indices"": [10, 11], ""symbol"": ""cutensornetContraction2_f64""}, {""body_indices"": [12, 13], ""symbol"": ""cutensornetContraction2_f64""}, {""body_indices"": [14, 15], ""symbol"": ""cutensornetContraction2_f64""}, {""body_indices"": [18, 19], ""symbol"": ""cutensornetContraction2_f64""}, {""body_indices"": [21], ""symbol"": ""cublasDaxpby""}, {""body_indices"": [25], ""symbol"": ""cublasDaxpby""}]",10,0,136,0.0,136
mfem_application,mfem_app_ex9p_mass_convection_2d,/home/arjaiswal/Polygeist/issues/mfem_c_kernels/application_extractions/results/mfem_app_ex9p_mass_convection_2d.debufferized.mlir,9add4d31b6d7e538118d1b05ccf2c4c55cdcffab98088e6c69e70fdadc95423c,egglog,4,ok,0,6878.35668772459,0,"[""/usr/bin/python3"", ""/home/arjaiswal/Polygeist/scripts/correctness/kernel_match_rewrite.py"", ""/home/arjaiswal/Polygeist/issues/mfem_c_kernels/application_extractions/results/mfem_app_ex9p_mass_convection_2d.debufferized.mlir"", ""--dry-run"", ""--matcher-mode"", ""egglog"", ""--telemetry-json"", ""/home/arjaiswal/Polygeist/issues/equality_saturation_eval/campaign_20260908/mfem_application-mfem_app_ex9p_mass_convection_2d-egglog-n3bt4dxb.json"", ""--disable-semantic-fallback""]","== match report for /home/arjaiswal/Polygeist/issues/mfem_c_kernels/application_extractions/results/mfem_app_ex9p_mass_convection_2d.debufferized.mlir ==
  match          body#[0, 1]  cutensornetContraction2_f64
  match          body#[2, 3]  cutensornetContraction2_f64
  no_match       body#4  ?
  match          body#[5, 6]  cutensornetContraction2_f64
  no_match       body#7  ?
  match          body#[8, 9]  cutensornetContraction2_f64
  match          body#[10, 11]  cutensornetContraction2_f64
  match          body#[12, 13]  cutensornetContraction2_f64
  match          body#[14, 15]  cutensornetContraction2_f64
  no_match       body#16  ?
  no_match       body#17  ?
  match          body#[18, 19]  cutensornetContraction2_f64
  no_match       body#20  ?
  match          body#[21]  cublasDaxpby
  no_match       body#22  ?
  no_match       body#23  ?
  rank_or_dtype_reject body#24  cublasDdot
  match          body#[25]  cublasDaxpby
  total: 10 matched / 18 bodies
",0,[],0,0,0,0,/home/arjaiswal/Polygeist/issues/mfem_c_kernels/application_extractions/results/mfem_app_ex9p_mass_convection_2d.debufferized.mlir,25128,8,26,18,5622.965719550848,7,71492,2871.314372867346,110,110,0,236,"[{""body_indices"": [0, 1], ""symbol"": ""cutensornetContraction2_f64""}, {""body_indices"": [2, 3], ""symbol"": ""cutensornetContraction2_f64""}, {""body_indices"": [5, 6], ""symbol"": ""cutensornetContraction2_f64""}, {""body_indices"": [8, 9], ""symbol"": ""cutensornetContraction2_f64""}, {""body_indices"": [10, 11], ""symbol"": ""cutensornetContraction2_f64""}, {""body_indices"": [12, 13], ""symbol"": ""cutensornetContraction2_f64""}, {""body_indices"": [14, 15], ""symbol"": ""cutensornetContraction2_f64""}, {""body_indices"": [18, 19], ""symbol"": ""cutensornetContraction2_f64""}, {""body_indices"": [21], ""symbol"": ""cublasDaxpby""}, {""body_indices"": [25], ""symbol"": ""cublasDaxpby""}]",10,0,0,0.0,136
mfem_application,mfem_app_ex9p_mass_convection_2d,/home/arjaiswal/Polygeist/issues/mfem_c_kernels/application_extractions/results/mfem_app_ex9p_mass_convection_2d.debufferized.mlir,9add4d31b6d7e538118d1b05ccf2c4c55cdcffab98088e6c69e70fdadc95423c,egglog,5,ok,0,6569.901995360851,0,"[""/usr/bin/python3"", ""/home/arjaiswal/Polygeist/scripts/correctness/kernel_match_rewrite.py"", ""/home/arjaiswal/Polygeist/issues/mfem_c_kernels/application_extractions/results/mfem_app_ex9p_mass_convection_2d.debufferized.mlir"", ""--dry-run"", ""--matcher-mode"", ""egglog"", ""--telemetry-json"", ""/home/arjaiswal/Polygeist/issues/equality_saturation_eval/campaign_20260908/mfem_application-mfem_app_ex9p_mass_convection_2d-egglog-o1hjl06b.json"", ""--disable-semantic-fallback""]","== match report for /home/arjaiswal/Polygeist/issues/mfem_c_kernels/application_extractions/results/mfem_app_ex9p_mass_convection_2d.debufferized.mlir ==
  match          body#[0, 1]  cutensornetContraction2_f64
  match          body#[2, 3]  cutensornetContraction2_f64
  no_match       body#4  ?
  match          body#[5, 6]  cutensornetContraction2_f64
  no_match       body#7  ?
  match          body#[8, 9]  cutensornetContraction2_f64
  match          body#[10, 11]  cutensornetContraction2_f64
  match          body#[12, 13]  cutensornetContraction2_f64
  match          body#[14, 15]  cutensornetContraction2_f64
  no_match       body#16  ?
  no_match       body#17  ?
  match          body#[18, 19]  cutensornetContraction2_f64
  no_match       body#20  ?
  match          body#[21]  cublasDaxpby
  no_match       body#22  ?
  no_match       body#23  ?
  rank_or_dtype_reject body#24  cublasDdot
  match          body#[25]  cublasDaxpby
  total: 10 matched / 18 bodies
",0,[],0,0,0,0,/home/arjaiswal/Polygeist/issues/mfem_c_kernels/application_extractions/results/mfem_app_ex9p_mass_convection_2d.debufferized.mlir,25128,8,26,18,5584.6156924963,7,71400,2646.6912776231766,110,110,0,236,"[{""body_indices"": [0, 1], ""symbol"": ""cutensornetContraction2_f64""}, {""body_indices"": [2, 3], ""symbol"": ""cutensornetContraction2_f64""}, {""body_indices"": [5, 6], ""symbol"": ""cutensornetContraction2_f64""}, {""body_indices"": [8, 9], ""symbol"": ""cutensornetContraction2_f64""}, {""body_indices"": [10, 11], ""symbol"": ""cutensornetContraction2_f64""}, {""body_indices"": [12, 13], ""symbol"": ""cutensornetContraction2_f64""}, {""body_indices"": [14, 15], ""symbol"": ""cutensornetContraction2_f64""}, {""body_indices"": [18, 19], ""symbol"": ""cutensornetContraction2_f64""}, {""body_indices"": [21], ""symbol"": ""cublasDaxpby""}, {""body_indices"": [25], ""symbol"": ""cublasDaxpby""}]",10,0,0,0.0,136
mfem_application,mfem_app_ex9p_mass_convection_2d,/home/arjaiswal/Polygeist/issues/mfem_c_kernels/application_extractions/results/mfem_app_ex9p_mass_convection_2d.debufferized.mlir,9add4d31b6d7e538118d1b05ccf2c4c55cdcffab98088e6c69e70fdadc95423c,syntactic,5,ok,0,2393.001887947321,0,"[""/usr/bin/python3"", ""/home/arjaiswal/Polygeist/scripts/correctness/kernel_match_rewrite.py"", ""/home/arjaiswal/Polygeist/issues/mfem_c_kernels/application_extractions/results/mfem_app_ex9p_mass_convection_2d.debufferized.mlir"", ""--dry-run"", ""--matcher-mode"", ""syntactic"", ""--telemetry-json"", ""/home/arjaiswal/Polygeist/issues/equality_saturation_eval/campaign_20260908/mfem_application-mfem_app_ex9p_mass_convection_2d-syntactic-cg5j2t6w.json"", ""--disable-semantic-fallback""]","== match report for /home/arjaiswal/Polygeist/issues/mfem_c_kernels/application_extractions/results/mfem_app_ex9p_mass_convection_2d.debufferized.mlir ==
  match          body#[0, 1]  cutensornetContraction2_f64
  match          body#[2, 3]  cutensornetContraction2_f64
  no_match       body#4  ?
  match          body#[5, 6]  cutensornetContraction2_f64
  no_match       body#7  ?
  match          body#[8, 9]  cutensornetContraction2_f64
  match          body#[10, 11]  cutensornetContraction2_f64
  match          body#[12, 13]  cutensornetContraction2_f64
  match          body#[14, 15]  cutensornetContraction2_f64
  no_match       body#16  ?
  no_match       body#17  ?
  match          body#[18, 19]  cutensornetContraction2_f64
  no_match       body#20  ?
  match          body#[21]  cublasDaxpby
  no_match       body#22  ?
  no_match       body#23  ?
  rank_or_dtype_reject body#24  cublasDdot
  match          body#[25]  cublasDaxpby
  total: 10 matched / 18 bodies
",0,[],0,0,0,0,/home/arjaiswal/Polygeist/issues/mfem_c_kernels/application_extractions/results/mfem_app_ex9p_mass_convection_2d.debufferized.mlir,25128,0,26,18,1625.2110600471497,7,66804,0.8184090256690979,0,110,0,0,"[{""body_indices"": [0, 1], ""symbol"": ""cutensornetContraction2_f64""}, {""body_indices"": [2, 3], ""symbol"": ""cutensornetContraction2_f64""}, {""body_indices"": [5, 6], ""symbol"": ""cutensornetContraction2_f64""}, {""body_indices"": [8, 9], ""symbol"": ""cutensornetContraction2_f64""}, {""body_indices"": [10, 11], ""symbol"": ""cutensornetContraction2_f64""}, {""body_indices"": [12, 13], ""symbol"": ""cutensornetContraction2_f64""}, {""body_indices"": [14, 15], ""symbol"": ""cutensornetContraction2_f64""}, {""body_indices"": [18, 19], ""symbol"": ""cutensornetContraction2_f64""}, {""body_indices"": [21], ""symbol"": ""cublasDaxpby""}, {""body_indices"": [25], ""symbol"": ""cublasDaxpby""}]",10,0,136,0.0,136
mfem_application,mfem_app_grad_div_3d,/home/arjaiswal/Polygeist/issues/mfem_c_kernels/application_extractions/results/mfem_app_grad_div_3d.debufferized.mlir,cccfa1d001af95371072389160a93cc4e5937f08d5845704e02696bc48123056,syntactic,1,ok,0,2883.1130377948284,0,"[""/usr/bin/python3"", ""/home/arjaiswal/Polygeist/scripts/correctness/kernel_match_rewrite.py"", ""/home/arjaiswal/Polygeist/issues/mfem_c_kernels/application_extractions/results/mfem_app_grad_div_3d.debufferized.mlir"", ""--dry-run"", ""--matcher-mode"", ""syntactic"", ""--telemetry-json"", ""/home/arjaiswal/Polygeist/issues/equality_saturation_eval/campaign_20260908/mfem_application-mfem_app_grad_div_3d-syntactic-cm9a6l7t.json"", ""--disable-semantic-fallback""]","== match report for /home/arjaiswal/Polygeist/issues/mfem_c_kernels/application_extractions/results/mfem_app_grad_div_3d.debufferized.mlir ==
  match          body#[0, 1]  cutensornetContraction2_f64
  match          body#[2, 3]  cutensornetContraction2_f64
  match          body#[4, 5]  cutensornetContraction2_f64
  match          body#[6, 7]  cutensornetContraction2_f64
  match          body#[8, 9]  cutensornetContraction2_f64
  match          body#[10, 11]  cutensornetContraction2_f64
  match          body#[12, 13]  cutensornetContraction2_f64
  match          body#[14, 15]  cutensornetContraction2_f64
  match          body#[16, 17]  cutensornetContraction2_f64
  no_match       body#18  ?
  no_match       body#19  ?
  no_match       body#20  ?
  no_match       body#21  ?
  no_match       body#22  ?
  no_match       body#23  ?
  match          body#[24, 25]  cutensornetContraction2_f64
  match          body#[26, 27]  cutensornetContraction2_f64
  match          body#[28, 29]  cutensornetContraction2_f64
  no_match       body#30  ?
  no_match       body#31  ?
  no_match       body#32  ?
  no_match       body#33  ?
  no_match       body#34  ?
  no_match       body#35  ?
  no_match       body#36  ?
  no_match       body#37  ?
  no_match       body#38  ?
  no_match       body#39  ?
  no_match       body#40  ?
  no_match       body#41  ?
  no_match       body#42  ?
  total: 12 matched / 31 bodies
",0,[],0,0,0,0,/home/arjaiswal/Polygeist/issues/mfem_c_kernels/application_extractions/results/mfem_app_grad_div_3d.debufferized.mlir,53626,0,43,24,1423.7947799265385,19,67620,0.7020197808742523,0,156,0,0,"[{""body_indices"": [0, 1], ""symbol"": ""cutensornetContraction2_f64""}, {""body_indices"": [2, 3], ""symbol"": ""cutensornetContraction2_f64""}, {""body_indices"": [4, 5], ""symbol"": ""cutensornetContraction2_f64""}, {""body_indices"": [6, 7], ""symbol"": ""cutensornetContraction2_f64""}, {""body_indices"": [8, 9], ""symbol"": ""cutensornetContraction2_f64""}, {""body_indices"": [10, 11], ""symbol"": ""cutensornetContraction2_f64""}, {""body_indices"": [12, 13], ""symbol"": ""cutensornetContraction2_f64""}, {""body_indices"": [14, 15], ""symbol"": ""cutensornetContraction2_f64""}, {""body_indices"": [16, 17], ""symbol"": ""cutensornetContraction2_f64""}, {""body_indices"": [24, 25], ""symbol"": ""cutensornetContraction2_f64""}, {""body_indices"": [26, 27], ""symbol"": ""cutensornetContraction2_f64""}, {""body_indices"": [28, 29], ""symbol"": ""cutensornetContraction2_f64""}]",12,0,156,0.0,156
mfem_application,mfem_app_grad_div_3d,/home/arjaiswal/Polygeist/issues/mfem_c_kernels/application_extractions/results/mfem_app_grad_div_3d.debufferized.mlir,cccfa1d001af95371072389160a93cc4e5937f08d5845704e02696bc48123056,egglog,1,ok,0,5152.755539864302,0,"[""/usr/bin/python3"", ""/home/arjaiswal/Polygeist/scripts/correctness/kernel_match_rewrite.py"", ""/home/arjaiswal/Polygeist/issues/mfem_c_kernels/application_extractions/results/mfem_app_grad_div_3d.debufferized.mlir"", ""--dry-run"", ""--matcher-mode"", ""egglog"", ""--telemetry-json"", ""/home/arjaiswal/Polygeist/issues/equality_saturation_eval/campaign_20260908/mfem_application-mfem_app_grad_div_3d-egglog-yzmyuz6j.json"", ""--disable-semantic-fallback""]","== match report for /home/arjaiswal/Polygeist/issues/mfem_c_kernels/application_extractions/results/mfem_app_grad_div_3d.debufferized.mlir ==
  match          body#[0, 1]  cutensornetContraction2_f64
  match          body#[2, 3]  cutensornetContraction2_f64
  match          body#[4, 5]  cutensornetContraction2_f64
  match          body#[6, 7]  cutensornetContraction2_f64
  match          body#[8, 9]  cutensornetContraction2_f64
  match          body#[10, 11]  cutensornetContraction2_f64
  match          body#[12, 13]  cutensornetContraction2_f64
  match          body#[14, 15]  cutensornetContraction2_f64
  match          body#[16, 17]  cutensornetContraction2_f64
  no_match       body#18  ?
  no_match       body#19  ?
  no_match       body#20  ?
  no_match       body#21  ?
  no_match       body#22  ?
  no_match       body#23  ?
  match          body#[24, 25]  cutensornetContraction2_f64
  match          body#[26, 27]  cutensornetContraction2_f64
  match          body#[28, 29]  cutensornetContraction2_f64
  no_match       body#30  ?
  no_match       body#31  ?
  no_match       body#32  ?
  no_match       body#33  ?
  no_match       body#34  ?
  no_match       body#35  ?
  no_match       body#36  ?
  no_match       body#37  ?
  no_match       body#38  ?
  no_match       body#39  ?
  no_match       body#40  ?
  no_match       body#41  ?
  no_match       body#42  ?
  total: 12 matched / 31 bodies
",0,[],0,0,0,0,/home/arjaiswal/Polygeist/issues/mfem_c_kernels/application_extractions/results/mfem_app_grad_div_3d.debufferized.mlir,53626,8,43,24,3583.14323797822,19,72332,1815.8585242927074,156,156,0,96,"[{""body_indices"": [0, 1], ""symbol"": ""cutensornetContraction2_f64""}, {""body_indices"": [2, 3], ""symbol"": ""cutensornetContraction2_f64""}, {""body_indices"": [4, 5], ""symbol"": ""cutensornetContraction2_f64""}, {""body_indices"": [6, 7], ""symbol"": ""cutensornetContraction2_f64""}, {""body_indices"": [8, 9], ""symbol"": ""cutensornetContraction2_f64""}, {""body_indices"": [10, 11], ""symbol"": ""cutensornetContraction2_f64""}, {""body_indices"": [12, 13], ""symbol"": ""cutensornetContraction2_f64""}, {""body_indices"": [14, 15], ""symbol"": ""cutensornetContraction2_f64""}, {""body_indices"": [16, 17], ""symbol"": ""cutensornetContraction2_f64""}, {""body_indices"": [24, 25], ""symbol"": ""cutensornetContraction2_f64""}, {""body_indices"": [26, 27], ""symbol"": ""cutensornetContraction2_f64""}, {""body_indices"": [28, 29], ""symbol"": ""cutensornetContraction2_f64""}]",12,0,0,0.0,156
mfem_application,mfem_app_grad_div_3d,/home/arjaiswal/Polygeist/issues/mfem_c_kernels/application_extractions/results/mfem_app_grad_div_3d.debufferized.mlir,cccfa1d001af95371072389160a93cc4e5937f08d5845704e02696bc48123056,egglog,2,ok,0,7173.3419969677925,0,"[""/usr/bin/python3"", ""/home/arjaiswal/Polygeist/scripts/correctness/kernel_match_rewrite.py"", ""/home/arjaiswal/Polygeist/issues/mfem_c_kernels/application_extractions/results/mfem_app_grad_div_3d.debufferized.mlir"", ""--dry-run"", ""--matcher-mode"", ""egglog"", ""--telemetry-json"", ""/home/arjaiswal/Polygeist/issues/equality_saturation_eval/campaign_20260908/mfem_application-mfem_app_grad_div_3d-egglog-8g_jmixm.json"", ""--disable-semantic-fallback""]","== match report for /home/arjaiswal/Polygeist/issues/mfem_c_kernels/application_extractions/results/mfem_app_grad_div_3d.debufferized.mlir ==
  match          body#[0, 1]  cutensornetContraction2_f64
  match          body#[2, 3]  cutensornetContraction2_f64
  match          body#[4, 5]  cutensornetContraction2_f64
  match          body#[6, 7]  cutensornetContraction2_f64
  match          body#[8, 9]  cutensornetContraction2_f64
  match          body#[10, 11]  cutensornetContraction2_f64
  match          body#[12, 13]  cutensornetContraction2_f64
  match          body#[14, 15]  cutensornetContraction2_f64
  match          body#[16, 17]  cutensornetContraction2_f64
  no_match       body#18  ?
  no_match       body#19  ?
  no_match       body#20  ?
  no_match       body#21  ?
  no_match       body#22  ?
  no_match       body#23  ?
  match          body#[24, 25]  cutensornetContraction2_f64
  match          body#[26, 27]  cutensornetContraction2_f64
  match          body#[28, 29]  cutensornetContraction2_f64
  no_match       body#30  ?
  no_match       body#31  ?
  no_match       body#32  ?
  no_match       body#33  ?
  no_match       body#34  ?
  no_match       body#35  ?
  no_match       body#36  ?
  no_match       body#37  ?
  no_match       body#38  ?
  no_match       body#39  ?
  no_match       body#40  ?
  no_match       body#41  ?
  no_match       body#42  ?
  total: 12 matched / 31 bodies
",0,[],0,0,0,0,/home/arjaiswal/Polygeist/issues/mfem_c_kernels/application_extractions/results/mfem_app_grad_div_3d.debufferized.mlir,53626,8,43,24,5867.882780730724,19,72008,2543.887097388506,156,156,0,96,"[{""body_indices"": [0, 1], ""symbol"": ""cutensornetContraction2_f64""}, {""body_indices"": [2, 3], ""symbol"": ""cutensornetContraction2_f64""}, {""body_indices"": [4, 5], ""symbol"": ""cutensornetContraction2_f64""}, {""body_indices"": [6, 7], ""symbol"": ""cutensornetContraction2_f64""}, {""body_indices"": [8, 9], ""symbol"": ""cutensornetContraction2_f64""}, {""body_indices"": [10, 11], ""symbol"": ""cutensornetContraction2_f64""}, {""body_indices"": [12, 13], ""symbol"": ""cutensornetContraction2_f64""}, {""body_indices"": [14, 15], ""symbol"": ""cutensornetContraction2_f64""}, {""body_indices"": [16, 17], ""symbol"": ""cutensornetContraction2_f64""}, {""body_indices"": [24, 25], ""symbol"": ""cutensornetContraction2_f64""}, {""body_indices"": [26, 27], ""symbol"": ""cutensornetContraction2_f64""}, {""body_indices"": [28, 29], ""symbol"": ""cutensornetContraction2_f64""}]",12,0,0,0.0,156
mfem_application,mfem_app_grad_div_3d,/home/arjaiswal/Polygeist/issues/mfem_c_kernels/application_extractions/results/mfem_app_grad_div_3d.debufferized.mlir,cccfa1d001af95371072389160a93cc4e5937f08d5845704e02696bc48123056,syntactic,2,ok,0,2902.6473499834538,0,"[""/usr/bin/python3"", ""/home/arjaiswal/Polygeist/scripts/correctness/kernel_match_rewrite.py"", ""/home/arjaiswal/Polygeist/issues/mfem_c_kernels/application_extractions/results/mfem_app_grad_div_3d.debufferized.mlir"", ""--dry-run"", ""--matcher-mode"", ""syntactic"", ""--telemetry-json"", ""/home/arjaiswal/Polygeist/issues/equality_saturation_eval/campaign_20260908/mfem_application-mfem_app_grad_div_3d-syntactic-mzg82x3x.json"", ""--disable-semantic-fallback""]","== match report for /home/arjaiswal/Polygeist/issues/mfem_c_kernels/application_extractions/results/mfem_app_grad_div_3d.debufferized.mlir ==
  match          body#[0, 1]  cutensornetContraction2_f64
  match          body#[2, 3]  cutensornetContraction2_f64
  match          body#[4, 5]  cutensornetContraction2_f64
  match          body#[6, 7]  cutensornetContraction2_f64
  match          body#[8, 9]  cutensornetContraction2_f64
  match          body#[10, 11]  cutensornetContraction2_f64
  match          body#[12, 13]  cutensornetContraction2_f64
  match          body#[14, 15]  cutensornetContraction2_f64
  match          body#[16, 17]  cutensornetContraction2_f64
  no_match       body#18  ?
  no_match       body#19  ?
  no_match       body#20  ?
  no_match       body#21  ?
  no_match       body#22  ?
  no_match       body#23  ?
  match          body#[24, 25]  cutensornetContraction2_f64
  match          body#[26, 27]  cutensornetContraction2_f64
  match          body#[28, 29]  cutensornetContraction2_f64
  no_match       body#30  ?
  no_match       body#31  ?
  no_match       body#32  ?
  no_match       body#33  ?
  no_match       body#34  ?
  no_match       body#35  ?
  no_match       body#36  ?
  no_match       body#37  ?
  no_match       body#38  ?
  no_match       body#39  ?
  no_match       body#40  ?
  no_match       body#41  ?
  no_match       body#42  ?
  total: 12 matched / 31 bodies
",0,[],0,0,0,0,/home/arjaiswal/Polygeist/issues/mfem_c_kernels/application_extractions/results/mfem_app_grad_div_3d.debufferized.mlir,53626,0,43,24,1810.8632415533066,19,67880,0.7869377732276917,0,156,0,0,"[{""body_indices"": [0, 1], ""symbol"": ""cutensornetContraction2_f64""}, {""body_indices"": [2, 3], ""symbol"": ""cutensornetContraction2_f64""}, {""body_indices"": [4, 5], ""symbol"": ""cutensornetContraction2_f64""}, {""body_indices"": [6, 7], ""symbol"": ""cutensornetContraction2_f64""}, {""body_indices"": [8, 9], ""symbol"": ""cutensornetContraction2_f64""}, {""body_indices"": [10, 11], ""symbol"": ""cutensornetContraction2_f64""}, {""body_indices"": [12, 13], ""symbol"": ""cutensornetContraction2_f64""}, {""body_indices"": [14, 15], ""symbol"": ""cutensornetContraction2_f64""}, {""body_indices"": [16, 17], ""symbol"": ""cutensornetContraction2_f64""}, {""body_indices"": [24, 25], ""symbol"": ""cutensornetContraction2_f64""}, {""body_indices"": [26, 27], ""symbol"": ""cutensornetContraction2_f64""}, {""body_indices"": [28, 29], ""symbol"": ""cutensornetContraction2_f64""}]",12,0,156,0.0,156
mfem_application,mfem_app_grad_div_3d,/home/arjaiswal/Polygeist/issues/mfem_c_kernels/application_extractions/results/mfem_app_grad_div_3d.debufferized.mlir,cccfa1d001af95371072389160a93cc4e5937f08d5845704e02696bc48123056,syntactic,3,ok,0,3984.7605787217617,0,"[""/usr/bin/python3"", ""/home/arjaiswal/Polygeist/scripts/correctness/kernel_match_rewrite.py"", ""/home/arjaiswal/Polygeist/issues/mfem_c_kernels/application_extractions/results/mfem_app_grad_div_3d.debufferized.mlir"", ""--dry-run"", ""--matcher-mode"", ""syntactic"", ""--telemetry-json"", ""/home/arjaiswal/Polygeist/issues/equality_saturation_eval/campaign_20260908/mfem_application-mfem_app_grad_div_3d-syntactic-14ldj7y7.json"", ""--disable-semantic-fallback""]","== match report for /home/arjaiswal/Polygeist/issues/mfem_c_kernels/application_extractions/results/mfem_app_grad_div_3d.debufferized.mlir ==
  match          body#[0, 1]  cutensornetContraction2_f64
  match          body#[2, 3]  cutensornetContraction2_f64
  match          body#[4, 5]  cutensornetContraction2_f64
  match          body#[6, 7]  cutensornetContraction2_f64
  match          body#[8, 9]  cutensornetContraction2_f64
  match          body#[10, 11]  cutensornetContraction2_f64
  match          body#[12, 13]  cutensornetContraction2_f64
  match          body#[14, 15]  cutensornetContraction2_f64
  match          body#[16, 17]  cutensornetContraction2_f64
  no_match       body#18  ?
  no_match       body#19  ?
  no_match       body#20  ?
  no_match       body#21  ?
  no_match       body#22  ?
  no_match       body#23  ?
  match          body#[24, 25]  cutensornetContraction2_f64
  match          body#[26, 27]  cutensornetContraction2_f64
  match          body#[28, 29]  cutensornetContraction2_f64
  no_match       body#30  ?
  no_match       body#31  ?
  no_match       body#32  ?
  no_match       body#33  ?
  no_match       body#34  ?
  no_match       body#35  ?
  no_match       body#36  ?
  no_match       body#37  ?
  no_match       body#38  ?
  no_match       body#39  ?
  no_match       body#40  ?
  no_match       body#41  ?
  no_match       body#42  ?
  total: 12 matched / 31 bodies
",0,[],0,0,0,0,/home/arjaiswal/Polygeist/issues/mfem_c_kernels/application_extractions/results/mfem_app_grad_div_3d.debufferized.mlir,53626,0,43,24,1764.5713239908218,19,67556,0.829700380563736,0,156,0,0,"[{""body_indices"": [0, 1], ""symbol"": ""cutensornetContraction2_f64""}, {""body_indices"": [2, 3], ""symbol"": ""cutensornetContraction2_f64""}, {""body_indices"": [4, 5], ""symbol"": ""cutensornetContraction2_f64""}, {""body_indices"": [6, 7], ""symbol"": ""cutensornetContraction2_f64""}, {""body_indices"": [8, 9], ""symbol"": ""cutensornetContraction2_f64""}, {""body_indices"": [10, 11], ""symbol"": ""cutensornetContraction2_f64""}, {""body_indices"": [12, 13], ""symbol"": ""cutensornetContraction2_f64""}, {""body_indices"": [14, 15], ""symbol"": ""cutensornetContraction2_f64""}, {""body_indices"": [16, 17], ""symbol"": ""cutensornetContraction2_f64""}, {""body_indices"": [24, 25], ""symbol"": ""cutensornetContraction2_f64""}, {""body_indices"": [26, 27], ""symbol"": ""cutensornetContraction2_f64""}, {""body_indices"": [28, 29], ""symbol"": ""cutensornetContraction2_f64""}]",12,0,156,0.0,156
mfem_application,mfem_app_grad_div_3d,/home/arjaiswal/Polygeist/issues/mfem_c_kernels/application_extractions/results/mfem_app_grad_div_3d.debufferized.mlir,cccfa1d001af95371072389160a93cc4e5937f08d5845704e02696bc48123056,egglog,3,ok,0,7140.154842287302,0,"[""/usr/bin/python3"", ""/home/arjaiswal/Polygeist/scripts/correctness/kernel_match_rewrite.py"", ""/home/arjaiswal/Polygeist/issues/mfem_c_kernels/application_extractions/results/mfem_app_grad_div_3d.debufferized.mlir"", ""--dry-run"", ""--matcher-mode"", ""egglog"", ""--telemetry-json"", ""/home/arjaiswal/Polygeist/issues/equality_saturation_eval/campaign_20260908/mfem_application-mfem_app_grad_div_3d-egglog-g3plk2_c.json"", ""--disable-semantic-fallback""]","== match report for /home/arjaiswal/Polygeist/issues/mfem_c_kernels/application_extractions/results/mfem_app_grad_div_3d.debufferized.mlir ==
  match          body#[0, 1]  cutensornetContraction2_f64
  match          body#[2, 3]  cutensornetContraction2_f64
  match          body#[4, 5]  cutensornetContraction2_f64
  match          body#[6, 7]  cutensornetContraction2_f64
  match          body#[8, 9]  cutensornetContraction2_f64
  match          body#[10, 11]  cutensornetContraction2_f64
  match          body#[12, 13]  cutensornetContraction2_f64
  match          body#[14, 15]  cutensornetContraction2_f64
  match          body#[16, 17]  cutensornetContraction2_f64
  no_match       body#18  ?
  no_match       body#19  ?
  no_match       body#20  ?
  no_match       body#21  ?
  no_match       body#22  ?
  no_match       body#23  ?
  match          body#[24, 25]  cutensornetContraction2_f64
  match          body#[26, 27]  cutensornetContraction2_f64
  match          body#[28, 29]  cutensornetContraction2_f64
  no_match       body#30  ?
  no_match       body#31  ?
  no_match       body#32  ?
  no_match       body#33  ?
  no_match       body#34  ?
  no_match       body#35  ?
  no_match       body#36  ?
  no_match       body#37  ?
  no_match       body#38  ?
  no_match       body#39  ?
  no_match       body#40  ?
  no_match       body#41  ?
  no_match       body#42  ?
  total: 12 matched / 31 bodies
",0,[],0,0,0,0,/home/arjaiswal/Polygeist/issues/mfem_c_kernels/application_extractions/results/mfem_app_grad_div_3d.debufferized.mlir,53626,8,43,24,5647.77297899127,19,72480,2922.901663929224,156,156,0,96,"[{""body_indices"": [0, 1], ""symbol"": ""cutensornetContraction2_f64""}, {""body_indices"": [2, 3], ""symbol"": ""cutensornetContraction2_f64""}, {""body_indices"": [4, 5], ""symbol"": ""cutensornetContraction2_f64""}, {""body_indices"": [6, 7], ""symbol"": ""cutensornetContraction2_f64""}, {""body_indices"": [8, 9], ""symbol"": ""cutensornetContraction2_f64""}, {""body_indices"": [10, 11], ""symbol"": ""cutensornetContraction2_f64""}, {""body_indices"": [12, 13], ""symbol"": ""cutensornetContraction2_f64""}, {""body_indices"": [14, 15], ""symbol"": ""cutensornetContraction2_f64""}, {""body_indices"": [16, 17], ""symbol"": ""cutensornetContraction2_f64""}, {""body_indices"": [24, 25], ""symbol"": ""cutensornetContraction2_f64""}, {""body_indices"": [26, 27], ""symbol"": ""cutensornetContraction2_f64""}, {""body_indices"": [28, 29], ""symbol"": ""cutensornetContraction2_f64""}]",12,0,0,0.0,156
mfem_application,mfem_app_grad_div_3d,/home/arjaiswal/Polygeist/issues/mfem_c_kernels/application_extractions/results/mfem_app_grad_div_3d.debufferized.mlir,cccfa1d001af95371072389160a93cc4e5937f08d5845704e02696bc48123056,egglog,4,ok,0,7394.408620893955,0,"[""/usr/bin/python3"", ""/home/arjaiswal/Polygeist/scripts/correctness/kernel_match_rewrite.py"", ""/home/arjaiswal/Polygeist/issues/mfem_c_kernels/application_extractions/results/mfem_app_grad_div_3d.debufferized.mlir"", ""--dry-run"", ""--matcher-mode"", ""egglog"", ""--telemetry-json"", ""/home/arjaiswal/Polygeist/issues/equality_saturation_eval/campaign_20260908/mfem_application-mfem_app_grad_div_3d-egglog-w9xsp50e.json"", ""--disable-semantic-fallback""]","== match report for /home/arjaiswal/Polygeist/issues/mfem_c_kernels/application_extractions/results/mfem_app_grad_div_3d.debufferized.mlir ==
  match          body#[0, 1]  cutensornetContraction2_f64
  match          body#[2, 3]  cutensornetContraction2_f64
  match          body#[4, 5]  cutensornetContraction2_f64
  match          body#[6, 7]  cutensornetContraction2_f64
  match          body#[8, 9]  cutensornetContraction2_f64
  match          body#[10, 11]  cutensornetContraction2_f64
  match          body#[12, 13]  cutensornetContraction2_f64
  match          body#[14, 15]  cutensornetContraction2_f64
  match          body#[16, 17]  cutensornetContraction2_f64
  no_match       body#18  ?
  no_match       body#19  ?
  no_match       body#20  ?
  no_match       body#21  ?
  no_match       body#22  ?
  no_match       body#23  ?
  match          body#[24, 25]  cutensornetContraction2_f64
  match          body#[26, 27]  cutensornetContraction2_f64
  match          body#[28, 29]  cutensornetContraction2_f64
  no_match       body#30  ?
  no_match       body#31  ?
  no_match       body#32  ?
  no_match       body#33  ?
  no_match       body#34  ?
  no_match       body#35  ?
  no_match       body#36  ?
  no_match       body#37  ?
  no_match       body#38  ?
  no_match       body#39  ?
  no_match       body#40  ?
  no_match       body#41  ?
  no_match       body#42  ?
  total: 12 matched / 31 bodies
",0,[],0,0,0,0,/home/arjaiswal/Polygeist/issues/mfem_c_kernels/application_extractions/results/mfem_app_grad_div_3d.debufferized.mlir,53626,8,43,24,6222.071409225464,19,72084,3030.6917019188404,156,156,0,96,"[{""body_indices"": [0, 1], ""symbol"": ""cutensornetContraction2_f64""}, {""body_indices"": [2, 3], ""symbol"": ""cutensornetContraction2_f64""}, {""body_indices"": [4, 5], ""symbol"": ""cutensornetContraction2_f64""}, {""body_indices"": [6, 7], ""symbol"": ""cutensornetContraction2_f64""}, {""body_indices"": [8, 9], ""symbol"": ""cutensornetContraction2_f64""}, {""body_indices"": [10, 11], ""symbol"": ""cutensornetContraction2_f64""}, {""body_indices"": [12, 13], ""symbol"": ""cutensornetContraction2_f64""}, {""body_indices"": [14, 15], ""symbol"": ""cutensornetContraction2_f64""}, {""body_indices"": [16, 17], ""symbol"": ""cutensornetContraction2_f64""}, {""body_indices"": [24, 25], ""symbol"": ""cutensornetContraction2_f64""}, {""body_indices"": [26, 27], ""symbol"": ""cutensornetContraction2_f64""}, {""body_indices"": [28, 29], ""symbol"": ""cutensornetContraction2_f64""}]",12,0,0,0.0,156
mfem_application,mfem_app_grad_div_3d,/home/arjaiswal/Polygeist/issues/mfem_c_kernels/application_extractions/results/mfem_app_grad_div_3d.debufferized.mlir,cccfa1d001af95371072389160a93cc4e5937f08d5845704e02696bc48123056,syntactic,4,ok,0,5332.025416195393,0,"[""/usr/bin/python3"", ""/home/arjaiswal/Polygeist/scripts/correctness/kernel_match_rewrite.py"", ""/home/arjaiswal/Polygeist/issues/mfem_c_kernels/application_extractions/results/mfem_app_grad_div_3d.debufferized.mlir"", ""--dry-run"", ""--matcher-mode"", ""syntactic"", ""--telemetry-json"", ""/home/arjaiswal/Polygeist/issues/equality_saturation_eval/campaign_20260908/mfem_application-mfem_app_grad_div_3d-syntactic-tp1zbay4.json"", ""--disable-semantic-fallback""]","== match report for /home/arjaiswal/Polygeist/issues/mfem_c_kernels/application_extractions/results/mfem_app_grad_div_3d.debufferized.mlir ==
  match          body#[0, 1]  cutensornetContraction2_f64
  match          body#[2, 3]  cutensornetContraction2_f64
  match          body#[4, 5]  cutensornetContraction2_f64
  match          body#[6, 7]  cutensornetContraction2_f64
  match          body#[8, 9]  cutensornetContraction2_f64
  match          body#[10, 11]  cutensornetContraction2_f64
  match          body#[12, 13]  cutensornetContraction2_f64
  match          body#[14, 15]  cutensornetContraction2_f64
  match          body#[16, 17]  cutensornetContraction2_f64
  no_match       body#18  ?
  no_match       body#19  ?
  no_match       body#20  ?
  no_match       body#21  ?
  no_match       body#22  ?
  no_match       body#23  ?
  match          body#[24, 25]  cutensornetContraction2_f64
  match          body#[26, 27]  cutensornetContraction2_f64
  match          body#[28, 29]  cutensornetContraction2_f64
  no_match       body#30  ?
  no_match       body#31  ?
  no_match       body#32  ?
  no_match       body#33  ?
  no_match       body#34  ?
  no_match       body#35  ?
  no_match       body#36  ?
  no_match       body#37  ?
  no_match       body#38  ?
  no_match       body#39  ?
  no_match       body#40  ?
  no_match       body#41  ?
  no_match       body#42  ?
  total: 12 matched / 31 bodies
",0,[],0,0,0,0,/home/arjaiswal/Polygeist/issues/mfem_c_kernels/application_extractions/results/mfem_app_grad_div_3d.debufferized.mlir,53626,0,43,24,3082.533225417137,19,67684,0.9136758744716644,0,156,0,0,"[{""body_indices"": [0, 1], ""symbol"": ""cutensornetContraction2_f64""}, {""body_indices"": [2, 3], ""symbol"": ""cutensornetContraction2_f64""}, {""body_indices"": [4, 5], ""symbol"": ""cutensornetContraction2_f64""}, {""body_indices"": [6, 7], ""symbol"": ""cutensornetContraction2_f64""}, {""body_indices"": [8, 9], ""symbol"": ""cutensornetContraction2_f64""}, {""body_indices"": [10, 11], ""symbol"": ""cutensornetContraction2_f64""}, {""body_indices"": [12, 13], ""symbol"": ""cutensornetContraction2_f64""}, {""body_indices"": [14, 15], ""symbol"": ""cutensornetContraction2_f64""}, {""body_indices"": [16, 17], ""symbol"": ""cutensornetContraction2_f64""}, {""body_indices"": [24, 25], ""symbol"": ""cutensornetContraction2_f64""}, {""body_indices"": [26, 27], ""symbol"": ""cutensornetContraction2_f64""}, {""body_indices"": [28, 29], ""symbol"": ""cutensornetContraction2_f64""}]",12,0,156,0.0,156
mfem_application,mfem_app_grad_div_3d,/home/arjaiswal/Polygeist/issues/mfem_c_kernels/application_extractions/results/mfem_app_grad_div_3d.debufferized.mlir,cccfa1d001af95371072389160a93cc4e5937f08d5845704e02696bc48123056,syntactic,5,ok,0,3535.4862734675407,0,"[""/usr/bin/python3"", ""/home/arjaiswal/Polygeist/scripts/correctness/kernel_match_rewrite.py"", ""/home/arjaiswal/Polygeist/issues/mfem_c_kernels/application_extractions/results/mfem_app_grad_div_3d.debufferized.mlir"", ""--dry-run"", ""--matcher-mode"", ""syntactic"", ""--telemetry-json"", ""/home/arjaiswal/Polygeist/issues/equality_saturation_eval/campaign_20260908/mfem_application-mfem_app_grad_div_3d-syntactic-v4inqz7l.json"", ""--disable-semantic-fallback""]","== match report for /home/arjaiswal/Polygeist/issues/mfem_c_kernels/application_extractions/results/mfem_app_grad_div_3d.debufferized.mlir ==
  match          body#[0, 1]  cutensornetContraction2_f64
  match          body#[2, 3]  cutensornetContraction2_f64
  match          body#[4, 5]  cutensornetContraction2_f64
  match          body#[6, 7]  cutensornetContraction2_f64
  match          body#[8, 9]  cutensornetContraction2_f64
  match          body#[10, 11]  cutensornetContraction2_f64
  match          body#[12, 13]  cutensornetContraction2_f64
  match          body#[14, 15]  cutensornetContraction2_f64
  match          body#[16, 17]  cutensornetContraction2_f64
  no_match       body#18  ?
  no_match       body#19  ?
  no_match       body#20  ?
  no_match       body#21  ?
  no_match       body#22  ?
  no_match       body#23  ?
  match          body#[24, 25]  cutensornetContraction2_f64
  match          body#[26, 27]  cutensornetContraction2_f64
  match          body#[28, 29]  cutensornetContraction2_f64
  no_match       body#30  ?
  no_match       body#31  ?
  no_match       body#32  ?
  no_match       body#33  ?
  no_match       body#34  ?
  no_match       body#35  ?
  no_match       body#36  ?
  no_match       body#37  ?
  no_match       body#38  ?
  no_match       body#39  ?
  no_match       body#40  ?
  no_match       body#41  ?
  no_match       body#42  ?
  total: 12 matched / 31 bodies
",0,[],0,0,0,0,/home/arjaiswal/Polygeist/issues/mfem_c_kernels/application_extractions/results/mfem_app_grad_div_3d.debufferized.mlir,53626,0,43,24,2062.54318729043,19,67684,0.7301941514015198,0,156,0,0,"[{""body_indices"": [0, 1], ""symbol"": ""cutensornetContraction2_f64""}, {""body_indices"": [2, 3], ""symbol"": ""cutensornetContraction2_f64""}, {""body_indices"": [4, 5], ""symbol"": ""cutensornetContraction2_f64""}, {""body_indices"": [6, 7], ""symbol"": ""cutensornetContraction2_f64""}, {""body_indices"": [8, 9], ""symbol"": ""cutensornetContraction2_f64""}, {""body_indices"": [10, 11], ""symbol"": ""cutensornetContraction2_f64""}, {""body_indices"": [12, 13], ""symbol"": ""cutensornetContraction2_f64""}, {""body_indices"": [14, 15], ""symbol"": ""cutensornetContraction2_f64""}, {""body_indices"": [16, 17], ""symbol"": ""cutensornetContraction2_f64""}, {""body_indices"": [24, 25], ""symbol"": ""cutensornetContraction2_f64""}, {""body_indices"": [26, 27], ""symbol"": ""cutensornetContraction2_f64""}, {""body_indices"": [28, 29], ""symbol"": ""cutensornetContraction2_f64""}]",12,0,156,0.0,156
mfem_application,mfem_app_grad_div_3d,/home/arjaiswal/Polygeist/issues/mfem_c_kernels/application_extractions/results/mfem_app_grad_div_3d.debufferized.mlir,cccfa1d001af95371072389160a93cc4e5937f08d5845704e02696bc48123056,egglog,5,ok,0,7067.749485373497,0,"[""/usr/bin/python3"", ""/home/arjaiswal/Polygeist/scripts/correctness/kernel_match_rewrite.py"", ""/home/arjaiswal/Polygeist/issues/mfem_c_kernels/application_extractions/results/mfem_app_grad_div_3d.debufferized.mlir"", ""--dry-run"", ""--matcher-mode"", ""egglog"", ""--telemetry-json"", ""/home/arjaiswal/Polygeist/issues/equality_saturation_eval/campaign_20260908/mfem_application-mfem_app_grad_div_3d-egglog-hp8b0whw.json"", ""--disable-semantic-fallback""]","== match report for /home/arjaiswal/Polygeist/issues/mfem_c_kernels/application_extractions/results/mfem_app_grad_div_3d.debufferized.mlir ==
  match          body#[0, 1]  cutensornetContraction2_f64
  match          body#[2, 3]  cutensornetContraction2_f64
  match          body#[4, 5]  cutensornetContraction2_f64
  match          body#[6, 7]  cutensornetContraction2_f64
  match          body#[8, 9]  cutensornetContraction2_f64
  match          body#[10, 11]  cutensornetContraction2_f64
  match          body#[12, 13]  cutensornetContraction2_f64
  match          body#[14, 15]  cutensornetContraction2_f64
  match          body#[16, 17]  cutensornetContraction2_f64
  no_match       body#18  ?
  no_match       body#19  ?
  no_match       body#20  ?
  no_match       body#21  ?
  no_match       body#22  ?
  no_match       body#23  ?
  match          body#[24, 25]  cutensornetContraction2_f64
  match          body#[26, 27]  cutensornetContraction2_f64
  match          body#[28, 29]  cutensornetContraction2_f64
  no_match       body#30  ?
  no_match       body#31  ?
  no_match       body#32  ?
  no_match       body#33  ?
  no_match       body#34  ?
  no_match       body#35  ?
  no_match       body#36  ?
  no_match       body#37  ?
  no_match       body#38  ?
  no_match       body#39  ?
  no_match       body#40  ?
  no_match       body#41  ?
  no_match       body#42  ?
  total: 12 matched / 31 bodies
",0,[],0,0,0,0,/home/arjaiswal/Polygeist/issues/mfem_c_kernels/application_extractions/results/mfem_app_grad_div_3d.debufferized.mlir,53626,8,43,24,5893.2332918047905,19,72248,3370.106488466263,156,156,0,96,"[{""body_indices"": [0, 1], ""symbol"": ""cutensornetContraction2_f64""}, {""body_indices"": [2, 3], ""symbol"": ""cutensornetContraction2_f64""}, {""body_indices"": [4, 5], ""symbol"": ""cutensornetContraction2_f64""}, {""body_indices"": [6, 7], ""symbol"": ""cutensornetContraction2_f64""}, {""body_indices"": [8, 9], ""symbol"": ""cutensornetContraction2_f64""}, {""body_indices"": [10, 11], ""symbol"": ""cutensornetContraction2_f64""}, {""body_indices"": [12, 13], ""symbol"": ""cutensornetContraction2_f64""}, {""body_indices"": [14, 15], ""symbol"": ""cutensornetContraction2_f64""}, {""body_indices"": [16, 17], ""symbol"": ""cutensornetContraction2_f64""}, {""body_indices"": [24, 25], ""symbol"": ""cutensornetContraction2_f64""}, {""body_indices"": [26, 27], ""symbol"": ""cutensornetContraction2_f64""}, {""body_indices"": [28, 29], ""symbol"": ""cutensornetContraction2_f64""}]",12,0,0,0.0,156
mfem_application,mfem_app_grad_div_3d_partial,/home/arjaiswal/Polygeist/issues/mfem_c_kernels/application_extractions/results/mfem_app_grad_div_3d_partial.debufferized.mlir,bab00f98d4312f46dfdfc3a9851842ab5f5eba0be5488e8dadb3af9a053a13a6,egglog,1,ok,0,4085.2163024246693,0,"[""/usr/bin/python3"", ""/home/arjaiswal/Polygeist/scripts/correctness/kernel_match_rewrite.py"", ""/home/arjaiswal/Polygeist/issues/mfem_c_kernels/application_extractions/results/mfem_app_grad_div_3d_partial.debufferized.mlir"", ""--dry-run"", ""--matcher-mode"", ""egglog"", ""--telemetry-json"", ""/home/arjaiswal/Polygeist/issues/equality_saturation_eval/campaign_20260908/mfem_application-mfem_app_grad_div_3d_partial-egglog-5n49o4ss.json"", ""--disable-semantic-fallback""]","== match report for /home/arjaiswal/Polygeist/issues/mfem_c_kernels/application_extractions/results/mfem_app_grad_div_3d_partial.debufferized.mlir ==
  match          body#[0, 1]  cutensornetContraction2_f64_r5r5r4
  match          body#[2, 3]  cutensornetContraction2_f64_r4r5r4
  match          body#[4, 5]  cutensornetContraction2_f64_r4r5r4
  match          body#[6, 7]  cutensornetContraction2_f64_r5r5r4
  match          body#[8, 9]  cutensornetContraction2_f64_r4r5r4
  match          body#[10, 11]  cutensornetContraction2_f64_r4r5r4
  match          body#[12, 13]  cutensornetContraction2_f64_r5r5r4
  match          body#[14, 15]  cutensornetContraction2_f64_r4r5r4
  match          body#[16, 17]  cutensornetContraction2_f64_r4r5r4
  no_match       body#18  ?
  no_match       body#19  ?
  no_match       body#20  ?
  no_match       body#21  ?
  no_match       body#22  ?
  no_match       body#23  ?
  match          body#[24, 25]  cutensornetContraction2_f64_r4r5r4
  match          body#[26, 27]  cutensornetContraction2_f64_r4r5r4
  match          body#[28, 29]  cutensornetContraction2_f64_r4r5r4
  no_match       body#30  ?
  no_match       body#31  ?
  no_match       body#32  ?
  total: 12 matched / 21 bodies
",0,[],0,0,0,0,/home/arjaiswal/Polygeist/issues/mfem_c_kernels/application_extractions/results/mfem_app_grad_div_3d_partial.debufferized.mlir,21502,8,33,24,3286.2575352191925,9,71216,1693.650245666504,114,114,0,96,"[{""body_indices"": [0, 1], ""symbol"": ""cutensornetContraction2_f64_r5r5r4""}, {""body_indices"": [2, 3], ""symbol"": ""cutensornetContraction2_f64_r4r5r4""}, {""body_indices"": [4, 5], ""symbol"": ""cutensornetContraction2_f64_r4r5r4""}, {""body_indices"": [6, 7], ""symbol"": ""cutensornetContraction2_f64_r5r5r4""}, {""body_indices"": [8, 9], ""symbol"": ""cutensornetContraction2_f64_r4r5r4""}, {""body_indices"": [10, 11], ""symbol"": ""cutensornetContraction2_f64_r4r5r4""}, {""body_indices"": [12, 13], ""symbol"": ""cutensornetContraction2_f64_r5r5r4""}, {""body_indices"": [14, 15], ""symbol"": ""cutensornetContraction2_f64_r4r5r4""}, {""body_indices"": [16, 17], ""symbol"": ""cutensornetContraction2_f64_r4r5r4""}, {""body_indices"": [24, 25], ""symbol"": ""cutensornetContraction2_f64_r4r5r4""}, {""body_indices"": [26, 27], ""symbol"": ""cutensornetContraction2_f64_r4r5r4""}, {""body_indices"": [28, 29], ""symbol"": ""cutensornetContraction2_f64_r4r5r4""}]",12,0,0,0.0,114
mfem_application,mfem_app_grad_div_3d_partial,/home/arjaiswal/Polygeist/issues/mfem_c_kernels/application_extractions/results/mfem_app_grad_div_3d_partial.debufferized.mlir,bab00f98d4312f46dfdfc3a9851842ab5f5eba0be5488e8dadb3af9a053a13a6,syntactic,1,ok,0,2005.6676976382732,0,"[""/usr/bin/python3"", ""/home/arjaiswal/Polygeist/scripts/correctness/kernel_match_rewrite.py"", ""/home/arjaiswal/Polygeist/issues/mfem_c_kernels/application_extractions/results/mfem_app_grad_div_3d_partial.debufferized.mlir"", ""--dry-run"", ""--matcher-mode"", ""syntactic"", ""--telemetry-json"", ""/home/arjaiswal/Polygeist/issues/equality_saturation_eval/campaign_20260908/mfem_application-mfem_app_grad_div_3d_partial-syntactic-noo1axaw.json"", ""--disable-semantic-fallback""]","== match report for /home/arjaiswal/Polygeist/issues/mfem_c_kernels/application_extractions/results/mfem_app_grad_div_3d_partial.debufferized.mlir ==
  match          body#[0, 1]  cutensornetContraction2_f64_r5r5r4
  match          body#[2, 3]  cutensornetContraction2_f64_r4r5r4
  match          body#[4, 5]  cutensornetContraction2_f64_r4r5r4
  match          body#[6, 7]  cutensornetContraction2_f64_r5r5r4
  match          body#[8, 9]  cutensornetContraction2_f64_r4r5r4
  match          body#[10, 11]  cutensornetContraction2_f64_r4r5r4
  match          body#[12, 13]  cutensornetContraction2_f64_r5r5r4
  match          body#[14, 15]  cutensornetContraction2_f64_r4r5r4
  match          body#[16, 17]  cutensornetContraction2_f64_r4r5r4
  no_match       body#18  ?
  no_match       body#19  ?
  no_match       body#20  ?
  no_match       body#21  ?
  no_match       body#22  ?
  no_match       body#23  ?
  match          body#[24, 25]  cutensornetContraction2_f64_r4r5r4
  match          body#[26, 27]  cutensornetContraction2_f64_r4r5r4
  match          body#[28, 29]  cutensornetContraction2_f64_r4r5r4
  no_match       body#30  ?
  no_match       body#31  ?
  no_match       body#32  ?
  total: 12 matched / 21 bodies
",0,[],0,0,0,0,/home/arjaiswal/Polygeist/issues/mfem_c_kernels/application_extractions/results/mfem_app_grad_div_3d_partial.debufferized.mlir,21502,0,33,24,941.2976019084454,9,66996,0.5619712173938751,0,114,0,0,"[{""body_indices"": [0, 1], ""symbol"": ""cutensornetContraction2_f64_r5r5r4""}, {""body_indices"": [2, 3], ""symbol"": ""cutensornetContraction2_f64_r4r5r4""}, {""body_indices"": [4, 5], ""symbol"": ""cutensornetContraction2_f64_r4r5r4""}, {""body_indices"": [6, 7], ""symbol"": ""cutensornetContraction2_f64_r5r5r4""}, {""body_indices"": [8, 9], ""symbol"": ""cutensornetContraction2_f64_r4r5r4""}, {""body_indices"": [10, 11], ""symbol"": ""cutensornetContraction2_f64_r4r5r4""}, {""body_indices"": [12, 13], ""symbol"": ""cutensornetContraction2_f64_r5r5r4""}, {""body_indices"": [14, 15], ""symbol"": ""cutensornetContraction2_f64_r4r5r4""}, {""body_indices"": [16, 17], ""symbol"": ""cutensornetContraction2_f64_r4r5r4""}, {""body_indices"": [24, 25], ""symbol"": ""cutensornetContraction2_f64_r4r5r4""}, {""body_indices"": [26, 27], ""symbol"": ""cutensornetContraction2_f64_r4r5r4""}, {""body_indices"": [28, 29], ""symbol"": ""cutensornetContraction2_f64_r4r5r4""}]",12,0,114,0.0,114
mfem_application,mfem_app_grad_div_3d_partial,/home/arjaiswal/Polygeist/issues/mfem_c_kernels/application_extractions/results/mfem_app_grad_div_3d_partial.debufferized.mlir,bab00f98d4312f46dfdfc3a9851842ab5f5eba0be5488e8dadb3af9a053a13a6,syntactic,2,ok,0,2361.137628555298,0,"[""/usr/bin/python3"", ""/home/arjaiswal/Polygeist/scripts/correctness/kernel_match_rewrite.py"", ""/home/arjaiswal/Polygeist/issues/mfem_c_kernels/application_extractions/results/mfem_app_grad_div_3d_partial.debufferized.mlir"", ""--dry-run"", ""--matcher-mode"", ""syntactic"", ""--telemetry-json"", ""/home/arjaiswal/Polygeist/issues/equality_saturation_eval/campaign_20260908/mfem_application-mfem_app_grad_div_3d_partial-syntactic-77ejtmjw.json"", ""--disable-semantic-fallback""]","== match report for /home/arjaiswal/Polygeist/issues/mfem_c_kernels/application_extractions/results/mfem_app_grad_div_3d_partial.debufferized.mlir ==
  match          body#[0, 1]  cutensornetContraction2_f64_r5r5r4
  match          body#[2, 3]  cutensornetContraction2_f64_r4r5r4
  match          body#[4, 5]  cutensornetContraction2_f64_r4r5r4
  match          body#[6, 7]  cutensornetContraction2_f64_r5r5r4
  match          body#[8, 9]  cutensornetContraction2_f64_r4r5r4
  match          body#[10, 11]  cutensornetContraction2_f64_r4r5r4
  match          body#[12, 13]  cutensornetContraction2_f64_r5r5r4
  match          body#[14, 15]  cutensornetContraction2_f64_r4r5r4
  match          body#[16, 17]  cutensornetContraction2_f64_r4r5r4
  no_match       body#18  ?
  no_match       body#19  ?
  no_match       body#20  ?
  no_match       body#21  ?
  no_match       body#22  ?
  no_match       body#23  ?
  match          body#[24, 25]  cutensornetContraction2_f64_r4r5r4
  match          body#[26, 27]  cutensornetContraction2_f64_r4r5r4
  match          body#[28, 29]  cutensornetContraction2_f64_r4r5r4
  no_match       body#30  ?
  no_match       body#31  ?
  no_match       body#32  ?
  total: 12 matched / 21 bodies
",0,[],0,0,0,0,/home/arjaiswal/Polygeist/issues/mfem_c_kernels/application_extractions/results/mfem_app_grad_div_3d_partial.debufferized.mlir,21502,0,33,24,1149.6341153979301,9,66968,0.6033889949321747,0,114,0,0,"[{""body_indices"": [0, 1], ""symbol"": ""cutensornetContraction2_f64_r5r5r4""}, {""body_indices"": [2, 3], ""symbol"": ""cutensornetContraction2_f64_r4r5r4""}, {""body_indices"": [4, 5], ""symbol"": ""cutensornetContraction2_f64_r4r5r4""}, {""body_indices"": [6, 7], ""symbol"": ""cutensornetContraction2_f64_r5r5r4""}, {""body_indices"": [8, 9], ""symbol"": ""cutensornetContraction2_f64_r4r5r4""}, {""body_indices"": [10, 11], ""symbol"": ""cutensornetContraction2_f64_r4r5r4""}, {""body_indices"": [12, 13], ""symbol"": ""cutensornetContraction2_f64_r5r5r4""}, {""body_indices"": [14, 15], ""symbol"": ""cutensornetContraction2_f64_r4r5r4""}, {""body_indices"": [16, 17], ""symbol"": ""cutensornetContraction2_f64_r4r5r4""}, {""body_indices"": [24, 25], ""symbol"": ""cutensornetContraction2_f64_r4r5r4""}, {""body_indices"": [26, 27], ""symbol"": ""cutensornetContraction2_f64_r4r5r4""}, {""body_indices"": [28, 29], ""symbol"": ""cutensornetContraction2_f64_r4r5r4""}]",12,0,114,0.0,114
mfem_application,mfem_app_grad_div_3d_partial,/home/arjaiswal/Polygeist/issues/mfem_c_kernels/application_extractions/results/mfem_app_grad_div_3d_partial.debufferized.mlir,bab00f98d4312f46dfdfc3a9851842ab5f5eba0be5488e8dadb3af9a053a13a6,egglog,2,ok,0,5821.205634623766,0,"[""/usr/bin/python3"", ""/home/arjaiswal/Polygeist/scripts/correctness/kernel_match_rewrite.py"", ""/home/arjaiswal/Polygeist/issues/mfem_c_kernels/application_extractions/results/mfem_app_grad_div_3d_partial.debufferized.mlir"", ""--dry-run"", ""--matcher-mode"", ""egglog"", ""--telemetry-json"", ""/home/arjaiswal/Polygeist/issues/equality_saturation_eval/campaign_20260908/mfem_application-mfem_app_grad_div_3d_partial-egglog-nlusvz03.json"", ""--disable-semantic-fallback""]","== match report for /home/arjaiswal/Polygeist/issues/mfem_c_kernels/application_extractions/results/mfem_app_grad_div_3d_partial.debufferized.mlir ==
  match          body#[0, 1]  cutensornetContraction2_f64_r5r5r4
  match          body#[2, 3]  cutensornetContraction2_f64_r4r5r4
  match          body#[4, 5]  cutensornetContraction2_f64_r4r5r4
  match          body#[6, 7]  cutensornetContraction2_f64_r5r5r4
  match          body#[8, 9]  cutensornetContraction2_f64_r4r5r4
  match          body#[10, 11]  cutensornetContraction2_f64_r4r5r4
  match          body#[12, 13]  cutensornetContraction2_f64_r5r5r4
  match          body#[14, 15]  cutensornetContraction2_f64_r4r5r4
  match          body#[16, 17]  cutensornetContraction2_f64_r4r5r4
  no_match       body#18  ?
  no_match       body#19  ?
  no_match       body#20  ?
  no_match       body#21  ?
  no_match       body#22  ?
  no_match       body#23  ?
  match          body#[24, 25]  cutensornetContraction2_f64_r4r5r4
  match          body#[26, 27]  cutensornetContraction2_f64_r4r5r4
  match          body#[28, 29]  cutensornetContraction2_f64_r4r5r4
  no_match       body#30  ?
  no_match       body#31  ?
  no_match       body#32  ?
  total: 12 matched / 21 bodies
",0,[],0,0,0,0,/home/arjaiswal/Polygeist/issues/mfem_c_kernels/application_extractions/results/mfem_app_grad_div_3d_partial.debufferized.mlir,21502,8,33,24,3932.746294885874,9,71592,1867.3378974199295,114,114,0,96,"[{""body_indices"": [0, 1], ""symbol"": ""cutensornetContraction2_f64_r5r5r4""}, {""body_indices"": [2, 3], ""symbol"": ""cutensornetContraction2_f64_r4r5r4""}, {""body_indices"": [4, 5], ""symbol"": ""cutensornetContraction2_f64_r4r5r4""}, {""body_indices"": [6, 7], ""symbol"": ""cutensornetContraction2_f64_r5r5r4""}, {""body_indices"": [8, 9], ""symbol"": ""cutensornetContraction2_f64_r4r5r4""}, {""body_indices"": [10, 11], ""symbol"": ""cutensornetContraction2_f64_r4r5r4""}, {""body_indices"": [12, 13], ""symbol"": ""cutensornetContraction2_f64_r5r5r4""}, {""body_indices"": [14, 15], ""symbol"": ""cutensornetContraction2_f64_r4r5r4""}, {""body_indices"": [16, 17], ""symbol"": ""cutensornetContraction2_f64_r4r5r4""}, {""body_indices"": [24, 25], ""symbol"": ""cutensornetContraction2_f64_r4r5r4""}, {""body_indices"": [26, 27], ""symbol"": ""cutensornetContraction2_f64_r4r5r4""}, {""body_indices"": [28, 29], ""symbol"": ""cutensornetContraction2_f64_r4r5r4""}]",12,0,0,0.0,114
mfem_application,mfem_app_grad_div_3d_partial,/home/arjaiswal/Polygeist/issues/mfem_c_kernels/application_extractions/results/mfem_app_grad_div_3d_partial.debufferized.mlir,bab00f98d4312f46dfdfc3a9851842ab5f5eba0be5488e8dadb3af9a053a13a6,egglog,3,ok,0,5797.246005386114,0,"[""/usr/bin/python3"", ""/home/arjaiswal/Polygeist/scripts/correctness/kernel_match_rewrite.py"", ""/home/arjaiswal/Polygeist/issues/mfem_c_kernels/application_extractions/results/mfem_app_grad_div_3d_partial.debufferized.mlir"", ""--dry-run"", ""--matcher-mode"", ""egglog"", ""--telemetry-json"", ""/home/arjaiswal/Polygeist/issues/equality_saturation_eval/campaign_20260908/mfem_application-mfem_app_grad_div_3d_partial-egglog-lon21ai5.json"", ""--disable-semantic-fallback""]","== match report for /home/arjaiswal/Polygeist/issues/mfem_c_kernels/application_extractions/results/mfem_app_grad_div_3d_partial.debufferized.mlir ==
  match          body#[0, 1]  cutensornetContraction2_f64_r5r5r4
  match          body#[2, 3]  cutensornetContraction2_f64_r4r5r4
  match          body#[4, 5]  cutensornetContraction2_f64_r4r5r4
  match          body#[6, 7]  cutensornetContraction2_f64_r5r5r4
  match          body#[8, 9]  cutensornetContraction2_f64_r4r5r4
  match          body#[10, 11]  cutensornetContraction2_f64_r4r5r4
  match          body#[12, 13]  cutensornetContraction2_f64_r5r5r4
  match          body#[14, 15]  cutensornetContraction2_f64_r4r5r4
  match          body#[16, 17]  cutensornetContraction2_f64_r4r5r4
  no_match       body#18  ?
  no_match       body#19  ?
  no_match       body#20  ?
  no_match       body#21  ?
  no_match       body#22  ?
  no_match       body#23  ?
  match          body#[24, 25]  cutensornetContraction2_f64_r4r5r4
  match          body#[26, 27]  cutensornetContraction2_f64_r4r5r4
  match          body#[28, 29]  cutensornetContraction2_f64_r4r5r4
  no_match       body#30  ?
  no_match       body#31  ?
  no_match       body#32  ?
  total: 12 matched / 21 bodies
",0,[],0,0,0,0,/home/arjaiswal/Polygeist/issues/mfem_c_kernels/application_extractions/results/mfem_app_grad_div_3d_partial.debufferized.mlir,21502,8,33,24,4504.634652286768,9,71512,2409.193556755781,114,114,0,96,"[{""body_indices"": [0, 1], ""symbol"": ""cutensornetContraction2_f64_r5r5r4""}, {""body_indices"": [2, 3], ""symbol"": ""cutensornetContraction2_f64_r4r5r4""}, {""body_indices"": [4, 5], ""symbol"": ""cutensornetContraction2_f64_r4r5r4""}, {""body_indices"": [6, 7], ""symbol"": ""cutensornetContraction2_f64_r5r5r4""}, {""body_indices"": [8, 9], ""symbol"": ""cutensornetContraction2_f64_r4r5r4""}, {""body_indices"": [10, 11], ""symbol"": ""cutensornetContraction2_f64_r4r5r4""}, {""body_indices"": [12, 13], ""symbol"": ""cutensornetContraction2_f64_r5r5r4""}, {""body_indices"": [14, 15], ""symbol"": ""cutensornetContraction2_f64_r4r5r4""}, {""body_indices"": [16, 17], ""symbol"": ""cutensornetContraction2_f64_r4r5r4""}, {""body_indices"": [24, 25], ""symbol"": ""cutensornetContraction2_f64_r4r5r4""}, {""body_indices"": [26, 27], ""symbol"": ""cutensornetContraction2_f64_r4r5r4""}, {""body_indices"": [28, 29], ""symbol"": ""cutensornetContraction2_f64_r4r5r4""}]",12,0,0,0.0,114
mfem_application,mfem_app_grad_div_3d_partial,/home/arjaiswal/Polygeist/issues/mfem_c_kernels/application_extractions/results/mfem_app_grad_div_3d_partial.debufferized.mlir,bab00f98d4312f46dfdfc3a9851842ab5f5eba0be5488e8dadb3af9a053a13a6,syntactic,3,ok,0,2317.7968300879,0,"[""/usr/bin/python3"", ""/home/arjaiswal/Polygeist/scripts/correctness/kernel_match_rewrite.py"", ""/home/arjaiswal/Polygeist/issues/mfem_c_kernels/application_extractions/results/mfem_app_grad_div_3d_partial.debufferized.mlir"", ""--dry-run"", ""--matcher-mode"", ""syntactic"", ""--telemetry-json"", ""/home/arjaiswal/Polygeist/issues/equality_saturation_eval/campaign_20260908/mfem_application-mfem_app_grad_div_3d_partial-syntactic-2gtkp7rs.json"", ""--disable-semantic-fallback""]","== match report for /home/arjaiswal/Polygeist/issues/mfem_c_kernels/application_extractions/results/mfem_app_grad_div_3d_partial.debufferized.mlir ==
  match          body#[0, 1]  cutensornetContraction2_f64_r5r5r4
  match          body#[2, 3]  cutensornetContraction2_f64_r4r5r4
  match          body#[4, 5]  cutensornetContraction2_f64_r4r5r4
  match          body#[6, 7]  cutensornetContraction2_f64_r5r5r4
  match          body#[8, 9]  cutensornetContraction2_f64_r4r5r4
  match          body#[10, 11]  cutensornetContraction2_f64_r4r5r4
  match          body#[12, 13]  cutensornetContraction2_f64_r5r5r4
  match          body#[14, 15]  cutensornetContraction2_f64_r4r5r4
  match          body#[16, 17]  cutensornetContraction2_f64_r4r5r4
  no_match       body#18  ?
  no_match       body#19  ?
  no_match       body#20  ?
  no_match       body#21  ?
  no_match       body#22  ?
  no_match       body#23  ?
  match          body#[24, 25]  cutensornetContraction2_f64_r4r5r4
  match          body#[26, 27]  cutensornetContraction2_f64_r4r5r4
  match          body#[28, 29]  cutensornetContraction2_f64_r4r5r4
  no_match       body#30  ?
  no_match       body#31  ?
  no_match       body#32  ?
  total: 12 matched / 21 bodies
",0,[],0,0,0,0,/home/arjaiswal/Polygeist/issues/mfem_c_kernels/application_extractions/results/mfem_app_grad_div_3d_partial.debufferized.mlir,21502,0,33,24,1134.0661756694317,9,67036,0.4915297031402588,0,114,0,0,"[{""body_indices"": [0, 1], ""symbol"": ""cutensornetContraction2_f64_r5r5r4""}, {""body_indices"": [2, 3], ""symbol"": ""cutensornetContraction2_f64_r4r5r4""}, {""body_indices"": [4, 5], ""symbol"": ""cutensornetContraction2_f64_r4r5r4""}, {""body_indices"": [6, 7], ""symbol"": ""cutensornetContraction2_f64_r5r5r4""}, {""body_indices"": [8, 9], ""symbol"": ""cutensornetContraction2_f64_r4r5r4""}, {""body_indices"": [10, 11], ""symbol"": ""cutensornetContraction2_f64_r4r5r4""}, {""body_indices"": [12, 13], ""symbol"": ""cutensornetContraction2_f64_r5r5r4""}, {""body_indices"": [14, 15], ""symbol"": ""cutensornetContraction2_f64_r4r5r4""}, {""body_indices"": [16, 17], ""symbol"": ""cutensornetContraction2_f64_r4r5r4""}, {""body_indices"": [24, 25], ""symbol"": ""cutensornetContraction2_f64_r4r5r4""}, {""body_indices"": [26, 27], ""symbol"": ""cutensornetContraction2_f64_r4r5r4""}, {""body_indices"": [28, 29], ""symbol"": ""cutensornetContraction2_f64_r4r5r4""}]",12,0,114,0.0,114
mfem_application,mfem_app_grad_div_3d_partial,/home/arjaiswal/Polygeist/issues/mfem_c_kernels/application_extractions/results/mfem_app_grad_div_3d_partial.debufferized.mlir,bab00f98d4312f46dfdfc3a9851842ab5f5eba0be5488e8dadb3af9a053a13a6,syntactic,4,ok,0,3419.8581390082836,0,"[""/usr/bin/python3"", ""/home/arjaiswal/Polygeist/scripts/correctness/kernel_match_rewrite.py"", ""/home/arjaiswal/Polygeist/issues/mfem_c_kernels/application_extractions/results/mfem_app_grad_div_3d_partial.debufferized.mlir"", ""--dry-run"", ""--matcher-mode"", ""syntactic"", ""--telemetry-json"", ""/home/arjaiswal/Polygeist/issues/equality_saturation_eval/campaign_20260908/mfem_application-mfem_app_grad_div_3d_partial-syntactic-fsb3lyvs.json"", ""--disable-semantic-fallback""]","== match report for /home/arjaiswal/Polygeist/issues/mfem_c_kernels/application_extractions/results/mfem_app_grad_div_3d_partial.debufferized.mlir ==
  match          body#[0, 1]  cutensornetContraction2_f64_r5r5r4
  match          body#[2, 3]  cutensornetContraction2_f64_r4r5r4
  match          body#[4, 5]  cutensornetContraction2_f64_r4r5r4
  match          body#[6, 7]  cutensornetContraction2_f64_r5r5r4
  match          body#[8, 9]  cutensornetContraction2_f64_r4r5r4
  match          body#[10, 11]  cutensornetContraction2_f64_r4r5r4
  match          body#[12, 13]  cutensornetContraction2_f64_r5r5r4
  match          body#[14, 15]  cutensornetContraction2_f64_r4r5r4
  match          body#[16, 17]  cutensornetContraction2_f64_r4r5r4
  no_match       body#18  ?
  no_match       body#19  ?
  no_match       body#20  ?
  no_match       body#21  ?
  no_match       body#22  ?
  no_match       body#23  ?
  match          body#[24, 25]  cutensornetContraction2_f64_r4r5r4
  match          body#[26, 27]  cutensornetContraction2_f64_r4r5r4
  match          body#[28, 29]  cutensornetContraction2_f64_r4r5r4
  no_match       body#30  ?
  no_match       body#31  ?
  no_match       body#32  ?
  total: 12 matched / 21 bodies
",0,[],0,0,0,0,/home/arjaiswal/Polygeist/issues/mfem_c_kernels/application_extractions/results/mfem_app_grad_div_3d_partial.debufferized.mlir,21502,0,33,24,1623.243872076273,9,67000,0.7006973028182983,0,114,0,0,"[{""body_indices"": [0, 1], ""symbol"": ""cutensornetContraction2_f64_r5r5r4""}, {""body_indices"": [2, 3], ""symbol"": ""cutensornetContraction2_f64_r4r5r4""}, {""body_indices"": [4, 5], ""symbol"": ""cutensornetContraction2_f64_r4r5r4""}, {""body_indices"": [6, 7], ""symbol"": ""cutensornetContraction2_f64_r5r5r4""}, {""body_indices"": [8, 9], ""symbol"": ""cutensornetContraction2_f64_r4r5r4""}, {""body_indices"": [10, 11], ""symbol"": ""cutensornetContraction2_f64_r4r5r4""}, {""body_indices"": [12, 13], ""symbol"": ""cutensornetContraction2_f64_r5r5r4""}, {""body_indices"": [14, 15], ""symbol"": ""cutensornetContraction2_f64_r4r5r4""}, {""body_indices"": [16, 17], ""symbol"": ""cutensornetContraction2_f64_r4r5r4""}, {""body_indices"": [24, 25], ""symbol"": ""cutensornetContraction2_f64_r4r5r4""}, {""body_indices"": [26, 27], ""symbol"": ""cutensornetContraction2_f64_r4r5r4""}, {""body_indices"": [28, 29], ""symbol"": ""cutensornetContraction2_f64_r4r5r4""}]",12,0,114,0.0,114
mfem_application,mfem_app_grad_div_3d_partial,/home/arjaiswal/Polygeist/issues/mfem_c_kernels/application_extractions/results/mfem_app_grad_div_3d_partial.debufferized.mlir,bab00f98d4312f46dfdfc3a9851842ab5f5eba0be5488e8dadb3af9a053a13a6,egglog,4,ok,0,5978.682596236467,0,"[""/usr/bin/python3"", ""/home/arjaiswal/Polygeist/scripts/correctness/kernel_match_rewrite.py"", ""/home/arjaiswal/Polygeist/issues/mfem_c_kernels/application_extractions/results/mfem_app_grad_div_3d_partial.debufferized.mlir"", ""--dry-run"", ""--matcher-mode"", ""egglog"", ""--telemetry-json"", ""/home/arjaiswal/Polygeist/issues/equality_saturation_eval/campaign_20260908/mfem_application-mfem_app_grad_div_3d_partial-egglog-_qu95h9t.json"", ""--disable-semantic-fallback""]","== match report for /home/arjaiswal/Polygeist/issues/mfem_c_kernels/application_extractions/results/mfem_app_grad_div_3d_partial.debufferized.mlir ==
  match          body#[0, 1]  cutensornetContraction2_f64_r5r5r4
  match          body#[2, 3]  cutensornetContraction2_f64_r4r5r4
  match          body#[4, 5]  cutensornetContraction2_f64_r4r5r4
  match          body#[6, 7]  cutensornetContraction2_f64_r5r5r4
  match          body#[8, 9]  cutensornetContraction2_f64_r4r5r4
  match          body#[10, 11]  cutensornetContraction2_f64_r4r5r4
  match          body#[12, 13]  cutensornetContraction2_f64_r5r5r4
  match          body#[14, 15]  cutensornetContraction2_f64_r4r5r4
  match          body#[16, 17]  cutensornetContraction2_f64_r4r5r4
  no_match       body#18  ?
  no_match       body#19  ?
  no_match       body#20  ?
  no_match       body#21  ?
  no_match       body#22  ?
  no_match       body#23  ?
  match          body#[24, 25]  cutensornetContraction2_f64_r4r5r4
  match          body#[26, 27]  cutensornetContraction2_f64_r4r5r4
  match          body#[28, 29]  cutensornetContraction2_f64_r4r5r4
  no_match       body#30  ?
  no_match       body#31  ?
  no_match       body#32  ?
  total: 12 matched / 21 bodies
",0,[],0,0,0,0,/home/arjaiswal/Polygeist/issues/mfem_c_kernels/application_extractions/results/mfem_app_grad_div_3d_partial.debufferized.mlir,21502,8,33,24,4988.819871097803,9,71312,2729.2212396860123,114,114,0,96,"[{""body_indices"": [0, 1], ""symbol"": ""cutensornetContraction2_f64_r5r5r4""}, {""body_indices"": [2, 3], ""symbol"": ""cutensornetContraction2_f64_r4r5r4""}, {""body_indices"": [4, 5], ""symbol"": ""cutensornetContraction2_f64_r4r5r4""}, {""body_indices"": [6, 7], ""symbol"": ""cutensornetContraction2_f64_r5r5r4""}, {""body_indices"": [8, 9], ""symbol"": ""cutensornetContraction2_f64_r4r5r4""}, {""body_indices"": [10, 11], ""symbol"": ""cutensornetContraction2_f64_r4r5r4""}, {""body_indices"": [12, 13], ""symbol"": ""cutensornetContraction2_f64_r5r5r4""}, {""body_indices"": [14, 15], ""symbol"": ""cutensornetContraction2_f64_r4r5r4""}, {""body_indices"": [16, 17], ""symbol"": ""cutensornetContraction2_f64_r4r5r4""}, {""body_indices"": [24, 25], ""symbol"": ""cutensornetContraction2_f64_r4r5r4""}, {""body_indices"": [26, 27], ""symbol"": ""cutensornetContraction2_f64_r4r5r4""}, {""body_indices"": [28, 29], ""symbol"": ""cutensornetContraction2_f64_r4r5r4""}]",12,0,0,0.0,114
mfem_application,mfem_app_grad_div_3d_partial,/home/arjaiswal/Polygeist/issues/mfem_c_kernels/application_extractions/results/mfem_app_grad_div_3d_partial.debufferized.mlir,bab00f98d4312f46dfdfc3a9851842ab5f5eba0be5488e8dadb3af9a053a13a6,egglog,5,ok,0,4829.580929130316,0,"[""/usr/bin/python3"", ""/home/arjaiswal/Polygeist/scripts/correctness/kernel_match_rewrite.py"", ""/home/arjaiswal/Polygeist/issues/mfem_c_kernels/application_extractions/results/mfem_app_grad_div_3d_partial.debufferized.mlir"", ""--dry-run"", ""--matcher-mode"", ""egglog"", ""--telemetry-json"", ""/home/arjaiswal/Polygeist/issues/equality_saturation_eval/campaign_20260908/mfem_application-mfem_app_grad_div_3d_partial-egglog-j1h5difk.json"", ""--disable-semantic-fallback""]","== match report for /home/arjaiswal/Polygeist/issues/mfem_c_kernels/application_extractions/results/mfem_app_grad_div_3d_partial.debufferized.mlir ==
  match          body#[0, 1]  cutensornetContraction2_f64_r5r5r4
  match          body#[2, 3]  cutensornetContraction2_f64_r4r5r4
  match          body#[4, 5]  cutensornetContraction2_f64_r4r5r4
  match          body#[6, 7]  cutensornetContraction2_f64_r5r5r4
  match          body#[8, 9]  cutensornetContraction2_f64_r4r5r4
  match          body#[10, 11]  cutensornetContraction2_f64_r4r5r4
  match          body#[12, 13]  cutensornetContraction2_f64_r5r5r4
  match          body#[14, 15]  cutensornetContraction2_f64_r4r5r4
  match          body#[16, 17]  cutensornetContraction2_f64_r4r5r4
  no_match       body#18  ?
  no_match       body#19  ?
  no_match       body#20  ?
  no_match       body#21  ?
  no_match       body#22  ?
  no_match       body#23  ?
  match          body#[24, 25]  cutensornetContraction2_f64_r4r5r4
  match          body#[26, 27]  cutensornetContraction2_f64_r4r5r4
  match          body#[28, 29]  cutensornetContraction2_f64_r4r5r4
  no_match       body#30  ?
  no_match       body#31  ?
  no_match       body#32  ?
  total: 12 matched / 21 bodies
",0,[],0,0,0,0,/home/arjaiswal/Polygeist/issues/mfem_c_kernels/application_extractions/results/mfem_app_grad_div_3d_partial.debufferized.mlir,21502,8,33,24,4001.1788085103035,9,71240,2123.4123185276985,114,114,0,96,"[{""body_indices"": [0, 1], ""symbol"": ""cutensornetContraction2_f64_r5r5r4""}, {""body_indices"": [2, 3], ""symbol"": ""cutensornetContraction2_f64_r4r5r4""}, {""body_indices"": [4, 5], ""symbol"": ""cutensornetContraction2_f64_r4r5r4""}, {""body_indices"": [6, 7], ""symbol"": ""cutensornetContraction2_f64_r5r5r4""}, {""body_indices"": [8, 9], ""symbol"": ""cutensornetContraction2_f64_r4r5r4""}, {""body_indices"": [10, 11], ""symbol"": ""cutensornetContraction2_f64_r4r5r4""}, {""body_indices"": [12, 13], ""symbol"": ""cutensornetContraction2_f64_r5r5r4""}, {""body_indices"": [14, 15], ""symbol"": ""cutensornetContraction2_f64_r4r5r4""}, {""body_indices"": [16, 17], ""symbol"": ""cutensornetContraction2_f64_r4r5r4""}, {""body_indices"": [24, 25], ""symbol"": ""cutensornetContraction2_f64_r4r5r4""}, {""body_indices"": [26, 27], ""symbol"": ""cutensornetContraction2_f64_r4r5r4""}, {""body_indices"": [28, 29], ""symbol"": ""cutensornetContraction2_f64_r4r5r4""}]",12,0,0,0.0,114
mfem_application,mfem_app_grad_div_3d_partial,/home/arjaiswal/Polygeist/issues/mfem_c_kernels/application_extractions/results/mfem_app_grad_div_3d_partial.debufferized.mlir,bab00f98d4312f46dfdfc3a9851842ab5f5eba0be5488e8dadb3af9a053a13a6,syntactic,5,ok,0,2961.794473230839,0,"[""/usr/bin/python3"", ""/home/arjaiswal/Polygeist/scripts/correctness/kernel_match_rewrite.py"", ""/home/arjaiswal/Polygeist/issues/mfem_c_kernels/application_extractions/results/mfem_app_grad_div_3d_partial.debufferized.mlir"", ""--dry-run"", ""--matcher-mode"", ""syntactic"", ""--telemetry-json"", ""/home/arjaiswal/Polygeist/issues/equality_saturation_eval/campaign_20260908/mfem_application-mfem_app_grad_div_3d_partial-syntactic-5ifdume4.json"", ""--disable-semantic-fallback""]","== match report for /home/arjaiswal/Polygeist/issues/mfem_c_kernels/application_extractions/results/mfem_app_grad_div_3d_partial.debufferized.mlir ==
  match          body#[0, 1]  cutensornetContraction2_f64_r5r5r4
  match          body#[2, 3]  cutensornetContraction2_f64_r4r5r4
  match          body#[4, 5]  cutensornetContraction2_f64_r4r5r4
  match          body#[6, 7]  cutensornetContraction2_f64_r5r5r4
  match          body#[8, 9]  cutensornetContraction2_f64_r4r5r4
  match          body#[10, 11]  cutensornetContraction2_f64_r4r5r4
  match          body#[12, 13]  cutensornetContraction2_f64_r5r5r4
  match          body#[14, 15]  cutensornetContraction2_f64_r4r5r4
  match          body#[16, 17]  cutensornetContraction2_f64_r4r5r4
  no_match       body#18  ?
  no_match       body#19  ?
  no_match       body#20  ?
  no_match       body#21  ?
  no_match       body#22  ?
  no_match       body#23  ?
  match          body#[24, 25]  cutensornetContraction2_f64_r4r5r4
  match          body#[26, 27]  cutensornetContraction2_f64_r4r5r4
  match          body#[28, 29]  cutensornetContraction2_f64_r4r5r4
  no_match       body#30  ?
  no_match       body#31  ?
  no_match       body#32  ?
  total: 12 matched / 21 bodies
",0,[],0,0,0,0,/home/arjaiswal/Polygeist/issues/mfem_c_kernels/application_extractions/results/mfem_app_grad_div_3d_partial.debufferized.mlir,21502,0,33,24,1564.4099414348602,9,66904,0.6273277103900909,0,114,0,0,"[{""body_indices"": [0, 1], ""symbol"": ""cutensornetContraction2_f64_r5r5r4""}, {""body_indices"": [2, 3], ""symbol"": ""cutensornetContraction2_f64_r4r5r4""}, {""body_indices"": [4, 5], ""symbol"": ""cutensornetContraction2_f64_r4r5r4""}, {""body_indices"": [6, 7], ""symbol"": ""cutensornetContraction2_f64_r5r5r4""}, {""body_indices"": [8, 9], ""symbol"": ""cutensornetContraction2_f64_r4r5r4""}, {""body_indices"": [10, 11], ""symbol"": ""cutensornetContraction2_f64_r4r5r4""}, {""body_indices"": [12, 13], ""symbol"": ""cutensornetContraction2_f64_r5r5r4""}, {""body_indices"": [14, 15], ""symbol"": ""cutensornetContraction2_f64_r4r5r4""}, {""body_indices"": [16, 17], ""symbol"": ""cutensornetContraction2_f64_r4r5r4""}, {""body_indices"": [24, 25], ""symbol"": ""cutensornetContraction2_f64_r4r5r4""}, {""body_indices"": [26, 27], ""symbol"": ""cutensornetContraction2_f64_r4r5r4""}, {""body_indices"": [28, 29], ""symbol"": ""cutensornetContraction2_f64_r4r5r4""}]",12,0,114,0.0,114
mfem_application,mfem_app_mtop_iso_elasticity_dfem_2d,/home/arjaiswal/Polygeist/issues/mfem_c_kernels/application_extractions/results/mfem_app_mtop_iso_elasticity_dfem_2d.debufferized.mlir,16ca336dc5f250ba209c1996b30c590b5b2c46f4afb455ab9744ca44792031f4,syntactic,1,ok,0,6656.569384038448,0,"[""/usr/bin/python3"", ""/home/arjaiswal/Polygeist/scripts/correctness/kernel_match_rewrite.py"", ""/home/arjaiswal/Polygeist/issues/mfem_c_kernels/application_extractions/results/mfem_app_mtop_iso_elasticity_dfem_2d.debufferized.mlir"", ""--dry-run"", ""--matcher-mode"", ""syntactic"", ""--telemetry-json"", ""/home/arjaiswal/Polygeist/issues/equality_saturation_eval/campaign_20260908/mfem_application-mfem_app_mtop_iso_elasticity_dfem_2d-syntactic-9e_v259n.json"", ""--disable-semantic-fallback""]","== match report for /home/arjaiswal/Polygeist/issues/mfem_c_kernels/application_extractions/results/mfem_app_mtop_iso_elasticity_dfem_2d.debufferized.mlir ==
  match          body#[0, 1]  cutensornetContraction2_f64
  match          body#[2, 3]  cutensornetContraction2_f64
  match          body#[4, 5]  cutensornetContraction2_f64
  match          body#[6, 7]  cutensornetContraction2_f64
  match          body#[8, 9]  cutensornetContraction2_f64
  match          body#[10, 11]  cutensornetContraction2_f64
  match          body#[12, 13]  cutensornetContraction2_f64
  match          body#[14, 15]  cutensornetContraction2_f64
  no_match       body#16  ?
  no_match       body#17  ?
  no_match       body#18  ?
  no_match       body#19  ?
  match          body#[20, 21]  cutensornetContraction2_f64
  match          body#[22, 23]  cutensornetContraction2_f64
  match          body#[24, 25]  cutensornetContraction2_f64
  match          body#[26, 27]  cutensornetContraction2_f64
  no_match       body#28  ?
  match          body#[29, 30]  cutensornetContraction2_f64
  match          body#[31, 32]  cutensornetContraction2_f64
  match          body#[33, 34]  cutensornetContraction2_f64
  match          body#[35, 36]  cutensornetContraction2_f64
  no_match       body#37  ?
  total: 16 matched / 22 bodies
",0,[],0,0,0,0,/home/arjaiswal/Polygeist/issues/mfem_c_kernels/application_extractions/results/mfem_app_mtop_iso_elasticity_dfem_2d.debufferized.mlir,42896,0,38,32,3550.692889839411,6,69092,1.2269467115402222,0,190,0,0,"[{""body_indices"": [0, 1], ""symbol"": ""cutensornetContraction2_f64""}, {""body_indices"": [2, 3], ""symbol"": ""cutensornetContraction2_f64""}, {""body_indices"": [4, 5], ""symbol"": ""cutensornetContraction2_f64""}, {""body_indices"": [6, 7], ""symbol"": ""cutensornetContraction2_f64""}, {""body_indices"": [8, 9], ""symbol"": ""cutensornetContraction2_f64""}, {""body_indices"": [10, 11], ""symbol"": ""cutensornetContraction2_f64""}, {""body_indices"": [12, 13], ""symbol"": ""cutensornetContraction2_f64""}, {""body_indices"": [14, 15], ""symbol"": ""cutensornetContraction2_f64""}, {""body_indices"": [20, 21], ""symbol"": ""cutensornetContraction2_f64""}, {""body_indices"": [22, 23], ""symbol"": ""cutensornetContraction2_f64""}, {""body_indices"": [24, 25], ""symbol"": ""cutensornetContraction2_f64""}, {""body_indices"": [26, 27], ""symbol"": ""cutensornetContraction2_f64""}, {""body_indices"": [29, 30], ""symbol"": ""cutensornetContraction2_f64""}, {""body_indices"": [31, 32], ""symbol"": ""cutensornetContraction2_f64""}, {""body_indices"": [33, 34], ""symbol"": ""cutensornetContraction2_f64""}, {""body_indices"": [35, 36], ""symbol"": ""cutensornetContraction2_f64""}]",16,0,190,0.0,190
mfem_application,mfem_app_mtop_iso_elasticity_dfem_2d,/home/arjaiswal/Polygeist/issues/mfem_c_kernels/application_extractions/results/mfem_app_mtop_iso_elasticity_dfem_2d.debufferized.mlir,16ca336dc5f250ba209c1996b30c590b5b2c46f4afb455ab9744ca44792031f4,egglog,1,ok,0,6921.118654310703,0,"[""/usr/bin/python3"", ""/home/arjaiswal/Polygeist/scripts/correctness/kernel_match_rewrite.py"", ""/home/arjaiswal/Polygeist/issues/mfem_c_kernels/application_extractions/results/mfem_app_mtop_iso_elasticity_dfem_2d.debufferized.mlir"", ""--dry-run"", ""--matcher-mode"", ""egglog"", ""--telemetry-json"", ""/home/arjaiswal/Polygeist/issues/equality_saturation_eval/campaign_20260908/mfem_application-mfem_app_mtop_iso_elasticity_dfem_2d-egglog-ixfh61ln.json"", ""--disable-semantic-fallback""]","== match report for /home/arjaiswal/Polygeist/issues/mfem_c_kernels/application_extractions/results/mfem_app_mtop_iso_elasticity_dfem_2d.debufferized.mlir ==
  match          body#[0, 1]  cutensornetContraction2_f64
  match          body#[2, 3]  cutensornetContraction2_f64
  match          body#[4, 5]  cutensornetContraction2_f64
  match          body#[6, 7]  cutensornetContraction2_f64
  match          body#[8, 9]  cutensornetContraction2_f64
  match          body#[10, 11]  cutensornetContraction2_f64
  match          body#[12, 13]  cutensornetContraction2_f64
  match          body#[14, 15]  cutensornetContraction2_f64
  no_match       body#16  ?
  no_match       body#17  ?
  no_match       body#18  ?
  no_match       body#19  ?
  match          body#[20, 21]  cutensornetContraction2_f64
  match          body#[22, 23]  cutensornetContraction2_f64
  match          body#[24, 25]  cutensornetContraction2_f64
  match          body#[26, 27]  cutensornetContraction2_f64
  no_match       body#28  ?
  match          body#[29, 30]  cutensornetContraction2_f64
  match          body#[31, 32]  cutensornetContraction2_f64
  match          body#[33, 34]  cutensornetContraction2_f64
  match          body#[35, 36]  cutensornetContraction2_f64
  no_match       body#37  ?
  total: 16 matched / 22 bodies
",0,[],0,0,0,0,/home/arjaiswal/Polygeist/issues/mfem_c_kernels/application_extractions/results/mfem_app_mtop_iso_elasticity_dfem_2d.debufferized.mlir,42896,8,38,32,5195.840831845999,6,73500,2204.75310087204,190,190,0,256,"[{""body_indices"": [0, 1], ""symbol"": ""cutensornetContraction2_f64""}, {""body_indices"": [2, 3], ""symbol"": ""cutensornetContraction2_f64""}, {""body_indices"": [4, 5], ""symbol"": ""cutensornetContraction2_f64""}, {""body_indices"": [6, 7], ""symbol"": ""cutensornetContraction2_f64""}, {""body_indices"": [8, 9], ""symbol"": ""cutensornetContraction2_f64""}, {""body_indices"": [10, 11], ""symbol"": ""cutensornetContraction2_f64""}, {""body_indices"": [12, 13], ""symbol"": ""cutensornetContraction2_f64""}, {""body_indices"": [14, 15], ""symbol"": ""cutensornetContraction2_f64""}, {""body_indices"": [20, 21], ""symbol"": ""cutensornetContraction2_f64""}, {""body_indices"": [22, 23], ""symbol"": ""cutensornetContraction2_f64""}, {""body_indices"": [24, 25], ""symbol"": ""cutensornetContraction2_f64""}, {""body_indices"": [26, 27], ""symbol"": ""cutensornetContraction2_f64""}, {""body_indices"": [29, 30], ""symbol"": ""cutensornetContraction2_f64""}, {""body_indices"": [31, 32], ""symbol"": ""cutensornetContraction2_f64""}, {""body_indices"": [33, 34], ""symbol"": ""cutensornetContraction2_f64""}, {""body_indices"": [35, 36], ""symbol"": ""cutensornetContraction2_f64""}]",16,0,0,0.0,190
mfem_application,mfem_app_mtop_iso_elasticity_dfem_2d,/home/arjaiswal/Polygeist/issues/mfem_c_kernels/application_extractions/results/mfem_app_mtop_iso_elasticity_dfem_2d.debufferized.mlir,16ca336dc5f250ba209c1996b30c590b5b2c46f4afb455ab9744ca44792031f4,egglog,2,ok,0,6930.658210068941,0,"[""/usr/bin/python3"", ""/home/arjaiswal/Polygeist/scripts/correctness/kernel_match_rewrite.py"", ""/home/arjaiswal/Polygeist/issues/mfem_c_kernels/application_extractions/results/mfem_app_mtop_iso_elasticity_dfem_2d.debufferized.mlir"", ""--dry-run"", ""--matcher-mode"", ""egglog"", ""--telemetry-json"", ""/home/arjaiswal/Polygeist/issues/equality_saturation_eval/campaign_20260908/mfem_application-mfem_app_mtop_iso_elasticity_dfem_2d-egglog-mytcsc9a.json"", ""--disable-semantic-fallback""]","== match report for /home/arjaiswal/Polygeist/issues/mfem_c_kernels/application_extractions/results/mfem_app_mtop_iso_elasticity_dfem_2d.debufferized.mlir ==
  match          body#[0, 1]  cutensornetContraction2_f64
  match          body#[2, 3]  cutensornetContraction2_f64
  match          body#[4, 5]  cutensornetContraction2_f64
  match          body#[6, 7]  cutensornetContraction2_f64
  match          body#[8, 9]  cutensornetContraction2_f64
  match          body#[10, 11]  cutensornetContraction2_f64
  match          body#[12, 13]  cutensornetContraction2_f64
  match          body#[14, 15]  cutensornetContraction2_f64
  no_match       body#16  ?
  no_match       body#17  ?
  no_match       body#18  ?
  no_match       body#19  ?
  match          body#[20, 21]  cutensornetContraction2_f64
  match          body#[22, 23]  cutensornetContraction2_f64
  match          body#[24, 25]  cutensornetContraction2_f64
  match          body#[26, 27]  cutensornetContraction2_f64
  no_match       body#28  ?
  match          body#[29, 30]  cutensornetContraction2_f64
  match          body#[31, 32]  cutensornetContraction2_f64
  match          body#[33, 34]  cutensornetContraction2_f64
  match          body#[35, 36]  cutensornetContraction2_f64
  no_match       body#37  ?
  total: 16 matched / 22 bodies
",0,[],0,0,0,0,/home/arjaiswal/Polygeist/issues/mfem_c_kernels/application_extractions/results/mfem_app_mtop_iso_elasticity_dfem_2d.debufferized.mlir,42896,8,38,32,5217.902321368456,6,73548,2641.449097543955,190,190,0,256,"[{""body_indices"": [0, 1], ""symbol"": ""cutensornetContraction2_f64""}, {""body_indices"": [2, 3], ""symbol"": ""cutensornetContraction2_f64""}, {""body_indices"": [4, 5], ""symbol"": ""cutensornetContraction2_f64""}, {""body_indices"": [6, 7], ""symbol"": ""cutensornetContraction2_f64""}, {""body_indices"": [8, 9], ""symbol"": ""cutensornetContraction2_f64""}, {""body_indices"": [10, 11], ""symbol"": ""cutensornetContraction2_f64""}, {""body_indices"": [12, 13], ""symbol"": ""cutensornetContraction2_f64""}, {""body_indices"": [14, 15], ""symbol"": ""cutensornetContraction2_f64""}, {""body_indices"": [20, 21], ""symbol"": ""cutensornetContraction2_f64""}, {""body_indices"": [22, 23], ""symbol"": ""cutensornetContraction2_f64""}, {""body_indices"": [24, 25], ""symbol"": ""cutensornetContraction2_f64""}, {""body_indices"": [26, 27], ""symbol"": ""cutensornetContraction2_f64""}, {""body_indices"": [29, 30], ""symbol"": ""cutensornetContraction2_f64""}, {""body_indices"": [31, 32], ""symbol"": ""cutensornetContraction2_f64""}, {""body_indices"": [33, 34], ""symbol"": ""cutensornetContraction2_f64""}, {""body_indices"": [35, 36], ""symbol"": ""cutensornetContraction2_f64""}]",16,0,0,0.0,190
mfem_application,mfem_app_mtop_iso_elasticity_dfem_2d,/home/arjaiswal/Polygeist/issues/mfem_c_kernels/application_extractions/results/mfem_app_mtop_iso_elasticity_dfem_2d.debufferized.mlir,16ca336dc5f250ba209c1996b30c590b5b2c46f4afb455ab9744ca44792031f4,syntactic,2,ok,0,5940.703332424164,0,"[""/usr/bin/python3"", ""/home/arjaiswal/Polygeist/scripts/correctness/kernel_match_rewrite.py"", ""/home/arjaiswal/Polygeist/issues/mfem_c_kernels/application_extractions/results/mfem_app_mtop_iso_elasticity_dfem_2d.debufferized.mlir"", ""--dry-run"", ""--matcher-mode"", ""syntactic"", ""--telemetry-json"", ""/home/arjaiswal/Polygeist/issues/equality_saturation_eval/campaign_20260908/mfem_application-mfem_app_mtop_iso_elasticity_dfem_2d-syntactic-br558uq9.json"", ""--disable-semantic-fallback""]","== match report for /home/arjaiswal/Polygeist/issues/mfem_c_kernels/application_extractions/results/mfem_app_mtop_iso_elasticity_dfem_2d.debufferized.mlir ==
  match          body#[0, 1]  cutensornetContraction2_f64
  match          body#[2, 3]  cutensornetContraction2_f64
  match          body#[4, 5]  cutensornetContraction2_f64
  match          body#[6, 7]  cutensornetContraction2_f64
  match          body#[8, 9]  cutensornetContraction2_f64
  match          body#[10, 11]  cutensornetContraction2_f64
  match          body#[12, 13]  cutensornetContraction2_f64
  match          body#[14, 15]  cutensornetContraction2_f64
  no_match       body#16  ?
  no_match       body#17  ?
  no_match       body#18  ?
  no_match       body#19  ?
  match          body#[20, 21]  cutensornetContraction2_f64
  match          body#[22, 23]  cutensornetContraction2_f64
  match          body#[24, 25]  cutensornetContraction2_f64
  match          body#[26, 27]  cutensornetContraction2_f64
  no_match       body#28  ?
  match          body#[29, 30]  cutensornetContraction2_f64
  match          body#[31, 32]  cutensornetContraction2_f64
  match          body#[33, 34]  cutensornetContraction2_f64
  match          body#[35, 36]  cutensornetContraction2_f64
  no_match       body#37  ?
  total: 16 matched / 22 bodies
",0,[],0,0,0,0,/home/arjaiswal/Polygeist/issues/mfem_c_kernels/application_extractions/results/mfem_app_mtop_iso_elasticity_dfem_2d.debufferized.mlir,42896,0,38,32,3628.2915584743023,6,68952,14.212194830179214,0,190,0,0,"[{""body_indices"": [0, 1], ""symbol"": ""cutensornetContraction2_f64""}, {""body_indices"": [2, 3], ""symbol"": ""cutensornetContraction2_f64""}, {""body_indices"": [4, 5], ""symbol"": ""cutensornetContraction2_f64""}, {""body_indices"": [6, 7], ""symbol"": ""cutensornetContraction2_f64""}, {""body_indices"": [8, 9], ""symbol"": ""cutensornetContraction2_f64""}, {""body_indices"": [10, 11], ""symbol"": ""cutensornetContraction2_f64""}, {""body_indices"": [12, 13], ""symbol"": ""cutensornetContraction2_f64""}, {""body_indices"": [14, 15], ""symbol"": ""cutensornetContraction2_f64""}, {""body_indices"": [20, 21], ""symbol"": ""cutensornetContraction2_f64""}, {""body_indices"": [22, 23], ""symbol"": ""cutensornetContraction2_f64""}, {""body_indices"": [24, 25], ""symbol"": ""cutensornetContraction2_f64""}, {""body_indices"": [26, 27], ""symbol"": ""cutensornetContraction2_f64""}, {""body_indices"": [29, 30], ""symbol"": ""cutensornetContraction2_f64""}, {""body_indices"": [31, 32], ""symbol"": ""cutensornetContraction2_f64""}, {""body_indices"": [33, 34], ""symbol"": ""cutensornetContraction2_f64""}, {""body_indices"": [35, 36], ""symbol"": ""cutensornetContraction2_f64""}]",16,0,190,0.0,190
mfem_application,mfem_app_mtop_iso_elasticity_dfem_2d,/home/arjaiswal/Polygeist/issues/mfem_c_kernels/application_extractions/results/mfem_app_mtop_iso_elasticity_dfem_2d.debufferized.mlir,16ca336dc5f250ba209c1996b30c590b5b2c46f4afb455ab9744ca44792031f4,syntactic,3,ok,0,4403.3893421292305,0,"[""/usr/bin/python3"", ""/home/arjaiswal/Polygeist/scripts/correctness/kernel_match_rewrite.py"", ""/home/arjaiswal/Polygeist/issues/mfem_c_kernels/application_extractions/results/mfem_app_mtop_iso_elasticity_dfem_2d.debufferized.mlir"", ""--dry-run"", ""--matcher-mode"", ""syntactic"", ""--telemetry-json"", ""/home/arjaiswal/Polygeist/issues/equality_saturation_eval/campaign_20260908/mfem_application-mfem_app_mtop_iso_elasticity_dfem_2d-syntactic-g84up8k_.json"", ""--disable-semantic-fallback""]","== match report for /home/arjaiswal/Polygeist/issues/mfem_c_kernels/application_extractions/results/mfem_app_mtop_iso_elasticity_dfem_2d.debufferized.mlir ==
  match          body#[0, 1]  cutensornetContraction2_f64
  match          body#[2, 3]  cutensornetContraction2_f64
  match          body#[4, 5]  cutensornetContraction2_f64
  match          body#[6, 7]  cutensornetContraction2_f64
  match          body#[8, 9]  cutensornetContraction2_f64
  match          body#[10, 11]  cutensornetContraction2_f64
  match          body#[12, 13]  cutensornetContraction2_f64
  match          body#[14, 15]  cutensornetContraction2_f64
  no_match       body#16  ?
  no_match       body#17  ?
  no_match       body#18  ?
  no_match       body#19  ?
  match          body#[20, 21]  cutensornetContraction2_f64
  match          body#[22, 23]  cutensornetContraction2_f64
  match          body#[24, 25]  cutensornetContraction2_f64
  match          body#[26, 27]  cutensornetContraction2_f64
  no_match       body#28  ?
  match          body#[29, 30]  cutensornetContraction2_f64
  match          body#[31, 32]  cutensornetContraction2_f64
  match          body#[33, 34]  cutensornetContraction2_f64
  match          body#[35, 36]  cutensornetContraction2_f64
  no_match       body#37  ?
  total: 16 matched / 22 bodies
",0,[],0,0,0,0,/home/arjaiswal/Polygeist/issues/mfem_c_kernels/application_extractions/results/mfem_app_mtop_iso_elasticity_dfem_2d.debufferized.mlir,42896,0,38,32,2171.9441264867783,6,69060,1.374322921037674,0,190,0,0,"[{""body_indices"": [0, 1], ""symbol"": ""cutensornetContraction2_f64""}, {""body_indices"": [2, 3], ""symbol"": ""cutensornetContraction2_f64""}, {""body_indices"": [4, 5], ""symbol"": ""cutensornetContraction2_f64""}, {""body_indices"": [6, 7], ""symbol"": ""cutensornetContraction2_f64""}, {""body_indices"": [8, 9], ""symbol"": ""cutensornetContraction2_f64""}, {""body_indices"": [10, 11], ""symbol"": ""cutensornetContraction2_f64""}, {""body_indices"": [12, 13], ""symbol"": ""cutensornetContraction2_f64""}, {""body_indices"": [14, 15], ""symbol"": ""cutensornetContraction2_f64""}, {""body_indices"": [20, 21], ""symbol"": ""cutensornetContraction2_f64""}, {""body_indices"": [22, 23], ""symbol"": ""cutensornetContraction2_f64""}, {""body_indices"": [24, 25], ""symbol"": ""cutensornetContraction2_f64""}, {""body_indices"": [26, 27], ""symbol"": ""cutensornetContraction2_f64""}, {""body_indices"": [29, 30], ""symbol"": ""cutensornetContraction2_f64""}, {""body_indices"": [31, 32], ""symbol"": ""cutensornetContraction2_f64""}, {""body_indices"": [33, 34], ""symbol"": ""cutensornetContraction2_f64""}, {""body_indices"": [35, 36], ""symbol"": ""cutensornetContraction2_f64""}]",16,0,190,0.0,190
mfem_application,mfem_app_mtop_iso_elasticity_dfem_2d,/home/arjaiswal/Polygeist/issues/mfem_c_kernels/application_extractions/results/mfem_app_mtop_iso_elasticity_dfem_2d.debufferized.mlir,16ca336dc5f250ba209c1996b30c590b5b2c46f4afb455ab9744ca44792031f4,egglog,3,ok,0,8475.762024521828,0,"[""/usr/bin/python3"", ""/home/arjaiswal/Polygeist/scripts/correctness/kernel_match_rewrite.py"", ""/home/arjaiswal/Polygeist/issues/mfem_c_kernels/application_extractions/results/mfem_app_mtop_iso_elasticity_dfem_2d.debufferized.mlir"", ""--dry-run"", ""--matcher-mode"", ""egglog"", ""--telemetry-json"", ""/home/arjaiswal/Polygeist/issues/equality_saturation_eval/campaign_20260908/mfem_application-mfem_app_mtop_iso_elasticity_dfem_2d-egglog-kswdiz20.json"", ""--disable-semantic-fallback""]","== match report for /home/arjaiswal/Polygeist/issues/mfem_c_kernels/application_extractions/results/mfem_app_mtop_iso_elasticity_dfem_2d.debufferized.mlir ==
  match          body#[0, 1]  cutensornetContraction2_f64
  match          body#[2, 3]  cutensornetContraction2_f64
  match          body#[4, 5]  cutensornetContraction2_f64
  match          body#[6, 7]  cutensornetContraction2_f64
  match          body#[8, 9]  cutensornetContraction2_f64
  match          body#[10, 11]  cutensornetContraction2_f64
  match          body#[12, 13]  cutensornetContraction2_f64
  match          body#[14, 15]  cutensornetContraction2_f64
  no_match       body#16  ?
  no_match       body#17  ?
  no_match       body#18  ?
  no_match       body#19  ?
  match          body#[20, 21]  cutensornetContraction2_f64
  match          body#[22, 23]  cutensornetContraction2_f64
  match          body#[24, 25]  cutensornetContraction2_f64
  match          body#[26, 27]  cutensornetContraction2_f64
  no_match       body#28  ?
  match          body#[29, 30]  cutensornetContraction2_f64
  match          body#[31, 32]  cutensornetContraction2_f64
  match          body#[33, 34]  cutensornetContraction2_f64
  match          body#[35, 36]  cutensornetContraction2_f64
  no_match       body#37  ?
  total: 16 matched / 22 bodies
",0,[],0,0,0,0,/home/arjaiswal/Polygeist/issues/mfem_c_kernels/application_extractions/results/mfem_app_mtop_iso_elasticity_dfem_2d.debufferized.mlir,42896,8,38,32,6385.193530470133,6,73600,3318.8003189861774,190,190,0,256,"[{""body_indices"": [0, 1], ""symbol"": ""cutensornetContraction2_f64""}, {""body_indices"": [2, 3], ""symbol"": ""cutensornetContraction2_f64""}, {""body_indices"": [4, 5], ""symbol"": ""cutensornetContraction2_f64""}, {""body_indices"": [6, 7], ""symbol"": ""cutensornetContraction2_f64""}, {""body_indices"": [8, 9], ""symbol"": ""cutensornetContraction2_f64""}, {""body_indices"": [10, 11], ""symbol"": ""cutensornetContraction2_f64""}, {""body_indices"": [12, 13], ""symbol"": ""cutensornetContraction2_f64""}, {""body_indices"": [14, 15], ""symbol"": ""cutensornetContraction2_f64""}, {""body_indices"": [20, 21], ""symbol"": ""cutensornetContraction2_f64""}, {""body_indices"": [22, 23], ""symbol"": ""cutensornetContraction2_f64""}, {""body_indices"": [24, 25], ""symbol"": ""cutensornetContraction2_f64""}, {""body_indices"": [26, 27], ""symbol"": ""cutensornetContraction2_f64""}, {""body_indices"": [29, 30], ""symbol"": ""cutensornetContraction2_f64""}, {""body_indices"": [31, 32], ""symbol"": ""cutensornetContraction2_f64""}, {""body_indices"": [33, 34], ""symbol"": ""cutensornetContraction2_f64""}, {""body_indices"": [35, 36], ""symbol"": ""cutensornetContraction2_f64""}]",16,0,0,0.0,190
mfem_application,mfem_app_mtop_iso_elasticity_dfem_2d,/home/arjaiswal/Polygeist/issues/mfem_c_kernels/application_extractions/results/mfem_app_mtop_iso_elasticity_dfem_2d.debufferized.mlir,16ca336dc5f250ba209c1996b30c590b5b2c46f4afb455ab9744ca44792031f4,egglog,4,ok,0,12577.455393970013,0,"[""/usr/bin/python3"", ""/home/arjaiswal/Polygeist/scripts/correctness/kernel_match_rewrite.py"", ""/home/arjaiswal/Polygeist/issues/mfem_c_kernels/application_extractions/results/mfem_app_mtop_iso_elasticity_dfem_2d.debufferized.mlir"", ""--dry-run"", ""--matcher-mode"", ""egglog"", ""--telemetry-json"", ""/home/arjaiswal/Polygeist/issues/equality_saturation_eval/campaign_20260908/mfem_application-mfem_app_mtop_iso_elasticity_dfem_2d-egglog-0y3cbuws.json"", ""--disable-semantic-fallback""]","== match report for /home/arjaiswal/Polygeist/issues/mfem_c_kernels/application_extractions/results/mfem_app_mtop_iso_elasticity_dfem_2d.debufferized.mlir ==
  match          body#[0, 1]  cutensornetContraction2_f64
  match          body#[2, 3]  cutensornetContraction2_f64
  match          body#[4, 5]  cutensornetContraction2_f64
  match          body#[6, 7]  cutensornetContraction2_f64
  match          body#[8, 9]  cutensornetContraction2_f64
  match          body#[10, 11]  cutensornetContraction2_f64
  match          body#[12, 13]  cutensornetContraction2_f64
  match          body#[14, 15]  cutensornetContraction2_f64
  no_match       body#16  ?
  no_match       body#17  ?
  no_match       body#18  ?
  no_match       body#19  ?
  match          body#[20, 21]  cutensornetContraction2_f64
  match          body#[22, 23]  cutensornetContraction2_f64
  match          body#[24, 25]  cutensornetContraction2_f64
  match          body#[26, 27]  cutensornetContraction2_f64
  no_match       body#28  ?
  match          body#[29, 30]  cutensornetContraction2_f64
  match          body#[31, 32]  cutensornetContraction2_f64
  match          body#[33, 34]  cutensornetContraction2_f64
  match          body#[35, 36]  cutensornetContraction2_f64
  no_match       body#37  ?
  total: 16 matched / 22 bodies
",0,[],0,0,0,0,/home/arjaiswal/Polygeist/issues/mfem_c_kernels/application_extractions/results/mfem_app_mtop_iso_elasticity_dfem_2d.debufferized.mlir,42896,8,38,32,10017.471175640821,6,73484,5145.506955683231,190,190,0,256,"[{""body_indices"": [0, 1], ""symbol"": ""cutensornetContraction2_f64""}, {""body_indices"": [2, 3], ""symbol"": ""cutensornetContraction2_f64""}, {""body_indices"": [4, 5], ""symbol"": ""cutensornetContraction2_f64""}, {""body_indices"": [6, 7], ""symbol"": ""cutensornetContraction2_f64""}, {""body_indices"": [8, 9], ""symbol"": ""cutensornetContraction2_f64""}, {""body_indices"": [10, 11], ""symbol"": ""cutensornetContraction2_f64""}, {""body_indices"": [12, 13], ""symbol"": ""cutensornetContraction2_f64""}, {""body_indices"": [14, 15], ""symbol"": ""cutensornetContraction2_f64""}, {""body_indices"": [20, 21], ""symbol"": ""cutensornetContraction2_f64""}, {""body_indices"": [22, 23], ""symbol"": ""cutensornetContraction2_f64""}, {""body_indices"": [24, 25], ""symbol"": ""cutensornetContraction2_f64""}, {""body_indices"": [26, 27], ""symbol"": ""cutensornetContraction2_f64""}, {""body_indices"": [29, 30], ""symbol"": ""cutensornetContraction2_f64""}, {""body_indices"": [31, 32], ""symbol"": ""cutensornetContraction2_f64""}, {""body_indices"": [33, 34], ""symbol"": ""cutensornetContraction2_f64""}, {""body_indices"": [35, 36], ""symbol"": ""cutensornetContraction2_f64""}]",16,0,0,0.0,190
mfem_application,mfem_app_mtop_iso_elasticity_dfem_2d,/home/arjaiswal/Polygeist/issues/mfem_c_kernels/application_extractions/results/mfem_app_mtop_iso_elasticity_dfem_2d.debufferized.mlir,16ca336dc5f250ba209c1996b30c590b5b2c46f4afb455ab9744ca44792031f4,syntactic,4,ok,0,6102.1991446614265,0,"[""/usr/bin/python3"", ""/home/arjaiswal/Polygeist/scripts/correctness/kernel_match_rewrite.py"", ""/home/arjaiswal/Polygeist/issues/mfem_c_kernels/application_extractions/results/mfem_app_mtop_iso_elasticity_dfem_2d.debufferized.mlir"", ""--dry-run"", ""--matcher-mode"", ""syntactic"", ""--telemetry-json"", ""/home/arjaiswal/Polygeist/issues/equality_saturation_eval/campaign_20260908/mfem_application-mfem_app_mtop_iso_elasticity_dfem_2d-syntactic-a2cyfpuk.json"", ""--disable-semantic-fallback""]","== match report for /home/arjaiswal/Polygeist/issues/mfem_c_kernels/application_extractions/results/mfem_app_mtop_iso_elasticity_dfem_2d.debufferized.mlir ==
  match          body#[0, 1]  cutensornetContraction2_f64
  match          body#[2, 3]  cutensornetContraction2_f64
  match          body#[4, 5]  cutensornetContraction2_f64
  match          body#[6, 7]  cutensornetContraction2_f64
  match          body#[8, 9]  cutensornetContraction2_f64
  match          body#[10, 11]  cutensornetContraction2_f64
  match          body#[12, 13]  cutensornetContraction2_f64
  match          body#[14, 15]  cutensornetContraction2_f64
  no_match       body#16  ?
  no_match       body#17  ?
  no_match       body#18  ?
  no_match       body#19  ?
  match          body#[20, 21]  cutensornetContraction2_f64
  match          body#[22, 23]  cutensornetContraction2_f64
  match          body#[24, 25]  cutensornetContraction2_f64
  match          body#[26, 27]  cutensornetContraction2_f64
  no_match       body#28  ?
  match          body#[29, 30]  cutensornetContraction2_f64
  match          body#[31, 32]  cutensornetContraction2_f64
  match          body#[33, 34]  cutensornetContraction2_f64
  match          body#[35, 36]  cutensornetContraction2_f64
  no_match       body#37  ?
  total: 16 matched / 22 bodies
",0,[],0,0,0,0,/home/arjaiswal/Polygeist/issues/mfem_c_kernels/application_extractions/results/mfem_app_mtop_iso_elasticity_dfem_2d.debufferized.mlir,42896,0,38,32,3770.379029214382,6,69108,1.2010112404823303,0,190,0,0,"[{""body_indices"": [0, 1], ""symbol"": ""cutensornetContraction2_f64""}, {""body_indices"": [2, 3], ""symbol"": ""cutensornetContraction2_f64""}, {""body_indices"": [4, 5], ""symbol"": ""cutensornetContraction2_f64""}, {""body_indices"": [6, 7], ""symbol"": ""cutensornetContraction2_f64""}, {""body_indices"": [8, 9], ""symbol"": ""cutensornetContraction2_f64""}, {""body_indices"": [10, 11], ""symbol"": ""cutensornetContraction2_f64""}, {""body_indices"": [12, 13], ""symbol"": ""cutensornetContraction2_f64""}, {""body_indices"": [14, 15], ""symbol"": ""cutensornetContraction2_f64""}, {""body_indices"": [20, 21], ""symbol"": ""cutensornetContraction2_f64""}, {""body_indices"": [22, 23], ""symbol"": ""cutensornetContraction2_f64""}, {""body_indices"": [24, 25], ""symbol"": ""cutensornetContraction2_f64""}, {""body_indices"": [26, 27], ""symbol"": ""cutensornetContraction2_f64""}, {""body_indices"": [29, 30], ""symbol"": ""cutensornetContraction2_f64""}, {""body_indices"": [31, 32], ""symbol"": ""cutensornetContraction2_f64""}, {""body_indices"": [33, 34], ""symbol"": ""cutensornetContraction2_f64""}, {""body_indices"": [35, 36], ""symbol"": ""cutensornetContraction2_f64""}]",16,0,190,0.0,190
mfem_application,mfem_app_mtop_iso_elasticity_dfem_2d,/home/arjaiswal/Polygeist/issues/mfem_c_kernels/application_extractions/results/mfem_app_mtop_iso_elasticity_dfem_2d.debufferized.mlir,16ca336dc5f250ba209c1996b30c590b5b2c46f4afb455ab9744ca44792031f4,syntactic,5,ok,0,6512.34308630228,0,"[""/usr/bin/python3"", ""/home/arjaiswal/Polygeist/scripts/correctness/kernel_match_rewrite.py"", ""/home/arjaiswal/Polygeist/issues/mfem_c_kernels/application_extractions/results/mfem_app_mtop_iso_elasticity_dfem_2d.debufferized.mlir"", ""--dry-run"", ""--matcher-mode"", ""syntactic"", ""--telemetry-json"", ""/home/arjaiswal/Polygeist/issues/equality_saturation_eval/campaign_20260908/mfem_application-mfem_app_mtop_iso_elasticity_dfem_2d-syntactic-o1zmfzat.json"", ""--disable-semantic-fallback""]","== match report for /home/arjaiswal/Polygeist/issues/mfem_c_kernels/application_extractions/results/mfem_app_mtop_iso_elasticity_dfem_2d.debufferized.mlir ==
  match          body#[0, 1]  cutensornetContraction2_f64
  match          body#[2, 3]  cutensornetContraction2_f64
  match          body#[4, 5]  cutensornetContraction2_f64
  match          body#[6, 7]  cutensornetContraction2_f64
  match          body#[8, 9]  cutensornetContraction2_f64
  match          body#[10, 11]  cutensornetContraction2_f64
  match          body#[12, 13]  cutensornetContraction2_f64
  match          body#[14, 15]  cutensornetContraction2_f64
  no_match       body#16  ?
  no_match       body#17  ?
  no_match       body#18  ?
  no_match       body#19  ?
  match          body#[20, 21]  cutensornetContraction2_f64
  match          body#[22, 23]  cutensornetContraction2_f64
  match          body#[24, 25]  cutensornetContraction2_f64
  match          body#[26, 27]  cutensornetContraction2_f64
  no_match       body#28  ?
  match          body#[29, 30]  cutensornetContraction2_f64
  match          body#[31, 32]  cutensornetContraction2_f64
  match          body#[33, 34]  cutensornetContraction2_f64
  match          body#[35, 36]  cutensornetContraction2_f64
  no_match       body#37  ?
  total: 16 matched / 22 bodies
",0,[],0,0,0,0,/home/arjaiswal/Polygeist/issues/mfem_c_kernels/application_extractions/results/mfem_app_mtop_iso_elasticity_dfem_2d.debufferized.mlir,42896,0,38,32,3919.4269254803658,6,69032,1.4678910374641418,0,190,0,0,"[{""body_indices"": [0, 1], ""symbol"": ""cutensornetContraction2_f64""}, {""body_indices"": [2, 3], ""symbol"": ""cutensornetContraction2_f64""}, {""body_indices"": [4, 5], ""symbol"": ""cutensornetContraction2_f64""}, {""body_indices"": [6, 7], ""symbol"": ""cutensornetContraction2_f64""}, {""body_indices"": [8, 9], ""symbol"": ""cutensornetContraction2_f64""}, {""body_indices"": [10, 11], ""symbol"": ""cutensornetContraction2_f64""}, {""body_indices"": [12, 13], ""symbol"": ""cutensornetContraction2_f64""}, {""body_indices"": [14, 15], ""symbol"": ""cutensornetContraction2_f64""}, {""body_indices"": [20, 21], ""symbol"": ""cutensornetContraction2_f64""}, {""body_indices"": [22, 23], ""symbol"": ""cutensornetContraction2_f64""}, {""body_indices"": [24, 25], ""symbol"": ""cutensornetContraction2_f64""}, {""body_indices"": [26, 27], ""symbol"": ""cutensornetContraction2_f64""}, {""body_indices"": [29, 30], ""symbol"": ""cutensornetContraction2_f64""}, {""body_indices"": [31, 32], ""symbol"": ""cutensornetContraction2_f64""}, {""body_indices"": [33, 34], ""symbol"": ""cutensornetContraction2_f64""}, {""body_indices"": [35, 36], ""symbol"": ""cutensornetContraction2_f64""}]",16,0,190,0.0,190
mfem_application,mfem_app_mtop_iso_elasticity_dfem_2d,/home/arjaiswal/Polygeist/issues/mfem_c_kernels/application_extractions/results/mfem_app_mtop_iso_elasticity_dfem_2d.debufferized.mlir,16ca336dc5f250ba209c1996b30c590b5b2c46f4afb455ab9744ca44792031f4,egglog,5,ok,0,10231.593687087297,0,"[""/usr/bin/python3"", ""/home/arjaiswal/Polygeist/scripts/correctness/kernel_match_rewrite.py"", ""/home/arjaiswal/Polygeist/issues/mfem_c_kernels/application_extractions/results/mfem_app_mtop_iso_elasticity_dfem_2d.debufferized.mlir"", ""--dry-run"", ""--matcher-mode"", ""egglog"", ""--telemetry-json"", ""/home/arjaiswal/Polygeist/issues/equality_saturation_eval/campaign_20260908/mfem_application-mfem_app_mtop_iso_elasticity_dfem_2d-egglog-gx6ojhj2.json"", ""--disable-semantic-fallback""]","== match report for /home/arjaiswal/Polygeist/issues/mfem_c_kernels/application_extractions/results/mfem_app_mtop_iso_elasticity_dfem_2d.debufferized.mlir ==
  match          body#[0, 1]  cutensornetContraction2_f64
  match          body#[2, 3]  cutensornetContraction2_f64
  match          body#[4, 5]  cutensornetContraction2_f64
  match          body#[6, 7]  cutensornetContraction2_f64
  match          body#[8, 9]  cutensornetContraction2_f64
  match          body#[10, 11]  cutensornetContraction2_f64
  match          body#[12, 13]  cutensornetContraction2_f64
  match          body#[14, 15]  cutensornetContraction2_f64
  no_match       body#16  ?
  no_match       body#17  ?
  no_match       body#18  ?
  no_match       body#19  ?
  match          body#[20, 21]  cutensornetContraction2_f64
  match          body#[22, 23]  cutensornetContraction2_f64
  match          body#[24, 25]  cutensornetContraction2_f64
  match          body#[26, 27]  cutensornetContraction2_f64
  no_match       body#28  ?
  match          body#[29, 30]  cutensornetContraction2_f64
  match          body#[31, 32]  cutensornetContraction2_f64
  match          body#[33, 34]  cutensornetContraction2_f64
  match          body#[35, 36]  cutensornetContraction2_f64
  no_match       body#37  ?
  total: 16 matched / 22 bodies
",0,[],0,0,0,0,/home/arjaiswal/Polygeist/issues/mfem_c_kernels/application_extractions/results/mfem_app_mtop_iso_elasticity_dfem_2d.debufferized.mlir,42896,8,38,32,7963.809140026569,6,73560,3857.615504413843,190,190,0,256,"[{""body_indices"": [0, 1], ""symbol"": ""cutensornetContraction2_f64""}, {""body_indices"": [2, 3], ""symbol"": ""cutensornetContraction2_f64""}, {""body_indices"": [4, 5], ""symbol"": ""cutensornetContraction2_f64""}, {""body_indices"": [6, 7], ""symbol"": ""cutensornetContraction2_f64""}, {""body_indices"": [8, 9], ""symbol"": ""cutensornetContraction2_f64""}, {""body_indices"": [10, 11], ""symbol"": ""cutensornetContraction2_f64""}, {""body_indices"": [12, 13], ""symbol"": ""cutensornetContraction2_f64""}, {""body_indices"": [14, 15], ""symbol"": ""cutensornetContraction2_f64""}, {""body_indices"": [20, 21], ""symbol"": ""cutensornetContraction2_f64""}, {""body_indices"": [22, 23], ""symbol"": ""cutensornetContraction2_f64""}, {""body_indices"": [24, 25], ""symbol"": ""cutensornetContraction2_f64""}, {""body_indices"": [26, 27], ""symbol"": ""cutensornetContraction2_f64""}, {""body_indices"": [29, 30], ""symbol"": ""cutensornetContraction2_f64""}, {""body_indices"": [31, 32], ""symbol"": ""cutensornetContraction2_f64""}, {""body_indices"": [33, 34], ""symbol"": ""cutensornetContraction2_f64""}, {""body_indices"": [35, 36], ""symbol"": ""cutensornetContraction2_f64""}]",16,0,0,0.0,190
mfem_application,mfem_app_navier_tgv_pa_operators_3d,/home/arjaiswal/Polygeist/issues/mfem_c_kernels/application_extractions/results/mfem_app_navier_tgv_pa_operators_3d.debufferized.mlir,707c6887448ba611f6c42a053f8a1ac329a9fdf9db6cea682a6cc27e476dd19e,egglog,1,input_timeout,,120124.96415525675,0,"[""/usr/bin/python3"", ""/home/arjaiswal/Polygeist/scripts/correctness/kernel_match_rewrite.py"", ""/home/arjaiswal/Polygeist/issues/mfem_c_kernels/application_extractions/results/mfem_app_navier_tgv_pa_operators_3d.debufferized.mlir"", ""--dry-run"", ""--matcher-mode"", ""egglog"", ""--telemetry-json"", ""/home/arjaiswal/Polygeist/issues/equality_saturation_eval/campaign_20260908/mfem_application-mfem_app_navier_tgv_pa_operators_3d-egglog-xq5ygb43.json"", ""--disable-semantic-fallback""]",,,,,,,,,,,,,,,,,,,,,,,,,,
mfem_application,mfem_app_navier_tgv_pa_operators_3d,/home/arjaiswal/Polygeist/issues/mfem_c_kernels/application_extractions/results/mfem_app_navier_tgv_pa_operators_3d.debufferized.mlir,707c6887448ba611f6c42a053f8a1ac329a9fdf9db6cea682a6cc27e476dd19e,syntactic,1,ok,0,100762.67064362764,0,"[""/usr/bin/python3"", ""/home/arjaiswal/Polygeist/scripts/correctness/kernel_match_rewrite.py"", ""/home/arjaiswal/Polygeist/issues/mfem_c_kernels/application_extractions/results/mfem_app_navier_tgv_pa_operators_3d.debufferized.mlir"", ""--dry-run"", ""--matcher-mode"", ""syntactic"", ""--telemetry-json"", ""/home/arjaiswal/Polygeist/issues/equality_saturation_eval/campaign_20260908/mfem_application-mfem_app_navier_tgv_pa_operators_3d-syntactic-xi2d_jsf.json"", ""--disable-semantic-fallback""]","atch          body#[303, 304]  cutensornetContraction2_f64
  match          body#[305, 306]  cutensornetContraction2_f64
  no_match       body#307  ?
  copy_layout_reject body#308  cublasDcopy_tensor
  match          body#[309, 310]  cutensornetContraction2_f64
  match          body#[311, 312]  cutensornetContraction2_f64
  match          body#[313, 314]  cutensornetContraction2_f64
  match          body#[315, 316]  cutensornetContraction2_f64
  match          body#[317, 318]  cutensornetContraction2_f64
  match          body#[319, 320]  cutensornetContraction2_f64
  match          body#[321, 322]  cutensornetContraction2_f64
  match          body#[323, 324]  cutensornetContraction2_f64
  gemv_overwrite_abi_reject body#325  cublasDgemv_T_zero
  copy_layout_reject body#328  cublasDcopy_tensor
  match          body#[329, 330]  cutensornetContraction2_f64
  match          body#[331, 332]  cutensornetContraction2_f64
  match          body#[333, 334]  cutensornetContraction2_f64
  rank_or_dtype_reject body#335  cudnnAddTensor_batched
  copy_layout_reject body#336  cublasDcopy_tensor
  copy_layout_reject body#337  cublasDcopy_tensor
  copy_layout_reject body#338  cublasDcopy_tensor
  match          body#[339, 340]  cutensornetContraction2_f64
  match          body#[341, 342]  cutensornetContraction2_f64
  match          body#[343, 344]  cutensornetContraction2_f64
  rank_or_dtype_reject body#345  cudnnAddTensor_batched
  copy_layout_reject body#346  cublasDcopy_tensor
  copy_layout_reject body#347  cublasDcopy_tensor
  copy_layout_reject body#348  cublasDcopy_tensor
  match          body#[349, 350]  cutensornetContraction2_f64
  match          body#[351, 352]  cutensornetContraction2_f64
  match          body#[353, 354]  cutensornetContraction2_f64
  rank_or_dtype_reject body#355  cudnnAddTensor_batched
  copy_layout_reject body#356  cublasDcopy_tensor
  no_match       body#357  ?
  no_match       body#358  ?
  no_match       body#359  ?
  total: 130 matched / 228 bodies
",0,[],0,0,0,0,/home/arjaiswal/Polygeist/issues/mfem_c_kernels/application_extractions/results/mfem_app_navier_tgv_pa_operators_3d.debufferized.mlir,339279,0,360,260,59802.36937850714,39,84584,7.116369903087616,0,1084,0,0,"[{""body_indices"": [3, 4], ""symbol"": ""cutensornetContraction2_f64""}, {""body_indices"": [5, 6], ""symbol"": ""cutensornetContraction2_f64""}, {""body_indices"": [7, 8], ""symbol"": ""cutensornetContraction2_f64""}, {""body_indices"": [10, 11], ""symbol"": ""cutensornetContraction2_f64""}, {""body_indices"": [12, 13], ""symbol"": ""cutensornetContraction2_f64""}, {""body_indices"": [18, 19], ""symbol"": ""cutensornetContraction2_f64""}, {""body_indices"": [20, 21], ""symbol"": ""cutensornetContraction2_f64""}, {""body_indices"": [22, 23], ""symbol"": ""cutensornetContraction2_f64""}, {""body_indices"": [25, 26], ""symbol"": ""cutensornetContraction2_f64""}, {""body_indices"": [27, 28], ""symbol"": ""cutensornetContraction2_f64""}, {""body_indices"": [33, 34], ""symbol"": ""cutensornetContraction2_f64""}, {""body_indices"": [35, 36], ""symbol"": ""cutensornetContraction2_f64""}, {""body_indices"": [37, 38], ""symbol"": ""cutensornetContraction2_f64""}, {""body_indices"": [40, 41], ""symbol"": ""cutensornetContraction2_f64""}, {""body_indices"": [42, 43], ""symbol"": ""cutensornetContraction2_f64""}, {""body_indices"": [51, 52], ""symbol"": ""cutensornetContraction2_f64""}, {""body_indices"": [53, 54], ""symbol"": ""cutensornetContraction2_f64""}, {""body_indices"": [55, 56], ""symbol"": ""cutensornetContraction2_f64""}, {""body_indices"": [57, 58], ""symbol"": ""cutensornetContraction2_f64""}, {""body_indices"": [59, 60], ""symbol"": ""cutensornetContraction2_f64""}, {""body_indices"": [61, 62], ""symbol"": ""cutensornetContraction2_f64""}, {""body_indices"": [63, 64], ""symbol"": ""cutensornetContraction2_f64""}, {""body_indices"": [65, 66], ""symbol"": ""cutensornetContraction2_f64""}, {""body_indices"": [73, 74], ""symbol"": ""cutensornetContraction2_f64""}, {""body_indices"": [75, 76], ""symbol"": ""cutensornetContraction2_f64""}, {""body_indices"": [77, 78], ""symbol"": ""cutensornetContraction2_f64""}, {""body_indices"": [79, 80], ""symbol"": ""cutensornetContraction2_f64""}, {""body_indices"": [81, 82], ""symbol"": ""cutensornetContraction2_f64""}, {""body_indices"": [83, 84], ""symbol"": ""cutensornetContraction2_f64""}, {""body_indices"": [90, 91], ""symbol"": ""cutensornetContraction2_f64""}, {""body_indices"": [92, 93], ""symbol"": ""cutensornetContraction2_f64""}, {""body_indices"": [94, 95], ""symbol"": ""cutensornetContraction2_f64""}, {""body_indices"": [96, 97], ""symbol"": ""cutensornetContraction2_f64""}, {""body_indices"": [98, 99], ""symbol"": ""cutensornetContraction2_f64""}, {""body_indices"": [100, 101], ""symbol"": ""cutensornetContraction2_f64""}, {""body_indices"": [102, 103], ""symbol"": ""cutensornetContraction2_f64""}, {""body_indices"": [104, 105], ""symbol"": ""cutensornetContraction2_f64""}, {""body_indices"": [112, 113], ""symbol"": ""cutensornetContraction2_f64""}, {""body_indices"": [114, 115], ""symbol"": ""cutensornetContraction2_f64""}, {""body_indices"": [116, 117], ""symbol"": ""cutensornetContraction2_f64""}, {""body_indices"": [118, 119], ""symbol"": ""cutensornetContraction2_f64""}, {""body_indices"": [120, 121], ""symbol"": ""cutensornetContraction2_f64""}, {""body_indices"": [122, 123], ""symbol"": ""cutensornetContraction2_f64""}, {""body_indices"": [129, 130], ""symbol"": ""cutensornetContraction2_f64""}, {""body_indices"": [131, 132], ""symbol"": ""cutensornetContraction2_f64""}, {""body_indices"": [133, 134], ""symbol"": ""cutensornetContraction2_f64""}, {""body_indices"": [135, 136], ""symbol"": ""cutensornetContraction2_f64""}, {""body_indices"": [137, 138], ""symbol"": ""cutensornetContraction2_f64""}, {""body_indices"": [139, 140], ""symbol"": ""cutensornetContraction2_f64""}, {""body_indices"": [141, 142], ""symbol"": ""cutensornetContraction2_f64""}, {""body_indices"": [143, 144], ""symbol"": ""cutensornetContraction2_f64""}, {""body_indices"": [151, 152], ""symbol"": ""cutensornetContraction2_f64""}, {""body_indices"": [153, 154], ""symbol"": ""cutensornetContraction2_f64""}, {""body_indices"": [155, 156], ""symbol"": ""cutensornetContraction2_f64""}, {""body_indices"": [157, 158], ""symbol"": ""cutensornetContraction2_f64""}, {""body_indices"": [159, 160], ""symbol"": ""cutensornetContraction2_f64""}, {""body_indices"": [161, 162], ""symbol"": ""cutensornetContraction2_f64""}, {""body_indices"": [167, 168], ""symbol"": ""cutensornetContraction2_f64""}, {""body_indices"": [169, 170], ""symbol"": ""cutensornetContraction2_f64""}, {""body_indices"": [171, 172], ""symbol"": ""cutensornetContraction2_f64""}, {""body_indices"": [173, 174], ""symbol"": ""cutensornetContraction2_f64""}, {""body_indices"": [175, 176], ""symbol"": ""cutensornetContraction2_f64""}, {""body_indices"": [177, 178], ""symbol"": ""cutensornetContraction2_f64""}, {""body_indices"": [179, 180], ""symbol"": ""cutensornetContraction2_f64""}, {""body_indices"": [181, 182], ""symbol"": ""cutensornetContraction2_f64""}, {""body_indices"": [183, 184], ""symbol"": ""cutensornetContraction2_f64""}, {""body_indices"": [185, 186], ""symbol"": ""cutensornetContraction2_f64""}, {""body_indices"": [187, 188], ""symbol"": ""cutensornetContraction2_f64""}, {""body_indices"": [192, 193], ""symbol"": ""cutensornetContraction2_f64""}, {""body_indices"": [194, 195], ""symbol"": ""cutensornetContraction2_f64""}, {""body_indices"": [196, 197], ""symbol"": ""cutensornetContraction2_f64""}, {""body_indices"": [198, 199], ""symbol"": ""cutensornetContraction2_f64""}, {""body_indices"": [200, 201], ""symbol"": ""cutensornetContraction2_f64""}, {""body_indices"": [202, 203], ""symbol"": ""cutensornetContraction2_f64""}, {""body_indices"": [204, 205], ""symbol"": ""cutensornetContraction2_f64""}, {""body_indices"": [206, 207], ""symbol"": ""cutensornetContraction2_f64""}, {""body_indices"": [208, 209], ""symbol"": ""cutensornetContraction2_f64""}, {""body_indices"": [210, 211], ""symbol"": ""cutensornetContraction2_f64""}, {""body_indices"": [212, 213], ""symbol"": ""cutensornetContraction2_f64""}, {""body_indices"": [217, 218], ""symbol"": ""cutensornetContraction2_f64""}, {""body_indices"": [219, 220], ""symbol"": ""cutensornetContraction2_f64""}, {""body_indices"": [221, 222], ""symbol"": ""cutensornetContraction2_f64""}, {""body_indices"": [223, 224], ""symbol"": ""cutensornetContraction2_f64""}, {""body_indices"": [225, 226], ""symbol"": ""cutensornetContraction2_f64""}, {""body_indices"": [227, 228], ""symbol"": ""cutensornetContraction2_f64""}, {""body_indices"": [229, 230], ""symbol"": ""cutensornetContraction2_f64""}, {""body_indices"": [231, 232], ""symbol"": ""cutensornetContraction2_f64""}, {""body_indices"": [233, 234], ""symbol"": ""cutensornetContraction2_f64""}, {""body_indices"": [235, 236], ""symbol"": ""cutensornetContraction2_f64""}, {""body_indices"": [237, 238], ""symbol"": ""cutensornetContraction2_f64""}, {""body_indices"": [245, 246], ""symbol"": ""cutensornetContraction2_f64""}, {""body_indices"": [247, 248], ""symbol"": ""cutensornetContraction2_f64""}, {""body_indices"": [249, 250], ""symbol"": ""cutensornetContraction2_f64""}, {""body_indices"": [255, 256], ""symbol"": ""cutensornetContraction2_f64""}, {""body_indices"": [257, 258], ""symbol"": ""cutensornetContraction2_f64""}, {""body_indices"": [259, 260], ""symbol"": ""cutensornetContraction2_f64""}, {""body_indices"": [265, 266], ""symbol"": ""cutensornetContraction2_f64""}, {""body_indices"": [267, 268], ""symbol"": ""cutensornetContraction2_f64""}, {""body_indices"": [269, 270], ""symbol"": ""cutensornetContraction2_f64""}, {""body_indices"": [273, 274], ""symbol"": ""cutensornetContraction2_f64""}, {""body_indices"": [275, 276], ""symbol"": ""cutensornetContraction2_f64""}, {""body_indices"": [277, 278], ""symbol"": ""cutensornetContraction2_f64""}, {""body_indices"": [279, 280], ""symbol"": ""cutensornetContraction2_f64""}, {""body_indices"": [281, 282], ""symbol"": ""cutensornetContraction2_f64""}, {""body_indices"": [283, 284], ""symbol"": ""cutensornetContraction2_f64""}, {""body_indices"": [285, 286], ""symbol"": ""cutensornetContraction2_f64""}, {""body_indices"": [287, 288], ""symbol"": ""cutensornetContraction2_f64""}, {""body_indices"": [295, 296], ""symbol"": ""cutensornetContraction2_f64""}, {""body_indices"": [297, 298], ""symbol"": ""cutensornetContraction2_f64""}, {""body_indices"": [299, 300], ""symbol"": ""cutensornetContraction2_f64""}, {""body_indices"": [301, 302], ""symbol"": ""cutensornetContraction2_f64""}, {""body_indices"": [303, 304], ""symbol"": ""cutensornetContraction2_f64""}, {""body_indices"": [305, 306], ""symbol"": ""cutensornetContraction2_f64""}, {""body_indices"": [309, 310], ""symbol"": ""cutensornetContraction2_f64""}, {""body_indices"": [311, 312], ""symbol"": ""cutensornetContraction2_f64""}, {""body_indices"": [313, 314], ""symbol"": ""cutensornetContraction2_f64""}, {""body_indices"": [315, 316], ""symbol"": ""cutensornetContraction2_f64""}, {""body_indices"": [317, 318], ""symbol"": ""cutensornetContraction2_f64""}, {""body_indices"": [319, 320], ""symbol"": ""cutensornetContraction2_f64""}, {""body_indices"": [321, 322], ""symbol"": ""cutensornetContraction2_f64""}, {""body_indices"": [323, 324], ""symbol"": ""cutensornetContraction2_f64""}, {""body_indices"": [329, 330], ""symbol"": ""cutensornetContraction2_f64""}, {""body_indices"": [331, 332], ""symbol"": ""cutensornetContraction2_f64""}, {""body_indices"": [333, 334], ""symbol"": ""cutensornetContraction2_f64""}, {""body_indices"": [339, 340], ""symbol"": ""cutensornetContraction2_f64""}, {""body_indices"": [341, 342], ""symbol"": ""cutensornetContraction2_f64""}, {""body_indices"": [343, 344], ""symbol"": ""cutensornetContraction2_f64""}, {""body_indices"": [349, 350], ""symbol"": ""cutensornetContraction2_f64""}, {""body_indices"": [351, 352], ""symbol"": ""cutensornetContraction2_f64""}, {""body_indices"": [353, 354], ""symbol"": ""cutensornetContraction2_f64""}]",130,0,1168,0.0,1168
mfem_application,mfem_app_navier_tgv_pa_operators_3d,/home/arjaiswal/Polygeist/issues/mfem_c_kernels/application_extractions/results/mfem_app_navier_tgv_pa_operators_3d.debufferized.mlir,707c6887448ba611f6c42a053f8a1ac329a9fdf9db6cea682a6cc27e476dd19e,syntactic,2,ok,0,99895.71837708354,0,"[""/usr/bin/python3"", ""/home/arjaiswal/Polygeist/scripts/correctness/kernel_match_rewrite.py"", ""/home/arjaiswal/Polygeist/issues/mfem_c_kernels/application_extractions/results/mfem_app_navier_tgv_pa_operators_3d.debufferized.mlir"", ""--dry-run"", ""--matcher-mode"", ""syntactic"", ""--telemetry-json"", ""/home/arjaiswal/Polygeist/issues/equality_saturation_eval/campaign_20260908/mfem_application-mfem_app_navier_tgv_pa_operators_3d-syntactic-eam31_mf.json"", ""--disable-semantic-fallback""]","atch          body#[303, 304]  cutensornetContraction2_f64
  match          body#[305, 306]  cutensornetContraction2_f64
  no_match       body#307  ?
  copy_layout_reject body#308  cublasDcopy_tensor
  match          body#[309, 310]  cutensornetContraction2_f64
  match          body#[311, 312]  cutensornetContraction2_f64
  match          body#[313, 314]  cutensornetContraction2_f64
  match          body#[315, 316]  cutensornetContraction2_f64
  match          body#[317, 318]  cutensornetContraction2_f64
  match          body#[319, 320]  cutensornetContraction2_f64
  match          body#[321, 322]  cutensornetContraction2_f64
  match          body#[323, 324]  cutensornetContraction2_f64
  gemv_overwrite_abi_reject body#325  cublasDgemv_T_zero
  copy_layout_reject body#328  cublasDcopy_tensor
  match          body#[329, 330]  cutensornetContraction2_f64
  match          body#[331, 332]  cutensornetContraction2_f64
  match          body#[333, 334]  cutensornetContraction2_f64
  rank_or_dtype_reject body#335  cudnnAddTensor_batched
  copy_layout_reject body#336  cublasDcopy_tensor
  copy_layout_reject body#337  cublasDcopy_tensor
  copy_layout_reject body#338  cublasDcopy_tensor
  match          body#[339, 340]  cutensornetContraction2_f64
  match          body#[341, 342]  cutensornetContraction2_f64
  match          body#[343, 344]  cutensornetContraction2_f64
  rank_or_dtype_reject body#345  cudnnAddTensor_batched
  copy_layout_reject body#346  cublasDcopy_tensor
  copy_layout_reject body#347  cublasDcopy_tensor
  copy_layout_reject body#348  cublasDcopy_tensor
  match          body#[349, 350]  cutensornetContraction2_f64
  match          body#[351, 352]  cutensornetContraction2_f64
  match          body#[353, 354]  cutensornetContraction2_f64
  rank_or_dtype_reject body#355  cudnnAddTensor_batched
  copy_layout_reject body#356  cublasDcopy_tensor
  no_match       body#357  ?
  no_match       body#358  ?
  no_match       body#359  ?
  total: 130 matched / 228 bodies
",0,[],0,0,0,0,/home/arjaiswal/Polygeist/issues/mfem_c_kernels/application_extractions/results/mfem_app_navier_tgv_pa_operators_3d.debufferized.mlir,339279,0,360,260,59481.80712014437,39,84344,7.328193634748459,0,1084,0,0,"[{""body_indices"": [3, 4], ""symbol"": ""cutensornetContraction2_f64""}, {""body_indices"": [5, 6], ""symbol"": ""cutensornetContraction2_f64""}, {""body_indices"": [7, 8], ""symbol"": ""cutensornetContraction2_f64""}, {""body_indices"": [10, 11], ""symbol"": ""cutensornetContraction2_f64""}, {""body_indices"": [12, 13], ""symbol"": ""cutensornetContraction2_f64""}, {""body_indices"": [18, 19], ""symbol"": ""cutensornetContraction2_f64""}, {""body_indices"": [20, 21], ""symbol"": ""cutensornetContraction2_f64""}, {""body_indices"": [22, 23], ""symbol"": ""cutensornetContraction2_f64""}, {""body_indices"": [25, 26], ""symbol"": ""cutensornetContraction2_f64""}, {""body_indices"": [27, 28], ""symbol"": ""cutensornetContraction2_f64""}, {""body_indices"": [33, 34], ""symbol"": ""cutensornetContraction2_f64""}, {""body_indices"": [35, 36], ""symbol"": ""cutensornetContraction2_f64""}, {""body_indices"": [37, 38], ""symbol"": ""cutensornetContraction2_f64""}, {""body_indices"": [40, 41], ""symbol"": ""cutensornetContraction2_f64""}, {""body_indices"": [42, 43], ""symbol"": ""cutensornetContraction2_f64""}, {""body_indices"": [51, 52], ""symbol"": ""cutensornetContraction2_f64""}, {""body_indices"": [53, 54], ""symbol"": ""cutensornetContraction2_f64""}, {""body_indices"": [55, 56], ""symbol"": ""cutensornetContraction2_f64""}, {""body_indices"": [57, 58], ""symbol"": ""cutensornetContraction2_f64""}, {""body_indices"": [59, 60], ""symbol"": ""cutensornetContraction2_f64""}, {""body_indices"": [61, 62], ""symbol"": ""cutensornetContraction2_f64""}, {""body_indices"": [63, 64], ""symbol"": ""cutensornetContraction2_f64""}, {""body_indices"": [65, 66], ""symbol"": ""cutensornetContraction2_f64""}, {""body_indices"": [73, 74], ""symbol"": ""cutensornetContraction2_f64""}, {""body_indices"": [75, 76], ""symbol"": ""cutensornetContraction2_f64""}, {""body_indices"": [77, 78], ""symbol"": ""cutensornetContraction2_f64""}, {""body_indices"": [79, 80], ""symbol"": ""cutensornetContraction2_f64""}, {""body_indices"": [81, 82], ""symbol"": ""cutensornetContraction2_f64""}, {""body_indices"": [83, 84], ""symbol"": ""cutensornetContraction2_f64""}, {""body_indices"": [90, 91], ""symbol"": ""cutensornetContraction2_f64""}, {""body_indices"": [92, 93], ""symbol"": ""cutensornetContraction2_f64""}, {""body_indices"": [94, 95], ""symbol"": ""cutensornetContraction2_f64""}, {""body_indices"": [96, 97], ""symbol"": ""cutensornetContraction2_f64""}, {""body_indices"": [98, 99], ""symbol"": ""cutensornetContraction2_f64""}, {""body_indices"": [100, 101], ""symbol"": ""cutensornetContraction2_f64""}, {""body_indices"": [102, 103], ""symbol"": ""cutensornetContraction2_f64""}, {""body_indices"": [104, 105], ""symbol"": ""cutensornetContraction2_f64""}, {""body_indices"": [112, 113], ""symbol"": ""cutensornetContraction2_f64""}, {""body_indices"": [114, 115], ""symbol"": ""cutensornetContraction2_f64""}, {""body_indices"": [116, 117], ""symbol"": ""cutensornetContraction2_f64""}, {""body_indices"": [118, 119], ""symbol"": ""cutensornetContraction2_f64""}, {""body_indices"": [120, 121], ""symbol"": ""cutensornetContraction2_f64""}, {""body_indices"": [122, 123], ""symbol"": ""cutensornetContraction2_f64""}, {""body_indices"": [129, 130], ""symbol"": ""cutensornetContraction2_f64""}, {""body_indices"": [131, 132], ""symbol"": ""cutensornetContraction2_f64""}, {""body_indices"": [133, 134], ""symbol"": ""cutensornetContraction2_f64""}, {""body_indices"": [135, 136], ""symbol"": ""cutensornetContraction2_f64""}, {""body_indices"": [137, 138], ""symbol"": ""cutensornetContraction2_f64""}, {""body_indices"": [139, 140], ""symbol"": ""cutensornetContraction2_f64""}, {""body_indices"": [141, 142], ""symbol"": ""cutensornetContraction2_f64""}, {""body_indices"": [143, 144], ""symbol"": ""cutensornetContraction2_f64""}, {""body_indices"": [151, 152], ""symbol"": ""cutensornetContraction2_f64""}, {""body_indices"": [153, 154], ""symbol"": ""cutensornetContraction2_f64""}, {""body_indices"": [155, 156], ""symbol"": ""cutensornetContraction2_f64""}, {""body_indices"": [157, 158], ""symbol"": ""cutensornetContraction2_f64""}, {""body_indices"": [159, 160], ""symbol"": ""cutensornetContraction2_f64""}, {""body_indices"": [161, 162], ""symbol"": ""cutensornetContraction2_f64""}, {""body_indices"": [167, 168], ""symbol"": ""cutensornetContraction2_f64""}, {""body_indices"": [169, 170], ""symbol"": ""cutensornetContraction2_f64""}, {""body_indices"": [171, 172], ""symbol"": ""cutensornetContraction2_f64""}, {""body_indices"": [173, 174], ""symbol"": ""cutensornetContraction2_f64""}, {""body_indices"": [175, 176], ""symbol"": ""cutensornetContraction2_f64""}, {""body_indices"": [177, 178], ""symbol"": ""cutensornetContraction2_f64""}, {""body_indices"": [179, 180], ""symbol"": ""cutensornetContraction2_f64""}, {""body_indices"": [181, 182], ""symbol"": ""cutensornetContraction2_f64""}, {""body_indices"": [183, 184], ""symbol"": ""cutensornetContraction2_f64""}, {""body_indices"": [185, 186], ""symbol"": ""cutensornetContraction2_f64""}, {""body_indices"": [187, 188], ""symbol"": ""cutensornetContraction2_f64""}, {""body_indices"": [192, 193], ""symbol"": ""cutensornetContraction2_f64""}, {""body_indices"": [194, 195], ""symbol"": ""cutensornetContraction2_f64""}, {""body_indices"": [196, 197], ""symbol"": ""cutensornetContraction2_f64""}, {""body_indices"": [198, 199], ""symbol"": ""cutensornetContraction2_f64""}, {""body_indices"": [200, 201], ""symbol"": ""cutensornetContraction2_f64""}, {""body_indices"": [202, 203], ""symbol"": ""cutensornetContraction2_f64""}, {""body_indices"": [204, 205], ""symbol"": ""cutensornetContraction2_f64""}, {""body_indices"": [206, 207], ""symbol"": ""cutensornetContraction2_f64""}, {""body_indices"": [208, 209], ""symbol"": ""cutensornetContraction2_f64""}, {""body_indices"": [210, 211], ""symbol"": ""cutensornetContraction2_f64""}, {""body_indices"": [212, 213], ""symbol"": ""cutensornetContraction2_f64""}, {""body_indices"": [217, 218], ""symbol"": ""cutensornetContraction2_f64""}, {""body_indices"": [219, 220], ""symbol"": ""cutensornetContraction2_f64""}, {""body_indices"": [221, 222], ""symbol"": ""cutensornetContraction2_f64""}, {""body_indices"": [223, 224], ""symbol"": ""cutensornetContraction2_f64""}, {""body_indices"": [225, 226], ""symbol"": ""cutensornetContraction2_f64""}, {""body_indices"": [227, 228], ""symbol"": ""cutensornetContraction2_f64""}, {""body_indices"": [229, 230], ""symbol"": ""cutensornetContraction2_f64""}, {""body_indices"": [231, 232], ""symbol"": ""cutensornetContraction2_f64""}, {""body_indices"": [233, 234], ""symbol"": ""cutensornetContraction2_f64""}, {""body_indices"": [235, 236], ""symbol"": ""cutensornetContraction2_f64""}, {""body_indices"": [237, 238], ""symbol"": ""cutensornetContraction2_f64""}, {""body_indices"": [245, 246], ""symbol"": ""cutensornetContraction2_f64""}, {""body_indices"": [247, 248], ""symbol"": ""cutensornetContraction2_f64""}, {""body_indices"": [249, 250], ""symbol"": ""cutensornetContraction2_f64""}, {""body_indices"": [255, 256], ""symbol"": ""cutensornetContraction2_f64""}, {""body_indices"": [257, 258], ""symbol"": ""cutensornetContraction2_f64""}, {""body_indices"": [259, 260], ""symbol"": ""cutensornetContraction2_f64""}, {""body_indices"": [265, 266], ""symbol"": ""cutensornetContraction2_f64""}, {""body_indices"": [267, 268], ""symbol"": ""cutensornetContraction2_f64""}, {""body_indices"": [269, 270], ""symbol"": ""cutensornetContraction2_f64""}, {""body_indices"": [273, 274], ""symbol"": ""cutensornetContraction2_f64""}, {""body_indices"": [275, 276], ""symbol"": ""cutensornetContraction2_f64""}, {""body_indices"": [277, 278], ""symbol"": ""cutensornetContraction2_f64""}, {""body_indices"": [279, 280], ""symbol"": ""cutensornetContraction2_f64""}, {""body_indices"": [281, 282], ""symbol"": ""cutensornetContraction2_f64""}, {""body_indices"": [283, 284], ""symbol"": ""cutensornetContraction2_f64""}, {""body_indices"": [285, 286], ""symbol"": ""cutensornetContraction2_f64""}, {""body_indices"": [287, 288], ""symbol"": ""cutensornetContraction2_f64""}, {""body_indices"": [295, 296], ""symbol"": ""cutensornetContraction2_f64""}, {""body_indices"": [297, 298], ""symbol"": ""cutensornetContraction2_f64""}, {""body_indices"": [299, 300], ""symbol"": ""cutensornetContraction2_f64""}, {""body_indices"": [301, 302], ""symbol"": ""cutensornetContraction2_f64""}, {""body_indices"": [303, 304], ""symbol"": ""cutensornetContraction2_f64""}, {""body_indices"": [305, 306], ""symbol"": ""cutensornetContraction2_f64""}, {""body_indices"": [309, 310], ""symbol"": ""cutensornetContraction2_f64""}, {""body_indices"": [311, 312], ""symbol"": ""cutensornetContraction2_f64""}, {""body_indices"": [313, 314], ""symbol"": ""cutensornetContraction2_f64""}, {""body_indices"": [315, 316], ""symbol"": ""cutensornetContraction2_f64""}, {""body_indices"": [317, 318], ""symbol"": ""cutensornetContraction2_f64""}, {""body_indices"": [319, 320], ""symbol"": ""cutensornetContraction2_f64""}, {""body_indices"": [321, 322], ""symbol"": ""cutensornetContraction2_f64""}, {""body_indices"": [323, 324], ""symbol"": ""cutensornetContraction2_f64""}, {""body_indices"": [329, 330], ""symbol"": ""cutensornetContraction2_f64""}, {""body_indices"": [331, 332], ""symbol"": ""cutensornetContraction2_f64""}, {""body_indices"": [333, 334], ""symbol"": ""cutensornetContraction2_f64""}, {""body_indices"": [339, 340], ""symbol"": ""cutensornetContraction2_f64""}, {""body_indices"": [341, 342], ""symbol"": ""cutensornetContraction2_f64""}, {""body_indices"": [343, 344], ""symbol"": ""cutensornetContraction2_f64""}, {""body_indices"": [349, 350], ""symbol"": ""cutensornetContraction2_f64""}, {""body_indices"": [351, 352], ""symbol"": ""cutensornetContraction2_f64""}, {""body_indices"": [353, 354], ""symbol"": ""cutensornetContraction2_f64""}]",130,0,1168,0.0,1168
mfem_application,mfem_app_navier_tgv_pa_operators_3d,/home/arjaiswal/Polygeist/issues/mfem_c_kernels/application_extractions/results/mfem_app_navier_tgv_pa_operators_3d.debufferized.mlir,707c6887448ba611f6c42a053f8a1ac329a9fdf9db6cea682a6cc27e476dd19e,egglog,2,input_timeout,,120135.57703047991,0,"[""/usr/bin/python3"", ""/home/arjaiswal/Polygeist/scripts/correctness/kernel_match_rewrite.py"", ""/home/arjaiswal/Polygeist/issues/mfem_c_kernels/application_extractions/results/mfem_app_navier_tgv_pa_operators_3d.debufferized.mlir"", ""--dry-run"", ""--matcher-mode"", ""egglog"", ""--telemetry-json"", ""/home/arjaiswal/Polygeist/issues/equality_saturation_eval/campaign_20260908/mfem_application-mfem_app_navier_tgv_pa_operators_3d-egglog-9g28t8j2.json"", ""--disable-semantic-fallback""]",,,,,,,,,,,,,,,,,,,,,,,,,,
mfem_application,mfem_app_navier_tgv_pa_operators_3d,/home/arjaiswal/Polygeist/issues/mfem_c_kernels/application_extractions/results/mfem_app_navier_tgv_pa_operators_3d.debufferized.mlir,707c6887448ba611f6c42a053f8a1ac329a9fdf9db6cea682a6cc27e476dd19e,egglog,3,input_timeout,,120110.6038801372,0,"[""/usr/bin/python3"", ""/home/arjaiswal/Polygeist/scripts/correctness/kernel_match_rewrite.py"", ""/home/arjaiswal/Polygeist/issues/mfem_c_kernels/application_extractions/results/mfem_app_navier_tgv_pa_operators_3d.debufferized.mlir"", ""--dry-run"", ""--matcher-mode"", ""egglog"", ""--telemetry-json"", ""/home/arjaiswal/Polygeist/issues/equality_saturation_eval/campaign_20260908/mfem_application-mfem_app_navier_tgv_pa_operators_3d-egglog-ntjy839x.json"", ""--disable-semantic-fallback""]",,,,,,,,,,,,,,,,,,,,,,,,,,
mfem_application,mfem_app_navier_tgv_pa_operators_3d,/home/arjaiswal/Polygeist/issues/mfem_c_kernels/application_extractions/results/mfem_app_navier_tgv_pa_operators_3d.debufferized.mlir,707c6887448ba611f6c42a053f8a1ac329a9fdf9db6cea682a6cc27e476dd19e,syntactic,3,ok,0,100189.58273530006,0,"[""/usr/bin/python3"", ""/home/arjaiswal/Polygeist/scripts/correctness/kernel_match_rewrite.py"", ""/home/arjaiswal/Polygeist/issues/mfem_c_kernels/application_extractions/results/mfem_app_navier_tgv_pa_operators_3d.debufferized.mlir"", ""--dry-run"", ""--matcher-mode"", ""syntactic"", ""--telemetry-json"", ""/home/arjaiswal/Polygeist/issues/equality_saturation_eval/campaign_20260908/mfem_application-mfem_app_navier_tgv_pa_operators_3d-syntactic-zucfcy2p.json"", ""--disable-semantic-fallback""]","atch          body#[303, 304]  cutensornetContraction2_f64
  match          body#[305, 306]  cutensornetContraction2_f64
  no_match       body#307  ?
  copy_layout_reject body#308  cublasDcopy_tensor
  match          body#[309, 310]  cutensornetContraction2_f64
  match          body#[311, 312]  cutensornetContraction2_f64
  match          body#[313, 314]  cutensornetContraction2_f64
  match          body#[315, 316]  cutensornetContraction2_f64
  match          body#[317, 318]  cutensornetContraction2_f64
  match          body#[319, 320]  cutensornetContraction2_f64
  match          body#[321, 322]  cutensornetContraction2_f64
  match          body#[323, 324]  cutensornetContraction2_f64
  gemv_overwrite_abi_reject body#325  cublasDgemv_T_zero
  copy_layout_reject body#328  cublasDcopy_tensor
  match          body#[329, 330]  cutensornetContraction2_f64
  match          body#[331, 332]  cutensornetContraction2_f64
  match          body#[333, 334]  cutensornetContraction2_f64
  rank_or_dtype_reject body#335  cudnnAddTensor_batched
  copy_layout_reject body#336  cublasDcopy_tensor
  copy_layout_reject body#337  cublasDcopy_tensor
  copy_layout_reject body#338  cublasDcopy_tensor
  match          body#[339, 340]  cutensornetContraction2_f64
  match          body#[341, 342]  cutensornetContraction2_f64
  match          body#[343, 344]  cutensornetContraction2_f64
  rank_or_dtype_reject body#345  cudnnAddTensor_batched
  copy_layout_reject body#346  cublasDcopy_tensor
  copy_layout_reject body#347  cublasDcopy_tensor
  copy_layout_reject body#348  cublasDcopy_tensor
  match          body#[349, 350]  cutensornetContraction2_f64
  match          body#[351, 352]  cutensornetContraction2_f64
  match          body#[353, 354]  cutensornetContraction2_f64
  rank_or_dtype_reject body#355  cudnnAddTensor_batched
  copy_layout_reject body#356  cublasDcopy_tensor
  no_match       body#357  ?
  no_match       body#358  ?
  no_match       body#359  ?
  total: 130 matched / 228 bodies
",0,[],0,0,0,0,/home/arjaiswal/Polygeist/issues/mfem_c_kernels/application_extractions/results/mfem_app_navier_tgv_pa_operators_3d.debufferized.mlir,339279,0,360,260,62716.277699917555,39,84532,7.274635136127472,0,1084,0,0,"[{""body_indices"": [3, 4], ""symbol"": ""cutensornetContraction2_f64""}, {""body_indices"": [5, 6], ""symbol"": ""cutensornetContraction2_f64""}, {""body_indices"": [7, 8], ""symbol"": ""cutensornetContraction2_f64""}, {""body_indices"": [10, 11], ""symbol"": ""cutensornetContraction2_f64""}, {""body_indices"": [12, 13], ""symbol"": ""cutensornetContraction2_f64""}, {""body_indices"": [18, 19], ""symbol"": ""cutensornetContraction2_f64""}, {""body_indices"": [20, 21], ""symbol"": ""cutensornetContraction2_f64""}, {""body_indices"": [22, 23], ""symbol"": ""cutensornetContraction2_f64""}, {""body_indices"": [25, 26], ""symbol"": ""cutensornetContraction2_f64""}, {""body_indices"": [27, 28], ""symbol"": ""cutensornetContraction2_f64""}, {""body_indices"": [33, 34], ""symbol"": ""cutensornetContraction2_f64""}, {""body_indices"": [35, 36], ""symbol"": ""cutensornetContraction2_f64""}, {""body_indices"": [37, 38], ""symbol"": ""cutensornetContraction2_f64""}, {""body_indices"": [40, 41], ""symbol"": ""cutensornetContraction2_f64""}, {""body_indices"": [42, 43], ""symbol"": ""cutensornetContraction2_f64""}, {""body_indices"": [51, 52], ""symbol"": ""cutensornetContraction2_f64""}, {""body_indices"": [53, 54], ""symbol"": ""cutensornetContraction2_f64""}, {""body_indices"": [55, 56], ""symbol"": ""cutensornetContraction2_f64""}, {""body_indices"": [57, 58], ""symbol"": ""cutensornetContraction2_f64""}, {""body_indices"": [59, 60], ""symbol"": ""cutensornetContraction2_f64""}, {""body_indices"": [61, 62], ""symbol"": ""cutensornetContraction2_f64""}, {""body_indices"": [63, 64], ""symbol"": ""cutensornetContraction2_f64""}, {""body_indices"": [65, 66], ""symbol"": ""cutensornetContraction2_f64""}, {""body_indices"": [73, 74], ""symbol"": ""cutensornetContraction2_f64""}, {""body_indices"": [75, 76], ""symbol"": ""cutensornetContraction2_f64""}, {""body_indices"": [77, 78], ""symbol"": ""cutensornetContraction2_f64""}, {""body_indices"": [79, 80], ""symbol"": ""cutensornetContraction2_f64""}, {""body_indices"": [81, 82], ""symbol"": ""cutensornetContraction2_f64""}, {""body_indices"": [83, 84], ""symbol"": ""cutensornetContraction2_f64""}, {""body_indices"": [90, 91], ""symbol"": ""cutensornetContraction2_f64""}, {""body_indices"": [92, 93], ""symbol"": ""cutensornetContraction2_f64""}, {""body_indices"": [94, 95], ""symbol"": ""cutensornetContraction2_f64""}, {""body_indices"": [96, 97], ""symbol"": ""cutensornetContraction2_f64""}, {""body_indices"": [98, 99], ""symbol"": ""cutensornetContraction2_f64""}, {""body_indices"": [100, 101], ""symbol"": ""cutensornetContraction2_f64""}, {""body_indices"": [102, 103], ""symbol"": ""cutensornetContraction2_f64""}, {""body_indices"": [104, 105], ""symbol"": ""cutensornetContraction2_f64""}, {""body_indices"": [112, 113], ""symbol"": ""cutensornetContraction2_f64""}, {""body_indices"": [114, 115], ""symbol"": ""cutensornetContraction2_f64""}, {""body_indices"": [116, 117], ""symbol"": ""cutensornetContraction2_f64""}, {""body_indices"": [118, 119], ""symbol"": ""cutensornetContraction2_f64""}, {""body_indices"": [120, 121], ""symbol"": ""cutensornetContraction2_f64""}, {""body_indices"": [122, 123], ""symbol"": ""cutensornetContraction2_f64""}, {""body_indices"": [129, 130], ""symbol"": ""cutensornetContraction2_f64""}, {""body_indices"": [131, 132], ""symbol"": ""cutensornetContraction2_f64""}, {""body_indices"": [133, 134], ""symbol"": ""cutensornetContraction2_f64""}, {""body_indices"": [135, 136], ""symbol"": ""cutensornetContraction2_f64""}, {""body_indices"": [137, 138], ""symbol"": ""cutensornetContraction2_f64""}, {""body_indices"": [139, 140], ""symbol"": ""cutensornetContraction2_f64""}, {""body_indices"": [141, 142], ""symbol"": ""cutensornetContraction2_f64""}, {""body_indices"": [143, 144], ""symbol"": ""cutensornetContraction2_f64""}, {""body_indices"": [151, 152], ""symbol"": ""cutensornetContraction2_f64""}, {""body_indices"": [153, 154], ""symbol"": ""cutensornetContraction2_f64""}, {""body_indices"": [155, 156], ""symbol"": ""cutensornetContraction2_f64""}, {""body_indices"": [157, 158], ""symbol"": ""cutensornetContraction2_f64""}, {""body_indices"": [159, 160], ""symbol"": ""cutensornetContraction2_f64""}, {""body_indices"": [161, 162], ""symbol"": ""cutensornetContraction2_f64""}, {""body_indices"": [167, 168], ""symbol"": ""cutensornetContraction2_f64""}, {""body_indices"": [169, 170], ""symbol"": ""cutensornetContraction2_f64""}, {""body_indices"": [171, 172], ""symbol"": ""cutensornetContraction2_f64""}, {""body_indices"": [173, 174], ""symbol"": ""cutensornetContraction2_f64""}, {""body_indices"": [175, 176], ""symbol"": ""cutensornetContraction2_f64""}, {""body_indices"": [177, 178], ""symbol"": ""cutensornetContraction2_f64""}, {""body_indices"": [179, 180], ""symbol"": ""cutensornetContraction2_f64""}, {""body_indices"": [181, 182], ""symbol"": ""cutensornetContraction2_f64""}, {""body_indices"": [183, 184], ""symbol"": ""cutensornetContraction2_f64""}, {""body_indices"": [185, 186], ""symbol"": ""cutensornetContraction2_f64""}, {""body_indices"": [187, 188], ""symbol"": ""cutensornetContraction2_f64""}, {""body_indices"": [192, 193], ""symbol"": ""cutensornetContraction2_f64""}, {""body_indices"": [194, 195], ""symbol"": ""cutensornetContraction2_f64""}, {""body_indices"": [196, 197], ""symbol"": ""cutensornetContraction2_f64""}, {""body_indices"": [198, 199], ""symbol"": ""cutensornetContraction2_f64""}, {""body_indices"": [200, 201], ""symbol"": ""cutensornetContraction2_f64""}, {""body_indices"": [202, 203], ""symbol"": ""cutensornetContraction2_f64""}, {""body_indices"": [204, 205], ""symbol"": ""cutensornetContraction2_f64""}, {""body_indices"": [206, 207], ""symbol"": ""cutensornetContraction2_f64""}, {""body_indices"": [208, 209], ""symbol"": ""cutensornetContraction2_f64""}, {""body_indices"": [210, 211], ""symbol"": ""cutensornetContraction2_f64""}, {""body_indices"": [212, 213], ""symbol"": ""cutensornetContraction2_f64""}, {""body_indices"": [217, 218], ""symbol"": ""cutensornetContraction2_f64""}, {""body_indices"": [219, 220], ""symbol"": ""cutensornetContraction2_f64""}, {""body_indices"": [221, 222], ""symbol"": ""cutensornetContraction2_f64""}, {""body_indices"": [223, 224], ""symbol"": ""cutensornetContraction2_f64""}, {""body_indices"": [225, 226], ""symbol"": ""cutensornetContraction2_f64""}, {""body_indices"": [227, 228], ""symbol"": ""cutensornetContraction2_f64""}, {""body_indices"": [229, 230], ""symbol"": ""cutensornetContraction2_f64""}, {""body_indices"": [231, 232], ""symbol"": ""cutensornetContraction2_f64""}, {""body_indices"": [233, 234], ""symbol"": ""cutensornetContraction2_f64""}, {""body_indices"": [235, 236], ""symbol"": ""cutensornetContraction2_f64""}, {""body_indices"": [237, 238], ""symbol"": ""cutensornetContraction2_f64""}, {""body_indices"": [245, 246], ""symbol"": ""cutensornetContraction2_f64""}, {""body_indices"": [247, 248], ""symbol"": ""cutensornetContraction2_f64""}, {""body_indices"": [249, 250], ""symbol"": ""cutensornetContraction2_f64""}, {""body_indices"": [255, 256], ""symbol"": ""cutensornetContraction2_f64""}, {""body_indices"": [257, 258], ""symbol"": ""cutensornetContraction2_f64""}, {""body_indices"": [259, 260], ""symbol"": ""cutensornetContraction2_f64""}, {""body_indices"": [265, 266], ""symbol"": ""cutensornetContraction2_f64""}, {""body_indices"": [267, 268], ""symbol"": ""cutensornetContraction2_f64""}, {""body_indices"": [269, 270], ""symbol"": ""cutensornetContraction2_f64""}, {""body_indices"": [273, 274], ""symbol"": ""cutensornetContraction2_f64""}, {""body_indices"": [275, 276], ""symbol"": ""cutensornetContraction2_f64""}, {""body_indices"": [277, 278], ""symbol"": ""cutensornetContraction2_f64""}, {""body_indices"": [279, 280], ""symbol"": ""cutensornetContraction2_f64""}, {""body_indices"": [281, 282], ""symbol"": ""cutensornetContraction2_f64""}, {""body_indices"": [283, 284], ""symbol"": ""cutensornetContraction2_f64""}, {""body_indices"": [285, 286], ""symbol"": ""cutensornetContraction2_f64""}, {""body_indices"": [287, 288], ""symbol"": ""cutensornetContraction2_f64""}, {""body_indices"": [295, 296], ""symbol"": ""cutensornetContraction2_f64""}, {""body_indices"": [297, 298], ""symbol"": ""cutensornetContraction2_f64""}, {""body_indices"": [299, 300], ""symbol"": ""cutensornetContraction2_f64""}, {""body_indices"": [301, 302], ""symbol"": ""cutensornetContraction2_f64""}, {""body_indices"": [303, 304], ""symbol"": ""cutensornetContraction2_f64""}, {""body_indices"": [305, 306], ""symbol"": ""cutensornetContraction2_f64""}, {""body_indices"": [309, 310], ""symbol"": ""cutensornetContraction2_f64""}, {""body_indices"": [311, 312], ""symbol"": ""cutensornetContraction2_f64""}, {""body_indices"": [313, 314], ""symbol"": ""cutensornetContraction2_f64""}, {""body_indices"": [315, 316], ""symbol"": ""cutensornetContraction2_f64""}, {""body_indices"": [317, 318], ""symbol"": ""cutensornetContraction2_f64""}, {""body_indices"": [319, 320], ""symbol"": ""cutensornetContraction2_f64""}, {""body_indices"": [321, 322], ""symbol"": ""cutensornetContraction2_f64""}, {""body_indices"": [323, 324], ""symbol"": ""cutensornetContraction2_f64""}, {""body_indices"": [329, 330], ""symbol"": ""cutensornetContraction2_f64""}, {""body_indices"": [331, 332], ""symbol"": ""cutensornetContraction2_f64""}, {""body_indices"": [333, 334], ""symbol"": ""cutensornetContraction2_f64""}, {""body_indices"": [339, 340], ""symbol"": ""cutensornetContraction2_f64""}, {""body_indices"": [341, 342], ""symbol"": ""cutensornetContraction2_f64""}, {""body_indices"": [343, 344], ""symbol"": ""cutensornetContraction2_f64""}, {""body_indices"": [349, 350], ""symbol"": ""cutensornetContraction2_f64""}, {""body_indices"": [351, 352], ""symbol"": ""cutensornetContraction2_f64""}, {""body_indices"": [353, 354], ""symbol"": ""cutensornetContraction2_f64""}]",130,0,1168,0.0,1168
mfem_application,mfem_app_navier_tgv_pa_operators_3d,/home/arjaiswal/Polygeist/issues/mfem_c_kernels/application_extractions/results/mfem_app_navier_tgv_pa_operators_3d.debufferized.mlir,707c6887448ba611f6c42a053f8a1ac329a9fdf9db6cea682a6cc27e476dd19e,syntactic,4,ok,0,97133.59947130084,0,"[""/usr/bin/python3"", ""/home/arjaiswal/Polygeist/scripts/correctness/kernel_match_rewrite.py"", ""/home/arjaiswal/Polygeist/issues/mfem_c_kernels/application_extractions/results/mfem_app_navier_tgv_pa_operators_3d.debufferized.mlir"", ""--dry-run"", ""--matcher-mode"", ""syntactic"", ""--telemetry-json"", ""/home/arjaiswal/Polygeist/issues/equality_saturation_eval/campaign_20260908/mfem_application-mfem_app_navier_tgv_pa_operators_3d-syntactic-d10jhipk.json"", ""--disable-semantic-fallback""]","atch          body#[303, 304]  cutensornetContraction2_f64
  match          body#[305, 306]  cutensornetContraction2_f64
  no_match       body#307  ?
  copy_layout_reject body#308  cublasDcopy_tensor
  match          body#[309, 310]  cutensornetContraction2_f64
  match          body#[311, 312]  cutensornetContraction2_f64
  match          body#[313, 314]  cutensornetContraction2_f64
  match          body#[315, 316]  cutensornetContraction2_f64
  match          body#[317, 318]  cutensornetContraction2_f64
  match          body#[319, 320]  cutensornetContraction2_f64
  match          body#[321, 322]  cutensornetContraction2_f64
  match          body#[323, 324]  cutensornetContraction2_f64
  gemv_overwrite_abi_reject body#325  cublasDgemv_T_zero
  copy_layout_reject body#328  cublasDcopy_tensor
  match          body#[329, 330]  cutensornetContraction2_f64
  match          body#[331, 332]  cutensornetContraction2_f64
  match          body#[333, 334]  cutensornetContraction2_f64
  rank_or_dtype_reject body#335  cudnnAddTensor_batched
  copy_layout_reject body#336  cublasDcopy_tensor
  copy_layout_reject body#337  cublasDcopy_tensor
  copy_layout_reject body#338  cublasDcopy_tensor
  match          body#[339, 340]  cutensornetContraction2_f64
  match          body#[341, 342]  cutensornetContraction2_f64
  match          body#[343, 344]  cutensornetContraction2_f64
  rank_or_dtype_reject body#345  cudnnAddTensor_batched
  copy_layout_reject body#346  cublasDcopy_tensor
  copy_layout_reject body#347  cublasDcopy_tensor
  copy_layout_reject body#348  cublasDcopy_tensor
  match          body#[349, 350]  cutensornetContraction2_f64
  match          body#[351, 352]  cutensornetContraction2_f64
  match          body#[353, 354]  cutensornetContraction2_f64
  rank_or_dtype_reject body#355  cudnnAddTensor_batched
  copy_layout_reject body#356  cublasDcopy_tensor
  no_match       body#357  ?
  no_match       body#358  ?
  no_match       body#359  ?
  total: 130 matched / 228 bodies
",0,[],0,0,0,0,/home/arjaiswal/Polygeist/issues/mfem_c_kernels/application_extractions/results/mfem_app_navier_tgv_pa_operators_3d.debufferized.mlir,339279,0,360,260,56021.064072847366,39,84620,6.893254816532135,0,1084,0,0,"[{""body_indices"": [3, 4], ""symbol"": ""cutensornetContraction2_f64""}, {""body_indices"": [5, 6], ""symbol"": ""cutensornetContraction2_f64""}, {""body_indices"": [7, 8], ""symbol"": ""cutensornetContraction2_f64""}, {""body_indices"": [10, 11], ""symbol"": ""cutensornetContraction2_f64""}, {""body_indices"": [12, 13], ""symbol"": ""cutensornetContraction2_f64""}, {""body_indices"": [18, 19], ""symbol"": ""cutensornetContraction2_f64""}, {""body_indices"": [20, 21], ""symbol"": ""cutensornetContraction2_f64""}, {""body_indices"": [22, 23], ""symbol"": ""cutensornetContraction2_f64""}, {""body_indices"": [25, 26], ""symbol"": ""cutensornetContraction2_f64""}, {""body_indices"": [27, 28], ""symbol"": ""cutensornetContraction2_f64""}, {""body_indices"": [33, 34], ""symbol"": ""cutensornetContraction2_f64""}, {""body_indices"": [35, 36], ""symbol"": ""cutensornetContraction2_f64""}, {""body_indices"": [37, 38], ""symbol"": ""cutensornetContraction2_f64""}, {""body_indices"": [40, 41], ""symbol"": ""cutensornetContraction2_f64""}, {""body_indices"": [42, 43], ""symbol"": ""cutensornetContraction2_f64""}, {""body_indices"": [51, 52], ""symbol"": ""cutensornetContraction2_f64""}, {""body_indices"": [53, 54], ""symbol"": ""cutensornetContraction2_f64""}, {""body_indices"": [55, 56], ""symbol"": ""cutensornetContraction2_f64""}, {""body_indices"": [57, 58], ""symbol"": ""cutensornetContraction2_f64""}, {""body_indices"": [59, 60], ""symbol"": ""cutensornetContraction2_f64""}, {""body_indices"": [61, 62], ""symbol"": ""cutensornetContraction2_f64""}, {""body_indices"": [63, 64], ""symbol"": ""cutensornetContraction2_f64""}, {""body_indices"": [65, 66], ""symbol"": ""cutensornetContraction2_f64""}, {""body_indices"": [73, 74], ""symbol"": ""cutensornetContraction2_f64""}, {""body_indices"": [75, 76], ""symbol"": ""cutensornetContraction2_f64""}, {""body_indices"": [77, 78], ""symbol"": ""cutensornetContraction2_f64""}, {""body_indices"": [79, 80], ""symbol"": ""cutensornetContraction2_f64""}, {""body_indices"": [81, 82], ""symbol"": ""cutensornetContraction2_f64""}, {""body_indices"": [83, 84], ""symbol"": ""cutensornetContraction2_f64""}, {""body_indices"": [90, 91], ""symbol"": ""cutensornetContraction2_f64""}, {""body_indices"": [92, 93], ""symbol"": ""cutensornetContraction2_f64""}, {""body_indices"": [94, 95], ""symbol"": ""cutensornetContraction2_f64""}, {""body_indices"": [96, 97], ""symbol"": ""cutensornetContraction2_f64""}, {""body_indices"": [98, 99], ""symbol"": ""cutensornetContraction2_f64""}, {""body_indices"": [100, 101], ""symbol"": ""cutensornetContraction2_f64""}, {""body_indices"": [102, 103], ""symbol"": ""cutensornetContraction2_f64""}, {""body_indices"": [104, 105], ""symbol"": ""cutensornetContraction2_f64""}, {""body_indices"": [112, 113], ""symbol"": ""cutensornetContraction2_f64""}, {""body_indices"": [114, 115], ""symbol"": ""cutensornetContraction2_f64""}, {""body_indices"": [116, 117], ""symbol"": ""cutensornetContraction2_f64""}, {""body_indices"": [118, 119], ""symbol"": ""cutensornetContraction2_f64""}, {""body_indices"": [120, 121], ""symbol"": ""cutensornetContraction2_f64""}, {""body_indices"": [122, 123], ""symbol"": ""cutensornetContraction2_f64""}, {""body_indices"": [129, 130], ""symbol"": ""cutensornetContraction2_f64""}, {""body_indices"": [131, 132], ""symbol"": ""cutensornetContraction2_f64""}, {""body_indices"": [133, 134], ""symbol"": ""cutensornetContraction2_f64""}, {""body_indices"": [135, 136], ""symbol"": ""cutensornetContraction2_f64""}, {""body_indices"": [137, 138], ""symbol"": ""cutensornetContraction2_f64""}, {""body_indices"": [139, 140], ""symbol"": ""cutensornetContraction2_f64""}, {""body_indices"": [141, 142], ""symbol"": ""cutensornetContraction2_f64""}, {""body_indices"": [143, 144], ""symbol"": ""cutensornetContraction2_f64""}, {""body_indices"": [151, 152], ""symbol"": ""cutensornetContraction2_f64""}, {""body_indices"": [153, 154], ""symbol"": ""cutensornetContraction2_f64""}, {""body_indices"": [155, 156], ""symbol"": ""cutensornetContraction2_f64""}, {""body_indices"": [157, 158], ""symbol"": ""cutensornetContraction2_f64""}, {""body_indices"": [159, 160], ""symbol"": ""cutensornetContraction2_f64""}, {""body_indices"": [161, 162], ""symbol"": ""cutensornetContraction2_f64""}, {""body_indices"": [167, 168], ""symbol"": ""cutensornetContraction2_f64""}, {""body_indices"": [169, 170], ""symbol"": ""cutensornetContraction2_f64""}, {""body_indices"": [171, 172], ""symbol"": ""cutensornetContraction2_f64""}, {""body_indices"": [173, 174], ""symbol"": ""cutensornetContraction2_f64""}, {""body_indices"": [175, 176], ""symbol"": ""cutensornetContraction2_f64""}, {""body_indices"": [177, 178], ""symbol"": ""cutensornetContraction2_f64""}, {""body_indices"": [179, 180], ""symbol"": ""cutensornetContraction2_f64""}, {""body_indices"": [181, 182], ""symbol"": ""cutensornetContraction2_f64""}, {""body_indices"": [183, 184], ""symbol"": ""cutensornetContraction2_f64""}, {""body_indices"": [185, 186], ""symbol"": ""cutensornetContraction2_f64""}, {""body_indices"": [187, 188], ""symbol"": ""cutensornetContraction2_f64""}, {""body_indices"": [192, 193], ""symbol"": ""cutensornetContraction2_f64""}, {""body_indices"": [194, 195], ""symbol"": ""cutensornetContraction2_f64""}, {""body_indices"": [196, 197], ""symbol"": ""cutensornetContraction2_f64""}, {""body_indices"": [198, 199], ""symbol"": ""cutensornetContraction2_f64""}, {""body_indices"": [200, 201], ""symbol"": ""cutensornetContraction2_f64""}, {""body_indices"": [202, 203], ""symbol"": ""cutensornetContraction2_f64""}, {""body_indices"": [204, 205], ""symbol"": ""cutensornetContraction2_f64""}, {""body_indices"": [206, 207], ""symbol"": ""cutensornetContraction2_f64""}, {""body_indices"": [208, 209], ""symbol"": ""cutensornetContraction2_f64""}, {""body_indices"": [210, 211], ""symbol"": ""cutensornetContraction2_f64""}, {""body_indices"": [212, 213], ""symbol"": ""cutensornetContraction2_f64""}, {""body_indices"": [217, 218], ""symbol"": ""cutensornetContraction2_f64""}, {""body_indices"": [219, 220], ""symbol"": ""cutensornetContraction2_f64""}, {""body_indices"": [221, 222], ""symbol"": ""cutensornetContraction2_f64""}, {""body_indices"": [223, 224], ""symbol"": ""cutensornetContraction2_f64""}, {""body_indices"": [225, 226], ""symbol"": ""cutensornetContraction2_f64""}, {""body_indices"": [227, 228], ""symbol"": ""cutensornetContraction2_f64""}, {""body_indices"": [229, 230], ""symbol"": ""cutensornetContraction2_f64""}, {""body_indices"": [231, 232], ""symbol"": ""cutensornetContraction2_f64""}, {""body_indices"": [233, 234], ""symbol"": ""cutensornetContraction2_f64""}, {""body_indices"": [235, 236], ""symbol"": ""cutensornetContraction2_f64""}, {""body_indices"": [237, 238], ""symbol"": ""cutensornetContraction2_f64""}, {""body_indices"": [245, 246], ""symbol"": ""cutensornetContraction2_f64""}, {""body_indices"": [247, 248], ""symbol"": ""cutensornetContraction2_f64""}, {""body_indices"": [249, 250], ""symbol"": ""cutensornetContraction2_f64""}, {""body_indices"": [255, 256], ""symbol"": ""cutensornetContraction2_f64""}, {""body_indices"": [257, 258], ""symbol"": ""cutensornetContraction2_f64""}, {""body_indices"": [259, 260], ""symbol"": ""cutensornetContraction2_f64""}, {""body_indices"": [265, 266], ""symbol"": ""cutensornetContraction2_f64""}, {""body_indices"": [267, 268], ""symbol"": ""cutensornetContraction2_f64""}, {""body_indices"": [269, 270], ""symbol"": ""cutensornetContraction2_f64""}, {""body_indices"": [273, 274], ""symbol"": ""cutensornetContraction2_f64""}, {""body_indices"": [275, 276], ""symbol"": ""cutensornetContraction2_f64""}, {""body_indices"": [277, 278], ""symbol"": ""cutensornetContraction2_f64""}, {""body_indices"": [279, 280], ""symbol"": ""cutensornetContraction2_f64""}, {""body_indices"": [281, 282], ""symbol"": ""cutensornetContraction2_f64""}, {""body_indices"": [283, 284], ""symbol"": ""cutensornetContraction2_f64""}, {""body_indices"": [285, 286], ""symbol"": ""cutensornetContraction2_f64""}, {""body_indices"": [287, 288], ""symbol"": ""cutensornetContraction2_f64""}, {""body_indices"": [295, 296], ""symbol"": ""cutensornetContraction2_f64""}, {""body_indices"": [297, 298], ""symbol"": ""cutensornetContraction2_f64""}, {""body_indices"": [299, 300], ""symbol"": ""cutensornetContraction2_f64""}, {""body_indices"": [301, 302], ""symbol"": ""cutensornetContraction2_f64""}, {""body_indices"": [303, 304], ""symbol"": ""cutensornetContraction2_f64""}, {""body_indices"": [305, 306], ""symbol"": ""cutensornetContraction2_f64""}, {""body_indices"": [309, 310], ""symbol"": ""cutensornetContraction2_f64""}, {""body_indices"": [311, 312], ""symbol"": ""cutensornetContraction2_f64""}, {""body_indices"": [313, 314], ""symbol"": ""cutensornetContraction2_f64""}, {""body_indices"": [315, 316], ""symbol"": ""cutensornetContraction2_f64""}, {""body_indices"": [317, 318], ""symbol"": ""cutensornetContraction2_f64""}, {""body_indices"": [319, 320], ""symbol"": ""cutensornetContraction2_f64""}, {""body_indices"": [321, 322], ""symbol"": ""cutensornetContraction2_f64""}, {""body_indices"": [323, 324], ""symbol"": ""cutensornetContraction2_f64""}, {""body_indices"": [329, 330], ""symbol"": ""cutensornetContraction2_f64""}, {""body_indices"": [331, 332], ""symbol"": ""cutensornetContraction2_f64""}, {""body_indices"": [333, 334], ""symbol"": ""cutensornetContraction2_f64""}, {""body_indices"": [339, 340], ""symbol"": ""cutensornetContraction2_f64""}, {""body_indices"": [341, 342], ""symbol"": ""cutensornetContraction2_f64""}, {""body_indices"": [343, 344], ""symbol"": ""cutensornetContraction2_f64""}, {""body_indices"": [349, 350], ""symbol"": ""cutensornetContraction2_f64""}, {""body_indices"": [351, 352], ""symbol"": ""cutensornetContraction2_f64""}, {""body_indices"": [353, 354], ""symbol"": ""cutensornetContraction2_f64""}]",130,0,1168,0.0,1168
mfem_application,mfem_app_navier_tgv_pa_operators_3d,/home/arjaiswal/Polygeist/issues/mfem_c_kernels/application_extractions/results/mfem_app_navier_tgv_pa_operators_3d.debufferized.mlir,707c6887448ba611f6c42a053f8a1ac329a9fdf9db6cea682a6cc27e476dd19e,egglog,4,input_timeout,,120132.23624974489,0,"[""/usr/bin/python3"", ""/home/arjaiswal/Polygeist/scripts/correctness/kernel_match_rewrite.py"", ""/home/arjaiswal/Polygeist/issues/mfem_c_kernels/application_extractions/results/mfem_app_navier_tgv_pa_operators_3d.debufferized.mlir"", ""--dry-run"", ""--matcher-mode"", ""egglog"", ""--telemetry-json"", ""/home/arjaiswal/Polygeist/issues/equality_saturation_eval/campaign_20260908/mfem_application-mfem_app_navier_tgv_pa_operators_3d-egglog-_z_2s16f.json"", ""--disable-semantic-fallback""]",,,,,,,,,,,,,,,,,,,,,,,,,,
mfem_application,mfem_app_navier_tgv_pa_operators_3d,/home/arjaiswal/Polygeist/issues/mfem_c_kernels/application_extractions/results/mfem_app_navier_tgv_pa_operators_3d.debufferized.mlir,707c6887448ba611f6c42a053f8a1ac329a9fdf9db6cea682a6cc27e476dd19e,egglog,5,input_timeout,,120122.01207131147,0,"[""/usr/bin/python3"", ""/home/arjaiswal/Polygeist/scripts/correctness/kernel_match_rewrite.py"", ""/home/arjaiswal/Polygeist/issues/mfem_c_kernels/application_extractions/results/mfem_app_navier_tgv_pa_operators_3d.debufferized.mlir"", ""--dry-run"", ""--matcher-mode"", ""egglog"", ""--telemetry-json"", ""/home/arjaiswal/Polygeist/issues/equality_saturation_eval/campaign_20260908/mfem_application-mfem_app_navier_tgv_pa_operators_3d-egglog-xgrrz6zt.json"", ""--disable-semantic-fallback""]",,,,,,,,,,,,,,,,,,,,,,,,,,
mfem_application,mfem_app_navier_tgv_pa_operators_3d,/home/arjaiswal/Polygeist/issues/mfem_c_kernels/application_extractions/results/mfem_app_navier_tgv_pa_operators_3d.debufferized.mlir,707c6887448ba611f6c42a053f8a1ac329a9fdf9db6cea682a6cc27e476dd19e,syntactic,5,ok,0,105111.43285036087,0,"[""/usr/bin/python3"", ""/home/arjaiswal/Polygeist/scripts/correctness/kernel_match_rewrite.py"", ""/home/arjaiswal/Polygeist/issues/mfem_c_kernels/application_extractions/results/mfem_app_navier_tgv_pa_operators_3d.debufferized.mlir"", ""--dry-run"", ""--matcher-mode"", ""syntactic"", ""--telemetry-json"", ""/home/arjaiswal/Polygeist/issues/equality_saturation_eval/campaign_20260908/mfem_application-mfem_app_navier_tgv_pa_operators_3d-syntactic-_1tq2i78.json"", ""--disable-semantic-fallback""]","atch          body#[303, 304]  cutensornetContraction2_f64
  match          body#[305, 306]  cutensornetContraction2_f64
  no_match       body#307  ?
  copy_layout_reject body#308  cublasDcopy_tensor
  match          body#[309, 310]  cutensornetContraction2_f64
  match          body#[311, 312]  cutensornetContraction2_f64
  match          body#[313, 314]  cutensornetContraction2_f64
  match          body#[315, 316]  cutensornetContraction2_f64
  match          body#[317, 318]  cutensornetContraction2_f64
  match          body#[319, 320]  cutensornetContraction2_f64
  match          body#[321, 322]  cutensornetContraction2_f64
  match          body#[323, 324]  cutensornetContraction2_f64
  gemv_overwrite_abi_reject body#325  cublasDgemv_T_zero
  copy_layout_reject body#328  cublasDcopy_tensor
  match          body#[329, 330]  cutensornetContraction2_f64
  match          body#[331, 332]  cutensornetContraction2_f64
  match          body#[333, 334]  cutensornetContraction2_f64
  rank_or_dtype_reject body#335  cudnnAddTensor_batched
  copy_layout_reject body#336  cublasDcopy_tensor
  copy_layout_reject body#337  cublasDcopy_tensor
  copy_layout_reject body#338  cublasDcopy_tensor
  match          body#[339, 340]  cutensornetContraction2_f64
  match          body#[341, 342]  cutensornetContraction2_f64
  match          body#[343, 344]  cutensornetContraction2_f64
  rank_or_dtype_reject body#345  cudnnAddTensor_batched
  copy_layout_reject body#346  cublasDcopy_tensor
  copy_layout_reject body#347  cublasDcopy_tensor
  copy_layout_reject body#348  cublasDcopy_tensor
  match          body#[349, 350]  cutensornetContraction2_f64
  match          body#[351, 352]  cutensornetContraction2_f64
  match          body#[353, 354]  cutensornetContraction2_f64
  rank_or_dtype_reject body#355  cudnnAddTensor_batched
  copy_layout_reject body#356  cublasDcopy_tensor
  no_match       body#357  ?
  no_match       body#358  ?
  no_match       body#359  ?
  total: 130 matched / 228 bodies
",0,[],0,0,0,0,/home/arjaiswal/Polygeist/issues/mfem_c_kernels/application_extractions/results/mfem_app_navier_tgv_pa_operators_3d.debufferized.mlir,339279,0,360,260,57317.33341887593,39,84272,13.714917004108429,0,1084,0,0,"[{""body_indices"": [3, 4], ""symbol"": ""cutensornetContraction2_f64""}, {""body_indices"": [5, 6], ""symbol"": ""cutensornetContraction2_f64""}, {""body_indices"": [7, 8], ""symbol"": ""cutensornetContraction2_f64""}, {""body_indices"": [10, 11], ""symbol"": ""cutensornetContraction2_f64""}, {""body_indices"": [12, 13], ""symbol"": ""cutensornetContraction2_f64""}, {""body_indices"": [18, 19], ""symbol"": ""cutensornetContraction2_f64""}, {""body_indices"": [20, 21], ""symbol"": ""cutensornetContraction2_f64""}, {""body_indices"": [22, 23], ""symbol"": ""cutensornetContraction2_f64""}, {""body_indices"": [25, 26], ""symbol"": ""cutensornetContraction2_f64""}, {""body_indices"": [27, 28], ""symbol"": ""cutensornetContraction2_f64""}, {""body_indices"": [33, 34], ""symbol"": ""cutensornetContraction2_f64""}, {""body_indices"": [35, 36], ""symbol"": ""cutensornetContraction2_f64""}, {""body_indices"": [37, 38], ""symbol"": ""cutensornetContraction2_f64""}, {""body_indices"": [40, 41], ""symbol"": ""cutensornetContraction2_f64""}, {""body_indices"": [42, 43], ""symbol"": ""cutensornetContraction2_f64""}, {""body_indices"": [51, 52], ""symbol"": ""cutensornetContraction2_f64""}, {""body_indices"": [53, 54], ""symbol"": ""cutensornetContraction2_f64""}, {""body_indices"": [55, 56], ""symbol"": ""cutensornetContraction2_f64""}, {""body_indices"": [57, 58], ""symbol"": ""cutensornetContraction2_f64""}, {""body_indices"": [59, 60], ""symbol"": ""cutensornetContraction2_f64""}, {""body_indices"": [61, 62], ""symbol"": ""cutensornetContraction2_f64""}, {""body_indices"": [63, 64], ""symbol"": ""cutensornetContraction2_f64""}, {""body_indices"": [65, 66], ""symbol"": ""cutensornetContraction2_f64""}, {""body_indices"": [73, 74], ""symbol"": ""cutensornetContraction2_f64""}, {""body_indices"": [75, 76], ""symbol"": ""cutensornetContraction2_f64""}, {""body_indices"": [77, 78], ""symbol"": ""cutensornetContraction2_f64""}, {""body_indices"": [79, 80], ""symbol"": ""cutensornetContraction2_f64""}, {""body_indices"": [81, 82], ""symbol"": ""cutensornetContraction2_f64""}, {""body_indices"": [83, 84], ""symbol"": ""cutensornetContraction2_f64""}, {""body_indices"": [90, 91], ""symbol"": ""cutensornetContraction2_f64""}, {""body_indices"": [92, 93], ""symbol"": ""cutensornetContraction2_f64""}, {""body_indices"": [94, 95], ""symbol"": ""cutensornetContraction2_f64""}, {""body_indices"": [96, 97], ""symbol"": ""cutensornetContraction2_f64""}, {""body_indices"": [98, 99], ""symbol"": ""cutensornetContraction2_f64""}, {""body_indices"": [100, 101], ""symbol"": ""cutensornetContraction2_f64""}, {""body_indices"": [102, 103], ""symbol"": ""cutensornetContraction2_f64""}, {""body_indices"": [104, 105], ""symbol"": ""cutensornetContraction2_f64""}, {""body_indices"": [112, 113], ""symbol"": ""cutensornetContraction2_f64""}, {""body_indices"": [114, 115], ""symbol"": ""cutensornetContraction2_f64""}, {""body_indices"": [116, 117], ""symbol"": ""cutensornetContraction2_f64""}, {""body_indices"": [118, 119], ""symbol"": ""cutensornetContraction2_f64""}, {""body_indices"": [120, 121], ""symbol"": ""cutensornetContraction2_f64""}, {""body_indices"": [122, 123], ""symbol"": ""cutensornetContraction2_f64""}, {""body_indices"": [129, 130], ""symbol"": ""cutensornetContraction2_f64""}, {""body_indices"": [131, 132], ""symbol"": ""cutensornetContraction2_f64""}, {""body_indices"": [133, 134], ""symbol"": ""cutensornetContraction2_f64""}, {""body_indices"": [135, 136], ""symbol"": ""cutensornetContraction2_f64""}, {""body_indices"": [137, 138], ""symbol"": ""cutensornetContraction2_f64""}, {""body_indices"": [139, 140], ""symbol"": ""cutensornetContraction2_f64""}, {""body_indices"": [141, 142], ""symbol"": ""cutensornetContraction2_f64""}, {""body_indices"": [143, 144], ""symbol"": ""cutensornetContraction2_f64""}, {""body_indices"": [151, 152], ""symbol"": ""cutensornetContraction2_f64""}, {""body_indices"": [153, 154], ""symbol"": ""cutensornetContraction2_f64""}, {""body_indices"": [155, 156], ""symbol"": ""cutensornetContraction2_f64""}, {""body_indices"": [157, 158], ""symbol"": ""cutensornetContraction2_f64""}, {""body_indices"": [159, 160], ""symbol"": ""cutensornetContraction2_f64""}, {""body_indices"": [161, 162], ""symbol"": ""cutensornetContraction2_f64""}, {""body_indices"": [167, 168], ""symbol"": ""cutensornetContraction2_f64""}, {""body_indices"": [169, 170], ""symbol"": ""cutensornetContraction2_f64""}, {""body_indices"": [171, 172], ""symbol"": ""cutensornetContraction2_f64""}, {""body_indices"": [173, 174], ""symbol"": ""cutensornetContraction2_f64""}, {""body_indices"": [175, 176], ""symbol"": ""cutensornetContraction2_f64""}, {""body_indices"": [177, 178], ""symbol"": ""cutensornetContraction2_f64""}, {""body_indices"": [179, 180], ""symbol"": ""cutensornetContraction2_f64""}, {""body_indices"": [181, 182], ""symbol"": ""cutensornetContraction2_f64""}, {""body_indices"": [183, 184], ""symbol"": ""cutensornetContraction2_f64""}, {""body_indices"": [185, 186], ""symbol"": ""cutensornetContraction2_f64""}, {""body_indices"": [187, 188], ""symbol"": ""cutensornetContraction2_f64""}, {""body_indices"": [192, 193], ""symbol"": ""cutensornetContraction2_f64""}, {""body_indices"": [194, 195], ""symbol"": ""cutensornetContraction2_f64""}, {""body_indices"": [196, 197], ""symbol"": ""cutensornetContraction2_f64""}, {""body_indices"": [198, 199], ""symbol"": ""cutensornetContraction2_f64""}, {""body_indices"": [200, 201], ""symbol"": ""cutensornetContraction2_f64""}, {""body_indices"": [202, 203], ""symbol"": ""cutensornetContraction2_f64""}, {""body_indices"": [204, 205], ""symbol"": ""cutensornetContraction2_f64""}, {""body_indices"": [206, 207], ""symbol"": ""cutensornetContraction2_f64""}, {""body_indices"": [208, 209], ""symbol"": ""cutensornetContraction2_f64""}, {""body_indices"": [210, 211], ""symbol"": ""cutensornetContraction2_f64""}, {""body_indices"": [212, 213], ""symbol"": ""cutensornetContraction2_f64""}, {""body_indices"": [217, 218], ""symbol"": ""cutensornetContraction2_f64""}, {""body_indices"": [219, 220], ""symbol"": ""cutensornetContraction2_f64""}, {""body_indices"": [221, 222], ""symbol"": ""cutensornetContraction2_f64""}, {""body_indices"": [223, 224], ""symbol"": ""cutensornetContraction2_f64""}, {""body_indices"": [225, 226], ""symbol"": ""cutensornetContraction2_f64""}, {""body_indices"": [227, 228], ""symbol"": ""cutensornetContraction2_f64""}, {""body_indices"": [229, 230], ""symbol"": ""cutensornetContraction2_f64""}, {""body_indices"": [231, 232], ""symbol"": ""cutensornetContraction2_f64""}, {""body_indices"": [233, 234], ""symbol"": ""cutensornetContraction2_f64""}, {""body_indices"": [235, 236], ""symbol"": ""cutensornetContraction2_f64""}, {""body_indices"": [237, 238], ""symbol"": ""cutensornetContraction2_f64""}, {""body_indices"": [245, 246], ""symbol"": ""cutensornetContraction2_f64""}, {""body_indices"": [247, 248], ""symbol"": ""cutensornetContraction2_f64""}, {""body_indices"": [249, 250], ""symbol"": ""cutensornetContraction2_f64""}, {""body_indices"": [255, 256], ""symbol"": ""cutensornetContraction2_f64""}, {""body_indices"": [257, 258], ""symbol"": ""cutensornetContraction2_f64""}, {""body_indices"": [259, 260], ""symbol"": ""cutensornetContraction2_f64""}, {""body_indices"": [265, 266], ""symbol"": ""cutensornetContraction2_f64""}, {""body_indices"": [267, 268], ""symbol"": ""cutensornetContraction2_f64""}, {""body_indices"": [269, 270], ""symbol"": ""cutensornetContraction2_f64""}, {""body_indices"": [273, 274], ""symbol"": ""cutensornetContraction2_f64""}, {""body_indices"": [275, 276], ""symbol"": ""cutensornetContraction2_f64""}, {""body_indices"": [277, 278], ""symbol"": ""cutensornetContraction2_f64""}, {""body_indices"": [279, 280], ""symbol"": ""cutensornetContraction2_f64""}, {""body_indices"": [281, 282], ""symbol"": ""cutensornetContraction2_f64""}, {""body_indices"": [283, 284], ""symbol"": ""cutensornetContraction2_f64""}, {""body_indices"": [285, 286], ""symbol"": ""cutensornetContraction2_f64""}, {""body_indices"": [287, 288], ""symbol"": ""cutensornetContraction2_f64""}, {""body_indices"": [295, 296], ""symbol"": ""cutensornetContraction2_f64""}, {""body_indices"": [297, 298], ""symbol"": ""cutensornetContraction2_f64""}, {""body_indices"": [299, 300], ""symbol"": ""cutensornetContraction2_f64""}, {""body_indices"": [301, 302], ""symbol"": ""cutensornetContraction2_f64""}, {""body_indices"": [303, 304], ""symbol"": ""cutensornetContraction2_f64""}, {""body_indices"": [305, 306], ""symbol"": ""cutensornetContraction2_f64""}, {""body_indices"": [309, 310], ""symbol"": ""cutensornetContraction2_f64""}, {""body_indices"": [311, 312], ""symbol"": ""cutensornetContraction2_f64""}, {""body_indices"": [313, 314], ""symbol"": ""cutensornetContraction2_f64""}, {""body_indices"": [315, 316], ""symbol"": ""cutensornetContraction2_f64""}, {""body_indices"": [317, 318], ""symbol"": ""cutensornetContraction2_f64""}, {""body_indices"": [319, 320], ""symbol"": ""cutensornetContraction2_f64""}, {""body_indices"": [321, 322], ""symbol"": ""cutensornetContraction2_f64""}, {""body_indices"": [323, 324], ""symbol"": ""cutensornetContraction2_f64""}, {""body_indices"": [329, 330], ""symbol"": ""cutensornetContraction2_f64""}, {""body_indices"": [331, 332], ""symbol"": ""cutensornetContraction2_f64""}, {""body_indices"": [333, 334], ""symbol"": ""cutensornetContraction2_f64""}, {""body_indices"": [339, 340], ""symbol"": ""cutensornetContraction2_f64""}, {""body_indices"": [341, 342], ""symbol"": ""cutensornetContraction2_f64""}, {""body_indices"": [343, 344], ""symbol"": ""cutensornetContraction2_f64""}, {""body_indices"": [349, 350], ""symbol"": ""cutensornetContraction2_f64""}, {""body_indices"": [351, 352], ""symbol"": ""cutensornetContraction2_f64""}, {""body_indices"": [353, 354], ""symbol"": ""cutensornetContraction2_f64""}]",130,0,1168,0.0,1168
mfem_application,mfem_app_navier_tgv_pressure_diffusion_3d,/home/arjaiswal/Polygeist/issues/mfem_c_kernels/application_extractions/results/mfem_app_navier_tgv_pressure_diffusion_3d.debufferized.mlir,d49dec6897dd536226fe632e3feb3be4b042abb1d8b5e224b519897b6f471404,syntactic,1,ok,0,1798.125259578228,0,"[""/usr/bin/python3"", ""/home/arjaiswal/Polygeist/scripts/correctness/kernel_match_rewrite.py"", ""/home/arjaiswal/Polygeist/issues/mfem_c_kernels/application_extractions/results/mfem_app_navier_tgv_pressure_diffusion_3d.debufferized.mlir"", ""--dry-run"", ""--matcher-mode"", ""syntactic"", ""--telemetry-json"", ""/home/arjaiswal/Polygeist/issues/equality_saturation_eval/campaign_20260908/mfem_application-mfem_app_navier_tgv_pressure_diffusion_3d-syntactic-8jwq834p.json"", ""--disable-semantic-fallback""]","== match report for /home/arjaiswal/Polygeist/issues/mfem_c_kernels/application_extractions/results/mfem_app_navier_tgv_pressure_diffusion_3d.debufferized.mlir ==
  match          body#[0, 1]  cutensornetContraction2_f64_r5r5r4
  match          body#[2, 3]  cutensornetContraction2_f64_r5r5r4
  match          body#[4, 5]  cutensornetContraction2_f64_r4r5r4
  match          body#[6, 7]  cutensornetContraction2_f64_r4r5r4
  match          body#[8, 9]  cutensornetContraction2_f64_r4r5r4
  match          body#[10, 11]  cutensornetContraction2_f64_r4r5r4
  match          body#[12, 13]  cutensornetContraction2_f64_r4r5r4
  match          body#[14, 15]  cutensornetContraction2_f64_r4r5r4
  no_match       body#16  ?
  no_match       body#17  ?
  no_match       body#18  ?
  no_match       body#19  ?
  no_match       body#20  ?
  no_match       body#21  ?
  match          body#[22, 23]  cutensornetContraction2_f64_r4r5r4
  match          body#[24, 25]  cutensornetContraction2_f64_r4r5r4
  match          body#[26, 27]  cutensornetContraction2_f64_r4r5r4
  match          body#[28, 29]  cutensornetContraction2_f64_r4r5r4
  match          body#[30, 31]  cutensornetContraction2_f64_r4r5r4
  match          body#[32, 33]  cutensornetContraction2_f64_r4r5r4
  no_match       body#34  ?
  total: 14 matched / 21 bodies
",0,[],0,0,0,0,/home/arjaiswal/Polygeist/issues/mfem_c_kernels/application_extractions/results/mfem_app_navier_tgv_pressure_diffusion_3d.debufferized.mlir,22486,0,35,28,1006.4034685492516,7,67112,0.6087347865104675,0,124,0,0,"[{""body_indices"": [0, 1], ""symbol"": ""cutensornetContraction2_f64_r5r5r4""}, {""body_indices"": [2, 3], ""symbol"": ""cutensornetContraction2_f64_r5r5r4""}, {""body_indices"": [4, 5], ""symbol"": ""cutensornetContraction2_f64_r4r5r4""}, {""body_indices"": [6, 7], ""symbol"": ""cutensornetContraction2_f64_r4r5r4""}, {""body_indices"": [8, 9], ""symbol"": ""cutensornetContraction2_f64_r4r5r4""}, {""body_indices"": [10, 11], ""symbol"": ""cutensornetContraction2_f64_r4r5r4""}, {""body_indices"": [12, 13], ""symbol"": ""cutensornetContraction2_f64_r4r5r4""}, {""body_indices"": [14, 15], ""symbol"": ""cutensornetContraction2_f64_r4r5r4""}, {""body_indices"": [22, 23], ""symbol"": ""cutensornetContraction2_f64_r4r5r4""}, {""body_indices"": [24, 25], ""symbol"": ""cutensornetContraction2_f64_r4r5r4""}, {""body_indices"": [26, 27], ""symbol"": ""cutensornetContraction2_f64_r4r5r4""}, {""body_indices"": [28, 29], ""symbol"": ""cutensornetContraction2_f64_r4r5r4""}, {""body_indices"": [30, 31], ""symbol"": ""cutensornetContraction2_f64_r4r5r4""}, {""body_indices"": [32, 33], ""symbol"": ""cutensornetContraction2_f64_r4r5r4""}]",14,0,124,0.0,124
mfem_application,mfem_app_navier_tgv_pressure_diffusion_3d,/home/arjaiswal/Polygeist/issues/mfem_c_kernels/application_extractions/results/mfem_app_navier_tgv_pressure_diffusion_3d.debufferized.mlir,d49dec6897dd536226fe632e3feb3be4b042abb1d8b5e224b519897b6f471404,egglog,1,ok,0,5558.614663779736,0,"[""/usr/bin/python3"", ""/home/arjaiswal/Polygeist/scripts/correctness/kernel_match_rewrite.py"", ""/home/arjaiswal/Polygeist/issues/mfem_c_kernels/application_extractions/results/mfem_app_navier_tgv_pressure_diffusion_3d.debufferized.mlir"", ""--dry-run"", ""--matcher-mode"", ""egglog"", ""--telemetry-json"", ""/home/arjaiswal/Polygeist/issues/equality_saturation_eval/campaign_20260908/mfem_application-mfem_app_navier_tgv_pressure_diffusion_3d-egglog-7rvzyy8s.json"", ""--disable-semantic-fallback""]","== match report for /home/arjaiswal/Polygeist/issues/mfem_c_kernels/application_extractions/results/mfem_app_navier_tgv_pressure_diffusion_3d.debufferized.mlir ==
  match          body#[0, 1]  cutensornetContraction2_f64_r5r5r4
  match          body#[2, 3]  cutensornetContraction2_f64_r5r5r4
  match          body#[4, 5]  cutensornetContraction2_f64_r4r5r4
  match          body#[6, 7]  cutensornetContraction2_f64_r4r5r4
  match          body#[8, 9]  cutensornetContraction2_f64_r4r5r4
  match          body#[10, 11]  cutensornetContraction2_f64_r4r5r4
  match          body#[12, 13]  cutensornetContraction2_f64_r4r5r4
  match          body#[14, 15]  cutensornetContraction2_f64_r4r5r4
  no_match       body#16  ?
  no_match       body#17  ?
  no_match       body#18  ?
  no_match       body#19  ?
  no_match       body#20  ?
  no_match       body#21  ?
  match          body#[22, 23]  cutensornetContraction2_f64_r4r5r4
  match          body#[24, 25]  cutensornetContraction2_f64_r4r5r4
  match          body#[26, 27]  cutensornetContraction2_f64_r4r5r4
  match          body#[28, 29]  cutensornetContraction2_f64_r4r5r4
  match          body#[30, 31]  cutensornetContraction2_f64_r4r5r4
  match          body#[32, 33]  cutensornetContraction2_f64_r4r5r4
  no_match       body#34  ?
  total: 14 matched / 21 bodies
",0,[],0,0,0,0,/home/arjaiswal/Polygeist/issues/mfem_c_kernels/application_extractions/results/mfem_app_navier_tgv_pressure_diffusion_3d.debufferized.mlir,22486,8,35,28,4058.3789348602295,7,71280,1847.9145877063274,124,124,0,112,"[{""body_indices"": [0, 1], ""symbol"": ""cutensornetContraction2_f64_r5r5r4""}, {""body_indices"": [2, 3], ""symbol"": ""cutensornetContraction2_f64_r5r5r4""}, {""body_indices"": [4, 5], ""symbol"": ""cutensornetContraction2_f64_r4r5r4""}, {""body_indices"": [6, 7], ""symbol"": ""cutensornetContraction2_f64_r4r5r4""}, {""body_indices"": [8, 9], ""symbol"": ""cutensornetContraction2_f64_r4r5r4""}, {""body_indices"": [10, 11], ""symbol"": ""cutensornetContraction2_f64_r4r5r4""}, {""body_indices"": [12, 13], ""symbol"": ""cutensornetContraction2_f64_r4r5r4""}, {""body_indices"": [14, 15], ""symbol"": ""cutensornetContraction2_f64_r4r5r4""}, {""body_indices"": [22, 23], ""symbol"": ""cutensornetContraction2_f64_r4r5r4""}, {""body_indices"": [24, 25], ""symbol"": ""cutensornetContraction2_f64_r4r5r4""}, {""body_indices"": [26, 27], ""symbol"": ""cutensornetContraction2_f64_r4r5r4""}, {""body_indices"": [28, 29], ""symbol"": ""cutensornetContraction2_f64_r4r5r4""}, {""body_indices"": [30, 31], ""symbol"": ""cutensornetContraction2_f64_r4r5r4""}, {""body_indices"": [32, 33], ""symbol"": ""cutensornetContraction2_f64_r4r5r4""}]",14,0,0,0.0,124
mfem_application,mfem_app_navier_tgv_pressure_diffusion_3d,/home/arjaiswal/Polygeist/issues/mfem_c_kernels/application_extractions/results/mfem_app_navier_tgv_pressure_diffusion_3d.debufferized.mlir,d49dec6897dd536226fe632e3feb3be4b042abb1d8b5e224b519897b6f471404,egglog,2,ok,0,5983.948443084955,0,"[""/usr/bin/python3"", ""/home/arjaiswal/Polygeist/scripts/correctness/kernel_match_rewrite.py"", ""/home/arjaiswal/Polygeist/issues/mfem_c_kernels/application_extractions/results/mfem_app_navier_tgv_pressure_diffusion_3d.debufferized.mlir"", ""--dry-run"", ""--matcher-mode"", ""egglog"", ""--telemetry-json"", ""/home/arjaiswal/Polygeist/issues/equality_saturation_eval/campaign_20260908/mfem_application-mfem_app_navier_tgv_pressure_diffusion_3d-egglog-9lbnlg65.json"", ""--disable-semantic-fallback""]","== match report for /home/arjaiswal/Polygeist/issues/mfem_c_kernels/application_extractions/results/mfem_app_navier_tgv_pressure_diffusion_3d.debufferized.mlir ==
  match          body#[0, 1]  cutensornetContraction2_f64_r5r5r4
  match          body#[2, 3]  cutensornetContraction2_f64_r5r5r4
  match          body#[4, 5]  cutensornetContraction2_f64_r4r5r4
  match          body#[6, 7]  cutensornetContraction2_f64_r4r5r4
  match          body#[8, 9]  cutensornetContraction2_f64_r4r5r4
  match          body#[10, 11]  cutensornetContraction2_f64_r4r5r4
  match          body#[12, 13]  cutensornetContraction2_f64_r4r5r4
  match          body#[14, 15]  cutensornetContraction2_f64_r4r5r4
  no_match       body#16  ?
  no_match       body#17  ?
  no_match       body#18  ?
  no_match       body#19  ?
  no_match       body#20  ?
  no_match       body#21  ?
  match          body#[22, 23]  cutensornetContraction2_f64_r4r5r4
  match          body#[24, 25]  cutensornetContraction2_f64_r4r5r4
  match          body#[26, 27]  cutensornetContraction2_f64_r4r5r4
  match          body#[28, 29]  cutensornetContraction2_f64_r4r5r4
  match          body#[30, 31]  cutensornetContraction2_f64_r4r5r4
  match          body#[32, 33]  cutensornetContraction2_f64_r4r5r4
  no_match       body#34  ?
  total: 14 matched / 21 bodies
",0,[],0,0,0,0,/home/arjaiswal/Polygeist/issues/mfem_c_kernels/application_extractions/results/mfem_app_navier_tgv_pressure_diffusion_3d.debufferized.mlir,22486,8,35,28,4367.255087941885,7,71348,2200.687985867262,124,124,0,112,"[{""body_indices"": [0, 1], ""symbol"": ""cutensornetContraction2_f64_r5r5r4""}, {""body_indices"": [2, 3], ""symbol"": ""cutensornetContraction2_f64_r5r5r4""}, {""body_indices"": [4, 5], ""symbol"": ""cutensornetContraction2_f64_r4r5r4""}, {""body_indices"": [6, 7], ""symbol"": ""cutensornetContraction2_f64_r4r5r4""}, {""body_indices"": [8, 9], ""symbol"": ""cutensornetContraction2_f64_r4r5r4""}, {""body_indices"": [10, 11], ""symbol"": ""cutensornetContraction2_f64_r4r5r4""}, {""body_indices"": [12, 13], ""symbol"": ""cutensornetContraction2_f64_r4r5r4""}, {""body_indices"": [14, 15], ""symbol"": ""cutensornetContraction2_f64_r4r5r4""}, {""body_indices"": [22, 23], ""symbol"": ""cutensornetContraction2_f64_r4r5r4""}, {""body_indices"": [24, 25], ""symbol"": ""cutensornetContraction2_f64_r4r5r4""}, {""body_indices"": [26, 27], ""symbol"": ""cutensornetContraction2_f64_r4r5r4""}, {""body_indices"": [28, 29], ""symbol"": ""cutensornetContraction2_f64_r4r5r4""}, {""body_indices"": [30, 31], ""symbol"": ""cutensornetContraction2_f64_r4r5r4""}, {""body_indices"": [32, 33], ""symbol"": ""cutensornetContraction2_f64_r4r5r4""}]",14,0,0,0.0,124
mfem_application,mfem_app_navier_tgv_pressure_diffusion_3d,/home/arjaiswal/Polygeist/issues/mfem_c_kernels/application_extractions/results/mfem_app_navier_tgv_pressure_diffusion_3d.debufferized.mlir,d49dec6897dd536226fe632e3feb3be4b042abb1d8b5e224b519897b6f471404,syntactic,2,ok,0,2071.6834664344788,0,"[""/usr/bin/python3"", ""/home/arjaiswal/Polygeist/scripts/correctness/kernel_match_rewrite.py"", ""/home/arjaiswal/Polygeist/issues/mfem_c_kernels/application_extractions/results/mfem_app_navier_tgv_pressure_diffusion_3d.debufferized.mlir"", ""--dry-run"", ""--matcher-mode"", ""syntactic"", ""--telemetry-json"", ""/home/arjaiswal/Polygeist/issues/equality_saturation_eval/campaign_20260908/mfem_application-mfem_app_navier_tgv_pressure_diffusion_3d-syntactic-l06ndjdy.json"", ""--disable-semantic-fallback""]","== match report for /home/arjaiswal/Polygeist/issues/mfem_c_kernels/application_extractions/results/mfem_app_navier_tgv_pressure_diffusion_3d.debufferized.mlir ==
  match          body#[0, 1]  cutensornetContraction2_f64_r5r5r4
  match          body#[2, 3]  cutensornetContraction2_f64_r5r5r4
  match          body#[4, 5]  cutensornetContraction2_f64_r4r5r4
  match          body#[6, 7]  cutensornetContraction2_f64_r4r5r4
  match          body#[8, 9]  cutensornetContraction2_f64_r4r5r4
  match          body#[10, 11]  cutensornetContraction2_f64_r4r5r4
  match          body#[12, 13]  cutensornetContraction2_f64_r4r5r4
  match          body#[14, 15]  cutensornetContraction2_f64_r4r5r4
  no_match       body#16  ?
  no_match       body#17  ?
  no_match       body#18  ?
  no_match       body#19  ?
  no_match       body#20  ?
  no_match       body#21  ?
  match          body#[22, 23]  cutensornetContraction2_f64_r4r5r4
  match          body#[24, 25]  cutensornetContraction2_f64_r4r5r4
  match          body#[26, 27]  cutensornetContraction2_f64_r4r5r4
  match          body#[28, 29]  cutensornetContraction2_f64_r4r5r4
  match          body#[30, 31]  cutensornetContraction2_f64_r4r5r4
  match          body#[32, 33]  cutensornetContraction2_f64_r4r5r4
  no_match       body#34  ?
  total: 14 matched / 21 bodies
",0,[],0,0,0,0,/home/arjaiswal/Polygeist/issues/mfem_c_kernels/application_extractions/results/mfem_app_navier_tgv_pressure_diffusion_3d.debufferized.mlir,22486,0,35,28,1125.3964006900787,7,67148,0.6259605288505554,0,124,0,0,"[{""body_indices"": [0, 1], ""symbol"": ""cutensornetContraction2_f64_r5r5r4""}, {""body_indices"": [2, 3], ""symbol"": ""cutensornetContraction2_f64_r5r5r4""}, {""body_indices"": [4, 5], ""symbol"": ""cutensornetContraction2_f64_r4r5r4""}, {""body_indices"": [6, 7], ""symbol"": ""cutensornetContraction2_f64_r4r5r4""}, {""body_indices"": [8, 9], ""symbol"": ""cutensornetContraction2_f64_r4r5r4""}, {""body_indices"": [10, 11], ""symbol"": ""cutensornetContraction2_f64_r4r5r4""}, {""body_indices"": [12, 13], ""symbol"": ""cutensornetContraction2_f64_r4r5r4""}, {""body_indices"": [14, 15], ""symbol"": ""cutensornetContraction2_f64_r4r5r4""}, {""body_indices"": [22, 23], ""symbol"": ""cutensornetContraction2_f64_r4r5r4""}, {""body_indices"": [24, 25], ""symbol"": ""cutensornetContraction2_f64_r4r5r4""}, {""body_indices"": [26, 27], ""symbol"": ""cutensornetContraction2_f64_r4r5r4""}, {""body_indices"": [28, 29], ""symbol"": ""cutensornetContraction2_f64_r4r5r4""}, {""body_indices"": [30, 31], ""symbol"": ""cutensornetContraction2_f64_r4r5r4""}, {""body_indices"": [32, 33], ""symbol"": ""cutensornetContraction2_f64_r4r5r4""}]",14,0,124,0.0,124
mfem_application,mfem_app_navier_tgv_pressure_diffusion_3d,/home/arjaiswal/Polygeist/issues/mfem_c_kernels/application_extractions/results/mfem_app_navier_tgv_pressure_diffusion_3d.debufferized.mlir,d49dec6897dd536226fe632e3feb3be4b042abb1d8b5e224b519897b6f471404,syntactic,3,ok,0,3147.39253744483,0,"[""/usr/bin/python3"", ""/home/arjaiswal/Polygeist/scripts/correctness/kernel_match_rewrite.py"", ""/home/arjaiswal/Polygeist/issues/mfem_c_kernels/application_extractions/results/mfem_app_navier_tgv_pressure_diffusion_3d.debufferized.mlir"", ""--dry-run"", ""--matcher-mode"", ""syntactic"", ""--telemetry-json"", ""/home/arjaiswal/Polygeist/issues/equality_saturation_eval/campaign_20260908/mfem_application-mfem_app_navier_tgv_pressure_diffusion_3d-syntactic-8i3wve70.json"", ""--disable-semantic-fallback""]","== match report for /home/arjaiswal/Polygeist/issues/mfem_c_kernels/application_extractions/results/mfem_app_navier_tgv_pressure_diffusion_3d.debufferized.mlir ==
  match          body#[0, 1]  cutensornetContraction2_f64_r5r5r4
  match          body#[2, 3]  cutensornetContraction2_f64_r5r5r4
  match          body#[4, 5]  cutensornetContraction2_f64_r4r5r4
  match          body#[6, 7]  cutensornetContraction2_f64_r4r5r4
  match          body#[8, 9]  cutensornetContraction2_f64_r4r5r4
  match          body#[10, 11]  cutensornetContraction2_f64_r4r5r4
  match          body#[12, 13]  cutensornetContraction2_f64_r4r5r4
  match          body#[14, 15]  cutensornetContraction2_f64_r4r5r4
  no_match       body#16  ?
  no_match       body#17  ?
  no_match       body#18  ?
  no_match       body#19  ?
  no_match       body#20  ?
  no_match       body#21  ?
  match          body#[22, 23]  cutensornetContraction2_f64_r4r5r4
  match          body#[24, 25]  cutensornetContraction2_f64_r4r5r4
  match          body#[26, 27]  cutensornetContraction2_f64_r4r5r4
  match          body#[28, 29]  cutensornetContraction2_f64_r4r5r4
  match          body#[30, 31]  cutensornetContraction2_f64_r4r5r4
  match          body#[32, 33]  cutensornetContraction2_f64_r4r5r4
  no_match       body#34  ?
  total: 14 matched / 21 bodies
",0,[],0,0,0,0,/home/arjaiswal/Polygeist/issues/mfem_c_kernels/application_extractions/results/mfem_app_navier_tgv_pressure_diffusion_3d.debufferized.mlir,22486,0,35,28,2132.8736320137978,7,67020,0.734817236661911,0,124,0,0,"[{""body_indices"": [0, 1], ""symbol"": ""cutensornetContraction2_f64_r5r5r4""}, {""body_indices"": [2, 3], ""symbol"": ""cutensornetContraction2_f64_r5r5r4""}, {""body_indices"": [4, 5], ""symbol"": ""cutensornetContraction2_f64_r4r5r4""}, {""body_indices"": [6, 7], ""symbol"": ""cutensornetContraction2_f64_r4r5r4""}, {""body_indices"": [8, 9], ""symbol"": ""cutensornetContraction2_f64_r4r5r4""}, {""body_indices"": [10, 11], ""symbol"": ""cutensornetContraction2_f64_r4r5r4""}, {""body_indices"": [12, 13], ""symbol"": ""cutensornetContraction2_f64_r4r5r4""}, {""body_indices"": [14, 15], ""symbol"": ""cutensornetContraction2_f64_r4r5r4""}, {""body_indices"": [22, 23], ""symbol"": ""cutensornetContraction2_f64_r4r5r4""}, {""body_indices"": [24, 25], ""symbol"": ""cutensornetContraction2_f64_r4r5r4""}, {""body_indices"": [26, 27], ""symbol"": ""cutensornetContraction2_f64_r4r5r4""}, {""body_indices"": [28, 29], ""symbol"": ""cutensornetContraction2_f64_r4r5r4""}, {""body_indices"": [30, 31], ""symbol"": ""cutensornetContraction2_f64_r4r5r4""}, {""body_indices"": [32, 33], ""symbol"": ""cutensornetContraction2_f64_r4r5r4""}]",14,0,124,0.0,124
mfem_application,mfem_app_navier_tgv_pressure_diffusion_3d,/home/arjaiswal/Polygeist/issues/mfem_c_kernels/application_extractions/results/mfem_app_navier_tgv_pressure_diffusion_3d.debufferized.mlir,d49dec6897dd536226fe632e3feb3be4b042abb1d8b5e224b519897b6f471404,egglog,3,ok,0,5242.287520319223,0,"[""/usr/bin/python3"", ""/home/arjaiswal/Polygeist/scripts/correctness/kernel_match_rewrite.py"", ""/home/arjaiswal/Polygeist/issues/mfem_c_kernels/application_extractions/results/mfem_app_navier_tgv_pressure_diffusion_3d.debufferized.mlir"", ""--dry-run"", ""--matcher-mode"", ""egglog"", ""--telemetry-json"", ""/home/arjaiswal/Polygeist/issues/equality_saturation_eval/campaign_20260908/mfem_application-mfem_app_navier_tgv_pressure_diffusion_3d-egglog-dt1mc67c.json"", ""--disable-semantic-fallback""]","== match report for /home/arjaiswal/Polygeist/issues/mfem_c_kernels/application_extractions/results/mfem_app_navier_tgv_pressure_diffusion_3d.debufferized.mlir ==
  match          body#[0, 1]  cutensornetContraction2_f64_r5r5r4
  match          body#[2, 3]  cutensornetContraction2_f64_r5r5r4
  match          body#[4, 5]  cutensornetContraction2_f64_r4r5r4
  match          body#[6, 7]  cutensornetContraction2_f64_r4r5r4
  match          body#[8, 9]  cutensornetContraction2_f64_r4r5r4
  match          body#[10, 11]  cutensornetContraction2_f64_r4r5r4
  match          body#[12, 13]  cutensornetContraction2_f64_r4r5r4
  match          body#[14, 15]  cutensornetContraction2_f64_r4r5r4
  no_match       body#16  ?
  no_match       body#17  ?
  no_match       body#18  ?
  no_match       body#19  ?
  no_match       body#20  ?
  no_match       body#21  ?
  match          body#[22, 23]  cutensornetContraction2_f64_r4r5r4
  match          body#[24, 25]  cutensornetContraction2_f64_r4r5r4
  match          body#[26, 27]  cutensornetContraction2_f64_r4r5r4
  match          body#[28, 29]  cutensornetContraction2_f64_r4r5r4
  match          body#[30, 31]  cutensornetContraction2_f64_r4r5r4
  match          body#[32, 33]  cutensornetContraction2_f64_r4r5r4
  no_match       body#34  ?
  total: 14 matched / 21 bodies
",0,[],0,0,0,0,/home/arjaiswal/Polygeist/issues/mfem_c_kernels/application_extractions/results/mfem_app_navier_tgv_pressure_diffusion_3d.debufferized.mlir,22486,8,35,28,3756.5608844161034,7,71368,2032.7683463692665,124,124,0,112,"[{""body_indices"": [0, 1], ""symbol"": ""cutensornetContraction2_f64_r5r5r4""}, {""body_indices"": [2, 3], ""symbol"": ""cutensornetContraction2_f64_r5r5r4""}, {""body_indices"": [4, 5], ""symbol"": ""cutensornetContraction2_f64_r4r5r4""}, {""body_indices"": [6, 7], ""symbol"": ""cutensornetContraction2_f64_r4r5r4""}, {""body_indices"": [8, 9], ""symbol"": ""cutensornetContraction2_f64_r4r5r4""}, {""body_indices"": [10, 11], ""symbol"": ""cutensornetContraction2_f64_r4r5r4""}, {""body_indices"": [12, 13], ""symbol"": ""cutensornetContraction2_f64_r4r5r4""}, {""body_indices"": [14, 15], ""symbol"": ""cutensornetContraction2_f64_r4r5r4""}, {""body_indices"": [22, 23], ""symbol"": ""cutensornetContraction2_f64_r4r5r4""}, {""body_indices"": [24, 25], ""symbol"": ""cutensornetContraction2_f64_r4r5r4""}, {""body_indices"": [26, 27], ""symbol"": ""cutensornetContraction2_f64_r4r5r4""}, {""body_indices"": [28, 29], ""symbol"": ""cutensornetContraction2_f64_r4r5r4""}, {""body_indices"": [30, 31], ""symbol"": ""cutensornetContraction2_f64_r4r5r4""}, {""body_indices"": [32, 33], ""symbol"": ""cutensornetContraction2_f64_r4r5r4""}]",14,0,0,0.0,124
mfem_application,mfem_app_navier_tgv_pressure_diffusion_3d,/home/arjaiswal/Polygeist/issues/mfem_c_kernels/application_extractions/results/mfem_app_navier_tgv_pressure_diffusion_3d.debufferized.mlir,d49dec6897dd536226fe632e3feb3be4b042abb1d8b5e224b519897b6f471404,egglog,4,ok,0,7141.0192139446735,0,"[""/usr/bin/python3"", ""/home/arjaiswal/Polygeist/scripts/correctness/kernel_match_rewrite.py"", ""/home/arjaiswal/Polygeist/issues/mfem_c_kernels/application_extractions/results/mfem_app_navier_tgv_pressure_diffusion_3d.debufferized.mlir"", ""--dry-run"", ""--matcher-mode"", ""egglog"", ""--telemetry-json"", ""/home/arjaiswal/Polygeist/issues/equality_saturation_eval/campaign_20260908/mfem_application-mfem_app_navier_tgv_pressure_diffusion_3d-egglog-y53z0e57.json"", ""--disable-semantic-fallback""]","== match report for /home/arjaiswal/Polygeist/issues/mfem_c_kernels/application_extractions/results/mfem_app_navier_tgv_pressure_diffusion_3d.debufferized.mlir ==
  match          body#[0, 1]  cutensornetContraction2_f64_r5r5r4
  match          body#[2, 3]  cutensornetContraction2_f64_r5r5r4
  match          body#[4, 5]  cutensornetContraction2_f64_r4r5r4
  match          body#[6, 7]  cutensornetContraction2_f64_r4r5r4
  match          body#[8, 9]  cutensornetContraction2_f64_r4r5r4
  match          body#[10, 11]  cutensornetContraction2_f64_r4r5r4
  match          body#[12, 13]  cutensornetContraction2_f64_r4r5r4
  match          body#[14, 15]  cutensornetContraction2_f64_r4r5r4
  no_match       body#16  ?
  no_match       body#17  ?
  no_match       body#18  ?
  no_match       body#19  ?
  no_match       body#20  ?
  no_match       body#21  ?
  match          body#[22, 23]  cutensornetContraction2_f64_r4r5r4
  match          body#[24, 25]  cutensornetContraction2_f64_r4r5r4
  match          body#[26, 27]  cutensornetContraction2_f64_r4r5r4
  match          body#[28, 29]  cutensornetContraction2_f64_r4r5r4
  match          body#[30, 31]  cutensornetContraction2_f64_r4r5r4
  match          body#[32, 33]  cutensornetContraction2_f64_r4r5r4
  no_match       body#34  ?
  total: 14 matched / 21 bodies
",0,[],0,0,0,0,/home/arjaiswal/Polygeist/issues/mfem_c_kernels/application_extractions/results/mfem_app_navier_tgv_pressure_diffusion_3d.debufferized.mlir,22486,8,35,28,5615.904334932566,7,71408,2753.540188074112,124,124,0,112,"[{""body_indices"": [0, 1], ""symbol"": ""cutensornetContraction2_f64_r5r5r4""}, {""body_indices"": [2, 3], ""symbol"": ""cutensornetContraction2_f64_r5r5r4""}, {""body_indices"": [4, 5], ""symbol"": ""cutensornetContraction2_f64_r4r5r4""}, {""body_indices"": [6, 7], ""symbol"": ""cutensornetContraction2_f64_r4r5r4""}, {""body_indices"": [8, 9], ""symbol"": ""cutensornetContraction2_f64_r4r5r4""}, {""body_indices"": [10, 11], ""symbol"": ""cutensornetContraction2_f64_r4r5r4""}, {""body_indices"": [12, 13], ""symbol"": ""cutensornetContraction2_f64_r4r5r4""}, {""body_indices"": [14, 15], ""symbol"": ""cutensornetContraction2_f64_r4r5r4""}, {""body_indices"": [22, 23], ""symbol"": ""cutensornetContraction2_f64_r4r5r4""}, {""body_indices"": [24, 25], ""symbol"": ""cutensornetContraction2_f64_r4r5r4""}, {""body_indices"": [26, 27], ""symbol"": ""cutensornetContraction2_f64_r4r5r4""}, {""body_indices"": [28, 29], ""symbol"": ""cutensornetContraction2_f64_r4r5r4""}, {""body_indices"": [30, 31], ""symbol"": ""cutensornetContraction2_f64_r4r5r4""}, {""body_indices"": [32, 33], ""symbol"": ""cutensornetContraction2_f64_r4r5r4""}]",14,0,0,0.0,124
mfem_application,mfem_app_navier_tgv_pressure_diffusion_3d,/home/arjaiswal/Polygeist/issues/mfem_c_kernels/application_extractions/results/mfem_app_navier_tgv_pressure_diffusion_3d.debufferized.mlir,d49dec6897dd536226fe632e3feb3be4b042abb1d8b5e224b519897b6f471404,syntactic,4,ok,0,3112.6367077231407,0,"[""/usr/bin/python3"", ""/home/arjaiswal/Polygeist/scripts/correctness/kernel_match_rewrite.py"", ""/home/arjaiswal/Polygeist/issues/mfem_c_kernels/application_extractions/results/mfem_app_navier_tgv_pressure_diffusion_3d.debufferized.mlir"", ""--dry-run"", ""--matcher-mode"", ""syntactic"", ""--telemetry-json"", ""/home/arjaiswal/Polygeist/issues/equality_saturation_eval/campaign_20260908/mfem_application-mfem_app_navier_tgv_pressure_diffusion_3d-syntactic-5ukmszdn.json"", ""--disable-semantic-fallback""]","== match report for /home/arjaiswal/Polygeist/issues/mfem_c_kernels/application_extractions/results/mfem_app_navier_tgv_pressure_diffusion_3d.debufferized.mlir ==
  match          body#[0, 1]  cutensornetContraction2_f64_r5r5r4
  match          body#[2, 3]  cutensornetContraction2_f64_r5r5r4
  match          body#[4, 5]  cutensornetContraction2_f64_r4r5r4
  match          body#[6, 7]  cutensornetContraction2_f64_r4r5r4
  match          body#[8, 9]  cutensornetContraction2_f64_r4r5r4
  match          body#[10, 11]  cutensornetContraction2_f64_r4r5r4
  match          body#[12, 13]  cutensornetContraction2_f64_r4r5r4
  match          body#[14, 15]  cutensornetContraction2_f64_r4r5r4
  no_match       body#16  ?
  no_match       body#17  ?
  no_match       body#18  ?
  no_match       body#19  ?
  no_match       body#20  ?
  no_match       body#21  ?
  match          body#[22, 23]  cutensornetContraction2_f64_r4r5r4
  match          body#[24, 25]  cutensornetContraction2_f64_r4r5r4
  match          body#[26, 27]  cutensornetContraction2_f64_r4r5r4
  match          body#[28, 29]  cutensornetContraction2_f64_r4r5r4
  match          body#[30, 31]  cutensornetContraction2_f64_r4r5r4
  match          body#[32, 33]  cutensornetContraction2_f64_r4r5r4
  no_match       body#34  ?
  total: 14 matched / 21 bodies
",0,[],0,0,0,0,/home/arjaiswal/Polygeist/issues/mfem_c_kernels/application_extractions/results/mfem_app_navier_tgv_pressure_diffusion_3d.debufferized.mlir,22486,0,35,28,1827.5872841477394,7,67440,0.8049644529819489,0,124,0,0,"[{""body_indices"": [0, 1], ""symbol"": ""cutensornetContraction2_f64_r5r5r4""}, {""body_indices"": [2, 3], ""symbol"": ""cutensornetContraction2_f64_r5r5r4""}, {""body_indices"": [4, 5], ""symbol"": ""cutensornetContraction2_f64_r4r5r4""}, {""body_indices"": [6, 7], ""symbol"": ""cutensornetContraction2_f64_r4r5r4""}, {""body_indices"": [8, 9], ""symbol"": ""cutensornetContraction2_f64_r4r5r4""}, {""body_indices"": [10, 11], ""symbol"": ""cutensornetContraction2_f64_r4r5r4""}, {""body_indices"": [12, 13], ""symbol"": ""cutensornetContraction2_f64_r4r5r4""}, {""body_indices"": [14, 15], ""symbol"": ""cutensornetContraction2_f64_r4r5r4""}, {""body_indices"": [22, 23], ""symbol"": ""cutensornetContraction2_f64_r4r5r4""}, {""body_indices"": [24, 25], ""symbol"": ""cutensornetContraction2_f64_r4r5r4""}, {""body_indices"": [26, 27], ""symbol"": ""cutensornetContraction2_f64_r4r5r4""}, {""body_indices"": [28, 29], ""symbol"": ""cutensornetContraction2_f64_r4r5r4""}, {""body_indices"": [30, 31], ""symbol"": ""cutensornetContraction2_f64_r4r5r4""}, {""body_indices"": [32, 33], ""symbol"": ""cutensornetContraction2_f64_r4r5r4""}]",14,0,124,0.0,124
mfem_application,mfem_app_navier_tgv_pressure_diffusion_3d,/home/arjaiswal/Polygeist/issues/mfem_c_kernels/application_extractions/results/mfem_app_navier_tgv_pressure_diffusion_3d.debufferized.mlir,d49dec6897dd536226fe632e3feb3be4b042abb1d8b5e224b519897b6f471404,syntactic,5,ok,0,3063.5247118771076,0,"[""/usr/bin/python3"", ""/home/arjaiswal/Polygeist/scripts/correctness/kernel_match_rewrite.py"", ""/home/arjaiswal/Polygeist/issues/mfem_c_kernels/application_extractions/results/mfem_app_navier_tgv_pressure_diffusion_3d.debufferized.mlir"", ""--dry-run"", ""--matcher-mode"", ""syntactic"", ""--telemetry-json"", ""/home/arjaiswal/Polygeist/issues/equality_saturation_eval/campaign_20260908/mfem_application-mfem_app_navier_tgv_pressure_diffusion_3d-syntactic-qfbmftkz.json"", ""--disable-semantic-fallback""]","== match report for /home/arjaiswal/Polygeist/issues/mfem_c_kernels/application_extractions/results/mfem_app_navier_tgv_pressure_diffusion_3d.debufferized.mlir ==
  match          body#[0, 1]  cutensornetContraction2_f64_r5r5r4
  match          body#[2, 3]  cutensornetContraction2_f64_r5r5r4
  match          body#[4, 5]  cutensornetContraction2_f64_r4r5r4
  match          body#[6, 7]  cutensornetContraction2_f64_r4r5r4
  match          body#[8, 9]  cutensornetContraction2_f64_r4r5r4
  match          body#[10, 11]  cutensornetContraction2_f64_r4r5r4
  match          body#[12, 13]  cutensornetContraction2_f64_r4r5r4
  match          body#[14, 15]  cutensornetContraction2_f64_r4r5r4
  no_match       body#16  ?
  no_match       body#17  ?
  no_match       body#18  ?
  no_match       body#19  ?
  no_match       body#20  ?
  no_match       body#21  ?
  match          body#[22, 23]  cutensornetContraction2_f64_r4r5r4
  match          body#[24, 25]  cutensornetContraction2_f64_r4r5r4
  match          body#[26, 27]  cutensornetContraction2_f64_r4r5r4
  match          body#[28, 29]  cutensornetContraction2_f64_r4r5r4
  match          body#[30, 31]  cutensornetContraction2_f64_r4r5r4
  match          body#[32, 33]  cutensornetContraction2_f64_r4r5r4
  no_match       body#34  ?
  total: 14 matched / 21 bodies
",0,[],0,0,0,0,/home/arjaiswal/Polygeist/issues/mfem_c_kernels/application_extractions/results/mfem_app_navier_tgv_pressure_diffusion_3d.debufferized.mlir,22486,0,35,28,1810.2400377392769,7,67280,0.7212013006210327,0,124,0,0,"[{""body_indices"": [0, 1], ""symbol"": ""cutensornetContraction2_f64_r5r5r4""}, {""body_indices"": [2, 3], ""symbol"": ""cutensornetContraction2_f64_r5r5r4""}, {""body_indices"": [4, 5], ""symbol"": ""cutensornetContraction2_f64_r4r5r4""}, {""body_indices"": [6, 7], ""symbol"": ""cutensornetContraction2_f64_r4r5r4""}, {""body_indices"": [8, 9], ""symbol"": ""cutensornetContraction2_f64_r4r5r4""}, {""body_indices"": [10, 11], ""symbol"": ""cutensornetContraction2_f64_r4r5r4""}, {""body_indices"": [12, 13], ""symbol"": ""cutensornetContraction2_f64_r4r5r4""}, {""body_indices"": [14, 15], ""symbol"": ""cutensornetContraction2_f64_r4r5r4""}, {""body_indices"": [22, 23], ""symbol"": ""cutensornetContraction2_f64_r4r5r4""}, {""body_indices"": [24, 25], ""symbol"": ""cutensornetContraction2_f64_r4r5r4""}, {""body_indices"": [26, 27], ""symbol"": ""cutensornetContraction2_f64_r4r5r4""}, {""body_indices"": [28, 29], ""symbol"": ""cutensornetContraction2_f64_r4r5r4""}, {""body_indices"": [30, 31], ""symbol"": ""cutensornetContraction2_f64_r4r5r4""}, {""body_indices"": [32, 33], ""symbol"": ""cutensornetContraction2_f64_r4r5r4""}]",14,0,124,0.0,124
mfem_application,mfem_app_navier_tgv_pressure_diffusion_3d,/home/arjaiswal/Polygeist/issues/mfem_c_kernels/application_extractions/results/mfem_app_navier_tgv_pressure_diffusion_3d.debufferized.mlir,d49dec6897dd536226fe632e3feb3be4b042abb1d8b5e224b519897b6f471404,egglog,5,ok,0,5021.19729295373,0,"[""/usr/bin/python3"", ""/home/arjaiswal/Polygeist/scripts/correctness/kernel_match_rewrite.py"", ""/home/arjaiswal/Polygeist/issues/mfem_c_kernels/application_extractions/results/mfem_app_navier_tgv_pressure_diffusion_3d.debufferized.mlir"", ""--dry-run"", ""--matcher-mode"", ""egglog"", ""--telemetry-json"", ""/home/arjaiswal/Polygeist/issues/equality_saturation_eval/campaign_20260908/mfem_application-mfem_app_navier_tgv_pressure_diffusion_3d-egglog-ed524_2z.json"", ""--disable-semantic-fallback""]","== match report for /home/arjaiswal/Polygeist/issues/mfem_c_kernels/application_extractions/results/mfem_app_navier_tgv_pressure_diffusion_3d.debufferized.mlir ==
  match          body#[0, 1]  cutensornetContraction2_f64_r5r5r4
  match          body#[2, 3]  cutensornetContraction2_f64_r5r5r4
  match          body#[4, 5]  cutensornetContraction2_f64_r4r5r4
  match          body#[6, 7]  cutensornetContraction2_f64_r4r5r4
  match          body#[8, 9]  cutensornetContraction2_f64_r4r5r4
  match          body#[10, 11]  cutensornetContraction2_f64_r4r5r4
  match          body#[12, 13]  cutensornetContraction2_f64_r4r5r4
  match          body#[14, 15]  cutensornetContraction2_f64_r4r5r4
  no_match       body#16  ?
  no_match       body#17  ?
  no_match       body#18  ?
  no_match       body#19  ?
  no_match       body#20  ?
  no_match       body#21  ?
  match          body#[22, 23]  cutensornetContraction2_f64_r4r5r4
  match          body#[24, 25]  cutensornetContraction2_f64_r4r5r4
  match          body#[26, 27]  cutensornetContraction2_f64_r4r5r4
  match          body#[28, 29]  cutensornetContraction2_f64_r4r5r4
  match          body#[30, 31]  cutensornetContraction2_f64_r4r5r4
  match          body#[32, 33]  cutensornetContraction2_f64_r4r5r4
  no_match       body#34  ?
  total: 14 matched / 21 bodies
",0,[],0,0,0,0,/home/arjaiswal/Polygeist/issues/mfem_c_kernels/application_extractions/results/mfem_app_navier_tgv_pressure_diffusion_3d.debufferized.mlir,22486,8,35,28,4137.904763221741,7,71460,2147.5911363959312,124,124,0,112,"[{""body_indices"": [0, 1], ""symbol"": ""cutensornetContraction2_f64_r5r5r4""}, {""body_indices"": [2, 3], ""symbol"": ""cutensornetContraction2_f64_r5r5r4""}, {""body_indices"": [4, 5], ""symbol"": ""cutensornetContraction2_f64_r4r5r4""}, {""body_indices"": [6, 7], ""symbol"": ""cutensornetContraction2_f64_r4r5r4""}, {""body_indices"": [8, 9], ""symbol"": ""cutensornetContraction2_f64_r4r5r4""}, {""body_indices"": [10, 11], ""symbol"": ""cutensornetContraction2_f64_r4r5r4""}, {""body_indices"": [12, 13], ""symbol"": ""cutensornetContraction2_f64_r4r5r4""}, {""body_indices"": [14, 15], ""symbol"": ""cutensornetContraction2_f64_r4r5r4""}, {""body_indices"": [22, 23], ""symbol"": ""cutensornetContraction2_f64_r4r5r4""}, {""body_indices"": [24, 25], ""symbol"": ""cutensornetContraction2_f64_r4r5r4""}, {""body_indices"": [26, 27], ""symbol"": ""cutensornetContraction2_f64_r4r5r4""}, {""body_indices"": [28, 29], ""symbol"": ""cutensornetContraction2_f64_r4r5r4""}, {""body_indices"": [30, 31], ""symbol"": ""cutensornetContraction2_f64_r4r5r4""}, {""body_indices"": [32, 33], ""symbol"": ""cutensornetContraction2_f64_r4r5r4""}]",14,0,0,0.0,124
llama2c,matmul,/tmp/llama2c_mlir/matmul_debuf.mlir,59c7d64331af6a1646d2468ca3e112f258376c4db930e98404a176e62c027b40,egglog,1,ok,0,1257.892869412899,0,"[""/usr/bin/python3"", ""/home/arjaiswal/Polygeist/scripts/correctness/kernel_match_rewrite.py"", ""/tmp/llama2c_mlir/matmul_debuf.mlir"", ""--dry-run"", ""--matcher-mode"", ""egglog"", ""--telemetry-json"", ""/home/arjaiswal/Polygeist/issues/equality_saturation_eval/campaign_20260908/llama2c-matmul-egglog-ga_sz274.json"", ""--disable-semantic-fallback""]","== match report for /tmp/llama2c_mlir/matmul_debuf.mlir ==
  match          body#[0]  cublasSgemv_T
  total: 1 matched / 1 bodies
",0,[],0,0,0,0,/tmp/llama2c_mlir/matmul_debuf.mlir,2300,8,1,1,552.0415119826794,0,69492,26.66093409061432,2,2,0,8,"[{""body_indices"": [0], ""symbol"": ""cublasSgemv_T""}]",1,0,0,0.0,2
llama2c,matmul,/tmp/llama2c_mlir/matmul_debuf.mlir,59c7d64331af6a1646d2468ca3e112f258376c4db930e98404a176e62c027b40,syntactic,1,ok,0,1129.0707252919674,0,"[""/usr/bin/python3"", ""/home/arjaiswal/Polygeist/scripts/correctness/kernel_match_rewrite.py"", ""/tmp/llama2c_mlir/matmul_debuf.mlir"", ""--dry-run"", ""--matcher-mode"", ""syntactic"", ""--telemetry-json"", ""/home/arjaiswal/Polygeist/issues/equality_saturation_eval/campaign_20260908/llama2c-matmul-syntactic-9e5jhr4a.json"", ""--disable-semantic-fallback""]","== match report for /tmp/llama2c_mlir/matmul_debuf.mlir ==
  match          body#[0]  cublasSgemv_T
  total: 1 matched / 1 bodies
",0,[],0,0,0,0,/tmp/llama2c_mlir/matmul_debuf.mlir,2300,0,1,1,352.3765131831169,0,64788,0.02438947558403015,0,2,0,0,"[{""body_indices"": [0], ""symbol"": ""cublasSgemv_T""}]",1,0,2,0.0,2
llama2c,matmul,/tmp/llama2c_mlir/matmul_debuf.mlir,59c7d64331af6a1646d2468ca3e112f258376c4db930e98404a176e62c027b40,syntactic,2,ok,0,804.0398955345154,0,"[""/usr/bin/python3"", ""/home/arjaiswal/Polygeist/scripts/correctness/kernel_match_rewrite.py"", ""/tmp/llama2c_mlir/matmul_debuf.mlir"", ""--dry-run"", ""--matcher-mode"", ""syntactic"", ""--telemetry-json"", ""/home/arjaiswal/Polygeist/issues/equality_saturation_eval/campaign_20260908/llama2c-matmul-syntactic-mrtn3qwo.json"", ""--disable-semantic-fallback""]","== match report for /tmp/llama2c_mlir/matmul_debuf.mlir ==
  match          body#[0]  cublasSgemv_T
  total: 1 matched / 1 bodies
",0,[],0,0,0,0,/tmp/llama2c_mlir/matmul_debuf.mlir,2300,0,1,1,316.7201913893223,0,64620,0.023853033781051636,0,2,0,0,"[{""body_indices"": [0], ""symbol"": ""cublasSgemv_T""}]",1,0,2,0.0,2
llama2c,matmul,/tmp/llama2c_mlir/matmul_debuf.mlir,59c7d64331af6a1646d2468ca3e112f258376c4db930e98404a176e62c027b40,egglog,2,ok,0,844.7972908616066,0,"[""/usr/bin/python3"", ""/home/arjaiswal/Polygeist/scripts/correctness/kernel_match_rewrite.py"", ""/tmp/llama2c_mlir/matmul_debuf.mlir"", ""--dry-run"", ""--matcher-mode"", ""egglog"", ""--telemetry-json"", ""/home/arjaiswal/Polygeist/issues/equality_saturation_eval/campaign_20260908/llama2c-matmul-egglog-o9734ng6.json"", ""--disable-semantic-fallback""]","== match report for /tmp/llama2c_mlir/matmul_debuf.mlir ==
  match          body#[0]  cublasSgemv_T
  total: 1 matched / 1 bodies
",0,[],0,0,0,0,/tmp/llama2c_mlir/matmul_debuf.mlir,2300,8,1,1,332.0297524333,0,69236,22.149305790662766,2,2,0,8,"[{""body_indices"": [0], ""symbol"": ""cublasSgemv_T""}]",1,0,0,0.0,2
llama2c,matmul,/tmp/llama2c_mlir/matmul_debuf.mlir,59c7d64331af6a1646d2468ca3e112f258376c4db930e98404a176e62c027b40,egglog,3,ok,0,1421.4547351002693,0,"[""/usr/bin/python3"", ""/home/arjaiswal/Polygeist/scripts/correctness/kernel_match_rewrite.py"", ""/tmp/llama2c_mlir/matmul_debuf.mlir"", ""--dry-run"", ""--matcher-mode"", ""egglog"", ""--telemetry-json"", ""/home/arjaiswal/Polygeist/issues/equality_saturation_eval/campaign_20260908/llama2c-matmul-egglog-3vkzf5k8.json"", ""--disable-semantic-fallback""]","== match report for /tmp/llama2c_mlir/matmul_debuf.mlir ==
  match          body#[0]  cublasSgemv_T
  total: 1 matched / 1 bodies
",0,[],0,0,0,0,/tmp/llama2c_mlir/matmul_debuf.mlir,2300,8,1,1,434.6666410565376,0,69252,41.034817695617676,2,2,0,8,"[{""body_indices"": [0], ""symbol"": ""cublasSgemv_T""}]",1,0,0,0.0,2
llama2c,matmul,/tmp/llama2c_mlir/matmul_debuf.mlir,59c7d64331af6a1646d2468ca3e112f258376c4db930e98404a176e62c027b40,syntactic,3,ok,0,1354.8482656478882,0,"[""/usr/bin/python3"", ""/home/arjaiswal/Polygeist/scripts/correctness/kernel_match_rewrite.py"", ""/tmp/llama2c_mlir/matmul_debuf.mlir"", ""--dry-run"", ""--matcher-mode"", ""syntactic"", ""--telemetry-json"", ""/home/arjaiswal/Polygeist/issues/equality_saturation_eval/campaign_20260908/llama2c-matmul-syntactic-yqozklvh.json"", ""--disable-semantic-fallback""]","== match report for /tmp/llama2c_mlir/matmul_debuf.mlir ==
  match          body#[0]  cublasSgemv_T
  total: 1 matched / 1 bodies
",0,[],0,0,0,0,/tmp/llama2c_mlir/matmul_debuf.mlir,2300,0,1,1,579.6146020293236,0,64368,0.024110078811645508,0,2,0,0,"[{""body_indices"": [0], ""symbol"": ""cublasSgemv_T""}]",1,0,2,0.0,2
llama2c,matmul,/tmp/llama2c_mlir/matmul_debuf.mlir,59c7d64331af6a1646d2468ca3e112f258376c4db930e98404a176e62c027b40,syntactic,4,ok,0,958.2898430526257,0,"[""/usr/bin/python3"", ""/home/arjaiswal/Polygeist/scripts/correctness/kernel_match_rewrite.py"", ""/tmp/llama2c_mlir/matmul_debuf.mlir"", ""--dry-run"", ""--matcher-mode"", ""syntactic"", ""--telemetry-json"", ""/home/arjaiswal/Polygeist/issues/equality_saturation_eval/campaign_20260908/llama2c-matmul-syntactic-u0yo27wn.json"", ""--disable-semantic-fallback""]","== match report for /tmp/llama2c_mlir/matmul_debuf.mlir ==
  match          body#[0]  cublasSgemv_T
  total: 1 matched / 1 bodies
",0,[],0,0,0,0,/tmp/llama2c_mlir/matmul_debuf.mlir,2300,0,1,1,346.9843603670597,0,64688,0.02308562397956848,0,2,0,0,"[{""body_indices"": [0], ""symbol"": ""cublasSgemv_T""}]",1,0,2,0.0,2
llama2c,matmul,/tmp/llama2c_mlir/matmul_debuf.mlir,59c7d64331af6a1646d2468ca3e112f258376c4db930e98404a176e62c027b40,egglog,4,ok,0,1639.7807449102402,0,"[""/usr/bin/python3"", ""/home/arjaiswal/Polygeist/scripts/correctness/kernel_match_rewrite.py"", ""/tmp/llama2c_mlir/matmul_debuf.mlir"", ""--dry-run"", ""--matcher-mode"", ""egglog"", ""--telemetry-json"", ""/home/arjaiswal/Polygeist/issues/equality_saturation_eval/campaign_20260908/llama2c-matmul-egglog-qmeijzvx.json"", ""--disable-semantic-fallback""]","== match report for /tmp/llama2c_mlir/matmul_debuf.mlir ==
  match          body#[0]  cublasSgemv_T
  total: 1 matched / 1 bodies
",0,[],0,0,0,0,/tmp/llama2c_mlir/matmul_debuf.mlir,2300,8,1,1,502.93583422899246,0,69252,24.433065205812454,2,2,0,8,"[{""body_indices"": [0], ""symbol"": ""cublasSgemv_T""}]",1,0,0,0.0,2
llama2c,matmul,/tmp/llama2c_mlir/matmul_debuf.mlir,59c7d64331af6a1646d2468ca3e112f258376c4db930e98404a176e62c027b40,egglog,5,ok,0,2022.3750658333302,0,"[""/usr/bin/python3"", ""/home/arjaiswal/Polygeist/scripts/correctness/kernel_match_rewrite.py"", ""/tmp/llama2c_mlir/matmul_debuf.mlir"", ""--dry-run"", ""--matcher-mode"", ""egglog"", ""--telemetry-json"", ""/home/arjaiswal/Polygeist/issues/equality_saturation_eval/campaign_20260908/llama2c-matmul-egglog-sydawy4p.json"", ""--disable-semantic-fallback""]","== match report for /tmp/llama2c_mlir/matmul_debuf.mlir ==
  match          body#[0]  cublasSgemv_T
  total: 1 matched / 1 bodies
",0,[],0,0,0,0,/tmp/llama2c_mlir/matmul_debuf.mlir,2300,8,1,1,833.5009030997753,0,69492,58.07340517640114,2,2,0,8,"[{""body_indices"": [0], ""symbol"": ""cublasSgemv_T""}]",1,0,0,0.0,2
llama2c,matmul,/tmp/llama2c_mlir/matmul_debuf.mlir,59c7d64331af6a1646d2468ca3e112f258376c4db930e98404a176e62c027b40,syntactic,5,ok,0,1394.7111926972866,0,"[""/usr/bin/python3"", ""/home/arjaiswal/Polygeist/scripts/correctness/kernel_match_rewrite.py"", ""/tmp/llama2c_mlir/matmul_debuf.mlir"", ""--dry-run"", ""--matcher-mode"", ""syntactic"", ""--telemetry-json"", ""/home/arjaiswal/Polygeist/issues/equality_saturation_eval/campaign_20260908/llama2c-matmul-syntactic-tck3honn.json"", ""--disable-semantic-fallback""]","== match report for /tmp/llama2c_mlir/matmul_debuf.mlir ==
  match          body#[0]  cublasSgemv_T
  total: 1 matched / 1 bodies
",0,[],0,0,0,0,/tmp/llama2c_mlir/matmul_debuf.mlir,2300,0,1,1,347.66655787825584,0,64884,0.024922192096710205,0,2,0,0,"[{""body_indices"": [0], ""symbol"": ""cublasSgemv_T""}]",1,0,2,0.0,2
llama2c,rmsnorm,/tmp/llama2c_mlir/rmsnorm_debuf.mlir,70bebf65acb0b01df3c99373044ca93f304864b69a3072441e880cef8b8a3b3c,syntactic,1,ok,0,853.0158661305904,0,"[""/usr/bin/python3"", ""/home/arjaiswal/Polygeist/scripts/correctness/kernel_match_rewrite.py"", ""/tmp/llama2c_mlir/rmsnorm_debuf.mlir"", ""--dry-run"", ""--matcher-mode"", ""syntactic"", ""--telemetry-json"", ""/home/arjaiswal/Polygeist/issues/equality_saturation_eval/campaign_20260908/llama2c-rmsnorm-syntactic-hzzuqcnw.json"", ""--disable-semantic-fallback""]","== match report for /tmp/llama2c_mlir/rmsnorm_debuf.mlir ==
  match          body#[0, 1]  rmsnorm_f32_tensor
  total: 1 matched / 1 bodies
",0,[],0,0,0,0,/tmp/llama2c_mlir/rmsnorm_debuf.mlir,2771,0,2,2,336.6435877978802,0,65816,0.07192790508270264,0,4,0,0,"[{""body_indices"": [0, 1], ""symbol"": ""rmsnorm_f32_tensor""}]",1,0,4,0.0,4
llama2c,rmsnorm,/tmp/llama2c_mlir/rmsnorm_debuf.mlir,70bebf65acb0b01df3c99373044ca93f304864b69a3072441e880cef8b8a3b3c,egglog,1,ok,0,2575.540170073509,0,"[""/usr/bin/python3"", ""/home/arjaiswal/Polygeist/scripts/correctness/kernel_match_rewrite.py"", ""/tmp/llama2c_mlir/rmsnorm_debuf.mlir"", ""--dry-run"", ""--matcher-mode"", ""egglog"", ""--telemetry-json"", ""/home/arjaiswal/Polygeist/issues/equality_saturation_eval/campaign_20260908/llama2c-rmsnorm-egglog-mh5gvdlf.json"", ""--disable-semantic-fallback""]","== match report for /tmp/llama2c_mlir/rmsnorm_debuf.mlir ==
  match          body#[0, 1]  rmsnorm_f32_tensor
  total: 1 matched / 1 bodies
",0,[],0,0,0,0,/tmp/llama2c_mlir/rmsnorm_debuf.mlir,2771,8,2,2,1200.2524957060814,0,69224,191.9052042067051,4,4,0,42,"[{""body_indices"": [0, 1], ""symbol"": ""rmsnorm_f32_tensor""}]",1,0,0,0.0,4
llama2c,rmsnorm,/tmp/llama2c_mlir/rmsnorm_debuf.mlir,70bebf65acb0b01df3c99373044ca93f304864b69a3072441e880cef8b8a3b3c,egglog,2,ok,0,1488.452259451151,0,"[""/usr/bin/python3"", ""/home/arjaiswal/Polygeist/scripts/correctness/kernel_match_rewrite.py"", ""/tmp/llama2c_mlir/rmsnorm_debuf.mlir"", ""--dry-run"", ""--matcher-mode"", ""egglog"", ""--telemetry-json"", ""/home/arjaiswal/Polygeist/issues/equality_saturation_eval/campaign_20260908/llama2c-rmsnorm-egglog-2h4zuva_.json"", ""--disable-semantic-fallback""]","== match report for /tmp/llama2c_mlir/rmsnorm_debuf.mlir ==
  match          body#[0, 1]  rmsnorm_f32_tensor
  total: 1 matched / 1 bodies
",0,[],0,0,0,0,/tmp/llama2c_mlir/rmsnorm_debuf.mlir,2771,8,2,2,557.7592700719833,0,69596,44.761475175619125,4,4,0,42,"[{""body_indices"": [0, 1], ""symbol"": ""rmsnorm_f32_tensor""}]",1,0,0,0.0,4
llama2c,rmsnorm,/tmp/llama2c_mlir/rmsnorm_debuf.mlir,70bebf65acb0b01df3c99373044ca93f304864b69a3072441e880cef8b8a3b3c,syntactic,2,ok,0,1086.1122272908688,0,"[""/usr/bin/python3"", ""/home/arjaiswal/Polygeist/scripts/correctness/kernel_match_rewrite.py"", ""/tmp/llama2c_mlir/rmsnorm_debuf.mlir"", ""--dry-run"", ""--matcher-mode"", ""syntactic"", ""--telemetry-json"", ""/home/arjaiswal/Polygeist/issues/equality_saturation_eval/campaign_20260908/llama2c-rmsnorm-syntactic-3efcwls4.json"", ""--disable-semantic-fallback""]","== match report for /tmp/llama2c_mlir/rmsnorm_debuf.mlir ==
  match          body#[0, 1]  rmsnorm_f32_tensor
  total: 1 matched / 1 bodies
",0,[],0,0,0,0,/tmp/llama2c_mlir/rmsnorm_debuf.mlir,2771,0,2,2,350.52625089883804,0,65660,0.0504814088344574,0,4,0,0,"[{""body_indices"": [0, 1], ""symbol"": ""rmsnorm_f32_tensor""}]",1,0,4,0.0,4
llama2c,rmsnorm,/tmp/llama2c_mlir/rmsnorm_debuf.mlir,70bebf65acb0b01df3c99373044ca93f304864b69a3072441e880cef8b8a3b3c,syntactic,3,ok,0,1947.313368320465,0,"[""/usr/bin/python3"", ""/home/arjaiswal/Polygeist/scripts/correctness/kernel_match_rewrite.py"", ""/tmp/llama2c_mlir/rmsnorm_debuf.mlir"", ""--dry-run"", ""--matcher-mode"", ""syntactic"", ""--telemetry-json"", ""/home/arjaiswal/Polygeist/issues/equality_saturation_eval/campaign_20260908/llama2c-rmsnorm-syntactic-d518i9va.json"", ""--disable-semantic-fallback""]","== match report for /tmp/llama2c_mlir/rmsnorm_debuf.mlir ==
  match          body#[0, 1]  rmsnorm_f32_tensor
  total: 1 matched / 1 bodies
",0,[],0,0,0,0,/tmp/llama2c_mlir/rmsnorm_debuf.mlir,2771,0,2,2,698.3874626457691,0,65612,10.758105665445328,0,4,0,0,"[{""body_indices"": [0, 1], ""symbol"": ""rmsnorm_f32_tensor""}]",1,0,4,0.0,4
llama2c,rmsnorm,/tmp/llama2c_mlir/rmsnorm_debuf.mlir,70bebf65acb0b01df3c99373044ca93f304864b69a3072441e880cef8b8a3b3c,egglog,3,ok,0,1807.3576763272285,0,"[""/usr/bin/python3"", ""/home/arjaiswal/Polygeist/scripts/correctness/kernel_match_rewrite.py"", ""/tmp/llama2c_mlir/rmsnorm_debuf.mlir"", ""--dry-run"", ""--matcher-mode"", ""egglog"", ""--telemetry-json"", ""/home/arjaiswal/Polygeist/issues/equality_saturation_eval/campaign_20260908/llama2c-rmsnorm-egglog-t0du0tjs.json"", ""--disable-semantic-fallback""]","== match report for /tmp/llama2c_mlir/rmsnorm_debuf.mlir ==
  match          body#[0, 1]  rmsnorm_f32_tensor
  total: 1 matched / 1 bodies
",0,[],0,0,0,0,/tmp/llama2c_mlir/rmsnorm_debuf.mlir,2771,8,2,2,860.4405261576176,0,69896,77.15220376849174,4,4,0,42,"[{""body_indices"": [0, 1], ""symbol"": ""rmsnorm_f32_tensor""}]",1,0,0,0.0,4
llama2c,rmsnorm,/tmp/llama2c_mlir/rmsnorm_debuf.mlir,70bebf65acb0b01df3c99373044ca93f304864b69a3072441e880cef8b8a3b3c,egglog,4,ok,0,920.8710640668869,0,"[""/usr/bin/python3"", ""/home/arjaiswal/Polygeist/scripts/correctness/kernel_match_rewrite.py"", ""/tmp/llama2c_mlir/rmsnorm_debuf.mlir"", ""--dry-run"", ""--matcher-mode"", ""egglog"", ""--telemetry-json"", ""/home/arjaiswal/Polygeist/issues/equality_saturation_eval/campaign_20260908/llama2c-rmsnorm-egglog-vxy05g4h.json"", ""--disable-semantic-fallback""]","== match report for /tmp/llama2c_mlir/rmsnorm_debuf.mlir ==
  match          body#[0, 1]  rmsnorm_f32_tensor
  total: 1 matched / 1 bodies
",0,[],0,0,0,0,/tmp/llama2c_mlir/rmsnorm_debuf.mlir,2771,8,2,2,381.79510459303856,0,69392,48.34049940109253,4,4,0,42,"[{""body_indices"": [0, 1], ""symbol"": ""rmsnorm_f32_tensor""}]",1,0,0,0.0,4
llama2c,rmsnorm,/tmp/llama2c_mlir/rmsnorm_debuf.mlir,70bebf65acb0b01df3c99373044ca93f304864b69a3072441e880cef8b8a3b3c,syntactic,4,ok,0,1218.9543806016445,0,"[""/usr/bin/python3"", ""/home/arjaiswal/Polygeist/scripts/correctness/kernel_match_rewrite.py"", ""/tmp/llama2c_mlir/rmsnorm_debuf.mlir"", ""--dry-run"", ""--matcher-mode"", ""syntactic"", ""--telemetry-json"", ""/home/arjaiswal/Polygeist/issues/equality_saturation_eval/campaign_20260908/llama2c-rmsnorm-syntactic-1i_h32qy.json"", ""--disable-semantic-fallback""]","== match report for /tmp/llama2c_mlir/rmsnorm_debuf.mlir ==
  match          body#[0, 1]  rmsnorm_f32_tensor
  total: 1 matched / 1 bodies
",0,[],0,0,0,0,/tmp/llama2c_mlir/rmsnorm_debuf.mlir,2771,0,2,2,540.3689071536064,0,64796,0.06917119026184082,0,4,0,0,"[{""body_indices"": [0, 1], ""symbol"": ""rmsnorm_f32_tensor""}]",1,0,4,0.0,4
llama2c,rmsnorm,/tmp/llama2c_mlir/rmsnorm_debuf.mlir,70bebf65acb0b01df3c99373044ca93f304864b69a3072441e880cef8b8a3b3c,syntactic,5,ok,0,1502.5906078517437,0,"[""/usr/bin/python3"", ""/home/arjaiswal/Polygeist/scripts/correctness/kernel_match_rewrite.py"", ""/tmp/llama2c_mlir/rmsnorm_debuf.mlir"", ""--dry-run"", ""--matcher-mode"", ""syntactic"", ""--telemetry-json"", ""/home/arjaiswal/Polygeist/issues/equality_saturation_eval/campaign_20260908/llama2c-rmsnorm-syntactic-6cho0k0b.json"", ""--disable-semantic-fallback""]","== match report for /tmp/llama2c_mlir/rmsnorm_debuf.mlir ==
  match          body#[0, 1]  rmsnorm_f32_tensor
  total: 1 matched / 1 bodies
",0,[],0,0,0,0,/tmp/llama2c_mlir/rmsnorm_debuf.mlir,2771,0,2,2,746.022142469883,0,65668,0.05034357309341431,0,4,0,0,"[{""body_indices"": [0, 1], ""symbol"": ""rmsnorm_f32_tensor""}]",1,0,4,0.0,4
llama2c,rmsnorm,/tmp/llama2c_mlir/rmsnorm_debuf.mlir,70bebf65acb0b01df3c99373044ca93f304864b69a3072441e880cef8b8a3b3c,egglog,5,ok,0,1701.661329716444,0,"[""/usr/bin/python3"", ""/home/arjaiswal/Polygeist/scripts/correctness/kernel_match_rewrite.py"", ""/tmp/llama2c_mlir/rmsnorm_debuf.mlir"", ""--dry-run"", ""--matcher-mode"", ""egglog"", ""--telemetry-json"", ""/home/arjaiswal/Polygeist/issues/equality_saturation_eval/campaign_20260908/llama2c-rmsnorm-egglog-mezis5h9.json"", ""--disable-semantic-fallback""]","== match report for /tmp/llama2c_mlir/rmsnorm_debuf.mlir ==
  match          body#[0, 1]  rmsnorm_f32_tensor
  total: 1 matched / 1 bodies
",0,[],0,0,0,0,/tmp/llama2c_mlir/rmsnorm_debuf.mlir,2771,8,2,2,499.1464577615261,0,69304,47.166816890239716,4,4,0,42,"[{""body_indices"": [0, 1], ""symbol"": ""rmsnorm_f32_tensor""}]",1,0,0,0.0,4
llama2c,softmax,/tmp/llama2c_mlir/softmax_debuf_mr.mlir,fa2db388157e1ceff73cf265d6ec6acb62feed6528941898ca0fc8dec330f895,egglog,1,ok,0,1375.545497983694,0,"[""/usr/bin/python3"", ""/home/arjaiswal/Polygeist/scripts/correctness/kernel_match_rewrite.py"", ""/tmp/llama2c_mlir/softmax_debuf_mr.mlir"", ""--dry-run"", ""--matcher-mode"", ""egglog"", ""--telemetry-json"", ""/home/arjaiswal/Polygeist/issues/equality_saturation_eval/campaign_20260908/llama2c-softmax-egglog-j3ns10_u.json"", ""--disable-semantic-fallback""]","== match report for /tmp/llama2c_mlir/softmax_debuf_mr.mlir ==
  match          body#[0, 1, 2]  cudnnSoftmaxForward_tensor
  total: 1 matched / 1 bodies
",0,[],0,0,0,0,/tmp/llama2c_mlir/softmax_debuf_mr.mlir,3117,8,3,3,483.58917236328125,0,69656,102.24983468651772,8,8,0,4,"[{""body_indices"": [0, 1, 2], ""symbol"": ""cudnnSoftmaxForward_tensor""}]",1,0,0,0.0,8
llama2c,softmax,/tmp/llama2c_mlir/softmax_debuf_mr.mlir,fa2db388157e1ceff73cf265d6ec6acb62feed6528941898ca0fc8dec330f895,syntactic,1,ok,0,1766.1766037344933,0,"[""/usr/bin/python3"", ""/home/arjaiswal/Polygeist/scripts/correctness/kernel_match_rewrite.py"", ""/tmp/llama2c_mlir/softmax_debuf_mr.mlir"", ""--dry-run"", ""--matcher-mode"", ""syntactic"", ""--telemetry-json"", ""/home/arjaiswal/Polygeist/issues/equality_saturation_eval/campaign_20260908/llama2c-softmax-syntactic-bbak84n4.json"", ""--disable-semantic-fallback""]","== match report for /tmp/llama2c_mlir/softmax_debuf_mr.mlir ==
  match          body#[0, 1, 2]  cudnnSoftmaxForward_tensor
  total: 1 matched / 1 bodies
",0,[],0,0,0,0,/tmp/llama2c_mlir/softmax_debuf_mr.mlir,3117,0,3,3,732.7038161456585,0,65692,0.11365488171577454,0,8,0,0,"[{""body_indices"": [0, 1, 2], ""symbol"": ""cudnnSoftmaxForward_tensor""}]",1,0,8,0.0,8
llama2c,softmax,/tmp/llama2c_mlir/softmax_debuf_mr.mlir,fa2db388157e1ceff73cf265d6ec6acb62feed6528941898ca0fc8dec330f895,syntactic,2,ok,0,1360.501978546381,0,"[""/usr/bin/python3"", ""/home/arjaiswal/Polygeist/scripts/correctness/kernel_match_rewrite.py"", ""/tmp/llama2c_mlir/softmax_debuf_mr.mlir"", ""--dry-run"", ""--matcher-mode"", ""syntactic"", ""--telemetry-json"", ""/home/arjaiswal/Polygeist/issues/equality_saturation_eval/campaign_20260908/llama2c-softmax-syntactic-t_fenc1c.json"", ""--disable-semantic-fallback""]","== match report for /tmp/llama2c_mlir/softmax_debuf_mr.mlir ==
  match          body#[0, 1, 2]  cudnnSoftmaxForward_tensor
  total: 1 matched / 1 bodies
",0,[],0,0,0,0,/tmp/llama2c_mlir/softmax_debuf_mr.mlir,3117,0,3,3,510.2563463151455,0,65616,0.10056793689727783,0,8,0,0,"[{""body_indices"": [0, 1, 2], ""symbol"": ""cudnnSoftmaxForward_tensor""}]",1,0,8,0.0,8
llama2c,softmax,/tmp/llama2c_mlir/softmax_debuf_mr.mlir,fa2db388157e1ceff73cf265d6ec6acb62feed6528941898ca0fc8dec330f895,egglog,2,ok,0,1651.7155319452286,0,"[""/usr/bin/python3"", ""/home/arjaiswal/Polygeist/scripts/correctness/kernel_match_rewrite.py"", ""/tmp/llama2c_mlir/softmax_debuf_mr.mlir"", ""--dry-run"", ""--matcher-mode"", ""egglog"", ""--telemetry-json"", ""/home/arjaiswal/Polygeist/issues/equality_saturation_eval/campaign_20260908/llama2c-softmax-egglog-ygw6sbvz.json"", ""--disable-semantic-fallback""]","== match report for /tmp/llama2c_mlir/softmax_debuf_mr.mlir ==
  match          body#[0, 1, 2]  cudnnSoftmaxForward_tensor
  total: 1 matched / 1 bodies
",0,[],0,0,0,0,/tmp/llama2c_mlir/softmax_debuf_mr.mlir,3117,8,3,3,1000.2529434859753,0,69724,188.52241337299347,8,8,0,4,"[{""body_indices"": [0, 1, 2], ""symbol"": ""cudnnSoftmaxForward_tensor""}]",1,0,0,0.0,8
llama2c,softmax,/tmp/llama2c_mlir/softmax_debuf_mr.mlir,fa2db388157e1ceff73cf265d6ec6acb62feed6528941898ca0fc8dec330f895,egglog,3,ok,0,1213.7501649558544,0,"[""/usr/bin/python3"", ""/home/arjaiswal/Polygeist/scripts/correctness/kernel_match_rewrite.py"", ""/tmp/llama2c_mlir/softmax_debuf_mr.mlir"", ""--dry-run"", ""--matcher-mode"", ""egglog"", ""--telemetry-json"", ""/home/arjaiswal/Polygeist/issues/equality_saturation_eval/campaign_20260908/llama2c-softmax-egglog-9hre_0qi.json"", ""--disable-semantic-fallback""]","== match report for /tmp/llama2c_mlir/softmax_debuf_mr.mlir ==
  match          body#[0, 1, 2]  cudnnSoftmaxForward_tensor
  total: 1 matched / 1 bodies
",0,[],0,0,0,0,/tmp/llama2c_mlir/softmax_debuf_mr.mlir,3117,8,3,3,470.0220003724098,0,69904,97.48613834381104,8,8,0,4,"[{""body_indices"": [0, 1, 2], ""symbol"": ""cudnnSoftmaxForward_tensor""}]",1,0,0,0.0,8
llama2c,softmax,/tmp/llama2c_mlir/softmax_debuf_mr.mlir,fa2db388157e1ceff73cf265d6ec6acb62feed6528941898ca0fc8dec330f895,syntactic,3,ok,0,875.7432401180267,0,"[""/usr/bin/python3"", ""/home/arjaiswal/Polygeist/scripts/correctness/kernel_match_rewrite.py"", ""/tmp/llama2c_mlir/softmax_debuf_mr.mlir"", ""--dry-run"", ""--matcher-mode"", ""syntactic"", ""--telemetry-json"", ""/home/arjaiswal/Polygeist/issues/equality_saturation_eval/campaign_20260908/llama2c-softmax-syntactic-hs_kfvoi.json"", ""--disable-semantic-fallback""]","== match report for /tmp/llama2c_mlir/softmax_debuf_mr.mlir ==
  match          body#[0, 1, 2]  cudnnSoftmaxForward_tensor
  total: 1 matched / 1 bodies
",0,[],0,0,0,0,/tmp/llama2c_mlir/softmax_debuf_mr.mlir,3117,0,3,3,375.34650415182114,0,65544,0.08902326226234436,0,8,0,0,"[{""body_indices"": [0, 1, 2], ""symbol"": ""cudnnSoftmaxForward_tensor""}]",1,0,8,0.0,8
llama2c,softmax,/tmp/llama2c_mlir/softmax_debuf_mr.mlir,fa2db388157e1ceff73cf265d6ec6acb62feed6528941898ca0fc8dec330f895,syntactic,4,ok,0,892.8610645234585,0,"[""/usr/bin/python3"", ""/home/arjaiswal/Polygeist/scripts/correctness/kernel_match_rewrite.py"", ""/tmp/llama2c_mlir/softmax_debuf_mr.mlir"", ""--dry-run"", ""--matcher-mode"", ""syntactic"", ""--telemetry-json"", ""/home/arjaiswal/Polygeist/issues/equality_saturation_eval/campaign_20260908/llama2c-softmax-syntactic-drzg1rlf.json"", ""--disable-semantic-fallback""]","== match report for /tmp/llama2c_mlir/softmax_debuf_mr.mlir ==
  match          body#[0, 1, 2]  cudnnSoftmaxForward_tensor
  total: 1 matched / 1 bodies
",0,[],0,0,0,0,/tmp/llama2c_mlir/softmax_debuf_mr.mlir,3117,0,3,3,398.54997396469116,0,65548,0.08228421211242676,0,8,0,0,"[{""body_indices"": [0, 1, 2], ""symbol"": ""cudnnSoftmaxForward_tensor""}]",1,0,8,0.0,8
llama2c,softmax,/tmp/llama2c_mlir/softmax_debuf_mr.mlir,fa2db388157e1ceff73cf265d6ec6acb62feed6528941898ca0fc8dec330f895,egglog,4,ok,0,948.2079856097698,0,"[""/usr/bin/python3"", ""/home/arjaiswal/Polygeist/scripts/correctness/kernel_match_rewrite.py"", ""/tmp/llama2c_mlir/softmax_debuf_mr.mlir"", ""--dry-run"", ""--matcher-mode"", ""egglog"", ""--telemetry-json"", ""/home/arjaiswal/Polygeist/issues/equality_saturation_eval/campaign_20260908/llama2c-softmax-egglog-ezh1hdue.json"", ""--disable-semantic-fallback""]","== match report for /tmp/llama2c_mlir/softmax_debuf_mr.mlir ==
  match          body#[0, 1, 2]  cudnnSoftmaxForward_tensor
  total: 1 matched / 1 bodies
",0,[],0,0,0,0,/tmp/llama2c_mlir/softmax_debuf_mr.mlir,3117,8,3,3,451.5589065849781,0,69864,100.37175565958023,8,8,0,4,"[{""body_indices"": [0, 1, 2], ""symbol"": ""cudnnSoftmaxForward_tensor""}]",1,0,0,0.0,8
llama2c,softmax,/tmp/llama2c_mlir/softmax_debuf_mr.mlir,fa2db388157e1ceff73cf265d6ec6acb62feed6528941898ca0fc8dec330f895,egglog,5,ok,0,1065.3480663895607,0,"[""/usr/bin/python3"", ""/home/arjaiswal/Polygeist/scripts/correctness/kernel_match_rewrite.py"", ""/tmp/llama2c_mlir/softmax_debuf_mr.mlir"", ""--dry-run"", ""--matcher-mode"", ""egglog"", ""--telemetry-json"", ""/home/arjaiswal/Polygeist/issues/equality_saturation_eval/campaign_20260908/llama2c-softmax-egglog-0ho92dgs.json"", ""--disable-semantic-fallback""]","== match report for /tmp/llama2c_mlir/softmax_debuf_mr.mlir ==
  match          body#[0, 1, 2]  cudnnSoftmaxForward_tensor
  total: 1 matched / 1 bodies
",0,[],0,0,0,0,/tmp/llama2c_mlir/softmax_debuf_mr.mlir,3117,8,3,3,578.4094147384167,0,69836,94.76639702916145,8,8,0,4,"[{""body_indices"": [0, 1, 2], ""symbol"": ""cudnnSoftmaxForward_tensor""}]",1,0,0,0.0,8
llama2c,softmax,/tmp/llama2c_mlir/softmax_debuf_mr.mlir,fa2db388157e1ceff73cf265d6ec6acb62feed6528941898ca0fc8dec330f895,syntactic,5,ok,0,886.4808566868305,0,"[""/usr/bin/python3"", ""/home/arjaiswal/Polygeist/scripts/correctness/kernel_match_rewrite.py"", ""/tmp/llama2c_mlir/softmax_debuf_mr.mlir"", ""--dry-run"", ""--matcher-mode"", ""syntactic"", ""--telemetry-json"", ""/home/arjaiswal/Polygeist/issues/equality_saturation_eval/campaign_20260908/llama2c-softmax-syntactic-9ikt8o7_.json"", ""--disable-semantic-fallback""]","== match report for /tmp/llama2c_mlir/softmax_debuf_mr.mlir ==
  match          body#[0, 1, 2]  cudnnSoftmaxForward_tensor
  total: 1 matched / 1 bodies
",0,[],0,0,0,0,/tmp/llama2c_mlir/softmax_debuf_mr.mlir,3117,0,3,3,362.8615401685238,0,65872,0.08798763155937195,0,8,0,0,"[{""body_indices"": [0, 1, 2], ""symbol"": ""cudnnSoftmaxForward_tensor""}]",1,0,8,0.0,8
llama_forward,attention_mask_if,/tmp/llama_forward_ops_mlir/attention_mask_if_debuf.mlir,e417d606ea229bf891953b3155191a04775bc0384e2956280cfb1ce837742fb2,syntactic,1,ok,0,816.2269815802574,0,"[""/usr/bin/python3"", ""/home/arjaiswal/Polygeist/scripts/correctness/kernel_match_rewrite.py"", ""/tmp/llama_forward_ops_mlir/attention_mask_if_debuf.mlir"", ""--dry-run"", ""--matcher-mode"", ""syntactic"", ""--telemetry-json"", ""/home/arjaiswal/Polygeist/issues/equality_saturation_eval/campaign_20260908/llama_forward-attention_mask_if-syntactic-x897q8ef.json"", ""--disable-semantic-fallback""]","== match report for /tmp/llama_forward_ops_mlir/attention_mask_if_debuf.mlir ==
  total: 0 matched / 0 bodies
",0,[],0,0,0,0,/tmp/llama_forward_ops_mlir/attention_mask_if_debuf.mlir,1689,0,0,0,308.5881359875202,0,64316,0.0,0,0,0,0,[],0,0,0,0.0,0
llama_forward,attention_mask_if,/tmp/llama_forward_ops_mlir/attention_mask_if_debuf.mlir,e417d606ea229bf891953b3155191a04775bc0384e2956280cfb1ce837742fb2,egglog,1,ok,0,1214.2902798950672,0,"[""/usr/bin/python3"", ""/home/arjaiswal/Polygeist/scripts/correctness/kernel_match_rewrite.py"", ""/tmp/llama_forward_ops_mlir/attention_mask_if_debuf.mlir"", ""--dry-run"", ""--matcher-mode"", ""egglog"", ""--telemetry-json"", ""/home/arjaiswal/Polygeist/issues/equality_saturation_eval/campaign_20260908/llama_forward-attention_mask_if-egglog-acq6nt2u.json"", ""--disable-semantic-fallback""]","== match report for /tmp/llama_forward_ops_mlir/attention_mask_if_debuf.mlir ==
  total: 0 matched / 0 bodies
",0,[],0,0,0,0,/tmp/llama_forward_ops_mlir/attention_mask_if_debuf.mlir,1689,8,0,0,574.1485320031643,0,64668,0.0,0,0,0,0,[],0,0,0,0.0,0
llama_forward,attention_mask_if,/tmp/llama_forward_ops_mlir/attention_mask_if_debuf.mlir,e417d606ea229bf891953b3155191a04775bc0384e2956280cfb1ce837742fb2,egglog,2,ok,0,1865.2731738984585,0,"[""/usr/bin/python3"", ""/home/arjaiswal/Polygeist/scripts/correctness/kernel_match_rewrite.py"", ""/tmp/llama_forward_ops_mlir/attention_mask_if_debuf.mlir"", ""--dry-run"", ""--matcher-mode"", ""egglog"", ""--telemetry-json"", ""/home/arjaiswal/Polygeist/issues/equality_saturation_eval/campaign_20260908/llama_forward-attention_mask_if-egglog-9sn3ynjg.json"", ""--disable-semantic-fallback""]","== match report for /tmp/llama_forward_ops_mlir/attention_mask_if_debuf.mlir ==
  total: 0 matched / 0 bodies
",0,[],0,0,0,0,/tmp/llama_forward_ops_mlir/attention_mask_if_debuf.mlir,1689,8,0,0,581.0111202299595,0,64616,0.0,0,0,0,0,[],0,0,0,0.0,0
llama_forward,attention_mask_if,/tmp/llama_forward_ops_mlir/attention_mask_if_debuf.mlir,e417d606ea229bf891953b3155191a04775bc0384e2956280cfb1ce837742fb2,syntactic,2,ok,0,963.655598461628,0,"[""/usr/bin/python3"", ""/home/arjaiswal/Polygeist/scripts/correctness/kernel_match_rewrite.py"", ""/tmp/llama_forward_ops_mlir/attention_mask_if_debuf.mlir"", ""--dry-run"", ""--matcher-mode"", ""syntactic"", ""--telemetry-json"", ""/home/arjaiswal/Polygeist/issues/equality_saturation_eval/campaign_20260908/llama_forward-attention_mask_if-syntactic-zjeig6by.json"", ""--disable-semantic-fallback""]","== match report for /tmp/llama_forward_ops_mlir/attention_mask_if_debuf.mlir ==
  total: 0 matched / 0 bodies
",0,[],0,0,0,0,/tmp/llama_forward_ops_mlir/attention_mask_if_debuf.mlir,1689,0,0,0,264.420785009861,0,64616,0.0,0,0,0,0,[],0,0,0,0.0,0
llama_forward,attention_mask_if,/tmp/llama_forward_ops_mlir/attention_mask_if_debuf.mlir,e417d606ea229bf891953b3155191a04775bc0384e2956280cfb1ce837742fb2,syntactic,3,ok,0,1647.679664194584,0,"[""/usr/bin/python3"", ""/home/arjaiswal/Polygeist/scripts/correctness/kernel_match_rewrite.py"", ""/tmp/llama_forward_ops_mlir/attention_mask_if_debuf.mlir"", ""--dry-run"", ""--matcher-mode"", ""syntactic"", ""--telemetry-json"", ""/home/arjaiswal/Polygeist/issues/equality_saturation_eval/campaign_20260908/llama_forward-attention_mask_if-syntactic-c4r7kyon.json"", ""--disable-semantic-fallback""]","== match report for /tmp/llama_forward_ops_mlir/attention_mask_if_debuf.mlir ==
  total: 0 matched / 0 bodies
",0,[],0,0,0,0,/tmp/llama_forward_ops_mlir/attention_mask_if_debuf.mlir,1689,0,0,0,583.788126707077,0,64448,0.0,0,0,0,0,[],0,0,0,0.0,0
llama_forward,attention_mask_if,/tmp/llama_forward_ops_mlir/attention_mask_if_debuf.mlir,e417d606ea229bf891953b3155191a04775bc0384e2956280cfb1ce837742fb2,egglog,3,ok,0,1440.2161799371243,0,"[""/usr/bin/python3"", ""/home/arjaiswal/Polygeist/scripts/correctness/kernel_match_rewrite.py"", ""/tmp/llama_forward_ops_mlir/attention_mask_if_debuf.mlir"", ""--dry-run"", ""--matcher-mode"", ""egglog"", ""--telemetry-json"", ""/home/arjaiswal/Polygeist/issues/equality_saturation_eval/campaign_20260908/llama_forward-attention_mask_if-egglog-bnt9euah.json"", ""--disable-semantic-fallback""]","== match report for /tmp/llama_forward_ops_mlir/attention_mask_if_debuf.mlir ==
  total: 0 matched / 0 bodies
",0,[],0,0,0,0,/tmp/llama_forward_ops_mlir/attention_mask_if_debuf.mlir,1689,8,0,0,516.2185318768024,0,64620,0.0,0,0,0,0,[],0,0,0,0.0,0
llama_forward,attention_mask_if,/tmp/llama_forward_ops_mlir/attention_mask_if_debuf.mlir,e417d606ea229bf891953b3155191a04775bc0384e2956280cfb1ce837742fb2,egglog,4,ok,0,1022.8166282176971,0,"[""/usr/bin/python3"", ""/home/arjaiswal/Polygeist/scripts/correctness/kernel_match_rewrite.py"", ""/tmp/llama_forward_ops_mlir/attention_mask_if_debuf.mlir"", ""--dry-run"", ""--matcher-mode"", ""egglog"", ""--telemetry-json"", ""/home/arjaiswal/Polygeist/issues/equality_saturation_eval/campaign_20260908/llama_forward-attention_mask_if-egglog-namhvek5.json"", ""--disable-semantic-fallback""]","== match report for /tmp/llama_forward_ops_mlir/attention_mask_if_debuf.mlir ==
  total: 0 matched / 0 bodies
",0,[],0,0,0,0,/tmp/llama_forward_ops_mlir/attention_mask_if_debuf.mlir,1689,8,0,0,320.23046538233757,0,64652,0.0,0,0,0,0,[],0,0,0,0.0,0
llama_forward,attention_mask_if,/tmp/llama_forward_ops_mlir/attention_mask_if_debuf.mlir,e417d606ea229bf891953b3155191a04775bc0384e2956280cfb1ce837742fb2,syntactic,4,ok,0,806.8372011184692,0,"[""/usr/bin/python3"", ""/home/arjaiswal/Polygeist/scripts/correctness/kernel_match_rewrite.py"", ""/tmp/llama_forward_ops_mlir/attention_mask_if_debuf.mlir"", ""--dry-run"", ""--matcher-mode"", ""syntactic"", ""--telemetry-json"", ""/home/arjaiswal/Polygeist/issues/equality_saturation_eval/campaign_20260908/llama_forward-attention_mask_if-syntactic-wb6xpc9p.json"", ""--disable-semantic-fallback""]","== match report for /tmp/llama_forward_ops_mlir/attention_mask_if_debuf.mlir ==
  total: 0 matched / 0 bodies
",0,[],0,0,0,0,/tmp/llama_forward_ops_mlir/attention_mask_if_debuf.mlir,1689,0,0,0,310.713205486536,0,64484,0.0,0,0,0,0,[],0,0,0,0.0,0
llama_forward,attention_mask_if,/tmp/llama_forward_ops_mlir/attention_mask_if_debuf.mlir,e417d606ea229bf891953b3155191a04775bc0384e2956280cfb1ce837742fb2,syntactic,5,ok,0,1186.0451251268387,0,"[""/usr/bin/python3"", ""/home/arjaiswal/Polygeist/scripts/correctness/kernel_match_rewrite.py"", ""/tmp/llama_forward_ops_mlir/attention_mask_if_debuf.mlir"", ""--dry-run"", ""--matcher-mode"", ""syntactic"", ""--telemetry-json"", ""/home/arjaiswal/Polygeist/issues/equality_saturation_eval/campaign_20260908/llama_forward-attention_mask_if-syntactic-7h0fizeh.json"", ""--disable-semantic-fallback""]","== match report for /tmp/llama_forward_ops_mlir/attention_mask_if_debuf.mlir ==
  total: 0 matched / 0 bodies
",0,[],0,0,0,0,/tmp/llama_forward_ops_mlir/attention_mask_if_debuf.mlir,1689,0,0,0,396.516390144825,0,64604,0.0,0,0,0,0,[],0,0,0,0.0,0
llama_forward,attention_mask_if,/tmp/llama_forward_ops_mlir/attention_mask_if_debuf.mlir,e417d606ea229bf891953b3155191a04775bc0384e2956280cfb1ce837742fb2,egglog,5,ok,0,1079.4156938791275,0,"[""/usr/bin/python3"", ""/home/arjaiswal/Polygeist/scripts/correctness/kernel_match_rewrite.py"", ""/tmp/llama_forward_ops_mlir/attention_mask_if_debuf.mlir"", ""--dry-run"", ""--matcher-mode"", ""egglog"", ""--telemetry-json"", ""/home/arjaiswal/Polygeist/issues/equality_saturation_eval/campaign_20260908/llama_forward-attention_mask_if-egglog-mu78bgag.json"", ""--disable-semantic-fallback""]","== match report for /tmp/llama_forward_ops_mlir/attention_mask_if_debuf.mlir ==
  total: 0 matched / 0 bodies
",0,[],0,0,0,0,/tmp/llama_forward_ops_mlir/attention_mask_if_debuf.mlir,1689,8,0,0,318.27056035399437,0,64620,0.0,0,0,0,0,[],0,0,0,0.0,0
llama_forward,attention_mask_select,/tmp/llama_forward_ops_mlir/attention_mask_select_debuf.mlir,c98016f0a127c3c2b8c1da0f71759f5af12672a876707e7e9ac8b76e8f554fa3,egglog,1,ok,0,2627.4258829653263,0,"[""/usr/bin/python3"", ""/home/arjaiswal/Polygeist/scripts/correctness/kernel_match_rewrite.py"", ""/tmp/llama_forward_ops_mlir/attention_mask_select_debuf.mlir"", ""--dry-run"", ""--matcher-mode"", ""egglog"", ""--telemetry-json"", ""/home/arjaiswal/Polygeist/issues/equality_saturation_eval/campaign_20260908/llama_forward-attention_mask_select-egglog-qnr2_v83.json"", ""--disable-semantic-fallback""]","== match report for /tmp/llama_forward_ops_mlir/attention_mask_select_debuf.mlir ==
  match          body#[0]  cudaMaskSelect_f32_tensor
  total: 1 matched / 1 bodies
",0,[],0,0,0,0,/tmp/llama_forward_ops_mlir/attention_mask_select_debuf.mlir,2217,8,1,1,1736.679770052433,0,70368,83.62806588411331,2,2,0,12,"[{""body_indices"": [0], ""symbol"": ""cudaMaskSelect_f32_tensor""}]",1,0,0,0.0,54
llama_forward,attention_mask_select,/tmp/llama_forward_ops_mlir/attention_mask_select_debuf.mlir,c98016f0a127c3c2b8c1da0f71759f5af12672a876707e7e9ac8b76e8f554fa3,syntactic,1,ok,0,2623.604226857424,0,"[""/usr/bin/python3"", ""/home/arjaiswal/Polygeist/scripts/correctness/kernel_match_rewrite.py"", ""/tmp/llama_forward_ops_mlir/attention_mask_select_debuf.mlir"", ""--dry-run"", ""--matcher-mode"", ""syntactic"", ""--telemetry-json"", ""/home/arjaiswal/Polygeist/issues/equality_saturation_eval/campaign_20260908/llama_forward-attention_mask_select-syntactic-mlxtoe76.json"", ""--disable-semantic-fallback""]","== match report for /tmp/llama_forward_ops_mlir/attention_mask_select_debuf.mlir ==
  match          body#[0]  cudaMaskSelect_f32_tensor
  total: 1 matched / 1 bodies
",0,[],0,0,0,0,/tmp/llama_forward_ops_mlir/attention_mask_select_debuf.mlir,2217,0,1,1,1394.138928502798,0,66104,0.28920918703079224,0,2,0,0,"[{""body_indices"": [0], ""symbol"": ""cudaMaskSelect_f32_tensor""}]",1,0,54,0.0,54
llama_forward,attention_mask_select,/tmp/llama_forward_ops_mlir/attention_mask_select_debuf.mlir,c98016f0a127c3c2b8c1da0f71759f5af12672a876707e7e9ac8b76e8f554fa3,syntactic,2,ok,0,1643.5804925858974,0,"[""/usr/bin/python3"", ""/home/arjaiswal/Polygeist/scripts/correctness/kernel_match_rewrite.py"", ""/tmp/llama_forward_ops_mlir/attention_mask_select_debuf.mlir"", ""--dry-run"", ""--matcher-mode"", ""syntactic"", ""--telemetry-json"", ""/home/arjaiswal/Polygeist/issues/equality_saturation_eval/campaign_20260908/llama_forward-attention_mask_select-syntactic-rsw6q585.json"", ""--disable-semantic-fallback""]","== match report for /tmp/llama_forward_ops_mlir/attention_mask_select_debuf.mlir ==
  match          body#[0]  cudaMaskSelect_f32_tensor
  total: 1 matched / 1 bodies
",0,[],0,0,0,0,/tmp/llama_forward_ops_mlir/attention_mask_select_debuf.mlir,2217,0,1,1,1047.8326603770256,0,66392,0.2529360353946686,0,2,0,0,"[{""body_indices"": [0], ""symbol"": ""cudaMaskSelect_f32_tensor""}]",1,0,54,0.0,54
llama_forward,attention_mask_select,/tmp/llama_forward_ops_mlir/attention_mask_select_debuf.mlir,c98016f0a127c3c2b8c1da0f71759f5af12672a876707e7e9ac8b76e8f554fa3,egglog,2,ok,0,1901.4828950166702,0,"[""/usr/bin/python3"", ""/home/arjaiswal/Polygeist/scripts/correctness/kernel_match_rewrite.py"", ""/tmp/llama_forward_ops_mlir/attention_mask_select_debuf.mlir"", ""--dry-run"", ""--matcher-mode"", ""egglog"", ""--telemetry-json"", ""/home/arjaiswal/Polygeist/issues/equality_saturation_eval/campaign_20260908/llama_forward-attention_mask_select-egglog-rpoulami.json"", ""--disable-semantic-fallback""]","== match report for /tmp/llama_forward_ops_mlir/attention_mask_select_debuf.mlir ==
  match          body#[0]  cudaMaskSelect_f32_tensor
  total: 1 matched / 1 bodies
",0,[],0,0,0,0,/tmp/llama_forward_ops_mlir/attention_mask_select_debuf.mlir,2217,8,1,1,1331.8633325397968,0,70288,62.159471213817596,2,2,0,12,"[{""body_indices"": [0], ""symbol"": ""cudaMaskSelect_f32_tensor""}]",1,0,0,0.0,54
llama_forward,attention_mask_select,/tmp/llama_forward_ops_mlir/attention_mask_select_debuf.mlir,c98016f0a127c3c2b8c1da0f71759f5af12672a876707e7e9ac8b76e8f554fa3,egglog,3,ok,0,2740.4228411614895,0,"[""/usr/bin/python3"", ""/home/arjaiswal/Polygeist/scripts/correctness/kernel_match_rewrite.py"", ""/tmp/llama_forward_ops_mlir/attention_mask_select_debuf.mlir"", ""--dry-run"", ""--matcher-mode"", ""egglog"", ""--telemetry-json"", ""/home/arjaiswal/Polygeist/issues/equality_saturation_eval/campaign_20260908/llama_forward-attention_mask_select-egglog-msxbplz6.json"", ""--disable-semantic-fallback""]","== match report for /tmp/llama_forward_ops_mlir/attention_mask_select_debuf.mlir ==
  match          body#[0]  cudaMaskSelect_f32_tensor
  total: 1 matched / 1 bodies
",0,[],0,0,0,0,/tmp/llama_forward_ops_mlir/attention_mask_select_debuf.mlir,2217,8,1,1,1554.8817701637745,0,70536,51.87208577990532,2,2,0,12,"[{""body_indices"": [0], ""symbol"": ""cudaMaskSelect_f32_tensor""}]",1,0,0,0.0,54
llama_forward,attention_mask_select,/tmp/llama_forward_ops_mlir/attention_mask_select_debuf.mlir,c98016f0a127c3c2b8c1da0f71759f5af12672a876707e7e9ac8b76e8f554fa3,syntactic,3,ok,0,1279.8502705991268,0,"[""/usr/bin/python3"", ""/home/arjaiswal/Polygeist/scripts/correctness/kernel_match_rewrite.py"", ""/tmp/llama_forward_ops_mlir/attention_mask_select_debuf.mlir"", ""--dry-run"", ""--matcher-mode"", ""syntactic"", ""--telemetry-json"", ""/home/arjaiswal/Polygeist/issues/equality_saturation_eval/campaign_20260908/llama_forward-attention_mask_select-syntactic-znh69yis.json"", ""--disable-semantic-fallback""]","== match report for /tmp/llama_forward_ops_mlir/attention_mask_select_debuf.mlir ==
  match          body#[0]  cudaMaskSelect_f32_tensor
  total: 1 matched / 1 bodies
",0,[],0,0,0,0,/tmp/llama_forward_ops_mlir/attention_mask_select_debuf.mlir,2217,0,1,1,676.2447357177734,0,66356,0.27191266417503357,0,2,0,0,"[{""body_indices"": [0], ""symbol"": ""cudaMaskSelect_f32_tensor""}]",1,0,54,0.0,54
llama_forward,attention_mask_select,/tmp/llama_forward_ops_mlir/attention_mask_select_debuf.mlir,c98016f0a127c3c2b8c1da0f71759f5af12672a876707e7e9ac8b76e8f554fa3,syntactic,4,ok,0,1435.5362877249718,0,"[""/usr/bin/python3"", ""/home/arjaiswal/Polygeist/scripts/correctness/kernel_match_rewrite.py"", ""/tmp/llama_forward_ops_mlir/attention_mask_select_debuf.mlir"", ""--dry-run"", ""--matcher-mode"", ""syntactic"", ""--telemetry-json"", ""/home/arjaiswal/Polygeist/issues/equality_saturation_eval/campaign_20260908/llama_forward-attention_mask_select-syntactic-v71iuwzs.json"", ""--disable-semantic-fallback""]","== match report for /tmp/llama_forward_ops_mlir/attention_mask_select_debuf.mlir ==
  match          body#[0]  cudaMaskSelect_f32_tensor
  total: 1 matched / 1 bodies
",0,[],0,0,0,0,/tmp/llama_forward_ops_mlir/attention_mask_select_debuf.mlir,2217,0,1,1,740.5286803841591,0,66096,0.24671107530593872,0,2,0,0,"[{""body_indices"": [0], ""symbol"": ""cudaMaskSelect_f32_tensor""}]",1,0,54,0.0,54
llama_forward,attention_mask_select,/tmp/llama_forward_ops_mlir/attention_mask_select_debuf.mlir,c98016f0a127c3c2b8c1da0f71759f5af12672a876707e7e9ac8b76e8f554fa3,egglog,4,ok,0,2331.22568577528,0,"[""/usr/bin/python3"", ""/home/arjaiswal/Polygeist/scripts/correctness/kernel_match_rewrite.py"", ""/tmp/llama_forward_ops_mlir/attention_mask_select_debuf.mlir"", ""--dry-run"", ""--matcher-mode"", ""egglog"", ""--telemetry-json"", ""/home/arjaiswal/Polygeist/issues/equality_saturation_eval/campaign_20260908/llama_forward-attention_mask_select-egglog-2eg8newy.json"", ""--disable-semantic-fallback""]","== match report for /tmp/llama_forward_ops_mlir/attention_mask_select_debuf.mlir ==
  match          body#[0]  cudaMaskSelect_f32_tensor
  total: 1 matched / 1 bodies
",0,[],0,0,0,0,/tmp/llama_forward_ops_mlir/attention_mask_select_debuf.mlir,2217,8,1,1,1458.7369002401829,0,70176,42.01780632138252,2,2,0,12,"[{""body_indices"": [0], ""symbol"": ""cudaMaskSelect_f32_tensor""}]",1,0,0,0.0,54
llama_forward,attention_mask_select,/tmp/llama_forward_ops_mlir/attention_mask_select_debuf.mlir,c98016f0a127c3c2b8c1da0f71759f5af12672a876707e7e9ac8b76e8f554fa3,egglog,5,ok,0,2502.4107322096825,0,"[""/usr/bin/python3"", ""/home/arjaiswal/Polygeist/scripts/correctness/kernel_match_rewrite.py"", ""/tmp/llama_forward_ops_mlir/attention_mask_select_debuf.mlir"", ""--dry-run"", ""--matcher-mode"", ""egglog"", ""--telemetry-json"", ""/home/arjaiswal/Polygeist/issues/equality_saturation_eval/campaign_20260908/llama_forward-attention_mask_select-egglog-ztvszwi3.json"", ""--disable-semantic-fallback""]","== match report for /tmp/llama_forward_ops_mlir/attention_mask_select_debuf.mlir ==
  match          body#[0]  cudaMaskSelect_f32_tensor
  total: 1 matched / 1 bodies
",0,[],0,0,0,0,/tmp/llama_forward_ops_mlir/attention_mask_select_debuf.mlir,2217,8,1,1,1506.6134482622147,0,70176,48.80266636610031,2,2,0,12,"[{""body_indices"": [0], ""symbol"": ""cudaMaskSelect_f32_tensor""}]",1,0,0,0.0,54
llama_forward,attention_mask_select,/tmp/llama_forward_ops_mlir/attention_mask_select_debuf.mlir,c98016f0a127c3c2b8c1da0f71759f5af12672a876707e7e9ac8b76e8f554fa3,syntactic,5,ok,0,2207.5785286724567,0,"[""/usr/bin/python3"", ""/home/arjaiswal/Polygeist/scripts/correctness/kernel_match_rewrite.py"", ""/tmp/llama_forward_ops_mlir/attention_mask_select_debuf.mlir"", ""--dry-run"", ""--matcher-mode"", ""syntactic"", ""--telemetry-json"", ""/home/arjaiswal/Polygeist/issues/equality_saturation_eval/campaign_20260908/llama_forward-attention_mask_select-syntactic-mailorck.json"", ""--disable-semantic-fallback""]","== match report for /tmp/llama_forward_ops_mlir/attention_mask_select_debuf.mlir ==
  match          body#[0]  cudaMaskSelect_f32_tensor
  total: 1 matched / 1 bodies
",0,[],0,0,0,0,/tmp/llama_forward_ops_mlir/attention_mask_select_debuf.mlir,2217,0,1,1,1273.4043188393116,0,66268,0.2989247441291809,0,2,0,0,"[{""body_indices"": [0], ""symbol"": ""cudaMaskSelect_f32_tensor""}]",1,0,54,0.0,54
llama_forward,attention_output,/tmp/llama_forward_ops_mlir/attention_output_debuf.mlir,b1cb49cf0e7c3e3ac2114e3e1c9335f1a1ceb2bfbfe2db091b5b6be544a7aa5f,syntactic,1,ok,0,906.8755656480789,0,"[""/usr/bin/python3"", ""/home/arjaiswal/Polygeist/scripts/correctness/kernel_match_rewrite.py"", ""/tmp/llama_forward_ops_mlir/attention_output_debuf.mlir"", ""--dry-run"", ""--matcher-mode"", ""syntactic"", ""--telemetry-json"", ""/home/arjaiswal/Polygeist/issues/equality_saturation_eval/campaign_20260908/llama_forward-attention_output-syntactic-cgoqvuqg.json"", ""--disable-semantic-fallback""]","== match report for /tmp/llama_forward_ops_mlir/attention_output_debuf.mlir ==
  match          body#[0, 1]  cublasSgemv_T
  total: 1 matched / 1 bodies
",0,[],0,0,0,0,/tmp/llama_forward_ops_mlir/attention_output_debuf.mlir,2336,0,2,2,338.539469987154,0,64644,0.06660819053649902,0,14,0,0,"[{""body_indices"": [0, 1], ""symbol"": ""cublasSgemv_T""}]",1,0,16,0.0,16
llama_forward,attention_output,/tmp/llama_forward_ops_mlir/attention_output_debuf.mlir,b1cb49cf0e7c3e3ac2114e3e1c9335f1a1ceb2bfbfe2db091b5b6be544a7aa5f,egglog,1,ok,0,995.1400198042393,0,"[""/usr/bin/python3"", ""/home/arjaiswal/Polygeist/scripts/correctness/kernel_match_rewrite.py"", ""/tmp/llama_forward_ops_mlir/attention_output_debuf.mlir"", ""--dry-run"", ""--matcher-mode"", ""egglog"", ""--telemetry-json"", ""/home/arjaiswal/Polygeist/issues/equality_saturation_eval/campaign_20260908/llama_forward-attention_output-egglog-6uajrnb5.json"", ""--disable-semantic-fallback""]","== match report for /tmp/llama_forward_ops_mlir/attention_output_debuf.mlir ==
  match          body#[0, 1]  cublasSgemv_T
  total: 1 matched / 1 bodies
",0,[],0,0,0,0,/tmp/llama_forward_ops_mlir/attention_output_debuf.mlir,2336,8,2,2,516.9796384871006,0,69688,155.49597516655922,14,14,0,8,"[{""body_indices"": [0, 1], ""symbol"": ""cublasSgemv_T""}]",1,0,0,0.0,16
llama_forward,attention_output,/tmp/llama_forward_ops_mlir/attention_output_debuf.mlir,b1cb49cf0e7c3e3ac2114e3e1c9335f1a1ceb2bfbfe2db091b5b6be544a7aa5f,egglog,2,ok,0,1048.2469163835049,0,"[""/usr/bin/python3"", ""/home/arjaiswal/Polygeist/scripts/correctness/kernel_match_rewrite.py"", ""/tmp/llama_forward_ops_mlir/attention_output_debuf.mlir"", ""--dry-run"", ""--matcher-mode"", ""egglog"", ""--telemetry-json"", ""/home/arjaiswal/Polygeist/issues/equality_saturation_eval/campaign_20260908/llama_forward-attention_output-egglog-ov0e61n0.json"", ""--disable-semantic-fallback""]","== match report for /tmp/llama_forward_ops_mlir/attention_output_debuf.mlir ==
  match          body#[0, 1]  cublasSgemv_T
  total: 1 matched / 1 bodies
",0,[],0,0,0,0,/tmp/llama_forward_ops_mlir/attention_output_debuf.mlir,2336,8,2,2,504.79598343372345,0,69784,153.7560559809208,14,14,0,8,"[{""body_indices"": [0, 1], ""symbol"": ""cublasSgemv_T""}]",1,0,0,0.0,16
llama_forward,attention_output,/tmp/llama_forward_ops_mlir/attention_output_debuf.mlir,b1cb49cf0e7c3e3ac2114e3e1c9335f1a1ceb2bfbfe2db091b5b6be544a7aa5f,syntactic,2,ok,0,1663.3809991180897,0,"[""/usr/bin/python3"", ""/home/arjaiswal/Polygeist/scripts/correctness/kernel_match_rewrite.py"", ""/tmp/llama_forward_ops_mlir/attention_output_debuf.mlir"", ""--dry-run"", ""--matcher-mode"", ""syntactic"", ""--telemetry-json"", ""/home/arjaiswal/Polygeist/issues/equality_saturation_eval/campaign_20260908/llama_forward-attention_output-syntactic-s2ed_wo3.json"", ""--disable-semantic-fallback""]","== match report for /tmp/llama_forward_ops_mlir/attention_output_debuf.mlir ==
  match          body#[0, 1]  cublasSgemv_T
  total: 1 matched / 1 bodies
",0,[],0,0,0,0,/tmp/llama_forward_ops_mlir/attention_output_debuf.mlir,2336,0,2,2,680.5330887436867,0,64900,0.07164478302001953,0,14,0,0,"[{""body_indices"": [0, 1], ""symbol"": ""cublasSgemv_T""}]",1,0,16,0.0,16
llama_forward,attention_output,/tmp/llama_forward_ops_mlir/attention_output_debuf.mlir,b1cb49cf0e7c3e3ac2114e3e1c9335f1a1ceb2bfbfe2db091b5b6be544a7aa5f,syntactic,3,ok,0,1086.406972259283,0,"[""/usr/bin/python3"", ""/home/arjaiswal/Polygeist/scripts/correctness/kernel_match_rewrite.py"", ""/tmp/llama_forward_ops_mlir/attention_output_debuf.mlir"", ""--dry-run"", ""--matcher-mode"", ""syntactic"", ""--telemetry-json"", ""/home/arjaiswal/Polygeist/issues/equality_saturation_eval/campaign_20260908/llama_forward-attention_output-syntactic-1mpf52us.json"", ""--disable-semantic-fallback""]","== match report for /tmp/llama_forward_ops_mlir/attention_output_debuf.mlir ==
  match          body#[0, 1]  cublasSgemv_T
  total: 1 matched / 1 bodies
",0,[],0,0,0,0,/tmp/llama_forward_ops_mlir/attention_output_debuf.mlir,2336,0,2,2,373.2466474175453,0,64864,0.06397441029548645,0,14,0,0,"[{""body_indices"": [0, 1], ""symbol"": ""cublasSgemv_T""}]",1,0,16,0.0,16
llama_forward,attention_output,/tmp/llama_forward_ops_mlir/attention_output_debuf.mlir,b1cb49cf0e7c3e3ac2114e3e1c9335f1a1ceb2bfbfe2db091b5b6be544a7aa5f,egglog,3,ok,0,1212.7766199409962,0,"[""/usr/bin/python3"", ""/home/arjaiswal/Polygeist/scripts/correctness/kernel_match_rewrite.py"", ""/tmp/llama_forward_ops_mlir/attention_output_debuf.mlir"", ""--dry-run"", ""--matcher-mode"", ""egglog"", ""--telemetry-json"", ""/home/arjaiswal/Polygeist/issues/equality_saturation_eval/campaign_20260908/llama_forward-attention_output-egglog-cu3h2h3o.json"", ""--disable-semantic-fallback""]","== match report for /tmp/llama_forward_ops_mlir/attention_output_debuf.mlir ==
  match          body#[0, 1]  cublasSgemv_T
  total: 1 matched / 1 bodies
",0,[],0,0,0,0,/tmp/llama_forward_ops_mlir/attention_output_debuf.mlir,2336,8,2,2,674.6560446918011,0,69724,209.71408486366272,14,14,0,8,"[{""body_indices"": [0, 1], ""symbol"": ""cublasSgemv_T""}]",1,0,0,0.0,16
llama_forward,attention_output,/tmp/llama_forward_ops_mlir/attention_output_debuf.mlir,b1cb49cf0e7c3e3ac2114e3e1c9335f1a1ceb2bfbfe2db091b5b6be544a7aa5f,egglog,4,ok,0,1921.531081199646,0,"[""/usr/bin/python3"", ""/home/arjaiswal/Polygeist/scripts/correctness/kernel_match_rewrite.py"", ""/tmp/llama_forward_ops_mlir/attention_output_debuf.mlir"", ""--dry-run"", ""--matcher-mode"", ""egglog"", ""--telemetry-json"", ""/home/arjaiswal/Polygeist/issues/equality_saturation_eval/campaign_20260908/llama_forward-attention_output-egglog-mq29ksay.json"", ""--disable-semantic-fallback""]","== match report for /tmp/llama_forward_ops_mlir/attention_output_debuf.mlir ==
  match          body#[0, 1]  cublasSgemv_T
  total: 1 matched / 1 bodies
",0,[],0,0,0,0,/tmp/llama_forward_ops_mlir/attention_output_debuf.mlir,2336,8,2,2,1016.5220573544502,0,69904,343.65151822566986,14,14,0,8,"[{""body_indices"": [0, 1], ""symbol"": ""cublasSgemv_T""}]",1,0,0,0.0,16
llama_forward,attention_output,/tmp/llama_forward_ops_mlir/attention_output_debuf.mlir,b1cb49cf0e7c3e3ac2114e3e1c9335f1a1ceb2bfbfe2db091b5b6be544a7aa5f,syntactic,4,ok,0,1023.4142988920212,0,"[""/usr/bin/python3"", ""/home/arjaiswal/Polygeist/scripts/correctness/kernel_match_rewrite.py"", ""/tmp/llama_forward_ops_mlir/attention_output_debuf.mlir"", ""--dry-run"", ""--matcher-mode"", ""syntactic"", ""--telemetry-json"", ""/home/arjaiswal/Polygeist/issues/equality_saturation_eval/campaign_20260908/llama_forward-attention_output-syntactic-vio48ruz.json"", ""--disable-semantic-fallback""]","== match report for /tmp/llama_forward_ops_mlir/attention_output_debuf.mlir ==
  match          body#[0, 1]  cublasSgemv_T
  total: 1 matched / 1 bodies
",0,[],0,0,0,0,/tmp/llama_forward_ops_mlir/attention_output_debuf.mlir,2336,0,2,2,498.5217750072479,0,64600,0.07569417357444763,0,14,0,0,"[{""body_indices"": [0, 1], ""symbol"": ""cublasSgemv_T""}]",1,0,16,0.0,16
llama_forward,attention_output,/tmp/llama_forward_ops_mlir/attention_output_debuf.mlir,b1cb49cf0e7c3e3ac2114e3e1c9335f1a1ceb2bfbfe2db091b5b6be544a7aa5f,syntactic,5,ok,0,1522.5940346717834,0,"[""/usr/bin/python3"", ""/home/arjaiswal/Polygeist/scripts/correctness/kernel_match_rewrite.py"", ""/tmp/llama_forward_ops_mlir/attention_output_debuf.mlir"", ""--dry-run"", ""--matcher-mode"", ""syntactic"", ""--telemetry-json"", ""/home/arjaiswal/Polygeist/issues/equality_saturation_eval/campaign_20260908/llama_forward-attention_output-syntactic-otwbbkok.json"", ""--disable-semantic-fallback""]","== match report for /tmp/llama_forward_ops_mlir/attention_output_debuf.mlir ==
  match          body#[0, 1]  cublasSgemv_T
  total: 1 matched / 1 bodies
",0,[],0,0,0,0,/tmp/llama_forward_ops_mlir/attention_output_debuf.mlir,2336,0,2,2,553.5255856812,0,65676,0.06264075636863708,0,14,0,0,"[{""body_indices"": [0, 1], ""symbol"": ""cublasSgemv_T""}]",1,0,16,0.0,16
llama_forward,attention_output,/tmp/llama_forward_ops_mlir/attention_output_debuf.mlir,b1cb49cf0e7c3e3ac2114e3e1c9335f1a1ceb2bfbfe2db091b5b6be544a7aa5f,egglog,5,ok,0,1388.5241970419884,0,"[""/usr/bin/python3"", ""/home/arjaiswal/Polygeist/scripts/correctness/kernel_match_rewrite.py"", ""/tmp/llama_forward_ops_mlir/attention_output_debuf.mlir"", ""--dry-run"", ""--matcher-mode"", ""egglog"", ""--telemetry-json"", ""/home/arjaiswal/Polygeist/issues/equality_saturation_eval/campaign_20260908/llama_forward-attention_output-egglog-8mba50o3.json"", ""--disable-semantic-fallback""]","== match report for /tmp/llama_forward_ops_mlir/attention_output_debuf.mlir ==
  match          body#[0, 1]  cublasSgemv_T
  total: 1 matched / 1 bodies
",0,[],0,0,0,0,/tmp/llama_forward_ops_mlir/attention_output_debuf.mlir,2336,8,2,2,496.6822899878025,0,69772,145.9495574235916,14,14,0,8,"[{""body_indices"": [0, 1], ""symbol"": ""cublasSgemv_T""}]",1,0,0,0.0,16
llama_forward,attention_rmsnorm,/tmp/llama_forward_ops_mlir/attention_rmsnorm_debuf.mlir,4f17328b99bb9b67570d3539cdb42fef317d92be2b97b8234c7093c6a4652e11,egglog,1,ok,0,1733.277801424265,0,"[""/usr/bin/python3"", ""/home/arjaiswal/Polygeist/scripts/correctness/kernel_match_rewrite.py"", ""/tmp/llama_forward_ops_mlir/attention_rmsnorm_debuf.mlir"", ""--dry-run"", ""--matcher-mode"", ""egglog"", ""--telemetry-json"", ""/home/arjaiswal/Polygeist/issues/equality_saturation_eval/campaign_20260908/llama_forward-attention_rmsnorm-egglog-3g7fedy7.json"", ""--disable-semantic-fallback""]","== match report for /tmp/llama_forward_ops_mlir/attention_rmsnorm_debuf.mlir ==
  match          body#[0, 1]  rmsnorm_f32_tensor
  total: 1 matched / 1 bodies
",0,[],0,0,0,0,/tmp/llama_forward_ops_mlir/attention_rmsnorm_debuf.mlir,2790,8,2,2,868.0136054754257,0,69408,156.87956288456917,4,4,0,42,"[{""body_indices"": [0, 1], ""symbol"": ""rmsnorm_f32_tensor""}]",1,0,0,0.0,4
llama_forward,attention_rmsnorm,/tmp/llama_forward_ops_mlir/attention_rmsnorm_debuf.mlir,4f17328b99bb9b67570d3539cdb42fef317d92be2b97b8234c7093c6a4652e11,syntactic,1,ok,0,1302.88964509964,0,"[""/usr/bin/python3"", ""/home/arjaiswal/Polygeist/scripts/correctness/kernel_match_rewrite.py"", ""/tmp/llama_forward_ops_mlir/attention_rmsnorm_debuf.mlir"", ""--dry-run"", ""--matcher-mode"", ""syntactic"", ""--telemetry-json"", ""/home/arjaiswal/Polygeist/issues/equality_saturation_eval/campaign_20260908/llama_forward-attention_rmsnorm-syntactic-x0di66fo.json"", ""--disable-semantic-fallback""]","== match report for /tmp/llama_forward_ops_mlir/attention_rmsnorm_debuf.mlir ==
  match          body#[0, 1]  rmsnorm_f32_tensor
  total: 1 matched / 1 bodies
",0,[],0,0,0,0,/tmp/llama_forward_ops_mlir/attention_rmsnorm_debuf.mlir,2790,0,2,2,353.82021963596344,0,64784,0.04982948303222656,0,4,0,0,"[{""body_indices"": [0, 1], ""symbol"": ""rmsnorm_f32_tensor""}]",1,0,4,0.0,4
llama_forward,attention_rmsnorm,/tmp/llama_forward_ops_mlir/attention_rmsnorm_debuf.mlir,4f17328b99bb9b67570d3539cdb42fef317d92be2b97b8234c7093c6a4652e11,syntactic,2,ok,0,1029.922865331173,0,"[""/usr/bin/python3"", ""/home/arjaiswal/Polygeist/scripts/correctness/kernel_match_rewrite.py"", ""/tmp/llama_forward_ops_mlir/attention_rmsnorm_debuf.mlir"", ""--dry-run"", ""--matcher-mode"", ""syntactic"", ""--telemetry-json"", ""/home/arjaiswal/Polygeist/issues/equality_saturation_eval/campaign_20260908/llama_forward-attention_rmsnorm-syntactic-al8uq7gb.json"", ""--disable-semantic-fallback""]","== match report for /tmp/llama_forward_ops_mlir/attention_rmsnorm_debuf.mlir ==
  match          body#[0, 1]  rmsnorm_f32_tensor
  total: 1 matched / 1 bodies
",0,[],0,0,0,0,/tmp/llama_forward_ops_mlir/attention_rmsnorm_debuf.mlir,2790,0,2,2,371.51483073830605,0,64876,0.04651769995689392,0,4,0,0,"[{""body_indices"": [0, 1], ""symbol"": ""rmsnorm_f32_tensor""}]",1,0,4,0.0,4
llama_forward,attention_rmsnorm,/tmp/llama_forward_ops_mlir/attention_rmsnorm_debuf.mlir,4f17328b99bb9b67570d3539cdb42fef317d92be2b97b8234c7093c6a4652e11,egglog,2,ok,0,1915.0219410657883,0,"[""/usr/bin/python3"", ""/home/arjaiswal/Polygeist/scripts/correctness/kernel_match_rewrite.py"", ""/tmp/llama_forward_ops_mlir/attention_rmsnorm_debuf.mlir"", ""--dry-run"", ""--matcher-mode"", ""egglog"", ""--telemetry-json"", ""/home/arjaiswal/Polygeist/issues/equality_saturation_eval/campaign_20260908/llama_forward-attention_rmsnorm-egglog-rtc14wmp.json"", ""--disable-semantic-fallback""]","== match report for /tmp/llama_forward_ops_mlir/attention_rmsnorm_debuf.mlir ==
  match          body#[0, 1]  rmsnorm_f32_tensor
  total: 1 matched / 1 bodies
",0,[],0,0,0,0,/tmp/llama_forward_ops_mlir/attention_rmsnorm_debuf.mlir,2790,8,2,2,783.5552543401718,0,69176,110.69009825587273,4,4,0,42,"[{""body_indices"": [0, 1], ""symbol"": ""rmsnorm_f32_tensor""}]",1,0,0,0.0,4
llama_forward,attention_rmsnorm,/tmp/llama_forward_ops_mlir/attention_rmsnorm_debuf.mlir,4f17328b99bb9b67570d3539cdb42fef317d92be2b97b8234c7093c6a4652e11,egglog,3,ok,0,1605.261616408825,0,"[""/usr/bin/python3"", ""/home/arjaiswal/Polygeist/scripts/correctness/kernel_match_rewrite.py"", ""/tmp/llama_forward_ops_mlir/attention_rmsnorm_debuf.mlir"", ""--dry-run"", ""--matcher-mode"", ""egglog"", ""--telemetry-json"", ""/home/arjaiswal/Polygeist/issues/equality_saturation_eval/campaign_20260908/llama_forward-attention_rmsnorm-egglog-210yqp_q.json"", ""--disable-semantic-fallback""]","== match report for /tmp/llama_forward_ops_mlir/attention_rmsnorm_debuf.mlir ==
  match          body#[0, 1]  rmsnorm_f32_tensor
  total: 1 matched / 1 bodies
",0,[],0,0,0,0,/tmp/llama_forward_ops_mlir/attention_rmsnorm_debuf.mlir,2790,8,2,2,595.9286279976368,0,69408,56.51690438389778,4,4,0,42,"[{""body_indices"": [0, 1], ""symbol"": ""rmsnorm_f32_tensor""}]",1,0,0,0.0,4
llama_forward,attention_rmsnorm,/tmp/llama_forward_ops_mlir/attention_rmsnorm_debuf.mlir,4f17328b99bb9b67570d3539cdb42fef317d92be2b97b8234c7093c6a4652e11,syntactic,3,ok,0,1256.1315298080444,0,"[""/usr/bin/python3"", ""/home/arjaiswal/Polygeist/scripts/correctness/kernel_match_rewrite.py"", ""/tmp/llama_forward_ops_mlir/attention_rmsnorm_debuf.mlir"", ""--dry-run"", ""--matcher-mode"", ""syntactic"", ""--telemetry-json"", ""/home/arjaiswal/Polygeist/issues/equality_saturation_eval/campaign_20260908/llama_forward-attention_rmsnorm-syntactic-_9n4e9q1.json"", ""--disable-semantic-fallback""]","== match report for /tmp/llama_forward_ops_mlir/attention_rmsnorm_debuf.mlir ==
  match          body#[0, 1]  rmsnorm_f32_tensor
  total: 1 matched / 1 bodies
",0,[],0,0,0,0,/tmp/llama_forward_ops_mlir/attention_rmsnorm_debuf.mlir,2790,0,2,2,366.53511598706245,0,64852,0.04882737994194031,0,4,0,0,"[{""body_indices"": [0, 1], ""symbol"": ""rmsnorm_f32_tensor""}]",1,0,4,0.0,4
llama_forward,attention_rmsnorm,/tmp/llama_forward_ops_mlir/attention_rmsnorm_debuf.mlir,4f17328b99bb9b67570d3539cdb42fef317d92be2b97b8234c7093c6a4652e11,syntactic,4,ok,0,849.7747741639614,0,"[""/usr/bin/python3"", ""/home/arjaiswal/Polygeist/scripts/correctness/kernel_match_rewrite.py"", ""/tmp/llama_forward_ops_mlir/attention_rmsnorm_debuf.mlir"", ""--dry-run"", ""--matcher-mode"", ""syntactic"", ""--telemetry-json"", ""/home/arjaiswal/Polygeist/issues/equality_saturation_eval/campaign_20260908/llama_forward-attention_rmsnorm-syntactic-nssteqsa.json"", ""--disable-semantic-fallback""]","== match report for /tmp/llama_forward_ops_mlir/attention_rmsnorm_debuf.mlir ==
  match          body#[0, 1]  rmsnorm_f32_tensor
  total: 1 matched / 1 bodies
",0,[],0,0,0,0,/tmp/llama_forward_ops_mlir/attention_rmsnorm_debuf.mlir,2790,0,2,2,346.76913544535637,0,64536,0.055577605962753296,0,4,0,0,"[{""body_indices"": [0, 1], ""symbol"": ""rmsnorm_f32_tensor""}]",1,0,4,0.0,4
llama_forward,attention_rmsnorm,/tmp/llama_forward_ops_mlir/attention_rmsnorm_debuf.mlir,4f17328b99bb9b67570d3539cdb42fef317d92be2b97b8234c7093c6a4652e11,egglog,4,ok,0,1523.5775858163834,0,"[""/usr/bin/python3"", ""/home/arjaiswal/Polygeist/scripts/correctness/kernel_match_rewrite.py"", ""/tmp/llama_forward_ops_mlir/attention_rmsnorm_debuf.mlir"", ""--dry-run"", ""--matcher-mode"", ""egglog"", ""--telemetry-json"", ""/home/arjaiswal/Polygeist/issues/equality_saturation_eval/campaign_20260908/llama_forward-attention_rmsnorm-egglog-_5yab841.json"", ""--disable-semantic-fallback""]","== match report for /tmp/llama_forward_ops_mlir/attention_rmsnorm_debuf.mlir ==
  match          body#[0, 1]  rmsnorm_f32_tensor
  total: 1 matched / 1 bodies
",0,[],0,0,0,0,/tmp/llama_forward_ops_mlir/attention_rmsnorm_debuf.mlir,2790,8,2,2,627.7102418243885,0,69476,83.89432728290558,4,4,0,42,"[{""body_indices"": [0, 1], ""symbol"": ""rmsnorm_f32_tensor""}]",1,0,0,0.0,4
llama_forward,attention_rmsnorm,/tmp/llama_forward_ops_mlir/attention_rmsnorm_debuf.mlir,4f17328b99bb9b67570d3539cdb42fef317d92be2b97b8234c7093c6a4652e11,egglog,5,ok,0,1120.3473135828972,0,"[""/usr/bin/python3"", ""/home/arjaiswal/Polygeist/scripts/correctness/kernel_match_rewrite.py"", ""/tmp/llama_forward_ops_mlir/attention_rmsnorm_debuf.mlir"", ""--dry-run"", ""--matcher-mode"", ""egglog"", ""--telemetry-json"", ""/home/arjaiswal/Polygeist/issues/equality_saturation_eval/campaign_20260908/llama_forward-attention_rmsnorm-egglog-t21hgt4o.json"", ""--disable-semantic-fallback""]","== match report for /tmp/llama_forward_ops_mlir/attention_rmsnorm_debuf.mlir ==
  match          body#[0, 1]  rmsnorm_f32_tensor
  total: 1 matched / 1 bodies
",0,[],0,0,0,0,/tmp/llama_forward_ops_mlir/attention_rmsnorm_debuf.mlir,2790,8,2,2,463.8439044356346,0,69352,90.62754362821579,4,4,0,42,"[{""body_indices"": [0, 1], ""symbol"": ""rmsnorm_f32_tensor""}]",1,0,0,0.0,4
llama_forward,attention_rmsnorm,/tmp/llama_forward_ops_mlir/attention_rmsnorm_debuf.mlir,4f17328b99bb9b67570d3539cdb42fef317d92be2b97b8234c7093c6a4652e11,syntactic,5,ok,0,899.7261673212051,0,"[""/usr/bin/python3"", ""/home/arjaiswal/Polygeist/scripts/correctness/kernel_match_rewrite.py"", ""/tmp/llama_forward_ops_mlir/attention_rmsnorm_debuf.mlir"", ""--dry-run"", ""--matcher-mode"", ""syntactic"", ""--telemetry-json"", ""/home/arjaiswal/Polygeist/issues/equality_saturation_eval/campaign_20260908/llama_forward-attention_rmsnorm-syntactic-2i8w_um3.json"", ""--disable-semantic-fallback""]","== match report for /tmp/llama_forward_ops_mlir/attention_rmsnorm_debuf.mlir ==
  match          body#[0, 1]  rmsnorm_f32_tensor
  total: 1 matched / 1 bodies
",0,[],0,0,0,0,/tmp/llama_forward_ops_mlir/attention_rmsnorm_debuf.mlir,2790,0,2,2,348.56632724404335,0,64444,0.048566609621047974,0,4,0,0,"[{""body_indices"": [0, 1], ""symbol"": ""rmsnorm_f32_tensor""}]",1,0,4,0.0,4
llama_forward,attention_scores,/tmp/llama_forward_ops_mlir/attention_scores_debuf.mlir,0d9ce85d084c9ef9729c88dc96b7cd013fe7a1705da80f80292292241f51270d,syntactic,1,ok,0,850.5683206021786,0,"[""/usr/bin/python3"", ""/home/arjaiswal/Polygeist/scripts/correctness/kernel_match_rewrite.py"", ""/tmp/llama_forward_ops_mlir/attention_scores_debuf.mlir"", ""--dry-run"", ""--matcher-mode"", ""syntactic"", ""--telemetry-json"", ""/home/arjaiswal/Polygeist/issues/equality_saturation_eval/campaign_20260908/llama_forward-attention_scores-syntactic-5d0efj8m.json"", ""--disable-semantic-fallback""]","== match report for /tmp/llama_forward_ops_mlir/attention_scores_debuf.mlir ==
  match          body#[0, 1]  cublasSgemv
  total: 1 matched / 1 bodies
",0,[],0,0,0,0,/tmp/llama_forward_ops_mlir/attention_scores_debuf.mlir,2336,0,2,2,307.9470880329609,0,64648,0.06540492177009583,0,14,0,0,"[{""body_indices"": [0, 1], ""symbol"": ""cublasSgemv""}]",1,0,16,0.0,16
llama_forward,attention_scores,/tmp/llama_forward_ops_mlir/attention_scores_debuf.mlir,0d9ce85d084c9ef9729c88dc96b7cd013fe7a1705da80f80292292241f51270d,egglog,1,ok,0,1064.2024390399456,0,"[""/usr/bin/python3"", ""/home/arjaiswal/Polygeist/scripts/correctness/kernel_match_rewrite.py"", ""/tmp/llama_forward_ops_mlir/attention_scores_debuf.mlir"", ""--dry-run"", ""--matcher-mode"", ""egglog"", ""--telemetry-json"", ""/home/arjaiswal/Polygeist/issues/equality_saturation_eval/campaign_20260908/llama_forward-attention_scores-egglog-_skauabc.json"", ""--disable-semantic-fallback""]","== match report for /tmp/llama_forward_ops_mlir/attention_scores_debuf.mlir ==
  match          body#[0, 1]  cublasSgemv
  total: 1 matched / 1 bodies
",0,[],0,0,0,0,/tmp/llama_forward_ops_mlir/attention_scores_debuf.mlir,2336,8,2,2,542.6520258188248,0,69920,192.51500442624092,14,14,0,8,"[{""body_indices"": [0, 1], ""symbol"": ""cublasSgemv""}]",1,0,0,0.0,16
llama_forward,attention_scores,/tmp/llama_forward_ops_mlir/attention_scores_debuf.mlir,0d9ce85d084c9ef9729c88dc96b7cd013fe7a1705da80f80292292241f51270d,egglog,2,ok,0,995.0584247708321,0,"[""/usr/bin/python3"", ""/home/arjaiswal/Polygeist/scripts/correctness/kernel_match_rewrite.py"", ""/tmp/llama_forward_ops_mlir/attention_scores_debuf.mlir"", ""--dry-run"", ""--matcher-mode"", ""egglog"", ""--telemetry-json"", ""/home/arjaiswal/Polygeist/issues/equality_saturation_eval/campaign_20260908/llama_forward-attention_scores-egglog-gy0xrj9e.json"", ""--disable-semantic-fallback""]","== match report for /tmp/llama_forward_ops_mlir/attention_scores_debuf.mlir ==
  match          body#[0, 1]  cublasSgemv
  total: 1 matched / 1 bodies
",0,[],0,0,0,0,/tmp/llama_forward_ops_mlir/attention_scores_debuf.mlir,2336,8,2,2,513.2667236030102,0,69896,171.0464432835579,14,14,0,8,"[{""body_indices"": [0, 1], ""symbol"": ""cublasSgemv""}]",1,0,0,0.0,16
llama_forward,attention_scores,/tmp/llama_forward_ops_mlir/attention_scores_debuf.mlir,0d9ce85d084c9ef9729c88dc96b7cd013fe7a1705da80f80292292241f51270d,syntactic,2,ok,0,1076.6145214438438,0,"[""/usr/bin/python3"", ""/home/arjaiswal/Polygeist/scripts/correctness/kernel_match_rewrite.py"", ""/tmp/llama_forward_ops_mlir/attention_scores_debuf.mlir"", ""--dry-run"", ""--matcher-mode"", ""syntactic"", ""--telemetry-json"", ""/home/arjaiswal/Polygeist/issues/equality_saturation_eval/campaign_20260908/llama_forward-attention_scores-syntactic-q81cfizp.json"", ""--disable-semantic-fallback""]","== match report for /tmp/llama_forward_ops_mlir/attention_scores_debuf.mlir ==
  match          body#[0, 1]  cublasSgemv
  total: 1 matched / 1 bodies
",0,[],0,0,0,0,/tmp/llama_forward_ops_mlir/attention_scores_debuf.mlir,2336,0,2,2,442.15982407331467,0,64960,0.0670403242111206,0,14,0,0,"[{""body_indices"": [0, 1], ""symbol"": ""cublasSgemv""}]",1,0,16,0.0,16
llama_forward,attention_scores,/tmp/llama_forward_ops_mlir/attention_scores_debuf.mlir,0d9ce85d084c9ef9729c88dc96b7cd013fe7a1705da80f80292292241f51270d,syntactic,3,ok,0,1252.8226897120476,0,"[""/usr/bin/python3"", ""/home/arjaiswal/Polygeist/scripts/correctness/kernel_match_rewrite.py"", ""/tmp/llama_forward_ops_mlir/attention_scores_debuf.mlir"", ""--dry-run"", ""--matcher-mode"", ""syntactic"", ""--telemetry-json"", ""/home/arjaiswal/Polygeist/issues/equality_saturation_eval/campaign_20260908/llama_forward-attention_scores-syntactic-vhm92b5l.json"", ""--disable-semantic-fallback""]","== match report for /tmp/llama_forward_ops_mlir/attention_scores_debuf.mlir ==
  match          body#[0, 1]  cublasSgemv
  total: 1 matched / 1 bodies
",0,[],0,0,0,0,/tmp/llama_forward_ops_mlir/attention_scores_debuf.mlir,2336,0,2,2,315.33896550536156,0,65644,0.06971880793571472,0,14,0,0,"[{""body_indices"": [0, 1], ""symbol"": ""cublasSgemv""}]",1,0,16,0.0,16
llama_forward,attention_scores,/tmp/llama_forward_ops_mlir/attention_scores_debuf.mlir,0d9ce85d084c9ef9729c88dc96b7cd013fe7a1705da80f80292292241f51270d,egglog,3,ok,0,1206.0572430491447,0,"[""/usr/bin/python3"", ""/home/arjaiswal/Polygeist/scripts/correctness/kernel_match_rewrite.py"", ""/tmp/llama_forward_ops_mlir/attention_scores_debuf.mlir"", ""--dry-run"", ""--matcher-mode"", ""egglog"", ""--telemetry-json"", ""/home/arjaiswal/Polygeist/issues/equality_saturation_eval/campaign_20260908/llama_forward-attention_scores-egglog-q_wsk_18.json"", ""--disable-semantic-fallback""]","== match report for /tmp/llama_forward_ops_mlir/attention_scores_debuf.mlir ==
  match          body#[0, 1]  cublasSgemv
  total: 1 matched / 1 bodies
",0,[],0,0,0,0,/tmp/llama_forward_ops_mlir/attention_scores_debuf.mlir,2336,8,2,2,696.7108175158501,0,69696,291.79735109210014,14,14,0,8,"[{""body_indices"": [0, 1], ""symbol"": ""cublasSgemv""}]",1,0,0,0.0,16
llama_forward,attention_scores,/tmp/llama_forward_ops_mlir/attention_scores_debuf.mlir,0d9ce85d084c9ef9729c88dc96b7cd013fe7a1705da80f80292292241f51270d,egglog,4,ok,0,1003.7556663155556,0,"[""/usr/bin/python3"", ""/home/arjaiswal/Polygeist/scripts/correctness/kernel_match_rewrite.py"", ""/tmp/llama_forward_ops_mlir/attention_scores_debuf.mlir"", ""--dry-run"", ""--matcher-mode"", ""egglog"", ""--telemetry-json"", ""/home/arjaiswal/Polygeist/issues/equality_saturation_eval/campaign_20260908/llama_forward-attention_scores-egglog-25_1pu65.json"", ""--disable-semantic-fallback""]","== match report for /tmp/llama_forward_ops_mlir/attention_scores_debuf.mlir ==
  match          body#[0, 1]  cublasSgemv
  total: 1 matched / 1 bodies
",0,[],0,0,0,0,/tmp/llama_forward_ops_mlir/attention_scores_debuf.mlir,2336,8,2,2,508.1060081720352,0,69808,166.910320520401,14,14,0,8,"[{""body_indices"": [0, 1], ""symbol"": ""cublasSgemv""}]",1,0,0,0.0,16
llama_forward,attention_scores,/tmp/llama_forward_ops_mlir/attention_scores_debuf.mlir,0d9ce85d084c9ef9729c88dc96b7cd013fe7a1705da80f80292292241f51270d,syntactic,4,ok,0,1790.376964956522,0,"[""/usr/bin/python3"", ""/home/arjaiswal/Polygeist/scripts/correctness/kernel_match_rewrite.py"", ""/tmp/llama_forward_ops_mlir/attention_scores_debuf.mlir"", ""--dry-run"", ""--matcher-mode"", ""syntactic"", ""--telemetry-json"", ""/home/arjaiswal/Polygeist/issues/equality_saturation_eval/campaign_20260908/llama_forward-attention_scores-syntactic-5g4vkx2q.json"", ""--disable-semantic-fallback""]","== match report for /tmp/llama_forward_ops_mlir/attention_scores_debuf.mlir ==
  match          body#[0, 1]  cublasSgemv
  total: 1 matched / 1 bodies
",0,[],0,0,0,0,/tmp/llama_forward_ops_mlir/attention_scores_debuf.mlir,2336,0,2,2,756.2655508518219,0,65564,0.08727237582206726,0,14,0,0,"[{""body_indices"": [0, 1], ""symbol"": ""cublasSgemv""}]",1,0,16,0.0,16
llama_forward,attention_scores,/tmp/llama_forward_ops_mlir/attention_scores_debuf.mlir,0d9ce85d084c9ef9729c88dc96b7cd013fe7a1705da80f80292292241f51270d,syntactic,5,ok,0,1695.2123492956161,0,"[""/usr/bin/python3"", ""/home/arjaiswal/Polygeist/scripts/correctness/kernel_match_rewrite.py"", ""/tmp/llama_forward_ops_mlir/attention_scores_debuf.mlir"", ""--dry-run"", ""--matcher-mode"", ""syntactic"", ""--telemetry-json"", ""/home/arjaiswal/Polygeist/issues/equality_saturation_eval/campaign_20260908/llama_forward-attention_scores-syntactic-syqaaaou.json"", ""--disable-semantic-fallback""]","== match report for /tmp/llama_forward_ops_mlir/attention_scores_debuf.mlir ==
  match          body#[0, 1]  cublasSgemv
  total: 1 matched / 1 bodies
",0,[],0,0,0,0,/tmp/llama_forward_ops_mlir/attention_scores_debuf.mlir,2336,0,2,2,625.5966499447823,0,65552,0.11990964412689209,0,14,0,0,"[{""body_indices"": [0, 1], ""symbol"": ""cublasSgemv""}]",1,0,16,0.0,16
llama_forward,attention_scores,/tmp/llama_forward_ops_mlir/attention_scores_debuf.mlir,0d9ce85d084c9ef9729c88dc96b7cd013fe7a1705da80f80292292241f51270d,egglog,5,ok,0,2013.883300125599,0,"[""/usr/bin/python3"", ""/home/arjaiswal/Polygeist/scripts/correctness/kernel_match_rewrite.py"", ""/tmp/llama_forward_ops_mlir/attention_scores_debuf.mlir"", ""--dry-run"", ""--matcher-mode"", ""egglog"", ""--telemetry-json"", ""/home/arjaiswal/Polygeist/issues/equality_saturation_eval/campaign_20260908/llama_forward-attention_scores-egglog-71abusda.json"", ""--disable-semantic-fallback""]","== match report for /tmp/llama_forward_ops_mlir/attention_scores_debuf.mlir ==
  match          body#[0, 1]  cublasSgemv
  total: 1 matched / 1 bodies
",0,[],0,0,0,0,/tmp/llama_forward_ops_mlir/attention_scores_debuf.mlir,2336,8,2,2,1185.9665215015411,0,69756,360.99862679839134,14,14,0,8,"[{""body_indices"": [0, 1], ""symbol"": ""cublasSgemv""}]",1,0,0,0.0,16
llama_forward,attention_softmax,/tmp/llama_forward_ops_mlir/attention_softmax_debuf.mlir,b1092a180e3d6bb89144f2d549650e64d125f48155b16b415fe9fa8d5b6b6d45,egglog,1,ok,0,2204.236026853323,0,"[""/usr/bin/python3"", ""/home/arjaiswal/Polygeist/scripts/correctness/kernel_match_rewrite.py"", ""/tmp/llama_forward_ops_mlir/attention_softmax_debuf.mlir"", ""--dry-run"", ""--matcher-mode"", ""egglog"", ""--telemetry-json"", ""/home/arjaiswal/Polygeist/issues/equality_saturation_eval/campaign_20260908/llama_forward-attention_softmax-egglog-9ke41600.json"", ""--disable-semantic-fallback""]","== match report for /tmp/llama_forward_ops_mlir/attention_softmax_debuf.mlir ==
  softmax_slice_reject body#0  cudnnSoftmaxForwardOut_tensor
  total: 0 matched / 1 bodies
",0,[],0,0,0,0,/tmp/llama_forward_ops_mlir/attention_softmax_debuf.mlir,3332,8,3,0,1335.1530991494656,0,70088,461.9504548609257,16,16,0,8,[],0,0,0,0.0,18
llama_forward,attention_softmax,/tmp/llama_forward_ops_mlir/attention_softmax_debuf.mlir,b1092a180e3d6bb89144f2d549650e64d125f48155b16b415fe9fa8d5b6b6d45,syntactic,1,ok,0,1322.986662387848,0,"[""/usr/bin/python3"", ""/home/arjaiswal/Polygeist/scripts/correctness/kernel_match_rewrite.py"", ""/tmp/llama_forward_ops_mlir/attention_softmax_debuf.mlir"", ""--dry-run"", ""--matcher-mode"", ""syntactic"", ""--telemetry-json"", ""/home/arjaiswal/Polygeist/issues/equality_saturation_eval/campaign_20260908/llama_forward-attention_softmax-syntactic-bygteirx.json"", ""--disable-semantic-fallback""]","== match report for /tmp/llama_forward_ops_mlir/attention_softmax_debuf.mlir ==
  softmax_slice_reject body#0  cudnnSoftmaxForwardOut_tensor
  total: 0 matched / 1 bodies
",0,[],0,0,0,0,/tmp/llama_forward_ops_mlir/attention_softmax_debuf.mlir,3332,0,3,0,598.5812097787857,0,65964,0.28678029775619507,0,16,0,0,[],0,0,18,0.0,18
llama_forward,attention_softmax,/tmp/llama_forward_ops_mlir/attention_softmax_debuf.mlir,b1092a180e3d6bb89144f2d549650e64d125f48155b16b415fe9fa8d5b6b6d45,syntactic,2,ok,0,1709.3141935765743,0,"[""/usr/bin/python3"", ""/home/arjaiswal/Polygeist/scripts/correctness/kernel_match_rewrite.py"", ""/tmp/llama_forward_ops_mlir/attention_softmax_debuf.mlir"", ""--dry-run"", ""--matcher-mode"", ""syntactic"", ""--telemetry-json"", ""/home/arjaiswal/Polygeist/issues/equality_saturation_eval/campaign_20260908/llama_forward-attention_softmax-syntactic-s4hw1tfr.json"", ""--disable-semantic-fallback""]","== match report for /tmp/llama_forward_ops_mlir/attention_softmax_debuf.mlir ==
  softmax_slice_reject body#0  cudnnSoftmaxForwardOut_tensor
  total: 0 matched / 1 bodies
",0,[],0,0,0,0,/tmp/llama_forward_ops_mlir/attention_softmax_debuf.mlir,3332,0,3,0,537.9709303379059,0,66032,0.29976293444633484,0,16,0,0,[],0,0,18,0.0,18
llama_forward,attention_softmax,/tmp/llama_forward_ops_mlir/attention_softmax_debuf.mlir,b1092a180e3d6bb89144f2d549650e64d125f48155b16b415fe9fa8d5b6b6d45,egglog,2,ok,0,2282.899171113968,0,"[""/usr/bin/python3"", ""/home/arjaiswal/Polygeist/scripts/correctness/kernel_match_rewrite.py"", ""/tmp/llama_forward_ops_mlir/attention_softmax_debuf.mlir"", ""--dry-run"", ""--matcher-mode"", ""egglog"", ""--telemetry-json"", ""/home/arjaiswal/Polygeist/issues/equality_saturation_eval/campaign_20260908/llama_forward-attention_softmax-egglog-jy5o2im2.json"", ""--disable-semantic-fallback""]","== match report for /tmp/llama_forward_ops_mlir/attention_softmax_debuf.mlir ==
  softmax_slice_reject body#0  cudnnSoftmaxForwardOut_tensor
  total: 0 matched / 1 bodies
",0,[],0,0,0,0,/tmp/llama_forward_ops_mlir/attention_softmax_debuf.mlir,3332,8,3,0,1123.7418726086617,0,69904,287.821251899004,16,16,0,8,[],0,0,0,0.0,18
llama_forward,attention_softmax,/tmp/llama_forward_ops_mlir/attention_softmax_debuf.mlir,b1092a180e3d6bb89144f2d549650e64d125f48155b16b415fe9fa8d5b6b6d45,egglog,3,ok,0,1988.0915768444538,0,"[""/usr/bin/python3"", ""/home/arjaiswal/Polygeist/scripts/correctness/kernel_match_rewrite.py"", ""/tmp/llama_forward_ops_mlir/attention_softmax_debuf.mlir"", ""--dry-run"", ""--matcher-mode"", ""egglog"", ""--telemetry-json"", ""/home/arjaiswal/Polygeist/issues/equality_saturation_eval/campaign_20260908/llama_forward-attention_softmax-egglog-8k5t358v.json"", ""--disable-semantic-fallback""]","== match report for /tmp/llama_forward_ops_mlir/attention_softmax_debuf.mlir ==
  softmax_slice_reject body#0  cudnnSoftmaxForwardOut_tensor
  total: 0 matched / 1 bodies
",0,[],0,0,0,0,/tmp/llama_forward_ops_mlir/attention_softmax_debuf.mlir,3332,8,3,0,1010.3765055537224,0,69996,274.4585983455181,16,16,0,8,[],0,0,0,0.0,18
llama_forward,attention_softmax,/tmp/llama_forward_ops_mlir/attention_softmax_debuf.mlir,b1092a180e3d6bb89144f2d549650e64d125f48155b16b415fe9fa8d5b6b6d45,syntactic,3,ok,0,1766.3219347596169,0,"[""/usr/bin/python3"", ""/home/arjaiswal/Polygeist/scripts/correctness/kernel_match_rewrite.py"", ""/tmp/llama_forward_ops_mlir/attention_softmax_debuf.mlir"", ""--dry-run"", ""--matcher-mode"", ""syntactic"", ""--telemetry-json"", ""/home/arjaiswal/Polygeist/issues/equality_saturation_eval/campaign_20260908/llama_forward-attention_softmax-syntactic-_8lewpq3.json"", ""--disable-semantic-fallback""]","== match report for /tmp/llama_forward_ops_mlir/attention_softmax_debuf.mlir ==
  softmax_slice_reject body#0  cudnnSoftmaxForwardOut_tensor
  total: 0 matched / 1 bodies
",0,[],0,0,0,0,/tmp/llama_forward_ops_mlir/attention_softmax_debuf.mlir,3332,0,3,0,957.5277343392372,0,65928,0.21012499928474426,0,16,0,0,[],0,0,18,0.0,18
llama_forward,attention_softmax,/tmp/llama_forward_ops_mlir/attention_softmax_debuf.mlir,b1092a180e3d6bb89144f2d549650e64d125f48155b16b415fe9fa8d5b6b6d45,syntactic,4,ok,0,1520.5316357314587,0,"[""/usr/bin/python3"", ""/home/arjaiswal/Polygeist/scripts/correctness/kernel_match_rewrite.py"", ""/tmp/llama_forward_ops_mlir/attention_softmax_debuf.mlir"", ""--dry-run"", ""--matcher-mode"", ""syntactic"", ""--telemetry-json"", ""/home/arjaiswal/Polygeist/issues/equality_saturation_eval/campaign_20260908/llama_forward-attention_softmax-syntactic-x9w_vhv0.json"", ""--disable-semantic-fallback""]","== match report for /tmp/llama_forward_ops_mlir/attention_softmax_debuf.mlir ==
  softmax_slice_reject body#0  cudnnSoftmaxForwardOut_tensor
  total: 0 matched / 1 bodies
",0,[],0,0,0,0,/tmp/llama_forward_ops_mlir/attention_softmax_debuf.mlir,3332,0,3,0,586.1806310713291,0,65940,0.23360177874565125,0,16,0,0,[],0,0,18,0.0,18
llama_forward,attention_softmax,/tmp/llama_forward_ops_mlir/attention_softmax_debuf.mlir,b1092a180e3d6bb89144f2d549650e64d125f48155b16b415fe9fa8d5b6b6d45,egglog,4,ok,0,2086.9557596743107,0,"[""/usr/bin/python3"", ""/home/arjaiswal/Polygeist/scripts/correctness/kernel_match_rewrite.py"", ""/tmp/llama_forward_ops_mlir/attention_softmax_debuf.mlir"", ""--dry-run"", ""--matcher-mode"", ""egglog"", ""--telemetry-json"", ""/home/arjaiswal/Polygeist/issues/equality_saturation_eval/campaign_20260908/llama_forward-attention_softmax-egglog-kdzjk5q7.json"", ""--disable-semantic-fallback""]","== match report for /tmp/llama_forward_ops_mlir/attention_softmax_debuf.mlir ==
  softmax_slice_reject body#0  cudnnSoftmaxForwardOut_tensor
  total: 0 matched / 1 bodies
",0,[],0,0,0,0,/tmp/llama_forward_ops_mlir/attention_softmax_debuf.mlir,3332,8,3,0,1041.678685694933,0,70100,346.07312828302383,16,16,0,8,[],0,0,0,0.0,18
llama_forward,attention_softmax,/tmp/llama_forward_ops_mlir/attention_softmax_debuf.mlir,b1092a180e3d6bb89144f2d549650e64d125f48155b16b415fe9fa8d5b6b6d45,egglog,5,ok,0,2748.292788863182,0,"[""/usr/bin/python3"", ""/home/arjaiswal/Polygeist/scripts/correctness/kernel_match_rewrite.py"", ""/tmp/llama_forward_ops_mlir/attention_softmax_debuf.mlir"", ""--dry-run"", ""--matcher-mode"", ""egglog"", ""--telemetry-json"", ""/home/arjaiswal/Polygeist/issues/equality_saturation_eval/campaign_20260908/llama_forward-attention_softmax-egglog-wf_i4deg.json"", ""--disable-semantic-fallback""]","== match report for /tmp/llama_forward_ops_mlir/attention_softmax_debuf.mlir ==
  softmax_slice_reject body#0  cudnnSoftmaxForwardOut_tensor
  total: 0 matched / 1 bodies
",0,[],0,0,0,0,/tmp/llama_forward_ops_mlir/attention_softmax_debuf.mlir,3332,8,3,0,1557.9017587006092,0,70036,518.5236297547817,16,16,0,8,[],0,0,0,0.0,18
llama_forward,attention_softmax,/tmp/llama_forward_ops_mlir/attention_softmax_debuf.mlir,b1092a180e3d6bb89144f2d549650e64d125f48155b16b415fe9fa8d5b6b6d45,syntactic,5,ok,0,1973.3287990093231,0,"[""/usr/bin/python3"", ""/home/arjaiswal/Polygeist/scripts/correctness/kernel_match_rewrite.py"", ""/tmp/llama_forward_ops_mlir/attention_softmax_debuf.mlir"", ""--dry-run"", ""--matcher-mode"", ""syntactic"", ""--telemetry-json"", ""/home/arjaiswal/Polygeist/issues/equality_saturation_eval/campaign_20260908/llama_forward-attention_softmax-syntactic-fuknxyry.json"", ""--disable-semantic-fallback""]","== match report for /tmp/llama_forward_ops_mlir/attention_softmax_debuf.mlir ==
  softmax_slice_reject body#0  cudnnSoftmaxForwardOut_tensor
  total: 0 matched / 1 bodies
",0,[],0,0,0,0,/tmp/llama_forward_ops_mlir/attention_softmax_debuf.mlir,3332,0,3,0,853.274654597044,0,66072,0.22406131029129028,0,16,0,0,[],0,0,18,0.0,18
llama_forward,down_projection,/tmp/llama_forward_ops_mlir/down_projection_debuf.mlir,c4067070cf2cea12cae73947381e59d63a10440159204b5d42c82b74163088d7,syntactic,1,ok,0,806.920800358057,0,"[""/usr/bin/python3"", ""/home/arjaiswal/Polygeist/scripts/correctness/kernel_match_rewrite.py"", ""/tmp/llama_forward_ops_mlir/down_projection_debuf.mlir"", ""--dry-run"", ""--matcher-mode"", ""syntactic"", ""--telemetry-json"", ""/home/arjaiswal/Polygeist/issues/equality_saturation_eval/campaign_20260908/llama_forward-down_projection-syntactic-fgnethzh.json"", ""--disable-semantic-fallback""]","== match report for /tmp/llama_forward_ops_mlir/down_projection_debuf.mlir ==
  match          body#[0, 1]  cublasSgemv
  total: 1 matched / 1 bodies
",0,[],0,0,0,0,/tmp/llama_forward_ops_mlir/down_projection_debuf.mlir,2338,0,2,2,311.3499954342842,0,65836,0.07060915231704712,0,14,0,0,"[{""body_indices"": [0, 1], ""symbol"": ""cublasSgemv""}]",1,0,16,0.0,16
llama_forward,down_projection,/tmp/llama_forward_ops_mlir/down_projection_debuf.mlir,c4067070cf2cea12cae73947381e59d63a10440159204b5d42c82b74163088d7,egglog,1,ok,0,1784.3245975673199,0,"[""/usr/bin/python3"", ""/home/arjaiswal/Polygeist/scripts/correctness/kernel_match_rewrite.py"", ""/tmp/llama_forward_ops_mlir/down_projection_debuf.mlir"", ""--dry-run"", ""--matcher-mode"", ""egglog"", ""--telemetry-json"", ""/home/arjaiswal/Polygeist/issues/equality_saturation_eval/campaign_20260908/llama_forward-down_projection-egglog-fzksv0lm.json"", ""--disable-semantic-fallback""]","== match report for /tmp/llama_forward_ops_mlir/down_projection_debuf.mlir ==
  match          body#[0, 1]  cublasSgemv
  total: 1 matched / 1 bodies
",0,[],0,0,0,0,/tmp/llama_forward_ops_mlir/down_projection_debuf.mlir,2338,8,2,2,1172.2928583621979,0,69952,567.0151598751545,14,14,0,8,"[{""body_indices"": [0, 1], ""symbol"": ""cublasSgemv""}]",1,0,0,0.0,16
llama_forward,down_projection,/tmp/llama_forward_ops_mlir/down_projection_debuf.mlir,c4067070cf2cea12cae73947381e59d63a10440159204b5d42c82b74163088d7,egglog,2,ok,0,2189.168568700552,0,"[""/usr/bin/python3"", ""/home/arjaiswal/Polygeist/scripts/correctness/kernel_match_rewrite.py"", ""/tmp/llama_forward_ops_mlir/down_projection_debuf.mlir"", ""--dry-run"", ""--matcher-mode"", ""egglog"", ""--telemetry-json"", ""/home/arjaiswal/Polygeist/issues/equality_saturation_eval/campaign_20260908/llama_forward-down_projection-egglog-dblwmz6l.json"", ""--disable-semantic-fallback""]","== match report for /tmp/llama_forward_ops_mlir/down_projection_debuf.mlir ==
  match          body#[0, 1]  cublasSgemv
  total: 1 matched / 1 bodies
",0,[],0,0,0,0,/tmp/llama_forward_ops_mlir/down_projection_debuf.mlir,2338,8,2,2,916.0106815397739,0,69420,307.4137009680271,14,14,0,8,"[{""body_indices"": [0, 1], ""symbol"": ""cublasSgemv""}]",1,0,0,0.0,16
llama_forward,down_projection,/tmp/llama_forward_ops_mlir/down_projection_debuf.mlir,c4067070cf2cea12cae73947381e59d63a10440159204b5d42c82b74163088d7,syntactic,2,ok,0,2491.4527237415314,0,"[""/usr/bin/python3"", ""/home/arjaiswal/Polygeist/scripts/correctness/kernel_match_rewrite.py"", ""/tmp/llama_forward_ops_mlir/down_projection_debuf.mlir"", ""--dry-run"", ""--matcher-mode"", ""syntactic"", ""--telemetry-json"", ""/home/arjaiswal/Polygeist/issues/equality_saturation_eval/campaign_20260908/llama_forward-down_projection-syntactic-1frb9dhj.json"", ""--disable-semantic-fallback""]","== match report for /tmp/llama_forward_ops_mlir/down_projection_debuf.mlir ==
  match          body#[0, 1]  cublasSgemv
  total: 1 matched / 1 bodies
",0,[],0,0,0,0,/tmp/llama_forward_ops_mlir/down_projection_debuf.mlir,2338,0,2,2,1274.054642766714,0,65728,0.10141357779502869,0,14,0,0,"[{""body_indices"": [0, 1], ""symbol"": ""cublasSgemv""}]",1,0,16,0.0,16
llama_forward,down_projection,/tmp/llama_forward_ops_mlir/down_projection_debuf.mlir,c4067070cf2cea12cae73947381e59d63a10440159204b5d42c82b74163088d7,syntactic,3,ok,0,1498.8331459462643,0,"[""/usr/bin/python3"", ""/home/arjaiswal/Polygeist/scripts/correctness/kernel_match_rewrite.py"", ""/tmp/llama_forward_ops_mlir/down_projection_debuf.mlir"", ""--dry-run"", ""--matcher-mode"", ""syntactic"", ""--telemetry-json"", ""/home/arjaiswal/Polygeist/issues/equality_saturation_eval/campaign_20260908/llama_forward-down_projection-syntactic-znxrkg89.json"", ""--disable-semantic-fallback""]","== match report for /tmp/llama_forward_ops_mlir/down_projection_debuf.mlir ==
  match          body#[0, 1]  cublasSgemv
  total: 1 matched / 1 bodies
",0,[],0,0,0,0,/tmp/llama_forward_ops_mlir/down_projection_debuf.mlir,2338,0,2,2,464.52949941158295,0,65640,0.09122863411903381,0,14,0,0,"[{""body_indices"": [0, 1], ""symbol"": ""cublasSgemv""}]",1,0,16,0.0,16
llama_forward,down_projection,/tmp/llama_forward_ops_mlir/down_projection_debuf.mlir,c4067070cf2cea12cae73947381e59d63a10440159204b5d42c82b74163088d7,egglog,3,ok,0,967.4025885760784,0,"[""/usr/bin/python3"", ""/home/arjaiswal/Polygeist/scripts/correctness/kernel_match_rewrite.py"", ""/tmp/llama_forward_ops_mlir/down_projection_debuf.mlir"", ""--dry-run"", ""--matcher-mode"", ""egglog"", ""--telemetry-json"", ""/home/arjaiswal/Polygeist/issues/equality_saturation_eval/campaign_20260908/llama_forward-down_projection-egglog-j8uv6eoi.json"", ""--disable-semantic-fallback""]","== match report for /tmp/llama_forward_ops_mlir/down_projection_debuf.mlir ==
  match          body#[0, 1]  cublasSgemv
  total: 1 matched / 1 bodies
",0,[],0,0,0,0,/tmp/llama_forward_ops_mlir/down_projection_debuf.mlir,2338,8,2,2,468.36382895708084,0,69772,153.26860919594765,14,14,0,8,"[{""body_indices"": [0, 1], ""symbol"": ""cublasSgemv""}]",1,0,0,0.0,16
llama_forward,down_projection,/tmp/llama_forward_ops_mlir/down_projection_debuf.mlir,c4067070cf2cea12cae73947381e59d63a10440159204b5d42c82b74163088d7,egglog,4,ok,0,1178.6093153059483,0,"[""/usr/bin/python3"", ""/home/arjaiswal/Polygeist/scripts/correctness/kernel_match_rewrite.py"", ""/tmp/llama_forward_ops_mlir/down_projection_debuf.mlir"", ""--dry-run"", ""--matcher-mode"", ""egglog"", ""--telemetry-json"", ""/home/arjaiswal/Polygeist/issues/equality_saturation_eval/campaign_20260908/llama_forward-down_projection-egglog-l36u8g8o.json"", ""--disable-semantic-fallback""]","== match report for /tmp/llama_forward_ops_mlir/down_projection_debuf.mlir ==
  match          body#[0, 1]  cublasSgemv
  total: 1 matched / 1 bodies
",0,[],0,0,0,0,/tmp/llama_forward_ops_mlir/down_projection_debuf.mlir,2338,8,2,2,564.8352093994617,0,69948,151.6730785369873,14,14,0,8,"[{""body_indices"": [0, 1], ""symbol"": ""cublasSgemv""}]",1,0,0,0.0,16
llama_forward,down_projection,/tmp/llama_forward_ops_mlir/down_projection_debuf.mlir,c4067070cf2cea12cae73947381e59d63a10440159204b5d42c82b74163088d7,syntactic,4,ok,0,959.5190584659576,0,"[""/usr/bin/python3"", ""/home/arjaiswal/Polygeist/scripts/correctness/kernel_match_rewrite.py"", ""/tmp/llama_forward_ops_mlir/down_projection_debuf.mlir"", ""--dry-run"", ""--matcher-mode"", ""syntactic"", ""--telemetry-json"", ""/home/arjaiswal/Polygeist/issues/equality_saturation_eval/campaign_20260908/llama_forward-down_projection-syntactic-2qvl2igf.json"", ""--disable-semantic-fallback""]","== match report for /tmp/llama_forward_ops_mlir/down_projection_debuf.mlir ==
  match          body#[0, 1]  cublasSgemv
  total: 1 matched / 1 bodies
",0,[],0,0,0,0,/tmp/llama_forward_ops_mlir/down_projection_debuf.mlir,2338,0,2,2,328.90815660357475,0,65572,0.07844343781471252,0,14,0,0,"[{""body_indices"": [0, 1], ""symbol"": ""cublasSgemv""}]",1,0,16,0.0,16
llama_forward,down_projection,/tmp/llama_forward_ops_mlir/down_projection_debuf.mlir,c4067070cf2cea12cae73947381e59d63a10440159204b5d42c82b74163088d7,syntactic,5,ok,0,1078.1529806554317,0,"[""/usr/bin/python3"", ""/home/arjaiswal/Polygeist/scripts/correctness/kernel_match_rewrite.py"", ""/tmp/llama_forward_ops_mlir/down_projection_debuf.mlir"", ""--dry-run"", ""--matcher-mode"", ""syntactic"", ""--telemetry-json"", ""/home/arjaiswal/Polygeist/issues/equality_saturation_eval/campaign_20260908/llama_forward-down_projection-syntactic-gq9w54vw.json"", ""--disable-semantic-fallback""]","== match report for /tmp/llama_forward_ops_mlir/down_projection_debuf.mlir ==
  match          body#[0, 1]  cublasSgemv
  total: 1 matched / 1 bodies
",0,[],0,0,0,0,/tmp/llama_forward_ops_mlir/down_projection_debuf.mlir,2338,0,2,2,495.2387325465679,0,64688,0.06566941738128662,0,14,0,0,"[{""body_indices"": [0, 1], ""symbol"": ""cublasSgemv""}]",1,0,16,0.0,16
llama_forward,down_projection,/tmp/llama_forward_ops_mlir/down_projection_debuf.mlir,c4067070cf2cea12cae73947381e59d63a10440159204b5d42c82b74163088d7,egglog,5,ok,0,1444.3035759031773,0,"[""/usr/bin/python3"", ""/home/arjaiswal/Polygeist/scripts/correctness/kernel_match_rewrite.py"", ""/tmp/llama_forward_ops_mlir/down_projection_debuf.mlir"", ""--dry-run"", ""--matcher-mode"", ""egglog"", ""--telemetry-json"", ""/home/arjaiswal/Polygeist/issues/equality_saturation_eval/campaign_20260908/llama_forward-down_projection-egglog-09z3qxxo.json"", ""--disable-semantic-fallback""]","== match report for /tmp/llama_forward_ops_mlir/down_projection_debuf.mlir ==
  match          body#[0, 1]  cublasSgemv
  total: 1 matched / 1 bodies
",0,[],0,0,0,0,/tmp/llama_forward_ops_mlir/down_projection_debuf.mlir,2338,8,2,2,892.8579613566399,0,69824,326.1438123881817,14,14,0,8,"[{""body_indices"": [0, 1], ""symbol"": ""cublasSgemv""}]",1,0,0,0.0,16
llama_forward,extended_forward,/tmp/llama_forward_ops_mlir/extended_forward_debuf.mlir,53a2dd09624709b4132f8f0987764e62c0141709f7e0fcdec1e77636a051e69d,egglog,1,ok,0,11974.078103899956,0,"[""/usr/bin/python3"", ""/home/arjaiswal/Polygeist/scripts/correctness/kernel_match_rewrite.py"", ""/tmp/llama_forward_ops_mlir/extended_forward_debuf.mlir"", ""--dry-run"", ""--matcher-mode"", ""egglog"", ""--telemetry-json"", ""/home/arjaiswal/Polygeist/issues/equality_saturation_eval/campaign_20260908/llama_forward-extended_forward-egglog-6n2zjmq2.json"", ""--disable-semantic-fallback""]","== match report for /tmp/llama_forward_ops_mlir/extended_forward_debuf.mlir ==
  match          body#[0]  cudaCopy1D_f32_tensor
  match          body#[1, 2]  rmsnorm_f32_tensor
  match          body#[3]  memset_zero_2D_f32
  match          body#[4]  memset_zero_2D_f32
  match          body#[5]  memset_zero_2D_f32
  match          body#[6]  memset_zero_2D_f32
  contraction_init_provenance_reject body#7  cutensornetContraction2_f64
  rank_or_dtype_reject body#9  cublasDgemm_simple
  rank_or_dtype_reject body#10  cublasDgemm_simple
  rank_or_dtype_reject body#11  cublasDgemm_simple
  match          body#[12]  cublasSgemv
  match          body#[13]  cudaRopeMulMulSub_f32_tensor
  match          body#[14]  cudaRopeMulMulAdd_f32_tensor
  match          body#[15]  cudaRopeMulMulSub_f32_tensor
  match          body#[16]  cudaRopeMulMulAdd_f32_tensor
  rank_or_dtype_reject body#17  cublasDcopy_tensor
  rank_or_dtype_reject body#18  cublasDcopy_tensor
  match          body#[19]  cudaCopy1D_f32_tensor
  match          body#[20]  cudaCopy2D_f32_tensor
  match          body#[21]  memset_zero_1D_f32
  no_match       body#22  ?
  no_match       body#23  ?
  match          body#[24]  cudaMaskSelect_f32_tensor
  softmax_slice_reject body#25  cudnnSoftmaxForwardOut_tensor
  match          body#[28, 29]  cublasSgemv_T
  match          body#[30, 31]  cublasSgemv
  match          body#[32]  cudaAdd_f32_tensor
  rmsnorm_base_reject body#33  rmsnorm_f32
  match          body#[34]  cudnnPointwiseGraph_f32
  match          body#[35]  memset_zero_1D_f32
  contraction_init_provenance_reject body#36  cutensornetContraction2_f64
  match          body#[38]  cublasSgemv
  match          body#[39]  cudaSwiGLU_f32_tensor
  match          body#[40, 41]  cublasSgemv
  match          body#[42]  cudaAdd_f32_tensor
  rmsnorm_base_reject body#43  rmsnorm_f32
  match          body#[44]  cudnnPointwiseGraph_f32
  match          body#[45, 46]  cublasSgemv
  total: 26 matched / 38 bodies
",0,[],0,0,0,0,/tmp/llama_forward_ops_mlir/extended_forward_debuf.mlir,31409,8,47,31,10436.763115227222,2,74964,5432.82750248909,304,304,0,330,"[{""body_indices"": [0], ""symbol"": ""cudaCopy1D_f32_tensor""}, {""body_indices"": [1, 2], ""symbol"": ""rmsnorm_f32_tensor""}, {""body_indices"": [3], ""symbol"": ""memset_zero_2D_f32""}, {""body_indices"": [4], ""symbol"": ""memset_zero_2D_f32""}, {""body_indices"": [5], ""symbol"": ""memset_zero_2D_f32""}, {""body_indices"": [6], ""symbol"": ""memset_zero_2D_f32""}, {""body_indices"": [12], ""symbol"": ""cublasSgemv""}, {""body_indices"": [13], ""symbol"": ""cudaRopeMulMulSub_f32_tensor""}, {""body_indices"": [14], ""symbol"": ""cudaRopeMulMulAdd_f32_tensor""}, {""body_indices"": [15], ""symbol"": ""cudaRopeMulMulSub_f32_tensor""}, {""body_indices"": [16], ""symbol"": ""cudaRopeMulMulAdd_f32_tensor""}, {""body_indices"": [19], ""symbol"": ""cudaCopy1D_f32_tensor""}, {""body_indices"": [20], ""symbol"": ""cudaCopy2D_f32_tensor""}, {""body_indices"": [21], ""symbol"": ""memset_zero_1D_f32""}, {""body_indices"": [24], ""symbol"": ""cudaMaskSelect_f32_tensor""}, {""body_indices"": [28, 29], ""symbol"": ""cublasSgemv_T""}, {""body_indices"": [30, 31], ""symbol"": ""cublasSgemv""}, {""body_indices"": [32], ""symbol"": ""cudaAdd_f32_tensor""}, {""body_indices"": [34], ""symbol"": ""cudnnPointwiseGraph_f32""}, {""body_indices"": [35], ""symbol"": ""memset_zero_1D_f32""}, {""body_indices"": [38], ""symbol"": ""cublasSgemv""}, {""body_indices"": [39], ""symbol"": ""cudaSwiGLU_f32_tensor""}, {""body_indices"": [40, 41], ""symbol"": ""cublasSgemv""}, {""body_indices"": [42], ""symbol"": ""cudaAdd_f32_tensor""}, {""body_indices"": [44], ""symbol"": ""cudnnPointwiseGraph_f32""}, {""body_indices"": [45, 46], ""symbol"": ""cublasSgemv""}]",26,0,0,0.0,748
llama_forward,extended_forward,/tmp/llama_forward_ops_mlir/extended_forward_debuf.mlir,53a2dd09624709b4132f8f0987764e62c0141709f7e0fcdec1e77636a051e69d,syntactic,1,ok,0,5874.911997467279,0,"[""/usr/bin/python3"", ""/home/arjaiswal/Polygeist/scripts/correctness/kernel_match_rewrite.py"", ""/tmp/llama_forward_ops_mlir/extended_forward_debuf.mlir"", ""--dry-run"", ""--matcher-mode"", ""syntactic"", ""--telemetry-json"", ""/home/arjaiswal/Polygeist/issues/equality_saturation_eval/campaign_20260908/llama_forward-extended_forward-syntactic-rlbziqye.json"", ""--disable-semantic-fallback""]","== match report for /tmp/llama_forward_ops_mlir/extended_forward_debuf.mlir ==
  match          body#[0]  cudaCopy1D_f32_tensor
  match          body#[1, 2]  rmsnorm_f32_tensor
  match          body#[3]  memset_zero_2D_f32
  match          body#[4]  memset_zero_2D_f32
  match          body#[5]  memset_zero_2D_f32
  match          body#[6]  memset_zero_2D_f32
  contraction_init_provenance_reject body#7  cutensornetContraction2_f64
  rank_or_dtype_reject body#9  cublasDgemm_simple
  rank_or_dtype_reject body#10  cublasDgemm_simple
  rank_or_dtype_reject body#11  cublasDgemm_simple
  match          body#[12]  cublasSgemv
  match          body#[13]  cudaRopeMulMulSub_f32_tensor
  match          body#[14]  cudaRopeMulMulAdd_f32_tensor
  match          body#[15]  cudaRopeMulMulSub_f32_tensor
  match          body#[16]  cudaRopeMulMulAdd_f32_tensor
  rank_or_dtype_reject body#17  cublasDcopy_tensor
  rank_or_dtype_reject body#18  cublasDcopy_tensor
  match          body#[19]  cudaCopy1D_f32_tensor
  match          body#[20]  cudaCopy2D_f32_tensor
  match          body#[21]  memset_zero_1D_f32
  no_match       body#22  ?
  no_match       body#23  ?
  match          body#[24]  cudaMaskSelect_f32_tensor
  softmax_slice_reject body#25  cudnnSoftmaxForwardOut_tensor
  match          body#[28, 29]  cublasSgemv_T
  match          body#[30, 31]  cublasSgemv
  match          body#[32]  cudaAdd_f32_tensor
  rmsnorm_base_reject body#33  rmsnorm_f32
  match          body#[34]  cudnnPointwiseGraph_f32
  match          body#[35]  memset_zero_1D_f32
  contraction_init_provenance_reject body#36  cutensornetContraction2_f64
  match          body#[38]  cublasSgemv
  match          body#[39]  cudaSwiGLU_f32_tensor
  match          body#[40, 41]  cublasSgemv
  match          body#[42]  cudaAdd_f32_tensor
  rmsnorm_base_reject body#43  rmsnorm_f32
  match          body#[44]  cudnnPointwiseGraph_f32
  match          body#[45, 46]  cublasSgemv
  total: 26 matched / 38 bodies
",0,[],0,0,0,0,/tmp/llama_forward_ops_mlir/extended_forward_debuf.mlir,31409,0,47,31,4632.697593420744,2,70736,3.4467317163944244,0,304,0,0,"[{""body_indices"": [0], ""symbol"": ""cudaCopy1D_f32_tensor""}, {""body_indices"": [1, 2], ""symbol"": ""rmsnorm_f32_tensor""}, {""body_indices"": [3], ""symbol"": ""memset_zero_2D_f32""}, {""body_indices"": [4], ""symbol"": ""memset_zero_2D_f32""}, {""body_indices"": [5], ""symbol"": ""memset_zero_2D_f32""}, {""body_indices"": [6], ""symbol"": ""memset_zero_2D_f32""}, {""body_indices"": [12], ""symbol"": ""cublasSgemv""}, {""body_indices"": [13], ""symbol"": ""cudaRopeMulMulSub_f32_tensor""}, {""body_indices"": [14], ""symbol"": ""cudaRopeMulMulAdd_f32_tensor""}, {""body_indices"": [15], ""symbol"": ""cudaRopeMulMulSub_f32_tensor""}, {""body_indices"": [16], ""symbol"": ""cudaRopeMulMulAdd_f32_tensor""}, {""body_indices"": [19], ""symbol"": ""cudaCopy1D_f32_tensor""}, {""body_indices"": [20], ""symbol"": ""cudaCopy2D_f32_tensor""}, {""body_indices"": [21], ""symbol"": ""memset_zero_1D_f32""}, {""body_indices"": [24], ""symbol"": ""cudaMaskSelect_f32_tensor""}, {""body_indices"": [28, 29], ""symbol"": ""cublasSgemv_T""}, {""body_indices"": [30, 31], ""symbol"": ""cublasSgemv""}, {""body_indices"": [32], ""symbol"": ""cudaAdd_f32_tensor""}, {""body_indices"": [34], ""symbol"": ""cudnnPointwiseGraph_f32""}, {""body_indices"": [35], ""symbol"": ""memset_zero_1D_f32""}, {""body_indices"": [38], ""symbol"": ""cublasSgemv""}, {""body_indices"": [39], ""symbol"": ""cudaSwiGLU_f32_tensor""}, {""body_indices"": [40, 41], ""symbol"": ""cublasSgemv""}, {""body_indices"": [42], ""symbol"": ""cudaAdd_f32_tensor""}, {""body_indices"": [44], ""symbol"": ""cudnnPointwiseGraph_f32""}, {""body_indices"": [45, 46], ""symbol"": ""cublasSgemv""}]",26,0,748,0.0,748
llama_forward,extended_forward,/tmp/llama_forward_ops_mlir/extended_forward_debuf.mlir,53a2dd09624709b4132f8f0987764e62c0141709f7e0fcdec1e77636a051e69d,syntactic,2,ok,0,7629.577815532684,0,"[""/usr/bin/python3"", ""/home/arjaiswal/Polygeist/scripts/correctness/kernel_match_rewrite.py"", ""/tmp/llama_forward_ops_mlir/extended_forward_debuf.mlir"", ""--dry-run"", ""--matcher-mode"", ""syntactic"", ""--telemetry-json"", ""/home/arjaiswal/Polygeist/issues/equality_saturation_eval/campaign_20260908/llama_forward-extended_forward-syntactic-8i849ny5.json"", ""--disable-semantic-fallback""]","== match report for /tmp/llama_forward_ops_mlir/extended_forward_debuf.mlir ==
  match          body#[0]  cudaCopy1D_f32_tensor
  match          body#[1, 2]  rmsnorm_f32_tensor
  match          body#[3]  memset_zero_2D_f32
  match          body#[4]  memset_zero_2D_f32
  match          body#[5]  memset_zero_2D_f32
  match          body#[6]  memset_zero_2D_f32
  contraction_init_provenance_reject body#7  cutensornetContraction2_f64
  rank_or_dtype_reject body#9  cublasDgemm_simple
  rank_or_dtype_reject body#10  cublasDgemm_simple
  rank_or_dtype_reject body#11  cublasDgemm_simple
  match          body#[12]  cublasSgemv
  match          body#[13]  cudaRopeMulMulSub_f32_tensor
  match          body#[14]  cudaRopeMulMulAdd_f32_tensor
  match          body#[15]  cudaRopeMulMulSub_f32_tensor
  match          body#[16]  cudaRopeMulMulAdd_f32_tensor
  rank_or_dtype_reject body#17  cublasDcopy_tensor
  rank_or_dtype_reject body#18  cublasDcopy_tensor
  match          body#[19]  cudaCopy1D_f32_tensor
  match          body#[20]  cudaCopy2D_f32_tensor
  match          body#[21]  memset_zero_1D_f32
  no_match       body#22  ?
  no_match       body#23  ?
  match          body#[24]  cudaMaskSelect_f32_tensor
  softmax_slice_reject body#25  cudnnSoftmaxForwardOut_tensor
  match          body#[28, 29]  cublasSgemv_T
  match          body#[30, 31]  cublasSgemv
  match          body#[32]  cudaAdd_f32_tensor
  rmsnorm_base_reject body#33  rmsnorm_f32
  match          body#[34]  cudnnPointwiseGraph_f32
  match          body#[35]  memset_zero_1D_f32
  contraction_init_provenance_reject body#36  cutensornetContraction2_f64
  match          body#[38]  cublasSgemv
  match          body#[39]  cudaSwiGLU_f32_tensor
  match          body#[40, 41]  cublasSgemv
  match          body#[42]  cudaAdd_f32_tensor
  rmsnorm_base_reject body#43  rmsnorm_f32
  match          body#[44]  cudnnPointwiseGraph_f32
  match          body#[45, 46]  cublasSgemv
  total: 26 matched / 38 bodies
",0,[],0,0,0,0,/tmp/llama_forward_ops_mlir/extended_forward_debuf.mlir,31409,0,47,31,5584.536544978619,2,70716,4.046261310577393,0,304,0,0,"[{""body_indices"": [0], ""symbol"": ""cudaCopy1D_f32_tensor""}, {""body_indices"": [1, 2], ""symbol"": ""rmsnorm_f32_tensor""}, {""body_indices"": [3], ""symbol"": ""memset_zero_2D_f32""}, {""body_indices"": [4], ""symbol"": ""memset_zero_2D_f32""}, {""body_indices"": [5], ""symbol"": ""memset_zero_2D_f32""}, {""body_indices"": [6], ""symbol"": ""memset_zero_2D_f32""}, {""body_indices"": [12], ""symbol"": ""cublasSgemv""}, {""body_indices"": [13], ""symbol"": ""cudaRopeMulMulSub_f32_tensor""}, {""body_indices"": [14], ""symbol"": ""cudaRopeMulMulAdd_f32_tensor""}, {""body_indices"": [15], ""symbol"": ""cudaRopeMulMulSub_f32_tensor""}, {""body_indices"": [16], ""symbol"": ""cudaRopeMulMulAdd_f32_tensor""}, {""body_indices"": [19], ""symbol"": ""cudaCopy1D_f32_tensor""}, {""body_indices"": [20], ""symbol"": ""cudaCopy2D_f32_tensor""}, {""body_indices"": [21], ""symbol"": ""memset_zero_1D_f32""}, {""body_indices"": [24], ""symbol"": ""cudaMaskSelect_f32_tensor""}, {""body_indices"": [28, 29], ""symbol"": ""cublasSgemv_T""}, {""body_indices"": [30, 31], ""symbol"": ""cublasSgemv""}, {""body_indices"": [32], ""symbol"": ""cudaAdd_f32_tensor""}, {""body_indices"": [34], ""symbol"": ""cudnnPointwiseGraph_f32""}, {""body_indices"": [35], ""symbol"": ""memset_zero_1D_f32""}, {""body_indices"": [38], ""symbol"": ""cublasSgemv""}, {""body_indices"": [39], ""symbol"": ""cudaSwiGLU_f32_tensor""}, {""body_indices"": [40, 41], ""symbol"": ""cublasSgemv""}, {""body_indices"": [42], ""symbol"": ""cudaAdd_f32_tensor""}, {""body_indices"": [44], ""symbol"": ""cudnnPointwiseGraph_f32""}, {""body_indices"": [45, 46], ""symbol"": ""cublasSgemv""}]",26,0,748,0.0,748
llama_forward,extended_forward,/tmp/llama_forward_ops_mlir/extended_forward_debuf.mlir,53a2dd09624709b4132f8f0987764e62c0141709f7e0fcdec1e77636a051e69d,egglog,2,ok,0,15272.828627377748,0,"[""/usr/bin/python3"", ""/home/arjaiswal/Polygeist/scripts/correctness/kernel_match_rewrite.py"", ""/tmp/llama_forward_ops_mlir/extended_forward_debuf.mlir"", ""--dry-run"", ""--matcher-mode"", ""egglog"", ""--telemetry-json"", ""/home/arjaiswal/Polygeist/issues/equality_saturation_eval/campaign_20260908/llama_forward-extended_forward-egglog-qcqis18k.json"", ""--disable-semantic-fallback""]","== match report for /tmp/llama_forward_ops_mlir/extended_forward_debuf.mlir ==
  match          body#[0]  cudaCopy1D_f32_tensor
  match          body#[1, 2]  rmsnorm_f32_tensor
  match          body#[3]  memset_zero_2D_f32
  match          body#[4]  memset_zero_2D_f32
  match          body#[5]  memset_zero_2D_f32
  match          body#[6]  memset_zero_2D_f32
  contraction_init_provenance_reject body#7  cutensornetContraction2_f64
  rank_or_dtype_reject body#9  cublasDgemm_simple
  rank_or_dtype_reject body#10  cublasDgemm_simple
  rank_or_dtype_reject body#11  cublasDgemm_simple
  match          body#[12]  cublasSgemv
  match          body#[13]  cudaRopeMulMulSub_f32_tensor
  match          body#[14]  cudaRopeMulMulAdd_f32_tensor
  match          body#[15]  cudaRopeMulMulSub_f32_tensor
  match          body#[16]  cudaRopeMulMulAdd_f32_tensor
  rank_or_dtype_reject body#17  cublasDcopy_tensor
  rank_or_dtype_reject body#18  cublasDcopy_tensor
  match          body#[19]  cudaCopy1D_f32_tensor
  match          body#[20]  cudaCopy2D_f32_tensor
  match          body#[21]  memset_zero_1D_f32
  no_match       body#22  ?
  no_match       body#23  ?
  match          body#[24]  cudaMaskSelect_f32_tensor
  softmax_slice_reject body#25  cudnnSoftmaxForwardOut_tensor
  match          body#[28, 29]  cublasSgemv_T
  match          body#[30, 31]  cublasSgemv
  match          body#[32]  cudaAdd_f32_tensor
  rmsnorm_base_reject body#33  rmsnorm_f32
  match          body#[34]  cudnnPointwiseGraph_f32
  match          body#[35]  memset_zero_1D_f32
  contraction_init_provenance_reject body#36  cutensornetContraction2_f64
  match          body#[38]  cublasSgemv
  match          body#[39]  cudaSwiGLU_f32_tensor
  match          body#[40, 41]  cublasSgemv
  match          body#[42]  cudaAdd_f32_tensor
  rmsnorm_base_reject body#43  rmsnorm_f32
  match          body#[44]  cudnnPointwiseGraph_f32
  match          body#[45, 46]  cublasSgemv
  total: 26 matched / 38 bodies
",0,[],0,0,0,0,/tmp/llama_forward_ops_mlir/extended_forward_debuf.mlir,31409,8,47,31,13889.778308570385,2,75132,6522.526852786541,304,304,0,330,"[{""body_indices"": [0], ""symbol"": ""cudaCopy1D_f32_tensor""}, {""body_indices"": [1, 2], ""symbol"": ""rmsnorm_f32_tensor""}, {""body_indices"": [3], ""symbol"": ""memset_zero_2D_f32""}, {""body_indices"": [4], ""symbol"": ""memset_zero_2D_f32""}, {""body_indices"": [5], ""symbol"": ""memset_zero_2D_f32""}, {""body_indices"": [6], ""symbol"": ""memset_zero_2D_f32""}, {""body_indices"": [12], ""symbol"": ""cublasSgemv""}, {""body_indices"": [13], ""symbol"": ""cudaRopeMulMulSub_f32_tensor""}, {""body_indices"": [14], ""symbol"": ""cudaRopeMulMulAdd_f32_tensor""}, {""body_indices"": [15], ""symbol"": ""cudaRopeMulMulSub_f32_tensor""}, {""body_indices"": [16], ""symbol"": ""cudaRopeMulMulAdd_f32_tensor""}, {""body_indices"": [19], ""symbol"": ""cudaCopy1D_f32_tensor""}, {""body_indices"": [20], ""symbol"": ""cudaCopy2D_f32_tensor""}, {""body_indices"": [21], ""symbol"": ""memset_zero_1D_f32""}, {""body_indices"": [24], ""symbol"": ""cudaMaskSelect_f32_tensor""}, {""body_indices"": [28, 29], ""symbol"": ""cublasSgemv_T""}, {""body_indices"": [30, 31], ""symbol"": ""cublasSgemv""}, {""body_indices"": [32], ""symbol"": ""cudaAdd_f32_tensor""}, {""body_indices"": [34], ""symbol"": ""cudnnPointwiseGraph_f32""}, {""body_indices"": [35], ""symbol"": ""memset_zero_1D_f32""}, {""body_indices"": [38], ""symbol"": ""cublasSgemv""}, {""body_indices"": [39], ""symbol"": ""cudaSwiGLU_f32_tensor""}, {""body_indices"": [40, 41], ""symbol"": ""cublasSgemv""}, {""body_indices"": [42], ""symbol"": ""cudaAdd_f32_tensor""}, {""body_indices"": [44], ""symbol"": ""cudnnPointwiseGraph_f32""}, {""body_indices"": [45, 46], ""symbol"": ""cublasSgemv""}]",26,0,0,0.0,748
llama_forward,extended_forward,/tmp/llama_forward_ops_mlir/extended_forward_debuf.mlir,53a2dd09624709b4132f8f0987764e62c0141709f7e0fcdec1e77636a051e69d,egglog,3,ok,0,12745.442923158407,0,"[""/usr/bin/python3"", ""/home/arjaiswal/Polygeist/scripts/correctness/kernel_match_rewrite.py"", ""/tmp/llama_forward_ops_mlir/extended_forward_debuf.mlir"", ""--dry-run"", ""--matcher-mode"", ""egglog"", ""--telemetry-json"", ""/home/arjaiswal/Polygeist/issues/equality_saturation_eval/campaign_20260908/llama_forward-extended_forward-egglog-jndm_yi7.json"", ""--disable-semantic-fallback""]","== match report for /tmp/llama_forward_ops_mlir/extended_forward_debuf.mlir ==
  match          body#[0]  cudaCopy1D_f32_tensor
  match          body#[1, 2]  rmsnorm_f32_tensor
  match          body#[3]  memset_zero_2D_f32
  match          body#[4]  memset_zero_2D_f32
  match          body#[5]  memset_zero_2D_f32
  match          body#[6]  memset_zero_2D_f32
  contraction_init_provenance_reject body#7  cutensornetContraction2_f64
  rank_or_dtype_reject body#9  cublasDgemm_simple
  rank_or_dtype_reject body#10  cublasDgemm_simple
  rank_or_dtype_reject body#11  cublasDgemm_simple
  match          body#[12]  cublasSgemv
  match          body#[13]  cudaRopeMulMulSub_f32_tensor
  match          body#[14]  cudaRopeMulMulAdd_f32_tensor
  match          body#[15]  cudaRopeMulMulSub_f32_tensor
  match          body#[16]  cudaRopeMulMulAdd_f32_tensor
  rank_or_dtype_reject body#17  cublasDcopy_tensor
  rank_or_dtype_reject body#18  cublasDcopy_tensor
  match          body#[19]  cudaCopy1D_f32_tensor
  match          body#[20]  cudaCopy2D_f32_tensor
  match          body#[21]  memset_zero_1D_f32
  no_match       body#22  ?
  no_match       body#23  ?
  match          body#[24]  cudaMaskSelect_f32_tensor
  softmax_slice_reject body#25  cudnnSoftmaxForwardOut_tensor
  match          body#[28, 29]  cublasSgemv_T
  match          body#[30, 31]  cublasSgemv
  match          body#[32]  cudaAdd_f32_tensor
  rmsnorm_base_reject body#33  rmsnorm_f32
  match          body#[34]  cudnnPointwiseGraph_f32
  match          body#[35]  memset_zero_1D_f32
  contraction_init_provenance_reject body#36  cutensornetContraction2_f64
  match          body#[38]  cublasSgemv
  match          body#[39]  cudaSwiGLU_f32_tensor
  match          body#[40, 41]  cublasSgemv
  match          body#[42]  cudaAdd_f32_tensor
  rmsnorm_base_reject body#43  rmsnorm_f32
  match          body#[44]  cudnnPointwiseGraph_f32
  match          body#[45, 46]  cublasSgemv
  total: 26 matched / 38 bodies
",0,[],0,0,0,0,/tmp/llama_forward_ops_mlir/extended_forward_debuf.mlir,31409,8,47,31,11370.898898690939,2,75020,5911.87434270978,304,304,0,330,"[{""body_indices"": [0], ""symbol"": ""cudaCopy1D_f32_tensor""}, {""body_indices"": [1, 2], ""symbol"": ""rmsnorm_f32_tensor""}, {""body_indices"": [3], ""symbol"": ""memset_zero_2D_f32""}, {""body_indices"": [4], ""symbol"": ""memset_zero_2D_f32""}, {""body_indices"": [5], ""symbol"": ""memset_zero_2D_f32""}, {""body_indices"": [6], ""symbol"": ""memset_zero_2D_f32""}, {""body_indices"": [12], ""symbol"": ""cublasSgemv""}, {""body_indices"": [13], ""symbol"": ""cudaRopeMulMulSub_f32_tensor""}, {""body_indices"": [14], ""symbol"": ""cudaRopeMulMulAdd_f32_tensor""}, {""body_indices"": [15], ""symbol"": ""cudaRopeMulMulSub_f32_tensor""}, {""body_indices"": [16], ""symbol"": ""cudaRopeMulMulAdd_f32_tensor""}, {""body_indices"": [19], ""symbol"": ""cudaCopy1D_f32_tensor""}, {""body_indices"": [20], ""symbol"": ""cudaCopy2D_f32_tensor""}, {""body_indices"": [21], ""symbol"": ""memset_zero_1D_f32""}, {""body_indices"": [24], ""symbol"": ""cudaMaskSelect_f32_tensor""}, {""body_indices"": [28, 29], ""symbol"": ""cublasSgemv_T""}, {""body_indices"": [30, 31], ""symbol"": ""cublasSgemv""}, {""body_indices"": [32], ""symbol"": ""cudaAdd_f32_tensor""}, {""body_indices"": [34], ""symbol"": ""cudnnPointwiseGraph_f32""}, {""body_indices"": [35], ""symbol"": ""memset_zero_1D_f32""}, {""body_indices"": [38], ""symbol"": ""cublasSgemv""}, {""body_indices"": [39], ""symbol"": ""cudaSwiGLU_f32_tensor""}, {""body_indices"": [40, 41], ""symbol"": ""cublasSgemv""}, {""body_indices"": [42], ""symbol"": ""cudaAdd_f32_tensor""}, {""body_indices"": [44], ""symbol"": ""cudnnPointwiseGraph_f32""}, {""body_indices"": [45, 46], ""symbol"": ""cublasSgemv""}]",26,0,0,0.0,748
llama_forward,extended_forward,/tmp/llama_forward_ops_mlir/extended_forward_debuf.mlir,53a2dd09624709b4132f8f0987764e62c0141709f7e0fcdec1e77636a051e69d,syntactic,3,ok,0,8817.406594753265,0,"[""/usr/bin/python3"", ""/home/arjaiswal/Polygeist/scripts/correctness/kernel_match_rewrite.py"", ""/tmp/llama_forward_ops_mlir/extended_forward_debuf.mlir"", ""--dry-run"", ""--matcher-mode"", ""syntactic"", ""--telemetry-json"", ""/home/arjaiswal/Polygeist/issues/equality_saturation_eval/campaign_20260908/llama_forward-extended_forward-syntactic-teanuwva.json"", ""--disable-semantic-fallback""]","== match report for /tmp/llama_forward_ops_mlir/extended_forward_debuf.mlir ==
  match          body#[0]  cudaCopy1D_f32_tensor
  match          body#[1, 2]  rmsnorm_f32_tensor
  match          body#[3]  memset_zero_2D_f32
  match          body#[4]  memset_zero_2D_f32
  match          body#[5]  memset_zero_2D_f32
  match          body#[6]  memset_zero_2D_f32
  contraction_init_provenance_reject body#7  cutensornetContraction2_f64
  rank_or_dtype_reject body#9  cublasDgemm_simple
  rank_or_dtype_reject body#10  cublasDgemm_simple
  rank_or_dtype_reject body#11  cublasDgemm_simple
  match          body#[12]  cublasSgemv
  match          body#[13]  cudaRopeMulMulSub_f32_tensor
  match          body#[14]  cudaRopeMulMulAdd_f32_tensor
  match          body#[15]  cudaRopeMulMulSub_f32_tensor
  match          body#[16]  cudaRopeMulMulAdd_f32_tensor
  rank_or_dtype_reject body#17  cublasDcopy_tensor
  rank_or_dtype_reject body#18  cublasDcopy_tensor
  match          body#[19]  cudaCopy1D_f32_tensor
  match          body#[20]  cudaCopy2D_f32_tensor
  match          body#[21]  memset_zero_1D_f32
  no_match       body#22  ?
  no_match       body#23  ?
  match          body#[24]  cudaMaskSelect_f32_tensor
  softmax_slice_reject body#25  cudnnSoftmaxForwardOut_tensor
  match          body#[28, 29]  cublasSgemv_T
  match          body#[30, 31]  cublasSgemv
  match          body#[32]  cudaAdd_f32_tensor
  rmsnorm_base_reject body#33  rmsnorm_f32
  match          body#[34]  cudnnPointwiseGraph_f32
  match          body#[35]  memset_zero_1D_f32
  contraction_init_provenance_reject body#36  cutensornetContraction2_f64
  match          body#[38]  cublasSgemv
  match          body#[39]  cudaSwiGLU_f32_tensor
  match          body#[40, 41]  cublasSgemv
  match          body#[42]  cudaAdd_f32_tensor
  rmsnorm_base_reject body#43  rmsnorm_f32
  match          body#[44]  cudnnPointwiseGraph_f32
  match          body#[45, 46]  cublasSgemv
  total: 26 matched / 38 bodies
",0,[],0,0,0,0,/tmp/llama_forward_ops_mlir/extended_forward_debuf.mlir,31409,0,47,31,6708.307757973671,2,70864,3.815382719039917,0,304,0,0,"[{""body_indices"": [0], ""symbol"": ""cudaCopy1D_f32_tensor""}, {""body_indices"": [1, 2], ""symbol"": ""rmsnorm_f32_tensor""}, {""body_indices"": [3], ""symbol"": ""memset_zero_2D_f32""}, {""body_indices"": [4], ""symbol"": ""memset_zero_2D_f32""}, {""body_indices"": [5], ""symbol"": ""memset_zero_2D_f32""}, {""body_indices"": [6], ""symbol"": ""memset_zero_2D_f32""}, {""body_indices"": [12], ""symbol"": ""cublasSgemv""}, {""body_indices"": [13], ""symbol"": ""cudaRopeMulMulSub_f32_tensor""}, {""body_indices"": [14], ""symbol"": ""cudaRopeMulMulAdd_f32_tensor""}, {""body_indices"": [15], ""symbol"": ""cudaRopeMulMulSub_f32_tensor""}, {""body_indices"": [16], ""symbol"": ""cudaRopeMulMulAdd_f32_tensor""}, {""body_indices"": [19], ""symbol"": ""cudaCopy1D_f32_tensor""}, {""body_indices"": [20], ""symbol"": ""cudaCopy2D_f32_tensor""}, {""body_indices"": [21], ""symbol"": ""memset_zero_1D_f32""}, {""body_indices"": [24], ""symbol"": ""cudaMaskSelect_f32_tensor""}, {""body_indices"": [28, 29], ""symbol"": ""cublasSgemv_T""}, {""body_indices"": [30, 31], ""symbol"": ""cublasSgemv""}, {""body_indices"": [32], ""symbol"": ""cudaAdd_f32_tensor""}, {""body_indices"": [34], ""symbol"": ""cudnnPointwiseGraph_f32""}, {""body_indices"": [35], ""symbol"": ""memset_zero_1D_f32""}, {""body_indices"": [38], ""symbol"": ""cublasSgemv""}, {""body_indices"": [39], ""symbol"": ""cudaSwiGLU_f32_tensor""}, {""body_indices"": [40, 41], ""symbol"": ""cublasSgemv""}, {""body_indices"": [42], ""symbol"": ""cudaAdd_f32_tensor""}, {""body_indices"": [44], ""symbol"": ""cudnnPointwiseGraph_f32""}, {""body_indices"": [45, 46], ""symbol"": ""cublasSgemv""}]",26,0,748,0.0,748
llama_forward,extended_forward,/tmp/llama_forward_ops_mlir/extended_forward_debuf.mlir,53a2dd09624709b4132f8f0987764e62c0141709f7e0fcdec1e77636a051e69d,syntactic,4,ok,0,5456.161707639694,0,"[""/usr/bin/python3"", ""/home/arjaiswal/Polygeist/scripts/correctness/kernel_match_rewrite.py"", ""/tmp/llama_forward_ops_mlir/extended_forward_debuf.mlir"", ""--dry-run"", ""--matcher-mode"", ""syntactic"", ""--telemetry-json"", ""/home/arjaiswal/Polygeist/issues/equality_saturation_eval/campaign_20260908/llama_forward-extended_forward-syntactic-bupmbsq8.json"", ""--disable-semantic-fallback""]","== match report for /tmp/llama_forward_ops_mlir/extended_forward_debuf.mlir ==
  match          body#[0]  cudaCopy1D_f32_tensor
  match          body#[1, 2]  rmsnorm_f32_tensor
  match          body#[3]  memset_zero_2D_f32
  match          body#[4]  memset_zero_2D_f32
  match          body#[5]  memset_zero_2D_f32
  match          body#[6]  memset_zero_2D_f32
  contraction_init_provenance_reject body#7  cutensornetContraction2_f64
  rank_or_dtype_reject body#9  cublasDgemm_simple
  rank_or_dtype_reject body#10  cublasDgemm_simple
  rank_or_dtype_reject body#11  cublasDgemm_simple
  match          body#[12]  cublasSgemv
  match          body#[13]  cudaRopeMulMulSub_f32_tensor
  match          body#[14]  cudaRopeMulMulAdd_f32_tensor
  match          body#[15]  cudaRopeMulMulSub_f32_tensor
  match          body#[16]  cudaRopeMulMulAdd_f32_tensor
  rank_or_dtype_reject body#17  cublasDcopy_tensor
  rank_or_dtype_reject body#18  cublasDcopy_tensor
  match          body#[19]  cudaCopy1D_f32_tensor
  match          body#[20]  cudaCopy2D_f32_tensor
  match          body#[21]  memset_zero_1D_f32
  no_match       body#22  ?
  no_match       body#23  ?
  match          body#[24]  cudaMaskSelect_f32_tensor
  softmax_slice_reject body#25  cudnnSoftmaxForwardOut_tensor
  match          body#[28, 29]  cublasSgemv_T
  match          body#[30, 31]  cublasSgemv
  match          body#[32]  cudaAdd_f32_tensor
  rmsnorm_base_reject body#33  rmsnorm_f32
  match          body#[34]  cudnnPointwiseGraph_f32
  match          body#[35]  memset_zero_1D_f32
  contraction_init_provenance_reject body#36  cutensornetContraction2_f64
  match          body#[38]  cublasSgemv
  match          body#[39]  cudaSwiGLU_f32_tensor
  match          body#[40, 41]  cublasSgemv
  match          body#[42]  cudaAdd_f32_tensor
  rmsnorm_base_reject body#43  rmsnorm_f32
  match          body#[44]  cudnnPointwiseGraph_f32
  match          body#[45, 46]  cublasSgemv
  total: 26 matched / 38 bodies
",0,[],0,0,0,0,/tmp/llama_forward_ops_mlir/extended_forward_debuf.mlir,31409,0,47,31,3426.0249696671963,2,70848,2.9978565871715546,0,304,0,0,"[{""body_indices"": [0], ""symbol"": ""cudaCopy1D_f32_tensor""}, {""body_indices"": [1, 2], ""symbol"": ""rmsnorm_f32_tensor""}, {""body_indices"": [3], ""symbol"": ""memset_zero_2D_f32""}, {""body_indices"": [4], ""symbol"": ""memset_zero_2D_f32""}, {""body_indices"": [5], ""symbol"": ""memset_zero_2D_f32""}, {""body_indices"": [6], ""symbol"": ""memset_zero_2D_f32""}, {""body_indices"": [12], ""symbol"": ""cublasSgemv""}, {""body_indices"": [13], ""symbol"": ""cudaRopeMulMulSub_f32_tensor""}, {""body_indices"": [14], ""symbol"": ""cudaRopeMulMulAdd_f32_tensor""}, {""body_indices"": [15], ""symbol"": ""cudaRopeMulMulSub_f32_tensor""}, {""body_indices"": [16], ""symbol"": ""cudaRopeMulMulAdd_f32_tensor""}, {""body_indices"": [19], ""symbol"": ""cudaCopy1D_f32_tensor""}, {""body_indices"": [20], ""symbol"": ""cudaCopy2D_f32_tensor""}, {""body_indices"": [21], ""symbol"": ""memset_zero_1D_f32""}, {""body_indices"": [24], ""symbol"": ""cudaMaskSelect_f32_tensor""}, {""body_indices"": [28, 29], ""symbol"": ""cublasSgemv_T""}, {""body_indices"": [30, 31], ""symbol"": ""cublasSgemv""}, {""body_indices"": [32], ""symbol"": ""cudaAdd_f32_tensor""}, {""body_indices"": [34], ""symbol"": ""cudnnPointwiseGraph_f32""}, {""body_indices"": [35], ""symbol"": ""memset_zero_1D_f32""}, {""body_indices"": [38], ""symbol"": ""cublasSgemv""}, {""body_indices"": [39], ""symbol"": ""cudaSwiGLU_f32_tensor""}, {""body_indices"": [40, 41], ""symbol"": ""cublasSgemv""}, {""body_indices"": [42], ""symbol"": ""cudaAdd_f32_tensor""}, {""body_indices"": [44], ""symbol"": ""cudnnPointwiseGraph_f32""}, {""body_indices"": [45, 46], ""symbol"": ""cublasSgemv""}]",26,0,748,0.0,748
llama_forward,extended_forward,/tmp/llama_forward_ops_mlir/extended_forward_debuf.mlir,53a2dd09624709b4132f8f0987764e62c0141709f7e0fcdec1e77636a051e69d,egglog,4,ok,0,10989.014588296413,0,"[""/usr/bin/python3"", ""/home/arjaiswal/Polygeist/scripts/correctness/kernel_match_rewrite.py"", ""/tmp/llama_forward_ops_mlir/extended_forward_debuf.mlir"", ""--dry-run"", ""--matcher-mode"", ""egglog"", ""--telemetry-json"", ""/home/arjaiswal/Polygeist/issues/equality_saturation_eval/campaign_20260908/llama_forward-extended_forward-egglog-s28xowwz.json"", ""--disable-semantic-fallback""]","== match report for /tmp/llama_forward_ops_mlir/extended_forward_debuf.mlir ==
  match          body#[0]  cudaCopy1D_f32_tensor
  match          body#[1, 2]  rmsnorm_f32_tensor
  match          body#[3]  memset_zero_2D_f32
  match          body#[4]  memset_zero_2D_f32
  match          body#[5]  memset_zero_2D_f32
  match          body#[6]  memset_zero_2D_f32
  contraction_init_provenance_reject body#7  cutensornetContraction2_f64
  rank_or_dtype_reject body#9  cublasDgemm_simple
  rank_or_dtype_reject body#10  cublasDgemm_simple
  rank_or_dtype_reject body#11  cublasDgemm_simple
  match          body#[12]  cublasSgemv
  match          body#[13]  cudaRopeMulMulSub_f32_tensor
  match          body#[14]  cudaRopeMulMulAdd_f32_tensor
  match          body#[15]  cudaRopeMulMulSub_f32_tensor
  match          body#[16]  cudaRopeMulMulAdd_f32_tensor
  rank_or_dtype_reject body#17  cublasDcopy_tensor
  rank_or_dtype_reject body#18  cublasDcopy_tensor
  match          body#[19]  cudaCopy1D_f32_tensor
  match          body#[20]  cudaCopy2D_f32_tensor
  match          body#[21]  memset_zero_1D_f32
  no_match       body#22  ?
  no_match       body#23  ?
  match          body#[24]  cudaMaskSelect_f32_tensor
  softmax_slice_reject body#25  cudnnSoftmaxForwardOut_tensor
  match          body#[28, 29]  cublasSgemv_T
  match          body#[30, 31]  cublasSgemv
  match          body#[32]  cudaAdd_f32_tensor
  rmsnorm_base_reject body#33  rmsnorm_f32
  match          body#[34]  cudnnPointwiseGraph_f32
  match          body#[35]  memset_zero_1D_f32
  contraction_init_provenance_reject body#36  cutensornetContraction2_f64
  match          body#[38]  cublasSgemv
  match          body#[39]  cudaSwiGLU_f32_tensor
  match          body#[40, 41]  cublasSgemv
  match          body#[42]  cudaAdd_f32_tensor
  rmsnorm_base_reject body#43  rmsnorm_f32
  match          body#[44]  cudnnPointwiseGraph_f32
  match          body#[45, 46]  cublasSgemv
  total: 26 matched / 38 bodies
",0,[],0,0,0,0,/tmp/llama_forward_ops_mlir/extended_forward_debuf.mlir,31409,8,47,31,9353.157352656126,2,75124,4108.731519430876,304,304,0,330,"[{""body_indices"": [0], ""symbol"": ""cudaCopy1D_f32_tensor""}, {""body_indices"": [1, 2], ""symbol"": ""rmsnorm_f32_tensor""}, {""body_indices"": [3], ""symbol"": ""memset_zero_2D_f32""}, {""body_indices"": [4], ""symbol"": ""memset_zero_2D_f32""}, {""body_indices"": [5], ""symbol"": ""memset_zero_2D_f32""}, {""body_indices"": [6], ""symbol"": ""memset_zero_2D_f32""}, {""body_indices"": [12], ""symbol"": ""cublasSgemv""}, {""body_indices"": [13], ""symbol"": ""cudaRopeMulMulSub_f32_tensor""}, {""body_indices"": [14], ""symbol"": ""cudaRopeMulMulAdd_f32_tensor""}, {""body_indices"": [15], ""symbol"": ""cudaRopeMulMulSub_f32_tensor""}, {""body_indices"": [16], ""symbol"": ""cudaRopeMulMulAdd_f32_tensor""}, {""body_indices"": [19], ""symbol"": ""cudaCopy1D_f32_tensor""}, {""body_indices"": [20], ""symbol"": ""cudaCopy2D_f32_tensor""}, {""body_indices"": [21], ""symbol"": ""memset_zero_1D_f32""}, {""body_indices"": [24], ""symbol"": ""cudaMaskSelect_f32_tensor""}, {""body_indices"": [28, 29], ""symbol"": ""cublasSgemv_T""}, {""body_indices"": [30, 31], ""symbol"": ""cublasSgemv""}, {""body_indices"": [32], ""symbol"": ""cudaAdd_f32_tensor""}, {""body_indices"": [34], ""symbol"": ""cudnnPointwiseGraph_f32""}, {""body_indices"": [35], ""symbol"": ""memset_zero_1D_f32""}, {""body_indices"": [38], ""symbol"": ""cublasSgemv""}, {""body_indices"": [39], ""symbol"": ""cudaSwiGLU_f32_tensor""}, {""body_indices"": [40, 41], ""symbol"": ""cublasSgemv""}, {""body_indices"": [42], ""symbol"": ""cudaAdd_f32_tensor""}, {""body_indices"": [44], ""symbol"": ""cudnnPointwiseGraph_f32""}, {""body_indices"": [45, 46], ""symbol"": ""cublasSgemv""}]",26,0,0,0.0,748
llama_forward,extended_forward,/tmp/llama_forward_ops_mlir/extended_forward_debuf.mlir,53a2dd09624709b4132f8f0987764e62c0141709f7e0fcdec1e77636a051e69d,egglog,5,ok,0,10494.873717427254,0,"[""/usr/bin/python3"", ""/home/arjaiswal/Polygeist/scripts/correctness/kernel_match_rewrite.py"", ""/tmp/llama_forward_ops_mlir/extended_forward_debuf.mlir"", ""--dry-run"", ""--matcher-mode"", ""egglog"", ""--telemetry-json"", ""/home/arjaiswal/Polygeist/issues/equality_saturation_eval/campaign_20260908/llama_forward-extended_forward-egglog-j2hrrx7r.json"", ""--disable-semantic-fallback""]","== match report for /tmp/llama_forward_ops_mlir/extended_forward_debuf.mlir ==
  match          body#[0]  cudaCopy1D_f32_tensor
  match          body#[1, 2]  rmsnorm_f32_tensor
  match          body#[3]  memset_zero_2D_f32
  match          body#[4]  memset_zero_2D_f32
  match          body#[5]  memset_zero_2D_f32
  match          body#[6]  memset_zero_2D_f32
  contraction_init_provenance_reject body#7  cutensornetContraction2_f64
  rank_or_dtype_reject body#9  cublasDgemm_simple
  rank_or_dtype_reject body#10  cublasDgemm_simple
  rank_or_dtype_reject body#11  cublasDgemm_simple
  match          body#[12]  cublasSgemv
  match          body#[13]  cudaRopeMulMulSub_f32_tensor
  match          body#[14]  cudaRopeMulMulAdd_f32_tensor
  match          body#[15]  cudaRopeMulMulSub_f32_tensor
  match          body#[16]  cudaRopeMulMulAdd_f32_tensor
  rank_or_dtype_reject body#17  cublasDcopy_tensor
  rank_or_dtype_reject body#18  cublasDcopy_tensor
  match          body#[19]  cudaCopy1D_f32_tensor
  match          body#[20]  cudaCopy2D_f32_tensor
  match          body#[21]  memset_zero_1D_f32
  no_match       body#22  ?
  no_match       body#23  ?
  match          body#[24]  cudaMaskSelect_f32_tensor
  softmax_slice_reject body#25  cudnnSoftmaxForwardOut_tensor
  match          body#[28, 29]  cublasSgemv_T
  match          body#[30, 31]  cublasSgemv
  match          body#[32]  cudaAdd_f32_tensor
  rmsnorm_base_reject body#33  rmsnorm_f32
  match          body#[34]  cudnnPointwiseGraph_f32
  match          body#[35]  memset_zero_1D_f32
  contraction_init_provenance_reject body#36  cutensornetContraction2_f64
  match          body#[38]  cublasSgemv
  match          body#[39]  cudaSwiGLU_f32_tensor
  match          body#[40, 41]  cublasSgemv
  match          body#[42]  cudaAdd_f32_tensor
  rmsnorm_base_reject body#43  rmsnorm_f32
  match          body#[44]  cudnnPointwiseGraph_f32
  match          body#[45, 46]  cublasSgemv
  total: 26 matched / 38 bodies
",0,[],0,0,0,0,/tmp/llama_forward_ops_mlir/extended_forward_debuf.mlir,31409,8,47,31,8419.755794107914,2,75004,4125.9396485984325,304,304,0,330,"[{""body_indices"": [0], ""symbol"": ""cudaCopy1D_f32_tensor""}, {""body_indices"": [1, 2], ""symbol"": ""rmsnorm_f32_tensor""}, {""body_indices"": [3], ""symbol"": ""memset_zero_2D_f32""}, {""body_indices"": [4], ""symbol"": ""memset_zero_2D_f32""}, {""body_indices"": [5], ""symbol"": ""memset_zero_2D_f32""}, {""body_indices"": [6], ""symbol"": ""memset_zero_2D_f32""}, {""body_indices"": [12], ""symbol"": ""cublasSgemv""}, {""body_indices"": [13], ""symbol"": ""cudaRopeMulMulSub_f32_tensor""}, {""body_indices"": [14], ""symbol"": ""cudaRopeMulMulAdd_f32_tensor""}, {""body_indices"": [15], ""symbol"": ""cudaRopeMulMulSub_f32_tensor""}, {""body_indices"": [16], ""symbol"": ""cudaRopeMulMulAdd_f32_tensor""}, {""body_indices"": [19], ""symbol"": ""cudaCopy1D_f32_tensor""}, {""body_indices"": [20], ""symbol"": ""cudaCopy2D_f32_tensor""}, {""body_indices"": [21], ""symbol"": ""memset_zero_1D_f32""}, {""body_indices"": [24], ""symbol"": ""cudaMaskSelect_f32_tensor""}, {""body_indices"": [28, 29], ""symbol"": ""cublasSgemv_T""}, {""body_indices"": [30, 31], ""symbol"": ""cublasSgemv""}, {""body_indices"": [32], ""symbol"": ""cudaAdd_f32_tensor""}, {""body_indices"": [34], ""symbol"": ""cudnnPointwiseGraph_f32""}, {""body_indices"": [35], ""symbol"": ""memset_zero_1D_f32""}, {""body_indices"": [38], ""symbol"": ""cublasSgemv""}, {""body_indices"": [39], ""symbol"": ""cudaSwiGLU_f32_tensor""}, {""body_indices"": [40, 41], ""symbol"": ""cublasSgemv""}, {""body_indices"": [42], ""symbol"": ""cudaAdd_f32_tensor""}, {""body_indices"": [44], ""symbol"": ""cudnnPointwiseGraph_f32""}, {""body_indices"": [45, 46], ""symbol"": ""cublasSgemv""}]",26,0,0,0.0,748
llama_forward,extended_forward,/tmp/llama_forward_ops_mlir/extended_forward_debuf.mlir,53a2dd09624709b4132f8f0987764e62c0141709f7e0fcdec1e77636a051e69d,syntactic,5,ok,0,8699.278701096773,0,"[""/usr/bin/python3"", ""/home/arjaiswal/Polygeist/scripts/correctness/kernel_match_rewrite.py"", ""/tmp/llama_forward_ops_mlir/extended_forward_debuf.mlir"", ""--dry-run"", ""--matcher-mode"", ""syntactic"", ""--telemetry-json"", ""/home/arjaiswal/Polygeist/issues/equality_saturation_eval/campaign_20260908/llama_forward-extended_forward-syntactic-7j8ae26t.json"", ""--disable-semantic-fallback""]","== match report for /tmp/llama_forward_ops_mlir/extended_forward_debuf.mlir ==
  match          body#[0]  cudaCopy1D_f32_tensor
  match          body#[1, 2]  rmsnorm_f32_tensor
  match          body#[3]  memset_zero_2D_f32
  match          body#[4]  memset_zero_2D_f32
  match          body#[5]  memset_zero_2D_f32
  match          body#[6]  memset_zero_2D_f32
  contraction_init_provenance_reject body#7  cutensornetContraction2_f64
  rank_or_dtype_reject body#9  cublasDgemm_simple
  rank_or_dtype_reject body#10  cublasDgemm_simple
  rank_or_dtype_reject body#11  cublasDgemm_simple
  match          body#[12]  cublasSgemv
  match          body#[13]  cudaRopeMulMulSub_f32_tensor
  match          body#[14]  cudaRopeMulMulAdd_f32_tensor
  match          body#[15]  cudaRopeMulMulSub_f32_tensor
  match          body#[16]  cudaRopeMulMulAdd_f32_tensor
  rank_or_dtype_reject body#17  cublasDcopy_tensor
  rank_or_dtype_reject body#18  cublasDcopy_tensor
  match          body#[19]  cudaCopy1D_f32_tensor
  match          body#[20]  cudaCopy2D_f32_tensor
  match          body#[21]  memset_zero_1D_f32
  no_match       body#22  ?
  no_match       body#23  ?
  match          body#[24]  cudaMaskSelect_f32_tensor
  softmax_slice_reject body#25  cudnnSoftmaxForwardOut_tensor
  match          body#[28, 29]  cublasSgemv_T
  match          body#[30, 31]  cublasSgemv
  match          body#[32]  cudaAdd_f32_tensor
  rmsnorm_base_reject body#33  rmsnorm_f32
  match          body#[34]  cudnnPointwiseGraph_f32
  match          body#[35]  memset_zero_1D_f32
  contraction_init_provenance_reject body#36  cutensornetContraction2_f64
  match          body#[38]  cublasSgemv
  match          body#[39]  cudaSwiGLU_f32_tensor
  match          body#[40, 41]  cublasSgemv
  match          body#[42]  cudaAdd_f32_tensor
  rmsnorm_base_reject body#43  rmsnorm_f32
  match          body#[44]  cudnnPointwiseGraph_f32
  match          body#[45, 46]  cublasSgemv
  total: 26 matched / 38 bodies
",0,[],0,0,0,0,/tmp/llama_forward_ops_mlir/extended_forward_debuf.mlir,31409,0,47,31,5659.100383520126,2,70916,4.157207906246185,0,304,0,0,"[{""body_indices"": [0], ""symbol"": ""cudaCopy1D_f32_tensor""}, {""body_indices"": [1, 2], ""symbol"": ""rmsnorm_f32_tensor""}, {""body_indices"": [3], ""symbol"": ""memset_zero_2D_f32""}, {""body_indices"": [4], ""symbol"": ""memset_zero_2D_f32""}, {""body_indices"": [5], ""symbol"": ""memset_zero_2D_f32""}, {""body_indices"": [6], ""symbol"": ""memset_zero_2D_f32""}, {""body_indices"": [12], ""symbol"": ""cublasSgemv""}, {""body_indices"": [13], ""symbol"": ""cudaRopeMulMulSub_f32_tensor""}, {""body_indices"": [14], ""symbol"": ""cudaRopeMulMulAdd_f32_tensor""}, {""body_indices"": [15], ""symbol"": ""cudaRopeMulMulSub_f32_tensor""}, {""body_indices"": [16], ""symbol"": ""cudaRopeMulMulAdd_f32_tensor""}, {""body_indices"": [19], ""symbol"": ""cudaCopy1D_f32_tensor""}, {""body_indices"": [20], ""symbol"": ""cudaCopy2D_f32_tensor""}, {""body_indices"": [21], ""symbol"": ""memset_zero_1D_f32""}, {""body_indices"": [24], ""symbol"": ""cudaMaskSelect_f32_tensor""}, {""body_indices"": [28, 29], ""symbol"": ""cublasSgemv_T""}, {""body_indices"": [30, 31], ""symbol"": ""cublasSgemv""}, {""body_indices"": [32], ""symbol"": ""cudaAdd_f32_tensor""}, {""body_indices"": [34], ""symbol"": ""cudnnPointwiseGraph_f32""}, {""body_indices"": [35], ""symbol"": ""memset_zero_1D_f32""}, {""body_indices"": [38], ""symbol"": ""cublasSgemv""}, {""body_indices"": [39], ""symbol"": ""cudaSwiGLU_f32_tensor""}, {""body_indices"": [40, 41], ""symbol"": ""cublasSgemv""}, {""body_indices"": [42], ""symbol"": ""cudaAdd_f32_tensor""}, {""body_indices"": [44], ""symbol"": ""cudnnPointwiseGraph_f32""}, {""body_indices"": [45, 46], ""symbol"": ""cublasSgemv""}]",26,0,748,0.0,748
llama_forward,ffn_rmsnorm,/tmp/llama_forward_ops_mlir/ffn_rmsnorm_debuf.mlir,894276da6af0e8cb1a83778b78d4c00c917df220c1e439b1caecb542804f298b,syntactic,1,ok,0,1731.759488582611,0,"[""/usr/bin/python3"", ""/home/arjaiswal/Polygeist/scripts/correctness/kernel_match_rewrite.py"", ""/tmp/llama_forward_ops_mlir/ffn_rmsnorm_debuf.mlir"", ""--dry-run"", ""--matcher-mode"", ""syntactic"", ""--telemetry-json"", ""/home/arjaiswal/Polygeist/issues/equality_saturation_eval/campaign_20260908/llama_forward-ffn_rmsnorm-syntactic-c6m3ctzd.json"", ""--disable-semantic-fallback""]","== match report for /tmp/llama_forward_ops_mlir/ffn_rmsnorm_debuf.mlir ==
  match          body#[0, 1]  rmsnorm_f32_tensor
  total: 1 matched / 1 bodies
",0,[],0,0,0,0,/tmp/llama_forward_ops_mlir/ffn_rmsnorm_debuf.mlir,2784,0,2,2,700.5596831440926,0,65760,0.07358193397521973,0,4,0,0,"[{""body_indices"": [0, 1], ""symbol"": ""rmsnorm_f32_tensor""}]",1,0,4,0.0,4
llama_forward,ffn_rmsnorm,/tmp/llama_forward_ops_mlir/ffn_rmsnorm_debuf.mlir,894276da6af0e8cb1a83778b78d4c00c917df220c1e439b1caecb542804f298b,egglog,1,ok,0,1936.4432506263256,0,"[""/usr/bin/python3"", ""/home/arjaiswal/Polygeist/scripts/correctness/kernel_match_rewrite.py"", ""/tmp/llama_forward_ops_mlir/ffn_rmsnorm_debuf.mlir"", ""--dry-run"", ""--matcher-mode"", ""egglog"", ""--telemetry-json"", ""/home/arjaiswal/Polygeist/issues/equality_saturation_eval/campaign_20260908/llama_forward-ffn_rmsnorm-egglog-q082hx01.json"", ""--disable-semantic-fallback""]","== match report for /tmp/llama_forward_ops_mlir/ffn_rmsnorm_debuf.mlir ==
  match          body#[0, 1]  rmsnorm_f32_tensor
  total: 1 matched / 1 bodies
",0,[],0,0,0,0,/tmp/llama_forward_ops_mlir/ffn_rmsnorm_debuf.mlir,2784,8,2,2,514.9557776749134,0,69368,48.045266419649124,4,4,0,42,"[{""body_indices"": [0, 1], ""symbol"": ""rmsnorm_f32_tensor""}]",1,0,0,0.0,4
llama_forward,ffn_rmsnorm,/tmp/llama_forward_ops_mlir/ffn_rmsnorm_debuf.mlir,894276da6af0e8cb1a83778b78d4c00c917df220c1e439b1caecb542804f298b,egglog,2,ok,0,1597.0881581306458,0,"[""/usr/bin/python3"", ""/home/arjaiswal/Polygeist/scripts/correctness/kernel_match_rewrite.py"", ""/tmp/llama_forward_ops_mlir/ffn_rmsnorm_debuf.mlir"", ""--dry-run"", ""--matcher-mode"", ""egglog"", ""--telemetry-json"", ""/home/arjaiswal/Polygeist/issues/equality_saturation_eval/campaign_20260908/llama_forward-ffn_rmsnorm-egglog-r_ptp6x_.json"", ""--disable-semantic-fallback""]","== match report for /tmp/llama_forward_ops_mlir/ffn_rmsnorm_debuf.mlir ==
  match          body#[0, 1]  rmsnorm_f32_tensor
  total: 1 matched / 1 bodies
",0,[],0,0,0,0,/tmp/llama_forward_ops_mlir/ffn_rmsnorm_debuf.mlir,2784,8,2,2,492.3308528959751,0,69436,63.29094618558884,4,4,0,42,"[{""body_indices"": [0, 1], ""symbol"": ""rmsnorm_f32_tensor""}]",1,0,0,0.0,4
llama_forward,ffn_rmsnorm,/tmp/llama_forward_ops_mlir/ffn_rmsnorm_debuf.mlir,894276da6af0e8cb1a83778b78d4c00c917df220c1e439b1caecb542804f298b,syntactic,2,ok,0,1105.8327369391918,0,"[""/usr/bin/python3"", ""/home/arjaiswal/Polygeist/scripts/correctness/kernel_match_rewrite.py"", ""/tmp/llama_forward_ops_mlir/ffn_rmsnorm_debuf.mlir"", ""--dry-run"", ""--matcher-mode"", ""syntactic"", ""--telemetry-json"", ""/home/arjaiswal/Polygeist/issues/equality_saturation_eval/campaign_20260908/llama_forward-ffn_rmsnorm-syntactic-6v1wt0ek.json"", ""--disable-semantic-fallback""]","== match report for /tmp/llama_forward_ops_mlir/ffn_rmsnorm_debuf.mlir ==
  match          body#[0, 1]  rmsnorm_f32_tensor
  total: 1 matched / 1 bodies
",0,[],0,0,0,0,/tmp/llama_forward_ops_mlir/ffn_rmsnorm_debuf.mlir,2784,0,2,2,452.0445391535759,0,65708,0.06587430834770203,0,4,0,0,"[{""body_indices"": [0, 1], ""symbol"": ""rmsnorm_f32_tensor""}]",1,0,4,0.0,4
llama_forward,ffn_rmsnorm,/tmp/llama_forward_ops_mlir/ffn_rmsnorm_debuf.mlir,894276da6af0e8cb1a83778b78d4c00c917df220c1e439b1caecb542804f298b,syntactic,3,ok,0,1759.6575319766998,0,"[""/usr/bin/python3"", ""/home/arjaiswal/Polygeist/scripts/correctness/kernel_match_rewrite.py"", ""/tmp/llama_forward_ops_mlir/ffn_rmsnorm_debuf.mlir"", ""--dry-run"", ""--matcher-mode"", ""syntactic"", ""--telemetry-json"", ""/home/arjaiswal/Polygeist/issues/equality_saturation_eval/campaign_20260908/llama_forward-ffn_rmsnorm-syntactic-2m2tn2uy.json"", ""--disable-semantic-fallback""]","== match report for /tmp/llama_forward_ops_mlir/ffn_rmsnorm_debuf.mlir ==
  match          body#[0, 1]  rmsnorm_f32_tensor
  total: 1 matched / 1 bodies
",0,[],0,0,0,0,/tmp/llama_forward_ops_mlir/ffn_rmsnorm_debuf.mlir,2784,0,2,2,804.8540353775024,0,65696,0.07173418998718262,0,4,0,0,"[{""body_indices"": [0, 1], ""symbol"": ""rmsnorm_f32_tensor""}]",1,0,4,0.0,4
llama_forward,ffn_rmsnorm,/tmp/llama_forward_ops_mlir/ffn_rmsnorm_debuf.mlir,894276da6af0e8cb1a83778b78d4c00c917df220c1e439b1caecb542804f298b,egglog,3,ok,0,1347.8745929896832,0,"[""/usr/bin/python3"", ""/home/arjaiswal/Polygeist/scripts/correctness/kernel_match_rewrite.py"", ""/tmp/llama_forward_ops_mlir/ffn_rmsnorm_debuf.mlir"", ""--dry-run"", ""--matcher-mode"", ""egglog"", ""--telemetry-json"", ""/home/arjaiswal/Polygeist/issues/equality_saturation_eval/campaign_20260908/llama_forward-ffn_rmsnorm-egglog-r124j5xq.json"", ""--disable-semantic-fallback""]","== match report for /tmp/llama_forward_ops_mlir/ffn_rmsnorm_debuf.mlir ==
  match          body#[0, 1]  rmsnorm_f32_tensor
  total: 1 matched / 1 bodies
",0,[],0,0,0,0,/tmp/llama_forward_ops_mlir/ffn_rmsnorm_debuf.mlir,2784,8,2,2,513.8897448778152,0,69336,65.09307399392128,4,4,0,42,"[{""body_indices"": [0, 1], ""symbol"": ""rmsnorm_f32_tensor""}]",1,0,0,0.0,4
llama_forward,ffn_rmsnorm,/tmp/llama_forward_ops_mlir/ffn_rmsnorm_debuf.mlir,894276da6af0e8cb1a83778b78d4c00c917df220c1e439b1caecb542804f298b,egglog,4,ok,0,1205.3827457129955,0,"[""/usr/bin/python3"", ""/home/arjaiswal/Polygeist/scripts/correctness/kernel_match_rewrite.py"", ""/tmp/llama_forward_ops_mlir/ffn_rmsnorm_debuf.mlir"", ""--dry-run"", ""--matcher-mode"", ""egglog"", ""--telemetry-json"", ""/home/arjaiswal/Polygeist/issues/equality_saturation_eval/campaign_20260908/llama_forward-ffn_rmsnorm-egglog-nym8jwl0.json"", ""--disable-semantic-fallback""]","== match report for /tmp/llama_forward_ops_mlir/ffn_rmsnorm_debuf.mlir ==
  match          body#[0, 1]  rmsnorm_f32_tensor
  total: 1 matched / 1 bodies
",0,[],0,0,0,0,/tmp/llama_forward_ops_mlir/ffn_rmsnorm_debuf.mlir,2784,8,2,2,545.4706028103828,0,69348,63.75659257173538,4,4,0,42,"[{""body_indices"": [0, 1], ""symbol"": ""rmsnorm_f32_tensor""}]",1,0,0,0.0,4
llama_forward,ffn_rmsnorm,/tmp/llama_forward_ops_mlir/ffn_rmsnorm_debuf.mlir,894276da6af0e8cb1a83778b78d4c00c917df220c1e439b1caecb542804f298b,syntactic,4,ok,0,1312.213011085987,0,"[""/usr/bin/python3"", ""/home/arjaiswal/Polygeist/scripts/correctness/kernel_match_rewrite.py"", ""/tmp/llama_forward_ops_mlir/ffn_rmsnorm_debuf.mlir"", ""--dry-run"", ""--matcher-mode"", ""syntactic"", ""--telemetry-json"", ""/home/arjaiswal/Polygeist/issues/equality_saturation_eval/campaign_20260908/llama_forward-ffn_rmsnorm-syntactic-bpzceadl.json"", ""--disable-semantic-fallback""]","== match report for /tmp/llama_forward_ops_mlir/ffn_rmsnorm_debuf.mlir ==
  match          body#[0, 1]  rmsnorm_f32_tensor
  total: 1 matched / 1 bodies
",0,[],0,0,0,0,/tmp/llama_forward_ops_mlir/ffn_rmsnorm_debuf.mlir,2784,0,2,2,525.6834328174591,0,64704,0.07031857967376709,0,4,0,0,"[{""body_indices"": [0, 1], ""symbol"": ""rmsnorm_f32_tensor""}]",1,0,4,0.0,4
llama_forward,ffn_rmsnorm,/tmp/llama_forward_ops_mlir/ffn_rmsnorm_debuf.mlir,894276da6af0e8cb1a83778b78d4c00c917df220c1e439b1caecb542804f298b,syntactic,5,ok,0,2442.843284457922,0,"[""/usr/bin/python3"", ""/home/arjaiswal/Polygeist/scripts/correctness/kernel_match_rewrite.py"", ""/tmp/llama_forward_ops_mlir/ffn_rmsnorm_debuf.mlir"", ""--dry-run"", ""--matcher-mode"", ""syntactic"", ""--telemetry-json"", ""/home/arjaiswal/Polygeist/issues/equality_saturation_eval/campaign_20260908/llama_forward-ffn_rmsnorm-syntactic-zt55mx5y.json"", ""--disable-semantic-fallback""]","== match report for /tmp/llama_forward_ops_mlir/ffn_rmsnorm_debuf.mlir ==
  match          body#[0, 1]  rmsnorm_f32_tensor
  total: 1 matched / 1 bodies
",0,[],0,0,0,0,/tmp/llama_forward_ops_mlir/ffn_rmsnorm_debuf.mlir,2784,0,2,2,981.8265438079834,0,65692,0.05719438195228577,0,4,0,0,"[{""body_indices"": [0, 1], ""symbol"": ""rmsnorm_f32_tensor""}]",1,0,4,0.0,4
llama_forward,ffn_rmsnorm,/tmp/llama_forward_ops_mlir/ffn_rmsnorm_debuf.mlir,894276da6af0e8cb1a83778b78d4c00c917df220c1e439b1caecb542804f298b,egglog,5,ok,0,2085.327908396721,0,"[""/usr/bin/python3"", ""/home/arjaiswal/Polygeist/scripts/correctness/kernel_match_rewrite.py"", ""/tmp/llama_forward_ops_mlir/ffn_rmsnorm_debuf.mlir"", ""--dry-run"", ""--matcher-mode"", ""egglog"", ""--telemetry-json"", ""/home/arjaiswal/Polygeist/issues/equality_saturation_eval/campaign_20260908/llama_forward-ffn_rmsnorm-egglog-d32z6cis.json"", ""--disable-semantic-fallback""]","== match report for /tmp/llama_forward_ops_mlir/ffn_rmsnorm_debuf.mlir ==
  match          body#[0, 1]  rmsnorm_f32_tensor
  total: 1 matched / 1 bodies
",0,[],0,0,0,0,/tmp/llama_forward_ops_mlir/ffn_rmsnorm_debuf.mlir,2784,8,2,2,948.9542320370674,0,69212,162.86306083202362,4,4,0,42,"[{""body_indices"": [0, 1], ""symbol"": ""rmsnorm_f32_tensor""}]",1,0,0,0.0,4
llama_forward,final_rmsnorm,/tmp/llama_forward_ops_mlir/final_rmsnorm_debuf.mlir,ae5ac3785ba5eb2237d744a376493e79162c38d9a685184b44a99a47f0b69edb,egglog,1,ok,0,1465.273566544056,0,"[""/usr/bin/python3"", ""/home/arjaiswal/Polygeist/scripts/correctness/kernel_match_rewrite.py"", ""/tmp/llama_forward_ops_mlir/final_rmsnorm_debuf.mlir"", ""--dry-run"", ""--matcher-mode"", ""egglog"", ""--telemetry-json"", ""/home/arjaiswal/Polygeist/issues/equality_saturation_eval/campaign_20260908/llama_forward-final_rmsnorm-egglog-gyyptgl0.json"", ""--disable-semantic-fallback""]","== match report for /tmp/llama_forward_ops_mlir/final_rmsnorm_debuf.mlir ==
  match          body#[0, 1]  rmsnorm_f32_tensor
  total: 1 matched / 1 bodies
",0,[],0,0,0,0,/tmp/llama_forward_ops_mlir/final_rmsnorm_debuf.mlir,2786,8,2,2,654.7922715544701,0,69296,81.47244900465012,4,4,0,42,"[{""body_indices"": [0, 1], ""symbol"": ""rmsnorm_f32_tensor""}]",1,0,0,0.0,4
llama_forward,final_rmsnorm,/tmp/llama_forward_ops_mlir/final_rmsnorm_debuf.mlir,ae5ac3785ba5eb2237d744a376493e79162c38d9a685184b44a99a47f0b69edb,syntactic,1,ok,0,1597.937524318695,0,"[""/usr/bin/python3"", ""/home/arjaiswal/Polygeist/scripts/correctness/kernel_match_rewrite.py"", ""/tmp/llama_forward_ops_mlir/final_rmsnorm_debuf.mlir"", ""--dry-run"", ""--matcher-mode"", ""syntactic"", ""--telemetry-json"", ""/home/arjaiswal/Polygeist/issues/equality_saturation_eval/campaign_20260908/llama_forward-final_rmsnorm-syntactic-m2i5alnu.json"", ""--disable-semantic-fallback""]","== match report for /tmp/llama_forward_ops_mlir/final_rmsnorm_debuf.mlir ==
  match          body#[0, 1]  rmsnorm_f32_tensor
  total: 1 matched / 1 bodies
",0,[],0,0,0,0,/tmp/llama_forward_ops_mlir/final_rmsnorm_debuf.mlir,2786,0,2,2,705.9890851378441,0,64912,0.056508928537368774,0,4,0,0,"[{""body_indices"": [0, 1], ""symbol"": ""rmsnorm_f32_tensor""}]",1,0,4,0.0,4
llama_forward,final_rmsnorm,/tmp/llama_forward_ops_mlir/final_rmsnorm_debuf.mlir,ae5ac3785ba5eb2237d744a376493e79162c38d9a685184b44a99a47f0b69edb,syntactic,2,ok,0,1773.9424966275692,0,"[""/usr/bin/python3"", ""/home/arjaiswal/Polygeist/scripts/correctness/kernel_match_rewrite.py"", ""/tmp/llama_forward_ops_mlir/final_rmsnorm_debuf.mlir"", ""--dry-run"", ""--matcher-mode"", ""syntactic"", ""--telemetry-json"", ""/home/arjaiswal/Polygeist/issues/equality_saturation_eval/campaign_20260908/llama_forward-final_rmsnorm-syntactic-adhz2iwt.json"", ""--disable-semantic-fallback""]","== match report for /tmp/llama_forward_ops_mlir/final_rmsnorm_debuf.mlir ==
  match          body#[0, 1]  rmsnorm_f32_tensor
  total: 1 matched / 1 bodies
",0,[],0,0,0,0,/tmp/llama_forward_ops_mlir/final_rmsnorm_debuf.mlir,2786,0,2,2,683.254785835743,0,64856,0.07022544741630554,0,4,0,0,"[{""body_indices"": [0, 1], ""symbol"": ""rmsnorm_f32_tensor""}]",1,0,4,0.0,4
llama_forward,final_rmsnorm,/tmp/llama_forward_ops_mlir/final_rmsnorm_debuf.mlir,ae5ac3785ba5eb2237d744a376493e79162c38d9a685184b44a99a47f0b69edb,egglog,2,ok,0,2686.848696321249,0,"[""/usr/bin/python3"", ""/home/arjaiswal/Polygeist/scripts/correctness/kernel_match_rewrite.py"", ""/tmp/llama_forward_ops_mlir/final_rmsnorm_debuf.mlir"", ""--dry-run"", ""--matcher-mode"", ""egglog"", ""--telemetry-json"", ""/home/arjaiswal/Polygeist/issues/equality_saturation_eval/campaign_20260908/llama_forward-final_rmsnorm-egglog-dwl80we7.json"", ""--disable-semantic-fallback""]","== match report for /tmp/llama_forward_ops_mlir/final_rmsnorm_debuf.mlir ==
  match          body#[0, 1]  rmsnorm_f32_tensor
  total: 1 matched / 1 bodies
",0,[],0,0,0,0,/tmp/llama_forward_ops_mlir/final_rmsnorm_debuf.mlir,2786,8,2,2,1142.0054659247398,0,69348,151.57298371195793,4,4,0,42,"[{""body_indices"": [0, 1], ""symbol"": ""rmsnorm_f32_tensor""}]",1,0,0,0.0,4
llama_forward,final_rmsnorm,/tmp/llama_forward_ops_mlir/final_rmsnorm_debuf.mlir,ae5ac3785ba5eb2237d744a376493e79162c38d9a685184b44a99a47f0b69edb,egglog,3,ok,0,1798.8121956586838,0,"[""/usr/bin/python3"", ""/home/arjaiswal/Polygeist/scripts/correctness/kernel_match_rewrite.py"", ""/tmp/llama_forward_ops_mlir/final_rmsnorm_debuf.mlir"", ""--dry-run"", ""--matcher-mode"", ""egglog"", ""--telemetry-json"", ""/home/arjaiswal/Polygeist/issues/equality_saturation_eval/campaign_20260908/llama_forward-final_rmsnorm-egglog-bp1dm3h2.json"", ""--disable-semantic-fallback""]","== match report for /tmp/llama_forward_ops_mlir/final_rmsnorm_debuf.mlir ==
  match          body#[0, 1]  rmsnorm_f32_tensor
  total: 1 matched / 1 bodies
",0,[],0,0,0,0,/tmp/llama_forward_ops_mlir/final_rmsnorm_debuf.mlir,2786,8,2,2,1038.389153778553,0,69436,122.13286012411118,4,4,0,42,"[{""body_indices"": [0, 1], ""symbol"": ""rmsnorm_f32_tensor""}]",1,0,0,0.0,4
llama_forward,final_rmsnorm,/tmp/llama_forward_ops_mlir/final_rmsnorm_debuf.mlir,ae5ac3785ba5eb2237d744a376493e79162c38d9a685184b44a99a47f0b69edb,syntactic,3,ok,0,1481.0854010283947,0,"[""/usr/bin/python3"", ""/home/arjaiswal/Polygeist/scripts/correctness/kernel_match_rewrite.py"", ""/tmp/llama_forward_ops_mlir/final_rmsnorm_debuf.mlir"", ""--dry-run"", ""--matcher-mode"", ""syntactic"", ""--telemetry-json"", ""/home/arjaiswal/Polygeist/issues/equality_saturation_eval/campaign_20260908/llama_forward-final_rmsnorm-syntactic-jve6x_t_.json"", ""--disable-semantic-fallback""]","== match report for /tmp/llama_forward_ops_mlir/final_rmsnorm_debuf.mlir ==
  match          body#[0, 1]  rmsnorm_f32_tensor
  total: 1 matched / 1 bodies
",0,[],0,0,0,0,/tmp/llama_forward_ops_mlir/final_rmsnorm_debuf.mlir,2786,0,2,2,575.4300430417061,0,65568,0.05179271101951599,0,4,0,0,"[{""body_indices"": [0, 1], ""symbol"": ""rmsnorm_f32_tensor""}]",1,0,4,0.0,4
llama_forward,final_rmsnorm,/tmp/llama_forward_ops_mlir/final_rmsnorm_debuf.mlir,ae5ac3785ba5eb2237d744a376493e79162c38d9a685184b44a99a47f0b69edb,syntactic,4,ok,0,864.3653281033039,0,"[""/usr/bin/python3"", ""/home/arjaiswal/Polygeist/scripts/correctness/kernel_match_rewrite.py"", ""/tmp/llama_forward_ops_mlir/final_rmsnorm_debuf.mlir"", ""--dry-run"", ""--matcher-mode"", ""syntactic"", ""--telemetry-json"", ""/home/arjaiswal/Polygeist/issues/equality_saturation_eval/campaign_20260908/llama_forward-final_rmsnorm-syntactic-33l40kph.json"", ""--disable-semantic-fallback""]","== match report for /tmp/llama_forward_ops_mlir/final_rmsnorm_debuf.mlir ==
  match          body#[0, 1]  rmsnorm_f32_tensor
  total: 1 matched / 1 bodies
",0,[],0,0,0,0,/tmp/llama_forward_ops_mlir/final_rmsnorm_debuf.mlir,2786,0,2,2,316.02003052830696,0,64832,0.04517659544944763,0,4,0,0,"[{""body_indices"": [0, 1], ""symbol"": ""rmsnorm_f32_tensor""}]",1,0,4,0.0,4
llama_forward,final_rmsnorm,/tmp/llama_forward_ops_mlir/final_rmsnorm_debuf.mlir,ae5ac3785ba5eb2237d744a376493e79162c38d9a685184b44a99a47f0b69edb,egglog,4,ok,0,1396.757896989584,0,"[""/usr/bin/python3"", ""/home/arjaiswal/Polygeist/scripts/correctness/kernel_match_rewrite.py"", ""/tmp/llama_forward_ops_mlir/final_rmsnorm_debuf.mlir"", ""--dry-run"", ""--matcher-mode"", ""egglog"", ""--telemetry-json"", ""/home/arjaiswal/Polygeist/issues/equality_saturation_eval/campaign_20260908/llama_forward-final_rmsnorm-egglog-p37rwnbu.json"", ""--disable-semantic-fallback""]","== match report for /tmp/llama_forward_ops_mlir/final_rmsnorm_debuf.mlir ==
  match          body#[0, 1]  rmsnorm_f32_tensor
  total: 1 matched / 1 bodies
",0,[],0,0,0,0,/tmp/llama_forward_ops_mlir/final_rmsnorm_debuf.mlir,2786,8,2,2,369.8841817677021,0,69300,46.74740880727768,4,4,0,42,"[{""body_indices"": [0, 1], ""symbol"": ""rmsnorm_f32_tensor""}]",1,0,0,0.0,4
llama_forward,final_rmsnorm,/tmp/llama_forward_ops_mlir/final_rmsnorm_debuf.mlir,ae5ac3785ba5eb2237d744a376493e79162c38d9a685184b44a99a47f0b69edb,egglog,5,ok,0,1810.5539605021477,0,"[""/usr/bin/python3"", ""/home/arjaiswal/Polygeist/scripts/correctness/kernel_match_rewrite.py"", ""/tmp/llama_forward_ops_mlir/final_rmsnorm_debuf.mlir"", ""--dry-run"", ""--matcher-mode"", ""egglog"", ""--telemetry-json"", ""/home/arjaiswal/Polygeist/issues/equality_saturation_eval/campaign_20260908/llama_forward-final_rmsnorm-egglog-1x4mskux.json"", ""--disable-semantic-fallback""]","== match report for /tmp/llama_forward_ops_mlir/final_rmsnorm_debuf.mlir ==
  match          body#[0, 1]  rmsnorm_f32_tensor
  total: 1 matched / 1 bodies
",0,[],0,0,0,0,/tmp/llama_forward_ops_mlir/final_rmsnorm_debuf.mlir,2786,8,2,2,760.473046451807,0,69180,68.19126009941101,4,4,0,42,"[{""body_indices"": [0, 1], ""symbol"": ""rmsnorm_f32_tensor""}]",1,0,0,0.0,4
llama_forward,final_rmsnorm,/tmp/llama_forward_ops_mlir/final_rmsnorm_debuf.mlir,ae5ac3785ba5eb2237d744a376493e79162c38d9a685184b44a99a47f0b69edb,syntactic,5,ok,0,1319.7957910597324,0,"[""/usr/bin/python3"", ""/home/arjaiswal/Polygeist/scripts/correctness/kernel_match_rewrite.py"", ""/tmp/llama_forward_ops_mlir/final_rmsnorm_debuf.mlir"", ""--dry-run"", ""--matcher-mode"", ""syntactic"", ""--telemetry-json"", ""/home/arjaiswal/Polygeist/issues/equality_saturation_eval/campaign_20260908/llama_forward-final_rmsnorm-syntactic-i9o051qm.json"", ""--disable-semantic-fallback""]","== match report for /tmp/llama_forward_ops_mlir/final_rmsnorm_debuf.mlir ==
  match          body#[0, 1]  rmsnorm_f32_tensor
  total: 1 matched / 1 bodies
",0,[],0,0,0,0,/tmp/llama_forward_ops_mlir/final_rmsnorm_debuf.mlir,2786,0,2,2,543.9969226717949,0,65636,0.07362291216850281,0,4,0,0,"[{""body_indices"": [0, 1], ""symbol"": ""rmsnorm_f32_tensor""}]",1,0,4,0.0,4
llama_forward,gate_up_projection,/tmp/llama_forward_ops_mlir/gate_up_projection_debuf.mlir,bc4989b4f3434d6e5ccc1af81180dfecaf49a76ad77f9bcea7bae77942514ad0,syntactic,1,ok,0,1787.290208041668,0,"[""/usr/bin/python3"", ""/home/arjaiswal/Polygeist/scripts/correctness/kernel_match_rewrite.py"", ""/tmp/llama_forward_ops_mlir/gate_up_projection_debuf.mlir"", ""--dry-run"", ""--matcher-mode"", ""syntactic"", ""--telemetry-json"", ""/home/arjaiswal/Polygeist/issues/equality_saturation_eval/campaign_20260908/llama_forward-gate_up_projection-syntactic-jbu08acy.json"", ""--disable-semantic-fallback""]","== match report for /tmp/llama_forward_ops_mlir/gate_up_projection_debuf.mlir ==
  match          body#[0]  memset_zero_1D_f32
  contraction_init_provenance_reject body#1  cutensornetContraction2_f64
  match          body#[3]  cublasSgemv
  total: 2 matched / 3 bodies
",0,[],0,0,0,0,/tmp/llama_forward_ops_mlir/gate_up_projection_debuf.mlir,3209,0,4,2,876.0169446468353,0,65664,0.22777169942855835,0,42,0,0,"[{""body_indices"": [0], ""symbol"": ""memset_zero_1D_f32""}, {""body_indices"": [3], ""symbol"": ""cublasSgemv""}]",2,0,52,0.0,52
llama_forward,gate_up_projection,/tmp/llama_forward_ops_mlir/gate_up_projection_debuf.mlir,bc4989b4f3434d6e5ccc1af81180dfecaf49a76ad77f9bcea7bae77942514ad0,egglog,1,ok,0,2271.543201059103,0,"[""/usr/bin/python3"", ""/home/arjaiswal/Polygeist/scripts/correctness/kernel_match_rewrite.py"", ""/tmp/llama_forward_ops_mlir/gate_up_projection_debuf.mlir"", ""--dry-run"", ""--matcher-mode"", ""egglog"", ""--telemetry-json"", ""/home/arjaiswal/Polygeist/issues/equality_saturation_eval/campaign_20260908/llama_forward-gate_up_projection-egglog-u1989_0k.json"", ""--disable-semantic-fallback""]","== match report for /tmp/llama_forward_ops_mlir/gate_up_projection_debuf.mlir ==
  match          body#[0]  memset_zero_1D_f32
  contraction_init_provenance_reject body#1  cutensornetContraction2_f64
  match          body#[3]  cublasSgemv
  total: 2 matched / 3 bodies
",0,[],0,0,0,0,/tmp/llama_forward_ops_mlir/gate_up_projection_debuf.mlir,3209,8,4,2,1714.7547900676727,0,70212,956.3270099461079,42,42,0,24,"[{""body_indices"": [0], ""symbol"": ""memset_zero_1D_f32""}, {""body_indices"": [3], ""symbol"": ""cublasSgemv""}]",2,0,0,0.0,52
llama_forward,gate_up_projection,/tmp/llama_forward_ops_mlir/gate_up_projection_debuf.mlir,bc4989b4f3434d6e5ccc1af81180dfecaf49a76ad77f9bcea7bae77942514ad0,egglog,2,ok,0,2528.893042355776,0,"[""/usr/bin/python3"", ""/home/arjaiswal/Polygeist/scripts/correctness/kernel_match_rewrite.py"", ""/tmp/llama_forward_ops_mlir/gate_up_projection_debuf.mlir"", ""--dry-run"", ""--matcher-mode"", ""egglog"", ""--telemetry-json"", ""/home/arjaiswal/Polygeist/issues/equality_saturation_eval/campaign_20260908/llama_forward-gate_up_projection-egglog-qvlioy7k.json"", ""--disable-semantic-fallback""]","== match report for /tmp/llama_forward_ops_mlir/gate_up_projection_debuf.mlir ==
  match          body#[0]  memset_zero_1D_f32
  contraction_init_provenance_reject body#1  cutensornetContraction2_f64
  match          body#[3]  cublasSgemv
  total: 2 matched / 3 bodies
",0,[],0,0,0,0,/tmp/llama_forward_ops_mlir/gate_up_projection_debuf.mlir,3209,8,4,2,1457.3822915554047,0,70088,627.6854015886784,42,42,0,24,"[{""body_indices"": [0], ""symbol"": ""memset_zero_1D_f32""}, {""body_indices"": [3], ""symbol"": ""cublasSgemv""}]",2,0,0,0.0,52
llama_forward,gate_up_projection,/tmp/llama_forward_ops_mlir/gate_up_projection_debuf.mlir,bc4989b4f3434d6e5ccc1af81180dfecaf49a76ad77f9bcea7bae77942514ad0,syntactic,2,ok,0,1122.6020529866219,0,"[""/usr/bin/python3"", ""/home/arjaiswal/Polygeist/scripts/correctness/kernel_match_rewrite.py"", ""/tmp/llama_forward_ops_mlir/gate_up_projection_debuf.mlir"", ""--dry-run"", ""--matcher-mode"", ""syntactic"", ""--telemetry-json"", ""/home/arjaiswal/Polygeist/issues/equality_saturation_eval/campaign_20260908/llama_forward-gate_up_projection-syntactic-3qwbviov.json"", ""--disable-semantic-fallback""]","== match report for /tmp/llama_forward_ops_mlir/gate_up_projection_debuf.mlir ==
  match          body#[0]  memset_zero_1D_f32
  contraction_init_provenance_reject body#1  cutensornetContraction2_f64
  match          body#[3]  cublasSgemv
  total: 2 matched / 3 bodies
",0,[],0,0,0,0,/tmp/llama_forward_ops_mlir/gate_up_projection_debuf.mlir,3209,0,4,2,440.51194190979004,0,65844,0.22729486227035522,0,42,0,0,"[{""body_indices"": [0], ""symbol"": ""memset_zero_1D_f32""}, {""body_indices"": [3], ""symbol"": ""cublasSgemv""}]",2,0,52,0.0,52
llama_forward,gate_up_projection,/tmp/llama_forward_ops_mlir/gate_up_projection_debuf.mlir,bc4989b4f3434d6e5ccc1af81180dfecaf49a76ad77f9bcea7bae77942514ad0,syntactic,3,ok,0,918.2114936411381,0,"[""/usr/bin/python3"", ""/home/arjaiswal/Polygeist/scripts/correctness/kernel_match_rewrite.py"", ""/tmp/llama_forward_ops_mlir/gate_up_projection_debuf.mlir"", ""--dry-run"", ""--matcher-mode"", ""syntactic"", ""--telemetry-json"", ""/home/arjaiswal/Polygeist/issues/equality_saturation_eval/campaign_20260908/llama_forward-gate_up_projection-syntactic-qneal5lh.json"", ""--disable-semantic-fallback""]","== match report for /tmp/llama_forward_ops_mlir/gate_up_projection_debuf.mlir ==
  match          body#[0]  memset_zero_1D_f32
  contraction_init_provenance_reject body#1  cutensornetContraction2_f64
  match          body#[3]  cublasSgemv
  total: 2 matched / 3 bodies
",0,[],0,0,0,0,/tmp/llama_forward_ops_mlir/gate_up_projection_debuf.mlir,3209,0,4,2,436.8250221014023,0,65584,0.2229250967502594,0,42,0,0,"[{""body_indices"": [0], ""symbol"": ""memset_zero_1D_f32""}, {""body_indices"": [3], ""symbol"": ""cublasSgemv""}]",2,0,52,0.0,52
llama_forward,gate_up_projection,/tmp/llama_forward_ops_mlir/gate_up_projection_debuf.mlir,bc4989b4f3434d6e5ccc1af81180dfecaf49a76ad77f9bcea7bae77942514ad0,egglog,3,ok,0,2795.5934070050716,0,"[""/usr/bin/python3"", ""/home/arjaiswal/Polygeist/scripts/correctness/kernel_match_rewrite.py"", ""/tmp/llama_forward_ops_mlir/gate_up_projection_debuf.mlir"", ""--dry-run"", ""--matcher-mode"", ""egglog"", ""--telemetry-json"", ""/home/arjaiswal/Polygeist/issues/equality_saturation_eval/campaign_20260908/llama_forward-gate_up_projection-egglog-0cqbcd5c.json"", ""--disable-semantic-fallback""]","== match report for /tmp/llama_forward_ops_mlir/gate_up_projection_debuf.mlir ==
  match          body#[0]  memset_zero_1D_f32
  contraction_init_provenance_reject body#1  cutensornetContraction2_f64
  match          body#[3]  cublasSgemv
  total: 2 matched / 3 bodies
",0,[],0,0,0,0,/tmp/llama_forward_ops_mlir/gate_up_projection_debuf.mlir,3209,8,4,2,1826.3837024569511,0,69968,856.1782725155354,42,42,0,24,"[{""body_indices"": [0], ""symbol"": ""memset_zero_1D_f32""}, {""body_indices"": [3], ""symbol"": ""cublasSgemv""}]",2,0,0,0.0,52
llama_forward,gate_up_projection,/tmp/llama_forward_ops_mlir/gate_up_projection_debuf.mlir,bc4989b4f3434d6e5ccc1af81180dfecaf49a76ad77f9bcea7bae77942514ad0,egglog,4,ok,0,2587.590739130974,0,"[""/usr/bin/python3"", ""/home/arjaiswal/Polygeist/scripts/correctness/kernel_match_rewrite.py"", ""/tmp/llama_forward_ops_mlir/gate_up_projection_debuf.mlir"", ""--dry-run"", ""--matcher-mode"", ""egglog"", ""--telemetry-json"", ""/home/arjaiswal/Polygeist/issues/equality_saturation_eval/campaign_20260908/llama_forward-gate_up_projection-egglog-fzjb_mx0.json"", ""--disable-semantic-fallback""]","== match report for /tmp/llama_forward_ops_mlir/gate_up_projection_debuf.mlir ==
  match          body#[0]  memset_zero_1D_f32
  contraction_init_provenance_reject body#1  cutensornetContraction2_f64
  match          body#[3]  cublasSgemv
  total: 2 matched / 3 bodies
",0,[],0,0,0,0,/tmp/llama_forward_ops_mlir/gate_up_projection_debuf.mlir,3209,8,4,2,1544.6604155004025,0,70160,868.1383468210697,42,42,0,24,"[{""body_indices"": [0], ""symbol"": ""memset_zero_1D_f32""}, {""body_indices"": [3], ""symbol"": ""cublasSgemv""}]",2,0,0,0.0,52
llama_forward,gate_up_projection,/tmp/llama_forward_ops_mlir/gate_up_projection_debuf.mlir,bc4989b4f3434d6e5ccc1af81180dfecaf49a76ad77f9bcea7bae77942514ad0,syntactic,4,ok,0,1660.4833640158176,0,"[""/usr/bin/python3"", ""/home/arjaiswal/Polygeist/scripts/correctness/kernel_match_rewrite.py"", ""/tmp/llama_forward_ops_mlir/gate_up_projection_debuf.mlir"", ""--dry-run"", ""--matcher-mode"", ""syntactic"", ""--telemetry-json"", ""/home/arjaiswal/Polygeist/issues/equality_saturation_eval/campaign_20260908/llama_forward-gate_up_projection-syntactic-7t9gq1j4.json"", ""--disable-semantic-fallback""]","== match report for /tmp/llama_forward_ops_mlir/gate_up_projection_debuf.mlir ==
  match          body#[0]  memset_zero_1D_f32
  contraction_init_provenance_reject body#1  cutensornetContraction2_f64
  match          body#[3]  cublasSgemv
  total: 2 matched / 3 bodies
",0,[],0,0,0,0,/tmp/llama_forward_ops_mlir/gate_up_projection_debuf.mlir,3209,0,4,2,551.9887916743755,0,65628,0.20607933402061462,0,42,0,0,"[{""body_indices"": [0], ""symbol"": ""memset_zero_1D_f32""}, {""body_indices"": [3], ""symbol"": ""cublasSgemv""}]",2,0,52,0.0,52
llama_forward,gate_up_projection,/tmp/llama_forward_ops_mlir/gate_up_projection_debuf.mlir,bc4989b4f3434d6e5ccc1af81180dfecaf49a76ad77f9bcea7bae77942514ad0,syntactic,5,ok,0,1535.517357289791,0,"[""/usr/bin/python3"", ""/home/arjaiswal/Polygeist/scripts/correctness/kernel_match_rewrite.py"", ""/tmp/llama_forward_ops_mlir/gate_up_projection_debuf.mlir"", ""--dry-run"", ""--matcher-mode"", ""syntactic"", ""--telemetry-json"", ""/home/arjaiswal/Polygeist/issues/equality_saturation_eval/campaign_20260908/llama_forward-gate_up_projection-syntactic-ma6d99ik.json"", ""--disable-semantic-fallback""]","== match report for /tmp/llama_forward_ops_mlir/gate_up_projection_debuf.mlir ==
  match          body#[0]  memset_zero_1D_f32
  contraction_init_provenance_reject body#1  cutensornetContraction2_f64
  match          body#[3]  cublasSgemv
  total: 2 matched / 3 bodies
",0,[],0,0,0,0,/tmp/llama_forward_ops_mlir/gate_up_projection_debuf.mlir,3209,0,4,2,585.4920856654644,0,65580,0.19808858633041382,0,42,0,0,"[{""body_indices"": [0], ""symbol"": ""memset_zero_1D_f32""}, {""body_indices"": [3], ""symbol"": ""cublasSgemv""}]",2,0,52,0.0,52
llama_forward,gate_up_projection,/tmp/llama_forward_ops_mlir/gate_up_projection_debuf.mlir,bc4989b4f3434d6e5ccc1af81180dfecaf49a76ad77f9bcea7bae77942514ad0,egglog,5,ok,0,2458.3022445440292,0,"[""/usr/bin/python3"", ""/home/arjaiswal/Polygeist/scripts/correctness/kernel_match_rewrite.py"", ""/tmp/llama_forward_ops_mlir/gate_up_projection_debuf.mlir"", ""--dry-run"", ""--matcher-mode"", ""egglog"", ""--telemetry-json"", ""/home/arjaiswal/Polygeist/issues/equality_saturation_eval/campaign_20260908/llama_forward-gate_up_projection-egglog-fhoat22p.json"", ""--disable-semantic-fallback""]","== match report for /tmp/llama_forward_ops_mlir/gate_up_projection_debuf.mlir ==
  match          body#[0]  memset_zero_1D_f32
  contraction_init_provenance_reject body#1  cutensornetContraction2_f64
  match          body#[3]  cublasSgemv
  total: 2 matched / 3 bodies
",0,[],0,0,0,0,/tmp/llama_forward_ops_mlir/gate_up_projection_debuf.mlir,3209,8,4,2,1329.3320424854755,0,69980,701.3198807835579,42,42,0,24,"[{""body_indices"": [0], ""symbol"": ""memset_zero_1D_f32""}, {""body_indices"": [3], ""symbol"": ""cublasSgemv""}]",2,0,0,0.0,52
llama_forward,kv_cache_rw,/tmp/llama_forward_ops_mlir/kv_cache_rw_debuf.mlir,9902e82d8482bce268e1f3865081231d9554d5a1fa452d1e4f6f2172614ef2d4,egglog,1,ok,0,2732.5902841985226,0,"[""/usr/bin/python3"", ""/home/arjaiswal/Polygeist/scripts/correctness/kernel_match_rewrite.py"", ""/tmp/llama_forward_ops_mlir/kv_cache_rw_debuf.mlir"", ""--dry-run"", ""--matcher-mode"", ""egglog"", ""--telemetry-json"", ""/home/arjaiswal/Polygeist/issues/equality_saturation_eval/campaign_20260908/llama_forward-kv_cache_rw-egglog-8bfmg0he.json"", ""--disable-semantic-fallback""]","== match report for /tmp/llama_forward_ops_mlir/kv_cache_rw_debuf.mlir ==
  match          body#[0]  cudaCopy1D_f32_tensor
  match          body#[1]  cudaCopy1D_f32_tensor
  match          body#[2]  cudaCopy2D_f32_tensor
  match          body#[3]  cudaCopy2D_f32_tensor
  total: 4 matched / 4 bodies
",0,[],0,0,0,0,/tmp/llama_forward_ops_mlir/kv_cache_rw_debuf.mlir,4146,8,4,4,2159.486301243305,0,70140,419.184610247612,16,16,0,0,"[{""body_indices"": [0], ""symbol"": ""cudaCopy1D_f32_tensor""}, {""body_indices"": [1], ""symbol"": ""cudaCopy1D_f32_tensor""}, {""body_indices"": [2], ""symbol"": ""cudaCopy2D_f32_tensor""}, {""body_indices"": [3], ""symbol"": ""cudaCopy2D_f32_tensor""}]",4,0,0,0.0,212
llama_forward,kv_cache_rw,/tmp/llama_forward_ops_mlir/kv_cache_rw_debuf.mlir,9902e82d8482bce268e1f3865081231d9554d5a1fa452d1e4f6f2172614ef2d4,syntactic,1,ok,0,3194.3065896630287,0,"[""/usr/bin/python3"", ""/home/arjaiswal/Polygeist/scripts/correctness/kernel_match_rewrite.py"", ""/tmp/llama_forward_ops_mlir/kv_cache_rw_debuf.mlir"", ""--dry-run"", ""--matcher-mode"", ""syntactic"", ""--telemetry-json"", ""/home/arjaiswal/Polygeist/issues/equality_saturation_eval/campaign_20260908/llama_forward-kv_cache_rw-syntactic-u4fyhqn2.json"", ""--disable-semantic-fallback""]","== match report for /tmp/llama_forward_ops_mlir/kv_cache_rw_debuf.mlir ==
  match          body#[0]  cudaCopy1D_f32_tensor
  match          body#[1]  cudaCopy1D_f32_tensor
  match          body#[2]  cudaCopy2D_f32_tensor
  match          body#[3]  cudaCopy2D_f32_tensor
  total: 4 matched / 4 bodies
",0,[],0,0,0,0,/tmp/llama_forward_ops_mlir/kv_cache_rw_debuf.mlir,4146,0,4,4,2141.733583062887,0,65968,0.7062405347824097,0,16,0,0,"[{""body_indices"": [0], ""symbol"": ""cudaCopy1D_f32_tensor""}, {""body_indices"": [1], ""symbol"": ""cudaCopy1D_f32_tensor""}, {""body_indices"": [2], ""symbol"": ""cudaCopy2D_f32_tensor""}, {""body_indices"": [3], ""symbol"": ""cudaCopy2D_f32_tensor""}]",4,0,212,0.0,212
llama_forward,kv_cache_rw,/tmp/llama_forward_ops_mlir/kv_cache_rw_debuf.mlir,9902e82d8482bce268e1f3865081231d9554d5a1fa452d1e4f6f2172614ef2d4,syntactic,2,ok,0,1711.0352367162704,0,"[""/usr/bin/python3"", ""/home/arjaiswal/Polygeist/scripts/correctness/kernel_match_rewrite.py"", ""/tmp/llama_forward_ops_mlir/kv_cache_rw_debuf.mlir"", ""--dry-run"", ""--matcher-mode"", ""syntactic"", ""--telemetry-json"", ""/home/arjaiswal/Polygeist/issues/equality_saturation_eval/campaign_20260908/llama_forward-kv_cache_rw-syntactic-uomocdjw.json"", ""--disable-semantic-fallback""]","== match report for /tmp/llama_forward_ops_mlir/kv_cache_rw_debuf.mlir ==
  match          body#[0]  cudaCopy1D_f32_tensor
  match          body#[1]  cudaCopy1D_f32_tensor
  match          body#[2]  cudaCopy2D_f32_tensor
  match          body#[3]  cudaCopy2D_f32_tensor
  total: 4 matched / 4 bodies
",0,[],0,0,0,0,/tmp/llama_forward_ops_mlir/kv_cache_rw_debuf.mlir,4146,0,4,4,1155.7317674160004,0,66004,0.6134845316410065,0,16,0,0,"[{""body_indices"": [0], ""symbol"": ""cudaCopy1D_f32_tensor""}, {""body_indices"": [1], ""symbol"": ""cudaCopy1D_f32_tensor""}, {""body_indices"": [2], ""symbol"": ""cudaCopy2D_f32_tensor""}, {""body_indices"": [3], ""symbol"": ""cudaCopy2D_f32_tensor""}]",4,0,212,0.0,212
llama_forward,kv_cache_rw,/tmp/llama_forward_ops_mlir/kv_cache_rw_debuf.mlir,9902e82d8482bce268e1f3865081231d9554d5a1fa452d1e4f6f2172614ef2d4,egglog,2,ok,0,2961.0774032771587,0,"[""/usr/bin/python3"", ""/home/arjaiswal/Polygeist/scripts/correctness/kernel_match_rewrite.py"", ""/tmp/llama_forward_ops_mlir/kv_cache_rw_debuf.mlir"", ""--dry-run"", ""--matcher-mode"", ""egglog"", ""--telemetry-json"", ""/home/arjaiswal/Polygeist/issues/equality_saturation_eval/campaign_20260908/llama_forward-kv_cache_rw-egglog-_fkjb3fi.json"", ""--disable-semantic-fallback""]","== match report for /tmp/llama_forward_ops_mlir/kv_cache_rw_debuf.mlir ==
  match          body#[0]  cudaCopy1D_f32_tensor
  match          body#[1]  cudaCopy1D_f32_tensor
  match          body#[2]  cudaCopy2D_f32_tensor
  match          body#[3]  cudaCopy2D_f32_tensor
  total: 4 matched / 4 bodies
",0,[],0,0,0,0,/tmp/llama_forward_ops_mlir/kv_cache_rw_debuf.mlir,4146,8,4,4,1897.7139182388783,0,70136,303.8306050002575,16,16,0,0,"[{""body_indices"": [0], ""symbol"": ""cudaCopy1D_f32_tensor""}, {""body_indices"": [1], ""symbol"": ""cudaCopy1D_f32_tensor""}, {""body_indices"": [2], ""symbol"": ""cudaCopy2D_f32_tensor""}, {""body_indices"": [3], ""symbol"": ""cudaCopy2D_f32_tensor""}]",4,0,0,0.0,212
llama_forward,kv_cache_rw,/tmp/llama_forward_ops_mlir/kv_cache_rw_debuf.mlir,9902e82d8482bce268e1f3865081231d9554d5a1fa452d1e4f6f2172614ef2d4,egglog,3,ok,0,2628.0112490057945,0,"[""/usr/bin/python3"", ""/home/arjaiswal/Polygeist/scripts/correctness/kernel_match_rewrite.py"", ""/tmp/llama_forward_ops_mlir/kv_cache_rw_debuf.mlir"", ""--dry-run"", ""--matcher-mode"", ""egglog"", ""--telemetry-json"", ""/home/arjaiswal/Polygeist/issues/equality_saturation_eval/campaign_20260908/llama_forward-kv_cache_rw-egglog-gzjexosb.json"", ""--disable-semantic-fallback""]","== match report for /tmp/llama_forward_ops_mlir/kv_cache_rw_debuf.mlir ==
  match          body#[0]  cudaCopy1D_f32_tensor
  match          body#[1]  cudaCopy1D_f32_tensor
  match          body#[2]  cudaCopy2D_f32_tensor
  match          body#[3]  cudaCopy2D_f32_tensor
  total: 4 matched / 4 bodies
",0,[],0,0,0,0,/tmp/llama_forward_ops_mlir/kv_cache_rw_debuf.mlir,4146,8,4,4,2038.6162772774696,0,70160,415.05835950374603,16,16,0,0,"[{""body_indices"": [0], ""symbol"": ""cudaCopy1D_f32_tensor""}, {""body_indices"": [1], ""symbol"": ""cudaCopy1D_f32_tensor""}, {""body_indices"": [2], ""symbol"": ""cudaCopy2D_f32_tensor""}, {""body_indices"": [3], ""symbol"": ""cudaCopy2D_f32_tensor""}]",4,0,0,0.0,212
llama_forward,kv_cache_rw,/tmp/llama_forward_ops_mlir/kv_cache_rw_debuf.mlir,9902e82d8482bce268e1f3865081231d9554d5a1fa452d1e4f6f2172614ef2d4,syntactic,3,ok,0,2575.3189399838448,0,"[""/usr/bin/python3"", ""/home/arjaiswal/Polygeist/scripts/correctness/kernel_match_rewrite.py"", ""/tmp/llama_forward_ops_mlir/kv_cache_rw_debuf.mlir"", ""--dry-run"", ""--matcher-mode"", ""syntactic"", ""--telemetry-json"", ""/home/arjaiswal/Polygeist/issues/equality_saturation_eval/campaign_20260908/llama_forward-kv_cache_rw-syntactic-cluc4zfh.json"", ""--disable-semantic-fallback""]","== match report for /tmp/llama_forward_ops_mlir/kv_cache_rw_debuf.mlir ==
  match          body#[0]  cudaCopy1D_f32_tensor
  match          body#[1]  cudaCopy1D_f32_tensor
  match          body#[2]  cudaCopy2D_f32_tensor
  match          body#[3]  cudaCopy2D_f32_tensor
  total: 4 matched / 4 bodies
",0,[],0,0,0,0,/tmp/llama_forward_ops_mlir/kv_cache_rw_debuf.mlir,4146,0,4,4,1695.7224607467651,0,65892,0.6682202219963074,0,16,0,0,"[{""body_indices"": [0], ""symbol"": ""cudaCopy1D_f32_tensor""}, {""body_indices"": [1], ""symbol"": ""cudaCopy1D_f32_tensor""}, {""body_indices"": [2], ""symbol"": ""cudaCopy2D_f32_tensor""}, {""body_indices"": [3], ""symbol"": ""cudaCopy2D_f32_tensor""}]",4,0,212,0.0,212
llama_forward,kv_cache_rw,/tmp/llama_forward_ops_mlir/kv_cache_rw_debuf.mlir,9902e82d8482bce268e1f3865081231d9554d5a1fa452d1e4f6f2172614ef2d4,syntactic,4,ok,0,2546.381264925003,0,"[""/usr/bin/python3"", ""/home/arjaiswal/Polygeist/scripts/correctness/kernel_match_rewrite.py"", ""/tmp/llama_forward_ops_mlir/kv_cache_rw_debuf.mlir"", ""--dry-run"", ""--matcher-mode"", ""syntactic"", ""--telemetry-json"", ""/home/arjaiswal/Polygeist/issues/equality_saturation_eval/campaign_20260908/llama_forward-kv_cache_rw-syntactic-5tp1naba.json"", ""--disable-semantic-fallback""]","== match report for /tmp/llama_forward_ops_mlir/kv_cache_rw_debuf.mlir ==
  match          body#[0]  cudaCopy1D_f32_tensor
  match          body#[1]  cudaCopy1D_f32_tensor
  match          body#[2]  cudaCopy2D_f32_tensor
  match          body#[3]  cudaCopy2D_f32_tensor
  total: 4 matched / 4 bodies
",0,[],0,0,0,0,/tmp/llama_forward_ops_mlir/kv_cache_rw_debuf.mlir,4146,0,4,4,1580.4576128721237,0,66088,0.6431601941585541,0,16,0,0,"[{""body_indices"": [0], ""symbol"": ""cudaCopy1D_f32_tensor""}, {""body_indices"": [1], ""symbol"": ""cudaCopy1D_f32_tensor""}, {""body_indices"": [2], ""symbol"": ""cudaCopy2D_f32_tensor""}, {""body_indices"": [3], ""symbol"": ""cudaCopy2D_f32_tensor""}]",4,0,212,0.0,212
llama_forward,kv_cache_rw,/tmp/llama_forward_ops_mlir/kv_cache_rw_debuf.mlir,9902e82d8482bce268e1f3865081231d9554d5a1fa452d1e4f6f2172614ef2d4,egglog,4,ok,0,2033.657968044281,0,"[""/usr/bin/python3"", ""/home/arjaiswal/Polygeist/scripts/correctness/kernel_match_rewrite.py"", ""/tmp/llama_forward_ops_mlir/kv_cache_rw_debuf.mlir"", ""--dry-run"", ""--matcher-mode"", ""egglog"", ""--telemetry-json"", ""/home/arjaiswal/Polygeist/issues/equality_saturation_eval/campaign_20260908/llama_forward-kv_cache_rw-egglog-l6xulnwr.json"", ""--disable-semantic-fallback""]","== match report for /tmp/llama_forward_ops_mlir/kv_cache_rw_debuf.mlir ==
  match          body#[0]  cudaCopy1D_f32_tensor
  match          body#[1]  cudaCopy1D_f32_tensor
  match          body#[2]  cudaCopy2D_f32_tensor
  match          body#[3]  cudaCopy2D_f32_tensor
  total: 4 matched / 4 bodies
",0,[],0,0,0,0,/tmp/llama_forward_ops_mlir/kv_cache_rw_debuf.mlir,4146,8,4,4,1460.660733282566,0,70108,217.5876870751381,16,16,0,0,"[{""body_indices"": [0], ""symbol"": ""cudaCopy1D_f32_tensor""}, {""body_indices"": [1], ""symbol"": ""cudaCopy1D_f32_tensor""}, {""body_indices"": [2], ""symbol"": ""cudaCopy2D_f32_tensor""}, {""body_indices"": [3], ""symbol"": ""cudaCopy2D_f32_tensor""}]",4,0,0,0.0,212
llama_forward,kv_cache_rw,/tmp/llama_forward_ops_mlir/kv_cache_rw_debuf.mlir,9902e82d8482bce268e1f3865081231d9554d5a1fa452d1e4f6f2172614ef2d4,egglog,5,ok,0,2651.696849614382,0,"[""/usr/bin/python3"", ""/home/arjaiswal/Polygeist/scripts/correctness/kernel_match_rewrite.py"", ""/tmp/llama_forward_ops_mlir/kv_cache_rw_debuf.mlir"", ""--dry-run"", ""--matcher-mode"", ""egglog"", ""--telemetry-json"", ""/home/arjaiswal/Polygeist/issues/equality_saturation_eval/campaign_20260908/llama_forward-kv_cache_rw-egglog-c30nyjv8.json"", ""--disable-semantic-fallback""]","== match report for /tmp/llama_forward_ops_mlir/kv_cache_rw_debuf.mlir ==
  match          body#[0]  cudaCopy1D_f32_tensor
  match          body#[1]  cudaCopy1D_f32_tensor
  match          body#[2]  cudaCopy2D_f32_tensor
  match          body#[3]  cudaCopy2D_f32_tensor
  total: 4 matched / 4 bodies
",0,[],0,0,0,0,/tmp/llama_forward_ops_mlir/kv_cache_rw_debuf.mlir,4146,8,4,4,1889.0778981149197,0,70220,335.239939391613,16,16,0,0,"[{""body_indices"": [0], ""symbol"": ""cudaCopy1D_f32_tensor""}, {""body_indices"": [1], ""symbol"": ""cudaCopy1D_f32_tensor""}, {""body_indices"": [2], ""symbol"": ""cudaCopy2D_f32_tensor""}, {""body_indices"": [3], ""symbol"": ""cudaCopy2D_f32_tensor""}]",4,0,0,0.0,212
llama_forward,kv_cache_rw,/tmp/llama_forward_ops_mlir/kv_cache_rw_debuf.mlir,9902e82d8482bce268e1f3865081231d9554d5a1fa452d1e4f6f2172614ef2d4,syntactic,5,ok,0,3240.2422465384007,0,"[""/usr/bin/python3"", ""/home/arjaiswal/Polygeist/scripts/correctness/kernel_match_rewrite.py"", ""/tmp/llama_forward_ops_mlir/kv_cache_rw_debuf.mlir"", ""--dry-run"", ""--matcher-mode"", ""syntactic"", ""--telemetry-json"", ""/home/arjaiswal/Polygeist/issues/equality_saturation_eval/campaign_20260908/llama_forward-kv_cache_rw-syntactic-uzyko_4u.json"", ""--disable-semantic-fallback""]","== match report for /tmp/llama_forward_ops_mlir/kv_cache_rw_debuf.mlir ==
  match          body#[0]  cudaCopy1D_f32_tensor
  match          body#[1]  cudaCopy1D_f32_tensor
  match          body#[2]  cudaCopy2D_f32_tensor
  match          body#[3]  cudaCopy2D_f32_tensor
  total: 4 matched / 4 bodies
",0,[],0,0,0,0,/tmp/llama_forward_ops_mlir/kv_cache_rw_debuf.mlir,4146,0,4,4,1978.5973653197289,0,65924,0.7287301123142242,0,16,0,0,"[{""body_indices"": [0], ""symbol"": ""cudaCopy1D_f32_tensor""}, {""body_indices"": [1], ""symbol"": ""cudaCopy1D_f32_tensor""}, {""body_indices"": [2], ""symbol"": ""cudaCopy2D_f32_tensor""}, {""body_indices"": [3], ""symbol"": ""cudaCopy2D_f32_tensor""}]",4,0,212,0.0,212
llama_forward,lm_head_projection,/tmp/llama_forward_ops_mlir/lm_head_projection_debuf.mlir,585f7c9da25dc41c1958a0c2a0a8f65184ef64dfaf297a59de69bd976f20baa9,syntactic,1,ok,0,1859.6747368574142,0,"[""/usr/bin/python3"", ""/home/arjaiswal/Polygeist/scripts/correctness/kernel_match_rewrite.py"", ""/tmp/llama_forward_ops_mlir/lm_head_projection_debuf.mlir"", ""--dry-run"", ""--matcher-mode"", ""syntactic"", ""--telemetry-json"", ""/home/arjaiswal/Polygeist/issues/equality_saturation_eval/campaign_20260908/llama_forward-lm_head_projection-syntactic-8v2s6ffd.json"", ""--disable-semantic-fallback""]","== match report for /tmp/llama_forward_ops_mlir/lm_head_projection_debuf.mlir ==
  match          body#[0, 1]  cublasSgemv
  total: 1 matched / 1 bodies
",0,[],0,0,0,0,/tmp/llama_forward_ops_mlir/lm_head_projection_debuf.mlir,2338,0,2,2,844.1040068864822,0,64652,0.08618831634521484,0,14,0,0,"[{""body_indices"": [0, 1], ""symbol"": ""cublasSgemv""}]",1,0,16,0.0,16
llama_forward,lm_head_projection,/tmp/llama_forward_ops_mlir/lm_head_projection_debuf.mlir,585f7c9da25dc41c1958a0c2a0a8f65184ef64dfaf297a59de69bd976f20baa9,egglog,1,ok,0,1152.022335678339,0,"[""/usr/bin/python3"", ""/home/arjaiswal/Polygeist/scripts/correctness/kernel_match_rewrite.py"", ""/tmp/llama_forward_ops_mlir/lm_head_projection_debuf.mlir"", ""--dry-run"", ""--matcher-mode"", ""egglog"", ""--telemetry-json"", ""/home/arjaiswal/Polygeist/issues/equality_saturation_eval/campaign_20260908/llama_forward-lm_head_projection-egglog-qdr2guwh.json"", ""--disable-semantic-fallback""]","== match report for /tmp/llama_forward_ops_mlir/lm_head_projection_debuf.mlir ==
  match          body#[0, 1]  cublasSgemv
  total: 1 matched / 1 bodies
",0,[],0,0,0,0,/tmp/llama_forward_ops_mlir/lm_head_projection_debuf.mlir,2338,8,2,2,480.9334948658943,0,69688,152.48172730207443,14,14,0,8,"[{""body_indices"": [0, 1], ""symbol"": ""cublasSgemv""}]",1,0,0,0.0,16
llama_forward,lm_head_projection,/tmp/llama_forward_ops_mlir/lm_head_projection_debuf.mlir,585f7c9da25dc41c1958a0c2a0a8f65184ef64dfaf297a59de69bd976f20baa9,egglog,2,ok,0,2205.369096249342,0,"[""/usr/bin/python3"", ""/home/arjaiswal/Polygeist/scripts/correctness/kernel_match_rewrite.py"", ""/tmp/llama_forward_ops_mlir/lm_head_projection_debuf.mlir"", ""--dry-run"", ""--matcher-mode"", ""egglog"", ""--telemetry-json"", ""/home/arjaiswal/Polygeist/issues/equality_saturation_eval/campaign_20260908/llama_forward-lm_head_projection-egglog-la22s6r5.json"", ""--disable-semantic-fallback""]","== match report for /tmp/llama_forward_ops_mlir/lm_head_projection_debuf.mlir ==
  match          body#[0, 1]  cublasSgemv
  total: 1 matched / 1 bodies
",0,[],0,0,0,0,/tmp/llama_forward_ops_mlir/lm_head_projection_debuf.mlir,2338,8,2,2,1074.413925409317,0,69752,286.45163401961327,14,14,0,8,"[{""body_indices"": [0, 1], ""symbol"": ""cublasSgemv""}]",1,0,0,0.0,16
llama_forward,lm_head_projection,/tmp/llama_forward_ops_mlir/lm_head_projection_debuf.mlir,585f7c9da25dc41c1958a0c2a0a8f65184ef64dfaf297a59de69bd976f20baa9,syntactic,2,ok,0,875.6606206297874,0,"[""/usr/bin/python3"", ""/home/arjaiswal/Polygeist/scripts/correctness/kernel_match_rewrite.py"", ""/tmp/llama_forward_ops_mlir/lm_head_projection_debuf.mlir"", ""--dry-run"", ""--matcher-mode"", ""syntactic"", ""--telemetry-json"", ""/home/arjaiswal/Polygeist/issues/equality_saturation_eval/campaign_20260908/llama_forward-lm_head_projection-syntactic-uukor0lm.json"", ""--disable-semantic-fallback""]","== match report for /tmp/llama_forward_ops_mlir/lm_head_projection_debuf.mlir ==
  match          body#[0, 1]  cublasSgemv
  total: 1 matched / 1 bodies
",0,[],0,0,0,0,/tmp/llama_forward_ops_mlir/lm_head_projection_debuf.mlir,2338,0,2,2,332.786463201046,0,64968,0.07265061140060425,0,14,0,0,"[{""body_indices"": [0, 1], ""symbol"": ""cublasSgemv""}]",1,0,16,0.0,16
llama_forward,lm_head_projection,/tmp/llama_forward_ops_mlir/lm_head_projection_debuf.mlir,585f7c9da25dc41c1958a0c2a0a8f65184ef64dfaf297a59de69bd976f20baa9,syntactic,3,ok,0,998.0597011744976,0,"[""/usr/bin/python3"", ""/home/arjaiswal/Polygeist/scripts/correctness/kernel_match_rewrite.py"", ""/tmp/llama_forward_ops_mlir/lm_head_projection_debuf.mlir"", ""--dry-run"", ""--matcher-mode"", ""syntactic"", ""--telemetry-json"", ""/home/arjaiswal/Polygeist/issues/equality_saturation_eval/campaign_20260908/llama_forward-lm_head_projection-syntactic-3baj5eje.json"", ""--disable-semantic-fallback""]","== match report for /tmp/llama_forward_ops_mlir/lm_head_projection_debuf.mlir ==
  match          body#[0, 1]  cublasSgemv
  total: 1 matched / 1 bodies
",0,[],0,0,0,0,/tmp/llama_forward_ops_mlir/lm_head_projection_debuf.mlir,2338,0,2,2,367.866113781929,0,65804,0.06474554538726807,0,14,0,0,"[{""body_indices"": [0, 1], ""symbol"": ""cublasSgemv""}]",1,0,16,0.0,16
llama_forward,lm_head_projection,/tmp/llama_forward_ops_mlir/lm_head_projection_debuf.mlir,585f7c9da25dc41c1958a0c2a0a8f65184ef64dfaf297a59de69bd976f20baa9,egglog,3,ok,0,1722.0709212124348,0,"[""/usr/bin/python3"", ""/home/arjaiswal/Polygeist/scripts/correctness/kernel_match_rewrite.py"", ""/tmp/llama_forward_ops_mlir/lm_head_projection_debuf.mlir"", ""--dry-run"", ""--matcher-mode"", ""egglog"", ""--telemetry-json"", ""/home/arjaiswal/Polygeist/issues/equality_saturation_eval/campaign_20260908/llama_forward-lm_head_projection-egglog-al2n2h_h.json"", ""--disable-semantic-fallback""]","== match report for /tmp/llama_forward_ops_mlir/lm_head_projection_debuf.mlir ==
  match          body#[0, 1]  cublasSgemv
  total: 1 matched / 1 bodies
",0,[],0,0,0,0,/tmp/llama_forward_ops_mlir/lm_head_projection_debuf.mlir,2338,8,2,2,673.5760793089867,0,69852,148.24913814663887,14,14,0,8,"[{""body_indices"": [0, 1], ""symbol"": ""cublasSgemv""}]",1,0,0,0.0,16
llama_forward,lm_head_projection,/tmp/llama_forward_ops_mlir/lm_head_projection_debuf.mlir,585f7c9da25dc41c1958a0c2a0a8f65184ef64dfaf297a59de69bd976f20baa9,egglog,4,ok,0,964.4048921763897,0,"[""/usr/bin/python3"", ""/home/arjaiswal/Polygeist/scripts/correctness/kernel_match_rewrite.py"", ""/tmp/llama_forward_ops_mlir/lm_head_projection_debuf.mlir"", ""--dry-run"", ""--matcher-mode"", ""egglog"", ""--telemetry-json"", ""/home/arjaiswal/Polygeist/issues/equality_saturation_eval/campaign_20260908/llama_forward-lm_head_projection-egglog-t6r9ft8t.json"", ""--disable-semantic-fallback""]","== match report for /tmp/llama_forward_ops_mlir/lm_head_projection_debuf.mlir ==
  match          body#[0, 1]  cublasSgemv
  total: 1 matched / 1 bodies
",0,[],0,0,0,0,/tmp/llama_forward_ops_mlir/lm_head_projection_debuf.mlir,2338,8,2,2,468.7585383653641,0,69976,153.54104712605476,14,14,0,8,"[{""body_indices"": [0, 1], ""symbol"": ""cublasSgemv""}]",1,0,0,0.0,16
llama_forward,lm_head_projection,/tmp/llama_forward_ops_mlir/lm_head_projection_debuf.mlir,585f7c9da25dc41c1958a0c2a0a8f65184ef64dfaf297a59de69bd976f20baa9,syntactic,4,ok,0,1251.1456571519375,0,"[""/usr/bin/python3"", ""/home/arjaiswal/Polygeist/scripts/correctness/kernel_match_rewrite.py"", ""/tmp/llama_forward_ops_mlir/lm_head_projection_debuf.mlir"", ""--dry-run"", ""--matcher-mode"", ""syntactic"", ""--telemetry-json"", ""/home/arjaiswal/Polygeist/issues/equality_saturation_eval/campaign_20260908/llama_forward-lm_head_projection-syntactic-lq38f06j.json"", ""--disable-semantic-fallback""]","== match report for /tmp/llama_forward_ops_mlir/lm_head_projection_debuf.mlir ==
  match          body#[0, 1]  cublasSgemv
  total: 1 matched / 1 bodies
",0,[],0,0,0,0,/tmp/llama_forward_ops_mlir/lm_head_projection_debuf.mlir,2338,0,2,2,573.7380310893059,0,65668,0.06734952330589294,0,14,0,0,"[{""body_indices"": [0, 1], ""symbol"": ""cublasSgemv""}]",1,0,16,0.0,16
llama_forward,lm_head_projection,/tmp/llama_forward_ops_mlir/lm_head_projection_debuf.mlir,585f7c9da25dc41c1958a0c2a0a8f65184ef64dfaf297a59de69bd976f20baa9,syntactic,5,ok,0,1873.4172359108925,0,"[""/usr/bin/python3"", ""/home/arjaiswal/Polygeist/scripts/correctness/kernel_match_rewrite.py"", ""/tmp/llama_forward_ops_mlir/lm_head_projection_debuf.mlir"", ""--dry-run"", ""--matcher-mode"", ""syntactic"", ""--telemetry-json"", ""/home/arjaiswal/Polygeist/issues/equality_saturation_eval/campaign_20260908/llama_forward-lm_head_projection-syntactic-xa5_yb93.json"", ""--disable-semantic-fallback""]","== match report for /tmp/llama_forward_ops_mlir/lm_head_projection_debuf.mlir ==
  match          body#[0, 1]  cublasSgemv
  total: 1 matched / 1 bodies
",0,[],0,0,0,0,/tmp/llama_forward_ops_mlir/lm_head_projection_debuf.mlir,2338,0,2,2,626.8724650144577,0,65660,0.0803433358669281,0,14,0,0,"[{""body_indices"": [0, 1], ""symbol"": ""cublasSgemv""}]",1,0,16,0.0,16
llama_forward,lm_head_projection,/tmp/llama_forward_ops_mlir/lm_head_projection_debuf.mlir,585f7c9da25dc41c1958a0c2a0a8f65184ef64dfaf297a59de69bd976f20baa9,egglog,5,ok,0,2352.778859436512,0,"[""/usr/bin/python3"", ""/home/arjaiswal/Polygeist/scripts/correctness/kernel_match_rewrite.py"", ""/tmp/llama_forward_ops_mlir/lm_head_projection_debuf.mlir"", ""--dry-run"", ""--matcher-mode"", ""egglog"", ""--telemetry-json"", ""/home/arjaiswal/Polygeist/issues/equality_saturation_eval/campaign_20260908/llama_forward-lm_head_projection-egglog-xw4nbe2t.json"", ""--disable-semantic-fallback""]","== match report for /tmp/llama_forward_ops_mlir/lm_head_projection_debuf.mlir ==
  match          body#[0, 1]  cublasSgemv
  total: 1 matched / 1 bodies
",0,[],0,0,0,0,/tmp/llama_forward_ops_mlir/lm_head_projection_debuf.mlir,2338,8,2,2,1387.5615783035755,0,69732,407.1488231420517,14,14,0,8,"[{""body_indices"": [0, 1], ""symbol"": ""cublasSgemv""}]",1,0,0,0.0,16
llama_forward,output_projection,/tmp/llama_forward_ops_mlir/output_projection_debuf.mlir,f91ac95729dff75f955ded96486ec7fbb2b7ec6e0c433eb74b886834c87663b6,egglog,1,ok,0,1700.6093673408031,0,"[""/usr/bin/python3"", ""/home/arjaiswal/Polygeist/scripts/correctness/kernel_match_rewrite.py"", ""/tmp/llama_forward_ops_mlir/output_projection_debuf.mlir"", ""--dry-run"", ""--matcher-mode"", ""egglog"", ""--telemetry-json"", ""/home/arjaiswal/Polygeist/issues/equality_saturation_eval/campaign_20260908/llama_forward-output_projection-egglog-d2yusb__.json"", ""--disable-semantic-fallback""]","== match report for /tmp/llama_forward_ops_mlir/output_projection_debuf.mlir ==
  match          body#[0, 1]  cublasSgemv
  total: 1 matched / 1 bodies
",0,[],0,0,0,0,/tmp/llama_forward_ops_mlir/output_projection_debuf.mlir,2337,8,2,2,779.5157916843891,0,69772,157.7739268541336,14,14,0,8,"[{""body_indices"": [0, 1], ""symbol"": ""cublasSgemv""}]",1,0,0,0.0,16
llama_forward,output_projection,/tmp/llama_forward_ops_mlir/output_projection_debuf.mlir,f91ac95729dff75f955ded96486ec7fbb2b7ec6e0c433eb74b886834c87663b6,syntactic,1,ok,0,1102.0691208541393,0,"[""/usr/bin/python3"", ""/home/arjaiswal/Polygeist/scripts/correctness/kernel_match_rewrite.py"", ""/tmp/llama_forward_ops_mlir/output_projection_debuf.mlir"", ""--dry-run"", ""--matcher-mode"", ""syntactic"", ""--telemetry-json"", ""/home/arjaiswal/Polygeist/issues/equality_saturation_eval/campaign_20260908/llama_forward-output_projection-syntactic-fcfculwi.json"", ""--disable-semantic-fallback""]","== match report for /tmp/llama_forward_ops_mlir/output_projection_debuf.mlir ==
  match          body#[0, 1]  cublasSgemv
  total: 1 matched / 1 bodies
",0,[],0,0,0,0,/tmp/llama_forward_ops_mlir/output_projection_debuf.mlir,2337,0,2,2,489.8939058184624,0,65560,0.06448104977607727,0,14,0,0,"[{""body_indices"": [0, 1], ""symbol"": ""cublasSgemv""}]",1,0,16,0.0,16
llama_forward,output_projection,/tmp/llama_forward_ops_mlir/output_projection_debuf.mlir,f91ac95729dff75f955ded96486ec7fbb2b7ec6e0c433eb74b886834c87663b6,syntactic,2,ok,0,1044.7576195001602,0,"[""/usr/bin/python3"", ""/home/arjaiswal/Polygeist/scripts/correctness/kernel_match_rewrite.py"", ""/tmp/llama_forward_ops_mlir/output_projection_debuf.mlir"", ""--dry-run"", ""--matcher-mode"", ""syntactic"", ""--telemetry-json"", ""/home/arjaiswal/Polygeist/issues/equality_saturation_eval/campaign_20260908/llama_forward-output_projection-syntactic-xwbr2y43.json"", ""--disable-semantic-fallback""]","== match report for /tmp/llama_forward_ops_mlir/output_projection_debuf.mlir ==
  match          body#[0, 1]  cublasSgemv
  total: 1 matched / 1 bodies
",0,[],0,0,0,0,/tmp/llama_forward_ops_mlir/output_projection_debuf.mlir,2337,0,2,2,321.9342418015003,0,64956,0.07191672921180725,0,14,0,0,"[{""body_indices"": [0, 1], ""symbol"": ""cublasSgemv""}]",1,0,16,0.0,16
llama_forward,output_projection,/tmp/llama_forward_ops_mlir/output_projection_debuf.mlir,f91ac95729dff75f955ded96486ec7fbb2b7ec6e0c433eb74b886834c87663b6,egglog,2,ok,0,1861.4780493080616,0,"[""/usr/bin/python3"", ""/home/arjaiswal/Polygeist/scripts/correctness/kernel_match_rewrite.py"", ""/tmp/llama_forward_ops_mlir/output_projection_debuf.mlir"", ""--dry-run"", ""--matcher-mode"", ""egglog"", ""--telemetry-json"", ""/home/arjaiswal/Polygeist/issues/equality_saturation_eval/campaign_20260908/llama_forward-output_projection-egglog-q9xfgvtp.json"", ""--disable-semantic-fallback""]","== match report for /tmp/llama_forward_ops_mlir/output_projection_debuf.mlir ==
  match          body#[0, 1]  cublasSgemv
  total: 1 matched / 1 bodies
",0,[],0,0,0,0,/tmp/llama_forward_ops_mlir/output_projection_debuf.mlir,2337,8,2,2,1067.5253346562386,0,69940,364.2379827797413,14,14,0,8,"[{""body_indices"": [0, 1], ""symbol"": ""cublasSgemv""}]",1,0,0,0.0,16
llama_forward,output_projection,/tmp/llama_forward_ops_mlir/output_projection_debuf.mlir,f91ac95729dff75f955ded96486ec7fbb2b7ec6e0c433eb74b886834c87663b6,egglog,3,ok,0,2585.830222815275,0,"[""/usr/bin/python3"", ""/home/arjaiswal/Polygeist/scripts/correctness/kernel_match_rewrite.py"", ""/tmp/llama_forward_ops_mlir/output_projection_debuf.mlir"", ""--dry-run"", ""--matcher-mode"", ""egglog"", ""--telemetry-json"", ""/home/arjaiswal/Polygeist/issues/equality_saturation_eval/campaign_20260908/llama_forward-output_projection-egglog-r2y8j4nq.json"", ""--disable-semantic-fallback""]","== match report for /tmp/llama_forward_ops_mlir/output_projection_debuf.mlir ==
  match          body#[0, 1]  cublasSgemv
  total: 1 matched / 1 bodies
",0,[],0,0,0,0,/tmp/llama_forward_ops_mlir/output_projection_debuf.mlir,2337,8,2,2,1410.9952710568905,0,69784,450.86411759257317,14,14,0,8,"[{""body_indices"": [0, 1], ""symbol"": ""cublasSgemv""}]",1,0,0,0.0,16
llama_forward,output_projection,/tmp/llama_forward_ops_mlir/output_projection_debuf.mlir,f91ac95729dff75f955ded96486ec7fbb2b7ec6e0c433eb74b886834c87663b6,syntactic,3,ok,0,923.1123141944408,0,"[""/usr/bin/python3"", ""/home/arjaiswal/Polygeist/scripts/correctness/kernel_match_rewrite.py"", ""/tmp/llama_forward_ops_mlir/output_projection_debuf.mlir"", ""--dry-run"", ""--matcher-mode"", ""syntactic"", ""--telemetry-json"", ""/home/arjaiswal/Polygeist/issues/equality_saturation_eval/campaign_20260908/llama_forward-output_projection-syntactic-kqp3qwrv.json"", ""--disable-semantic-fallback""]","== match report for /tmp/llama_forward_ops_mlir/output_projection_debuf.mlir ==
  match          body#[0, 1]  cublasSgemv
  total: 1 matched / 1 bodies
",0,[],0,0,0,0,/tmp/llama_forward_ops_mlir/output_projection_debuf.mlir,2337,0,2,2,339.04387056827545,0,65744,0.07155910134315491,0,14,0,0,"[{""body_indices"": [0, 1], ""symbol"": ""cublasSgemv""}]",1,0,16,0.0,16
llama_forward,output_projection,/tmp/llama_forward_ops_mlir/output_projection_debuf.mlir,f91ac95729dff75f955ded96486ec7fbb2b7ec6e0c433eb74b886834c87663b6,syntactic,4,ok,0,2203.4424878656864,0,"[""/usr/bin/python3"", ""/home/arjaiswal/Polygeist/scripts/correctness/kernel_match_rewrite.py"", ""/tmp/llama_forward_ops_mlir/output_projection_debuf.mlir"", ""--dry-run"", ""--matcher-mode"", ""syntactic"", ""--telemetry-json"", ""/home/arjaiswal/Polygeist/issues/equality_saturation_eval/campaign_20260908/llama_forward-output_projection-syntactic-9v6co6iq.json"", ""--disable-semantic-fallback""]","== match report for /tmp/llama_forward_ops_mlir/output_projection_debuf.mlir ==
  match          body#[0, 1]  cublasSgemv
  total: 1 matched / 1 bodies
",0,[],0,0,0,0,/tmp/llama_forward_ops_mlir/output_projection_debuf.mlir,2337,0,2,2,946.2701268494129,0,64820,0.06484612822532654,0,14,0,0,"[{""body_indices"": [0, 1], ""symbol"": ""cublasSgemv""}]",1,0,16,0.0,16
llama_forward,output_projection,/tmp/llama_forward_ops_mlir/output_projection_debuf.mlir,f91ac95729dff75f955ded96486ec7fbb2b7ec6e0c433eb74b886834c87663b6,egglog,4,ok,0,2801.4748878777027,0,"[""/usr/bin/python3"", ""/home/arjaiswal/Polygeist/scripts/correctness/kernel_match_rewrite.py"", ""/tmp/llama_forward_ops_mlir/output_projection_debuf.mlir"", ""--dry-run"", ""--matcher-mode"", ""egglog"", ""--telemetry-json"", ""/home/arjaiswal/Polygeist/issues/equality_saturation_eval/campaign_20260908/llama_forward-output_projection-egglog-kp3u5ojk.json"", ""--disable-semantic-fallback""]","== match report for /tmp/llama_forward_ops_mlir/output_projection_debuf.mlir ==
  match          body#[0, 1]  cublasSgemv
  total: 1 matched / 1 bodies
",0,[],0,0,0,0,/tmp/llama_forward_ops_mlir/output_projection_debuf.mlir,2337,8,2,2,1606.2907353043556,0,69472,600.6054542958736,14,14,0,8,"[{""body_indices"": [0, 1], ""symbol"": ""cublasSgemv""}]",1,0,0,0.0,16
llama_forward,output_projection,/tmp/llama_forward_ops_mlir/output_projection_debuf.mlir,f91ac95729dff75f955ded96486ec7fbb2b7ec6e0c433eb74b886834c87663b6,egglog,5,ok,0,3000.795714557171,0,"[""/usr/bin/python3"", ""/home/arjaiswal/Polygeist/scripts/correctness/kernel_match_rewrite.py"", ""/tmp/llama_forward_ops_mlir/output_projection_debuf.mlir"", ""--dry-run"", ""--matcher-mode"", ""egglog"", ""--telemetry-json"", ""/home/arjaiswal/Polygeist/issues/equality_saturation_eval/campaign_20260908/llama_forward-output_projection-egglog-1jhszem8.json"", ""--disable-semantic-fallback""]","== match report for /tmp/llama_forward_ops_mlir/output_projection_debuf.mlir ==
  match          body#[0, 1]  cublasSgemv
  total: 1 matched / 1 bodies
",0,[],0,0,0,0,/tmp/llama_forward_ops_mlir/output_projection_debuf.mlir,2337,8,2,2,1217.8828194737434,0,69668,494.8982521891594,14,14,0,8,"[{""body_indices"": [0, 1], ""symbol"": ""cublasSgemv""}]",1,0,0,0.0,16
llama_forward,output_projection,/tmp/llama_forward_ops_mlir/output_projection_debuf.mlir,f91ac95729dff75f955ded96486ec7fbb2b7ec6e0c433eb74b886834c87663b6,syntactic,5,ok,0,1006.3766688108444,0,"[""/usr/bin/python3"", ""/home/arjaiswal/Polygeist/scripts/correctness/kernel_match_rewrite.py"", ""/tmp/llama_forward_ops_mlir/output_projection_debuf.mlir"", ""--dry-run"", ""--matcher-mode"", ""syntactic"", ""--telemetry-json"", ""/home/arjaiswal/Polygeist/issues/equality_saturation_eval/campaign_20260908/llama_forward-output_projection-syntactic-w4vukh72.json"", ""--disable-semantic-fallback""]","== match report for /tmp/llama_forward_ops_mlir/output_projection_debuf.mlir ==
  match          body#[0, 1]  cublasSgemv
  total: 1 matched / 1 bodies
",0,[],0,0,0,0,/tmp/llama_forward_ops_mlir/output_projection_debuf.mlir,2337,0,2,2,378.71120125055313,0,65476,0.0743381679058075,0,14,0,0,"[{""body_indices"": [0, 1], ""symbol"": ""cublasSgemv""}]",1,0,16,0.0,16
llama_forward,qkv_projection,/tmp/llama_forward_ops_mlir/qkv_projection_debuf.mlir,c65cdec2705d189ac302cd659f428380c7eef8c9e9a123fde49b5acfc3cc46db,syntactic,1,ok,0,1441.1110170185566,0,"[""/usr/bin/python3"", ""/home/arjaiswal/Polygeist/scripts/correctness/kernel_match_rewrite.py"", ""/tmp/llama_forward_ops_mlir/qkv_projection_debuf.mlir"", ""--dry-run"", ""--matcher-mode"", ""syntactic"", ""--telemetry-json"", ""/home/arjaiswal/Polygeist/issues/equality_saturation_eval/campaign_20260908/llama_forward-qkv_projection-syntactic-6l03jblb.json"", ""--disable-semantic-fallback""]","== match report for /tmp/llama_forward_ops_mlir/qkv_projection_debuf.mlir ==
  match          body#[0]  memset_zero_1D_f32
  match          body#[1]  memset_zero_1D_f32
  contraction_init_provenance_reject body#2  cutensornetContraction2_f64
  match          body#[4]  cublasSgemv
  match          body#[5]  cublasSgemv
  total: 4 matched / 5 bodies
",0,[],0,0,0,0,/tmp/llama_forward_ops_mlir/qkv_projection_debuf.mlir,4080,0,6,4,719.0912067890167,0,65704,0.31860917806625366,0,66,0,0,"[{""body_indices"": [0], ""symbol"": ""memset_zero_1D_f32""}, {""body_indices"": [1], ""symbol"": ""memset_zero_1D_f32""}, {""body_indices"": [4], ""symbol"": ""cublasSgemv""}, {""body_indices"": [5], ""symbol"": ""cublasSgemv""}]",4,0,84,0.0,84
llama_forward,qkv_projection,/tmp/llama_forward_ops_mlir/qkv_projection_debuf.mlir,c65cdec2705d189ac302cd659f428380c7eef8c9e9a123fde49b5acfc3cc46db,egglog,1,ok,0,2553.3298663794994,0,"[""/usr/bin/python3"", ""/home/arjaiswal/Polygeist/scripts/correctness/kernel_match_rewrite.py"", ""/tmp/llama_forward_ops_mlir/qkv_projection_debuf.mlir"", ""--dry-run"", ""--matcher-mode"", ""egglog"", ""--telemetry-json"", ""/home/arjaiswal/Polygeist/issues/equality_saturation_eval/campaign_20260908/llama_forward-qkv_projection-egglog-mgfeve_o.json"", ""--disable-semantic-fallback""]","== match report for /tmp/llama_forward_ops_mlir/qkv_projection_debuf.mlir ==
  match          body#[0]  memset_zero_1D_f32
  match          body#[1]  memset_zero_1D_f32
  contraction_init_provenance_reject body#2  cutensornetContraction2_f64
  match          body#[4]  cublasSgemv
  match          body#[5]  cublasSgemv
  total: 4 matched / 5 bodies
",0,[],0,0,0,0,/tmp/llama_forward_ops_mlir/qkv_projection_debuf.mlir,4080,8,6,4,1572.474591434002,0,69972,842.4629345536232,66,66,0,32,"[{""body_indices"": [0], ""symbol"": ""memset_zero_1D_f32""}, {""body_indices"": [1], ""symbol"": ""memset_zero_1D_f32""}, {""body_indices"": [4], ""symbol"": ""cublasSgemv""}, {""body_indices"": [5], ""symbol"": ""cublasSgemv""}]",4,0,0,0.0,84
llama_forward,qkv_projection,/tmp/llama_forward_ops_mlir/qkv_projection_debuf.mlir,c65cdec2705d189ac302cd659f428380c7eef8c9e9a123fde49b5acfc3cc46db,egglog,2,ok,0,2317.8585693240166,0,"[""/usr/bin/python3"", ""/home/arjaiswal/Polygeist/scripts/correctness/kernel_match_rewrite.py"", ""/tmp/llama_forward_ops_mlir/qkv_projection_debuf.mlir"", ""--dry-run"", ""--matcher-mode"", ""egglog"", ""--telemetry-json"", ""/home/arjaiswal/Polygeist/issues/equality_saturation_eval/campaign_20260908/llama_forward-qkv_projection-egglog-p9zs7sr3.json"", ""--disable-semantic-fallback""]","== match report for /tmp/llama_forward_ops_mlir/qkv_projection_debuf.mlir ==
  match          body#[0]  memset_zero_1D_f32
  match          body#[1]  memset_zero_1D_f32
  contraction_init_provenance_reject body#2  cutensornetContraction2_f64
  match          body#[4]  cublasSgemv
  match          body#[5]  cublasSgemv
  total: 4 matched / 5 bodies
",0,[],0,0,0,0,/tmp/llama_forward_ops_mlir/qkv_projection_debuf.mlir,4080,8,6,4,1513.1396725773811,0,70372,841.6792340576649,66,66,0,32,"[{""body_indices"": [0], ""symbol"": ""memset_zero_1D_f32""}, {""body_indices"": [1], ""symbol"": ""memset_zero_1D_f32""}, {""body_indices"": [4], ""symbol"": ""cublasSgemv""}, {""body_indices"": [5], ""symbol"": ""cublasSgemv""}]",4,0,0,0.0,84
llama_forward,qkv_projection,/tmp/llama_forward_ops_mlir/qkv_projection_debuf.mlir,c65cdec2705d189ac302cd659f428380c7eef8c9e9a123fde49b5acfc3cc46db,syntactic,2,ok,0,1497.7276772260666,0,"[""/usr/bin/python3"", ""/home/arjaiswal/Polygeist/scripts/correctness/kernel_match_rewrite.py"", ""/tmp/llama_forward_ops_mlir/qkv_projection_debuf.mlir"", ""--dry-run"", ""--matcher-mode"", ""syntactic"", ""--telemetry-json"", ""/home/arjaiswal/Polygeist/issues/equality_saturation_eval/campaign_20260908/llama_forward-qkv_projection-syntactic-wmedz7xl.json"", ""--disable-semantic-fallback""]","== match report for /tmp/llama_forward_ops_mlir/qkv_projection_debuf.mlir ==
  match          body#[0]  memset_zero_1D_f32
  match          body#[1]  memset_zero_1D_f32
  contraction_init_provenance_reject body#2  cutensornetContraction2_f64
  match          body#[4]  cublasSgemv
  match          body#[5]  cublasSgemv
  total: 4 matched / 5 bodies
",0,[],0,0,0,0,/tmp/llama_forward_ops_mlir/qkv_projection_debuf.mlir,4080,0,6,4,458.9555002748966,0,65720,0.3312118351459503,0,66,0,0,"[{""body_indices"": [0], ""symbol"": ""memset_zero_1D_f32""}, {""body_indices"": [1], ""symbol"": ""memset_zero_1D_f32""}, {""body_indices"": [4], ""symbol"": ""cublasSgemv""}, {""body_indices"": [5], ""symbol"": ""cublasSgemv""}]",4,0,84,0.0,84
llama_forward,qkv_projection,/tmp/llama_forward_ops_mlir/qkv_projection_debuf.mlir,c65cdec2705d189ac302cd659f428380c7eef8c9e9a123fde49b5acfc3cc46db,syntactic,3,ok,0,2079.7897465527058,0,"[""/usr/bin/python3"", ""/home/arjaiswal/Polygeist/scripts/correctness/kernel_match_rewrite.py"", ""/tmp/llama_forward_ops_mlir/qkv_projection_debuf.mlir"", ""--dry-run"", ""--matcher-mode"", ""syntactic"", ""--telemetry-json"", ""/home/arjaiswal/Polygeist/issues/equality_saturation_eval/campaign_20260908/llama_forward-qkv_projection-syntactic-einu97_a.json"", ""--disable-semantic-fallback""]","== match report for /tmp/llama_forward_ops_mlir/qkv_projection_debuf.mlir ==
  match          body#[0]  memset_zero_1D_f32
  match          body#[1]  memset_zero_1D_f32
  contraction_init_provenance_reject body#2  cutensornetContraction2_f64
  match          body#[4]  cublasSgemv
  match          body#[5]  cublasSgemv
  total: 4 matched / 5 bodies
",0,[],0,0,0,0,/tmp/llama_forward_ops_mlir/qkv_projection_debuf.mlir,4080,0,6,4,1084.2197947204113,0,65564,0.39042532444000244,0,66,0,0,"[{""body_indices"": [0], ""symbol"": ""memset_zero_1D_f32""}, {""body_indices"": [1], ""symbol"": ""memset_zero_1D_f32""}, {""body_indices"": [4], ""symbol"": ""cublasSgemv""}, {""body_indices"": [5], ""symbol"": ""cublasSgemv""}]",4,0,84,0.0,84
llama_forward,qkv_projection,/tmp/llama_forward_ops_mlir/qkv_projection_debuf.mlir,c65cdec2705d189ac302cd659f428380c7eef8c9e9a123fde49b5acfc3cc46db,egglog,3,ok,0,3560.1700246334076,0,"[""/usr/bin/python3"", ""/home/arjaiswal/Polygeist/scripts/correctness/kernel_match_rewrite.py"", ""/tmp/llama_forward_ops_mlir/qkv_projection_debuf.mlir"", ""--dry-run"", ""--matcher-mode"", ""egglog"", ""--telemetry-json"", ""/home/arjaiswal/Polygeist/issues/equality_saturation_eval/campaign_20260908/llama_forward-qkv_projection-egglog-lwkivpd7.json"", ""--disable-semantic-fallback""]","== match report for /tmp/llama_forward_ops_mlir/qkv_projection_debuf.mlir ==
  match          body#[0]  memset_zero_1D_f32
  match          body#[1]  memset_zero_1D_f32
  contraction_init_provenance_reject body#2  cutensornetContraction2_f64
  match          body#[4]  cublasSgemv
  match          body#[5]  cublasSgemv
  total: 4 matched / 5 bodies
",0,[],0,0,0,0,/tmp/llama_forward_ops_mlir/qkv_projection_debuf.mlir,4080,8,6,4,2619.3743981420994,0,70332,1439.1289465129375,66,66,0,32,"[{""body_indices"": [0], ""symbol"": ""memset_zero_1D_f32""}, {""body_indices"": [1], ""symbol"": ""memset_zero_1D_f32""}, {""body_indices"": [4], ""symbol"": ""cublasSgemv""}, {""body_indices"": [5], ""symbol"": ""cublasSgemv""}]",4,0,0,0.0,84
llama_forward,qkv_projection,/tmp/llama_forward_ops_mlir/qkv_projection_debuf.mlir,c65cdec2705d189ac302cd659f428380c7eef8c9e9a123fde49b5acfc3cc46db,egglog,4,ok,0,1993.8870556652546,0,"[""/usr/bin/python3"", ""/home/arjaiswal/Polygeist/scripts/correctness/kernel_match_rewrite.py"", ""/tmp/llama_forward_ops_mlir/qkv_projection_debuf.mlir"", ""--dry-run"", ""--matcher-mode"", ""egglog"", ""--telemetry-json"", ""/home/arjaiswal/Polygeist/issues/equality_saturation_eval/campaign_20260908/llama_forward-qkv_projection-egglog-dug34szi.json"", ""--disable-semantic-fallback""]","== match report for /tmp/llama_forward_ops_mlir/qkv_projection_debuf.mlir ==
  match          body#[0]  memset_zero_1D_f32
  match          body#[1]  memset_zero_1D_f32
  contraction_init_provenance_reject body#2  cutensornetContraction2_f64
  match          body#[4]  cublasSgemv
  match          body#[5]  cublasSgemv
  total: 4 matched / 5 bodies
",0,[],0,0,0,0,/tmp/llama_forward_ops_mlir/qkv_projection_debuf.mlir,4080,8,6,4,1521.0147611796856,0,70144,836.0361084342003,66,66,0,32,"[{""body_indices"": [0], ""symbol"": ""memset_zero_1D_f32""}, {""body_indices"": [1], ""symbol"": ""memset_zero_1D_f32""}, {""body_indices"": [4], ""symbol"": ""cublasSgemv""}, {""body_indices"": [5], ""symbol"": ""cublasSgemv""}]",4,0,0,0.0,84
llama_forward,qkv_projection,/tmp/llama_forward_ops_mlir/qkv_projection_debuf.mlir,c65cdec2705d189ac302cd659f428380c7eef8c9e9a123fde49b5acfc3cc46db,syntactic,4,ok,0,1222.8586003184319,0,"[""/usr/bin/python3"", ""/home/arjaiswal/Polygeist/scripts/correctness/kernel_match_rewrite.py"", ""/tmp/llama_forward_ops_mlir/qkv_projection_debuf.mlir"", ""--dry-run"", ""--matcher-mode"", ""syntactic"", ""--telemetry-json"", ""/home/arjaiswal/Polygeist/issues/equality_saturation_eval/campaign_20260908/llama_forward-qkv_projection-syntactic-lp_03cre.json"", ""--disable-semantic-fallback""]","== match report for /tmp/llama_forward_ops_mlir/qkv_projection_debuf.mlir ==
  match          body#[0]  memset_zero_1D_f32
  match          body#[1]  memset_zero_1D_f32
  contraction_init_provenance_reject body#2  cutensornetContraction2_f64
  match          body#[4]  cublasSgemv
  match          body#[5]  cublasSgemv
  total: 4 matched / 5 bodies
",0,[],0,0,0,0,/tmp/llama_forward_ops_mlir/qkv_projection_debuf.mlir,4080,0,6,4,700.4598341882229,0,65676,0.4390887916088104,0,66,0,0,"[{""body_indices"": [0], ""symbol"": ""memset_zero_1D_f32""}, {""body_indices"": [1], ""symbol"": ""memset_zero_1D_f32""}, {""body_indices"": [4], ""symbol"": ""cublasSgemv""}, {""body_indices"": [5], ""symbol"": ""cublasSgemv""}]",4,0,84,0.0,84
llama_forward,qkv_projection,/tmp/llama_forward_ops_mlir/qkv_projection_debuf.mlir,c65cdec2705d189ac302cd659f428380c7eef8c9e9a123fde49b5acfc3cc46db,syntactic,5,ok,0,1077.1834962069988,0,"[""/usr/bin/python3"", ""/home/arjaiswal/Polygeist/scripts/correctness/kernel_match_rewrite.py"", ""/tmp/llama_forward_ops_mlir/qkv_projection_debuf.mlir"", ""--dry-run"", ""--matcher-mode"", ""syntactic"", ""--telemetry-json"", ""/home/arjaiswal/Polygeist/issues/equality_saturation_eval/campaign_20260908/llama_forward-qkv_projection-syntactic-uljvyj07.json"", ""--disable-semantic-fallback""]","== match report for /tmp/llama_forward_ops_mlir/qkv_projection_debuf.mlir ==
  match          body#[0]  memset_zero_1D_f32
  match          body#[1]  memset_zero_1D_f32
  contraction_init_provenance_reject body#2  cutensornetContraction2_f64
  match          body#[4]  cublasSgemv
  match          body#[5]  cublasSgemv
  total: 4 matched / 5 bodies
",0,[],0,0,0,0,/tmp/llama_forward_ops_mlir/qkv_projection_debuf.mlir,4080,0,6,4,486.89358681440353,0,65520,0.33642351627349854,0,66,0,0,"[{""body_indices"": [0], ""symbol"": ""memset_zero_1D_f32""}, {""body_indices"": [1], ""symbol"": ""memset_zero_1D_f32""}, {""body_indices"": [4], ""symbol"": ""cublasSgemv""}, {""body_indices"": [5], ""symbol"": ""cublasSgemv""}]",4,0,84,0.0,84
llama_forward,qkv_projection,/tmp/llama_forward_ops_mlir/qkv_projection_debuf.mlir,c65cdec2705d189ac302cd659f428380c7eef8c9e9a123fde49b5acfc3cc46db,egglog,5,ok,0,2795.9226444363594,0,"[""/usr/bin/python3"", ""/home/arjaiswal/Polygeist/scripts/correctness/kernel_match_rewrite.py"", ""/tmp/llama_forward_ops_mlir/qkv_projection_debuf.mlir"", ""--dry-run"", ""--matcher-mode"", ""egglog"", ""--telemetry-json"", ""/home/arjaiswal/Polygeist/issues/equality_saturation_eval/campaign_20260908/llama_forward-qkv_projection-egglog-kchsdoxf.json"", ""--disable-semantic-fallback""]","== match report for /tmp/llama_forward_ops_mlir/qkv_projection_debuf.mlir ==
  match          body#[0]  memset_zero_1D_f32
  match          body#[1]  memset_zero_1D_f32
  contraction_init_provenance_reject body#2  cutensornetContraction2_f64
  match          body#[4]  cublasSgemv
  match          body#[5]  cublasSgemv
  total: 4 matched / 5 bodies
",0,[],0,0,0,0,/tmp/llama_forward_ops_mlir/qkv_projection_debuf.mlir,4080,8,6,4,2130.036670714617,0,70044,1334.9896967411041,66,66,0,32,"[{""body_indices"": [0], ""symbol"": ""memset_zero_1D_f32""}, {""body_indices"": [1], ""symbol"": ""memset_zero_1D_f32""}, {""body_indices"": [4], ""symbol"": ""cublasSgemv""}, {""body_indices"": [5], ""symbol"": ""cublasSgemv""}]",4,0,0,0.0,84
llama_forward,residual_add,/tmp/llama_forward_ops_mlir/residual_add_debuf.mlir,7fa54668d09834216bf8d912e6033bbf6fa9f11a31b5560d281ea2ac0918e966,egglog,1,ok,0,1169.5571467280388,0,"[""/usr/bin/python3"", ""/home/arjaiswal/Polygeist/scripts/correctness/kernel_match_rewrite.py"", ""/tmp/llama_forward_ops_mlir/residual_add_debuf.mlir"", ""--dry-run"", ""--matcher-mode"", ""egglog"", ""--telemetry-json"", ""/home/arjaiswal/Polygeist/issues/equality_saturation_eval/campaign_20260908/llama_forward-residual_add-egglog-nz_fsd2t.json"", ""--disable-semantic-fallback""]","== match report for /tmp/llama_forward_ops_mlir/residual_add_debuf.mlir ==
  match          body#[0]  cudaAdd_f32_tensor
  total: 1 matched / 1 bodies
",0,[],0,0,0,0,/tmp/llama_forward_ops_mlir/residual_add_debuf.mlir,1900,8,1,1,673.994418233633,0,69428,32.437846064567566,2,2,0,4,"[{""body_indices"": [0], ""symbol"": ""cudaAdd_f32_tensor""}]",1,0,0,0.0,6
llama_forward,residual_add,/tmp/llama_forward_ops_mlir/residual_add_debuf.mlir,7fa54668d09834216bf8d912e6033bbf6fa9f11a31b5560d281ea2ac0918e966,syntactic,1,ok,0,1569.691389799118,0,"[""/usr/bin/python3"", ""/home/arjaiswal/Polygeist/scripts/correctness/kernel_match_rewrite.py"", ""/tmp/llama_forward_ops_mlir/residual_add_debuf.mlir"", ""--dry-run"", ""--matcher-mode"", ""syntactic"", ""--telemetry-json"", ""/home/arjaiswal/Polygeist/issues/equality_saturation_eval/campaign_20260908/llama_forward-residual_add-syntactic-_4y04yqh.json"", ""--disable-semantic-fallback""]","== match report for /tmp/llama_forward_ops_mlir/residual_add_debuf.mlir ==
  match          body#[0]  cudaAdd_f32_tensor
  total: 1 matched / 1 bodies
",0,[],0,0,0,0,/tmp/llama_forward_ops_mlir/residual_add_debuf.mlir,1900,0,1,1,677.1045364439487,0,65764,0.0261552631855011,0,2,0,0,"[{""body_indices"": [0], ""symbol"": ""cudaAdd_f32_tensor""}]",1,0,6,0.0,6
llama_forward,residual_add,/tmp/llama_forward_ops_mlir/residual_add_debuf.mlir,7fa54668d09834216bf8d912e6033bbf6fa9f11a31b5560d281ea2ac0918e966,syntactic,2,ok,0,1728.0296050012112,0,"[""/usr/bin/python3"", ""/home/arjaiswal/Polygeist/scripts/correctness/kernel_match_rewrite.py"", ""/tmp/llama_forward_ops_mlir/residual_add_debuf.mlir"", ""--dry-run"", ""--matcher-mode"", ""syntactic"", ""--telemetry-json"", ""/home/arjaiswal/Polygeist/issues/equality_saturation_eval/campaign_20260908/llama_forward-residual_add-syntactic-r9bnkwo_.json"", ""--disable-semantic-fallback""]","== match report for /tmp/llama_forward_ops_mlir/residual_add_debuf.mlir ==
  match          body#[0]  cudaAdd_f32_tensor
  total: 1 matched / 1 bodies
",0,[],0,0,0,0,/tmp/llama_forward_ops_mlir/residual_add_debuf.mlir,1900,0,1,1,668.2262532413006,0,65828,0.026706606149673462,0,2,0,0,"[{""body_indices"": [0], ""symbol"": ""cudaAdd_f32_tensor""}]",1,0,6,0.0,6
llama_forward,residual_add,/tmp/llama_forward_ops_mlir/residual_add_debuf.mlir,7fa54668d09834216bf8d912e6033bbf6fa9f11a31b5560d281ea2ac0918e966,egglog,2,ok,0,1712.604571133852,0,"[""/usr/bin/python3"", ""/home/arjaiswal/Polygeist/scripts/correctness/kernel_match_rewrite.py"", ""/tmp/llama_forward_ops_mlir/residual_add_debuf.mlir"", ""--dry-run"", ""--matcher-mode"", ""egglog"", ""--telemetry-json"", ""/home/arjaiswal/Polygeist/issues/equality_saturation_eval/campaign_20260908/llama_forward-residual_add-egglog-jbk3pse_.json"", ""--disable-semantic-fallback""]","== match report for /tmp/llama_forward_ops_mlir/residual_add_debuf.mlir ==
  match          body#[0]  cudaAdd_f32_tensor
  total: 1 matched / 1 bodies
",0,[],0,0,0,0,/tmp/llama_forward_ops_mlir/residual_add_debuf.mlir,1900,8,1,1,969.847995787859,0,69268,72.6727731525898,2,2,0,4,"[{""body_indices"": [0], ""symbol"": ""cudaAdd_f32_tensor""}]",1,0,0,0.0,6
llama_forward,residual_add,/tmp/llama_forward_ops_mlir/residual_add_debuf.mlir,7fa54668d09834216bf8d912e6033bbf6fa9f11a31b5560d281ea2ac0918e966,egglog,3,ok,0,1696.444496512413,0,"[""/usr/bin/python3"", ""/home/arjaiswal/Polygeist/scripts/correctness/kernel_match_rewrite.py"", ""/tmp/llama_forward_ops_mlir/residual_add_debuf.mlir"", ""--dry-run"", ""--matcher-mode"", ""egglog"", ""--telemetry-json"", ""/home/arjaiswal/Polygeist/issues/equality_saturation_eval/campaign_20260908/llama_forward-residual_add-egglog-f9ch8o9b.json"", ""--disable-semantic-fallback""]","== match report for /tmp/llama_forward_ops_mlir/residual_add_debuf.mlir ==
  match          body#[0]  cudaAdd_f32_tensor
  total: 1 matched / 1 bodies
",0,[],0,0,0,0,/tmp/llama_forward_ops_mlir/residual_add_debuf.mlir,1900,8,1,1,731.3518188893795,0,69368,48.17594960331917,2,2,0,4,"[{""body_indices"": [0], ""symbol"": ""cudaAdd_f32_tensor""}]",1,0,0,0.0,6
llama_forward,residual_add,/tmp/llama_forward_ops_mlir/residual_add_debuf.mlir,7fa54668d09834216bf8d912e6033bbf6fa9f11a31b5560d281ea2ac0918e966,syntactic,3,ok,0,959.8821774125099,0,"[""/usr/bin/python3"", ""/home/arjaiswal/Polygeist/scripts/correctness/kernel_match_rewrite.py"", ""/tmp/llama_forward_ops_mlir/residual_add_debuf.mlir"", ""--dry-run"", ""--matcher-mode"", ""syntactic"", ""--telemetry-json"", ""/home/arjaiswal/Polygeist/issues/equality_saturation_eval/campaign_20260908/llama_forward-residual_add-syntactic-kw1hu8rr.json"", ""--disable-semantic-fallback""]","== match report for /tmp/llama_forward_ops_mlir/residual_add_debuf.mlir ==
  match          body#[0]  cudaAdd_f32_tensor
  total: 1 matched / 1 bodies
",0,[],0,0,0,0,/tmp/llama_forward_ops_mlir/residual_add_debuf.mlir,1900,0,1,1,308.9927136898041,0,65856,0.031985342502593994,0,2,0,0,"[{""body_indices"": [0], ""symbol"": ""cudaAdd_f32_tensor""}]",1,0,6,0.0,6
llama_forward,residual_add,/tmp/llama_forward_ops_mlir/residual_add_debuf.mlir,7fa54668d09834216bf8d912e6033bbf6fa9f11a31b5560d281ea2ac0918e966,syntactic,4,ok,0,1757.3583163321018,0,"[""/usr/bin/python3"", ""/home/arjaiswal/Polygeist/scripts/correctness/kernel_match_rewrite.py"", ""/tmp/llama_forward_ops_mlir/residual_add_debuf.mlir"", ""--dry-run"", ""--matcher-mode"", ""syntactic"", ""--telemetry-json"", ""/home/arjaiswal/Polygeist/issues/equality_saturation_eval/campaign_20260908/llama_forward-residual_add-syntactic-w8kv3ixp.json"", ""--disable-semantic-fallback""]","== match report for /tmp/llama_forward_ops_mlir/residual_add_debuf.mlir ==
  match          body#[0]  cudaAdd_f32_tensor
  total: 1 matched / 1 bodies
",0,[],0,0,0,0,/tmp/llama_forward_ops_mlir/residual_add_debuf.mlir,1900,0,1,1,687.3160228133202,0,65732,0.030755996704101562,0,2,0,0,"[{""body_indices"": [0], ""symbol"": ""cudaAdd_f32_tensor""}]",1,0,6,0.0,6
llama_forward,residual_add,/tmp/llama_forward_ops_mlir/residual_add_debuf.mlir,7fa54668d09834216bf8d912e6033bbf6fa9f11a31b5560d281ea2ac0918e966,egglog,4,ok,0,1578.4565843641758,0,"[""/usr/bin/python3"", ""/home/arjaiswal/Polygeist/scripts/correctness/kernel_match_rewrite.py"", ""/tmp/llama_forward_ops_mlir/residual_add_debuf.mlir"", ""--dry-run"", ""--matcher-mode"", ""egglog"", ""--telemetry-json"", ""/home/arjaiswal/Polygeist/issues/equality_saturation_eval/campaign_20260908/llama_forward-residual_add-egglog-otyaj2rn.json"", ""--disable-semantic-fallback""]","== match report for /tmp/llama_forward_ops_mlir/residual_add_debuf.mlir ==
  match          body#[0]  cudaAdd_f32_tensor
  total: 1 matched / 1 bodies
",0,[],0,0,0,0,/tmp/llama_forward_ops_mlir/residual_add_debuf.mlir,1900,8,1,1,813.243955373764,0,69384,46.22376337647438,2,2,0,4,"[{""body_indices"": [0], ""symbol"": ""cudaAdd_f32_tensor""}]",1,0,0,0.0,6
llama_forward,residual_add,/tmp/llama_forward_ops_mlir/residual_add_debuf.mlir,7fa54668d09834216bf8d912e6033bbf6fa9f11a31b5560d281ea2ac0918e966,egglog,5,ok,0,1027.0617604255676,0,"[""/usr/bin/python3"", ""/home/arjaiswal/Polygeist/scripts/correctness/kernel_match_rewrite.py"", ""/tmp/llama_forward_ops_mlir/residual_add_debuf.mlir"", ""--dry-run"", ""--matcher-mode"", ""egglog"", ""--telemetry-json"", ""/home/arjaiswal/Polygeist/issues/equality_saturation_eval/campaign_20260908/llama_forward-residual_add-egglog-9wrl40nk.json"", ""--disable-semantic-fallback""]","== match report for /tmp/llama_forward_ops_mlir/residual_add_debuf.mlir ==
  match          body#[0]  cudaAdd_f32_tensor
  total: 1 matched / 1 bodies
",0,[],0,0,0,0,/tmp/llama_forward_ops_mlir/residual_add_debuf.mlir,1900,8,1,1,355.13395443558693,0,69596,26.484325528144836,2,2,0,4,"[{""body_indices"": [0], ""symbol"": ""cudaAdd_f32_tensor""}]",1,0,0,0.0,6
llama_forward,residual_add,/tmp/llama_forward_ops_mlir/residual_add_debuf.mlir,7fa54668d09834216bf8d912e6033bbf6fa9f11a31b5560d281ea2ac0918e966,syntactic,5,ok,0,1763.7197896838188,0,"[""/usr/bin/python3"", ""/home/arjaiswal/Polygeist/scripts/correctness/kernel_match_rewrite.py"", ""/tmp/llama_forward_ops_mlir/residual_add_debuf.mlir"", ""--dry-run"", ""--matcher-mode"", ""syntactic"", ""--telemetry-json"", ""/home/arjaiswal/Polygeist/issues/equality_saturation_eval/campaign_20260908/llama_forward-residual_add-syntactic-aad730gg.json"", ""--disable-semantic-fallback""]","== match report for /tmp/llama_forward_ops_mlir/residual_add_debuf.mlir ==
  match          body#[0]  cudaAdd_f32_tensor
  total: 1 matched / 1 bodies
",0,[],0,0,0,0,/tmp/llama_forward_ops_mlir/residual_add_debuf.mlir,1900,0,1,1,757.8583620488644,0,65568,0.033058226108551025,0,2,0,0,"[{""body_indices"": [0], ""symbol"": ""cudaAdd_f32_tensor""}]",1,0,6,0.0,6
llama_forward,rope_interleaved,/tmp/llama_forward_ops_mlir/rope_interleaved_debuf.mlir,aae00bbd5b2c3127bf7ece4675863493c4c2c8f1c6a2a864ef63678295c2bbb0,syntactic,1,ok,0,1614.390928298235,0,"[""/usr/bin/python3"", ""/home/arjaiswal/Polygeist/scripts/correctness/kernel_match_rewrite.py"", ""/tmp/llama_forward_ops_mlir/rope_interleaved_debuf.mlir"", ""--dry-run"", ""--matcher-mode"", ""syntactic"", ""--telemetry-json"", ""/home/arjaiswal/Polygeist/issues/equality_saturation_eval/campaign_20260908/llama_forward-rope_interleaved-syntactic-q53ml6v2.json"", ""--disable-semantic-fallback""]","== match report for /tmp/llama_forward_ops_mlir/rope_interleaved_debuf.mlir ==
  total: 0 matched / 0 bodies
",0,[],0,0,0,0,/tmp/llama_forward_ops_mlir/rope_interleaved_debuf.mlir,4242,0,0,0,705.5186554789543,0,64968,0.0,0,0,0,0,[],0,0,0,0.0,0
llama_forward,rope_interleaved,/tmp/llama_forward_ops_mlir/rope_interleaved_debuf.mlir,aae00bbd5b2c3127bf7ece4675863493c4c2c8f1c6a2a864ef63678295c2bbb0,egglog,1,ok,0,833.0147713422775,0,"[""/usr/bin/python3"", ""/home/arjaiswal/Polygeist/scripts/correctness/kernel_match_rewrite.py"", ""/tmp/llama_forward_ops_mlir/rope_interleaved_debuf.mlir"", ""--dry-run"", ""--matcher-mode"", ""egglog"", ""--telemetry-json"", ""/home/arjaiswal/Polygeist/issues/equality_saturation_eval/campaign_20260908/llama_forward-rope_interleaved-egglog-0m0qx69f.json"", ""--disable-semantic-fallback""]","== match report for /tmp/llama_forward_ops_mlir/rope_interleaved_debuf.mlir ==
  total: 0 matched / 0 bodies
",0,[],0,0,0,0,/tmp/llama_forward_ops_mlir/rope_interleaved_debuf.mlir,4242,8,0,0,289.3995903432369,0,64568,0.0,0,0,0,0,[],0,0,0,0.0,0
llama_forward,rope_interleaved,/tmp/llama_forward_ops_mlir/rope_interleaved_debuf.mlir,aae00bbd5b2c3127bf7ece4675863493c4c2c8f1c6a2a864ef63678295c2bbb0,egglog,2,ok,0,824.57135617733,0,"[""/usr/bin/python3"", ""/home/arjaiswal/Polygeist/scripts/correctness/kernel_match_rewrite.py"", ""/tmp/llama_forward_ops_mlir/rope_interleaved_debuf.mlir"", ""--dry-run"", ""--matcher-mode"", ""egglog"", ""--telemetry-json"", ""/home/arjaiswal/Polygeist/issues/equality_saturation_eval/campaign_20260908/llama_forward-rope_interleaved-egglog-t9bqnrwm.json"", ""--disable-semantic-fallback""]","== match report for /tmp/llama_forward_ops_mlir/rope_interleaved_debuf.mlir ==
  total: 0 matched / 0 bodies
",0,[],0,0,0,0,/tmp/llama_forward_ops_mlir/rope_interleaved_debuf.mlir,4242,8,0,0,356.1742976307869,0,64680,0.0,0,0,0,0,[],0,0,0,0.0,0
llama_forward,rope_interleaved,/tmp/llama_forward_ops_mlir/rope_interleaved_debuf.mlir,aae00bbd5b2c3127bf7ece4675863493c4c2c8f1c6a2a864ef63678295c2bbb0,syntactic,2,ok,0,1014.7514678537846,0,"[""/usr/bin/python3"", ""/home/arjaiswal/Polygeist/scripts/correctness/kernel_match_rewrite.py"", ""/tmp/llama_forward_ops_mlir/rope_interleaved_debuf.mlir"", ""--dry-run"", ""--matcher-mode"", ""syntactic"", ""--telemetry-json"", ""/home/arjaiswal/Polygeist/issues/equality_saturation_eval/campaign_20260908/llama_forward-rope_interleaved-syntactic-rig_gtr1.json"", ""--disable-semantic-fallback""]","== match report for /tmp/llama_forward_ops_mlir/rope_interleaved_debuf.mlir ==
  total: 0 matched / 0 bodies
",0,[],0,0,0,0,/tmp/llama_forward_ops_mlir/rope_interleaved_debuf.mlir,4242,0,0,0,321.65755704045296,0,64784,0.0,0,0,0,0,[],0,0,0,0.0,0
llama_forward,rope_interleaved,/tmp/llama_forward_ops_mlir/rope_interleaved_debuf.mlir,aae00bbd5b2c3127bf7ece4675863493c4c2c8f1c6a2a864ef63678295c2bbb0,syntactic,3,ok,0,757.3971375823021,0,"[""/usr/bin/python3"", ""/home/arjaiswal/Polygeist/scripts/correctness/kernel_match_rewrite.py"", ""/tmp/llama_forward_ops_mlir/rope_interleaved_debuf.mlir"", ""--dry-run"", ""--matcher-mode"", ""syntactic"", ""--telemetry-json"", ""/home/arjaiswal/Polygeist/issues/equality_saturation_eval/campaign_20260908/llama_forward-rope_interleaved-syntactic-ioz1yh90.json"", ""--disable-semantic-fallback""]","== match report for /tmp/llama_forward_ops_mlir/rope_interleaved_debuf.mlir ==
  total: 0 matched / 0 bodies
",0,[],0,0,0,0,/tmp/llama_forward_ops_mlir/rope_interleaved_debuf.mlir,4242,0,0,0,296.7778593301773,0,64612,0.0,0,0,0,0,[],0,0,0,0.0,0
llama_forward,rope_interleaved,/tmp/llama_forward_ops_mlir/rope_interleaved_debuf.mlir,aae00bbd5b2c3127bf7ece4675863493c4c2c8f1c6a2a864ef63678295c2bbb0,egglog,3,ok,0,931.5938986837864,0,"[""/usr/bin/python3"", ""/home/arjaiswal/Polygeist/scripts/correctness/kernel_match_rewrite.py"", ""/tmp/llama_forward_ops_mlir/rope_interleaved_debuf.mlir"", ""--dry-run"", ""--matcher-mode"", ""egglog"", ""--telemetry-json"", ""/home/arjaiswal/Polygeist/issues/equality_saturation_eval/campaign_20260908/llama_forward-rope_interleaved-egglog-g7kkzzfb.json"", ""--disable-semantic-fallback""]","== match report for /tmp/llama_forward_ops_mlir/rope_interleaved_debuf.mlir ==
  total: 0 matched / 0 bodies
",0,[],0,0,0,0,/tmp/llama_forward_ops_mlir/rope_interleaved_debuf.mlir,4242,8,0,0,290.7734736800194,0,64808,0.0,0,0,0,0,[],0,0,0,0.0,0
llama_forward,rope_interleaved,/tmp/llama_forward_ops_mlir/rope_interleaved_debuf.mlir,aae00bbd5b2c3127bf7ece4675863493c4c2c8f1c6a2a864ef63678295c2bbb0,egglog,4,ok,0,1516.7198590934277,0,"[""/usr/bin/python3"", ""/home/arjaiswal/Polygeist/scripts/correctness/kernel_match_rewrite.py"", ""/tmp/llama_forward_ops_mlir/rope_interleaved_debuf.mlir"", ""--dry-run"", ""--matcher-mode"", ""egglog"", ""--telemetry-json"", ""/home/arjaiswal/Polygeist/issues/equality_saturation_eval/campaign_20260908/llama_forward-rope_interleaved-egglog-i4hftv4w.json"", ""--disable-semantic-fallback""]","== match report for /tmp/llama_forward_ops_mlir/rope_interleaved_debuf.mlir ==
  total: 0 matched / 0 bodies
",0,[],0,0,0,0,/tmp/llama_forward_ops_mlir/rope_interleaved_debuf.mlir,4242,8,0,0,368.66429075598717,0,64872,0.0,0,0,0,0,[],0,0,0,0.0,0
llama_forward,rope_interleaved,/tmp/llama_forward_ops_mlir/rope_interleaved_debuf.mlir,aae00bbd5b2c3127bf7ece4675863493c4c2c8f1c6a2a864ef63678295c2bbb0,syntactic,4,ok,0,1251.8336698412895,0,"[""/usr/bin/python3"", ""/home/arjaiswal/Polygeist/scripts/correctness/kernel_match_rewrite.py"", ""/tmp/llama_forward_ops_mlir/rope_interleaved_debuf.mlir"", ""--dry-run"", ""--matcher-mode"", ""syntactic"", ""--telemetry-json"", ""/home/arjaiswal/Polygeist/issues/equality_saturation_eval/campaign_20260908/llama_forward-rope_interleaved-syntactic-hvvomzjr.json"", ""--disable-semantic-fallback""]","== match report for /tmp/llama_forward_ops_mlir/rope_interleaved_debuf.mlir ==
  total: 0 matched / 0 bodies
",0,[],0,0,0,0,/tmp/llama_forward_ops_mlir/rope_interleaved_debuf.mlir,4242,0,0,0,293.5352511703968,0,64908,0.0,0,0,0,0,[],0,0,0,0.0,0
llama_forward,rope_interleaved,/tmp/llama_forward_ops_mlir/rope_interleaved_debuf.mlir,aae00bbd5b2c3127bf7ece4675863493c4c2c8f1c6a2a864ef63678295c2bbb0,syntactic,5,ok,0,763.5705322027206,0,"[""/usr/bin/python3"", ""/home/arjaiswal/Polygeist/scripts/correctness/kernel_match_rewrite.py"", ""/tmp/llama_forward_ops_mlir/rope_interleaved_debuf.mlir"", ""--dry-run"", ""--matcher-mode"", ""syntactic"", ""--telemetry-json"", ""/home/arjaiswal/Polygeist/issues/equality_saturation_eval/campaign_20260908/llama_forward-rope_interleaved-syntactic-tsrnbo3j.json"", ""--disable-semantic-fallback""]","== match report for /tmp/llama_forward_ops_mlir/rope_interleaved_debuf.mlir ==
  total: 0 matched / 0 bodies
",0,[],0,0,0,0,/tmp/llama_forward_ops_mlir/rope_interleaved_debuf.mlir,4242,0,0,0,276.10503509640694,0,64716,0.0,0,0,0,0,[],0,0,0,0.0,0
llama_forward,rope_interleaved,/tmp/llama_forward_ops_mlir/rope_interleaved_debuf.mlir,aae00bbd5b2c3127bf7ece4675863493c4c2c8f1c6a2a864ef63678295c2bbb0,egglog,5,ok,0,759.4389207661152,0,"[""/usr/bin/python3"", ""/home/arjaiswal/Polygeist/scripts/correctness/kernel_match_rewrite.py"", ""/tmp/llama_forward_ops_mlir/rope_interleaved_debuf.mlir"", ""--dry-run"", ""--matcher-mode"", ""egglog"", ""--telemetry-json"", ""/home/arjaiswal/Polygeist/issues/equality_saturation_eval/campaign_20260908/llama_forward-rope_interleaved-egglog-p1mda2af.json"", ""--disable-semantic-fallback""]","== match report for /tmp/llama_forward_ops_mlir/rope_interleaved_debuf.mlir ==
  total: 0 matched / 0 bodies
",0,[],0,0,0,0,/tmp/llama_forward_ops_mlir/rope_interleaved_debuf.mlir,4242,8,0,0,271.5669274330139,0,64920,0.0,0,0,0,0,[],0,0,0,0.0,0
llama_forward,rope_split,/tmp/llama_forward_ops_mlir/rope_split_debuf.mlir,d312ed5e9f066e7a5994e32b54a44294bb954df4f815330dd3cd36b07aef4da7,egglog,1,ok,0,1547.1689589321613,0,"[""/usr/bin/python3"", ""/home/arjaiswal/Polygeist/scripts/correctness/kernel_match_rewrite.py"", ""/tmp/llama_forward_ops_mlir/rope_split_debuf.mlir"", ""--dry-run"", ""--matcher-mode"", ""egglog"", ""--telemetry-json"", ""/home/arjaiswal/Polygeist/issues/equality_saturation_eval/campaign_20260908/llama_forward-rope_split-egglog-9o_n_nsp.json"", ""--disable-semantic-fallback""]","== match report for /tmp/llama_forward_ops_mlir/rope_split_debuf.mlir ==
  match          body#[0]  cudaRopeMulMulSub_f32_tensor
  match          body#[1]  cudaRopeMulMulAdd_f32_tensor
  match          body#[2]  cudaRopeMulMulSub_f32_tensor
  match          body#[3]  cudaRopeMulMulAdd_f32_tensor
  total: 4 matched / 4 bodies
",0,[],0,0,0,0,/tmp/llama_forward_ops_mlir/rope_split_debuf.mlir,7788,8,4,4,894.3542577326298,0,69768,186.9351528584957,8,8,0,40,"[{""body_indices"": [0], ""symbol"": ""cudaRopeMulMulSub_f32_tensor""}, {""body_indices"": [1], ""symbol"": ""cudaRopeMulMulAdd_f32_tensor""}, {""body_indices"": [2], ""symbol"": ""cudaRopeMulMulSub_f32_tensor""}, {""body_indices"": [3], ""symbol"": ""cudaRopeMulMulAdd_f32_tensor""}]",4,0,0,0.0,20
llama_forward,rope_split,/tmp/llama_forward_ops_mlir/rope_split_debuf.mlir,d312ed5e9f066e7a5994e32b54a44294bb954df4f815330dd3cd36b07aef4da7,syntactic,1,ok,0,2004.5818164944649,0,"[""/usr/bin/python3"", ""/home/arjaiswal/Polygeist/scripts/correctness/kernel_match_rewrite.py"", ""/tmp/llama_forward_ops_mlir/rope_split_debuf.mlir"", ""--dry-run"", ""--matcher-mode"", ""syntactic"", ""--telemetry-json"", ""/home/arjaiswal/Polygeist/issues/equality_saturation_eval/campaign_20260908/llama_forward-rope_split-syntactic-xd8o707h.json"", ""--disable-semantic-fallback""]","== match report for /tmp/llama_forward_ops_mlir/rope_split_debuf.mlir ==
  match          body#[0]  cudaRopeMulMulSub_f32_tensor
  match          body#[1]  cudaRopeMulMulAdd_f32_tensor
  match          body#[2]  cudaRopeMulMulSub_f32_tensor
  match          body#[3]  cudaRopeMulMulAdd_f32_tensor
  total: 4 matched / 4 bodies
",0,[],0,0,0,0,/tmp/llama_forward_ops_mlir/rope_split_debuf.mlir,7788,0,4,4,961.1384496092796,0,65996,0.2139545977115631,0,8,0,0,"[{""body_indices"": [0], ""symbol"": ""cudaRopeMulMulSub_f32_tensor""}, {""body_indices"": [1], ""symbol"": ""cudaRopeMulMulAdd_f32_tensor""}, {""body_indices"": [2], ""symbol"": ""cudaRopeMulMulSub_f32_tensor""}, {""body_indices"": [3], ""symbol"": ""cudaRopeMulMulAdd_f32_tensor""}]",4,0,20,0.0,20
llama_forward,rope_split,/tmp/llama_forward_ops_mlir/rope_split_debuf.mlir,d312ed5e9f066e7a5994e32b54a44294bb954df4f815330dd3cd36b07aef4da7,syntactic,2,ok,0,1405.0086587667465,0,"[""/usr/bin/python3"", ""/home/arjaiswal/Polygeist/scripts/correctness/kernel_match_rewrite.py"", ""/tmp/llama_forward_ops_mlir/rope_split_debuf.mlir"", ""--dry-run"", ""--matcher-mode"", ""syntactic"", ""--telemetry-json"", ""/home/arjaiswal/Polygeist/issues/equality_saturation_eval/campaign_20260908/llama_forward-rope_split-syntactic-y49wo239.json"", ""--disable-semantic-fallback""]","== match report for /tmp/llama_forward_ops_mlir/rope_split_debuf.mlir ==
  match          body#[0]  cudaRopeMulMulSub_f32_tensor
  match          body#[1]  cudaRopeMulMulAdd_f32_tensor
  match          body#[2]  cudaRopeMulMulSub_f32_tensor
  match          body#[3]  cudaRopeMulMulAdd_f32_tensor
  total: 4 matched / 4 bodies
",0,[],0,0,0,0,/tmp/llama_forward_ops_mlir/rope_split_debuf.mlir,7788,0,4,4,911.662433296442,0,65852,0.2565234899520874,0,8,0,0,"[{""body_indices"": [0], ""symbol"": ""cudaRopeMulMulSub_f32_tensor""}, {""body_indices"": [1], ""symbol"": ""cudaRopeMulMulAdd_f32_tensor""}, {""body_indices"": [2], ""symbol"": ""cudaRopeMulMulSub_f32_tensor""}, {""body_indices"": [3], ""symbol"": ""cudaRopeMulMulAdd_f32_tensor""}]",4,0,20,0.0,20
llama_forward,rope_split,/tmp/llama_forward_ops_mlir/rope_split_debuf.mlir,d312ed5e9f066e7a5994e32b54a44294bb954df4f815330dd3cd36b07aef4da7,egglog,2,ok,0,1266.6812613606453,0,"[""/usr/bin/python3"", ""/home/arjaiswal/Polygeist/scripts/correctness/kernel_match_rewrite.py"", ""/tmp/llama_forward_ops_mlir/rope_split_debuf.mlir"", ""--dry-run"", ""--matcher-mode"", ""egglog"", ""--telemetry-json"", ""/home/arjaiswal/Polygeist/issues/equality_saturation_eval/campaign_20260908/llama_forward-rope_split-egglog-bafwxffp.json"", ""--disable-semantic-fallback""]","== match report for /tmp/llama_forward_ops_mlir/rope_split_debuf.mlir ==
  match          body#[0]  cudaRopeMulMulSub_f32_tensor
  match          body#[1]  cudaRopeMulMulAdd_f32_tensor
  match          body#[2]  cudaRopeMulMulSub_f32_tensor
  match          body#[3]  cudaRopeMulMulAdd_f32_tensor
  total: 4 matched / 4 bodies
",0,[],0,0,0,0,/tmp/llama_forward_ops_mlir/rope_split_debuf.mlir,7788,8,4,4,762.7742886543274,0,69836,150.78959986567497,8,8,0,40,"[{""body_indices"": [0], ""symbol"": ""cudaRopeMulMulSub_f32_tensor""}, {""body_indices"": [1], ""symbol"": ""cudaRopeMulMulAdd_f32_tensor""}, {""body_indices"": [2], ""symbol"": ""cudaRopeMulMulSub_f32_tensor""}, {""body_indices"": [3], ""symbol"": ""cudaRopeMulMulAdd_f32_tensor""}]",4,0,0,0.0,20
llama_forward,rope_split,/tmp/llama_forward_ops_mlir/rope_split_debuf.mlir,d312ed5e9f066e7a5994e32b54a44294bb954df4f815330dd3cd36b07aef4da7,egglog,3,ok,0,1326.6104981303215,0,"[""/usr/bin/python3"", ""/home/arjaiswal/Polygeist/scripts/correctness/kernel_match_rewrite.py"", ""/tmp/llama_forward_ops_mlir/rope_split_debuf.mlir"", ""--dry-run"", ""--matcher-mode"", ""egglog"", ""--telemetry-json"", ""/home/arjaiswal/Polygeist/issues/equality_saturation_eval/campaign_20260908/llama_forward-rope_split-egglog-r2jsy19e.json"", ""--disable-semantic-fallback""]","== match report for /tmp/llama_forward_ops_mlir/rope_split_debuf.mlir ==
  match          body#[0]  cudaRopeMulMulSub_f32_tensor
  match          body#[1]  cudaRopeMulMulAdd_f32_tensor
  match          body#[2]  cudaRopeMulMulSub_f32_tensor
  match          body#[3]  cudaRopeMulMulAdd_f32_tensor
  total: 4 matched / 4 bodies
",0,[],0,0,0,0,/tmp/llama_forward_ops_mlir/rope_split_debuf.mlir,7788,8,4,4,538.5969318449497,0,70192,98.15430641174316,8,8,0,40,"[{""body_indices"": [0], ""symbol"": ""cudaRopeMulMulSub_f32_tensor""}, {""body_indices"": [1], ""symbol"": ""cudaRopeMulMulAdd_f32_tensor""}, {""body_indices"": [2], ""symbol"": ""cudaRopeMulMulSub_f32_tensor""}, {""body_indices"": [3], ""symbol"": ""cudaRopeMulMulAdd_f32_tensor""}]",4,0,0,0.0,20
llama_forward,rope_split,/tmp/llama_forward_ops_mlir/rope_split_debuf.mlir,d312ed5e9f066e7a5994e32b54a44294bb954df4f815330dd3cd36b07aef4da7,syntactic,3,ok,0,1728.3602356910706,0,"[""/usr/bin/python3"", ""/home/arjaiswal/Polygeist/scripts/correctness/kernel_match_rewrite.py"", ""/tmp/llama_forward_ops_mlir/rope_split_debuf.mlir"", ""--dry-run"", ""--matcher-mode"", ""syntactic"", ""--telemetry-json"", ""/home/arjaiswal/Polygeist/issues/equality_saturation_eval/campaign_20260908/llama_forward-rope_split-syntactic-dpk5_mie.json"", ""--disable-semantic-fallback""]","== match report for /tmp/llama_forward_ops_mlir/rope_split_debuf.mlir ==
  match          body#[0]  cudaRopeMulMulSub_f32_tensor
  match          body#[1]  cudaRopeMulMulAdd_f32_tensor
  match          body#[2]  cudaRopeMulMulSub_f32_tensor
  match          body#[3]  cudaRopeMulMulAdd_f32_tensor
  total: 4 matched / 4 bodies
",0,[],0,0,0,0,/tmp/llama_forward_ops_mlir/rope_split_debuf.mlir,7788,0,4,4,944.4436132907867,0,65636,0.3115348517894745,0,8,0,0,"[{""body_indices"": [0], ""symbol"": ""cudaRopeMulMulSub_f32_tensor""}, {""body_indices"": [1], ""symbol"": ""cudaRopeMulMulAdd_f32_tensor""}, {""body_indices"": [2], ""symbol"": ""cudaRopeMulMulSub_f32_tensor""}, {""body_indices"": [3], ""symbol"": ""cudaRopeMulMulAdd_f32_tensor""}]",4,0,20,0.0,20
llama_forward,rope_split,/tmp/llama_forward_ops_mlir/rope_split_debuf.mlir,d312ed5e9f066e7a5994e32b54a44294bb954df4f815330dd3cd36b07aef4da7,syntactic,4,ok,0,1380.2285082638264,0,"[""/usr/bin/python3"", ""/home/arjaiswal/Polygeist/scripts/correctness/kernel_match_rewrite.py"", ""/tmp/llama_forward_ops_mlir/rope_split_debuf.mlir"", ""--dry-run"", ""--matcher-mode"", ""syntactic"", ""--telemetry-json"", ""/home/arjaiswal/Polygeist/issues/equality_saturation_eval/campaign_20260908/llama_forward-rope_split-syntactic-7__ieflc.json"", ""--disable-semantic-fallback""]","== match report for /tmp/llama_forward_ops_mlir/rope_split_debuf.mlir ==
  match          body#[0]  cudaRopeMulMulSub_f32_tensor
  match          body#[1]  cudaRopeMulMulAdd_f32_tensor
  match          body#[2]  cudaRopeMulMulSub_f32_tensor
  match          body#[3]  cudaRopeMulMulAdd_f32_tensor
  total: 4 matched / 4 bodies
",0,[],0,0,0,0,/tmp/llama_forward_ops_mlir/rope_split_debuf.mlir,7788,0,4,4,647.9094885289669,0,66036,0.21766498684883118,0,8,0,0,"[{""body_indices"": [0], ""symbol"": ""cudaRopeMulMulSub_f32_tensor""}, {""body_indices"": [1], ""symbol"": ""cudaRopeMulMulAdd_f32_tensor""}, {""body_indices"": [2], ""symbol"": ""cudaRopeMulMulSub_f32_tensor""}, {""body_indices"": [3], ""symbol"": ""cudaRopeMulMulAdd_f32_tensor""}]",4,0,20,0.0,20
llama_forward,rope_split,/tmp/llama_forward_ops_mlir/rope_split_debuf.mlir,d312ed5e9f066e7a5994e32b54a44294bb954df4f815330dd3cd36b07aef4da7,egglog,4,ok,0,1031.585767865181,0,"[""/usr/bin/python3"", ""/home/arjaiswal/Polygeist/scripts/correctness/kernel_match_rewrite.py"", ""/tmp/llama_forward_ops_mlir/rope_split_debuf.mlir"", ""--dry-run"", ""--matcher-mode"", ""egglog"", ""--telemetry-json"", ""/home/arjaiswal/Polygeist/issues/equality_saturation_eval/campaign_20260908/llama_forward-rope_split-egglog-znq1tg9m.json"", ""--disable-semantic-fallback""]","== match report for /tmp/llama_forward_ops_mlir/rope_split_debuf.mlir ==
  match          body#[0]  cudaRopeMulMulSub_f32_tensor
  match          body#[1]  cudaRopeMulMulAdd_f32_tensor
  match          body#[2]  cudaRopeMulMulSub_f32_tensor
  match          body#[3]  cudaRopeMulMulAdd_f32_tensor
  total: 4 matched / 4 bodies
",0,[],0,0,0,0,/tmp/llama_forward_ops_mlir/rope_split_debuf.mlir,7788,8,4,4,506.56888261437416,0,69784,92.67368540167809,8,8,0,40,"[{""body_indices"": [0], ""symbol"": ""cudaRopeMulMulSub_f32_tensor""}, {""body_indices"": [1], ""symbol"": ""cudaRopeMulMulAdd_f32_tensor""}, {""body_indices"": [2], ""symbol"": ""cudaRopeMulMulSub_f32_tensor""}, {""body_indices"": [3], ""symbol"": ""cudaRopeMulMulAdd_f32_tensor""}]",4,0,0,0.0,20
llama_forward,rope_split,/tmp/llama_forward_ops_mlir/rope_split_debuf.mlir,d312ed5e9f066e7a5994e32b54a44294bb954df4f815330dd3cd36b07aef4da7,egglog,5,ok,0,1023.6627981066704,0,"[""/usr/bin/python3"", ""/home/arjaiswal/Polygeist/scripts/correctness/kernel_match_rewrite.py"", ""/tmp/llama_forward_ops_mlir/rope_split_debuf.mlir"", ""--dry-run"", ""--matcher-mode"", ""egglog"", ""--telemetry-json"", ""/home/arjaiswal/Polygeist/issues/equality_saturation_eval/campaign_20260908/llama_forward-rope_split-egglog-k3rhqudy.json"", ""--disable-semantic-fallback""]","== match report for /tmp/llama_forward_ops_mlir/rope_split_debuf.mlir ==
  match          body#[0]  cudaRopeMulMulSub_f32_tensor
  match          body#[1]  cudaRopeMulMulAdd_f32_tensor
  match          body#[2]  cudaRopeMulMulSub_f32_tensor
  match          body#[3]  cudaRopeMulMulAdd_f32_tensor
  total: 4 matched / 4 bodies
",0,[],0,0,0,0,/tmp/llama_forward_ops_mlir/rope_split_debuf.mlir,7788,8,4,4,540.0635302066803,0,69872,95.98773717880249,8,8,0,40,"[{""body_indices"": [0], ""symbol"": ""cudaRopeMulMulSub_f32_tensor""}, {""body_indices"": [1], ""symbol"": ""cudaRopeMulMulAdd_f32_tensor""}, {""body_indices"": [2], ""symbol"": ""cudaRopeMulMulSub_f32_tensor""}, {""body_indices"": [3], ""symbol"": ""cudaRopeMulMulAdd_f32_tensor""}]",4,0,0,0.0,20
llama_forward,rope_split,/tmp/llama_forward_ops_mlir/rope_split_debuf.mlir,d312ed5e9f066e7a5994e32b54a44294bb954df4f815330dd3cd36b07aef4da7,syntactic,5,ok,0,1239.5365983247757,0,"[""/usr/bin/python3"", ""/home/arjaiswal/Polygeist/scripts/correctness/kernel_match_rewrite.py"", ""/tmp/llama_forward_ops_mlir/rope_split_debuf.mlir"", ""--dry-run"", ""--matcher-mode"", ""syntactic"", ""--telemetry-json"", ""/home/arjaiswal/Polygeist/issues/equality_saturation_eval/campaign_20260908/llama_forward-rope_split-syntactic-fo4zcvqg.json"", ""--disable-semantic-fallback""]","== match report for /tmp/llama_forward_ops_mlir/rope_split_debuf.mlir ==
  match          body#[0]  cudaRopeMulMulSub_f32_tensor
  match          body#[1]  cudaRopeMulMulAdd_f32_tensor
  match          body#[2]  cudaRopeMulMulSub_f32_tensor
  match          body#[3]  cudaRopeMulMulAdd_f32_tensor
  total: 4 matched / 4 bodies
",0,[],0,0,0,0,/tmp/llama_forward_ops_mlir/rope_split_debuf.mlir,7788,0,4,4,429.6380542218685,0,65824,0.20511075854301453,0,8,0,0,"[{""body_indices"": [0], ""symbol"": ""cudaRopeMulMulSub_f32_tensor""}, {""body_indices"": [1], ""symbol"": ""cudaRopeMulMulAdd_f32_tensor""}, {""body_indices"": [2], ""symbol"": ""cudaRopeMulMulSub_f32_tensor""}, {""body_indices"": [3], ""symbol"": ""cudaRopeMulMulAdd_f32_tensor""}]",4,0,20,0.0,20
llama_forward,swiglu,/tmp/llama_forward_ops_mlir/swiglu_debuf.mlir,70682a4868da42f1c4f7facd4b99c41fbf4b9f17a52a6c7e45a0a55eac6d532d,syntactic,1,ok,0,1583.1036753952503,0,"[""/usr/bin/python3"", ""/home/arjaiswal/Polygeist/scripts/correctness/kernel_match_rewrite.py"", ""/tmp/llama_forward_ops_mlir/swiglu_debuf.mlir"", ""--dry-run"", ""--matcher-mode"", ""syntactic"", ""--telemetry-json"", ""/home/arjaiswal/Polygeist/issues/equality_saturation_eval/campaign_20260908/llama_forward-swiglu-syntactic-_108hwmz.json"", ""--disable-semantic-fallback""]","== match report for /tmp/llama_forward_ops_mlir/swiglu_debuf.mlir ==
  match          body#[0]  cudaSwiGLU_f32_tensor
  total: 1 matched / 1 bodies
",0,[],0,0,0,0,/tmp/llama_forward_ops_mlir/swiglu_debuf.mlir,2072,0,1,1,632.7539533376694,0,65392,0.04797801375389099,0,2,0,0,"[{""body_indices"": [0], ""symbol"": ""cudaSwiGLU_f32_tensor""}]",1,0,4,0.0,4
llama_forward,swiglu,/tmp/llama_forward_ops_mlir/swiglu_debuf.mlir,70682a4868da42f1c4f7facd4b99c41fbf4b9f17a52a6c7e45a0a55eac6d532d,egglog,1,ok,0,824.9458074569702,0,"[""/usr/bin/python3"", ""/home/arjaiswal/Polygeist/scripts/correctness/kernel_match_rewrite.py"", ""/tmp/llama_forward_ops_mlir/swiglu_debuf.mlir"", ""--dry-run"", ""--matcher-mode"", ""egglog"", ""--telemetry-json"", ""/home/arjaiswal/Polygeist/issues/equality_saturation_eval/campaign_20260908/llama_forward-swiglu-egglog-5fut2d83.json"", ""--disable-semantic-fallback""]","== match report for /tmp/llama_forward_ops_mlir/swiglu_debuf.mlir ==
  match          body#[0]  cudaSwiGLU_f32_tensor
  total: 1 matched / 1 bodies
",0,[],0,0,0,0,/tmp/llama_forward_ops_mlir/swiglu_debuf.mlir,2072,8,1,1,342.7661657333374,0,69900,23.374363780021667,2,2,0,8,"[{""body_indices"": [0], ""symbol"": ""cudaSwiGLU_f32_tensor""}]",1,0,0,0.0,4
llama_forward,swiglu,/tmp/llama_forward_ops_mlir/swiglu_debuf.mlir,70682a4868da42f1c4f7facd4b99c41fbf4b9f17a52a6c7e45a0a55eac6d532d,egglog,2,ok,0,1131.1449110507965,0,"[""/usr/bin/python3"", ""/home/arjaiswal/Polygeist/scripts/correctness/kernel_match_rewrite.py"", ""/tmp/llama_forward_ops_mlir/swiglu_debuf.mlir"", ""--dry-run"", ""--matcher-mode"", ""egglog"", ""--telemetry-json"", ""/home/arjaiswal/Polygeist/issues/equality_saturation_eval/campaign_20260908/llama_forward-swiglu-egglog-nn64yu9e.json"", ""--disable-semantic-fallback""]","== match report for /tmp/llama_forward_ops_mlir/swiglu_debuf.mlir ==
  match          body#[0]  cudaSwiGLU_f32_tensor
  total: 1 matched / 1 bodies
",0,[],0,0,0,0,/tmp/llama_forward_ops_mlir/swiglu_debuf.mlir,2072,8,1,1,496.93650007247925,0,69764,35.52225977182388,2,2,0,8,"[{""body_indices"": [0], ""symbol"": ""cudaSwiGLU_f32_tensor""}]",1,0,0,0.0,4
llama_forward,swiglu,/tmp/llama_forward_ops_mlir/swiglu_debuf.mlir,70682a4868da42f1c4f7facd4b99c41fbf4b9f17a52a6c7e45a0a55eac6d532d,syntactic,2,ok,0,2023.507822304964,0,"[""/usr/bin/python3"", ""/home/arjaiswal/Polygeist/scripts/correctness/kernel_match_rewrite.py"", ""/tmp/llama_forward_ops_mlir/swiglu_debuf.mlir"", ""--dry-run"", ""--matcher-mode"", ""syntactic"", ""--telemetry-json"", ""/home/arjaiswal/Polygeist/issues/equality_saturation_eval/campaign_20260908/llama_forward-swiglu-syntactic-h7jwp2rg.json"", ""--disable-semantic-fallback""]","== match report for /tmp/llama_forward_ops_mlir/swiglu_debuf.mlir ==
  match          body#[0]  cudaSwiGLU_f32_tensor
  total: 1 matched / 1 bodies
",0,[],0,0,0,0,/tmp/llama_forward_ops_mlir/swiglu_debuf.mlir,2072,0,1,1,699.767354875803,0,65792,0.05601346492767334,0,2,0,0,"[{""body_indices"": [0], ""symbol"": ""cudaSwiGLU_f32_tensor""}]",1,0,4,0.0,4
llama_forward,swiglu,/tmp/llama_forward_ops_mlir/swiglu_debuf.mlir,70682a4868da42f1c4f7facd4b99c41fbf4b9f17a52a6c7e45a0a55eac6d532d,syntactic,3,ok,0,817.0159608125687,0,"[""/usr/bin/python3"", ""/home/arjaiswal/Polygeist/scripts/correctness/kernel_match_rewrite.py"", ""/tmp/llama_forward_ops_mlir/swiglu_debuf.mlir"", ""--dry-run"", ""--matcher-mode"", ""syntactic"", ""--telemetry-json"", ""/home/arjaiswal/Polygeist/issues/equality_saturation_eval/campaign_20260908/llama_forward-swiglu-syntactic-uq38ks68.json"", ""--disable-semantic-fallback""]","== match report for /tmp/llama_forward_ops_mlir/swiglu_debuf.mlir ==
  match          body#[0]  cudaSwiGLU_f32_tensor
  total: 1 matched / 1 bodies
",0,[],0,0,0,0,/tmp/llama_forward_ops_mlir/swiglu_debuf.mlir,2072,0,1,1,313.37346509099007,0,65588,0.05691125988960266,0,2,0,0,"[{""body_indices"": [0], ""symbol"": ""cudaSwiGLU_f32_tensor""}]",1,0,4,0.0,4
llama_forward,swiglu,/tmp/llama_forward_ops_mlir/swiglu_debuf.mlir,70682a4868da42f1c4f7facd4b99c41fbf4b9f17a52a6c7e45a0a55eac6d532d,egglog,3,ok,0,1412.0472371578217,0,"[""/usr/bin/python3"", ""/home/arjaiswal/Polygeist/scripts/correctness/kernel_match_rewrite.py"", ""/tmp/llama_forward_ops_mlir/swiglu_debuf.mlir"", ""--dry-run"", ""--matcher-mode"", ""egglog"", ""--telemetry-json"", ""/home/arjaiswal/Polygeist/issues/equality_saturation_eval/campaign_20260908/llama_forward-swiglu-egglog-g8obedc5.json"", ""--disable-semantic-fallback""]","== match report for /tmp/llama_forward_ops_mlir/swiglu_debuf.mlir ==
  match          body#[0]  cudaSwiGLU_f32_tensor
  total: 1 matched / 1 bodies
",0,[],0,0,0,0,/tmp/llama_forward_ops_mlir/swiglu_debuf.mlir,2072,8,1,1,377.1287798881531,0,69704,32.22156688570976,2,2,0,8,"[{""body_indices"": [0], ""symbol"": ""cudaSwiGLU_f32_tensor""}]",1,0,0,0.0,4
llama_forward,swiglu,/tmp/llama_forward_ops_mlir/swiglu_debuf.mlir,70682a4868da42f1c4f7facd4b99c41fbf4b9f17a52a6c7e45a0a55eac6d532d,egglog,4,ok,0,785.7966497540474,0,"[""/usr/bin/python3"", ""/home/arjaiswal/Polygeist/scripts/correctness/kernel_match_rewrite.py"", ""/tmp/llama_forward_ops_mlir/swiglu_debuf.mlir"", ""--dry-run"", ""--matcher-mode"", ""egglog"", ""--telemetry-json"", ""/home/arjaiswal/Polygeist/issues/equality_saturation_eval/campaign_20260908/llama_forward-swiglu-egglog-aruxi2lh.json"", ""--disable-semantic-fallback""]","== match report for /tmp/llama_forward_ops_mlir/swiglu_debuf.mlir ==
  match          body#[0]  cudaSwiGLU_f32_tensor
  total: 1 matched / 1 bodies
",0,[],0,0,0,0,/tmp/llama_forward_ops_mlir/swiglu_debuf.mlir,2072,8,1,1,334.3822471797466,0,69904,23.231271654367447,2,2,0,8,"[{""body_indices"": [0], ""symbol"": ""cudaSwiGLU_f32_tensor""}]",1,0,0,0.0,4
llama_forward,swiglu,/tmp/llama_forward_ops_mlir/swiglu_debuf.mlir,70682a4868da42f1c4f7facd4b99c41fbf4b9f17a52a6c7e45a0a55eac6d532d,syntactic,4,ok,0,899.5828554034233,0,"[""/usr/bin/python3"", ""/home/arjaiswal/Polygeist/scripts/correctness/kernel_match_rewrite.py"", ""/tmp/llama_forward_ops_mlir/swiglu_debuf.mlir"", ""--dry-run"", ""--matcher-mode"", ""syntactic"", ""--telemetry-json"", ""/home/arjaiswal/Polygeist/issues/equality_saturation_eval/campaign_20260908/llama_forward-swiglu-syntactic-_ehde5t1.json"", ""--disable-semantic-fallback""]","== match report for /tmp/llama_forward_ops_mlir/swiglu_debuf.mlir ==
  match          body#[0]  cudaSwiGLU_f32_tensor
  total: 1 matched / 1 bodies
",0,[],0,0,0,0,/tmp/llama_forward_ops_mlir/swiglu_debuf.mlir,2072,0,1,1,359.27675291895866,0,65572,0.043589621782302856,0,2,0,0,"[{""body_indices"": [0], ""symbol"": ""cudaSwiGLU_f32_tensor""}]",1,0,4,0.0,4
llama_forward,swiglu,/tmp/llama_forward_ops_mlir/swiglu_debuf.mlir,70682a4868da42f1c4f7facd4b99c41fbf4b9f17a52a6c7e45a0a55eac6d532d,syntactic,5,ok,0,1368.2108372449875,0,"[""/usr/bin/python3"", ""/home/arjaiswal/Polygeist/scripts/correctness/kernel_match_rewrite.py"", ""/tmp/llama_forward_ops_mlir/swiglu_debuf.mlir"", ""--dry-run"", ""--matcher-mode"", ""syntactic"", ""--telemetry-json"", ""/home/arjaiswal/Polygeist/issues/equality_saturation_eval/campaign_20260908/llama_forward-swiglu-syntactic-hrayxla5.json"", ""--disable-semantic-fallback""]","== match report for /tmp/llama_forward_ops_mlir/swiglu_debuf.mlir ==
  match          body#[0]  cudaSwiGLU_f32_tensor
  total: 1 matched / 1 bodies
",0,[],0,0,0,0,/tmp/llama_forward_ops_mlir/swiglu_debuf.mlir,2072,0,1,1,479.78226467967033,0,65704,0.061880797147750854,0,2,0,0,"[{""body_indices"": [0], ""symbol"": ""cudaSwiGLU_f32_tensor""}]",1,0,4,0.0,4
llama_forward,swiglu,/tmp/llama_forward_ops_mlir/swiglu_debuf.mlir,70682a4868da42f1c4f7facd4b99c41fbf4b9f17a52a6c7e45a0a55eac6d532d,egglog,5,ok,0,1207.7070213854313,0,"[""/usr/bin/python3"", ""/home/arjaiswal/Polygeist/scripts/correctness/kernel_match_rewrite.py"", ""/tmp/llama_forward_ops_mlir/swiglu_debuf.mlir"", ""--dry-run"", ""--matcher-mode"", ""egglog"", ""--telemetry-json"", ""/home/arjaiswal/Polygeist/issues/equality_saturation_eval/campaign_20260908/llama_forward-swiglu-egglog-h1zpbf7g.json"", ""--disable-semantic-fallback""]","== match report for /tmp/llama_forward_ops_mlir/swiglu_debuf.mlir ==
  match          body#[0]  cudaSwiGLU_f32_tensor
  total: 1 matched / 1 bodies
",0,[],0,0,0,0,/tmp/llama_forward_ops_mlir/swiglu_debuf.mlir,2072,8,1,1,354.88979145884514,0,69928,23.951314389705658,2,2,0,8,"[{""body_indices"": [0], ""symbol"": ""cudaSwiGLU_f32_tensor""}]",1,0,0,0.0,4
llama_forward,token_embedding,/tmp/llama_forward_ops_mlir/token_embedding_debuf.mlir,71bd0029f76a95bcf5cc3dfb16c5cdd72364ef1387216ea5a141d01343373fa2,egglog,1,ok,0,1702.440146356821,0,"[""/usr/bin/python3"", ""/home/arjaiswal/Polygeist/scripts/correctness/kernel_match_rewrite.py"", ""/tmp/llama_forward_ops_mlir/token_embedding_debuf.mlir"", ""--dry-run"", ""--matcher-mode"", ""egglog"", ""--telemetry-json"", ""/home/arjaiswal/Polygeist/issues/equality_saturation_eval/campaign_20260908/llama_forward-token_embedding-egglog-a07d1tnn.json"", ""--disable-semantic-fallback""]","== match report for /tmp/llama_forward_ops_mlir/token_embedding_debuf.mlir ==
  match          body#[0]  cudaCopy1D_f32_tensor
  total: 1 matched / 1 bodies
",0,[],0,0,0,0,/tmp/llama_forward_ops_mlir/token_embedding_debuf.mlir,2201,8,1,1,854.7921851277351,0,69804,63.918162137269974,2,2,0,0,"[{""body_indices"": [0], ""symbol"": ""cudaCopy1D_f32_tensor""}]",1,0,0,0.0,52
llama_forward,token_embedding,/tmp/llama_forward_ops_mlir/token_embedding_debuf.mlir,71bd0029f76a95bcf5cc3dfb16c5cdd72364ef1387216ea5a141d01343373fa2,syntactic,1,ok,0,1022.9717530310154,0,"[""/usr/bin/python3"", ""/home/arjaiswal/Polygeist/scripts/correctness/kernel_match_rewrite.py"", ""/tmp/llama_forward_ops_mlir/token_embedding_debuf.mlir"", ""--dry-run"", ""--matcher-mode"", ""syntactic"", ""--telemetry-json"", ""/home/arjaiswal/Polygeist/issues/equality_saturation_eval/campaign_20260908/llama_forward-token_embedding-syntactic-zdybym90.json"", ""--disable-semantic-fallback""]","== match report for /tmp/llama_forward_ops_mlir/token_embedding_debuf.mlir ==
  match          body#[0]  cudaCopy1D_f32_tensor
  total: 1 matched / 1 bodies
",0,[],0,0,0,0,/tmp/llama_forward_ops_mlir/token_embedding_debuf.mlir,2201,0,1,1,430.97349628806114,0,65736,0.1437366008758545,0,2,0,0,"[{""body_indices"": [0], ""symbol"": ""cudaCopy1D_f32_tensor""}]",1,0,52,0.0,52
llama_forward,token_embedding,/tmp/llama_forward_ops_mlir/token_embedding_debuf.mlir,71bd0029f76a95bcf5cc3dfb16c5cdd72364ef1387216ea5a141d01343373fa2,syntactic,2,ok,0,1936.4799670875072,0,"[""/usr/bin/python3"", ""/home/arjaiswal/Polygeist/scripts/correctness/kernel_match_rewrite.py"", ""/tmp/llama_forward_ops_mlir/token_embedding_debuf.mlir"", ""--dry-run"", ""--matcher-mode"", ""syntactic"", ""--telemetry-json"", ""/home/arjaiswal/Polygeist/issues/equality_saturation_eval/campaign_20260908/llama_forward-token_embedding-syntactic-k9528dp8.json"", ""--disable-semantic-fallback""]","== match report for /tmp/llama_forward_ops_mlir/token_embedding_debuf.mlir ==
  match          body#[0]  cudaCopy1D_f32_tensor
  total: 1 matched / 1 bodies
",0,[],0,0,0,0,/tmp/llama_forward_ops_mlir/token_embedding_debuf.mlir,2201,0,1,1,953.1461000442505,0,65976,0.16698241233825684,0,2,0,0,"[{""body_indices"": [0], ""symbol"": ""cudaCopy1D_f32_tensor""}]",1,0,52,0.0,52
llama_forward,token_embedding,/tmp/llama_forward_ops_mlir/token_embedding_debuf.mlir,71bd0029f76a95bcf5cc3dfb16c5cdd72364ef1387216ea5a141d01343373fa2,egglog,2,ok,0,2279.723398387432,0,"[""/usr/bin/python3"", ""/home/arjaiswal/Polygeist/scripts/correctness/kernel_match_rewrite.py"", ""/tmp/llama_forward_ops_mlir/token_embedding_debuf.mlir"", ""--dry-run"", ""--matcher-mode"", ""egglog"", ""--telemetry-json"", ""/home/arjaiswal/Polygeist/issues/equality_saturation_eval/campaign_20260908/llama_forward-token_embedding-egglog-w0cavo7l.json"", ""--disable-semantic-fallback""]","== match report for /tmp/llama_forward_ops_mlir/token_embedding_debuf.mlir ==
  match          body#[0]  cudaCopy1D_f32_tensor
  total: 1 matched / 1 bodies
",0,[],0,0,0,0,/tmp/llama_forward_ops_mlir/token_embedding_debuf.mlir,2201,8,1,1,1188.4522512555122,0,69896,57.815294712781906,2,2,0,0,"[{""body_indices"": [0], ""symbol"": ""cudaCopy1D_f32_tensor""}]",1,0,0,0.0,52
llama_forward,token_embedding,/tmp/llama_forward_ops_mlir/token_embedding_debuf.mlir,71bd0029f76a95bcf5cc3dfb16c5cdd72364ef1387216ea5a141d01343373fa2,egglog,3,ok,0,1467.5022102892399,0,"[""/usr/bin/python3"", ""/home/arjaiswal/Polygeist/scripts/correctness/kernel_match_rewrite.py"", ""/tmp/llama_forward_ops_mlir/token_embedding_debuf.mlir"", ""--dry-run"", ""--matcher-mode"", ""egglog"", ""--telemetry-json"", ""/home/arjaiswal/Polygeist/issues/equality_saturation_eval/campaign_20260908/llama_forward-token_embedding-egglog-508x025y.json"", ""--disable-semantic-fallback""]","== match report for /tmp/llama_forward_ops_mlir/token_embedding_debuf.mlir ==
  match          body#[0]  cudaCopy1D_f32_tensor
  total: 1 matched / 1 bodies
",0,[],0,0,0,0,/tmp/llama_forward_ops_mlir/token_embedding_debuf.mlir,2201,8,1,1,712.7270400524139,0,69564,24.511799216270447,2,2,0,0,"[{""body_indices"": [0], ""symbol"": ""cudaCopy1D_f32_tensor""}]",1,0,0,0.0,52
llama_forward,token_embedding,/tmp/llama_forward_ops_mlir/token_embedding_debuf.mlir,71bd0029f76a95bcf5cc3dfb16c5cdd72364ef1387216ea5a141d01343373fa2,syntactic,3,ok,0,1076.8752731382847,0,"[""/usr/bin/python3"", ""/home/arjaiswal/Polygeist/scripts/correctness/kernel_match_rewrite.py"", ""/tmp/llama_forward_ops_mlir/token_embedding_debuf.mlir"", ""--dry-run"", ""--matcher-mode"", ""syntactic"", ""--telemetry-json"", ""/home/arjaiswal/Polygeist/issues/equality_saturation_eval/campaign_20260908/llama_forward-token_embedding-syntactic-mf1bqinp.json"", ""--disable-semantic-fallback""]","== match report for /tmp/llama_forward_ops_mlir/token_embedding_debuf.mlir ==
  match          body#[0]  cudaCopy1D_f32_tensor
  total: 1 matched / 1 bodies
",0,[],0,0,0,0,/tmp/llama_forward_ops_mlir/token_embedding_debuf.mlir,2201,0,1,1,509.1793201863766,0,66000,0.14180690050125122,0,2,0,0,"[{""body_indices"": [0], ""symbol"": ""cudaCopy1D_f32_tensor""}]",1,0,52,0.0,52
llama_forward,token_embedding,/tmp/llama_forward_ops_mlir/token_embedding_debuf.mlir,71bd0029f76a95bcf5cc3dfb16c5cdd72364ef1387216ea5a141d01343373fa2,syntactic,4,ok,0,1398.9413306117058,0,"[""/usr/bin/python3"", ""/home/arjaiswal/Polygeist/scripts/correctness/kernel_match_rewrite.py"", ""/tmp/llama_forward_ops_mlir/token_embedding_debuf.mlir"", ""--dry-run"", ""--matcher-mode"", ""syntactic"", ""--telemetry-json"", ""/home/arjaiswal/Polygeist/issues/equality_saturation_eval/campaign_20260908/llama_forward-token_embedding-syntactic-iaa9mhjs.json"", ""--disable-semantic-fallback""]","== match report for /tmp/llama_forward_ops_mlir/token_embedding_debuf.mlir ==
  match          body#[0]  cudaCopy1D_f32_tensor
  total: 1 matched / 1 bodies
",0,[],0,0,0,0,/tmp/llama_forward_ops_mlir/token_embedding_debuf.mlir,2201,0,1,1,698.0057433247566,0,65832,0.15815719962120056,0,2,0,0,"[{""body_indices"": [0], ""symbol"": ""cudaCopy1D_f32_tensor""}]",1,0,52,0.0,52
llama_forward,token_embedding,/tmp/llama_forward_ops_mlir/token_embedding_debuf.mlir,71bd0029f76a95bcf5cc3dfb16c5cdd72364ef1387216ea5a141d01343373fa2,egglog,4,ok,0,1922.6377569139004,0,"[""/usr/bin/python3"", ""/home/arjaiswal/Polygeist/scripts/correctness/kernel_match_rewrite.py"", ""/tmp/llama_forward_ops_mlir/token_embedding_debuf.mlir"", ""--dry-run"", ""--matcher-mode"", ""egglog"", ""--telemetry-json"", ""/home/arjaiswal/Polygeist/issues/equality_saturation_eval/campaign_20260908/llama_forward-token_embedding-egglog-40vev6_k.json"", ""--disable-semantic-fallback""]","== match report for /tmp/llama_forward_ops_mlir/token_embedding_debuf.mlir ==
  match          body#[0]  cudaCopy1D_f32_tensor
  total: 1 matched / 1 bodies
",0,[],0,0,0,0,/tmp/llama_forward_ops_mlir/token_embedding_debuf.mlir,2201,8,1,1,931.9382235407829,0,69608,66.17308780550957,2,2,0,0,"[{""body_indices"": [0], ""symbol"": ""cudaCopy1D_f32_tensor""}]",1,0,0,0.0,52
llama_forward,token_embedding,/tmp/llama_forward_ops_mlir/token_embedding_debuf.mlir,71bd0029f76a95bcf5cc3dfb16c5cdd72364ef1387216ea5a141d01343373fa2,egglog,5,ok,0,1667.7681356668472,0,"[""/usr/bin/python3"", ""/home/arjaiswal/Polygeist/scripts/correctness/kernel_match_rewrite.py"", ""/tmp/llama_forward_ops_mlir/token_embedding_debuf.mlir"", ""--dry-run"", ""--matcher-mode"", ""egglog"", ""--telemetry-json"", ""/home/arjaiswal/Polygeist/issues/equality_saturation_eval/campaign_20260908/llama_forward-token_embedding-egglog-yvixj_la.json"", ""--disable-semantic-fallback""]","== match report for /tmp/llama_forward_ops_mlir/token_embedding_debuf.mlir ==
  match          body#[0]  cudaCopy1D_f32_tensor
  total: 1 matched / 1 bodies
",0,[],0,0,0,0,/tmp/llama_forward_ops_mlir/token_embedding_debuf.mlir,2201,8,1,1,505.9766434133053,0,69720,48.160456120967865,2,2,0,0,"[{""body_indices"": [0], ""symbol"": ""cudaCopy1D_f32_tensor""}]",1,0,0,0.0,52
llama_forward,token_embedding,/tmp/llama_forward_ops_mlir/token_embedding_debuf.mlir,71bd0029f76a95bcf5cc3dfb16c5cdd72364ef1387216ea5a141d01343373fa2,syntactic,5,ok,0,1028.2782353460789,0,"[""/usr/bin/python3"", ""/home/arjaiswal/Polygeist/scripts/correctness/kernel_match_rewrite.py"", ""/tmp/llama_forward_ops_mlir/token_embedding_debuf.mlir"", ""--dry-run"", ""--matcher-mode"", ""syntactic"", ""--telemetry-json"", ""/home/arjaiswal/Polygeist/issues/equality_saturation_eval/campaign_20260908/llama_forward-token_embedding-syntactic-nnxymwl8.json"", ""--disable-semantic-fallback""]","== match report for /tmp/llama_forward_ops_mlir/token_embedding_debuf.mlir ==
  match          body#[0]  cudaCopy1D_f32_tensor
  total: 1 matched / 1 bodies
",0,[],0,0,0,0,/tmp/llama_forward_ops_mlir/token_embedding_debuf.mlir,2201,0,1,1,556.8477287888527,0,65992,0.1262463629245758,0,2,0,0,"[{""body_indices"": [0], ""symbol"": ""cudaCopy1D_f32_tensor""}]",1,0,52,0.0,52
